# This file was generated by Animated Java via MC-Build. It is not recommended to edit this file directly.
$data merge entity $(bone_right_thumb_2) { transformation: [-0.9754826602281502f,0.17594940158520275f,-0.13219450698126664f,-2.223047944291046f,0.20100359945044938f,0.46770342290639805f,-0.8607270538385572f,-1.4789431724020456f,-0.08961658664652655f,-0.8661958879395861f,-0.49160304221432305f,1.1264096953960965f,0f,0f,0f,1f], start_interpolation: 0, interpolation_duration: 1 }
$data merge entity $(bone_right_thumb) { transformation: [-0.9754826602281502f,0.17594940158520275f,-0.13219450698126664f,-2.376462790714832f,0.20100359945044938f,0.46770342290639805f,-0.8607270538385572f,-1.2553406004700218f,-0.08961658664652655f,-0.8661958879395861f,-0.49160304221432305f,0.8620369763059763f,0f,0f,0f,1f], start_interpolation: 0, interpolation_duration: 1 }
$data merge entity $(bone_right_fingers_2) { transformation: [0.983738346004202f,-0.16780118409097522f,-0.06404396317049083f,-2.255677826049949f,-0.16880074227052483f,-0.7419526049809564f,-0.6488548692665352f,-2.005664145502129f,0.06136103005846945f,0.6491140844101592f,-0.7582121928659049f,1.206839744384253f,0f,0f,0f,1f], start_interpolation: 0, interpolation_duration: 1 }
$data merge entity $(bone_right_fingers) { transformation: [-0.29476924214421785f,-0.9534198784728268f,-0.06404396317049083f,-2.690145913432626f,-0.713572179458792f,0.2642008768561088f,-0.6488548692665352f,-1.9281294373414994f,0.635551601829586f,-0.1455624676945364f,-0.7582121928659049f,1.1660514069886236f,0f,0f,0f,1f], start_interpolation: 0, interpolation_duration: 1 }
$data merge entity $(bone_right_hand) { transformation: [-0.9901214299266028f,0.12473141056492588f,-0.06404396317049083f,-2.5575121570488464f,0.13627656328368043f,0.7486094154689056f,-0.6488548692665352f,-1.3340812539221392f,-0.03298866926216225f,-0.6511728021729619f,-0.7582121928659049f,0.6578297951162486f,0f,0f,0f,1f], start_interpolation: 0, interpolation_duration: 1 }
$data merge entity $(bone_right_forearm) { transformation: [-1.8201867592467695f,-0.010163949165354624f,-0.11681360037946378f,-2.494358422027898f,0.06821164147926993f,1.3861958207550478f,-1.183485056991194f,0.6538737518272106f,0.09537240199844246f,-1.1854055855664383f,-1.382948395377949f,-1.1465350168922097f,0f,0f,0f,1f], start_interpolation: 0, interpolation_duration: 1 }
$data merge entity $(bone_right_bicep) { transformation: [-1.5783115230558002f,0.13808436577971753f,1.898559318910354e-16f,-2.274164375f,0.13511679261753415f,1.5443920065997732f,0.3266976250097067f,3.0592184475607853f,0.028473574161616708f,0.32545444191383505f,-1.5502913331682284f,-0.6187642948603318f,0f,0f,0f,1f], start_interpolation: 0, interpolation_duration: 1 }
$data merge entity $(bone_right_shoulder) { transformation: [-1.0131204166666665f,-2.5584055895496837e-17f,1.2140504578477368e-16f,-1.827643125f,0f,0.9913474306983906f,0.20890967022744394f,3.2717207781996254f,-1.240714675421666e-16f,0.20890967022744394f,-0.9913474306983906f,-0.5529305917824119f,0f,0f,0f,1f], start_interpolation: 0, interpolation_duration: 1 }
$data merge entity $(bone_right_arm) { transformation: [-1.3293824999999997f,-2.1249977662598144e-17f,1.6140960522599745e-16f,-1.74976375f,0f,1.3180094484252691f,0.17351923572897268f,3.4279917141596092f,-1.628024023467506e-16f,0.17351923572897268f,-1.3180094484252691f,-0.526496368108889f,0f,0f,0f,1f], start_interpolation: 0, interpolation_duration: 1 }
$data merge entity $(bone_left_thumb_2) { transformation: [-0.9630324587018942f,-0.15566302961809986f,0.21985791934042107f,2.237457641871312f,-0.2682542802873767f,0.47943504082243293f,-0.8355726675395105f,-1.580226569144818f,0.024660182361167588f,-0.8636614283628199f,-0.5034687801286267f,0.9751401876869447f,0f,0f,0f,1f], start_interpolation: 0, interpolation_duration: 1 }
$data merge entity $(bone_left_thumb) { transformation: [-0.9630324587018942f,-0.15566302961809986f,0.21985791934042107f,2.3906736219986136f,-0.2682542802873767f,0.47943504082243293f,-0.8355726675395105f,-1.3394089269570697f,0.024660182361167588f,-0.8636614283628199f,-0.5034687801286267f,0.726224767269251f,0f,0f,0f,1f], start_interpolation: 0, interpolation_duration: 1 }
$data merge entity $(bone_left_fingers_2) { transformation: [0.9717763048837803f,0.17925355993994696f,0.15335897272504678f,2.3012270989699655f,0.23588182119988324f,-0.7473045423844852f,-0.6212050284398388f,-2.1056684870402425f,0.003252644132408722f,0.6398469208962173f,-0.7684955029964569f,1.0445154911245251f,0f,0f,0f,1f], start_interpolation: 0, interpolation_duration: 1 }
$data merge entity $(bone_left_fingers) { transformation: [-0.3045622816515741f,0.9400653392610034f,0.15335897272504678f,2.7310230089785543f,0.7101224924932532f,0.3314066358663149f,-0.6212050284398388f,-1.9981244515006256f,-0.6347974970416599f,-0.08029196487735321f,-0.7684955029964569f,1.0323666413535433f,0f,0f,0f,1f], start_interpolation: 0, interpolation_duration: 1 }
$data merge entity $(bone_left_hand) { transformation: [-0.9786703196371662f,-0.1366946631950399f,0.15335897272504678f,2.588528220242874f,-0.20306034765908865f,0.756882294580623f,-0.6212050284398388f,-1.4000046329702616f,-0.031159279033011633f,-0.6390960500616205f,-0.7684955029964569f,0.5316450798097581f,0f,0f,0f,1f], start_interpolation: 0, interpolation_duration: 1 }
$data merge entity $(bone_left_forearm) { transformation: [-1.8023272279982925f,-0.014196080153640364f,0.27972056799200434f,2.4969753669967343f,-0.18701089411387725f,1.4170556420265632f,-1.1330528648376998f,0.6299895423006765f,-0.20849952117984896f,-1.1482945355362717f,-1.4017047374389577f,-1.2240392874310815f,0f,0f,0f,1f], start_interpolation: 0, interpolation_duration: 1 }
$data merge entity $(bone_left_bicep) { transformation: [-1.5648088491807455f,-0.13808436577971758f,0.20601099324150396f,2.274164375f,-0.08484437704486134f,1.5347026500365042f,0.3842183800110392f,3.0196227303265393f,-0.23304345752028147f,0.36844950777772945f,-1.5231776859607837f,-0.6301378248928922f,0f,0f,0f,1f], start_interpolation: 0, interpolation_duration: 1 }
$data merge entity $(bone_left_shoulder) { transformation: [-1.0131204166666667f,-2.8963908884517244e-17f,1.2064336301759948e-16f,1.827643125f,0f,0.9851278189074276f,0.23650826429859648f,3.230204024629597f,-1.2407146754216663e-16f,0.23650826429859648f,-0.9851278189074276f,-0.5583963760816261f,0f,0f,0f,1f], start_interpolation: 0, interpolation_duration: 1 }
$data merge entity $(bone_left_arm) { transformation: [-1.3293824999999997f,-2.1249977662598144e-17f,1.6140960522599745e-16f,1.749763125f,0f,1.3180094484252691f,0.17351923572897268f,3.386474960589581f,-1.628024023467506e-16f,0.17351923572897268f,-1.3180094484252691f,-0.5319621524081032f,0f,0f,0f,1f], start_interpolation: 0, interpolation_duration: 1 }
$data merge entity $(bone_chest) { transformation: [-2.632522916666667f,-4.2080479602706066e-17f,3.1963297600770146e-16f,2.6597874209406523e-17f,0f,2.6100013181779627f,0.3436131922445242f,4.1611625f,-3.2239107635778877e-16f,0.3436131922445242f,-2.6100013181779627f,-0.335938125f,0f,0f,0f,1f], start_interpolation: 0, interpolation_duration: 1 }
$data merge entity $(bone_weist) { transformation: [-1.9493945833333333f,0f,2.387319836754355e-16f,2.5797644066588673e-17f,0f,1.9493945833333333f,0f,0.21336874999999988f,-2.387319836754355e-16f,0f,-1.9493945833333333f,-0.32940375f,0f,0f,0f,1f], start_interpolation: 0, interpolation_duration: 1 }
$data merge entity $(bone_right_cheek) { transformation: [-0.9998691275193524f,-0.002269597190492803f,0.01601801368092141f,-0.8538271345430437f,-0.0023717735004177547f,0.9999769449369443f,-0.006362726226857407f,-1.5117502288759f,-0.016003203559037622f,-0.006399884621470231f,-0.999851458444043f,-0.9170652167881318f,0f,0f,0f,1f], start_interpolation: 0, interpolation_duration: 1 }
$data merge entity $(bone_right_foot) { transformation: [-1.176860216056407f,-0.0046493452572883166f,0.02386022482937738f,-1.0147186951885638f,-0.0024834139449613946f,1.172330915476889f,0.10594787467835273f,-8.538723293887092f,-0.02418179884557552f,0.10587494076673908f,-1.172090709970348f,-0.132643333593237f,0f,0f,0f,1f], start_interpolation: 0, interpolation_duration: 1 }
$data merge entity $(bone_right_knee) { transformation: [-2.904019715425568f,-0.014030002268139158f,0.05832100813588287f,-1.095190324753258f,-0.006128071082135221f,2.8786861511730213f,0.38737214448575924f,-4.953200724500641f,-0.05967099545375463f,0.38716648953007243f,-2.8781018345813516f,0.24804088774807465f,0f,0f,0f,1f], start_interpolation: 0, interpolation_duration: 1 }
$data merge entity $(bone_right_leg) { transformation: [-2.4735307814348606f,0.10795774100325793f,-0.0018227426544712379f,-0.8928749999999999f,0.1020500425234812f,2.323853957101511f,-0.8481163232857066f,-1.6905793750000004f,-0.035270172302763504f,-0.8473845851561044f,-2.3260928835118797f,-0.8972256250000001f,0f,0f,0f,1f], start_interpolation: 0, interpolation_duration: 1 }
$data merge entity $(bone_left_cheek) { transformation: [-0.9994418135194105f,-0.008117367581284073f,-0.03240632241681136f,0.8786272676829879f,-0.008104813901863234f,0.9999670209141212f,-0.0005187251237514512f,-1.5581266916557122f,0.03240946436842449f,-0.00025578836596823473f,-0.9994746425956307f,-1.0904535102775124f,0f,0f,0f,1f], start_interpolation: 0, interpolation_duration: 1 }
$data merge entity $(bone_left_foot) { transformation: [-1.1766496074971273f,0.014965092163838418f,-0.02937076897097972f,0.9752768905727058f,-0.014652702691728576f,0.7020475007930999f,0.944725092188491f,-7.233145770205266f,0.029527857308762742f,0.9447201953611729f,-0.7015858842622643f,-3.1174315125876717f,0f,0f,0f,1f], start_interpolation: 0, interpolation_duration: 1 }
$data merge entity $(bone_left_knee) { transformation: [-2.9035000178437813f,0.03516032661890071f,-0.0733490718907842f,1.0814458974921726f,-0.03615700226798181f,1.7883675532470364f,2.2885285347170625f,-4.934715925130034f,0.07286292680218359f,2.288544064347306f,-1.7872285102841658f,-0.34014565663100804f,0f,0f,0f,1f], start_interpolation: 0, interpolation_duration: 1 }
$data merge entity $(bone_left_leg) { transformation: [-2.473732168018444f,-0.0977488659163873f,0.0332722566396062f,0.8928750000000001f,-0.10193809914896526f,2.438966615792429f,-0.4135978649980975f,-1.5184150231481484f,-0.0164471210771797f,-0.41460792226047605f,-2.440869207054361f,-0.8792134722222222f,0f,0f,0f,1f], start_interpolation: 0, interpolation_duration: 1 }
data modify entity @s data merge value {"locators":{"consume":{"posx":2.5125567175989305,"posy":-1.9945939769683578,"posz":1.1947244039692624,"roty":11.28554722881276,"rotx":-38.404185530673125}},"cameras":{}}