# This file was generated by Animated Java via MC-Build. It is not recommended to edit this file directly.
$data merge entity $(bone_right_thumb_2) { transformation: [-0.9754826602281502f,0.17594940158520275f,-0.13219450698126664f,-2.223047944291046f,0.1980894912952917f,0.4402647691499171f,-0.8757439617169753f,-1.4472871533489708f,-0.09588604190696198f,-0.8804593920943652f,-0.4643243756688176f,1.2748030031524773f,0f,0f,0f,1f], start_interpolation: 0, interpolation_duration: 1 }
$data merge entity $(bone_right_thumb) { transformation: [-0.9754826602281502f,0.17594940158520275f,-0.13219450698126664f,-2.376462790714832f,0.1980894912952917f,0.4402647691499171f,-0.8757439617169753f,-1.2320990635744322f,-0.09588604190696198f,-0.8804593920943652f,-0.4643243756688176f,1.0035372095239687f,0f,0f,0f,1f], start_interpolation: 0, interpolation_duration: 1 }
$data merge entity $(bone_right_fingers_2) { transformation: [0.983738346004202f,-0.16780118409097522f,-0.06404396317049083f,-2.255677826049949f,-0.16679005276204228f,-0.7211973300392827f,-0.6723507190773615f,-1.971221852553317f,0.06663291154190774f,0.6720990803161958f,-0.7374570369435578f,1.3717380703541207f,0f,0f,0f,1f], start_interpolation: 0, interpolation_duration: 1 }
$data merge entity $(bone_right_fingers) { transformation: [-0.29476924214421785f,-0.9534198784728268f,-0.06404396317049083f,-2.690145913432626f,-0.693256916416748f,0.25949828206848863f,-0.6723507190773615f,-1.895006595729857f,0.6576518392934556f,-0.15378939149487147f,-0.7374570369435578f,1.328534435502552f,0f,0f,0f,1f], start_interpolation: 0, interpolation_duration: 1 }
$data merge entity $(bone_right_hand) { transformation: [-0.9901214299266028f,0.12473141056492588f,-0.06404396317049083f,-2.5575121570488464f,0.13517311988363256f,0.7277861899054421f,-0.6723507190773615f,-1.3172151658376823f,-0.03725294164256552f,-0.6743658776965245f,-0.7374570369435578f,0.8019040959462811f,0f,0f,0f,1f], start_interpolation: 0, interpolation_duration: 1 }
$data merge entity $(bone_right_forearm) { transformation: [-1.8201867592467695f,-0.010163949165354624f,-0.11681360037946378f,-2.494358422027898f,0.0711737026937211f,1.348277327538135f,-1.2263405374222114f,0.6130824357216391f,0.09318276203845206f,-1.2283621224286818f,-1.3450918298298062f,-1.0640135466930052f,0f,0f,0f,1f], start_interpolation: 0, interpolation_duration: 1 }
$data merge entity $(bone_right_bicep) { transformation: [-1.5783115230558002f,0.13808436577971753f,1.9101895999891387e-16f,-2.274164375f,0.13594449721488525f,1.5538527134387319f,0.27784059188604804f,3.0338179180464953f,0.024215403151277296f,0.2767833245515535f,-1.5597881783703573f,-0.6120569503907252f,0f,0f,0f,1f], start_interpolation: 0, interpolation_duration: 1 }
$data merge entity $(bone_right_shoulder) { transformation: [-1.0131204166666665f,-2.1758007064298e-17f,1.221487543393581e-16f,-1.827643125f,0f,0.9974202719053595f,0.17766761060778316f,3.2482832781996254f,-1.240714675421666e-16f,0.17766761060778316f,-0.9974202719053595f,-0.5529305917824119f,0f,0f,0f,1f], start_interpolation: 0, interpolation_duration: 1 }
$data merge entity $(bone_right_arm) { transformation: [-1.3293824999999997f,-2.1249977662598144e-17f,1.6140960522599745e-16f,-1.74976375f,0f,1.3180094484252691f,0.17351923572897268f,3.4045542141596092f,-1.628024023467506e-16f,0.17351923572897268f,-1.3180094484252691f,-0.526496368108889f,0f,0f,0f,1f], start_interpolation: 0, interpolation_duration: 1 }
$data merge entity $(bone_left_thumb_2) { transformation: [-0.9630324587018942f,-0.15566302961809986f,0.21985791934042107f,2.237457641871312f,-0.2691772613443032f,0.5239785384850614f,-0.8080780241921197f,-1.6773306436988622f,0.010587042163193143f,-0.8373861190736167f,-0.546509288229451f,0.7212800440582132f,0f,0f,0f,1f], start_interpolation: 0, interpolation_duration: 1 }
$data merge entity $(bone_left_thumb) { transformation: [-0.9630324587018942f,-0.15566302961809986f,0.21985791934042107f,2.3906736219986136f,-0.2691772613443032f,0.5239785384850614f,-0.8080780241921197f,-1.4238158071690432f,0.010587042163193143f,-0.8373861190736167f,-0.546509288229451f,0.4853091751573195f,0f,0f,0f,1f], start_interpolation: 0, interpolation_duration: 1 }
$data merge entity $(bone_left_fingers_2) { transformation: [0.9717763048837803f,0.17925355993994696f,0.15335897272504678f,2.3012270989699655f,0.2353883231209134f,-0.7797673879356053f,-0.5801337415203565f,-2.205683284552372f,0.015593287169492584f,0.5998591350983485f,-0.799953665804658f,0.763060765830358f,0f,0f,0f,1f], start_interpolation: 0, interpolation_duration: 1 }
$data merge entity $(bone_left_fingers) { transformation: [-0.3045622816515741f,0.9400653392610034f,0.15335897272504678f,2.7310230089785543f,0.7423720283255987f,0.3351546113502377f,-0.5801337415203565f,-2.0976508127057985f,-0.5967625894398237f,-0.06283744433668109f,-0.799953665804658f,0.7565569855739502f,0f,0f,0f,1f], start_interpolation: 0, interpolation_duration: 1 }
$data merge entity $(bone_left_hand) { transformation: [-0.9786703196371662f,-0.1366946631950399f,0.15335897272504678f,2.588528220242874f,-0.20115130984586438f,0.7892927166120852f,-0.5801337415203565f,-1.4741449548644763f,-0.041743933793787436f,-0.5986080324862916f,-0.799953665804658f,0.287824818178539f,0f,0f,0f,1f], start_interpolation: 0, interpolation_duration: 1 }
$data merge entity $(bone_left_forearm) { transformation: [-1.8023272279982925f,-0.014196080153640364f,0.27972056799200434f,2.4969753669967343f,-0.1758425803658348f,1.475210709084169f,-1.058140497461077f,0.6449526041611726f,-0.2180011738036818f,-1.0725578757088876f,-1.4590831549670364f,-1.3592117583246481f,0f,0f,0f,1f], start_interpolation: 0, interpolation_duration: 1 }
$data merge entity $(bone_left_bicep) { transformation: [-1.5648088491807455f,-0.13808436577971758f,0.20601099324150396f,2.274164375f,-0.07253154857936575f,1.5133162360757764f,0.4634087827972522f,3.0002284819975102f,-0.2371644911655557f,0.4482646912708662f,-1.5009817875555733f,-0.6410604791348671f,0f,0f,0f,1f], start_interpolation: 0, interpolation_duration: 1 }
$data merge entity $(bone_left_shoulder) { transformation: [-1.0131204166666667f,-3.523820062191e-17f,1.1896217161348782e-16f,1.827643125f,0f,0.9713998492978867f,0.28774174436616506f,3.206766524629597f,-1.2407146754216663e-16f,0.28774174436616506f,-0.9713998492978867f,-0.5583963760816261f,0f,0f,0f,1f], start_interpolation: 0, interpolation_duration: 1 }
$data merge entity $(bone_left_arm) { transformation: [-1.3293824999999997f,-2.1249977662598144e-17f,1.6140960522599745e-16f,1.749763125f,0f,1.3180094484252691f,0.17351923572897268f,3.363037460589581f,-1.628024023467506e-16f,0.17351923572897268f,-1.3180094484252691f,-0.5319621524081032f,0f,0f,0f,1f], start_interpolation: 0, interpolation_duration: 1 }
$data merge entity $(bone_chest) { transformation: [-2.632522916666667f,-4.2080479602706066e-17f,3.1963297600770146e-16f,2.6597874209406523e-17f,0f,2.6100013181779627f,0.3436131922445242f,4.137725f,-3.2239107635778877e-16f,0.3436131922445242f,-2.6100013181779627f,-0.335938125f,0f,0f,0f,1f], start_interpolation: 0, interpolation_duration: 1 }
$data merge entity $(bone_weist) { transformation: [-1.9493945833333333f,0f,2.387319836754355e-16f,2.5797644066588673e-17f,0f,1.9493945833333333f,0f,0.18993124999999988f,-2.387319836754355e-16f,0f,-1.9493945833333333f,-0.32940375f,0f,0f,0f,1f], start_interpolation: 0, interpolation_duration: 1 }
$data merge entity $(bone_right_cheek) { transformation: [-0.9998539029168713f,-0.0019400519836897457f,0.016982609346050722f,-0.8386867149937006f,-0.0019460297209506613f,0.9999980502111202f,-0.00033547322267724056f,-1.5071857551799046f,-0.016981925398056742f,-0.0003684728735446341f,-0.9998557288116703f,-0.9361755252104749f,0f,0f,0f,1f], start_interpolation: 0, interpolation_duration: 1 }
$data merge entity $(bone_right_foot) { transformation: [-1.1768141977344213f,-0.002902118266311026f,0.026283390131816315f,-1.0122197139193518f,-0.0013778573601796699f,1.1751410456640154f,0.06806261221361899f,-8.572675655641458f,-0.026407203493515073f,0.06801467034261664f,-1.1748478876426514f,-0.4840173047393287f,0f,0f,0f,1f], start_interpolation: 0, interpolation_duration: 1 }
$data merge entity $(bone_right_knee) { transformation: [-2.903906160635888f,-0.016255811893179407f,0.06319372860225643f,-1.0952843240305665f,-0.00340000017369455f,2.8469326776201545f,0.5761002149204436f,-5.020042030395754f,-0.06516240291595267f,0.5758808611268965f,-2.846233262325488f,0.13182589806743006f,0f,0f,0f,1f], start_interpolation: 0, interpolation_duration: 1 }
$data merge entity $(bone_right_leg) { transformation: [-2.473527437271489f,0.10804950871887684f,0.00020897322964838372f,-0.8928749999999999f,0.102823428429964f,2.3553516252253504f,-0.7561473315784899f,-1.7149324023437504f,-0.03319762898324849f,-0.755418260404772f,-2.3575949381129875f,-0.8843166894531251f,0f,0f,0f,1f], start_interpolation: 0, interpolation_duration: 1 }
$data merge entity $(bone_left_cheek) { transformation: [-0.9994622125794242f,0.0011707632109621462f,-0.03277064142408153f,0.8808903970125943f,0.0011846170659721798f,0.9999992169994538f,-0.0004033396658594812f,-1.5808163133524185f,0.032770143549409096f,-0.00044194341595482634f,-0.9994628169060458f,-1.0071406011475572f,0f,0f,0f,1f], start_interpolation: 0, interpolation_duration: 1 }
$data merge entity $(bone_left_foot) { transformation: [-1.1764479679248732f,0.021906927754167513f,-0.0328809999600465f,0.9488664310379229f,-0.008353459312396023f,0.8195496368580458f,0.8449020696624692f,-7.396782766156516f,0.03861726763398774f,0.844659324295175f,-0.8189323704667355f,-2.2303423152587865f,0f,0f,0f,1f], start_interpolation: 0, interpolation_duration: 1 }
$data merge entity $(bone_left_knee) { transformation: [-2.903002452130159f,0.052673034658053244f,-0.08204268937705629f,1.0764599483312405f,-0.02061299226894814f,2.0574047063286414f,2.0502657553255146f,-4.772979695494918f,0.09529195144412202f,2.049692687778023f,-2.055871595745538f,0.24084073688268703f,0f,0f,0f,1f], start_interpolation: 0, interpolation_duration: 1 }
$data merge entity $(bone_left_leg) { transformation: [-2.473990659756203f,-0.09431542691129721f,0.022080276824972767f,0.8928750000000001f,-0.09632633601677118f,2.3359818259654754f,-0.8148146222838967f,-1.4938382002314823f,0.010206633515110017f,-0.8150498340252607f,-2.3378627666368152f,-0.8595194618055555f,0f,0f,0f,1f], start_interpolation: 0, interpolation_duration: 1 }
data modify entity @s data merge value {"locators":{"consume":{"posx":2.5125567175989305,"posy":-2.102622325326135,"posz":0.9188770132793171,"roty":10.852489464654695,"rotx":-35.45994985454171}},"cameras":{}}