# This file was generated by Animated Java via MC-Build. It is not recommended to edit this file directly.
$data merge entity $(bone_right_thumb_2) { transformation: [-0.9754826602281502f,0.17594940158520275f,-0.13219450698126667f,-2.223047944291046f,0.17592359527171153f,0.26252081456884097f,-0.9487537670780481f,-0.8368077449841527f,-0.13222884791484096f,-0.948748981554089f,-0.2870381538736489f,2.1446114301020076f,0f,0f,0f,1f], start_interpolation: 0, interpolation_duration: 1 }
$data merge entity $(bone_right_thumb) { transformation: [-0.9754826602281502f,0.17594940158520275f,-0.13219450698126667f,-2.376462790714832f,0.17592359527171153f,0.26252081456884097f,-0.9487537670780481f,-0.6778698751504646f,-0.13222884791484096f,-0.948748981554089f,-0.2870381538736489f,1.8369918626059705f,0f,0f,0f,1f], start_interpolation: 0, interpolation_duration: 1 }
$data merge entity $(bone_right_fingers_2) { transformation: [0.983738346004202f,-0.16780118409097522f,-0.06404396317049085f,-2.255677826049949f,-0.15084155603687666f,-0.5783118126156145f,-0.801749507241268f,-1.3322788919613795f,0.09749713623122648f,0.7983722252226142f,-0.5942188977302897f,2.3406020390525564f,0f,0f,0f,1f], start_interpolation: 0, interpolation_duration: 1 }
$data merge entity $(bone_right_fingers) { transformation: [-0.29476924214421785f,-0.9534198784728268f,-0.06404396317049085f,-2.690145913432626f,-0.553675500951484f,0.22503592443098297f,-0.801749507241268f,-1.2658070682989246f,0.7788161102159138f,-0.20087152124766877f,-0.5942188977302897f,2.2835335179919825f,0f,0f,0f,1f], start_interpolation: 0, interpolation_duration: 1 }
$data merge entity $(bone_right_hand) { transformation: [-0.9901214299266028f,0.1247314105649259f,-0.06404396317049085f,-2.5575121570488464f,0.12547238132685135f,0.5843410041769729f,-0.801749507241268f,-0.8002124854317236f,-0.06257983320741994f,-0.8018651171212842f,-0.5942188977302897f,1.6555174868250115f,0f,0f,0f,1f], start_interpolation: 0, interpolation_duration: 1 }
$data merge entity $(bone_right_forearm) { transformation: [-1.8201867592467695f,-0.010163949165354584f,-0.11681360037946384f,-2.494358422027898f,0.0877819609164721f,1.0865679591243342f,-1.4623586971654885f,0.7347442563639635f,0.0777370595913426f,-1.4649557419851462f,-1.0838312531129317f,-0.5471184977430666f,0f,0f,0f,1f], start_interpolation: 0, interpolation_duration: 1 }
$data merge entity $(bone_right_bicep) { transformation: [-1.5783115230558002f,0.13808436577971755f,1.9399619094276988e-16f,-2.274164375f,0.13806333486198266f,1.5780711385661153f,-0.027650552886681785f,3.197205799339544f,-0.0024099044742223485f,-0.027545334185017787f,-1.584099113947283f,-0.5696615608449569f,0f,0f,0f,1f], start_interpolation: 0, interpolation_duration: 1 }
$data merge entity $(bone_right_shoulder) { transformation: [-1.0131204166666665f,2.1653456788161204e-18f,1.240525708567063e-16f,-1.827643125f,0f,1.0129661135200492f,-0.01768138928157669f,3.419042206771054f,-1.240714675421666e-16f,-0.01768138928157669f,-1.0129661135200492f,-0.5529305917824119f,0f,0f,0f,1f], start_interpolation: 0, interpolation_duration: 1 }
$data merge entity $(bone_right_arm) { transformation: [-1.3293824999999997f,-2.1249977662598144e-17f,1.6140960522599745e-16f,-1.74976375f,0f,1.3180094484252691f,0.17351923572897268f,3.575313142731038f,-1.628024023467506e-16f,0.17351923572897268f,-1.3180094484252691f,-0.526496368108889f,0f,0f,0f,1f], start_interpolation: 0, interpolation_duration: 1 }
$data merge entity $(bone_left_thumb_2) { transformation: [-0.9630324587018942f,-0.1556630296180999f,0.21985791934042107f,2.237457641871312f,-0.26874622757732425f,0.6113509304728462f,-0.7443288956993019f,-1.6162086837144602f,-0.018545852623742434f,-0.7758988729339019f,-0.6305846416860776f,0.18631582318795212f,0f,0f,0f,1f], start_interpolation: 0, interpolation_duration: 1 }
$data merge entity $(bone_left_thumb) { transformation: [-0.9630324587018942f,-0.1556630296180999f,0.21985791934042107f,2.3906736219986136f,-0.26874622757732425f,0.6113509304728462f,-0.7443288956993019f,-1.33869196279037f,-0.018545852623742434f,-0.7758988729339019f,-0.6305846416860776f,-0.020895404592118028f,0f,0f,0f,1f], start_interpolation: 0, interpolation_duration: 1 }
$data merge entity $(bone_left_fingers_2) { transformation: [0.9717763048837803f,0.17925355993994702f,0.15335897272504678f,2.3012270989699655f,0.2323274633708387f,-0.83999090049535f,-0.4903460378637542f,-2.1459832619686194f,0.04092386870882793f,0.5121361619080088f,-0.8579287783004113f,0.17079042321543425f,0f,0f,0f,1f], start_interpolation: 0, interpolation_duration: 1 }
$data merge entity $(bone_left_fingers) { transformation: [-0.3045622816515742f,0.9400653392610034f,0.15335897272504678f,2.7310230089785543f,0.8024798427549356f,0.33998068345618015f,-0.4903460378637542f,-2.037880271864691f,-0.5130964028008778f,-0.026273423773140063f,-0.8579287783004113f,0.17599212115882135f,0f,0f,0f,1f], start_interpolation: 0, interpolation_duration: 1 }
$data merge entity $(bone_left_hand) { transformation: [-0.9786703196371662f,-0.13669466319503992f,0.15335897272504678f,2.588528220242874f,-0.19546645063319606f,0.8493253969052015f,-0.4903460378637542f,-1.3673985501719632f,-0.06322398388386619f,-0.509863647680256f,-0.8579287783004113f,-0.22266018397636556f,0f,0f,0f,1f], start_interpolation: 0, interpolation_duration: 1 }
$data merge entity $(bone_left_forearm) { transformation: [-1.8023272279982925f,-0.01419608015364039f,0.27972056799200434f,2.4969753669967343f,-0.1512700844641197f,1.5824177080322899f,-0.894371354911124f,0.9171832199713643f,-0.23571696246922114f,-0.9069626399403738f,-1.5648274169984937f,-1.6312020131516953f,0f,0f,0f,1f], start_interpolation: 0, interpolation_duration: 1 }
$data merge entity $(bone_left_bicep) { transformation: [-1.5648088491807455f,-0.1380843657797176f,0.20601099324150396f,2.274164375f,-0.04649369669635452f,1.4560524970466762f,0.6228033541136022f,3.181123128891148f,-0.24361066802717243f,0.6090799534173316f,-1.442154641032647f,-0.6628829493509609f,0f,0f,0f,1f], start_interpolation: 0, interpolation_duration: 1 }
$data merge entity $(bone_left_shoulder) { transformation: [-1.0131204166666667f,-4.7879929004567684e-17f,1.1446065462238308e-16f,1.827643125f,0f,0.9346421735807829f,0.3909692903937981f,3.377525453201026f,-1.2407146754216663e-16f,0.3909692903937981f,-0.9346421735807829f,-0.5583963760816261f,0f,0f,0f,1f], start_interpolation: 0, interpolation_duration: 1 }
$data merge entity $(bone_left_arm) { transformation: [-1.3293824999999997f,-2.1249977662598144e-17f,1.6140960522599745e-16f,1.749763125f,0f,1.3180094484252691f,0.17351923572897268f,3.53379638916101f,-1.628024023467506e-16f,0.17351923572897268f,-1.3180094484252691f,-0.5319621524081032f,0f,0f,0f,1f], start_interpolation: 0, interpolation_duration: 1 }
$data merge entity $(bone_chest) { transformation: [-2.632522916666667f,-4.2080479602706066e-17f,3.1963297600770146e-16f,2.6597874209406523e-17f,0f,2.6100013181779627f,0.3436131922445242f,4.3084839285714285f,-3.2239107635778877e-16f,0.3436131922445242f,-2.6100013181779627f,-0.335938125f,0f,0f,0f,1f], start_interpolation: 0, interpolation_duration: 1 }
$data merge entity $(bone_weist) { transformation: [-1.9493945833333333f,0f,2.387319836754355e-16f,2.5797644066588673e-17f,0f,1.9493945833333333f,0f,0.3606901785714287f,-2.387319836754355e-16f,0f,-1.9493945833333333f,-0.32940375f,0f,0f,0f,1f], start_interpolation: 0, interpolation_duration: 1 }
$data merge entity $(bone_right_cheek) { transformation: [-0.9999070752776419f,0.0136309218056814f,0.00019692749898276218f,-0.8164052169082344f,0.013630886342298238f,0.9999070788944739f,-0.00018031706433979666f,-1.5306315893089284f,-0.00019936708806609347f,-0.0001776160120704473f,-0.9999999643526576f,-0.9816710391772392f,0f,0f,0f,1f], start_interpolation: 0, interpolation_duration: 1 }
$data merge entity $(bone_right_foot) { transformation: [-1.1770514696701142f,-0.0003601537145995277f,0.01185760993156441f,-1.02256579897898f,0.003203086979108567f,1.123221284582216f,0.35207184064029173f,-8.211886300705059f,-0.0114224716148275f,0.35208622669360473f,-1.1231632610584406f,-3.403001919930761f,0f,0f,0f,1f], start_interpolation: 0, interpolation_duration: 1 }
$data merge entity $(bone_right_knee) { transformation: [-2.9044916527527667f,-0.005140972377868272f,0.028818362662366117f,-1.0930259946035747f,0.0079039359225891f,2.615565400050254f,1.2632038055638182f,-4.922620216779114f,-0.028186085582451274f,1.2632180718296384f,-2.615418577611732f,-1.925459282613762f,0f,0f,0f,1f], start_interpolation: 0, interpolation_duration: 1 }
$data merge entity $(bone_right_leg) { transformation: [-2.4735868921295485f,0.10650518545915498f,0.006103727898157105f,-0.8928749999999999f,0.10420564975964178f,2.381924829821855f,0.6675237902692013f,-1.6043977343750004f,0.022842779649478073f,0.6671607553562339f,-2.3841953478835256f,-0.9525234765625001f,0f,0f,0f,1f], start_interpolation: 0, interpolation_duration: 1 }
$data merge entity $(bone_left_cheek) { transformation: [-0.9998017643787906f,0.004630548639741584f,-0.01936465760998811f,0.8267012622995891f,0.0046249484483919055f,0.9999892490997463f,0.00033397121922379425f,-1.5248639995148225f,0.019365995892460585f,0.0002443444710648057f,-0.999812431658495f,-0.9137039907944841f,0f,0f,0f,1f], start_interpolation: 0, interpolation_duration: 1 }
$data merge entity $(bone_left_foot) { transformation: [-1.1770494875182995f,-0.0021473007050294875f,-0.011865408090436465f,1.0377566537267437f,0.0004372149731126683f,1.1499347511228195f,-0.25147717964007954f,-8.194596653695982f,0.012050213796348241f,-0.2514683919230084f,-1.1498736170065307f,1.5002031386344565f,0f,0f,0f,1f], start_interpolation: 0, interpolation_duration: 1 }
$data merge entity $(bone_left_knee) { transformation: [-2.904486761595882f,-0.005298678209421238f,-0.029279075421261406f,1.0952461443547041f,0.0010788714619422502f,2.8375784508239357f,-0.6205449701593152f,-4.69445149385251f,0.02973510189421783f,-0.620523285592805f,-2.8374275963073448f,0.6324202424263015f,0f,0f,0f,1f], start_interpolation: 0, interpolation_duration: 1 }
$data merge entity $(bone_left_leg) { transformation: [-2.473528432773494f,-0.10802574717642863f,-0.0005031372951038956f,0.8928750000000001f,-0.09635477735766275f,2.21145732277489f,-1.1091370471518534f,-1.5845184238338197f,0.04884231854159511f,-1.1080612214274765f,-2.213555393575501f,-0.8790780758017491f,0f,0f,0f,1f], start_interpolation: 0, interpolation_duration: 1 }
data modify entity @s data merge value {"locators":{"consume":{"posx":2.5125567175989305,"posy":-2.0603531643389625,"posz":0.33682581301424397,"roty":10.1348586046052,"rotx":-29.36332817575678}},"cameras":{}}