# This file was generated by Animated Java via MC-Build. It is not recommended to edit this file directly.
$data merge entity $(bone_right_thumb_2) { transformation: [-0.9754826602281502f,0.1759494015852027f,-0.1321945069812666f,-2.223047944291046f,0.2157120346076829f,0.645394388709978f,-0.7327580781861687f,-1.556761392326473f,-0.04361075233958803f,-0.7433087454775993f,-0.6675254385990789f,0.0496405105041704f,0f,0f,0f,1f], start_interpolation: 0, interpolation_duration: 1 }
$data merge entity $(bone_right_thumb) { transformation: [-0.9754826602281502f,0.1759494015852027f,-0.1321945069812666f,-2.376462790714832f,0.2157120346076829f,0.645394388709978f,-0.7327580781861687f,-1.28087277248626f,-0.04361075233958803f,-0.7433087454775993f,-0.6675254385990789f,-0.15958786762934646f,0f,0f,0f,1f], start_interpolation: 0, interpolation_duration: 1 }
$data merge entity $(bone_right_fingers_2) { transformation: [0.983738346004202f,-0.16780118409097522f,-0.06404396317049081f,-2.255677826049949f,-0.1781209678018928f,-0.8656838341744144f,-0.46782947756463733f,-2.0883424904314913f,0.023060516694852963f,0.4716293691732427f,-0.8814952925019028f,0.013232923091673614f,0f,0f,0f,1f], start_interpolation: 0, interpolation_duration: 1 }
$data merge entity $(bone_right_fingers) { transformation: [-0.29476924214421785f,-0.9534198784728268f,-0.06404396317049081f,-2.690145913432626f,-0.8350283372848697f,0.2895915327713571f,-0.46782947756463733f,-2.0037773689748457f,0.4645845131049773f,-0.0844232164750651f,-0.8814952925019028f,-0.009659426505439273f,0f,0f,0f,1f], start_interpolation: 0, interpolation_duration: 1 }
$data merge entity $(bone_right_hand) { transformation: [-0.9901214299266028f,0.12473141056492586f,-0.06404396317049081f,-2.5575121570488464f,0.14019083761015672f,0.8726294224765522f,-0.46782947756463733f,-1.313170679615013f,-0.002466384045914552f,-0.4721863681288593f,-0.8814952925019028f,-0.37605382003439125f,0f,0f,0f,1f], start_interpolation: 0, interpolation_duration: 1 }
$data merge entity $(bone_right_forearm) { transformation: [-1.8201867592467695f,-0.010163949165354663f,-0.11681360037946377f,-2.494358422027898f,0.0457640393672615f,1.61139995360932f,-0.8533020589698469f,1.0205179212292048f,0.1079554343099073f,-0.8544679311002561f,-1.6078117864220656f,-1.7033047360212565f,0f,0f,0f,1f], start_interpolation: 0, interpolation_duration: 1 }
$data merge entity $(bone_right_bicep) { transformation: [-1.5783115230558002f,0.13808436577971747f,1.7655591077587031e-16f,-2.274164375f,0.12565142497309323f,1.4362023593589484f,0.6570152648588369f,3.252804512017829f,0.0572626534053211f,0.6545151234177173f,-1.4416884190510717f,-0.6635347533265289f,0f,0f,0f,1f], start_interpolation: 0, interpolation_duration: 1 }
$data merge entity $(bone_right_shoulder) { transformation: [-1.0131204166666665f,-5.145159919617939e-17f,1.1290023028418769e-16f,-1.827643125f,0f,0.9219003419009727f,0.42013419078874f,3.4458279210567677f,-1.240714675421666e-16f,0.42013419078874f,-0.9219003419009727f,-0.5529305917824119f,0f,0f,0f,1f], start_interpolation: 0, interpolation_duration: 1 }
$data merge entity $(bone_right_arm) { transformation: [-1.3293824999999997f,-2.1249977662598144e-17f,1.6140960522599745e-16f,-1.74976375f,0f,1.3180094484252691f,0.17351923572897268f,3.6020988570167516f,-1.628024023467506e-16f,0.17351923572897268f,-1.3180094484252691f,-0.526496368108889f,0f,0f,0f,1f], start_interpolation: 0, interpolation_duration: 1 }
$data merge entity $(bone_left_thumb_2) { transformation: [-0.9630324587018942f,-0.15566302961809986f,0.21985791934042107f,2.237457641871312f,-0.2569140870502367f,0.28526916401855124f,-0.9233724362007458f,-0.971209025962144f,0.08101626603175364f,-0.9457222241600707f,-0.3147154895584276f,1.9608892223881154f,0f,0f,0f,1f], start_interpolation: 0, interpolation_duration: 1 }
$data merge entity $(bone_left_thumb) { transformation: [-0.9630324587018942f,-0.15566302961809986f,0.21985791934042107f,2.3906736219986136f,-0.2569140870502367f,0.28526916401855124f,-0.9233724362007458f,-0.7886888294993466f,0.08101626603175364f,-0.9457222241600707f,-0.3147154895584276f,1.6665452039441093f,0f,0f,0f,1f], start_interpolation: 0, interpolation_duration: 1 }
$data merge entity $(bone_left_fingers_2) { transformation: [0.9717763048837803f,0.17925355993994696f,0.15335897272504678f,2.3012270989699655f,0.23120119158596145f,-0.5945280146067473f,-0.7701184641709292f,-1.469967322380429f,-0.04687027070177112f,0.7838396526692271f,-0.6191918738385765f,2.140171969920076f,0f,0f,0f,1f], start_interpolation: 0, interpolation_duration: 1 }
$data merge entity $(bone_left_fingers) { transformation: [-0.3045622816515741f,0.9400653392610034f,0.15335897272504678f,2.7310230089785543f,0.5592639338501794f,0.30682471125616906f,-0.7701184641709292f,-1.3674496602003727f,-0.7710159978169124f,-0.14878089421247212f,-0.6191918738385765f,2.1054812929010245f,0f,0f,0f,1f], start_interpolation: 0, interpolation_duration: 1 }
$data merge entity $(bone_left_hand) { transformation: [-0.9786703196371662f,-0.1366946631950399f,0.15335897272504678f,2.588528220242874f,-0.205048191512885f,0.6040470100085792f,-0.7701184641709292f,-0.8891903034675894f,0.012635055147574736f,-0.7851380634981913f,-0.6191918738385765f,1.4892529365174623f,0f,0f,0f,1f], start_interpolation: 0, interpolation_duration: 1 }
$data merge entity $(bone_left_forearm) { transformation: [-1.8023272279982925f,-0.01419608015364034f,0.27972056799200434f,2.4969753669967343f,-0.22699180602515312f,1.1411483914767466f,-1.4046649530265147f,0.7220661284625987f,-0.16407268159854455f,-1.4228167069485134f,-1.129380952209996f,-0.6571758788806638f,0f,0f,0f,1f], start_interpolation: 0, interpolation_duration: 1 }
$data merge entity $(bone_left_bicep) { transformation: [-1.5648088491807455f,-0.13808436577971755f,0.20601099324150396f,2.274164375f,-0.13235918278462952f,1.5779359276538456f,0.05228585693368426f,3.1833026426487137f,-0.2097352334294905f,0.034430684424185315f,-1.5700191768611829f,-0.5838237026577808f,0f,0f,0f,1f], start_interpolation: 0, interpolation_duration: 1 }
$data merge entity $(bone_left_shoulder) { transformation: [-1.0131204166666667f,-2.7066048005016475e-18f,1.2404194189273565e-16f,1.827643125f,0f,1.012879321442709f,0.022101105415749986f,3.4043111674867395f,-1.2407146754216663e-16f,0.022101105415749986f,-1.012879321442709f,-0.5583963760816261f,0f,0f,0f,1f], start_interpolation: 0, interpolation_duration: 1 }
$data merge entity $(bone_left_arm) { transformation: [-1.3293824999999997f,-2.1249977662598144e-17f,1.6140960522599745e-16f,1.749763125f,0f,1.3180094484252691f,0.17351923572897268f,3.5605821034467233f,-1.628024023467506e-16f,0.17351923572897268f,-1.3180094484252691f,-0.5319621524081032f,0f,0f,0f,1f], start_interpolation: 0, interpolation_duration: 1 }
$data merge entity $(bone_chest) { transformation: [-2.632522916666667f,-4.2080479602706066e-17f,3.1963297600770146e-16f,2.6597874209406523e-17f,0f,2.6100013181779627f,0.3436131922445242f,4.335269642857142f,-3.2239107635778877e-16f,0.3436131922445242f,-2.6100013181779627f,-0.335938125f,0f,0f,0f,1f], start_interpolation: 0, interpolation_duration: 1 }
$data merge entity $(bone_weist) { transformation: [-1.9493945833333333f,0f,2.387319836754355e-16f,2.5797644066588673e-17f,0f,1.9493945833333333f,0f,0.3874758928571427f,-2.387319836754355e-16f,0f,-1.9493945833333333f,-0.32940375f,0f,0f,0f,1f], start_interpolation: 0, interpolation_duration: 1 }
$data merge entity $(bone_right_foot) { transformation: [-1.1764626191779037f,-0.009038008513828567f,0.038012036984800254f,-1.00488906209593f,0.0002370115574507218f,1.143513905722534f,0.27922533216253775f,-7.967066837334279f,-0.039071017124609066f,0.2790791226477931f,-1.1428819684462386f,0.25335607392488013f,0f,0f,0f,1f], start_interpolation: 0, interpolation_duration: 1 }
$data merge entity $(bone_right_knee) { transformation: [-2.9030386055552433f,-0.022302185556321238f,0.09379848457894926f,-1.0943908482792535f,0.0005848496076509618f,2.821734375735213f,0.6890162982681685f,-4.441752321450139f,-0.09641162347368909f,0.6886555117383765f,-2.8201750076095538f,1.0093423499175196f,0f,0f,0f,1f], start_interpolation: 0, interpolation_duration: 1 }
$data merge entity $(bone_right_thigh) { transformation: [-2.4735553881366448f,0.10740793554793945f,0.000011855957934483541f,-0.8928749999999999f,0.0900366623432986f,2.073651941319941f,-1.3497680351205463f,-1.520378482142857f,-0.05856504241706722f,-1.3484968982465f,-2.075605688507651f,-0.8405850000000002f,0f,0f,0f,1f], start_interpolation: 0, interpolation_duration: 1 }
$data merge entity $(bone_right_leg) { transformation: [-1f,0f,1.2246467991473532e-16f,-0.8089787499999999f,0f,1f,0f,-1.5365431249999997f,-1.2246467991473532e-16f,0f,-1f,-0.8819218750000002f,0f,0f,0f,1f], start_interpolation: 0, interpolation_duration: 1 }
$data merge entity $(bone_left_foot) { transformation: [-1.1769881269026845f,-0.0004590215838497385f,-0.01701861644958996f,1.0270717050186848f,-0.008380200400584773f,1.039879232702567f,0.5515177680834307f,-8.067279490067344f,0.01481945504796761f,0.5515812411328618f,-1.0397737316642384f,-3.6320331681491025f,0f,0f,0f,1f], start_interpolation: 0, interpolation_duration: 1 }
$data merge entity $(bone_left_knee) { transformation: [-2.90433534816966f,0.0035289622202065805f,-0.04186191983046228f,1.0950823788049027f,-0.020678978565580965f,2.3993524956963332f,1.6369510285207938f,-5.033260171327759f,0.03656848030377992f,1.6370778345440538f,-2.3990764052915963f,-1.683323426236292f,0f,0f,0f,1f], start_interpolation: 0, interpolation_duration: 1 }
$data merge entity $(bone_left_thigh) { transformation: [-2.4735297511530967f,-0.10783024926119297f,0.005994200849974624f,0.8928750000000001f,-0.1043147039829886f,2.421091765360547f,0.5073911993475573f,-1.6575538068181817f,-0.02795953562744392f,0.5066557253073137f,-2.4233305518067234f,-0.9343349999999999f,0f,0f,0f,1f], start_interpolation: 0, interpolation_duration: 1 }
$data merge entity $(bone_left_leg) { transformation: [-1f,0f,1.2246467991473532e-16f,0.8089781250000001f,0f,1f,0f,-1.5365431249999997f,-1.2246467991473532e-16f,0f,-1f,-0.975671875f,0f,0f,0f,1f], start_interpolation: 0, interpolation_duration: 1 }
data modify entity @s data merge value {"locators":{"consume":{"posx":2.5125567175989305,"posy":-1.3295508785385342,"posz":2.2633932610369247,"roty":13.91085291853156,"rotx":-50.364528023473426}},"cameras":{}}