# This file was generated by Animated Java via MC-Build. It is not recommended to edit this file directly.
$data merge entity $(bone_right_thumb_2) { transformation: [-0.9754826602281502f,0.17594940158520275f,-0.13219450698126667f,-2.223047944291046f,0.17476299690502572f,0.2542315269140531f,-0.9512224900809082f,-0.8398912133320281f,-0.13375901654462435f,-0.951003753307398f,-0.278747890912661f,2.1816475416472905f,0f,0f,0f,1f], start_interpolation: 0, interpolation_duration: 1 }
$data merge entity $(bone_right_thumb) { transformation: [-0.9754826602281502f,0.17594940158520275f,-0.13219450698126667f,-2.376462790714832f,0.17476299690502572f,0.2542315269140531f,-0.9512224900809082f,-0.683643848441159f,-0.13375901654462435f,-0.951003753307398f,-0.278747890912661f,1.8726527103986446f,0f,0f,0f,1f], start_interpolation: 0, interpolation_duration: 1 }
$data merge entity $(bone_right_fingers_2) { transformation: [0.983738346004202f,-0.16780118409097522f,-0.06404396317049085f,-2.255677826049949f,-0.1499850002323156f,-0.5713227687095156f,-0.8069044513815783f,-1.3336331752798318f,0.09880974803241249f,0.8033884842165462f,-0.587199776159708f,2.3819544344285157f,0f,0f,0f,1f], start_interpolation: 0, interpolation_duration: 1 }
$data merge entity $(bone_right_fingers) { transformation: [-0.29476924214421785f,-0.9534198784728268f,-0.06404396317049085f,-2.690145913432626f,-0.5468580522524596f,0.22327444329174911f,-0.8069044513815783f,-1.2676618931356156f,0.783618124198496f,-0.2028276566586008f,-0.587199776159708f,2.3243080176335242f,0f,0f,0f,1f], start_interpolation: 0, interpolation_duration: 1 }
$data merge entity $(bone_right_hand) { transformation: [-0.9901214299266028f,0.1247314105649259f,-0.06404396317049085f,-2.5575121570488464f,0.12492149858707244f,0.5773212498525881f,-0.8069044513815783f,-0.807565442872995f,-0.06367238954884102f,-0.8069338570707821f,-0.587199776159708f,1.69225287173743f,0f,0f,0f,1f], start_interpolation: 0, interpolation_duration: 1 }
$data merge entity $(bone_right_forearm) { transformation: [-1.8201867592467695f,-0.010163949165354584f,-0.11681360037946384f,-2.494358422027898f,0.08845699365844245f,1.0737425976599009f,-1.4717611069317555f,0.7081114713640058f,0.07696806720425856f,-1.4743819348260612f,-1.0710286590576876f,-0.5236940976973584f,0f,0f,0f,1f], start_interpolation: 0, interpolation_duration: 1 }
$data merge entity $(bone_right_bicep) { transformation: [-1.5783115230558002f,0.13808436577971755f,1.939592542271783e-16f,-2.274164375f,0.13803704771629885f,1.577770675116059f,-0.04147319718915762f,3.1702825285090337f,-0.0036146273051413155f,-0.041315379152752296f,-1.58379750277566f,-0.5677250604966387f,0f,0f,0f,1f], start_interpolation: 0, interpolation_duration: 1 }
$data merge entity $(bone_right_shoulder) { transformation: [-1.0131204166666665f,3.2478123923332637e-18f,1.2402895134899394e-16f,-1.827643125f,0f,1.012773245603122f,-0.02652040077673429f,3.39225649248534f,-1.240714675421666e-16f,-0.02652040077673429f,-1.012773245603122f,-0.5529305917824119f,0f,0f,0f,1f], start_interpolation: 0, interpolation_duration: 1 }
$data merge entity $(bone_right_arm) { transformation: [-1.3293824999999997f,-2.1249977662598144e-17f,1.6140960522599745e-16f,-1.74976375f,0f,1.3180094484252691f,0.17351923572897268f,3.5485274284453237f,-1.628024023467506e-16f,0.17351923572897268f,-1.3180094484252691f,-0.526496368108889f,0f,0f,0f,1f], start_interpolation: 0, interpolation_duration: 1 }
$data merge entity $(bone_left_thumb_2) { transformation: [-0.9630324587018942f,-0.1556630296180999f,0.21985791934042107f,2.237457641871312f,-0.2691961568457404f,0.586677693126586f,-0.7637687565796019f,-1.6171383161802217f,-0.010095178357419412f,-0.7947190104670844f,-0.6068935506134088f,0.34280533254758744f,0f,0f,0f,1f], start_interpolation: 0, interpolation_duration: 1 }
$data merge entity $(bone_left_thumb) { transformation: [-0.9630324587018942f,-0.1556630296180999f,0.21985791934042107f,2.3906736219986136f,-0.2691961568457404f,0.586677693126586f,-0.7637687565796019f,-1.3462671949594904f,-0.010095178357419412f,-0.7947190104670844f,-0.6068935506134088f,0.12697934013887063f,0f,0f,0f,1f], start_interpolation: 0, interpolation_duration: 1 }
$data merge entity $(bone_left_fingers_2) { transformation: [0.9717763048837803f,0.17925355993994702f,0.15335897272504678f,2.3012270989699655f,0.23349827357284053f,-0.8234898300957312f,-0.5170522758555529f,-2.147139147258371f,0.03360609327084531f,0.538268205430861f,-0.8421033009775651f,0.3439282150660124f,0f,0f,0f,1f], start_interpolation: 0, interpolation_duration: 1 }
$data merge entity $(bone_left_fingers) { transformation: [-0.3045622816515742f,0.9400653392610034f,0.15335897272504678f,2.7310230089785543f,0.7859671199025863f,0.33898765532778163f,-0.5170522758555529f,-2.0389261101734455f,-0.538049721705365f,-0.036939510763781956f,-0.8421033009775651f,0.34573174930768896f,0f,0f,0f,1f], start_interpolation: 0, interpolation_duration: 1 }
$data merge entity $(bone_left_hand) { transformation: [-0.9786703196371662f,-0.13669466319503992f,0.15335897272504678f,2.588528220242874f,-0.19735591306501948f,0.8328911018919976f,-0.5170522758555529f,-1.3812972022487955f,-0.057053037075685376f,-0.5362900161695431f,-0.8421033009775651f,-0.07378418480623083f,0f,0f,0f,1f], start_interpolation: 0, interpolation_duration: 1 }
$data merge entity $(bone_left_forearm) { transformation: [-1.8023272279982925f,-0.01419608015364039f,0.27972056799200434f,2.4969753669967343f,-0.15859949052771485f,1.5531484954411483f,-0.943082453631046f,0.8579138966537236f,-0.23084914219863895f,-0.956220050014993f,-1.5359623859746643f,-1.553391431192777f,0f,0f,0f,1f], start_interpolation: 0, interpolation_duration: 1 }
$data merge entity $(bone_left_bicep) { transformation: [-1.5648088491807455f,-0.1380843657797176f,0.20601099324150396f,2.274164375f,-0.05412275086592428f,1.4744656867111672f,0.5771968662714462f,3.151152324716648f,-0.24203005856265652f,0.5630436950380368f,-1.4610057508831298f,-0.656662245443179f,0f,0f,0f,1f], start_interpolation: 0, interpolation_duration: 1 }
$data merge entity $(bone_left_shoulder) { transformation: [-1.0131204166666667f,-4.4261007103642336e-17f,1.1590812011346846e-16f,1.827643125f,0f,0.9464616262759857f,0.3614185505115318f,3.3507397389153115f,-1.2407146754216663e-16f,0.3614185505115318f,-0.9464616262759857f,-0.5583963760816261f,0f,0f,0f,1f], start_interpolation: 0, interpolation_duration: 1 }
$data merge entity $(bone_left_arm) { transformation: [-1.3293824999999997f,-2.1249977662598144e-17f,1.6140960522599745e-16f,1.749763125f,0f,1.3180094484252691f,0.17351923572897268f,3.5070106748752954f,-1.628024023467506e-16f,0.17351923572897268f,-1.3180094484252691f,-0.5319621524081032f,0f,0f,0f,1f], start_interpolation: 0, interpolation_duration: 1 }
$data merge entity $(bone_chest) { transformation: [-2.632522916666667f,-4.2080479602706066e-17f,3.1963297600770146e-16f,2.6597874209406523e-17f,0f,2.6100013181779627f,0.3436131922445242f,4.281698214285714f,-3.2239107635778877e-16f,0.3436131922445242f,-2.6100013181779627f,-0.335938125f,0f,0f,0f,1f], start_interpolation: 0, interpolation_duration: 1 }
$data merge entity $(bone_weist) { transformation: [-1.9493945833333333f,0f,2.387319836754355e-16f,2.5797644066588673e-17f,0f,1.9493945833333333f,0f,0.3339044642857143f,-2.387319836754355e-16f,0f,-1.9493945833333333f,-0.32940375f,0f,0f,0f,1f], start_interpolation: 0, interpolation_duration: 1 }
$data merge entity $(bone_right_cheek) { transformation: [-0.9998830981132862f,0.014715040296087304f,-0.004154238373163991f,-0.8137340864732807f,0.01471637585076223f,0.9998916659014558f,-0.0002911058753194973f,-1.5315765249517739f,0.004149504692808937f,-0.0003522071777665725f,-0.9999913287428588f,-0.9794626044556073f,0f,0f,0f,1f], start_interpolation: 0, interpolation_duration: 1 }
$data merge entity $(bone_right_foot) { transformation: [-1.1770562764913048f,0.0007239352783634663f,0.01135309502735011f,-1.029688469369476f,0.004831143076677654f,1.0953434529090822f,0.4310339604977137f,-8.088250243645682f,-0.01029936432795591f,0.43106042611620554f,-1.0952952693258189f,-3.6985006888457237f,0f,0f,0f,1f], start_interpolation: 0, interpolation_duration: 1 }
$data merge entity $(bone_right_knee) { transformation: [-2.9045035140624753f,-0.0017744633363829848f,0.028015649423584067f,-1.09599859704165f,0.01192132638294674f,2.5464777381680186f,1.3972249996067168f,-4.8800467129471965f,-0.025414706569791293f,1.397274729188425f,-2.5463515296194696f,-2.052171035433465f,0f,0f,0f,1f], start_interpolation: 0, interpolation_duration: 1 }
$data merge entity $(bone_right_leg) { transformation: [-2.47350101329362f,0.1085992477388085f,0.0034151961966618527f,-0.8928749999999999f,0.10436294566365233f,2.3530128426505295f,0.7631852074255251f,-1.603881755728776f,0.030229716288816547f,0.7625939212000717f,-2.3553236292579536f,-0.9463912546957176f,0f,0f,0f,1f], start_interpolation: 0, interpolation_duration: 1 }
$data merge entity $(bone_left_cheek) { transformation: [-0.9998354837276234f,0.0037841387448421964f,-0.017739384800746362f,0.8252315971765851f,0.0038129802180556904f,0.9999914628395186f,-0.0015923033430073619f,-1.5194384424928307f,0.017733207859997654f,-0.001659681306522609f,-0.9998413768178205f,-0.9225510120424224f,0f,0f,0f,1f], start_interpolation: 0, interpolation_duration: 1 }
$data merge entity $(bone_left_foot) { transformation: [-1.1770939519607453f,0.00011609562377343276f,-0.006380411883532541f,1.0306808461798052f,0.0019017789963860297f,1.129820257312551f,-0.33029299762394626f,-8.199542181437288f,0.006091499868364725f,-0.33029845225881616f,-1.1298038417979233f,1.6358311837548756f,0f,0f,0f,1f], start_interpolation: 0, interpolation_duration: 1 }
$data merge entity $(bone_left_knee) { transformation: [-2.90459648203314f,0.00011472018285429686f,-0.015746489577453462f,1.0953536375807846f,0.004692828956691124f,2.7788876356039545f,-0.845393502800838f,-4.7800035533142164f,0.015031382209113217f,-0.8454065200013348f,-2.778846984276418f,0.49130449674126786f,0f,0f,0f,1f], start_interpolation: 0, interpolation_duration: 1 }
$data merge entity $(bone_left_leg) { transformation: [-2.473525574349633f,-0.10809154803058574f,0.0004161991466746756f,0.8928750000000001f,-0.09868858614813913f,2.254429225042303f,-1.018735566856436f,-1.6115388476562504f,0.04409669989306955f,-1.0177808258454146f,-2.2565882199770138f,-0.8932888574218749f,0f,0f,0f,1f], start_interpolation: 0, interpolation_duration: 1 }
data modify entity @s data merge value {"locators":{"consume":{"posx":2.5125567175989305,"posy":-2.0563360052853574,"posz":0.5071919700563224,"roty":10.321263713488179,"rotx":-31.134730882264545}},"cameras":{}}