# This file was generated by Animated Java via MC-Build. It is not recommended to edit this file directly.
$data merge entity $(bone_right_thumb_2) { transformation: [-0.9754826602281502f,0.17594940158520275f,-0.13219450698126667f,-2.223047944291046f,0.1770707963755016f,0.27079011024720884f,-0.946212792802576f,-0.8959001771852595f,-0.13068860954634404f,-0.9464219588926039f,-0.2953065577679062f,2.1073698902878006f,0f,0f,0f,1f], start_interpolation: 0, interpolation_duration: 1 }
$data merge entity $(bone_right_thumb) { transformation: [-0.9754826602281502f,0.17594940158520275f,-0.13219450698126667f,-2.376462790714832f,0.1770707963755016f,0.27079011024720884f,-0.946212792802576f,-0.7342839061428932f,-0.13068860954634404f,-0.9464219588926039f,-0.2953065577679062f,1.8011490129654342f,0f,0f,0f,1f], start_interpolation: 0, interpolation_duration: 1 }
$data merge entity $(bone_right_fingers_2) { transformation: [0.983738346004202f,-0.16780118409097522f,-0.06404396317049085f,-2.255677826049949f,-0.15168662467293878f,-0.5852568158381575f,-0.7965335067718823f,-1.393062777145773f,0.09617709964564095f,0.793295167092708f,-0.6011927672311975f,2.299029289963993f,0f,0f,0f,1f], start_interpolation: 0, interpolation_duration: 1 }
$data merge entity $(bone_right_fingers) { transformation: [-0.29476924214421785f,-0.9534198784728268f,-0.06404396317049085f,-2.690145913432626f,-0.560450785117469f,0.22678026821330943f,-0.7965335067718823f,-1.3260954740518074f,0.7739547863712297f,-0.19890008869268805f,-0.6011927672311975f,2.2425430106266653f,0f,0f,0f,1f], start_interpolation: 0, interpolation_duration: 1 }
$data merge entity $(bone_right_hand) { transformation: [-0.9901214299266028f,0.1247314105649259f,-0.06404396317049085f,-2.5575121570488464f,0.12601370885900617f,0.5913162586715215f,-0.7965335067718823f,-0.8550382154101337f,-0.06148251116941245f,-0.7967353120385705f,-0.6011927672311975f,1.6186139200410534f,0f,0f,0f,1f], start_interpolation: 0, interpolation_duration: 1 }
$data merge entity $(bone_right_forearm) { transformation: [-1.8201867592467695f,-0.010163949165354584f,-0.11681360037946384f,-2.494358422027898f,0.0871002432383163f,1.0993105742318614f,-1.4528449231226812f,0.6990814610455258f,0.0785001320003675f,-1.4554179870926727f,-1.0965513092220287f,-0.5705433404022383f,0f,0f,0f,1f], start_interpolation: 0, interpolation_duration: 1 }
$data merge entity $(bone_right_bicep) { transformation: [-1.5783115230558002f,0.13808436577971755f,1.9401835409733432e-16f,-2.274164375f,0.13807910795018283f,1.5782514257892193f,-0.01382580288755017f,3.1616459638713548f,-0.0012049981197473454f,-0.013773191533439009f,-1.5842800898382903f,-0.5715967870652043f,0f,0f,0f,1f], start_interpolation: 0, interpolation_duration: 1 }
$data merge entity $(bone_right_shoulder) { transformation: [-1.0131204166666665f,1.08271406584206e-18f,1.240667432808588e-16f,-1.827643125f,0f,1.0130818401455743f,-0.008841031280169028f,3.3833279210567677f,-1.240714675421666e-16f,-0.008841031280169028f,-1.0130818401455743f,-0.5529305917824119f,0f,0f,0f,1f], start_interpolation: 0, interpolation_duration: 1 }
$data merge entity $(bone_right_arm) { transformation: [-1.3293824999999997f,-2.1249977662598144e-17f,1.6140960522599745e-16f,-1.74976375f,0f,1.3180094484252691f,0.17351923572897268f,3.5395988570167516f,-1.628024023467506e-16f,0.17351923572897268f,-1.3180094484252691f,-0.526496368108889f,0f,0f,0f,1f], start_interpolation: 0, interpolation_duration: 1 }
$data merge entity $(bone_left_thumb_2) { transformation: [-0.9630324587018942f,-0.1556630296180999f,0.21985791934042107f,2.237457641871312f,-0.2692871111780326f,0.5783233993057441f,-0.7700821368976418f,-1.6163573059650176f,-0.007275660792973109f,-0.8008189976677398f,-0.5988622527213268f,0.39477846559489727f,0f,0f,0f,1f], start_interpolation: 0, interpolation_duration: 1 }
$data merge entity $(bone_left_thumb) { transformation: [-0.9630324587018942f,-0.1556630296180999f,0.21985791934042107f,2.3906736219986136f,-0.2692871111780326f,0.5783233993057441f,-0.7700821368976418f,-1.347761119978906f,-0.007275660792973109f,-0.8008189976677398f,-0.5988622527213268f,0.1761278031575342f,0f,0f,0f,1f], start_interpolation: 0, interpolation_duration: 1 }
$data merge entity $(bone_left_fingers_2) { transformation: [0.9717763048837803f,0.17925355993994702f,0.15335897272504678f,2.3012270989699655f,0.23383738646807134f,-0.8178080491819414f,-0.5258422495226193f,-2.146317318177999f,0.03115910711505767f,0.546862099566319f,-0.8366426681096952f,0.4014513408294426f,0f,0f,0f,1f], start_interpolation: 0, interpolation_duration: 1 }
$data merge entity $(bone_left_fingers) { transformation: [-0.3045622816515742f,0.9400653392610034f,0.15335897272504678f,2.7310230089785543f,0.7802896842972105f,0.3385822458374783f,-0.5258422495226193f,-2.0380913282613315f,-0.5462506980998253f,-0.04048729089163405f,-0.8366426681096952f,0.4021215926192757f,0f,0f,0f,1f], start_interpolation: 0, interpolation_duration: 1 }
$data merge entity $(bone_left_hand) { transformation: [-0.9786703196371662f,-0.13669466319503992f,0.15335897272504678f,2.588528220242874f,-0.19794253900251887f,0.8272295206713959f,-0.5258422495226193f,-1.3848915588423267f,-0.05498324030578154f,-0.5449824668590422f,-0.8366426681096952f,-0.02425788712218835f,0f,0f,0f,1f], start_interpolation: 0, interpolation_duration: 1 }
$data merge entity $(bone_left_forearm) { transformation: [-1.8023272279982925f,-0.01419608015364039f,0.27972056799200434f,2.4969753669967343f,-0.16100819679754444f,1.5430500053923062f,-0.9591150103383393f,0.8387026350338944f,-0.22917566496794833f,-0.9724318556076725f,-1.526002412324248f,-1.527232540923031f,0f,0f,0f,1f], start_interpolation: 0, interpolation_duration: 1 }
$data merge entity $(bone_left_bicep) { transformation: [-1.5648088491807455f,-0.1380843657797176f,0.20601099324150396f,2.274164375f,-0.05665426980406456f,1.4802809128444858f,0.5618658813852022f,3.1412056778226827f,-0.24145002613813504f,0.5475725366369418f,-1.4669699239869867f,-0.6545668211494052f,0f,0f,0f,1f], start_interpolation: 0, interpolation_duration: 1 }
$data merge entity $(bone_left_shoulder) { transformation: [-1.0131204166666667f,-4.304481543339164e-17f,1.163652565088573e-16f,1.827643125f,0f,0.9501944282210618f,0.3514875918784185f,3.3418111674867395f,-1.2407146754216663e-16f,0.3514875918784185f,-0.9501944282210618f,-0.5583963760816261f,0f,0f,0f,1f], start_interpolation: 0, interpolation_duration: 1 }
$data merge entity $(bone_left_arm) { transformation: [-1.3293824999999997f,-2.1249977662598144e-17f,1.6140960522599745e-16f,1.749763125f,0f,1.3180094484252691f,0.17351923572897268f,3.4980821034467233f,-1.628024023467506e-16f,0.17351923572897268f,-1.3180094484252691f,-0.5319621524081032f,0f,0f,0f,1f], start_interpolation: 0, interpolation_duration: 1 }
$data merge entity $(bone_chest) { transformation: [-2.632522916666667f,-4.2080479602706066e-17f,3.1963297600770146e-16f,2.6597874209406523e-17f,0f,2.6100013181779627f,0.3436131922445242f,4.272769642857142f,-3.2239107635778877e-16f,0.3436131922445242f,-2.6100013181779627f,-0.335938125f,0f,0f,0f,1f], start_interpolation: 0, interpolation_duration: 1 }
$data merge entity $(bone_weist) { transformation: [-1.9493945833333333f,0f,2.387319836754355e-16f,2.5797644066588673e-17f,0f,1.9493945833333333f,0f,0.3249758928571427f,-2.387319836754355e-16f,0f,-1.9493945833333333f,-0.32940375f,0f,0f,0f,1f], start_interpolation: 0, interpolation_duration: 1 }
$data merge entity $(bone_right_cheek) { transformation: [-0.9998764377157798f,0.014669980204523933f,-0.005648095395889131f,-0.8117838563605255f,0.014671704917894027f,0.9998923298805706f,-0.0002640469774574661f,-1.532989941510402f,0.005643613700850941f,-0.0003468815402064007f,-0.9999840145210285f,-0.9714513808452437f,0f,0f,0f,1f], start_interpolation: 0, interpolation_duration: 1 }
$data merge entity $(bone_right_foot) { transformation: [-1.1770494597682428f,0.0011350421817118814f,0.012007323394336984f,-1.0315719402034573f,0.005744920992822705f,1.0831660533174206f,0.4607702157259206f,-8.060858777720018f,-0.010604716810772583f,0.46080463050686776f,-1.0831147341631704f,-3.7581953323440036f,0f,0f,0f,1f], start_interpolation: 0, interpolation_duration: 1 }
$data merge entity $(bone_right_knee) { transformation: [-2.9044866931198543f,-0.0008545476925953316f,0.029749080186772463f,-1.0966807954301876f,0.014176164338891822f,2.513177749151734f,1.4562504338427797f,-4.891910556506744f,-0.026168194212720725f,1.4563191818591446f,-2.5130416539911913f,-2.0374698274005363f,0f,0f,0f,1f], start_interpolation: 0, interpolation_duration: 1 }
$data merge entity $(bone_right_leg) { transformation: [-2.473482150848038f,0.1090672897505701f,0.0017603072719689903f,-0.8928749999999999f,0.10439281086753242f,2.355267279058189f,0.7561950199360429f,-1.6124749187640877f,0.0316372156550188f,0.755534971687851f,-2.3575789946640806f,-0.9415546656649139f,0f,0f,0f,1f], start_interpolation: 0, interpolation_duration: 1 }
$data merge entity $(bone_left_cheek) { transformation: [-0.9998474263942149f,0.003545429980420908f,-0.01710420588974843f,0.8296134131095244f,0.003604651738190241f,0.9999876110301269f,-0.00343282276065493f,-1.5181740064957232f,0.017091823153523856f,-0.0034939537079992644f,-0.9998478193549132f,-0.9201494962877645f,0f,0f,0f,1f], start_interpolation: 0, interpolation_duration: 1 }
$data merge entity $(bone_left_foot) { transformation: [-1.1770827009900127f,0.0002495249346213693f,-0.00819436659697597f,1.0308113676713218f,0.002072723754194719f,1.147398727584963f,-0.26279794258937683f,-8.269379485650981f,0.007931817122036423f,-0.26280599793436527f,-1.1473713385837332f,1.4421236880146213f,0f,0f,0f,1f], start_interpolation: 0, interpolation_duration: 1 }
$data merge entity $(bone_left_knee) { transformation: [-2.904568719143054f,0.0001744750527223234f,-0.020229035275042637f,1.0954043638091195f,0.005114652160629976f,2.816500264332467f,-0.710090691308122f,-4.798545439929148f,0.019572548198400336f,-0.7101090895824576f,-2.816432261706896f,0.4641118739919483f,0f,0f,0f,1f], start_interpolation: 0, interpolation_duration: 1 }
$data merge entity $(bone_left_leg) { transformation: [-2.473524134607678f,-0.10812020857489103f,0.0010483082180043055f,0.8928750000000001f,-0.0992685031401351f,2.26129060603464f,-1.0033560097407446f,-1.6207551562500004f,0.04285840333837535f,-1.0024407905189583f,-2.263468210889226f,-0.8989346093749999f,0f,0f,0f,1f], start_interpolation: 0, interpolation_duration: 1 }
data modify entity @s data merge value {"locators":{"consume":{"posx":2.5125567175989305,"posy":-2.053809492202607,"posz":0.5637552730646593,"roty":10.387167188908336,"rotx":-31.724960398925678}},"cameras":{}}