# This file was generated by Animated Java via MC-Build. It is not recommended to edit this file directly.
$data merge entity $(bone_right_thumb_2) { transformation: [-0.9754826602281502f,0.17594940158520275f,-0.13219450698126664f,-2.223047944291046f,0.19875406941161378f,0.44640075640604926f,-0.8724810511251408f,-1.4130576095913534f,-0.09450079093073499f,-0.8773643329665939f,-0.4704268569624288f,1.2419774631439902f,0f,0f,0f,1f], start_interpolation: 0, interpolation_duration: 1 }
$data merge entity $(bone_right_thumb) { transformation: [-0.9754826602281502f,0.17594940158520275f,-0.13219450698126664f,-2.376462790714832f,0.19875406941161378f,0.44640075640604926f,-0.8724810511251408f,-1.1959809866835163f,-0.09450079093073499f,-0.8773643329665939f,-0.4704268569624288f,0.9722205641392601f,0f,0f,0f,1f], start_interpolation: 0, interpolation_duration: 1 }
$data merge entity $(bone_right_fingers_2) { transformation: [0.983738346004202f,-0.16780118409097522f,-0.06404396317049083f,-2.255677826049949f,-0.1672511699059943f,-0.7258718535947863f,-0.6671859548311437f,-1.9376562698127957f,0.06546688297141343f,0.6670478354485047f,-0.7421329210171664f,1.3352524435921438f,0f,0f,0f,1f], start_interpolation: 0, interpolation_duration: 1 }
$data merge entity $(bone_right_fingers) { transformation: [-0.29476924214421785f,-0.9534198784728268f,-0.06404396317049083f,-2.690145913432626f,-0.6978312609102556f,0.2605656020514941f,-0.6671859548311437f,-1.8611412544806658f,0.6527960057951687f,-0.151974018701889f,-0.7421329210171664f,1.2925819401292413f,0f,0f,0f,1f], start_interpolation: 0, interpolation_duration: 1 }
$data merge entity $(bone_right_hand) { transformation: [-0.9901214299266028f,0.12473141056492588f,-0.06404396317049083f,-2.5575121570488464f,0.1354298982925229f,0.7324763779976333f,-0.6671859548311437f,-1.2796873614768203f,-0.03630835507946052f,-0.6692685790427876f,-0.7421329210171664f,0.7699981465528718f,0f,0f,0f,1f], start_interpolation: 0, interpolation_duration: 1 }
$data merge entity $(bone_right_forearm) { transformation: [-1.8201867592467695f,-0.010163949165354624f,-0.11681360037946378f,-2.494358422027898f,0.07052143512371853f,1.3568199866875617f,-1.216920216179665f,0.6635896568493962f,0.0936773733851464f,-1.2189195131328547f,-1.3536204533964205f,-1.0823981149806554f,0f,0f,0f,1f], start_interpolation: 0, interpolation_duration: 1 }
$data merge entity $(bone_right_bicep) { transformation: [-1.5783115230558002f,0.13808436577971753f,1.9077676301824812e-16f,-2.274164375f,0.1357721303107635f,1.5518825507093552f,0.2887231083896978f,3.081110920915955f,0.02516387696011654f,0.2876244297943853f,-1.5578104899394205f,-0.6135527480271984f,0f,0f,0f,1f], start_interpolation: 0, interpolation_duration: 1 }
$data merge entity $(bone_right_shoulder) { transformation: [-1.0131204166666665f,-2.261022908612864e-17f,1.219938793494972e-16f,-1.827643125f,0f,0.9961556216407382f,0.18462653151807332f,3.2951582781996254f,-1.240714675421666e-16f,0.18462653151807332f,-0.9961556216407382f,-0.5529305917824119f,0f,0f,0f,1f], start_interpolation: 0, interpolation_duration: 1 }
$data merge entity $(bone_right_arm) { transformation: [-1.3293824999999997f,-2.1249977662598144e-17f,1.6140960522599745e-16f,-1.74976375f,0f,1.3180094484252691f,0.17351923572897268f,3.4514292141596092f,-1.628024023467506e-16f,0.17351923572897268f,-1.3180094484252691f,-0.526496368108889f,0f,0f,0f,1f], start_interpolation: 0, interpolation_duration: 1 }
$data merge entity $(bone_left_thumb_2) { transformation: [-0.9630324587018942f,-0.15566302961809986f,0.21985791934042107f,2.237457641871312f,-0.2683387260909607f,0.48244686092728584f,-0.8338101429350022f,-1.5621128039320826f,0.023723649939772697f,-0.8619826260380903f,-0.5063824057389956f,0.9583393084974129f,0f,0f,0f,1f], start_interpolation: 0, interpolation_duration: 1 }
$data merge entity $(bone_left_thumb) { transformation: [-0.9630324587018942f,-0.15566302961809986f,0.21985791934042107f,2.3906736219986136f,-0.2683387260909607f,0.48244686092728584f,-0.8338101429350022f,-1.3204277519232686f,0.023723649939772697f,-0.8619826260380903f,-0.5063824057389956f,0.7102660150011552f,0f,0f,0f,1f], start_interpolation: 0, interpolation_duration: 1 }
$data merge entity $(bone_left_fingers_2) { transformation: [0.9717763048837803f,0.17925355993994696f,0.15335897272504678f,2.3012270989699655f,0.23586903028026346f,-0.7495334721094312f,-0.6185186939310957f,-2.0877936856566586f,0.004076005529184537f,0.6372344430713359f,-0.7706592312705338f,1.0258800547025844f,0f,0f,0f,1f], start_interpolation: 0, interpolation_duration: 1 }
$data merge entity $(bone_left_fingers) { transformation: [-0.3045622816515741f,0.9400653392610034f,0.15335897272504678f,2.7310230089785543f,0.7123340229654472f,0.3316848880845089f,-0.6185186939310957f,-1.980207897912462f,-0.6323148395546703f,-0.07913465066872517f,-0.7706592312705338f,1.014106677686408f,0f,0f,0f,1f], start_interpolation: 0, interpolation_duration: 1 }
$data merge entity $(bone_left_hand) { transformation: [-0.9786703196371662f,-0.1366946631950399f,0.15335897272504678f,2.588528220242874f,-0.2029503443645076f,0.7591085449262835f,-0.6185186939310957f,-1.3803438789052787f,-0.03186790208995281f,-0.636450144217043f,-0.7706592312705338f,0.5154759945007539f,0f,0f,0f,1f], start_interpolation: 0, interpolation_duration: 1 }
$data merge entity $(bone_left_forearm) { transformation: [-1.8023272279982925f,-0.014196080153640364f,0.27972056799200434f,2.4969753669967343f,-0.18628195563083347f,1.4210553047842256f,-1.1281530992664388f,0.6557664110676562f,-0.20915104077161634f,-1.143341092450713f,-1.4056512903601899f,-1.233111674469303f,0f,0f,0f,1f], start_interpolation: 0, interpolation_duration: 1 }
$data merge entity $(bone_left_bicep) { transformation: [-1.5648088491807455f,-0.13808436577971758f,0.20601099324150396f,2.274164375f,-0.08403038666908001f,1.5334071713070074f,0.38953292156632124f,3.04331193764967f,-0.23333819988459398f,0.3738043750345387f,-1.5218272338091343f,-0.630872453712414f,0f,0f,0f,1f], start_interpolation: 0, interpolation_duration: 1 }
$data merge entity $(bone_left_shoulder) { transformation: [-1.0131204166666667f,-2.938485635232733e-17f,1.205415251074085e-16f,1.827643125f,0f,0.9842962492641487f,0.23994556122456048f,3.253641524629597f,-1.2407146754216663e-16f,0.23994556122456048f,-0.9842962492641487f,-0.5583963760816261f,0f,0f,0f,1f], start_interpolation: 0, interpolation_duration: 1 }
$data merge entity $(bone_left_arm) { transformation: [-1.3293824999999997f,-2.1249977662598144e-17f,1.6140960522599745e-16f,1.749763125f,0f,1.3180094484252691f,0.17351923572897268f,3.409912460589581f,-1.628024023467506e-16f,0.17351923572897268f,-1.3180094484252691f,-0.5319621524081032f,0f,0f,0f,1f], start_interpolation: 0, interpolation_duration: 1 }
$data merge entity $(bone_chest) { transformation: [-2.632522916666667f,-4.2080479602706066e-17f,3.1963297600770146e-16f,2.6597874209406523e-17f,0f,2.6100013181779627f,0.3436131922445242f,4.1846f,-3.2239107635778877e-16f,0.3436131922445242f,-2.6100013181779627f,-0.335938125f,0f,0f,0f,1f], start_interpolation: 0, interpolation_duration: 1 }
$data merge entity $(bone_weist) { transformation: [-1.9493945833333333f,0f,2.387319836754355e-16f,2.5797644066588673e-17f,0f,1.9493945833333333f,0f,0.23680624999999988f,-2.387319836754355e-16f,0f,-1.9493945833333333f,-0.32940375f,0f,0f,0f,1f], start_interpolation: 0, interpolation_duration: 1 }
$data merge entity $(bone_right_cheek) { transformation: [-0.9998862751867194f,0.015080443852181663f,-0.00013002480290778655f,-0.8176405793685586f,0.01508047153721287f,0.9998862601862762f,-0.00021463671110256294f,-1.5309100688920199f,0.00012677319704052295f,-0.00021657313692204777f,-0.9999999685123159f,-0.968742845945987f,0f,0f,0f,1f], start_interpolation: 0, interpolation_duration: 1 }
$data merge entity $(bone_right_foot) { transformation: [-1.1768525304609259f,-0.005787892725443564f,0.02398992959716299f,-1.0086452283907235f,0.012396342176728857f,0.850792526364329f,0.8133814004879889f,-7.694292301474137f,-0.021338864189912567f,0.8134552675205711f,-0.8505445758422562f,-3.6315778697911103f,0f,0f,0f,1f], start_interpolation: 0, interpolation_duration: 1 }
$data merge entity $(bone_right_knee) { transformation: [-2.9040007504537746f,-0.017215201224346558f,0.05841204280576333f,-1.0930661068848309f,0.030589208122790902f,1.9967598439876644f,2.1092517901660774f,-5.143507527154247f,-0.0526557712350475f,2.1094033400038006f,-1.9961396763429358f,-1.0832964085912766f,0f,0f,0f,1f], start_interpolation: 0, interpolation_duration: 1 }
$data merge entity $(bone_right_leg) { transformation: [-2.4734744816952188f,0.1061498153676788f,-0.025863643189583597f,-0.8928749999999999f,0.10485582845137395f,2.4710464962787713f,0.11378572585015742f,-1.6912968494897962f,0.03069147408330911f,0.11257954016995646f,-2.473134974782569f,-0.8847267638483967f,0f,0f,0f,1f], start_interpolation: 0, interpolation_duration: 1 }
$data merge entity $(bone_left_cheek) { transformation: [-0.9998622624886377f,0.0021567567933052107f,-0.016456137190641408f,0.8484402266682474f,0.0022184891918358577f,0.9999905677403141f,-0.003733997336597794f,-1.5094982815488083f,0.016447928647960103f,-0.0037699907875940464f,-0.9998576162697631f,-0.9238623163277832f,0f,0f,0f,1f], start_interpolation: 0, interpolation_duration: 1 }
$data merge entity $(bone_left_foot) { transformation: [-1.1768617780735033f,0.003827854847335293f,-0.02392901405204186f,1.0149204754350702f,0.0020471898810431335f,1.1738826476823203f,0.08709898599007307f,-8.556683793765796f,0.024146618807320407f,0.08703891011596884f,-1.1736405172805515f,-0.2372041148971279f,0f,0f,0f,1f], start_interpolation: 0, interpolation_duration: 1 }
$data merge entity $(bone_left_knee) { transformation: [-2.90402356985822f,0.013922446470330892f,-0.05815461913062216f,1.0952650324021946f,0.005051644787254865f,2.871836384337978f,0.4352688261425776f,-4.977999241065332f,0.05958418520790859f,0.43507543668986265f,-2.8712519530330773f,0.20317068103083202f,0f,0f,0f,1f], start_interpolation: 0, interpolation_duration: 1 }
$data merge entity $(bone_left_leg) { transformation: [-2.4735284638554074f,-0.10802274632771709f,0.0008647034107275273f,0.8928750000000001f,-0.10234073344131073f,2.3369256315531137f,-0.8113677894813399f,-1.6977204882812504f,0.03458374928872551f,-0.8106308665508359f,-2.339165296728565f,-0.8904812402343749f,0f,0f,0f,1f], start_interpolation: 0, interpolation_duration: 1 }
data modify entity @s data merge value {"locators":{"consume":{"posx":2.5125567175989305,"posy":-1.9772441792429,"posz":1.1764757748189996,"roty":11.254671444364647,"rotx":-38.208042166278325}},"cameras":{}}