# This file was generated by Animated Java via MC-Build. It is not recommended to edit this file directly.
$data merge entity $(bone_right_thumb_2) { transformation: [-0.9754826602281502f,0.17594940158520275f,-0.13219450698126664f,-2.223047944291046f,0.2003730644161234f,0.4616448863411672f,-0.8641380873283753f,-1.4514784903990168f,-0.0910176612021158f,-0.869439938694364f,-0.48558210258661405f,1.1595343926851873f,0f,0f,0f,1f], start_interpolation: 0, interpolation_duration: 1 }
$data merge entity $(bone_right_thumb) { transformation: [-0.9754826602281502f,0.17594940158520275f,-0.13219450698126664f,-2.376462790714832f,0.2003730644161234f,0.4616448863411672f,-0.8641380873283753f,-1.229727022271591f,-0.0910176612021158f,-0.869439938694364f,-0.48558210258661405f,0.8936070884137932f,0f,0f,0f,1f], start_interpolation: 0, interpolation_duration: 1 }
$data merge entity $(bone_right_fingers_2) { transformation: [0.983738346004202f,-0.16780118409097522f,-0.06404396317049083f,-2.255677826049949f,-0.16836825139251765f,-0.737402889733002f,-0.6541323338105551f,-1.9776251245727676f,0.0625379766537303f,0.6542780302219262f,-0.7536638910316542f,1.243639657867392f,0f,0f,0f,1f], start_interpolation: 0, interpolation_duration: 1 }
$data merge entity $(bone_right_fingers) { transformation: [-0.29476924214421785f,-0.9534198784728268f,-0.06404396317049083f,-2.690145913432626f,-0.70911783904297f,0.26317822899051657f,-0.6541323338105551f,-1.9003770598787635f,0.6405177470115496f,-0.14740337553215982f,-0.7536638910316542f,1.2023110244749775f,0f,0f,0f,1f], start_interpolation: 0, interpolation_duration: 1 }
$data merge entity $(bone_right_hand) { transformation: [-0.9901214299266028f,0.12473141056492588f,-0.06404396317049083f,-2.5575121570488464f,0.13604293983295945f,0.7440451655545933f,-0.6541323338105551f,-1.3098913803561254f,-0.03393924751235736f,-0.6563831707419999f,-0.7536638910316542f,0.6899545926068054f,0f,0f,0f,1f], start_interpolation: 0, interpolation_duration: 1 }
$data merge entity $(bone_right_forearm) { transformation: [-1.8201867592467695f,-0.010163949165354624f,-0.11681360037946378f,-2.494358422027898f,0.06887579877327621f,1.3778864151892145f,-1.193110939021961f,0.6654184399069143f,0.09489387461576294f,-1.195054091917134f,-1.3746524766594748f,-1.1282446796597452f,0f,0f,0f,1f], start_interpolation: 0, interpolation_duration: 1 }
$data merge entity $(bone_right_bicep) { transformation: [-1.5783115230558002f,0.13808436577971753f,1.9013061792118751e-16f,-2.274164375f,0.1353122813494443f,1.5466264530301066f,0.3158666762845149f,3.0743890238751193f,0.027529594780810813f,0.31466470821849546f,-1.5525343148209252f,-0.6172791564553134f,0f,0f,0f,1f], start_interpolation: 0, interpolation_duration: 1 }
$data merge entity $(bone_right_shoulder) { transformation: [-1.0131204166666665f,-2.4735872203992086e-17f,1.2158069618313042e-16f,-1.827643125f,0f,0.9927817250474149f,0.20198372478672352f,3.2873457781996254f,-1.240714675421666e-16f,0.20198372478672352f,-0.9927817250474149f,-0.5529305917824119f,0f,0f,0f,1f], start_interpolation: 0, interpolation_duration: 1 }
$data merge entity $(bone_right_arm) { transformation: [-1.3293824999999997f,-2.1249977662598144e-17f,1.6140960522599745e-16f,-1.74976375f,0f,1.3180094484252691f,0.17351923572897268f,3.4436167141596092f,-1.628024023467506e-16f,0.17351923572897268f,-1.3180094484252691f,-0.526496368108889f,0f,0f,0f,1f], start_interpolation: 0, interpolation_duration: 1 }
$data merge entity $(bone_left_thumb_2) { transformation: [-0.9630324587018942f,-0.15566302961809986f,0.21985791934042107f,2.237457641871312f,-0.2680755839677328f,0.473393912087969f,-0.8390671518289864f,-1.5537783244163912f,0.02653233436664709f,-0.8669874423589781f,-0.49762316065964374f,1.0086856846030507f,0f,0f,0f,1f], start_interpolation: 0, interpolation_duration: 1 }
$data merge entity $(bone_left_thumb) { transformation: [-0.9630324587018942f,-0.15566302961809986f,0.21985791934042107f,2.3906736219986136f,-0.2680755839677328f,0.473393912087969f,-0.8390671518289864f,-1.3147042941268239f,0.02653233436664709f,-0.8669874423589781f,-0.49762316065964374f,0.7580951194341151f,0f,0f,0f,1f], start_interpolation: 0, interpolation_duration: 1 }
$data merge entity $(bone_left_fingers_2) { transformation: [0.9717763048837803f,0.17925355993994696f,0.15335897272504678f,2.3012270989699655f,0.23589878048163543f,-0.7428193931943063f,-0.6265549572557217f,-2.0787231106113726f,0.0016058124744120494f,0.6450484558103349f,-0.7641399813012004f,1.0817275442137115f,0f,0f,0f,1f], start_interpolation: 0, interpolation_duration: 1 }
$data merge entity $(bone_left_fingers) { transformation: [-0.3045622816515741f,0.9400653392610034f,0.15335897272504678f,2.7310230089785543f,0.7056735007456856f,0.3308380206137278f,-0.6265549572557217f,-1.971266510126613f,-0.6397395774379725f,-0.08260364420826115f,-0.7641399813012004f,1.0688281975960336f,0f,0f,0f,1f], start_interpolation: 0, interpolation_duration: 1 }
$data merge entity $(bone_left_hand) { transformation: [-0.9786703196371662f,-0.1366946631950399f,0.15335897272504678f,2.588528220242874f,-0.2032729302592802f,0.7524021540121256f,-0.6265549572557217f,-1.3766569349122548f,-0.029740902560158558f,-0.6443644680550812f,-0.7641399813012004f,0.563943208140967f,0f,0f,0f,1f], start_interpolation: 0, interpolation_duration: 1 }
$data merge entity $(bone_left_forearm) { transformation: [-1.8023272279982925f,-0.014196080153640364f,0.27972056799200434f,2.4969753669967343f,-0.18846192621966107f,1.4090045663288453f,-1.1428109187715807f,0.6410308812638092f,-0.20718886846322884f,-1.1581593867021238f,-1.3937604419024787f,-1.2058702920512054f,0f,0f,0f,1f], start_interpolation: 0, interpolation_duration: 1 }
$data merge entity $(bone_left_bicep) { transformation: [-1.5648088491807455f,-0.13808436577971758f,0.20601099324150396f,2.274164375f,-0.08646924648492757f,1.5372374923359462f,0.373575316974405f,3.034752016315834f,-0.2324454577346408f,0.357726370243251f,-1.5258228957171365f,-0.6286659537749794f,0f,0f,0f,1f], start_interpolation: 0, interpolation_duration: 1 }
$data merge entity $(bone_left_shoulder) { transformation: [-1.0131204166666667f,-2.812096033404138e-17f,1.2084262761111318e-16f,1.827643125f,0f,0.9867549377930724f,0.22962506702847132f,3.245829024629597f,-1.2407146754216663e-16f,0.22962506702847132f,-0.9867549377930724f,-0.5583963760816261f,0f,0f,0f,1f], start_interpolation: 0, interpolation_duration: 1 }
$data merge entity $(bone_left_arm) { transformation: [-1.3293824999999997f,-2.1249977662598144e-17f,1.6140960522599745e-16f,1.749763125f,0f,1.3180094484252691f,0.17351923572897268f,3.402099960589581f,-1.628024023467506e-16f,0.17351923572897268f,-1.3180094484252691f,-0.5319621524081032f,0f,0f,0f,1f], start_interpolation: 0, interpolation_duration: 1 }
$data merge entity $(bone_chest) { transformation: [-2.632522916666667f,-4.2080479602706066e-17f,3.1963297600770146e-16f,2.6597874209406523e-17f,0f,2.6100013181779627f,0.3436131922445242f,4.1767875f,-3.2239107635778877e-16f,0.3436131922445242f,-2.6100013181779627f,-0.335938125f,0f,0f,0f,1f], start_interpolation: 0, interpolation_duration: 1 }
$data merge entity $(bone_weist) { transformation: [-1.9493945833333333f,0f,2.387319836754355e-16f,2.5797644066588673e-17f,0f,1.9493945833333333f,0f,0.22899374999999988f,-2.387319836754355e-16f,0f,-1.9493945833333333f,-0.32940375f,0f,0f,0f,1f], start_interpolation: 0, interpolation_duration: 1 }
$data merge entity $(bone_right_foot) { transformation: [-1.1768591515227789f,-0.0066333324353489735f,0.023439949966874058f,-1.005357528373116f,0.011876475087004889f,0.8326741333896068f,0.8319276601964488f,-7.644668166613185f,-0.021269266399083074f,0.8319859862769519f,-0.832428874932973f,-3.515507863143398f,0f,0f,0f,1f], start_interpolation: 0, interpolation_duration: 1 }
$data merge entity $(bone_right_knee) { transformation: [-2.904017088582888f,-0.018162855579175807f,0.057302255014965484f,-1.0909927597539324f,0.029306384336786603f,1.9897380240217566f,2.1158951817453358f,-5.102398869670934f,-0.05248403175914254f,2.116020178300111f,-1.9891286333395082f,-0.9587713330930755f,0f,0f,0f,1f], start_interpolation: 0, interpolation_duration: 1 }
$data merge entity $(bone_right_thigh) { transformation: [-2.4735297511530967f,0.10465720534386952f,-0.02664887369424716f,-0.8928749999999999f,0.1043147039829886f,2.4734856954150906f,0.031617717326349215f,-1.6453784821428568f,0.027959535627443306f,0.030464846718777205f,-2.475540926832146f,-0.8749600000000003f,0f,0f,0f,1f], start_interpolation: 0, interpolation_duration: 1 }
$data merge entity $(bone_right_leg) { transformation: [-1f,0f,1.2246467991473532e-16f,-0.8089787499999999f,0f,1f,0f,-1.5365431249999997f,-1.2246467991473532e-16f,0f,-1f,-0.9162968750000002f,0f,0f,0f,1f], start_interpolation: 0, interpolation_duration: 1 }
$data merge entity $(bone_left_foot) { transformation: [-1.1768516015723514f,0.003295781041265861f,-0.02450184851152744f,1.0138681980970214f,0.0018823697785918545f,1.175163555904779f,0.06766068602825452f,-8.564982435220834f,0.024650749221280296f,0.06760657939228577f,-1.1749096075282843f,-0.31504268450918554f,0f,0f,0f,1f], start_interpolation: 0, interpolation_duration: 1 }
$data merge entity $(bone_left_knee) { transformation: [-2.9039984583287657f,0.014666502808660657f,-0.0592160134890888f,1.0950992504398664f,0.0046449347799942965f,2.864421054357386f,0.4816628867465663f,-4.993904155039103f,0.06082817718020159f,0.48146194614269344f,-2.863812671214975f,0.18312372283812328f,0f,0f,0f,1f], start_interpolation: 0, interpolation_duration: 1 }
$data merge entity $(bone_left_thigh) { transformation: [-2.4735336761472695f,-0.10790033895119999f,0.0011801519616933278f,0.8928750000000001f,-0.10243839456360104f,2.3395310999268704f,-0.8038117508056603f,-1.7101106249999998f,0.03391535380426585f,-0.8030968013061969f,-2.341772405561042f,-0.8999599999999999f,0f,0f,0f,1f], start_interpolation: 0, interpolation_duration: 1 }
$data merge entity $(bone_left_leg) { transformation: [-1f,0f,1.2246467991473532e-16f,0.8089781250000001f,0f,1f,0f,-1.5365431249999997f,-1.2246467991473532e-16f,0f,-1f,-0.9412968749999999f,0f,0f,0f,1f], start_interpolation: 0, interpolation_duration: 1 }
data modify entity @s data merge value {"locators":{"consume":{"posx":2.5125567175989305,"posy":-1.966602659827304,"posz":1.231157356505919,"roty":11.348209091016713,"rotx":-38.79640840837503}},"cameras":{}}