# This file was generated by Animated Java via MC-Build. It is not recommended to edit this file directly.
$data merge entity $(bone_right_thumb_2) { transformation: [-0.9754826602281502f,0.17594940158520272f,-0.1321945069812666f,-2.223047944291046f,0.20997177658777605f,0.5641619298217149f,-0.79851936105295f,-1.6988990526569552f,-0.06591989556108346f,-0.8066989060496161f,-0.5872745885423345f,0.5382698843269947f,0f,0f,0f,1f], start_interpolation: 0, interpolation_duration: 1 }
$data merge entity $(bone_right_thumb) { transformation: [-0.9754826602281502f,0.17594940158520272f,-0.1321945069812666f,-2.376462790714832f,0.20997177658777605f,0.5641619298217149f,-0.79851936105295f,-1.4463921003812097f,-0.06591989556108346f,-0.8066989060496161f,-0.5872745885423345f,0.30134946767588844f,0f,0f,0f,1f], start_interpolation: 0, interpolation_duration: 1 }
$data merge entity $(bone_right_fingers_2) { transformation: [0.983738346004202f,-0.16780118409097522f,-0.06404396317049081f,-2.255677826049949f,-0.17473472213089858f,-0.8116428343612409f,-0.5574080070396269f,-2.2313737230498174f,0.04155289981161596f,0.5595343350034184f,-0.8277648726960621f,0.5576270967747816f,0f,0f,0f,1f], start_interpolation: 0, interpolation_duration: 1 }
$data merge entity $(bone_right_fingers) { transformation: [-0.29476924214421785f,-0.9534198784728268f,-0.06404396317049081f,-2.690145913432626f,-0.7818916594699522f,0.2791804909721225f,-0.5574080070396269f,-2.149664760300678f,0.5493236994132399f,-0.1142312951577821f,-0.8277648726960621f,0.5260206916721222f,0f,0f,0f,1f], start_interpolation: 0, interpolation_duration: 1 }
$data merge entity $(bone_right_hand) { transformation: [-0.9901214299266028f,0.12473141056492587f,-0.06404396317049081f,-2.5575121570488464f,0.1391650501991716f,0.8184921517590583f,-0.5574080070396269f,-1.501139929549994f,-0.017106805755643877f,-0.5608142943321885f,-0.8277648726960621f,0.08944538900625476f,0f,0f,0f,1f], start_interpolation: 0, interpolation_duration: 1 }
$data merge entity $(bone_right_forearm) { transformation: [-1.8201867592467695f,-0.010163949165354643f,-0.11681360037946377f,-2.494358422027898f,0.056797754821043954f,1.5132563163104875f,-1.0166896762666615f,0.6810289823422391f,0.10258039843721387f,-1.0182242272295845f,-1.509809672300679f,-1.4744715907817663f,0f,0f,0f,1f], start_interpolation: 0, interpolation_duration: 1 }
$data merge entity $(bone_right_bicep) { transformation: [-1.5783115230558002f,0.1380843657797175f,1.839992008604385e-16f,-2.274164375f,0.1309486704830516f,1.49675015259834f,0.502718591539117f,3.009772432061437f,0.04381481223864814f,0.5008055955234182f,-1.502467495024246f,-0.6737350637532933f,0f,0f,0f,1f], start_interpolation: 0, interpolation_duration: 1 }
$data merge entity $(bone_right_shoulder) { transformation: [-1.0131204166666665f,-3.9368454378142705e-17f,1.1765990760638476e-16f,-1.827643125f,0f,0.9607660566973608f,0.3214678257074003f,3.2132997217065022f,-1.240714675421666e-16f,0.3214678257074003f,-0.9607660566973608f,-0.5839132437003434f,0f,0f,0f,1f], start_interpolation: 0, interpolation_duration: 1 }
$data merge entity $(bone_right_arm) { transformation: [-1.3293824999999997f,-2.1249977662598144e-17f,1.6140960522599745e-16f,-1.74976375f,0f,1.3180094484252691f,0.17351923572897268f,3.3654917141596092f,-1.628024023467506e-16f,0.17351923572897268f,-1.3180094484252691f,-0.526496368108889f,0f,0f,0f,1f], start_interpolation: 0, interpolation_duration: 1 }
$data merge entity $(bone_left_thumb_2) { transformation: [-0.9630324587018942f,-0.15566302961809986f,0.21985791934042107f,2.237457641871312f,-0.2662484638626313f,0.42581552897354014f,-0.8647501898096199f,-1.5401339788684374f,0.040990718185628994f,-0.8913193347477093f,-0.45151921833685854f,1.2659495951518016f,0f,0f,0f,1f], start_interpolation: 0, interpolation_duration: 1 }
$data merge entity $(bone_left_thumb) { transformation: [-0.9630324587018942f,-0.15566302961809986f,0.21985791934042107f,2.3906736219986136f,-0.2662484638626313f,0.42581552897354014f,-0.8647501898096199f,-1.314961433011145f,0.040990718185628994f,-0.8913193347477093f,-0.45151921833685854f,1.002796886819303f,0f,0f,0f,1f], start_interpolation: 0, interpolation_duration: 1 }
$data merge entity $(bone_left_fingers_2) { transformation: [0.9717763048837803f,0.17925355993994696f,0.15335897272504678f,2.3012270989699655f,0.23564042322863854f,-0.7068489487260947f,-0.6669618839374878f,-2.0603605807147347f,-0.01115366339163526f,0.6842753283099358f,-0.7291384442335185f,1.3672729613618368f,0f,0f,0f,1f], start_interpolation: 0, interpolation_duration: 1 }
$data merge entity $(bone_left_fingers) { transformation: [-0.3045622816515741f,0.9400653392610034f,0.15335897272504678f,2.7310230089785543f,0.6700445108048112f,0.3258867884939469f,-0.6669618839374878f,-1.9537588060154718f,-0.6769654128059486f,-0.10037409528955124f,-0.7291384442335185f,1.348581365339242f,0f,0f,0f,1f], start_interpolation: 0, interpolation_duration: 1 }
$data merge entity $(bone_left_hand) { transformation: [-0.9786703196371662f,-0.1366946631950399f,0.15335897272504678f,2.588528220242874f,-0.20458382765610314f,0.7164546760515527f,-0.6669618839374878f,-1.387322921560404f,-0.018704623034558124f,-0.6841105657844055f,-0.7291384442335185f,0.812279409054121f,0f,0f,0f,1f], start_interpolation: 0, interpolation_duration: 1 }
$data merge entity $(bone_left_forearm) { transformation: [-1.8023272279982925f,-0.014196080153640364f,0.27972056799200434f,2.4969753669967343f,-0.1993906723607947f,1.344310843256407f,-1.2165115199258352f,0.5317029388669856f,-0.1966938855811444f,-1.2326619121417788f,-1.3299190529364833f,-1.064058432598795f,0f,0f,0f,1f], start_interpolation: 0, interpolation_duration: 1 }
$data merge entity $(bone_left_bicep) { transformation: [-1.5648088491807455f,-0.13808436577971758f,0.20601099324150396f,2.274164375f,-0.09891308790866819f,1.5543334245738585f,0.2905139621023062f,2.953135796214956f,-0.22742915918920756f,0.274070919769357f,-1.5437926234992754f,-0.6171483321587903f,0f,0f,0f,1f], start_interpolation: 0, interpolation_duration: 1 }
$data merge entity $(bone_left_shoulder) { transformation: [-1.0131204166666667f,-2.1544784239158928e-17f,1.221865431631282e-16f,1.827643125f,0f,0.9977288410682922f,0.17592651411132781f,3.167704024629597f,-1.2407146754216663e-16f,0.17592651411132781f,-0.9977288410682922f,-0.5583963760816261f,0f,0f,0f,1f], start_interpolation: 0, interpolation_duration: 1 }
$data merge entity $(bone_left_arm) { transformation: [-1.3293824999999997f,-2.1249977662598144e-17f,1.6140960522599745e-16f,1.749763125f,0f,1.3180094484252691f,0.17351923572897268f,3.323974960589581f,-1.628024023467506e-16f,0.17351923572897268f,-1.3180094484252691f,-0.5319621524081032f,0f,0f,0f,1f], start_interpolation: 0, interpolation_duration: 1 }
$data merge entity $(bone_chest) { transformation: [-2.632522916666667f,-4.2080479602706066e-17f,3.1963297600770146e-16f,2.6597874209406523e-17f,0f,2.6100013181779627f,0.3436131922445242f,4.0986625f,-3.2239107635778877e-16f,0.3436131922445242f,-2.6100013181779627f,-0.335938125f,0f,0f,0f,1f], start_interpolation: 0, interpolation_duration: 1 }
$data merge entity $(bone_weist) { transformation: [-1.9493945833333333f,0f,2.387319836754355e-16f,2.5797644066588673e-17f,0f,1.9493945833333333f,0f,0.15086874999999988f,-2.387319836754355e-16f,0f,-1.9493945833333333f,-0.32940375f,0f,0f,0f,1f], start_interpolation: 0, interpolation_duration: 1 }
$data merge entity $(bone_right_foot) { transformation: [-1.176688923209762f,-0.017429947878935204f,0.026272985916172616f,-0.9654536189400739f,0.00857748798051837f,0.7669181133225245f,0.8929467671895825f,-7.410346801209966f,-0.03033973585840629f,0.8928178421443648f,-0.766515946378994f,-2.6942510069711227f,0f,0f,0f,1f], start_interpolation: 0, interpolation_duration: 1 }
$data merge entity $(bone_right_knee) { transformation: [-2.90359703327778f,-0.04086588536866388f,0.06620374828916015f,-1.0789491038839025f,0.02116580530500088f,1.9635279088904167f,2.140336153090968f,-4.899950238768522f,-0.07486631792929345f,2.140050658034872f,-1.9625256441683117f,-0.10728441860895366f,0f,0f,0f,1f], start_interpolation: 0, interpolation_duration: 1 }
$data merge entity $(bone_right_thigh) { transformation: [-2.4738751614503913f,0.09603685144252487f,-0.027043144470781256f,-0.8928749999999999f,0.09966879387314218f,2.4092923244299493f,-0.5615953613678326f,-1.5226106249999998f,0.00453211051655135f,-0.5622278377552999f,-2.411201368896079f,-0.8530850000000002f,0f,0f,0f,1f], start_interpolation: 0, interpolation_duration: 1 }
$data merge entity $(bone_right_leg) { transformation: [-1f,0f,1.2246467991473532e-16f,-0.8089787499999999f,0f,1f,0f,-1.5365431249999997f,-1.2246467991473532e-16f,0f,-1f,-0.8944218750000001f,0f,0f,0f,1f], start_interpolation: 0, interpolation_duration: 1 }
$data merge entity $(bone_left_foot) { transformation: [-1.1768320187638714f,0.001352766449786362f,-0.025602041161711334f,1.0066756485190618f,-0.000022479700026630832f,1.1754166089769844f,0.06314023845594026f,-8.608738301807708f,0.025637745286524623f,0.06312574942558885f,-1.1751377539048957f,-1.3424746474745843f,0f,0f,0f,1f], start_interpolation: 0, interpolation_duration: 1 }
$data merge entity $(bone_left_knee) { transformation: [-2.903950135799774f,0.018311220262045864f,-0.060555730818922f,1.0923828362194468f,-0.00005547089720896781f,2.779569014708216f,0.8431635534882922f,-5.13048956925115f,0.06326368820641476f,0.8429646969004924f,-2.778909302958268f,-0.39283873360814103f,0f,0f,0f,1f], start_interpolation: 0, interpolation_duration: 1 }
$data merge entity $(bone_left_thigh) { transformation: [-2.47359611058515f,-0.1060807619827847f,-0.009048567523779328f,0.8928750000000001f,-0.1031326718104284f,2.439723455479477f,-0.40881026861807734f,-1.7132356249999998f,0.026432113845152143f,-0.4080552115333094f,-2.441885544131265f,-0.921835f,0f,0f,0f,1f], start_interpolation: 0, interpolation_duration: 1 }
$data merge entity $(bone_left_leg) { transformation: [-1f,0f,1.2246467991473532e-16f,0.8089781250000001f,0f,1f,0f,-1.5365431249999997f,-1.2246467991473532e-16f,0f,-1f,-0.963171875f,0f,0f,0f,1f], start_interpolation: 0, interpolation_duration: 1 }
data modify entity @s data merge value {"locators":{"consume":{"posx":2.5125567175989305,"posy":-1.940323212240036,"posz":1.5104207676858483,"roty":11.877833020147364,"rotx":-41.833012373815556}},"cameras":{}}