# This file was generated by Animated Java via MC-Build. It is not recommended to edit this file directly.
$data merge entity $(bone_right_thumb_2) { transformation: [-0.9754826602281502f,0.17594940158520272f,-0.1321945069812666f,-2.223047944291046f,0.2110902576788159f,0.5781548424081133f,-0.788148387877017f,-1.744906753531371f,-0.06224534285633097f,-0.7967300586032002f,-0.6011212282151073f,0.4213866289723315f,0f,0f,0f,1f], start_interpolation: 0, interpolation_duration: 1 }
$data merge entity $(bone_right_thumb) { transformation: [-0.9754826602281502f,0.17594940158520272f,-0.1321945069812666f,-2.376462790714832f,0.2110902576788159f,0.5781548424081133f,-0.788148387877017f,-1.4883034278828162f,-0.06224534285633097f,-0.7967300586032002f,-0.6011212282151073f,0.188909150407587f,0f,0f,0f,1f], start_interpolation: 0, interpolation_duration: 1 }
$data merge entity $(bone_right_fingers_2) { transformation: [0.983738346004202f,-0.16780118409097522f,-0.06404396317049081f,-2.255677826049949f,-0.17543330728253148f,-0.821284437856382f,-0.5428766221074905f,-2.2776381553919647f,0.03849702971437441f,0.5452839945868507f,-0.8373669111868332f,0.4314479288576491f,0f,0f,0f,1f], start_interpolation: 0, interpolation_duration: 1 }
$data merge entity $(bone_right_fingers) { transformation: [-0.29476924214421785f,-0.9534198784728268f,-0.06404396317049081f,-2.690145913432626f,-0.7913595940508297f,0.2811315814220573f,-0.5428766221074905f,-2.195390029485745f,0.5355941437221184f,-0.109341525780432f,-0.8373669111868332f,0.40127235559104263f,0f,0f,0f,1f], start_interpolation: 0, interpolation_duration: 1 }
$data merge entity $(bone_right_hand) { transformation: [-0.9901214299266028f,0.12473141056492587f,-0.06404396317049081f,-2.5575121570488464f,0.13944240961485638f,0.8281550504404134f,-0.5428766221074905f,-1.5393446825853805f,-0.01467543528832771f,-0.5464442219005708f,-0.8373669111868332f,-0.023918135610697444f,0f,0f,0f,1f], start_interpolation: 0, interpolation_duration: 1 }
$data merge entity $(bone_right_forearm) { transformation: [-1.8201867592467695f,-0.010163949165354645f,-0.11681360037946377f,-2.494358422027898f,0.05499882944185386f,1.5307963031017917f,-0.9901850174605858f,0.6697859891774289f,0.10355603244753461f,-0.9916591824718606f,-1.5273234024254565f,-1.549512824502547f,0f,0f,0f,1f], start_interpolation: 0, interpolation_duration: 1 }
$data merge entity $(bone_right_bicep) { transformation: [-1.5783115230558002f,0.1380843657797175f,1.8289671475203242e-16f,-2.274164375f,0.13016405245511073f,1.4877819275012867f,0.5288636984446238f,2.9841999806708337f,0.04609350845021451f,0.526851212403726f,-1.49346501276427f,-0.7082560763529335f,0f,0f,0f,1f], start_interpolation: 0, interpolation_duration: 1 }
$data merge entity $(bone_right_shoulder) { transformation: [-1.0131204166666665f,-4.141590690077538e-17f,1.1695491316594273e-16f,-1.827643125f,0f,0.9550093402225956f,0.33818654431310924f,3.1861286652133787f,-1.240714675421666e-16f,0.33818654431310924f,-0.9550093402225956f,-0.6148958956182751f,0f,0f,0f,1f], start_interpolation: 0, interpolation_duration: 1 }
$data merge entity $(bone_right_arm) { transformation: [-1.3293824999999997f,-2.1249977662598144e-17f,1.6140960522599745e-16f,-1.74976375f,0f,1.3180094484252691f,0.17351923572897268f,3.3342417141596092f,-1.628024023467506e-16f,0.17351923572897268f,-1.3180094484252691f,-0.526496368108889f,0f,0f,0f,1f], start_interpolation: 0, interpolation_duration: 1 }
$data merge entity $(bone_left_thumb_2) { transformation: [-0.9630324587018942f,-0.15566302961809986f,0.21985791934042107f,2.237457641871312f,-0.266596032894309f,0.43357744503803164f,-0.8607770642851199f,-1.5871249387021698f,0.03866573071339824f,-0.8875695017092504f,-0.4590482990971556f,1.2247970141892057f,0f,0f,0f,1f], start_interpolation: 0, interpolation_duration: 1 }
$data merge entity $(bone_left_thumb) { transformation: [-0.9630324587018942f,-0.15566302961809986f,0.21985791934042107f,2.3906736219986136f,-0.266596032894309f,0.43357744503803164f,-0.8607770642851199f,-1.3596645552746995f,0.03866573071339824f,-0.8875695017092504f,-0.4590482990971556f,0.9636193021201782f,0f,0f,0f,1f], start_interpolation: 0, interpolation_duration: 1 }
$data merge entity $(bone_left_fingers_2) { transformation: [0.9717763048837803f,0.17925355993994696f,0.15335897272504678f,2.3012270989699655f,0.23572878360288863f,-0.7127933870271916f,-0.6605736355557998f,-2.108215933865579f,-0.009096914176153437f,0.6780809307591238f,-0.7349309474320098f,1.3215767464077175f,0f,0f,0f,1f], start_interpolation: 0, interpolation_duration: 1 }
$data merge entity $(bone_left_fingers) { transformation: [-0.3045622816515741f,0.9400653392610034f,0.15335897272504678f,2.7310230089785543f,0.6759265602689934f,0.32675029782927545f,-0.6605736355557998f,-2.001455105359038f,-0.671092468828338f,-0.09752641072332248f,-0.7349309474320098f,1.3038161262749277f,0f,0f,0f,1f], start_interpolation: 0, interpolation_duration: 1 }
$data merge entity $(bone_left_hand) { transformation: [-0.9786703196371662f,-0.1366946631950399f,0.15335897272504678f,2.588528220242874f,-0.20441281117393112f,0.7223973107899588f,-0.6605736355557998f,-1.430360730987424f,-0.020489218854261373f,-0.6778323497867524f,-0.7349309474320098f,0.7724776135782312f,0f,0f,0f,1f], start_interpolation: 0, interpolation_duration: 1 }
$data merge entity $(bone_left_forearm) { transformation: [-1.8023272279982925f,-0.014196080153640364f,0.27972056799200434f,2.4969753669967343f,-0.19766662400012142f,1.3550165239524934f,-1.2048596130693419f,0.5049659875975512f,-0.19842638586108644f,-1.2208837998587254f,-1.3404843446568606f,-1.0870423355857777f,0f,0f,0f,1f], start_interpolation: 0, interpolation_duration: 1 }
$data merge entity $(bone_left_bicep) { transformation: [-1.5648088491807455f,-0.13808436577971758f,0.20601099324150396f,2.274164375f,-0.09692465297033728f,1.5518825507093552f,0.3039748613519082f,2.9224066673459266f,-0.22828366795659633f,0.28762442979438535f,-1.5411986602035583f,-0.6190185323264125f,0f,0f,0f,1f], start_interpolation: 0, interpolation_duration: 1 }
$data merge entity $(bone_left_shoulder) { transformation: [-1.0131204166666667f,-2.261022908612865e-17f,1.2199387934949721e-16f,1.827643125f,0f,0.9961556216407385f,0.1846265315180734f,3.136454024629597f,-1.2407146754216663e-16f,0.1846265315180734f,-0.9961556216407385f,-0.5583963760816261f,0f,0f,0f,1f], start_interpolation: 0, interpolation_duration: 1 }
$data merge entity $(bone_left_arm) { transformation: [-1.3293824999999997f,-2.1249977662598144e-17f,1.6140960522599745e-16f,1.749763125f,0f,1.3180094484252691f,0.17351923572897268f,3.292724960589581f,-1.628024023467506e-16f,0.17351923572897268f,-1.3180094484252691f,-0.5319621524081032f,0f,0f,0f,1f], start_interpolation: 0, interpolation_duration: 1 }
$data merge entity $(bone_chest) { transformation: [-2.632522916666667f,-4.2080479602706066e-17f,3.1963297600770146e-16f,2.6597874209406523e-17f,0f,2.6100013181779627f,0.3436131922445242f,4.0674125f,-3.2239107635778877e-16f,0.3436131922445242f,-2.6100013181779627f,-0.335938125f,0f,0f,0f,1f], start_interpolation: 0, interpolation_duration: 1 }
$data merge entity $(bone_weist) { transformation: [-1.9493945833333333f,0f,2.387319836754355e-16f,2.5797644066588673e-17f,0f,1.9493945833333333f,0f,0.11961874999999988f,-2.387319836754355e-16f,0f,-1.9493945833333333f,-0.32940375f,0f,0f,0f,1f], start_interpolation: 0, interpolation_duration: 1 }
$data merge entity $(bone_right_cheek) { transformation: [-0.9994507871842389f,0.0017979576863924331f,0.0330891424029614f,-0.8806251465728707f,0.0017845721380115361f,0.9999983134462976f,-0.0004340585725268742f,-1.575320587745224f,-0.033089867015292596f,-0.0003747702203930059f,-0.9994523101420059f,-1.039467022629479f,0f,0f,0f,1f], start_interpolation: 0, interpolation_duration: 1 }
$data merge entity $(bone_right_foot) { transformation: [-1.1765903141298837f,-0.021291413837153095f,0.027799339364801046f,-0.9518342113242877f,0.008142216625769905f,0.7425399331857053f,0.9133230790960829f,-7.26953580529373f,-0.0340563045664577f,0.9131111751577382f,-0.7420640435958973f,-2.6242352310527037f,0f,0f,0f,1f], start_interpolation: 0, interpolation_duration: 1 }
$data merge entity $(bone_right_knee) { transformation: [-2.9033537055586685f,-0.050521313310542f,0.07009668932376122f,-1.0771733367968033f,0.020091729914819667f,1.8970647234856621f,2.199470492147899f,-4.839620467341813f,-0.08403732112462765f,2.1989819736281766f,-1.8958757071207362f,0.03793865679430497f,0f,0f,0f,1f], start_interpolation: 0, interpolation_duration: 1 }
$data merge entity $(bone_right_leg) { transformation: [-2.4739317888112753f,0.09477537605823559f,-0.026303143179602834f,-0.8928749999999999f,0.09835610546418873f,2.3800814020557968f,-0.6749454193081773f,-1.5011985879629632f,-0.000551149729246465f,-0.6754575268809978f,-2.381967579240499f,-0.8666266666666669f,0f,0f,0f,1f], start_interpolation: 0, interpolation_duration: 1 }
$data merge entity $(bone_left_cheek) { transformation: [-0.9998054054289057f,-0.0005593522840223983f,-0.019718985779285565f,0.8221148847354588f,-0.00046048236347946f,0.9999873030851406f,-0.005018129581825792f,-1.5155665426251077f,0.01972154231124513f,-0.005008072835875038f,-0.9997929685566589f,-0.9755182536580768f,0f,0f,0f,1f], start_interpolation: 0, interpolation_duration: 1 }
$data merge entity $(bone_left_foot) { transformation: [-1.1768466696735884f,0.0011671093037584233f,-0.024928875037189272f,1.0086636569486387f,0.00020962455198987663f,1.1762441329382687f,0.04517289743209264f,-8.629185151988132f,0.024955300284587256f,0.0451583044493064f,-1.1759799553578847f,-1.2854136520799697f,0f,0f,0f,1f], start_interpolation: 0, interpolation_duration: 1 }
$data merge entity $(bone_left_knee) { transformation: [-2.903986288377699f,0.016747347627169114f,-0.05926087913455215f,1.092475201528918f,0.0005172694458614243f,2.8017002192959266f,0.7664230569101521f,-5.12610968911104f,0.061579687240725926f,0.7662402339205615f,-2.8010734611171344f,-0.4317121452034276f,0f,0f,0f,1f], start_interpolation: 0, interpolation_duration: 1 }
$data merge entity $(bone_left_leg) { transformation: [-2.473586460912539f,-0.10616527145545142f,-0.010567803273775113f,0.8928750000000001f,-0.10308427196443376f,2.4414539813832077f,-0.3983576440846932f,-1.7066106250000006f,0.027502294500742232f,-0.39754762590655063f,-2.443606398721431f,-0.9459599999999999f,0f,0f,0f,1f], start_interpolation: 0, interpolation_duration: 1 }
data modify entity @s data merge value {"locators":{"consume":{"posx":2.5125567175989305,"posy":-1.9894323204594575,"posz":1.4657666124590194,"roty":11.786844494657004,"rotx":-41.343636183150316}},"cameras":{}}