# This file was generated by Animated Java via MC-Build. It is not recommended to edit this file directly.
$data merge entity $(bone_right_thumb_2) { transformation: [-0.9754826602281502f,0.17594940158520272f,-0.1321945069812666f,-2.223047944291046f,0.21405863535707503f,0.6190601307746132f,-0.7556080036066225f,-1.6130416647420698f,-0.05111242728806648f,-0.7653798812139812f,-0.6415459120044289f,0.22386128971596958f,0f,0f,0f,1f], start_interpolation: 0, interpolation_duration: 1 }
$data merge entity $(bone_right_thumb) { transformation: [-0.9754826602281502f,0.17594940158520272f,-0.1321945069812666f,-2.376462790714832f,0.21405863535707503f,0.6190601307746132f,-0.7556080036066225f,-1.3446230738875429f,-0.05111242728806648f,-0.7653798812139812f,-0.6415459120044289f,0.005131993878878943f,0f,0f,0f,1f], start_interpolation: 0, interpolation_duration: 1 }
$data merge entity $(bone_right_fingers_2) { transformation: [0.983738346004202f,-0.16780118409097522f,-0.06404396317049081f,-2.255677826049949f,-0.17720766089462542f,-0.8486968553583657f,-0.49830823054117473f,-2.1455695444818117f,0.029262800979605222f,0.50155399542072f,-0.8646312960773166f,0.20602779360245232f,0f,0f,0f,1f], start_interpolation: 0, interpolation_duration: 1 }
$data merge entity $(bone_right_fingers) { transformation: [-0.29476924214421785f,-0.9534198784728268f,-0.06404396317049081f,-2.690145913432626f,-0.8183058949003663f,0.2864687936691081f,-0.49830823054117473f,-2.0618548692915613f,0.4934435694758155f,-0.09447838687565367f,-0.8646312960773166f,0.18019810922876062f,0f,0f,0f,1f], start_interpolation: 0, interpolation_duration: 1 }
$data merge entity $(bone_right_hand) { transformation: [-0.9901214299266028f,0.12473141056492587f,-0.06404396317049081f,-2.5575121570488464f,0.14001936157783682f,0.8556187736125584f,-0.49830823054117473f,-1.384455858796097f,-0.007357471266289779f,-0.5023530526036698f,-0.8646312960773166f,-0.21007491261333744f,0f,0f,0f,1f], start_interpolation: 0, interpolation_duration: 1 }
$data merge entity $(bone_right_forearm) { transformation: [-1.8201867592467695f,-0.010163949165354649f,-0.11681360037946377f,-2.494358422027898f,0.04950375147469762f,1.5805978315523246f,-0.9088940725494516f,0.901490733040768f,0.10629252883519304f,-0.9101844596909796f,-1.5770525385301424f,-1.6179618608331305f,0f,0f,0f,1f], start_interpolation: 0, interpolation_duration: 1 }
$data merge entity $(bone_right_bicep) { transformation: [-1.5783115230558002f,0.1380843657797175f,1.792564118169442e-16f,-2.274164375f,0.12757331930368299f,1.4581697120779697f,0.6063008286847363f,3.168704924235063f,0.05284259905253866f,0.6039936709843661f,-1.463739683488737f,-0.6567309564324807f,0f,0f,0f,1f], start_interpolation: 0, interpolation_duration: 1 }
$data merge entity $(bone_right_shoulder) { transformation: [-1.0131204166666665f,-4.748009505761014e-17f,1.1462708943084618e-16f,-1.827643125f,0f,0.9360012169276399f,0.3877043984491498f,3.3654707781996254f,-1.240714675421666e-16f,0.3877043984491498f,-0.9360012169276399f,-0.5529305917824119f,0f,0f,0f,1f], start_interpolation: 0, interpolation_duration: 1 }
$data merge entity $(bone_right_arm) { transformation: [-1.3293824999999997f,-2.1249977662598144e-17f,1.6140960522599745e-16f,-1.74976375f,0f,1.3180094484252691f,0.17351923572897268f,3.5217417141596092f,-1.628024023467506e-16f,0.17351923572897268f,-1.3180094484252691f,-0.526496368108889f,0f,0f,0f,1f], start_interpolation: 0, interpolation_duration: 1 }
$data merge entity $(bone_left_thumb_2) { transformation: [-0.9630324587018942f,-0.15566302961809986f,0.21985791934042107f,2.237457641871312f,-0.2639751905879937f,0.38256132045937197f,-0.885417378891116f,-1.2909336635217128f,0.05371761573838656f,-0.9107227115310653f,-0.4095101469571747f,1.4897219104646988f,0f,0f,0f,1f], start_interpolation: 0, interpolation_duration: 1 }
$data merge entity $(bone_left_thumb) { transformation: [-0.9630324587018942f,-0.15566302961809986f,0.21985791934042107f,2.3906736219986136f,-0.2639751905879937f,0.38256132045937197f,-0.885417378891116f,-1.078646003872564f,0.05371761573838656f,-0.9107227115310653f,-0.4095101469571747f,1.2160688950030183f,0f,0f,0f,1f], start_interpolation: 0, interpolation_duration: 1 }
$data merge entity $(bone_left_fingers_2) { transformation: [0.9717763048837803f,0.17925355993994696f,0.15335897272504678f,2.3012270989699655f,0.2348339246368688f,-0.6732046822780043f,-0.701176499605211f,-1.8056998598961953f,-0.022446405192618632f,0.7174005973009965f,-0.6962991755604065f,1.6158880900804196f,0f,0f,0f,1f], start_interpolation: 0, interpolation_duration: 1 }
$data merge entity $(bone_left_fingers) { transformation: [-0.3045622816515741f,0.9400653392610034f,0.15335897272504678f,2.7310230089785543f,0.6367933449103753f,0.32069573161992554f,-0.701176499605211f,-1.7001176370376454f,-0.7083332919417544f,-0.11589394134662553f,-0.6962991755604065f,1.5921034659052977f,0f,0f,0f,1f], start_interpolation: 0, interpolation_duration: 1 }
$data merge entity $(bone_left_hand) { transformation: [-0.9786703196371662f,-0.1366946631950399f,0.15335897272504678f,2.588528220242874f,-0.20524563896310918f,0.6828072525156779f,-0.701176499605211f,-1.1600648319874207f,-0.008867533361204633f,-0.7176968893383793f,-0.6962991755604065f,1.029242588537696f,0f,0f,0f,1f], start_interpolation: 0, interpolation_duration: 1 }
$data merge entity $(bone_left_forearm) { transformation: [-1.8023272279982925f,-0.014196080153640364f,0.27972056799200434f,2.4969753669967343f,-0.20859805588950392f,1.2836219050767819f,-1.278917596063046f,0.666727874207087f,-0.18690097893969818f,-1.2957398804346616f,-1.2700215541305027f,-0.9370057064653414f,0f,0f,0f,1f], start_interpolation: 0, interpolation_duration: 1 }
$data merge entity $(bone_left_bicep) { transformation: [-1.5648088491807455f,-0.13808436577971755f,0.20601099324150396f,2.274164375f,-0.10971080368889828f,1.5656928430078836f,0.21611112139668776f,3.106814086987148f,-0.22242158385164387f,0.1991812871848434f,-1.5559530872606093f,-0.6067860905726614f,0f,0f,0f,1f], start_interpolation: 0, interpolation_duration: 1 }
$data merge entity $(bone_left_shoulder) { transformation: [-1.0131204166666667f,-1.565769130299099e-17f,1.230795099158554e-16f,1.827643125f,0f,1.0050204679549086f,0.12785475219379566f,3.323954024629597f,-1.2407146754216663e-16f,0.12785475219379566f,-1.0050204679549086f,-0.5583963760816261f,0f,0f,0f,1f], start_interpolation: 0, interpolation_duration: 1 }
$data merge entity $(bone_left_arm) { transformation: [-1.3293824999999997f,-2.1249977662598144e-17f,1.6140960522599745e-16f,1.749763125f,0f,1.3180094484252691f,0.17351923572897268f,3.480224960589581f,-1.628024023467506e-16f,0.17351923572897268f,-1.3180094484252691f,-0.5319621524081032f,0f,0f,0f,1f], start_interpolation: 0, interpolation_duration: 1 }
$data merge entity $(bone_chest) { transformation: [-2.632522916666667f,-4.2080479602706066e-17f,3.1963297600770146e-16f,2.6597874209406523e-17f,0f,2.6100013181779627f,0.3436131922445242f,4.2549125f,-3.2239107635778877e-16f,0.3436131922445242f,-2.6100013181779627f,-0.335938125f,0f,0f,0f,1f], start_interpolation: 0, interpolation_duration: 1 }
$data merge entity $(bone_weist) { transformation: [-1.9493945833333333f,0f,2.387319836754355e-16f,2.5797644066588673e-17f,0f,1.9493945833333333f,0f,0.3071187499999999f,-2.387319836754355e-16f,0f,-1.9493945833333333f,-0.32940375f,0f,0f,0f,1f], start_interpolation: 0, interpolation_duration: 1 }
$data merge entity $(bone_right_cheek) { transformation: [-0.9995417382284482f,-0.008295081972198668f,0.02911194178214456f,-0.8786621084428057f,-0.008310588816309496f,0.9999653817063598f,-0.00041170666767603725f,-1.5718340312364258f,-0.029107518835838647f,-0.0006534553760448869f,-0.9995760728145171f,-0.8745654421806375f,0f,0f,0f,1f], start_interpolation: 0, interpolation_duration: 1 }
$data merge entity $(bone_right_foot) { transformation: [-1.175830186227099f,-0.03590135463217398f,0.0415374622393224f,-0.9150490301191487f,0.0002168909667613825f,0.8875224316109888f,0.77323656226422f,-7.23744733909668f,-0.054901921569438634f,0.7724026935475143f,-0.8865499156195836f,-1.2922560511461205f,0f,0f,0f,1f], start_interpolation: 0, interpolation_duration: 1 }
$data merge entity $(bone_right_knee) { transformation: [-2.901478014303399f,-0.08746683950342225f,0.10345807380438386f,-1.085053874572088f,0.0005352000475327286f,2.210732692653218f,1.8840353934385594f,-4.429502164598645f,-0.1354759558332765f,1.882004038825518f,-2.2083106103466346f,0.9647132674309817f,0f,0f,0f,1f], start_interpolation: 0, interpolation_duration: 1 }
$data merge entity $(bone_right_leg) { transformation: [-2.4738317406210935f,0.1006539234079689f,-0.00616682554119774f,-0.8928749999999999f,0.08861708092086022f,2.0975902130760344f,-1.3123547667897437f,-1.4752473437500004f,-0.04812748698756823f,-1.3114864881687802f,-2.099452228388644f,-0.8332607812500001f,0f,0f,0f,1f], start_interpolation: 0, interpolation_duration: 1 }
$data merge entity $(bone_left_cheek) { transformation: [-0.99990364927397f,-0.007126075669703066f,-0.011912649333680105f,0.820244988112734f,-0.00676685618759543f,0.9995291652113827f,-0.029927538307930324f,-1.5365709548925053f,0.012120306346539458f,-0.029844043583031797f,-0.9994810809798654f,-0.9700975174684807f,0f,0f,0f,1f], start_interpolation: 0, interpolation_duration: 1 }
$data merge entity $(bone_left_foot) { transformation: [-1.1769924198598682f,0.0016772548208515664f,-0.01664107223830718f,1.0113123697183333f,-0.00028181865233902246f,1.1690224325967584f,0.1377583664986172f,-8.611449616824734f,0.016723009514492942f,0.1377484438329016f,-1.1689040174671976f,-1.9593168847782625f,0f,0f,0f,1f], start_interpolation: 0, interpolation_duration: 1 }
$data merge entity $(bone_left_knee) { transformation: [-2.9043459414687867f,0.010928942468722053f,-0.039798228909453476f,1.088577143395638f,-0.0006954155739154996f,2.787592150285723f,0.816246414140131f,-5.124150665908889f,0.04126569040975142f,0.8161735418499902f,-2.78730812450168f,-1.0427229080635987f,0f,0f,0f,1f], start_interpolation: 0, interpolation_duration: 1 }
$data merge entity $(bone_left_leg) { transformation: [-2.4737156338787036f,-0.10334510433773281f,-0.007967123230363783f,0.8928750000000001f,-0.1034542535895018f,2.473440218322958f,0.03746233756425268f,-1.6672746875000009f,0.0063955498109026015f,0.03776239837407157f,-2.475589994556998f,-0.9479912500000001f,0f,0f,0f,1f], start_interpolation: 0, interpolation_duration: 1 }
data modify entity @s data merge value {"locators":{"consume":{"posx":2.5125567175989305,"posy":-1.6789327642279814,"posz":1.7531118771639758,"roty":12.421008226865098,"rotx":-44.521471105007166}},"cameras":{}}