# This file was generated by Animated Java via MC-Build. It is not recommended to edit this file directly.
$data merge entity $(bone_right_thumb_2) { transformation: [-0.9754826602281502f,0.1759494015852027f,-0.1321945069812666f,-2.223047944291046f,0.21666840536524629f,0.6625156612574818f,-0.7170270571638444f,-1.5664519073595264f,-0.0385795504210767f,-0.7280898342034248f,-0.6843952159526958f,-0.06692767342721018f,0f,0f,0f,1f], start_interpolation: 0, interpolation_duration: 1 }
$data merge entity $(bone_right_thumb) { transformation: [-0.9754826602281502f,0.1759494015852027f,-0.1321945069812666f,-2.376462790714832f,0.21666840536524629f,0.6625156612574818f,-0.7170270571638444f,-1.285769460793618f,-0.0385795504210767f,-0.7280898342034248f,-0.6843952159526958f,-0.26967976087268f,0f,0f,0f,1f], start_interpolation: 0, interpolation_duration: 1 }
$data merge entity $(bone_right_fingers_2) { transformation: [0.983738346004202f,-0.16780118409097522f,-0.06404396317049081f,-2.255677826049949f,-0.17860933413567337f,-0.8764237658565304f,-0.44719133310191617f,-2.0970419086302154f,0.018909583827464757f,0.4513581119903839f,-0.8921425235801441f,-0.11569474054535914f,0f,0f,0f,1f], start_interpolation: 0, interpolation_duration: 1 }
$data merge entity $(bone_right_fingers) { transformation: [-0.29476924214421785f,-0.9534198784728268f,-0.06404396317049081f,-2.690145913432626f,-0.8456126427646524f,0.29147756345062187f,-0.44719133310191617f,-2.0119670028420393f,0.4450284847987862f,-0.07766186540219347f,-0.8921425235801441f,-0.1366131497149543f,0f,0f,0f,1f], start_interpolation: 0, interpolation_duration: 1 }
$data merge entity $(bone_right_hand) { transformation: [-0.9901214299266028f,0.12473141056492586f,-0.06404396317049081f,-2.5575121570488464f,0.14021026988708118f,0.88338043436377f,-0.44719133310191617f,-1.3130216861761497f,0.0007963782337138473f,-0.45175334354242563f,-0.8921425235801441f,-0.48683864180371716f,0f,0f,0f,1f], start_interpolation: 0, interpolation_duration: 1 }
$data merge entity $(bone_right_forearm) { transformation: [-1.8201867592467695f,-0.010163949165354664f,-0.11681360037946377f,-2.494358422027898f,0.04323963805863983f,1.6308462298702673f,-0.8156589175948489f,1.050918791556525f,0.10899108585938024f,-0.8167409811493521f,-1.627231905583188f,-1.759427694654335f,0f,0f,0f,1f], start_interpolation: 0, interpolation_duration: 1 }
$data merge entity $(bone_right_bicep) { transformation: [-1.5783115230558002f,0.13808436577971747f,1.7463585938822744e-16f,-2.274164375f,0.12428496155751745f,1.4205836110491072f,0.6903839571085296f,3.2584066086943473f,0.06017092656286109f,0.6877568377191163f,-1.4260100096600565f,-0.6679962595583013f,0f,0f,0f,1f], start_interpolation: 0, interpolation_duration: 1 }
$data merge entity $(bone_right_shoulder) { transformation: [-1.0131204166666665f,-5.4064738754969886e-17f,1.116724365339261e-16f,-1.827643125f,0f,0.9118746450950332f,0.44147209458769554f,3.4488041115329593f,-1.240714675421666e-16f,0.44147209458769554f,-0.9118746450950332f,-0.5529305917824119f,0f,0f,0f,1f], start_interpolation: 0, interpolation_duration: 1 }
$data merge entity $(bone_right_arm) { transformation: [-1.3293824999999997f,-2.1249977662598144e-17f,1.6140960522599745e-16f,-1.74976375f,0f,1.3180094484252691f,0.17351923572897268f,3.605075047492943f,-1.628024023467506e-16f,0.17351923572897268f,-1.3180094484252691f,-0.526496368108889f,0f,0f,0f,1f], start_interpolation: 0, interpolation_duration: 1 }
$data merge entity $(bone_left_thumb_2) { transformation: [-0.9630324587018942f,-0.15566302961809986f,0.21985791934042107f,2.237457641871312f,-0.26247856963270066f,0.358590284906978f,-0.8958336944176101f,-1.152405436921708f,0.06060927297168327f,-0.9204249175138876f,-0.38619229309943126f,1.6098237479401727f,0f,0f,0f,1f], start_interpolation: 0, interpolation_duration: 1 }
$data merge entity $(bone_left_thumb) { transformation: [-0.9630324587018942f,-0.15566302961809986f,0.21985791934042107f,2.3906736219986136f,-0.26247856963270066f,0.358590284906978f,-0.8958336944176101f,-0.9473539237915526f,0.06060927297168327f,-0.9204249175138876f,-0.38619229309943126f,1.330707463439219f,0f,0f,0f,1f], start_interpolation: 0, interpolation_duration: 1 }
$data merge entity $(bone_left_fingers_2) { transformation: [0.9717763048837803f,0.17925355993994696f,0.15335897272504678f,2.3012270989699655f,0.23416587452757912f,-0.6541946334954643f,-0.7191632114565296f,-1.6636925902152633f,-0.0285859488763249f,0.7347772062023905f,-0.6777059102385409f,1.7494217016703453f,0f,0f,0f,1f], start_interpolation: 0, interpolation_duration: 1 }
$data merge entity $(bone_left_fingers) { transformation: [-0.3045622816515741f,0.9400653392610034f,0.15335897272504678f,2.7310230089785543f,0.6180331277674381f,0.3175520874904277f,-0.7191632114565296f,-1.5587691566250665f,-0.7247598702861412f,-0.12424906297661217f,-0.6777059102385409f,1.7228814075018952f,0f,0f,0f,1f], start_interpolation: 0, interpolation_duration: 1 }
$data merge entity $(bone_left_hand) { transformation: [-0.9786703196371662f,-0.1366946631950399f,0.15335897272504678f,2.588528220242874f,-0.20540743137117531f,0.6637861571508002f,-0.7191632114565296f,-1.0336353942743886f,-0.0034917901974396426f,-0.7353247626926266f,-0.6777059102385409f,1.1460764741378815f,0f,0f,0f,1f], start_interpolation: 0, interpolation_duration: 1 }
$data merge entity $(bone_left_forearm) { transformation: [-1.8023272279982925f,-0.014196080153640364f,0.27972056799200434f,2.4969753669967343f,-0.21341907180999864f,1.2492635240384964f,-1.3117246315169135f,0.7410609357061335f,-0.1813764721160293f,-1.328897166995511f,-1.2361081896612265f,-0.867317894921859f,0f,0f,0f,1f], start_interpolation: 0, interpolation_duration: 1 }
$data merge entity $(bone_left_bicep) { transformation: [-1.5648088491807455f,-0.13808436577971755f,0.20601099324150396f,2.274164375f,-0.11549552683960232f,1.5703702774331694f,0.17530696197818407f,3.1889551336990563f,-0.2194734714929814f,0.15812797211496435f,-1.5610770306519581f,-0.6010854477028242f,0f,0f,0f,1f], start_interpolation: 0, interpolation_duration: 1 }
$data merge entity $(bone_left_shoulder) { transformation: [-1.0131204166666667f,-1.2430479834415308e-17f,1.234472042176456e-16f,1.827643125f,0f,1.0080229197805797f,0.10150257072545234f,3.407287357962931f,-1.2407146754216663e-16f,0.10150257072545234f,-1.0080229197805797f,-0.5583963760816261f,0f,0f,0f,1f], start_interpolation: 0, interpolation_duration: 1 }
$data merge entity $(bone_left_arm) { transformation: [-1.3293824999999997f,-2.1249977662598144e-17f,1.6140960522599745e-16f,1.749763125f,0f,1.3180094484252691f,0.17351923572897268f,3.563558293922915f,-1.628024023467506e-16f,0.17351923572897268f,-1.3180094484252691f,-0.5319621524081032f,0f,0f,0f,1f], start_interpolation: 0, interpolation_duration: 1 }
$data merge entity $(bone_chest) { transformation: [-2.632522916666667f,-4.2080479602706066e-17f,3.1963297600770146e-16f,2.6597874209406523e-17f,0f,2.6100013181779627f,0.3436131922445242f,4.338245833333334f,-3.2239107635778877e-16f,0.3436131922445242f,-2.6100013181779627f,-0.335938125f,0f,0f,0f,1f], start_interpolation: 0, interpolation_duration: 1 }
$data merge entity $(bone_weist) { transformation: [-1.9493945833333333f,0f,2.387319836754355e-16f,2.5797644066588673e-17f,0f,1.9493945833333333f,0f,0.39045208333333337f,-2.387319836754355e-16f,0f,-1.9493945833333333f,-0.32940375f,0f,0f,0f,1f], start_interpolation: 0, interpolation_duration: 1 }
$data merge entity $(bone_right_foot) { transformation: [-1.1757965106561752f,-0.032330546312822714f,0.045257001452146284f,-0.9309768851452536f,-0.0011788557971825354f,0.9720848749546642f,0.6638075783387436f,-7.384185875147434f,-0.05560639085873668f,0.6630208341643967f,-0.9710315121746441f,-0.8235705427706197f,0f,0f,0f,1f], start_interpolation: 0, interpolation_duration: 1 }
$data merge entity $(bone_right_knee) { transformation: [-2.901394916480432f,-0.07937224841734238f,0.1119655006540305f,-1.090643591048054f,-0.0029089440104734772f,2.404656287003599f,1.6292784807861536f,-4.344375487569912f,-0.13721430392009407f,1.627346575284217f,-2.4020499676827045f,1.1107064812682323f,0f,0f,0f,1f], start_interpolation: 0, interpolation_duration: 1 }
$data merge entity $(bone_right_thigh) { transformation: [-2.4736704907689306f,0.10470051332574756f,-0.002197395591281522f,-0.8928749999999999f,0.08723700009887304f,2.0314259531583665f,-1.412696367089345f,-1.480943958333333f,-0.05793730967009816f,-1.4115095190196234f,-2.0332970439176474f,-0.8280850000000003f,0f,0f,0f,1f], start_interpolation: 0, interpolation_duration: 1 }
$data merge entity $(bone_right_leg) { transformation: [-1f,0f,1.2246467991473532e-16f,-0.8089787499999999f,0f,1f,0f,-1.5365431249999997f,-1.2246467991473532e-16f,0f,-1f,-0.8694218750000002f,0f,0f,0f,1f], start_interpolation: 0, interpolation_duration: 1 }
$data merge entity $(bone_left_foot) { transformation: [-1.1770439858323585f,0.0003076942870766209f,-0.012579968865732387f,1.0223897825037838f,-0.003618605627921519f,1.1187790333848133f,0.36593889521122924f,-8.22556125587769f,0.012052219121251935f,0.365956656804233f,-1.1187141566242402f,-3.36158244721371f,0f,0f,0f,1f], start_interpolation: 0, interpolation_duration: 1 }
$data merge entity $(bone_left_knee) { transformation: [-2.904473185638242f,0.005179037465656746f,-0.030616662349062757f,1.0928359156741125f,-0.008929269544897535f,2.603681278270425f,1.2875141777330092f,-4.950188679258817f,0.029740050233006677f,1.2875347246925193f,-2.6035165739163486f,-1.8534908839742092f,0f,0f,0f,1f], start_interpolation: 0, interpolation_duration: 1 }
$data merge entity $(bone_left_thigh) { transformation: [-2.4735961091245393f,-0.1063543313829075f,-0.004875249644418973f,0.8928750000000001f,-0.10418585225207293f,2.3947420281433702f,0.6199747170436465f,-1.6132356249999997f,-0.021916205271669136f,0.6196064055341384f,-2.397002358177108f,-0.9468349999999999f,0f,0f,0f,1f], start_interpolation: 0, interpolation_duration: 1 }
$data merge entity $(bone_left_leg) { transformation: [-1f,0f,1.2246467991473532e-16f,0.8089781250000001f,0f,1f,0f,-1.5365431249999997f,-1.2246467991473532e-16f,0f,-1f,-0.9881718749999999f,0f,0f,0f,1f], start_interpolation: 0, interpolation_duration: 1 }
data modify entity @s data merge value {"locators":{"consume":{"posx":2.5125567175989305,"posy":-1.5333768344835592,"posz":1.8832800898788622,"roty":12.750786676857189,"rotx":-45.985436774635886}},"cameras":{}}