# This file was generated by Animated Java via MC-Build. It is not recommended to edit this file directly.
$data merge entity $(bone_right_thumb_2) { transformation: [-0.9754826602281502f,0.1759494015852027f,-0.1321945069812666f,-2.223047944291046f,0.21666840536524629f,0.6625156612574818f,-0.7170270571638444f,-1.5664519073595264f,-0.0385795504210767f,-0.7280898342034248f,-0.6843952159526958f,-0.06692767342721018f,0f,0f,0f,1f], start_interpolation: 0, interpolation_duration: 1 }
$data merge entity $(bone_right_thumb) { transformation: [-0.9754826602281502f,0.1759494015852027f,-0.1321945069812666f,-2.376462790714832f,0.21666840536524629f,0.6625156612574818f,-0.7170270571638444f,-1.285769460793618f,-0.0385795504210767f,-0.7280898342034248f,-0.6843952159526958f,-0.26967976087268f,0f,0f,0f,1f], start_interpolation: 0, interpolation_duration: 1 }
$data merge entity $(bone_right_fingers_2) { transformation: [0.983738346004202f,-0.16780118409097522f,-0.06404396317049081f,-2.255677826049949f,-0.17860933413567337f,-0.8764237658565304f,-0.44719133310191617f,-2.0970419086302154f,0.018909583827464757f,0.4513581119903839f,-0.8921425235801441f,-0.11569474054535914f,0f,0f,0f,1f], start_interpolation: 0, interpolation_duration: 1 }
$data merge entity $(bone_right_fingers) { transformation: [-0.29476924214421785f,-0.9534198784728268f,-0.06404396317049081f,-2.690145913432626f,-0.8456126427646524f,0.29147756345062187f,-0.44719133310191617f,-2.0119670028420393f,0.4450284847987862f,-0.07766186540219347f,-0.8921425235801441f,-0.1366131497149543f,0f,0f,0f,1f], start_interpolation: 0, interpolation_duration: 1 }
$data merge entity $(bone_right_hand) { transformation: [-0.9901214299266028f,0.12473141056492586f,-0.06404396317049081f,-2.5575121570488464f,0.14021026988708118f,0.88338043436377f,-0.44719133310191617f,-1.3130216861761497f,0.0007963782337138473f,-0.45175334354242563f,-0.8921425235801441f,-0.48683864180371716f,0f,0f,0f,1f], start_interpolation: 0, interpolation_duration: 1 }
$data merge entity $(bone_right_forearm) { transformation: [-1.8201867592467695f,-0.010163949165354664f,-0.11681360037946377f,-2.494358422027898f,0.04323963805863983f,1.6308462298702673f,-0.8156589175948489f,1.050918791556525f,0.10899108585938024f,-0.8167409811493521f,-1.627231905583188f,-1.759427694654335f,0f,0f,0f,1f], start_interpolation: 0, interpolation_duration: 1 }
$data merge entity $(bone_right_bicep) { transformation: [-1.5783115230558002f,0.13808436577971747f,1.7463585938822744e-16f,-2.274164375f,0.12428496155751745f,1.4205836110491072f,0.6903839571085296f,3.2584066086943473f,0.06017092656286109f,0.6877568377191163f,-1.4260100096600565f,-0.6679962595583013f,0f,0f,0f,1f], start_interpolation: 0, interpolation_duration: 1 }
$data merge entity $(bone_right_shoulder) { transformation: [-1.0131204166666665f,-5.4064738754969886e-17f,1.116724365339261e-16f,-1.827643125f,0f,0.9118746450950332f,0.44147209458769554f,3.4488041115329593f,-1.240714675421666e-16f,0.44147209458769554f,-0.9118746450950332f,-0.5529305917824119f,0f,0f,0f,1f], start_interpolation: 0, interpolation_duration: 1 }
$data merge entity $(bone_right_arm) { transformation: [-1.3293824999999997f,-2.1249977662598144e-17f,1.6140960522599745e-16f,-1.74976375f,0f,1.3180094484252691f,0.17351923572897268f,3.605075047492943f,-1.628024023467506e-16f,0.17351923572897268f,-1.3180094484252691f,-0.526496368108889f,0f,0f,0f,1f], start_interpolation: 0, interpolation_duration: 1 }
$data merge entity $(bone_left_thumb_2) { transformation: [-0.9630324587018942f,-0.15566302961809986f,0.21985791934042107f,2.237457641871312f,-0.26247856963270066f,0.358590284906978f,-0.8958336944176101f,-1.152405436921708f,0.06060927297168327f,-0.9204249175138876f,-0.38619229309943126f,1.6098237479401727f,0f,0f,0f,1f], start_interpolation: 0, interpolation_duration: 1 }
$data merge entity $(bone_left_thumb) { transformation: [-0.9630324587018942f,-0.15566302961809986f,0.21985791934042107f,2.3906736219986136f,-0.26247856963270066f,0.358590284906978f,-0.8958336944176101f,-0.9473539237915526f,0.06060927297168327f,-0.9204249175138876f,-0.38619229309943126f,1.330707463439219f,0f,0f,0f,1f], start_interpolation: 0, interpolation_duration: 1 }
$data merge entity $(bone_left_fingers_2) { transformation: [0.9717763048837803f,0.17925355993994696f,0.15335897272504678f,2.3012270989699655f,0.23416587452757912f,-0.6541946334954643f,-0.7191632114565296f,-1.6636925902152633f,-0.0285859488763249f,0.7347772062023905f,-0.6777059102385409f,1.7494217016703453f,0f,0f,0f,1f], start_interpolation: 0, interpolation_duration: 1 }
$data merge entity $(bone_left_fingers) { transformation: [-0.3045622816515741f,0.9400653392610034f,0.15335897272504678f,2.7310230089785543f,0.6180331277674381f,0.3175520874904277f,-0.7191632114565296f,-1.5587691566250665f,-0.7247598702861412f,-0.12424906297661217f,-0.6777059102385409f,1.7228814075018952f,0f,0f,0f,1f], start_interpolation: 0, interpolation_duration: 1 }
$data merge entity $(bone_left_hand) { transformation: [-0.9786703196371662f,-0.1366946631950399f,0.15335897272504678f,2.588528220242874f,-0.20540743137117531f,0.6637861571508002f,-0.7191632114565296f,-1.0336353942743886f,-0.0034917901974396426f,-0.7353247626926266f,-0.6777059102385409f,1.1460764741378815f,0f,0f,0f,1f], start_interpolation: 0, interpolation_duration: 1 }
$data merge entity $(bone_left_forearm) { transformation: [-1.8023272279982925f,-0.014196080153640364f,0.27972056799200434f,2.4969753669967343f,-0.21341907180999864f,1.2492635240384964f,-1.3117246315169135f,0.7410609357061335f,-0.1813764721160293f,-1.328897166995511f,-1.2361081896612265f,-0.867317894921859f,0f,0f,0f,1f], start_interpolation: 0, interpolation_duration: 1 }
$data merge entity $(bone_left_bicep) { transformation: [-1.5648088491807455f,-0.13808436577971755f,0.20601099324150396f,2.274164375f,-0.11549552683960232f,1.5703702774331694f,0.17530696197818407f,3.1889551336990563f,-0.2194734714929814f,0.15812797211496435f,-1.5610770306519581f,-0.6010854477028242f,0f,0f,0f,1f], start_interpolation: 0, interpolation_duration: 1 }
$data merge entity $(bone_left_shoulder) { transformation: [-1.0131204166666667f,-1.2430479834415308e-17f,1.234472042176456e-16f,1.827643125f,0f,1.0080229197805797f,0.10150257072545234f,3.407287357962931f,-1.2407146754216663e-16f,0.10150257072545234f,-1.0080229197805797f,-0.5583963760816261f,0f,0f,0f,1f], start_interpolation: 0, interpolation_duration: 1 }
$data merge entity $(bone_left_arm) { transformation: [-1.3293824999999997f,-2.1249977662598144e-17f,1.6140960522599745e-16f,1.749763125f,0f,1.3180094484252691f,0.17351923572897268f,3.563558293922915f,-1.628024023467506e-16f,0.17351923572897268f,-1.3180094484252691f,-0.5319621524081032f,0f,0f,0f,1f], start_interpolation: 0, interpolation_duration: 1 }
$data merge entity $(bone_chest) { transformation: [-2.632522916666667f,-4.2080479602706066e-17f,3.1963297600770146e-16f,2.6597874209406523e-17f,0f,2.6100013181779627f,0.3436131922445242f,4.338245833333334f,-3.2239107635778877e-16f,0.3436131922445242f,-2.6100013181779627f,-0.335938125f,0f,0f,0f,1f], start_interpolation: 0, interpolation_duration: 1 }
$data merge entity $(bone_weist) { transformation: [-1.9493945833333333f,0f,2.387319836754355e-16f,2.5797644066588673e-17f,0f,1.9493945833333333f,0f,0.39045208333333337f,-2.387319836754355e-16f,0f,-1.9493945833333333f,-0.32940375f,0f,0f,0f,1f], start_interpolation: 0, interpolation_duration: 1 }
$data merge entity $(bone_right_cheek) { transformation: [-0.9995882391689745f,-0.00900626371415729f,0.027244069611202966f,-0.875933723577728f,-0.009021824966379596f,0.9999592020128751f,-0.00044831244678700255f,-1.556376181417243f,-0.027238920487879636f,-0.0006939190766854231f,-0.9996287109156929f,-0.8311869655346189f,0f,0f,0f,1f], start_interpolation: 0, interpolation_duration: 1 }
$data merge entity $(bone_right_foot) { transformation: [-1.1756410852514547f,-0.03588799649813795f,0.04659383277531148f,-0.9219739408272802f,-0.002102143854558904f,0.9576014768287787f,0.6845333355236395f,-7.282881954511349f,-0.05877511834576593f,0.6835951712521486f,-0.9564695615547569f,-0.8113050856834394f,0f,0f,0f,1f], start_interpolation: 0, interpolation_duration: 1 }
$data merge entity $(bone_right_knee) { transformation: [-2.9010113888248714f,-0.08813855817126973f,0.11529616214733117f,-1.0923969963144007f,-0.00518724918644642f,2.369103257169282f,1.680550962586319f,-4.285489614303254f,-0.14503345437619447f,1.6782461202003165f,-2.366301744427011f,1.1871851935380853f,0f,0f,0f,1f], start_interpolation: 0, interpolation_duration: 1 }
$data merge entity $(bone_right_leg) { transformation: [-2.473617248892895f,0.10596487744768335f,-0.0013688192374067783f,-0.8928749999999999f,0.08621506306320136f,1.9936506556533136f,-1.4655840982533836f,-1.4739814293981484f,-0.06162298126198908f,-1.4642886433007913f,-1.9955134928683829f,-0.8259908159722225f,0f,0f,0f,1f], start_interpolation: 0, interpolation_duration: 1 }
$data merge entity $(bone_left_cheek) { transformation: [-0.9999230375187542f,-0.009203487524241114f,-0.00831954666187357f,0.8194493174202607f,-0.00889321590770303f,0.9992907194247088f,-0.03659192236637575f,-1.5436459820171253f,0.008650419070018013f,-0.036515118636518615f,-0.999295660133113f,-0.9722620521189977f,0f,0f,0f,1f], start_interpolation: 0, interpolation_duration: 1 }
$data merge entity $(bone_left_foot) { transformation: [-1.1770349214470122f,0.001752400991919616f,-0.013289757768745745f,1.0136105714940324f,-0.00017174717516771227f,1.164942115926683f,0.1688215979065859f,-8.58241550438777f,0.013403696269919007f,0.1688125898965733f,-1.164866320783324f,-2.1956204037489835f,0f,0f,0f,1f], start_interpolation: 0, interpolation_duration: 1 }
$data merge entity $(bone_left_knee) { transformation: [-2.904450818365226f,0.008957358725491549f,-0.031841764339559486f,1.0887031424320992f,-0.00042380324863643744f,2.785804316624284f,0.8223276831059132f,-5.0971333012968705f,0.033074954609184685f,0.822279006016933f,-2.785622367115728f,-1.2712084787569253f,0f,0f,0f,1f], start_interpolation: 0, interpolation_duration: 1 }
$data merge entity $(bone_left_leg) { transformation: [-2.4737167213882474f,-0.10341815247050105f,-0.006556752460678476f,0.8928750000000001f,-0.10360971278501914f,2.4656170266041313f,0.20002606948962975f,-1.6539465625000007f,-0.0018255628853208355f,0.20012517782241332f,-2.4677842903018816f,-0.9496787499999999f,0f,0f,0f,1f], start_interpolation: 0, interpolation_duration: 1 }
data modify entity @s data merge value {"locators":{"consume":{"posx":2.5125567175989305,"posy":-1.5333768344835592,"posz":1.8832800898788622,"roty":12.750786676857189,"rotx":-45.985436774635886}},"cameras":{}}