# This file was generated by Animated Java via MC-Build. It is not recommended to edit this file directly.
$data merge entity $(bone_right_thumb_2) { transformation: [-0.5829028007765437f,-0.4341147379890899f,-0.6868542196911401f,-1.5359560133993069f,0.23971019785263026f,0.7158186329105515f,-0.6558526555740412f,-1.5276989982293565f,0.7763783522821294f,-0.5469443107289196f,-0.3131909562374895f,0.5514920542968039f,0f,0f,0f,1f], start_interpolation: 0, interpolation_duration: 1 }
$data merge entity $(bone_right_thumb) { transformation: [-0.5829028007765437f,-0.4341147379890899f,-0.6868542196911401f,-1.7672966047249674f,0.23971019785263026f,0.7158186329105515f,-0.6558526555740412f,-1.228227253711112f,0.7763783522821294f,-0.5469443107289196f,-0.3131909562374895f,0.5665042132769846f,0f,0f,0f,1f], start_interpolation: 0, interpolation_duration: 1 }
$data merge entity $(bone_right_fingers_2) { transformation: [0.574801135476086f,0.19827762695265175f,-0.7939078267062412f,-1.6361135960380861f,-0.20035701332478434f,-0.90656660713391f,-0.3714755093425175f,-2.0517325822301693f,-0.7933856072975951f,0.3725895455856695f,-0.4813692020199154f,0.5334380534505919f,0f,0f,0f,1f], start_interpolation: 0, interpolation_duration: 1 }
$data merge entity $(bone_right_fingers) { transformation: [0.12155473087014466f,-0.5957640557281545f,-0.7939078267062412f,-1.8996501188475843f,-0.872658966102139f,0.3169736185241019f,-0.3714755093425175f,-1.9560498033384426f,0.4729595926552631f,0.7379653887968441f,-0.4813692020199154f,0.8767034687782231f,0f,0f,0f,1f], start_interpolation: 0, interpolation_duration: 1 }
$data merge entity $(bone_right_hand) { transformation: [-0.565605303544689f,-0.22316138397288454f,-0.7939078267062412f,-2.0505989937153797f,0.16062243783452543f,0.9144432067782073f,-0.3714755093425175f,-1.2338342471250616f,0.8088826077164809f,-0.337627928762559f,-0.4813692020199154f,0.5861982332487885f,0f,0f,0f,1f], start_interpolation: 0, interpolation_duration: 1 }
$data merge entity $(bone_right_forearm) { transformation: [-1.5455383833010299f,-0.40657852737912f,-0.8791095315436932f,-2.6140868574103853f,0.2702283337806371f,1.4087430004145378f,-1.1266092348452914f,0.7804054754260901f,0.9301162911157325f,-1.084880464148368f,-1.1334666405077134f,-1.098143074654931f,0f,0f,0f,1f], start_interpolation: 0, interpolation_duration: 1 }
$data merge entity $(bone_right_bicep) { transformation: [-1.3961262446572846f,0.20627653388445213f,-0.7200111502131556f,-2.2787389729343355f,0.07034262999578457f,1.55244878174234f,0.3083654493543451f,3.1987525777384858f,0.7456661312329607f,0.23976515075975394f,-1.377181632573107f,-0.7084642995222634f,0f,0f,0f,1f], start_interpolation: 0, interpolation_duration: 1 }
$data merge entity $(bone_right_shoulder) { transformation: [-1.012879313553615f,0.02176570670953566f,0.0038378188378868244f,-1.827643125f,0.022096237382848754f,1.0010826753112942f,0.15413699151061203f,3.4047584819625447f,-0.0004807655548826153f,0.15418401301644788f,-1.001319148754015f,-0.6541812718738022f,0f,0f,0f,1f], start_interpolation: 0, interpolation_duration: 1 }
$data merge entity $(bone_right_arm) { transformation: [-1.3293824999999997f,-3.8695834274632065e-17f,1.5813682246606406e-16f,-1.74976375f,0f,1.2912851491235278f,0.3159754657552987f,3.5572227850130265f,-1.628024023467506e-16f,0.3159754657552987f,-1.2912851491235278f,-0.6108914358569952f,0f,0f,0f,1f], start_interpolation: 0, interpolation_duration: 1 }
$data merge entity $(bone_left_thumb_2) { transformation: [-0.9398890881094203f,-0.1364806506101407f,0.3130200218226857f,2.410557406892068f,-0.2861727501707198f,0.8149485797393657f,-0.5039483797379625f,-2.2724839562471884f,-0.1863160194738195f,-0.56323338358963f,-0.8050183205974927f,-0.24208711821953877f,0f,0f,0f,1f], start_interpolation: 0, interpolation_duration: 1 }
$data merge entity $(bone_left_thumb) { transformation: [-0.9398890881094203f,-0.1364806506101407f,0.3130200218226857f,2.560669714152626f,-0.2861727501707198f,0.8149485797393657f,-0.5039483797379625f,-1.9388905665198963f,-0.1863160194738195f,-0.56323338358963f,-0.8050183205974927f,-0.3401121426577909f,0f,0f,0f,1f], start_interpolation: 0, interpolation_duration: 1 }
$data merge entity $(bone_left_fingers_2) { transformation: [0.9492585569479016f,0.19408766473115685f,0.24746347298216087f,2.5089896918578347f,0.24497834010005365f,-0.9497514217865519f,-0.1948277436512701f,-2.768671799516415f,0.19721512351492979f,0.24556509363838463f,-0.9491069380440551f,-0.41260806982252324f,0f,0f,0f,1f], start_interpolation: 0, interpolation_duration: 1 }
$data merge entity $(bone_left_fingers) { transformation: [-0.3163303227244586f,0.915803994566876f,0.24746347298216087f,2.9294402145349707f,0.9096500768030988f,0.3668499530814623f,-0.1948277436512701f,-2.6512513947939893f,-0.2692059893411659f,0.16347524417929984f,-0.9491069380440551f,-0.3359814104515179f,0f,0f,0f,1f], start_interpolation: 0, interpolation_duration: 1 }
$data merge entity $(bone_left_hand) { transformation: [-0.9568210581709039f,-0.1524968595752671f,0.24746347298216087f,2.774351400014785f,-0.2033175998353473f,0.9595332739936373f,-0.1948277436512701f,-1.8962706244397003f,-0.20773881735945493f,-0.23672896721511014f,-0.9491069380440551f,-0.5223296337766596f,0f,0f,0f,1f], start_interpolation: 0, interpolation_duration: 1 }
$data merge entity $(bone_left_forearm) { transformation: [-1.7665780989847844f,-0.04797381859926919f,0.45136337307076174f,2.641714917301877f,-0.13923006703348834f,1.783581871280289f,-0.35535793013194406f,0.706696739553093f,-0.4320247333830108f,-0.3786327809406017f,-1.7311326952536106f,-1.1693646709943302f,0f,0f,0f,1f], start_interpolation: 0, interpolation_duration: 1 }
$data merge entity $(bone_left_bicep) { transformation: [-1.5553749589986228f,-0.20482505651118837f,0.22133682257755308f,2.3145882334304897f,-0.1612300101965841f,1.547484791180633f,0.299048927033937f,3.1171461677189525f,-0.2548493213951101f,0.2710573245151809f,-1.5400371119212126f,-0.7272875899005358f,0f,0f,0f,1f], start_interpolation: 0, interpolation_duration: 1 }
$data merge entity $(bone_left_shoulder) { transformation: [-1.0121561474245557f,-0.04292530715232662f,0.010503804234654536f,1.858893125f,-0.04044921005606041f,0.996871540858356f,0.17613622880988503f,3.3136951629175515f,-0.017798126400333018f,0.17554921731356674f,-0.997636545874334f,-0.6764643242793804f,0f,0f,0f,1f], start_interpolation: 0, interpolation_duration: 1 }
$data merge entity $(bone_left_arm) { transformation: [-1.3293824999999997f,-3.8695834274632065e-17f,1.5813682246606406e-16f,1.749763125f,0f,1.2912851491235278f,0.3159754657552987f,3.5572227850130265f,-1.628024023467506e-16f,0.3159754657552987f,-1.2912851491235278f,-0.6108914358569948f,0f,0f,0f,1f], start_interpolation: 0, interpolation_duration: 1 }
$data merge entity $(bone_chest) { transformation: [-2.632522916666667f,-7.662781066209643e-17f,3.131520153986997e-16f,1.0770323951732587e-16f,0f,2.557080258705844f,0.6257135585170165f,4.26529037127256f,-3.2239107635778877e-16f,0.6257135585170165f,-2.557080258705844f,-0.34164779430689207f,0f,0f,0f,1f], start_interpolation: 0, interpolation_duration: 1 }
$data merge entity $(bone_weist) { transformation: [-1.9493945833333333f,-5.207910777952346e-18f,2.386751719281612e-16f,1.5787457838768452e-16f,0f,1.9489306802119282f,0.042525818722412824f,0.4645066373830298f,-2.387319836754355e-16f,0.042525818722412824f,-1.9489306802119282f,-0.7513278661879428f,0f,0f,0f,1f], start_interpolation: 0, interpolation_duration: 1 }
$data merge entity $(bone_right_cheek) { transformation: [-0.993729695272253f,0.06700449044199783f,0.08950804988783732f,-0.8554084019889374f,0.06806511086362182f,0.9976416573898046f,0.008846701286166492f,-1.385669269025232f,-0.0887041905280592f,0.014883605112069154f,-0.9959468082591709f,-1.394744658810164f,0f,0f,0f,1f], start_interpolation: 0, interpolation_duration: 1 }
$data merge entity $(bone_right_foot) { transformation: [-1.1429103845292776f,0.01831227820718091f,0.2810896801352984f,-1.9566996669145207f,0.027350934639999682f,1.1762853654863652f,0.034576873680090645f,-6.758769721887674f,-0.28035455085662514f,0.040103544556975075f,-1.1425339935443974f,0.7779462414699273f,0f,0f,0f,1f], start_interpolation: 0, interpolation_duration: 1 }
$data merge entity $(bone_right_knee) { transformation: [-2.8161322348888844f,0.17014513483134586f,0.6909258695742887f,-1.7850050188269528f,0.3150780856962376f,2.8269848576686964f,0.5880570575717273f,-3.223347565415726f,-0.6380076206972439f,0.6450859912749204f,-2.7593004599584874f,1.4698128315492454f,0f,0f,0f,1f], start_interpolation: 0, interpolation_duration: 1 }
$data merge entity $(bone_right_leg) { transformation: [-2.4004437998901733f,0.6030243738414776f,0.06514515377971217f,-0.8928749999999999f,0.2685695039177166f,1.2951888566839695f,-2.0929331021382707f,-1.3819856250000004f,-0.5438315070619575f,-2.022093012948175f,-1.3211358226359449f,-1.3249600000000001f,0f,0f,0f,1f], start_interpolation: 0, interpolation_duration: 1 }
$data merge entity $(bone_left_cheek) { transformation: [-0.9990477795455261f,0.01725981599920775f,-0.0400703498465798f,0.8519460142767163f,0.014087152398174256f,0.9968419372208923f,0.07815180314624282f,-1.3512374596961672f,0.04129269090849398f,0.07751290827579604f,-0.9961358655967385f,-1.4754950256647428f,0f,0f,0f,1f], start_interpolation: 0, interpolation_duration: 1 }
$data merge entity $(bone_left_foot) { transformation: [-1.1398783648602966f,0.20557099316368654f,-0.2097826851045493f,1.2102245883779494f,-0.040713209387578775f,0.7220366826210668f,0.9287606572241798f,-6.647196764591807f,0.29087908618761527f,0.9066391181698609f,-0.6920879723701298f,-2.5402196763489773f,0f,0f,0f,1f], start_interpolation: 0, interpolation_duration: 1 }
$data merge entity $(bone_left_knee) { transformation: [-2.852376621830337f,0.1491821423046334f,-0.5278456063918493f,1.4412014759234322f,-0.3419981843104963f,1.7016532057426694f,2.329021746967607f,-4.448141642137093f,0.42885141680785305f,2.3492657883554005f,-1.653470715343577f,0.30902137738537605f,0f,0f,0f,1f], start_interpolation: 0, interpolation_duration: 1 }
$data merge entity $(bone_left_leg) { transformation: [-2.4313381637401945f,-0.4253497391113195f,-0.19412639160467896f,0.7991250000000001f,-0.29151593484537475f,2.1827812185521727f,-1.1315906214732345f,-1.3819856250000004f,0.36554878772982957f,-1.088373315693143f,-2.1935884601299827f,-1.16871f,0f,0f,0f,1f], start_interpolation: 0, interpolation_duration: 1 }
data modify entity @s data merge value {"locators":{"consume":{"posx":2.7015440070299404,"posy":-2.730628596004622,"posz":-0.2100345711344358,"roty":14.61354620664244,"rotx":-11.234661034365985}},"cameras":{}}