# This file was generated by Animated Java via MC-Build. It is not recommended to edit this file directly.
$data merge entity $(bone_left_fingers_2) {transformation: [-0.3819f,0.1781f,0.9069f,-1.5059f,0.221f,0.9704f,-0.0976f,0.2357f,-0.8974f,0.1632f,-0.4099f,1.2112f,0f,0f,0f,1f],start_interpolation: 0,interpolation_duration: 1}
$data merge entity $(bone_left_fingers) {transformation: [-0.3819f,0.1781f,0.9069f,-0.977f,0.221f,0.9704f,-0.0976f,0.182f,-0.8974f,0.1632f,-0.4099f,0.9882f,0f,0f,0f,1f],start_interpolation: 0,interpolation_duration: 1}
$data merge entity $(bone_left_index_finger_2) {transformation: [-0.048f,0.1934f,0.9799f,-1.674f,0.2429f,0.9539f,-0.1764f,0.3843f,-0.9689f,0.2295f,-0.0927f,0.6117f,0f,0f,0f,1f],start_interpolation: 0,interpolation_duration: 1}
$data merge entity $(bone_left_index_finger) {transformation: [-0.048f,0.1934f,0.9799f,-1.1081f,0.2429f,0.9539f,-0.1764f,0.2882f,-0.9689f,0.2295f,-0.0927f,0.5596f,0f,0f,0f,1f],start_interpolation: 0,interpolation_duration: 1}
$data merge entity $(bone_left_thumb) {transformation: [-0.2847f,0.1963f,0.9383f,-0.4434f,0.2305f,0.9641f,-0.1318f,0.157f,-0.9305f,0.1787f,-0.3197f,0.0418f,0f,0f,0f,1f],start_interpolation: 0,interpolation_duration: 1}
$data merge entity $(bone_left_hand) {transformation: [-0.2847f,-0.0114f,0.9586f,-0.3233f,0.2305f,0.9698f,0.08f,0.1529f,-0.9305f,0.2437f,-0.2734f,0.6554f,0f,0f,0f,1f],start_interpolation: 0,interpolation_duration: 1}
$data merge entity $(bone_left_forearm) {transformation: [-0.4371f,0.5923f,1.861f,1.843f,-0.0204f,1.9056f,-0.6112f,0.3949f,-1.9529f,-0.1525f,-0.4102f,0.1517f,0f,0f,0f,1f],start_interpolation: 0,interpolation_duration: 1}
$data merge entity $(bone_left_bicep) {transformation: [-1.1693f,0.5408f,0.0695f,1.6934f,0.1427f,0.4623f,-1.196f,0.9936f,-0.5262f,-1.0762f,-0.4788f,-1.5687f,0f,0f,0f,1f],start_interpolation: 0,interpolation_duration: 1}
$data merge entity $(bone_left_shoulder) {transformation: [-1.1173f,0.5167f,0.0664f,1.3743f,0.1364f,0.4418f,-1.1428f,1.1042f,-0.5028f,-1.0284f,-0.4575f,-1.8221f,0f,0f,0f,1f],start_interpolation: 0,interpolation_duration: 1}
$data merge entity $(bone_right_fingers_2) {transformation: [-0.1856f,-0.352f,-0.9174f,1.6774f,-0.1968f,0.928f,-0.3163f,0.1107f,0.9627f,0.1218f,-0.2415f,0.7863f,0f,0f,0f,1f],start_interpolation: 0,interpolation_duration: 1}
$data merge entity $(bone_right_fingers) {transformation: [-0.1856f,-0.352f,-0.9174f,1.1441f,-0.1968f,0.928f,-0.3163f,-0.0689f,0.9627f,0.1218f,-0.2415f,0.6611f,0f,0f,0f,1f],start_interpolation: 0,interpolation_duration: 1}
$data merge entity $(bone_right_index_finger_2) {transformation: [-0.1856f,-0.3116f,-0.9319f,1.7684f,-0.1968f,0.941f,-0.2755f,0.175f,0.9627f,0.1322f,-0.236f,0.3529f,0f,0f,0f,1f],start_interpolation: 0,interpolation_duration: 1}
$data merge entity $(bone_right_index_finger) {transformation: [-0.1856f,-0.3116f,-0.9319f,1.2296f,-0.1968f,0.941f,-0.2755f,0.0217f,0.9627f,0.1322f,-0.236f,0.2176f,0f,0f,0f,1f],start_interpolation: 0,interpolation_duration: 1}
$data merge entity $(bone_right_thumb) {transformation: [0.1557f,-0.1596f,-0.9748f,0.5169f,-0.1207f,0.9764f,-0.1792f,-0.1336f,0.9804f,0.1456f,0.1327f,-0.224f,0f,0f,0f,1f],start_interpolation: 0,interpolation_duration: 1}
$data merge entity $(bone_right_hand) {transformation: [-0.1856f,0.0259f,-0.9823f,0.4601f,-0.1968f,0.9784f,0.063f,-0.1151f,0.9627f,0.205f,-0.1765f,0.3983f,0f,0f,0f,1f],start_interpolation: 0,interpolation_duration: 1}
$data merge entity $(bone_right_forearm) {transformation: [-0.3715f,-0.7839f,-1.8036f,-1.7351f,-0.3938f,1.8279f,-0.7134f,-0.0095f,1.9267f,0.2224f,-0.4936f,-0.0198f,0f,0f,0f,1f],start_interpolation: 0,interpolation_duration: 1}
$data merge entity $(bone_right_bicep) {transformation: [-1.1409f,-0.6022f,-0.0175f,-1.6778f,-0.3168f,0.6315f,-1.0795f,0.9259f,0.5124f,-0.9503f,-0.7063f,-1.589f,0f,0f,0f,1f],start_interpolation: 0,interpolation_duration: 1}
$data merge entity $(bone_right_shoulder) {transformation: [-1.0901f,-0.5754f,-0.0167f,-1.3743f,-0.3027f,0.6034f,-1.0315f,1.1042f,0.4896f,-0.9081f,-0.6748f,-1.8221f,0f,0f,0f,1f],start_interpolation: 0,interpolation_duration: 1}
$data merge entity $(bone_chest) {transformation: [-4.0675f,0f,0f,0f,0f,3.8829f,-1.2114f,1.4622f,0f,-1.2114f,-3.8829f,-1.3088f,0f,0f,0f,1f],start_interpolation: 0,interpolation_duration: 1}
$data merge entity $(bone_weist) {transformation: [-1.1f,0f,0f,0f,0f,1.0961f,-0.0926f,0.9306f,0f,-0.0926f,-1.0961f,-3.49f,0f,0f,0f,1f],start_interpolation: 0,interpolation_duration: 1}
$data merge entity $(bone_right_fingers2) {transformation: [-0.996f,-0.026f,-0.0856f,1.1808f,0.0218f,-0.9985f,0.0495f,-0.0234f,-0.0867f,0.0474f,0.9951f,-10.3199f,0f,0f,0f,1f],start_interpolation: 0,interpolation_duration: 1}
$data merge entity $(bone_left_foot) {transformation: [-0.996f,-0.0666f,0.0597f,1.1087f,0.0218f,0.4668f,0.8841f,0.2548f,-0.0867f,0.8818f,-0.4635f,-9.3664f,0f,0f,0f,1f],start_interpolation: 0,interpolation_duration: 1}
$data merge entity $(bone_left_knee) {transformation: [-1.5787f,0.0641f,0.1264f,0.942f,0.0346f,1.545f,-0.352f,0.129f,-0.1375f,-0.3479f,-1.5402f,-7.2991f,0f,0f,0f,1f],start_interpolation: 0,interpolation_duration: 1}
$data merge entity $(bone_left_thigh) {transformation: [-1.5972f,-0.1427f,-0.014f,0.7385f,0.035f,-0.5395f,1.5098f,0.4613f,-0.1391f,1.5034f,0.5405f,-5.2287f,0f,0f,0f,1f],start_interpolation: 0,interpolation_duration: 1}
$data merge entity $(bone_left_fingers2) {transformation: [-0.996f,0.026f,0.0856f,-1.1776f,-0.0218f,-0.9985f,0.0495f,-0.0662f,0.0867f,0.0474f,0.9951f,-10.2749f,0f,0f,0f,1f],start_interpolation: 0,interpolation_duration: 1}
$data merge entity $(bone_right_foot) {transformation: [-0.996f,0.0666f,-0.0597f,-1.1055f,-0.0218f,0.4668f,0.8841f,0.212f,0.0867f,0.8818f,-0.4635f,-9.3213f,0f,0f,0f,1f],start_interpolation: 0,interpolation_duration: 1}
$data merge entity $(bone_right_knee) {transformation: [-1.5787f,-0.0641f,-0.1264f,-0.9398f,-0.0346f,1.545f,-0.352f,0.1173f,0.1375f,-0.3479f,-1.5402f,-7.2569f,0f,0f,0f,1f],start_interpolation: 0,interpolation_duration: 1}
$data merge entity $(bone_right_thigh) {transformation: [-1.5972f,0.1427f,0.014f,-0.7385f,-0.035f,-0.5395f,1.5098f,0.445f,0.1391f,1.5034f,0.5405f,-5.2138f,0f,0f,0f,1f],start_interpolation: 0,interpolation_duration: 1}