# This file was generated by Animated Java via MC-Build. It is not recommended to edit this file directly.
$data merge entity $(bone_left_fingers_2) {transformation: [-0.3777f,0.1459f,0.9144f,-1.5035f,0.2074f,0.9758f,-0.07f,0.2261f,-0.9024f,0.1631f,-0.3988f,1.2214f,0f,0f,0f,1f],start_interpolation: 0,interpolation_duration: 1}
$data merge entity $(bone_left_fingers) {transformation: [-0.3777f,0.1459f,0.9144f,-0.9705f,0.2074f,0.9758f,-0.07f,0.1885f,-0.9024f,0.1631f,-0.3988f,1.0049f,0f,0f,0f,1f],start_interpolation: 0,interpolation_duration: 1}
$data merge entity $(bone_left_index_finger_2) {transformation: [-0.0585f,0.1601f,0.9854f,-1.6704f,0.2359f,0.9613f,-0.1422f,0.3655f,-0.97f,0.2241f,-0.094f,0.6279f,0f,0f,0f,1f],start_interpolation: 0,interpolation_duration: 1}
$data merge entity $(bone_left_index_finger) {transformation: [-0.0585f,0.1601f,0.9854f,-1.1016f,0.2359f,0.9613f,-0.1422f,0.2891f,-0.97f,0.2241f,-0.094f,0.575f,0f,0f,0f,1f],start_interpolation: 0,interpolation_duration: 1}
$data merge entity $(bone_left_thumb) {transformation: [-0.2847f,0.1719f,0.9431f,-0.4309f,0.2184f,0.9695f,-0.1108f,0.1713f,-0.9334f,0.1745f,-0.3136f,0.0618f,0f,0f,0f,1f],start_interpolation: 0,interpolation_duration: 1}
$data merge entity $(bone_left_hand) {transformation: [-0.2847f,-0.0363f,0.9579f,-0.3143f,0.2184f,0.9705f,0.1017f,0.1734f,-0.9334f,0.2382f,-0.2684f,0.6761f,0f,0f,0f,1f],start_interpolation: 0,interpolation_duration: 1}
$data merge entity $(bone_left_forearm) {transformation: [-0.425f,0.5469f,1.8776f,1.8484f,-0.0416f,1.9185f,-0.5682f,0.465f,-1.9552f,-0.1597f,-0.3961f,0.1835f,0f,0f,0f,1f],start_interpolation: 0,interpolation_duration: 1}
$data merge entity $(bone_left_bicep) {transformation: [-1.1693f,0.5358f,0.1012f,1.6945f,0.1115f,0.4694f,-1.1965f,1.0505f,-0.5337f,-1.0757f,-0.4718f,-1.5411f,0f,0f,0f,1f],start_interpolation: 0,interpolation_duration: 1}
$data merge entity $(bone_left_shoulder) {transformation: [-1.1173f,0.5119f,0.0967f,1.3743f,0.1066f,0.4485f,-1.1433f,1.152f,-0.51f,-1.0278f,-0.4508f,-1.7969f,0f,0f,0f,1f],start_interpolation: 0,interpolation_duration: 1}
$data merge entity $(bone_right_fingers_2) {transformation: [-0.1769f,-0.3281f,-0.9279f,1.6887f,-0.1859f,0.937f,-0.2959f,0.1034f,0.9665f,0.1201f,-0.2268f,0.7764f,0f,0f,0f,1f],start_interpolation: 0,interpolation_duration: 1}
$data merge entity $(bone_right_fingers) {transformation: [-0.1769f,-0.3281f,-0.9279f,1.1496f,-0.1859f,0.937f,-0.2959f,-0.0643f,0.9665f,0.1201f,-0.2268f,0.6597f,0f,0f,0f,1f],start_interpolation: 0,interpolation_duration: 1}
$data merge entity $(bone_right_index_finger_2) {transformation: [-0.1769f,-0.2874f,-0.9413f,1.7753f,-0.1859f,0.949f,-0.2548f,0.1626f,0.9665f,0.1299f,-0.2213f,0.3413f,0f,0f,0f,1f],start_interpolation: 0,interpolation_duration: 1}
$data merge entity $(bone_right_index_finger) {transformation: [-0.1769f,-0.2874f,-0.9413f,1.2311f,-0.1859f,0.949f,-0.2548f,0.0213f,0.9665f,0.1299f,-0.2213f,0.2145f,0f,0f,0f,1f],start_interpolation: 0,interpolation_duration: 1}
$data merge entity $(bone_right_thumb) {transformation: [0.1663f,-0.1344f,-0.9769f,0.5089f,-0.1179f,0.9809f,-0.155f,-0.1199f,0.979f,0.1409f,0.1473f,-0.2163f,0f,0f,0f,1f],start_interpolation: 0,interpolation_duration: 1}
$data merge entity $(bone_right_hand) {transformation: [-0.1769f,0.0519f,-0.9829f,0.4612f,-0.1859f,0.9789f,0.0852f,-0.096f,0.9665f,0.1978f,-0.1635f,0.4067f,0f,0f,0f,1f],start_interpolation: 0,interpolation_duration: 1}
$data merge entity $(bone_right_forearm) {transformation: [-0.3541f,-0.7371f,-1.8266f,-1.7365f,-0.372f,1.8476f,-0.6734f,0.0592f,1.9343f,0.2204f,-0.4639f,0.0178f,0f,0f,0f,1f],start_interpolation: 0,interpolation_duration: 1}
$data merge entity $(bone_right_bicep) {transformation: [-1.1409f,-0.6001f,-0.0529f,-1.6787f,-0.2861f,0.6393f,-1.0835f,0.9825f,0.5302f,-0.9464f,-0.6984f,-1.5585f,0f,0f,0f,1f],start_interpolation: 0,interpolation_duration: 1}
$data merge entity $(bone_right_shoulder) {transformation: [-1.0901f,-0.5734f,-0.0505f,-1.3743f,-0.2733f,0.6109f,-1.0353f,1.152f,0.5066f,-0.9043f,-0.6673f,-1.7969f,0f,0f,0f,1f],start_interpolation: 0,interpolation_duration: 1}
$data merge entity $(bone_chest) {transformation: [-4.0675f,0f,0f,0f,0f,3.8049f,-1.4378f,1.5395f,0f,-1.4378f,-3.8049f,-1.3056f,0f,0f,0f,1f],start_interpolation: 0,interpolation_duration: 1}
$data merge entity $(bone_weist) {transformation: [-1.1f,0f,0f,0f,0f,1.0888f,-0.1569f,0.8806f,0f,-0.1569f,-1.0888f,-3.4517f,0f,0f,0f,1f],start_interpolation: 0,interpolation_duration: 1}
$data merge entity $(bone_right_fingers2) {transformation: [-0.996f,-0.026f,-0.0856f,1.1808f,0.0218f,-0.9985f,0.0495f,-0.0234f,-0.0867f,0.0474f,0.9951f,-10.3199f,0f,0f,0f,1f],start_interpolation: 0,interpolation_duration: 1}
$data merge entity $(bone_left_foot) {transformation: [-0.996f,-0.0666f,0.0597f,1.1087f,0.0218f,0.4668f,0.8841f,0.2548f,-0.0867f,0.8818f,-0.4635f,-9.3664f,0f,0f,0f,1f],start_interpolation: 0,interpolation_duration: 1}
$data merge entity $(bone_left_knee) {transformation: [-1.5787f,0.0641f,0.1264f,0.942f,0.0346f,1.545f,-0.352f,0.129f,-0.1375f,-0.3479f,-1.5402f,-7.2991f,0f,0f,0f,1f],start_interpolation: 0,interpolation_duration: 1}
$data merge entity $(bone_left_thigh) {transformation: [-1.5972f,-0.1427f,-0.014f,0.7385f,0.035f,-0.5395f,1.5098f,0.4613f,-0.1391f,1.5034f,0.5405f,-5.2287f,0f,0f,0f,1f],start_interpolation: 0,interpolation_duration: 1}
$data merge entity $(bone_left_fingers2) {transformation: [-0.996f,0.026f,0.0856f,-1.1776f,-0.0218f,-0.9985f,0.0495f,-0.0662f,0.0867f,0.0474f,0.9951f,-10.2749f,0f,0f,0f,1f],start_interpolation: 0,interpolation_duration: 1}
$data merge entity $(bone_right_foot) {transformation: [-0.996f,0.0666f,-0.0597f,-1.1055f,-0.0218f,0.4668f,0.8841f,0.212f,0.0867f,0.8818f,-0.4635f,-9.3213f,0f,0f,0f,1f],start_interpolation: 0,interpolation_duration: 1}
$data merge entity $(bone_right_knee) {transformation: [-1.5787f,-0.0641f,-0.1264f,-0.9398f,-0.0346f,1.545f,-0.352f,0.1173f,0.1375f,-0.3479f,-1.5402f,-7.2569f,0f,0f,0f,1f],start_interpolation: 0,interpolation_duration: 1}
$data merge entity $(bone_right_thigh) {transformation: [-1.5972f,0.1427f,0.014f,-0.7385f,-0.035f,-0.5395f,1.5098f,0.445f,0.1391f,1.5034f,0.5405f,-5.2138f,0f,0f,0f,1f],start_interpolation: 0,interpolation_duration: 1}