# This file was generated by Animated Java via MC-Build. It is not recommended to edit this file directly.
$data merge entity $(bone_left_fingers_2) {transformation: [-0.3546f,0.0838f,0.9312f,-1.505f,0.2011f,0.9795f,-0.0115f,0.1972f,-0.9131f,0.1831f,-0.3642f,1.2131f,0f,0f,0f,1f],start_interpolation: 0,interpolation_duration: 1}
$data merge entity $(bone_left_fingers) {transformation: [-0.3546f,0.0838f,0.9312f,-0.963f,0.2011f,0.9795f,-0.0115f,0.1934f,-0.9131f,0.1831f,-0.3642f,1.0168f,0f,0f,0f,1f],start_interpolation: 0,interpolation_duration: 1}
$data merge entity $(bone_left_index_finger_2) {transformation: [-0.1183f,0.0923f,0.9887f,-1.6647f,0.2269f,0.9718f,-0.0635f,0.3212f,-0.9667f,0.2169f,-0.1359f,0.6631f,0f,0f,0f,1f],start_interpolation: 0,interpolation_duration: 1}
$data merge entity $(bone_left_index_finger) {transformation: [-0.1183f,0.0923f,0.9887f,-1.0944f,0.2269f,0.9718f,-0.0635f,0.2903f,-0.9667f,0.2169f,-0.1359f,0.5861f,0f,0f,0f,1f],start_interpolation: 0,interpolation_duration: 1}
$data merge entity $(bone_left_thumb) {transformation: [-0.2853f,0.1552f,0.9458f,-0.4202f,0.2102f,0.9729f,-0.0963f,0.1817f,-0.9351f,0.1713f,-0.3102f,0.0754f,0f,0f,0f,1f],start_interpolation: 0,interpolation_duration: 1}
$data merge entity $(bone_left_hand) {transformation: [-0.2853f,-0.0532f,0.957f,-0.3056f,0.2102f,0.9707f,0.1166f,0.1881f,-0.9351f,0.2344f,-0.2658f,0.69f,0f,0f,0f,1f],start_interpolation: 0,interpolation_duration: 1}
$data merge entity $(bone_left_forearm) {transformation: [-0.4181f,0.5154f,1.8881f,1.8535f,-0.056f,1.9267f,-0.5383f,0.5138f,-1.9564f,-0.1653f,-0.3881f,0.203f,0f,0f,0f,1f],start_interpolation: 0,interpolation_duration: 1}
$data merge entity $(bone_left_bicep) {transformation: [-1.1693f,0.5313f,0.1226f,1.6953f,0.09f,0.4743f,-1.1964f,1.0902f,-0.5378f,-1.0758f,-0.4669f,-1.5242f,0f,0f,0f,1f],start_interpolation: 0,interpolation_duration: 1}
$data merge entity $(bone_left_shoulder) {transformation: [-1.1173f,0.5077f,0.1172f,1.3743f,0.086f,0.4532f,-1.1432f,1.1854f,-0.5139f,-1.0279f,-0.4461f,-1.7814f,0f,0f,0f,1f],start_interpolation: 0,interpolation_duration: 1}
$data merge entity $(bone_right_fingers_2) {transformation: [-0.1717f,-0.3114f,-0.9346f,1.6928f,-0.1785f,0.9428f,-0.2814f,0.0975f,0.9689f,0.1185f,-0.2174f,0.7707f,0f,0f,0f,1f],start_interpolation: 0,interpolation_duration: 1}
$data merge entity $(bone_right_fingers) {transformation: [-0.1717f,-0.3114f,-0.9346f,1.15f,-0.1785f,0.9428f,-0.2814f,-0.0617f,0.9689f,0.1185f,-0.2174f,0.6593f,0f,0f,0f,1f],start_interpolation: 0,interpolation_duration: 1}
$data merge entity $(bone_right_index_finger_2) {transformation: [-0.1717f,-0.2704f,-0.9473f,1.7766f,-0.1785f,0.9542f,-0.24f,0.1534f,0.9689f,0.1279f,-0.2121f,0.3346f,0f,0f,0f,1f],start_interpolation: 0,interpolation_duration: 1}
$data merge entity $(bone_right_index_finger) {transformation: [-0.1717f,-0.2704f,-0.9473f,1.2291f,-0.1785f,0.9542f,-0.24f,0.0206f,0.9689f,0.1279f,-0.2121f,0.2131f,0f,0f,0f,1f],start_interpolation: 0,interpolation_duration: 1}
$data merge entity $(bone_right_thumb) {transformation: [0.1727f,-0.1168f,-0.978f,0.501f,-0.1162f,0.9836f,-0.138f,-0.1106f,0.9781f,0.1375f,0.1563f,-0.2109f,0f,0f,0f,1f],start_interpolation: 0,interpolation_duration: 1}
$data merge entity $(bone_right_hand) {transformation: [-0.1717f,0.0699f,-0.9827f,0.459f,-0.1785f,0.9788f,0.1008f,-0.0829f,0.9689f,0.1927f,-0.1555f,0.4123f,0f,0f,0f,1f],start_interpolation: 0,interpolation_duration: 1}
$data merge entity $(bone_right_forearm) {transformation: [-0.3436f,-0.7043f,-1.8415f,-1.739f,-0.3572f,1.8606f,-0.6449f,0.1072f,1.939f,0.2179f,-0.4451f,0.0415f,0f,0f,0f,1f],start_interpolation: 0,interpolation_duration: 1}
$data merge entity $(bone_right_bicep) {transformation: [-1.1409f,-0.5975f,-0.0769f,-1.6794f,-0.2645f,0.6449f,-1.0856f,1.0221f,0.5412f,-0.9442f,-0.6928f,-1.5396f,0f,0f,0f,1f],start_interpolation: 0,interpolation_duration: 1}
$data merge entity $(bone_right_shoulder) {transformation: [-1.0901f,-0.5709f,-0.0735f,-1.3743f,-0.2528f,0.6162f,-1.0373f,1.1854f,0.5172f,-0.9022f,-0.662f,-1.7814f,0f,0f,0f,1f],start_interpolation: 0,interpolation_duration: 1}
$data merge entity $(bone_chest) {transformation: [-4.0675f,0f,0f,0f,0f,3.7441f,-1.5893f,1.5924f,0f,-1.5893f,-3.7441f,-1.306f,0f,0f,0f,1f],start_interpolation: 0,interpolation_duration: 1}
$data merge entity $(bone_weist) {transformation: [-1.1f,0f,0f,0f,0f,1.0816f,-0.2005f,0.8478f,0f,-0.2005f,-1.0816f,-3.4239f,0f,0f,0f,1f],start_interpolation: 0,interpolation_duration: 1}
$data merge entity $(bone_right_fingers2) {transformation: [-0.996f,-0.026f,-0.0856f,1.1809f,0.0218f,-0.9985f,0.0495f,-0.0235f,-0.0868f,0.0474f,0.9951f,-10.3199f,0f,0f,0f,1f],start_interpolation: 0,interpolation_duration: 1}
$data merge entity $(bone_left_foot) {transformation: [-0.996f,-0.0666f,0.0597f,1.1088f,0.0218f,0.4668f,0.8841f,0.2547f,-0.0868f,0.8818f,-0.4635f,-9.3663f,0f,0f,0f,1f],start_interpolation: 0,interpolation_duration: 1}
$data merge entity $(bone_left_knee) {transformation: [-1.5787f,0.0641f,0.1265f,0.9421f,0.0345f,1.545f,-0.3521f,0.129f,-0.1375f,-0.3479f,-1.5402f,-7.2991f,0f,0f,0f,1f],start_interpolation: 0,interpolation_duration: 1}
$data merge entity $(bone_left_thigh) {transformation: [-1.5972f,-0.1428f,-0.014f,0.7385f,0.035f,-0.5395f,1.5098f,0.4613f,-0.1391f,1.5034f,0.5404f,-5.2287f,0f,0f,0f,1f],start_interpolation: 0,interpolation_duration: 1}
$data merge entity $(bone_left_fingers2) {transformation: [-0.996f,0.026f,0.0856f,-1.1777f,-0.0218f,-0.9985f,0.0495f,-0.0663f,0.0868f,0.0474f,0.9951f,-10.2748f,0f,0f,0f,1f],start_interpolation: 0,interpolation_duration: 1}
$data merge entity $(bone_right_foot) {transformation: [-0.996f,0.0666f,-0.0597f,-1.1056f,-0.0218f,0.4668f,0.8841f,0.2119f,0.0868f,0.8818f,-0.4635f,-9.3213f,0f,0f,0f,1f],start_interpolation: 0,interpolation_duration: 1}
$data merge entity $(bone_right_knee) {transformation: [-1.5787f,-0.0641f,-0.1265f,-0.9398f,-0.0345f,1.545f,-0.3521f,0.1173f,0.1375f,-0.3479f,-1.5402f,-7.2569f,0f,0f,0f,1f],start_interpolation: 0,interpolation_duration: 1}
$data merge entity $(bone_right_thigh) {transformation: [-1.5972f,0.1428f,0.014f,-0.7385f,-0.035f,-0.5395f,1.5098f,0.445f,0.1391f,1.5034f,0.5404f,-5.2138f,0f,0f,0f,1f],start_interpolation: 0,interpolation_duration: 1}