# This file was generated by Animated Java via MC-Build. It is not recommended to edit this file directly.
$data merge entity $(bone_left_fingers_2) {transformation: [-0.3453f,0.1096f,0.9321f,-1.5198f,0.2256f,0.9737f,-0.0309f,0.1971f,-0.911f,0.1996f,-0.361f,1.1817f,0f,0f,0f,1f],start_interpolation: 0,interpolation_duration: 1}
$data merge entity $(bone_left_fingers) {transformation: [-0.3453f,0.1096f,0.9321f,-0.9772f,0.2256f,0.9737f,-0.0309f,0.1818f,-0.911f,0.1996f,-0.361f,0.9873f,0f,0f,0f,1f],start_interpolation: 0,interpolation_duration: 1}
$data merge entity $(bone_left_index_finger_2) {transformation: [-0.1392f,0.1162f,0.9834f,-1.6758f,0.2402f,0.9674f,-0.0803f,0.3289f,-0.9607f,0.2251f,-0.1626f,0.6512f,0f,0f,0f,1f],start_interpolation: 0,interpolation_duration: 1}
$data merge entity $(bone_left_index_finger) {transformation: [-0.1392f,0.1162f,0.9834f,-1.1084f,0.2402f,0.9674f,-0.0803f,0.2882f,-0.9607f,0.2251f,-0.1626f,0.5588f,0f,0f,0f,1f],start_interpolation: 0,interpolation_duration: 1}
$data merge entity $(bone_left_thumb) {transformation: [-0.2847f,0.1977f,0.938f,-0.444f,0.2311f,0.9638f,-0.133f,0.1563f,-0.9304f,0.1789f,-0.3201f,0.0407f,0f,0f,0f,1f],start_interpolation: 0,interpolation_duration: 1}
$data merge entity $(bone_left_hand) {transformation: [-0.2847f,-0.01f,0.9586f,-0.3236f,0.2311f,0.9697f,0.0788f,0.1519f,-0.9304f,0.2439f,-0.2737f,0.6543f,0f,0f,0f,1f],start_interpolation: 0,interpolation_duration: 1}
$data merge entity $(bone_left_forearm) {transformation: [-0.4378f,0.5947f,1.8601f,1.8427f,-0.0193f,1.9049f,-0.6135f,0.3912f,-1.9528f,-0.1522f,-0.411f,0.1499f,0f,0f,0f,1f],start_interpolation: 0,interpolation_duration: 1}
$data merge entity $(bone_left_bicep) {transformation: [-1.1693f,0.541f,0.0678f,1.6933f,0.1444f,0.4619f,-1.1959f,0.9906f,-0.5258f,-1.0763f,-0.4792f,-1.5703f,0f,0f,0f,1f],start_interpolation: 0,interpolation_duration: 1}
$data merge entity $(bone_left_shoulder) {transformation: [-1.1173f,0.517f,0.0648f,1.3743f,0.138f,0.4414f,-1.1427f,1.1017f,-0.5024f,-1.0284f,-0.4579f,-1.8235f,0f,0f,0f,1f],start_interpolation: 0,interpolation_duration: 1}
$data merge entity $(bone_right_fingers_2) {transformation: [-0.1862f,-0.3532f,-0.9168f,1.6765f,-0.1973f,0.9276f,-0.3173f,0.111f,0.9625f,0.1219f,-0.2424f,0.787f,0f,0f,0f,1f],start_interpolation: 0,interpolation_duration: 1}
$data merge entity $(bone_right_fingers) {transformation: [-0.1862f,-0.3532f,-0.9168f,1.1435f,-0.1973f,0.9276f,-0.3173f,-0.0693f,0.9625f,0.1219f,-0.2424f,0.6612f,0f,0f,0f,1f],start_interpolation: 0,interpolation_duration: 1}
$data merge entity $(bone_right_index_finger_2) {transformation: [-0.1862f,-0.3129f,-0.9314f,1.7679f,-0.1973f,0.9405f,-0.2765f,0.1756f,0.9625f,0.1323f,-0.2368f,0.3536f,0f,0f,0f,1f],start_interpolation: 0,interpolation_duration: 1}
$data merge entity $(bone_right_index_finger) {transformation: [-0.1862f,-0.3129f,-0.9314f,1.2293f,-0.1973f,0.9405f,-0.2765f,0.0216f,0.9625f,0.1323f,-0.2368f,0.2179f,0f,0f,0f,1f],start_interpolation: 0,interpolation_duration: 1}
$data merge entity $(bone_right_thumb) {transformation: [0.155f,-0.1609f,-0.9747f,0.5172f,-0.1209f,0.9761f,-0.1804f,-0.1344f,0.9805f,0.1458f,0.1319f,-0.2244f,0f,0f,0f,1f],start_interpolation: 0,interpolation_duration: 1}
$data merge entity $(bone_right_hand) {transformation: [-0.1862f,0.0245f,-0.9822f,0.4598f,-0.1973f,0.9784f,0.0618f,-0.1162f,0.9625f,0.2053f,-0.1773f,0.3979f,0f,0f,0f,1f],start_interpolation: 0,interpolation_duration: 1}
$data merge entity $(bone_right_forearm) {transformation: [-0.3726f,-0.7863f,-1.8023f,-1.7351f,-0.3949f,1.8269f,-0.7154f,-0.0131f,1.9263f,0.2225f,-0.4953f,-0.0219f,0f,0f,0f,1f],start_interpolation: 0,interpolation_duration: 1}
$data merge entity $(bone_right_bicep) {transformation: [-1.1409f,-0.6022f,-0.0156f,-1.6778f,-0.3184f,0.6311f,-1.0793f,0.9229f,0.5114f,-0.9506f,-0.7067f,-1.5907f,0f,0f,0f,1f],start_interpolation: 0,interpolation_duration: 1}
$data merge entity $(bone_right_shoulder) {transformation: [-1.0901f,-0.5754f,-0.0149f,-1.3743f,-0.3042f,0.603f,-1.0313f,1.1017f,0.4887f,-0.9083f,-0.6752f,-1.8235f,0f,0f,0f,1f],start_interpolation: 0,interpolation_duration: 1}
$data merge entity $(bone_chest) {transformation: [-4.0675f,0f,0f,0f,0f,3.8867f,-1.1992f,1.458f,0f,-1.1992f,-3.8867f,-1.3091f,0f,0f,0f,1f],start_interpolation: 0,interpolation_duration: 1}
$data merge entity $(bone_weist) {transformation: [-1.1f,0f,0f,0f,0f,1.0964f,-0.0891f,0.9333f,0f,-0.0891f,-1.0964f,-3.4919f,0f,0f,0f,1f],start_interpolation: 0,interpolation_duration: 1}
$data merge entity $(bone_right_fingers2) {transformation: [-0.996f,-0.026f,-0.0856f,1.1809f,0.0218f,-0.9985f,0.0495f,-0.0235f,-0.0868f,0.0474f,0.9951f,-10.3199f,0f,0f,0f,1f],start_interpolation: 0,interpolation_duration: 1}
$data merge entity $(bone_left_foot) {transformation: [-0.996f,-0.0666f,0.0597f,1.1088f,0.0218f,0.4668f,0.8841f,0.2547f,-0.0868f,0.8818f,-0.4635f,-9.3663f,0f,0f,0f,1f],start_interpolation: 0,interpolation_duration: 1}
$data merge entity $(bone_left_knee) {transformation: [-1.5787f,0.0641f,0.1265f,0.9421f,0.0345f,1.545f,-0.3521f,0.129f,-0.1375f,-0.3479f,-1.5402f,-7.2991f,0f,0f,0f,1f],start_interpolation: 0,interpolation_duration: 1}
$data merge entity $(bone_left_thigh) {transformation: [-1.5972f,-0.1428f,-0.014f,0.7385f,0.035f,-0.5395f,1.5098f,0.4613f,-0.1391f,1.5034f,0.5404f,-5.2287f,0f,0f,0f,1f],start_interpolation: 0,interpolation_duration: 1}
$data merge entity $(bone_left_fingers2) {transformation: [-0.996f,0.026f,0.0856f,-1.1777f,-0.0218f,-0.9985f,0.0495f,-0.0663f,0.0868f,0.0474f,0.9951f,-10.2748f,0f,0f,0f,1f],start_interpolation: 0,interpolation_duration: 1}
$data merge entity $(bone_right_foot) {transformation: [-0.996f,0.0666f,-0.0597f,-1.1056f,-0.0218f,0.4668f,0.8841f,0.2119f,0.0868f,0.8818f,-0.4635f,-9.3213f,0f,0f,0f,1f],start_interpolation: 0,interpolation_duration: 1}
$data merge entity $(bone_right_knee) {transformation: [-1.5787f,-0.0641f,-0.1265f,-0.9398f,-0.0345f,1.545f,-0.3521f,0.1173f,0.1375f,-0.3479f,-1.5402f,-7.2569f,0f,0f,0f,1f],start_interpolation: 0,interpolation_duration: 1}
$data merge entity $(bone_right_thigh) {transformation: [-1.5972f,0.1428f,0.014f,-0.7385f,-0.035f,-0.5395f,1.5098f,0.445f,0.1391f,1.5034f,0.5404f,-5.2138f,0f,0f,0f,1f],start_interpolation: 0,interpolation_duration: 1}