# This file was generated by Animated Java via MC-Build. It is not recommended to edit this file directly.
$data merge entity $(bone_left_fingers_2) {transformation: [-0.3297f,0.0566f,0.9424f,-1.5197f,0.2152f,0.9764f,0.0166f,0.1754f,-0.9193f,0.2082f,-0.3341f,1.1813f,0f,0f,0f,1f],start_interpolation: 0,interpolation_duration: 1}
$data merge entity $(bone_left_fingers) {transformation: [-0.3297f,0.0566f,0.9424f,-0.9717f,0.2152f,0.9764f,0.0166f,0.1876f,-0.9193f,0.2082f,-0.3341f,1.0026f,0f,0f,0f,1f],start_interpolation: 0,interpolation_duration: 1}
$data merge entity $(bone_left_index_finger_2) {transformation: [-0.1771f,0.0604f,0.9823f,-1.6693f,0.2296f,0.9731f,-0.0184f,0.294f,-0.957f,0.2223f,-0.1863f,0.6788f,0f,0f,0f,1f],start_interpolation: 0,interpolation_duration: 1}
$data merge entity $(bone_left_index_finger) {transformation: [-0.1771f,0.0604f,0.9823f,-1.1028f,0.2296f,0.9731f,-0.0184f,0.289f,-0.957f,0.2223f,-0.1863f,0.5728f,0f,0f,0f,1f],start_interpolation: 0,interpolation_duration: 1}
$data merge entity $(bone_left_thumb) {transformation: [-0.2846f,0.1753f,0.9425f,-0.4329f,0.2201f,0.9688f,-0.1138f,0.1693f,-0.933f,0.175f,-0.3143f,0.059f,0f,0f,0f,1f],start_interpolation: 0,interpolation_duration: 1}
$data merge entity $(bone_left_hand) {transformation: [-0.2846f,-0.0328f,0.9581f,-0.3158f,0.2201f,0.9705f,0.0986f,0.1706f,-0.933f,0.2389f,-0.269f,0.6732f,0f,0f,0f,1f],start_interpolation: 0,interpolation_duration: 1}
$data merge entity $(bone_left_forearm) {transformation: [-0.4266f,0.5533f,1.8754f,1.8475f,-0.0387f,1.9168f,-0.5743f,0.4553f,-1.955f,-0.1587f,-0.3978f,0.1793f,0f,0f,0f,1f],start_interpolation: 0,interpolation_duration: 1}
$data merge entity $(bone_left_bicep) {transformation: [-1.1693f,0.5366f,0.0968f,1.6943f,0.1159f,0.4684f,-1.1965f,1.0425f,-0.5328f,-1.0757f,-0.4727f,-1.5447f,0f,0f,0f,1f],start_interpolation: 0,interpolation_duration: 1}
$data merge entity $(bone_left_shoulder) {transformation: [-1.1173f,0.5127f,0.0925f,1.3743f,0.1107f,0.4476f,-1.1433f,1.1453f,-0.5091f,-1.0279f,-0.4517f,-1.8002f,0f,0f,0f,1f],start_interpolation: 0,interpolation_duration: 1}
$data merge entity $(bone_right_fingers_2) {transformation: [-0.1781f,-0.3315f,-0.9265f,1.6875f,-0.1874f,0.9358f,-0.2987f,0.1044f,0.966f,0.1204f,-0.2287f,0.7777f,0f,0f,0f,1f],start_interpolation: 0,interpolation_duration: 1}
$data merge entity $(bone_right_fingers) {transformation: [-0.1781f,-0.3315f,-0.9265f,1.1491f,-0.1874f,0.9358f,-0.2987f,-0.065f,0.966f,0.1204f,-0.2287f,0.6599f,0f,0f,0f,1f],start_interpolation: 0,interpolation_duration: 1}
$data merge entity $(bone_right_index_finger_2) {transformation: [-0.1781f,-0.2907f,-0.9401f,1.7746f,-0.1874f,0.9479f,-0.2576f,0.1643f,0.966f,0.1303f,-0.2233f,0.3428f,0f,0f,0f,1f],start_interpolation: 0,interpolation_duration: 1}
$data merge entity $(bone_right_index_finger) {transformation: [-0.1781f,-0.2907f,-0.9401f,1.2311f,-0.1874f,0.9479f,-0.2576f,0.0213f,0.966f,0.1303f,-0.2233f,0.2149f,0f,0f,0f,1f],start_interpolation: 0,interpolation_duration: 1}
$data merge entity $(bone_right_thumb) {transformation: [0.1649f,-0.1379f,-0.9766f,0.5102f,-0.1183f,0.9803f,-0.1583f,-0.1219f,0.9792f,0.1416f,0.1453f,-0.2173f,0f,0f,0f,1f],start_interpolation: 0,interpolation_duration: 1}
$data merge entity $(bone_right_hand) {transformation: [-0.1781f,0.0483f,-0.9828f,0.4612f,-0.1874f,0.9789f,0.0821f,-0.0986f,0.966f,0.1988f,-0.1652f,0.4056f,0f,0f,0f,1f],start_interpolation: 0,interpolation_duration: 1}
$data merge entity $(bone_right_forearm) {transformation: [-0.3564f,-0.7436f,-1.8236f,-1.7362f,-0.375f,1.8449f,-0.679f,0.0497f,1.9333f,0.2208f,-0.4679f,0.0128f,0f,0f,0f,1f],start_interpolation: 0,interpolation_duration: 1}
$data merge entity $(bone_right_bicep) {transformation: [-1.1409f,-0.6005f,-0.048f,-1.6786f,-0.2903f,0.6382f,-1.083f,0.9746f,0.5278f,-0.9469f,-0.6995f,-1.5625f,0f,0f,0f,1f],start_interpolation: 0,interpolation_duration: 1}
$data merge entity $(bone_right_shoulder) {transformation: [-1.0901f,-0.5738f,-0.0459f,-1.3743f,-0.2774f,0.6098f,-1.0348f,1.1453f,0.5044f,-0.9048f,-0.6684f,-1.8002f,0f,0f,0f,1f],start_interpolation: 0,interpolation_duration: 1}
$data merge entity $(bone_chest) {transformation: [-4.0675f,0f,0f,0f,0f,3.8164f,-1.4069f,1.5289f,0f,-1.4069f,-3.8164f,-1.3058f,0f,0f,0f,1f],start_interpolation: 0,interpolation_duration: 1}
$data merge entity $(bone_weist) {transformation: [-1.1f,0f,0f,0f,0f,1.09f,-0.1481f,0.8873f,0f,-0.1481f,-1.09f,-3.4571f,0f,0f,0f,1f],start_interpolation: 0,interpolation_duration: 1}
$data merge entity $(bone_right_fingers2) {transformation: [-0.996f,-0.026f,-0.0856f,1.181f,0.0218f,-0.9985f,0.0495f,-0.0236f,-0.0868f,0.0474f,0.9951f,-10.3199f,0f,0f,0f,1f],start_interpolation: 0,interpolation_duration: 1}
$data merge entity $(bone_left_foot) {transformation: [-0.996f,-0.0666f,0.0597f,1.1088f,0.0218f,0.4669f,0.8841f,0.2547f,-0.0868f,0.8818f,-0.4635f,-9.3663f,0f,0f,0f,1f],start_interpolation: 0,interpolation_duration: 1}
$data merge entity $(bone_left_knee) {transformation: [-1.5787f,0.0641f,0.1265f,0.9421f,0.0345f,1.545f,-0.3521f,0.129f,-0.1375f,-0.3479f,-1.5402f,-7.2991f,0f,0f,0f,1f],start_interpolation: 0,interpolation_duration: 1}
$data merge entity $(bone_left_thigh) {transformation: [-1.5972f,-0.1428f,-0.014f,0.7385f,0.0349f,-0.5395f,1.5098f,0.4613f,-0.1391f,1.5034f,0.5404f,-5.2287f,0f,0f,0f,1f],start_interpolation: 0,interpolation_duration: 1}
$data merge entity $(bone_left_fingers2) {transformation: [-0.996f,0.026f,0.0856f,-1.1778f,-0.0218f,-0.9985f,0.0495f,-0.0664f,0.0868f,0.0474f,0.9951f,-10.2748f,0f,0f,0f,1f],start_interpolation: 0,interpolation_duration: 1}
$data merge entity $(bone_right_foot) {transformation: [-0.996f,0.0666f,-0.0597f,-1.1056f,-0.0218f,0.4669f,0.8841f,0.2118f,0.0868f,0.8818f,-0.4635f,-9.3213f,0f,0f,0f,1f],start_interpolation: 0,interpolation_duration: 1}
$data merge entity $(bone_right_knee) {transformation: [-1.5787f,-0.0641f,-0.1265f,-0.9398f,-0.0345f,1.545f,-0.3521f,0.1172f,0.1375f,-0.3479f,-1.5402f,-7.2569f,0f,0f,0f,1f],start_interpolation: 0,interpolation_duration: 1}
$data merge entity $(bone_right_thigh) {transformation: [-1.5972f,0.1428f,0.014f,-0.7385f,-0.0349f,-0.5395f,1.5098f,0.445f,0.1391f,1.5034f,0.5404f,-5.2138f,0f,0f,0f,1f],start_interpolation: 0,interpolation_duration: 1}