# This file was generated by Animated Java via MC-Build. It is not recommended to edit this file directly.
$data merge entity $(bone_left_fingers_2) {transformation: [-0.3263f,0.0704f,0.9427f,-1.5251f,0.2263f,0.974f,0.0056f,0.1766f,-0.9178f,0.2151f,-0.3337f,1.1672f,0f,0f,0f,1f],start_interpolation: 0,interpolation_duration: 1}
$data merge entity $(bone_left_fingers) {transformation: [-0.3263f,0.0704f,0.9427f,-0.9769f,0.2263f,0.974f,0.0056f,0.1823f,-0.9178f,0.2151f,-0.3337f,0.9887f,0f,0f,0f,1f],start_interpolation: 0,interpolation_duration: 1}
$data merge entity $(bone_left_index_finger_2) {transformation: [-0.1855f,0.0736f,0.9799f,-1.6732f,0.2371f,0.9711f,-0.0281f,0.2989f,-0.9536f,0.2271f,-0.1976f,0.6727f,0f,0f,0f,1f],start_interpolation: 0,interpolation_duration: 1}
$data merge entity $(bone_left_index_finger) {transformation: [-0.1855f,0.0736f,0.9799f,-1.108f,0.2371f,0.9711f,-0.0281f,0.2883f,-0.9536f,0.2271f,-0.1976f,0.5601f,0f,0f,0f,1f],start_interpolation: 0,interpolation_duration: 1}
$data merge entity $(bone_left_thumb) {transformation: [-0.2846f,0.1956f,0.9385f,-0.4431f,0.23f,0.9643f,-0.1312f,0.1575f,-0.9306f,0.1786f,-0.3195f,0.0425f,0f,0f,0f,1f],start_interpolation: 0,interpolation_duration: 1}
$data merge entity $(bone_left_hand) {transformation: [-0.2846f,-0.0122f,0.9586f,-0.3231f,0.23f,0.9698f,0.0807f,0.1537f,-0.9306f,0.2435f,-0.2732f,0.6561f,0f,0f,0f,1f],start_interpolation: 0,interpolation_duration: 1}
$data merge entity $(bone_left_forearm) {transformation: [-0.4367f,0.5908f,1.8616f,1.8431f,-0.0211f,1.906f,-0.6098f,0.3973f,-1.953f,-0.1527f,-0.4096f,0.1528f,0f,0f,0f,1f],start_interpolation: 0,interpolation_duration: 1}
$data merge entity $(bone_left_bicep) {transformation: [-1.1693f,0.5407f,0.0706f,1.6934f,0.1417f,0.4626f,-1.196f,0.9955f,-0.5265f,-1.0762f,-0.4786f,-1.5677f,0f,0f,0f,1f],start_interpolation: 0,interpolation_duration: 1}
$data merge entity $(bone_left_shoulder) {transformation: [-1.1173f,0.5166f,0.0674f,1.3743f,0.1354f,0.442f,-1.1428f,1.1058f,-0.5031f,-1.0283f,-0.4573f,-1.8212f,0f,0f,0f,1f],start_interpolation: 0,interpolation_duration: 1}
$data merge entity $(bone_right_fingers_2) {transformation: [-0.1853f,-0.3512f,-0.9178f,1.6778f,-0.1964f,0.9284f,-0.3156f,0.1103f,0.9628f,0.1218f,-0.241f,0.786f,0f,0f,0f,1f],start_interpolation: 0,interpolation_duration: 1}
$data merge entity $(bone_right_fingers) {transformation: [-0.1853f,-0.3512f,-0.9178f,1.1443f,-0.1964f,0.9284f,-0.3156f,-0.0689f,0.9628f,0.1218f,-0.241f,0.6611f,0f,0f,0f,1f],start_interpolation: 0,interpolation_duration: 1}
$data merge entity $(bone_right_index_finger_2) {transformation: [-0.1853f,-0.3108f,-0.9322f,1.7687f,-0.1964f,0.9412f,-0.2748f,0.1745f,0.9628f,0.1322f,-0.2355f,0.3525f,0f,0f,0f,1f],start_interpolation: 0,interpolation_duration: 1}
$data merge entity $(bone_right_index_finger) {transformation: [-0.1853f,-0.3108f,-0.9322f,1.2296f,-0.1964f,0.9412f,-0.2748f,0.0216f,0.9628f,0.1322f,-0.2355f,0.2176f,0f,0f,0f,1f],start_interpolation: 0,interpolation_duration: 1}
$data merge entity $(bone_right_thumb) {transformation: [0.156f,-0.1588f,-0.9749f,0.5166f,-0.1207f,0.9765f,-0.1783f,-0.1332f,0.9804f,0.1455f,0.1332f,-0.2237f,0f,0f,0f,1f],start_interpolation: 0,interpolation_duration: 1}
$data merge entity $(bone_right_hand) {transformation: [-0.1853f,0.0268f,-0.9823f,0.4601f,-0.1964f,0.9785f,0.0637f,-0.1146f,0.9628f,0.2047f,-0.1761f,0.3987f,0f,0f,0f,1f],start_interpolation: 0,interpolation_duration: 1}
$data merge entity $(bone_right_forearm) {transformation: [-0.3709f,-0.7823f,-1.8044f,-1.7352f,-0.393f,1.8286f,-0.712f,-0.0072f,1.927f,0.2224f,-0.4926f,-0.0185f,0f,0f,0f,1f],start_interpolation: 0,interpolation_duration: 1}
$data merge entity $(bone_right_bicep) {transformation: [-1.1409f,-0.6021f,-0.0187f,-1.6779f,-0.3157f,0.6318f,-1.0797f,0.9278f,0.513f,-0.9502f,-0.706f,-1.5879f,0f,0f,0f,1f],start_interpolation: 0,interpolation_duration: 1}
$data merge entity $(bone_right_shoulder) {transformation: [-1.0901f,-0.5753f,-0.0179f,-1.3743f,-0.3017f,0.6037f,-1.0317f,1.1058f,0.4902f,-0.9079f,-0.6746f,-1.8212f,0f,0f,0f,1f],start_interpolation: 0,interpolation_duration: 1}
$data merge entity $(bone_chest) {transformation: [-4.0675f,0f,0f,0f,0f,3.8805f,-1.2192f,1.4648f,0f,-1.2192f,-3.8805f,-1.3086f,0f,0f,0f,1f],start_interpolation: 0,interpolation_duration: 1}
$data merge entity $(bone_weist) {transformation: [-1.1f,0f,0f,0f,0f,1.0959f,-0.0948f,0.9289f,0f,-0.0948f,-1.0959f,-3.4887f,0f,0f,0f,1f],start_interpolation: 0,interpolation_duration: 1}
$data merge entity $(bone_right_fingers2) {transformation: [-0.996f,-0.026f,-0.0856f,1.181f,0.0218f,-0.9985f,0.0495f,-0.0236f,-0.0868f,0.0474f,0.9951f,-10.3199f,0f,0f,0f,1f],start_interpolation: 0,interpolation_duration: 1}
$data merge entity $(bone_left_foot) {transformation: [-0.996f,-0.0666f,0.0597f,1.1088f,0.0218f,0.4669f,0.8841f,0.2546f,-0.0868f,0.8818f,-0.4635f,-9.3663f,0f,0f,0f,1f],start_interpolation: 0,interpolation_duration: 1}
$data merge entity $(bone_left_knee) {transformation: [-1.5787f,0.0641f,0.1265f,0.9421f,0.0345f,1.545f,-0.3521f,0.1289f,-0.1375f,-0.3479f,-1.5402f,-7.2991f,0f,0f,0f,1f],start_interpolation: 0,interpolation_duration: 1}
$data merge entity $(bone_left_thigh) {transformation: [-1.5972f,-0.1428f,-0.014f,0.7385f,0.0349f,-0.5395f,1.5098f,0.4613f,-0.1392f,1.5034f,0.5404f,-5.2287f,0f,0f,0f,1f],start_interpolation: 0,interpolation_duration: 1}
$data merge entity $(bone_left_fingers2) {transformation: [-0.996f,0.026f,0.0856f,-1.1778f,-0.0218f,-0.9985f,0.0495f,-0.0664f,0.0868f,0.0474f,0.9951f,-10.2748f,0f,0f,0f,1f],start_interpolation: 0,interpolation_duration: 1}
$data merge entity $(bone_right_foot) {transformation: [-0.996f,0.0666f,-0.0597f,-1.1056f,-0.0218f,0.4669f,0.8841f,0.2118f,0.0868f,0.8818f,-0.4635f,-9.3213f,0f,0f,0f,1f],start_interpolation: 0,interpolation_duration: 1}
$data merge entity $(bone_right_knee) {transformation: [-1.5787f,-0.0641f,-0.1265f,-0.9398f,-0.0345f,1.545f,-0.3521f,0.1172f,0.1375f,-0.3479f,-1.5402f,-7.2569f,0f,0f,0f,1f],start_interpolation: 0,interpolation_duration: 1}
$data merge entity $(bone_right_thigh) {transformation: [-1.5972f,0.1428f,0.014f,-0.7385f,-0.0349f,-0.5395f,1.5098f,0.445f,0.1392f,1.5034f,0.5404f,-5.2138f,0f,0f,0f,1f],start_interpolation: 0,interpolation_duration: 1}