# This file was generated by Animated Java via MC-Build. It is not recommended to edit this file directly.
$data merge entity $(bone_left_fingers_2) {transformation: [-0.3238f,0.0682f,0.9437f,-1.526f,0.2279f,0.9737f,0.0079f,0.1746f,-0.9183f,0.2176f,-0.3308f,1.1638f,0f,0f,0f,1f],start_interpolation: 0,interpolation_duration: 1}
$data merge entity $(bone_left_fingers) {transformation: [-0.3238f,0.0682f,0.9437f,-0.9773f,0.2279f,0.9737f,0.0079f,0.1817f,-0.9183f,0.2176f,-0.3308f,0.987f,0f,0f,0f,1f],start_interpolation: 0,interpolation_duration: 1}
$data merge entity $(bone_left_index_finger_2) {transformation: [-0.1916f,0.0711f,0.9789f,-1.673f,0.2378f,0.971f,-0.024f,0.2964f,-0.9522f,0.2281f,-0.2029f,0.6741f,0f,0f,0f,1f],start_interpolation: 0,interpolation_duration: 1}
$data merge entity $(bone_left_index_finger) {transformation: [-0.1916f,0.0711f,0.9789f,-1.1084f,0.2378f,0.971f,-0.024f,0.2882f,-0.9522f,0.2281f,-0.2029f,0.5585f,0f,0f,0f,1f],start_interpolation: 0,interpolation_duration: 1}
$data merge entity $(bone_left_thumb) {transformation: [-0.2847f,0.1981f,0.9379f,-0.4442f,0.2313f,0.9637f,-0.1334f,0.1561f,-0.9303f,0.179f,-0.3202f,0.0404f,0f,0f,0f,1f],start_interpolation: 0,interpolation_duration: 1}
$data merge entity $(bone_left_hand) {transformation: [-0.2847f,-0.0096f,0.9586f,-0.3238f,0.2313f,0.9697f,0.0784f,0.1516f,-0.9303f,0.244f,-0.2739f,0.6539f,0f,0f,0f,1f],start_interpolation: 0,interpolation_duration: 1}
$data merge entity $(bone_left_forearm) {transformation: [-0.4381f,0.5956f,1.8598f,1.8427f,-0.0189f,1.9046f,-0.6144f,0.3899f,-1.9527f,-0.152f,-0.4113f,0.1493f,0f,0f,0f,1f],start_interpolation: 0,interpolation_duration: 1}
$data merge entity $(bone_left_bicep) {transformation: [-1.1693f,0.5411f,0.0672f,1.6933f,0.145f,0.4618f,-1.1959f,0.9895f,-0.5256f,-1.0763f,-0.4794f,-1.5708f,0f,0f,0f,1f],start_interpolation: 0,interpolation_duration: 1}
$data merge entity $(bone_left_shoulder) {transformation: [-1.1173f,0.517f,0.0642f,1.3743f,0.1386f,0.4413f,-1.1427f,1.1008f,-0.5022f,-1.0284f,-0.458f,-1.824f,0f,0f,0f,1f],start_interpolation: 0,interpolation_duration: 1}
$data merge entity $(bone_right_fingers_2) {transformation: [-0.1863f,-0.3537f,-0.9166f,1.6762f,-0.1976f,0.9274f,-0.3177f,0.111f,0.9624f,0.1219f,-0.2427f,0.7872f,0f,0f,0f,1f],start_interpolation: 0,interpolation_duration: 1}
$data merge entity $(bone_right_fingers) {transformation: [-0.1863f,-0.3537f,-0.9166f,1.1434f,-0.1976f,0.9274f,-0.3177f,-0.0694f,0.9624f,0.1219f,-0.2427f,0.6613f,0f,0f,0f,1f],start_interpolation: 0,interpolation_duration: 1}
$data merge entity $(bone_right_index_finger_2) {transformation: [-0.1863f,-0.3134f,-0.9312f,1.7677f,-0.1976f,0.9404f,-0.2769f,0.1758f,0.9624f,0.1324f,-0.2371f,0.3539f,0f,0f,0f,1f],start_interpolation: 0,interpolation_duration: 1}
$data merge entity $(bone_right_index_finger) {transformation: [-0.1863f,-0.3134f,-0.9312f,1.2292f,-0.1976f,0.9404f,-0.2769f,0.0216f,0.9624f,0.1324f,-0.2371f,0.218f,0f,0f,0f,1f],start_interpolation: 0,interpolation_duration: 1}
$data merge entity $(bone_right_thumb) {transformation: [0.1548f,-0.1614f,-0.9747f,0.5172f,-0.121f,0.976f,-0.1808f,-0.1347f,0.9805f,0.1459f,0.1316f,-0.2246f,0f,0f,0f,1f],start_interpolation: 0,interpolation_duration: 1}
$data merge entity $(bone_right_hand) {transformation: [-0.1863f,0.024f,-0.9822f,0.4597f,-0.1976f,0.9784f,0.0614f,-0.1166f,0.9624f,0.2055f,-0.1776f,0.3978f,0f,0f,0f,1f],start_interpolation: 0,interpolation_duration: 1}
$data merge entity $(bone_right_forearm) {transformation: [-0.3729f,-0.7872f,-1.8018f,-1.7352f,-0.3954f,1.8265f,-0.7161f,-0.0144f,1.9261f,0.2225f,-0.4959f,-0.0227f,0f,0f,0f,1f],start_interpolation: 0,interpolation_duration: 1}
$data merge entity $(bone_right_bicep) {transformation: [-1.1409f,-0.6022f,-0.0149f,-1.6778f,-0.3189f,0.6309f,-1.0792f,0.9219f,0.5111f,-0.9507f,-0.7068f,-1.5913f,0f,0f,0f,1f],start_interpolation: 0,interpolation_duration: 1}
$data merge entity $(bone_right_shoulder) {transformation: [-1.0901f,-0.5754f,-0.0143f,-1.3743f,-0.3047f,0.6029f,-1.0312f,1.1008f,0.4883f,-0.9084f,-0.6754f,-1.824f,0f,0f,0f,1f],start_interpolation: 0,interpolation_duration: 1}
$data merge entity $(bone_chest) {transformation: [-4.0675f,0f,0f,0f,0f,3.888f,-1.1948f,1.4566f,0f,-1.1948f,-3.888f,-1.3092f,0f,0f,0f,1f],start_interpolation: 0,interpolation_duration: 1}
$data merge entity $(bone_weist) {transformation: [-1.1f,0f,0f,0f,0f,1.0965f,-0.0879f,0.9343f,0f,-0.0879f,-1.0965f,-3.4926f,0f,0f,0f,1f],start_interpolation: 0,interpolation_duration: 1}
$data merge entity $(bone_right_fingers2) {transformation: [-0.996f,-0.026f,-0.0856f,1.181f,0.0218f,-0.9985f,0.0495f,-0.0236f,-0.0868f,0.0474f,0.9951f,-10.3199f,0f,0f,0f,1f],start_interpolation: 0,interpolation_duration: 1}
$data merge entity $(bone_left_foot) {transformation: [-0.996f,-0.0666f,0.0597f,1.1088f,0.0218f,0.4669f,0.8841f,0.2546f,-0.0868f,0.8818f,-0.4635f,-9.3663f,0f,0f,0f,1f],start_interpolation: 0,interpolation_duration: 1}
$data merge entity $(bone_left_knee) {transformation: [-1.5787f,0.0641f,0.1265f,0.9421f,0.0345f,1.545f,-0.3521f,0.1289f,-0.1375f,-0.3479f,-1.5402f,-7.2991f,0f,0f,0f,1f],start_interpolation: 0,interpolation_duration: 1}
$data merge entity $(bone_left_thigh) {transformation: [-1.5972f,-0.1428f,-0.014f,0.7385f,0.0349f,-0.5395f,1.5098f,0.4613f,-0.1392f,1.5034f,0.5404f,-5.2287f,0f,0f,0f,1f],start_interpolation: 0,interpolation_duration: 1}
$data merge entity $(bone_left_fingers2) {transformation: [-0.996f,0.026f,0.0856f,-1.1778f,-0.0218f,-0.9985f,0.0495f,-0.0664f,0.0868f,0.0474f,0.9951f,-10.2748f,0f,0f,0f,1f],start_interpolation: 0,interpolation_duration: 1}
$data merge entity $(bone_right_foot) {transformation: [-0.996f,0.0666f,-0.0597f,-1.1056f,-0.0218f,0.4669f,0.8841f,0.2118f,0.0868f,0.8818f,-0.4635f,-9.3213f,0f,0f,0f,1f],start_interpolation: 0,interpolation_duration: 1}
$data merge entity $(bone_right_knee) {transformation: [-1.5787f,-0.0641f,-0.1265f,-0.9398f,-0.0345f,1.545f,-0.3521f,0.1172f,0.1375f,-0.3479f,-1.5402f,-7.2569f,0f,0f,0f,1f],start_interpolation: 0,interpolation_duration: 1}
$data merge entity $(bone_right_thigh) {transformation: [-1.5972f,0.1428f,0.014f,-0.7385f,-0.0349f,-0.5395f,1.5098f,0.445f,0.1392f,1.5034f,0.5404f,-5.2138f,0f,0f,0f,1f],start_interpolation: 0,interpolation_duration: 1}