# This file was generated by Animated Java via MC-Build. It is not recommended to edit this file directly.
$data merge entity $(bone_left_fingers_2) {transformation: [-0.3195f,0.0384f,0.9468f,-1.5226f,0.2172f,0.9755f,0.0338f,0.1651f,-0.9224f,0.2165f,-0.32f,1.1719f,0f,0f,0f,1f],start_interpolation: 0,interpolation_duration: 1}
$data merge entity $(bone_left_fingers) {transformation: [-0.3195f,0.0384f,0.9468f,-0.9723f,0.2172f,0.9755f,0.0338f,0.1872f,-0.9224f,0.2165f,-0.32f,1.0014f,0f,0f,0f,1f],start_interpolation: 0,interpolation_duration: 1}
$data merge entity $(bone_left_index_finger_2) {transformation: [-0.2017f,0.0407f,0.9786f,-1.6676f,0.2284f,0.9735f,0.0066f,0.2795f,-0.9524f,0.2249f,-0.2057f,0.6889f,0f,0f,0f,1f],start_interpolation: 0,interpolation_duration: 1}
$data merge entity $(bone_left_index_finger) {transformation: [-0.2017f,0.0407f,0.9786f,-1.1034f,0.2284f,0.9735f,0.0066f,0.289f,-0.9524f,0.2249f,-0.2057f,0.5717f,0f,0f,0f,1f],start_interpolation: 0,interpolation_duration: 1}
$data merge entity $(bone_left_thumb) {transformation: [-0.2846f,0.1771f,0.9422f,-0.4339f,0.2209f,0.9685f,-0.1153f,0.1683f,-0.9329f,0.1753f,-0.3147f,0.0576f,0f,0f,0f,1f],start_interpolation: 0,interpolation_duration: 1}
$data merge entity $(bone_left_hand) {transformation: [-0.2846f,-0.0311f,0.9582f,-0.3166f,0.2209f,0.9704f,0.0971f,0.1691f,-0.9329f,0.2393f,-0.2693f,0.6718f,0f,0f,0f,1f],start_interpolation: 0,interpolation_duration: 1}
$data merge entity $(bone_left_forearm) {transformation: [-0.4274f,0.5565f,1.8743f,1.847f,-0.0372f,1.9159f,-0.5773f,0.4503f,-1.9548f,-0.1581f,-0.3988f,0.1772f,0f,0f,0f,1f],start_interpolation: 0,interpolation_duration: 1}
$data merge entity $(bone_left_bicep) {transformation: [-1.1693f,0.537f,0.0946f,1.6942f,0.1181f,0.4679f,-1.1965f,1.0385f,-0.5323f,-1.0757f,-0.4732f,-1.5465f,0f,0f,0f,1f],start_interpolation: 0,interpolation_duration: 1}
$data merge entity $(bone_left_shoulder) {transformation: [-1.1173f,0.5131f,0.0904f,1.3743f,0.1128f,0.4471f,-1.1433f,1.1419f,-0.5086f,-1.0279f,-0.4522f,-1.8019f,0f,0f,0f,1f],start_interpolation: 0,interpolation_duration: 1}
$data merge entity $(bone_right_fingers_2) {transformation: [-0.1787f,-0.3331f,-0.9258f,1.6868f,-0.1881f,0.9351f,-0.3002f,0.1049f,0.9658f,0.1205f,-0.2297f,0.7784f,0f,0f,0f,1f],start_interpolation: 0,interpolation_duration: 1}
$data merge entity $(bone_right_fingers) {transformation: [-0.1787f,-0.3331f,-0.9258f,1.1488f,-0.1881f,0.9351f,-0.3002f,-0.0653f,0.9658f,0.1205f,-0.2297f,0.66f,0f,0f,0f,1f],start_interpolation: 0,interpolation_duration: 1}
$data merge entity $(bone_right_index_finger_2) {transformation: [-0.1787f,-0.2924f,-0.9394f,1.7743f,-0.1881f,0.9473f,-0.2591f,0.1652f,0.9658f,0.1305f,-0.2243f,0.3436f,0f,0f,0f,1f],start_interpolation: 0,interpolation_duration: 1}
$data merge entity $(bone_right_index_finger) {transformation: [-0.1787f,-0.2924f,-0.9394f,1.2311f,-0.1881f,0.9473f,-0.2591f,0.0214f,0.9658f,0.1305f,-0.2243f,0.2151f,0f,0f,0f,1f],start_interpolation: 0,interpolation_duration: 1}
$data merge entity $(bone_right_thumb) {transformation: [0.1642f,-0.1396f,-0.9765f,0.5108f,-0.1185f,0.98f,-0.1601f,-0.1228f,0.9793f,0.142f,0.1443f,-0.2179f,0f,0f,0f,1f],start_interpolation: 0,interpolation_duration: 1}
$data merge entity $(bone_right_hand) {transformation: [-0.1787f,0.0465f,-0.9828f,0.4613f,-0.1881f,0.9788f,0.0805f,-0.1f,0.9658f,0.1993f,-0.1661f,0.405f,0f,0f,0f,1f],start_interpolation: 0,interpolation_duration: 1}
$data merge entity $(bone_right_forearm) {transformation: [-0.3576f,-0.7469f,-1.822f,-1.736f,-0.3765f,1.8435f,-0.6818f,0.0448f,1.9328f,0.221f,-0.4699f,0.0103f,0f,0f,0f,1f],start_interpolation: 0,interpolation_duration: 1}
$data merge entity $(bone_right_bicep) {transformation: [-1.1409f,-0.6007f,-0.0456f,-1.6785f,-0.2925f,0.6377f,-1.0827f,0.9706f,0.5266f,-0.9471f,-0.7001f,-1.5645f,0f,0f,0f,1f],start_interpolation: 0,interpolation_duration: 1}
$data merge entity $(bone_right_shoulder) {transformation: [-1.0901f,-0.574f,-0.0435f,-1.3743f,-0.2795f,0.6093f,-1.0346f,1.1419f,0.5032f,-0.905f,-0.6689f,-1.8019f,0f,0f,0f,1f],start_interpolation: 0,interpolation_duration: 1}
$data merge entity $(bone_chest) {transformation: [-4.0675f,0f,0f,0f,0f,3.8222f,-1.3912f,1.5235f,0f,-1.3912f,-3.8222f,-1.3059f,0f,0f,0f,1f],start_interpolation: 0,interpolation_duration: 1}
$data merge entity $(bone_weist) {transformation: [-1.1f,0f,0f,0f,0f,1.0906f,-0.1436f,0.8908f,0f,-0.1436f,-1.0906f,-3.4599f,0f,0f,0f,1f],start_interpolation: 0,interpolation_duration: 1}
$data merge entity $(bone_right_fingers2) {transformation: [-0.996f,-0.026f,-0.0856f,1.181f,0.0218f,-0.9985f,0.0495f,-0.0236f,-0.0868f,0.0474f,0.9951f,-10.3199f,0f,0f,0f,1f],start_interpolation: 0,interpolation_duration: 1}
$data merge entity $(bone_left_foot) {transformation: [-0.996f,-0.0666f,0.0597f,1.1089f,0.0218f,0.4669f,0.8841f,0.2546f,-0.0868f,0.8818f,-0.4635f,-9.3663f,0f,0f,0f,1f],start_interpolation: 0,interpolation_duration: 1}
$data merge entity $(bone_left_knee) {transformation: [-1.5787f,0.0641f,0.1265f,0.9421f,0.0345f,1.545f,-0.3521f,0.1289f,-0.1375f,-0.3479f,-1.5402f,-7.2991f,0f,0f,0f,1f],start_interpolation: 0,interpolation_duration: 1}
$data merge entity $(bone_left_thigh) {transformation: [-1.5972f,-0.1428f,-0.0141f,0.7385f,0.0349f,-0.5395f,1.5098f,0.4613f,-0.1392f,1.5034f,0.5404f,-5.2287f,0f,0f,0f,1f],start_interpolation: 0,interpolation_duration: 1}
$data merge entity $(bone_left_fingers2) {transformation: [-0.996f,0.026f,0.0856f,-1.1778f,-0.0218f,-0.9985f,0.0495f,-0.0664f,0.0868f,0.0474f,0.9951f,-10.2748f,0f,0f,0f,1f],start_interpolation: 0,interpolation_duration: 1}
$data merge entity $(bone_right_foot) {transformation: [-0.996f,0.0666f,-0.0597f,-1.1056f,-0.0218f,0.4669f,0.8841f,0.2118f,0.0868f,0.8818f,-0.4635f,-9.3213f,0f,0f,0f,1f],start_interpolation: 0,interpolation_duration: 1}
$data merge entity $(bone_right_knee) {transformation: [-1.5787f,-0.0641f,-0.1265f,-0.9398f,-0.0345f,1.545f,-0.3521f,0.1172f,0.1375f,-0.3479f,-1.5402f,-7.2569f,0f,0f,0f,1f],start_interpolation: 0,interpolation_duration: 1}
$data merge entity $(bone_right_thigh) {transformation: [-1.5972f,0.1428f,0.0141f,-0.7385f,-0.0349f,-0.5395f,1.5098f,0.445f,0.1392f,1.5034f,0.5404f,-5.2138f,0f,0f,0f,1f],start_interpolation: 0,interpolation_duration: 1}