# This file was generated by Animated Java via MC-Build. It is not recommended to edit this file directly.
$data merge entity $(bone_left_fingers_2) {transformation: [-0.3021f,0.0195f,0.9531f,-1.5299f,0.2269f,0.9725f,0.052f,0.1507f,-0.9259f,0.232f,-0.2982f,1.1487f,0f,0f,0f,1f],start_interpolation: 0,interpolation_duration: 1}
$data merge entity $(bone_left_fingers) {transformation: [-0.3021f,0.0195f,0.9531f,-0.9764f,0.2269f,0.9725f,0.052f,0.1832f,-0.9259f,0.232f,-0.2982f,0.9909f,0f,0f,0f,1f],start_interpolation: 0,interpolation_duration: 1}
$data merge entity $(bone_left_index_finger_2) {transformation: [-0.2433f,0.0201f,0.9697f,-1.6664f,0.2318f,0.972f,0.038f,0.2609f,-0.9418f,0.2341f,-0.2412f,0.6997f,0f,0f,0f,1f],start_interpolation: 0,interpolation_duration: 1}
$data merge entity $(bone_left_index_finger) {transformation: [-0.2433f,0.0201f,0.9697f,-1.1074f,0.2318f,0.972f,0.038f,0.2884f,-0.9418f,0.2341f,-0.2412f,0.562f,0f,0f,0f,1f],start_interpolation: 0,interpolation_duration: 1}
$data merge entity $(bone_left_thumb) {transformation: [-0.2846f,0.1924f,0.9391f,-0.4417f,0.2285f,0.965f,-0.1285f,0.1593f,-0.931f,0.178f,-0.3186f,0.0451f,0f,0f,0f,1f],start_interpolation: 0,interpolation_duration: 1}
$data merge entity $(bone_left_hand) {transformation: [-0.2846f,-0.0154f,0.9585f,-0.3222f,0.2285f,0.97f,0.0834f,0.1563f,-0.931f,0.2428f,-0.2725f,0.6588f,0f,0f,0f,1f],start_interpolation: 0,interpolation_duration: 1}
$data merge entity $(bone_left_forearm) {transformation: [-0.435f,0.585f,1.8638f,1.8437f,-0.0239f,1.9077f,-0.6044f,0.4062f,-1.9533f,-0.1536f,-0.4077f,0.1571f,0f,0f,0f,1f],start_interpolation: 0,interpolation_duration: 1}
$data merge entity $(bone_left_bicep) {transformation: [-1.1693f,0.5401f,0.0747f,1.6935f,0.1377f,0.4635f,-1.1961f,1.0027f,-0.5276f,-1.0761f,-0.4777f,-1.564f,0f,0f,0f,1f],start_interpolation: 0,interpolation_duration: 1}
$data merge entity $(bone_left_shoulder) {transformation: [-1.1173f,0.5161f,0.0713f,1.3743f,0.1316f,0.4429f,-1.1429f,1.1119f,-0.5041f,-1.0282f,-0.4564f,-1.8178f,0f,0f,0f,1f],start_interpolation: 0,interpolation_duration: 1}
$data merge entity $(bone_right_fingers_2) {transformation: [-0.1842f,-0.3481f,-0.9192f,1.6795f,-0.195f,0.9295f,-0.313f,0.1094f,0.9634f,0.1216f,-0.2391f,0.7847f,0f,0f,0f,1f],start_interpolation: 0,interpolation_duration: 1}
$data merge entity $(bone_right_fingers) {transformation: [-0.1842f,-0.3481f,-0.9192f,1.1453f,-0.195f,0.9295f,-0.313f,-0.0682f,0.9634f,0.1216f,-0.2391f,0.6609f,0f,0f,0f,1f],start_interpolation: 0,interpolation_duration: 1}
$data merge entity $(bone_right_index_finger_2) {transformation: [-0.1842f,-0.3077f,-0.9335f,1.7699f,-0.195f,0.9423f,-0.2721f,0.173f,0.9634f,0.1319f,-0.2335f,0.3509f,0f,0f,0f,1f],start_interpolation: 0,interpolation_duration: 1}
$data merge entity $(bone_right_index_finger) {transformation: [-0.1842f,-0.3077f,-0.9335f,1.2301f,-0.195f,0.9423f,-0.2721f,0.0216f,0.9634f,0.1319f,-0.2335f,0.2171f,0f,0f,0f,1f],start_interpolation: 0,interpolation_duration: 1}
$data merge entity $(bone_right_thumb) {transformation: [0.1575f,-0.1555f,-0.9752f,0.5158f,-0.1203f,0.9772f,-0.1752f,-0.1315f,0.9802f,0.1449f,0.1352f,-0.2227f,0f,0f,0f,1f],start_interpolation: 0,interpolation_duration: 1}
$data merge entity $(bone_right_hand) {transformation: [-0.1842f,0.0301f,-0.9824f,0.4605f,-0.195f,0.9785f,0.0666f,-0.1121f,0.9634f,0.2038f,-0.1743f,0.3998f,0f,0f,0f,1f],start_interpolation: 0,interpolation_duration: 1}
$data merge entity $(bone_right_forearm) {transformation: [-0.3686f,-0.7763f,-1.8074f,-1.7352f,-0.3902f,1.8312f,-0.7069f,0.0016f,1.928f,0.2222f,-0.4886f,-0.0134f,0f,0f,0f,1f],start_interpolation: 0,interpolation_duration: 1}
$data merge entity $(bone_right_bicep) {transformation: [-1.1409f,-0.6019f,-0.0233f,-1.678f,-0.3118f,0.6328f,-1.0802f,0.935f,0.5154f,-0.9496f,-0.705f,-1.5838f,0f,0f,0f,1f],start_interpolation: 0,interpolation_duration: 1}
$data merge entity $(bone_right_shoulder) {transformation: [-1.0902f,-0.5752f,-0.0223f,-1.3743f,-0.2979f,0.6046f,-1.0322f,1.1119f,0.4925f,-0.9074f,-0.6737f,-1.8178f,0f,0f,0f,1f],start_interpolation: 0,interpolation_duration: 1}
$data merge entity $(bone_chest) {transformation: [-4.0675f,0f,0f,0f,0f,3.8711f,-1.2487f,1.4748f,0f,-1.2487f,-3.8711f,-1.308f,0f,0f,0f,1f],start_interpolation: 0,interpolation_duration: 1}
$data merge entity $(bone_weist) {transformation: [-1.1f,0f,0f,0f,0f,1.0952f,-0.1031f,0.9223f,0f,-0.1031f,-1.0952f,-3.4839f,0f,0f,0f,1f],start_interpolation: 0,interpolation_duration: 1}
$data merge entity $(bone_right_fingers2) {transformation: [-0.996f,-0.026f,-0.0856f,1.181f,0.0218f,-0.9985f,0.0495f,-0.0236f,-0.0868f,0.0474f,0.9951f,-10.3199f,0f,0f,0f,1f],start_interpolation: 0,interpolation_duration: 1}
$data merge entity $(bone_left_foot) {transformation: [-0.996f,-0.0666f,0.0597f,1.1089f,0.0218f,0.4669f,0.8841f,0.2546f,-0.0868f,0.8818f,-0.4635f,-9.3663f,0f,0f,0f,1f],start_interpolation: 0,interpolation_duration: 1}
$data merge entity $(bone_left_knee) {transformation: [-1.5787f,0.0641f,0.1265f,0.9421f,0.0345f,1.545f,-0.3521f,0.1289f,-0.1376f,-0.3479f,-1.5402f,-7.2991f,0f,0f,0f,1f],start_interpolation: 0,interpolation_duration: 1}
$data merge entity $(bone_left_thigh) {transformation: [-1.5972f,-0.1428f,-0.0141f,0.7385f,0.0349f,-0.5394f,1.5098f,0.4613f,-0.1392f,1.5034f,0.5404f,-5.2287f,0f,0f,0f,1f],start_interpolation: 0,interpolation_duration: 1}
$data merge entity $(bone_left_fingers2) {transformation: [-0.996f,0.026f,0.0856f,-1.1778f,-0.0218f,-0.9985f,0.0495f,-0.0665f,0.0868f,0.0474f,0.9951f,-10.2748f,0f,0f,0f,1f],start_interpolation: 0,interpolation_duration: 1}
$data merge entity $(bone_right_foot) {transformation: [-0.996f,0.0666f,-0.0597f,-1.1057f,-0.0218f,0.4669f,0.8841f,0.2118f,0.0868f,0.8818f,-0.4635f,-9.3213f,0f,0f,0f,1f],start_interpolation: 0,interpolation_duration: 1}
$data merge entity $(bone_right_knee) {transformation: [-1.5787f,-0.0641f,-0.1265f,-0.9399f,-0.0345f,1.545f,-0.3521f,0.1172f,0.1376f,-0.3479f,-1.5402f,-7.2569f,0f,0f,0f,1f],start_interpolation: 0,interpolation_duration: 1}
$data merge entity $(bone_right_thigh) {transformation: [-1.5972f,0.1428f,0.0141f,-0.7385f,-0.0349f,-0.5394f,1.5098f,0.445f,0.1392f,1.5034f,0.5404f,-5.2138f,0f,0f,0f,1f],start_interpolation: 0,interpolation_duration: 1}