# This file was generated by Animated Java via MC-Build. It is not recommended to edit this file directly.
$data merge entity $(bone_left_fingers_2) {transformation: [-0.3018f,0.0178f,0.9532f,-1.5297f,0.2263f,0.9726f,0.0535f,0.1501f,-0.9261f,0.2319f,-0.2976f,1.1491f,0f,0f,0f,1f],start_interpolation: 0,interpolation_duration: 1}
$data merge entity $(bone_left_fingers) {transformation: [-0.3018f,0.0178f,0.9532f,-0.9761f,0.2263f,0.9726f,0.0535f,0.1835f,-0.9261f,0.2319f,-0.2976f,0.9917f,0f,0f,0f,1f],start_interpolation: 0,interpolation_duration: 1}
$data merge entity $(bone_left_index_finger_2) {transformation: [-0.2439f,0.0184f,0.9696f,-1.6661f,0.2312f,0.9721f,0.0398f,0.2599f,-0.9418f,0.2339f,-0.2413f,0.7005f,0f,0f,0f,1f],start_interpolation: 0,interpolation_duration: 1}
$data merge entity $(bone_left_index_finger) {transformation: [-0.2439f,0.0184f,0.9696f,-1.1072f,0.2312f,0.9721f,0.0398f,0.2884f,-0.9418f,0.2339f,-0.2413f,0.5628f,0f,0f,0f,1f],start_interpolation: 0,interpolation_duration: 1}
$data merge entity $(bone_left_thumb) {transformation: [-0.2846f,0.1912f,0.9394f,-0.4411f,0.2279f,0.9653f,-0.1274f,0.16f,-0.9312f,0.1778f,-0.3182f,0.0461f,0f,0f,0f,1f],start_interpolation: 0,interpolation_duration: 1}
$data merge entity $(bone_left_hand) {transformation: [-0.2846f,-0.0167f,0.9585f,-0.3218f,0.2279f,0.97f,0.0845f,0.1573f,-0.9312f,0.2425f,-0.2722f,0.6598f,0f,0f,0f,1f],start_interpolation: 0,interpolation_duration: 1}
$data merge entity $(bone_left_forearm) {transformation: [-0.4343f,0.5827f,1.8647f,1.8439f,-0.025f,1.9084f,-0.6022f,0.4098f,-1.9535f,-0.154f,-0.4069f,0.1588f,0f,0f,0f,1f],start_interpolation: 0,interpolation_duration: 1}
$data merge entity $(bone_left_bicep) {transformation: [-1.1693f,0.5399f,0.0763f,1.6936f,0.1361f,0.4638f,-1.1962f,1.0056f,-0.528f,-1.076f,-0.4773f,-1.5625f,0f,0f,0f,1f],start_interpolation: 0,interpolation_duration: 1}
$data merge entity $(bone_left_shoulder) {transformation: [-1.1173f,0.5159f,0.0729f,1.3743f,0.1301f,0.4432f,-1.143f,1.1143f,-0.5045f,-1.0282f,-0.4561f,-1.8165f,0f,0f,0f,1f],start_interpolation: 0,interpolation_duration: 1}
$data merge entity $(bone_right_fingers_2) {transformation: [-0.1837f,-0.3469f,-0.9197f,1.6802f,-0.1944f,0.93f,-0.3119f,0.1091f,0.9636f,0.1215f,-0.2383f,0.7842f,0f,0f,0f,1f],start_interpolation: 0,interpolation_duration: 1}
$data merge entity $(bone_right_fingers) {transformation: [-0.1837f,-0.3469f,-0.9197f,1.1456f,-0.1944f,0.93f,-0.3119f,-0.068f,0.9636f,0.1215f,-0.2383f,0.6608f,0f,0f,0f,1f],start_interpolation: 0,interpolation_duration: 1}
$data merge entity $(bone_right_index_finger_2) {transformation: [-0.1837f,-0.3065f,-0.934f,1.7703f,-0.1944f,0.9427f,-0.2711f,0.1723f,0.9636f,0.1318f,-0.2328f,0.3503f,0f,0f,0f,1f],start_interpolation: 0,interpolation_duration: 1}
$data merge entity $(bone_right_index_finger) {transformation: [-0.1837f,-0.3065f,-0.934f,1.2302f,-0.1944f,0.9427f,-0.2711f,0.0216f,0.9636f,0.1318f,-0.2328f,0.2169f,0f,0f,0f,1f],start_interpolation: 0,interpolation_duration: 1}
$data merge entity $(bone_right_thumb) {transformation: [0.158f,-0.1542f,-0.9753f,0.5154f,-0.1201f,0.9774f,-0.174f,-0.1308f,0.9801f,0.1447f,0.1359f,-0.2223f,0f,0f,0f,1f],start_interpolation: 0,interpolation_duration: 1}
$data merge entity $(bone_right_hand) {transformation: [-0.1837f,0.0315f,-0.9825f,0.4606f,-0.1944f,0.9786f,0.0677f,-0.1111f,0.9636f,0.2035f,-0.1736f,0.4002f,0f,0f,0f,1f],start_interpolation: 0,interpolation_duration: 1}
$data merge entity $(bone_right_forearm) {transformation: [-0.3676f,-0.7739f,-1.8087f,-1.7353f,-0.3891f,1.8322f,-0.7049f,0.0051f,1.9284f,0.2222f,-0.487f,-0.0115f,0f,0f,0f,1f],start_interpolation: 0,interpolation_duration: 1}
$data merge entity $(bone_right_bicep) {transformation: [-1.1409f,-0.6019f,-0.0251f,-1.678f,-0.3102f,0.6331f,-1.0805f,0.9379f,0.5164f,-0.9494f,-0.7046f,-1.5822f,0f,0f,0f,1f],start_interpolation: 0,interpolation_duration: 1}
$data merge entity $(bone_right_shoulder) {transformation: [-1.0902f,-0.5751f,-0.024f,-1.3743f,-0.2964f,0.605f,-1.0324f,1.1143f,0.4934f,-0.9072f,-0.6733f,-1.8165f,0f,0f,0f,1f],start_interpolation: 0,interpolation_duration: 1}
$data merge entity $(bone_chest) {transformation: [-4.0675f,0f,0f,0f,0f,3.8673f,-1.2604f,1.4788f,0f,-1.2604f,-3.8673f,-1.3077f,0f,0f,0f,1f],start_interpolation: 0,interpolation_duration: 1}
$data merge entity $(bone_weist) {transformation: [-1.1f,0f,0f,0f,0f,1.0948f,-0.1064f,0.9197f,0f,-0.1064f,-1.0948f,-3.482f,0f,0f,0f,1f],start_interpolation: 0,interpolation_duration: 1}
$data merge entity $(bone_right_fingers2) {transformation: [-0.996f,-0.026f,-0.0856f,1.181f,0.0218f,-0.9985f,0.0495f,-0.0236f,-0.0868f,0.0474f,0.9951f,-10.3199f,0f,0f,0f,1f],start_interpolation: 0,interpolation_duration: 1}
$data merge entity $(bone_left_foot) {transformation: [-0.996f,-0.0666f,0.0597f,1.1089f,0.0218f,0.4669f,0.8841f,0.2546f,-0.0868f,0.8818f,-0.4635f,-9.3663f,0f,0f,0f,1f],start_interpolation: 0,interpolation_duration: 1}
$data merge entity $(bone_left_knee) {transformation: [-1.5787f,0.0641f,0.1265f,0.9421f,0.0345f,1.545f,-0.3521f,0.1289f,-0.1376f,-0.3479f,-1.5402f,-7.2991f,0f,0f,0f,1f],start_interpolation: 0,interpolation_duration: 1}
$data merge entity $(bone_left_thigh) {transformation: [-1.5972f,-0.1428f,-0.0141f,0.7385f,0.0349f,-0.5394f,1.5098f,0.4613f,-0.1392f,1.5034f,0.5404f,-5.2287f,0f,0f,0f,1f],start_interpolation: 0,interpolation_duration: 1}
$data merge entity $(bone_left_fingers2) {transformation: [-0.996f,0.026f,0.0856f,-1.1778f,-0.0218f,-0.9985f,0.0495f,-0.0665f,0.0868f,0.0474f,0.9951f,-10.2748f,0f,0f,0f,1f],start_interpolation: 0,interpolation_duration: 1}
$data merge entity $(bone_right_foot) {transformation: [-0.996f,0.0666f,-0.0597f,-1.1057f,-0.0218f,0.4669f,0.8841f,0.2118f,0.0868f,0.8818f,-0.4635f,-9.3213f,0f,0f,0f,1f],start_interpolation: 0,interpolation_duration: 1}
$data merge entity $(bone_right_knee) {transformation: [-1.5787f,-0.0641f,-0.1265f,-0.9399f,-0.0345f,1.545f,-0.3521f,0.1172f,0.1376f,-0.3479f,-1.5402f,-7.2569f,0f,0f,0f,1f],start_interpolation: 0,interpolation_duration: 1}
$data merge entity $(bone_right_thigh) {transformation: [-1.5972f,0.1428f,0.0141f,-0.7385f,-0.0349f,-0.5394f,1.5098f,0.445f,0.1392f,1.5034f,0.5404f,-5.2138f,0f,0f,0f,1f],start_interpolation: 0,interpolation_duration: 1}