# This file was generated by Animated Java via MC-Build. It is not recommended to edit this file directly.
$data merge entity $(bone_left_fingers_2) {transformation: [-0.291f,-0.027f,0.9563f,-1.5243f,0.2161f,0.9719f,0.0932f,0.1332f,-0.932f,0.2338f,-0.277f,1.1527f,0f,0f,0f,1f],start_interpolation: 0,interpolation_duration: 1}
$data merge entity $(bone_left_fingers) {transformation: [-0.291f,-0.027f,0.9563f,-0.9693f,0.2161f,0.9719f,0.0932f,0.1896f,-0.932f,0.2338f,-0.277f,1.0072f,0f,0f,0f,1f],start_interpolation: 0,interpolation_duration: 1}
$data merge entity $(bone_left_index_finger_2) {transformation: [-0.2701f,-0.0269f,0.9625f,-1.655f,0.2184f,0.9718f,0.0884f,0.2328f,-0.9377f,0.2341f,-0.2566f,0.7236f,0f,0f,0f,1f],start_interpolation: 0,interpolation_duration: 1}
$data merge entity $(bone_left_index_finger) {transformation: [-0.2701f,-0.0269f,0.9625f,-1.1004f,0.2184f,0.9718f,0.0884f,0.2894f,-0.9377f,0.2341f,-0.2566f,0.5771f,0f,0f,0f,1f],start_interpolation: 0,interpolation_duration: 1}
$data merge entity $(bone_left_thumb) {transformation: [-0.2847f,0.1687f,0.9436f,-0.429f,0.2168f,0.9702f,-0.1081f,0.1733f,-0.9338f,0.1738f,-0.3128f,0.0644f,0f,0f,0f,1f],start_interpolation: 0,interpolation_duration: 1}
$data merge entity $(bone_left_hand) {transformation: [-0.2847f,-0.0395f,0.9578f,-0.3128f,0.2168f,0.9706f,0.1045f,0.1763f,-0.9338f,0.2374f,-0.2678f,0.6788f,0f,0f,0f,1f],start_interpolation: 0,interpolation_duration: 1}
$data merge entity $(bone_left_forearm) {transformation: [-0.4236f,0.5409f,1.8797f,1.8493f,-0.0444f,1.9201f,-0.5625f,0.4745f,-1.9555f,-0.1608f,-0.3944f,0.1874f,0f,0f,0f,1f],start_interpolation: 0,interpolation_duration: 1}
$data merge entity $(bone_left_bicep) {transformation: [-1.1693f,0.535f,0.1053f,1.6946f,0.1074f,0.4703f,-1.1966f,1.0582f,-0.5346f,-1.0757f,-0.4708f,-1.5377f,0f,0f,0f,1f],start_interpolation: 0,interpolation_duration: 1}
$data merge entity $(bone_left_shoulder) {transformation: [-1.1173f,0.5112f,0.1007f,1.3743f,0.1026f,0.4494f,-1.1433f,1.1584f,-0.5108f,-1.0278f,-0.4499f,-1.7938f,0f,0f,0f,1f],start_interpolation: 0,interpolation_duration: 1}
$data merge entity $(bone_right_fingers_2) {transformation: [-0.1759f,-0.3249f,-0.9293f,1.6896f,-0.1844f,0.9381f,-0.2931f,0.1021f,0.967f,0.1199f,-0.2249f,0.7753f,0f,0f,0f,1f],start_interpolation: 0,interpolation_duration: 1}
$data merge entity $(bone_right_fingers) {transformation: [-0.1759f,-0.3249f,-0.9293f,1.1498f,-0.1844f,0.9381f,-0.2931f,-0.0639f,0.967f,0.1199f,-0.2249f,0.6597f,0f,0f,0f,1f],start_interpolation: 0,interpolation_duration: 1}
$data merge entity $(bone_right_index_finger_2) {transformation: [-0.1759f,-0.284f,-0.9425f,1.7756f,-0.1844f,0.95f,-0.2519f,0.1607f,0.967f,0.1295f,-0.2195f,0.34f,0f,0f,0f,1f],start_interpolation: 0,interpolation_duration: 1}
$data merge entity $(bone_right_index_finger) {transformation: [-0.1759f,-0.284f,-0.9425f,1.2308f,-0.1844f,0.95f,-0.2519f,0.0211f,0.967f,0.1295f,-0.2195f,0.2143f,0f,0f,0f,1f],start_interpolation: 0,interpolation_duration: 1}
$data merge entity $(bone_right_thumb) {transformation: [0.1676f,-0.1309f,-0.9771f,0.5074f,-0.1176f,0.9814f,-0.1517f,-0.1182f,0.9788f,0.1403f,0.149f,-0.2152f,0f,0f,0f,1f],start_interpolation: 0,interpolation_duration: 1}
$data merge entity $(bone_right_hand) {transformation: [-0.1759f,0.0555f,-0.9828f,0.4608f,-0.1844f,0.9789f,0.0882f,-0.0935f,0.967f,0.1968f,-0.1619f,0.4078f,0f,0f,0f,1f],start_interpolation: 0,interpolation_duration: 1}
$data merge entity $(bone_right_forearm) {transformation: [-0.352f,-0.7307f,-1.8296f,-1.737f,-0.3691f,1.8501f,-0.6679f,0.0685f,1.9352f,0.22f,-0.4602f,0.0226f,0f,0f,0f,1f],start_interpolation: 0,interpolation_duration: 1}
$data merge entity $(bone_right_bicep) {transformation: [-1.1409f,-0.5996f,-0.0576f,-1.6789f,-0.2819f,0.6404f,-1.0839f,0.9902f,0.5324f,-0.9459f,-0.6973f,-1.5547f,0f,0f,0f,1f],start_interpolation: 0,interpolation_duration: 1}
$data merge entity $(bone_right_shoulder) {transformation: [-1.0902f,-0.573f,-0.055f,-1.3743f,-0.2693f,0.6119f,-1.0357f,1.1584f,0.5087f,-0.9039f,-0.6663f,-1.7938f,0f,0f,0f,1f],start_interpolation: 0,interpolation_duration: 1}
$data merge entity $(bone_chest) {transformation: [-4.0675f,0f,0f,0f,0f,3.7935f,-1.4675f,1.5498f,0f,-1.4675f,-3.7935f,-1.3055f,0f,0f,0f,1f],start_interpolation: 0,interpolation_duration: 1}
$data merge entity $(bone_weist) {transformation: [-1.1f,0f,0f,0f,0f,1.0875f,-0.1654f,0.8741f,0f,-0.1654f,-1.0875f,-3.4464f,0f,0f,0f,1f],start_interpolation: 0,interpolation_duration: 1}
$data merge entity $(bone_right_fingers2) {transformation: [-0.996f,-0.026f,-0.0856f,1.1811f,0.0218f,-0.9985f,0.0495f,-0.0237f,-0.0868f,0.0475f,0.9951f,-10.3198f,0f,0f,0f,1f],start_interpolation: 0,interpolation_duration: 1}
$data merge entity $(bone_left_foot) {transformation: [-0.996f,-0.0666f,0.0597f,1.1089f,0.0218f,0.4669f,0.8841f,0.2546f,-0.0868f,0.8818f,-0.4636f,-9.3663f,0f,0f,0f,1f],start_interpolation: 0,interpolation_duration: 1}
$data merge entity $(bone_left_knee) {transformation: [-1.5787f,0.0641f,0.1265f,0.9421f,0.0345f,1.545f,-0.3521f,0.1289f,-0.1376f,-0.348f,-1.5402f,-7.2991f,0f,0f,0f,1f],start_interpolation: 0,interpolation_duration: 1}
$data merge entity $(bone_left_thigh) {transformation: [-1.5972f,-0.1428f,-0.0141f,0.7385f,0.0349f,-0.5394f,1.5098f,0.4613f,-0.1392f,1.5034f,0.5404f,-5.2287f,0f,0f,0f,1f],start_interpolation: 0,interpolation_duration: 1}
$data merge entity $(bone_left_fingers2) {transformation: [-0.996f,0.026f,0.0856f,-1.1779f,-0.0218f,-0.9985f,0.0495f,-0.0665f,0.0868f,0.0475f,0.9951f,-10.2748f,0f,0f,0f,1f],start_interpolation: 0,interpolation_duration: 1}
$data merge entity $(bone_right_foot) {transformation: [-0.996f,0.0666f,-0.0597f,-1.1057f,-0.0218f,0.4669f,0.8841f,0.2117f,0.0868f,0.8818f,-0.4636f,-9.3213f,0f,0f,0f,1f],start_interpolation: 0,interpolation_duration: 1}
$data merge entity $(bone_right_knee) {transformation: [-1.5787f,-0.0641f,-0.1265f,-0.9399f,-0.0345f,1.545f,-0.3521f,0.1172f,0.1376f,-0.348f,-1.5402f,-7.2569f,0f,0f,0f,1f],start_interpolation: 0,interpolation_duration: 1}
$data merge entity $(bone_right_thigh) {transformation: [-1.5972f,0.1428f,0.0141f,-0.7385f,-0.0349f,-0.5394f,1.5098f,0.445f,0.1392f,1.5034f,0.5404f,-5.2138f,0f,0f,0f,1f],start_interpolation: 0,interpolation_duration: 1}