# This file was generated by Animated Java via MC-Build. It is not recommended to edit this file directly.
$data merge entity $(bone_left_fingers_2) {transformation: [-0.2885f,-0.0162f,0.9573f,-1.53f,0.2238f,0.971f,0.0839f,0.1345f,-0.9309f,0.2385f,-0.2765f,1.1419f,0f,0f,0f,1f],start_interpolation: 0,interpolation_duration: 1}
$data merge entity $(bone_left_fingers) {transformation: [-0.2885f,-0.0162f,0.9573f,-0.9744f,0.2238f,0.971f,0.0839f,0.1854f,-0.9309f,0.2385f,-0.2765f,0.9967f,0f,0f,0f,1f],start_interpolation: 0,interpolation_duration: 1}
$data merge entity $(bone_left_index_finger_2) {transformation: [-0.2751f,-0.0162f,0.9613f,-1.6593f,0.2251f,0.971f,0.0807f,0.2366f,-0.9347f,0.2386f,-0.2635f,0.7179f,0f,0f,0f,1f],start_interpolation: 0,interpolation_duration: 1}
$data merge entity $(bone_left_index_finger) {transformation: [-0.2751f,-0.0162f,0.9613f,-1.1054f,0.2251f,0.971f,0.0807f,0.2887f,-0.9347f,0.2386f,-0.2635f,0.5674f,0f,0f,0f,1f],start_interpolation: 0,interpolation_duration: 1}
$data merge entity $(bone_left_thumb) {transformation: [-0.2845f,0.1838f,0.9409f,-0.4375f,0.2242f,0.967f,-0.1211f,0.1643f,-0.9321f,0.1765f,-0.3163f,0.0521f,0f,0f,0f,1f],start_interpolation: 0,interpolation_duration: 1}
$data merge entity $(bone_left_hand) {transformation: [-0.2845f,-0.0242f,0.9584f,-0.3192f,0.2242f,0.9703f,0.0911f,0.1635f,-0.9321f,0.2408f,-0.2706f,0.6661f,0f,0f,0f,1f],start_interpolation: 0,interpolation_duration: 1}
$data merge entity $(bone_left_forearm) {transformation: [-0.4306f,0.569f,1.8698f,1.8454f,-0.0314f,1.9124f,-0.5892f,0.431f,-1.9542f,-0.1561f,-0.4025f,0.1686f,0f,0f,0f,1f],start_interpolation: 0,interpolation_duration: 1}
$data merge entity $(bone_left_bicep) {transformation: [-1.1693f,0.5385f,0.0859f,1.6939f,0.1267f,0.466f,-1.1964f,1.0228f,-0.5303f,-1.0758f,-0.4752f,-1.554f,0f,0f,0f,1f],start_interpolation: 0,interpolation_duration: 1}
$data merge entity $(bone_left_shoulder) {transformation: [-1.1173f,0.5145f,0.0821f,1.3743f,0.1211f,0.4452f,-1.1432f,1.1287f,-0.5068f,-1.028f,-0.4541f,-1.8087f,0f,0f,0f,1f],start_interpolation: 0,interpolation_duration: 1}
$data merge entity $(bone_right_fingers_2) {transformation: [-0.181f,-0.3397f,-0.9229f,1.6839f,-0.1911f,0.9327f,-0.3058f,0.1069f,0.9647f,0.1211f,-0.2338f,0.7811f,0f,0f,0f,1f],start_interpolation: 0,interpolation_duration: 1}
$data merge entity $(bone_right_fingers) {transformation: [-0.181f,-0.3397f,-0.9229f,1.1475f,-0.1911f,0.9327f,-0.3058f,-0.0666f,0.9647f,0.1211f,-0.2338f,0.6603f,0f,0f,0f,1f],start_interpolation: 0,interpolation_duration: 1}
$data merge entity $(bone_right_index_finger_2) {transformation: [-0.181f,-0.2991f,-0.9369f,1.7726f,-0.1911f,0.9452f,-0.2648f,0.1686f,0.9647f,0.1311f,-0.2283f,0.3468f,0f,0f,0f,1f],start_interpolation: 0,interpolation_duration: 1}
$data merge entity $(bone_right_index_finger) {transformation: [-0.181f,-0.2991f,-0.9369f,1.2309f,-0.1911f,0.9452f,-0.2648f,0.0215f,0.9647f,0.1311f,-0.2283f,0.216f,0f,0f,0f,1f],start_interpolation: 0,interpolation_duration: 1}
$data merge entity $(bone_right_thumb) {transformation: [0.1613f,-0.1466f,-0.976f,0.5132f,-0.1193f,0.9788f,-0.1667f,-0.1266f,0.9797f,0.1433f,0.1404f,-0.22f,0f,0f,0f,1f],start_interpolation: 0,interpolation_duration: 1}
$data merge entity $(bone_right_hand) {transformation: [-0.181f,0.0393f,-0.9827f,0.4611f,-0.1911f,0.9787f,0.0744f,-0.1053f,0.9647f,0.2013f,-0.1696f,0.4027f,0f,0f,0f,1f],start_interpolation: 0,interpolation_duration: 1}
$data merge entity $(bone_right_forearm) {transformation: [-0.3623f,-0.7598f,-1.8157f,-1.7356f,-0.3825f,1.8382f,-0.6929f,0.0259f,1.9307f,0.2216f,-0.478f,0.0001f,0f,0f,0f,1f],start_interpolation: 0,interpolation_duration: 1}
$data merge entity $(bone_right_bicep) {transformation: [-1.1409f,-0.6013f,-0.0359f,-1.6783f,-0.301f,0.6355f,-1.0817f,0.955f,0.5218f,-0.9482f,-0.7023f,-1.5728f,0f,0f,0f,1f],start_interpolation: 0,interpolation_duration: 1}
$data merge entity $(bone_right_shoulder) {transformation: [-1.0902f,-0.5746f,-0.0343f,-1.3743f,-0.2876f,0.6072f,-1.0336f,1.1287f,0.4986f,-0.906f,-0.671f,-1.8087f,0f,0f,0f,1f],start_interpolation: 0,interpolation_duration: 1}
$data merge entity $(bone_chest) {transformation: [-4.0675f,0f,0f,0f,0f,3.8442f,-1.3291f,1.5022f,0f,-1.3291f,-3.8442f,-1.3066f,0f,0f,0f,1f],start_interpolation: 0,interpolation_duration: 1}
$data merge entity $(bone_weist) {transformation: [-1.1f,0f,0f,0f,0f,1.0928f,-0.1259f,0.9044f,0f,-0.1259f,-1.0928f,-3.4705f,0f,0f,0f,1f],start_interpolation: 0,interpolation_duration: 1}
$data merge entity $(bone_right_fingers2) {transformation: [-0.996f,-0.026f,-0.0856f,1.1811f,0.0218f,-0.9985f,0.0495f,-0.0237f,-0.0868f,0.0475f,0.9951f,-10.3198f,0f,0f,0f,1f],start_interpolation: 0,interpolation_duration: 1}
$data merge entity $(bone_left_foot) {transformation: [-0.996f,-0.0666f,0.0597f,1.1089f,0.0218f,0.4669f,0.8841f,0.2545f,-0.0868f,0.8818f,-0.4636f,-9.3663f,0f,0f,0f,1f],start_interpolation: 0,interpolation_duration: 1}
$data merge entity $(bone_left_knee) {transformation: [-1.5787f,0.0641f,0.1265f,0.9421f,0.0345f,1.545f,-0.3521f,0.1289f,-0.1376f,-0.348f,-1.5402f,-7.2991f,0f,0f,0f,1f],start_interpolation: 0,interpolation_duration: 1}
$data merge entity $(bone_left_thigh) {transformation: [-1.5972f,-0.1428f,-0.0141f,0.7385f,0.0349f,-0.5394f,1.5098f,0.4613f,-0.1392f,1.5034f,0.5404f,-5.2287f,0f,0f,0f,1f],start_interpolation: 0,interpolation_duration: 1}
$data merge entity $(bone_left_fingers2) {transformation: [-0.996f,0.026f,0.0856f,-1.1779f,-0.0218f,-0.9985f,0.0495f,-0.0665f,0.0868f,0.0475f,0.9951f,-10.2748f,0f,0f,0f,1f],start_interpolation: 0,interpolation_duration: 1}
$data merge entity $(bone_right_foot) {transformation: [-0.996f,0.0666f,-0.0597f,-1.1057f,-0.0218f,0.4669f,0.8841f,0.2117f,0.0868f,0.8818f,-0.4636f,-9.3213f,0f,0f,0f,1f],start_interpolation: 0,interpolation_duration: 1}
$data merge entity $(bone_right_knee) {transformation: [-1.5787f,-0.0641f,-0.1265f,-0.9399f,-0.0345f,1.545f,-0.3521f,0.1172f,0.1376f,-0.348f,-1.5402f,-7.2569f,0f,0f,0f,1f],start_interpolation: 0,interpolation_duration: 1}
$data merge entity $(bone_right_thigh) {transformation: [-1.5972f,0.1428f,0.0141f,-0.7385f,-0.0349f,-0.5394f,1.5098f,0.445f,0.1392f,1.5034f,0.5404f,-5.2138f,0f,0f,0f,1f],start_interpolation: 0,interpolation_duration: 1}