# This file was generated by Animated Java via MC-Build. It is not recommended to edit this file directly.
$data merge entity $(bone_left_fingers_2) {transformation: [-0.3956f,0.1687f,0.9028f,-1.4928f,0.1988f,0.9754f,-0.0951f,0.2434f,-0.8967f,0.1419f,-0.4194f,1.2408f,0f,0f,0f,1f],start_interpolation: 0,interpolation_duration: 1}
$data merge entity $(bone_left_fingers) {transformation: [-0.3956f,0.1687f,0.9028f,-0.9661f,0.1988f,0.9754f,-0.0951f,0.1915f,-0.8967f,0.1419f,-0.4194f,1.0122f,0f,0f,0f,1f],start_interpolation: 0,interpolation_duration: 1}
$data merge entity $(bone_left_index_finger_2) {transformation: [-0.0145f,0.1877f,0.9821f,-1.6645f,0.2354f,0.9552f,-0.1791f,0.3874f,-0.9718f,0.2286f,-0.058f,0.6139f,0f,0f,0f,1f],start_interpolation: 0,interpolation_duration: 1}
$data merge entity $(bone_left_index_finger) {transformation: [-0.0145f,0.1877f,0.9821f,-1.0974f,0.2354f,0.9552f,-0.1791f,0.2897f,-0.9718f,0.2286f,-0.058f,0.5818f,0f,0f,0f,1f],start_interpolation: 0,interpolation_duration: 1}
$data merge entity $(bone_left_thumb) {transformation: [-0.285f,0.1616f,0.9448f,-0.4245f,0.2133f,0.9717f,-0.1018f,0.1776f,-0.9345f,0.1725f,-0.3114f,0.0702f,0f,0f,0f,1f],start_interpolation: 0,interpolation_duration: 1}
$data merge entity $(bone_left_hand) {transformation: [-0.285f,-0.0467f,0.9574f,-0.3091f,0.2133f,0.9707f,0.1109f,0.1824f,-0.9345f,0.2359f,-0.2667f,0.6847f,0f,0f,0f,1f],start_interpolation: 0,interpolation_duration: 1}
$data merge entity $(bone_left_forearm) {transformation: [-0.4206f,0.5274f,1.8842f,1.8514f,-0.0505f,1.9237f,-0.5498f,0.4951f,-1.956f,-0.1631f,-0.391f,0.1958f,0f,0f,0f,1f],start_interpolation: 0,interpolation_duration: 1}
$data merge entity $(bone_left_bicep) {transformation: [-1.1693f,0.5331f,0.1145f,1.695f,0.0982f,0.4724f,-1.1965f,1.075f,-0.5363f,-1.0757f,-0.4688f,-1.5305f,0f,0f,0f,1f],start_interpolation: 0,interpolation_duration: 1}
$data merge entity $(bone_left_shoulder) {transformation: [-1.1173f,0.5094f,0.1094f,1.3743f,0.0939f,0.4514f,-1.1433f,1.1726f,-0.5125f,-1.0279f,-0.4479f,-1.7872f,0f,0f,0f,1f],start_interpolation: 0,interpolation_duration: 1}
$data merge entity $(bone_right_fingers_2) {transformation: [-0.1736f,-0.3179f,-0.9321f,1.6917f,-0.1813f,0.9406f,-0.287f,0.0999f,0.968f,0.1192f,-0.2209f,0.7727f,0f,0f,0f,1f],start_interpolation: 0,interpolation_duration: 1}
$data merge entity $(bone_right_fingers) {transformation: [-0.1736f,-0.3179f,-0.9321f,1.1502f,-0.1813f,0.9406f,-0.287f,-0.0626f,0.968f,0.1192f,-0.2209f,0.6594f,0f,0f,0f,1f],start_interpolation: 0,interpolation_duration: 1}
$data merge entity $(bone_right_index_finger_2) {transformation: [-0.1736f,-0.2769f,-0.9451f,1.7765f,-0.1813f,0.9522f,-0.2457f,0.157f,0.968f,0.1287f,-0.2155f,0.337f,0f,0f,0f,1f],start_interpolation: 0,interpolation_duration: 1}
$data merge entity $(bone_right_index_finger) {transformation: [-0.1736f,-0.2769f,-0.9451f,1.2302f,-0.1813f,0.9522f,-0.2457f,0.0209f,0.968f,0.1287f,-0.2155f,0.2135f,0f,0f,0f,1f],start_interpolation: 0,interpolation_duration: 1}
$data merge entity $(bone_right_thumb) {transformation: [0.1704f,-0.1235f,-0.9776f,0.5043f,-0.1168f,0.9826f,-0.1445f,-0.1141f,0.9784f,0.1388f,0.153f,-0.213f,0f,0f,0f,1f],start_interpolation: 0,interpolation_duration: 1}
$data merge entity $(bone_right_hand) {transformation: [-0.1736f,0.063f,-0.9828f,0.4601f,-0.1813f,0.9789f,0.0948f,-0.0879f,0.968f,0.1946f,-0.1585f,0.4102f,0f,0f,0f,1f],start_interpolation: 0,interpolation_duration: 1}
$data merge entity $(bone_right_forearm) {transformation: [-0.3474f,-0.7169f,-1.8359f,-1.7378f,-0.3628f,1.8556f,-0.656f,0.0888f,1.9373f,0.219f,-0.4521f,0.0327f,0f,0f,0f,1f],start_interpolation: 0,interpolation_duration: 1}
$data merge entity $(bone_right_bicep) {transformation: [-1.1409f,-0.5986f,-0.0678f,-1.6792f,-0.2728f,0.6428f,-1.0849f,1.0069f,0.5371f,-0.945f,-0.695f,-1.5466f,0f,0f,0f,1f],start_interpolation: 0,interpolation_duration: 1}
$data merge entity $(bone_right_shoulder) {transformation: [-1.0901f,-0.572f,-0.0647f,-1.3743f,-0.2607f,0.6142f,-1.0366f,1.1726f,0.5132f,-0.903f,-0.6641f,-1.7872f,0f,0f,0f,1f],start_interpolation: 0,interpolation_duration: 1}
$data merge entity $(bone_chest) {transformation: [-4.0675f,0f,0f,0f,0f,3.7681f,-1.5317f,1.5722f,0f,-1.5317f,-3.7681f,-1.3056f,0f,0f,0f,1f],start_interpolation: 0,interpolation_duration: 1}
$data merge entity $(bone_weist) {transformation: [-1.1f,0f,0f,0f,0f,1.0845f,-0.1838f,0.8602f,0f,-0.1838f,-1.0845f,-3.4347f,0f,0f,0f,1f],start_interpolation: 0,interpolation_duration: 1}
$data merge entity $(bone_right_fingers2) {transformation: [-0.996f,-0.026f,-0.0856f,1.1808f,0.0218f,-0.9985f,0.0494f,-0.0233f,-0.0867f,0.0474f,0.9951f,-10.3199f,0f,0f,0f,1f],start_interpolation: 0,interpolation_duration: 1}
$data merge entity $(bone_left_foot) {transformation: [-0.996f,-0.0666f,0.0597f,1.1087f,0.0218f,0.4668f,0.8841f,0.2548f,-0.0867f,0.8818f,-0.4635f,-9.3664f,0f,0f,0f,1f],start_interpolation: 0,interpolation_duration: 1}
$data merge entity $(bone_left_knee) {transformation: [-1.5787f,0.0641f,0.1264f,0.942f,0.0346f,1.545f,-0.352f,0.129f,-0.1375f,-0.3479f,-1.5403f,-7.2991f,0f,0f,0f,1f],start_interpolation: 0,interpolation_duration: 1}
$data merge entity $(bone_left_thigh) {transformation: [-1.5972f,-0.1427f,-0.014f,0.7385f,0.035f,-0.5395f,1.5098f,0.4613f,-0.1391f,1.5034f,0.5405f,-5.2287f,0f,0f,0f,1f],start_interpolation: 0,interpolation_duration: 1}
$data merge entity $(bone_left_fingers2) {transformation: [-0.996f,0.026f,0.0856f,-1.1776f,-0.0218f,-0.9985f,0.0494f,-0.0662f,0.0867f,0.0474f,0.9951f,-10.2749f,0f,0f,0f,1f],start_interpolation: 0,interpolation_duration: 1}
$data merge entity $(bone_right_foot) {transformation: [-0.996f,0.0666f,-0.0597f,-1.1055f,-0.0218f,0.4668f,0.8841f,0.212f,0.0867f,0.8818f,-0.4635f,-9.3213f,0f,0f,0f,1f],start_interpolation: 0,interpolation_duration: 1}
$data merge entity $(bone_right_knee) {transformation: [-1.5787f,-0.0641f,-0.1264f,-0.9397f,-0.0346f,1.545f,-0.352f,0.1173f,0.1375f,-0.3479f,-1.5403f,-7.2569f,0f,0f,0f,1f],start_interpolation: 0,interpolation_duration: 1}
$data merge entity $(bone_right_thigh) {transformation: [-1.5972f,0.1427f,0.014f,-0.7385f,-0.035f,-0.5395f,1.5098f,0.445f,0.1391f,1.5034f,0.5405f,-5.2138f,0f,0f,0f,1f],start_interpolation: 0,interpolation_duration: 1}