# This file was generated by Animated Java via MC-Build. It is not recommended to edit this file directly.
$data merge entity $(bone_left_fingers_2) {transformation: [-0.5304f,0.0679f,0.8451f,-0.3392f,0.3378f,0.9312f,0.1372f,0.4649f,-0.7776f,0.3582f,-0.5168f,1.7677f,0f,0f,0f,1f],start_interpolation: 0,interpolation_duration: 1}
$data merge entity $(bone_left_fingers) {transformation: [-0.5304f,0.0679f,0.8451f,0.1555f,0.3378f,0.9312f,0.1372f,0.5447f,-0.7776f,0.3582f,-0.5168f,1.4827f,0f,0f,0f,1f],start_interpolation: 0,interpolation_duration: 1}
$data merge entity $(bone_left_index_finger_2) {transformation: [-0.5156f,0.0676f,0.8542f,-0.5764f,0.3397f,0.9313f,0.1313f,0.6199f,-0.7866f,0.3579f,-0.5031f,1.4093f,0f,0f,0f,1f],start_interpolation: 0,interpolation_duration: 1}
$data merge entity $(bone_left_index_finger) {transformation: [-0.5156f,0.0676f,0.8542f,-0.0837f,0.3397f,0.9313f,0.1313f,0.701f,-0.7866f,0.3579f,-0.5031f,1.1214f,0f,0f,0f,1f],start_interpolation: 0,interpolation_duration: 1}
$data merge entity $(bone_left_thumb) {transformation: [-0.523f,0.2497f,0.8149f,0.4095f,0.3382f,0.9384f,-0.0705f,0.6294f,-0.7823f,0.2388f,-0.5753f,0.4294f,0f,0f,0f,1f],start_interpolation: 0,interpolation_duration: 1}
$data merge entity $(bone_left_hand) {transformation: [-0.5193f,0.09f,0.8499f,0.6922f,0.3392f,0.9344f,0.1084f,0.5528f,-0.7844f,0.3446f,-0.5158f,0.9818f,0f,0f,0f,1f],start_interpolation: 0,interpolation_duration: 1}
$data merge entity $(bone_left_forearm) {transformation: [-0.9311f,0.4728f,1.7073f,2.6353f,-0.0991f,1.9118f,-0.5835f,0.8398f,-1.7688f,-0.356f,-0.866f,-0.0938f,0f,0f,0f,1f],start_interpolation: 0,interpolation_duration: 1}
$data merge entity $(bone_left_bicep) {transformation: [-1.1886f,-0.0495f,0.4992f,1.7712f,-0.4594f,0.6229f,-1.0322f,1.2238f,-0.2014f,-1.1287f,-0.5916f,-1.6579f,0f,0f,0f,1f],start_interpolation: 0,interpolation_duration: 1}
$data merge entity $(bone_left_shoulder) {transformation: [-1.1358f,-0.0473f,0.477f,1.3838f,-0.439f,0.5952f,-0.9863f,1.1569f,-0.1924f,-1.0785f,-0.5652f,-1.8119f,0f,0f,0f,1f],start_interpolation: 0,interpolation_duration: 1}
$data merge entity $(bone_right_fingers_2) {transformation: [-0.1857f,-0.352f,-0.9174f,1.6796f,-0.1757f,0.9305f,-0.3215f,0.1883f,0.9668f,0.1015f,-0.2346f,0.822f,0f,0f,0f,1f],start_interpolation: 0,interpolation_duration: 1}
$data merge entity $(bone_right_fingers) {transformation: [-0.1857f,-0.352f,-0.9174f,1.1463f,-0.1757f,0.9305f,-0.3215f,0.006f,0.9668f,0.1015f,-0.2346f,0.7007f,0f,0f,0f,1f],start_interpolation: 0,interpolation_duration: 1}
$data merge entity $(bone_right_index_finger_2) {transformation: [-0.1857f,-0.3117f,-0.9319f,1.7707f,-0.1757f,0.9436f,-0.2806f,0.2432f,0.9668f,0.1116f,-0.23f,0.3872f,0f,0f,0f,1f],start_interpolation: 0,interpolation_duration: 1}
$data merge entity $(bone_right_index_finger) {transformation: [-0.1857f,-0.3117f,-0.9319f,1.2318f,-0.1757f,0.9436f,-0.2806f,0.0869f,0.9668f,0.1116f,-0.23f,0.2554f,0f,0f,0f,1f],start_interpolation: 0,interpolation_duration: 1}
$data merge entity $(bone_right_thumb) {transformation: [0.1556f,-0.1596f,-0.9748f,0.5191f,-0.0993f,0.9793f,-0.1762f,-0.078f,0.9828f,0.1242f,0.1366f,-0.1828f,0f,0f,0f,1f],start_interpolation: 0,interpolation_duration: 1}
$data merge entity $(bone_right_hand) {transformation: [-0.1857f,0.0259f,-0.9823f,0.4623f,-0.1757f,0.9827f,0.0591f,-0.046f,0.9668f,0.1835f,-0.1779f,0.439f,0f,0f,0f,1f],start_interpolation: 0,interpolation_duration: 1}
$data merge entity $(bone_right_forearm) {transformation: [-0.3716f,-0.7839f,-1.8035f,-1.7329f,-0.3516f,1.8324f,-0.724f,0.0505f,1.9349f,0.1824f,-0.4779f,0.0185f,0f,0f,0f,1f],start_interpolation: 0,interpolation_duration: 1}
$data merge entity $(bone_right_bicep) {transformation: [-1.1409f,-0.6021f,-0.0175f,-1.6756f,-0.3055f,0.6105f,-1.0947f,0.9514f,0.5192f,-0.9639f,-0.6825f,-1.5707f,0f,0f,0f,1f],start_interpolation: 0,interpolation_duration: 1}
$data merge entity $(bone_right_shoulder) {transformation: [-1.0901f,-0.5754f,-0.0167f,-1.372f,-0.2919f,0.5834f,-1.046f,1.1245f,0.4961f,-0.9211f,-0.6521f,-1.8077f,0f,0f,0f,1f],start_interpolation: 0,interpolation_duration: 1}
$data merge entity $(bone_chest) {transformation: [-4.0661f,-0.1001f,0.0363f,0f,-0.1065f,3.8552f,-1.2924f,1.4895f,-0.0026f,-1.2929f,-3.8565f,-1.3072f,0f,0f,0f,1f],start_interpolation: 0,interpolation_duration: 1}
$data merge entity $(bone_weist) {transformation: [-1.1f,0f,0f,0f,0f,1.0939f,-0.1153f,0.9127f,0f,-0.1153f,-1.0939f,-3.4768f,0f,0f,0f,1f],start_interpolation: 0,interpolation_duration: 1}