# This file was generated by Animated Java via MC-Build. It is not recommended to edit this file directly.
$data merge entity $(bone_left_fingers_2) {transformation: [0.3241f,0.9402f,0.1049f,3.584f,-0.8094f,0.2182f,0.5452f,0.938f,0.4897f,-0.2616f,0.8317f,-4.7845f,0f,0f,0f,1f],start_interpolation: 0,interpolation_duration: 1}
$data merge entity $(bone_left_fingers) {transformation: [0.3241f,0.9402f,0.1049f,3.6454f,-0.8094f,0.2182f,0.5452f,1.2645f,0.4897f,-0.2616f,0.8317f,-4.3134f,0f,0f,0f,1f],start_interpolation: 0,interpolation_duration: 1}
$data merge entity $(bone_left_index_finger_2) {transformation: [0.3178f,0.9455f,0.0716f,3.7459f,-0.7523f,0.2054f,0.626f,0.5491f,0.5772f,-0.2528f,0.7765f,-4.5034f,0f,0f,0f,1f],start_interpolation: 0,interpolation_duration: 1}
$data merge entity $(bone_left_index_finger) {transformation: [0.3178f,0.9455f,0.0716f,3.7927f,-0.7523f,0.2054f,0.626f,0.9111f,0.5772f,-0.2528f,0.7765f,-4.0574f,0f,0f,0f,1f],start_interpolation: 0,interpolation_duration: 1}
$data merge entity $(bone_left_thumb) {transformation: [0.3181f,0.9407f,-0.1181f,3.5771f,-0.7828f,0.3309f,0.527f,1.0663f,0.5348f,-0.0751f,0.8416f,-3.2471f,0f,0f,0f,1f],start_interpolation: 0,interpolation_duration: 1}
$data merge entity $(bone_left_hand) {transformation: [0.3197f,0.945f,-0.0688f,3.5232f,-0.7674f,0.3008f,0.5663f,1.5448f,0.5558f,-0.1282f,0.8213f,-3.6459f,0f,0f,0f,1f],start_interpolation: 0,interpolation_duration: 1}
$data merge entity $(bone_left_forearm) {transformation: [-1.4499f,1.0139f,-0.9354f,3.002f,-1.2472f,-0.3837f,1.5174f,2.8117f,0.5894f,1.6823f,0.9099f,-1.8558f,0f,0f,0f,1f],start_interpolation: 0,interpolation_duration: 1}
$data merge entity $(bone_left_bicep) {transformation: [0.1094f,-1.2849f,0.0385f,1.5004f,-1.2782f,-0.1128f,-0.1342f,1.7699f,0.137f,-0.0268f,-1.2826f,-1.8679f,0f,0f,0f,1f],start_interpolation: 0,interpolation_duration: 1}
$data merge entity $(bone_left_shoulder) {transformation: [0.1045f,-1.2278f,0.0368f,1.4171f,-1.2213f,-0.1078f,-0.1282f,1.3613f,0.1309f,-0.0256f,-1.2255f,-1.8018f,0f,0f,0f,1f],start_interpolation: 0,interpolation_duration: 1}
$data merge entity $(bone_right_fingers_2) {transformation: [-0.1807f,-0.3384f,-0.9235f,1.6811f,-0.1755f,0.935f,-0.3082f,0.1766f,0.9678f,0.1064f,-0.2283f,0.8321f,0f,0f,0f,1f],start_interpolation: 0,interpolation_duration: 1}
$data merge entity $(bone_right_fingers) {transformation: [-0.1807f,-0.3384f,-0.9235f,1.1445f,-0.1755f,0.935f,-0.3082f,0.0019f,0.9678f,0.1064f,-0.2283f,0.7145f,0f,0f,0f,1f],start_interpolation: 0,interpolation_duration: 1}
$data merge entity $(bone_right_index_finger_2) {transformation: [-0.1807f,-0.2978f,-0.9374f,1.7696f,-0.1755f,0.9475f,-0.2672f,0.2312f,0.9678f,0.1162f,-0.2234f,0.3968f,0f,0f,0f,1f],start_interpolation: 0,interpolation_duration: 1}
$data merge entity $(bone_right_index_finger) {transformation: [-0.1807f,-0.2978f,-0.9374f,1.2277f,-0.1755f,0.9475f,-0.2672f,0.0827f,0.9678f,0.1162f,-0.2234f,0.2687f,0f,0f,0f,1f],start_interpolation: 0,interpolation_duration: 1}
$data merge entity $(bone_right_thumb) {transformation: [0.1618f,-0.1452f,-0.9761f,0.5095f,-0.1039f,0.9811f,-0.1631f,-0.0713f,0.9813f,0.1278f,0.1436f,-0.1644f,0f,0f,0f,1f],start_interpolation: 0,interpolation_duration: 1}
$data merge entity $(bone_right_hand) {transformation: [-0.1807f,0.0408f,-0.9827f,0.4579f,-0.1755f,0.9818f,0.073f,-0.04f,0.9678f,0.1857f,-0.1702f,0.4579f,0f,0f,0f,1f],start_interpolation: 0,interpolation_duration: 1}
$data merge entity $(bone_right_forearm) {transformation: [-0.3616f,-0.7572f,-1.8169f,-1.7389f,-0.3512f,1.8425f,-0.6979f,0.0877f,1.9368f,0.1928f,-0.4658f,0.0546f,0f,0f,0f,1f],start_interpolation: 0,interpolation_duration: 1}
$data merge entity $(bone_right_bicep) {transformation: [-1.141f,-0.6011f,-0.0378f,-1.6814f,-0.291f,0.6212f,-1.0927f,0.9916f,0.5272f,-0.9578f,-0.6849f,-1.5329f,0f,0f,0f,1f],start_interpolation: 0,interpolation_duration: 1}
$data merge entity $(bone_right_shoulder) {transformation: [-1.0902f,-0.5743f,-0.0361f,-1.3773f,-0.2781f,0.5935f,-1.0441f,1.1612f,0.5038f,-0.9152f,-0.6545f,-1.7717f,0f,0f,0f,1f],start_interpolation: 0,interpolation_duration: 1}
$data merge entity $(bone_chest) {transformation: [-4.0174f,-0.5979f,0.2177f,0f,-0.6363f,3.7741f,-1.3768f,1.5235f,0.0004f,-1.3939f,-3.8212f,-1.3059f,0f,0f,0f,1f],start_interpolation: 0,interpolation_duration: 1}