# This file was generated by Animated Java via MC-Build. It is not recommended to edit this file directly.
$data merge entity $(bone_left_fingers_2) {transformation: [0.4476f,-0.1266f,0.8852f,0.8172f,-0.4687f,0.8099f,0.3528f,1.2515f,-0.7616f,-0.5728f,0.3031f,-5.1588f,0f,0f,0f,1f],start_interpolation: 0,interpolation_duration: 1}
$data merge entity $(bone_left_fingers) {transformation: [0.4476f,-0.1266f,0.8852f,1.3205f,-0.4687f,0.8099f,0.3528f,1.4659f,-0.7616f,-0.5728f,0.3031f,-4.977f,0f,0f,0f,1f],start_interpolation: 0,interpolation_duration: 1}
$data merge entity $(bone_left_index_finger_2) {transformation: [0.5882f,-0.1054f,0.8018f,1.1143f,-0.4387f,0.7913f,0.4258f,1.0098f,-0.6794f,-0.6022f,0.4192f,-5.5383f,0f,0f,0f,1f],start_interpolation: 0,interpolation_duration: 1}
$data merge entity $(bone_left_index_finger) {transformation: [0.5882f,-0.1054f,0.8018f,1.5758f,-0.4387f,0.7913f,0.4258f,1.2599f,-0.6794f,-0.6022f,0.4192f,-5.3002f,0f,0f,0f,1f],start_interpolation: 0,interpolation_duration: 1}
$data merge entity $(bone_left_thumb) {transformation: [0.5194f,0.0721f,0.8515f,2.3316f,-0.4599f,0.8634f,0.2074f,1.0683f,-0.7202f,-0.4993f,0.4816f,-4.9549f,0f,0f,0f,1f],start_interpolation: 0,interpolation_duration: 1}
$data merge entity $(bone_left_hand) {transformation: [0.5544f,0.0952f,0.8268f,1.9656f,-0.4474f,0.8718f,0.1996f,1.4546f,-0.7018f,-0.4805f,0.5259f,-4.6267f,0f,0f,0f,1f],start_interpolation: 0,interpolation_duration: 1}
$data merge entity $(bone_left_forearm) {transformation: [-0.6712f,1.8296f,0.4553f,3.3222f,-1.7698f,-0.778f,0.5175f,1.4114f,0.6501f,-0.2291f,1.8789f,-2.81f,0f,0f,0f,1f],start_interpolation: 0,interpolation_duration: 1}
$data merge entity $(bone_left_bicep) {transformation: [-0.7247f,-0.8607f,-0.6312f,1.719f,-0.9934f,0.823f,0.0184f,1.7291f,0.3904f,0.4964f,-1.125f,-1.9919f,0f,0f,0f,1f],start_interpolation: 0,interpolation_duration: 1}
$data merge entity $(bone_left_shoulder) {transformation: [-0.6925f,-0.8224f,-0.6031f,1.426f,-0.9492f,0.7864f,0.0176f,1.4919f,0.373f,0.4743f,-1.075f,-1.8019f,0f,0f,0f,1f],start_interpolation: 0,interpolation_duration: 1}
$data merge entity $(bone_right_fingers_2) {transformation: [-0.1787f,-0.3332f,-0.9258f,1.6639f,-0.1876f,0.9352f,-0.3004f,0.1308f,0.9659f,0.1199f,-0.2296f,0.8268f,0f,0f,0f,1f],start_interpolation: 0,interpolation_duration: 1}
$data merge entity $(bone_right_fingers) {transformation: [-0.1787f,-0.3332f,-0.9258f,1.126f,-0.1876f,0.9352f,-0.3004f,-0.0394f,0.9659f,0.1199f,-0.2296f,0.7084f,0f,0f,0f,1f],start_interpolation: 0,interpolation_duration: 1}
$data merge entity $(bone_right_index_finger_2) {transformation: [-0.1787f,-0.2925f,-0.9394f,1.7514f,-0.1876f,0.9474f,-0.2593f,0.1909f,0.9659f,0.1298f,-0.2242f,0.3919f,0f,0f,0f,1f],start_interpolation: 0,interpolation_duration: 1}
$data merge entity $(bone_right_index_finger) {transformation: [-0.1787f,-0.2925f,-0.9394f,1.2083f,-0.1876f,0.9474f,-0.2593f,0.047f,0.9659f,0.1298f,-0.2242f,0.2635f,0f,0f,0f,1f],start_interpolation: 0,interpolation_duration: 1}
$data merge entity $(bone_right_thumb) {transformation: [0.1641f,-0.1397f,-0.9765f,0.4881f,-0.1179f,0.9801f,-0.16f,-0.0975f,0.9794f,0.1414f,0.1444f,-0.1695f,0f,0f,0f,1f],start_interpolation: 0,interpolation_duration: 1}
$data merge entity $(bone_right_hand) {transformation: [-0.1787f,0.0465f,-0.9828f,0.4384f,-0.1876f,0.979f,0.0804f,-0.0743f,0.9659f,0.1987f,-0.1663f,0.4534f,0f,0f,0f,1f],start_interpolation: 0,interpolation_duration: 1}
$data merge entity $(bone_right_forearm) {transformation: [-0.3577f,-0.747f,-1.8219f,-1.7588f,-0.3754f,1.8437f,-0.6822f,0.0702f,1.933f,0.2198f,-0.4696f,0.0584f,0f,0f,0f,1f],start_interpolation: 0,interpolation_duration: 1}
$data merge entity $(bone_right_bicep) {transformation: [-1.1409f,-0.6006f,-0.0455f,-1.7012f,-0.2922f,0.6371f,-1.0832f,0.9951f,0.5267f,-0.9476f,-0.6994f,-1.517f,0f,0f,0f,1f],start_interpolation: 0,interpolation_duration: 1}
$data merge entity $(bone_right_shoulder) {transformation: [-1.0902f,-0.5739f,-0.0435f,-1.397f,-0.2792f,0.6087f,-1.035f,1.1662f,0.5033f,-0.9054f,-0.6683f,-1.7545f,0f,0f,0f,1f],start_interpolation: 0,interpolation_duration: 1}
$data merge entity $(bone_chest) {transformation: [-3.9423f,-0.9408f,0.3425f,0f,-1.0012f,3.7044f,-1.3489f,1.5235f,0.0001f,-1.3917f,-3.822f,-1.3059f,0f,0f,0f,1f],start_interpolation: 0,interpolation_duration: 1}