# This file was generated by Animated Java via MC-Build. It is not recommended to edit this file directly.
$data merge entity $(bone_left_fingers_2) {transformation: [0.5383f,0.0943f,0.8374f,1.2194f,-0.679f,0.6371f,0.3647f,1.1604f,-0.4992f,-0.765f,0.407f,-5.3458f,0f,0f,0f,1f],start_interpolation: 0,interpolation_duration: 1}
$data merge entity $(bone_left_fingers) {transformation: [0.5383f,0.0943f,0.8374f,1.6952f,-0.679f,0.6371f,0.3647f,1.3836f,-0.4992f,-0.765f,0.407f,-5.1088f,0f,0f,0f,1f],start_interpolation: 0,interpolation_duration: 1}
$data merge entity $(bone_left_index_finger_2) {transformation: [0.6501f,0.1138f,0.7513f,1.5487f,-0.6397f,0.6155f,0.4603f,0.8149f,-0.4101f,-0.7799f,0.4729f,-5.5764f,0f,0f,0f,1f],start_interpolation: 0,interpolation_duration: 1}
$data merge entity $(bone_left_index_finger) {transformation: [0.6501f,0.1138f,0.7513f,1.9823f,-0.6397f,0.6155f,0.4603f,1.0838f,-0.4101f,-0.7799f,0.4729f,-5.3083f,0f,0f,0f,1f],start_interpolation: 0,interpolation_duration: 1}
$data merge entity $(bone_left_thumb) {transformation: [0.5947f,0.2764f,0.7549f,2.6355f,-0.6645f,0.6976f,0.2681f,0.952f,-0.4525f,-0.661f,0.5985f,-4.7762f,0f,0f,0f,1f],start_interpolation: 0,interpolation_duration: 1}
$data merge entity $(bone_left_hand) {transformation: [0.6234f,0.2768f,0.7313f,2.2589f,-0.6509f,0.7019f,0.2892f,1.4325f,-0.4333f,-0.6563f,0.6177f,-4.6409f,0f,0f,0f,1f],start_interpolation: 0,interpolation_duration: 1}
$data merge entity $(bone_left_forearm) {transformation: [-0.7783f,1.8315f,0.2126f,3.3578f,-1.6243f,-0.7902f,0.8617f,1.7611f,0.8725f,0.1626f,1.7938f,-2.6894f,0f,0f,0f,1f],start_interpolation: 0,interpolation_duration: 1}
$data merge entity $(bone_left_bicep) {transformation: [-0.5358f,-1.036f,-0.5516f,1.6759f,-1.121f,0.6313f,-0.0968f,1.7468f,0.3476f,0.4391f,-1.1623f,-1.974f,0f,0f,0f,1f],start_interpolation: 0,interpolation_duration: 1}
$data merge entity $(bone_left_shoulder) {transformation: [-0.512f,-0.9899f,-0.527f,1.4247f,-1.0711f,0.6032f,-0.0924f,1.4545f,0.3321f,0.4195f,-1.1106f,-1.8019f,0f,0f,0f,1f],start_interpolation: 0,interpolation_duration: 1}
$data merge entity $(bone_right_fingers_2) {transformation: [-0.1788f,-0.3332f,-0.9257f,1.6706f,-0.1865f,0.9353f,-0.3007f,0.133f,0.966f,0.1189f,-0.2294f,0.8233f,0f,0f,0f,1f],start_interpolation: 0,interpolation_duration: 1}
$data merge entity $(bone_right_fingers) {transformation: [-0.1788f,-0.3332f,-0.9257f,1.1327f,-0.1865f,0.9353f,-0.3007f,-0.0374f,0.966f,0.1189f,-0.2294f,0.705f,0f,0f,0f,1f],start_interpolation: 0,interpolation_duration: 1}
$data merge entity $(bone_right_index_finger_2) {transformation: [-0.1788f,-0.2925f,-0.9394f,1.7582f,-0.1865f,0.9475f,-0.2596f,0.1926f,0.966f,0.1288f,-0.224f,0.3884f,0f,0f,0f,1f],start_interpolation: 0,interpolation_duration: 1}
$data merge entity $(bone_right_index_finger) {transformation: [-0.1788f,-0.2925f,-0.9394f,1.2151f,-0.1865f,0.9475f,-0.2596f,0.0485f,0.966f,0.1288f,-0.224f,0.26f,0f,0f,0f,1f],start_interpolation: 0,interpolation_duration: 1}
$data merge entity $(bone_right_thumb) {transformation: [0.164f,-0.1398f,-0.9765f,0.4949f,-0.1168f,0.9802f,-0.1599f,-0.0965f,0.9795f,0.1403f,0.1444f,-0.1729f,0f,0f,0f,1f],start_interpolation: 0,interpolation_duration: 1}
$data merge entity $(bone_right_hand) {transformation: [-0.1788f,0.0464f,-0.9828f,0.4452f,-0.1865f,0.9792f,0.0802f,-0.0726f,0.966f,0.1977f,-0.1665f,0.45f,0f,0f,0f,1f],start_interpolation: 0,interpolation_duration: 1}
$data merge entity $(bone_right_forearm) {transformation: [-0.3579f,-0.7471f,-1.8218f,-1.7521f,-0.3733f,1.8438f,-0.6828f,0.0713f,1.9334f,0.2178f,-0.4691f,0.0546f,0f,0f,0f,1f],start_interpolation: 0,interpolation_duration: 1}
$data merge entity $(bone_right_bicep) {transformation: [-1.141f,-0.6005f,-0.0453f,-1.6943f,-0.2917f,0.636f,-1.0839f,0.9945f,0.5269f,-0.9483f,-0.6983f,-1.5218f,0f,0f,0f,1f],start_interpolation: 0,interpolation_duration: 1}
$data merge entity $(bone_right_shoulder) {transformation: [-1.0902f,-0.5738f,-0.0433f,-1.3901f,-0.2787f,0.6078f,-1.0357f,1.1654f,0.5035f,-0.9061f,-0.6672f,-1.7594f,0f,0f,0f,1f],start_interpolation: 0,interpolation_duration: 1}
$data merge entity $(bone_chest) {transformation: [-3.9672f,-0.8435f,0.3071f,0f,-0.8977f,3.7274f,-1.3583f,1.5235f,0.0002f,-1.3926f,-3.8217f,-1.3059f,0f,0f,0f,1f],start_interpolation: 0,interpolation_duration: 1}