# This file was generated by Animated Java via MC-Build. It is not recommended to edit this file directly.
$data merge entity $(bone_left_fingers_2) {transformation: [0.5696f,0.7175f,0.4009f,2.9051f,-0.7948f,0.3564f,0.4912f,0.9307f,0.2096f,-0.5984f,0.7733f,-5.2872f,0f,0f,0f,1f],start_interpolation: 0,interpolation_duration: 1}
$data merge entity $(bone_left_fingers) {transformation: [0.5696f,0.7175f,0.4009f,3.1325f,-0.7948f,0.3564f,0.4912f,1.2268f,0.2096f,-0.5984f,0.7733f,-4.8479f,0f,0f,0f,1f],start_interpolation: 0,interpolation_duration: 1}
$data merge entity $(bone_left_index_finger_2) {transformation: [0.5974f,0.7306f,0.3307f,3.21f,-0.7379f,0.3393f,0.5834f,0.5417f,0.314f,-0.5926f,0.7418f,-5.1392f,0f,0f,0f,1f],start_interpolation: 0,interpolation_duration: 1}
$data merge entity $(bone_left_index_finger) {transformation: [0.5974f,0.7306f,0.3307f,3.4048f,-0.7379f,0.3393f,0.5834f,0.8799f,0.314f,-0.5926f,0.7418f,-4.7151f,0f,0f,0f,1f],start_interpolation: 0,interpolation_duration: 1}
$data merge entity $(bone_left_thumb) {transformation: [0.5815f,0.7884f,0.2006f,3.5183f,-0.7694f,0.4529f,0.4505f,0.9432f,0.2643f,-0.4163f,0.87f,-3.8724f,0f,0f,0f,1f],start_interpolation: 0,interpolation_duration: 1}
$data merge entity $(bone_left_hand) {transformation: [0.5913f,0.7786f,0.2102f,3.261f,-0.7532f,0.44f,0.489f,1.4373f,0.2883f,-0.4475f,0.8466f,-4.1564f,0f,0f,0f,1f],start_interpolation: 0,interpolation_duration: 1}
$data merge entity $(bone_left_forearm) {transformation: [-1.1948f,1.4581f,-0.6721f,3.2436f,-1.3707f,-0.4901f,1.3734f,2.4809f,0.836f,1.2803f,1.2912f,-2.1544f,0f,0f,0f,1f],start_interpolation: 0,interpolation_duration: 1}
$data merge entity $(bone_left_bicep) {transformation: [-0.1319f,-1.2742f,-0.1535f,1.575f,-1.2629f,0.1563f,-0.2124f,1.7762f,0.2283f,0.1286f,-1.2633f,-1.9103f,0f,0f,0f,1f],start_interpolation: 0,interpolation_duration: 1}
$data merge entity $(bone_left_shoulder) {transformation: [-0.126f,-1.2175f,-0.1467f,1.4209f,-1.2068f,0.1493f,-0.2029f,1.3985f,0.2182f,0.1229f,-1.2071f,-1.8018f,0f,0f,0f,1f],start_interpolation: 0,interpolation_duration: 1}
$data merge entity $(bone_right_fingers_2) {transformation: [-0.1789f,-0.3333f,-0.9257f,1.6789f,-0.1855f,0.9354f,-0.301f,0.1339f,0.9662f,0.1179f,-0.2292f,0.8172f,0f,0f,0f,1f],start_interpolation: 0,interpolation_duration: 1}
$data merge entity $(bone_right_fingers) {transformation: [-0.1789f,-0.3333f,-0.9257f,1.141f,-0.1855f,0.9354f,-0.301f,-0.0367f,0.9662f,0.1179f,-0.2292f,0.6991f,0f,0f,0f,1f],start_interpolation: 0,interpolation_duration: 1}
$data merge entity $(bone_right_index_finger_2) {transformation: [-0.1789f,-0.2926f,-0.9393f,1.7665f,-0.1855f,0.9477f,-0.2599f,0.193f,0.9662f,0.1278f,-0.2238f,0.3823f,0f,0f,0f,1f],start_interpolation: 0,interpolation_duration: 1}
$data merge entity $(bone_right_index_finger) {transformation: [-0.1789f,-0.2926f,-0.9393f,1.2234f,-0.1855f,0.9477f,-0.2599f,0.0487f,0.9662f,0.1278f,-0.2238f,0.254f,0f,0f,0f,1f],start_interpolation: 0,interpolation_duration: 1}
$data merge entity $(bone_right_thumb) {transformation: [0.1639f,-0.1398f,-0.9765f,0.5033f,-0.1158f,0.9803f,-0.1598f,-0.0968f,0.9797f,0.1392f,0.1445f,-0.1787f,0f,0f,0f,1f],start_interpolation: 0,interpolation_duration: 1}
$data merge entity $(bone_right_hand) {transformation: [-0.1789f,0.0463f,-0.9828f,0.4535f,-0.1855f,0.9794f,0.0799f,-0.0723f,0.9662f,0.1966f,-0.1666f,0.444f,0f,0f,0f,1f],start_interpolation: 0,interpolation_duration: 1}
$data merge entity $(bone_right_forearm) {transformation: [-0.358f,-0.7473f,-1.8217f,-1.7437f,-0.3713f,1.844f,-0.6834f,0.0711f,1.9337f,0.2157f,-0.4685f,0.0483f,0f,0f,0f,1f],start_interpolation: 0,interpolation_duration: 1}
$data merge entity $(bone_right_bicep) {transformation: [-1.141f,-0.6005f,-0.0452f,-1.6859f,-0.2912f,0.635f,-1.0847f,0.9926f,0.5271f,-0.9491f,-0.6971f,-1.529f,0f,0f,0f,1f],start_interpolation: 0,interpolation_duration: 1}
$data merge entity $(bone_right_shoulder) {transformation: [-1.0902f,-0.5738f,-0.0432f,-1.3817f,-0.2783f,0.6067f,-1.0364f,1.1632f,0.5037f,-0.9068f,-0.6661f,-1.7668f,0f,0f,0f,1f],start_interpolation: 0,interpolation_duration: 1}
$data merge entity $(bone_chest) {transformation: [-3.9994f,-0.6965f,0.2536f,0f,-0.7413f,3.7573f,-1.3702f,1.5235f,0.0004f,-1.3935f,-3.8213f,-1.3059f,0f,0f,0f,1f],start_interpolation: 0,interpolation_duration: 1}