# This file was generated by Animated Java via MC-Build. It is not recommended to edit this file directly.
$data merge entity $(bone_left_fingers_2) {transformation: [0.3227f,0.9372f,0.1322f,3.5393f,-0.8128f,0.2028f,0.5461f,0.9406f,0.485f,-0.2837f,0.8272f,-4.7911f,0f,0f,0f,1f],start_interpolation: 0,interpolation_duration: 1}
$data merge entity $(bone_left_fingers) {transformation: [0.3227f,0.9372f,0.1322f,3.6165f,-0.8128f,0.2028f,0.5461f,1.2677f,0.485f,-0.2837f,0.8272f,-4.3227f,0f,0f,0f,1f],start_interpolation: 0,interpolation_duration: 1}
$data merge entity $(bone_left_index_finger_2) {transformation: [0.3192f,0.9425f,0.099f,3.7016f,-0.7553f,0.1899f,0.6273f,0.5502f,0.5724f,-0.275f,0.7725f,-4.5125f,0f,0f,0f,1f],start_interpolation: 0,interpolation_duration: 1}
$data merge entity $(bone_left_index_finger) {transformation: [0.3192f,0.9425f,0.099f,3.7641f,-0.7553f,0.1899f,0.6273f,0.9128f,0.5724f,-0.275f,0.7725f,-4.0689f,0f,0f,0f,1f],start_interpolation: 0,interpolation_duration: 1}
$data merge entity $(bone_left_thumb) {transformation: [0.3181f,0.9437f,-0.0908f,3.5695f,-0.786f,0.3161f,0.5314f,1.074f,0.5302f,-0.0977f,0.8422f,-3.2544f,0f,0f,0f,1f],start_interpolation: 0,interpolation_duration: 1}
$data merge entity $(bone_left_hand) {transformation: [0.3204f,0.9464f,-0.0413f,3.514f,-0.7705f,0.2857f,0.5699f,1.552f,0.5511f,-0.1508f,0.8207f,-3.6536f,0f,0f,0f,1f],start_interpolation: 0,interpolation_duration: 1}
$data merge entity $(bone_left_forearm) {transformation: [-1.4499f,1.0198f,-0.929f,3.002f,-1.2472f,-0.3932f,1.515f,2.8117f,0.5894f,1.6765f,0.9204f,-1.8558f,0f,0f,0f,1f],start_interpolation: 0,interpolation_duration: 1}
$data merge entity $(bone_left_bicep) {transformation: [0.1094f,-1.2849f,0.0385f,1.5004f,-1.2782f,-0.1128f,-0.1342f,1.7699f,0.137f,-0.0268f,-1.2826f,-1.8679f,0f,0f,0f,1f],start_interpolation: 0,interpolation_duration: 1}
$data merge entity $(bone_left_shoulder) {transformation: [0.1045f,-1.2278f,0.0368f,1.4171f,-1.2213f,-0.1078f,-0.1282f,1.3613f,0.1309f,-0.0256f,-1.2255f,-1.8018f,0f,0f,0f,1f],start_interpolation: 0,interpolation_duration: 1}
$data merge entity $(bone_right_fingers_2) {transformation: [-0.1789f,-0.3334f,-0.9257f,1.6833f,-0.1851f,0.9354f,-0.3011f,0.1329f,0.9663f,0.1175f,-0.229f,0.8127f,0f,0f,0f,1f],start_interpolation: 0,interpolation_duration: 1}
$data merge entity $(bone_right_fingers) {transformation: [-0.1789f,-0.3334f,-0.9257f,1.1454f,-0.1851f,0.9354f,-0.3011f,-0.0377f,0.9663f,0.1175f,-0.229f,0.6946f,0f,0f,0f,1f],start_interpolation: 0,interpolation_duration: 1}
$data merge entity $(bone_right_index_finger_2) {transformation: [-0.1789f,-0.2927f,-0.9393f,1.7709f,-0.1851f,0.9477f,-0.26f,0.1919f,0.9663f,0.1274f,-0.2237f,0.3777f,0f,0f,0f,1f],start_interpolation: 0,interpolation_duration: 1}
$data merge entity $(bone_right_index_finger) {transformation: [-0.1789f,-0.2927f,-0.9393f,1.2278f,-0.1851f,0.9477f,-0.26f,0.0475f,0.9663f,0.1274f,-0.2237f,0.2495f,0f,0f,0f,1f],start_interpolation: 0,interpolation_duration: 1}
$data merge entity $(bone_right_thumb) {transformation: [0.1639f,-0.1399f,-0.9765f,0.5076f,-0.1154f,0.9804f,-0.1598f,-0.0982f,0.9797f,0.1388f,0.1446f,-0.1832f,0f,0f,0f,1f],start_interpolation: 0,interpolation_duration: 1}
$data merge entity $(bone_right_hand) {transformation: [-0.1789f,0.0463f,-0.9828f,0.4579f,-0.1851f,0.9795f,0.0798f,-0.0734f,0.9663f,0.1962f,-0.1666f,0.4396f,0f,0f,0f,1f],start_interpolation: 0,interpolation_duration: 1}
$data merge entity $(bone_right_forearm) {transformation: [-0.358f,-0.7473f,-1.8217f,-1.7393f,-0.3705f,1.8441f,-0.6837f,0.0697f,1.9339f,0.215f,-0.4682f,0.0438f,0f,0f,0f,1f],start_interpolation: 0,interpolation_duration: 1}
$data merge entity $(bone_right_bicep) {transformation: [-1.141f,-0.6005f,-0.0452f,-1.6816f,-0.291f,0.6346f,-1.085f,0.9906f,0.5272f,-0.9493f,-0.6967f,-1.5339f,0f,0f,0f,1f],start_interpolation: 0,interpolation_duration: 1}
$data merge entity $(bone_right_shoulder) {transformation: [-1.0902f,-0.5738f,-0.0432f,-1.3773f,-0.2781f,0.6063f,-1.0367f,1.1612f,0.5038f,-0.9071f,-0.6657f,-1.7717f,0f,0f,0f,1f],start_interpolation: 0,interpolation_duration: 1}
$data merge entity $(bone_chest) {transformation: [-4.0174f,-0.5979f,0.2177f,0f,-0.6363f,3.7741f,-1.3768f,1.5235f,0.0004f,-1.3939f,-3.8212f,-1.3059f,0f,0f,0f,1f],start_interpolation: 0,interpolation_duration: 1}