# This file was generated by Animated Java via MC-Build. It is not recommended to edit this file directly.
$data merge entity $(bone_left_fingers_2) {transformation: [-0.5421f,0.064f,0.8379f,-0.2902f,0.3372f,0.9299f,0.1472f,0.4643f,-0.7697f,0.3623f,-0.5257f,1.7974f,0f,0f,0f,1f],start_interpolation: 0,interpolation_duration: 1}
$data merge entity $(bone_left_fingers) {transformation: [-0.5421f,0.064f,0.8379f,0.2006f,0.3372f,0.9299f,0.1472f,0.5499f,-0.7697f,0.3623f,-0.5257f,1.5071f,0f,0f,0f,1f],start_interpolation: 0,interpolation_duration: 1}
$data merge entity $(bone_left_index_finger_2) {transformation: [-0.5274f,0.0637f,0.8472f,-0.5327f,0.3393f,0.93f,0.1413f,0.6192f,-0.7789f,0.3619f,-0.5122f,1.4424f,0f,0f,0f,1f],start_interpolation: 0,interpolation_duration: 1}
$data merge entity $(bone_left_index_finger) {transformation: [-0.5274f,0.0637f,0.8472f,-0.0441f,0.3393f,0.93f,0.1413f,0.7059f,-0.7789f,0.3619f,-0.5122f,1.1494f,0f,0f,0f,1f],start_interpolation: 0,interpolation_duration: 1}
$data merge entity $(bone_left_thumb) {transformation: [-0.5348f,0.2444f,0.8088f,0.4417f,0.3377f,0.9393f,-0.0605f,0.6422f,-0.7745f,0.2408f,-0.5849f,0.4515f,0f,0f,0f,1f],start_interpolation: 0,interpolation_duration: 1}
$data merge entity $(bone_left_hand) {transformation: [-0.5311f,0.0859f,0.8429f,0.7314f,0.3388f,0.9334f,0.1183f,0.5652f,-0.7766f,0.3484f,-0.5249f,1.0002f,0f,0f,0f,1f],start_interpolation: 0,interpolation_duration: 1}
$data merge entity $(bone_left_forearm) {transformation: [-0.9532f,0.4579f,1.6991f,2.659f,-0.0989f,1.9154f,-0.5716f,0.8659f,-1.757f,-0.3562f,-0.8896f,-0.0994f,0f,0f,0f,1f],start_interpolation: 0,interpolation_duration: 1}
$data merge entity $(bone_left_bicep) {transformation: [-1.1886f,-0.0674f,0.4971f,1.7728f,-0.4653f,0.626f,-1.0277f,1.2499f,-0.1875f,-1.1261f,-0.601f,-1.6511f,0f,0f,0f,1f],start_interpolation: 0,interpolation_duration: 1}
$data merge entity $(bone_left_shoulder) {transformation: [-1.1358f,-0.0644f,0.475f,1.3838f,-0.4446f,0.5982f,-0.982f,1.1813f,-0.1792f,-1.076f,-0.5743f,-1.8003f,0f,0f,0f,1f],start_interpolation: 0,interpolation_duration: 1}
$data merge entity $(bone_right_fingers_2) {transformation: [-0.1787f,-0.3332f,-0.9258f,1.6891f,-0.1831f,0.9357f,-0.3015f,0.1259f,0.9667f,0.1156f,-0.2282f,0.7908f,0f,0f,0f,1f],start_interpolation: 0,interpolation_duration: 1}
$data merge entity $(bone_right_fingers) {transformation: [-0.1787f,-0.3332f,-0.9258f,1.1511f,-0.1831f,0.9357f,-0.3015f,-0.045f,0.9667f,0.1156f,-0.2282f,0.6732f,0f,0f,0f,1f],start_interpolation: 0,interpolation_duration: 1}
$data merge entity $(bone_right_index_finger_2) {transformation: [-0.1787f,-0.2925f,-0.9394f,1.7765f,-0.1831f,0.948f,-0.2604f,0.1839f,0.9667f,0.1254f,-0.2229f,0.3557f,0f,0f,0f,1f],start_interpolation: 0,interpolation_duration: 1}
$data merge entity $(bone_right_index_finger) {transformation: [-0.1787f,-0.2925f,-0.9394f,1.2334f,-0.1831f,0.948f,-0.2604f,0.0394f,0.9667f,0.1254f,-0.2229f,0.2279f,0f,0f,0f,1f],start_interpolation: 0,interpolation_duration: 1}
$data merge entity $(bone_right_thumb) {transformation: [0.1641f,-0.1397f,-0.9765f,0.5132f,-0.1133f,0.9807f,-0.1594f,-0.1072f,0.9799f,0.1368f,0.1451f,-0.2044f,0f,0f,0f,1f],start_interpolation: 0,interpolation_duration: 1}
$data merge entity $(bone_right_hand) {transformation: [-0.1787f,0.0464f,-0.9828f,0.4636f,-0.1831f,0.9799f,0.0796f,-0.0811f,0.9667f,0.1941f,-0.1666f,0.4184f,0f,0f,0f,1f],start_interpolation: 0,interpolation_duration: 1}
$data merge entity $(bone_right_forearm) {transformation: [-0.3576f,-0.7471f,-1.8219f,-1.7337f,-0.3664f,1.8446f,-0.6845f,0.0615f,1.9347f,0.2112f,-0.4664f,0.0228f,0f,0f,0f,1f],start_interpolation: 0,interpolation_duration: 1}
$data merge entity $(bone_right_bicep) {transformation: [-1.1409f,-0.6007f,-0.0455f,-1.6762f,-0.2898f,0.6326f,-1.0864f,0.979f,0.5281f,-0.9505f,-0.6943f,-1.5569f,0f,0f,0f,1f],start_interpolation: 0,interpolation_duration: 1}
$data merge entity $(bone_right_shoulder) {transformation: [-1.0901f,-0.574f,-0.0434f,-1.372f,-0.2769f,0.6045f,-1.0381f,1.1491f,0.5046f,-0.9082f,-0.6635f,-1.7951f,0f,0f,0f,1f],start_interpolation: 0,interpolation_duration: 1}
$data merge entity $(bone_chest) {transformation: [-4.0661f,-0.1001f,0.0363f,0f,-0.1065f,3.8148f,-1.4073f,1.5289f,0.0005f,-1.4078f,-3.8161f,-1.3058f,0f,0f,0f,1f],start_interpolation: 0,interpolation_duration: 1}
$data merge entity $(bone_weist) {transformation: [-1.1f,0f,0f,0f,0f,1.09f,-0.148f,0.8873f,0f,-0.148f,-1.09f,-3.4571f,0f,0f,0f,1f],start_interpolation: 0,interpolation_duration: 1}