# This file was generated by Animated Java via MC-Build. It is not recommended to edit this file directly.
$data merge entity $(bone_left_fingers_2) {transformation: [-0.3875f,0.1731f,0.9055f,-1.5015f,0.211f,0.9728f,-0.0956f,0.2385f,-0.8974f,0.154f,-0.4135f,1.2241f,0f,0f,0f,1f],start_interpolation: 0,interpolation_duration: 1}
$data merge entity $(bone_left_fingers) {transformation: [-0.3875f,0.1731f,0.9055f,-0.9733f,0.211f,0.9728f,-0.0956f,0.1862f,-0.8974f,0.154f,-0.4135f,0.999f,0f,0f,0f,1f],start_interpolation: 0,interpolation_duration: 1}
$data merge entity $(bone_left_index_finger_2) {transformation: [-0.0333f,0.1899f,0.9812f,-1.671f,0.2392f,0.9548f,-0.1767f,0.385f,-0.9704f,0.2288f,-0.0772f,0.6127f,0f,0f,0f,1f],start_interpolation: 0,interpolation_duration: 1}
$data merge entity $(bone_left_index_finger) {transformation: [-0.0333f,0.1899f,0.9812f,-1.1044f,0.2392f,0.9548f,-0.1767f,0.2887f,-0.9704f,0.2288f,-0.0772f,0.5695f,0f,0f,0f,1f],start_interpolation: 0,interpolation_duration: 1}
$data merge entity $(bone_left_thumb) {transformation: [-0.2846f,0.1804f,0.9415f,-0.4357f,0.2226f,0.9677f,-0.1181f,0.1662f,-0.9325f,0.176f,-0.3155f,0.0548f,0f,0f,0f,1f],start_interpolation: 0,interpolation_duration: 1}
$data merge entity $(bone_left_hand) {transformation: [-0.2846f,-0.0277f,0.9583f,-0.3179f,0.2226f,0.9704f,0.0941f,0.1662f,-0.9325f,0.2401f,-0.27f,0.6689f,0f,0f,0f,1f],start_interpolation: 0,interpolation_duration: 1}
$data merge entity $(bone_left_forearm) {transformation: [-0.429f,0.5627f,1.8721f,1.8462f,-0.0343f,1.9141f,-0.5833f,0.4405f,-1.9545f,-0.1571f,-0.4006f,0.1729f,0f,0f,0f,1f],start_interpolation: 0,interpolation_duration: 1}
$data merge entity $(bone_left_bicep) {transformation: [-1.1693f,0.5377f,0.0903f,1.6941f,0.1224f,0.467f,-1.1964f,1.0306f,-0.5313f,-1.0758f,-0.4742f,-1.5503f,0f,0f,0f,1f],start_interpolation: 0,interpolation_duration: 1}
$data merge entity $(bone_left_shoulder) {transformation: [-1.1173f,0.5138f,0.0862f,1.3743f,0.1169f,0.4462f,-1.1432f,1.1352f,-0.5077f,-1.0279f,-0.4531f,-1.8053f,0f,0f,0f,1f],start_interpolation: 0,interpolation_duration: 1}
$data merge entity $(bone_right_fingers_2) {transformation: [-0.1798f,-0.3365f,-0.9244f,1.6855f,-0.1896f,0.9339f,-0.3031f,0.1061f,0.9653f,0.1208f,-0.2317f,0.7796f,0f,0f,0f,1f],start_interpolation: 0,interpolation_duration: 1}
$data merge entity $(bone_right_fingers) {transformation: [-0.1798f,-0.3365f,-0.9244f,1.1484f,-0.1896f,0.9339f,-0.3031f,-0.0658f,0.9653f,0.1208f,-0.2317f,0.6601f,0f,0f,0f,1f],start_interpolation: 0,interpolation_duration: 1}
$data merge entity $(bone_right_index_finger_2) {transformation: [-0.1798f,-0.2959f,-0.9382f,1.7736f,-0.1896f,0.9462f,-0.2621f,0.1671f,0.9653f,0.1308f,-0.2262f,0.3451f,0f,0f,0f,1f],start_interpolation: 0,interpolation_duration: 1}
$data merge entity $(bone_right_index_finger) {transformation: [-0.1798f,-0.2959f,-0.9382f,1.2312f,-0.1896f,0.9462f,-0.2621f,0.0215f,0.9653f,0.1308f,-0.2262f,0.2154f,0f,0f,0f,1f],start_interpolation: 0,interpolation_duration: 1}
$data merge entity $(bone_right_thumb) {transformation: [0.1628f,-0.1432f,-0.9762f,0.5122f,-0.1188f,0.9794f,-0.1635f,-0.1247f,0.9795f,0.1426f,0.1424f,-0.219f,0f,0f,0f,1f],start_interpolation: 0,interpolation_duration: 1}
$data merge entity $(bone_right_hand) {transformation: [-0.1798f,0.0428f,-0.9828f,0.4614f,-0.1896f,0.9788f,0.0774f,-0.1026f,0.9653f,0.2003f,-0.1679f,0.4038f,0f,0f,0f,1f],start_interpolation: 0,interpolation_duration: 1}
$data merge entity $(bone_right_forearm) {transformation: [-0.3598f,-0.7535f,-1.8188f,-1.7357f,-0.3795f,1.8408f,-0.6875f,0.0352f,1.9318f,0.2213f,-0.4739f,0.0052f,0f,0f,0f,1f],start_interpolation: 0,interpolation_duration: 1}
$data merge entity $(bone_right_bicep) {transformation: [-1.1409f,-0.6011f,-0.0406f,-1.6784f,-0.2968f,0.6365f,-1.0822f,0.9627f,0.5242f,-0.9476f,-0.7012f,-1.5687f,0f,0f,0f,1f],start_interpolation: 0,interpolation_duration: 1}
$data merge entity $(bone_right_shoulder) {transformation: [-1.0901f,-0.5743f,-0.0388f,-1.3743f,-0.2836f,0.6082f,-1.0341f,1.1352f,0.5009f,-0.9055f,-0.67f,-1.8053f,0f,0f,0f,1f],start_interpolation: 0,interpolation_duration: 1}
$data merge entity $(bone_chest) {transformation: [-4.0675f,0f,0f,0f,0f,3.8335f,-1.3598f,1.5127f,0f,-1.3598f,-3.8335f,-1.3062f,0f,0f,0f,1f],start_interpolation: 0,interpolation_duration: 1}
$data merge entity $(bone_weist) {transformation: [-1.1f,0f,0f,0f,0f,1.0917f,-0.1346f,0.8977f,0f,-0.1346f,-1.0917f,-3.4653f,0f,0f,0f,1f],start_interpolation: 0,interpolation_duration: 1}
$data merge entity $(bone_right_fingers2) {transformation: [-0.996f,-0.026f,-0.0856f,1.1808f,0.0218f,-0.9985f,0.0495f,-0.0234f,-0.0867f,0.0474f,0.9951f,-10.3199f,0f,0f,0f,1f],start_interpolation: 0,interpolation_duration: 1}
$data merge entity $(bone_left_foot) {transformation: [-0.996f,-0.0666f,0.0597f,1.1087f,0.0218f,0.4668f,0.8841f,0.2548f,-0.0867f,0.8818f,-0.4635f,-9.3664f,0f,0f,0f,1f],start_interpolation: 0,interpolation_duration: 1}
$data merge entity $(bone_left_knee) {transformation: [-1.5787f,0.0641f,0.1264f,0.942f,0.0346f,1.545f,-0.352f,0.129f,-0.1375f,-0.3479f,-1.5402f,-7.2991f,0f,0f,0f,1f],start_interpolation: 0,interpolation_duration: 1}
$data merge entity $(bone_left_thigh) {transformation: [-1.5972f,-0.1427f,-0.014f,0.7385f,0.035f,-0.5395f,1.5098f,0.4613f,-0.1391f,1.5034f,0.5405f,-5.2287f,0f,0f,0f,1f],start_interpolation: 0,interpolation_duration: 1}
$data merge entity $(bone_left_fingers2) {transformation: [-0.996f,0.026f,0.0856f,-1.1776f,-0.0218f,-0.9985f,0.0495f,-0.0662f,0.0867f,0.0474f,0.9951f,-10.2749f,0f,0f,0f,1f],start_interpolation: 0,interpolation_duration: 1}
$data merge entity $(bone_right_foot) {transformation: [-0.996f,0.0666f,-0.0597f,-1.1055f,-0.0218f,0.4668f,0.8841f,0.212f,0.0867f,0.8818f,-0.4635f,-9.3213f,0f,0f,0f,1f],start_interpolation: 0,interpolation_duration: 1}
$data merge entity $(bone_right_knee) {transformation: [-1.5787f,-0.0641f,-0.1264f,-0.9398f,-0.0346f,1.545f,-0.352f,0.1173f,0.1375f,-0.3479f,-1.5402f,-7.2569f,0f,0f,0f,1f],start_interpolation: 0,interpolation_duration: 1}
$data merge entity $(bone_right_thigh) {transformation: [-1.5972f,0.1427f,0.014f,-0.7385f,-0.035f,-0.5395f,1.5098f,0.445f,0.1391f,1.5034f,0.5405f,-5.2138f,0f,0f,0f,1f],start_interpolation: 0,interpolation_duration: 1}