# This file was generated by Animated Java via MC-Build. It is not recommended to edit this file directly.
$data merge entity $(bone_neck) { transformation: [-1f,1.7749033759509444e-17f,1.211716535631266e-16f,1.6894958354537874e-16f,0f,0.9894416385809445f,-0.1449318593072469f,1.9351592554871742f,-1.2246467991473532e-16f,-0.1449318593072469f,-0.9894416385809445f,-1.3795780437511294f,0f,0f,0f,1f], start_interpolation: 0, interpolation_duration: 1 }
$data merge entity $(bone_left_fingers_2) { transformation: [-0.9574692754422583f,-0.07188170627629656f,-0.2794380197590962f,3.0723769442309603f,-0.2252418318422103f,0.791483652485118f,0.5681722846436477f,-2.5569483168622433f,0.18032943124305106f,0.6069486371610244f,-0.774012046466935f,0.03840308936362802f,0f,0f,0f,1f], start_interpolation: 0, interpolation_duration: 1 }
$data merge entity $(bone_left_fingers) { transformation: [-0.9574692754422583f,-0.07188170627629656f,-0.2794380197590962f,2.9240801125297002f,-0.2252418318422103f,0.791483652485118f,0.5681722846436477f,-2.2218228870132086f,0.18032943124305106f,0.6069486371610244f,-0.774012046466935f,-0.4066456956852966f,0f,0f,0f,1f], start_interpolation: 0, interpolation_duration: 1 }
$data merge entity $(bone_left_index_finger_2) { transformation: [-0.9576633351104368f,-0.07188170627629656f,0.2787722311995286f,2.3045058056836614f,0.1153117117976073f,0.791483652485118f,0.6002139926485572f,-2.592568612457822f,-0.26378806968371554f,0.6069486371610244f,-0.7496860717266356f,-0.0060866818051801275f,0f,0f,0f,1f], start_interpolation: 0, interpolation_duration: 1 }
$data merge entity $(bone_left_index_finger) { transformation: [-0.9576633351104368f,-0.07188170627629656f,0.2787722311995286f,2.4647525499217653f,0.1153117117976073f,0.791483652485118f,0.6002139926485572f,-2.242073920561026f,-0.26378806968371554f,0.6069486371610244f,-0.7496860717266356f,-0.43463634580098087f,0f,0f,0f,1f], start_interpolation: 0, interpolation_duration: 1 }
$data merge entity $(bone_left_thumb) { transformation: [-0.929722536126259f,-0.040129500757188456f,0.3660677928853288f,2.238351240804131f,0.16718501225748222f,0.8397089292456641f,0.5166605131240101f,-1.9918101574739793f,-0.32812372284768243f,0.5415519710185521f,-0.7739872642301671f,-1.2177288277588438f,0f,0f,0f,1f], start_interpolation: 0, interpolation_duration: 1 }
$data merge entity $(bone_left_hand) { transformation: [-0.9971833109534547f,-0.07188170627629656f,0.0214117878448733f,2.831243347273974f,-0.04396425193556022f,0.791483652485118f,0.6096070639359121f,-1.8833026804537438f,-0.060766675963493555f,0.6069486371610244f,-0.7924145145949327f,-1.0514483621020703f,0f,0f,0f,1f], start_interpolation: 0, interpolation_duration: 1 }
$data merge entity $(bone_left_forearm) { transformation: [-1.995692044724385f,-0.12181543988546273f,0.08770800750221547f,2.849603237719775f,-0.08798693968931813f,1.8967681906097589f,0.6323346921415773f,-0.3759536691926544f,-0.12161412096712193f,0.6266975850018781f,-1.8967811091121987f,-2.704453836512617f,0f,0f,0f,1f], start_interpolation: 0, interpolation_duration: 1 }
$data merge entity $(bone_left_bicep) { transformation: [-1.2791158927176263f,-0.1515699370615596f,-0.07338058794706169f,1.7879301299899573f,-0.16385959047843326f,1.2499049129093935f,0.27456031542142517f,0.9697028653409026f,0.038835436350602937f,0.2815313239680927f,-1.2584623737002796f,-1.9778945461450967f,0f,0f,0f,1f], start_interpolation: 0, interpolation_duration: 1 }
$data merge entity $(bone_left_shoulder) { transformation: [-1.2222300913882014f,-0.14482920514173447f,-0.07011715140377543f,1.3743293750000003f,-0.15657230387450174f,1.1943182041824993f,0.2623498631512841f,1.0264707136158024f,0.03710831769829047f,0.26901085177754486f,-1.2024950911589203f,-1.9150613231755482f,0f,0f,0f,1f], start_interpolation: 0, interpolation_duration: 1 }
$data merge entity $(bone_right_fingers_2) { transformation: [-0.9574692754422583f,0.07188170627629639f,0.2794380197590964f,-3.072377921262084f,0.2252418318422103f,0.791483652485118f,0.5681722846436477f,-2.5569489305935997f,-0.1803294312430513f,0.6069486371610244f,-0.774012046466935f,0.03840372576872508f,0f,0f,0f,1f], start_interpolation: 0, interpolation_duration: 1 }
$data merge entity $(bone_right_fingers) { transformation: [-0.9574692754422583f,0.07188170627629639f,0.2794380197590964f,-2.9240800416682493f,0.2252418318422103f,0.791483652485118f,0.5681722846436477f,-2.221821370098498f,-0.1803294312430513f,0.6069486371610244f,-0.774012046466935f,-0.4066479618253739f,0f,0f,0f,1f], start_interpolation: 0, interpolation_duration: 1 }
$data merge entity $(bone_right_index_finger_2) { transformation: [-0.9576633351104369f,0.07188170627629639f,-0.27877223119952843f,-2.304505667910373f,-0.1153117117976073f,0.791483652485118f,0.6002139926485572f,-2.5925690005651862f,0.2637880696837153f,0.6069486371610244f,-0.7496860717266358f,-0.006086471649899061f,0f,0f,0f,1f], start_interpolation: 0, interpolation_duration: 1 }
$data merge entity $(bone_right_index_finger) { transformation: [-0.9576633351104369f,0.07188170627629639f,-0.27877223119952843f,-2.464752412148477f,-0.1153117117976073f,0.791483652485118f,0.6002139926485572f,-2.24207430866839f,0.2637880696837153f,0.6069486371610244f,-0.7496860717266358f,-0.4346361356456999f,0f,0f,0f,1f], start_interpolation: 0, interpolation_duration: 1 }
$data merge entity $(bone_right_thumb) { transformation: [-0.929722536126259f,0.040129500757188304f,-0.3660677928853286f,-2.2383511030308427f,-0.16718501225748222f,0.8397089292456641f,0.5166605131240101f,-1.991810545581343f,0.32812372284768226f,0.5415519710185521f,-0.7739872642301673f,-1.2177286176035629f,0f,0f,0f,1f], start_interpolation: 0, interpolation_duration: 1 }
$data merge entity $(bone_right_hand) { transformation: [-0.9971833109534547f,0.07188170627629639f,-0.021411787844873114f,-2.831243209500686f,0.04396425193556022f,0.791483652485118f,0.6096070639359121f,-1.8833030685611076f,0.06076667596349331f,0.6069486371610244f,-0.7924145145949328f,-1.0514481519467895f,0f,0f,0f,1f], start_interpolation: 0, interpolation_duration: 1 }
$data merge entity $(bone_right_forearm) { transformation: [-1.995694122189616f,0.12181556669227206f,-0.08770809880404513f,-2.8496034271094457f,0.08798703128150966f,1.896770165097745f,0.6323353503860899f,-0.37595603166522906f,0.12161424756436301f,0.626698237378304f,-1.896783083613633f,-2.7044575666741273f,0f,0f,0f,1f], start_interpolation: 0, interpolation_duration: 1 }
$data merge entity $(bone_right_bicep) { transformation: [-1.279115892717626f,0.1515699370615595f,0.073380587947062f,-1.7879301299899568f,0.16385959047843324f,1.2499049129093933f,0.2745603154214251f,0.9697028653409026f,-0.03883543635060324f,0.2815313239680928f,-1.2584623737002794f,-1.9778945461450972f,0f,0f,0f,1f], start_interpolation: 0, interpolation_duration: 1 }
$data merge entity $(bone_right_shoulder) { transformation: [-1.2222300913882014f,0.14482920514173442f,0.07011715140377572f,-1.3743293749999999f,0.15657230387450174f,1.1943182041824993f,0.2623498631512841f,1.0264707136158024f,-0.037108317698290774f,0.2690108517775449f,-1.2024950911589203f,-1.9150613231755484f,0f,0f,0f,1f], start_interpolation: 0, interpolation_duration: 1 }
$data merge entity $(bone_chest) { transformation: [-4.0674850000000005f,1.1487512670901868e-16f,4.846962719502343e-16f,1.5113023448054186e-16f,0f,3.957845415410375f,-0.9380265950068151f,1.5532448368983613f,-4.981232485829872e-16f,-0.9380265950068151f,-3.957845415410375f,-1.234072016403135f,0f,0f,0f,1f], start_interpolation: 0, interpolation_duration: 1 }
$data merge entity $(bone_weist) { transformation: [-1.0999999999999999f,3.106652867310402e-17f,1.310799914800565e-16f,4.70688477414496e-16f,0f,1.070349357637806f,-0.2536774578166843f,1.1223100641541874f,-1.3471114790620883e-16f,-0.2536774578166843f,-1.070349357637806f,-3.8434630927236126f,0f,0f,0f,1f], start_interpolation: 0, interpolation_duration: 1 }
$data merge entity $(bone_right_fingers2) { transformation: [-0.9868057409358671f,0.06857897008247982f,-0.14666749646203364f,1.0679682962485233f,0.020825904605188583f,0.952103685184275f,0.3050653280133589f,-2.903158787703441f,0.1605637298812839f,0.2979857337540658f,-0.9409696015948981f,-6.20373905934417f,0f,0f,0f,1f], start_interpolation: 0, interpolation_duration: 1 }
$data merge entity $(bone_left_foot) { transformation: [-0.9750401286267617f,-0.1303140039787783f,-0.17976375589791987f,0.9815620630203974f,-0.1481878497188365f,0.9848718731813559f,0.08982068031335794f,-1.9596595540248276f,0.1653393745095689f,0.11421757212997424f,-0.9796005499454963f,-5.896859176437867f,0f,0f,0f,1f], start_interpolation: 0, interpolation_duration: 1 }
$data merge entity $(bone_left_knee) { transformation: [-1.5454524169419062f,-0.33565498732942856f,-0.10574717482433958f,1.2537366446387979f,-0.23487984113222687f,1.3384789472781473f,-0.8158280924661211f,-1.423177921767568f,0.2620652509054722f,-0.7797946817644318f,-1.354810675738049f,-3.908067489379896f,0f,0f,0f,1f], start_interpolation: 0, interpolation_duration: 1 }
$data merge entity $(bone_left_thigh) { transformation: [-1.5636263524060683f,-0.17760061306814112f,-0.30860114356597046f,0.8247638261731414f,-0.2376419391611112f,1.555584832362479f,0.30884648546916543f,0.5591903037194287f,0.2651470390635185f,0.34686865680359363f,-1.5430758879958661f,-4.477568569734019f,0f,0f,0f,1f], start_interpolation: 0, interpolation_duration: 1 }
$data merge entity $(bone_left_leg) { transformation: [-0.9750401286267617f,-0.1768311598241329f,-0.1342664830952235f,0.5257450000000006f,-0.1481878497188365f,0.968617887236853f,-0.19954886549545328f,0.7519689935756815f,0.1653393745095689f,-0.17467149006081947f,-0.9706455386992296f,-4.781143537046872f,0f,0f,0f,1f], start_interpolation: 0, interpolation_duration: 1 }
$data merge entity $(bone_left_fingers2) { transformation: [-0.9868057409358671f,-0.06857897008247996f,0.14666749646203386f,-1.0683056219133809f,-0.020825904605188583f,0.952103685184275f,0.3050653280133589f,-2.8870630618741395f,-0.16056372988128417f,0.2979857337540659f,-0.9409696015948982f,-6.1873237495124265f,0f,0f,0f,1f], start_interpolation: 0, interpolation_duration: 1 }
$data merge entity $(bone_right_foot) { transformation: [-0.9750401286267617f,0.1303140039787782f,0.1797637558979201f,-0.981899388685255f,0.1481878497188365f,0.9848718731813559f,0.08982068031335794f,-1.943563828195526f,-0.16533937450956915f,0.11421757212997441f,-0.9796005499454964f,-5.880443866606123f,0f,0f,0f,1f], start_interpolation: 0, interpolation_duration: 1 }
$data merge entity $(bone_right_knee) { transformation: [-1.5454524169419062f,0.3356549873294287f,0.10574717482433992f,-1.2477849953750706f,0.23487984113222687f,1.3384789472781473f,-0.8158280924661211f,-1.378819367909164f,-0.26206525090547267f,-0.7797946817644317f,-1.3548106757380491f,-3.9034085758479327f,0f,0f,0f,1f], start_interpolation: 0, interpolation_duration: 1 }
$data merge entity $(bone_right_thigh) { transformation: [-1.5636263524060683f,0.17760061306814104f,0.30860114356597085f,-0.8240993364073317f,0.2376419391611112f,1.555584832362479f,0.30884648546916543f,0.5774414672264553f,-0.2651470390635189f,0.3468686568035937f,-1.5430758879958661f,-4.465129327754615f,0f,0f,0f,1f], start_interpolation: 0, interpolation_duration: 1 }
$data merge entity $(bone_right_leg) { transformation: [-0.9750401286267617f,0.17683115982413294f,0.1342664830952237f,-0.5257449999999995f,0.1481878497188365f,0.968617887236853f,-0.19954886549545328f,0.7519689935756815f,-0.16533937450956915f,-0.17467149006081942f,-0.9706455386992296f,-4.781143537046873f,0f,0f,0f,1f], start_interpolation: 0, interpolation_duration: 1 }