# This file was generated by Animated Java via MC-Build. It is not recommended to edit this file directly.
$data merge entity $(bone_right_thumb) { transformation: [-1.0495612444702835f,0.029671509253433506f,-0.00638714682893575f,-4.710773274016482f,0.030301272032259133f,1.0117042813020598f,-0.27934974513736543f,-7.343320650550877f,-0.0017398331006175762f,-0.27941733792609824f,-1.0121377990407612f,-0.9793532834882662f,0f,0f,0f,1f], start_interpolation: 0, interpolation_duration: 1 }
$data merge entity $(bone_right_fingers_2) { transformation: [-0.9973031362750511f,0.07322611828921986f,-0.004938620884416529f,-4.530108085336263f,0.07204775986789187f,0.9639892473775208f,-0.2559958031658711f,-9.436266467922511f,-0.01398480153471633f,-0.25566123394213297f,-0.9666652775315873f,-0.7751532225004036f,0f,0f,0f,1f], start_interpolation: 0, interpolation_duration: 1 }
$data merge entity $(bone_right_fingers) { transformation: [-0.9990516883667232f,0.043258918102049806f,-0.004938620884416529f,-4.94029880377901f,0.04308101211917029f,0.9657174406399878f,-0.2559958031658711f,-8.592209950337205f,-0.006304789162830959f,-0.25596580015383247f,-0.9666652775315873f,-0.9967841268761354f,0f,0f,0f,1f], start_interpolation: 0, interpolation_duration: 1 }
$data merge entity $(bone_right_hand) { transformation: [-1.0497571622057698f,0.02197749869490557f,-0.005185551928637355f,-5.011512565619343f,0.022572607939942025f,1.0147607631261173f,-0.2687955933241647f,-7.125495521057394f,-0.0006146287325181386f,-0.26884490542097966f,-1.0149985414081666f,-1.3199852367419713f,0f,0f,0f,1f], start_interpolation: 0, interpolation_duration: 1 }
$data merge entity $(bone_right_forearm) { transformation: [-4.274011303266348f,0.08947981611497265f,-0.02111260428088066f,-4.931589693847561f,0.09190276089833538f,4.131525964156334f,-1.0943820585340989f,-0.8197621609594092f,-0.0025024169823952783f,-1.0945828292139883f,-4.132494061447535f,-2.337282545012829f,0f,0f,0f,1f], start_interpolation: 0, interpolation_duration: 1 }
$data merge entity $(bone_right_bicep) { transformation: [-3.599167413276925f,0.07734470153999085f,-0.0034246677472076527f,-4.3875f,0.0773917986512298f,3.589977779628664f,-0.25704095252308773f,3.5741669277673163f,-0.0021072985114907613f,-0.25705512816541604f,-3.5908102456655726f,-1.4906159162321833f,0f,0f,0f,1f], start_interpolation: 0, interpolation_duration: 1 }
$data merge entity $(bone_right_arm) { transformation: [-1.2000000000000002f,3.906995700641707e-18f,1.4690567128237739e-16f,-4.1375f,0f,1.1995758400271723f,-0.031903040969542475f,4.928189727727517f,-1.469576158976824e-16f,-0.031903040969542475f,-1.1995758400271723f,-1.5097586782773948f,0f,0f,0f,1f], start_interpolation: 0, interpolation_duration: 1 }
$data merge entity $(bone_left_thumb) { transformation: [-1.0495612444702835f,-0.02967150925343343f,0.006387146828935996f,4.710773274016483f,-0.030301272032259133f,1.0117042813020598f,-0.27934974513736543f,-7.343320650550877f,0.0017398331006173195f,-0.27941733792609824f,-1.0121377990407612f,-0.979353283488265f,0f,0f,0f,1f], start_interpolation: 0, interpolation_duration: 1 }
$data merge entity $(bone_left_fingers_2) { transformation: [-0.9973031362750511f,-0.0732261182892198f,0.004938620884416765f,4.530108085336263f,-0.07204775986789187f,0.9639892473775208f,-0.2559958031658711f,-9.436266467922511f,0.013984801534716085f,-0.25566123394213297f,-0.9666652775315873f,-0.7751532225004024f,0f,0f,0f,1f], start_interpolation: 0, interpolation_duration: 1 }
$data merge entity $(bone_left_fingers) { transformation: [-0.9990516883667232f,-0.04325891810204974f,0.004938620884416765f,4.940298803779011f,-0.04308101211917029f,0.9657174406399878f,-0.2559958031658711f,-8.592209950337205f,0.006304789162830714f,-0.25596580015383247f,-0.9666652775315873f,-0.996784126876134f,0f,0f,0f,1f], start_interpolation: 0, interpolation_duration: 1 }
$data merge entity $(bone_left_hand) { transformation: [-1.0497571622057698f,-0.0219774986949055f,0.0051855519286376035f,5.011512565619344f,-0.022572607939942025f,1.0147607631261173f,-0.2687955933241647f,-7.125495521057394f,0.0006146287325178815f,-0.26884490542097966f,-1.0149985414081666f,-1.31998523674197f,0f,0f,0f,1f], start_interpolation: 0, interpolation_duration: 1 }
$data merge entity $(bone_left_forearm) { transformation: [-4.274011303266348f,-0.08947981611497237f,0.02111260428088167f,4.931589693847562f,-0.09190276089833538f,4.131525964156334f,-1.0943820585340989f,-0.8197621609594092f,0.0025024169823942314f,-1.0945828292139883f,-4.132494061447535f,-2.337282545012828f,0f,0f,0f,1f], start_interpolation: 0, interpolation_duration: 1 }
$data merge entity $(bone_left_bicep) { transformation: [-3.599167413276925f,-0.07734470153999078f,0.0034246677472085326f,4.3875f,-0.0773917986512298f,3.589977779628664f,-0.25704095252308773f,3.5741669277673163f,0.00210729851148988f,-0.2570551281654161f,-3.5908102456655726f,-1.4906159162321824f,0f,0f,0f,1f], start_interpolation: 0, interpolation_duration: 1 }
$data merge entity $(bone_left_arm) { transformation: [-1.2000000000000002f,3.906995700641707e-18f,1.4690567128237739e-16f,4.1375f,0f,1.1995758400271723f,-0.031903040969542475f,4.928189727727517f,-1.469576158976824e-16f,-0.031903040969542475f,-1.1995758400271723f,-1.509758678277394f,0f,0f,0f,1f], start_interpolation: 0, interpolation_duration: 1 }
$data merge entity $(bone_chest) { transformation: [-6.061547916666667f,1.97353680413753e-17f,7.420631380901772e-16f,-1.3794893151553112e-17f,0f,6.059405361666977f,-0.16115150960355124f,5.8302784396297795f,-7.423255254024141e-16f,-0.16115150960355124f,-6.059405361666977f,0.11264385095488483f,0f,0f,0f,1f], start_interpolation: 0, interpolation_duration: 1 }
$data merge entity $(bone_waist) { transformation: [-5.023832916666667f,1.6356744671799123e-17f,6.150246225278504e-16f,0.000001250000000276916f,0f,5.022057159305479f,-0.13356295613712726f,0.38785991765326777f,-6.152420900846945e-16f,-0.13356295613712726f,-5.022057159305479f,-2.2611900525817887f,0f,0f,0f,1f], start_interpolation: 0, interpolation_duration: 1 }
$data merge entity $(bone_hip) { transformation: [-4.3939320833333335f,1.4305894798745822e-17f,5.3791128522604855e-16f,8.865006006785354e-17f,0f,4.392378974905772f,-0.11681649605997536f,-2.8238884280430483f,-5.381014861525028e-16f,-0.11681649605997536f,-4.392378974905772f,-0.7238826748216314f,0f,0f,0f,1f], start_interpolation: 0, interpolation_duration: 1 }
$data merge entity $(bone_right_foot) { transformation: [-2.04f,1.5715588346199845e-33f,2.4982794702606e-16f,-2.025f,0f,2.0399999999999996f,0f,-11.145596864152877f,-2.4982794702606004e-16f,0f,-2.0399999999999996f,-1.4869787165355208f,0f,0f,0f,1f], start_interpolation: 0, interpolation_duration: 1 }
$data merge entity $(bone_right_knee) { transformation: [-2.85f,2.195560136601449e-33f,3.490243377569956e-16f,-2.019375f,0f,2.8499999999999996f,0f,-7.466723739152876f,-3.4902433775699566e-16f,0f,-2.8499999999999996f,-0.12952434153552095f,0f,0f,0f,1f], start_interpolation: 0, interpolation_duration: 1 }
$data merge entity $(bone_right_thigh) { transformation: [-3.8250000000000006f,2.9466728149124713e-33f,4.684274006738626e-16f,-1.6874999999999998f,0f,3.825f,0f,-3.8606731141528763f,-4.684274006738627e-16f,0f,-3.825f,-1.9983649665355208f,0f,0f,0f,1f], start_interpolation: 0, interpolation_duration: 1 }
$data merge entity $(bone_right_leg) { transformation: [-1.7250000000000003f,5.6163063196724536e-18f,2.111769024684175e-16f,-1.6701387499999998f,0f,1.7243902700390603f,-0.04586062139371731f,-3.8670165252727493f,-2.1125157285291847e-16f,-0.04586062139371731f,-1.7243902700390603f,-1.951085859860982f,0f,0f,0f,1f], start_interpolation: 0, interpolation_duration: 1 }
$data merge entity $(bone_left_foot) { transformation: [-2.04f,1.5715588346199845e-33f,2.4982794702606e-16f,2.025f,0f,2.0399999999999996f,0f,-11.145596864152877f,-2.4982794702606004e-16f,0f,-2.0399999999999996f,-1.4244787165355204f,0f,0f,0f,1f], start_interpolation: 0, interpolation_duration: 1 }
$data merge entity $(bone_left_knee) { transformation: [-2.85f,2.195560136601449e-33f,3.490243377569956e-16f,2.019375f,0f,2.8499999999999996f,0f,-7.466723739152876f,-3.4902433775699566e-16f,0f,-2.8499999999999996f,-0.1295243415355205f,0f,0f,0f,1f], start_interpolation: 0, interpolation_duration: 1 }
$data merge entity $(bone_left_thigh) { transformation: [-3.8250000000000006f,2.9466728149124713e-33f,4.684274006738626e-16f,1.6875000000000002f,0f,3.825f,0f,-3.8606731141528763f,-4.684274006738627e-16f,0f,-3.825f,-1.9983649665355203f,0f,0f,0f,1f], start_interpolation: 0, interpolation_duration: 1 }
$data merge entity $(bone_left_leg) { transformation: [-1.7250000000000003f,5.6163063196724536e-18f,2.111769024684175e-16f,1.6701387500000002f,0f,1.7243902700390603f,-0.04586062139371731f,-3.8670165252727493f,-2.1125157285291847e-16f,-0.04586062139371731f,-1.7243902700390603f,-1.9510858598609815f,0f,0f,0f,1f], start_interpolation: 0, interpolation_duration: 1 }
data modify entity @s data merge value {"locators":{"consume":{"posx":-4.137986160981532,"posy":-8.621152190273325,"posz":-0.0004427133894557844,"roty":359.70728267784983,"rotx":-14.832599170918623}},"cameras":{}}