# This file was generated by Animated Java via MC-Build. It is not recommended to edit this file directly.
$data merge entity $(bone_neck) { transformation: [-1.2033625000000001f,-1.3011945997886692e-16f,6.918574411346187e-17f,1.1102230246251565e-16f,0f,0.5649444734729366f,1.0625060227117005f,-2.4297948618446017f,-1.473694033838957e-16f,1.0625060227117005f,-0.5649444734729366f,-0.6808270175260271f,0f,0f,0f,1f], start_interpolation: 0, interpolation_duration: 1 }
$data merge entity $(bone_right_thumb_2) { transformation: [-0.7854605724966793f,0.020019218782971665f,-0.6185878433436183f,-2.803905773003822f,0.2979077985390958f,0.8883037095587174f,-0.349524624531393f,-8.483979206637189f,0.5424966660015328f,-0.45881995429965916f,-0.7036914216570216f,-1.143764571639601f,0f,0f,0f,1f], start_interpolation: 0, interpolation_duration: 1 }
$data merge entity $(bone_right_thumb) { transformation: [-0.7854605724966793f,0.020019218782971665f,-0.6185878433436183f,-2.943113947524456f,0.2979077985390958f,0.8883037095587174f,-0.349524624531393f,-8.131853389187844f,0.5424966660015328f,-0.45881995429965916f,-0.7036914216570216f,-1.136304497295697f,0f,0f,0f,1f], start_interpolation: 0, interpolation_duration: 1 }
$data merge entity $(bone_right_fingers_2) { transformation: [0.5056724724928022f,-0.6436763611390007f,-0.5744354556204476f,-3.05898224066381f,-0.7966827800078238f,-0.6038956964549862f,-0.024627948395119573f,-9.078111394819375f,-0.33104667133505783f,0.47009651127614427f,-0.8181793027716945f,-1.2925277425847999f,0f,0f,0f,1f], start_interpolation: 0, interpolation_duration: 1 }
$data merge entity $(bone_right_fingers) { transformation: [-0.5407464522211916f,-0.6145056401175857f,-0.5744354556204476f,-3.359932093573198f,-0.738967312261388f,0.6732910036284664f,-0.024627948395119573f,-8.816229016293676f,0.4018962376277923f,0.4111715489873405f,-0.8181793027716945f,-1.0994354220680183f,0f,0f,0f,1f], start_interpolation: 0, interpolation_duration: 1 }
$data merge entity $(bone_right_hand) { transformation: [-0.8025507212212428f,0.16104734457106712f,-0.5744354556204476f,-3.200439805428091f,0.2136034571510784f,0.9766099667989031f,-0.024627948395119573f,-8.04953050919055f,0.5570331255503308f,-0.14246657697738524f,-0.8181793027716945f,-1.2239736634179905f,0f,0f,0f,1f], start_interpolation: 0, interpolation_duration: 1 }
$data merge entity $(bone_right_forearm) { transformation: [-1.7409866803392233f,0.24825520002158324f,-0.48390422211131995f,-2.775665685126367f,0.3039952828244897f,1.7898681200278217f,-0.17546379273809443f,-5.437502247958866f,0.4509776142286627f,-0.248133089699504f,-1.7498221975087378f,-1.6806586568151909f,0f,0f,0f,1f], start_interpolation: 0, interpolation_duration: 1 }
$data merge entity $(bone_right_bicep) { transformation: [-1.538262432971517f,0.31222221586813304f,-0.215407825091033f,-2.28107761793182f,0.261320931428295f,1.524431145477976f,0.34344666161961845f,-3.063899057792769f,0.27494474715750516f,0.2979287272127435f,-1.5315934236589672f,-1.1968188092454504f,0f,0f,0f,1f], start_interpolation: 0, interpolation_duration: 1 }
$data merge entity $(bone_right_shoulder) { transformation: [-1.003251724646575f,0.038902446976766265f,-0.1355933452634478f,-1.827643125f,0.01371367559434683f,0.9961172219403667f,0.18432415447341405f,-2.855898093852099f,0.14039547984962222f,0.1806932717061316f,-0.9869407426308675f,-1.1991217006602375f,0f,0f,0f,1f], start_interpolation: 0, interpolation_duration: 1 }
$data merge entity $(bone_right_arm) { transformation: [-1.3293824999999997f,-1.0355506234166556e-16f,1.256223358853314e-16f,-1.74976375f,0f,1.0257842177254255f,0.8455912546684042f,-2.776615047312761f,-1.628024023467506e-16f,0.8455912546684042f,-1.0257842177254255f,-0.9480399592124126f,0f,0f,0f,1f], start_interpolation: 0, interpolation_duration: 1 }
$data merge entity $(bone_left_thumb_2) { transformation: [-0.7599302790863205f,0.011173293316625227f,0.6499085539091232f,2.775815943261294f,-0.31093284721034725f,0.8717881998629561f,-0.37855792041030295f,-8.446427415123127f,-0.5708123469700475f,-0.48975554320106185f,-0.6590241061223626f,-1.0757872274970357f,0f,0f,0f,1f], start_interpolation: 0, interpolation_duration: 1 }
$data merge entity $(bone_left_thumb) { transformation: [-0.7599302790863205f,0.011173293316625227f,0.6499085539091232f,2.9176920857533677f,-0.31093284721034725f,0.8717881998629561f,-0.37855792041030295f,-8.095296154904846f,-0.5708123469700475f,-0.48975554320106185f,-0.6590241061223626f,-1.073516067871702f,0f,0f,0f,1f], start_interpolation: 0, interpolation_duration: 1 }
$data merge entity $(bone_left_fingers_2) { transformation: [0.49568839328006425f,0.6137090613076005f,0.6145357636756157f,3.0325887678670185f,0.8040408173342948f,-0.5917814886143977f,-0.057558959282866f,-9.047282661617379f,0.32834643416341147f,0.5226431457526935f,-0.7867863505233814f,-1.1908012776041832f,0f,0f,0f,1f], start_interpolation: 0, interpolation_duration: 1 }
$data merge entity $(bone_left_fingers) { transformation: [-0.5131004115174154f,0.5992276386017978f,0.6145357636756157f,3.3258505422748024f,0.7283968537496599f,0.6827334689715084f,-0.057558959282866f,-8.781022568143616f,-0.45405505299275706f,0.41809239108341034f,-0.7867863505233814f,-0.9919522577786979f,0f,0f,0f,1f], start_interpolation: 0, interpolation_duration: 1 }
$data merge entity $(bone_left_hand) { transformation: [-0.7754965634376253f,-0.14474417176543225f,0.6145357636756157f,3.1798375417637548f,-0.227066101268371f,0.9721769138696181f,-0.057558959282866f,-8.01800489284702f,-0.5891061583035905f,-0.18417701506671186f,-0.7867863505233814f,-1.1508811575962254f,0f,0f,0f,1f], start_interpolation: 0, interpolation_duration: 1 }
$data merge entity $(bone_left_forearm) { transformation: [-1.7188616223761328f,-0.21908804338650184f,0.5695118207737833f,2.802457472936003f,-0.30673714376506284f,1.7818514370891152f,-0.24030468662057403f,-5.420530530662823f,-0.5274993927871828f,-0.32223352870555766f,-1.71602403981431f,-1.7186813824928633f,0f,0f,0f,1f], start_interpolation: 0, interpolation_duration: 1 }
$data merge entity $(bone_left_bicep) { transformation: [-1.5276795997568615f,-0.32795633375375544f,0.26224843092193684f,2.28274438473175f,-0.2604749441206658f,1.5161943636680317f,0.37873739048334576f,-3.0602331953600896f,-0.32936666476065624f,0.32207739848613054f,-1.5158886190655152f,-1.1975237733320327f,0f,0f,0f,1f], start_interpolation: 0, interpolation_duration: 1 }
$data merge entity $(bone_left_shoulder) { transformation: [-1.0022050810346046f,-0.0482009728827159f,0.14026624835797732f,1.827643125f,-0.019379773856486617f,0.9924704529490433f,0.20258283010964304f,-2.855898093852099f,-0.14704549833481312f,0.1977170829825302f,-0.982699626123459f,-1.199121700660237f,0f,0f,0f,1f], start_interpolation: 0, interpolation_duration: 1 }
$data merge entity $(bone_left_arm) { transformation: [-1.3293824999999997f,-1.0355506234166556e-16f,1.256223358853314e-16f,1.749763125f,0f,1.0257842177254255f,0.8455912546684042f,-2.776615047312761f,-1.628024023467506e-16f,0.8455912546684042f,-1.0257842177254255f,-0.9480399592124121f,0f,0f,0f,1f], start_interpolation: 0, interpolation_duration: 1 }
$data merge entity $(bone_chest) { transformation: [-2.632522916666667f,-2.0506594208309496e-16f,2.4876487998249743e-16f,-3.630984939612199e-17f,0f,2.0313193988315423f,1.6744904916737615f,-2.2558314422051415f,-3.2239107635778877e-16f,1.6744904916737615f,-2.0313193988315423f,-0.3979160805471855f,0f,0f,0f,1f], start_interpolation: 0, interpolation_duration: 1 }
$data merge entity $(bone_weist) { transformation: [-1.9493945833333333f,-8.331626077062384e-18f,2.385865546013027e-16f,1.7502559312081742e-16f,0f,1.9482070648240453f,0.06803288983291493f,-5.77463630365915f,-2.387319836754355e-16f,0.06803288983291493f,-1.9482070648240453f,-2.1236009283259847f,0f,0f,0f,1f], start_interpolation: 0, interpolation_duration: 1 }
$data merge entity $(bone_right_cheek) { transformation: [-0.999810064362206f,0.019350941039479402f,-0.002318680859469714f,-0.8457124666963307f,0.019223625806260268f,0.9987529590197033f,0.0460757969030135f,-7.485803259301436f,0.003207399398634986f,0.04602247201393522f,-0.9989352554889752f,-2.6516092858591516f,0f,0f,0f,1f], start_interpolation: 0, interpolation_duration: 1 }
$data merge entity $(bone_right_foot) { transformation: [-1.1613316533827585f,-0.19130553711095513f,0.01737461362219028f,-0.8508397640514517f,0.05581657057773073f,-0.23419096910174383f,1.1522282739616703f,-9.47505940368574f,-0.1838047773502436f,1.1376061165176803f,0.2401229317690259f,-3.463335136158474f,0f,0f,0f,1f], start_interpolation: 0, interpolation_duration: 1 }
$data merge entity $(bone_right_knee) { transformation: [-2.87318908901134f,-0.40395844226527483f,0.136127602795407f,-1.4118550862958403f,0.1377217785908658f,-0.0018416027035171054f,2.9013717460427704f,-9.375016344624395f,-0.40341772274155224f,2.876411457694487f,0.020975117542577332f,0.09793169597631168f,0f,0f,0f,1f], start_interpolation: 0, interpolation_duration: 1 }
$data merge entity $(bone_right_leg) { transformation: [-2.4490785088795723f,0.33639535899632605f,0.13735116573588113f,-0.8928749999999998f,0.11739270813798812f,1.6182518273231112f,-1.870158468788274f,-7.082404894466398f,-0.3438693536203854f,-1.8433968397364162f,-1.6166801420904364f,-2.446052846960682f,0f,0f,0f,1f], start_interpolation: 0, interpolation_duration: 1 }
$data merge entity $(bone_left_cheek) { transformation: [-0.999810064362206f,-0.019350941039479423f,0.002318680859469957f,0.8457118484635396f,-0.019223625806260268f,0.9987529590197033f,0.0460757969030135f,-7.485803288935448f,-0.003207399398635208f,0.04602247201393522f,-0.9989352554889752f,-2.651609199054539f,0f,0f,0f,1f], start_interpolation: 0, interpolation_duration: 1 }
$data merge entity $(bone_left_foot) { transformation: [-1.159789674851264f,0.20030302388001325f,-0.018907765851227148f,0.8508391458186609f,-0.054031274970468994f,-0.20352866377067738f,1.1581224456962014f,-9.475059433319753f,0.1938025446428079f,1.1419481934504772f,0.20972790000790784f,-3.4633350493538617f,0f,0f,0f,1f], start_interpolation: 0, interpolation_duration: 1 }
$data merge entity $(bone_left_knee) { transformation: [-2.87318908901134f,0.40395844226527405f,-0.13612760279540703f,1.4118550862958403f,-0.1377217785908658f,-0.0018416027035171054f,2.9013717460427704f,-9.375016344624395f,0.4034177227415516f,2.876411457694487f,0.020975117542577332f,0.09793169597631168f,0f,0f,0f,1f], start_interpolation: 0, interpolation_duration: 1 }
$data merge entity $(bone_left_leg) { transformation: [-2.4490785088795723f,-0.3363953589963256f,-0.13735116573588071f,0.8928750000000002f,-0.11739270813798812f,1.6182518273231112f,-1.870158468788274f,-7.082404894466398f,0.34386935362038484f,-1.8433968397364162f,-1.6166801420904364f,-2.446052846960682f,0f,0f,0f,1f], start_interpolation: 0, interpolation_duration: 1 }
data modify entity @s data merge value {"locators":{"consume":{"posx":3.076219780784367,"posy":-8.888268016355791,"posz":-0.9751318964078333,"roty":37.992352367523324,"rotx":-3.299709161291656}},"cameras":{}}