# This file was generated by Animated Java via MC-Build. It is not recommended to edit this file directly.
$data merge entity $(bone_neck) { transformation: [-1.2033625000000001f,-1.3449755880378415e-16f,6.023410769280145e-17f,1.1102230246251565e-16f,0f,0.4918488149786434f,1.0982559126225337f,-2.423064556570707f,-1.473694033838957e-16f,1.0982559126225337f,-0.4918488149786434f,-0.6784820445245199f,0f,0f,0f,1f], start_interpolation: 0, interpolation_duration: 1 }
$data merge entity $(bone_right_thumb_2) { transformation: [-0.7659154579488756f,-0.0005744585156139681f,-0.6429410402769279f,-2.7936867475423237f,0.3002333252822233f,0.8839540416860143f,-0.3584483262297914f,-8.541958907497811f,0.5685362448120109f,-0.4675734404180527f,-0.6768615930533236f,-1.1369160258437652f,0f,0f,0f,1f], start_interpolation: 0, interpolation_duration: 1 }
$data merge entity $(bone_right_thumb) { transformation: [-0.7659154579488756f,-0.0005744585156139681f,-0.6429410402769279f,-2.9339140795801644f,0.3002333252822233f,0.8839540416860143f,-0.3584483262297914f,-8.190282289374437f,0.5685362448120109f,-0.4675734404180527f,-0.6768615930533236f,-1.1275880307854123f,0f,0f,0f,1f], start_interpolation: 0, interpolation_duration: 1 }
$data merge entity $(bone_right_fingers_2) { transformation: [0.46990349942728415f,-0.6433782314371337f,-0.6043634275324896f,-3.0562423651098127f,-0.8222237592103432f,-0.5681177341128318f,-0.034501159060440253f,-9.146110710762013f,-0.3211522863315851f,0.5131341846918095f,-0.7959613793926611f,-1.266758030160093f,0f,0f,0f,1f], start_interpolation: 0, interpolation_duration: 1 }
$data merge entity $(bone_right_fingers) { transformation: [-0.5354928275967938f,-0.5899087039988239f,-0.6043634275324896f,-3.3463602186746275f,-0.7221466370153737f,0.6908790810777763f,-0.034501159060440253f,-8.875773944042871f,0.4378945834784632f,0.4179638935070297f,-0.7959613793926611f,-1.0687996961758914f,0f,0f,0f,1f], start_interpolation: 0, interpolation_duration: 1 }
$data merge entity $(bone_right_hand) { transformation: [-0.7821193125558671f,0.1517703145820002f,-0.6043634275324896f,-3.194646145981445f,0.21601036385887903f,0.9757813242366555f,-0.034501159060440253f,-8.109727796836975f,0.5844902938738098f,-0.15753278669102466f,-0.7959613793926611f,-1.2063871404733968f,0f,0f,0f,1f], start_interpolation: 0, interpolation_duration: 1 }
$data merge entity $(bone_right_forearm) { transformation: [-1.7341892675458483f,0.24282118709480544f,-0.5103469575300424f,-2.779250210686044f,0.30938775720140743f,1.78620442955989f,-0.2014485372198529f,-5.504390901949959f,0.4729644401603403f,-0.27810100422689094f,-1.7394806786582362f,-1.7077370731809425f,0f,0f,0f,1f], start_interpolation: 0, interpolation_duration: 1 }
$data merge entity $(bone_right_bicep) { transformation: [-1.5354393732474854f,0.31504238923606576f,-0.2308869419202992f,-2.2800701511873895f,0.26113415588972994f,1.524450089885056f,0.3435046316437535f,-3.13075833911152f,0.290464179534473f,0.2948470320647363f,-1.5293234922584196f,-1.2287817688923641f,0f,0f,0f,1f], start_interpolation: 0, interpolation_duration: 1 }
$data merge entity $(bone_right_shoulder) { transformation: [-1.0019842689482115f,0.03593498475848671f,-0.14542757756892494f,-1.827643125f,0.009303904831925527f,0.9965684203874453f,0.1821477408813805f,-2.920670914678807f,0.14951234330996496f,0.178810064100764f,-0.9859442169012829f,-1.235534824490916f,0f,0f,0f,1f], start_interpolation: 0, interpolation_duration: 1 }
$data merge entity $(bone_right_arm) { transformation: [-1.3293824999999997f,-1.078761356926418e-16f,1.2193179059579172e-16f,-1.74976375f,0f,0.9956486284917854f,0.8808754962471576f,-2.770258056676882f,-1.628024023467506e-16f,0.8808754962471576f,-0.9956486284917854f,-0.9778731298606821f,0f,0f,0f,1f], start_interpolation: 0, interpolation_duration: 1 }
$data merge entity $(bone_left_thumb_2) { transformation: [-0.7458060157945967f,0.024499113070428347f,0.6657125357565022f,2.770939093156955f,-0.3104502116101713f,0.8713895839925824f,-0.3798695289443918f,-8.513511609425734f,-0.5894014361331247f,-0.4899795775009369f,-0.6422818390054429f,-1.086501526355054f,0f,0f,0f,1f], start_interpolation: 0, interpolation_duration: 1 }
$data merge entity $(bone_left_thumb) { transformation: [-0.7458060157945967f,0.024499113070428347f,0.6657125357565022f,2.9131503924979234f,-0.3104502116101713f,0.8713895839925824f,-0.3798695289443918f,-8.162552545766125f,-0.5894014361331247f,-0.4899795775009369f,-0.6422818390054429f,-1.0809479822724652f,0f,0f,0f,1f], start_interpolation: 0, interpolation_duration: 1 }
$data merge entity $(bone_left_fingers_2) { transformation: [0.46305101678105653f,0.6194338705874666f,0.6339443475787601f,3.034038773566979f,0.82753787370647f,-0.5583086795299188f,-0.05892780280082613f,-9.122408581976403f,0.3174347546180227f,0.5518995364471586f,-0.7711303899017385f,-1.1905055396203323f,0f,0f,0f,1f], start_interpolation: 0, interpolation_duration: 1 }
$data merge entity $(bone_left_fingers) { transformation: [-0.5134204390995214f,0.5783718673032041f,0.6339443475787601f,3.3182892402735544f,0.7136096138080595f,0.6980607660782685f,-0.05892780280082613f,-8.848713722327712f,-0.47661386026380614f,0.4221340426623111f,-0.7711303899017385f,-0.9886872194162605f,0f,0f,0f,1f], start_interpolation: 0, interpolation_duration: 1 }
$data merge entity $(bone_left_hand) { transformation: [-0.7608057690186517f,-0.13888537000302945f,0.6339443475787601f,3.1772441795075297f,-0.22657885096148417f,0.9722085878833001f,-0.05892780280082613f,-8.085642802188474f,-0.608141929260688f,-0.18847099417438518f,-0.7711303899017385f,-1.1517921733625847f,0f,0f,0f,1f], start_interpolation: 0, interpolation_duration: 1 }
$data merge entity $(bone_left_forearm) { transformation: [-1.7170543413818284f,-0.21965152464694862f,0.574722679294626f,2.799329310017109f,-0.31133341533917036f,1.7797248543031714f,-0.24995901484505356f,-5.491898481190891f,-0.5306830078950806f,-0.3334084766908799f,-1.7129048118432046f,-1.7360494990814268f,0f,0f,0f,1f], start_interpolation: 0, interpolation_duration: 1 }
$data merge entity $(bone_left_bicep) { transformation: [-1.527207495748561f,-0.32684507749155495f,0.2663533670379555f,2.281298755642395f,-0.2604234238376556f,1.5183612799912691f,0.3699908372155384f,-3.1281067836182928f,-0.33158929586099306f,0.3128671836839423f,-1.5173322708383936f,-1.2292520899569315f,0f,0f,0f,1f], start_interpolation: 0, interpolation_duration: 1 }
$data merge entity $(bone_left_shoulder) { transformation: [-1.0011598533362136f,-0.0428672360027806f,0.14917884170395448f,1.827643125f,-0.013370706709792424f,0.9939153656380648f,0.19587355313434496f,-2.920670914678807f,-0.1546387756571175f,0.19159233985959423f,-0.9827472732280839f,-1.2355348244909155f,0f,0f,0f,1f], start_interpolation: 0, interpolation_duration: 1 }
$data merge entity $(bone_left_arm) { transformation: [-1.3293824999999997f,-1.078761356926418e-16f,1.2193179059579172e-16f,1.749763125f,0f,0.9956486284917854f,0.8808754962471576f,-2.770258056676882f,-1.628024023467506e-16f,0.8808754962471576f,-0.9956486284917854f,-0.9778731298606816f,0f,0f,0f,1f], start_interpolation: 0, interpolation_duration: 1 }
$data merge entity $(bone_chest) { transformation: [-2.632522916666667f,-2.136227905605216e-16f,2.4145664096948993e-16f,-4.578813040779084e-17f,0f,1.9716430985456495f,1.744362461970701f,-2.268990745359836f,-3.2239107635778877e-16f,1.744362461970701f,-1.9716430985456495f,-0.4099092860893181f,0f,0f,0f,1f], start_interpolation: 0, interpolation_duration: 1 }
$data merge entity $(bone_weist) { transformation: [-1.9493945833333333f,-8.85212095245645e-18f,2.385678100336495e-16f,1.7800075262658007e-16f,0f,1.948054003813587f,0.07228305302900084f,-5.740293937936387f,-2.387319836754355e-16f,0.07228305302900084f,-1.948054003813587f,-2.2372841927985947f,0f,0f,0f,1f], start_interpolation: 0, interpolation_duration: 1 }
$data merge entity $(bone_right_cheek) { transformation: [-0.9999431679433397f,0.010427566808339742f,-0.002219624719509518f,-0.8448034062272064f,0.010293472349853124f,0.9985062514915719f,0.05365920386319789f,-7.450139651727991f,0.002775844091561279f,0.053633306654606416f,-0.9985568401983294f,-2.7816943064423314f,0f,0f,0f,1f], start_interpolation: 0, interpolation_duration: 1 }
$data merge entity $(bone_right_foot) { transformation: [-1.1632077533175866f,-0.18038444812188514f,0.0002614845654742511f,-0.8370211666950098f,0.04851932090960525f,-0.311232367818469f,1.1341830467773453f,-9.240192407644686f,-0.17373684985312063f,1.120797376413076f,0.314991496560212f,-3.52284341631558f,0f,0f,0f,1f], start_interpolation: 0, interpolation_duration: 1 }
$data merge entity $(bone_right_knee) { transformation: [-2.8757742113738427f,-0.39702770016484656f,0.09602280475486119f,-1.390865255532932f,0.11774779172860943f,-0.15191832685918377f,2.8982727559774917f,-9.326945937179305f,-0.3911353106972234f,2.8733636240128297f,0.1665032776243988f,0.0398941274132909f,0f,0f,0f,1f], start_interpolation: 0, interpolation_duration: 1 }
$data merge entity $(bone_right_leg) { transformation: [-2.4512820421050896f,0.3213170963773877f,0.13410591548387824f,-0.8928749999999996f,0.10036707548885831f,1.565236089730217f,-1.9157179219558744f,-7.107366842289717f,-0.33339994473601575f,-1.8912440429306643f,-1.562707000646109f,-2.5721432561233404f,0f,0f,0f,1f], start_interpolation: 0, interpolation_duration: 1 }
$data merge entity $(bone_left_cheek) { transformation: [-0.9999431679433397f,-0.010427566808339742f,0.0022196247195097885f,0.8448027874381668f,-0.010293472349853124f,0.9985062514915719f,0.05365920386319789f,-7.450139677064139f,-0.0027758440915615287f,0.053633306654606416f,-0.9985568401983294f,-2.7816942222805627f,0f,0f,0f,1f], start_interpolation: 0, interpolation_duration: 1 }
$data merge entity $(bone_left_foot) { transformation: [-1.162091734559314f,0.1874369509786326f,-0.001041514916358822f,0.8370205479059704f,-0.04757656639030915f,-0.2886347470042586f,1.1401830326876727f,-9.240192432980836f,0.18130131184300852f,1.1256768040188905f,0.29252771166913893f,-3.5228433321538115f,0f,0f,0f,1f], start_interpolation: 0, interpolation_duration: 1 }
$data merge entity $(bone_left_knee) { transformation: [-2.8757742113738427f,0.39702770016484584f,-0.09602280475486118f,1.3908652555329317f,-0.11774779172860943f,-0.15191832685918377f,2.8982727559774917f,-9.326945937179305f,0.3911353106972227f,2.8733636240128297f,0.1665032776243988f,0.0398941274132909f,0f,0f,0f,1f], start_interpolation: 0, interpolation_duration: 1 }
$data merge entity $(bone_left_leg) { transformation: [-2.4512820421050896f,-0.32131709637738715f,-0.13410591548387785f,0.8928750000000002f,-0.10036707548885831f,1.565236089730217f,-1.9157179219558744f,-7.107366842289717f,0.33339994473601514f,-1.8912440429306643f,-1.562707000646109f,-2.5721432561233404f,0f,0f,0f,1f], start_interpolation: 0, interpolation_duration: 1 }
data modify entity @s data merge value {"locators":{"consume":{"posx":3.068182850719221,"posy":-8.955640407842283,"posz":-0.9780333173078317,"roty":39.42353749968163,"rotx":-3.3782714902496127}},"cameras":{}}