# This file was generated by Animated Java via MC-Build. It is not recommended to edit this file directly.
$data merge entity $(bone_neck) { transformation: [-1.2033625000000001f,-1.4139166975703842e-16f,4.1546802248090774e-17f,1.1102230246251565e-16f,0f,0.33925538593672294f,1.1545506006750745f,-2.40534454817987f,-1.473694033838957e-16f,1.1545506006750745f,-0.33925538593672294f,-0.6677427751630233f,0f,0f,0f,1f], start_interpolation: 0, interpolation_duration: 1 }
$data merge entity $(bone_right_thumb_2) { transformation: [-0.7245361689908775f,-0.04366748960653627f,-0.6878520845178024f,-2.7606331113391844f,0.30496312686671484f,0.8746732438918682f,-0.3767548376216993f,-8.645849402157973f,0.6180977520390274f,-0.48274202921554266f,-0.6204154270754083f,-1.140187153086368f,0f,0f,0f,1f], start_interpolation: 0, interpolation_duration: 1 }
$data merge entity $(bone_right_thumb) { transformation: [-0.7245361689908775f,-0.04366748960653627f,-0.6878520845178024f,-2.903143545871515f,0.30496312686671484f,0.8746732438918682f,-0.3767548376216993f,-8.295212879587043f,0.6180977520390274f,-0.48274202921554266f,-0.6204154270754083f,-1.1270736117750164f,0f,0f,0f,1f], start_interpolation: 0, interpolation_duration: 1 }
$data merge entity $(bone_right_fingers_2) { transformation: [0.4015861518809025f,-0.6335650486215665f,-0.6613046890674836f,-3.0349057483943294f,-0.8682590027370293f,-0.49306665195877497f,-0.05487787251947965f,-9.269485207388616f,-0.29129858699209055f,0.5962219434835629f,-0.7481072966661231f,-1.2301081903293989f,0f,0f,0f,1f], start_interpolation: 0, interpolation_duration: 1 }
$data merge entity $(bone_right_fingers) { transformation: [-0.5187762339551866f,-0.5418000805653619f,-0.6613046890674836f,-3.3035225038014526f,-0.6868919482228892f,0.7246846697525069f,-0.05487787251947965f,-8.982773395482639f,0.5089702059549631f,0.4257755302093673f,-0.7481072966661231f,-1.0249760036322442f,0f,0f,0f,1f], start_interpolation: 0, interpolation_duration: 1 }
$data merge entity $(bone_right_hand) { transformation: [-0.7387069361166839f,0.13033867710875616f,-0.6613046890674836f,-3.1697552167350755f,0.22093656166723588f,0.9737430127227594f,-0.05487787251947965f,-8.218332167204572f,0.636788110953527f,-0.1866450492864569f,-0.7481072966661231f,-1.18779518478143f,0f,0f,0f,1f], start_interpolation: 0, interpolation_duration: 1 }
$data merge entity $(bone_right_forearm) { transformation: [-1.7205740611476164f,0.2264762794380787f,-0.5613928718744039f,-2.7810986023755353f,0.31690740354558655f,1.7781801247162994f,-0.2539167250801527f,-5.627274858946924f,0.5157743298357338f,-0.3370645346952422f,-1.7167390313517914f,-1.7769080223469795f,0f,0f,0f,1f], start_interpolation: 0, interpolation_duration: 1 }
$data merge entity $(bone_right_bicep) { transformation: [-1.5299717520148366f,0.317627087531821f,-0.2615989816230388f,-2.2775054188906916f,0.25789581300419956f,1.5250364619360748f,0.3433483584989306f,-3.2527155879116334f,0.32064114451370884f,0.2889833540449349f,-1.524405600033464f,-1.307256414703428f,0f,0f,0f,1f], start_interpolation: 0, interpolation_duration: 1 }
$data merge entity $(bone_right_shoulder) { transformation: [-0.9992226143905764f,0.027962663322421578f,-0.16487945601929435f,-1.827643125f,-0.0013969175682107314f,0.9974270607150194f,0.17762400131047937f,-3.0376321812623526f,0.16722797068256598f,0.1754147276603492f,-0.9837059813826875f,-1.3226053042071788f,0f,0f,0f,1f], start_interpolation: 0, interpolation_duration: 1 }
$data merge entity $(bone_right_arm) { transformation: [-1.3293824999999997f,-1.1611888659719965e-16f,1.141097120551093e-16f,-1.74976375f,0f,0.9317765100480965f,0.9481826652227087f,-2.7466205897062377f,-1.628024023467506e-16f,0.9481826652227087f,-0.9317765100480965f,-1.036013610220755f,0f,0f,0f,1f], start_interpolation: 0, interpolation_duration: 1 }
$data merge entity $(bone_left_thumb_2) { transformation: [-0.7172175246840171f,0.05196418113221013f,0.6949091639670539f,2.751936025124755f,-0.3086720795470873f,0.8703577280474692f,-0.3836651828562558f,-8.63617483231753f,-0.6247564082057965f,-0.489670449493643f,-0.6081959234477703f,-1.1237819743657318f,0f,0f,0f,1f], start_interpolation: 0, interpolation_duration: 1 }
$data merge entity $(bone_left_thumb) { transformation: [-0.7172175246840171f,0.05196418113221013f,0.6949091639670539f,2.8950946036009864f,-0.3086720795470873f,0.8703577280474692f,-0.3836651828562558f,-8.285760040986913f,-0.6247564082057965f,-0.489670449493643f,-0.6081959234477703f,-1.1118548916402986f,0f,0f,0f,1f], start_interpolation: 0, interpolation_duration: 1 }
$data merge entity $(bone_left_fingers_2) { transformation: [0.3998462139851941f,0.6246483016426437f,0.6707738101749849f,3.025870029002208f,0.8698423870761944f,-0.4893101446182949f,-0.06284746629110093f,-9.26118298229791f,0.2889588669816072f,0.6085968136858619f,-0.7389943785741013f,-1.2047626135301943f,0f,0f,0f,1f], start_interpolation: 0, interpolation_duration: 1 }
$data merge entity $(bone_left_fingers) { transformation: [-0.510536911753485f,0.5379726362191176f,0.6707738101749849f,3.2924944049277434f,0.6836247538609365f,0.7271226800818159f,-0.06284746629110093f,-8.973311174426676f,-0.5215450677034421f,0.42647162952544687f,-0.7389943785741013f,-0.998658021668971f,0f,0f,0f,1f], start_interpolation: 0, interpolation_duration: 1 }
$data merge entity $(bone_left_hand) { transformation: [-0.7309470102944797f,-0.12561434521938414f,0.6707738101749849f,3.162648974109116f,-0.2247788491035264f,0.972380925860068f,-0.06284746629110093f,-8.210009512377798f,-0.6443531152537836f,-0.19671393264998374f,-0.7389943785741013f,-1.1697863394291046f,0f,0f,0f,1f], start_interpolation: 0, interpolation_duration: 1 }
$data merge entity $(bone_left_forearm) { transformation: [-1.7145186210977386f,-0.21789873777643454f,0.5829018782076892f,2.787760503633069f,-0.31748390332766985f,1.7756994533532204f,-0.2700444113889568f,-5.623283323249147f,-0.5352181150432429f,-0.3553029032670828f,-1.7070822996836f,-1.7862213571928685f,0f,0f,0f,1f], start_interpolation: 0, interpolation_duration: 1 }
$data merge entity $(bone_left_bicep) { transformation: [-1.5270410871867943f,-0.32155018318835454f,0.27365224943057864f,2.2778987725934314f,-0.2576052749561133f,1.5230737730279549f,0.3521652454639464f,-3.2518996102095508f,-0.33454386295621275f,0.2949344291354132f,-1.5202725552190997f,-1.3073782101958364f,0f,0f,0f,1f], start_interpolation: 0, interpolation_duration: 1 }
$data merge entity $(bone_left_shoulder) { transformation: [-0.9989216229347249f,-0.030236757923293167f,0.16629584592100943f,1.827643125f,0.00016789297927904842f,0.9965994837236904f,0.18221531088375015f,-3.0376321812623526f,-0.16902231128535505f,0.17968913762050948f,-0.9826272186214847f,-1.3226053042071784f,0f,0f,0f,1f], start_interpolation: 0, interpolation_duration: 1 }
$data merge entity $(bone_left_arm) { transformation: [-1.3293824999999997f,-1.1611888659719965e-16f,1.141097120551093e-16f,1.749763125f,0f,0.9317765100480965f,0.9481826652227087f,-2.7466205897062377f,-1.628024023467506e-16f,0.9481826652227087f,-0.9317765100480965f,-1.0360136102207547f,0f,0f,0f,1f], start_interpolation: 0, interpolation_duration: 1 }
$data merge entity $(bone_chest) { transformation: [-2.632522916666667f,-2.2994558001549296e-16f,2.2596689214677483e-16f,4.710162544574215e-17f,0f,1.8451597007733314f,1.8776481527211766f,-2.286193495321603f,-3.2239107635778877e-16f,1.8776481527211766f,-1.8451597007733314f,-0.4344666577863794f,0f,0f,0f,1f], start_interpolation: 0, interpolation_duration: 1 }
$data merge entity $(bone_weist) { transformation: [-1.9493945833333333f,-9.892981827206478e-18f,2.3852691449850053e-16f,2.9546361941548386e-16f,0f,1.9477200664270893f,0.0807823270684603f,-5.655195670063371f,-2.387319836754355e-16f,0.0807823270684603f,-1.9477200664270893f,-2.4624962426647374f,0f,0f,0f,1f], start_interpolation: 0, interpolation_duration: 1 }
$data merge entity $(bone_right_cheek) { transformation: [-0.9999566786846441f,-0.009197585323985152f,0.0014300972636711179f,-0.8430484562987313f,-0.009078004206292158f,0.9976088547804793f,0.06851395991483095f,-7.384432743901046f,-0.0020568406856364095f,0.06849800937099204f,-0.9976491327709384f,-3.0869464414240975f,0f,0f,0f,1f], start_interpolation: 0, interpolation_duration: 1 }
$data merge entity $(bone_right_foot) { transformation: [-1.1658888326259123f,-0.15865085834905543f,-0.03352655633760317f,-0.8162479975720145f,0.03148962129494745f,-0.4602601038328704f,1.0829404117711274f,-8.76959833836916f,-0.1590676855475408f,1.0717189169000547f,0.4601162129828563f,-3.6546878783346446f,0f,0f,0f,1f], start_interpolation: 0, interpolation_duration: 1 }
$data merge entity $(bone_right_knee) { transformation: [-2.878663972789043f,-0.387282917152732f,0.01530889878798225f,-1.3608245517360693f,0.0757427526319454f,-0.4495998215863506f,2.868632378745538f,-9.22772532900994f,-0.3801124251115274f,2.8433783833751742f,0.45567817784555065f,-0.11902326015832765f,0f,0f,0f,1f], start_interpolation: 0, interpolation_duration: 1 }
$data merge entity $(bone_right_leg) { transformation: [-2.453745246704057f,0.2998584996049807f,0.13867900861687518f,-0.8928749999999996f,0.06456238762138325f,1.4544736778741294f,-2.002586013487309f,-7.160863593409862f,-0.3240041439872889f,-1.98106131240934f,-1.449286070481984f,-2.8587989314518323f,0f,0f,0f,1f], start_interpolation: 0, interpolation_duration: 1 }
$data merge entity $(bone_left_cheek) { transformation: [-0.9999566786846441f,0.009197585323985132f,-0.0014300972636708924f,0.843047836887893f,0.009078004206292158f,0.9976088547804793f,0.06851395991483095f,-7.384432760198843f,0.0020568406856361597f,0.06849800937099204f,-0.9976491327709384f,-3.086946359634157f,0f,0f,0f,1f], start_interpolation: 0, interpolation_duration: 1 }
$data merge entity $(bone_left_foot) { transformation: [-1.1655402637650853f,0.1611945278400543f,0.03351287235376527f,0.8162473781611765f,-0.0314404468789291f,-0.453108033241653f,1.0859537298561561f,-8.769598354666957f,0.16161153027872438f,1.0743836974204635f,0.4529594671432155f,-3.6546877965447035f,0f,0f,0f,1f], start_interpolation: 0, interpolation_duration: 1 }
$data merge entity $(bone_left_knee) { transformation: [-2.878663972789043f,0.3872829171527313f,-0.01530889878798237f,1.3608245517360693f,-0.0757427526319454f,-0.4495998215863506f,2.868632378745538f,-9.22772532900994f,0.38011242511152665f,2.8433783833751742f,0.45567817784555065f,-0.11902326015832765f,0f,0f,0f,1f], start_interpolation: 0, interpolation_duration: 1 }
$data merge entity $(bone_left_leg) { transformation: [-2.453745246704057f,-0.2998584996049802f,-0.13867900861687485f,0.8928750000000002f,-0.06456238762138325f,1.4544736778741294f,-2.002586013487309f,-7.160863593409862f,0.3240041439872882f,-1.98106131240934f,-1.449286070481984f,-2.8587989314518323f,0f,0f,0f,1f], start_interpolation: 0, interpolation_duration: 1 }
data modify entity @s data merge value {"locators":{"consume":{"posx":3.041744343181563,"posy":-9.07924669847435,"posz":-1.0001068419489678,"roty":42.22954178738888,"rotx":-3.6032692661155705}},"cameras":{}}