# This file was generated by Animated Java via MC-Build. It is not recommended to edit this file directly.
$data merge entity $(bone_neck) { transformation: [-1.2033625000000001f,-2.9695719129805786e-17f,1.4434647664244894e-16f,1.1102230246251565e-16f,0f,1.178678429919129f,0.2424839484370604f,-2.335871195891011f,-1.473694033838957e-16f,0.2424839484370604f,-1.178678429919129f,-0.5878469688752017f,0f,0f,0f,1f], start_interpolation: 0, interpolation_duration: 1 }
$data merge entity $(bone_right_thumb_2) { transformation: [-0.9510971554811671f,0.20773324863963807f,-0.2286068639504395f,-2.5399716167924185f,0.2608962568721852f,0.9364564008313948f,-0.2344835868285728f,-8.419609443843074f,0.16537032377580685f,-0.28265934753963545f,-0.9448578460608518f,-1.2315957066020908f,0f,0f,0f,1f], start_interpolation: 0, interpolation_duration: 1 }
$data merge entity $(bone_right_thumb) { transformation: [-0.9510971554811671f,0.20773324863963807f,-0.2286068639504395f,-2.6742489582608533f,0.2608962568721852f,0.9364564008313948f,-0.2344835868285728f,-8.065656319707905f,0.16537032377580685f,-0.28265934753963545f,-0.9448578460608518f,-1.2422700384349055f,0f,0f,0f,1f], start_interpolation: 0, interpolation_duration: 1 }
$data merge entity $(bone_right_fingers_2) { transformation: [0.9259554106046551f,-0.34919394564378736f,-0.14377122764200032f,-2.6334401365605316f,-0.33746966969162995f,-0.9360156663831183f,0.09994445619237181f,-8.867899895372677f,-0.1694721204510829f,-0.0440256812677606f,-0.9845511361928964f,-1.550764738337025f,0f,0f,0f,1f], start_interpolation: 0, interpolation_duration: 1 }
$data merge entity $(bone_right_fingers) { transformation: [-0.4148957850922651f,-0.898438268115837f,-0.14377122764200032f,-3.0499776368192357f,-0.9093158209901379f,0.4039255418681051f,0.09994445619237181f,-8.731637776234832f,-0.031721053098915986f,0.17219998551559912f,-0.9845511361928964f,-1.4846815774160378f,0f,0f,0f,1f], start_interpolation: 0, interpolation_duration: 1 }
$data merge entity $(bone_right_hand) { transformation: [-0.9713057618531024f,0.1894596291912246f,-0.14377122764200032f,-2.8660127524969834f,0.1762183295702608f,0.9792641145267593f,0.09994445619237181f,-7.9626524361741104f,0.15972544354119395f,0.0717415005895867f,-0.9845511361928964f,-1.424743005206941f,0f,0f,0f,1f], start_interpolation: 0, interpolation_duration: 1 }
$data merge entity $(bone_right_forearm) { transformation: [-1.8123127393417207f,0.14523406244428824f,-0.14580179545925853f,-2.5757964876075046f,0.13226822332119134f,1.812029361606358f,0.16088278779725548f,-5.296532664456006f,0.15765853466485827f,0.14928235467023507f,-1.8109906478678863f,-1.2859418654684007f,0f,0f,0f,1f], start_interpolation: 0, interpolation_duration: 1 }
$data merge entity $(bone_right_bicep) { transformation: [-1.5729160791719508f,0.18729737253948586f,-0.03145247217070263f,-2.2784179168970398f,0.17618508832849455f,1.5369818042668182f,0.34173133290189145f,-2.903068001357651f,0.07091105990270023f,0.33576953923193775f,-1.5467271879652709f,-0.7422476951337358f,0f,0f,0f,1f], start_interpolation: 0, interpolation_duration: 1 }
$data merge entity $(bone_right_shoulder) { transformation: [-1.0127723779456073f,0.018373110632603818f,-0.01917075749474275f,-1.827643125f,0.013958572826817834f,0.9906001024071843f,0.2119659737371877f,-2.6969432940395133f,0.022588656044097828f,0.21162902585278281f,-0.9905129412085253f,-0.6857920867972249f,0f,0f,0f,1f], start_interpolation: 0, interpolation_duration: 1 }
$data merge entity $(bone_right_arm) { transformation: [-1.3293824999999997f,-3.800546605245269e-17f,1.5830415901046037e-16f,-1.74976375f,0f,1.292651555703064f,0.31033818141617303f,-2.581307052265173f,-1.628024023467506e-16f,0.31033818141617303f,-1.292651555703064f,-0.5893854954686883f,0f,0f,0f,1f], start_interpolation: 0, interpolation_duration: 1 }
$data merge entity $(bone_left_thumb_2) { transformation: [-0.9160212532859605f,-0.12538032003383132f,0.3810312833306899f,2.5357523628842022f,-0.28156709320040874f,0.8775315781782727f,-0.3881472675758805f,-8.287008176817436f,-0.2857009547675518f,-0.46283701737022276f,-0.8391405482973311f,-0.912236089213784f,0f,0f,0f,1f], start_interpolation: 0, interpolation_duration: 1 }
$data merge entity $(bone_left_thumb) { transformation: [-0.9160212532859605f,-0.12538032003383132f,0.3810312833306899f,2.681186730023005f,-0.28156709320040874f,0.8775315781782727f,-0.3881472675758805f,-7.9401215494508675f,-0.2857009547675518f,-0.46283701737022276f,-0.8391405482973311f,-0.9563458668842416f,0f,0f,0f,1f], start_interpolation: 0, interpolation_duration: 1 }
$data merge entity $(bone_left_fingers_2) { transformation: [0.8930300675321686f,0.3211936563177893f,0.3151696902062448f,2.66856070228434f,0.35784620132397493f,-0.9315429171952108f,-0.06460564697793533f,-8.782180925222244f,0.2728431686546168f,0.1704770616964236f,-0.9468337640546317f,-1.132997177637175f,0f,0f,0f,1f], start_interpolation: 0, interpolation_duration: 1 }
$data merge entity $(bone_left_fingers) { transformation: [-0.3845996234750235f,0.8676123535301753f,0.3151696902062448f,3.071543308254668f,0.9033889205153011f,0.42392755120275094f,-0.06460564697793533f,-8.638216598544785f,-0.18966177240832902f,0.25987349871248716f,-0.9468337640546317f,-1.0175973062304673f,0f,0f,0f,1f], start_interpolation: 0, interpolation_duration: 1 }
$data merge entity $(bone_left_hand) { transformation: [-0.9341622839675269f,-0.1673585778735995f,0.3151696902062448f,2.904859884690587f,-0.19705586334588984f,0.9782612621889759f,-0.06460564697793533f,-7.869309861608787f,-0.29750598974403847f,-0.12245819414215592f,-0.9468337640546317f,-1.1164569569169949f,0f,0f,0f,1f], start_interpolation: 0, interpolation_duration: 1 }
$data merge entity $(bone_left_forearm) { transformation: [-1.7609717732518027f,-0.11040794951228902f,0.46218725656210113f,2.681074426059605f,-0.150654015663748f,1.8122429925952865f,-0.1410931075112262f,-5.215989478207026f,-0.45067764866731164f,-0.17439604957475105f,-1.7587791892440423f,-1.4650209904536902f,0f,0f,0f,1f], start_interpolation: 0, interpolation_duration: 1 }
$data merge entity $(bone_left_bicep) { transformation: [-1.5506563757499874f,-0.24830479765772653f,0.2096284515269259f,2.2862644567361388f,-0.17542113410199267f,1.4999507488433461f,0.4790717405965025f,-2.8820795702776696f,-0.2735448517881335f,0.4456759297830066f,-1.4955536551912028f,-0.7510881585526732f,0f,0f,0f,1f], start_interpolation: 0, interpolation_duration: 1 }
$data merge entity $(bone_left_shoulder) { transformation: [-1.011267449144358f,-0.05699122508656315f,0.02243045320622081f,1.827643125f,-0.04837837536805139f,0.9708344830047988f,0.2855747153940511f,-2.6969432940395133f,-0.03755872421491024f,0.2839813119534067f,-0.9717802917138268f,-0.6857920867972244f,0f,0f,0f,1f], start_interpolation: 0, interpolation_duration: 1 }
$data merge entity $(bone_left_arm) { transformation: [-1.3293824999999997f,-3.800546605245269e-17f,1.5830415901046037e-16f,1.749763125f,0f,1.292651555703064f,0.31033818141617303f,-2.581307052265173f,-1.628024023467506e-16f,0.31033818141617303f,-1.292651555703064f,-0.5893854954686879f,0f,0f,0f,1f], start_interpolation: 0, interpolation_duration: 1 }
$data merge entity $(bone_chest) { transformation: [-2.632522916666667f,-7.526070212424097e-17f,3.134833852549443e-16f,-7.512434643158002e-18f,0f,2.559786098924226f,0.6145502701402593f,-1.8720714130176974f,-3.2239107635778877e-16f,0.6145502701402593f,-2.559786098924226f,-0.3232339347973539f,0f,0f,0f,1f], start_interpolation: 0, interpolation_duration: 1 }
$data merge entity $(bone_weist) { transformation: [-1.9493945833333333f,-1.5624860239785742e-18f,2.38726870433626e-16f,3.311160748110413e-17f,0f,1.9493528305454026f,0.012758666621808296f,-5.7878647458204675f,-2.387319836754355e-16f,0.012758666621808296f,-1.9493528305454026f,-0.654954412510162f,0f,0f,0f,1f], start_interpolation: 0, interpolation_duration: 1 }
$data merge entity $(bone_right_cheek) { transformation: [-0.9990674874643609f,0.04056709681733654f,-0.014780600375556535f,-0.8265787934133779f,0.040459758028761714f,0.999153092901615f,0.007490322115274228f,-7.494010792246712f,0.015071943202623422f,0.006885317781290867f,-0.9998627050386204f,-1.426952130580657f,0f,0f,0f,1f], start_interpolation: 0, interpolation_duration: 1 }
$data merge entity $(bone_right_foot) { transformation: [-1.1371646984889519f,-0.11245560431963235f,0.2824908501955425f,-1.3749557661088518f,0.03540023764618649f,1.037234545790013f,0.5554117527302976f,-13.826723701637695f,-0.3019837190341355f,0.545058830726972f,-0.9986528923311745f,-1.829134781773301f,0f,0f,0f,1f], start_interpolation: 0, interpolation_duration: 1 }
$data merge entity $(bone_right_knee) { transformation: [-2.8188029231805225f,-0.06726168533003825f,0.6976780306771372f,-1.497708551995291f,0.27701369907733137f,2.5489434803226625f,1.3649466045153966f,-10.610625754618116f,-0.6438495005251298f,1.3911476155826095f,-2.467203846638211f,-0.2015555966470537f,0f,0f,0f,1f], start_interpolation: 0, interpolation_duration: 1 }
$data merge entity $(bone_right_leg) { transformation: [-2.402720268683676f,0.4021365486311133f,0.4418531765765186f,-0.8928749999999999f,0.2361237899970487f,2.3211649449018297f,-0.8285237336946826f,-7.35487588996568f,-0.5488110687596721f,-0.7619003988402971f,-2.290922721523562f,-1.2172002880947725f,0f,0f,0f,1f], start_interpolation: 0, interpolation_duration: 1 }
$data merge entity $(bone_left_cheek) { transformation: [-0.9990674874643609f,-0.040567096817336556f,0.01478060037555673f,0.8265781868830228f,-0.040459758028761714f,0.999153092901615f,0.007490322115274228f,-7.494010851852588f,-0.015071943202623644f,0.006885317781290867f,-0.9998627050386204f,-1.4269519920416114f,0f,0f,0f,1f], start_interpolation: 0, interpolation_duration: 1 }
$data merge entity $(bone_left_foot) { transformation: [-1.1332629942385233f,0.13013211340750178f,-0.29046775006219955f,1.351306243422474f,0.00457728134089253f,1.080784235369087f,0.4663425564429505f,-13.781719959936234f,0.3182529328405721f,0.4478414501967379f,-1.041030259454844f,-1.9133079857215267f,0f,0f,0f,1f], start_interpolation: 0, interpolation_duration: 1 }
$data merge entity $(bone_left_knee) { transformation: [-2.8188029231805225f,0.08626053440253255f,-0.6955845663954556f,1.497708551995291f,-0.27701369907733137f,2.510777190252124f,1.4339421187646197f,-10.610625754618116f,0.6438495005251291f,1.4579045612276074f,-2.4283535161831984f,-0.2015555966470537f,0f,0f,0f,1f], start_interpolation: 0, interpolation_duration: 1 }
$data merge entity $(bone_left_leg) { transformation: [-2.402720268683676f,-0.4021365486311132f,-0.44185317657651807f,0.8928750000000003f,-0.2361237899970487f,2.3211649449018297f,-0.8285237336946826f,-7.35487588996568f,0.5488110687596716f,-0.7619003988402971f,-2.290922721523562f,-1.2172002880947725f,0f,0f,0f,1f], start_interpolation: 0, interpolation_duration: 1 }
data modify entity @s data merge value {"locators":{"consume":{"posx":2.83855468373163,"posy":-8.73852159856086,"posz":-0.9188287099267352,"roty":18.41089709541575,"rotx":-3.704210786290925}},"cameras":{}}