# This file was generated by Animated Java via MC-Build. It is not recommended to edit this file directly.
$data merge entity $(bone_right_thumb_2) { transformation: [-0.9762960071199334f,0.21643961393810288f,1.2204966561381007e-16f,-1.84718375f,0.21570613278146583f,0.9729874874294147f,0.0822569971872264f,-7.526242379146399f,0.01780367271491078f,0.08030717791156475f,-0.9966111510582956f,-0.793575977908761f,0f,0f,0f,1f], start_interpolation: 0, interpolation_duration: 1 }
$data merge entity $(bone_right_thumb) { transformation: [-1f,-1.0073576831280968e-17f,1.2204966561381007e-16f,-1.99476f,0f,0.9966111510582956f,0.0822569971872264f,-7.240584970682498f,-1.2246467991473532e-16f,0.0822569971872264f,-0.9966111510582956f,-0.7699987576262328f,0f,0f,0f,1f], start_interpolation: 0, interpolation_duration: 1 }
$data merge entity $(bone_right_fingers2) { transformation: [-0.7933533402912352f,-0.6087614290087205f,1.2204966561381007e-16f,-2.1143993338474933f,-0.6066984284842739f,0.7906647856635916f,0.0822569971872264f,-8.332863662234383f,-0.05007488715366235f,0.06525886348081274f,-0.9966111510582956f,-1.029592296173262f,0f,0f,0f,1f], start_interpolation: 0, interpolation_duration: 1 }
$data merge entity $(bone_right_fingers) { transformation: [-0.9659258262890683f,-0.25881904510252074f,1.2204966561381007e-16f,-2.19156125f,-0.2579419464554321f,0.9626524495748836f,0.0822569971872264f,-7.865806336288682f,-0.02128967746499879f,0.0794541579761292f,-0.9966111510582956f,-0.9991955530559286f,0f,0f,0f,1f], start_interpolation: 0, interpolation_duration: 1 }
$data merge entity $(bone_right_hand) { transformation: [-1f,-1.0073576831280968e-17f,1.2204966561381007e-16f,-2.25406125f,0f,0.9966111510582956f,0.0822569971872264f,-7.160719071962314f,-1.2246467991473532e-16f,0.0822569971872264f,-0.9966111510582956f,-0.9703494368069627f,0f,0f,0f,1f], start_interpolation: 0, interpolation_duration: 1 }
$data merge entity $(bone_right_forearm) { transformation: [-1.5053291666666664f,-1.5164049016784818e-17f,1.83724921430382e-16f,-2.2109925f,0f,1.5002278335132913f,0.12382385702834983f,-4.997622156430619f,-1.8434965456214856e-16f,0.12382385702834983f,-1.5002278335132913f,-0.7863560541302093f,0f,0f,0f,1f], start_interpolation: 0, interpolation_duration: 1 }
$data merge entity $(bone_right_bicep) { transformation: [-1.5788933333333333f,-1.5905103301730644e-17f,1.927034033732073e-16f,-2.107345625f,0f,1.5735427023316024f,0.1298750244789305f,-2.7030242777547944f,-1.9335866668617615e-16f,0.1298750244789305f,-1.5735427023316024f,-0.6568604819454025f,0f,0f,0f,1f], start_interpolation: 0, interpolation_duration: 1 }
$data merge entity $(bone_right_shoulder) { transformation: [-1f,-1.0073576831280968e-17f,1.2204966561381007e-16f,-1.795433125f,0f,0.9966111510582956f,0.0822569971872264f,-2.4673411071274223f,-1.2246467991473532e-16f,0.0822569971872264f,-0.9966111510582956f,-0.5746954471508213f,0f,0f,0f,1f], start_interpolation: 0, interpolation_duration: 1 }
$data merge entity $(bone_left_thumb_2) { transformation: [-0.9762960071199334f,-0.21643961393810288f,1.2204966561381007e-16f,1.86831875f,-0.21570613278146583f,0.9729874874294147f,0.0822569971872264f,-7.420527668821758f,-0.017803672714911015f,0.08030717791156469f,-0.9966111510582956f,-0.7776501791144417f,0f,0f,0f,1f], start_interpolation: 0, interpolation_duration: 1 }
$data merge entity $(bone_left_thumb) { transformation: [-1f,-1.0073576831280968e-17f,1.2204966561381007e-16f,2.015895f,0f,0.9966111510582956f,0.0822569971872264f,-7.134870260357857f,-1.2246467991473532e-16f,0.0822569971872264f,-0.9966111510582956f,-0.7540729588319135f,0f,0f,0f,1f], start_interpolation: 0, interpolation_duration: 1 }
$data merge entity $(bone_left_fingers2) { transformation: [-0.7933533402912352f,0.6087614290087205f,1.2204966561381007e-16f,2.1355343338474935f,0.6066984284842739f,0.7906647856635916f,0.0822569971872264f,-8.227148951909742f,0.05007488715366215f,0.06525886348081288f,-0.9966111510582956f,-1.0136664973789427f,0f,0f,0f,1f], start_interpolation: 0, interpolation_duration: 1 }
$data merge entity $(bone_left_fingers) { transformation: [-0.9659258262890683f,0.25881904510252074f,1.2204966561381007e-16f,2.21269625f,0.2579419464554321f,0.9626524495748836f,0.0822569971872264f,-7.760091625964042f,0.021289677464998553f,0.07945415797612926f,-0.9966111510582956f,-0.9832697542616092f,0f,0f,0f,1f], start_interpolation: 0, interpolation_duration: 1 }
$data merge entity $(bone_left_hand) { transformation: [-1f,-1.0073576831280968e-17f,1.2204966561381007e-16f,2.27519625f,0f,0.9966111510582956f,0.0822569971872264f,-7.055004361637673f,-1.2246467991473532e-16f,0.0822569971872264f,-0.9966111510582956f,-0.9544236380126434f,0f,0f,0f,1f], start_interpolation: 0, interpolation_duration: 1 }
$data merge entity $(bone_left_forearm) { transformation: [-1.505329166666667f,-1.5164049016784824e-17f,1.837249214303821e-16f,2.2321275f,0f,1.500227833513292f,0.12382385702834989f,-4.891907446105979f,-1.8434965456214864e-16f,0.12382385702834989f,-1.500227833513292f,-0.77043025533589f,0f,0f,0f,1f], start_interpolation: 0, interpolation_duration: 1 }
$data merge entity $(bone_left_bicep) { transformation: [-1.5788933333333333f,-1.5905103301730644e-17f,1.927034033732073e-16f,2.044845625f,0f,1.5735427023316024f,0.1298750244789305f,-2.5251098387440076f,-1.9335866668617615e-16f,0.1298750244789305f,-1.5735427023316024f,-0.5539898573908641f,0f,0f,0f,1f], start_interpolation: 0, interpolation_duration: 1 }
$data merge entity $(bone_left_shoulder) { transformation: [-1f,-1.0073576831280968e-17f,1.2204966561381007e-16f,1.795433125f,0f,0.9966111510582956f,0.0822569971872264f,-2.284285605792434f,-1.2246467991473532e-16f,0.0822569971872264f,-0.9966111510582956f,-0.5341130195374266f,0f,0f,0f,1f], start_interpolation: 0, interpolation_duration: 1 }
data modify entity @s data merge value {"locators":{"consume":{"posx":-2,"posy":-7.896654301489185,"posz":-1.0079677416647412,"rotx":0,"roty":4.71830985915493}},"cameras":{}}