# This file was generated by Animated Java via MC-Build. It is not recommended to edit this file directly.
$data merge entity $(bone_right_thumb_2) { transformation: [-0.9762960071199334f,0.21643961393810288f,1.220859802731824e-16f,-1.84718375f,0.2157703139875108f,0.973276990141297f,0.07858162675351457f,-7.527015067735827f,0.01700817695715867f,0.07671892843244524f,-0.9969076827554151f,-0.7749207680303862f,0f,0f,0f,1f], start_interpolation: 0, interpolation_duration: 1 }
$data merge entity $(bone_right_thumb) { transformation: [-1f,-9.623473767548368e-18f,1.220859802731824e-16f,-1.99476f,0f,0.9969076827554151f,0.07858162675351457f,-7.241272664762246f,-1.2246467991473532e-16f,0.07858162675351457f,-0.9969076827554151f,-0.7523970145810598f,0f,0f,0f,1f], start_interpolation: 0, interpolation_duration: 1 }
$data merge entity $(bone_right_fingers2) { transformation: [-0.7933533402912352f,-0.6087614290087205f,1.220859802731824e-16f,-2.1143993338474933f,-0.6068789455439587f,0.7909000400760037f,0.07858162675351457f,-8.33450113191416f,-0.047837463396299545f,0.06234299607041982f,-0.9969076827554151f,-1.0079612215474092f,0f,0f,0f,1f], start_interpolation: 0, interpolation_duration: 1 }
$data merge entity $(bone_right_fingers) { transformation: [-0.9659258262890683f,-0.25881904510252074f,1.220859802731824e-16f,-2.19156125f,-0.2580186945061232f,0.9629388771994447f,0.07858162675351457f,-7.8673348989666625f,-0.020338421598947456f,0.0759040227530277f,-0.9969076827554151f,-0.9792868688026134f,0f,0f,0f,1f], start_interpolation: 0, interpolation_duration: 1 }
$data merge entity $(bone_right_hand) { transformation: [-1f,-9.623473767548368e-18f,1.220859802731824e-16f,-2.25406125f,0f,0.9969076827554151f,0.07858162675351457f,-7.1621460634364595f,-1.2246467991473532e-16f,0.07858162675351457f,-0.9969076827554151f,-0.953040821834592f,0f,0f,0f,1f], start_interpolation: 0, interpolation_duration: 1 }
$data merge entity $(bone_right_forearm) { transformation: [-1.5053291666666664f,-1.4486495746942108e-17f,1.8377958694631273e-16f,-2.2109925f,0f,1.5006742113258065f,0.11829121471617911f,-4.998385412857665f,-1.8434965456214856e-16f,0.11829121471617911f,-1.5006742113258065f,-0.7770246922941644f,0f,0f,0f,1f], start_interpolation: 0, interpolation_duration: 1 }
$data merge entity $(bone_right_bicep) { transformation: [-1.5788933333333333f,-1.5194438575090332e-17f,1.9276074034679251e-16f,-2.107345625f,0f,1.5740108942513065f,0.12407200660361246f,-2.7033256432528545f,-1.9335866668617615e-16f,0.12407200660361246f,-1.5740108942513065f,-0.6559908871793376f,0f,0f,0f,1f], start_interpolation: 0, interpolation_duration: 1 }
$data merge entity $(bone_right_shoulder) { transformation: [-1f,-9.623473767548368e-18f,1.220859802731824e-16f,-1.795433125f,0f,0.9969076827554151f,0.07858162675351457f,-2.4673411071274223f,-1.2246467991473532e-16f,0.07858162675351457f,-0.9969076827554151f,-0.5746954471508213f,0f,0f,0f,1f], start_interpolation: 0, interpolation_duration: 1 }
$data merge entity $(bone_left_thumb_2) { transformation: [-0.9762960071199334f,-0.21643961393810288f,1.220859802731824e-16f,1.86831875f,-0.2157703139875108f,0.973276990141297f,0.07858162675351457f,-7.421390748196895f,-0.017008176957158908f,0.07671892843244518f,-0.9969076827554151f,-0.758709622379458f,0f,0f,0f,1f], start_interpolation: 0, interpolation_duration: 1 }
$data merge entity $(bone_left_thumb) { transformation: [-1f,-9.623473767548368e-18f,1.220859802731824e-16f,2.015895f,0f,0.9969076827554151f,0.07858162675351457f,-7.135648345223315f,-1.2246467991473532e-16f,0.07858162675351457f,-0.9969076827554151f,-0.7361858689301316f,0f,0f,0f,1f], start_interpolation: 0, interpolation_duration: 1 }
$data merge entity $(bone_left_fingers2) { transformation: [-0.7933533402912352f,0.6087614290087205f,1.220859802731824e-16f,2.1355343338474935f,0.6068789455439587f,0.7909000400760037f,0.07858162675351457f,-8.22887681237523f,0.047837463396299344f,0.062342996070419945f,-0.9969076827554151f,-0.9917500758964809f,0f,0f,0f,1f], start_interpolation: 0, interpolation_duration: 1 }
$data merge entity $(bone_left_fingers) { transformation: [-0.9659258262890683f,0.25881904510252074f,1.220859802731824e-16f,2.21269625f,0.2580186945061232f,0.9629388771994447f,0.07858162675351457f,-7.7617105794277315f,0.02033842159894722f,0.07590402275302775f,-0.9969076827554151f,-0.9630757231516851f,0f,0f,0f,1f], start_interpolation: 0, interpolation_duration: 1 }
$data merge entity $(bone_left_hand) { transformation: [-1f,-9.623473767548368e-18f,1.220859802731824e-16f,2.27519625f,0f,0.9969076827554151f,0.07858162675351457f,-7.0565217438975285f,-1.2246467991473532e-16f,0.07858162675351457f,-0.9969076827554151f,-0.9368296761836638f,0f,0f,0f,1f], start_interpolation: 0, interpolation_duration: 1 }
$data merge entity $(bone_left_forearm) { transformation: [-1.505329166666667f,-1.4486495746942114e-17f,1.837795869463128e-16f,2.2321275f,0f,1.5006742113258071f,0.11829121471617916f,-4.892761093318734f,-1.8434965456214864e-16f,0.11829121471617916f,-1.5006742113258071f,-0.7608135466432361f,0f,0f,0f,1f], start_interpolation: 0, interpolation_duration: 1 }
$data merge entity $(bone_left_bicep) { transformation: [-1.5788933333333333f,-1.5194438575090332e-17f,1.9276074034679251e-16f,2.044845625f,0f,1.5740108942513065f,0.12407200660361246f,-2.5251814935899612f,-1.9335866668617615e-16f,0.12407200660361246f,-1.5740108942513065f,-0.5531017293937295f,0f,0f,0f,1f], start_interpolation: 0, interpolation_duration: 1 }
$data merge entity $(bone_left_shoulder) { transformation: [-1f,-9.623473767548368e-18f,1.220859802731824e-16f,1.795433125f,0f,0.9969076827554151f,0.07858162675351457f,-2.284285605792434f,-1.2246467991473532e-16f,0.07858162675351457f,-0.9969076827554151f,-0.5341130195374266f,0f,0f,0f,1f], start_interpolation: 0, interpolation_duration: 1 }
data modify entity @s data merge value {"locators":{"consume":{"posx":-2,"posy":-7.898215000210556,"posz":-0.9879452518599101,"rotx":0,"roty":4.507042253521129}},"cameras":{}}