# This file was generated by Animated Java via MC-Build. It is not recommended to edit this file directly.
$data merge entity $(bone_right_thumb_2) { transformation: [-0.9762960071199334f,0.21643961393810288f,1.224276803151518e-16f,-1.84718375f,0.21637422219368074f,0.9760010440222993f,-0.024579626471161353f,-7.520707752329868f,-0.005320004864161057f,-0.02399699118029422f,-0.9996978753416146f,-0.2523969582690679f,0f,0f,0f,1f], start_interpolation: 0, interpolation_duration: 1 }
$data merge entity $(bone_right_thumb) { transformation: [-1f,3.010136088214525e-18f,1.224276803151518e-16f,-1.99476f,0f,0.9996978753416146f,-0.024579626471161353f,-7.234165599943045f,-1.2246467991473532e-16f,-0.024579626471161353f,-0.9996978753416146f,-0.2594421858799638f,0f,0f,0f,1f], start_interpolation: 0, interpolation_duration: 1 }
$data merge entity $(bone_right_fingers2) { transformation: [-0.7933533402912352f,-0.6087614290087205f,1.224276803151518e-16f,-2.1143993338474933f,-0.6085775071699431f,0.7931136486843208f,-0.024579626471161353f,-8.347911440949815f,0.014963128535084665f,-0.0195003287640068f,-0.9996978753416146f,-0.40097573990086666f,0f,0f,0f,1f], start_interpolation: 0, interpolation_duration: 1 }
$data merge entity $(bone_right_fingers) { transformation: [-0.9659258262890683f,-0.25881904510252074f,1.224276803151518e-16f,-2.19156125f,-0.2587408494869355f,0.9656339962787751f,-0.024579626471161353f,-7.880277653132808f,0.006361675452242505f,-0.02374209600903322f,-0.9996978753416146f,-0.4206009329854595f,0f,0f,0f,1f], start_interpolation: 0, interpolation_duration: 1 }
$data merge entity $(bone_right_hand) { transformation: [-1f,3.010136088214525e-18f,1.224276803151518e-16f,-2.25406125f,0f,0.9996978753416146f,-0.024579626471161353f,-7.176139001428805f,-1.2246467991473532e-16f,-0.024579626471161353f,-0.9996978753416146f,-0.46717246843748994f,0f,0f,0f,1f], start_interpolation: 0, interpolation_duration: 1 }
$data merge entity $(bone_right_forearm) { transformation: [-1.5053291666666664f,4.531245649225229e-18f,1.842939579857405e-16f,-2.2109925f,0f,1.5048743696064295f,-0.03700042863281126f,-5.005759921059346f,-1.8434965456214856e-16f,-0.03700042863281126f,-1.5048743696064295f,-0.5150940538264088f,0f,0f,0f,1f], start_interpolation: 0, interpolation_duration: 1 }
$data merge entity $(bone_right_bicep) { transformation: [-1.5788933333333333f,4.752683802107991e-18f,1.9330024826505773e-16f,-2.107345625f,0f,1.578416310724373f,-0.03880860837114018f,-2.710447452435278f,-1.9335866668617615e-16f,-0.03880860837114018f,-1.578416310724373f,-0.6312370666078482f,0f,0f,0f,1f], start_interpolation: 0, interpolation_duration: 1 }
$data merge entity $(bone_right_shoulder) { transformation: [-1f,3.010136088214525e-18f,1.224276803151518e-16f,-1.795433125f,0f,0.9996978753416146f,-0.024579626471161353f,-2.4673411071274223f,-1.2246467991473532e-16f,-0.024579626471161353f,-0.9996978753416146f,-0.5746954471508213f,0f,0f,0f,1f], start_interpolation: 0, interpolation_duration: 1 }
$data merge entity $(bone_left_thumb_2) { transformation: [-0.9762960071199334f,-0.21643961393810288f,1.224276803151518e-16f,1.86831875f,-0.21637422219368074f,0.9760010440222993f,-0.024579626471161353f,-7.417182851579868f,0.005320004864160817f,-0.023996991180294275f,-0.9996978753416146f,-0.22807586114918726f,0f,0f,0f,1f], start_interpolation: 0, interpolation_duration: 1 }
$data merge entity $(bone_left_thumb) { transformation: [-1f,3.010136088214525e-18f,1.224276803151518e-16f,2.015895f,0f,0.9996978753416146f,-0.024579626471161353f,-7.130640699193046f,-1.2246467991473532e-16f,-0.024579626471161353f,-0.9996978753416146f,-0.23512108876008314f,0f,0f,0f,1f], start_interpolation: 0, interpolation_duration: 1 }
$data merge entity $(bone_left_fingers2) { transformation: [-0.7933533402912352f,0.6087614290087205f,1.224276803151518e-16f,2.1355343338474935f,0.6085775071699431f,0.7931136486843208f,-0.024579626471161353f,-8.244386540199816f,-0.014963128535084858f,-0.01950032876400665f,-0.9996978753416146f,-0.3766546427809859f,0f,0f,0f,1f], start_interpolation: 0, interpolation_duration: 1 }
$data merge entity $(bone_left_fingers) { transformation: [-0.9659258262890683f,0.25881904510252074f,1.224276803151518e-16f,2.21269625f,0.2587408494869355f,0.9656339962787751f,-0.024579626471161353f,-7.776752752382809f,-0.006361675452242741f,-0.023742096009033157f,-0.9996978753416146f,-0.3962798358655787f,0f,0f,0f,1f], start_interpolation: 0, interpolation_duration: 1 }
$data merge entity $(bone_left_hand) { transformation: [-1f,3.010136088214525e-18f,1.224276803151518e-16f,2.27519625f,0f,0.9996978753416146f,-0.024579626471161353f,-7.0726141006788055f,-1.2246467991473532e-16f,-0.024579626471161353f,-0.9996978753416146f,-0.4428513713176092f,0f,0f,0f,1f], start_interpolation: 0, interpolation_duration: 1 }
$data merge entity $(bone_left_forearm) { transformation: [-1.505329166666667f,4.531245649225232e-18f,1.8429395798574057e-16f,2.2321275f,0f,1.5048743696064302f,-0.03700042863281127f,-4.902235020309346f,-1.8434965456214864e-16f,-0.03700042863281127f,-1.5048743696064302f,-0.4907729567065281f,0f,0f,0f,1f], start_interpolation: 0, interpolation_duration: 1 }
$data merge entity $(bone_left_bicep) { transformation: [-1.5788933333333333f,4.752683802107991e-18f,1.9330024826505773e-16f,2.044845625f,0f,1.578416310724373f,-0.03880860837114018f,-2.5258557244458424f,-1.9335866668617615e-16f,-0.03880860837114018f,-1.578416310724373f,-0.5281735217856024f,0f,0f,0f,1f], start_interpolation: 0, interpolation_duration: 1 }
$data merge entity $(bone_left_shoulder) { transformation: [-1f,3.010136088214525e-18f,1.224276803151518e-16f,1.795433125f,0f,0.9996978753416146f,-0.024579626471161353f,-2.284285605792434f,-1.2246467991473532e-16f,-0.024579626471161353f,-0.9996978753416146f,-0.5341130195374266f,0f,0f,0f,1f], start_interpolation: 0, interpolation_duration: 1 }
data modify entity @s data merge value {"locators":{"consume":{"posx":-2,"posy":-7.911885663362685,"posz":-0.42603066035503906,"rotx":0,"roty":-1.4084507042253527}},"cameras":{}}