# This file was generated by Animated Java via MC-Build. It is not recommended to edit this file directly.
$data merge entity $(bone_right_thumb_2) { transformation: [-0.9762960071199334f,0.21643961393810288f,1.222334935469425e-16f,-1.84718375f,0.2160310235737001f,0.9744529750887074f,-0.06141657914982321f,-7.505391319812147f,-0.013292980680586793f,-0.059960760994937724f,-0.9981122200461898f,-0.06632469538840577f,0f,0f,0f,1f], start_interpolation: 0, interpolation_duration: 1 }
$data merge entity $(bone_right_thumb) { transformation: [-1f,7.521361707041105e-18f,1.222334935469425e-16f,-1.99476f,0f,0.9981122200461898f,-0.06141657914982321f,-7.219303661820582f,-1.2246467991473532e-16f,-0.06141657914982321f,-0.9981122200461898f,-0.08392845269939567f,0f,0f,0f,1f], start_interpolation: 0, interpolation_duration: 1 }
$data merge entity $(bone_right_fingers2) { transformation: [-0.7933533402912352f,-0.6087614290087205f,1.222334935469425e-16f,-2.1143993338474933f,-0.607612221386385f,0.7918556637591451f,-0.06141657914982321f,-8.337510053698422f,0.03738804448807347f,-0.04872504821777335f,-0.9981122200461898f,-0.18430778541887685f,0f,0f,0f,1f], start_interpolation: 0, interpolation_duration: 1 }
$data merge entity $(bone_right_fingers) { transformation: [-0.9659258262890683f,-0.25881904510252074f,1.222334935469425e-16f,-2.19156125f,-0.2583304516975119f,0.9641023708773323f,-0.06141657914982321f,-7.870917612974923f,0.01589578036902051f,-0.05932385996314098f,-0.9981122200461898f,-0.22115886371215918f,0f,0f,0f,1f], start_interpolation: 0, interpolation_duration: 1 }
$data merge entity $(bone_right_hand) { transformation: [-1f,7.521361707041105e-18f,1.222334935469425e-16f,-2.25406125f,0f,0.9981122200461898f,-0.06141657914982321f,-7.1689744411069505f,-1.2246467991473532e-16f,-0.06141657914982321f,-0.9981122200461898f,-0.29365667199503803f,0f,0f,0f,1f], start_interpolation: 0, interpolation_duration: 1 }
$data merge entity $(bone_right_forearm) { transformation: [-1.5053291666666664f,1.1322125150658763e-17f,1.840016429797743e-16f,-2.2109925f,0f,1.5024874364419474f,-0.09245216791112072f,-5.001837268777827f,-1.8434965456214856e-16f,-0.09245216791112072f,-1.5024874364419474f,-0.4215562699650619f,0f,0f,0f,1f], start_interpolation: 0, interpolation_duration: 1 }
$data merge entity $(bone_right_bicep) { transformation: [-1.5788933333333333f,1.187542785683582e-17f,1.929936480713105e-16f,-2.107345625f,0f,1.575912730149462f,-0.09697022737579486f,-2.712366599276935f,-1.9335866668617615e-16f,-0.09697022737579486f,-1.575912730149462f,-0.6222365667911351f,0f,0f,0f,1f], start_interpolation: 0, interpolation_duration: 1 }
$data merge entity $(bone_right_shoulder) { transformation: [-1f,7.521361707041105e-18f,1.222334935469425e-16f,-1.795433125f,0f,0.9981122200461898f,-0.06141657914982321f,-2.4673411071274223f,-1.2246467991473532e-16f,-0.06141657914982321f,-0.9981122200461898f,-0.5746954471508213f,0f,0f,0f,1f], start_interpolation: 0, interpolation_duration: 1 }
$data merge entity $(bone_left_thumb_2) { transformation: [-0.9762960071199334f,-0.21643961393810288f,1.222334935469425e-16f,1.86831875f,-0.2160310235737001f,0.9744529750887074f,-0.06141657914982321f,-7.402411829781366f,0.013292980680586554f,-0.05996076099493778f,-0.9981122200461898f,-0.03906066529259457f,0f,0f,0f,1f], start_interpolation: 0, interpolation_duration: 1 }
$data merge entity $(bone_left_thumb) { transformation: [-1f,7.521361707041105e-18f,1.222334935469425e-16f,2.015895f,0f,0.9981122200461898f,-0.06141657914982321f,-7.1163241717898025f,-1.2246467991473532e-16f,-0.06141657914982321f,-0.9981122200461898f,-0.056664422603584425f,0f,0f,0f,1f], start_interpolation: 0, interpolation_duration: 1 }
$data merge entity $(bone_left_fingers2) { transformation: [-0.7933533402912352f,0.6087614290087205f,1.222334935469425e-16f,2.1355343338474935f,0.607612221386385f,0.7918556637591451f,-0.06141657914982321f,-8.234530563667642f,-0.03738804448807367f,-0.048725048217773195f,-0.9981122200461898f,-0.15704375532306558f,0f,0f,0f,1f], start_interpolation: 0, interpolation_duration: 1 }
$data merge entity $(bone_left_fingers) { transformation: [-0.9659258262890683f,0.25881904510252074f,1.222334935469425e-16f,2.21269625f,0.2583304516975119f,0.9641023708773323f,-0.06141657914982321f,-7.767938122944143f,-0.015895780369020746f,-0.059323859963140914f,-0.9981122200461898f,-0.19389483361634785f,0f,0f,0f,1f], start_interpolation: 0, interpolation_duration: 1 }
$data merge entity $(bone_left_hand) { transformation: [-1f,7.521361707041105e-18f,1.222334935469425e-16f,2.27519625f,0f,0.9981122200461898f,-0.06141657914982321f,-7.065994951076171f,-1.2246467991473532e-16f,-0.06141657914982321f,-0.9981122200461898f,-0.26639264189922673f,0f,0f,0f,1f], start_interpolation: 0, interpolation_duration: 1 }
$data merge entity $(bone_left_forearm) { transformation: [-1.505329166666667f,1.1322125150658767e-17f,1.8400164297977436e-16f,2.2321275f,0f,1.502487436441948f,-0.09245216791112076f,-4.898857778747047f,-1.8434965456214864e-16f,-0.09245216791112076f,-1.502487436441948f,-0.3942922398692506f,0f,0f,0f,1f], start_interpolation: 0, interpolation_duration: 1 }
$data merge entity $(bone_left_bicep) { transformation: [-1.5788933333333333f,1.187542785683582e-17f,1.929936480713105e-16f,2.044845625f,0f,1.575912730149462f,-0.09697022737579486f,-2.525472561745083f,-1.9335866668617615e-16f,-0.09697022737579486f,-1.575912730149462f,-0.5192721254248535f,0f,0f,0f,1f], start_interpolation: 0, interpolation_duration: 1 }
$data merge entity $(bone_left_shoulder) { transformation: [-1f,7.521361707041105e-18f,1.222334935469425e-16f,1.795433125f,0f,0.9981122200461898f,-0.06141657914982321f,-2.284285605792434f,-1.2246467991473532e-16f,-0.06141657914982321f,-0.9981122200461898f,-0.5341130195374266f,0f,0f,0f,1f], start_interpolation: 0, interpolation_duration: 1 }
data modify entity @s data merge value {"locators":{"consume":{"posx":-2,"posy":-7.902704303852301,"posz":-0.22541967737459656,"roty":0,"rotx":-3.5211267605633805}},"cameras":{}}