# This file was generated by Animated Java via MC-Build. It is not recommended to edit this file directly.
$data merge entity $(bone_right_thumb_2) { transformation: [-0.9762960071199334f,0.21643961393810288f,1.2210926790062763e-16f,-1.84718375f,0.2158114716918978f,0.9734626405484668f,-0.0761307831470541f,-7.497345518046723f,-0.016477717313153936f,-0.0743261796053824f,-0.9970978406643032f,0.00792483477596171f,0f,0f,0f,1f], start_interpolation: 0, interpolation_duration: 1 }
$data merge entity $(bone_right_thumb) { transformation: [-1f,9.323331989762105e-18f,1.2210926790062763e-16f,-1.99476f,0f,0.9970978406643032f,-0.0761307831470541f,-7.211548610349415f,-1.2246467991473532e-16f,-0.0761307831470541f,-0.9970978406643032f,-0.013896436433999487f,0f,0f,0f,1f], start_interpolation: 0, interpolation_duration: 1 }
$data merge entity $(bone_right_fingers2) { transformation: [-0.7933533402912352f,-0.6087614290087205f,1.2210926790062763e-16f,-2.1143993338474933f,-0.6069947063443107f,0.7910509024882028f,-0.0761307831470541f,-8.331113844054311f,0.04634548434015358f,-0.06039861110870311f,-0.9970978406643032f,-0.09777273077850672f,0f,0f,0f,1f], start_interpolation: 0, interpolation_duration: 1 }
$data merge entity $(bone_right_fingers) { transformation: [-0.9659258262890683f,-0.25881904510252074f,1.2210926790062763e-16f,-2.19156125f,-0.2580679109945203f,0.9631225556347128f,-0.0761307831470541f,-7.865115660311894f,0.0197040965970275f,-0.07353668961735213f,-0.9970978406643032f,-0.1415014451485688f,0f,0f,0f,1f], start_interpolation: 0, interpolation_duration: 1 }
$data merge entity $(bone_right_hand) { transformation: [-1f,9.323331989762105e-18f,1.2210926790062763e-16f,-2.25406125f,0f,0.9970978406643032f,-0.0761307831470541f,-7.164318088015615f,-1.2246467991473532e-16f,-0.0761307831470541f,-0.9970978406643032f,-0.22434413584323254f,0f,0f,0f,1f], start_interpolation: 0, interpolation_duration: 1 }
$data merge entity $(bone_right_forearm) { transformation: [-1.5053291666666664f,1.4034683574705263e-17f,1.838146424911285e-16f,-2.2109925f,0f,1.500960461572328f,-0.11460188835243564f,-4.9993029878848585f,-1.8434965456214856e-16f,-0.11460188835243564f,-1.500960461572328f,-0.3841923358874374f,0f,0f,0f,1f], start_interpolation: 0, interpolation_duration: 1 }
$data merge entity $(bone_right_bicep) { transformation: [-1.5788933333333333f,1.472054672308879e-17f,1.9279750902651495e-16f,-2.107345625f,0f,1.5743111333059305f,-0.12020238597232939f,-2.7130411192229875f,-1.9335866668617615e-16f,-0.12020238597232939f,-1.5743111333059305f,-0.6186175818439889f,0f,0f,0f,1f], start_interpolation: 0, interpolation_duration: 1 }
$data merge entity $(bone_right_shoulder) { transformation: [-1f,9.323331989762105e-18f,1.2210926790062763e-16f,-1.795433125f,0f,0.9970978406643032f,-0.0761307831470541f,-2.4673411071274223f,-1.2246467991473532e-16f,-0.0761307831470541f,-0.9970978406643032f,-0.5746954471508213f,0f,0f,0f,1f], start_interpolation: 0, interpolation_duration: 1 }
$data merge entity $(bone_left_thumb_2) { transformation: [-0.9762960071199334f,-0.21643961393810288f,1.2210926790062763e-16f,1.86831875f,-0.2158114716918978f,0.9734626405484668f,-0.0761307831470541f,-7.394553747680522f,0.0164777173131537f,-0.07432617960538246f,-0.9970978406643032f,0.03637133268462471f,0f,0f,0f,1f], start_interpolation: 0, interpolation_duration: 1 }
$data merge entity $(bone_left_thumb) { transformation: [-1f,9.323331989762105e-18f,1.2210926790062763e-16f,2.015895f,0f,0.9970978406643032f,-0.0761307831470541f,-7.108756839983214f,-1.2246467991473532e-16f,-0.0761307831470541f,-0.9970978406643032f,0.014550061474663561f,0f,0f,0f,1f], start_interpolation: 0, interpolation_duration: 1 }
$data merge entity $(bone_left_fingers2) { transformation: [-0.7933533402912352f,0.6087614290087205f,1.2210926790062763e-16f,2.1355343338474935f,0.6069947063443107f,0.7910509024882028f,-0.0761307831470541f,-8.22832207368811f,-0.04634548434015377f,-0.06039861110870296f,-0.9970978406643032f,-0.06932623286984363f,0f,0f,0f,1f], start_interpolation: 0, interpolation_duration: 1 }
$data merge entity $(bone_left_fingers) { transformation: [-0.9659258262890683f,0.25881904510252074f,1.2210926790062763e-16f,2.21269625f,0.2580679109945203f,0.9631225556347128f,-0.0761307831470541f,-7.7623238899456934f,-0.019704096597027737f,-0.07353668961735207f,-0.9970978406643032f,-0.11305494723990567f,0f,0f,0f,1f], start_interpolation: 0, interpolation_duration: 1 }
$data merge entity $(bone_left_hand) { transformation: [-1f,9.323331989762105e-18f,1.2210926790062763e-16f,2.27519625f,0f,0.9970978406643032f,-0.0761307831470541f,-7.061526317649414f,-1.2246467991473532e-16f,-0.0761307831470541f,-0.9970978406643032f,-0.19589763793456944f,0f,0f,0f,1f], start_interpolation: 0, interpolation_duration: 1 }
$data merge entity $(bone_left_forearm) { transformation: [-1.505329166666667f,1.403468357470527e-17f,1.838146424911286e-16f,2.2321275f,0f,1.5009604615723287f,-0.11460188835243569f,-4.896511217518658f,-1.8434965456214864e-16f,-0.11460188835243569f,-1.5009604615723287f,-0.3557458379787743f,0f,0f,0f,1f], start_interpolation: 0, interpolation_duration: 1 }
$data merge entity $(bone_left_bicep) { transformation: [-1.5788933333333333f,1.472054672308879e-17f,1.9279750902651495e-16f,2.044845625f,0f,1.5743111333059305f,-0.12020238597232939f,-2.5252274439413083f,-1.9335866668617615e-16f,-0.12020238597232939f,-1.5743111333059305f,-0.5157165391890751f,0f,0f,0f,1f], start_interpolation: 0, interpolation_duration: 1 }
$data merge entity $(bone_left_shoulder) { transformation: [-1f,9.323331989762105e-18f,1.2210926790062763e-16f,1.795433125f,0f,0.9970978406643032f,-0.0761307831470541f,-2.284285605792434f,-1.2246467991473532e-16f,-0.0761307831470541f,-0.9970978406643032f,-0.5341130195374266f,0f,0f,0f,1f], start_interpolation: 0, interpolation_duration: 1 }
data modify entity @s data merge value {"locators":{"consume":{"posx":-2,"posy":-7.896961735377824,"posz":-0.14529298215816872,"roty":0,"rotx":-4.366197183098591}},"cameras":{}}