# This file was generated by Animated Java via MC-Build. It is not recommended to edit this file directly.
$data merge entity $(bone_right_thumb_2) { transformation: [-0.9762960071199334f,0.21643961393810288f,1.221338028846428e-16f,-1.84718375f,0.21585483392884572f,0.9736582349594055f,-0.07345973159007332f,-7.315832551183647f,-0.015899595945352247f,-0.0717184426354906f,-0.9972981840125422f,0.035032043785132264f,0f,0f,0f,1f], start_interpolation: 0, interpolation_duration: 1 }
$data merge entity $(bone_right_thumb) { transformation: [-1f,8.9962225158007e-18f,1.221338028846428e-16f,-1.99476f,0f,0.9972981840125422f,-0.07345973159007332f,-7.029978219322862f,-1.2246467991473532e-16f,-0.07345973159007332f,-0.9972981840125422f,0.013976372744134019f,0f,0f,0f,1f], start_interpolation: 0, interpolation_duration: 1 }
$data merge entity $(bone_right_fingers2) { transformation: [-0.7933533402912352f,-0.6087614290087205f,1.221338028846428e-16f,-2.1143993338474933f,-0.6071166676472772f,0.7912098455527333f,-0.07345973159007332f,-8.149314769762267f,0.04471945117736999f,-0.05827952343388231f,-0.9972981840125422f,-0.07289843444459866f,0f,0f,0f,1f], start_interpolation: 0, interpolation_duration: 1 }
$data merge entity $(bone_right_fingers) { transformation: [-0.9659258262890683f,-0.25881904510252074f,1.221338028846428e-16f,-2.19156125f,-0.2581197636686042f,0.9633160724489022f,-0.07345973159007332f,-7.683201128070791f,0.01901277758363014f,-0.07095665193511477f,-0.9972981840125422f,-0.11537879156173812f,0f,0f,0f,1f], start_interpolation: 0, interpolation_duration: 1 }
$data merge entity $(bone_right_hand) { transformation: [-1f,8.9962225158007e-18f,1.221338028846428e-16f,-2.25406125f,0f,0.9972981840125422f,-0.07345973159007332f,-6.982184171306712f,-1.2246467991473532e-16f,-0.07345973159007332f,-0.9972981840125422f,-0.1963440623086502f,0f,0f,0f,1f], start_interpolation: 0, interpolation_duration: 1 }
$data merge entity $(bone_right_forearm) { transformation: [-1.5053291666666664f,1.3542276142858168e-17f,1.8385157571817022e-16f,-2.2109925f,0f,1.50126204425778f,-0.11058107653804207f,-4.816748676071304f,-1.8434965456214856e-16f,-0.11058107653804207f,-1.50126204425778f,-0.3503925833211766f,0f,0f,0f,1f], start_interpolation: 0, interpolation_duration: 1 }
$data merge entity $(bone_right_bicep) { transformation: [-1.5788933333333333f,1.4204075755380953e-17f,1.9283624714920993e-16f,-2.107345625f,0f,1.5746274540828427f,-0.11598508047602284f,-2.52986708875843f,-1.9335866668617615e-16f,-0.11598508047602284f,-1.5746274540828427f,-0.5786931169351245f,0f,0f,0f,1f], start_interpolation: 0, interpolation_duration: 1 }
$data merge entity $(bone_right_shoulder) { transformation: [-1f,8.9962225158007e-18f,1.221338028846428e-16f,-1.795433125f,0f,0.9972981840125422f,-0.07345973159007332f,-2.2842856057924346f,-1.2246467991473532e-16f,-0.07345973159007332f,-0.9972981840125422f,-0.5341130195374271f,0f,0f,0f,1f], start_interpolation: 0, interpolation_duration: 1 }
$data merge entity $(bone_left_thumb_2) { transformation: [-0.9762960071199334f,-0.21643961393810288f,1.221338028846428e-16f,1.86831875f,-0.21585483392884572f,0.9736582349594055f,-0.07345973159007332f,-7.396063487500974f,0.01589959594535201f,-0.07171844263549065f,-0.9972981840125422f,0.022681167035963866f,0f,0f,0f,1f], start_interpolation: 0, interpolation_duration: 1 }
$data merge entity $(bone_left_thumb) { transformation: [-1f,8.9962225158007e-18f,1.221338028846428e-16f,2.015895f,0f,0.9972981840125422f,-0.07345973159007332f,-7.110209155640189f,-1.2246467991473532e-16f,-0.07345973159007332f,-0.9972981840125422f,0.00162549599496567f,0f,0f,0f,1f], start_interpolation: 0, interpolation_duration: 1 }
$data merge entity $(bone_left_fingers2) { transformation: [-0.7933533402912352f,0.6087614290087205f,1.221338028846428e-16f,2.1355343338474935f,0.6071166676472772f,0.7912098455527333f,-0.07345973159007332f,-8.229545706079593f,-0.04471945117737019f,-0.058279523433882166f,-0.9972981840125422f,-0.085249311193767f,0f,0f,0f,1f], start_interpolation: 0, interpolation_duration: 1 }
$data merge entity $(bone_left_fingers) { transformation: [-0.9659258262890683f,0.25881904510252074f,1.221338028846428e-16f,2.21269625f,0.2581197636686042f,0.9633160724489022f,-0.07345973159007332f,-7.763432064388117f,-0.019012777583630375f,-0.07095665193511472f,-0.9972981840125422f,-0.1277296683109064f,0f,0f,0f,1f], start_interpolation: 0, interpolation_duration: 1 }
$data merge entity $(bone_left_hand) { transformation: [-1f,8.9962225158007e-18f,1.221338028846428e-16f,2.27519625f,0f,0.9972981840125422f,-0.07345973159007332f,-7.062415107624038f,-1.2246467991473532e-16f,-0.07345973159007332f,-0.9972981840125422f,-0.2086949390578185f,0f,0f,0f,1f], start_interpolation: 0, interpolation_duration: 1 }
$data merge entity $(bone_left_forearm) { transformation: [-1.505329166666667f,1.3542276142858174e-17f,1.838515757181703e-16f,2.2321275f,0f,1.5012620442577806f,-0.11058107653804211f,-4.89697961238863f,-1.8434965456214864e-16f,-0.11058107653804211f,-1.5012620442577806f,-0.3627434600703449f,0f,0f,0f,1f], start_interpolation: 0, interpolation_duration: 1 }
$data merge entity $(bone_left_bicep) { transformation: [-1.5788933333333333f,1.4204075755380953e-17f,1.9283624714920993e-16f,2.044845625f,0f,1.5746274540828427f,-0.11598508047602284f,-2.52527585553405f,-1.9335866668617615e-16f,-0.11598508047602284f,-1.5746274540828427f,-0.51636198043434f,0f,0f,0f,1f], start_interpolation: 0, interpolation_duration: 1 }
$data merge entity $(bone_left_shoulder) { transformation: [-1f,8.9962225158007e-18f,1.221338028846428e-16f,1.795433125f,0f,0.9972981840125422f,-0.07345973159007332f,-2.284285605792434f,-1.2246467991473532e-16f,-0.07345973159007332f,-0.9972981840125422f,-0.5341130195374266f,0f,0f,0f,1f], start_interpolation: 0, interpolation_duration: 1 }
data modify entity @s data merge value {"locators":{"consume":{"posx":-2,"posy":-7.715036933065262,"posz":-0.11925561633905427,"rotx":0,"roty":-4.212727272727268}},"cameras":{}}