# This file was generated by Animated Java via MC-Build. It is not recommended to edit this file directly.
$data merge entity $(bone_right_thumb_2) { transformation: [-0.9676410531433218f,0.25233071994149403f,0.000006744662254150894f,-2.3095791621551576f,0.25137373321095513f,0.9639735133107228f,-0.08698454970262977f,-7.229190863668086f,-0.021955375726020472f,-0.08416812585052023f,-0.9962096606977571f,0.053359030304689165f,0f,0f,0f,1f], start_interpolation: 0, interpolation_duration: 1 }
$data merge entity $(bone_right_thumb) { transformation: [-0.9993184601180128f,0.03691361837957892f,0.000006744662254150894f,-2.446474328761033f,0.03677311696115733f,0.9955307257849915f,-0.08698454970262977f,-6.9384162974478025f,-0.003217628991151439f,-0.08692501824063681f,-0.9962096606977571f,0.027968975362242826f,0f,0f,0f,1f], start_interpolation: 0, interpolation_duration: 1 }
$data merge entity $(bone_right_fingers2) { transformation: [-0.8152842254239541f,-0.5790609913725608f,0.000006744662254150894f,-2.607002535923568f,-0.5768666320769058f,0.8121936818944597f,-0.08698454970262977f,-8.053675466176877f,0.05036388161283126f,-0.07092102199875899f,-0.9962096606977571f,-0.044161439499004806f,0f,0f,0f,1f], start_interpolation: 0, interpolation_duration: 1 }
$data merge entity $(bone_right_fingers) { transformation: [-0.9748214567756924f,-0.22298683226645144f,0.000006744662254150894f,-2.666837162072004f,-0.22214220843196045f,0.9711264219173539f,-0.08698454970262977f,-7.585661355524015f,0.019389859274591203f,-0.08479590373226345f,-0.9962096606977571f,-0.09318264674141952f,0f,0f,0f,1f], start_interpolation: 0, interpolation_duration: 1 }
$data merge entity $(bone_right_hand) { transformation: [-0.9993184601180128f,0.03691361837957892f,0.000006744662254150894f,-2.7032676605661075f,0.03677311696115733f,0.9955307257849915f,-0.08698454970262977f,-6.8839878627568165f,-0.003217628991151439f,-0.08692501824063681f,-0.9962096606977571f,-0.18381115806783804f,0f,0f,0f,1f], start_interpolation: 0, interpolation_duration: 1 }
$data merge entity $(bone_right_forearm) { transformation: [-1.5043032248040646f,0.05556714639398287f,0.000010152936810489085f,-2.5800924800456118f,0.05535564551087482f,1.4986014378369827f,-0.1309403797167349f,-4.72389954196751f,-0.004843590767892502f,-0.13085076527066258f,-1.4996234583634371f,-0.36695882900990084f,0f,0f,0f,1f], start_interpolation: 0, interpolation_duration: 1 }
$data merge entity $(bone_right_bicep) { transformation: [-1.5617064944954069f,0.23232947075631333f,0.00001064910226866382f,-2.139506989440003f,0.2314479470185983f,1.5557872333649077f,-0.1373393256284841f,-2.4804334295466215f,-0.020219567655816572f,-0.1358427751531234f,-1.5729087918779505f,-0.6227623290313958f,0f,0f,0f,1f], start_interpolation: 0, interpolation_duration: 1 }
$data merge entity $(bone_right_shoulder) { transformation: [-0.9891146295477466f,0.14714703384415667f,0.000006744662254150894f,-1.795433125f,0.14658871637007248f,0.9853656358662023f,-0.08698454970262977f,-2.282612916666666f,-0.012806164437422355f,-0.08603670196411203f,-0.9962096606977571f,-0.5772950000000002f,0f,0f,0f,1f], start_interpolation: 0, interpolation_duration: 1 }
$data merge entity $(bone_right_arm) { transformation: [-1.46271875f,0f,1.7913138352403177e-16f,-1.4259925f,0f,1.46271875f,0f,-2.104260416666666f,-1.7913138352403177e-16f,0f,-1.46271875f,-0.5854518750000002f,0f,0f,0f,1f], start_interpolation: 0, interpolation_duration: 1 }
$data merge entity $(bone_left_thumb_2) { transformation: [-0.9676410531433218f,-0.25233071994149403f,-0.000006744662253906893f,2.3421243190348493f,-0.25137373321095513f,0.9639735133107228f,-0.08698454970262977f,-7.305626004714141f,0.021955375726020233f,-0.08416812585052028f,-0.9962096606977571f,0.04175224346360995f,0f,0f,0f,1f], start_interpolation: 0, interpolation_duration: 1 }
$data merge entity $(bone_left_thumb) { transformation: [-0.9993184601180128f,-0.03691361837957892f,-0.000006744662253906893f,2.4790194856407246f,-0.03677311696115733f,0.9955307257849915f,-0.08698454970262977f,-7.014851438493857f,0.0032176289911511943f,-0.08692501824063681f,-0.9962096606977571f,0.016362188521163668f,0f,0f,0f,1f], start_interpolation: 0, interpolation_duration: 1 }
$data merge entity $(bone_left_fingers2) { transformation: [-0.8152842254239541f,0.5790609913725608f,-0.000006744662253906893f,2.6395476928032595f,0.5768666320769058f,0.8121936818944597f,-0.08698454970262977f,-8.13011060722293f,-0.05036388161283145f,-0.07092102199875885f,-0.9962096606977571f,-0.05576822634008395f,0f,0f,0f,1f], start_interpolation: 0, interpolation_duration: 1 }
$data merge entity $(bone_left_fingers) { transformation: [-0.9748214567756924f,0.22298683226645144f,-0.000006744662253906893f,2.6993823189516957f,0.22214220843196045f,0.9711264219173539f,-0.08698454970262977f,-7.662096496570069f,-0.01938985927459144f,-0.08479590373226338f,-0.9962096606977571f,-0.1047894335824986f,0f,0f,0f,1f], start_interpolation: 0, interpolation_duration: 1 }
$data merge entity $(bone_left_hand) { transformation: [-0.9993184601180128f,-0.03691361837957892f,-0.000006744662253906893f,2.735812817445799f,-0.03677311696115733f,0.9955307257849915f,-0.08698454970262977f,-6.9604230038028705f,0.0032176289911511943f,-0.08692501824063681f,-0.9962096606977571f,-0.19541794490891715f,0f,0f,0f,1f], start_interpolation: 0, interpolation_duration: 1 }
$data merge entity $(bone_left_forearm) { transformation: [-1.5043032248040653f,-0.0555671463939829f,-0.000010152936810121788f,2.612637636925303f,-0.055355645510874844f,1.4986014378369834f,-0.13094037971673494f,-4.800334683013564f,0.004843590767892136f,-0.13085076527066264f,-1.4996234583634378f,-0.37856561585098f,0f,0f,0f,1f], start_interpolation: 0, interpolation_duration: 1 }
$data merge entity $(bone_left_bicep) { transformation: [-1.5617064944954069f,-0.23232947075631333f,-0.000010649102268278567f,2.07768774663466f,-0.2314479470185983f,1.5557872333649077f,-0.1373393256284841f,-2.4841586899633366f,0.02021956765581619f,-0.13584277515312343f,-1.5729087918779505f,-0.5596988399604467f,0f,0f,0f,1f], start_interpolation: 0, interpolation_duration: 1 }
$data merge entity $(bone_left_shoulder) { transformation: [-0.9891146295477466f,-0.14714703384415667f,-0.000006744662253906893f,1.795433125f,-0.14658871637007248f,0.9853656358662023f,-0.08698454970262977f,-2.282612916666666f,0.012806164437422113f,-0.08603670196411206f,-0.9962096606977571f,-0.5772949999999998f,0f,0f,0f,1f], start_interpolation: 0, interpolation_duration: 1 }
$data merge entity $(bone_left_arm) { transformation: [-1.46271875f,0f,1.7913138352403177e-16f,1.4259925f,0f,1.46271875f,0f,-2.166760416666666f,-1.7913138352403177e-16f,0f,-1.46271875f,-0.5854518749999998f,0f,0f,0f,1f], start_interpolation: 0, interpolation_duration: 1 }
$data merge entity $(bone_right_foot) { transformation: [-1.1325503878422074f,0.01822185305865487f,0.016695372699489945f,-0.9305380301596802f,0.018223832102385984f,1.1326734058604466f,-1.4944660983006177e-8f,-13.69392704669435f,-0.01669321245207554f,0.0002685658298587244f,-1.132696966063927f,-0.5333252499632194f,0f,0f,0f,1f], start_interpolation: 0, interpolation_duration: 1 }
$data merge entity $(bone_right_knee) { transformation: [-3.1196040214115848f,0.03531823465250427f,0.05819529251988998f,-0.9218495051420764f,0.050197448627825325f,2.9953007132884437f,0.8730504987128593f,-9.907012583242691f,-0.04598136493952472f,0.8737789076491522f,-2.995155998408685f,0.6874815995621689f,0f,0f,0f,1f], start_interpolation: 0, interpolation_duration: 1 }
$data merge entity $(bone_right_thigh) { transformation: [-2.3821595756212837f,0.04844865336416309f,0.018837523920836926f,-0.77532f,0.038331253614176254f,2.2204326169456055f,-0.863479053969985f,-6.962041875000001f,-0.03511181163988316f,-0.8629705033404872f,-2.220683552218117f,-0.6647600000000001f,0f,0f,0f,1f], start_interpolation: 0, interpolation_duration: 1 }
$data merge entity $(bone_left_foot) { transformation: [-1.1325503878422074f,-0.018221853058654865f,-0.016695372699489668f,0.9305380301596801f,-0.018223832102385984f,1.1326734058604466f,-1.4944660983006177e-8f,-13.69392704669435f,0.01669321245207526f,0.0002685658298587244f,-1.132696966063927f,-0.5333252499632191f,0f,0f,0f,1f], start_interpolation: 0, interpolation_duration: 1 }
$data merge entity $(bone_left_knee) { transformation: [-3.1196040214115848f,-0.03531823465250448f,-0.058195292519889245f,0.9218495051420761f,-0.050197448627825325f,2.9953007132884437f,0.8730504987128593f,-9.907012583242691f,0.045981364939523955f,0.8737789076491522f,-2.995155998408685f,0.6874815995621693f,0f,0f,0f,1f], start_interpolation: 0, interpolation_duration: 1 }
$data merge entity $(bone_left_thigh) { transformation: [-2.3821595756212837f,-0.048448653364162875f,-0.018837523920836378f,0.77532f,-0.038331253614176254f,2.2204326169456055f,-0.863479053969985f,-6.962041875000001f,0.03511181163988257f,-0.8629705033404872f,-2.220683552218117f,-0.6647599999999998f,0f,0f,0f,1f], start_interpolation: 0, interpolation_duration: 1 }
data modify entity @s data merge value {"locators":{"consume":{"posx":-2.476567913855406,"posy":-7.62456977319322,"posz":-0.09601265895552624,"rotx":0.0003879109956983484,"roty":-4.990153967597392}},"cameras":{}}