# This file was generated by Animated Java via MC-Build. It is not recommended to edit this file directly.
$data merge entity $(bone_right_thumb_2) { transformation: [-0.9762960071199334f,0.21643961393810285f,1.2083202334601912e-16f,-1.84718375f,0.21355411619563155f,0.9632803679156703f,0.16274388542785123f,-7.491869859863581f,0.03522422373279085f,0.1588862055263951f,-0.9866683473973645f,-1.2027890545913924f,0f,0f,0f,1f], start_interpolation: 0, interpolation_duration: 1 }
$data merge entity $(bone_right_thumb) { transformation: [-1f,-1.993037783700216e-17f,1.2083202334601912e-16f,-1.99476f,0f,0.9866683473973645f,0.16274388542785123f,-7.209062344784508f,-1.2246467991473532e-16f,0.16274388542785123f,-0.9866683473973645f,-1.1561419781410642f,0f,0f,0f,1f], start_interpolation: 0, interpolation_duration: 1 }
$data merge entity $(bone_right_fingers2) { transformation: [-0.7933533402912352f,-0.6087614290087205f,1.2083202334601912e-16f,-2.1143993338474933f,-0.6006456331192924f,0.782776629167332f,0.16274388542785123f,-8.276713696216426f,-0.09907220025549031f,0.12911340511615976f,-0.9866683473973645f,-1.5033913655548696f,0f,0f,0f,1f], start_interpolation: 0, interpolation_duration: 1 }
$data merge entity $(bone_right_fingers) { transformation: [-0.9659258262890683f,-0.25881904510252074f,1.2083202334601912e-16f,-2.19156125f,-0.2553685595062681f,0.9530484387330689f,0.16274388542785123f,-7.813655396693968f,-0.042121217022710614f,0.15719852200539064f,-0.9866683473973645f,-1.4352479949671226f,0f,0f,0f,1f], start_interpolation: 0, interpolation_duration: 1 }
$data merge entity $(bone_right_hand) { transformation: [-1f,-1.993037783700216e-17f,1.2083202334601912e-16f,-2.25406125f,0f,0.9866683473973645f,0.16274388542785123f,-7.113224269678026f,-1.2246467991473532e-16f,0.16274388542785123f,-0.9866683473973645f,-1.349362111114952f,0f,0f,0f,1f], start_interpolation: 0, interpolation_duration: 1 }
$data merge entity $(bone_right_forearm) { transformation: [-1.5053291666666664f,-3.000177906072626e-17f,1.8189196901011014e-16f,-2.2109925f,0f,1.4852606411640517f,0.2449831174312027f,-4.972150047714381f,-1.8434965456214856e-16f,0.2449831174312027f,-1.4852606411640517f,-0.9906937309999315f,0f,0f,0f,1f], start_interpolation: 0, interpolation_duration: 1 }
$data merge entity $(bone_right_bicep) { transformation: [-1.5788933333333333f,-3.1467940697657125e-17f,1.9078087611420726e-16f,-2.107345625f,0f,1.557844075916716f,0.2569552357427981f,-2.6955912370918664f,-1.9335866668617615e-16f,0.2569552357427981f,-1.557844075916716f,-0.6756881599125846f,0f,0f,0f,1f], start_interpolation: 0, interpolation_duration: 1 }
$data merge entity $(bone_right_shoulder) { transformation: [-1f,-1.993037783700216e-17f,1.2083202334601912e-16f,-1.795433125f,0f,0.9866683473973645f,0.16274388542785123f,-2.4673411071274223f,-1.2246467991473532e-16f,0.16274388542785123f,-0.9866683473973645f,-0.5746954471508213f,0f,0f,0f,1f], start_interpolation: 0, interpolation_duration: 1 }
$data merge entity $(bone_left_thumb_2) { transformation: [-0.9762960071199334f,-0.2164396139381029f,1.2083202334601912e-16f,1.86831875f,-0.21355411619563155f,0.9632803679156703f,0.16274388542785123f,-7.383902838569113f,-0.035224223732791084f,0.15888620552639504f,-0.9866683473973645f,-1.1930492511210935f,0f,0f,0f,1f], start_interpolation: 0, interpolation_duration: 1 }
$data merge entity $(bone_left_thumb) { transformation: [-1f,-1.993037783700216e-17f,1.2083202334601912e-16f,2.015895f,0f,0.9866683473973645f,0.16274388542785123f,-7.101095323490041f,-1.2246467991473532e-16f,0.16274388542785123f,-0.9866683473973645f,-1.1464021746707653f,0f,0f,0f,1f], start_interpolation: 0, interpolation_duration: 1 }
$data merge entity $(bone_left_fingers2) { transformation: [-0.7933533402912352f,0.6087614290087205f,1.2083202334601912e-16f,2.1355343338474935f,0.6006456331192924f,0.782776629167332f,0.16274388542785123f,-8.168746674921959f,0.09907220025549013f,0.12911340511615993f,-0.9866683473973645f,-1.4936515620845707f,0f,0f,0f,1f], start_interpolation: 0, interpolation_duration: 1 }
$data merge entity $(bone_left_fingers) { transformation: [-0.9659258262890683f,0.25881904510252074f,1.2083202334601912e-16f,2.21269625f,0.2553685595062681f,0.9530484387330689f,0.16274388542785123f,-7.705688375399501f,0.04212121702271038f,0.1571985220053907f,-0.9866683473973645f,-1.4255081914968237f,0f,0f,0f,1f], start_interpolation: 0, interpolation_duration: 1 }
$data merge entity $(bone_left_hand) { transformation: [-1f,-1.993037783700216e-17f,1.2083202334601912e-16f,2.27519625f,0f,0.9866683473973645f,0.16274388542785123f,-7.005257248383559f,-1.2246467991473532e-16f,0.16274388542785123f,-0.9866683473973645f,-1.3396223076446532f,0f,0f,0f,1f], start_interpolation: 0, interpolation_duration: 1 }
$data merge entity $(bone_left_forearm) { transformation: [-1.505329166666667f,-3.000177906072627e-17f,1.8189196901011022e-16f,2.2321275f,0f,1.4852606411640523f,0.24498311743120282f,-4.864183026419914f,-1.8434965456214864e-16f,0.24498311743120282f,-1.4852606411640523f,-0.9809539275296324f,0f,0f,0f,1f], start_interpolation: 0, interpolation_duration: 1 }
$data merge entity $(bone_left_bicep) { transformation: [-1.5788933333333333f,-3.1467940697657125e-17f,1.9078087611420726e-16f,2.044845625f,0f,1.557844075916716f,0.2569552357427981f,-2.522707228596119f,-1.9335866668617615e-16f,0.2569552357427981f,-1.557844075916716f,-0.5734389605868545f,0f,0f,0f,1f], start_interpolation: 0, interpolation_duration: 1 }
$data merge entity $(bone_left_shoulder) { transformation: [-1f,-1.993037783700216e-17f,1.2083202334601912e-16f,1.795433125f,0f,0.9866683473973645f,0.16274388542785123f,-2.284285605792434f,-1.2246467991473532e-16f,0.16274388542785123f,-0.9866683473973645f,-0.5341130195374266f,0f,0f,0f,1f], start_interpolation: 0, interpolation_duration: 1 }
data modify entity @s data merge value {"locators":{"consume":{"posx":-2,"posy":-7.843691090435746,"posz":-1.4464910084177105,"roty":0,"rotx":9.366197183098594}},"cameras":{}}