# This file was generated by Animated Java via MC-Build. It is not recommended to edit this file directly.
$data merge entity $(bone_neck) { transformation: [-1.0486175252996148f,-0.000013475383623026826f,-0.02717484519611237f,0.00040709949290271643f,-0.007048091638939015f,1.0132090963812672f,0.27146793212645154f,4.546863801737315f,0.02624493850760091f,0.2715594107873572f,-1.0128691309216913f,0.1789165149573002f,0f,0f,0f,1f], start_interpolation: 0, interpolation_duration: 1 }
$data merge entity $(bone_right_thumb_2) { transformation: [-0.9498031958023685f,-0.022985036650897718f,-0.31200252776822895f,-1.751710310903989f,0.21529434184814228f,0.6755609534224575f,-0.7051707201657734f,-1.1130365145703833f,0.2269850999774718f,-0.736945782470527f,-0.6367014041818347f,0.7560114285911159f,0f,0f,0f,1f], start_interpolation: 0, interpolation_duration: 1 }
$data merge entity $(bone_right_thumb) { transformation: [-0.9498031958023685f,-0.022985036650897718f,-0.31200252776822895f,-1.8984668771024695f,0.21529434184814228f,0.6755609534224575f,-0.7051707201657734f,-0.8876289913259292f,0.2269850999774718f,-0.736945782470527f,-0.6367014041818347f,0.5782791900043673f,0f,0f,0f,1f], start_interpolation: 0, interpolation_duration: 1 }
$data merge entity $(bone_right_fingers2) { transformation: [-0.7395371342516809f,-0.5964388063574056f,-0.31200252776822895f,-2.0392756021591296f,-0.24045096613692224f,0.6670214301690053f,-0.7051707201657734f,-1.7307765677259979f,0.628703554902175f,-0.4464786243105575f,-0.6367014041818347f,1.3158767651330718f,0f,0f,0f,1f], start_interpolation: 0, interpolation_duration: 1 }
$data merge entity $(bone_right_fingers) { transformation: [-0.9114904714797688f,-0.26802899669219443f,-0.31200252776822895f,-2.125855677114354f,0.03311032417167903f,0.7082640481163299f,-0.7051707201657734f,-1.4037479970377378f,0.409986373962398f,-0.6530868970344184f,-0.6367014041818347f,0.9833460543853919f,0f,0f,0f,1f], start_interpolation: 0, interpolation_duration: 1 }
$data merge entity $(bone_right_hand) { transformation: [-0.9498031958023685f,-0.022985036650897718f,-0.31200252776822895f,-2.210550524946319f,0.21529434184814228f,0.6755609534224575f,-0.7051707201657734f,-0.9346001605819096f,0.2269850999774718f,-0.736945782470527f,-0.6367014041818347f,0.4593102836240568f,0f,0f,0f,1f], start_interpolation: 0, interpolation_duration: 1 }
$data merge entity $(bone_right_forearm) { transformation: [-1.5048239439843922f,-0.03460004606749865f,-0.017989842710440455f,-2.2173294624054027f,-0.010114399961645886f,1.0169416070479664f,-1.1098393427814115f,0.5362761072369353f,0.03766293326382417f,-1.1093459806048729f,-1.016832778184859f,-1.1379291470350905f,0f,0f,0f,1f], start_interpolation: 0, interpolation_duration: 1 }
$data merge entity $(bone_right_bicep) { transformation: [-1.5783634208447193f,0.0017639076056637701f,-0.04086512466344267f,-2.1155962688522867f,-0.010608682156522541f,1.5057923621415281f,0.474743063165312f,2.7193041321811435f,0.039503489044664254f,0.4748583039082714f,-1.5052751321958064f,-0.629527424232147f,0f,0f,0f,1f], start_interpolation: 0, interpolation_duration: 1 }
$data merge entity $(bone_right_shoulder) { transformation: [-0.9996643772714555f,0.0011171797159595562f,-0.02588213136423149f,-1.8019008617685883f,-0.006719061973696265f,0.9537011337951021f,0.30068089663982706f,2.9330626578453165f,0.02501973262580389f,0.3007538849415232f,-0.9533735436186146f,-0.5050704364954696f,0f,0f,0f,1f], start_interpolation: 0, interpolation_duration: 1 }
$data merge entity $(bone_right_arm) { transformation: [-1.4622278283420318f,-0.000018790531777107556f,-0.03789352544464563f,-1.432797834473428f,-0.009828097931337534f,1.4128531146136065f,0.3785440880785832f,3.1099281834802914f,0.036596832031750084f,0.37867164902473227f,-1.4123790552509947f,-0.4760176337078159f,0f,0f,0f,1f], start_interpolation: 0, interpolation_duration: 1 }
$data merge entity $(bone_left_thumb_2) { transformation: [-0.9981049402981721f,-0.042436866045322076f,-0.0445605268442123f,1.9523446530427586f,-0.04860140593025292f,0.9878099626145748f,0.14788299801192503f,-1.7877003380812708f,0.03774164137905445f,0.14976845515542864f,-0.9880004951144363f,-2.183315099653071f,0f,0f,0f,1f], start_interpolation: 0, interpolation_duration: 1 }
$data merge entity $(bone_left_thumb) { transformation: [-0.9981049402981721f,-0.042436866045322076f,-0.0445605268442123f,2.0874776113699487f,-0.04860140593025292f,0.9878099626145748f,0.14788299801192503f,-1.4973931900275943f,0.03774164137905445f,0.14976845515542864f,-0.9880004951144363f,-2.145956924466005f,0f,0f,0f,1f], start_interpolation: 0, interpolation_duration: 1 }
$data merge entity $(bone_left_fingers2) { transformation: [-0.8176838155631406f,0.5739403603280311f,-0.0445605268442123f,2.2464674248024026f,0.562782516692683f,0.8132689947391667f,0.14788299801192503f,-2.5630065175187235f,0.12111571603699396f,0.09584364862876951f,-0.9880004951144363f,-2.4835448255749335f,0f,0f,0f,1f], start_interpolation: 0, interpolation_duration: 1 }
$data merge entity $(bone_left_fingers) { transformation: [-0.975078808327707f,0.21733770266013513f,-0.0445605268442123f,2.3032616727701547f,0.20871867808467096f,0.9667301238285648f,0.14788299801192503f,-2.095784537848351f,0.0752185546843766f,0.134896963215716f,-0.9880004951144363f,-2.4243966715319654f,0f,0f,0f,1f], start_interpolation: 0, interpolation_duration: 1 }
$data merge entity $(bone_left_hand) { transformation: [-0.9981049402981721f,-0.042436866045322076f,-0.0445605268442123f,2.3344188484629806f,-0.04860140593025292f,0.9878099626145748f,0.14788299801192503f,-1.3919455845639765f,0.03774164137905445f,0.14976845515542864f,-0.9880004951144363f,-2.350057200318531f,0f,0f,0f,1f], start_interpolation: 0, interpolation_duration: 1 }
$data merge entity $(bone_left_forearm) { transformation: [-1.34598937810862f,-0.06388145219994966f,-0.6710049583281469f,2.206207596225593f,-0.15720175994263638f,1.4869791478476293f,0.17377146070237667f,0.7473666416600349f,0.6554510665999944f,0.22545082379207548f,-1.3362528672978653f,-2.0013426729378807f,0f,0f,0f,1f], start_interpolation: 0, interpolation_duration: 1 }
$data merge entity $(bone_left_bicep) { transformation: [-1.5783634208447193f,0.01228047645488605f,-0.03901614642479467f,2.0348047422187325f,-0.010608682156522541f,1.3316111853438317f,0.8482943268550965f,2.759111788174724f,0.039503489044664254f,0.8482717719043116f,-1.3310817530820793f,-0.746064949905558f,0f,0f,0f,1f], start_interpolation: 0, interpolation_duration: 1 }
$data merge entity $(bone_left_shoulder) { transformation: [-0.9996643772714555f,0.007777901265160017f,-0.024711071736824956f,1.7873554270901706f,-0.006719061973696265f,0.8433826131449655f,0.5372714602982025f,2.961233580341225f,0.02501973262580389f,0.5372571750071643f,-0.843047294570509f,-0.6100002131446217f,0f,0f,0f,1f], start_interpolation: 0, interpolation_duration: 1 }
$data merge entity $(bone_left_arm) { transformation: [-1.4622278283420318f,-0.000018790531777107556f,-0.03789352544464563f,1.4182307774331917f,-0.009828097931337534f,1.4128531146136065f,0.3785440880785832f,3.068721538809438f,0.036596832031750084f,0.37867164902473227f,-1.4123790552509947f,-0.5635536648594754f,0f,0f,0f,1f], start_interpolation: 0, interpolation_duration: 1 }
$data merge entity $(bone_chest) { transformation: [-2.064768034259572f,-0.00002653354600979121f,-0.05350831007793164f,-0.00010358231529298883f,-0.013877962143018154f,1.9950474827619544f,0.5345307464903287f,3.8268741690664188f,0.05167728822395868f,0.534710871474222f,-1.994378077762754f,-0.03484137982502011f,0f,0f,0f,1f], start_interpolation: 0, interpolation_duration: 1 }
$data merge entity $(bone_weist) { transformation: [-2.088572125716525f,-0.00002683944330450637f,-0.054125191338038336f,0.003514575028318536f,-0.014037957006657642f,2.018047786889415f,0.5406931911644453f,0.28771812945770847f,0.052273060182222046f,0.5408753927552596f,-2.0173706645207288f,-0.8407199261107627f,0f,0f,0f,1f], start_interpolation: 0, interpolation_duration: 1 }
$data merge entity $(bone_right_foot) { transformation: [-1.1324397998606504f,0.00166522019120405f,-0.02929981456059551f,-0.8188048171722568f,-0.007611487785042604f,1.0756269820928046f,0.3553164970102341f,-8.274068184906215f,0.028342853513163166f,0.355394111987861f,-1.075254788512514f,-3.2109721130995226f,0f,0f,0f,1f], start_interpolation: 0, interpolation_duration: 1 }
$data merge entity $(bone_right_knee) { transformation: [-3.119299407404395f,0.004586840162505593f,-0.0807061834166996f,-0.8442916668473774f,-0.020965802632749893f,2.9628088029431052f,0.9787174017562899f,-4.533144648722294f,0.0780702392998184f,0.9789311917994755f,-2.9617835977051907f,-1.8559785615527706f,0f,0f,0f,1f], start_interpolation: 0, interpolation_duration: 1 }
$data merge entity $(bone_right_thigh) { transformation: [-2.3819269694414245f,-0.008087397716599538f,-0.06119537801346067f,-0.7811014869321171f,-0.016009688139712056f,2.362294691093306f,0.31095634800160504f,-1.2979142682889662f,0.05961518412037295f,0.31126315952100664f,-2.3615561910299188f,-1.6275664371928762f,0f,0f,0f,1f], start_interpolation: 0, interpolation_duration: 1 }
$data merge entity $(bone_right_leg) { transformation: [-1.1365117660907362f,-0.00001460487896745819f,-0.029452617910664412f,-0.7541696573159162f,-0.007638856764148794f,1.098135432381273f,0.29422214633489f,-1.3798792472938604f,0.028444767224058944f,0.2943212926603682f,-1.0977669713022329f,-1.64766805454699f,0f,0f,0f,1f], start_interpolation: 0, interpolation_duration: 1 }
$data merge entity $(bone_left_foot) { transformation: [-1.1324397998606504f,0.004172925220047582f,-0.029048903364470913f,0.8736172873459385f,-0.007611487785042604f,1.0411755277880415f,0.4462922114366239f,-6.787839758257178f,0.028342853513163166f,0.4463376070088671f,-1.0407980474733463f,-0.7607001211388487f,0f,0f,0f,1f], start_interpolation: 0, interpolation_duration: 1 }
$data merge entity $(bone_left_knee) { transformation: [-3.119299407404395f,0.010511527083221553f,-0.08015007762157836f,0.9241276719291095f,-0.020965802632749893f,2.882782025591172f,1.1940232611746733f,-3.1561920041089264f,0.0780702392998184f,1.1941610531685478f,-2.8817438708200336f,0.8640304099504394f,0f,0f,0f,1f], start_interpolation: 0, interpolation_duration: 1 }
$data merge entity $(bone_left_thigh) { transformation: [-2.3819269694414245f,-0.05595701396551261f,-0.026059410586201523f,0.7690176815930488f,-0.016009688139712056f,1.531517936249983f,-1.825262410963067f,-1.2573107677131214f,0.05961518412037295f,-1.8244747166176631f,-1.5313799026661008f,-1.6582729708923245f,0f,0f,0f,1f], start_interpolation: 0, interpolation_duration: 1 }
$data merge entity $(bone_left_leg) { transformation: [-1.1365117660907362f,-0.00001460487896745819f,-0.029452617910664412f,0.7422179523779528f,-0.007638856764148794f,1.098135432381273f,0.29422214633489f,-1.3698215506160545f,0.028444767224058944f,0.2943212926603682f,-1.0977669713022329f,-1.6851198421172295f,0f,0f,0f,1f], start_interpolation: 0, interpolation_duration: 1 }
data modify entity @s data merge value {"locators":{"consume":{"posx":-1.9451229411790387,"posy":-1.4706221599981613,"posz":0.9591017717348194,"roty":333.89377889348157,"rotx":-44.84333792344621}},"cameras":{}}