# This file was generated by Animated Java via MC-Build. It is not recommended to edit this file directly.
$data merge entity $(bone_neck) { transformation: [-1.0481137675810142f,-0.000016344137632320574f,-0.042364096809771816f,0.0006598434009126638f,-0.010984416043303979f,1.013200221009575f,0.27137030329209355f,4.547794130872756f,0.04091527306307706f,0.27159252316204213f,-1.0123737593157758f,0.17908668721848042f,0f,0f,0f,1f], start_interpolation: 0, interpolation_duration: 1 }
$data merge entity $(bone_right_thumb_2) { transformation: [-0.87782024445397f,-0.04290358716710408f,-0.47706488094908733f,-1.692391983048294f,0.4088208345577269f,0.45188039183491735f,-0.7928869003247847f,-0.6606107716680942f,0.24959395757569114f,-0.8910462354352418f,-0.37912987571330714f,1.3469681452380158f,0f,0f,0f,1f], start_interpolation: 0, interpolation_duration: 1 }
$data merge entity $(bone_right_thumb) { transformation: [-0.87782024445397f,-0.04290358716710408f,-0.47706488094908733f,-1.8342348044591175f,0.4088208345577269f,0.45188039183491735f,-0.7928869003247847f,-0.47075661412104186f,0.24959395757569114f,-0.8910462354352418f,-0.37912987571330714f,1.1284028168646862f,0f,0f,0f,1f], start_interpolation: 0, interpolation_duration: 1 }
$data merge entity $(bone_right_fingers2) { transformation: [-0.6703035740793792f,-0.5684208106160814f,-0.47706488094908733f,-1.9721967908522322f,0.04925202160257827f,0.6073751737282433f,-0.7928869003247847f,-1.0572932326753883f,0.740450779555582f,-0.5549713329507596f,-0.37912987571330714f,2.0832412329762473f,0f,0f,0f,1f], start_interpolation: 0, interpolation_duration: 1 }
$data merge entity $(bone_right_fingers) { transformation: [-0.8368049794954102f,-0.2686382803263879f,-0.47706488094908733f,-2.063885036338644f,0.27793535090909266f,0.5422935588852169f,-0.7928869003247847f,-0.8207213658167766f,0.47170898550560325f,-0.7960849014614501f,-0.37912987571330714f,1.6824326920659143f,0f,0f,0f,1f], start_interpolation: 0, interpolation_duration: 1 }
$data merge entity $(bone_right_hand) { transformation: [-0.87782024445397f,-0.04290358716710408f,-0.47706488094908733f,-2.16295300840343f,0.4088208345577269f,0.45188039183491735f,-0.7928869003247847f,-0.4997544151951284f,0.24959395757569114f,-0.8910462354352418f,-0.37912987571330714f,1.0586922394275577f,0f,0f,0f,1f], start_interpolation: 0, interpolation_duration: 1 }
$data merge entity $(bone_right_forearm) { transformation: [-1.487938260444627f,-0.06458402111726746f,-0.21882535807968403f,-2.2127304809524735f,0.16644279551942312f,0.6802287336738628f,-1.3325170039145815f,0.4812867087474917f,0.15605264798156132f,-1.3413178870492026f,-0.6652291311699792f,-0.8777419227473804f,0f,0f,0f,1f], start_interpolation: 0, interpolation_duration: 1 }
$data merge entity $(bone_right_bicep) { transformation: [-1.577605172258534f,-0.0016546739841786426f,-0.0637443374863293f,-2.1174024329106733f,-0.016533578796651505f,1.5349971912680536f,0.36934323009337255f,2.694072097572933f,0.06158505727641956f,0.3697094033124355f,-1.5337621705685232f,-0.5490234294379728f,0f,0f,0f,1f], start_interpolation: 0, interpolation_duration: 1 }
$data merge entity $(bone_right_shoulder) { transformation: [-0.9991841367319731f,-0.00104799605473368f,-0.04037279538811739f,-1.8034743521921581f,-0.010471624933488122f,0.9721981585845277f,0.23392538450562794f,2.917642992913009f,0.039005204453173674f,0.23415730214777156f,-0.9714159520393123f,-0.4438936410369596f,0f,0f,0f,1f], start_interpolation: 0, interpolation_duration: 1 }
$data merge entity $(bone_right_arm) { transformation: [-1.4615253715004208f,-0.000022790819626443807f,-0.059073932852805246f,-1.4361660596801378f,-0.01531704213318058f,1.4128407384944188f,0.3784079511220642f,3.105492861077096f,0.05705364390124063f,0.378717822042595f,-1.4116882922892244f,-0.45581288297351574f,0f,0f,0f,1f], start_interpolation: 0, interpolation_duration: 1 }
$data merge entity $(bone_left_thumb_2) { transformation: [-0.9243597464373977f,-0.05789912603907005f,-0.3771031031032514f,2.0553287416768873f,-0.08814511808352568f,0.994085803882576f,0.06343384488720351f,-1.6472411097971638f,0.3712000772147427f,0.09187549032818487f,-0.9239964269155614f,-2.1627300769852464f,0f,0f,0f,1f], start_interpolation: 0, interpolation_duration: 1 }
$data merge entity $(bone_left_thumb) { transformation: [-0.9243597464373977f,-0.05789912603907005f,-0.3771031031032514f,2.1751467325843983f,-0.08814511808352568f,0.994085803882576f,0.06343384488720351f,-1.3492994124549822f,0.3712000772147427f,0.09187549032818487f,-0.9239964269155614f,-2.1911762354319038f,0f,0f,0f,1f], start_interpolation: 0, interpolation_duration: 1 }
$data merge entity $(bone_left_fingers2) { transformation: [-0.7685906471727689f,0.5167800951163294f,-0.3771031031032514f,2.2863205364363695f,0.5352308706669092f,0.8423206410910088f,0.06343384488720351f,-2.4314081160632943f,0.35042307595774325f,-0.15308256231063364f,-0.9239964269155614f,-2.4935935867683594f,0f,0f,0f,1f], start_interpolation: 0, interpolation_duration: 1 }
$data merge entity $(bone_left_fingers) { transformation: [-0.9078483483795996f,0.18331564574343182f,-0.3771031031032514f,2.327486606179203f,0.172146692492683f,0.983026786810337f,0.06343384488720351f,-1.958884081070921f,0.382330867977283f,-0.007328740615736393f,-0.9239964269155614f,-2.486748145038992f,0f,0f,0f,1f], start_interpolation: 0, interpolation_duration: 1 }
$data merge entity $(bone_left_hand) { transformation: [-0.9243597464373977f,-0.05789912603907005f,-0.3771031031032514f,2.3334058515824494f,-0.08814511808352568f,0.994085803882576f,0.06343384488720351f,-1.2506188721806346f,0.3712000772147427f,0.09187549032818487f,-0.9239964269155614f,-2.472196335964319f,0f,0f,0f,1f], start_interpolation: 0, interpolation_duration: 1 }
$data merge entity $(bone_left_forearm) { transformation: [-1.1260390405465295f,-0.08715724315112164f,-0.9952163554467489f,2.179092170428173f,-0.15677263131371424f,1.4964263547537218f,0.04632933074008343f,0.9027904173116497f,0.9866480229815431f,0.13830285529281797f,-1.1284564231647707f,-2.2404368317038106f,0f,0f,0f,1f], start_interpolation: 0, interpolation_duration: 1 }
$data merge entity $(bone_left_bicep) { transformation: [-1.577605172258534f,0.025180512737187927f,-0.05858344720018854f,2.026465080347997f,-0.016533578796651505f,1.2394347594277897f,0.9779735558484166f,2.790584095366837f,0.06158505727641956f,0.9777891270334896f,-1.2381598692494402f,-0.8231901397631345f,0f,0f,0f,1f], start_interpolation: 0, interpolation_duration: 1 }
$data merge entity $(bone_left_shoulder) { transformation: [-0.9991841367319731f,0.015948203849861883f,-0.037104119678881754f,1.7811098406617516f,-0.010471624933488122f,0.7850022121577496f,0.6194044494340445f,2.977662728890825f,0.039005204453173674f,0.6192876405204635f,-0.7841947540784517f,-0.663815153478216f,0f,0f,0f,1f], start_interpolation: 0, interpolation_duration: 1 }
$data merge entity $(bone_left_arm) { transformation: [-1.4615253715004208f,-0.000022790819626443807f,-0.059073932852805246f,1.4134930843383924f,-0.01531704213318058f,1.4128407384944188f,0.3784079511220642f,3.074988998494011f,0.05705364390124063f,0.378717822042595f,-1.4116882922892244f,-0.5832372429055546f,0f,0f,0f,1f], start_interpolation: 0, interpolation_duration: 1 }
$data merge entity $(bone_chest) { transformation: [-2.063776116034592f,-0.00003218223243132636f,-0.08341652774504406f,-0.00013961923864972857f,-0.021628735524653542f,1.9950300068154625f,0.534338511579562f,3.827808981266654f,0.08056373834635766f,0.5347760710070721f,-1.9934026721145581f,-0.03468542213495707f,0f,0f,0f,1f], start_interpolation: 0, interpolation_duration: 1 }
$data merge entity $(bone_weist) { transformation: [-2.0875687719637988f,-0.00003255325173779239f,-0.08437821187736187f,0.005484765502670951f,-0.021878086730205176f,2.018030109467977f,0.5404987400350424f,0.2886964622012469f,0.08149253352523034f,0.5409413439539711f,-2.0163840137133326f,-0.8407435706675466f,0f,0f,0f,1f], start_interpolation: 0, interpolation_duration: 1 }
$data merge entity $(bone_right_foot) { transformation: [-1.131895773772714f,0.0057530636669910155f,-0.04538735477986052f,-0.8490255427631084f,-0.011862466157154016f,1.0484883031085255f,0.42873384814040055f,-8.111271257127452f,0.044185875708644205f,0.4288593392979208f,-1.047572636090124f,-3.9558908390071736f,0f,0f,0f,1f], start_interpolation: 0, interpolation_duration: 1 }
$data merge entity $(bone_right_knee) { transformation: [-3.117800890437823f,0.0158467832810301f,-0.12501922741137617f,-0.8585521536701823f,-0.032675099955793215f,2.888055455980364f,1.1809451050758915f,-4.473020913568684f,0.12170975969811229f,1.18129076980203f,-2.885533256046884f,-2.3452357893166482f,0f,0f,0f,1f], start_interpolation: 0, interpolation_duration: 1 }
$data merge entity $(bone_right_thigh) { transformation: [-2.3807826875015854f,0.002324481467596445f,-0.096201661748017f,-0.7841079087375228f,-0.02495101997235371f,2.285656065238828f,0.6727110569061147f,-1.3121275110380686f,0.09293874078936233f,0.6731696043845928f,-2.2837669413137633f,-1.6199140234044915f,0f,0f,0f,1f], start_interpolation: 0, interpolation_duration: 1 }
$data merge entity $(bone_right_leg) { transformation: [-1.1359657838230022f,-0.00001771408952986106f,-0.04591501984515839f,-0.7571527522318483f,-0.011905120576049758f,1.0981258130833753f,0.2941163343335831f,-1.3817282849346397f,0.0443447569081168f,0.2943571804865057f,-1.09723007806411f,-1.6371083549079446f,0f,0f,0f,1f], start_interpolation: 0, interpolation_duration: 1 }
$data merge entity $(bone_left_foot) { transformation: [-1.131895773772714f,-0.003968151199086442f,-0.04557810320242131f,0.9422178136540034f,-0.011862466157154016f,1.1154104178002935f,0.1974842630673269f,-6.993950140409662f,0.044185875708644205f,0.19780041971299228f,-1.1145419484026722f,0.1704076044804882f,0f,0f,0f,1f], start_interpolation: 0, interpolation_duration: 1 }
$data merge entity $(bone_left_knee) { transformation: [-3.117800890437823f,-0.012854720582703403f,-0.12536221089959262f,0.9645542102059635f,-0.032675099955793215f,3.080374648430021f,0.49677729751899463f,-3.0852754979798234f,0.12170975969811229f,0.49768474122293216f,-3.077996093715173f,0.9139999880008511f,0f,0f,0f,1f], start_interpolation: 0, interpolation_duration: 1 }
$data merge entity $(bone_left_thigh) { transformation: [-2.3807826875015854f,-0.08844298221204494f,-0.03792099464166232f,0.7652662963266579f,-0.02495101997235371f,1.4741952781005585f,-1.8717671053506633f,-1.253442992240957f,0.09293874078936233f,-1.8698429048901148f,-1.4739186780609812f,-1.6690190132325349f,0f,0f,0f,1f], start_interpolation: 0, interpolation_duration: 1 }
$data merge entity $(bone_left_leg) { transformation: [-1.1359657838230022f,-0.00001771408952986106f,-0.04591501984515839f,0.738515990200875f,-0.011905120576049758f,1.0981258130833753f,0.2941163343335831f,-1.366053414287951f,0.0443447569081168f,0.2943571804865057f,-1.09723007806411f,-1.6954948554018556f,0f,0f,0f,1f], start_interpolation: 0, interpolation_duration: 1 }
data modify entity @s data merge value {"locators":{"consume":{"posx":-1.897338919251812,"posy":-0.9181738756562987,"posz":1.6603044304794368,"roty":308.4746379596459,"rotx":-52.45612121099807}},"cameras":{}}