# This file was generated by Animated Java via MC-Build. It is not recommended to edit this file directly.
$data merge entity $(bone_neck) { transformation: [-1.0449779327129292f,-1.35520991160955e-8f,-0.09142377645623388f,0.0016144878478000578f,-0.02366222573663363f,1.0132268171469807f,0.2704601686864337f,4.48447735206288f,0.08830858381102144f,0.2714932849495645f,-1.0093711790075508f,0.17849743369778115f,0f,0f,0f,1f], start_interpolation: 0, interpolation_duration: 1 }
$data merge entity $(bone_right_thumb_2) { transformation: [-0.7417169757007942f,-0.19882327770131974f,-0.6405663370810015f,-1.2190010361065096f,0.6666263432749214f,-0.3237995118669699f,-0.6713890039065423f,1.0903517690415332f,-0.07392730489591823f,-0.9249990164096481f,0.3727084292473274f,2.255283121894001f,0f,0f,0f,1f], start_interpolation: 0, interpolation_duration: 1 }
$data merge entity $(bone_right_thumb) { transformation: [-0.7417169757007942f,-0.19882327770131974f,-0.6405663370810015f,-1.3854493135002062f,0.6666263432749214f,-0.3237995118669699f,-0.6713890039065423f,1.0959197355962191f,-0.07392730489591823f,-0.9249990164096481f,0.3727084292473274f,1.9792418956401279f,0f,0f,0f,1f], start_interpolation: 0, interpolation_duration: 1 }
$data merge entity $(bone_right_fingers2) { transformation: [-0.46740769756928496f,-0.6092657975396358f,-0.6405663370810015f,-1.3616778517686858f,0.7259868897197533f,0.14892898102256708f,-0.6713890039065423f,1.4216944808813734f,0.504453248783293f,-0.778855151205904f,0.3727084292473274f,3.060019786059189f,0f,0f,0f,1f], start_interpolation: 0, interpolation_duration: 1 }
$data merge entity $(bone_right_fingers) { transformation: [-0.6649843317476096f,-0.3840190181863573f,-0.6405663370810015f,-1.5171590566709305f,0.7277170819199601f,-0.14023071744549953f,-0.6713890039065423f,1.3161475722132345f,0.16799906908100232f,-0.9126142337022293f,0.3727084292473274f,2.624467362109142f,0f,0f,0f,1f], start_interpolation: 0, interpolation_duration: 1 }
$data merge entity $(bone_right_hand) { transformation: [-0.7417169757007942f,-0.19882327770131974f,-0.6405663370810015f,-1.7224373856852675f,0.6666263432749214f,-0.3237995118669699f,-0.6713890039065423f,1.1098720660969112f,-0.07392730489591823f,-0.9249990164096481f,0.3727084292473274f,1.9785589924842957f,0f,0f,0f,1f], start_interpolation: 0, interpolation_duration: 1 }
$data merge entity $(bone_right_forearm) { transformation: [-1.4194334327118256f,-0.29929447893606287f,-0.4020540324330479f,-2.111998933972672f,0.482348699233983f,-0.4874248493657792f,-1.34006441956549f,0.39797765549440456f,0.13625110078295952f,-1.3924279985394217f,0.5555140020164151f,-0.03542832036724203f,0f,0f,0f,1f], start_interpolation: 0, interpolation_duration: 1 }
$data merge entity $(bone_right_bicep) { transformation: [-1.5728851605000231f,-0.04706530896887259f,-0.12931081399065134f,-2.1181351433770073f,-0.03561602839681888f,1.572353312695979f,-0.13907090500770417f,2.5806911519122107f,0.13292076002076295f,-0.1356247572904351f,-1.5674317065856036f,-0.3831460894178476f,0f,0f,0f,1f], start_interpolation: 0, interpolation_duration: 1 }
$data merge entity $(bone_right_shoulder) { transformation: [-0.9961946936461973f,-0.029809049145523403f,-0.0818996516488245f,-1.8094939895558393f,-0.02255758995550821f,0.9958578451759328f,-0.0880812541744666f,2.833874426339191f,0.08418602904614389f,-0.08589861925891243f,-0.992740721297789f,-0.3681152799124999f,0f,0f,0f,1f], start_interpolation: 0, interpolation_duration: 1 }
$data merge entity $(bone_right_arm) { transformation: [-1.4571526570467987f,-1.8897506461512098e-8f,-0.12748441341205893f,-1.4448937390800831f,-0.03299540978273353f,1.4128778250501006f,0.37713882857182573f,3.024643841019688f,0.12314048317383929f,0.37857944091466345f,-1.407501392511573f,-0.3909752718062541f,0f,0f,0f,1f], start_interpolation: 0, interpolation_duration: 1 }
$data merge entity $(bone_left_thumb_2) { transformation: [-0.8417157586540198f,-0.2931909124673007f,-0.4533802713838347f,2.5169867116951794f,-0.4587531352978732f,0.8311585813058164f,0.31419893948909744f,0.19669368281973465f,0.2847106293903674f,0.47245581969988887f,-0.8341015261608427f,-4.235231983564721f,0f,0f,0f,1f], start_interpolation: 0, interpolation_duration: 1 }
$data merge entity $(bone_left_thumb) { transformation: [-0.8417157586540198f,-0.2931909124673007f,-0.4533802713838347f,2.5571670221713827f,-0.4587531352978732f,0.8311585813058164f,0.31419893948909744f,0.5026286954141967f,0.2847106293903674f,0.47245581969988887f,-0.8341015261608427f,-4.141829089554487f,0f,0f,0f,1f], start_interpolation: 0, interpolation_duration: 1 }
$data merge entity $(bone_left_fingers2) { transformation: [-0.8462613275499025f,0.2798000983084123f,-0.4533802713838347f,2.9067302472921077f,0.14202395343094507f,0.938673650996858f,0.31419893948909744f,-0.3119570556496053f,0.5134890087872586f,0.20150355309728807f,-0.8341015261608427f,-4.84113640489171f,0f,0f,0f,1f], start_interpolation: 0, interpolation_duration: 1 }
$data merge entity $(bone_left_fingers) { transformation: [-0.8889183816759376f,-0.06534860548284613f,-0.4533802713838347f,2.8307889501188943f,-0.22800183093296167f,0.9215715878406536f,0.31419893948909744f,0.11495542239479839f,0.39728991405502523f,0.38266874479934165f,-0.8341015261608427f,-4.648784840069243f,0f,0f,0f,1f], start_interpolation: 0, interpolation_duration: 1 }
$data merge entity $(bone_left_hand) { transformation: [-0.8417157586540198f,-0.2931909124673007f,-0.4533802713838347f,2.6634145121991533f,-0.4587531352978732f,0.8311585813058164f,0.31419893948909744f,0.7388433127263769f,0.2847106293903674f,0.47245581969988887f,-0.8341015261608427f,-4.357862003965657f,0f,0f,0f,1f], start_interpolation: 0, interpolation_duration: 1 }
$data merge entity $(bone_left_forearm) { transformation: [-1.321720360284017f,-0.4413488319386415f,-0.5694579859607263f,1.9911683711735242f,-0.6467243323947818f,1.251167254564934f,0.5313605546240061f,2.5227829362657026f,0.31751980586504136f,0.7112015253556508f,-1.2881729166663083f,-3.318467327473304f,0f,0f,0f,1f], start_interpolation: 0, interpolation_duration: 1 }
$data merge entity $(bone_left_bicep) { transformation: [-1.5728851605000231f,0.12713477880528012f,-0.052660971709537985f,1.9867272675719456f,-0.03561602839681888f,0.2075236285433818f,1.5647905930704815f,2.908222990246701f,0.13292076002076295f,1.5600239900907822f,-0.20386608335174775f,-1.043122213579009f,0f,0f,0f,1f], start_interpolation: 0, interpolation_duration: 1 }
$data merge entity $(bone_left_shoulder) { transformation: [-0.9961946936461973f,0.08052144886626084f,-0.033353090166237526f,1.7577213130764846f,-0.02255758995550821f,0.13143612944723845f,0.9910679588258959f,2.934357482399458f,0.08418602904614389f,0.9880490069568446f,-0.12911960488258512f,-0.7833699159153391f,0f,0f,0f,1f], start_interpolation: 0, interpolation_duration: 1 }
$data merge entity $(bone_left_arm) { transformation: [-1.4571526570467987f,-1.8897506461512098e-8f,-0.12748441341205893f,1.396238585085932f,-0.03299540978273353f,1.4128778250501006f,0.37713882857182573f,3.028607384731408f,0.12314048317383929f,0.37857944091466345f,-1.407501392511573f,-0.6472487529260582f,0f,0f,0f,1f], start_interpolation: 0, interpolation_duration: 1 }
$data merge entity $(bone_chest) { transformation: [-2.0576015371818417f,-2.6684601751278466e-8f,-0.18001691431219294f,-0.00013602656617327843f,-0.04659182794649143f,1.995082375627756f,0.5325464217133327f,3.76445574003814f,0.17388298078618464f,0.5345806671692024f,-1.9874904765893606f,-0.035146156067584255f,0f,0f,0f,1f], start_interpolation: 0, interpolation_duration: 1 }
$data merge entity $(bone_weist) { transformation: [-2.0813230082431695f,-2.699224052233663e-8f,-0.18209227533143815f,0.01187975377353052f,-0.047128971158311155f,2.0180830820246025f,0.5386859897021808f,0.22537087483420026f,0.17588762552533385f,0.5407436873638548f,-2.0104036582589524f,-0.8412557844880821f,0f,0f,0f,1f], start_interpolation: 0, interpolation_duration: 1 }
$data merge entity $(bone_right_foot) { transformation: [-1.1285092728562853f,0.09835612293063802f,0.008605031053488685f,-1.2259495090277022f,-0.025553689053398814f,-0.3863357828957354f,1.0645998423023093f,-2.8273050664737047f,0.09536761742405274f,1.06035460499608f,0.3870843339770638f,-6.563255751128694f,0f,0f,0f,1f], start_interpolation: 0, interpolation_duration: 1 }
$data merge entity $(bone_right_knee) { transformation: [-3.1084727916699326f,0.27092141764170224f,0.02370251228290158f,-0.9156058278356012f,-0.07038750062570352f,-1.0641598597948172f,2.9324346050227477f,-4.289790034988044f,0.2626895951140382f,2.9207411214351504f,1.0662217397682046f,-2.875981619167769f,0f,0f,0f,1f], start_interpolation: 0, interpolation_duration: 1 }
$data merge entity $(bone_right_thigh) { transformation: [-2.3736596617426247f,0.04494764551380888f,-0.20274586906543038f,-0.7927148767677816f,-0.05374857112272156f,2.1140123108829694f,1.0979296009225534f,-1.3750820652906788f,0.20059229636902162f,1.098325100615686f,-2.104953935847383f,-1.581464859009771f,0f,0f,0f,1f], start_interpolation: 0, interpolation_duration: 1 }
$data merge entity $(bone_right_leg) { transformation: [-1.1325671059084041f,-1.4688024688763097e-8f,-0.0990868406602981f,-0.7657242538308991f,-0.025645573636484252f,1.0981546384866943f,0.29312991300921765f,-1.4544643230055812f,0.09571053518236737f,0.2942496242103559f,-1.0939758239947295f,-1.6025818672769407f,0f,0f,0f,1f], start_interpolation: 0, interpolation_duration: 1 }
$data merge entity $(bone_left_foot) { transformation: [-1.1285092728562853f,-0.06670226565730437f,-0.07279272788926569f,1.2261309115743912f,-0.025553689053398814f,1.0040698456164383f,-0.5239006647252362f,-7.747911469438062f,0.09536761742405274f,-0.5202650336895269f,-1.0017536946110532f,1.6473403496584569f,0f,0f,0f,1f], start_interpolation: 0, interpolation_duration: 1 }
$data merge entity $(bone_left_knee) { transformation: [-3.1084727916699326f,-0.18373103608947944f,-0.20050718192373357f,1.0332703917239978f,-0.07038750062570352f,2.7657050509964223f,-1.4430815953459875f,-4.170193674788759f,0.2626895951140382f,-1.4330672689891915f,-2.759325225367329f,-0.08295043791085144f,0f,0f,0f,1f], start_interpolation: 0, interpolation_duration: 1 }
$data merge entity $(bone_left_thigh) { transformation: [-2.3736596617426247f,-0.14029878277991498f,-0.15310920877205886f,0.7533862724351688f,-0.05374857112272156f,2.1119189247596f,-1.1019509582503955f,-1.3570685290877305f,0.20059229636902162f,-1.0943039225174938f,-2.107047228669703f,-1.7004382501282493f,0f,0f,0f,1f], start_interpolation: 0, interpolation_duration: 1 }
$data merge entity $(bone_left_leg) { transformation: [-1.1325671059084041f,-1.4688024688763097e-8f,-0.0990868406602981f,0.7254696211411572f,-0.025645573636484252f,1.0981546384866943f,0.29312991300921765f,-1.4206980921770804f,0.09571053518236737f,0.2942496242103559f,-1.0939758239947295f,-1.728599092295823f,0f,0f,0f,1f], start_interpolation: 0, interpolation_duration: 1 }
data modify entity @s data merge value {"locators":{"consume":{"posx":-1.3727935653481824,"posy":1.1944701794842154,"posz":2.6700467188989445,"rotx":239.80735545758876,"roty":-42.17435951147617}},"cameras":{}}