# This file was generated by Animated Java via MC-Build. It is not recommended to edit this file directly.
$data merge entity $(bone_neck) { transformation: [-1.0489695833333332f,-2.8023777461434157e-18f,1.284311538515671e-16f,-1.259243071223266e-17f,0f,1.0487199569785008f,0.022883150865168147f,4.549575f,-1.2846172426320994e-16f,0.022883150865168147f,-1.0487199569785008f,0.102825f,0f,0f,0f,1f], start_interpolation: 0, interpolation_duration: 1 }
$data merge entity $(bone_right_thumb_2) { transformation: [-0.823267433704423f,0.3857262152770176f,-0.4164685095536053f,-4.264960601924172f,0.537482096537366f,0.2936787529289765f,-0.7904845260850327f,-0.19585849838428776f,-0.18260265196193423f,-0.8746245348297457f,-0.4490970881338687f,1.7033775363768358f,0f,0f,0f,1f], start_interpolation: 0, interpolation_duration: 1 }
$data merge entity $(bone_right_thumb) { transformation: [-0.823267433704423f,0.328066225301975f,-0.46325293784049265f,-4.292422110461871f,0.537482096537366f,0.18798735528735128f,-0.8220545907382701f,-0.06265632547334582f,-0.18260265196193423f,-0.9257609335396374f,-0.33109359013470485f,1.411080022580939f,0f,0f,0f,1f], start_interpolation: 0, interpolation_duration: 1 }
$data merge entity $(bone_right_fingers2) { transformation: [0.7794570412970036f,-0.5366997090427078f,-0.3231101098480115f,-4.420634994122497f,-0.5753375470858677f,-0.4092228045827051f,-0.7081831706011392f,-0.6276835984094951f,0.2478576762695445f,0.7378957368916951f,-0.6277550906136278f,1.8454905731684086f,0f,0f,0f,1f], start_interpolation: 0, interpolation_duration: 1 }
$data merge entity $(bone_right_fingers) { transformation: [-0.39319473971377283f,-0.8608122638388841f,-0.3231101098480115f,-4.811245446613838f,-0.5029121072572705f,0.49553608269365174f,-0.7081831706011392f,-0.37611482352231057f,0.7697254764105642f,-0.11595791121439769f,-0.6277550906136278f,1.7497978622532773f,0f,0f,0f,1f], start_interpolation: 0, interpolation_duration: 1 }
$data merge entity $(bone_right_hand) { transformation: [-0.823267433704423f,0.46672324724159553f,-0.3231101098480115f,-4.543077780298757f,0.537482096537366f,0.4578095595104099f,-0.7081831706011392f,-0.040448477973829f,-0.18260265196193423f,-0.7566900407069891f,-0.6277550906136278f,1.1865034401726553f,0f,0f,0f,1f], start_interpolation: 0, interpolation_duration: 1 }
$data merge entity $(bone_right_forearm) { transformation: [-1.239288479922084f,0.7025721168341515f,-0.48638707239908213f,-3.4926528811749877f,0.8090874764788459f,0.689154082709839f,-1.0660487820483706f,0.9341147014320959f,-0.2748770979089818f,-1.1390675884024177f,-0.9449780474241699f,-0.4449164594010747f,0f,0f,0f,1f], start_interpolation: 0, interpolation_duration: 1 }
$data merge entity $(bone_right_bicep) { transformation: [-1.3183979943658464f,0.8588121869828482f,-0.13104393914369308f,-2.161388614747034f,0.8306246321869434f,1.3158950098936553f,0.2671838344393735f,2.8044695482700592f,0.2545458836847761f,0.1541626039970748f,-1.5505948673565322f,-0.29592181997364514f,0f,0f,0f,1f], start_interpolation: 0, interpolation_duration: 1 }
$data merge entity $(bone_right_shoulder) { transformation: [-0.9655414216564412f,0.24666010099854224f,-0.08299733514425278f,-1.795433125f,0.2302643848496996f,0.9583017027274602f,0.1692222196386753f,2.9536378377430945f,0.12127685737785225f,0.14427973220462936f,-0.9820770248506542f,-0.23750556833325878f,0f,0f,0f,1f], start_interpolation: 0, interpolation_duration: 1 }
$data merge entity $(bone_right_arm) { transformation: [-1.46271875f,-3.907730537658629e-18f,1.7908875510561462e-16f,-1.4259925f,0f,1.4623706625477908f,0.03190904136914695f,3.038398145929489f,-1.7913138352403177e-16f,0.03190904136914695f,-1.4623706625477908f,-0.24381490840675973f,0f,0f,0f,1f], start_interpolation: 0, interpolation_duration: 1 }
$data merge entity $(bone_left_thumb_2) { transformation: [-0.7122694363018034f,0.16174753071010275f,0.683015363238263f,3.5267131702574748f,-0.6821059545581879f,-0.3890025664399019f,-0.6191998627740751f,1.3912028556960718f,0.1655406803978249f,-0.906925983535787f,0.38740359255054824f,2.4805366158832984f,0f,0f,0f,1f], start_interpolation: 0, interpolation_duration: 1 }
$data merge entity $(bone_left_thumb) { transformation: [-0.7122694363018034f,0.2206607438139285f,0.6663190573965265f,3.6950749358299655f,-0.6821059545581879f,-0.4414891181808348f,-0.582939812745855f,1.3653220204896648f,0.1655406803978249f,-0.8697104085081386f,0.464973212632763f,2.206822735795062f,0f,0f,0f,1f], start_interpolation: 0, interpolation_duration: 1 }
$data merge entity $(bone_left_fingers2) { transformation: [0.556871826442809f,0.4515329951797361f,0.6971454103544448f,3.6764211297095493f,0.49266498199393244f,0.49617851744432956f,-0.7149042553682736f,1.167608862210709f,-0.6687114358459626f,0.7415691694580919f,0.05385334231101789f,2.959323609232457f,0f,0f,0f,1f], start_interpolation: 0, interpolation_duration: 1 }
$data merge entity $(bone_left_fingers) { transformation: [-0.1126031312511234f,0.7080316459411795f,0.6971454103544448f,4.011030404298797f,-0.1833707099219234f,0.6747496486839133f,-0.7149042553682736f,1.4717392017594677f,-0.9765734573370162f,-0.2083365065147254f,0.05385334231101789f,2.8159296102616844f,0f,0f,0f,1f], start_interpolation: 0, interpolation_duration: 1 }
$data merge entity $(bone_left_hand) { transformation: [-0.7122694363018034f,-0.08161205138975869f,0.6971454103544448f,4.018396487239618f,-0.6821059545581879f,-0.15376401533713235f,-0.7149042553682736f,1.385045384053571f,0.1655406803978249f,-0.9847314865765989f,0.05385334231101789f,2.1128532833016758f,0f,0f,0f,1f], start_interpolation: 0, interpolation_duration: 1 }
$data merge entity $(bone_left_forearm) { transformation: [-1.0721999569903304f,-0.12285300130850266f,1.049433319614348f,3.8067557575454747f,-1.0267939881534485f,-0.23146545707076605f,-1.0761662269799774f,1.0257505192719965f,0.24919321447269083f,-1.48234502807878f,0.08106700690325933f,-0.01806486382510958f,0f,0f,0f,1f], start_interpolation: 0, interpolation_duration: 1 }
$data merge entity $(bone_left_bicep) { transformation: [-1.1294360294518233f,-1.0811997843992884f,0.21973948128517437f,2.0424183596950067f,-1.0881028110557638f,1.1435790584601508f,0.03410817597562343f,2.617567299601646f,-0.1825121530010801f,-0.12703590559669314f,-1.5631555747079633f,-0.21011888015295696f,0f,0f,0f,1f], start_interpolation: 0, interpolation_duration: 1 }
$data merge entity $(bone_left_shoulder) { transformation: [-0.9902680687415704f,-2.6715529131342774e-18f,0.13917310096006552f,1.795433125f,0.003036045197347195f,0.9997620270799091f,0.021602584072994226f,2.859910147704353f,-0.13913998153083196f,0.02181488503456112f,-0.9900324117575792f,-0.23955071380524848f,0f,0f,0f,1f], start_interpolation: 0, interpolation_duration: 1 }
$data merge entity $(bone_left_arm) { transformation: [-1.46271875f,-3.907730537658629e-18f,1.7908875510561462e-16f,1.4259925f,0f,1.4623706625477908f,0.03190904136914695f,2.9759130192369945f,-1.7913138352403177e-16f,0.03190904136914695f,-1.4623706625477908f,-0.24517833872141948f,0f,0f,0f,1f], start_interpolation: 0, interpolation_duration: 1 }
$data merge entity $(bone_chest) { transformation: [-2.06546125f,-5.5179890194034655e-18f,2.5288585654719103e-16f,-6.280472972458901e-18f,0f,2.064969726155003f,0.0450577997120909f,3.8388498340047903f,-2.529460508575391e-16f,0.0450577997120909f,-2.064969726155003f,0.051283953682250354f,0f,0f,0f,1f], start_interpolation: 0, interpolation_duration: 1 }
$data merge entity $(bone_weist) { transformation: [-2.0892733333333333f,-5.581604260000429e-18f,2.558013017485586e-16f,-1.3469978513136368e-17f,0f,2.088776142857332f,0.04557725757244096f,0.2095754835971504f,-2.5586219002105877e-16f,0.04557725757244096f,-2.088776142857332f,0.10999072159021436f,0f,0f,0f,1f], start_interpolation: 0, interpolation_duration: 1 }
$data merge entity $(bone_right_foot) { transformation: [-1.0911799705975942f,-0.28515997541094923f,0.1062601175900941f,-0.6862284553436648f,0.16731401363671114f,-0.2317697429787872f,1.0961614659712873f,-4.431751380581453f,-0.2541917485037787f,1.0715632165500895f,0.26536763240722844f,-3.054502157260754f,0f,0f,0f,1f], start_interpolation: 0, interpolation_duration: 1 }
$data merge entity $(bone_right_knee) { transformation: [-3.0009024875050416f,-0.7041304009610458f,0.48512674540398987f,-1.6340587908828612f,0.4583801384148809f,0.16974282649909017f,3.0818238661118564f,-4.3211007174271465f,-0.7218277006118466f,3.0351196140304437f,-0.05980818785816764f,0.8082093377372366f,0f,0f,0f,1f], start_interpolation: 0, interpolation_duration: 1 }
$data merge entity $(bone_right_thigh) { transformation: [-2.2957118251787967f,0.5572873043395191f,0.31068383318202175f,-0.77532f,0.42320818587619974f,2.1982847705856656f,-0.8159811682036234f,-1.415139853406299f,-0.47748132443694397f,-0.7310002023786082f,-2.2169881950476915f,-0.3497370589855788f,0f,0f,0f,1f], start_interpolation: 0, interpolation_duration: 1 }
$data merge entity $(bone_right_leg) { transformation: [-1.1368933333333335f,-3.0372706965896062e-18f,1.3919614536597637e-16f,-0.748445f,0f,1.1366227835069684f,0.024801197363225645f,-1.530791875f,-1.3922927816386319e-16f,0.024801197363225645f,-1.1366227835069684f,-0.3497600000000001f,0f,0f,0f,1f], start_interpolation: 0, interpolation_duration: 1 }
$data merge entity $(bone_left_foot) { transformation: [-1.1237532890503288f,0.03234299849715054f,-0.13933279655839131f,0.6063852574241286f,-0.01704710949247336f,1.0653324136890368f,0.38478227194277476f,-6.63155340410355f,0.1420179348058561f,0.3837993371433894f,-1.0563191408858286f,-0.7219628621685212f,0f,0f,0f,1f], start_interpolation: 0, interpolation_duration: 1 }
$data merge entity $(bone_left_knee) { transformation: [-3.0881760589443554f,0.3489206289739398f,-0.2792603513159637f,1.0950355075804086f,0.08004868782711762f,2.350113221598759f,2.0511273420784093f,-3.7107356718739455f,0.4396864299905582f,2.022816244872705f,-2.334834812773491f,1.9353310086575426f,0f,0f,0f,1f], start_interpolation: 0, interpolation_duration: 1 }
$data merge entity $(bone_left_thigh) { transformation: [-2.345149475881984f,-0.15443166788694665f,-0.39218766396784543f,0.77532f,0.14500232828440446f,1.7861256122129854f,-1.5703872102871113f,-1.407327353406299f,0.39577092946173f,-1.569487981921139f,-1.7485591823105542f,-0.32629955898557855f,0f,0f,0f,1f], start_interpolation: 0, interpolation_duration: 1 }
$data merge entity $(bone_left_leg) { transformation: [-1.1368933333333335f,-3.0372706965896062e-18f,1.3919614536597637e-16f,0.748445f,0f,1.1366227835069684f,0.024801197363225645f,-1.522979375f,-1.3922927816386319e-16f,0.024801197363225645f,-1.1366227835069684f,-0.3263224999999999f,0f,0f,0f,1f], start_interpolation: 0, interpolation_duration: 1 }
execute on vehicle unless entity @s[tag=aj.transforms_only] positioned ^0 ^0 ^0 rotated ~0 ~0 run function animated_java:attack/animations/kick_1/zzz/frames/zzz/0
data modify entity @s data merge value {"locators":{"consume":{"posx":-4.67022965313519,"posy":-0.497874820151204,"posz":1.8046914863100079,"rotx":332.7647903789383,"roty":-45.08728470447151}},"cameras":{}}