# This file was generated by Animated Java via MC-Build. It is not recommended to edit this file directly.
$data merge entity $(bone_right_thumb) { transformation: [-0.9974320149458616f,0.13450542564940204f,-0.29922845124070846f,-5.295868003346259f,0.2308385208176657f,0.9682478185455258f,-0.33423006924653553f,-15.63867542056009f,0.23311574993498824f,-0.38328116618574537f,-0.9493432439215778f,-1.215007106911973f,0f,0f,0f,1f], start_interpolation: 0, interpolation_duration: 1 }
$data merge entity $(bone_right_fingers_2) { transformation: [-0.7869091124460499f,-0.5473214286195021f,-0.2849794773721031f,-5.242920361263833f,-0.4609016522789948f,0.8283994449851007f,-0.31831435166336697f,-17.63118571117442f,0.4102971065896789f,-0.11913695195985319f,-0.9041364227824544f,-0.9034881559289281f,0f,0f,0f,1f], start_interpolation: 0, interpolation_duration: 1 }
$data merge entity $(bone_right_fingers) { transformation: [-0.9551439961574957f,-0.08053970499705523f,-0.2849794773721031f,-5.739251028926641f,0.015047182972718814f,0.947865789977524f,-0.31831435166336697f,-16.814935336190448f,0.2957592414259869f,-0.30832418022151853f,-0.9041364227824544f,-1.034634188370362f,0f,0f,0f,1f], start_interpolation: 0, interpolation_duration: 1 }
$data merge entity $(bone_right_hand) { transformation: [-0.997432014945861f,0.13450542564940196f,-0.2992284512407083f,-5.627158755333892f,0.23083852081766557f,0.9682478185455251f,-0.3342300692465353f,-15.3902921947288f,0.23311574993498807f,-0.38328116618574515f,-0.9493432439215772f,-1.502190405352513f,0f,0f,0f,1f], start_interpolation: 0, interpolation_duration: 1 }
$data merge entity $(bone_right_forearm) { transformation: [-4.215735690956852f,0.18538338522758924f,-0.6847120449313728f,-5.3058879978837235f,0.3445578795830711f,4.1420976019230515f,-0.9999661613077305f,-9.079457597705304f,0.6200624578296617f,-1.0412902845147742f,-4.099617310404152f,-2.4369130791540323f,0f,0f,0f,1f], start_interpolation: 0, interpolation_duration: 1 }
$data merge entity $(bone_right_bicep) { transformation: [-3.5500932134373504f,0.25520744722392036f,-0.5400993749186528f,-4.381116165078028f,0.2901540038594284f,3.5818594006628546f,-0.21469487168417412f,-4.735525151430911f,0.5221578592249785f,-0.25524966751122513f,-3.552773392335205f,-1.665849676148451f,0f,0f,0f,1f], start_interpolation: 0, interpolation_duration: 1 }
$data merge entity $(bone_right_arm) { transformation: [-1.1999848069858692f,-0.005680243393975379f,-0.0020488626288007322f,-4.1375f,-0.005652389591411479f,1.1998797192658628f,-0.01602216547105564f,-3.380205030893145f,0.0021244987628615698f,-0.016012311808735906f,-1.199891283565118f,-1.667499866729071f,0f,0f,0f,1f], start_interpolation: 0, interpolation_duration: 1 }
$data merge entity $(bone_left_thumb) { transformation: [-0.9937677807187052f,-0.09978466593332659f,0.3239886085188728f,5.280812462754112f,-0.21067681067095592f,0.9679623684912638f,-0.3480863896079512f,-15.655973912137881f,-0.2655953302506187f,-0.3944513577481495f,-0.936144885645223f,-1.225307222072399f,0f,0f,0f,1f], start_interpolation: 0, interpolation_duration: 1 }
$data merge entity $(bone_left_fingers_2) { transformation: [-0.9511982091677026f,0.003512211410826291f,0.3085605795417834f,5.323238513243802f,-0.10407694360601202f,0.9376932056744841f,-0.3315108472456676f,-17.709593564703983f,-0.2904994951558205f,-0.3474465662557554f,-0.8915665577573546f,-0.8255746451061106f,0f,0f,0f,1f], start_interpolation: 0, interpolation_duration: 1 }
$data merge entity $(bone_left_fingers) { transformation: [-0.948904692547491f,-0.06610789071049257f,0.3085605795417834f,5.691528738936225f,-0.17242023108460458f,0.9275623009109367f,-0.3315108472456676f,-16.840252894272506f,-0.2642936782711294f,-0.36777428501000226f,-0.8915665577573546f,-1.0215776974863982f,0f,0f,0f,1f], start_interpolation: 0, interpolation_duration: 1 }
$data merge entity $(bone_left_hand) { transformation: [-0.9937677807187046f,-0.09978466593332652f,0.32398860851887257f,5.627158755333891f,-0.21067681067095578f,0.9679623684912633f,-0.34808638960795096f,-15.41716604528878f,-0.26559533025061854f,-0.3944513577481492f,-0.9361448856452224f,-1.5026825715130125f,0f,0f,0f,1f], start_interpolation: 0, interpolation_duration: 1 }
$data merge entity $(bone_left_forearm) { transformation: [-4.215735690956852f,-0.18538338522758904f,0.6847120449313738f,5.3058879978837235f,-0.3445578795830711f,4.1420976019230515f,-0.9999661613077305f,-9.106331448265284f,-0.6200624578296627f,-1.0412902845147742f,-4.099617310404152f,-2.437405245314532f,0f,0f,0f,1f], start_interpolation: 0, interpolation_duration: 1 }
$data merge entity $(bone_left_bicep) { transformation: [-3.5500932134373504f,-0.25520744722392036f,0.5400993749186536f,4.381116165078028f,-0.2901540038594284f,3.5818594006628546f,-0.21469487168417412f,-4.762399001990891f,-0.5221578592249794f,-0.2552496675112252f,-3.552773392335205f,-1.6663418423089509f,0f,0f,0f,1f], start_interpolation: 0, interpolation_duration: 1 }
$data merge entity $(bone_left_arm) { transformation: [-1.1999848069858692f,0.005680243393975382f,0.002048862628801026f,4.1375f,0.005652389591411479f,1.1998797192658628f,-0.01602216547105564f,-3.407078881453125f,-0.002124498762861864f,-0.016012311808735906f,-1.199891283565118f,-1.667992032889571f,0f,0f,0f,1f], start_interpolation: 0, interpolation_duration: 1 }
$data merge entity $(bone_chest) { transformation: [-6.061547916666667f,-1.3592627874603804e-17f,7.422010685329365e-16f,8.344437127690384e-19f,0f,6.060531649204373f,0.110992229629535f,-2.5830931250000013f,-7.423255254024141e-16f,0.110992229629535f,-6.060531649204373f,-0.006813750000000063f,0f,0f,0f,1f], start_interpolation: 0, interpolation_duration: 1 }
$data merge entity $(bone_waist) { transformation: [-5.023832916666667f,7.51064607798335e-18f,6.15196244792891e-16f,0.0000012500000003113036f,0f,5.023458561449836f,-0.06132907939834207f,-7.9604775f,-6.152420900846945e-16f,-0.06132907939834207f,-5.023458561449836f,-2.541986572265625f,0f,0f,0f,1f], start_interpolation: 0, interpolation_duration: 1 }
$data merge entity $(bone_hip) { transformation: [-4.3939320833333335f,6.568942342634513e-18f,5.380613890589356e-16f,1.314196800122255e-16f,0f,4.393604665717127f,-0.05363948484745207f,-11.21196125f,-5.381014861525028e-16f,-0.05363948484745207f,-4.393604665717127f,-1.073123125f,0f,0f,0f,1f], start_interpolation: 0, interpolation_duration: 1 }
$data merge entity $(bone_right_foot) { transformation: [-2.0043003116395135f,-0.21730330328313419f,-0.3117042430638191f,-1.0720490569996974f,-0.37523304910221444f,1.3954685207071154f,1.4399540848849832f,-17.273665169026046f,0.05983660771806338f,1.4720892914825963f,-1.4110183196114294f,-3.0493952362350227f,0f,0f,0f,1f], start_interpolation: 0, interpolation_duration: 1 }
$data merge entity $(bone_right_knee) { transformation: [-2.800125435378732f,-0.3591546723575651f,-0.3909033991522693f,-1.342744655817145f,-0.5242226421280937f,2.2013343291901695f,1.7325754796282637f,-15.261616787568014f,0.08359526078258855f,1.774157572610899f,-2.228873423934633f,0.3090300440429248f,0f,0f,0f,1f], start_interpolation: 0, interpolation_duration: 1 }
$data merge entity $(bone_right_thigh) { transformation: [-3.733460699163056f,-0.8091684438316273f,0.19272425200793f,-1.6874999999999998f,-0.83176232563462f,3.6229277817126255f,-0.9017708811830902f,-12.21449625f,0.008224442826217348f,-0.9220985402883694f,-3.712181520418723f,-2.3747187500000004f,0f,0f,0f,1f], start_interpolation: 0, interpolation_duration: 1 }
$data merge entity $(bone_left_foot) { transformation: [-1.9893108618954138f,0.4505825284574564f,-0.034895268931651985f,0.5343404018953972f,0.45029087227832226f,1.9895812147728746f,0.020117658057535837f,-18.975413113929136f,0.03847629254170064f,0.011915320884379263f,-2.0396023141878588f,-0.5595479867168619f,0f,0f,0f,1f], start_interpolation: 0, interpolation_duration: 1 }
$data merge entity $(bone_left_knee) { transformation: [-2.7791842923538868f,0.618868675646679f,-0.12504491767661777f,1.3849113470911767f,0.6290828362711856f,2.7622978904809794f,-0.31058839217416334f,-15.26643226342347f,0.053753643992081775f,-0.33047227803199547f,-2.830264761327095f,0.30864370863989965f,0f,0f,0f,1f], start_interpolation: 0, interpolation_duration: 1 }
$data merge entity $(bone_left_thigh) { transformation: [-3.7432068619155334f,0.7636361028836528f,-0.18943941321999677f,1.6875000000000002f,0.7867828706306979f,3.6327065525236537f,-0.9027961108322479f,-12.21449625f,-0.0003215440690033507f,-0.9224575901494771f,-3.7121014117323137f,-2.3747187499999995f,0f,0f,0f,1f], start_interpolation: 0, interpolation_duration: 1 }
data modify entity @s data merge value {"locators":{"consume":{"posx":-4.736758584974969,"posy":-16.93161553289567,"posz":-0.24810124323045146,"roty":342.5053977145893,"rotx":-18.561014608162424}},"cameras":{}}