# This file was generated by Animated Java via MC-Build. It is not recommended to edit this file directly.
$data merge entity $(bone_right_thumb) { transformation: [-0.8557428954206736f,0.10330105126427537f,-0.5996106984908954f,-5.448911363845813f,0.4765791176382657f,0.7570820610141606f,-0.5497263842328146f,-15.131714911438308f,0.3782544666863511f,-0.7201775098531247f,-0.6639035417389921f,0.5973035324983872f,0f,0f,0f,1f], start_interpolation: 0, interpolation_duration: 1 }
$data merge entity $(bone_right_fingers_2) { transformation: [-0.6673419253337962f,-0.4780666632543502f,-0.5710578080865667f,-5.491298494719044f,-0.15248213728665644f,0.8382396483064418f,-0.523548937364585f,-16.900576521265194f,0.728974589749379f,-0.2623100407760722f,-0.6322890873704683f,1.5664664208946817f,0f,0f,0f,1f], start_interpolation: 0, interpolation_duration: 1 }
$data merge entity $(bone_right_fingers) { transformation: [-0.8169683919766607f,-0.08034691241382982f,-0.5710578080865667f,-5.925677792342204f,0.2870664196396299f,0.8021778985360403f,-0.523548937364585f,-16.087053318458047f,0.5001554930482655f,-0.5916544538544999f,-0.6322890873704683f,1.2848590480508042f,0f,0f,0f,1f], start_interpolation: 0, interpolation_duration: 1 }
$data merge entity $(bone_right_hand) { transformation: [-0.8557428954206732f,0.1033010512642753f,-0.5996106984908951f,-5.8263029041288545f,0.47657911763826544f,0.7570820610141602f,-0.5497263842328143f,-14.92687105989504f,0.3782544666863508f,-0.7201775098531242f,-0.6639035417389917f,0.3336054893926583f,0f,0f,0f,1f], start_interpolation: 0, interpolation_duration: 1 }
$data merge entity $(bone_right_forearm) { transformation: [-4.033316371295691f,0.005066317274374109f,-1.4170244816048303f,-5.6626010474498125f,0.658659991796755f,3.791794597990965f,-1.8612054539606395f,-9.005577497127485f,1.2546517701117152f,-1.9743082482418508f,-3.5782091717337776f,-2.057009271112964f,0f,0f,0f,1f], start_interpolation: 0, interpolation_duration: 1 }
$data merge entity $(bone_right_bicep) { transformation: [-3.3964769442490037f,0.4285821937717571f,-1.113670359831286f,-4.363740557690407f,0.5546610457235833f,3.5418047490708595f,-0.3285882587919592f,-4.70625842915893f,1.0565488590414447f,-0.4815977809758873f,-3.4076044497296523f,-1.6719017641168805f,0f,0f,0f,1f], start_interpolation: 0, interpolation_duration: 1 }
$data merge entity $(bone_right_arm) { transformation: [-1.1998089572805037f,-0.0210685666117386f,-0.003818577012169718f,-4.1375f,-0.02098915066741116f,1.199582287794634f,-0.023702117282069484f,-3.347970849751703f,0.004233389154312559f,-0.02363155327774704f,-1.199759821008334f,-1.6825905355510893f,0f,0f,0f,1f], start_interpolation: 0, interpolation_duration: 1 }
$data merge entity $(bone_left_thumb) { transformation: [-0.8357712150293992f,-0.02069942488617794f,0.6352621584335597f,5.422459101627421f,-0.45010783660484127f,0.7602333589813489f,-0.5674047720268544f,-15.14250619599481f,-0.44876431626767394f,-0.7239590967045848f,-0.6139982204725758f,0.5639264707941593f,0f,0f,0f,1f], start_interpolation: 0, interpolation_duration: 1 }
$data merge entity $(bone_left_fingers_2) { transformation: [-0.782113475932871f,0.14919617784271305f,0.6050115794605326f,5.429833855363636f,-0.26572579434485577f,0.7983566350133389f,-0.5403854971684323f,-16.923459893044665f,-0.5636384594613802f,-0.5834099620741009f,-0.5847602099738813f,1.6402024377386852f,0f,0f,0f,1f], start_interpolation: 0, interpolation_duration: 1 }
$data merge entity $(bone_left_fingers) { transformation: [-0.7956430525127001f,0.03021790374835406f,0.6050115794605326f,5.811859854337642f,-0.38244766624691356f,0.7494780163769419f,-0.5403854971684323f,-16.11226220853851f,-0.4697721953996025f,-0.6613392331177241f,-0.5847602099738813f,1.2854877060048815f,0f,0f,0f,1f], start_interpolation: 0, interpolation_duration: 1 }
$data merge entity $(bone_left_hand) { transformation: [-0.8357712150293988f,-0.020699424886177927f,0.6352621584335593f,5.8263029041288545f,-0.450107836604841f,0.7602333589813485f,-0.5674047720268539f,-14.949120919436863f,-0.44876431626767366f,-0.7239590967045844f,-0.6139982204725755f,0.3327677501672559f,0f,0f,0f,1f], start_interpolation: 0, interpolation_duration: 1 }
$data merge entity $(bone_left_forearm) { transformation: [-4.03331637129569f,-0.005066317274373694f,1.417024481604831f,5.6626010474498125f,-0.658659991796755f,3.791794597990965f,-1.8612054539606395f,-9.027827356669308f,-1.2546517701117161f,-1.9743082482418508f,-3.578209171733777f,-2.0578470103383664f,0f,0f,0f,1f], start_interpolation: 0, interpolation_duration: 1 }
$data merge entity $(bone_left_bicep) { transformation: [-3.3964769442490037f,-0.428582193771757f,1.113670359831287f,4.363740557690407f,-0.5546610457235833f,3.5418047490708595f,-0.3285882587919592f,-4.728508288700753f,-1.0565488590414456f,-0.4815977809758874f,-3.407604449729652f,-1.6727395033422834f,0f,0f,0f,1f], start_interpolation: 0, interpolation_duration: 1 }
$data merge entity $(bone_left_arm) { transformation: [-1.1998089572805037f,0.021068566611738608f,0.0038185770121700125f,4.1375f,0.02098915066741116f,1.199582287794634f,-0.023702117282069484f,-3.370220709293526f,-0.004233389154312852f,-0.02363155327774704f,-1.199759821008334f,-1.6834282747764922f,0f,0f,0f,1f], start_interpolation: 0, interpolation_duration: 1 }
$data merge entity $(bone_chest) { transformation: [-6.061547916666667f,-2.792983402209416e-17f,7.417999123992051e-16f,8.344437127690384e-19f,0f,6.057255960785388f,0.2280644022549195f,-2.5830931250000013f,-7.423255254024141e-16f,0.2280644022549195f,-6.057255960785388f,-0.006813750000000063f,0f,0f,0f,1f], start_interpolation: 0, interpolation_duration: 1 }
$data merge entity $(bone_waist) { transformation: [-5.023832916666667f,1.5434255907394205e-17f,6.150484640712214e-16f,0.0000012500000003135632f,0f,5.022251840281149f,-0.1260302637310622f,-7.9604775f,-6.152420900846945e-16f,-0.1260302637310622f,-5.022251840281149f,-2.5604375f,0f,0f,0f,1f], start_interpolation: 0, interpolation_duration: 1 }
$data merge entity $(bone_hip) { transformation: [-4.3939320833333335f,1.3499070000694477e-17f,5.379321374566206e-16f,1.314196800122255e-16f,0f,4.392549246290032f,-0.11022827161344034f,-11.21196125f,-5.381014861525028e-16f,-0.11022827161344034f,-4.392549246290032f,-1.073123125f,0f,0f,0f,1f], start_interpolation: 0, interpolation_duration: 1 }
$data merge entity $(bone_right_foot) { transformation: [-1.8700000973394437f,-0.6009854364271802f,-0.5509229902199602f,0.07578270789211217f,-0.8140505819118623f,1.452375154059705f,1.178782448952734f,-16.997386219432112f,0.04495871483293592f,1.3003933701278543f,-1.5711638351515387f,-1.7458532903185935f,0f,0f,0f,1f], start_interpolation: 0, interpolation_duration: 1 }
$data merge entity $(bone_right_knee) { transformation: [-2.612500135988929f,-1.017567888034216f,-0.5117603273988843f,-0.9855930303974153f,-1.1372765482592195f,2.4010157802423704f,1.0316129486424233f,-14.393693131149202f,0.06280996925189576f,1.1498603464198185f,-2.6069860167430647f,0.9964435075235354f,0f,0f,0f,1f], start_interpolation: 0, interpolation_duration: 1 }
$data merge entity $(bone_right_thigh) { transformation: [-3.4433427856158443f,-1.4685919294156464f,0.7856546350671837f,-1.6874999999999998f,-1.6654518213834077f,3.01770914222699f,-1.6584109151746245f,-12.21449625f,0.016902408053600212f,-1.8350188766808027f,-3.3560460412257638f,-2.3747187500000004f,0f,0f,0f,1f], start_interpolation: 0, interpolation_duration: 1 }
$data merge entity $(bone_left_foot) { transformation: [-1.8213800972957792f,0.9177997285798932f,-0.04264034935940599f,-0.6994323976435761f,0.9168270209742955f,1.8217159337697237f,0.048777764000638005f,-17.883092252711723f,0.06002295216179265f,0.024386776502384976f,-2.0389709488723975f,0.5905585159496456f,0f,0f,0f,1f], start_interpolation: 0, interpolation_duration: 1 }
$data merge entity $(bone_left_knee) { transformation: [-2.544575135927927f,1.227286374003151f,-0.3760392716240832f,1.0529985772626387f,1.2808612793023246f,2.482281275400984f,-0.5658392465865851f,-14.415686586278184f,0.08385559493191622f,-0.6742016211637729f,-2.7678367750318573f,0.9955151373375069f,0f,0f,0f,1f], start_interpolation: 0, interpolation_duration: 1 }
$data merge entity $(bone_left_thigh) { transformation: [-3.483503415131434f,1.386282204060234f,-0.7576612748936952f,1.6875000000000002f,1.579819141573986f,3.0559863445967332f,-1.672047828728213f,-12.21449625f,-0.0006608207578017958f,-1.8356998971357483f,-3.3557160861687527f,-2.3747187499999995f,0f,0f,0f,1f], start_interpolation: 0, interpolation_duration: 1 }
data modify entity @s data merge value {"locators":{"consume":{"posx":-4.749130927938646,"posy":-16.141232077626814,"posz":1.7849006265129517,"roty":317.91293449825156,"rotx":-31.57060970227622}},"cameras":{}}