# This file was generated by Animated Java via MC-Build. It is not recommended to edit this file directly.
$data merge entity $(bone_right_thumb) { transformation: [-0.786229999152903f,0.05008515724917954f,-0.6941425397246249f,-5.342311050717962f,0.5664220124616959f,0.6545448378671058f,-0.5943375800169193f,-14.85819017954251f,0.40436183330140135f,-0.8194891898279382f,-0.5171353551288879f,1.2175539187517421f,0f,0f,0f,1f], start_interpolation: 0, interpolation_duration: 1 }
$data merge entity $(bone_right_fingers_2) { transformation: [-0.5842920016001089f,-0.4707072733437889f,-0.661088133071071f,-5.344293403312724f,-0.023422828619053926f,0.8240478475071912f,-0.5660357904923037f,-16.4873879337138f,0.8112054166273922f,-0.3152456309610339f,-0.4925098620275119f,2.4073671460731885f,0f,0f,0f,1f], start_interpolation: 0, interpolation_duration: 1 }
$data merge entity $(bone_right_fingers) { transformation: [-0.7413653532856466f,-0.11549845566177261f,-0.661088133071071f,-5.774876237374601f,0.39173915914100566f,0.7253577841846398f,-0.5660357904923037f,-15.692637926962501f,0.5449016830063442f,-0.6786134331580056f,-0.4925098620275119f,2.0715413907635822f,0f,0f,0f,1f], start_interpolation: 0, interpolation_duration: 1 }
$data merge entity $(bone_right_hand) { transformation: [-0.7862299991529026f,0.05008515724917951f,-0.6941425397246245f,-5.739003068277322f,0.5664220124616954f,0.6545448378671054f,-0.5943375800169189f,-14.66734583054333f,0.4043618333014011f,-0.8194891898279376f,-0.5171353551288875f,0.972327668546261f,0f,0f,0f,1f], start_interpolation: 0, interpolation_duration: 1 }
$data merge entity $(bone_right_forearm) { transformation: [-3.929506579531199f,-0.15660362298118272f,-1.6763288301196102f,-5.77602387521528f,0.7727567054068467f,3.6138756121089806f,-2.149040514846729f,-8.966586474018452f,1.4958108555795981f,-2.2783773536166274f,-3.29350444342453f,-1.9092564281525934f,0f,0f,0f,1f], start_interpolation: 0, interpolation_duration: 1 }
$data merge entity $(bone_right_bicep) { transformation: [-3.3090581722368f,0.4785450353777968f,-1.3345893233006607f,-4.356847533762588f,0.6507424887636606f,3.523343630463127f,-0.35011980091476047f,-4.6945667692896835f,1.2596301941722936f,-0.5630668795002753f,-3.3250996170249243f,-1.674145887617196f,0f,0f,0f,1f], start_interpolation: 0, interpolation_duration: 1 }
$data merge entity $(bone_right_arm) { transformation: [-1.1996848874050932f,-0.027160434479555073f,-0.00429903834725151f,-4.1375f,-0.0270580765429965f,1.1993967798845437f,-0.026743688907505034f,-3.3351814144623924f,0.0049021858005062705f,-0.026639729755946483f,-1.1996942499540906f,-1.6883692720291765f,0f,0f,0f,1f], start_interpolation: 0, interpolation_duration: 1 }
$data merge entity $(bone_left_thumb) { transformation: [-0.7556762231723653f,0.0521830897635945f,0.727138481222577f,5.3141750556929805f,-0.5411468309567927f,0.6616074699814504f,-0.6098652826732851f,-14.869154415359265f,-0.48848086254977435f,-0.8136660745093593f,-0.4492593528410504f,1.1727568779586983f,0f,0f,0f,1f], start_interpolation: 0, interpolation_duration: 1 }
$data merge entity $(bone_left_fingers_2) { transformation: [-0.6835538724310994f,0.23060804614119668f,0.6925128392595966f,5.2255726676987955f,-0.3387133892054286f,0.7402139079569581f,-0.5808240787364616f,-16.500052443497335f,-0.6465503410078908f,-0.6315879190754263f,-0.4278660503248096f,2.4544817379120785f,0f,0f,0f,1f], start_interpolation: 0, interpolation_duration: 1 }
$data merge entity $(bone_left_fingers) { transformation: [-0.7139009853709595f,0.1037851171747919f,0.6925128392595966f,5.63386515800865f,-0.46643508721647925f,0.6671444363653913f,-0.5808240787364616f,-15.72159460017506f,-0.5222869828932447f,-0.7376631687157214f,-0.4278660503248096f,2.0581123184612005f,0f,0f,0f,1f], start_interpolation: 0, interpolation_duration: 1 }
$data merge entity $(bone_left_hand) { transformation: [-0.7556762231723647f,0.05218308976359447f,0.7271384812225765f,5.739003068277322f,-0.5411468309567924f,0.6616074699814499f,-0.6098652826732847f,-14.687771676180805f,-0.4884808625497741f,-0.8136660745093589f,-0.4492593528410501f,0.9714027178779214f,0f,0f,0f,1f], start_interpolation: 0, interpolation_duration: 1 }
$data merge entity $(bone_left_forearm) { transformation: [-3.9295065795311985f,0.15660362298118333f,1.6763288301196109f,5.77602387521528f,-0.7727567054068467f,3.6138756121089806f,-2.149040514846729f,-8.98701231965593f,-1.495810855579599f,-2.2783773536166274f,-3.293504443424529f,-1.910181378820933f,0f,0f,0f,1f], start_interpolation: 0, interpolation_duration: 1 }
$data merge entity $(bone_left_bicep) { transformation: [-3.3090581722367998f,-0.4785450353777967f,1.3345893233006616f,4.356847533762588f,-0.6507424887636606f,3.523343630463127f,-0.35011980091476047f,-4.71499261492716f,-1.2596301941722943f,-0.5630668795002755f,-3.325099617024924f,-1.675070838285536f,0f,0f,0f,1f], start_interpolation: 0, interpolation_duration: 1 }
$data merge entity $(bone_left_arm) { transformation: [-1.1996848874050932f,0.027160434479555073f,0.0042990383472518035f,4.1375f,0.0270580765429965f,1.1993967798845437f,-0.026743688907505034f,-3.3556072600998688f,-0.0049021858005065646f,-0.026639729755946483f,-1.1996942499540906f,-1.6892942226975165f,0f,0f,0f,1f], start_interpolation: 0, interpolation_duration: 1 }
$data merge entity $(bone_chest) { transformation: [-6.061547916666667f,-3.358057259118403e-17f,7.415655944071423e-16f,8.344437127690384e-19f,0f,6.05534260917882f,0.2742061843019892f,-2.5830931250000013f,-7.423255254024141e-16f,0.2742061843019892f,-6.05534260917882f,-0.006813750000000063f,0f,0f,0f,1f], start_interpolation: 0, interpolation_duration: 1 }
$data merge entity $(bone_waist) { transformation: [-5.023832916666667f,1.855798575766587e-17f,6.14962137514499e-16f,0.000001250000000314454f,0f,5.021546930450965f,-0.15153745366081603f,-7.9604775f,-6.152420900846945e-16f,-0.15153745366081603f,-5.021546930450965f,-2.567712890625f,0f,0f,0f,1f], start_interpolation: 0, interpolation_duration: 1 }
$data merge entity $(bone_hip) { transformation: [-4.3939320833333335f,1.6231138729182684e-17f,5.378566347411606e-16f,1.314196800122255e-16f,0f,4.3919327198310345f,-0.13253730578060086f,-11.21196125f,-5.381014861525028e-16f,-0.13253730578060086f,-4.3919327198310345f,-1.073123125f,0f,0f,0f,1f], start_interpolation: 0, interpolation_duration: 1 }
$data merge entity $(bone_right_foot) { transformation: [-1.78975081263224f,-0.7609907041969094f,-0.6158613292033588f,0.4601826283616829f,-0.9782229026647759f,1.4404602179150978f,1.0628990136913716f,-16.737691646838744f,0.03836640958360524f,1.227830407153155f,-1.6286683240874371f,-1.2390401771202084f,0f,0f,0f,1f], start_interpolation: 0, interpolation_duration: 1 }
$data merge entity $(bone_right_knee) { transformation: [-2.500387164706806f,-1.2854554609658284f,-0.46708487926991243f,-0.968176815206271f,-1.366634937546378f,2.3863941608961925f,0.7482859455570218f,-14.016640125507712f,0.05360013103591908f,0.8804698556530415f,-2.7100553240181733f,1.2087375445746291f,0f,0f,0f,1f], start_interpolation: 0, interpolation_duration: 1 }
$data merge entity $(bone_right_thigh) { transformation: [-3.2773359703376737f,-1.6356893427420445f,1.1019139311084696f,-1.6874999999999998f,-1.9721259758249332f,2.6959241464787747f,-1.8636891189008034f,-12.21449625f,0.02032419758266203f,-2.164979993088341f,-3.153263952878007f,-2.3747187500000004f,0f,0f,0f,1f], start_interpolation: 0, interpolation_duration: 1 }
$data merge entity $(bone_left_foot) { transformation: [-1.7231579447434144f,1.0913291035519876f,-0.03643467041247788f,-1.0481998710388272f,1.0901901196575758f,1.723291963200738f,0.05788188463368215f,-17.341635530559703f,0.061743019594542606f,0.02942103513067971f,-2.038853158573022f,0.9871602519640312f,0f,0f,0f,1f], start_interpolation: 0, interpolation_duration: 1 }
$data merge entity $(bone_left_knee) { transformation: [-2.4073530110385937f,1.4406701762697822f,-0.5016183045406242f,1.0384360725719075f,1.5230597259922016f,2.3228374878464075f,-0.6381340581068785f,-14.045448190998332f,0.08625863031590511f,-0.8070907311214696f,-2.7319707173456007f,1.2075484671690853f,0f,0f,0f,1f], start_interpolation: 0, interpolation_duration: 1 }
$data merge entity $(bone_left_thigh) { transformation: [-3.3345654074944036f,1.5449280960045864f,-1.060422425883822f,1.6875000000000002f,1.8738457545248663f,2.7483280620362893f,-1.8883908365783273f,-12.21449625f,-0.0007946010453224334f,-2.1657596915631023f,-3.152793892250123f,-2.3747187499999995f,0f,0f,0f,1f], start_interpolation: 0, interpolation_duration: 1 }
data modify entity @s data merge value {"locators":{"consume":{"posx":-4.5516159884764695,"posy":-15.748775890888865,"posz":2.4426509901351334,"roty":306.6860662647855,"rotx":-34.474249404311756}},"cameras":{}}