# This file was generated by Animated Java via MC-Build. It is not recommended to edit this file directly.
$data merge entity $(bone_right_thumb) { transformation: [-0.7676383046608621f,0.03319461555765354f,-0.7156322733886297f,-5.300454688918655f,0.5886246050728502f,0.6270883186834181f,-0.6023133029193666f,-14.78244858992303f,0.4083534100754275f,-0.8415214543128325f,-0.4770630298094648f,1.3674206241441291f,0f,0f,0f,1f], start_interpolation: 0, interpolation_duration: 1 }
$data merge entity $(bone_right_fingers_2) { transformation: [-0.5603697924858246f,-0.4706050322521735f,-0.6815545460844088f,-5.285490073895841f,0.00983319409174882f,0.8190543092309536f,-0.573631717066063f,-16.372231897058768f,0.8281841606571256f,-0.3281477443913586f,-0.45434574267568045f,2.6093183109434253f,0f,0f,0f,1f], start_interpolation: 0, interpolation_duration: 1 }
$data merge entity $(bone_right_fingers) { transformation: [-0.720596991932225f,-0.1273710168362651f,-0.6815545460844088f,-5.716922167859514f,0.4180429504992742f,0.7044052418272466f,-0.573631717066063f,-15.583606472123828f,0.5531546499452844f,-0.6982763631660418f,-0.45434574267568045f,2.2603994441656035f,0f,0f,0f,1f], start_interpolation: 0, interpolation_duration: 1 }
$data merge entity $(bone_right_hand) { transformation: [-0.7676383046608616f,0.03319461555765352f,-0.7156322733886292f,-5.7020528643610415f,0.5886246050728499f,0.6270883186834177f,-0.6023133029193661f,-14.59485291233806f,0.40835341007542725f,-0.841521454312832f,-0.4770630298094645f,1.1277358241194724f,0f,0f,0f,1f], start_interpolation: 0, interpolation_duration: 1 }
$data merge entity $(bone_right_forearm) { transformation: [-3.899797801582525f,-0.20606630675116078f,-1.7391776171495639f,-5.80294566384652f,0.801158252054092f,3.565160849803003f,-2.2188732659161845f,-8.955839449800521f,1.5573527416541606f,-2.350061657117502f,-3.2136408706961026f,-1.8714144721865298f,0f,0f,0f,1f], start_interpolation: 0, interpolation_duration: 1 }
$data merge entity $(bone_right_bicep) { transformation: [-3.2840402539642324f,0.4898940471240276f,-1.3910727633502795f,-4.355056367172795f,0.6746595806771303f,3.5184914721716076f,-0.3536272196200927f,-4.6915204486836375f,1.3114549403403462f,-0.5832851642619751f,-3.3014942611806526f,-1.6747145654962603f,0f,0f,0f,1f], start_interpolation: 0, interpolation_duration: 1 }
$data merge entity $(bone_right_arm) { transformation: [-1.199647653469247f,-0.028742243286205317f,-0.004403518661978125f,-4.1375f,-0.028633860953428097f,1.1993423212051904f,-0.02753358990480636f,-3.3318571560484083f,0.005060586194261474f,-0.02742043064984381f,-1.1996760022815942f,-1.6898521318028104f,0f,0f,0f,1f], start_interpolation: 0, interpolation_duration: 1 }
$data merge entity $(bone_left_thumb) { transformation: [-0.7339652008908183f,0.07407971110314418f,0.7471996254577331f,5.27221109910123f,-0.5639456037049889f,0.635473051649334f,-0.6169597691011142f,-14.79371099305641f,-0.49574231203632174f,-0.8325780426064328f,-0.40441731296585776f,1.319538680530091f,0f,0f,0f,1f], start_interpolation: 0, interpolation_duration: 1 }
$data merge entity $(bone_left_fingers_2) { transformation: [-0.6554730664139852f,0.25289107922257503f,0.7116186909121263f,5.152428779851499f,-0.35792596364590834f,0.7256982068116505f,-0.5875807324772512f,-16.38359330053648f,-0.6650143334951475f,-0.6398501501758018f,-0.385159345681769f,2.6474173346428245f,0f,0f,0f,1f], start_interpolation: 0, interpolation_duration: 1 }
$data merge entity $(bone_left_fingers) { transformation: [-0.6913023679739079f,0.12529914117095517f,0.7116186909121263f,5.5689859412569875f,-0.48783845767087575f,0.6455714693500623f,-0.5875807324772512f,-15.613983026179707f,-0.5330240850571095f,-0.7533509163617064f,-0.385159345681769f,2.242462713684481f,0f,0f,0f,1f], start_interpolation: 0, interpolation_duration: 1 }
$data merge entity $(bone_left_hand) { transformation: [-0.7339652008908178f,0.07407971110314414f,0.7471996254577326f,5.702052864361041f,-0.5639456037049886f,0.6354730516493337f,-0.6169597691011137f,-14.614805675669745f,-0.4957423120363214f,-0.8325780426064322f,-0.4044173129658575f,1.1267927846485328f,0f,0f,0f,1f], start_interpolation: 0, interpolation_duration: 1 }
$data merge entity $(bone_left_forearm) { transformation: [-3.8997978015825248f,0.20606630675116125f,1.7391776171495645f,5.80294566384652f,-0.801158252054092f,3.565160849803003f,-2.2188732659161845f,-8.975792213132205f,-1.5573527416541617f,-2.350061657117502f,-3.213640870696102f,-1.8723575116574693f,0f,0f,0f,1f], start_interpolation: 0, interpolation_duration: 1 }
$data merge entity $(bone_left_bicep) { transformation: [-3.284040253964232f,-0.4898940471240275f,1.3910727633502802f,4.355056367172795f,-0.6746595806771303f,3.5184914721716076f,-0.3536272196200927f,-4.711473212015323f,-1.311454940340347f,-0.5832851642619752f,-3.301494261180652f,-1.6756576049672003f,0f,0f,0f,1f], start_interpolation: 0, interpolation_duration: 1 }
$data merge entity $(bone_left_arm) { transformation: [-1.199647653469247f,0.028742243286205317f,0.004403518661978419f,4.1375f,0.028633860953428097f,1.1993423212051904f,-0.02753358990480636f,-3.3518099193800945f,-0.005060586194261768f,-0.02742043064984381f,-1.1996760022815942f,-1.6907951712737506f,0f,0f,0f,1f], start_interpolation: 0, interpolation_duration: 1 }
$data merge entity $(bone_chest) { transformation: [-6.061547916666667f,-3.504585668706091e-17f,7.414977906865537e-16f,8.344437127690384e-19f,0f,6.054788949783834f,0.2861711369470871f,-2.5830931250000013f,-7.423255254024141e-16f,0.2861711369470871f,-6.054788949783834f,-0.006813750000000063f,0f,0f,0f,1f], start_interpolation: 0, interpolation_duration: 1 }
$data merge entity $(bone_waist) { transformation: [-5.023832916666667f,1.9368088938915494e-17f,6.149371565799529e-16f,0.0000012500000003146853f,0f,5.021342945640296f,-0.15815244813770235f,-7.9604775f,-6.152420900846945e-16f,-0.15815244813770235f,-5.021342945640296f,-2.5695998535156255f,0f,0f,0f,1f], start_interpolation: 0, interpolation_duration: 1 }
$data merge entity $(bone_hip) { transformation: [-4.3939320833333335f,1.6939669131755247e-17f,5.378347859791507e-16f,1.314196800122255e-16f,0f,4.391754311150057f,-0.13832289557731506f,-11.21196125f,-5.381014861525028e-16f,-0.13832289557731506f,-4.391754311150057f,-1.073123125f,0f,0f,0f,1f], start_interpolation: 0, interpolation_duration: 1 }
$data merge entity $(bone_right_foot) { transformation: [-1.7664878378190627f,-0.8027521017598503f,-0.6298490152071968f,0.550383995395827f,-1.0196963514697193f,1.4340491322733737f,1.0321445814542292f,-16.658290787528035f,0.036606961587596014f,1.2085909768594694f,-1.6430361472034627f,-1.1093229886249043f,0f,0f,0f,1f], start_interpolation: 0, interpolation_duration: 1 }
$data merge entity $(bone_right_knee) { transformation: [-2.4678874204825143f,-1.3536010555509805f,-0.44698530427233735f,-0.9755819820706894f,-1.4245757851415197f,2.3739765733950704f,0.6762536960045562f,-13.918522771925149f,0.05114207868855326f,0.8090113790192762f,-2.732285687186599f,1.2578800106204948f,0f,0f,0f,1f], start_interpolation: 0, interpolation_duration: 1 }
$data merge entity $(bone_right_thigh) { transformation: [-3.2297700419617983f,-1.6687532685442794f,1.1893161920905941f,-1.6874999999999998f,-2.049087733781918f,2.607026141534625f,-1.9066408042994292f,-12.21449625f,0.021211678636332512f,-2.2470652474011237f,-3.095298505574472f,-2.3747187500000004f,0f,0f,0f,1f], start_interpolation: 0, interpolation_duration: 1 }
$data merge entity $(bone_left_foot) { transformation: [-1.6948656104071924f,1.134845331933644f,-0.03400934059155317f,-1.1242181401939257f,1.1336877501518274f,1.6949278201018645f,0.059764285325183145f,-17.19398514651099f,0.06150323418116548f,0.030753166229818947f,-2.038840747815311f,1.0841659336943295f,0f,0f,0f,1f], start_interpolation: 0, interpolation_duration: 1 }
$data merge entity $(bone_left_knee) { transformation: [-2.367826955715931f,1.4927927117382518f,-0.5361580248081576f,1.0459104443290728f,1.5838284744768176f,2.2773657560230576f,-0.6539056328935893f,-13.948872095606275f,0.08592363598839296f,-0.8412342914281877f,-2.7216616240274707f,1.2566185622817692f,0f,0f,0f,1f], start_interpolation: 0, interpolation_duration: 1 }
$data merge entity $(bone_left_thigh) { transformation: [-3.291844016556514f,1.5764709509776518f,-1.144171014920715f,1.6875000000000002f,1.9479187054199347f,2.663166742835602f,-1.9348851689259345f,-12.21449625f,-0.0008292986237691453f,-2.2478672648931104f,-3.094788695805541f,-2.3747187499999995f,0f,0f,0f,1f], start_interpolation: 0, interpolation_duration: 1 }
data modify entity @s data merge value {"locators":{"consume":{"posx":-4.483961278712291,"posy":-15.642478419506494,"posz":2.597417221023874,"roty":303.688673344837,"rotx":-35.00386671378229}},"cameras":{}}