# This file was generated by Animated Java via MC-Build. It is not recommended to edit this file directly.
$data merge entity $(bone_right_thumb) { transformation: [-0.6723627388861274f,-0.0687019874458961f,-0.8035598199751718f,-5.004337540307478f,0.6932518259206318f,0.48534960700381885f,-0.6215606686711687f,-14.374181424977793f,0.4121046629380172f,-0.928555758100839f,-0.2654316312772851f,2.0519397802440547f,0f,0f,0f,1f], start_interpolation: 0, interpolation_duration: 1 }
$data merge entity $(bone_right_fingers_2) { transformation: [-0.42790801860394584f,-0.48085152447122403f,-0.7652950666430203f,-4.866987261346233f,0.17449658875393342f,0.7868489625497814f,-0.5919625415915888f,-15.749460230548383f,0.886817719786702f,-0.38684689677963385f,-0.2527920297878904f,3.521527435215773f,0f,0f,0f,1f], start_interpolation: 0, interpolation_duration: 1 }
$data merge entity $(bone_right_fingers) { transformation: [-0.6110049768296932f,-0.2024756263385818f,-0.7652950666430203f,-5.313533641710804f,0.544542960009523f,0.5941828961325745f,-0.5919625415915888f,-14.998363301225282f,0.574583225471657f,-0.7784280998796904f,-0.2527920297878904f,3.1137801837303396f,0f,0f,0f,1f], start_interpolation: 0, interpolation_duration: 1 }
$data merge entity $(bone_right_hand) { transformation: [-0.672362738886127f,-0.06870198744589606f,-0.8035598199751713f,-5.42952125043009f,0.6932518259206314f,0.4853496070038185f,-0.6215606686711682f,-14.20052077661892f,0.41210466293801695f,-0.9285557581008385f,-0.2654316312772849f,1.8446167762429935f,0f,0f,0f,1f], start_interpolation: 0, interpolation_duration: 1 }
$data merge entity $(bone_right_forearm) { transformation: [-3.731668034378921f,-0.5008440572448241f,-2.024705882719042f,-5.92432844980549f,0.9369126203213303f,3.305144613945531f,-2.544373954981748f,-8.898260461679365f,1.8634573842932847f,-2.6647325027532096f,-2.775311201594055f,-1.6830958077926435f,0f,0f,0f,1f], start_interpolation: 0, interpolation_duration: 1 }
$data merge entity $(bone_right_bicep) { transformation: [-3.142457292108566f,0.537907988952924f,-1.6720099170442504f,-4.345921139639834f,0.7889790486916467f,3.494111511799435f,-0.35874336765478343f,-4.675928154397653f,1.569227270983819f,-0.6795879181763695f,-3.1679150925284256f,-1.6775224693412154f,0f,0f,0f,1f], start_interpolation: 0, interpolation_duration: 1 }
$data merge entity $(bone_right_arm) { transformation: [-1.1994259018577955f,-0.0368022157522264f,-0.004806544324241056f,-4.1375f,-0.036663430116053365f,1.1990245205800654f,-0.031559339978367594f,-3.314894065882757f,0.005770515119084761f,-0.03139738784471568f,-1.1995753020097526f,-1.6972968619346902f,0f,0f,0f,1f], start_interpolation: 0, interpolation_duration: 1 }
$data merge entity $(bone_left_thumb) { transformation: [-0.6206143618026709f,0.20012405070092948f,0.8229751990523873f,4.977834141371776f,-0.6731581163038016f,0.5026272617717181f,-0.629860290999666f,-14.38850135718005f,-0.5139999653488143f,-0.8998978831261456f,-0.1687833983734806f,1.9880150126239784f,0f,0f,0f,1f], start_interpolation: 0, interpolation_duration: 1 }
$data merge entity $(bone_left_fingers_2) { transformation: [-0.4994034288656922f,0.36915562050233985f,0.7837859038594159f,4.66665213252953f,-0.45494443914428334f,0.6581680689737974f,-0.5998669438092054f,-15.763374725089154f,-0.7373071086927636f,-0.6561546470420179f,-0.16074609368902903f,3.5018372628731718f,0f,0f,0f,1f], start_interpolation: 0, interpolation_duration: 1 }
$data merge entity $(bone_left_fingers) { transformation: [-0.5702000881338741f,0.24607217722326974f,0.7837859038594159f,5.132175442341155f,-0.5925494506801328f,0.5376288666205311f,-0.5998669438092054f,-15.039096566989926f,-0.5689964920724863f,-0.8064760910113349f,-0.16074609368902903f,3.067651489417112f,0f,0f,0f,1f], start_interpolation: 0, interpolation_duration: 1 }
$data merge entity $(bone_left_hand) { transformation: [-0.6206143618026705f,0.20012405070092937f,0.8229751990523868f,5.429521250430089f,-0.6731581163038012f,0.5026272617717178f,-0.6298602909996657f,-14.218066167749857f,-0.513999965348814f,-0.899897883126145f,-0.1687833983734805f,1.843610588022394f,0f,0f,0f,1f], start_interpolation: 0, interpolation_duration: 1 }
$data merge entity $(bone_left_forearm) { transformation: [-3.7316680343789206f,0.5008440572448246f,2.024705882719043f,5.92432844980549f,-0.9369126203213303f,3.305144613945531f,-2.544373954981748f,-8.915805852810303f,-1.8634573842932858f,-2.6647325027532096f,-2.775311201594054f,-1.6841019960132428f,0f,0f,0f,1f], start_interpolation: 0, interpolation_duration: 1 }
$data merge entity $(bone_left_bicep) { transformation: [-3.1424572921085656f,-0.5379079889529238f,1.6720099170442513f,4.345921139639834f,-0.7889790486916467f,3.494111511799435f,-0.35874336765478343f,-4.69347354552859f,-1.56922727098382f,-0.6795879181763697f,-3.167915092528425f,-1.678528657561815f,0f,0f,0f,1f], start_interpolation: 0, interpolation_duration: 1 }
$data merge entity $(bone_left_arm) { transformation: [-1.1994259018577955f,0.036802215752226405f,0.00480654432424135f,4.1375f,0.036663430116053365f,1.1990245205800654f,-0.031559339978367594f,-3.3324394570136944f,-0.005770515119085054f,-0.03139738784471566f,-1.1995753020097526f,-1.6983030501552898f,0f,0f,0f,1f], start_interpolation: 0, interpolation_duration: 1 }
$data merge entity $(bone_chest) { transformation: [-6.061547916666667f,-4.250084798284834e-17f,7.4110786231473e-16f,8.344437127690384e-19f,0f,6.051604942998408f,0.34704576056083347f,-2.5830931250000013f,-7.423255254024141e-16f,0.34704576056083347f,-6.051604942998408f,-0.006813750000000063f,0f,0f,0f,1f], start_interpolation: 0, interpolation_duration: 1 }
$data merge entity $(bone_waist) { transformation: [-5.023832916666667f,2.3490375626718565e-17f,6.147934870057579e-16f,0.0000012500000003158614f,0f,5.02016979453832f,-0.19181347342820376f,-7.9604775f,-6.152420900846945e-16f,-0.19181347342820376f,-5.02016979453832f,-2.5792031250000003f,0f,0f,0f,1f], start_interpolation: 0, interpolation_duration: 1 }
$data merge entity $(bone_hip) { transformation: [-4.3939320833333335f,2.0545093124688093e-17f,5.37709130058278e-16f,1.314196800122255e-16f,0f,4.390728252690098f,-0.1677634166764849f,-11.21196125f,-5.381014861525028e-16f,-0.1677634166764849f,-4.390728252690098f,-1.073123125f,0f,0f,0f,1f], start_interpolation: 0, interpolation_duration: 1 }
$data merge entity $(bone_right_foot) { transformation: [-1.6329246861760873f,-1.0145091154141286f,-0.6825893524062391f,0.9373204544959308f,-1.2224587453895357f,1.3800028563234068f,0.873376626868318f,-16.18863446521871f,0.0274150523867656f,1.1081350871084628f,-1.712566799754611f,-0.4647238348612146f,0f,0f,0f,1f], start_interpolation: 0, interpolation_duration: 1 }
$data merge entity $(bone_right_knee) { transformation: [-2.2812918409812983f,-1.6830211481149269f,-0.2926556872334302f,-1.0884752194258702f,-1.7078467766471452f,2.257947258410387f,0.32777059925041074f,-13.42989430635129f,0.03830044083445194f,0.43773735645353695f,-2.8159224213385134f,1.4684940055228974f,0f,0f,0f,1f], start_interpolation: 0, interpolation_duration: 1 }
$data merge entity $(bone_right_thigh) { transformation: [-2.960292642616226f,-1.7666660556813822f,1.6571612829701978f,-1.6874999999999998f,-2.4221128225050075f,2.131170517775377f,-2.0547765570061043f,-12.21449625f,0.025728294328795188f,-2.6396265402265193f,-2.768092264178113f,-2.3747187500000004f,0f,0f,0f,1f], start_interpolation: 0, interpolation_duration: 1 }
$data merge entity $(bone_left_foot) { transformation: [-1.533940874881875f,1.3447438394773377f,-0.01701171814888075f,-1.4146496708088967f,1.3436959877007104f,1.5335698014823764f,0.06515179673898072f,-16.410769033955077f,0.05573585025493997f,0.0377845228771427f,-2.038888384592768f,1.538255176608765f,0f,0f,0f,1f], start_interpolation: 0, interpolation_duration: 1 }
$data merge entity $(bone_left_knee) { transformation: [-2.143005634026149f,1.7344850788319988f,-0.722210747525499f,1.1551326783547635f,1.8772223357583455f,2.0220607662039045f,-0.7140073948558673f,-13.465646015295459f,0.0778662613855779f,-1.0125866723831773f,-2.6629128931021753f,1.4668325911880467f,0f,0f,0f,1f], start_interpolation: 0, interpolation_duration: 1 }
$data merge entity $(bone_left_thigh) { transformation: [-3.0494128932301656f,1.6711341160311268f,-1.5934292493984474f,1.6875000000000002f,2.309048504210942f,2.205809819362032f,-2.1055457834032625f,-12.21449625f,-0.001005884112133017f,-2.6405186625060826f,-2.7673606886624387f,-2.3747187499999995f,0f,0f,0f,1f], start_interpolation: 0, interpolation_duration: 1 }
data modify entity @s data merge value {"locators":{"consume":{"posx":-4.047260444097262,"posy":-15.083746089724126,"posz":3.276572722587504,"roty":288.27940648190935,"rotx":-36.29640013708495}},"cameras":{}}