# This file was generated by Animated Java via MC-Build. It is not recommended to edit this file directly.
$data merge entity $(bone_right_thumb) { transformation: [-1.047417312111404f,0.04584553039383127f,-0.05757744030634992f,-4.760358621432646f,0.05028412116572199f,1.0455677160692523f,-0.08221714098848114f,-15.765677879732788f,0.05374459459251681f,-0.08477227410325318f,-1.0451914561913767f,-2.7070774224345384f,0f,0f,0f,1f], start_interpolation: 0, interpolation_duration: 1 }
$data merge entity $(bone_right_fingers_2) { transformation: [-0.7649617502850785f,-0.6417371512344459f,-0.054835657434618934f,-4.445609015086532f,-0.6374304451795774f,0.7665188962060028f,-0.07830203903664865f,-17.74827792754889f,0.0922818950767419f,-0.024944147302101337f,-0.9954204344679771f,-2.907513206495728f,0f,0f,0f,1f], start_interpolation: 0, interpolation_duration: 1 }
$data merge entity $(bone_right_fingers) { transformation: [-0.983344884287509f,-0.17327980037874718f,-0.054835657434618934f,-5.033726571880901f,-0.16877151056813666f,0.9825400591849944f,-0.07830203903664865f,-16.984635800947675f,0.06744639179477793f,-0.06774321277773176f,-0.9954204344679771f,-2.9353794947202827f,0f,0f,0f,1f], start_interpolation: 0, interpolation_duration: 1 }
$data merge entity $(bone_right_hand) { transformation: [-1.0474173121114034f,0.04584553039383124f,-0.057577440306349884f,-5.067513926432747f,0.05028412116572196f,1.0455677160692516f,-0.08221714098848108f,-15.482372138756247f,0.05374459459251678f,-0.08477227410325312f,-1.045191456191376f,-2.988707520027295f,0f,0f,0f,1f], start_interpolation: 0, interpolation_duration: 1 }
$data merge entity $(bone_right_forearm) { transformation: [-4.272054074194468f,0.08832758819191128f,-0.1318227003313156f,-4.972930939215077f,0.09561168754139514f,4.267226432637387f,-0.23929475089578353f,-9.101087698667694f,0.12663882644720906f,-0.24207810674447328f,-4.266261337268391f,-2.7170134996427873f,0f,0f,0f,1f], start_interpolation: 0, interpolation_duration: 1 }
$data merge entity $(bone_right_bicep) { transformation: [-3.59751922037429f,0.07835230657010633f,-0.1082422056903312f,-4.394096361064943f,0.08051510529801699f,3.5983942103502202f,-0.07124903323462693f,-4.757220882207605f,0.10664322227133397f,-0.0736208053009732f,-3.597666910675643f,-1.660953641492962f,0f,0f,0f,1f], start_interpolation: 0, interpolation_duration: 1 }
$data merge entity $(bone_right_arm) { transformation: [-1.1999857438158679f,0.005846089429218894f,-0.00019462030767431832f,-4.1375f,0.005847541266894922f,1.1999417858541146f,-0.010272138159649263f,-3.4043073429186457f,0.00014456766770299761f,-0.010272964500305484f,-1.1999560180692312f,-1.6557142858424598f,0f,0f,0f,1f], start_interpolation: 0, interpolation_duration: 1 }
$data merge entity $(bone_left_thumb) { transformation: [-1.0473388716112806f,-0.0399293678080645f,0.06314216973195524f,4.757281938395942f,-0.045020239065776874f,1.045537670939952f,-0.0855812872065057f,-15.793611911105954f,-0.059619343224083264f,-0.08807169938130192f,-1.0445998801845708f,-2.708139880157738f,0f,0f,0f,1f], start_interpolation: 0, interpolation_duration: 1 }
$data merge entity $(bone_left_fingers_2) { transformation: [-0.9980481391797515f,-0.016841780706862618f,0.060135399744719244f,4.606244011259278f,-0.02172555763252134f,0.9964360361286316f,-0.08150598781571965f,-17.881711571687717f,-0.05854837337955021f,-0.0826533745643951f,-0.9948570287472097f,-2.885441839670165f,0f,0f,0f,1f], start_interpolation: 0, interpolation_duration: 1 }
$data merge entity $(bone_left_fingers) { transformation: [-0.9976836248054265f,-0.031798089449646585f,0.060135399744719244f,5.025621889204495f,-0.03665715651829609f,0.9959985074417415f,-0.08150598781571965f,-17.014633090071765f,-0.057303033698906804f,-0.08352158212806657f,-0.9948570287472097f,-2.9313241931184946f,0f,0f,0f,1f], start_interpolation: 0, interpolation_duration: 1 }
$data merge entity $(bone_left_hand) { transformation: [-1.04733887161128f,-0.03992936780806447f,0.0631421697319552f,5.067513926432747f,-0.045020239065776846f,1.0455376709399513f,-0.08558128720650564f,-15.512727394410543f,-0.05961934322408322f,-0.08807169938130187f,-1.0445998801845702f,-2.9888212618160077f,0f,0f,0f,1f], start_interpolation: 0, interpolation_duration: 1 }
$data merge entity $(bone_left_forearm) { transformation: [-4.272054074194468f,-0.08832758819191122f,0.13182270033131666f,4.972930939215077f,-0.09561168754139514f,4.267226432637387f,-0.23929475089578353f,-9.13144295432199f,-0.1266388264472101f,-0.2420781067444733f,-4.266261337268391f,-2.7171272414315f,0f,0f,0f,1f], start_interpolation: 0, interpolation_duration: 1 }
$data merge entity $(bone_left_bicep) { transformation: [-3.59751922037429f,-0.0783523065701063f,0.10824220569033209f,4.394096361064943f,-0.08051510529801699f,3.5983942103502202f,-0.07124903323462693f,-4.787576137861902f,-0.10664322227133485f,-0.07362080530097323f,-3.597666910675643f,-1.6610673832816751f,0f,0f,0f,1f], start_interpolation: 0, interpolation_duration: 1 }
$data merge entity $(bone_left_arm) { transformation: [-1.1999857438158679f,-0.005846089429218893f,0.00019462030767461222f,4.1375f,-0.005847541266894922f,1.1999417858541146f,-0.010272138159649263f,-3.4346625985729426f,-0.00014456766770329152f,-0.010272964500305484f,-1.1999560180692312f,-1.655828027631173f,0f,0f,0f,1f], start_interpolation: 0, interpolation_duration: 1 }
$data merge entity $(bone_chest) { transformation: [-6.061547916666667f,-2.7814900096886695e-18f,7.423203142695855e-16f,8.344437127690384e-19f,0f,6.061505364537904f,0.022712589553373682f,-2.5830931250000013f,-7.423255254024141e-16f,0.022712589553373682f,-6.061505364537904f,-0.006813750000000063f,0f,0f,0f,1f], start_interpolation: 0, interpolation_duration: 1 }
$data merge entity $(bone_waist) { transformation: [-5.023832916666667f,1.5368746758086789e-18f,6.152401705253113e-16f,0.0000012500000003096004f,0f,5.023817242274797f,-0.012549534093248035f,-7.9604775f,-6.152420900846945e-16f,-0.012549534093248035f,-5.023817242274797f,-2.5280781250000004f,0f,0f,0f,1f], start_interpolation: 0, interpolation_duration: 1 }
$data merge entity $(bone_hip) { transformation: [-4.3939320833333335f,1.3441774553638743e-18f,5.380998072723133e-16f,1.314196800122255e-16f,0f,4.393918374236223f,-0.010976041878358257f,-11.21196125f,-5.381014861525028e-16f,-0.010976041878358257f,-4.393918374236223f,-1.073123125f,0f,0f,0f,1f], start_interpolation: 0, interpolation_duration: 1 }
$data merge entity $(bone_right_foot) { transformation: [-2.0385620753781524f,0.032323300692134405f,-0.0694252768254215f,-1.968105205431026f,-0.03382343172672229f,1.2791973889119266f,1.5887447924909583f,-17.084366578143232f,0.0687069159266249f,1.588776020851673f,-1.2777598034335624f,-4.009173516034675f,0f,0f,0f,1f], start_interpolation: 0, interpolation_duration: 1 }
$data merge entity $(bone_right_knee) { transformation: [-2.8479911347194777f,0.04247571422343855f,-0.09819526597790727f,-1.8608231055964217f,-0.047253323735862024f,1.8474210973683325f,2.169631861029493f,-15.734318944207397f,0.09598760313278479f,2.1697306521085964f,-1.8454146627100447f,-0.32847470058964845f,0f,0f,0f,1f], start_interpolation: 0, interpolation_duration: 1 }
$data merge entity $(bone_right_thigh) { transformation: [-3.8211525148605756f,-0.1713807848268765f,0.00686183407154277f,-1.6874999999999998f,-0.17150984237411585f,3.8164081439494253f,-0.19036347539722925f,-12.21449625f,0.0016828973550022152f,-0.19047967185143255f,-3.8202538740858403f,-2.3747187500000004f,0f,0f,0f,1f], start_interpolation: 0, interpolation_duration: 1 }
$data merge entity $(bone_left_foot) { transformation: [-2.0379385887588697f,0.09125809514332607f,-0.008846949661794883f,1.704780922323329f,0.0912465215153974f,2.0379563184527743f,0.002848927825357674f,-19.438845406332845f,0.008965531710211508f,0.0024503365535415334f,-2.0399788271185386f,-1.5374644790255636f,0f,0f,0f,1f], start_interpolation: 0, interpolation_duration: 1 }
$data merge entity $(bone_left_knee) { transformation: [-2.8471200872366564f,0.12714443747646692f,-0.015540298334595392f,1.8703546007152203f,0.12747675799945224f,2.8463560044672627f,-0.06713547499728006f,-15.733877984435685f,0.012525375183383725f,-0.06776273202841011f,-2.849166777695641f,-0.3285457832994738f,0f,0f,0f,1f], start_interpolation: 0, interpolation_duration: 1 }
$data merge entity $(bone_left_thigh) { transformation: [-3.82156357087333f,0.1619034106066147f,-0.008009956793262982f,1.6875000000000002f,0.16210141715892928f,3.816818195096822f,-0.1903864389417312f,-12.21449625f,-0.00006579476273169714f,-0.19055485092695143f,-3.820250494988419f,-2.3747187499999995f,0f,0f,0f,1f], start_interpolation: 0, interpolation_duration: 1 }
data modify entity @s data merge value {"locators":{"consume":{"posx":-4.191371834739354,"posy":-17.21312176386125,"posz":-1.9997128319388837,"roty":356.84688074387685,"rotx":-4.4909735446495125}},"cameras":{}}