# This file was generated by Animated Java via MC-Build. It is not recommended to edit this file directly.
$data merge entity $(bone_right_thumb) { transformation: [-0.5691352342064199f,-0.2072063682480791f,-0.8577007672505875f,-4.520641117155972f,0.7931064174209598f,0.327211673702511f,-0.6053220062400612f,-13.880213664878484f,0.38673931249679677f,-0.975960061452437f,-0.02084856396162975f,2.656435648416615f,0f,0f,0f,1f], start_interpolation: 0, interpolation_duration: 1 }
$data merge entity $(bone_right_fingers_2) { transformation: [-0.2663084918252463f,-0.511686428943756f,-0.8168578735719876f,-4.185432411585828f,0.346360366354473f,0.7400577910164845f,-0.5764971488000579f,-14.997309650097979f,0.899507800855867f,-0.4364532785884275f,-0.01985577520155213f,4.3025451378929835f,0f,0f,0f,1f], start_interpolation: 0, interpolation_duration: 1 }
$data merge entity $(bone_right_fingers) { transformation: [-0.4864731336360618f,-0.30997920032441073f,-0.8168578735719876f,-4.668072484256195f,0.6699857716353008f,0.46772866411163433f,-0.5764971488000579f,-14.29807157525266f,0.560769967149241f,-0.8277335272505184f,-0.01985577520155213f,3.846548687151783f,0f,0f,0f,1f], start_interpolation: 0, interpolation_duration: 1 }
$data merge entity $(bone_right_hand) { transformation: [-0.5691352342064195f,-0.20720636824807898f,-0.857700767250587f,-4.9684082560822445f,0.7931064174209593f,0.32721167370251075f,-0.6053220062400608f,-13.717134670267463f,0.3867393124967965f,-0.9759600614524363f,-0.020848563961629735f,2.492631292722036f,0f,0f,0f,1f], start_interpolation: 0, interpolation_duration: 1 }
$data merge entity $(bone_right_forearm) { transformation: [-3.5083342522858487f,-0.9092773290473433f,-2.2672517533609753f,-6.031738116933505f,1.0707311300821456f,2.9939209996826666f,-2.8575508560185146f,-8.829610001691613f,2.195620782674207f,-2.912949842777879f,-2.2292594268387504f,-1.480401164807673f,0f,0f,0f,1f], start_interpolation: 0, interpolation_duration: 1 }
$data merge entity $(bone_right_bicep) { transformation: [-2.9543867387670315f,0.5742302272834489f,-1.9753122902142604f,-4.335496972239538f,0.9016683200691754f,3.468605570950226f,-0.3402493699578169f,-4.658015354336284f,1.8489438169888066f,-0.7739735391129722f,-2.990379862554557f,-1.6805383407756422f,0f,0f,0f,1f], start_interpolation: 0, interpolation_duration: 1 }
$data merge entity $(bone_right_arm) { transformation: [-1.199108178636424f,-0.045984191378019394f,-0.005003006151148002f,-4.1375f,-0.045813127726870455f,1.1985802112254462f,-0.036147400828369064f,-3.2955119581204206f,0.006382260972429065f,-0.03592953384160459f,-1.1994450113876858f,-1.7055559832504192f,0f,0f,0f,1f], start_interpolation: 0, interpolation_duration: 1 }
$data merge entity $(bone_left_thumb) { transformation: [-0.4930649548026906f,0.3617927848138739f,0.8535179735670739f,4.500966449748044f,-0.7807069184615378f,0.3592379728259679f,-0.6032783655545589f,-13.900838506033162f,-0.4998836442730567f,-0.9179074352768436f,0.1003109288750586f,2.5746459130676453f,0f,0f,0f,1f], start_interpolation: 0, interpolation_duration: 1 }
$data merge entity $(bone_left_fingers_2) { transformation: [-0.303609651346607f,0.4970479012737369f,0.8128742605400698f,3.925096420922529f,-0.5579670574183008f,0.5988022320339668f,-0.5745508243376748f,-15.03312066976444f,-0.7723302029864909f,-0.6279962346626873f,0.09553421797624623f,4.197690269097558f,0f,0f,0f,1f], start_interpolation: 0, interpolation_duration: 1 }
$data merge entity $(bone_left_fingers) { transformation: [-0.4271296047026422f,0.3959744150043022f,0.8128742605400698f,4.45462481727049f,-0.699557463424387f,0.424865514745708f,-0.5745508243376748f,-14.357256712973363f,-0.572869667685244f,-0.814059922267314f,0.09553421797624623f,3.7588102427565513f,0f,0f,0f,1f], start_interpolation: 0, interpolation_duration: 1 }
$data merge entity $(bone_left_hand) { transformation: [-0.49306495480269025f,0.36179278481387367f,0.8535179735670734f,4.968408256082244f,-0.7807069184615373f,0.3592379728259677f,-0.6032783655545586f,-13.731943382326598f,-0.49988364427305637f,-0.917907435276843f,0.10031092887505855f,2.4916119982542226f,0f,0f,0f,1f], start_interpolation: 0, interpolation_duration: 1 }
$data merge entity $(bone_left_forearm) { transformation: [-3.5083342522858483f,0.9092773290473442f,2.2672517533609757f,6.031738116933506f,-1.0707311300821456f,2.9939209996826666f,-2.8575508560185146f,-8.844418713750748f,-2.195620782674208f,-2.912949842777879f,-2.2292594268387496f,-1.4814204592754865f,0f,0f,0f,1f], start_interpolation: 0, interpolation_duration: 1 }
$data merge entity $(bone_left_bicep) { transformation: [-2.954386738767031f,-0.5742302272834486f,1.9753122902142612f,4.335496972239538f,-0.9016683200691754f,3.468605570950226f,-0.3402493699578169f,-4.672824066395419f,-1.8489438169888073f,-0.7739735391129723f,-2.9903798625545566f,-1.681557635243456f,0f,0f,0f,1f], start_interpolation: 0, interpolation_duration: 1 }
$data merge entity $(bone_left_arm) { transformation: [-1.199108178636424f,0.045984191378019415f,0.005003006151148295f,4.1375f,0.045813127726870455f,1.1985802112254462f,-0.036147400828369064f,-3.3103206701795562f,-0.006382260972429359f,-0.03592953384160459f,-1.1994450113876858f,-1.706575277718233f,0f,0f,0f,1f], start_interpolation: 0, interpolation_duration: 1 }
$data merge entity $(bone_chest) { transformation: [-6.061547916666667f,-5.0974201354811746e-17f,7.405733025570186e-16f,8.344437127690384e-19f,0f,6.047239931322521f,0.41623594158170313f,-2.5830931250000013f,-7.423255254024141e-16f,0.41623594158170313f,-6.047239931322521f,-0.006813750000000063f,0f,0f,0f,1f], start_interpolation: 0, interpolation_duration: 1 }
$data merge entity $(bone_waist) { transformation: [-5.023832916666667f,2.817739061753585e-17f,6.145965050907547e-16f,0.000001250000000317199f,0f,5.018561315137236f,-0.2300858552617297f,-7.9604775f,-6.152420900846945e-16f,-0.2300858552617297f,-5.018561315137236f,-2.5901250000000005f,0f,0f,0f,1f], start_interpolation: 0, interpolation_duration: 1 }
$data merge entity $(bone_hip) { transformation: [-4.3939320833333335f,2.4644438362642552e-17f,5.375368462322579e-16f,1.314196800122255e-16f,0f,4.3893214484903895f,-0.20123711081269283f,-11.21196125f,-5.381014861525028e-16f,-0.20123711081269283f,-4.3893214484903895f,-1.073123125f,0f,0f,0f,1f], start_interpolation: 0, interpolation_duration: 1 }
$data merge entity $(bone_right_foot) { transformation: [-1.4516214948734771f,-1.2477775322362499f,-0.7052987066964652f,1.2089199246648885f,-1.433219090452023f,1.275306663340277f,0.693596390708433f,-15.553541137021137f,0.016675562514285994f,0.9890622551115291f,-1.7841182082834441f,0.2261563414887009f,0f,0f,0f,1f], start_interpolation: 0, interpolation_duration: 1 }
$data merge entity $(bone_right_knee) { transformation: [-2.028000617837946f,-2.0023163579478274f,-0.0210403598699552f,-1.361469064163718f,-2.002291376366797f,2.0280998163894006f,-0.011848159706793314f,-12.92587204849674f,0.02329674174789955f,0.006351177514963286f,-2.8498977041936264f,1.6245256423232686f,0f,0f,0f,1f], start_interpolation: 0, interpolation_duration: 1 }
$data merge entity $(bone_right_thigh) { transformation: [-2.601980590426186f,-1.7290559978267066f,2.20696338062617f,-1.6874999999999998f,-2.8034566800331246f,1.571451724613702f,-2.0740769321281878f,-12.21449625f,0.030865032367575696f,-3.0284533731903673f,-2.3362667904562686f,-2.3747187500000004f,0f,0f,0f,1f], start_interpolation: 0, interpolation_duration: 1 }
$data merge entity $(bone_left_foot) { transformation: [-1.3198314893180894f,1.5554901210955256f,0.009763348740086166f,-1.5450492039013795f,1.555013666199808f,1.3190483198489893f,0.06036578364762785f,-15.49091530887904f,0.039715711453120146f,0.046497452379515f,-2.0390832864760546f,1.9697334606410206f,0f,0f,0f,1f], start_interpolation: 0, interpolation_duration: 1 }
$data merge entity $(bone_left_knee) { transformation: [-1.8438822277238014f,1.9550370039078582f,-0.948909186189752f,1.4170179677941137f,2.172445563073261f,1.6900466278081945f,-0.7394069727271007f,-12.960582954189986f,0.05548518511832961f,-1.201695763987349f,-2.583669616078505f,1.6223428591602822f,0f,0f,0f,1f], start_interpolation: 0, interpolation_duration: 1 }
$data merge entity $(bone_left_thigh) { transformation: [-2.7259661878210046f,1.638855394504909f,-2.124590863850916f,1.6875000000000002f,2.6832316125695805f,1.6635942837583517f,-2.159478449152432f,-12.21449625f,-0.0012067161524058814f,-3.029394668072931f,-2.3352497701289754f,-2.3747187499999995f,0f,0f,0f,1f], start_interpolation: 0, interpolation_duration: 1 }
data modify entity @s data merge value {"locators":{"consume":{"posx":-3.396167341591348,"posy":-14.434588484455402,"posz":3.8172249111624557,"roty":271.392443130979,"rotx":-35.204545999194906}},"cameras":{}}