# This file was generated by Animated Java via MC-Build. It is not recommended to edit this file directly.
$data merge entity $(bone_right_thumb) { transformation: [-0.5622015358503943f,-0.2176297801642703f,-0.8596898928527137f,-4.481084245412034f,0.7994027349243639f,0.31628367521014267f,-0.6028431837476593f,-13.844326573851784f,0.3839071508619063f,-0.9772931574411118f,-0.0036584061935654357f,2.6920344797831413f,0f,0f,0f,1f], start_interpolation: 0, interpolation_duration: 1 }
$data merge entity $(bone_right_fingers_2) { transformation: [-0.25473324070267633f,-0.5145441495781872f,-0.8187522789073458f,-4.129981730572427f,0.3578127291839049f,0.7364356622776469f,-0.5741363654739609f,-14.942903815498157f,0.8983768846731742f,-0.4392116044238172f,-0.003484196374824222f,4.347268552667584f,0f,0f,0f,1f], start_interpolation: 0, interpolation_duration: 1 }
$data merge entity $(bone_right_fingers) { transformation: [-0.47787753242594744f,-0.318241684552032f,-0.8187522789073458f,-4.615832141144762f,0.6780927444095266f,0.4588656271933073f,-0.5741363654739609f,-14.247606881002188f,0.5584114020877833f,-0.8295568494045344f,-0.003484196374824222f,3.888662360410634f,0f,0f,0f,1f], start_interpolation: 0, interpolation_duration: 1 }
$data merge entity $(bone_right_hand) { transformation: [-0.562201535850394f,-0.21762978016427015f,-0.8596898928527131f,-4.930247732041427f,0.7994027349243634f,0.31628367521014245f,-0.6028431837476589f,-13.681799281237382f,0.3839071508619061f,-0.9772931574411112f,-0.0036584061935654335f,2.5315381322719377f,0f,0f,0f,1f], start_interpolation: 0, interpolation_duration: 1 }
$data merge entity $(bone_right_forearm) { transformation: [-3.491187898737552f,-0.9407945431185735f,-2.2808195201170087f,-6.0382096763519675f,1.0793426838642821f,2.9713866378711074f,-2.8777605562432895f,-8.824682159818861f,2.2186147539618313f,-2.9259856588711006f,-2.189059500695111f,-1.4665099272544462f,0f,0f,0f,1f], start_interpolation: 0, interpolation_duration: 1 }
$data merge entity $(bone_right_bicep) { transformation: [-2.9399477042000446f,0.5761428650798112f,-1.9961880912345198f,-4.334751973656097f,0.90892015483308f,3.4669314894751744f,-0.3380091706206602f,-4.6567299671629225f,1.8683071612310163f,-0.7800291317015555f,-2.976740315343248f,-1.680746214706974f,0f,0f,0f,1f], start_interpolation: 0, interpolation_duration: 1 }
$data merge entity $(bone_right_arm) { transformation: [-1.1990828436747294f,-0.046639794198091965f,-0.005006356168391272f,-4.1375f,-0.04646659003235859f,1.1985451284471877f,-0.0364750748632498f,-3.294125415255847f,0.006417944818232377f,-0.03625334015886798f,-1.1994350775726195f,-1.7061368066984044f,0f,0f,0f,1f], start_interpolation: 0, interpolation_duration: 1 }
$data merge entity $(bone_left_thumb) { transformation: [-0.4842757989765189f,0.37363986399156696f,0.8534460747827123f,4.462094160830133f,-0.7876279587985681f,0.3495523950677964f,-0.5999627668623865f,-13.865502020248256f,-0.49761345343997376f,-0.9169004172420971f,0.11905660761508532f,2.6090257455611248f,0f,0f,0f,1f], start_interpolation: 0, interpolation_duration: 1 }
$data merge entity $(bone_left_fingers_2) { transformation: [-0.28924685337365097f,0.5056510781746938f,0.8128057855073445f,3.86618788535632f,-0.5648198093261617f,0.5953893644956294f,-0.5713931112975106f,-14.981032495329679f,-0.7728614628807675f,-0.6243624682716445f,0.11338724534770023f,4.235748741217941f,0f,0f,0f,1f], start_interpolation: 0, interpolation_duration: 1 }
$data merge entity $(bone_left_fingers) { transformation: [-0.4169714270798741f,0.4067942773009004f,0.8128057855073445f,4.400411160663064f,-0.7065928791455298f,0.41741635749282974f,-0.5713931112975106f,-14.308381509991335f,-0.5717178781005575f,-0.8125773812091106f,0.11338724534770023f,3.7976229234519643f,0f,0f,0f,1f], start_interpolation: 0, interpolation_duration: 1 }
$data merge entity $(bone_left_hand) { transformation: [-0.4842757989765186f,0.37363986399156673f,0.8534460747827117f,4.930247732041424f,-0.7876279587985676f,0.3495523950677962f,-0.5999627668623861f,-13.696412803178498f,-0.4976134534399735f,-0.9169004172420966f,0.11905660761508524f,2.5305202899358736f,0f,0f,0f,1f], start_interpolation: 0, interpolation_duration: 1 }
$data merge entity $(bone_left_forearm) { transformation: [-3.4911878987375515f,0.9407945431185744f,2.2808195201170096f,6.038209676351967f,-1.0793426838642821f,2.9713866378711074f,-2.8777605562432895f,-8.839295681759978f,-2.218614753961832f,-2.9259856588711006f,-2.18905950069511f,-1.46752776959051f,0f,0f,0f,1f], start_interpolation: 0, interpolation_duration: 1 }
$data merge entity $(bone_left_bicep) { transformation: [-2.939947704200044f,-0.576142865079811f,1.9961880912345205f,4.334751973656097f,-0.90892015483308f,3.4669314894751744f,-0.3380091706206602f,-4.671343489104038f,-1.8683071612310171f,-0.7800291317015557f,-2.9767403153432475f,-1.6817640570430383f,0f,0f,0f,1f], start_interpolation: 0, interpolation_duration: 1 }
$data merge entity $(bone_left_arm) { transformation: [-1.1990828436747294f,0.046639794198091986f,0.0050063561683915654f,4.1375f,0.04646659003235859f,1.1985451284471877f,-0.0364750748632498f,-3.308738937196963f,-0.00641794481823267f,-0.03625334015886798f,-1.1994350775726195f,-1.7071546490344687f,0f,0f,0f,1f], start_interpolation: 0, interpolation_duration: 1 }
$data merge entity $(bone_chest) { transformation: [-6.061547916666667f,-5.15785497298079e-17f,7.405314570440204e-16f,8.344437127690384e-19f,0f,6.0468982367782065f,0.4211708205640916f,-2.5830931250000013f,-7.423255254024141e-16f,0.4211708205640916f,-6.0468982367782065f,-0.006813750000000063f,0f,0f,0f,1f], start_interpolation: 0, interpolation_duration: 1 }
$data merge entity $(bone_waist) { transformation: [-5.023832916666667f,2.851175879819432e-17f,6.145810841719885e-16f,0.0000012500000003172944f,0f,5.018435393779527f,-0.2328161786569427f,-7.9604775f,-6.152420900846945e-16f,-0.2328161786569427f,-5.018435393779527f,-2.5909042968750002f,0f,0f,0f,1f], start_interpolation: 0, interpolation_duration: 1 }
$data merge entity $(bone_hip) { transformation: [-4.3939320833333335f,2.4936882618056977e-17f,5.37523358827154e-16f,1.314196800122255e-16f,0f,4.389211315469887f,-0.20362509937901282f,-11.21196125f,-5.381014861525028e-16f,-0.20362509937901282f,-4.389211315469887f,-1.073123125f,0f,0f,0f,1f], start_interpolation: 0, interpolation_duration: 1 }
$data merge entity $(bone_right_foot) { transformation: [-1.437553509874851f,-1.2638843590886006f,-0.7054333654553725f,1.2207994038483103f,-1.4473378751647161f,1.2661140194803526f,0.6810054073125924f,-15.50548050227169f,0.015905387772111597f,0.9803834028208055f,-1.7889089977171324f,0.27333810976369866f,0f,0f,0f,1f], start_interpolation: 0, interpolation_duration: 1 }
$data merge entity $(bone_right_knee) { transformation: [-2.008346815266336f,-2.0221374736032103f,0.001762798681173991f,-1.3863380359214639f,-2.022016149127177f,2.0081974906614635f,-0.03306858282274644f,-12.893106937587822f,0.02222076232868532f,-0.02455354049067623f,-2.8498076007637607f,1.6321623829289784f,0f,0f,0f,1f], start_interpolation: 0, interpolation_duration: 1 }
$data merge entity $(bone_right_thigh) { transformation: [-2.5744678599149777f,-1.7202544715565324f,2.2457659698540615f,-1.6874999999999998f,-2.828739088139128f,1.5319088782951416f,-2.069327272287866f,-12.21449625f,0.031231546529293934f,-3.0536215780103264f,-2.3032682971836156f,-2.3747187500000004f,0f,0f,0f,1f], start_interpolation: 0, interpolation_duration: 1 }
$data merge entity $(bone_left_foot) { transformation: [-1.3034400107091462f,1.5692364320469052f,0.011881027701300237f,-1.5462631949222718f,1.5688167656578984f,1.3026409179102107f,0.05950289721293438f,-15.42546557290558f,0.03818500063153939f,0.04715569236838159f,-2.039097409738934f,1.9969171171659954f,0f,0f,0f,1f], start_interpolation: 0, interpolation_duration: 1 }
$data merge entity $(bone_left_knee) { transformation: [-1.8209823679024837f,1.9683459165350075f,-0.9654727177130504f,1.440877421027273f,2.1917293049632405f,1.6649570729100949f,-0.7394190957312353f,-12.927374835116902f,0.05334669205876826f,-1.2149206962705874f,-2.577522421283621f,1.6299396416435181f,0f,0f,0f,1f], start_interpolation: 0, interpolation_duration: 1 }
$data merge entity $(bone_left_thigh) { transformation: [-2.7010766409281213f,1.6307789066104965f,-2.162260423165242f,1.6875000000000002f,2.7082851564928228f,1.6250611711701222f,-2.1575432095501217f,-12.21449625f,-0.0012210459062320274f,-3.0545640192520875f,-2.30222982374424f,-2.3747187499999995f,0f,0f,0f,1f], start_interpolation: 0, interpolation_duration: 1 }
data modify entity @s data merge value {"locators":{"consume":{"posx":-3.3447703815601955,"posy":-14.388435189328323,"posz":3.8461319810376238,"roty":270.24382044164093,"rotx":-35.039173752286914}},"cameras":{}}