# This file was generated by Animated Java via MC-Build. It is not recommended to edit this file directly.
$data merge entity $(bone_right_thumb) { transformation: [-0.528573647625644f,-0.27045031630873456f,-0.8660060770249991f,-4.274049164136893f,0.829289315611692f,0.2624586872082102f,-0.5881281055358911f,-13.663754099367141f,0.36795261929766826f,-0.9800367666151357f,0.08147886863805184f,2.854974578834079f,0f,0f,0f,1f], start_interpolation: 0, interpolation_duration: 1 }
$data merge entity $(bone_right_fingers_2) { transformation: [-0.19713503417591305f,-0.5299962564639379f,-0.8247676924047604f,-3.840592924810163f,0.41343018959785727f,0.7178710312715255f,-0.5601220052722768f,-14.669864000228792f,0.8889393998634225f,-0.45140353409711864f,0.07759892251243028f,4.549023965305608f,0f,0f,0f,1f], start_interpolation: 0, interpolation_duration: 1 }
$data merge entity $(bone_right_fingers) { transformation: [-0.43572207580422306f,-0.3604227049204662f,-0.8247676924047604f,-4.3436043724266815f,0.716976562518924f,0.4149794549231457f,-0.5601220052722768f,-13.994644862505996f,0.5441423356580578f,-0.8353966278178909f,0.07759892251243028f,4.0790594051855535f,0f,0f,0f,1f], start_interpolation: 0, interpolation_duration: 1 }
$data merge entity $(bone_right_hand) { transformation: [-0.5285736476256436f,-0.2704503163087344f,-0.8660060770249985f,-4.7297418939329035f,0.8292893156116914f,0.26245868720821003f,-0.5881281055358907f,-13.503615383309873f,0.36795261929766804f,-0.9800367666151352f,0.0814788686380518f,2.711371780251782f,0f,0f,0f,1f], start_interpolation: 0, interpolation_duration: 1 }
$data merge entity $(bone_right_forearm) { transformation: [-3.4029163695661495f,-1.1026790840965568f,-2.3409152097491086f,-6.068365343739385f,1.1205110497869792f,2.8580800939560134f,-2.975140024240484f,-8.80004638119052f,2.33243224318393f,-2.9817950992696267f,-1.9860218571122572f,-1.3981392112690048f,0f,0f,0f,1f], start_interpolation: 0, interpolation_duration: 1 }
$data merge entity $(bone_right_bicep) { transformation: [-2.865613784897811f,0.5844748508041948f,-2.0992014635525247f,-4.331013623825991f,0.9435882524521932f,3.4589003780937295f,-0.32503751207710735f,-4.650269135709767f,1.9641534679443626f,-0.80894828215435f,-2.9064933908683965f,-1.6817738815844394f,0f,0f,0f,1f], start_interpolation: 0, interpolation_duration: 1 }
$data merge entity $(bone_right_arm) { transformation: [-1.1989504350677185f,-0.04992832044625945f,-0.005001706543219567f,-4.1375f,-0.04974481014719818f,1.198362384950265f,-0.03811886933964636f,-3.2871647270671795f,0.006580890087827419f,-0.03787818836387838f,-1.199383981355397f,-1.7090325808134295f,0f,0f,0f,1f], start_interpolation: 0, interpolation_duration: 1 }
$data merge entity $(bone_left_thumb) { transformation: [-0.44115734438943005f,0.4330749224383773f,0.8487203950926716f,4.258876852253687f,-0.8207653674087195f,0.30233059941036167f,-0.5808962216460035f,-13.687869292007091f,-0.4839673637278625f,-0.9074923251549661f,0.2115024128258074f,2.7660192158709536f,0f,0f,0f,1f], start_interpolation: 0, interpolation_duration: 1 }
$data merge entity $(bone_left_fingers_2) { transformation: [-0.216962378485278f,0.5473300009209889f,0.8083051381834963f,3.561268238231742f,-0.5979379587234975f,0.5800015422925201f,-0.5532344968057172f,-14.721065131301632f,-0.7716200644355927f,-0.6033473966382288f,0.20143086935791166f,4.403211409661073f,0f,0f,0f,1f], start_interpolation: 0, interpolation_duration: 1 }
$data merge entity $(bone_left_fingers) { transformation: [-0.3665015639779944f,0.460781300822682f,0.8083051381834963f,4.119012875444158f,-0.7405565114793701f,0.3814546432403606f,-0.5532344968057172f,-14.063924903190262f,-0.5632518592132564f,-0.8013569416698944f,0.20143086935791166f,3.970897023585679f,0f,0f,0f,1f], start_interpolation: 0, interpolation_duration: 1 }
$data merge entity $(bone_left_hand) { transformation: [-0.4411573443894298f,0.43307492243837703f,0.848720395092671f,4.729741893932903f,-0.8207653674087191f,0.3023305994103615f,-0.5808962216460031f,-13.517250213772277f,-0.48396736372786214f,-0.9074923251549655f,0.21150241282580726f,2.710366014733819f,0f,0f,0f,1f], start_interpolation: 0, interpolation_duration: 1 }
$data merge entity $(bone_left_forearm) { transformation: [-3.4029163695661486f,1.102679084096557f,2.3409152097491086f,6.068365343739385f,-1.1205110497869792f,2.8580800939560134f,-2.975140024240484f,-8.813681211652924f,-2.332432243183931f,-2.9817950992696267f,-1.9860218571122565f,-1.3991449767869675f,0f,0f,0f,1f], start_interpolation: 0, interpolation_duration: 1 }
$data merge entity $(bone_left_bicep) { transformation: [-2.86561378489781f,-0.5844748508041947f,2.099201463552525f,4.331013623825991f,-0.9435882524521932f,3.4589003780937295f,-0.32503751207710735f,-4.663903966172171f,-1.9641534679443635f,-0.8089482821543502f,-2.906493390868396f,-1.6827796471024026f,0f,0f,0f,1f], start_interpolation: 0, interpolation_duration: 1 }
$data merge entity $(bone_left_arm) { transformation: [-1.1989504350677185f,0.049928320446259465f,0.0050017065432198604f,4.1375f,0.04974481014719818f,1.198362384950265f,-0.03811886933964636f,-3.300799557529584f,-0.006580890087827713f,-0.03787818836387838f,-1.199383981355397f,-1.7100383463313926f,0f,0f,0f,1f], start_interpolation: 0, interpolation_duration: 1 }
$data merge entity $(bone_chest) { transformation: [-6.061547916666667f,-5.4608853325122436e-17f,7.403141622328222e-16f,8.344437127690384e-19f,0f,6.045123889992263f,0.4459151272280566f,-2.5830931250000013f,-7.423255254024141e-16f,0.4459151272280566f,-6.045123889992263f,-0.006813750000000063f,0f,0f,0f,1f], start_interpolation: 0, interpolation_duration: 1 }
$data merge entity $(bone_waist) { transformation: [-5.023832916666667f,3.0188498508795766e-17f,6.145010040427661e-16f,0.000001250000000317773f,0f,5.017781489900645f,-0.24650779743036258f,-7.9604775f,-6.152420900846945e-16f,-0.24650779743036258f,-5.017781489900645f,-2.5948125f,0f,0f,0f,1f], start_interpolation: 0, interpolation_duration: 1 }
$data merge entity $(bone_hip) { transformation: [-4.3939320833333335f,2.640338847763064e-17f,5.374533193463702e-16f,1.314196800122255e-16f,0f,4.38863939970746f,-0.21560002848179335f,-11.21196125f,-5.381014861525028e-16f,-0.21560002848179335f,-4.38863939970746f,-1.073123125f,0f,0f,0f,1f], start_interpolation: 0, interpolation_duration: 1 }
$data merge entity $(bone_right_foot) { transformation: [-1.3648381622709498f,-1.3432500464596298f,-0.7032041691394175f,1.264701307653512f,-1.5161370885767367f,1.2166450363160977f,0.6186300867638593f,-15.261076293703532f,0.012046553486950107f,0.9365117021658643f,-1.81229156380961f,0.5051522574340201f,0f,0f,0f,1f], start_interpolation: 0, interpolation_duration: 1 }
$data merge entity $(bone_right_knee) { transformation: [-1.9067591972902977f,-2.114676513087563f,0.12211719184736537f,-1.5208996644319597f,-2.1181326972763235f,1.9022222750786493f,-0.13253034717957662f,-12.736686093141216f,0.01682974384206265f,-0.17942592117761544f,-2.8442965911683284f,1.6633339370320854f,0f,0f,0f,1f], start_interpolation: 0, interpolation_duration: 1 }
$data merge entity $(bone_right_thigh) { transformation: [-2.4328389458294666f,-1.664019560584249f,2.4378184029267604f,-1.6874999999999998f,-2.9514108598422992f,1.3360785419053824f,-2.033394468927497f,-12.21449625f,0.033069624435733254f,-3.1743594679640483f,-2.133769755171979f,-2.3747187500000004f,0f,0f,0f,1f], start_interpolation: 0, interpolation_duration: 1 }
$data merge entity $(bone_left_foot) { transformation: [-1.2192495624623805f,1.6353937716090812f,0.022753378156134187f,-1.5364655288890192f,1.635281730028582f,1.2184141195176654f,0.05404347134223745f,-15.099565021572332f,0.029734960400524806f,0.050539540383886646f,-2.0391570775660623f,2.125834020366159f,0f,0f,0f,1f], start_interpolation: 0, interpolation_duration: 1 }
$data merge entity $(bone_left_knee) { transformation: [-1.7033633593224433f,2.0299466035742673f,-1.0489852490645681f,1.570061141787215f,2.284584769892872f,1.536794374972453f,-0.7358229938147898f,-12.767898952709054f,0.04154148879485083f,-1.2806560177074569f,-2.5457208152148945f,1.6609052377563263f,0f,0f,0f,1f], start_interpolation: 0, interpolation_duration: 1 }
$data merge entity $(bone_left_thigh) { transformation: [-2.572825328247291f,1.5788094518406222f,-2.349160604366576f,1.6875000000000002f,2.8304051227187497f,1.4336801232171197f,-2.136350426680887f,-12.21449625f,-0.0012929101601184714f,-3.1753026657424113f,-2.1326219330468446f,-2.3747187499999995f,0f,0f,0f,1f], start_interpolation: 0, interpolation_duration: 1 }
data modify entity @s data merge value {"locators":{"consume":{"posx":-3.07910222961016,"posy":-14.158137871575164,"posz":3.9716172855500904,"roty":264.62510364633204,"rotx":-34.064235639399854}},"cameras":{}}