# This file was generated by Animated Java via MC-Build. It is not recommended to edit this file directly.
$data merge entity $(bone_right_thumb) { transformation: [-0.4555814992086107f,-0.4006702563996652f,-0.8569765709839813f,-3.7149900162966567f,0.8907803300196597f,0.13856983734991762f,-0.5383389302538732f,-13.220069896048685f,0.3185214297796962f,-0.9606048853787105f,0.27978983712360606f,3.143047650094931f,0f,0f,0f,1f], start_interpolation: 0, interpolation_duration: 1 }
$data merge entity $(bone_right_fingers_2) { transformation: [-0.06209620260001758f,-0.5744680944891174f,-0.8161681628418864f,-3.0666404738501183f,0.5363197373478462f,0.6704446368966543f,-0.5127037430989265f,-14.005317097793176f,0.8417275099186166f,-0.4695640502322933f,0.2664665115462913f,4.884591353476929f,0f,0f,0f,1f], start_interpolation: 0, interpolation_duration: 1 }
$data merge entity $(bone_right_fingers) { transformation: [-0.3410109361747192f,-0.4664558621912062f,-0.8161681628418864f,-3.617824676133265f,0.7996888355425598f,0.3124622187096133f,-0.5127037430989265f,-13.380630460891545f,0.49417538153759333f,-0.8275181511643864f,0.2664665115462913f,4.399029134004245f,0f,0f,0f,1f], start_interpolation: 0, interpolation_duration: 1 }
$data merge entity $(bone_right_hand) { transformation: [-0.45558149920861035f,-0.4006702563996649f,-0.8569765709839808f,-4.183220659468803f,0.8907803300196592f,0.13856983734991754f,-0.5383389302538729f,-13.063383545580894f,0.318521429779696f,-0.9606048853787098f,0.2797898371236059f,3.042392354646748f,0f,0f,0f,1f], start_interpolation: 0, interpolation_duration: 1 }
$data merge entity $(bone_right_forearm) { transformation: [-3.1712887413612356f,-1.5204970599097671f,-2.430358288343762f,-6.126818497886587f,1.206428392154538f,2.5798061175437614f,-3.1882214368652613f,-8.74096974120255f,2.600592865774818f,-3.050952980084998f,-1.4846641572394688f,-1.240447945167995f,0f,0f,0f,1f], start_interpolation: 0, interpolation_duration: 1 }
$data merge entity $(bone_right_bicep) { transformation: [-2.6705589400936725f,0.5967369218634585f,-2.339234916285812f,-4.321829295630873f,1.0159396986564533f,3.4421632621350633f,-0.2817420903974659f,-4.634316804064666f,2.1899729395998473f,-0.8691473539582484f,-2.7218746115366486f,-1.684189362705111f,0f,0f,0f,1f], start_interpolation: 0, interpolation_duration: 1 }
$data merge entity $(bone_right_arm) { transformation: [-1.1985878074321108f,-0.057998748535345195f,-0.004838702658707017f,-4.1375f,-0.05779364360458571f,1.197865985907149f,-0.042154176134759344f,-3.270038978315799f,0.006867505660115149f,-0.04187152940875193f,-1.1992496038735976f,-1.7160156583260797f,0f,0f,0f,1f], start_interpolation: 0, interpolation_duration: 1 }
$data merge entity $(bone_left_thumb) { transformation: [-0.34395979442395325f,0.5755082951403306f,0.8080729311420496f,3.711752473226413f,-0.8908673353602371f,0.19714218467981592f,-0.5196059562859352f,-13.252494232037924f,-0.43651695340270985f,-0.8558184160465004f,0.42370719624249564f,3.0409914527895654f,0f,0f,0f,1f], start_interpolation: 0, interpolation_duration: 1 }
$data merge entity $(bone_left_fingers_2) { transformation: [-0.04119645802768601f,0.637204091381389f,0.7695932677543325f,2.76256014680869f,-0.6691274057254355f,0.5544179909889774f,-0.4948628155104141f,-14.098163953521453f,-0.7420049641027484f,-0.5353425419248544f,0.4035306630880908f,4.650538345408523f,0f,0f,0f,1f], start_interpolation: 0, interpolation_duration: 1 }
$data merge entity $(bone_left_fingers) { transformation: [-0.24821408370444142f,0.5883162167389006f,0.7695932677543325f,3.376284606203898f,-0.814110670763512f,0.30386610468114084f,-0.4948628155104141f,-13.474361185672532f,-0.5249891278871864f,-0.7493660117378802f,0.4035306630880908f,4.245543922097162f,0f,0f,0f,1f], start_interpolation: 0, interpolation_duration: 1 }
$data merge entity $(bone_left_hand) { transformation: [-0.343959794423953f,0.5755082951403302f,0.8080729311420491f,4.183220659468801f,-0.8908673353602365f,0.1971421846798158f,-0.5196059562859349f,-13.074619064669509f,-0.4365169534027096f,-0.8558184160464999f,0.42370719624249537f,3.041450064879699f,0f,0f,0f,1f], start_interpolation: 0, interpolation_duration: 1 }
$data merge entity $(bone_left_forearm) { transformation: [-3.171288741361235f,1.520497059909768f,2.4303582883437627f,6.126818497886587f,-1.206428392154538f,2.5798061175437614f,-3.1882214368652613f,-8.752205260291163f,-2.6005928657748187f,-3.050952980084998f,-1.484664157239468f,-1.241390234935044f,0f,0f,0f,1f], start_interpolation: 0, interpolation_duration: 1 }
$data merge entity $(bone_left_bicep) { transformation: [-2.6705589400936725f,-0.5967369218634582f,2.339234916285813f,4.321829295630873f,-1.0159396986564533f,3.4421632621350633f,-0.2817420903974659f,-4.645552323153278f,-2.1899729395998477f,-0.8691473539582486f,-2.7218746115366486f,-1.6851316524721605f,0f,0f,0f,1f], start_interpolation: 0, interpolation_duration: 1 }
$data merge entity $(bone_left_arm) { transformation: [-1.1985878074321108f,0.05799874853534521f,0.00483870265870731f,4.1375f,0.05779364360458571f,1.197865985907149f,-0.042154176134759344f,-3.2812744974044117f,-0.006867505660115443f,-0.04187152940875193f,-1.1992496038735976f,-1.7169579480931294f,0f,0f,0f,1f], start_interpolation: 0, interpolation_duration: 1 }
$data merge entity $(bone_chest) { transformation: [-6.061547916666667f,-6.203884863306715e-17f,7.397285765226685e-16f,8.344437127690384e-19f,0f,6.040342219795098f,0.5065856431116385f,-2.5830931250000013f,-7.423255254024141e-16f,0.5065856431116385f,-6.040342219795098f,-0.006813750000000063f,0f,0f,0f,1f], start_interpolation: 0, interpolation_duration: 1 }
$data merge entity $(bone_waist) { transformation: [-5.023832916666667f,3.430091711174178e-17f,6.142851752216365e-16f,0.0000012500000003189472f,0f,5.016019113832052f,-0.2800882436929849f,-7.9604775f,-6.152420900846945e-16f,-0.2800882436929849f,-5.016019113832052f,-2.6044001464843753f,0f,0f,0f,1f], start_interpolation: 0, interpolation_duration: 1 }
$data merge entity $(bone_hip) { transformation: [-4.3939320833333335f,3.0000181671057675e-17f,5.372645516868163e-16f,1.314196800122255e-16f,0f,4.387097994792301f,-0.24497007375469376f,-11.21196125f,-5.381014861525028e-16f,-0.24497007375469376f,-4.387097994792301f,-1.073123125f,0f,0f,0f,1f], start_interpolation: 0, interpolation_duration: 1 }
$data merge entity $(bone_right_foot) { transformation: [-1.1719733457729917f,-1.5259256310954448f,-0.6779597666260345f,1.2601245000876993f,-1.6697518671777987f,1.0723502454736211f,0.4728569055104515f,-14.651891957912422f,0.002679338335191951f,0.8265687626559768f,-1.8650407238844557f,1.0365053211691957f,0f,0f,0f,1f], start_interpolation: 0, interpolation_duration: 1 }
$data merge entity $(bone_right_knee) { transformation: [-1.6373157036534445f,-2.2883117447889894f,0.45312983264247503f,-1.912648946389092f,-2.332741579145454f,1.6052386134737915f,-0.3225301826786359f,-12.417051263992711f,0.00374319326240052f,-0.5561819418800944f,-2.795200822129009f,1.6890955697720749f,0f,0f,0f,1f], start_interpolation: 0, interpolation_duration: 1 }
$data merge entity $(bone_right_thigh) { transformation: [-2.0613966725660346f,-1.443695645567972f,2.8804533742627676f,-1.6874999999999998f,-3.2217784829701843f,0.8837141824824807f,-1.8627446551660447f,-12.21449625f,0.03757878396149143f,-3.4300753820648615f,-1.6922753051287418f,-2.3747187500000004f,0f,0f,0f,1f], start_interpolation: 0, interpolation_duration: 1 }
$data merge entity $(bone_left_foot) { transformation: [-1.0004729543080224f,1.7771183565326027f,0.0500421279827404f,-1.4044829378895878f,1.7778190667888951f,0.9999569435562795f,0.032333833602678004f,-14.328569103087812f,0.003637782296919865f,0.05946812514655942f,-2.0391297920023415f,2.3889542289508467f,0f,0f,0f,1f], start_interpolation: 0, interpolation_duration: 1 }
$data merge entity $(bone_left_knee) { transformation: [-1.3977195685185606f,2.143404889620578f,-1.2548687130257452f,1.947300324855618f,2.4837178138962503f,1.2091487868135804f,-0.7011455143418353f,-12.43445045235168f,0.0050821958559909884f,-1.4374542394448067f,-2.4609346762536046f,1.6861224617947972f,0f,0f,0f,1f], start_interpolation: 0, interpolation_duration: 1 }
$data merge entity $(bone_left_thigh) { transformation: [-2.2354286543260646f,1.372805418665102f,-2.7836826352696353f,1.6875000000000002f,3.1037850397288875f,0.9871069357037084f,-2.0056827577263525f,-12.21449625f,-0.001469208328697736f,-3.4309838501469767f,-1.6908496862398854f,-2.3747187499999995f,0f,0f,0f,1f], start_interpolation: 0, interpolation_duration: 1 }
data modify entity @s data merge value {"locators":{"consume":{"posx":-2.3843958327298918,"posy":-13.605256719387178,"posz":4.143224961777328,"roty":251.9189258252928,"rotx":-30.844093123138894}},"cameras":{}}