# This file was generated by Animated Java via MC-Build. It is not recommended to edit this file directly.
$data merge entity $(bone_right_thumb) { transformation: [-0.3755523438197546f,-0.5858374543867216f,-0.7862918758890849f,-2.7783134933174676f,0.9540406249761161f,-0.02388607541755957f,-0.43787662794025717f,-12.555353484330128f,0.2264220019050103f,-0.87104760629878f,0.5408411454526136f,3.277158359946912f,0f,0f,0f,1f], start_interpolation: 0, interpolation_duration: 1 }
$data merge entity $(bone_right_fingers_2) { transformation: [0.11323791957516785f,-0.6529944420053333f,-0.7488494056086518f,-1.7963152823319848f,0.6852664093728849f,0.5970760398387467f,-0.4170253599431018f,-13.032741124680129f,0.7194352797545323f,-0.4659382591724175f,0.515086805192965f,4.973544319064129f,0f,0f,0f,1f], start_interpolation: 0, interpolation_duration: 1 }
$data merge entity $(bone_right_fingers) { transformation: [-0.22843030597887207f,-0.6221287350942469f,-0.7488494056086518f,-2.4300607200731794f,0.8919961387964384f,0.17444981380492175f,-0.4170253599431018f,-12.484599891720137f,0.39008009905998076f,-0.7632320089156773f,0.515086805192965f,4.4963483456731765f,0f,0f,0f,1f], start_interpolation: 0, interpolation_duration: 1 }
$data merge entity $(bone_right_hand) { transformation: [-0.3755523438197544f,-0.5858374543867213f,-0.7862918758890843f,-3.2561375499844014f,0.9540406249761155f,-0.023886075417559556f,-0.4378766279402569f,-12.39903771208523f,0.22642200190501016f,-0.8710476062987794f,0.5408411454526133f,3.2429299163960605f,0f,0f,0f,1f], start_interpolation: 0, interpolation_duration: 1 }
$data merge entity $(bone_right_forearm) { transformation: [-2.783228161170143f,-2.179170227174936f,-2.4042635304524755f,-6.177825500147766f,1.2921928551585256f,2.1611898210761495f,-3.4547244727118396f,-8.65855970700516f,2.9764918323332794f,-2.975920139767056f,-0.7483453038418176f,-1.0321278028496605f,0f,0f,0f,1f], start_interpolation: 0, interpolation_duration: 1 }
$data merge entity $(bone_right_bicep) { transformation: [-2.343771083090647f,0.5971853347977728f,-2.666478349053405f,-4.30781353713345f,1.088162404344022f,3.4263896747643825f,-0.1890935705947536f,-4.609740827525792f,2.5065194377543416f,-0.9290982039432149f,-2.411252130240461f,-1.6875755516104356f,0f,0f,0f,1f], start_interpolation: 0, interpolation_duration: 1 }
$data merge entity $(bone_right_arm) { transformation: [-1.1979322965161412f,-0.07029063013288432f,-0.004176156017968148f,-4.1375f,-0.07006626884158618f,1.1969784687036467f,-0.04830386558540097f,-3.2438212466426246f,0.006995064987755845f,-0.04797679413420584f,-1.1990201400687237f,-1.726320690400036f,0f,0f,0f,1f], start_interpolation: 0, interpolation_duration: 1 }
$data merge entity $(bone_left_thumb) { transformation: [-0.22663916414833696f,0.767449769259786f,0.6798202269256526f,2.79912491496064f,-0.9681166952109336f,0.06897306537010149f,-0.4006155023302441f,-12.602569120759572f,-0.3374681521684756f,-0.7132766419255254f,0.6927132728304273f,3.1605237737130047f,0f,0f,0f,1f], start_interpolation: 0, interpolation_duration: 1 }
$data merge entity $(bone_left_fingers_2) { transformation: [0.20595322870249178f,0.7337537518297345f,0.6474478351672878f,1.4912943792696525f,-0.7458553889165529f,0.5460110398544165f,-0.38153857364785126f,-13.210690157963539f,-0.633469025613058f,-0.40432335578455886f,0.6597269265051684f,4.6038943224991336f,0f,0f,0f,1f], start_interpolation: 0, interpolation_duration: 1 }
$data merge entity $(bone_left_fingers) { transformation: [-0.09290787459866791f,0.7564254276362943f,0.6474478351672878f,2.179069057482549f,-0.8987168681677694f,0.21618581750309085f,-0.38153857364785126f,-12.623887151676275f,-0.4285745182675643f,-0.6173202286785759f,0.6597269265051684f,4.26857907982354f,0f,0f,0f,1f], start_interpolation: 0, interpolation_duration: 1 }
$data merge entity $(bone_left_hand) { transformation: [-0.22663916414833682f,0.7674497692597856f,0.6798202269256521f,3.2561375499844f,-0.968116695210933f,0.06897306537010145f,-0.40061550233024384f,-12.40662449235752f,-0.33746815216847537f,-0.713276641925525f,0.6927132728304268f,3.2421766374662075f,0f,0f,0f,1f], start_interpolation: 0, interpolation_duration: 1 }
$data merge entity $(bone_left_forearm) { transformation: [-2.7832281611701424f,2.1791702271749367f,2.4042635304524755f,6.177825500147766f,-1.2921928551585256f,2.1611898210761495f,-3.4547244727118396f,-8.666146487277452f,-2.9764918323332803f,-2.9759201397670556f,-0.7483453038418169f,-1.0328810817795127f,0f,0f,0f,1f], start_interpolation: 0, interpolation_duration: 1 }
$data merge entity $(bone_left_bicep) { transformation: [-2.3437710830906466f,-0.5971853347977726f,2.6664783490534054f,4.30781353713345f,-1.088162404344022f,3.4263896747643825f,-0.1890935705947536f,-4.617327607798084f,-2.5065194377543416f,-0.9290982039432149f,-2.41125213024046f,-1.6883288305402882f,0f,0f,0f,1f], start_interpolation: 0, interpolation_duration: 1 }
$data merge entity $(bone_left_arm) { transformation: [-1.1979322965161412f,0.07029063013288432f,0.004176156017968441f,4.1375f,0.07006626884158618f,1.1969784687036467f,-0.04830386558540097f,-3.251408026914916f,-0.006995064987756138f,-0.0479767941342058f,-1.1990201400687237f,-1.7270739693298887f,0f,0f,0f,1f], start_interpolation: 0, interpolation_duration: 1 }
$data merge entity $(bone_chest) { transformation: [-6.061547916666667f,-7.334364924518214e-17f,7.386933699305618e-16f,8.344437127690384e-19f,0f,6.031889116477248f,0.5988963454299381f,-2.5830931250000013f,-7.423255254024141e-16f,0.5988963454299381f,-6.031889116477248f,-0.006813750000000063f,0f,0f,0f,1f], start_interpolation: 0, interpolation_duration: 1 }
$data merge entity $(bone_waist) { transformation: [-5.023832916666667f,4.056177220091402e-17f,6.139035527244524e-16f,0.0000012500000003207355f,0f,5.0129029296600125f,-0.3312120052014565f,-7.9604775f,-6.152420900846945e-16f,-0.3312120052014565f,-5.0129029296600125f,-2.619003662109375f,0f,0f,0f,1f], start_interpolation: 0, interpolation_duration: 1 }
$data merge entity $(bone_hip) { transformation: [-4.3939320833333335f,3.5476034969074506e-17f,5.369307779801836e-16f,1.314196800122255e-16f,0f,4.38437252564589f,-0.2896838091911423f,-11.21196125f,-5.381014861525028e-16f,-0.2896838091911423f,-4.38437252564589f,-1.073123125f,0f,0f,0f,1f], start_interpolation: 0, interpolation_duration: 1 }
$data merge entity $(bone_right_foot) { transformation: [-0.843583977390119f,-1.7609587542093754f,-0.5907540427826378f,0.9528597171104942f,-1.8573762921033117f,0.7959486015417062f,0.27967683714665037f,-13.774024204323592f,-0.010926235546584916f,0.6535213000944691f,-1.9324571218269275f,1.7270221313588052f,0f,0f,0f,1f], start_interpolation: 0, interpolation_duration: 1 }
$data merge entity $(bone_right_knee) { transformation: [-1.1785364390009014f,-2.3879815377839066f,1.015428991682964f,-2.6277828236982503f,-2.5948639374972737f,1.0910974471813475f,-0.44574376790987097f,-12.140780617680369f,-0.015264593778317162f,-1.1088509980865562f,-2.625398342389061f,1.5897158407516288f,0f,0f,0f,1f], start_interpolation: 0, interpolation_duration: 1 }
$data merge entity $(bone_right_thigh) { transformation: [-1.440417781730936f,-0.9099848297331038f,3.4245801529134843f,-1.6874999999999998f,-3.543140710091198f,0.3235145555863386f,-1.4043209180305665f,-12.21449625f,0.044446851044465684f,-3.7010661898943913f,-0.9647582782504871f,-2.3747187500000004f,0f,0f,0f,1f], start_interpolation: 0, interpolation_duration: 1 }
$data merge entity $(bone_left_foot) { transformation: [-0.6441327041888415f,1.9336906699064602f,0.08679546365494663f,-0.9420336257527975f,1.9349948222649316f,0.6456283924944141f,-0.0236435321596446f,-13.29058074046035f,-0.04988083000788646f,0.07486235316756812f,-2.038015586514475f,2.6422748094812407f,0f,0f,0f,1f], start_interpolation: 0, interpolation_duration: 1 }
$data merge entity $(bone_left_knee) { transformation: [-0.8998912779108815f,2.2088678830501243f,-1.5599994753747788f,2.6421501568719687f,2.7033015899289485f,0.6924447011195004f,-0.5789480544739259f,-12.118759707253778f,-0.06968645368748844f,-1.6625050409310609f,-2.3138108797071713f,1.5858096238038808f,0f,0f,0f,1f], start_interpolation: 0, interpolation_duration: 1 }
$data merge entity $(bone_left_thigh) { transformation: [-1.6677228974217664f,0.8672890807514592f,-3.331236255179816f,1.6875000000000002f,3.442284462051302f,0.418316697859724f,-1.6144081957831846f,-12.21449625f,-0.0017377385675831725f,-3.7018165528157967f,-0.9628998855351713f,-2.3747187499999995f,0f,0f,0f,1f], start_interpolation: 0, interpolation_duration: 1 }
data modify entity @s data merge value {"locators":{"consume":{"posx":-1.275505996990669,"posy":-12.808246656775633,"posz":4.0496990367620285,"roty":235.4783428589118,"rotx":-24.64692795441716}},"cameras":{}}