# This file was generated by Animated Java via MC-Build. It is not recommended to edit this file directly.
$data merge entity $(bone_right_thumb) { transformation: [-0.3344140613345904f,-0.7488267708675588f,-0.6556871989094882f,-1.7440215122938159f,0.9876171255977f,-0.1637429056181264f,-0.3167028166686741f,-11.854516185727281f,0.1236108765758227f,-0.7175978874633058f,0.7564876886641045f,3.028671948378834f,0f,0f,0f,1f], start_interpolation: 0, interpolation_duration: 1 }
$data merge entity $(bone_right_fingers_2) { transformation: [0.24699440482471807f,-0.7409713071276098f,-0.6244639989614169f,-0.43465585978281585f,0.7988293597627458f,0.5204766910015691f,-0.3016217301606418f,-12.047383809631256f,0.5485120034842677f,-0.42434129676200294f,0.7204644653943848f,4.551271185046759f,0f,0f,0f,1f], start_interpolation: 0, interpolation_duration: 1 }
$data merge entity $(bone_right_fingers) { transformation: [-0.15658222439298128f,-0.7651971778602307f,-0.6244639989614169f,-1.1584162974681556f,0.952044864344181f,0.0513313566036496f,-0.3016217301606418f,-11.577500863857415f,0.26285468091707287f,-0.6417463446128597f,0.7204644653943848f,4.1209353461236695f,0f,0f,0f,1f], start_interpolation: 0, interpolation_duration: 1 }
$data merge entity $(bone_right_hand) { transformation: [-0.3344140613345902f,-0.7488267708675583f,-0.6556871989094878f,-2.220907311501919f,0.9876171255976993f,-0.1637429056181263f,-0.3167028166686739f,-11.69551202234904f,0.12361087657582262f,-0.7175978874633053f,0.7564876886641041f,3.0635953885317266f,0f,0f,0f,1f], start_interpolation: 0, interpolation_duration: 1 }
$data merge entity $(bone_right_forearm) { transformation: [-2.323967336357238f,-2.8641763519325294f,-2.1613178027710567f,-6.190921869780752f,1.3174009203523522f,1.714108684251226f,-3.688076901805235f,-8.584984380172145f,3.337552341851648f,-2.670945571067481f,-0.049184568673397926f,-0.856501151326388f,0f,0f,0f,1f], start_interpolation: 0, interpolation_duration: 1 }
$data merge entity $(bone_right_bicep) { transformation: [-1.9570251253534643f,0.5810578853606682f,-2.965202251549707f,-4.292512210052789f,1.1093902487177707f,3.424253219472754f,-0.06118141041532494f,-4.582562150160343f,2.8105703931382306f,-0.9470277835368263f,-2.0405470939001003f,-1.6908559131391978f,0f,0f,0f,1f], start_interpolation: 0, interpolation_duration: 1 }
$data merge entity $(bone_right_arm) { transformation: [-1.197075552233156f,-0.08367681468222153f,-0.0028832152750406974f,-4.1375f,-0.08345725745243866f,1.1958299120316425f,-0.05500643297753763f,-3.215054604064432f,0.006708831806093048f,-0.054671859077885084f,-1.1987351581566155f,-1.7370999857979903f,0f,0f,0f,1f], start_interpolation: 0, interpolation_duration: 1 }
$data merge entity $(bone_left_thumb) { transformation: [-0.1480192727091293f,0.9220161725880656f,0.4800796521335981f,1.7961850196661389f,-1.0170577919735075f,-0.028201752498792622f,-0.25941879064935036f,-11.919325439326316f,-0.21490403135500985f,-0.5015883158946717f,0.8970648910002629f,2.9049120678988407f,0f,0f,0f,1f], start_interpolation: 0, interpolation_duration: 1 }
$data merge entity $(bone_left_fingers_2) { transformation: [0.4233462350742558f,0.7821310700242233f,0.45721871631771216f,0.17308321840158292f,-0.7843586383484713f,0.5689816849365915f,-0.24706551490414305f,-12.337752250957008f,-0.45338669113306046f,-0.2540291942070452f,0.8543475152383451f,4.04757786717791f,0f,0f,0f,1f], start_interpolation: 0, interpolation_duration: 1 }
$data merge entity $(bone_left_fingers) { transformation: [0.029836167173935196f,0.888853671071427f,0.45721871631771216f,0.9189931938686942f,-0.9558360752631941f,0.15917295175564208f,-0.24706551490414305f,-11.774053820420738f,-0.29238194259191574f,-0.4296546553364033f,0.8543475152383451f,3.81163194952131f,0f,0f,0f,1f], start_interpolation: 0, interpolation_duration: 1 }
$data merge entity $(bone_left_hand) { transformation: [-0.1480192727091292f,0.922016172588065f,0.48007965213359777f,2.220907311501918f,-1.0170577919735069f,-0.0282017524987926f,-0.2594187906493502f,-11.699130453706681f,-0.2149040313550097f,-0.5015883158946713f,0.8970648910002623f,3.063175074491694f,0f,0f,0f,1f], start_interpolation: 0, interpolation_duration: 1 }
$data merge entity $(bone_left_forearm) { transformation: [-2.3239673363572373f,2.86417635193253f,2.1613178027710567f,6.190921869780752f,-1.3174009203523522f,1.714108684251226f,-3.688076901805235f,-8.588602811529785f,-3.3375523418516484f,-2.67094557106748f,-0.04918456867339721f,-0.8569214653664192f,0f,0f,0f,1f], start_interpolation: 0, interpolation_duration: 1 }
$data merge entity $(bone_left_bicep) { transformation: [-1.9570251253534634f,-0.5810578853606679f,2.9652022515497074f,4.292512210052789f,-1.1093902487177707f,3.424253219472754f,-0.06118141041532494f,-4.586180581517985f,-2.810570393138231f,-0.9470277835368265f,-2.0405470939000994f,-1.6912762271792294f,0f,0f,0f,1f], start_interpolation: 0, interpolation_duration: 1 }
$data merge entity $(bone_left_arm) { transformation: [-1.197075552233156f,0.08367681468222153f,0.002883215275040991f,4.1375f,0.08345725745243866f,1.1958299120316425f,-0.05500643297753763f,-3.218673035422073f,-0.00670883180609334f,-0.05467185907788505f,-1.1987351581566155f,-1.737520299838022f,0f,0f,0f,1f], start_interpolation: 0, interpolation_duration: 1 }
$data merge entity $(bone_chest) { transformation: [-6.061547916666667f,-8.565201528759351e-17f,7.373675595936832e-16f,8.344437127690384e-19f,0f,6.021063053502996f,0.6994017813726192f,-2.5830931250000013f,-7.423255254024141e-16f,0.6994017813726192f,-6.021063053502996f,-0.006813750000000063f,0f,0f,0f,1f], start_interpolation: 0, interpolation_duration: 1 }
$data merge entity $(bone_waist) { transformation: [-5.023832916666667f,4.738447486778027e-17f,6.134146566176e-16f,0.0000012500000003226858f,0f,5.008910789990086f,-0.38692360034559503f,-7.9604775f,-6.152420900846945e-16f,-0.38692360034559503f,-5.008910789990086f,-2.6349289550781254f,0f,0f,0f,1f], start_interpolation: 0, interpolation_duration: 1 }
$data merge entity $(bone_hip) { transformation: [-4.3939320833333335f,4.1443289979394066e-17f,5.365031808994389e-16f,1.314196800122255e-16f,0f,4.380880930509705f,-0.33841014411868386f,-11.21196125f,-5.381014861525028e-16f,-0.33841014411868386f,-4.380880930509705f,-1.073123125f,0f,0f,0f,1f], start_interpolation: 0, interpolation_duration: 1 }
$data merge entity $(bone_right_foot) { transformation: [-0.4490863623597254f,-1.9401954553296201f,-0.4422250945624851f,0.25895053722431927f,-1.98980902354644f,0.4323310076837337f,0.12389491356925192f,-13.024128756368661f,-0.024114082103081205f,0.458619117474901f,-1.987633521585624f,2.288165155823706f,0f,0f,0f,1f], start_interpolation: 0, interpolation_duration: 1 }
$data merge entity $(bone_right_knee) { transformation: [-0.6274000650613811f,-2.2562789455109686f,1.6242150345335706f,-3.4573697571226654f,-2.7798802534839973f,0.5293290933629834f,-0.3384914876466974f,-12.167585674358962f,-0.03368879117342227f,-1.6587694327312148f,-2.3172934717868254f,1.2956583216445283f,0f,0f,0f,1f], start_interpolation: 0, interpolation_duration: 1 }
$data merge entity $(bone_right_thigh) { transformation: [-0.7091488552533011f,-0.13462867094803938f,3.756275818154426f,-1.6874999999999998f,-3.7583288191158877f,-0.02742089039527544f,-0.7105192342033521f,-12.21449625f,0.051936388937999935f,-3.8225316500623903f,-0.12719825382207833f,-2.3747187500000004f,0f,0f,0f,1f], start_interpolation: 0, interpolation_duration: 1 }
$data merge entity $(bone_left_foot) { transformation: [-0.24483109992590849f,2.0223640120401862f,0.10817363502163775f,-0.16919384062360043f,2.021431947860686f,0.2507119566929912f,-0.11205532088806276f,-12.436888198725246f,-0.124380917657108f,0.09374069327616835f,-2.034045739344837f,2.7168645281788555f,0f,0f,0f,1f], start_interpolation: 0, interpolation_duration: 1 }
$data merge entity $(bone_left_knee) { transformation: [-0.34204344842590156f,2.1318136174989197f,-1.8603432424246586f,3.463271187966474f,2.8240593389230173f,0.14214169111022734f,-0.35634897206252747f,-12.079015264036808f,-0.17376745849154795f,-1.8861777328487643f,-2.129469048959128f,1.2906037457387955f,0f,0f,0f,1f], start_interpolation: 0, interpolation_duration: 1 }
$data merge entity $(bone_left_thigh) { transformation: [-0.992495429103659f,0.12113784386198731f,-3.692005342086171f,1.6875000000000002f,3.693991567394106f,0.030445644518137974f,-0.992030424307202f,-12.21449625f,-0.0020305737102850356f,-3.822960068522082f,-0.1248887154872803f,-2.3747187499999995f,0f,0f,0f,1f], start_interpolation: 0, interpolation_duration: 1 }
data modify entity @s data merge value {"locators":{"consume":{"posx":-0.11337134029003337,"posy":-12.002118870225937,"posz":3.516932011349742,"roty":220.9171743929123,"rotx":-17.55503406106378}},"cameras":{}}