# This file was generated by Animated Java via MC-Build. It is not recommended to edit this file directly.
$data merge entity $(bone_right_thumb) { transformation: [-0.3329982157659536f,-0.7607168203827647f,-0.6425901551404513f,-1.6563531335894346f,0.9891143258973311f,-0.17431177997053246f,-0.3062160245123941f,-11.793928390982897f,0.11517394931737757f,-0.7024423980300754f,0.7718870635322225f,2.9889751805117557f,0f,0f,0f,1f], start_interpolation: 0, interpolation_duration: 1 }
$data merge entity $(bone_right_fingers_2) { transformation: [0.25563885422540134f,-0.7484091477366046f,-0.6119906239432865f,-0.32132590762932844f,0.8066808643985449f,0.5140188836926617f,-0.2916343090594228f,-11.964452375829216f,0.5328365220436198f,-0.4191280649056077f,0.7351305366973543f,4.491828681144824f,0f,0f,0f,1f], start_interpolation: 0, interpolation_duration: 1 }
$data merge entity $(bone_right_fingers) { transformation: [-0.1528148319147578f,-0.7759607614772612f,-0.6119906239432865f,-1.0525910246693075f,0.9556155631622607f,0.04181297910349138f,-0.2916343090594228f,-11.501099086098215f,0.25188593170111795f,-0.6293938126690792f,0.7351305366973543f,4.067136856823727f,0f,0f,0f,1f], start_interpolation: 0, interpolation_duration: 1 }
$data merge entity $(bone_right_hand) { transformation: [-0.3329982157659534f,-0.7607168203827642f,-0.6425901551404508f,-2.132696923405474f,0.9891143258973304f,-0.17431177997053235f,-0.30621602451239394f,-11.634675477991522f,0.1151739493173775f,-0.7024423980300749f,0.771887063532222f,3.029683161762754f,0f,0f,0f,1f], start_interpolation: 0, interpolation_duration: 1 }
$data merge entity $(bone_right_forearm) { transformation: [-2.2823360461036106f,-2.920414245728329f,-2.1301990061971123f,-6.190375596935788f,1.3160205803298652f,1.6750701718849759f,-3.706461216768561f,-8.579495459097348f,3.366698234888952f,-2.634567431782354f,0.004737360800222775f,-0.8439034865551939f,0f,0f,0f,1f], start_interpolation: 0, interpolation_duration: 1 }
$data merge entity $(bone_right_bicep) { transformation: [-1.9219671967188303f,0.5791543153312978f,-2.988414692402963f,-4.291167791212323f,1.108227857119887f,3.4248253400566644f,-0.04901435309396418f,-4.580155604157012f,2.835114303064381f,-0.946124552656199f,-2.006732473306017f,-1.6911232026652767f,0f,0f,0f,1f], start_interpolation: 0, interpolation_duration: 1 }
$data merge entity $(bone_right_arm) { transformation: [-1.196993208843187f,-0.08485130465748815f,-0.002741182447978409f,-4.1375f,-0.08463373632689151f,1.1957200129259582f,-0.05559479619260024f,-3.2125186985626732f,0.0066624814176987025f,-0.05526216414753121f,-1.1987083484130288f,-1.7380240827321563f,0f,0f,0f,1f], start_interpolation: 0, interpolation_duration: 1 }
$data merge entity $(bone_left_thumb) { transformation: [-0.14359209591764263f,0.932467007907852f,0.46085419511311576f,1.7113974702318473f,-1.0198885686693575f,-0.034877315597922086f,-0.24720614950735684f,-11.860310330293979f,-0.20422687748567575f,-0.48144454719111957f,0.9104957608316421f,2.865033800323914f,0f,0f,0f,1f], start_interpolation: 0, interpolation_duration: 1 }
$data merge entity $(bone_left_fingers_2) { transformation: [0.43927777621598174f,0.7838329784663872f,0.43890875725058615f,0.0653549262579628f,-0.78564739028923f,0.5721265665881035f,-0.23543442810224444f,-12.265262695405465f,-0.43565262934414195f,-0.2414064076875767f,0.8671388198396586f,3.9774540227824877f,0f,0f,0f,1f], start_interpolation: 0, interpolation_duration: 1 }
$data merge entity $(bone_left_fingers) { transformation: [0.03807329180747554f,0.8977246388841562f,0.43890875725058615f,0.8151514747329547f,-0.959322322409263f,0.15579252803477867f,-0.23543442810224444f,-11.70288893895159f,-0.27973399181765707f,-0.4120912046487328f,0.8671388198396586f,3.750850884904468f,0f,0f,0f,1f], start_interpolation: 0, interpolation_duration: 1 }
$data merge entity $(bone_left_hand) { transformation: [-0.14359209591764252f,0.9324670079078514f,0.4608541951131155f,2.1326969234054722f,-1.0198885686693568f,-0.034877315597922065f,-0.24720614950735667f,-11.637945892898227f,-0.2042268774856756f,-0.4814445471911193f,0.9104957608316415f,3.029298415708216f,0f,0f,0f,1f], start_interpolation: 0, interpolation_duration: 1 }
$data merge entity $(bone_left_forearm) { transformation: [-2.2823360461036093f,2.9204142457283297f,2.1301990061971128f,6.190375596935788f,-1.3160205803298652f,1.6750701718849759f,-3.706461216768561f,-8.582765874004053f,-3.3666982348889523f,-2.634567431782353f,0.004737360800223487f,-0.8442882326097308f,0f,0f,0f,1f], start_interpolation: 0, interpolation_duration: 1 }
$data merge entity $(bone_left_bicep) { transformation: [-1.9219671967188297f,-0.5791543153312976f,2.988414692402964f,4.291167791212323f,-1.108227857119887f,3.4248253400566644f,-0.04901435309396418f,-4.583426019063717f,-2.8351143030643815f,-0.9461245526561991f,-2.006732473306016f,-1.6915079487198141f,0f,0f,0f,1f], start_interpolation: 0, interpolation_duration: 1 }
$data merge entity $(bone_left_arm) { transformation: [-1.196993208843187f,0.08485130465748815f,0.0027411824479787027f,4.1375f,0.08463373632689151f,1.1957200129259582f,-0.05559479619260024f,-3.2157891134693775f,-0.006662481417698994f,-0.055262164147531184f,-1.1987083484130288f,-1.7384088287866937f,0f,0f,0f,1f], start_interpolation: 0, interpolation_duration: 1 }
$data merge entity $(bone_chest) { transformation: [-6.061547916666667f,-8.673231930359482e-17f,7.372412701769953e-16f,8.344437127690384e-19f,0f,6.020031822157143f,0.708223133102387f,-2.5830931250000013f,-7.423255254024141e-16f,0.708223133102387f,-6.020031822157143f,-0.006813750000000063f,0f,0f,0f,1f], start_interpolation: 0, interpolation_duration: 1 }
$data merge entity $(bone_waist) { transformation: [-5.023832916666667f,4.798363859497025e-17f,6.133680785947135e-16f,0.000001250000000322857f,0f,5.008530451569908f,-0.3918161434658412f,-7.9604775f,-6.152420900846945e-16f,-0.3918161434658412f,-5.008530451569908f,-2.6363281250000004f,0f,0f,0f,1f], start_interpolation: 0, interpolation_duration: 1 }
$data merge entity $(bone_hip) { transformation: [-4.3939320833333335f,4.1967329048316054e-17f,5.364624429464588e-16f,1.314196800122255e-16f,0f,4.3805482798792665f,-0.3426892478511792f,-11.21196125f,-5.381014861525028e-16f,-0.3426892478511792f,-4.3805482798792665f,-1.073123125f,0f,0f,0f,1f], start_interpolation: 0, interpolation_duration: 1 }
$data merge entity $(bone_right_foot) { transformation: [-0.41311460245433357f,-1.9515300436380805f,-0.4271613442447113f,0.1836847853110588f,-1.9975743172755107f,0.3980339938697709f,0.11342745119836709f,-12.973301852036995f,-0.025162913191373946f,0.441247581865363f,-1.9915489949528467f,2.3269750690030033f,0f,0f,0f,1f], start_interpolation: 0, interpolation_duration: 1 }
$data merge entity $(bone_right_knee) { transformation: [-0.5771454004876719f,-2.2331111709147464f,1.674102053350301f,-3.527967576898435f,-2.790728825605493f,0.48328495460667215f,-0.3174401905641694f,-12.18652928115954f,-0.0351540698997136f,-1.7035698256856382f,-2.2845380365366847f,1.2609661035561714f,0f,0f,0f,1f], start_interpolation: 0, interpolation_duration: 1 }
$data merge entity $(bone_right_thigh) { transformation: [-0.6431222815199276f,-0.06080924625677604f,3.770055830698306f,-1.6874999999999998f,-3.7701793803855375f,-0.042976116475205155f,-0.6438365422437897f,-12.21449625f,0.0525943982600082f,-3.8242751324901296f,-0.052711860992335116f,-2.3747187500000004f,0f,0f,0f,1f], start_interpolation: 0, interpolation_duration: 1 }
$data merge entity $(bone_left_foot) { transformation: [-0.21003667190976388f,2.0262441618116713f,0.10871611277629695f,-0.0922453245380046f,2.0248878484139445f,0.2163809963153658f,-0.12086548630241187f,-12.37825589423495f,-0.13158190528571514f,0.09546654470382832f,-2.0335123164229163f,2.713635937254513f,0f,0f,0f,1f], start_interpolation: 0, interpolation_duration: 1 }
$data merge entity $(bone_left_knee) { transformation: [-0.29343358575628775f,2.117924678093436f,-1.8843544753238508f,3.534225061731891f,2.828887435284187f,0.0959185314492377f,-0.33270935336398333f,-12.091157240311448f,-0.1838276617962197f,-1.904650806118392f,-2.112110957670335f,1.2558048268961315f,0f,0f,0f,1f], start_interpolation: 0, interpolation_duration: 1 }
$data merge entity $(bone_left_thigh) { transformation: [-0.9311273505295224f,0.04935056275030894f,-3.709607981856318f,1.6875000000000002f,3.70993566369002f,0.010266212441202365f,-0.931073024076528f,-12.21449625f,-0.0020563017214351685f,-3.824667845295634f,-0.05036511476101736f,-2.3747187499999995f,0f,0f,0f,1f], start_interpolation: 0, interpolation_duration: 1 }
data modify entity @s data merge value {"locators":{"consume":{"posx":-0.017584413499660112,"posy":-11.933767011060203,"posz":3.451670185250005,"roty":219.77712589336775,"rotx":-16.955825081542404}},"cameras":{}}