# This file was generated by Animated Java via MC-Build. It is not recommended to edit this file directly.
$data merge entity $(bone_right_thumb) { transformation: [-0.33210511097110196f,-0.8338840340441628f,-0.5448335645250817f,-1.0556747983309214f,0.9943049740666953f,-0.24310311493570122f,-0.23400532911621844f,-11.3608445821086f,0.05969768683209069f,-0.5899477038473782f,0.8665436474362413f,2.629603297545871f,0f,0f,0f,1f], start_interpolation: 0, interpolation_duration: 1 }
$data merge entity $(bone_right_fingers_2) { transformation: [0.30334315802807166f,-0.7992102482854775f,-0.518889109071506f,0.44590283958367394f,0.8545872449032152f,0.4690555111552025f,-0.22286221820592217f,-11.382847902279886f,0.4215015650342101f,-0.37583228505597693f,0.8252796642249912f,3.9767206714387084f,0f,0f,0f,1f], start_interpolation: 0, interpolation_duration: 1 }
$data merge entity $(bone_right_fingers) { transformation: [-0.13690224322623115f,-0.8438079569941279f,-0.518889109071506f,-0.3361710423396884f,0.9746220194139392f,-0.021079634006107073f,-0.22286221820592217f,-10.964691657387032f,0.1771149205265362f,-0.5362310889379357f,0.8252796642249912f,3.598152465933219f,0f,0f,0f,1f], start_interpolation: 0, interpolation_duration: 1 }
$data merge entity $(bone_right_hand) { transformation: [-0.33210511097110174f,-0.8338840340441623f,-0.5448335645250814f,-1.526463946345591f,0.9943049740666946f,-0.24310311493570108f,-0.2340053291162183f,-11.200262464526919f,0.05969768683209065f,-0.5899477038473778f,0.8665436474362408f,2.7101824372451895f,0f,0f,0f,1f], start_interpolation: 0, interpolation_duration: 1 }
$data merge entity $(bone_right_forearm) { transformation: [-1.9794861374849304f,-3.2977530123369716f,-1.8660344855139759f,-6.180207668198154f,1.2885421081018587f,1.3939899500655815f,-3.8304146322251555f,-8.545062850426985f,3.5632736166555325f,-2.3360740760383822f,0.34851692083457503f,-0.7677679747218091f,0f,0f,0f,1f], start_interpolation: 0, interpolation_duration: 1 }
$data merge entity $(bone_right_bicep) { transformation: [-1.6669356947241525f,0.564544583972481f,-3.1404800273782736f,-4.281516897580735f,1.0850880910331444f,3.432331326168366f,0.04105486696307082f,-4.562787426931399f,3.0006514666572914f,-0.9275726818479764f,-1.7594600579543715f,-1.6929418075748912f,0f,0f,0f,1f], start_interpolation: 0, interpolation_duration: 1 }
$data merge entity $(bone_right_arm) { transformation: [-1.1963684040195983f,-0.0932744605074258f,-0.0015864679788489171f,-4.1375f,-0.09307975049323415f,1.1948883739550662f,-0.05981583264601182f,-3.1942700256843723f,0.006229118052864821f,-0.05951175349514645f,-1.1985072170346813f,-1.744550371264318f,0f,0f,0f,1f], start_interpolation: 0, interpolation_duration: 1 }
$data merge entity $(bone_left_thumb) { transformation: [-0.12275925363658277f,0.9925527532847936f,0.3197955559312318f,1.1314935174428826f,-1.0345638220359135f,-0.07553288716501509f,-0.16270366034899666f,-11.4385196343343f,-0.13079703276846028f,-0.334116469069236f,0.9867919341561694f,2.506312132588917f,0f,0f,0f,1f], start_interpolation: 0, interpolation_duration: 1 }
$data merge entity $(bone_left_fingers_2) { transformation: [0.5379468006586374f,0.7860356624897513f,0.3045671961249825f,-0.6553773152655394f,-0.7862644643795823f,0.5981445237870724f,-0.15495586699904434f,-11.759757003793771f,-0.30397603806060913f,-0.1561123504333795f,0.939801842053494f,3.39154621814956f,0f,0f,0f,1f], start_interpolation: 0, interpolation_duration: 1 }
$data merge entity $(bone_left_fingers) { transformation: [0.08528271432562348f,0.9486652105362672f,0.3045671961249825f,0.11677269566087833f,-0.9782787254818612f,0.1376931899265906f,-0.15495586699904434f,-11.204342237803235f,-0.1889380689719245f,-0.2847365515103733f,0.939801842053494f,3.2330946908762996f,0f,0f,0f,1f], start_interpolation: 0, interpolation_duration: 1 }
$data merge entity $(bone_left_hand) { transformation: [-0.12275925363658269f,0.9925527532847931f,0.31979555593123166f,1.5264639463455891f,-1.0345638220359128f,-0.07553288716501505f,-0.16270366034899658f,-11.201037360384566f,-0.1307970327684602f,-0.33411646906923576f,0.9867919341561688f,2.7100829989613047f,0f,0f,0f,1f], start_interpolation: 0, interpolation_duration: 1 }
$data merge entity $(bone_left_forearm) { transformation: [-1.9794861374849295f,3.297753012336972f,1.8660344855139759f,6.180207668198153f,-1.2885421081018587f,1.3939899500655815f,-3.8304146322251555f,-8.545837746284633f,-3.563273616655533f,-2.336074076038382f,0.3485169208345755f,-0.7678674130056935f,0f,0f,0f,1f], start_interpolation: 0, interpolation_duration: 1 }
$data merge entity $(bone_left_bicep) { transformation: [-1.6669356947241516f,-0.5645445839724808f,3.140480027378274f,4.281516897580735f,-1.0850880910331444f,3.432331326168366f,0.04105486696307082f,-4.563562322789046f,-3.000651466657292f,-0.9275726818479766f,-1.7594600579543709f,-1.693041245858776f,0f,0f,0f,1f], start_interpolation: 0, interpolation_duration: 1 }
$data merge entity $(bone_left_arm) { transformation: [-1.1963684040195983f,0.09327446050742584f,0.0015864679788492107f,4.1375f,0.09307975049323415f,1.1948883739550662f,-0.05981583264601182f,-3.195044921542019f,-0.006229118052865112f,-0.05951175349514642f,-1.1985072170346813f,-1.7446498095482028f,0f,0f,0f,1f], start_interpolation: 0, interpolation_duration: 1 }
$data merge entity $(bone_chest) { transformation: [-6.061547916666667f,-9.448393770328654e-17f,7.362879675643569e-16f,8.344437127690384e-19f,0f,6.012247515585631f,0.7715199008323864f,-2.5830931250000013f,-7.423255254024141e-16f,0.7715199008323864f,-6.012247515585631f,-0.006813750000000063f,0f,0f,0f,1f], start_interpolation: 0, interpolation_duration: 1 }
$data merge entity $(bone_waist) { transformation: [-5.023832916666667f,5.2284612426569244e-17f,6.130164342945357e-16f,0.0000012500000003240876f,0f,5.0056590579532125f,-0.4269362600136776f,-7.9604775f,-6.152420900846945e-16f,-0.4269362600136776f,-5.0056590579532125f,-2.646375f,0f,0f,0f,1f], start_interpolation: 0, interpolation_duration: 1 }
$data merge entity $(bone_hip) { transformation: [-4.3939320833333335f,4.572903594058646e-17f,5.361548886949337e-16f,1.314196800122255e-16f,0f,4.378036908831392f,-0.3734059156682955f,-11.21196125f,-5.381014861525028e-16f,-0.3734059156682955f,-4.378036908831392f,-1.073123125f,0f,0f,0f,1f], start_interpolation: 0, interpolation_duration: 1 }
$data merge entity $(bone_right_foot) { transformation: [-0.15082540547724818f,-2.0102849321079344f,-0.31241989181615976f,-0.40519752995105573f,-2.03416400720782f,0.1440793961877269f,0.05493559296488479f,-12.69424383940754f,-0.03207006147245826f,0.315587736349145f,-2.0151863169005426f,2.553022930574161f,0f,0f,0f,1f], start_interpolation: 0, interpolation_duration: 1 }
$data merge entity $(bone_right_knee) { transformation: [-0.21071196353439084f,-2.017046456598406f,2.002404569598086f,-4.005010553895713f,-2.841846774775631f,0.18117109684031102f,-0.11655017102957095f,-12.39676851206757f,-0.044803762351228446f,-2.0052931520337594f,-2.0246708367746304f,0.9722543694619765f,0f,0f,0f,1f], start_interpolation: 0, interpolation_duration: 1 }
$data merge entity $(bone_right_thigh) { transformation: [-0.16444691899880864f,0.4781758849777603f,3.7914284951529202f,-1.6874999999999998f,-3.8210334615521435f,-0.07749614291600763f,-0.1559571528721462f,-12.21449625f,0.0573192509602472f,-3.7942017830973196f,0.48101178011611956f,-2.3747187500000004f,0f,0f,0f,1f], start_interpolation: 0, interpolation_duration: 1 }
$data merge entity $(bone_left_foot) { transformation: [0.035381175322869024f,2.036981234746707f,0.10514571661534834f,0.4839044224340565f,2.0312263276687514f,-0.02561554788059591f,-0.18725236845523185f,-12.040021723652274f,-0.1856549978268551f,0.10794115524932844f,-2.028664814301601f,2.6460491311745615f,0f,0f,0f,1f], start_interpolation: 0, interpolation_duration: 1 }
$data merge entity $(bone_left_knee) { transformation: [0.04942958317165526f,1.9867961742789533f,-2.0427182082161974f,4.0204497253280564f,2.8377426636548733f,-0.22027885955681448f,-0.14558090158153184f,-12.2495037279809f,-0.2593709528463417f,-2.0314079319287064f,-1.9820717754200312f,0.9663031689516619f,0f,0f,0f,1f], start_interpolation: 0, interpolation_duration: 1 }
$data merge entity $(bone_left_thigh) { transformation: [-0.4839826342934348f,-0.4794403325928194f,-3.7638441488969328f,1.6875000000000002f,3.79425628910638f,-0.06339687668837996f,-0.4798177243525304f,-12.21449625f,-0.002241044191999013f,-3.7943039946094785f,0.48360849269991574f,-2.3747187499999995f,0f,0f,0f,1f], start_interpolation: 0, interpolation_duration: 1 }
data modify entity @s data merge value {"locators":{"consume":{"posx":0.627359903827895,"posy":-11.449884436902678,"posz":2.910085954063103,"roty":212.15935568961976,"rotx":-12.87720067733049}},"cameras":{}}