# This file was generated by Animated Java via MC-Build. It is not recommended to edit this file directly.
$data merge entity $(bone_right_thumb) { transformation: [-1.0480808399488404f,0.02906923154775129f,-0.05640507698211256f,-4.469272982900528f,0.027929588843415003f,1.0494008942422237f,0.021856377345309964f,-7.499186737924542f,0.0569779869701678f,0.020316075921447314f,-1.0482560593957866f,-2.5078093320938097f,0f,0f,0f,1f], start_interpolation: 0, interpolation_duration: 1 }
$data merge entity $(bone_right_fingers_2) { transformation: [-0.9690834113321903f,0.24074082846294287f,-0.05404808407095075f,-4.370256559905735f,0.2406216850474901f,0.9705791022782875f,0.00879834675265225f,-9.59492166556108f,0.05457606220378254f,-0.0044788091775968385f,-0.9984995712080598f,-2.8696428881285927f,0f,0f,0f,1f], start_interpolation: 0, interpolation_duration: 1 }
$data merge entity $(bone_right_fingers) { transformation: [-0.9926952419419831f,0.10786547748935635f,-0.05404808407095075f,-4.722431064442186f,0.10754573500103626f,0.9941612062324233f,0.00879834675265225f,-8.697667911676183f,0.05468154632811959f,0.002921436031505388f,-0.9984995712080598f,-2.842867757070415f,0f,0f,0f,1f], start_interpolation: 0, interpolation_duration: 1 }
$data merge entity $(bone_right_hand) { transformation: [-1.0480808399488397f,0.02838899457079891f,-0.05675048827449829f,-4.78125f,0.027929588843414985f,1.0495878203102569f,0.009238264090284862f,-7.197317786247583f,0.05697798697016777f,0.007711837888804933f,-1.0484245497684628f,-2.7636755333499483f,0f,0f,0f,1f], start_interpolation: 0, interpolation_duration: 1 }
$data merge entity $(bone_right_forearm) { transformation: [-4.2749999999999995f,6.069909168217999e-18f,5.235013180334751e-16f,-4.8375f,0f,4.274712663258966f,-0.04956456973916164f,-0.8341762656656746f,-5.235365066354934e-16f,-0.04956456973916164f,-4.274712663258966f,-2.206162650945813f,0f,0f,0f,1f], start_interpolation: 0, interpolation_duration: 1 }
$data merge entity $(bone_right_bicep) { transformation: [-3.6000000000000005f,3.819223762763929e-17f,4.3921546058622615e-16f,-4.3875f,0f,3.586466407228803f,-0.3118632870655459f,3.582846487172424f,-4.408728476930472e-16f,-0.3118632870655459f,-3.586466407228803f,-1.4271242610629218f,0f,0f,0f,1f], start_interpolation: 0, interpolation_duration: 1 }
$data merge entity $(bone_right_arm) { transformation: [-1.2000000000000002f,1.2730745875879764e-17f,1.4640515352874205e-16f,-4.1375f,0f,1.1954888024096009f,-0.10395442902184863f,4.933269999999999f,-1.469576158976824e-16f,-0.10395442902184863f,-1.1954888024096009f,-1.5276256250000004f,0f,0f,0f,1f], start_interpolation: 0, interpolation_duration: 1 }
$data merge entity $(bone_left_thumb) { transformation: [-0.7264175837485651f,0.7318721191908756f,-0.19794114067559437f,1.0217223853492319f,-0.6138520381487689f,-0.7286384526238405f,-0.4413294468065095f,4.2340437775564395f,-0.44497547042674235f,-0.1896027597610186f,0.931959024962743f,2.6643256702268663f,0f,0f,0f,1f], start_interpolation: 0, interpolation_duration: 1 }
$data merge entity $(bone_left_fingers_2) { transformation: [0.8509520900143281f,-0.5092003219418987f,-0.1288238046112392f,-0.27031266808053056f,0.3967816902036867f,0.7839019124629654f,-0.4775584592026525f,4.313551001974038f,0.3441581479775734f,0.35526444203040214f,0.8691043351689567f,2.904831289467398f,0f,0f,0f,1f], start_interpolation: 0, interpolation_duration: 1 }
$data merge entity $(bone_left_fingers) { transformation: [0.47493428214054634f,0.8705411276976694f,-0.1288238046112392f,0.26063396845114606f,-0.7990704836328522f,0.365272884609231f,-0.4775584592026525f,4.983073584339164f,-0.368678436899155f,0.329748183855684f,0.8691043351689567f,3.3516458695876654f,0f,0f,0f,1f], start_interpolation: 0, interpolation_duration: 1 }
$data merge entity $(bone_left_hand) { transformation: [-0.7264175837485647f,0.7460032675473649f,-0.13526499484180118f,1.404744076727897f,-0.6138520381487685f,-0.688656104237885f,-0.5014363821627852f,4.090205000009262f,-0.444975470426742f,-0.26782810700999027f,0.9125595519274046f,2.9584800958900512f,0f,0f,0f,1f], start_interpolation: 0, interpolation_duration: 1 }
$data merge entity $(bone_left_forearm) { transformation: [-2.840266238678317f,3.101227221844711f,-0.7687017704633377f,6.1666583451211325f,-2.460151231830732f,-2.7789796612112316f,-2.121450673264887f,0.30392658427009067f,-2.0386683423121714f,-0.9671022495391339f,3.631001188238651f,1.0112197264271956f,0f,0f,0f,1f], start_interpolation: 0, interpolation_duration: 1 }
$data merge entity $(bone_left_bicep) { transformation: [-2.7963226062960116f,-0.38574421626464694f,2.2342294602695265f,4.633696432792343f,-1.6422540502790273f,2.79045963292909f,-1.5736380369498517f,3.963734289147469f,-1.5631959300932232f,-2.2415477770084724f,-2.3434764875134464f,-1.127781477562699f,0f,0f,0f,1f], start_interpolation: 0, interpolation_duration: 1 }
$data merge entity $(bone_left_arm) { transformation: [-0.9321075354320039f,-0.4755476609228564f,0.5873925132155469f,3.89465625f,-0.5474180167596758f,1.067855943121494f,-0.004147248124774034f,5.054691875f,-0.5210653100310744f,-0.2711791048936203f,-1.0463999406304052f,-1.5276256249999995f,0f,0f,0f,1f], start_interpolation: 0, interpolation_duration: 1 }
$data merge entity $(bone_waist) { transformation: [-5.023832916666667f,0f,6.743110986274198e-16f,0.000001250000000293854f,0f,5.023832916666667f,0f,0.41452250000000035f,-6.152420900846945e-16f,0f,-5.5061679751002615f,-2.3995f,0f,0f,0f,1f], start_interpolation: 0, interpolation_duration: 1 }
$data merge entity $(bone_hip) { transformation: [-4.414777171757422f,0f,5.37494440413437e-16f,1.1611159502288358e-16f,0f,4.815790756446615f,0f,-2.83696125f,-5.406542732341531e-16f,0f,-4.3889751787018225f,-0.948123125f,0f,0f,0f,1f], start_interpolation: 0, interpolation_duration: 1 }
$data merge entity $(bone_right_foot) { transformation: [-2.04f,7.509127106267318e-19f,2.4982681850705474e-16f,-2.025f,0f,2.0399907849430052f,-0.00613166760530095f,-11.107179692914798f,-2.4982794702606004e-16f,-0.00613166760530095f,-2.0399907849430052f,-1.5198388296392393f,0f,0f,0f,1f], start_interpolation: 0, interpolation_duration: 1 }
$data merge entity $(bone_right_knee) { transformation: [-2.85f,1.0489128531569221e-17f,3.4886668876428656e-16f,-2.019375f,0f,2.848712698283139f,-0.08565023432774381f,-7.38917307120671f,-3.4902433775699566e-16f,-0.08565023432774381f,-2.848712698283139f,-0.2735577172939012f,0f,0f,0f,1f], start_interpolation: 0, interpolation_duration: 1 }
$data merge entity $(bone_right_thigh) { transformation: [-3.8250000000000006f,1.4077514608158693e-17f,4.682158191310163e-16f,-1.6874999999999998f,0f,3.823272305590529f,-0.11495163028197197f,-3.8409149769481514f,-4.684274006738627e-16f,-0.11495163028197197f,-3.823272305590529f,-2.249925822744377f,0f,0f,0f,1f], start_interpolation: 0, interpolation_duration: 1 }
$data merge entity $(bone_right_leg) { transformation: [-1.7250000000000003f,6.3486830585813714e-18f,2.1115615372575243e-16f,-1.6701387499999998f,0f,1.7242208436976898f,-0.05184093130363442f,-3.847094375000001f,-2.1125157285291847e-16f,-0.05184093130363442f,-1.7242208436976898f,-2.2026250000000003f,0f,0f,0f,1f], start_interpolation: 0, interpolation_duration: 1 }
$data merge entity $(bone_left_foot) { transformation: [-2.04f,0f,2.4982794702606004e-16f,2.025f,0f,2.0400000000000005f,0f,-11.131514855358533f,-2.4982794702606004e-16f,0f,-2.0400000000000005f,-1.7852560317344268f,0f,0f,0f,1f], start_interpolation: 0, interpolation_duration: 1 }
$data merge entity $(bone_left_knee) { transformation: [-2.85f,-5.245156588622538e-18f,3.4898492328332784e-16f,2.019375f,0f,2.8496781563982756f,0.042829953846892185f,-7.4725178208469245f,-3.4902433775699566e-16f,0.042829953846892185f,-2.8496781563982756f,-0.4351615888845308f,0f,0f,0f,1f], start_interpolation: 0, interpolation_duration: 1 }
$data merge entity $(bone_left_thigh) { transformation: [-3.8250000000000006f,-7.039552263677618e-18f,4.683745023013086e-16f,1.6875000000000002f,0f,3.824568052008212f,0.05748230647872373f,-3.838789380620681f,-4.684274006738627e-16f,0.05748230647872373f,-3.824568052008212f,-2.249599246784143f,0f,0f,0f,1f], start_interpolation: 0, interpolation_duration: 1 }
$data merge entity $(bone_left_leg) { transformation: [-1.7250000000000003f,-3.174700040482063e-18f,2.1122771672411953e-16f,1.6701387500000002f,0f,1.7248051999252723f,0.0259233931178558f,-3.847094375000001f,-2.1125157285291847e-16f,0.0259233931178558f,-1.7248051999252723f,-2.2026249999999994f,0f,0f,0f,1f], start_interpolation: 0, interpolation_duration: 1 }
data modify entity @s data merge value {"locators":{"consume":{"posx":-3.8758974564235245,"posy":-8.993659075276186,"posz":-1.9301742028916589,"roty":356.901643173117,"rotx":0.5041146397573955}},"cameras":{}}