# This file was generated by Animated Java via MC-Build. It is not recommended to edit this file directly.
$data merge entity $(bone_right_thumb) { transformation: [-1.0467347517920476f,0.012809147982431596f,-0.08174524523668542f,-4.319156785270413f,0.009170894198223943f,1.0489106907462806f,0.04692821686114414f,-7.467840441282644f,0.08223292582929694f,0.04606830326944719f,-1.0457607074964277f,-2.8577408860596303f,0f,0f,0f,1f], start_interpolation: 0, interpolation_duration: 1 }
$data merge entity $(bone_right_fingers_2) { transformation: [-0.9739383833484943f,0.21298411968672692f,-0.07798583334036513f,-4.191356038548923f,0.2109647595477343f,0.9769238180199893f,0.033372503864908865f,-9.550010101397302f,0.08329403141574958f,0.016050499883700914f,-0.9963957475742233f,-3.276202991883811f,0f,0f,0f,1f], start_interpolation: 0, interpolation_duration: 1 }
$data merge entity $(bone_right_fingers) { transformation: [-0.9931116518237048f,0.08744973876576871f,-0.07798583334036513f,-4.561158747494074f,0.08506725399455325f,0.9958161669121529f,0.033372503864908865f,-8.661398586150167f,0.08057797037539825f,0.026508581746030883f,-0.9963957475742233f,-3.2176912872749384f,0f,0f,0f,1f], start_interpolation: 0, interpolation_duration: 1 }
$data merge entity $(bone_right_hand) { transformation: [-1.046734751792047f,0.011882158615624425f,-0.08188512500738339f,-4.6419065792379435f,0.009170894198223938f,1.0493750587725699f,0.03504112905815431f,-7.164731463777032f,0.0822329258292969f,0.0342169597231897f,-1.0462155349529345f,-3.0983225860692034f,0f,0f,0f,1f], start_interpolation: 0, interpolation_duration: 1 }
$data merge entity $(bone_right_forearm) { transformation: [-4.273009393917435f,-0.06233479812504543f,-0.11458661543156419f,-4.773892436079815f,-0.06407381052250052f,4.2740363016987795f,0.06429026805160395f,-0.8202505610581072f,0.11362335278664354f,0.06597775915966093f,-4.272980419917436f,-2.3677772444725425f,0f,0f,0f,1f], start_interpolation: 0, interpolation_duration: 1 }
$data merge entity $(bone_right_bicep) { transformation: [-3.5983237001409987f,-0.059188273618928935f,-0.09253808550865003f,-4.365554784391325f,-0.0539568930715794f,3.593998652735088f,-0.20065477275270502f,3.576787292792794f,0.09568282339927879f,-0.19917437687711825f,-3.5932122627117313f,-1.4628964313172512f,0f,0f,0f,1f], start_interpolation: 0, interpolation_duration: 1 }
$data merge entity $(bone_right_arm) { transformation: [-1.1994412333803328f,-0.01972942453964298f,-0.030846028502883344f,-4.1375f,-0.0179856310238598f,1.197999550911696f,-0.06688492425090167f,4.933269999999999f,0.031894274466426266f,-0.06639145895903942f,-1.1977374209039104f,-1.5276256250000004f,0f,0f,0f,1f], start_interpolation: 0, interpolation_duration: 1 }
$data merge entity $(bone_left_thumb) { transformation: [-0.7123113778108887f,0.7148534716086117f,-0.2899948536961829f,0.9380267466301906f,-0.6241526978019156f,-0.7660176936418323f,-0.3551764390471869f,4.6123035927954295f,-0.4533717137931584f,-0.0685668079814499f,0.9445912777362975f,2.152306844867131f,0f,0f,0f,1f], start_interpolation: 0, interpolation_duration: 1 }
$data merge entity $(bone_left_fingers_2) { transformation: [0.6783917883913221f,-0.7022932906627293f,-0.21579785757356013f,-0.2608816660637743f,0.5944311407637286f,0.6972829511417464f,-0.4005597395363003f,4.688026220288505f,0.4317825845649124f,0.14345947140977292f,0.8904960301591875f,2.2748335775689608f,0f,0f,0f,1f], start_interpolation: 0, interpolation_duration: 1 }
$data merge entity $(bone_left_fingers) { transformation: [0.5759747362268866f,0.7884696493176068f,-0.21579785757356013f,0.15472855282692977f,-0.7886423727418508f,0.4664709026067057f,-0.4005597395363003f,5.439330292702975f,-0.21516577596000663f,0.4008996247519514f,0.8904960301591875f,2.7137167338603247f,0f,0f,0f,1f], start_interpolation: 0, interpolation_duration: 1 }
$data merge entity $(bone_left_hand) { transformation: [-0.7123113778108883f,0.7374079551958659f,-0.22658775045223814f,1.2906399417559387f,-0.6241526978019152f,-0.7321470986988339f,-0.4205877265131153f,4.480565685572009f,-0.4533717137931581f,-0.15063244498026154f,0.935020831667147f,2.487315941092416f,0f,0f,0f,1f], start_interpolation: 0, interpolation_duration: 1 }
$data merge entity $(bone_left_forearm) { transformation: [-2.7720679154691337f,3.0541979873003187f,-1.1238946242407633f,6.034179885282201f,-2.525579361558072f,-2.949994297527829f,-1.7873465061440115f,0.39154230953219216f,-2.05248955186099f,-0.4950083826804989f,3.717240689083437f,1.2294322732316771f,0f,0f,0f,1f], start_interpolation: 0, interpolation_duration: 1 }
$data merge entity $(bone_left_bicep) { transformation: [-2.7522677611580724f,-0.26085017600985677f,2.3058576184503594f,4.633990950495744f,-1.6749260523532843f,2.699168454993944f,-1.6938454388502657f,3.9760804756542365f,-1.6061272957141908f,-2.3677936644144553f,-2.1849275211595898f,-1.1179168474823162f,0f,0f,0f,1f], start_interpolation: 0, interpolation_duration: 1 }
$data merge entity $(bone_left_arm) { transformation: [-0.9174225870526909f,-0.48466951295580446f,0.6028526021978604f,3.8875f,-0.5583086841177615f,1.0622017902175618f,0.004332447033830556f,5.058269999999999f,-0.5353757652380636f,-0.27716929857000844f,-1.037569260303122f,-1.5276256249999995f,0f,0f,0f,1f], start_interpolation: 0, interpolation_duration: 1 }
$data merge entity $(bone_waist) { transformation: [-5.023832916666667f,0f,6.9983787747134e-16f,0.000001250000000293854f,0f,5.023832916666667f,0f,0.41452250000000035f,-6.152420900846945e-16f,0f,-5.714609942708333f,-2.3995f,0f,0f,0f,1f], start_interpolation: 0, interpolation_duration: 1 }
$data merge entity $(bone_hip) { transformation: [-4.428259677734375f,0f,5.528992770216967e-16f,1.1611159502288358e-16f,0f,4.98436670703125f,0f,-2.83696125f,-5.423054040130692e-16f,0f,-4.514765215625f,-0.948123125f,0f,0f,0f,1f], start_interpolation: 0, interpolation_duration: 1 }
$data merge entity $(bone_right_foot) { transformation: [-2.04f,7.076469451636869e-19f,2.4982694480591336e-16f,-2.025f,0f,2.0399918162514497f,-0.005778375819512843f,-11.108351274454662f,-2.4982794702606004e-16f,-0.005778375819512843f,-2.0399918162514497f,-1.5324130798135698f,0f,0f,0f,1f], start_interpolation: 0, interpolation_duration: 1 }
$data merge entity $(bone_right_knee) { transformation: [-2.85f,9.884935355052883e-18f,3.4888433097480294e-16f,-2.019375f,0f,2.84885675786447f,-0.08071662263711595f,-7.392508574098097f,-3.4902433775699566e-16f,-0.08071662263711595f,-2.84885675786447f,-0.2796948847430476f,0f,0f,0f,1f], start_interpolation: 0, interpolation_duration: 1 }
$data merge entity $(bone_right_thigh) { transformation: [-3.8250000000000006f,1.326662376599203e-17f,4.68239496834604e-16f,-1.6874999999999998f,0f,3.8234656487128413f,-0.108330204065603f,-3.840833069278586f,-4.684274006738627e-16f,-0.108330204065603f,-3.8234656487128413f,-2.249915050150546f,0f,0f,0f,1f], start_interpolation: 0, interpolation_duration: 1 }
$data merge entity $(bone_right_leg) { transformation: [-1.7250000000000003f,5.982987188584641e-18f,2.111668319058018e-16f,-1.6701387499999998f,0f,1.724308037654811f,-0.048854797911938606f,-3.847094375000001f,-2.1125157285291847e-16f,-0.048854797911938606f,-1.724308037654811f,-2.2026250000000003f,0f,0f,0f,1f], start_interpolation: 0, interpolation_duration: 1 }
$data merge entity $(bone_left_foot) { transformation: [-2.04f,0f,2.4982794702606004e-16f,2.025f,0f,2.0399999999999996f,0f,-11.13115071842207f,-2.4982794702606004e-16f,0f,-2.0399999999999996f,-1.7789485005448131f,0f,0f,0f,1f], start_interpolation: 0, interpolation_duration: 1 }
$data merge entity $(bone_left_knee) { transformation: [-2.85f,-4.942963404493161e-18f,3.4898933430620945e-16f,2.019375f,0f,2.8497141751335113f,0.04036235923643163f,-7.4709859888951655f,-3.4902433775699566e-16f,0.04036235923643163f,-2.8497141751335113f,-0.4320229436166865f,0f,0f,0f,1f], start_interpolation: 0, interpolation_duration: 1 }
$data merge entity $(bone_left_thigh) { transformation: [-3.8250000000000006f,-6.633977200767138e-18f,4.683804223583338e-16f,1.6875000000000002f,0f,3.8246163929423447f,0.054170534764684565f,-3.8388300594307982f,-4.684274006738627e-16f,0.054170534764684565f,-3.8246163929423447f,-2.2496064205910242f,0f,0f,0f,1f], start_interpolation: 0, interpolation_duration: 1 }
$data merge entity $(bone_left_leg) { transformation: [-1.7250000000000003f,-2.9917936395616504e-18f,2.112303865537584e-16f,1.6701387500000002f,0f,1.7248270007387045f,0.024429849011524413f,-3.847094375000001f,-2.1125157285291847e-16f,0.024429849011524413f,-1.7248270007387045f,-2.2026249999999994f,0f,0f,0f,1f], start_interpolation: 0, interpolation_duration: 1 }
data modify entity @s data merge value {"locators":{"consume":{"posx":-3.6884961860260588,"posy":-8.966567290537377,"posz":-2.33306054060798,"roty":355.5247013824726,"rotx":1.9124587271954312}},"cameras":{}}