# This file was generated by Animated Java via MC-Build. It is not recommended to edit this file directly.
$data merge entity $(bone_right_thumb) { transformation: [-1.0482655113399082f,-0.0006190600354489603f,-0.06032441048161755f,-4.318740796591441f,-0.0026291031524493056f,1.0494159765418407f,0.034916987203228535f,-7.430799945463012f,0.060270270879563506f,0.03501035480267451f,-1.0476840026958016f,-3.0467871433874643f,0f,0f,0f,1f], start_interpolation: 0, interpolation_duration: 1 }
$data merge entity $(bone_right_fingers_2) { transformation: [-0.9918386367176428f,0.1138243208140152f,-0.05744686854229506f,-4.128863376315048f,0.11243607248490538f,0.9932959680832978f,0.026856086714815465f,-9.500416167790256f,0.06011861873210907f,0.020177804159341048f,-0.9979872784264591f,-3.4515915579005965f,0f,0f,0f,1f], start_interpolation: 0, interpolation_duration: 1 }
$data merge entity $(bone_right_fingers) { transformation: [-0.9974576999738098f,0.042166266821255474f,-0.05744686854229506f,-4.539284099402009f,0.04067676115549233f,0.9988113694328202f,0.026856086714815465f,-8.629115187985251f,0.0585110063565486f,0.024451057934031118f,-0.9979872784264591f,-3.4047138361040608f,0f,0f,0f,1f], start_interpolation: 0, interpolation_duration: 1 }
$data merge entity $(bone_right_hand) { transformation: [-1.0482655113399075f,-0.0010051878787483367f,-0.060319211969409814f,-4.639864819415496f,-0.002629103152449304f,1.0496179830586618f,0.02819889105055624f,-7.132849377314171f,0.06027027087956347f,0.028303343215877817f,-1.0478866423477822f,-3.2958390597325433f,0f,0f,0f,1f], start_interpolation: 0, interpolation_duration: 1 }
$data merge entity $(bone_right_forearm) { transformation: [-4.27277052129893f,-0.06574623204375481f,-0.1213857705454532f,-4.775915827975581f,-0.06780671193444261f,4.273856786302989f,0.07194039191251307f,-0.789814126320652f,0.12024692152194244f,0.07382820019433772f,-4.272670719201347f,-2.5535799303017317f,0f,0f,0f,1f], start_interpolation: 0, interpolation_duration: 1 }
$data merge entity $(bone_right_bicep) { transformation: [-3.5981225442517313f,-0.059409348308062576f,-0.09992340006755697f,-4.365492255059362f,-0.05710038899742538f,3.598580478530628f,-0.08341513720315281f,3.5753947846154506f,0.10126056549216209f,-0.08178672796908683f,-3.5976460677788085f,-1.5066823867572283f,0f,0f,0f,1f], start_interpolation: 0, interpolation_duration: 1 }
$data merge entity $(bone_right_arm) { transformation: [-1.1993741814172438f,-0.019803116102687524f,-0.03330780002251899f,-4.1375f,-0.01903346299914179f,1.1995268261768761f,-0.027805045734384273f,4.933269999999999f,0.033753521830720695f,-0.027262242656362276f,-1.1992153559262695f,-1.5276256250000004f,0f,0f,0f,1f], start_interpolation: 0, interpolation_duration: 1 }
$data merge entity $(bone_left_thumb) { transformation: [-0.6969154154982142f,0.7309055798677592f,-0.287377690433908f,0.9923399934186243f,-0.6207658142669394f,-0.7480048373663934f,-0.39703723643252903f,4.463610382500373f,-0.48110155630433854f,-0.09362583294502967f,0.9285879042540311f,2.221708712893271f,0f,0f,0f,1f], start_interpolation: 0, interpolation_duration: 1 }
$data merge entity $(bone_left_fingers_2) { transformation: [0.7525911829485581f,-0.6224026572637883f,-0.21499172909454942f,-0.2572587784508489f,0.49633771558573175f,0.750738983023812f,-0.43593560471187587f,4.539729088573093f,0.4327301508275414f,0.22137278875089053f,0.8739214524002865f,2.3384577104637296f,0f,0f,0f,1f], start_interpolation: 0, interpolation_duration: 1 }
$data merge entity $(bone_left_fingers) { transformation: [0.5466108027762352f,0.809317729145516f,-0.21499172909454942f,0.189300235991263f,-0.7952683337074788f,0.42131748829905047f,-0.43593560471187587f,5.2554260492790155f,-0.2622306383519073f,0.4092632250082145f,0.8739214524002865f,2.8055454915135147f,0f,0f,0f,1f], start_interpolation: 0, interpolation_duration: 1 }
$data merge entity $(bone_left_hand) { transformation: [-0.6969154154982138f,0.752229859879966f,-0.2257413155492769f,1.3448085645112666f,-0.6207658142669391f,-0.7124821875722965f,-0.4577323849474697f,4.326616683154415f,-0.48110155630433826f,-0.1703507273162068f,0.9176175250203009f,2.5547562603418266f,0f,0f,0f,1f], start_interpolation: 0, interpolation_duration: 1 }
$data merge entity $(bone_left_forearm) { transformation: [-2.766083854114332f,3.091815441274718f,-1.0320282889064658f,6.130635926562394f,-2.513217272139704f,-2.884961767390688f,-1.9069241053887414f,0.351780678267267f,-2.075606912453961f,-0.6271346568235552f,3.6843158207710864f,1.1055875736819587f,0f,0f,0f,1f], start_interpolation: 0, interpolation_duration: 1 }
$data merge entity $(bone_left_bicep) { transformation: [-2.7522147986624037f,-0.3438914448074608f,2.2950059643085687f,4.633998696617642f,-1.6749374419232297f,2.7585721515071953f,-1.5952630662598049f,3.9760840068062047f,-1.606206172216797f,-2.287360566049263f,-2.2689388209503276f,-1.1179216340088165f,0f,0f,0f,1f], start_interpolation: 0, interpolation_duration: 1 }
$data merge entity $(bone_left_arm) { transformation: [-0.9174049328874679f,-0.4846794017404193f,0.6028715175244971f,3.8875f,-0.5583124806410765f,1.062199687643047f,0.0043586157689443576f,5.058269999999999f,-0.535402057405599f,-0.2771600640416347f,-1.0375581602138209f,-1.5276256249999995f,0f,0f,0f,1f], start_interpolation: 0, interpolation_duration: 1 }
$data merge entity $(bone_waist) { transformation: [-5.023832916666667f,0f,7.075956676743029e-16f,0.000001250000000293854f,0f,5.023832916666667f,0f,0.41452250000000035f,-6.152420900846945e-16f,0f,-5.777957107036564f,-2.3995f,0f,0f,0f,1f], start_interpolation: 0, interpolation_duration: 1 }
$data merge entity $(bone_hip) { transformation: [-4.434616787927828f,0f,5.619591489824276e-16f,1.1611159502288358e-16f,0f,5.038970600632441f,0f,-2.83696125f,-5.430839254780932e-16f,0f,-4.588744684375f,-0.948123125f,0f,0f,0f,1f], start_interpolation: 0, interpolation_duration: 1 }
$data merge entity $(bone_right_foot) { transformation: [-2.04f,3.9979384680729588e-19f,2.4982762713546293e-16f,-2.025f,0f,2.0399973878950464f,-0.0032645645020723335f,-11.116058548352793f,-2.4982794702606004e-16f,-0.0032645645020723335f,-2.0399973878950464f,-1.6219395220074435f,0f,0f,0f,1f], start_interpolation: 0, interpolation_duration: 1 }
$data merge entity $(bone_right_knee) { transformation: [-2.85f,5.585119208482053e-18f,3.489796481030612e-16f,-2.019375f,0f,2.8496350812824924f,-0.04560595930492474f,-7.415934363941602f,-3.4902433775699566e-16f,-0.04560595930492474f,-2.8496350812824924f,-0.32352862017808603f,0f,0f,0f,1f], start_interpolation: 0, interpolation_duration: 1 }
$data merge entity $(bone_right_thigh) { transformation: [-3.8250000000000006f,7.49581788506802e-18f,4.683674224541085e-16f,-1.6874999999999998f,0f,3.824510240668609f,-0.061207998014504265f,-3.840250821348789f,-4.684274006738627e-16f,-0.061207998014504265f,-3.824510240668609f,-2.249834305925857f,0f,0f,0f,1f], start_interpolation: 0, interpolation_duration: 1 }
$data merge entity $(bone_right_leg) { transformation: [-1.7250000000000003f,3.3804668893444014e-18f,2.1122452385185287e-16f,-1.6701387499999998f,0f,1.7247791281446667f,-0.027603606947717612f,-3.847094375000001f,-2.1125157285291847e-16f,-0.027603606947717612f,-1.7247791281446667f,-2.2026250000000003f,0f,0f,0f,1f], start_interpolation: 0, interpolation_duration: 1 }
$data merge entity $(bone_left_foot) { transformation: [-2.04f,3.928897086549961e-34f,2.498279470260601e-16f,2.025f,0f,2.04f,0f,-11.128402071751001f,-2.4982794702606004e-16f,0f,-2.04f,-1.734077440436898f,0f,0f,0f,1f], start_interpolation: 0, interpolation_duration: 1 }
$data merge entity $(bone_left_knee) { transformation: [-2.85f,-2.7926489995219584e-18f,3.490131651646896e-16f,2.019375f,0f,2.8499087688604265f,0.02280370962032734f,-7.460008031427005f,-3.4902433775699566e-16f,0.02280370962032734f,-2.8499087688604265f,-0.40972874462665243f,0f,0f,0f,1f], start_interpolation: 0, interpolation_duration: 1 }
$data merge entity $(bone_left_thigh) { transformation: [-3.8250000000000006f,-3.74802892041105e-18f,4.684124058789256e-16f,1.6875000000000002f,0f,3.8248775582074153f,0.030604978700965645f,-3.8391196819247972f,-4.684274006738627e-16f,0.030604978700965645f,-3.8248775582074153f,-2.249656447595565f,0f,0f,0f,1f], start_interpolation: 0, interpolation_duration: 1 }
$data merge entity $(bone_left_leg) { transformation: [-1.7250000000000003f,-1.6902875523422383e-18f,2.1124481049441742e-16f,1.6701387500000002f,0f,1.7249447811523637f,0.013802245296513919f,-3.847094375000001f,-2.1125157285291847e-16f,0.013802245296513919f,-1.7249447811523637f,-2.2026249999999994f,0f,0f,0f,1f], start_interpolation: 0, interpolation_duration: 1 }
data modify entity @s data merge value {"locators":{"consume":{"posx":-3.6818929817566755,"posy":-8.919063886294204,"posz":-2.5002528551846743,"roty":356.7055342188604,"rotx":1.538925452322284}},"cameras":{}}