# This file was generated by Animated Java via MC-Build. It is not recommended to edit this file directly.
$data merge entity $(bone_right_thumb) { transformation: [-1.0392345348524452f,-0.0032610428987250276f,0.14993647711359687f,-4.8037243898834685f,-0.028679855791891962f,1.0346992812048825f,-0.17628063803451952f,-7.338229715133172f,-0.14720410130760542f,-0.17856865086938883f,-1.0241797642430297f,-2.3874404323581295f,0f,0f,0f,1f], start_interpolation: 0, interpolation_duration: 1 }
$data merge entity $(bone_right_fingers_2) { transformation: [-0.91756515588471f,-0.3710942277341281f,0.14269989085026938f,-4.385971497794493f,-0.39043219811695273f,0.9087959416911584f,-0.14714834365104182f,-9.345212566543012f,-0.07507918073495659f,-0.19073282493606497f,-0.9787666249479884f,-2.3696246487177643f,0f,0f,0f,1f], start_interpolation: 0, interpolation_duration: 1 }
$data merge entity $(bone_right_fingers) { transformation: [-0.9789493650434143f,-0.1459276595865807f,0.14269989085026938f,-4.948721897935514f,-0.16678136520919448f,0.9749519686526675f,-0.14714834365104182f,-8.587174096531616f,-0.11765252610995246f,-0.1678504601955885f,-0.9787666249479884f,-2.565833092147495f,0f,0f,0f,1f], start_interpolation: 0, interpolation_duration: 1 }
$data merge entity $(bone_right_hand) { transformation: [-1.0392345348524445f,-0.006410045971370823f,0.14983488539278286f,-5.068680186994064f,-0.028679855791891945f,1.0381740873962269f,-0.1545057608335939f,-7.098887529479127f,-0.14720410130760533f,-0.15701425275960254f,-1.027704956195388f,-2.74301852486934f,0f,0f,0f,1f], start_interpolation: 0, interpolation_duration: 1 }
$data merge entity $(bone_right_forearm) { transformation: [-4.267619151890211f,0.14775510076776638f,0.20302759570309584f,-4.935123786485594f,0.12327077770743124f,4.244153924833745f,-0.49758092576154456f,-0.713405582027077f,-0.21876034783131426f,-0.49086748977235983f,-4.24108689108126f,-2.8494970398251365f,0f,0f,0f,1f], start_interpolation: 0, interpolation_duration: 1 }
$data merge entity $(bone_right_bicep) { transformation: [-3.5937845489601785f,0.10096967677724787f,0.18578950461903865f,-4.424175467835367f,0.10380697070099475f,3.5981196560303212f,0.0525266953284777f,3.587378965798405f,-0.18421924027900155f,0.05779329770610077f,-3.594818939286273f,-1.599827123065175f,0f,0f,0f,1f], start_interpolation: 0, interpolation_duration: 1 }
$data merge entity $(bone_right_arm) { transformation: [-1.1979281829867263f,0.03365655892574929f,0.06192983487301288f,-4.1375f,0.03460232356699825f,1.1993732186767736f,0.0175088984428259f,4.933269999999999f,-0.06140641342633385f,0.01926443256870026f,-1.198272979762091f,-1.5484589583333337f,0f,0f,0f,1f], start_interpolation: 0, interpolation_duration: 1 }
$data merge entity $(bone_left_thumb) { transformation: [-0.7286346491663712f,0.7425653160633982f,-0.14208553555470155f,1.8058355391067487f,-0.5463278396990376f,-0.6535489303991091f,-0.6139215643255784f,3.600941360586263f,-0.5226063907033507f,-0.35209451423424426f,0.8398880957854864f,3.635192023819082f,0f,0f,0f,1f], start_interpolation: 0, interpolation_duration: 1 }
$data merge entity $(bone_left_fingers_2) { transformation: [0.7954265289886796f,-0.6024849388025525f,-0.06563943553311802f,0.5443224696590794f,0.42819209776896855f,0.6353333037043278f,-0.6426531884401997f,3.5667955001538836f,0.428891786339202f,0.48307710742719906f,0.7633402543365176f,3.9401032960894065f,0f,0f,0f,1f], start_interpolation: 0, interpolation_duration: 1 }
$data merge entity $(bone_left_fingers) { transformation: [0.4994514347831788f,0.8638516821746185f,-0.06563943553311802f,1.0585949123064982f,-0.683425883382914f,0.34630325050442323f,-0.6426531884401997f,4.168325910100624f,-0.5324258880025543f,0.36583374624841924f,0.7633402543365176f,4.4910053824822445f,0f,0f,0f,1f], start_interpolation: 0, interpolation_duration: 1 }
$data merge entity $(bone_left_hand) { transformation: [-0.7286346491663708f,0.7528886953917161f,-0.06892140730977392f,2.208789209854289f,-0.5463278396990373f,-0.590499746904825f,-0.6747858478622097f,3.419295985118398f,-0.5226063907033504f,-0.43239872948090197f,0.8015072670533435f,3.877174115991827f,0f,0f,0f,1f], start_interpolation: 0, interpolation_duration: 1 }
$data merge entity $(bone_left_forearm) { transformation: [-3.1066859330964958f,2.934826670400268f,0.10449845839835512f,6.597860193621406f,-2.375764367044307f,-2.422282421099812f,-2.60075307261443f,0.2330338760232915f,-1.7262303396079315f,-1.9480670643327753f,3.391281251603732f,0.5026601718661861f,0f,0f,0f,1f], start_interpolation: 0, interpolation_duration: 1 }
$data merge entity $(bone_left_bicep) { transformation: [-2.945633427587304f,-0.7590708538853939f,1.9253714314547141f,4.696315265478487f,-1.6468274322930054f,2.8881107821686767f,-1.3808604267514744f,3.9477517078164994f,-1.253476413231419f,-2.0106286451512463f,-2.7103817688233085f,-1.2015960085281523f,0f,0f,0f,1f], start_interpolation: 0, interpolation_duration: 1 }
$data merge entity $(bone_left_arm) { transformation: [-0.9818778091957681f,-0.49256895433626424f,0.48300289132985397f,3.9291666666666667f,-0.5489424774310018f,1.0667114645083213f,-0.028085725171810925f,5.037436666666666f,-0.41782547107713963f,-0.24393129506193265f,-1.0981436149286556f,-1.5484589583333328f,0f,0f,0f,1f], start_interpolation: 0, interpolation_duration: 1 }
$data merge entity $(bone_chest) { transformation: [-6.061547916666667f,0f,7.423255254024141e-16f,-1.1922293778349231e-17f,0f,6.061547916666667f,0f,5.791906874999999f,-7.423255254024141e-16f,0f,-6.061547916666667f,0.09735291666666668f,0f,0f,0f,1f], start_interpolation: 0, interpolation_duration: 1 }
$data merge entity $(bone_waist) { transformation: [-5.023832916666667f,0f,7.022589690295436e-16f,0.0000012500000002964053f,0f,5.023832916666667f,0f,0.41452250000000035f,-6.152420900846945e-16f,0f,-5.734379655574846f,-2.4203333333333337f,0f,0f,0f,1f], start_interpolation: 0, interpolation_duration: 1 }
$data merge entity $(bone_hip) { transformation: [-4.4396513535059805f,0f,5.640349883323526e-16f,1.1866294252110723e-16f,0f,5.044376427613812f,0f,-2.83696125f,-5.437004819401314e-16f,0f,-4.605695199016203f,-0.9689564583333332f,0f,0f,0f,1f], start_interpolation: 0, interpolation_duration: 1 }
$data merge entity $(bone_right_foot) { transformation: [-2.04f,-1.3121273727472265e-18f,2.4982450127442177e-16f,-2.025f,0f,2.039971863302622f,0.010714333093107176f,-11.138759154208104f,-2.4982794702606004e-16f,0.010714333093107176f,-2.039971863302622f,-2.141846290754138f,0f,0f,0f,1f], start_interpolation: 0, interpolation_duration: 1 }
$data merge entity $(bone_right_knee) { transformation: [-2.85f,-1.8322848854845996e-17f,3.48543055527652e-16f,-2.019375f,0f,2.846070032358074f,0.14961741514045582f,-7.53622170187428f,-3.4902433775699566e-16f,0.14961741514045582f,-2.846070032358074f,-0.5931327102021902f,0f,0f,0f,1f], start_interpolation: 0, interpolation_duration: 1 }
$data merge entity $(bone_right_thigh) { transformation: [-3.8250000000000006f,-2.459119188413542e-17f,4.677814692607961e-16f,-1.6874999999999998f,0f,3.819725569743732f,0.2008023203200855f,-3.837034430786358f,-4.684274006738627e-16f,0.2008023203200855f,-3.819725569743732f,-2.270088262724193f,0f,0f,0f,1f], start_interpolation: 0, interpolation_duration: 1 }
$data merge entity $(bone_right_leg) { transformation: [-1.7250000000000003f,-1.1090145359512052e-17f,2.1096027045094726e-16f,-1.6701387499999998f,0f,1.722621335374624f,0.09055790916396012f,-3.847094375000001f,-2.1125157285291847e-16f,0.09055790916396012f,-1.722621335374624f,-2.2234583333333333f,0f,0f,0f,1f], start_interpolation: 0, interpolation_duration: 1 }
$data merge entity $(bone_left_foot) { transformation: [-2.04f,0f,2.498279470260601e-16f,2.025f,0f,2.04f,0f,-11.108078454382547f,-2.4982794702606004e-16f,0f,-2.04f,-1.5057614688486747f,0f,0f,0f,1f], start_interpolation: 0, interpolation_duration: 1 }
$data merge entity $(bone_left_knee) { transformation: [-2.85f,9.16458431602074e-18f,3.489039964532134e-16f,2.019375f,0f,2.849017338681928f,-0.07483451001873749f,-7.3964712276858045f,-3.4902433775699566e-16f,-0.07483451001873749f,-2.849017338681928f,-0.307852416411291f,0f,0f,0f,1f], start_interpolation: 0, interpolation_duration: 1 }
$data merge entity $(bone_left_thigh) { transformation: [-3.8250000000000006f,1.2299836845185732e-17f,4.682658899766812e-16f,1.6875000000000002f,0f,3.8236811650731144f,-0.1004357897619898f,-3.8407354444174473f,-4.684274006738627e-16f,-0.1004357897619898f,-3.8236811650731144f,-2.2707353551771887f,0f,0f,0f,1f], start_interpolation: 0, interpolation_duration: 1 }
$data merge entity $(bone_left_leg) { transformation: [-1.7250000000000003f,5.546985243907291e-18f,2.1117873469536605e-16f,1.6701387500000002f,0f,1.7244052313074831f,-0.04529457185344638f,-3.847094375000001f,-2.1125157285291847e-16f,-0.04529457185344638f,-1.7244052313074831f,-2.223458333333333f,0f,0f,0f,1f], start_interpolation: 0, interpolation_duration: 1 }
data modify entity @s data merge value {"locators":{"consume":{"posx":-4.288946712893491,"posy":-8.68730081142368,"posz":-1.474086423528115,"roty":8.29502936676326,"rotx":-8.461704873412893}},"cameras":{}}