# This file was generated by Animated Java via MC-Build. It is not recommended to edit this file directly.
$data merge entity $(bone_right_thumb) { transformation: [-0.9916297531346839f,0.03824492484054043f,0.34308564298435545f,-5.407814710108776f,-0.108762449723714f,0.9557779504901648f,-0.4209028853392648f,-7.050908327214009f,-0.32762961134205165f,-0.4330425326463477f,-0.8986840394104564f,-1.3681237938835311f,0f,0f,0f,1f], start_interpolation: 0, interpolation_duration: 1 }
$data merge entity $(bone_right_fingers_2) { transformation: [-0.5795917271418746f,-0.7458967831388752f,0.3281941783940974f,-4.8515271231829f,-0.8076444841570324f,0.47213266082462213f,-0.35327204502109083f,-8.84373342864058f,0.10855329124176769f,-0.46981777263715796f,-0.8760636069800182f,-0.8220158016370338f,0f,0f,0f,1f], start_interpolation: 0, interpolation_duration: 1 }
$data merge entity $(bone_right_fingers) { transformation: [-0.8941188026717536f,-0.3046968132046232f,0.3281941783940974f,-5.511880285435004f,-0.41533598650450015f,0.838268978622584f,-0.35327204502109083f,-8.313720178069678f,-0.16747413240009157f,-0.45217803076000596f,-0.8760636069800182f,-1.283348375245413f,0f,0f,0f,1f], start_interpolation: 0, interpolation_duration: 1 }
$data merge entity $(bone_right_hand) { transformation: [-0.9916297531346833f,0.020459558799331982f,0.3446038873138023f,-5.60044861893893f,-0.10876244972371393f,0.9762568694318577f,-0.3709356472721454f,-6.908739977098347f,-0.3276296113420515f,-0.38601027362085266f,-0.9198667873290192f,-1.8115224559521979f,0f,0f,0f,1f], start_interpolation: 0, interpolation_duration: 1 }
$data merge entity $(bone_right_forearm) { transformation: [-4.230390910100268f,0.443783134377751f,0.4271700801588121f,-5.059352491197366f,0.30121263025853384f,4.076447478085353f,-1.2519871843530601f,-0.6588734500445605f,-0.5372975889707331f,-1.2088248376226503f,-4.0651788168336225f,-3.0156561952252625f,0f,0f,0f,1f], start_interpolation: 0, interpolation_duration: 1 }
$data merge entity $(bone_right_bicep) { transformation: [-3.5624344506107524f,0.24010992052853944f,0.4597912691270341f,-4.473049238328263f,0.2536527412703444f,3.5899102255580586f,0.09058067829140737f,3.601050940557224f,-0.45246112755430173f,0.12203195686978942f,-3.5693678893544756f,-1.6633309776714693f,0f,0f,0f,1f], start_interpolation: 0, interpolation_duration: 1 }
$data merge entity $(bone_right_arm) { transformation: [-1.1874781502035843f,0.08003664017617981f,0.15326375637567805f,-4.1375f,0.08455091375678145f,1.1966367418526862f,0.03019355943046912f,4.933269999999999f,-0.1508203758514339f,0.04067731895659647f,-1.189789296451492f,-1.5692922916666672f,0f,0f,0f,1f], start_interpolation: 0, interpolation_duration: 1 }
$data merge entity $(bone_left_thumb) { transformation: [-0.8373814431254992f,0.6319215263830883f,-0.04435654633451386f,3.331139531825565f,-0.3872731770114977f,-0.56885571720107f,-0.7930464421300175f,2.6649754739307037f,-0.501310088743962f,-0.6160993081487156f,0.6867385509946248f,4.700538414193508f,0f,0f,0f,1f], start_interpolation: 0, interpolation_duration: 1 }
$data merge entity $(bone_left_fingers_2) { transformation: [0.8653423544145603f,-0.5005083516378082f,0.025961502211346965f,2.1227451745235406f,0.31055007692504527f,0.4948199194635077f,-0.8116106806985578f,2.583886038072108f,0.3933716555347042f,0.7103834438125175f,0.583621541222524f,5.219811023476906f,0f,0f,0f,1f], start_interpolation: 0, interpolation_duration: 1 }
$data merge entity $(bone_left_fingers) { transformation: [0.33960231441829436f,0.9402107574606176f,0.025961502211346965f,2.7737964526018257f,-0.5419368810255651f,0.21815709926634572f,-0.8116106806985578f,3.0126082807232453f,-0.7687487788777427f,0.26155537003668183f,0.583621541222524f,5.787382657826287f,0f,0f,0f,1f], start_interpolation: 0, interpolation_duration: 1 }
$data merge entity $(bone_left_hand) { transformation: [-0.8373814431254987f,0.6328895908081346f,0.027259577321914315f,3.757622220215932f,-0.38727317701149744f,-0.47569908545054784f,-0.8521912147334857f,2.4224454774823463f,-0.5013100887439617f,-0.6896819165008061f,0.6128026182836502f,4.81548950577668f,0f,0f,0f,1f], start_interpolation: 0, interpolation_duration: 1 }
$data merge entity $(bone_left_forearm) { transformation: [-3.5066263558781245f,2.1812996257303414f,1.105046851065408f,6.883838045673615f,-2.17603270432157f,-1.902484513637124f,-3.1497713163170853f,0.08748121859048164f,-1.1153825666487058f,-3.1461261287748123f,2.670849511271004f,-0.24200703004571444f,0f,0f,0f,1f], start_interpolation: 0, interpolation_duration: 1 }
$data merge entity $(bone_left_bicep) { transformation: [-3.1683783531166636f,-1.0961505104712896f,1.3114239093044147f,4.746358142929347f,-1.5532616570982636f,2.999253413621156f,-1.245735600145634f,3.9041718095833096f,-0.7132719229649366f,-1.6622072732590778f,-3.112605041542298f,-1.3299148432320849f,0f,0f,0f,1f], start_interpolation: 0, interpolation_duration: 1 }
$data merge entity $(bone_left_arm) { transformation: [-1.0561261177055545f,-0.4886503938536148f,0.29294780437289625f,3.9708333333333337f,-0.5177538856994212f,1.0806646012827923f,-0.06399166646880493f,5.016603333333332f,-0.23775730765497888f,-0.18271511191199047f,-1.1619322917173982f,-1.5692922916666663f,0f,0f,0f,1f], start_interpolation: 0, interpolation_duration: 1 }
$data merge entity $(bone_chest) { transformation: [-6.061547916666667f,0f,7.423255254024141e-16f,-9.370946280125557e-18f,0f,6.061547916666667f,0f,5.791906874999999f,-7.423255254024141e-16f,0f,-6.061547916666667f,0.0765195833333332f,0f,0f,0f,1f], start_interpolation: 0, interpolation_duration: 1 }
$data merge entity $(bone_waist) { transformation: [-5.023832916666667f,0f,6.927170199472116e-16f,0.0000012500000002989568f,0f,5.023832916666667f,0f,0.41452250000000035f,-6.152420900846945e-16f,0f,-5.656463728395061f,-2.4411666666666667f,0f,0f,0f,1f], start_interpolation: 0, interpolation_duration: 1 }
$data merge entity $(bone_hip) { transformation: [-4.44112616867284f,0f,5.608213266789418e-16f,1.212142900193309e-16f,0f,5.020474250771605f,0f,-2.83696125f,-5.438810947074741e-16f,0f,-4.579453660185185f,-0.9897897916666667f,0f,0f,0f,1f], start_interpolation: 0, interpolation_duration: 1 }
$data merge entity $(bone_right_foot) { transformation: [-2.04f,-3.2297768697988342e-18f,2.498070688684113e-16f,-2.0249999999999995f,0f,2.039829516905092f,0.026373129559049396f,-11.12354545483672f,-2.4982794702606004e-16f,0.026373129559049396f,-2.039829516905092f,-2.722094408999664f,0f,0f,0f,1f], start_interpolation: 0, interpolation_duration: 1 }
$data merge entity $(bone_right_knee) { transformation: [-2.85f,-4.4997544742125686e-17f,3.4611155616923537e-16f,-2.019375f,0f,2.8262153333533533f,0.3674328367448862f,-7.650382534282839f,-3.4902433775699566e-16f,0.3674328367448862f,-2.8262153333533533f,-0.9016743538081315f,0f,0f,0f,1f], start_interpolation: 0, interpolation_duration: 1 }
$data merge entity $(bone_right_thigh) { transformation: [-3.8250000000000006f,-6.039144162758974e-17f,4.645181411745001e-16f,-1.6874999999999998f,0f,3.7930784737110796f,0.49313354405234733f,-3.8334881548122146f,-4.684274006738627e-16f,0.49313354405234733f,-3.7930784737110796f,-2.290012816748217f,0f,0f,0f,1f], start_interpolation: 0, interpolation_duration: 1 }
$data merge entity $(bone_right_leg) { transformation: [-1.7250000000000003f,-2.723535602812871e-17f,2.09488573470853e-16f,-1.6701387499999998f,0f,1.7106040175559771f,0.22239355908243116f,-3.847094375000001f,-2.1125157285291847e-16f,0.22239355908243116f,-1.7106040175559771f,-2.244291666666667f,0f,0f,0f,1f], start_interpolation: 0, interpolation_duration: 1 }
$data merge entity $(bone_left_foot) { transformation: [-2.04f,0f,2.4982794702606e-16f,2.025f,0f,2.0399999999999996f,0f,-11.075191785230968f,-2.4982794702606004e-16f,0f,-2.0399999999999996f,-1.2485073433565035f,0f,0f,0f,1f], start_interpolation: 0, interpolation_duration: 1 }
$data merge entity $(bone_left_knee) { transformation: [-2.85f,2.2545860647786316e-17f,3.482953811269394e-16f,2.019375f,0f,2.8440476173982265f,-0.18410092333139336f,-7.320352261730566f,-3.4902433775699566e-16f,-0.18410092333139336f,-2.8440476173982265f,-0.1939010395927805f,0f,0f,0f,1f], start_interpolation: 0, interpolation_duration: 1 }
$data merge entity $(bone_left_thigh) { transformation: [-3.8250000000000006f,3.025891823781848e-17f,4.674490641440503e-16f,1.6875000000000002f,0f,3.8170112759818307f,-0.24708281815529112f,-3.842554225370244f,-4.684274006738627e-16f,-0.24708281815529112f,-3.8170112759818307f,-2.2917778734420824f,0f,0f,0f,1f], start_interpolation: 0, interpolation_duration: 1 }
$data merge entity $(bone_left_leg) { transformation: [-1.7250000000000003f,1.3646178813133825e-17f,2.108103622610423e-16f,1.6701387500000002f,0f,1.721397242109453f,-0.111429506226896f,-3.847094375000001f,-2.1125157285291847e-16f,-0.111429506226896f,-1.721397242109453f,-2.2442916666666664f,0f,0f,0f,1f], start_interpolation: 0, interpolation_duration: 1 }
data modify entity @s data merge value {"locators":{"consume":{"posx":-5.073356232187349,"posy":-8.139061808578658,"posz":-0.09405003127792311,"roty":20.5371399525161,"rotx":-20.687579120987305}},"cameras":{}}