# This file was generated by Animated Java via MC-Build. It is not recommended to edit this file directly.
$data merge entity $(bone_right_thumb) { transformation: [-0.9916122464496322f,0.038202236836121214f,0.3431409940415638f,-5.407103979270187f,-0.10866736782507068f,0.9559842331511821f,-0.42045873654416865f,-7.0510778245579235f,-0.3277141374141286f,-0.43259072466601123f,-0.8988707966509148f,-1.3321480510018202f,0f,0f,0f,1f], start_interpolation: 0, interpolation_duration: 1 }
$data merge entity $(bone_right_fingers_2) { transformation: [-0.5795470180934845f,-0.7459092816666337f,0.32824472172834274f,-4.850727389250817f,-0.807730244730333f,0.47230940032503843f,-0.35283945656981053f,-8.844126821585597f,0.10815315791426008f,-0.4696202443338334f,-0.8762189912031145f,-0.786866429080656f,0f,0f,0f,1f], start_interpolation: 0, interpolation_duration: 1 }
$data merge entity $(bone_right_fingers) { transformation: [-0.8940883168599798f,-0.3047318235957173f,0.32824472172834274f,-5.511096799995038f,-0.41531051847593403f,0.8384637685259703f,-0.35283945656981053f,-8.31393571752989f,-0.16769989534206436f,-0.45179312141427846f,-0.8762189912031145f,-1.2479713224430422f,0f,0f,0f,1f], start_interpolation: 0, interpolation_duration: 1 }
$data merge entity $(bone_right_hand) { transformation: [-0.9916122464496315f,0.020414066743064115f,0.3446569578147599f,-5.599731520906129f,-0.10866736782507061f,0.9764399180906949f,-0.3704814293983011f,-6.908712036935198f,-0.32771413741412836f,-0.38554941607794874f,-0.9200299407632703f,-1.7754861261182397f,0f,0f,0f,1f], start_interpolation: 0, interpolation_duration: 1 }
$data merge entity $(bone_right_forearm) { transformation: [-4.230390910416087f,0.44357962912978993f,0.42738139605044406f,-5.058969176417596f,0.3012126283539412f,4.077043312699195f,-1.2500455107294612f,-0.6582463070317717f,-0.5372975875518696f,-1.206888536276589f,-4.065754095295864f,-2.9766559449141106f,0f,0f,0f,1f], start_interpolation: 0, interpolation_duration: 1 }
$data merge entity $(bone_right_bicep) { transformation: [-3.562434450876706f,0.23989090221903353f,0.4599055753514271f,-4.472966324501264f,0.25365273966647683f,3.589866676705042f,0.09229047156879515f,3.6010753287183537f,-0.4524611263594693f,0.1237319623833638f,-3.569309363254786f,-1.6223034528436047f,0f,0f,0f,1f], start_interpolation: 0, interpolation_duration: 1 }
$data merge entity $(bone_right_arm) { transformation: [-1.1874781502922354f,0.07996363407301119f,0.1533018584504757f,-4.1375f,0.08455091322215895f,1.1966222255683474f,0.030763490522931716f,4.933269999999999f,-0.15082037545315644f,0.04124398746112127f,-1.1897697877515954f,-1.5276256250000004f,0f,0f,0f,1f], start_interpolation: 0, interpolation_duration: 1 }
$data merge entity $(bone_left_thumb) { transformation: [-0.8374479293363496f,0.6318485347494384f,-0.04414062511168017f,3.3326498503222206f,-0.387142046581104f,-0.5685377728386481f,-0.7933384124222562f,2.6622871467429565f,-0.5013003106115697f,-0.6164675417170474f,0.6864151576051378f,4.741349794224929f,0f,0f,0f,1f], start_interpolation: 0, interpolation_duration: 1 }
$data merge entity $(bone_left_fingers_2) { transformation: [0.865393891774743f,-0.5004090048756087f,0.02615798001313141f,2.1243698896197247f,0.31046683672148667f,0.49447486486729536f,-0.8118527891869461f,2.5808660019649063f,0.3933239827103324f,0.7106936300923722f,0.5832759285029762f,5.260836652448537f,0f,0f,0f,1f], start_interpolation: 0, interpolation_duration: 1 }
$data merge entity $(bone_left_fingers) { transformation: [0.3394954198611474f,0.9402439151491148f,0.02615798001313141f,2.7754973678622656f,-0.5415825446330393f,0.21813618690666206f,-0.8118527891869461f,3.009411748883267f,-0.7690456470471084f,0.2614535981524939f,0.5832759285029762f,5.8284541627712105f,0f,0f,0f,1f], start_interpolation: 0, interpolation_duration: 1 }
$data merge entity $(bone_left_hand) { transformation: [-0.837447929336349f,0.6327926920724207f,0.027465879013787983f,3.759179022662574f,-0.38714204658110374f,-0.475350215051f,-0.8524454286462935f,2.419749243157534f,-0.5013003106115693f,-0.6900112911472589f,0.612439724928125f,4.856111576178326f,0f,0f,0f,1f], start_interpolation: 0, interpolation_duration: 1 }
$data merge entity $(bone_left_forearm) { transformation: [-3.5066502670854733f,2.1808324261725414f,1.1058927765854f,6.884575600712456f,-2.175895994144922f,-1.9009596911257138f,-3.150786231304706f,0.0872002189385701f,-1.1155740795722435f,-3.147371471826868f,2.669301835933307f,-0.20300553721500592f,0f,0f,0f,1f], start_interpolation: 0, interpolation_duration: 1 }
$data merge entity $(bone_left_bicep) { transformation: [-3.1683783586575545f,-1.0967749293837088f,1.3109017242592313f,4.746512230169749f,-1.5532615774088714f,2.999846507086408f,-1.2443067974043964f,3.9041447662174806f,-0.7132720718882581f,-1.6607244467993008f,-3.1133964192289096f,-1.288873926358986f,0f,0f,0f,1f], start_interpolation: 0, interpolation_duration: 1 }
$data merge entity $(bone_left_arm) { transformation: [-1.0561261195525182f,-0.4887898483587327f,0.29271505554102895f,3.9708333333333337f,-0.5177538591362905f,1.0806949734007596f,-0.06347689198291119f,5.016603333333332f,-0.23775735729608605f,-0.18216162770402305f,-1.1620191824766932f,-1.5276256249999995f,0f,0f,0f,1f], start_interpolation: 0, interpolation_duration: 1 }
$data merge entity $(bone_waist) { transformation: [-5.023832916666667f,0f,6.927170199472116e-16f,0.000001250000000293854f,0f,5.023832916666667f,0f,0.41452250000000035f,-6.152420900846945e-16f,0f,-5.656463728395061f,-2.3995f,0f,0f,0f,1f], start_interpolation: 0, interpolation_duration: 1 }
$data merge entity $(bone_hip) { transformation: [-4.44112616867284f,0f,5.608213266789418e-16f,1.1611159502288358e-16f,0f,5.020474250771605f,0f,-2.83696125f,-5.438810947074741e-16f,0f,-4.579453660185185f,-0.948123125f,0f,0f,0f,1f], start_interpolation: 0, interpolation_duration: 1 }
$data merge entity $(bone_right_foot) { transformation: [-2.04f,-3.2297768697988342e-18f,2.498070688684113e-16f,-2.0249999999999995f,0f,2.039829516905092f,0.026373129559049396f,-11.12354545483672f,-2.4982794702606004e-16f,0.026373129559049396f,-2.039829516905092f,-2.6804277423329976f,0f,0f,0f,1f], start_interpolation: 0, interpolation_duration: 1 }
$data merge entity $(bone_right_knee) { transformation: [-2.85f,-4.4997544742125686e-17f,3.4611155616923537e-16f,-2.019375f,0f,2.8262153333533533f,0.3674328367448862f,-7.650382534282839f,-3.4902433775699566e-16f,0.3674328367448862f,-2.8262153333533533f,-0.860007687141465f,0f,0f,0f,1f], start_interpolation: 0, interpolation_duration: 1 }
$data merge entity $(bone_right_thigh) { transformation: [-3.8250000000000006f,-6.039144162758974e-17f,4.645181411745001e-16f,-1.6874999999999998f,0f,3.7930784737110796f,0.49313354405234733f,-3.8334881548122146f,-4.684274006738627e-16f,0.49313354405234733f,-3.7930784737110796f,-2.2483461500815505f,0f,0f,0f,1f], start_interpolation: 0, interpolation_duration: 1 }
$data merge entity $(bone_right_leg) { transformation: [-1.7250000000000003f,-2.723535602812871e-17f,2.09488573470853e-16f,-1.6701387499999998f,0f,1.7106040175559771f,0.22239355908243116f,-3.847094375000001f,-2.1125157285291847e-16f,0.22239355908243116f,-1.7106040175559771f,-2.2026250000000003f,0f,0f,0f,1f], start_interpolation: 0, interpolation_duration: 1 }
$data merge entity $(bone_left_foot) { transformation: [-2.04f,0f,2.4982794702606e-16f,2.025f,0f,2.0399999999999996f,0f,-11.075191785230968f,-2.4982794702606004e-16f,0f,-2.0399999999999996f,-1.2068406766898365f,0f,0f,0f,1f], start_interpolation: 0, interpolation_duration: 1 }
$data merge entity $(bone_left_knee) { transformation: [-2.85f,2.2545860647786316e-17f,3.482953811269394e-16f,2.019375f,0f,2.8440476173982265f,-0.18410092333139336f,-7.320352261730566f,-3.4902433775699566e-16f,-0.18410092333139336f,-2.8440476173982265f,-0.15223437292611353f,0f,0f,0f,1f], start_interpolation: 0, interpolation_duration: 1 }
$data merge entity $(bone_left_thigh) { transformation: [-3.8250000000000006f,3.025891823781848e-17f,4.674490641440503e-16f,1.6875000000000002f,0f,3.8170112759818307f,-0.24708281815529112f,-3.842554225370244f,-4.684274006738627e-16f,-0.24708281815529112f,-3.8170112759818307f,-2.2501112067754154f,0f,0f,0f,1f], start_interpolation: 0, interpolation_duration: 1 }
$data merge entity $(bone_left_leg) { transformation: [-1.7250000000000003f,1.3646178813133825e-17f,2.108103622610423e-16f,1.6701387500000002f,0f,1.721397242109453f,-0.111429506226896f,-3.847094375000001f,-2.1125157285291847e-16f,-0.111429506226896f,-1.721397242109453f,-2.2026249999999994f,0f,0f,0f,1f], start_interpolation: 0, interpolation_duration: 1 }
data modify entity @s data merge value {"locators":{"consume":{"posx":-5.072623109310809,"posy":-8.139811662251708,"posz":-0.0585760650853131,"roty":20.536700292605673,"rotx":-20.661087637136866}},"cameras":{}}