# This file was generated by Animated Java via MC-Build. It is not recommended to edit this file directly.
$data merge entity $(bone_right_thumb) { transformation: [-0.702891250234744f,0.46134731638962645f,0.628969430102553f,-8.444253947856318f,-0.6108048718333828f,0.2010464767748201f,-0.8300588670215128f,-3.6476816473919405f,-0.4851404939685459f,-0.9215416256667535f,0.13378988480237822f,1.1107272603882383f,0f,0f,0f,1f], start_interpolation: 0, interpolation_duration: 1 }
$data merge entity $(bone_right_fingers_2) { transformation: [0.6694202383188034f,-0.3286847796822515f,0.6662153256526201f,-8.080514749839182f,0.5817189255556023f,-0.3258384177697086f,-0.7452733841723909f,-3.823584031948621f,0.4620385656843292f,0.8864511498726608f,-0.026920674393580923f,2.4451661067911967f,0f,0f,0f,1f], start_interpolation: 0, interpolation_duration: 1 }
$data merge entity $(bone_right_fingers) { transformation: [-0.5598411750909098f,-0.49268143717660284f,0.6662153256526201f,-8.751751223471347f,-0.5236496401866457f,-0.4127452448867557f,-0.7452733841723909f,-4.410622078821595f,0.6421595697373242f,-0.7660981427238739f,-0.026920674393580923f,2.0782382989888504f,0f,0f,0f,1f], start_interpolation: 0, interpolation_duration: 1 }
$data merge entity $(bone_right_hand) { transformation: [-0.7028912502347435f,0.34511901866636396f,0.6995260919352512f,-8.369796682660432f,-0.6108048718333825f,0.34213033865819403f,-0.7825370533810104f,-3.9354160098851105f,-0.4851404939685456f,-0.930773707366294f,-0.028266708113259972f,0.7038033259357706f,0f,0f,0f,1f], start_interpolation: 0, interpolation_duration: 1 }
$data merge entity $(bone_right_forearm) { transformation: [-3.721629726888976f,2.0979298845071503f,0.1542315649538082f,-5.32224896783377f,0.9697217777483043f,1.989139124889819f,-3.657675520818273f,-0.4250253467048082f,-1.8667449878590685f,-3.149228594675905f,-2.207543297147004f,-3.67719713117575f,0f,0f,0f,1f], start_interpolation: 0, interpolation_duration: 1 }
$data merge entity $(bone_right_bicep) { transformation: [-3.1340039805380857f,0.7005567544450132f,1.627033891402668f,-4.611015893231404f,0.8166078128406775f,3.5055831946661278f,0.06354640258892541f,3.6717359958394913f,-1.5719957792497423f,0.4243897961495991f,-3.2107199458914355f,-1.936454523026262f,0f,0f,0f,1f], start_interpolation: 0, interpolation_duration: 1 }
$data merge entity $(bone_right_arm) { transformation: [-1.0446679935126952f,0.23351891814833775f,0.542344630467556f,-4.1375f,0.27220260428022586f,1.168527731555376f,0.02118213419630847f,4.933269999999999f,-0.5239985930832474f,0.1414632653831997f,-1.0702399819638118f,-1.6526256250000004f,0f,0f,0f,1f], start_interpolation: 0, interpolation_duration: 1 }
$data merge entity $(bone_left_thumb) { transformation: [-0.6613140930739876f,-0.481257112678477f,-0.6584491337970662f,8.168107887891916f,0.635455698393542f,0.22732881519557374f,-0.8043740828501088f,-3.8403374884855f,0.511233533408076f,-0.9051039726341688f,0.1480779289460153f,0.9154459781343002f,0f,0f,0f,1f], start_interpolation: 0, interpolation_duration: 1 }
$data merge entity $(bone_left_fingers_2) { transformation: [0.6298229457847495f,0.34248308913124237f,-0.6971573643175133f,7.8393932631163565f,-0.6051959032319443f,-0.3462412127020096f,-0.7168367605933115f,-4.011718186014193f,-0.48688907943626253f,0.8733970209966161f,-0.010801298067615095f,2.259525678088651f,0f,0f,0f,1f], start_interpolation: 0, interpolation_duration: 1 }
$data merge entity $(bone_left_fingers) { transformation: [-0.5574359229547933f,0.4508179246407531f,-0.6971573643175133f,8.473791381033516f,0.5514836152293647f,-0.4266273324526184f,-0.7168367605933115f,-4.623064918426916f,-0.6205892473553563f,-0.7840614249068544f,-0.010801298067615095f,1.8676043991298936f,0f,0f,0f,1f], start_interpolation: 0, interpolation_duration: 1 }
$data merge entity $(bone_left_hand) { transformation: [-0.6613140930739871f,-0.3596072435878044f,-0.732015232533389f,8.069021207522328f,0.6354556983935417f,0.36355327333711007f,-0.752678598622977f,-4.121479099998174f,0.5112335334080756f,-0.9170668720464469f,-0.01134136297099585f,0.5091661974665076f,0f,0f,0f,1f], start_interpolation: 0, interpolation_duration: 1 }
$data merge entity $(bone_left_forearm) { transformation: [-3.6983743012212784f,-2.111095289539611f,-0.37540538961192627f,5.034251329744567f,-0.8298501776322473f,2.0993651123598105f,-3.63037736436451f,-0.4530710814756107f,1.97711942248053f,-3.067827864057914f,-2.22599550443394f,-3.7495318531203283f,0f,0f,0f,1f], start_interpolation: 0, interpolation_duration: 1 }
$data merge entity $(bone_left_bicep) { transformation: [-3.1144204641863404f,-0.5404687788906597f,-1.7228693134715074f,4.548993818906479f,-0.6988212022166296f,3.5280530358083997f,0.1564950601637029f,3.65554023955407f,1.664942671562552f,0.4698247285611684f,-3.15709211535593f,-1.9597472367816056f,0f,0f,0f,1f], start_interpolation: 0, interpolation_duration: 1 }
$data merge entity $(bone_left_arm) { transformation: [-1.03814015472878f,-0.1801562596302199f,-0.5742897711571691f,4.1375f,-0.2329404007388765f,1.1760176786028f,0.052165020054567635f,4.933269999999999f,0.5549808905208506f,0.15660824285372282f,-1.0523640384519768f,-1.6526256249999995f,0f,0f,0f,1f], start_interpolation: 0, interpolation_duration: 1 }
$data merge entity $(bone_waist) { transformation: [-5.023832916666667f,0f,6.439385574063102e-16f,0.000001250000000309162f,0f,5.023832916666667f,0f,0.41452250000000035f,-6.152420900846945e-16f,0f,-5.258157354876895f,-2.5245f,0f,0f,0f,1f], start_interpolation: 0, interpolation_duration: 1 }
$data merge entity $(bone_hip) { transformation: [-4.436740734190302f,0f,5.428983111962289e-16f,1.314196800122255e-16f,0f,4.817469089534616f,0f,-2.83696125f,-5.433440338772831e-16f,0f,-4.43310113229558f,-1.073123125f,0f,0f,0f,1f], start_interpolation: 0, interpolation_duration: 1 }
data modify entity @s data merge value {"locators":{"consume":{"posx":-8.940862378449863,"posy":-3.314848477125328,"posz":2.7112917147146565,"roty":87.68602992352945,"rotx":-48.1825859331421}},"cameras":{}}