# This file was generated by Animated Java via MC-Build. It is not recommended to edit this file directly.
$data merge entity $(bone_right_thumb) { transformation: [-0.7038600767515447f,0.43502402070716595f,0.6464016504953268f,-8.22527501607736f,-0.6174907400651604f,0.21979725512693887f,-0.8203013791116318f,-3.7538013658548977f,-0.4751696310677816f,-0.9300232620996294f,0.10849218250396514f,1.1117669690277707f,0f,0f,0f,1f], start_interpolation: 0, interpolation_duration: 1 }
$data merge entity $(bone_right_fingers_2) { transformation: [0.6703429302395659f,-0.30111291399004825f,0.6782118908617384f,-7.825888722759777f,0.5880864191096762f,-0.3418113148192534f,-0.7330207287111951f,-3.9386440603822956f,0.45254250577883937f,0.8902224655050865f,-0.05205038302888976f,2.4347555006659047f,0f,0f,0f,1f], start_interpolation: 0, interpolation_duration: 1 }
$data merge entity $(bone_right_fingers) { transformation: [-0.5347211916159861f,-0.5040851895568105f,0.6782118908617384f,-8.49562013420747f,-0.5408434071344657f,-0.41251547878702804f,-0.7330207287111951f,-4.533178763358541f,0.6492777958593396f,-0.7587681473484396f,-0.05205038302888976f,2.0772692608937358f,0f,0f,0f,1f], start_interpolation: 0, interpolation_duration: 1 }
$data merge entity $(bone_right_hand) { transformation: [-0.7038600767515443f,0.31616855968955065f,0.7121224854048254f,-8.155836066838244f,-0.61749074006516f,0.3589018805602161f,-0.7696717651467548f,-4.035456766472981f,-0.4751696310677813f,-0.934733588780341f,-0.05465290218033425f,0.6997348055243471f,0f,0f,0f,1f], start_interpolation: 0, interpolation_duration: 1 }
$data merge entity $(bone_right_forearm) { transformation: [-3.782625480091367f,1.985097386362431f,0.16357825045096566f,-5.2782351760279775f,0.9252793495853963f,2.0621418562249048f,-3.628643560620983f,-0.4213942203476648f,-1.7638672292988435f,-3.175308541144049f,-2.2542877070026512f,-3.711786441551559f,0f,0f,0f,1f], start_interpolation: 0, interpolation_duration: 1 }
$data merge entity $(bone_right_bicep) { transformation: [-3.1853688253400994f,0.6497012926879968f,1.5463872984575977f,-4.595832578524324f,0.7791826101771759f,3.512284034037033f,0.12936508124695806f,3.6669249494994975f,-1.4853618773042898f,0.4491648856801866f,-3.248376671342624f,-1.9399332105018594f,0f,0f,0f,1f], start_interpolation: 0, interpolation_duration: 1 }
$data merge entity $(bone_right_arm) { transformation: [-1.0617896084466998f,0.2165670975626656f,0.5154624328191992f,-4.1375f,0.2597275367257253f,1.170761344679011f,0.04312169374898602f,4.933269999999999f,-0.49512062576809657f,0.1497216285600622f,-1.0827922237808747f,-1.6526256250000004f,0f,0f,0f,1f], start_interpolation: 0, interpolation_duration: 1 }
$data merge entity $(bone_left_thumb) { transformation: [-0.7038600733643298f,-0.43502399216573767f,-0.6464016733918205f,8.225274882372158f,0.6174907476586835f,0.21979728489756242f,-0.8203013654185767f,-3.753801430231021f,0.4751696262172929f,-0.9300232684142076f,0.10849214961772152f,1.1117669925348883f,0f,0f,0f,1f], start_interpolation: 0, interpolation_duration: 1 }
$data merge entity $(bone_left_fingers_2) { transformation: [0.670342927013647f,0.3011128834340918f,-0.6782119076164789f,7.825888551600929f,-0.5880864263416029f,-0.3418113404769362f,-0.7330207109448699f,-3.938644142036356f,-0.4525425011593263f,0.8902224659889049f,-0.05205041491759704f,2.434755510452439f,0f,0f,0f,1f], start_interpolation: 0, interpolation_duration: 1 }
$data merge entity $(bone_left_fingers) { transformation: [-0.5347211621514576f,0.5040851982697082f,-0.6782119076164789f,8.495619957299912f,0.5408434336066121f,-0.41251547564968705f,-0.7330207109448699f,-4.5331788541774625f,-0.6492777980741405f,-0.7587681432657153f,-0.05205041491759704f,2.07726927515243f,0f,0f,0f,1f], start_interpolation: 0, interpolation_duration: 1 }
$data merge entity $(bone_left_hand) { transformation: [-0.7038600733643293f,-0.31616852760579633f,-0.7121225029973028f,8.155835936444916f,0.6174907476586831f,0.35890190750078294f,-0.7696717464921133f,-4.035456820695515f,0.4751696262172926f,-0.9347335892883502f,-0.0546529356634769f,0.6997348215325689f,0f,0f,0f,1f], start_interpolation: 0, interpolation_duration: 1 }
$data merge entity $(bone_left_forearm) { transformation: [-3.782625506890808f,-1.9850973332665827f,-0.1635782750763537f,5.278235128568622f,-0.9252793070819013f,2.062141887332298f,-3.628643553780892f,-0.42139422988768693f,1.7638671941234945f,-3.175308554135721f,-2.254287716225997f,-3.7117864430351424f,0f,0f,0f,1f], start_interpolation: 0, interpolation_duration: 1 }
$data merge entity $(bone_left_bicep) { transformation: [-3.1853688479080495f,-0.6497012536480637f,-1.5463872683726678f,4.595832565548528f,-0.7791825743847592f,3.512284041023611f,0.12936510714253474f,3.6669249445073717f,1.485361847682943f,0.44916488751793004f,-3.2483766846332522f,-1.9399332091982946f,0f,0f,0f,1f], start_interpolation: 0, interpolation_duration: 1 }
$data merge entity $(bone_left_arm) { transformation: [-1.0617896159693498f,-0.21656708454935458f,-0.5154624227908893f,4.1375f,-0.25972752479491973f,1.1707613470078702f,0.043121702380844916f,4.933269999999999f,0.4951206158943144f,0.14972162917264334f,-1.0827922282110842f,-1.6526256249999995f,0f,0f,0f,1f], start_interpolation: 0, interpolation_duration: 1 }
$data merge entity $(bone_waist) { transformation: [-5.023832916666667f,0f,6.409592730083018e-16f,0.000001250000000309162f,0f,5.023832916666667f,0f,0.41452250000000035f,-6.152420900846945e-16f,0f,-5.233829651574337f,-2.5245f,0f,0f,0f,1f], start_interpolation: 0, interpolation_duration: 1 }
$data merge entity $(bone_hip) { transformation: [-4.434588231539129f,0f,5.421196230599826e-16f,1.314196800122255e-16f,0f,4.79068660237777f,0f,-2.83696125f,-5.430804283290916e-16f,0f,-4.426742661128313f,-1.073123125f,0f,0f,0f,1f], start_interpolation: 0, interpolation_duration: 1 }
data modify entity @s data merge value {"locators":{"consume":{"posx":-8.68816100718098,"posy":-3.4483019214381927,"posz":2.7278149490458876,"roty":85.61135287231653,"rotx":-47.14023380155609}},"cameras":{}}