# This file was generated by Animated Java via MC-Build. It is not recommended to edit this file directly.
$data merge entity $(bone_right_thumb) { transformation: [-0.7157511399525867f,0.43106384912106005f,0.6359121508805363f,-8.323027160728683f,-0.6214067153458117f,0.18619750205560448f,-0.8256416803622404f,-3.6108416085650905f,-0.45172336643094235f,-0.9391562427036251f,0.12818561546096902f,1.3963904652533257f,0f,0f,0f,1f], start_interpolation: 0, interpolation_duration: 1 }
$data merge entity $(bone_right_fingers_2) { transformation: [0.6816677523357964f,-0.2991333661914678f,0.6677187316950338f,-7.916382711752238f,0.5918159193769631f,-0.3111808731586961f,-0.7435861629644485f,-3.762097407524037f,0.43021272993423065f,0.9020452834592909f,-0.035090078247049517f,2.721432677129637f,0f,0f,0f,1f], start_interpolation: 0, interpolation_duration: 1 }
$data merge entity $(bone_right_fingers) { transformation: [-0.5372261497119593f,-0.5153055010469408f,0.6677187316950338f,-8.596820611149722f,-0.5139717869757876f,-0.42768285029999054f,-0.7435861629644485f,-4.35756198217635f,0.6687458906479941f,-0.7426625210349832f,-0.035090078247049517f,2.3864188064512786f,0f,0f,0f,1f], start_interpolation: 0, interpolation_duration: 1 }
$data merge entity $(bone_right_hand) { transformation: [-0.7157511399525862f,0.3140900345010412f,0.7011046682797856f,-8.26051106287307f,-0.6214067153458113f,0.32673991681663084f,-0.7807654711126709f,-3.9054688804556976f,-0.4517233664309421f,-0.9471475476322556f,-0.03684458215940199f,0.9923996927135521f,0f,0f,0f,1f], start_interpolation: 0, interpolation_duration: 1 }
$data merge entity $(bone_right_forearm) { transformation: [-3.7826255073863595f,1.9894535418566206f,0.09717960518662905f,-5.366628778694916f,0.925279306295964f,1.9397850782754917f,-3.6954995677770275f,-0.4634595314669272f,-1.7638671934730636f,-3.2488357075872405f,-2.146966247730869f,-3.544292015380986f,0f,0f,0f,1f], start_interpolation: 0, interpolation_duration: 1 }
$data merge entity $(bone_right_bicep) { transformation: [-3.185368848325356f,0.7009920433543569f,1.5238226456094819f,-4.615230047781391f,0.7791825737229172f,3.514645238308531f,0.011973539230413598f,3.6654869920984727f,-1.485361847135212f,0.3404100527144505f,-3.2615672887564378f,-1.8990894853806446f,0f,0f,0f,1f], start_interpolation: 0, interpolation_duration: 1 }
$data merge entity $(bone_right_arm) { transformation: [-1.0617896161084521f,0.2336640144514523f,0.5079408818698273f,-4.1375f,0.25972752457430576f,1.1715484127695104f,0.0039911797434712f,4.933269999999999f,-0.4951206157117373f,0.1134700175714835f,-1.087189096252146f,-1.6526256250000004f,0f,0f,0f,1f], start_interpolation: 0, interpolation_duration: 1 }
$data merge entity $(bone_left_thumb) { transformation: [-0.715751140017321f,-0.43106383190367104f,-0.6359121624787735f,8.32302715998882f,0.6214067152073172f,0.18619752452313645f,-0.8256416753996308f,-3.610841615811295f,0.4517233665188891f,-0.9391562461518218f,0.12818558988771556f,1.3963904714357984f,0f,0f,0f,1f], start_interpolation: 0, interpolation_duration: 1 }
$data merge entity $(bone_left_fingers_2) { transformation: [0.6816677523974481f,0.29913334812496223f,-0.667718739725763f,7.916382688008605f,-0.5918159192450636f,-0.3111808934105547f,-0.7435861545942939f,-3.7620974347410123f,-0.4302127300179894f,0.9020452824641119f,-0.03509010280277458f,2.7214326739727466f,0f,0f,0f,1f], start_interpolation: 0, interpolation_duration: 1 }
$data merge entity $(bone_left_fingers) { transformation: [-0.5372261330442777f,0.5153055080176521f,-0.667718739725763f,8.596820585898438f,0.5139718056355895f,-0.4276828424280805f,-0.7435861545942939f,-4.357562011019676f,-0.6687458896965153f,-0.7426625207315276f,-0.03509010280277458f,2.386418803122968f,0f,0f,0f,1f], start_interpolation: 0, interpolation_duration: 1 }
$data merge entity $(bone_left_hand) { transformation: [-0.7157511400173205f,-0.3140900155312103f,-0.7011046767120512f,8.260511065208828f,0.6214067152073168f,0.3267399380810825f,-0.7807654623240086f,-3.9054688794576817f,0.4517233665188888f,-0.9471475465873175f,-0.03684460794291331f,0.992399692407639f,0f,0f,0f,1f], start_interpolation: 0, interpolation_duration: 1 }
$data merge entity $(bone_left_forearm) { transformation: [-3.7826255069098673f,-1.9894535427855087f,-0.09717960471750196f,5.366628779574023f,-0.9252793070516732f,1.939785077718651f,-3.6954995678801015f,-0.46345953127168205f,1.7638671940984778f,-3.2488357073509015f,-2.146966247574686f,-3.5442920153667914f,0f,0f,0f,1f], start_interpolation: 0, interpolation_duration: 1 }
$data merge entity $(bone_left_bicep) { transformation: [-3.1853688479241f,-0.7009920440659642f,-1.523822646120905f,4.615230048018784f,-0.7791825743593039f,3.5146452381690003f,0.011973538774398348f,3.6654869921930118f,1.4853618476618764f,0.3404100526896869f,-3.261567288519172f,-1.8990894854067921f,0f,0f,0f,1f], start_interpolation: 0, interpolation_duration: 1 }
$data merge entity $(bone_left_arm) { transformation: [-1.0617896159747f,-0.23366401468865472f,-0.5079408820403016f,4.1375f,-0.2597275247864346f,1.171548412723f,0.003991179591466116f,4.933269999999999f,0.4951206158872921f,0.11347001756322897f,-1.0871890961730575f,-1.6526256249999995f,0f,0f,0f,1f], start_interpolation: 0, interpolation_duration: 1 }
$data merge entity $(bone_waist) { transformation: [-5.023832916666667f,0f,6.415436894358153e-16f,0.000001250000000309162f,0f,5.023832916666667f,0f,0.41452250000000035f,-6.152420900846945e-16f,0f,-5.238601773854167f,-2.5245f,0f,0f,0f,1f], start_interpolation: 0, interpolation_duration: 1 }
$data merge entity $(bone_hip) { transformation: [-4.435059287633334f,0f,5.422663916553232e-16f,1.314196800122255e-16f,0f,4.796306413864585f,0f,-2.83696125f,-5.431381160628903e-16f,0f,-4.427941117658334f,-1.073123125f,0f,0f,0f,1f], start_interpolation: 0, interpolation_duration: 1 }
data modify entity @s data merge value {"locators":{"consume":{"posx":-8.769666670401726,"posy":-3.25139326685865,"posz":3.0058979871565468,"roty":86.9917488925869,"rotx":-48.03780434691529}},"cameras":{}}