# This file was generated by Animated Java via MC-Build. It is not recommended to edit this file directly.
$data merge entity $(bone_right_thumb) { transformation: [-0.7169570476745696f,0.4306303549528094f,0.6348465083648045f,-8.332767629978182f,-0.6217578239332523f,0.18275960825654936f,-0.8261453467566713f,-3.5957171416703115f,-0.44932148865545396f,-0.9400300117459717f,0.13020666975741532f,1.4252125386333134f,0f,0f,0f,1f], start_interpolation: 0, interpolation_duration: 1 }
$data merge entity $(bone_right_fingers_2) { transformation: [0.6828162358805421f,-0.2989030218706321f,0.6666475617104832f,-7.925356318327592f,0.5921503085078588f,-0.308039726762699f,-0.7446271139771968f,-3.743550680191634f,0.42792522729090826f,0.9031990424333755f,-0.033339010115150725f,2.7504054136079503f,0f,0f,0f,1f], start_interpolation: 0, interpolation_duration: 1 }
$data merge entity $(bone_right_fingers) { transformation: [-0.537452844933427f,-0.5164547104426807f,0.6666475617104832f,-8.606877431611839f,-0.511197711292261f,-0.42919385025830076f,-0.7446271139771968f,-4.339064439577662f,0.6706872143126927f,-0.7409906686065769f,-0.033339010115150725f,2.4176886832216686f,0f,0f,0f,1f], start_interpolation: 0, interpolation_duration: 1 }
$data merge entity $(bone_right_hand) { transformation: [-0.7169570476745691f,0.3138481729641636f,0.6999799397960074f,-8.270964155853896f,-0.6217578239332519f,0.3234417131008338f,-0.7818584696760567f,-3.8916482922416997f,-0.4493214886554537f,-0.9483589945550442f,-0.035005960620908265f,1.0220660133627355f,0f,0f,0f,1f], start_interpolation: 0, interpolation_duration: 1 }
$data merge entity $(bone_right_forearm) { transformation: [-3.7826254800913692f,1.989773114912505f,0.09040148524730164f,-5.375605853901823f,0.9252793495853968f,1.9271842246116275f,-3.7020864508596905f,-0.4674017979242686f,-1.763867229298837f,-3.256130973345431f,-2.1358858775286143f,-3.52710874003727f,0f,0f,0f,1f], start_interpolation: 0, interpolation_duration: 1 }
$data merge entity $(bone_right_bicep) { transformation: [-3.1853688253401016f,0.7061792671271121f,1.521425742266523f,-4.617192321975228f,0.7791826101771765f,3.514665625631759f,1.1965428647897627e-14f,3.6654232441187578f,-1.4853618773042843f,0.3292968002916711f,-3.262708033331938f,-1.8949148488425138f,0f,0f,0f,1f], start_interpolation: 0, interpolation_duration: 1 }
$data merge entity $(bone_right_arm) { transformation: [-1.0617896084467005f,0.2353930890423707f,0.507141914088841f,-4.1375f,0.25972753672572546f,1.1715552085439198f,3.988476215965875e-15f,4.933269999999999f,-0.4951206257680948f,0.10976560009722369f,-1.0875693444439793f,-1.6526256250000004f,0f,0f,0f,1f], start_interpolation: 0, interpolation_duration: 1 }
$data merge entity $(bone_left_thumb) { transformation: [-0.7169570440083399f,-0.4306303270930785f,-0.6348465314030887f,8.332767495532895f,0.6217578317425246f,0.18275963815482793f,-0.8261453342653167f,-3.5957172078729904f,0.4493214836992094f,-0.9400300186957999f,0.13020663668614033f,1.4252125636697979f,0f,0f,0f,1f], start_interpolation: 0, interpolation_duration: 1 }
$data merge entity $(bone_left_fingers_2) { transformation: [0.6828162323888947f,0.2989029919305989f,-0.6666475787109492f,7.925356147237327f,-0.5921503159452611f,-0.30803975273884704f,-0.7446270973168496f,-3.7435507642467183f,-0.42792522257067545f,0.9031990434824024f,-0.033339042282458375f,2.7504054253869206f,0f,0f,0f,1f], start_interpolation: 0, interpolation_duration: 1 }
$data merge entity $(bone_left_fingers) { transformation: [-0.5374528159362475f,0.5164547186743738f,-0.6666475787109492f,8.606877254570984f,0.5111977381372632f,-0.429193847188923f,-0.7446270973168496f,-4.339064533022745f,-0.6706872170882221f,-0.7409906646470956f,-0.033339042282458375f,2.417688699618443f,0f,0f,0f,1f], start_interpolation: 0, interpolation_duration: 1 }
$data merge entity $(bone_left_hand) { transformation: [-0.7169570440083394f,-0.31384814152712864f,-0.6999799576464967f,8.270964024392212f,0.6217578317425242f,0.3234417403757893f,-0.7818584521826921f,-3.8916483485649045f,0.4493214836992091f,-0.9483589956565225f,-0.035005994396581294f,1.022066030689762f,0f,0f,0f,1f], start_interpolation: 0, interpolation_duration: 1 }
$data merge entity $(bone_left_forearm) { transformation: [-3.782625506890808f,-1.9897730627590327f,-0.09040151181031715f,5.3756058042590595f,-0.9252793070819015f,1.9271842559497052f,-3.7020864451692117f,-0.46740180905221695f,1.7638671941234945f,-3.2561309866677837f,-2.1358858862675207f,-3.5271087407652506f,0f,0f,0f,1f], start_interpolation: 0, interpolation_duration: 1 }
$data merge entity $(bone_left_bicep) { transformation: [-3.1853688479080495f,-0.70617922700629f,-1.5214257136389362f,4.617192308586056f,-0.7791825743847595f,3.514665633566747f,2.5620883664645436e-8f,3.665423238768624f,1.485361847682943f,0.3292968016389779f,-3.2627080466812006f,-1.8949148473547583f,0f,0f,0f,1f], start_interpolation: 0, interpolation_duration: 1 }
$data merge entity $(bone_left_arm) { transformation: [-1.0617896159693498f,-0.23539307566876333f,-0.507141904546312f,4.1375f,-0.2597275247949198f,1.1715552111889156f,8.540294554881813e-9f,4.933269999999999f,0.4951206158943144f,0.10976560054632598f,-1.0875693488937337f,-1.6526256249999995f,0f,0f,0f,1f], start_interpolation: 0, interpolation_duration: 1 }
$data merge entity $(bone_waist) { transformation: [-5.023832916666667f,0f,6.38122994261398e-16f,0.000001250000000309162f,0f,5.023832916666667f,0f,0.41452250000000035f,-6.152420900846945e-16f,0f,-5.210669678030303f,-2.5245f,0f,0f,0f,1f], start_interpolation: 0, interpolation_duration: 1 }
$data merge entity $(bone_hip) { transformation: [-4.431962209253694f,0f,5.414489544510322e-16f,1.314196800122255e-16f,0f,4.760863376393064f,0f,-2.83696125f,-5.427588333504569e-16f,0f,-4.421266236338592f,-1.073123125f,0f,0f,0f,1f], start_interpolation: 0, interpolation_duration: 1 }
data modify entity @s data merge value {"locators":{"consume":{"posx":-8.777711557337872,"posy":-3.230791680542144,"posz":3.033956997627862,"roty":87.13702619831457,"rotx":-48.12708083639377}},"cameras":{}}