# This file was generated by Animated Java via MC-Build. It is not recommended to edit this file directly.
$data merge entity $(bone_right_thumb) { transformation: [-1.0499334665296904f,0.0051453535577718895f,-0.010641484751412031f,-4.474348943610061f,0.005203624963004006f,1.049971465686235f,-0.005730927668857702f,-7.435381593617233f,0.010613112088045249f,-0.005783301951895766f,-1.0499304335384994f,-2.844597355543757f,0f,0f,0f,1f], start_interpolation: 0, interpolation_duration: 1 }
$data merge entity $(bone_right_fingers_2) { transformation: [-0.9989289114294971f,0.045145264429871663f,-0.010145689224335555f,-4.255901148424974f,0.0452242566466943f,0.9989472148649005f,-0.007696007043414655f,-9.507127402040915f,0.009787569720505726f,-0.008146595191570896f,-0.9999189149454824f,-3.168395743861622f,0f,0f,0f,1f], start_interpolation: 0, interpolation_duration: 1 }
$data merge entity $(bone_right_fingers) { transformation: [-0.99974885202277f,0.019982439023223705f,-0.010145689224335555f,-4.686285471321715f,0.02006094540545006f,0.9997691383239569f,-0.007696007043414655f,-8.64424193405845f,0.00998956198204928f,-0.007897606324443012f,-0.9999189149454824f,-3.17086392104602f,0f,0f,0f,1f], start_interpolation: 0, interpolation_duration: 1 }
$data merge entity $(bone_right_hand) { transformation: [-1.0499334665296898f,0.005121524441408044f,-0.010652973685552333f,-4.78125f,0.0052036249630040025f,1.0499560099542646f,-0.008080807395585388f,-7.144559691201529f,0.010613112088045242f,-0.00813308971524389f,-1.0499148606927564f,-3.118744029410371f,0f,0f,0f,1f], start_interpolation: 0, interpolation_duration: 1 }
$data merge entity $(bone_right_forearm) { transformation: [-4.2749999999999995f,5.903159659794169e-18f,5.235032249051834e-16f,-4.8375f,0f,4.2747282340481085f,-0.04820295667211295f,-0.7815960762149636f,-5.235365066354934e-16f,-0.04820295667211295f,-4.2747282340481085f,-2.5592043441715986f,0f,0f,0f,1f], start_interpolation: 0, interpolation_duration: 1 }
$data merge entity $(bone_right_bicep) { transformation: [-3.6000000000000005f,1.1136868541155196e-17f,4.4073216128627806e-16f,-4.3875f,0f,3.5988512083086563f,-0.09093943289533861f,3.57922301823044f,-4.408728476930472e-16f,-0.09093943289533861f,-3.5988512083086563f,-1.5102774460890112f,0f,0f,0f,1f], start_interpolation: 0, interpolation_duration: 1 }
$data merge entity $(bone_right_arm) { transformation: [-1.2000000000000002f,3.7122895137183986e-18f,1.4691072042875934e-16f,-4.1375f,0f,1.199617069436219f,-0.030313144298446205f,4.933269999999999f,-1.469576158976824e-16f,-0.030313144298446205f,-1.199617069436219f,-1.5276256250000004f,0f,0f,0f,1f], start_interpolation: 0, interpolation_duration: 1 }
$data merge entity $(bone_left_thumb) { transformation: [-1.0200277474388768f,-0.02210135941726456f,0.24810264885059438f,5.468450428813803f,-0.18621252295686644f,0.7622846428720107f,-0.697672573300349f,-5.917877395273985f,-0.16543364454913934f,-0.721757336750657f,-0.7444447972131909f,2.533072096492771f,0f,0f,0f,1f], start_interpolation: 0, interpolation_duration: 1 }
$data merge entity $(bone_left_fingers_2) { transformation: [-0.7187200306240502f,0.6541111089711205f,0.235754479703643f,5.108886311730415f,0.3853994641719951f,0.6569962156672275f,-0.6479376710879534f,-7.60712714366255f,-0.578713029571396f,-0.3748261326528781f,-0.7242904111506541f,3.4612352837503653f,0f,0f,0f,1f], start_interpolation: 0, interpolation_duration: 1 }
$data merge entity $(bone_left_fingers) { transformation: [-0.9253147007168396f,0.29700594259537993f,0.235754479703643f,5.776742017807891f,0.07811445667832351f,0.757677309969732f,-0.6479376710879534f,-6.995077281901864f,-0.3710671587397029f,-0.5811304191143848f,-0.7242904111506541f,3.130823705975466f,0f,0f,0f,1f], start_interpolation: 0, interpolation_duration: 1 }
$data merge entity $(bone_left_hand) { transformation: [-1.0200277474388761f,-0.02768125444506776f,0.24754220368882515f,5.822429643866789f,-0.18621252295686633f,0.7777980393737389f,-0.6803345546423512f,-5.825987750641852f,-0.16543364454913922f,-0.7048148395846352f,-0.7605049317081868f,2.1864064872236515f,0f,0f,0f,1f], start_interpolation: 0, interpolation_duration: 1 }
$data merge entity $(bone_left_forearm) { transformation: [-4.1634820189675805f,-0.08898619230572974f,0.9659834032283182f,5.602265984319597f,-0.7145537912886628f,3.1604484808082063f,-2.7886561780743238f,-0.7057225999268653f,-0.6560909670835549f,-2.877372387741292f,-3.0928785597199475f,-1.6264621751994872f,0f,0f,0f,1f], start_interpolation: 0, interpolation_duration: 1 }
$data merge entity $(bone_left_bicep) { transformation: [-3.5389193972000688f,-0.4097257487058436f,0.5178554923610844f,4.500073665266341f,-0.5024651047549233f,3.5026703024666803f,-0.6624421263186698f,3.660478331627097f,-0.42846040496728427f,-0.7234815568246453f,-3.5004279907333995f,-1.4240953569754988f,0f,0f,0f,1f], start_interpolation: 0, interpolation_duration: 1 }
$data merge entity $(bone_left_arm) { transformation: [-1.1796397990666896f,-0.15878854419776595f,0.1524340601357017f,4.073f,-0.16748836825164112f,1.1867419247673976f,-0.05992704314227232f,4.96552f,-0.14282013498909477f,-0.08018604760759346f,-1.188769366534472f,-1.5276256249999995f,0f,0f,0f,1f], start_interpolation: 0, interpolation_duration: 1 }
$data merge entity $(bone_waist) { transformation: [-5.023832916666667f,0f,6.301463297169962e-16f,0.000001250000000293854f,0f,5.023832916666667f,0f,0.41452250000000035f,-6.152420900846945e-16f,0f,-5.145535269072917f,-2.3995f,0f,0f,0f,1f], start_interpolation: 0, interpolation_duration: 1 }
$data merge entity $(bone_hip) { transformation: [-4.398908211417709f,0f,5.372539763118127e-16f,1.1611159502288358e-16f,0f,4.500375088052083f,0f,-2.83696125f,-5.387108860855705e-16f,0f,-4.387011640302084f,-0.948123125f,0f,0f,0f,1f], start_interpolation: 0, interpolation_duration: 1 }
$data merge entity $(bone_right_foot) { transformation: [-2.04f,1.3978229225051214e-19f,2.4982790792096595e-16f,-2.025f,0f,2.039999680682674f,-0.0011414090360407087f,-11.121708320494964f,-2.4982794702606004e-16f,-0.0011414090360407087f,-2.039999680682674f,-1.6976223051080823f,0f,0f,0f,1f], start_interpolation: 0, interpolation_duration: 1 }
$data merge entity $(bone_right_knee) { transformation: [-2.85f,1.9528307603751176e-18f,3.490188745594294e-16f,-2.019375f,0f,2.849955389606456f,-0.015946073281984278f,-7.435297668841351f,-3.4902433775699566e-16f,-0.015946073281984278f,-2.849955389606456f,-0.36077289046606786f,0f,0f,0f,1f], start_interpolation: 0, interpolation_duration: 1 }
$data merge entity $(bone_right_thigh) { transformation: [-3.8250000000000006f,2.620904441556079e-18f,4.684200684876553e-16f,-1.6874999999999998f,0f,3.8249401281560336f,-0.021401308878452586f,-3.8397598638049026f,-4.684274006738627e-16f,-0.021401308878452586f,-3.8249401281560336f,-2.2497605252236266f,0f,0f,0f,1f], start_interpolation: 0, interpolation_duration: 1 }
$data merge entity $(bone_right_leg) { transformation: [-1.7250000000000003f,1.1819765128586239e-18f,2.112482661807073e-16f,-1.6701387499999998f,0f,1.7249729989723288f,-0.009651570670674696f,-3.847094375000001f,-2.1125157285291847e-16f,-0.009651570670674696f,-1.7249729989723288f,-2.2026250000000003f,0f,0f,0f,1f], start_interpolation: 0, interpolation_duration: 1 }
$data merge entity $(bone_left_foot) { transformation: [-2.04f,0f,2.4982794702606e-16f,2.025f,0f,2.0399999999999996f,0f,-11.125865260032253f,-2.4982794702606004e-16f,0f,-2.0399999999999996f,-1.696193372290288f,0f,0f,0f,1f], start_interpolation: 0, interpolation_duration: 1 }
$data merge entity $(bone_left_knee) { transformation: [-2.85f,-9.764192011112476e-19f,3.490229719549318e-16f,2.019375f,0f,2.8499888473797927f,0.007973067841201794f,-7.450629253684143f,-3.4902433775699566e-16f,0.007973067841201794f,-2.8499888473797927f,-0.39095216821293044f,0f,0f,0f,1f], start_interpolation: 0, interpolation_duration: 1 }
$data merge entity $(bone_left_thigh) { transformation: [-3.8250000000000006f,-1.3104573488598323e-18f,4.684255676237243e-16f,1.6875000000000002f,0f,3.8249850320097223f,0.010700696313191885f,-3.839364531780827f,-4.684274006738627e-16f,0.010700696313191885f,-3.8249850320097223f,-2.24969730944393f,0f,0f,0f,1f], start_interpolation: 0, interpolation_duration: 1 }
$data merge entity $(bone_left_leg) { transformation: [-1.7250000000000003f,-5.909905690936499e-19f,2.112507461832482e-16f,1.6701387500000002f,0f,1.7249932497298748f,0.004825804219674771f,-3.847094375000001f,-2.1125157285291847e-16f,0.004825804219674771f,-1.7249932497298748f,-2.2026249999999994f,0f,0f,0f,1f], start_interpolation: 0, interpolation_duration: 1 }
data modify entity @s data merge value {"locators":{"consume":{"posx":-3.874566077485654,"posy":-8.90710999150925,"posz":-2.2173171459393726,"roty":359.41866763738193,"rotx":-0.4409530755969974}},"cameras":{}}