# This file was generated by Animated Java via MC-Build. It is not recommended to edit this file directly.
$data merge entity $(bone_right_thumb) { transformation: [-0.7126951133936208f,0.432135946927547f,0.6386111482881329f,-8.298199285273405f,-0.6204786829265581f,0.1948845683003074f,-0.8243337971186961f,-3.6486497154989146f,-0.4577902132839659f,-0.9368983554321335f,0.12308367970606747f,1.323313783942044f,0f,0f,0f,1f], start_interpolation: 0, interpolation_duration: 1 }
$data merge entity $(bone_right_fingers_2) { transformation: [0.678757250851067f,-0.2996925416680953f,0.6704274568404986f,-7.893472672324301f,0.590932078977674f,-0.31911228139381187f,-0.7409228231730756f,-3.8085648818609235f,0.43599067931806257f,0.8990838294242387f,-0.039501838129645084f,2.6479263296301374f,0f,0f,0f,1f], start_interpolation: 0, interpolation_duration: 1 }
$data merge entity $(bone_right_fingers) { transformation: [-0.5366289597918177f,-0.5124025611051655f,0.6704274568404986f,-8.571163350132592f,-0.5209612216305396f,-0.4238310697181778f,-0.7409228231730756f,-4.40386731750923f,0.6637987383762997f,-0.7468673508156665f,-0.039501838129645084f,2.3071060786588227f,0f,0f,0f,1f], start_interpolation: 0, interpolation_duration: 1 }
$data merge entity $(bone_right_hand) { transformation: [-0.7126951133936203f,0.3146771687515f,0.7039488296825236f,-8.233886014812938f,-0.6204786829265577f,0.33506789546350235f,-0.7779689643317294f,-3.9399630099824297f,-0.4577902132839656f,-0.9440380208954506f,-0.04147693003612734f,0.9172073892251946f,0f,0f,0f,1f], start_interpolation: 0, interpolation_duration: 1 }
$data merge entity $(bone_right_forearm) { transformation: [-3.782625509839341f,1.9885422345695616f,0.11431987423784516f,-5.343889646873366f,0.9252793024055738f,1.971558576358578f,-3.6786464892031674f,-0.45320002564347606f,-1.7638671902534264f,-3.230213856901742f,-2.1748829793410613f,-3.5876743597044918f,0f,0f,0f,1f], start_interpolation: 0, interpolation_duration: 1 }
$data merge entity $(bone_right_bicep) { transformation: [-3.1853688503910247f,0.6878346545475792f,1.5298067770022388f,-4.610253184839788f,0.7791825704467992f,3.5144115586538556f,0.04226012674021236f,3.665716742793028f,-1.4853618444239385f,0.3685035744787187f,-3.2585127446008135f,-1.9096418784133142f,0f,0f,0f,1f], start_interpolation: 0, interpolation_duration: 1 }
$data merge entity $(bone_right_arm) { transformation: [-1.0617896167970082f,0.2292782181825264f,0.5099355923340796f,-4.1375f,0.2597275234822664f,1.1714705195512853f,0.01408670891340412f,4.933269999999999f,-0.4951206148079795f,0.12283452482623956f,-1.0861709148669378f,-1.6526256250000004f,0f,0f,0f,1f], start_interpolation: 0, interpolation_duration: 1 }
$data merge entity $(bone_left_thumb) { transformation: [-0.7126951136584562f,-0.432135930234628f,-0.6386111592883531f,8.298199291892178f,0.6204786823534629f,0.19488459032115438f,-0.824333792344016f,-3.64864971956712f,0.4577902136484266f,-0.9368983585510274f,0.12308365460986022f,1.3233137890545048f,0f,0f,0f,1f], start_interpolation: 0, interpolation_duration: 1 }
$data merge entity $(bone_left_fingers_2) { transformation: [0.678757251103291f,0.299692524192396f,-0.6704274643970769f,7.893472656617032f,-0.590932078431869f,-0.3191123012577989f,-0.7409228150530547f,-3.8085649058632702f,-0.4359906796651681f,0.8990838281990959f,-0.039501862183482894f,2.647926325514453f,0f,0f,0f,1f], start_interpolation: 0, interpolation_duration: 1 }
$data merge entity $(bone_left_fingers) { transformation: [-0.5366289437428988f,0.5124025680258507f,-0.6704274643970769f,8.57116333315197f,0.5209612397736001f,-0.4238310616123011f,-0.7409228150530547f,-4.403867342706871f,-0.6637987371115839f,-0.7468673506675083f,-0.039501862183482894f,2.307106074098982f,0f,0f,0f,1f], start_interpolation: 0, interpolation_duration: 1 }
$data merge entity $(bone_left_hand) { transformation: [-0.7126951136584557f,-0.3146771504020158f,-0.7039488376169307f,8.233886024523773f,0.6204786823534625f,0.3350679163206887f,-0.7779689558057075f,-3.9399630058617716f,0.4577902136484263f,-0.9440380196090509f,-0.04147695529265704f,0.9172073879738423f,0f,0f,0f,1f], start_interpolation: 0, interpolation_duration: 1 }
$data merge entity $(bone_left_forearm) { transformation: [-3.7826255078547515f,-1.988542238455076f,-0.11431987231734367f,5.343889650497359f,-0.9252793055531022f,1.9715585740431214f,-3.67864648965244f,-0.453200024857781f,1.7638671928582796f,-3.2302138559230285f,-2.1748829786820996f,-3.58767435963223f,0f,0f,0f,1f], start_interpolation: 0, interpolation_duration: 1 }
$data merge entity $(bone_left_bicep) { transformation: [-3.1853688487197918f,-0.6878346574929572f,-1.5298067791577794f,4.610253185821467f,-0.7791825730973495f,3.514411558089099f,0.04226012483597152f,3.6657167431805946f,1.485361846617499f,0.3685035743670667f,-3.2585127436135264f,-1.9096418785190243f,0f,0f,0f,1f], start_interpolation: 0, interpolation_duration: 1 }
$data merge entity $(bone_left_arm) { transformation: [-1.0617896162399305f,-0.22927821916431906f,-0.5099355930525932f,4.1375f,-0.25972752436578317f,1.1714705193630328f,0.014086708278657172f,4.933269999999999f,0.49512061553916636f,0.12283452478902225f,-1.0861709145378422f,-1.6526256249999995f,0f,0f,0f,1f], start_interpolation: 0, interpolation_duration: 1 }
$data merge entity $(bone_waist) { transformation: [-5.023832916666667f,0f,6.317382686250904e-16f,0.000001250000000309162f,0f,5.023832916666667f,0f,0.41452250000000035f,-6.152420900846945e-16f,0f,-5.158534436744793f,-2.5245f,0f,0f,0f,1f], start_interpolation: 0, interpolation_duration: 1 }
$data merge entity $(bone_hip) { transformation: [-4.4239920711984375f,0f,5.401913377993475e-16f,1.314196800122255e-16f,0f,4.678288144313803f,0f,-2.83696125f,-5.417827729446436e-16f,0f,-4.410997017061979f,-1.073123125f,0f,0f,0f,1f], start_interpolation: 0, interpolation_duration: 1 }
data modify entity @s data merge value {"locators":{"consume":{"posx":-8.74909592358786,"posy":-3.303076583961467,"posz":2.9346721727977503,"roty":86.62800957649715,"rotx":-47.81008538269444}},"cameras":{}}