# This file was generated by Animated Java via MC-Build. It is not recommended to edit this file directly.
$data merge entity $(bone_right_thumb) { transformation: [-0.7202578190816682f,0.4294132972119041f,0.631927918539228f,-8.359263302147358f,-0.6226749513241469f,0.17332042172263307f,-0.8274877258348678f,-3.5537205786572614f,-0.4427240438977668f,-0.9423716101366227f,0.13576144284486194f,1.504063376131191f,0f,0f,0f,1f], start_interpolation: 0, interpolation_duration: 1 }
$data merge entity $(bone_right_fingers_2) { transformation: [0.6859598276968263f,-0.29824420273297647f,0.6637089048086604f,-7.94972346853686f,0.5930237631658537f,-0.2994086006674016f,-0.7474471928952559f,-3.692171362467933f,0.42164194656930154f,0.9063139000272253f,-0.02851637267764917f,2.82961359887065f,0f,0f,0f,1f], start_interpolation: 0, interpolation_duration: 1 }
$data merge entity $(bone_right_fingers) { transformation: [-0.5380471759227308f,-0.5196111297492215f,0.6637089048086604f,-8.6342070665624f,-0.5035578471768285f,-0.4333038060987231f,-0.7474471928952559f,-4.287776692737809f,0.6759694749233959f,-0.7363776785462046f,-0.02851637267764917f,2.50320192209217f,0f,0f,0f,1f], start_interpolation: 0, interpolation_duration: 1 }
$data merge entity $(bone_right_hand) { transformation: [-0.7202578190816677f,0.3131564128696252f,0.6968943500490935f,-8.29942049282368f,-0.6226749513241464f,0.3143790307007716f,-0.7848195525400187f,-3.8532095596620843f,-0.44272404389776654f,-0.9516295950285868f,-0.02994219131153163f,1.1032551619451287f,0f,0f,0f,1f], start_interpolation: 0, interpolation_duration: 1 }
$data merge entity $(bone_right_forearm) { transformation: [-3.7826255099235846f,1.9905308635204377f,0.07180621872733173f,-5.400189746450124f,0.9252793022719649f,1.8925098672527472f,-3.719931399251617f,-0.47788336077187177f,-1.7638671901428529f,-3.275945403043763f,-2.105369148585109f,-3.4798866444871774f,0f,0f,0f,1f], start_interpolation: 0, interpolation_duration: 1 }
$data merge entity $(bone_right_bicep) { transformation: [-3.1853688504619666f,0.7203637658369589f,1.5147611466418744f,-4.622558696603962f,0.7791825703342864f,3.51451221604512f,-0.03283908276549742f,3.665327129191193f,-1.4853618443308239f,0.29879747010110236f,-3.2656423967218635f,-1.88345700363984f,0f,0f,0f,1f], start_interpolation: 0, interpolation_duration: 1 }
$data merge entity $(bone_right_arm) { transformation: [-1.0617896168206555f,0.2401212552789863f,0.5049203822139582f,-4.1375f,0.25972752344476213f,1.17150407201504f,-0.010946360921832472f,4.933269999999999f,-0.4951206147769413f,0.09959915670036747f,-1.0885474655739547f,-1.6526256250000004f,0f,0f,0f,1f], start_interpolation: 0, interpolation_duration: 1 }
$data merge entity $(bone_left_thumb) { transformation: [-0.7202578193580571f,-0.42941328068528634f,-0.6319279294545203f,8.359263308832285f,0.622674950742279f,0.1733204438318379f,-0.8274877216418599f,-3.5537205825486757f,0.442724044266491f,-0.942371613601044f,0.13576141759457222f,1.5040633813320665f,0f,0f,0f,1f], start_interpolation: 0, interpolation_duration: 1 }
$data merge entity $(bone_left_fingers_2) { transformation: [0.6859598279600541f,0.29824418542729847f,-0.6637089123130865f,7.949723453095545f,-0.5930237626116939f,-0.29940862071045704f,-0.7474471853061798f,-3.6921713866796906f,-0.4216419469204674f,0.9063138991006752f,-0.028516396933145893f,2.829613595113023f,0f,0f,0f,1f], start_interpolation: 0, interpolation_duration: 1 }
$data merge entity $(bone_left_fingers) { transformation: [-0.5380471600351019f,0.5196111366150085f,-0.6637089123130865f,8.63420704987304f,0.5035578654821293f,-0.43330379791660095f,-0.7474471853061798f,-4.287776718152455f,-0.6759694739329897f,-0.7363776785160642f,-0.028516396933145893f,2.5032019179123184f,0f,0f,0f,1f], start_interpolation: 0, interpolation_duration: 1 }
$data merge entity $(bone_left_hand) { transformation: [-0.7202578193580567f,-0.3131563946986633f,-0.6968943579287409f,8.299420502568822f,0.6226749507422786f,0.3143790517459798f,-0.7848195445714888f,-3.8532095554559054f,0.4427240442664907f,-0.951629594055709f,-0.029942216779803188f,1.1032551606384735f,0f,0f,0f,1f], start_interpolation: 0, interpolation_duration: 1 }
$data merge entity $(bone_left_forearm) { transformation: [-3.7826255079406157f,-1.9905308673608932f,-0.0718062167258855f,5.400189750163487f,-0.925279305416923f,1.8925098649301175f,-3.719931399650988f,-0.47788335991872355f,1.7638671927455793f,-3.2759454020520047f,-2.10536914794773f,-3.4798866444476064f,0f,0f,0f,1f], start_interpolation: 0, interpolation_duration: 1 }
$data merge entity $(bone_left_bicep) { transformation: [-3.1853688487920984f,-0.7203637688252785f,-1.5147611487322836f,4.622558697602192f,-0.7791825729826722f,3.5145122154402997f,-0.032839084655692546f,3.6653271295937433f,1.4853618465225935f,0.2987974700106443f,-3.265642395733224f,-1.8834570037533909f,0f,0f,0f,1f], start_interpolation: 0, interpolation_duration: 1 }
$data merge entity $(bone_left_arm) { transformation: [-1.0617896162640328f,-0.24012125627509284f,-0.5049203829107611f,4.1375f,-0.2597275243275574f,1.1715040718134333f,-0.010946361551897514f,4.933269999999999f,0.49512061550753117f,0.09959915667021477f,-1.088547465244408f,-1.6526256249999995f,0f,0f,0f,1f], start_interpolation: 0, interpolation_duration: 1 }
$data merge entity $(bone_waist) { transformation: [-5.023832916666667f,0f,6.31152934136607e-16f,0.000001250000000309162f,0f,5.023832916666667f,0f,0.41452250000000035f,-6.152420900846945e-16f,0f,-5.153754817928241f,-2.5245f,0f,0f,0f,1f], start_interpolation: 0, interpolation_duration: 1 }
$data merge entity $(bone_hip) { transformation: [-4.423120811424692f,0f,5.40093258838654e-16f,1.314196800122255e-16f,0f,4.669663526929399f,0f,-2.83696125f,-5.416760743953292e-16f,0f,-4.41019614157068f,-1.073123125f,0f,0f,0f,1f], start_interpolation: 0, interpolation_duration: 1 }
data modify entity @s data merge value {"locators":{"consume":{"posx":-8.799520234219607,"posy":-3.1737975519411386,"posz":3.1106239111104124,"roty":87.5397896205082,"rotx":-48.3697270995938}},"cameras":{}}