# This file was generated by Animated Java via MC-Build. It is not recommended to edit this file directly.
$data merge entity $(bone_right_thumb) { transformation: [-0.7092128280637965f,0.43331159120739493f,0.6416839014928369f,-8.269659162118817f,-0.6193548280557806f,0.20473934859112516f,-0.8227887919159309f,-3.690827184166289f,-0.4646684425197686f,-0.9342498937991905f,0.11730462251102987f,1.364983684834655f,0f,0f,0f,1f], start_interpolation: 0, interpolation_duration: 1 }
$data merge entity $(bone_right_fingers_2) { transformation: [0.6754407886321867f,-0.30028702319872547f,0.6735038565222756f,-7.86707347062561f,0.5898617410055049f,-0.32809968777160525f,-0.737843968181708f,-3.8605862273034544f,0.4425413738283508f,0.8956440691383063f,-0.044484085553066655f,2.6890235317177558f,0f,0f,0f,1f], start_interpolation: 0, interpolation_duration: 1 }
$data merge entity $(bone_right_fingers) { transformation: [-0.5359090339651926f,-0.5091110513081758f,0.6735038565222756f,-8.541630043996285f,-0.528854901824364f,-0.41940287485210737f,-0.737843968181708f,-4.455638830588098f,0.6581139719918094f,-0.7516030641247221f,-0.044484085553066655f,2.3416132313583713f,0f,0f,0f,1f], start_interpolation: 0, interpolation_duration: 1 }
$data merge entity $(bone_right_hand) { transformation: [-0.709212828063796f,0.3153013743586617f,0.7071790493483895f,-8.203313277028535f,-0.6193548280557802f,0.34450467216018554f,-0.7747361665907935f,-3.9783474937409276f,-0.4646684425197683f,-0.9404262725952218f,-0.046708289830719986f,0.9565080659248251f,0f,0f,0f,1f], start_interpolation: 0, interpolation_duration: 1 }
$data merge entity $(bone_right_forearm) { transformation: [-3.782625480091368f,1.9873275047864114f,0.1337866438885515f,-5.3179974992299766f,0.9252793495853967f,2.007486197267646f,-3.659164152236232f,-0.4410425870986403f,-1.7638672292988413f,-3.2087619974842787f,-2.206409717370354f,-3.5118228917517778f,0f,0f,0f,1f], start_interpolation: 0, interpolation_duration: 1 }
$data merge entity $(bone_right_bicep) { transformation: [-3.1853688253401002f,0.672821487928643f,1.536468903666105f,-4.604575138343597f,0.7791826101771764f,3.5138292303896845f,0.07667202655808486f,3.6660969545962816f,-1.4853618773042878f,0.4003940372189977f,-3.25474802533323f,-1.7966190752815248f,0f,0f,0f,1f], start_interpolation: 0, interpolation_duration: 1 }
$data merge entity $(bone_right_arm) { transformation: [-1.0617896084467f,0.2242738293095477f,0.5121563012220349f,-4.1375f,0.25972753672572546f,1.171276410129895f,0.025557342186028287f,4.933269999999999f,-0.49512062576809596f,0.13346467907299925f,-1.08491600844441f,-1.5276256250000004f,0f,0f,0f,1f], start_interpolation: 0, interpolation_duration: 1 }
$data merge entity $(bone_left_thumb) { transformation: [-0.7092128280637965f,-0.4333115912073947f,-0.6416839014928369f,8.269659162118817f,0.6193548280557806f,0.20473934859112516f,-0.8227887919159309f,-3.690827184166289f,0.46466844251976847f,-0.9342498937991905f,0.1173046225110297f,1.3649836848346564f,0f,0f,0f,1f], start_interpolation: 0, interpolation_duration: 1 }
$data merge entity $(bone_left_fingers_2) { transformation: [0.6754407886321867f,0.3002870231987252f,-0.6735038565222755f,7.86707347062561f,-0.5898617410055049f,-0.32809968777160525f,-0.737843968181708f,-3.8605862273034544f,-0.4425413738283507f,0.8956440691383063f,-0.04448408555306682f,2.6890235317177575f,0f,0f,0f,1f], start_interpolation: 0, interpolation_duration: 1 }
$data merge entity $(bone_left_fingers) { transformation: [-0.5359090339651924f,0.5091110513081759f,-0.6735038565222755f,8.541630043996285f,0.528854901824364f,-0.41940287485210737f,-0.737843968181708f,-4.455638830588098f,-0.6581139719918094f,-0.751603064124722f,-0.04448408555306682f,2.341613231358373f,0f,0f,0f,1f], start_interpolation: 0, interpolation_duration: 1 }
$data merge entity $(bone_left_hand) { transformation: [-0.709212828063796f,-0.31530137435866146f,-0.7071790493483893f,8.203313277028535f,0.6193548280557802f,0.34450467216018554f,-0.7747361665907935f,-3.9783474937409276f,0.4646684425197682f,-0.9404262725952218f,-0.046708289830720166f,0.9565080659248264f,0f,0f,0f,1f], start_interpolation: 0, interpolation_duration: 1 }
$data merge entity $(bone_left_forearm) { transformation: [-3.782625480091368f,-1.9873275047864105f,-0.13378664388855113f,5.3179974992299766f,-0.9252793495853967f,2.007486197267646f,-3.659164152236232f,-0.4410425870986403f,1.7638672292988404f,-3.2087619974842787f,-2.206409717370354f,-3.5118228917517764f,0f,0f,0f,1f], start_interpolation: 0, interpolation_duration: 1 }
$data merge entity $(bone_left_bicep) { transformation: [-3.1853688253401002f,-0.672821487928643f,-1.5364689036661041f,4.604575138343597f,-0.7791826101771764f,3.5138292303896845f,0.07667202655808486f,3.6660969545962816f,1.4853618773042871f,0.4003940372189975f,-3.25474802533323f,-1.7966190752815239f,0f,0f,0f,1f], start_interpolation: 0, interpolation_duration: 1 }
$data merge entity $(bone_left_arm) { transformation: [-1.0617896084467f,-0.2242738293095477f,-0.5121563012220347f,4.1375f,-0.25972753672572546f,1.171276410129895f,0.025557342186028287f,4.933269999999999f,0.49512062576809573f,0.13346467907299916f,-1.08491600844441f,-1.5276256249999995f,0f,0f,0f,1f], start_interpolation: 0, interpolation_duration: 1 }
$data merge entity $(bone_waist) { transformation: [-5.023832916666667f,0f,6.241084404531671e-16f,0.000001250000000293854f,0f,5.023832916666667f,0f,0.41452250000000035f,-6.152420900846945e-16f,0f,-5.096232161695076f,-2.3995f,0f,0f,0f,1f], start_interpolation: 0, interpolation_duration: 1 }
$data merge entity $(bone_hip) { transformation: [-4.410941651371932f,0f,5.391202808520552e-16f,1.1611159502288358e-16f,0f,4.553164666227422f,0f,-2.83696125f,-5.401845574578377e-16f,0f,-4.402251173378412f,-0.948123125f,0f,0f,0f,1f], start_interpolation: 0, interpolation_duration: 1 }
data modify entity @s data merge value {"locators":{"consume":{"posx":-8.725337505123141,"posy":-3.3610558559233836,"posz":2.9783071315759697,"roty":86.22117416304211,"rotx":-47.548077164405484}},"cameras":{}}