# This file was generated by Animated Java via MC-Build. It is not recommended to edit this file directly.
$data merge entity $(bone_right_thumb) { transformation: [-0.6951797997492182f,0.437560475842249f,0.6540381303879331f,-8.151995447233736f,-0.6141209219765681f,0.24398620837689086f,-0.8159817542767239f,-3.8511987935075322f,-0.49201680785445556f,-0.9227738401702634f,0.09438167558450461f,0.903526606669673f,0f,0f,0f,1f], start_interpolation: 0, interpolation_duration: 1 }
$data merge entity $(bone_right_fingers_2) { transformation: [0.6620759997611597f,-0.30222897100438756f,0.6857937150673591f,-7.757565133732792f,0.584877068549112f,-0.363784051692602f,-0.7249689499692463f,-4.060380134974921f,0.4685874360518622f,0.8810895600446891f,-0.06408589512988405f,2.224375872115805f,0f,0f,0f,1f], start_interpolation: 0, interpolation_duration: 1 }
$data merge entity $(bone_right_fingers) { transformation: [-0.5325886765180498f,-0.49602044516215477f,0.6857937150673591f,-8.419452500194685f,-0.5599154037168289f,-0.4011418231263212f,-0.7249689499692463f,-4.653734873192809f,0.6346999624431789f,-0.7700967184192054f,-0.06408589512988405f,1.8506870217312388f,0f,0f,0f,1f], start_interpolation: 0, interpolation_duration: 1 }
$data merge entity $(bone_right_hand) { transformation: [-0.6951797997492177f,0.3173404195546069f,0.7200834008207271f,-8.077620260758856f,-0.6141209219765676f,0.3819732542772321f,-0.7612173974677087f,-4.123255679853662f,-0.4920168078544553f,-0.9251440380469236f,-0.06729018988637826f,0.4859437785282923f,0f,0f,0f,1f], start_interpolation: 0, interpolation_duration: 1 }
$data merge entity $(bone_right_forearm) { transformation: [-3.7826255102209156f,1.9805589989996912f,0.21155448685219452f,-5.213851446111742f,0.9252793018004022f,2.1493236097286785f,-3.5776935635018603f,-0.38709095072506905f,-1.7638671897525942f,-3.119842796062684f,-2.330445979800875f,-3.831863069927314f,0f,0f,0f,1f], start_interpolation: 0, interpolation_duration: 1 }
$data merge entity $(bone_right_bicep) { transformation: [-3.1853688507123508f,0.6121004206929839f,1.5616524452959928f,-4.581618419945892f,0.779182569937181f,3.5081264377294166f,0.21429750257529867f,3.6688865373008044f,-1.485361844002185f,0.5276191542120057f,-3.23655962721082f,-1.9693865387320129f,0f,0f,0f,1f], start_interpolation: 0, interpolation_duration: 1 }
$data merge entity $(bone_right_arm) { transformation: [-1.061789616904117f,0.20403347356432794f,0.5205508150986643f,-4.1375f,0.2597275233123937f,1.1693754792431388f,0.07143250085843289f,4.933269999999999f,-0.49512061466739504f,0.1758730514040019f,-1.0788532090702734f,-1.6526256250000004f,0f,0f,0f,1f], start_interpolation: 0, interpolation_duration: 1 }
$data merge entity $(bone_left_thumb) { transformation: [-0.6951797999632053f,-0.437560458683253f,-0.6540381416400884f,8.151995452731633f,0.6141209214780163f,0.24398623021887983f,-0.8159817481209817f,-3.8511987983740736f,0.49201680817438653f,-0.9227738425315719f,0.09438165083006224f,0.9035266116947447f,0f,0f,0f,1f], start_interpolation: 0, interpolation_duration: 1 }
$data merge entity $(bone_left_fingers_2) { transformation: [0.662075999964957f,0.30222895304988406f,-0.6857937227831508f,7.757565116351025f,-0.5848770680743008f,-0.3637840711604369f,-0.7249689405834898f,-4.060380158850666f,-0.46858743635655836f,0.8810895581655187f,-0.0640859187378876f,2.2243758672981144f,0f,0f,0f,1f], start_interpolation: 0, interpolation_duration: 1 }
$data merge entity $(bone_left_fingers) { transformation: [-0.5325886600082413f,0.49602045222132995f,-0.6857937227831508f,8.419452481451543f,0.5599154215210608f,-0.40114181523763504f,-0.7249689405834898f,-4.65373489829746f,-0.6346999605904498f,-0.7700967179815805f,-0.0640859187378876f,1.8506870164535407f,0f,0f,0f,1f], start_interpolation: 0, interpolation_duration: 1 }
$data merge entity $(bone_left_hand) { transformation: [-0.6951797999632049f,-0.3173404007023783f,-0.7200834089223084f,8.077620269429776f,0.6141209214780159f,0.3819732747184587f,-0.7612173876126643f,-4.123255676320408f,0.49201680817438626f,-0.9251440360737948f,-0.06729021467478198f,0.48594377751572093f,0f,0f,0f,1f], start_interpolation: 0, interpolation_duration: 1 }
$data merge entity $(bone_left_forearm) { transformation: [-3.782625508427781f,-1.9805590025911237f,-0.2115544852909512f,5.213851449188641f,-0.9252793046442865f,2.1493236076589817f,-3.5776935640097465f,-0.3870909501567126f,1.7638671921061548f,-3.1198427952086027f,-2.330445979162897f,-3.8318630697951743f,0f,0f,0f,1f], start_interpolation: 0, interpolation_duration: 1 }
$data merge entity $(bone_left_bicep) { transformation: [-3.1853688492023426f,-0.6121004232556607f,-1.5616524473715614f,4.581618420795198f,-0.7791825723320309f,3.508126437304002f,0.21429750083183854f,3.6688865376189566f,1.485361845984131f,0.5276191540675655f,-3.236559626324787f,-1.9693865388111693f,0f,0f,0f,1f], start_interpolation: 0, interpolation_duration: 1 }
$data merge entity $(bone_left_arm) { transformation: [-1.061789616400781f,-0.20403347441855357f,-0.5205508157905204f,4.1375f,-0.25972752411067695f,1.1693754791013342f,0.07143250027727951f,4.933269999999999f,0.49512061532804363f,0.17587305135585515f,-1.078853208774929f,-1.6526256249999995f,0f,0f,0f,1f], start_interpolation: 0, interpolation_duration: 1 }
$data merge entity $(bone_waist) { transformation: [-5.023832916666667f,0f,6.278203728153149e-16f,0.000001250000000309162f,0f,5.023832916666667f,0f,0.41452250000000035f,-6.152420900846945e-16f,0f,-5.12654238962963f,-2.5245f,0f,0f,0f,1f], start_interpolation: 0, interpolation_duration: 1 }
$data merge entity $(bone_hip) { transformation: [-4.417730921402469f,0f,5.395874434416706e-16f,1.314196800122255e-16f,0f,4.617339119037037f,0f,-2.83696125f,-5.410160032389821e-16f,0f,-4.406065845412345f,-1.073123125f,0f,0f,0f,1f], start_interpolation: 0, interpolation_duration: 1 }
data modify entity @s data merge value {"locators":{"consume":{"posx":-8.626207794213302,"posy":-3.585014335774212,"posz":2.5232404423372214,"roty":84.66134092523224,"rotx":-46.46626489769227}},"cameras":{}}