# This file was generated by Animated Java via MC-Build. It is not recommended to edit this file directly.
$data merge entity $(bone_right_thumb) { transformation: [-1.0498853871037823f,0.006778419982187474f,-0.013954460522985872f,-4.473941560405239f,0.006849048640915134f,1.049964408890559f,-0.005275471146242739f,-7.442426870611762f,0.013919930986066998f,-0.005365918900388145f,-1.0498940148584992f,-2.803517804007778f,0f,0f,0f,1f], start_interpolation: 0, interpolation_duration: 1 }
$data merge entity $(bone_right_fingers_2) { transformation: [-0.9981543755436928f,0.059251300504670895f,-0.013308868151938725f,-4.263835691534131f,0.059360453098871724f,0.9982048636475891f,-0.00796158264384062f,-9.516618427002932f,0.012813242793186762f,-0.008736908995934465f,-0.999879736383491f,-3.1273391717479546f,0f,0f,0f,1f], start_interpolation: 0, interpolation_duration: 1 }
$data merge entity $(bone_right_fingers) { transformation: [-0.9995670841159381f,0.026239633771744448f,-0.013308868151938725f,-4.68879496968016f,0.026347058628917112f,0.999621151088456f,-0.00796158264384062f,-8.651045982585252f,0.013094917088907624f,-0.00830878547773549f,-0.999879736383491f,-3.12876869321505f,0f,0f,0f,1f], start_interpolation: 0, interpolation_duration: 1 }
$data merge entity $(bone_right_hand) { transformation: [-1.0498853871037817f,0.006737400268613798f,-0.013974311559535662f,-4.78125f,0.00684904864091513f,1.0499443826163863f,-0.00835966177603265f,-7.1512024075221685f,0.013919930986066987f,-0.008449902361315516f,-1.0498737232026656f,-3.076779347555509f,0f,0f,0f,1f], start_interpolation: 0, interpolation_duration: 1 }
$data merge entity $(bone_right_forearm) { transformation: [-4.2749999999999995f,6.638541512026102e-18f,5.234944159651459e-16f,-4.8375f,0f,4.274656303594008f,-0.05420780519451089f,-0.7874590609143426f,-5.235365066354934e-16f,-0.05420780519451089f,-4.274656303594008f,-2.5261785452453083f,0f,0f,0f,1f], start_interpolation: 0, interpolation_duration: 1 }
$data merge entity $(bone_right_bicep) { transformation: [-3.6000000000000005f,1.3682315098729161e-17f,4.4066048391762555e-16f,-4.3875f,0f,3.5982659181768204f,-0.11172458139159243f,3.579345806384952f,-4.408728476930472e-16f,-0.11172458139159243f,-3.5982659181768204f,-1.5024568726545713f,0f,0f,0f,1f], start_interpolation: 0, interpolation_duration: 1 }
$data merge entity $(bone_right_arm) { transformation: [-1.2000000000000002f,4.560771699576387e-18f,1.4688682797254184e-16f,-4.1375f,0f,1.1994219727256068f,-0.037241527130530805f,4.933269999999999f,-1.469576158976824e-16f,-0.037241527130530805f,-1.1994219727256068f,-1.5276256250000004f,0f,0f,0f,1f], start_interpolation: 0, interpolation_duration: 1 }
$data merge entity $(bone_left_thumb) { transformation: [-1.005127555239625f,0.019280535486770424f,0.30306246657967945f,5.369284695955986f,-0.23000633716834368f,0.6358693960708047f,-0.8032852519516049f,-5.157540056941932f,-0.1982818260971441f,-0.8353432660241508f,-0.6044716249317982f,3.526997405116875f,0f,0f,0f,1f], start_interpolation: 0, interpolation_duration: 1 }
$data merge entity $(bone_left_fingers_2) { transformation: [-0.5583482134485546f,0.7776313079928687f,0.2890273713130087f,4.921143592332196f,0.37517558743089974f,0.5474137378669832f,-0.7480517884413999f,-6.6641977623810895f,-0.7399260443684131f,-0.30923736582728495f,-0.5973957653361088f,4.631847797877414f,0f,0f,0f,1f], start_interpolation: 0, interpolation_duration: 1 }
$data merge entity $(bone_left_fingers) { transformation: [-0.8724152934882244f,0.3941506492697272f,0.2890273713130087f,5.648305702556328f,0.051110891181256585f,0.6616692516750954f,-0.7480517884413999f,-6.122082553959865f,-0.48608562259185684f,-0.6378393740339113f,-0.5973957653361088f,4.304503247896792f,0f,0f,0f,1f], start_interpolation: 0, interpolation_duration: 1 }
$data merge entity $(bone_left_hand) { transformation: [-1.0051275552396244f,0.010920262802557475f,0.30347873987865914f,5.744292146455468f,-0.2300063371683435f,0.6577678200987881f,-0.7854543778634698f,-5.113753104054808f,-0.19828182609714398f,-0.8183655923258331f,-0.6272655536029142f,3.1932697452550993f,0f,0f,0f,1f], start_interpolation: 0, interpolation_duration: 1 }
$data merge entity $(bone_left_forearm) { transformation: [-4.108017393748899f,0.07629249424246107f,1.1806767330555685f,5.737440206615863f,-0.876607509809837f,2.6688344179503685f,-3.222500135501704f,-0.658246401818718f,-0.7945925788739173f,-3.3387313915446644f,-2.5489449442294196f,-1.3840622030254384f,0f,0f,0f,1f], start_interpolation: 0, interpolation_duration: 1 }
$data merge entity $(bone_left_bicep) { transformation: [-3.5086987249383066f,-0.4718963721828697f,0.6529525798532025f,4.520713017982516f,-0.611970439787729f,3.458808295417198f,-0.7887568423660047f,3.6821319802305554f,-0.5239517520176066f,-0.8797493901525728f,-3.451306357320929f,-1.3975255265568216f,0f,0f,0f,1f], start_interpolation: 0, interpolation_duration: 1 }
$data merge entity $(bone_left_arm) { transformation: [-1.1695662416461021f,-0.19131370475924334f,0.18845124773560107f,4.058531250000001f,-0.2039901465959097f,1.180608676776627f,-0.0674623777487956f,4.972754374999999f,-0.1746505840058689f,-0.0977865977066132f,-1.183188469693385f,-1.5276256249999995f,0f,0f,0f,1f], start_interpolation: 0, interpolation_duration: 1 }
$data merge entity $(bone_waist) { transformation: [-5.023832916666667f,0f,6.334513333196699e-16f,0.000001250000000293854f,0f,5.023832916666667f,0f,0.41452250000000035f,-6.152420900846945e-16f,0f,-5.1725226715221355f,-2.3995f,0f,0f,0f,1f], start_interpolation: 0, interpolation_duration: 1 }
$data merge entity $(bone_hip) { transformation: [-4.39999708271211f,0f,5.370303278816305e-16f,1.1611159502288358e-16f,0f,4.52397874196224f,0f,-2.83696125f,-5.388442343601077e-16f,0f,-4.385185412279948f,-0.948123125f,0f,0f,0f,1f], start_interpolation: 0, interpolation_duration: 1 }
$data merge entity $(bone_right_foot) { transformation: [-2.04f,1.8346425166121482e-19f,2.498278796614265e-16f,-2.025f,0f,2.039999449926023f,-0.001498099303317086f,-11.120814212853286f,-2.4982794702606004e-16f,-0.001498099303317086f,-2.039999449926023f,-1.6849035514801682f,0f,0f,0f,1f], start_interpolation: 0, interpolation_duration: 1 }
$data merge entity $(bone_right_knee) { transformation: [-2.85f,2.5630807087642726e-18f,3.490149265633058e-16f,-2.019375f,0f,2.849923151771626f,-0.020929142268193486f,-7.432071740184904f,-3.4902433775699566e-16f,-0.020929142268193486f,-2.849923151771626f,-0.3545017999831772f,0f,0f,0f,1f], start_interpolation: 0, interpolation_duration: 1 }
$data merge entity $(bone_right_thigh) { transformation: [-3.8250000000000006f,3.439924109130998e-18f,4.684147698612789e-16f,-1.6874999999999998f,0f,3.8248968615882353f,-0.02808911199152284f,-3.839842290595137f,-4.684274006738627e-16f,-0.02808911199152284f,-3.8248968615882353f,-2.2497732774273134f,0f,0f,0f,1f], start_interpolation: 0, interpolation_duration: 1 }
$data merge entity $(bone_right_leg) { transformation: [-1.7250000000000003f,1.5513383237257442e-18f,2.1124587660410616e-16f,-1.6701387499999998f,0f,1.7249534865986158f,-0.012667638741275007f,-3.847094375000001f,-2.1125157285291847e-16f,-0.012667638741275007f,-1.7249534865986158f,-2.2026250000000003f,0f,0f,0f,1f], start_interpolation: 0, interpolation_duration: 1 }
$data merge entity $(bone_left_foot) { transformation: [-2.04f,0f,2.498279470260601e-16f,2.025f,0f,2.04f,0f,-11.126305221713727f,-2.4982794702606004e-16f,0f,-2.04f,-1.702556965205597f,0f,0f,0f,1f], start_interpolation: 0, interpolation_duration: 1 }
$data merge entity $(bone_left_knee) { transformation: [-2.85f,-1.2815489934261425e-18f,3.49021984950643e-16f,2.019375f,0f,2.849980787878151f,0.010464641677244466f,-7.452211715128287f,-3.4902433775699566e-16f,0.010464641677244466f,-2.849980787878151f,-0.394103218202815f,0f,0f,0f,1f], start_interpolation: 0, interpolation_duration: 1 }
$data merge entity $(bone_left_thigh) { transformation: [-3.8250000000000006f,-1.7199736490719284e-18f,4.684242429600735e-16f,1.6875000000000002f,0f,3.8249742153101507f,0.01404465067209126f,-3.83932338219548f,-4.684274006738627e-16f,0.01404465067209126f,-3.8249742153101507f,-2.249690533710032f,0f,0f,0f,1f], start_interpolation: 0, interpolation_duration: 1 }
$data merge entity $(bone_left_leg) { transformation: [-1.7250000000000003f,-7.756743907579285e-19f,2.112501487859155e-16f,1.6701387500000002f,0f,1.7249883716104601f,0.0063338620678058625f,-3.847094375000001f,-2.1125157285291847e-16f,0.0063338620678058625f,-1.7249883716104601f,-2.2026249999999994f,0f,0f,0f,1f], start_interpolation: 0, interpolation_duration: 1 }
data modify entity @s data merge value {"locators":{"consume":{"posx":-3.87448650677915,"posy":-8.914915101608361,"posz":-2.1777091485241877,"roty":359.2374113411684,"rotx":-0.45616990301482624}},"cameras":{}}