# This file was generated by Animated Java via MC-Build. It is not recommended to edit this file directly.
$data merge entity $(bone_right_thumb) { transformation: [-0.6745867542016643f,0.4424158507325948f,0.6720869929378335f,-7.971844954477399f,-0.6044498457551394f,0.3002625722700623f,-0.8043523927112762f,-4.059437124524197f,-0.531105540379926f,-0.9036650943321433f,0.061776227332420476f,0.40795615062633617f,0f,0f,0f,1f], start_interpolation: 0, interpolation_duration: 1 }
$data merge entity $(bone_right_fingers_2) { transformation: [0.642463575430156f,-0.3037979793329991f,0.7035249405662084f,-7.588049639745367f,0.575666519766799f,-0.41464308219742274f,-0.7047546895235269f,-4.325771717388048f,0.5058148003618341f,0.8577749717373478f,-0.09150675164112282f,1.7216311214200708f,0f,0f,0f,1f], start_interpolation: 0, interpolation_duration: 1 }
$data merge entity $(bone_right_fingers) { transformation: [-0.5265329013392046f,-0.47730049424721155f,0.7035249405662084f,-8.23123442131252f,-0.6033782966216183f,-0.3731694772627998f,-0.7047546895235269f,-4.914683534987887f,0.5989137959450538f,-0.7955682116768972f,-0.09150675164112282f,1.3101650887990481f,0f,0f,0f,1f], start_interpolation: 0, interpolation_duration: 1 }
$data merge entity $(bone_right_hand) { transformation: [-0.6745867542016638f,0.31898787829964903f,0.7387011875945189f,-7.886143802059194f,-0.604449845755139f,0.4353752363072938f,-0.7399924239997033f,-4.308298623668579f,-0.5311055403799256f,-0.9006637203242153f,-0.09608208922317896f,-0.021747587835269755f,0f,0f,0f,1f], start_interpolation: 0, interpolation_duration: 1 }
$data merge entity $(bone_right_forearm) { transformation: [-3.782625510196138f,1.9653377588117729f,0.3237541403628981f,-5.06157406091423f,0.9252793018396991f,2.349146449618922f,-3.44978175713042f,-0.29391644464931854f,-1.7638671897851155f,-2.982378824366805f,-2.503959681138662f,-4.10954604001963f,0f,0f,0f,1f], start_interpolation: 0, interpolation_duration: 1 }
$data merge entity $(bone_right_bicep) { transformation: [-3.1853688506914857f,0.5223735199002885f,1.5939106595889843f,-4.547718718724431f,0.7791825699702731f,3.4902811840613266f,0.4132938166026542f,3.6765306685442924f,-1.4853618440295713f,0.7106779593419589f,-3.2013492515510746f,-2.0380747704538873f,0f,0f,0f,1f], start_interpolation: 0, interpolation_duration: 1 }
$data merge entity $(bone_right_arm) { transformation: [-1.061789616897162f,0.17412450663342952f,0.531303553196328f,-4.1375f,0.25972752332342436f,1.1634270613537756f,0.13776460553421807f,4.933269999999999f,-0.4951206146765238f,0.2368926531139863f,-1.0671164171836915f,-1.6526256250000004f,0f,0f,0f,1f], start_interpolation: 0, interpolation_duration: 1 }
$data merge entity $(bone_left_thumb) { transformation: [-0.6745867543509654f,-0.4424158329710931f,-0.6720870044798702f,7.9718449581419755f,0.6044498453669859f,0.30026259388340115f,-0.804352384934762f,-4.059437130465436f,0.5311055406320464f,-0.9036650958463024f,0.06177620301569315f,0.40795615557010717f,0f,0f,0f,1f], start_interpolation: 0, interpolation_duration: 1 }
$data merge entity $(bone_left_fingers_2) { transformation: [0.6424635755723476f,0.30379796076545795f,-0.7035249484542417f,7.588049619831807f,-0.5756665193971289f,-0.4146431011827618f,-0.7047546786554428f,-4.325771741217815f,-0.5058148006019487f,0.8577749691360148f,-0.09150677469848717f,1.7216311158486748f,0f,0f,0f,1f], start_interpolation: 0, interpolation_duration: 1 }
$data merge entity $(bone_left_fingers) { transformation: [-0.5265328842394477f,0.47730050148406983f,-0.7035249484542417f,8.231234399925274f,0.6033783140203179f,-0.3731694696558945f,-0.7047546786554428f,-4.914683560105442f,-0.5989137934498475f,-0.7955682109032471f,-0.09150677469848717f,1.3101650827672044f,0f,0f,0f,1f], start_interpolation: 0, interpolation_duration: 1 }
$data merge entity $(bone_left_hand) { transformation: [-0.6745867543509649f,-0.3189878588037309f,-0.7387011958769538f,7.886143809009262f,0.6044498453669854f,0.43537525624189993f,-0.739992412588215f,-4.308298620975124f,0.5311055406320461f,-0.9006637175928156f,-0.09608211343341153f,-0.02174758854751868f,0f,0f,0f,1f], start_interpolation: 0, interpolation_duration: 1 }
$data merge entity $(bone_left_forearm) { transformation: [-3.782625508734165f,-1.9653377618075276f,-0.3237541392584344f,5.061574063227761f,-0.9252793041583652f,2.34914644795772f,-3.4497817576397254f,-0.293916444320097f,1.7638671917040134f,-2.982378823701141f,-2.5039596805797797f,-4.109546039849916f,0f,0f,0f,1f], start_interpolation: 0, interpolation_duration: 1 }
$data merge entity $(bone_left_bicep) { transformation: [-3.1853688494603505f,-0.522373521890147f,-1.593910661397222f,4.547718719378903f,-0.779182571922834f,3.4902811837958123f,0.4132938151637697f,3.6765306687730144f,1.4853618456454853f,0.7106779591833357f,-3.201349250836536f,-2.0380747705030937f,0f,0f,0f,1f], start_interpolation: 0, interpolation_duration: 1 }
$data merge entity $(bone_left_arm) { transformation: [-1.0617896164867835f,-0.17412450729671566f,-0.531303553799074f,4.1375f,-0.259727523974278f,1.1634270612652706f,0.1377646050545899f,4.933269999999999f,0.49512061521516176f,0.2368926530611119f,-1.067116416945512f,-1.6526256249999995f,0f,0f,0f,1f], start_interpolation: 0, interpolation_duration: 1 }
$data merge entity $(bone_waist) { transformation: [-5.023832916666667f,0f,6.252782266792011e-16f,0.000001250000000309162f,0f,5.023832916666667f,0f,0.41452250000000035f,-6.152420900846945e-16f,0f,-5.105784191119791f,-2.5245f,0f,0f,0f,1f], start_interpolation: 0, interpolation_duration: 1 }
$data merge entity $(bone_hip) { transformation: [-4.413161028613021f,0f,5.39257731720873e-16f,1.314196800122255e-16f,0f,4.573987181485678f,0f,-2.83696125f,-5.404563527812777e-16f,0f,-4.403373544897396f,-1.073123125f,0f,0f,0f,1f], start_interpolation: 0, interpolation_duration: 1 }
data modify entity @s data merge value {"locators":{"consume":{"posx":-8.47117915035433,"posy":-3.8863043234794317,"posz":2.0327314640311975,"roty":82.58920291044376,"rotx":-44.80972919546378}},"cameras":{}}