# This file was generated by Animated Java via MC-Build. It is not recommended to edit this file directly.
$data merge entity $(bone_right_thumb) { transformation: [-0.6656579248137898f,0.4440244133892059f,0.6798837014129493f,-7.891040912243511f,-0.5995401323502921f,0.3241890268131626f,-0.7987196658373513f,-4.139970709901242f,-0.5476779681838541f,-0.8945634662830289f,0.04801091498502222f,0.1924254723257275f,0f,0f,0f,1f], start_interpolation: 0, interpolation_duration: 1 }
$data merge entity $(bone_right_fingers_2) { transformation: [0.6339599283940851f,-0.3040172562443633f,0.7111035909740689f,-7.511377016820755f,0.5709906022383731f,-0.4361524585585529f,-0.6955147482611637f,-4.430834931309573f,0.5215980649370038f,0.8469619476688306f,-0.1029121851628576f,1.502092689245002f,0f,0f,0f,1f], start_interpolation: 0, interpolation_duration: 1 }
$data merge entity $(bone_right_fingers) { transformation: [-0.5234812819541814f,-0.4693602351578061f,0.7111035909740689f,-8.146412721578425f,-0.6214609730295144f,-0.3606182107886665f,-0.6955147482611637f,-5.017117967932498f,0.5828838704620466f,-0.8060120816093204f,-0.1029121851628576f,1.0745298952598985f,0f,0f,0f,1f], start_interpolation: 0, interpolation_duration: 1 }
$data merge entity $(bone_right_hand) { transformation: [-0.6656579248137894f,0.3192181190565814f,0.7466587705227724f,-7.800593420426175f,-0.5995401323502917f,0.45796008148648043f,-0.7302904856742218f,-4.378593877843791f,-0.5476779681838537f,-0.8893100450522723f,-0.1080577944210005f,-0.24208605925323123f,0f,0f,0f,1f], start_interpolation: 0, interpolation_duration: 1 }
$data merge entity $(bone_right_forearm) { transformation: [-3.7826255101614494f,1.9568343524888534f,0.37171032645779434f,-4.99574815154098f,0.9252793018947145f,2.432792147996038f,-3.3913132527288083f,-0.24847725978146196f,-1.7638671898306457f,-2.9202648307248347f,-2.5761309856198285f,-4.226873936457954f,0f,0f,0f,1f], start_interpolation: 0, interpolation_duration: 1 }
$data merge entity $(bone_right_bicep) { transformation: [-3.1853688506622744f,0.483245862922212f,1.606206313397838f,-4.532944203727219f,0.7791825700166018f,3.479132626945327f,0.49850846202129057f,3.6811230622423374f,-1.4853618440679126f,0.7887392472123319f,-3.1830159585044653f,-2.0673497696473033f,0f,0f,0f,1f], start_interpolation: 0, interpolation_duration: 1 }
$data merge entity $(bone_right_arm) { transformation: [-1.0617896168874248f,0.16108195430740402f,0.5354021044659459f,-4.1375f,0.2597275233388673f,1.1597108756484424f,0.1661694873404302f,4.933269999999999f,-0.49512061468930424f,0.26291308240411065f,-1.0610053195014884f,-1.6526256250000004f,0f,0f,0f,1f], start_interpolation: 0, interpolation_duration: 1 }
$data merge entity $(bone_left_thumb) { transformation: [-0.6656579249444908f,-0.4440243953914336f,-0.6798837130391255f,7.891040915428468f,0.5995401319903896f,0.3241890482937988f,-0.7987196573888168f,-4.139970716155513f,0.5476779684189811f,-0.8945634674318163f,0.048010890898050926f,0.19242547718454228f,0f,0f,0f,1f], start_interpolation: 0, interpolation_duration: 1 }
$data merge entity $(bone_left_fingers_2) { transformation: [0.6339599285185622f,0.3040172374413061f,-0.7111035989019434f,7.511376996163617f,-0.5709906018956087f,-0.43615247730829043f,-0.6955147367847297f,-4.430834954962635f,-0.521598065160934f,0.846961944762808f,-0.10291220794430611f,1.5020926833280495f,0f,0f,0f,1f], start_interpolation: 0, interpolation_duration: 1 }
$data merge entity $(bone_left_fingers) { transformation: [-0.5234812646300571f,0.46936024246842645f,-0.7111035989019434f,8.146412699410176f,0.621460990220843f,-0.3606182032967796f,-0.6955147367847297f,-5.0171179928786565f,-0.5828838676915372f,-0.8060120807041182f,-0.10291220794430611f,1.0745298888716959f,0f,0f,0f,1f], start_interpolation: 0, interpolation_duration: 1 }
$data merge entity $(bone_left_hand) { transformation: [-0.6656579249444905f,-0.3192180993133714f,-0.7466587788470406f,7.800593426948893f,0.5995401319903891f,0.4579601011737049f,-0.7302904736239663f,-4.378593875372957f,0.5476779684189808f,-0.8893100420009484f,-0.10805781834152142f,-0.24208605988081677f,0f,0f,0f,1f], start_interpolation: 0, interpolation_duration: 1 }
$data merge entity $(bone_left_forearm) { transformation: [-3.7826255087777167f,-1.956834355348997f,-0.371710325482077f,4.995748153648834f,-0.9252793040892938f,2.432792146435995f,-3.391313253249156f,-0.24847725952445376f,1.7638671916468505f,-2.920264830107916f,-2.5761309850756096f,-4.226873936272536f,0f,0f,0f,1f], start_interpolation: 0, interpolation_duration: 1 }
$data merge entity $(bone_left_bicep) { transformation: [-3.1853688494970256f,-0.48324586476317133f,-1.6062063151548418f,4.5329442043305015f,-0.7791825718646687f,3.479132626727396f,0.4985084606536733f,3.681123062446239f,1.4853618455973483f,0.7887392470457072f,-3.183015957832039f,-2.067349769687692f,0f,0f,0f,1f], start_interpolation: 0, interpolation_duration: 1 }
$data merge entity $(bone_left_arm) { transformation: [-1.0617896164990086f,-0.1610819549210571f,-0.535402105051614f,4.1375f,-0.25972752395488957f,1.1597108755757988f,0.16616948688455777f,4.933269999999999f,0.4951206151991161f,0.2629130823485691f,-1.0610053192773463f,-1.6526256249999995f,0f,0f,0f,1f], start_interpolation: 0, interpolation_duration: 1 }
$data merge entity $(bone_waist) { transformation: [-5.023832916666667f,0f,6.247954325390652e-16f,0.000001250000000309162f,0f,5.023832916666667f,0f,0.41452250000000035f,-6.152420900846945e-16f,0f,-5.101841877789352f,-2.5245f,0f,0f,0f,1f], start_interpolation: 0, interpolation_duration: 1 }
$data merge entity $(bone_hip) { transformation: [-4.412253152738581f,0f,5.392000103716407e-16f,1.314196800122255e-16f,0f,4.565454104353009f,0f,-2.83696125f,-5.403451700529119e-16f,0f,-4.402902214312345f,-1.073123125f,0f,0f,0f,1f], start_interpolation: 0, interpolation_duration: 1 }
data modify entity @s data merge value {"locators":{"consume":{"posx":-8.400520189964473,"posy":-4.007090074495105,"posz":1.8178417351109015,"roty":81.76522535625435,"rotx":-44.06825019668153}},"cameras":{}}
execute on vehicle unless entity @s[tag=aj.transforms_only] at @s run function animated_java:beast/animations/roar/zzz/frames/zzz/4