# This file was generated by Animated Java via MC-Build. It is not recommended to edit this file directly.
$data merge entity $(bone_right_thumb) { transformation: [-0.7038600767515447f,0.43502402070716595f,0.6464016504953268f,-8.22527501607736f,-0.6174907400651602f,0.21979725512693876f,-0.8203013791116318f,-3.7538013658548977f,-0.4751696310677816f,-0.9300232620996294f,0.10849218250396514f,1.1117669690277707f,0f,0f,0f,1f], start_interpolation: 0, interpolation_duration: 1 }
$data merge entity $(bone_right_fingers_2) { transformation: [0.6703429302395659f,-0.30111291399004825f,0.6782118908617384f,-7.825888722759777f,0.5880864191096761f,-0.3418113148192533f,-0.7330207287111951f,-3.9386440603822956f,0.45254250577883937f,0.8902224655050865f,-0.05205038302888976f,2.4347555006659047f,0f,0f,0f,1f], start_interpolation: 0, interpolation_duration: 1 }
$data merge entity $(bone_right_fingers) { transformation: [-0.5347211916159861f,-0.5040851895568105f,0.6782118908617384f,-8.49562013420747f,-0.5408434071344655f,-0.412515478787028f,-0.7330207287111951f,-4.533178763358541f,0.6492777958593396f,-0.7587681473484396f,-0.05205038302888976f,2.0772692608937358f,0f,0f,0f,1f], start_interpolation: 0, interpolation_duration: 1 }
$data merge entity $(bone_right_hand) { transformation: [-0.7038600767515443f,0.31616855968955065f,0.7121224854048254f,-8.155836066838244f,-0.6174907400651599f,0.358901880560216f,-0.7696717651467548f,-4.035456766472981f,-0.4751696310677813f,-0.934733588780341f,-0.05465290218033425f,0.6997348055243471f,0f,0f,0f,1f], start_interpolation: 0, interpolation_duration: 1 }
$data merge entity $(bone_right_forearm) { transformation: [-3.782625480091367f,1.985097386362431f,0.16357825045096566f,-5.2782351760279775f,0.9252793495853963f,2.0621418562249043f,-3.628643560620983f,-0.4213942203476648f,-1.7638672292988435f,-3.175308541144049f,-2.2542877070026512f,-3.711786441551559f,0f,0f,0f,1f], start_interpolation: 0, interpolation_duration: 1 }
$data merge entity $(bone_right_bicep) { transformation: [-3.1853688253400994f,0.6497012926879968f,1.5463872984575977f,-4.595832578524324f,0.7791826101771759f,3.512284034037033f,0.12936508124695786f,3.6669249494994975f,-1.4853618773042898f,0.44916488568018637f,-3.248376671342624f,-1.9399332105018594f,0f,0f,0f,1f], start_interpolation: 0, interpolation_duration: 1 }
$data merge entity $(bone_right_arm) { transformation: [-1.0617896084466998f,0.2165670975626656f,0.5154624328191992f,-4.1375f,0.2597275367257253f,1.170761344679011f,0.04312169374898595f,4.933269999999999f,-0.49512062576809657f,0.14972162856006213f,-1.0827922237808747f,-1.6526256250000004f,0f,0f,0f,1f], start_interpolation: 0, interpolation_duration: 1 }
$data merge entity $(bone_left_thumb) { transformation: [-0.7038600767515449f,-0.43502400301566246f,-0.6464016624015902f,8.22527501293402f,0.61749074006516f,0.21979727757794004f,-0.8203013730959543f,-3.7538013742744036f,0.47516963106778143f,-0.9300232650689745f,0.10849215704996218f,1.1117669753128872f,0f,0f,0f,1f], start_interpolation: 0, interpolation_duration: 1 }
$data merge entity $(bone_left_fingers_2) { transformation: [0.6703429302395661f,0.30111289542792374f,-0.6782118991029605f,7.825888696032915f,-0.5880864191096757f,-0.3418113348814521f,-0.7330207193560889f,-3.9386440881276594f,-0.45254250577883925f,0.8902224640805083f,-0.05205040739357625f,2.4347554971314502f,0f,0f,0f,1f], start_interpolation: 0, interpolation_duration: 1 }
$data merge entity $(bone_left_fingers) { transformation: [-0.5347211744668192f,0.5040851966602282f,-0.6782118991029605f,8.495620105870767f,0.5408434256695203f,-0.41251547110955666f,-0.7330207193560889f,-4.533178792840305f,-0.649277794543201f,-0.758768146803277f,-0.05205040739357625f,2.0772692572311335f,0f,0f,0f,1f], start_interpolation: 0, interpolation_duration: 1 }
$data merge entity $(bone_left_hand) { transformation: [-0.7038600767515445f,-0.3161685401993199f,-0.7121224940581086f,8.155836066838244f,0.6174907400651597f,0.35890190162552466f,-0.7696717553238934f,-4.035456766472981f,0.4751696310677811f,-0.9347335872845338f,-0.05465292776325506f,0.6997348055243484f,0f,0f,0f,1f], start_interpolation: 0, interpolation_duration: 1 }
$data merge entity $(bone_left_forearm) { transformation: [-3.782625480091367f,-1.9850973863624302f,-0.16357825045096505f,5.278235176027978f,-0.9252793495853963f,2.0621418562249043f,-3.628643560620983f,-0.4213942203476648f,1.7638672292988427f,-3.175308541144049f,-2.2542877070026512f,-3.7117864415515576f,0f,0f,0f,1f], start_interpolation: 0, interpolation_duration: 1 }
$data merge entity $(bone_left_bicep) { transformation: [-3.1853688253400994f,-0.6497012926879969f,-1.5463872984575968f,4.595832578524324f,-0.7791826101771759f,3.512284034037033f,0.12936508124695786f,3.6669249494994975f,1.485361877304289f,0.4491648856801862f,-3.248376671342624f,-1.9399332105018583f,0f,0f,0f,1f], start_interpolation: 0, interpolation_duration: 1 }
$data merge entity $(bone_left_arm) { transformation: [-1.0617896084466998f,-0.21656709756266565f,-0.5154624328191989f,4.1375f,-0.2597275367257253f,1.170761344679011f,0.04312169374898595f,4.933269999999999f,0.4951206257680963f,0.14972162856006205f,-1.0827922237808747f,-1.6526256249999995f,0f,0f,0f,1f], start_interpolation: 0, interpolation_duration: 1 }
$data merge entity $(bone_waist) { transformation: [-5.023832916666667f,0f,6.180783688315983e-16f,0.000001250000000309162f,0f,5.023832916666667f,0f,0.41452250000000035f,-6.152420900846945e-16f,0f,-5.046992890210699f,-2.5245f,0f,0f,0f,1f], start_interpolation: 0, interpolation_duration: 1 }
$data merge entity $(bone_hip) { transformation: [-4.3989184823577485f,0f,5.384830919796354e-16f,1.314196800122255e-16f,0f,4.441458134860396f,0f,-2.83696125f,-5.387121439129549e-16f,0f,-4.3970481313840715f,-1.073123125f,0f,0f,0f,1f], start_interpolation: 0, interpolation_duration: 1 }
data modify entity @s data merge value {"locators":{"consume":{"posx":-8.68816100718098,"posy":-3.4483019214381927,"posz":2.7278149490458876,"roty":85.61135287231653,"rotx":-47.14023380155609}},"cameras":{}}