# This file was generated by Animated Java via MC-Build. It is not recommended to edit this file directly.
$data merge entity $(bone_right_thumb) { transformation: [-0.7014196674343737f,0.43576702467019723f,0.648550345267303f,-8.204835032916387f,-0.6165864533559174f,0.22662637308268832f,-0.8191224771432891f,-3.781771196003918f,-0.4799287402044444f,-0.9280342597304644f,0.10450271332508564f,1.0532610306830423f,0f,0f,0f,1f], start_interpolation: 0, interpolation_duration: 1 }
$data merge entity $(bone_right_fingers_2) { transformation: [0.6680187308898793f,-0.301454436972711f,0.6803500551993371f,-7.806870962963442f,0.587225193672302f,-0.34802146161030706f,-0.7307856280573345f,-3.973471677806086f,0.4570749906708992f,0.8876971807368159f,-0.05546321497268314f,2.375702111472443f,0f,0f,0f,1f], start_interpolation: 0, interpolation_duration: 1 }
$data merge entity $(bone_right_fingers) { transformation: [-0.5341472851249116f,-0.501807214160922f,0.6803500551993371f,-8.474399469877335f,-0.5462512579421963f,-0.40934328994306846f,-0.7307856280573345f,-4.56771691124362f,0.6452102300725355f,-0.7619892327288091f,-0.05546321497268314f,2.013643575951878f,0f,0f,0f,1f], start_interpolation: 0, interpolation_duration: 1 }
$data merge entity $(bone_right_hand) { transformation: [-0.7014196674343732f,0.3165271588213466f,0.714367557959304f,-8.133998392837904f,-0.6165864533559171f,0.3654225346908224f,-0.7673249094602013f,-4.060738933002268f,-0.4799287402044441f,-0.9320820397736568f,-0.0582363757213173f,0.6396413886609444f,0f,0f,0f,1f], start_interpolation: 0, interpolation_duration: 1 }
$data merge entity $(bone_right_forearm) { transformation: [-3.7826254800913666f,1.9839360344013346f,0.1771081273331716f,-5.260122081719944f,0.925279349585396f,2.0868327152188537f,-3.6145002896559753f,-0.41205338507961287f,-1.7638672292988447f,-3.159865824698291f,-2.275883425685376f,-3.745730135882372f,0f,0f,0f,1f], start_interpolation: 0, interpolation_duration: 1 }
$data merge entity $(bone_right_bicep) { transformation: [-3.185368825340099f,0.6391434821418087f,1.550780789082418f,-4.591840934398504f,0.7791826101771758f,3.5113204427422966f,0.15330756138405985f,3.667399524197032f,-1.4853618773042907f,0.47130070826987674f,-3.2452389335510246f,-1.9482443692823015f,0f,0f,0f,1f], start_interpolation: 0, interpolation_duration: 1 }
$data merge entity $(bone_right_arm) { transformation: [-1.0617896084466998f,0.2130478273806029f,0.5169269296941392f,-4.1375f,0.2597275367257253f,1.1704401475807655f,0.05110252046135329f,4.933269999999999f,-0.4951206257680969f,0.15710023608995893f,-1.081746311183675f,-1.6526256250000004f,0f,0f,0f,1f], start_interpolation: 0, interpolation_duration: 1 }
$data merge entity $(bone_left_thumb) { transformation: [-0.701419667434374f,-0.4357670069198858f,-0.6485503571939021f,8.204835029758563f,0.6165864533559173f,0.226626395501424f,-0.8191224709407041f,-3.781771204452337f,0.47992874020444426f,-0.9280342625906209f,0.10450268792552006f,1.0532610369219304f,0f,0f,0f,1f], start_interpolation: 0, interpolation_duration: 1 }
$data merge entity $(bone_left_fingers_2) { transformation: [0.6680187308898795f,0.30145441835206677f,-0.6803500634499067f,7.8068709361533575f,-0.5872251936723019f,-0.3480214816113329f,-0.7307856185322616f,-3.9734717054544437f,-0.457074990670899f,0.8876971792188311f,-0.05546323926825464f,2.375702107810408f,0f,0f,0f,1f], start_interpolation: 0, interpolation_duration: 1 }
$data merge entity $(bone_left_fingers) { transformation: [-0.5341472679216795f,0.5018072212867343f,-0.6803500634499067f,8.474399441452338f,0.5462512764207347f,-0.4093432822890072f,-0.7307856185322616f,-4.567716940623045f,-0.6452102286701006f,-0.7619892321479014f,-0.05546323926825464f,2.013643572153616f,0f,0f,0f,1f], start_interpolation: 0, interpolation_duration: 1 }
$data merge entity $(bone_left_hand) { transformation: [-0.7014196674343736f,-0.31652713926967f,-0.7143675666224021f,8.133998392837904f,0.616586453355917f,0.3654225556918995f,-0.7673248994588747f,-4.060738933002268f,0.4799287402044439f,-0.9320820381797728f,-0.05823640123166737f,0.6396413886609462f,0f,0f,0f,1f], start_interpolation: 0, interpolation_duration: 1 }
$data merge entity $(bone_left_forearm) { transformation: [-3.7826254800913666f,-1.983936034401334f,-0.17710812733317102f,5.2601220817199446f,-0.925279349585396f,2.0868327152188537f,-3.6145002896559753f,-0.41205338507961287f,1.7638672292988438f,-3.159865824698291f,-2.275883425685376f,-3.7457301358823702f,0f,0f,0f,1f], start_interpolation: 0, interpolation_duration: 1 }
$data merge entity $(bone_left_bicep) { transformation: [-3.185368825340099f,-0.6391434821418088f,-1.550780789082417f,4.591840934398504f,-0.7791826101771758f,3.5113204427422966f,0.15330756138405985f,3.667399524197032f,1.4853618773042898f,0.4713007082698766f,-3.2452389335510246f,-1.9482443692823004f,0f,0f,0f,1f], start_interpolation: 0, interpolation_duration: 1 }
$data merge entity $(bone_left_arm) { transformation: [-1.0617896084466998f,-0.21304782738060296f,-0.516926929694139f,4.1375f,-0.2597275367257253f,1.1704401475807655f,0.05110252046135329f,4.933269999999999f,0.4951206257680966f,0.15710023608995885f,-1.081746311183675f,-1.6526256249999995f,0f,0f,0f,1f], start_interpolation: 0, interpolation_duration: 1 }
$data merge entity $(bone_waist) { transformation: [-5.023832916666667f,0f,6.152420900846945e-16f,0.000001250000000309162f,0f,5.023832916666667f,0f,0.41452250000000035f,-6.152420900846945e-16f,0f,-5.023832916666667f,-2.5245f,0f,0f,0f,1f], start_interpolation: 0, interpolation_duration: 1 }
$data merge entity $(bone_hip) { transformation: [-4.3939320833333335f,0f,5.381014861525028e-16f,1.314196800122255e-16f,0f,4.3939320833333335f,0f,-2.83696125f,-5.381014861525028e-16f,0f,-4.3939320833333335f,-1.073123125f,0f,0f,0f,1f], start_interpolation: 0, interpolation_duration: 1 }
data modify entity @s data merge value {"locators":{"consume":{"posx":-8.670950347306027,"posy":-3.487330566468824,"posz":2.6704331471845473,"roty":85.33946328027002,"rotx":-46.952296516259}},"cameras":{}}