# This file was generated by Animated Java via MC-Build. It is not recommended to edit this file directly.
$data merge entity $(bone_right_thumb) { transformation: [-1.0497314984196562f,0.010460738519552423f,-0.021315585266431753f,-4.473058180141686f,0.010530218569524637f,1.0499419520324924f,-0.0033184121322073863f,-7.45638678470858f,0.021281346820702134f,-0.0035313328682941804f,-1.049778373736891f,-2.7225328848019394f,0f,0f,0f,1f], start_interpolation: 0, interpolation_duration: 1 }
$data merge entity $(bone_right_fingers_2) { transformation: [-0.9956740919659641f,0.09065968048902648f,-0.0203451449092951f,-4.281655145949065f,0.09083094742469305f,0.9958368951235814f,-0.007656193607658361f,-9.535609339720407f,0.019566337871079337f,-0.009471042405824803f,-0.9997637009704152f,-3.048085004484047f,0f,0f,0f,1f], start_interpolation: 0, interpolation_duration: 1 }
$data merge entity $(bone_right_fingers) { transformation: [-0.998984384251317f,0.040202924030929524f,-0.0203451449092951f,-4.694428868375867f,0.04036574067465433f,0.9991556383663301f,-0.007656193607658361f,-8.66416020554666f,0.02002016487952746f,-0.008469664700252327f,-0.9997637009704152f,-3.0465524344321686f,0f,0f,0f,1f], start_interpolation: 0, interpolation_duration: 1 }
$data merge entity $(bone_right_hand) { transformation: [-1.0497314984196555f,0.010364796177604314f,-0.021362402154759857f,-4.78125f,0.01053021856952463f,1.0499164199701865f,-0.00803900328804128f,-7.164014873876768f,0.02128134682070212f,-0.008251186410681727f,-1.049751886018936f,-2.993565178189746f,0f,0f,0f,1f], start_interpolation: 0, interpolation_duration: 1 }
$data merge entity $(bone_right_forearm) { transformation: [-4.2749999999999995f,7.82607256326128e-18f,5.23478009441018e-16f,-4.8375f,0f,4.2745223341577665f,-0.06390473211304759f,-0.7990388624997706f,-5.235365066354934e-16f,-0.06390473211304759f,-4.2745223341577665f,-2.4574019571503234f,0f,0f,0f,1f], start_interpolation: 0, interpolation_duration: 1 }
$data merge entity $(bone_right_bicep) { transformation: [-3.6000000000000005f,1.8973554190862388e-17f,4.404643822993446e-16f,-4.3875f,0f,3.5966646269439733f,-0.15493082743589837f,3.579745721684356f,-4.408728476930472e-16f,-0.15493082743589837f,-3.5966646269439733f,-1.4861983856411218f,0f,0f,0f,1f], start_interpolation: 0, interpolation_duration: 1 }
$data merge entity $(bone_right_arm) { transformation: [-1.2000000000000002f,6.3245180636207956e-18f,1.468214607664482e-16f,-4.1375f,0f,1.1988882089813244f,-0.05164360914529945f,4.933269999999999f,-1.469576158976824e-16f,-0.05164360914529945f,-1.1988882089813244f,-1.5276256250000004f,0f,0f,0f,1f], start_interpolation: 0, interpolation_duration: 1 }
$data merge entity $(bone_left_thumb) { transformation: [-0.9655082313038873f,0.15456152616603533f,0.3826285273129371f,4.798687858554524f,-0.320485867290331f,0.33247207092018133f,-0.9430011298642289f,-3.26382724008509f,-0.25996665969236366f,-0.9839070366082733f,-0.25854260608480534f,5.089025412140635f,0f,0f,0f,1f], start_interpolation: 0, interpolation_duration: 1 }
$data merge entity $(bone_left_fingers_2) { transformation: [-0.11906587017377518f,0.921465619302715f,0.36976266848186023f,4.114192373921221f,0.255673914144115f,0.3883076274827831f,-0.8853519278032439f,-4.346931750102274f,-0.9594030269839625f,-0.010876528938792762f,-0.28182890719770776f,6.395945247499892f,0f,0f,0f,1f], start_interpolation: 0, interpolation_duration: 1 }
$data merge entity $(bone_left_fingers) { transformation: [-0.7005495135900277f,0.6103326535635709f,0.36976266848186023f,4.949091821800752f,-0.06640935473123102f,0.4601540628303326f,-0.8853519278032439f,-3.924360818287246f,-0.71050698561869f,-0.6447885625961343f,-0.28182890719770776f,6.163168943584199f,0f,0f,0f,1f], start_interpolation: 0, interpolation_duration: 1 }
$data merge entity $(bone_left_hand) { transformation: [-0.9655082313038866f,0.1398398015724604f,0.38825080190595324f,5.220150914076424f,-0.32048586729033085f,0.36823409552293f,-0.9296195241934061f,-3.3118306187234525f,-0.2599666596923635f,-0.9733182833947923f,-0.29592035255759314f,4.817020624316002f,0f,0f,0f,1f], start_interpolation: 0, interpolation_duration: 1 }
$data merge entity $(bone_left_forearm) { transformation: [-3.956532706362313f,0.6190563606218557f,1.4960759224915465f,5.971737821880579f,-1.21269839023802f,1.484226926606486f,-3.8212639328696447f,-0.5248120118655972f,-1.0727705056532f,-3.9609928872329343f,-1.1980499945706307f,-0.8813299346216914f,0f,0f,0f,1f], start_interpolation: 0, interpolation_duration: 1 }
$data merge entity $(bone_left_bicep) { transformation: [-3.426105819420145f,-0.5642903956715717f,0.9504605533572884f,4.558369623053248f,-0.8356471660239296f,3.3485358686730025f,-1.0242076694335591f,3.7306695622064554f,-0.7235279732336523f,-1.1953593123254485f,-3.3177738600430926f,-1.3425866085870868f,0f,0f,0f,1f], start_interpolation: 0, interpolation_duration: 1 }
$data merge entity $(bone_left_arm) { transformation: [-1.1420352731400483f,-0.2557880135568264f,0.26519413082605825f,4.02809375f,-0.27854905534130986f,1.1647386493288405f,-0.07612031613237553f,4.987973124999999f,-0.24117599107788407f,-0.13400138387450214f,-1.1678517758890976f,-1.5276256249999995f,0f,0f,0f,1f], start_interpolation: 0, interpolation_duration: 1 }
$data merge entity $(bone_waist) { transformation: [-5.023832916666667f,0f,6.404535573574465e-16f,0.000001250000000293854f,0f,5.023832916666667f,0f,0.41452250000000035f,-6.152420900846945e-16f,0f,-5.229700169904948f,-2.3995f,0f,0f,0f,1f], start_interpolation: 0, interpolation_duration: 1 }
$data merge entity $(bone_hip) { transformation: [-4.402323120508724f,0f,5.366032098269969e-16f,1.1611159502288358e-16f,0f,4.573987181485678f,0f,-2.83696125f,-5.391290918343397e-16f,0f,-4.381697728688803f,-0.948123125f,0f,0f,0f,1f], start_interpolation: 0, interpolation_duration: 1 }
$data merge entity $(bone_right_foot) { transformation: [-2.04f,2.8081259620231885e-19f,2.4982778920596817e-16f,-2.025f,0f,2.0399987113011524f,-0.002293008860986135f,-11.118741635015676f,-2.4982794702606004e-16f,-0.002293008860986135f,-2.0399987113011524f,-1.65656465192074f,0f,0f,0f,1f], start_interpolation: 0, interpolation_duration: 1 }
$data merge entity $(bone_right_knee) { transformation: [-2.85f,3.923035369672378e-18f,3.4900228959162676e-16f,-2.019375f,0f,2.8498199630670307f,-0.032034014806585444f,-7.4248431133441635f,-3.4902433775699566e-16f,-0.032034014806585444f,-2.8498199630670307f,-0.3405465815102555f,0f,0f,0f,1f], start_interpolation: 0, interpolation_duration: 1 }
$data merge entity $(bone_right_thigh) { transformation: [-3.8250000000000006f,5.265126417191876e-18f,4.683978097150781e-16f,-1.6874999999999998f,0f,3.8247583714846995f,-0.04299301987199625f,-3.840026063974709f,-4.684274006738627e-16f,-0.04299301987199625f,-3.8247583714846995f,-2.249801178012085f,0f,0f,0f,1f], start_interpolation: 0, interpolation_duration: 1 }
$data merge entity $(bone_right_leg) { transformation: [-1.7250000000000003f,2.37446877638065e-18f,2.112382279107215e-16f,-1.6701387499999998f,0f,1.7248910302774136f,-0.019389008961880665f,-3.847094375000001f,-2.1125157285291847e-16f,-0.019389008961880665f,-1.7248910302774136f,-2.2026250000000003f,0f,0f,0f,1f], start_interpolation: 0, interpolation_duration: 1 }
$data merge entity $(bone_left_foot) { transformation: [-2.04f,0f,2.4982794702606e-16f,2.025f,0f,2.04f,0f,-11.127265692349466f,-2.4982794702606004e-16f,0f,-2.04f,-1.7167400543800926f,0f,0f,0f,1f], start_interpolation: 0, interpolation_duration: 1 }
$data merge entity $(bone_left_knee) { transformation: [-2.85f,-1.9615486632567023e-18f,3.490188256721277e-16f,2.019375f,0f,2.849954990411343f,0.016017260361292817f,-7.4557284290850605f,-3.4902433775699566e-16f,0.016017260361292817f,-2.849954990411343f,-0.40113052733955246f,0f,0f,0f,1f], start_interpolation: 0, interpolation_duration: 1 }
$data merge entity $(bone_left_thigh) { transformation: [-3.8250000000000006f,-2.6326047848971535e-18f,4.684200028757504e-16f,1.6875000000000002f,0f,3.8249395923941716f,0.021496849432261416f,-3.839231698818717f,-4.684274006738627e-16f,0.021496849432261416f,-3.8249395923941716f,-2.2496753040994037f,0f,0f,0f,1f], start_interpolation: 0, interpolation_duration: 1 }
$data merge entity $(bone_left_leg) { transformation: [-1.7250000000000003f,-1.1872531382869516e-18f,2.1124823659102467e-16f,1.6701387500000002f,0f,1.7249727573542342f,0.009694657587098286f,-3.847094375000001f,-2.1125157285291847e-16f,0.009694657587098286f,-1.7249727573542342f,-2.2026249999999994f,0f,0f,0f,1f], start_interpolation: 0, interpolation_duration: 1 }
data modify entity @s data merge value {"locators":{"consume":{"posx":-3.8744054756954536,"posy":-8.93113169369584,"posz":-2.101286703409328,"roty":358.8341944566406,"rotx":-0.43867186655181717}},"cameras":{}}