# This file was generated by Animated Java via MC-Build. It is not recommended to edit this file directly.
$data merge entity $(bone_right_thumb) { transformation: [-0.6738039937054174f,0.44256874544264985f,0.6727711970825967f,-7.964825554267792f,-0.6040365601994756f,0.302371461712986f,-0.8038727095031517f,-4.066730511149315f,-0.5325673779053843f,-0.9028867064581649f,0.060560575394496004f,0.3890770498277331f,0f,0f,0f,1f], start_interpolation: 0, interpolation_duration: 1 }
$data merge entity $(bone_right_fingers_2) { transformation: [0.6417180892432542f,-0.30382822799296716f,0.7041919495511435f,-7.581403900800742f,0.5752729144756906f,-0.41654170558665005f,-0.7039560223320837f,-4.3352215405985675f,0.5072070265765563f,0.8568438687308313f,-0.0925181971816923f,1.702422126574133f,0f,0f,0f,1f], start_interpolation: 0, interpolation_duration: 1 }
$data merge entity $(bone_right_fingers) { transformation: [-0.5262755622442506f,-0.4766001791563421f,0.7041919495511435f,-8.223875234908672f,-0.6049817696870742f,-0.3720792616750985f,-0.7039560223320837f,-4.9239196976024076f,0.5975207870281949f,-0.7964981432868854f,-0.0925181971816923f,1.2895381804838597f,0f,0f,0f,1f], start_interpolation: 0, interpolation_duration: 1 }
$data merge entity $(bone_right_hand) { transformation: [-0.673803993705417f,0.3190196393926155f,0.7394015470287008f,-7.878704374120506f,-0.6040365601994752f,0.4373687908659824f,-0.7391538234486879f,-4.314698782300622f,-0.532567377905384f,-0.8996860621673729f,-0.09714410704077692f,-0.04105887631927896f,0f,0f,0f,1f], start_interpolation: 0, interpolation_duration: 1 }
$data merge entity $(bone_right_forearm) { transformation: [-3.7826255080553546f,1.9646378212298206f,0.3279748423314058f,-5.055798561923493f,0.9252793052349484f,2.356550992382093f,-3.4447279468206045f,-0.29005346705415347f,-1.7638671925949807f,-2.9769935592299004f,-2.510359909493216f,-4.119905226628268f,0f,0f,0f,1f], start_interpolation: 0, interpolation_duration: 1 }
$data merge entity $(bone_right_bicep) { transformation: [-3.1853688488887206f,0.5189486747823934f,1.5950290183789604f,-4.546425307526836f,0.7791825728294305f,3.4893853969951367f,0.4207898162218323f,3.6769027075997585f,-1.4853618463957736f,0.7175526630002094f,-3.1998153635941327f,-2.0406533399917928f,0f,0f,0f,1f], start_interpolation: 0, interpolation_duration: 1 }
$data merge entity $(bone_right_arm) { transformation: [-1.0617896162962401f,0.17298289159413113f,0.5316763394596534f,-4.1375f,0.25972752427647683f,1.1631284656650456f,0.1402632720739441f,4.933269999999999f,-0.4951206154652579f,0.23918422100006978f,-1.0666051211980443f,-1.6526256250000004f,0f,0f,0f,1f], start_interpolation: 0, interpolation_duration: 1 }
$data merge entity $(bone_left_thumb) { transformation: [-0.6738039937167785f,-0.44256872707799416f,-0.6727712091520304f,7.9648255514726936f,0.604036560169799f,0.3023714836836218f,-0.8038727012613398f,-4.066730519685446f,0.5325673779246695f,-0.9028867081021464f,0.060560550715072596f,0.3890770554792338f,0f,0f,0f,1f], start_interpolation: 0, interpolation_duration: 1 }
$data merge entity $(bone_left_fingers_2) { transformation: [0.6417180892540741f,0.30382820877250005f,-0.7041919578340796f,7.581403873662055f,-0.5752729144474272f,-0.4165417248301516f,-0.7039560109685016f,-4.33522156688662f,-0.5072070265949232f,0.8568438661912778f,-0.09251822060070364f,1.7024221214896205f,0f,0f,0f,1f], start_interpolation: 0, interpolation_duration: 1 }
$data merge entity $(bone_left_fingers) { transformation: [-0.5262755444909951f,0.4766001865216928f,-0.7041919578340796f,8.223875206113487f,0.6049817874549356f,-0.3720792542848173f,-0.7039560109685016f,-4.923919725528394f,-0.5975207846749246f,-0.7964981423320092f,-0.09251822060070364f,1.2895381751571406f,0f,0f,0f,1f], start_interpolation: 0, interpolation_duration: 1 }
$data merge entity $(bone_left_hand) { transformation: [-0.673803993716778f,-0.3190196192111251f,-0.7394015557257836f,7.878704374652447f,0.6040365601697986f,0.4373688110716592f,-0.7391538115169267f,-4.3146987820948794f,0.5325673779246691f,-0.8996860595008418f,-0.09714413163073882f,-0.041058876373500475f,0f,0f,0f,1f], start_interpolation: 0, interpolation_duration: 1 }
$data merge entity $(bone_left_forearm) { transformation: [-3.7826255079433793f,-1.9646378214594524f,-0.32797484224730483f,5.055798562100115f,-0.9252793054125403f,2.3565509922549426f,-3.4447279468598864f,-0.2900534670293258f,1.7638671927419523f,-2.976993559179008f,-2.5103599094503006f,-4.119905226615092f,0f,0f,0f,1f], start_interpolation: 0, interpolation_duration: 1 }
$data merge entity $(bone_left_bicep) { transformation: [-3.1853688487944254f,-0.5189486749345034f,-1.5950290185177836f,4.54642530757685f,-0.7791825729789815f,3.4893853969750372f,0.420789816111582f,3.676902707617187f,1.485361846519539f,0.7175526629879425f,-3.1998153635394306f,-2.040653339995517f,0f,0f,0f,1f], start_interpolation: 0, interpolation_duration: 1 }
$data merge entity $(bone_left_arm) { transformation: [-1.0617896162648086f,-0.17298289164483446f,-0.5316763395059279f,4.1375f,-0.2597275243263272f,1.1631284656583458f,0.140263272037194f,4.933269999999999f,0.49512061550651304f,0.23918422099598086f,-1.0666051211798102f,-1.6526256249999995f,0f,0f,0f,1f], start_interpolation: 0, interpolation_duration: 1 }
$data merge entity $(bone_waist) { transformation: [-5.023832916666667f,0f,6.178953215981847e-16f,0.000001250000000309162f,0f,5.023832916666667f,0f,0.41452250000000035f,-6.152420900846945e-16f,0f,-5.045498196119792f,-2.5245f,0f,0f,0f,1f], start_interpolation: 0, interpolation_duration: 1 }
$data merge entity $(bone_hip) { transformation: [-4.398562189266145f,0f,5.384626867750827e-16f,1.314196800122255e-16f,0f,4.438132293884115f,0f,-2.83696125f,-5.386685105935359e-16f,0f,-4.39688151024427f,-1.073123125f,0f,0f,0f,1f], start_interpolation: 0, interpolation_duration: 1 }
data modify entity @s data merge value {"locators":{"consume":{"posx":-8.465067008392634,"posy":-3.897128721000178,"posz":2.01394570463427,"roty":82.51523081956869,"rotx":-44.7452642700329}},"cameras":{}}