# This file was generated by Animated Java via MC-Build. It is not recommended to edit this file directly.
$data merge entity $(bone_right_thumb) { transformation: [-0.6793447046292442f,0.4414370599176975f,0.6679252161907243f,-8.014243789604787f,-0.6068906380828266f,0.28739664943528836f,-0.8072093404444666f,-4.014133660926278f,-0.5221824639909176f,-0.9083151920036295f,0.06920250194743616f,0.5226456752385835f,0f,0f,0f,1f], start_interpolation: 0, interpolation_duration: 1 }
$data merge entity $(bone_right_fingers_2) { transformation: [0.6469949567897559f,-0.30356823091862206f,0.6994596879488911f,-7.628129456884674f,0.5779910838884059f,-0.40304845668334266f,-0.7095620117443444f,-4.267335523386299f,0.49731663237230217f,0.8633645063020102f,-0.08531058799327673f,1.8382365792703084f,0f,0f,0f,1f], start_interpolation: 0, interpolation_duration: 1 }
$data merge entity $(bone_right_fingers) { transformation: [-0.5280547260535816f,-0.4815748656511434f,0.6994596879488911f,-8.275646901476547f,-0.5935558315988358f,-0.3797541655654786f,-0.7095620117443444f,-4.85747613086029f,0.6073299606206588f,-0.7898559504800544f,-0.08531058799327673f,1.4354173760182078f,0f,0f,0f,1f], start_interpolation: 0, interpolation_duration: 1 }
$data merge entity $(bone_right_hand) { transformation: [-0.6793447046292438f,0.3187466424645532f,0.7344326723463357f,-7.93111211074344f,-0.6068906380828263f,0.4232008795175097f,-0.7450401123315616f,-4.268406542787277f,-0.5221824639909173f,-0.9065327316171107f,-0.08957611739294057f,0.09561351995063117f,0f,0f,0f,1f], start_interpolation: 0, interpolation_duration: 1 }
$data merge entity $(bone_right_forearm) { transformation: [-3.7826255014471712f,1.9694028051882992f,0.2980300433144102f,-5.096699846140047f,0.925279315715424f,2.303840399071483f,-3.4802015176589043f,-0.31689550041785175f,-1.7638672012684877f,-3.0148626845219004f,-2.4647516081274126f,-4.046272799565919f,0f,0f,0f,1f], start_interpolation: 0, interpolation_duration: 1 }
$data merge entity $(bone_right_bicep) { transformation: [-3.1853688433239347f,0.5431689576121486f,1.586944490354869f,-4.555573048794557f,0.779182581655094f,3.4953865744781827f,0.36762371985901804f,3.6743964878805113f,-1.4853618536997795f,0.6687601800677213f,-3.2103675778840883f,-2.022350650534317f,0f,0f,0f,1f], start_interpolation: 0, interpolation_duration: 1 }
$data merge entity $(bone_right_arm) { transformation: [-1.0617896144413115f,0.18105631920404955f,0.5289814967849563f,-4.1375f,0.2597275272183647f,1.1651288581593944f,0.12254123995300602f,4.933269999999999f,-0.4951206178999265f,0.22292006002257378f,-1.070122525961363f,-1.6526256250000004f,0f,0f,0f,1f], start_interpolation: 0, interpolation_duration: 1 }
$data merge entity $(bone_left_thumb) { transformation: [-0.6793447046292443f,-0.4414370416371111f,-0.6679252282725077f,8.014243786310448f,0.6068906380828264f,0.28739667152797077f,-0.8072093325786469f,-4.014133669619572f,0.5221824639909174f,-0.9083151938976471f,0.06920247708756601f,0.5226456810562579f,0f,0f,0f,1f], start_interpolation: 0, interpolation_duration: 1 }
$data merge entity $(bone_left_fingers_2) { transformation: [0.646994956789756f,0.3035682117749623f,-0.6994596962573134f,7.62812942933242f,-0.5779910838884057f,-0.40304847610349476f,-0.7095620007132262f,-4.267335550120271f,-0.497316632372302f,0.8633645039671264f,-0.08531061162288206f,1.8382365744963447f,0f,0f,0f,1f], start_interpolation: 0, interpolation_duration: 1 }
$data merge entity $(bone_left_fingers) { transformation: [-0.5280547083671462f,0.4815748729771049f,-0.6994596962573134f,8.275646872264053f,0.5935558495407168f,-0.3797541581337079f,-0.7095620007132262f,-4.857476159274709f,-0.6073299584635076f,-0.7898559495865328f,-0.08531061162288206f,1.435417371037369f,0f,0f,0f,1f], start_interpolation: 0, interpolation_duration: 1 }
$data merge entity $(bone_left_hand) { transformation: [-0.6793447046292439f,-0.3187466223637103f,-0.7344326810701791f,7.93111211074344f,0.6068906380828261f,0.42320089990866944f,-0.7450401007488875f,-4.268406542787277f,0.5221824639909171f,-0.9065327291654828f,-0.08957614220402617f,0.09561351995063383f,0f,0f,0f,1f], start_interpolation: 0, interpolation_duration: 1 }
$data merge entity $(bone_left_forearm) { transformation: [-3.7826255014471712f,-1.9694028051882988f,-0.29803004331440963f,5.096699846140048f,-0.925279315715424f,2.303840399071483f,-3.4802015176589043f,-0.31689550041785175f,1.7638672012684868f,-3.014862684521901f,-2.464751608127412f,-4.046272799565918f,0f,0f,0f,1f], start_interpolation: 0, interpolation_duration: 1 }
$data merge entity $(bone_left_bicep) { transformation: [-3.1853688433239347f,-0.5431689576121488f,-1.5869444903548682f,4.555573048794557f,-0.779182581655094f,3.4953865744781827f,0.36762371985901804f,3.6743964878805113f,1.4853618536997788f,0.6687601800677211f,-3.2103675778840883f,-2.022350650534316f,0f,0f,0f,1f], start_interpolation: 0, interpolation_duration: 1 }
$data merge entity $(bone_left_arm) { transformation: [-1.0617896144413115f,-0.1810563192040496f,-0.5289814967849561f,4.1375f,-0.2597275272183647f,1.1651288581593944f,0.12254123995300602f,4.933269999999999f,0.4951206178999263f,0.2229200600225737f,-1.070122525961363f,-1.6526256249999995f,0f,0f,0f,1f], start_interpolation: 0, interpolation_duration: 1 }
$data merge entity $(bone_waist) { transformation: [-5.023832916666667f,0f,6.160495953279305e-16f,0.000001250000000309162f,0f,5.023832916666667f,0f,0.41452250000000035f,-6.152420900846945e-16f,0f,-5.030426697369791f,-2.5245f,0f,0f,0f,1f], start_interpolation: 0, interpolation_duration: 1 }
$data merge entity $(bone_hip) { transformation: [-4.395189846392187f,0f,5.382299578823216e-16f,1.314196800122255e-16f,0f,4.406248824204427f,0f,-2.83696125f,-5.382555177029139e-16f,0f,-4.394981134618229f,-1.073123125f,0f,0f,0f,1f], start_interpolation: 0, interpolation_duration: 1 }
data modify entity @s data merge value {"locators":{"consume":{"posx":-8.507988897078823,"posy":-3.819528561080276,"posz":2.146698952991168,"roty":83.04618486300654,"rotx":-45.19929056715487}},"cameras":{}}