# This file was generated by Animated Java via MC-Build. It is not recommended to edit this file directly.
$data merge entity $(bone_right_thumb_2) { transformation: [-0.11610248538884786f,-0.9799883150318343f,0.16168832761705085f,-0.27816581407837326f,-0.3688439316473879f,-0.10860815482518471f,-0.9231242726699184f,0.5289009046928076f,0.9222116714580386f,-0.16681478083951412f,-0.34885306637613983f,-0.6929370580611268f,0f,0f,0f,1f], start_interpolation: 0, interpolation_duration: 1 }
$data merge entity $(bone_right_thumb) { transformation: [-0.11610248538884786f,-0.9799883150318343f,0.16168832761705085f,-0.6107850863819375f,-0.3688439316473879f,-0.10860815482518471f,-0.9231242726699184f,0.4540566384443825f,0.9222116714580386f,-0.16681478083951412f,-0.34885306637613983f,-0.5280434093692036f,0f,0f,0f,1f], start_interpolation: 0, interpolation_duration: 1 }
$data merge entity $(bone_right_fingers_2) { transformation: [0.07341123927260704f,0.9803236572600776f,-0.18323841563571144f,0.11419510553193488f,0.37781297673676983f,-0.19737670270151333f,-0.9045992437759272f,0.2078231204333063f,-0.9229670332995435f,-0.0028220997332034786f,-0.3848686674637659f,-0.8600617141861231f,0f,0f,0f,1f], start_interpolation: 0, interpolation_duration: 1 }
$data merge entity $(bone_right_fingers) { transformation: [0.9623547629452761f,-0.20074111006930193f,-0.18323841563571144f,0.06924668878903484f,-0.24500260687309505f,-0.34881790490943587f,-0.9045992437759272f,0.03500799680071248f,0.11767341612245757f,0.9154392803145034f,-0.3848686674637659f,-0.45441111173720133f,0f,0f,0f,1f], start_interpolation: 0, interpolation_duration: 1 }
$data merge entity $(bone_right_hand) { transformation: [-0.03058025068998743f,-0.9825927596431046f,-0.18323841563571144f,-0.7065526811184628f,-0.386062833351448f,0.18070887323170592f,-0.9045992437759272f,0.1989219962585943f,0.9219654749351461f,0.04307867027051193f,-0.3848686674637659f,-0.44795334406407816f,0f,0f,0f,1f], start_interpolation: 0, interpolation_duration: 1 }
$data merge entity $(bone_right_forearm) { transformation: [-0.8495968311654755f,-1.5790222087844468f,-0.3342194642335724f,-3.004299762640335f,-0.483110334933085f,0.6091714425696207f,-1.6499524597611885f,1.0499611914183782f,1.5400059059587827f,-0.6800202786363372f,-0.7019848943452657f,-1.5469422027905089f,0f,0f,0f,1f], start_interpolation: 0, interpolation_duration: 1 }
$data merge entity $(bone_right_bicep) { transformation: [-0.7116072803300328f,0.4022296813990816f,-1.3571886080668352f,-2.3570024253030866f,-0.47162659147114183f,1.3648701606698497f,0.6517916527648064f,3.1727898303485613f,1.3346602536533831f,0.696760564181239f,-0.493296340350539f,-0.4573022689187044f,0f,0f,0f,1f], start_interpolation: 0, interpolation_duration: 1 }
$data merge entity $(bone_right_shoulder) { transformation: [-0.8856977966831033f,0.18070328938298913f,-0.4574917625746979f,-1.9178296390701184f,-0.08849024811934601f,0.8683702083292926f,0.5143108359161387f,3.391195458072074f,0.4838614136354672f,0.4895839878500403f,-0.7433697800572598f,-0.5483999598912151f,0f,0f,0f,1f], start_interpolation: 0, interpolation_duration: 1 }
$data merge entity $(bone_right_arm) { transformation: [-1.2810146686371089f,-0.00044862019344531396f,-0.3553294932632662f,-1.710766569661334f,-0.2171167867961655f,1.0533375389092432f,0.7814078073081788f,3.4253242907393764f,0.28128197762052914f,0.8110102706937745f,-1.0150865092204426f,-0.5378892225145151f,0f,0f,0f,1f], start_interpolation: 0, interpolation_duration: 1 }
$data merge entity $(bone_left_thumb_2) { transformation: [-0.9864095956669937f,-0.14517868422300972f,0.07693672220307604f,2.454865120287264f,-0.12265270737038296f,0.9622064934576476f,0.24313571790803118f,1.8051266070384142f,-0.10932713730265176f,0.23039490791945472f,-0.966936276832136f,-5.542395653863617f,0f,0f,0f,1f], start_interpolation: 0, interpolation_duration: 1 }
$data merge entity $(bone_left_thumb) { transformation: [-0.9864095956669937f,-0.14517868422300972f,0.07693672220307604f,2.6224316929719977f,-0.12265270737038296f,0.9622064934576476f,0.24313571790803118f,2.11663495057311f,-0.10932713730265176f,0.23039490791945472f,-0.966936276832136f,-5.4070769356317525f,0f,0f,0f,1f], start_interpolation: 0, interpolation_duration: 1 }
$data merge entity $(bone_left_fingers_2) { transformation: [0.9925692513186907f,0.11955577496085415f,0.022642835735900133f,2.45360112257316f,0.08672353489387953f,-0.8255896343463817f,0.5575668427689349f,1.5872267718679225f,0.08535402645548369f,-0.5514600369322489f,-0.8298231846812424f,-6.0297217763009305f,0f,0f,0f,1f], start_interpolation: 0, interpolation_duration: 1 }
$data merge entity $(bone_left_fingers) { transformation: [-0.2480892436218382f,0.9684725237140085f,0.022642835735900133f,2.89216719668879f,0.8072069077906425f,0.1937426743382868f,0.5575668427689349f,1.6395153098320452f,0.5356012838056061f,0.15660378970914882f,-0.8298231846812424f,-5.992795554948163f,0f,0f,0f,1f], start_interpolation: 0, interpolation_duration: 1 }
$data merge entity $(bone_left_hand) { transformation: [-0.9968394949865546f,-0.07614672169429f,0.022642835735900133f,2.798152461771334f,-0.05062927923966107f,0.8285866834123965f,0.5575668427689349f,2.2894169886043207f,-0.061218439367751225f,0.5546582595137818f,-0.8298231846812424f,-5.548314732102174f,0f,0f,0f,1f], start_interpolation: 0, interpolation_duration: 1 }
$data merge entity $(bone_left_forearm) { transformation: [-1.8154940907304187f,-0.1705992666242532f,0.04129961723433752f,2.4662291975946182f,-0.11870766668043689f,1.5094667864891436f,1.0169793862173087f,4.54587132964437f,-0.1292991029656513f,1.0095714300369802f,-1.5135639501715386f,-4.130595920967501f,0f,0f,0f,1f], start_interpolation: 0, interpolation_duration: 1 }
$data merge entity $(bone_left_bicep) { transformation: [-1.5706157994494172f,-0.13476203239913406f,-0.15855523021026033f,2.2532877174876553f,-0.13862490611445508f,-0.2227020368605475f,1.5624728778658623f,4.177784955032721f,-0.1551892451432522f,1.5628107861431353f,0.20898158002572728f,-1.6950510526578795f,0f,0f,0f,1f], start_interpolation: 0, interpolation_duration: 1 }
$data merge entity $(bone_left_shoulder) { transformation: [-1.0013755756103853f,0.0011050700859265065f,-0.1538138942290824f,1.815312018395127f,-0.15269012467302034f,-0.12959410000020755f,0.9931284276161441f,4.061960321457587f,-0.01859196238022373f,1.00479705748578f,0.12825829746886133f,-1.4861623623200588f,0f,0f,0f,1f], start_interpolation: 0, interpolation_duration: 1 }
$data merge entity $(bone_left_arm) { transformation: [-1.2810146686371089f,-0.00044862019344531396f,-0.3553294932632662f,1.6614487604903596f,-0.2171167867961655f,1.0533375389092432f,0.7814078073081788f,3.9636926843093248f,0.28128197762052914f,0.8110102706937745f,-1.0150865092204426f,-1.3038951652898205f,0f,0f,0f,1f], start_interpolation: 0, interpolation_duration: 1 }
$data merge entity $(bone_chest) { transformation: [-2.5367420375801144f,-0.0008883845997101831f,-0.7036447628753217f,1.0840363484542409e-16f,-0.4299476763338893f,2.0858821371304725f,1.547390581718228f,4.251964713247415f,0.5570114336027168f,1.606011154241461f,-2.0101351551731614f,-0.3783010586503106f,0f,0f,0f,1f], start_interpolation: 0, interpolation_duration: 1 }
$data merge entity $(bone_weist) { transformation: [-1.9197788993466693f,-1.1936599183771773e-16f,-0.33850881694961804f,3.5133714854930696e-16f,-0.1692544084748091f,1.6882252311664476f,0.9598894496733346f,0.8387364207745531f,0.29315723488338563f,0.9746972916666665f,-1.6625772964835448f,-2.3620037382557495f,0f,0f,0f,1f], start_interpolation: 0, interpolation_duration: 1 }
$data merge entity $(bone_right_foot) { transformation: [-1.1764955051304857f,-0.03772725538705603f,-0.0050867951880315745f,-0.8262342467869058f,-0.03789983924290038f,1.175570779807243f,0.046774338320446446f,-6.336805169866539f,0.0035809872503877517f,0.046913651967344525f,-1.1761705576428794f,-6.112819386594263f,0f,0f,0f,1f], start_interpolation: 0, interpolation_duration: 1 }
$data merge entity $(bone_right_knee) { transformation: [-2.903119754916362f,-0.05695291458989578f,-0.07470436846730857f,-0.9645026699878838f,-0.0935216254838264f,1.9695876507065073f,2.1328166541654046f,-3.8217149750774553f,0.008836442454194737f,2.134106262639741f,-1.9703910945750376f,-3.5316236539261694f,0f,0f,0f,1f], start_interpolation: 0, interpolation_duration: 1 }
$data merge entity $(bone_right_thigh) { transformation: [-2.4750033442172876f,-0.008240851038604195f,-0.06559921818484428f,-0.9212516122463411f,-0.0065212060154784405f,2.475027331698945f,-0.06488377419945217f,-0.26852148532795694f,0.06579242300148982f,-0.0646878555559026f,-2.4741664376832517f,-3.4840675596736568f,0f,0f,0f,1f], start_interpolation: 0, interpolation_duration: 1 }
$data merge entity $(bone_right_leg) { transformation: [-0.9894599557028932f,0.005042294624937418f,-0.14471893906930006f,-0.9214787499999996f,-0.06799831135358983f,0.8661758557925956f,0.4950915233520212f,-0.4115431249999997f,0.12784844822479746f,0.4997138802423643f,-0.8567034563836142f,-3.5662968750000004f,0f,0f,0f,1f], start_interpolation: 0, interpolation_duration: 1 }
$data merge entity $(bone_left_foot) { transformation: [-1.1730225768289508f,0.09492139573999472f,-0.024471570380792125f,0.8566254204898489f,-0.06001567047215428f,-0.4630949342965016f,1.0805239914056786f,-3.2194765692146605f,0.07750515095081449f,1.078018508809683f,0.4663260030455104f,-6.1513214548398825f,0f,0f,0f,1f], start_interpolation: 0, interpolation_duration: 1 }
$data merge entity $(bone_left_knee) { transformation: [-2.8945499586735144f,0.20706904910782883f,-0.1250265338988485f,1.182388267967696f,-0.14809464021958796f,-0.3300224772827813f,2.8820273819935145f,-3.540240597073077f,0.1912516740198923f,2.878391262827856f,0.3394336809965581f,-2.457609823563839f,0f,0f,0f,1f], start_interpolation: 0, interpolation_duration: 1 }
$data merge entity $(bone_left_thigh) { transformation: [-2.461060148493821f,-0.26623256923326905f,-0.04812366895911006f,0.7524509725572203f,-0.2210403659054721f,2.232595777724319f,-1.0472201167218762f,-0.29397870954928523f,0.15600264444876696f,-1.0366528036454914f,-2.242995065210353f,-3.825906115947431f,0f,0f,0f,1f], start_interpolation: 0, interpolation_duration: 1 }
$data merge entity $(bone_left_leg) { transformation: [-0.9905779749062903f,0.0024174826133766675f,-0.13692856315746108f,0.7048114583333338f,-0.06785344251901326f,0.859830752002879f,0.5060503811365846f,-0.32820979166666664f,0.1189587574282438f,0.5105734361362502f,-0.8515653705636171f,-3.8871302083333337f,0f,0f,0f,1f], start_interpolation: 0, interpolation_duration: 1 }
data modify entity @s data merge value {"locators":{"consume":{"posx":2.6865842931546084,"posy":1.480493523281139,"posz":-5.911877269142138,"rotx":1.5630041630230664,"roty":33.88769516448912}},"cameras":{}}