# This file was generated by Animated Java via MC-Build. It is not recommended to edit this file directly.
$data merge entity $(bone_right_thumb_2) { transformation: [0.1540310897779416f,-0.9442443785242911f,-0.29099308755895764f,-0.12488557356306279f,0.7677594254303505f,0.299759906502602f,-0.5662945021068182f,0.2756633177138384f,0.621948460923152f,-0.13618572641369936f,0.7711248665919778f,0.1643057058519891f,0f,0f,0f,1f], start_interpolation: 0, interpolation_duration: 1 }
$data merge entity $(bone_right_thumb) { transformation: [0.1540310897779416f,-0.9442443785242911f,-0.29099308755895764f,-0.36846928404593277f,0.7677594254303505f,0.299759906502602f,-0.5662945021068182f,0.5590653080140825f,0.621948460923152f,-0.13618572641369936f,0.7711248665919778f,0.22576665083505093f,0f,0f,0f,1f], start_interpolation: 0, interpolation_duration: 1 }
$data merge entity $(bone_right_fingers_2) { transformation: [-0.18824670457896708f,0.780305449162953f,-0.5963946547561952f,0.04474309000605764f,-0.7462935018457488f,-0.5084030513202877f,-0.4296188386360982f,-0.11995665504331182f,-0.6384427831199658f,0.36421112478179923f,0.6780420851740758f,0.4800265305036453f,0f,0f,0f,1f], start_interpolation: 0, interpolation_duration: 1 }
$data merge entity $(bone_right_fingers) { transformation: [0.7982009534212583f,0.08478592887757375f,-0.5963946547561952f,0.11443943167039927f,-0.4066427436637716f,0.8062687718835265f,-0.4296188386360982f,0.21266238711071478f,0.44442875355111167f,0.5854417253235342f,0.6780420851740758f,0.7645345816132061f,0f,0f,0f,1f], start_interpolation: 0, interpolation_duration: 1 }
$data merge entity $(bone_right_hand) { transformation: [0.2221039810785843f,-0.7713515653496029f,-0.5963946547561952f,-0.4989514965406179f,0.7234069661638336f,0.5404720296135668f,-0.4296188386360982f,0.6202093549287611f,0.653721793192396f,-0.33601599342607125f,0.6780420851740758f,0.47054274066993695f,0f,0f,0f,1f], start_interpolation: 0, interpolation_duration: 1 }
$data merge entity $(bone_right_forearm) { transformation: [-0.8893227411924366f,-1.533473391579582f,-0.4294100382488657f,-2.731755262287662f,0.5113174321838373f,0.19081935410749315f,-1.7403939264650496f,0.806885432347765f,1.5081406125346546f,-0.9689560841694126f,0.33684501095931596f,-1.009803590338652f,0f,0f,0f,1f], start_interpolation: 0, interpolation_duration: 1 }
$data merge entity $(bone_right_bicep) { transformation: [-0.8950024715970144f,0.27504838144335775f,-1.278066320495197f,-2.2833915927443047f,0.04410816480930889f,1.554350287253041f,0.30361852742718104f,3.228339424995268f,1.3065831781849544f,0.13593427921346468f,-0.885718254357629f,-0.7901651601874145f,0f,0f,0f,1f], start_interpolation: 0, interpolation_duration: 1 }
$data merge entity $(bone_right_shoulder) { transformation: [-1.0121581152739962f,0.04414664301705894f,0.00004756212838013853f,-1.827643125f,0.043982954964145435f,1.0083101251267015f,0.08825627403441146f,3.4276187993074703f,0.0037984239433808166f,0.08817450960532486f,-1.0092689465639209f,-0.7520389380836099f,0f,0f,0f,1f], start_interpolation: 0, interpolation_duration: 1 }
$data merge entity $(bone_left_thumb_2) { transformation: [-0.2745022645024825f,0.9453181875162492f,-0.22932861359019296f,0.3474347922275289f,-0.9016603842332336f,-0.390945499084217f,-0.3453965285683445f,3.2308571292775263f,-0.34895191666738523f,0.18473378047271552f,0.9733487631020683f,1.773713527589828f,0f,0f,0f,1f], start_interpolation: 0, interpolation_duration: 1 }
$data merge entity $(bone_left_thumb) { transformation: [-0.2745022645024825f,0.9453181875162492f,-0.22932861359019296f,0.7068572603913035f,-0.9016603842332336f,-0.390945499084217f,-0.3453965285683445f,3.3224035949606563f,-0.34895191666738523f,0.18473378047271552f,0.9733487631020683f,1.8654343643119269f,0f,0f,0f,1f], start_interpolation: 0, interpolation_duration: 1 }
$data merge entity $(bone_left_fingers_2) { transformation: [0.9948855908671055f,0.17417971828305107f,0.037863817835031344f,-0.07327528771019298f,-0.17014642924693346f,0.8510639457860498f,-0.5760806770709213f,3.44128470743091f,-0.0749119377565633f,0.49857649446994445f,0.9214724657685261f,2.188967313950129f,0f,0f,0f,1f], start_interpolation: 0, interpolation_duration: 1 }
$data merge entity $(bone_left_fingers) { transformation: [0.6832619125157108f,0.7438340353072894f,0.037863817835031344f,0.2228276631872247f,-0.653081141796197f,0.5716158407817069f,-0.5760806770709213f,3.7188811301265567f,-0.3629457752905405f,0.3499438289999272f,0.9214724657685261f,2.3679429090265445f,0f,0f,0f,1f], start_interpolation: 0, interpolation_duration: 1 }
$data merge entity $(bone_left_hand) { transformation: [-0.5783172540669038f,0.8280610284421488f,0.037863817835031344f,0.8590533257422437f,-0.6994188931623084f,-0.5138801991612574f,-0.5760806770709213f,3.293243321884577f,-0.4202046064532398f,-0.2786008039684375f,0.9214724657685261f,2.12518705897332f,0f,0f,0f,1f], start_interpolation: 0, interpolation_duration: 1 }
$data merge entity $(bone_left_forearm) { transformation: [-0.9191776985861402f,1.596536767858602f,0.069062073401793f,3.1686181402114046f,-1.3525481157065506f,-0.8225444081249292f,-1.050747871716662f,1.978947418557285f,-0.8078084641510342f,-0.4394235990918307f,1.6807285347163001f,1.5103277578259313f,0f,0f,0f,1f], start_interpolation: 0, interpolation_duration: 1 }
$data merge entity $(bone_left_bicep) { transformation: [-0.7984225041364483f,-0.558537584186865f,1.2707613389809282f,2.3754918936520824f,-1.1748597199089423f,1.1096072061901863f,-0.33510485989035743f,3.6476539374419317f,-0.7016841877279771f,-1.2223217365491597f,-0.8848756455642617f,-0.391882774159791f,0f,0f,0f,1f], start_interpolation: 0, interpolation_duration: 1 }
$data merge entity $(bone_left_shoulder) { transformation: [-0.7897337215983963f,-0.1904500624149641f,0.605361380799373f,1.9734764583333333f,-0.5207523954922686f,0.7468172540008057f,-0.44440286945810803f,3.590459991078666f,-0.3626990077547096f,-0.6575756545977602f,-0.6800416655771298f,-0.6816844062365023f,0f,0f,0f,1f], start_interpolation: 0, interpolation_duration: 1 }
$data merge entity $(bone_right_foot) { transformation: [-1.148937405245461f,0.037787783230720344f,0.25319126592933205f,-1.6154131540608903f,0.05040260621126445f,1.1748195335730964f,0.053381042503555604f,-3.719712898957065f,-0.25098468278263886f,0.06294475236397647f,-1.148318571666808f,0.2864131061304047f,0f,0f,0f,1f], start_interpolation: 0, interpolation_duration: 1 }
$data merge entity $(bone_right_knee) { transformation: [-2.8329524531291006f,0.14852936186300014f,0.6238975200370708f,-1.4732129312181308f,0.3614170358095174f,2.7039903518856163f,0.9973678316800598f,-0.32188640571962124f,-0.5297988420811235f,1.0503827369621481f,-2.6557368057387447f,1.487213869621107f,0f,0f,0f,1f], start_interpolation: 0, interpolation_duration: 1 }
$data merge entity $(bone_right_thigh) { transformation: [-2.4147811907581556f,0.36301085535329114f,-0.4087390886560255f,-0.9084999999999996f,0.3080683754958233f,-0.6256112227013012f,-2.375650899645949f,-1.1632356249999998f,-0.45159539381956804f,-2.367878045817587f,0.5650025516359144f,-1.8249600000000001f,0f,0f,0f,1f], start_interpolation: 0, interpolation_duration: 1 }
$data merge entity $(bone_left_foot) { transformation: [-1.0999188257375618f,0.41785712370051387f,-0.03413057042299716f,0.8764138593411939f,-0.14900245906570134f,-0.30004644366959327f,1.1284331144158106f,-3.134384883654647f,0.39187719869499893f,1.058753252977541f,0.33326371739059324f,-2.936490538267029f,0f,0f,0f,1f], start_interpolation: 0, interpolation_duration: 1 }
$data merge entity $(bone_left_knee) { transformation: [-2.8207833657318697f,0.6504904779594388f,-0.23868814429818036f,1.7386904875893392f,-0.3378286947460457f,-0.4175210139392828f,2.854553671672565f,-3.5473128001617162f,0.6049641850147752f,2.7999048250855307f,0.4811236783262642f,0.5410571448864168f,0f,0f,0f,1f], start_interpolation: 0, interpolation_duration: 1 }
$data merge entity $(bone_left_thigh) { transformation: [-2.4044083787036974f,-0.5708939438225232f,-0.15137098884952938f,0.8928750000000003f,-0.2879619023856429f,1.6871513904584314f,-1.7890251120058895f,-1.1632356249999998f,0.5156656030151324f,-1.71977120964389f,-1.704842718635972f,-1.8249599999999997f,0f,0f,0f,1f], start_interpolation: 0, interpolation_duration: 1 }
data modify entity @s data merge value {"locators":{"consume":{"posx":0.03746382815685345,"posy":3.7024252474541286,"posz":2.1525043879363555,"rotx":178.98272272221539,"roty":-30.128530541833584}},"cameras":{}}