# This file was generated by Animated Java via MC-Build. It is not recommended to edit this file directly.
$data merge entity $(bone_right_thumb_2) { transformation: [0.15399261950708262f,-0.9442395455628023f,-0.2910291286670456f,-0.12486601798318678f,0.7677794272398657f,0.2997485347965473f,-0.5662734030435712f,0.27571527801541673f,0.6219332956552258f,-0.1362442530262322f,0.7711267595361694f,0.16446352872436823f,0f,0f,0f,1f], start_interpolation: 0, interpolation_duration: 1 }
$data merge entity $(bone_right_thumb) { transformation: [0.15399261950708262f,-0.9442395455628023f,-0.2910291286670456f,-0.36845512302170186f,0.7677794272398657f,0.2997485347965473f,-0.5662734030435712f,0.5591172574580792f,0.6219332956552258f,-0.1362442530262322f,0.7711267595361694f,0.22590313998183992f,0f,0f,0f,1f], start_interpolation: 0, interpolation_duration: 1 }
$data merge entity $(bone_right_fingers_2) { transformation: [-0.1882075351391025f,0.7802902749842661f,-0.5964268693493293f,0.04474914616459409f,-0.7463142655015326f,-0.5083860386130036f,-0.4296029013545941f,-0.1198938386652254f,-0.6384300594628756f,0.36426737777126833f,0.6780238466793573f,0.4802052085159649f,0f,0f,0f,1f], start_interpolation: 0, interpolation_duration: 1 }
$data merge entity $(bone_right_fingers) { transformation: [0.7981807964219367f,0.08474907516546115f,-0.5964268693493293f,0.11442803246394262f,-0.4066231663016307f,0.8062871372994554f,-0.4296029013545941f,0.2127343473811309f,0.4444828645179466f,0.5854217680305778f,0.6780238466793573f,0.7647068447900087f,0f,0f,0f,1f], start_interpolation: 0, interpolation_duration: 1 }
$data merge entity $(bone_right_hand) { transformation: [0.22206418703096914f,-0.7713381141603423f,-0.5964268693493293f,-0.4989506253679479f,0.7234284521410871f,0.5404559387965551f,-0.4296029013545941f,0.6202677090082606f,0.6537115353663461f,-0.33607274787328634f,0.6780238466793573f,0.4706705449770283f,0f,0f,0f,1f], start_interpolation: 0, interpolation_duration: 1 }
$data merge entity $(bone_right_forearm) { transformation: [-0.8893973002071814f,-1.5334378596804759f,-0.42938250373792197f,-2.7316976083198834f,0.5113249523536392f,0.19076437110433622f,-1.7403977446121974f,0.8068624057086722f,1.5080940942521563f,-0.9690231405127728f,0.33686038304620763f,-1.0097716873399336f,0f,0f,0f,1f], start_interpolation: 0, interpolation_duration: 1 }
$data merge entity $(bone_right_bicep) { transformation: [-0.8950354486956298f,0.2750146036401104f,-1.2780504955776955f,-2.283386753232798f,0.04411762212536573f,1.5543584799324042f,0.30357520841421815f,3.2283297132007265f,1.3065602691340812f,0.1359089383756842f,-0.8857559367418195f,-0.7901722460098476f,0f,0f,0f,1f], start_interpolation: 0, interpolation_duration: 1 }
$data merge entity $(bone_right_shoulder) { transformation: [-1.0121590693887532f,0.04412473151069296f,0.000070640233148024f,-1.827643125f,0.04396321323852186f,1.0083128101662018f,0.08823543167753606f,3.4276187993074703f,0.0037726386889729785f,0.08815477066322694f,-1.00927076757106f,-0.7520389380836099f,0f,0f,0f,1f], start_interpolation: 0, interpolation_duration: 1 }
$data merge entity $(bone_left_thumb_2) { transformation: [-0.4311692825236711f,0.8804692526460594f,-0.19714701355311554f,0.5593059629846966f,-0.901804959973059f,-0.42755577724884913f,0.06280025086830415f,4.366116462139637f,-0.02899765466399093f,0.20486569377526884f,0.9783604568552255f,1.717704340968487f,0f,0f,0f,1f], start_interpolation: 0, interpolation_duration: 1 }
$data merge entity $(bone_left_thumb) { transformation: [-0.4311692825236711f,0.8804692526460594f,-0.19714701355311554f,0.9316871557134604f,-0.901804959973059f,-0.42755577724884913f,0.06280025086830415f,4.429238808422325f,-0.02899765466399093f,0.20486569377526884f,0.9783604568552255f,1.7455427421191423f,0f,0f,0f,1f], start_interpolation: 0, interpolation_duration: 1 }
$data merge entity $(bone_left_fingers_2) { transformation: [0.9409408187266373f,0.33761661784890884f,0.02540462568725238f,0.21307202157420485f,-0.32575031619996103f,0.923210909683974f,-0.20388317178255452f,4.76479550629192f,-0.09228817448444313f,0.1835664337310964f,0.9786655492340456f,2.056529869037769f,0f,0f,0f,1f], start_interpolation: 0, interpolation_duration: 1 }
$data merge entity $(bone_left_fingers) { transformation: [0.5409705668143543f,0.8406577489289245f,0.02540462568725238f,0.5583972112180368f,-0.8204502941138221f,0.5341282310011597f,-0.20388317178255452f,5.036851107351492f,-0.18496529601279016f,0.08945156238615924f,0.9786655492340456f,2.112869035880933f,0f,0f,0f,1f], start_interpolation: 0, interpolation_duration: 1 }
$data merge entity $(bone_left_hand) { transformation: [-0.7036433430005649f,0.7100990429825125f,0.02540462568725238f,1.0970699970575688f,-0.6990452041298644f,-0.6853958380723665f,-0.20388317178255452f,4.472149246899695f,-0.12736502044920214f,-0.1612200183240231f,0.9786655492340456f,1.9724496535698472f,0f,0f,0f,1f], start_interpolation: 0, interpolation_duration: 1 }
$data merge entity $(bone_left_forearm) { transformation: [-1.1656498126833854f,1.4021205216685797f,0.046337010483260145f,3.1084940349849113f,-1.3791347084864234f,-1.1342509647221617f,-0.37187466505318656f,2.7257041368805286f,-0.2570535579850287f,-0.2726927820390245f,1.7850464074036176f,1.6321722795298983f,0f,0f,0f,1f], start_interpolation: 0, interpolation_duration: 1 }
$data merge entity $(bone_left_bicep) { transformation: [-1.0125148203882717f,-0.5980745172177987f,1.0617227351019238f,2.3313368977543414f,-1.1979535504233396f,0.7414561848284383f,-0.7247651846572641f,3.744212535227451f,-0.22328364339048057f,-1.265971624373098f,-0.9260641536955844f,-0.34176297402392336f,0f,0f,0f,1f], start_interpolation: 0, interpolation_duration: 1 }
$data merge entity $(bone_left_shoulder) { transformation: [-0.7392183576428496f,-0.13793493714730465f,0.6789279427927662f,1.9615716964285714f,-0.5576817114354475f,0.7075388739329379f,-0.46345747299076f,3.6625419545039475f,-0.4110478161006075f,-0.7118817834828476f,-0.5921798695422209f,-0.6665339022521922f,0f,0f,0f,1f], start_interpolation: 0, interpolation_duration: 1 }
$data merge entity $(bone_right_foot) { transformation: [-1.1489352871758294f,0.03778008761277502f,0.2532020255423092f,-1.615418105255732f,0.050397224260071406f,1.1748193727901384f,0.0533896617373389f,-3.7197302030755806f,-0.2509954592131843f,0.06295237226283416f,-1.148315798531661f,0.28639049616727985f,0f,0f,0f,1f], start_interpolation: 0, interpolation_duration: 1 }
$data merge entity $(bone_right_knee) { transformation: [-2.8329495207700535f,0.14850291097154367f,0.6239171313048937f,-1.473249971095962f,0.36140321544894216f,2.703984761092817f,0.997387996807163f,-0.32191026777562803f,-0.529823949218904f,1.05040086907086f,-2.655724625337365f,1.487213615544318f,0f,0f,0f,1f], start_interpolation: 0, interpolation_duration: 1 }
$data merge entity $(bone_right_thigh) { transformation: [-2.4147786912437486f,0.3630374808026763f,-0.40873020782251723f,-0.9084999999999996f,0.3080565951545296f,-0.6255944092582288f,-2.3756568548983887f,-1.1632356249999998f,-0.45161679490026707f,-2.3678784059947744f,0.5649839359899678f,-1.8249600000000001f,0f,0f,0f,1f], start_interpolation: 0, interpolation_duration: 1 }
$data merge entity $(bone_left_foot) { transformation: [-1.0999281697363503f,0.41782914822076334f,-0.03417190650397636f,0.876455026899678f,-0.14903594132562062f,-0.30004673822069405f,1.1284286144691966f,-3.134386405040731f,0.39183823765706083f,1.0587642101321693f,0.33327471810741216f,-2.9364884491972996f,0f,0f,0f,1f], start_interpolation: 0, interpolation_duration: 1 }
$data merge entity $(bone_left_knee) { transformation: [-2.820792581896142f,0.6504371051981861f,-0.23872467537966682f,1.7386643771850694f,-0.3378543237796528f,-0.41751148720319536f,2.854552031841563f,-3.547301980948016f,0.6049068972636344f,2.7999186450268168f,0.481115282866906f,0.5410773805050455f,0f,0f,0f,1f], start_interpolation: 0, interpolation_duration: 1 }
$data merge entity $(bone_left_thigh) { transformation: [-2.404416234472724f,-0.570874537419364f,-0.15131938695784108f,0.8928750000000003f,-0.2879837483252821f,1.687143936804962f,-1.7890286247407663f,-1.1632356249999998f,0.5156167714917643f,-1.7197849638741303f,-1.7048436133346447f,-1.8249599999999997f,0f,0f,0f,1f], start_interpolation: 0, interpolation_duration: 1 }
data modify entity @s data merge value {"locators":{"consume":{"posx":0.3573630783740447,"posy":4.9729636506120025,"posz":1.9408117834787282,"rotx":178.51302518730682,"roty":-11.76412880113995}},"cameras":{}}