# This file was generated by Animated Java via MC-Build. It is not recommended to edit this file directly.
$data merge entity $(bone_right_thumb_2) { transformation: [0.15402569348010786f,-0.9442437008008198f,-0.29099814302834226f,-0.12488282991157287f,0.7677622312215852f,0.2997583114516388f,-0.5662915424278518f,0.27567060610019695f,0.6219463337440176f,-0.13619393603840785f,0.7711251323415291f,0.16432784402262754f,0f,0f,0f,1f], start_interpolation: 0, interpolation_duration: 1 }
$data merge entity $(bone_right_thumb) { transformation: [0.15402569348010786f,-0.9442437008008198f,-0.29099814302834226f,-0.3684672971654984f,0.7677622312215852f,0.2997583114516388f,-0.5662915424278518f,0.5590725949205158f,0.6219463337440176f,-0.13619393603840785f,0.7711251323415291f,0.22578579649635028f,0f,0f,0f,1f], start_interpolation: 0, interpolation_duration: 1 }
$data merge entity $(bone_right_fingers_2) { transformation: [-0.18824121021705298f,0.7803033208738855f,-0.5963991735483918f,0.04474394016976349f,-0.7462964145003325f,-0.508400664969775f,-0.42961660298717264f,-0.11994784385760526f,-0.6384409984328752f,0.3642190155544815f,0.6780395270399486f,0.48005159414620474f,0f,0f,0f,1f], start_interpolation: 0, interpolation_duration: 1 }
$data merge entity $(bone_right_fingers) { transformation: [0.7981981261818596f,0.08478075931815537f,-0.5963991735483918f,0.11443783333887281f,-0.4066399975511063f,0.8062713481387007f,-0.42961660298717264f,0.21267248097201663f,0.44443634386872954f,0.5854389259521771f,0.6780395270399486f,0.7645587454731703f,0f,0f,0f,1f], start_interpolation: 0, interpolation_duration: 1 }
$data merge entity $(bone_right_hand) { transformation: [0.22209839911142004f,-0.7713496787468959f,-0.5963991735483918f,-0.4989513738586995f,0.723409980137363f,0.5404697725825396f,-0.42961660298717264f,0.6202175402661041f,0.6537203543946022f,-0.3360239545354439f,0.6780395270399486f,0.4705606681512582f,0f,0f,0f,1f], start_interpolation: 0, interpolation_duration: 1 }
$data merge entity $(bone_right_forearm) { transformation: [-0.8893331997798419f,-1.5334684077337968f,-0.4294061758815627f,-2.731747174984468f,0.5113184872678939f,0.19081164152255486f,-1.7403944620892835f,0.8068822022239233f,1.5081340875336406f,-0.9689654903944449f,0.33684716723943475f,-1.0097991152786412f,0f,0f,0f,1f], start_interpolation: 0, interpolation_duration: 1 }
$data merge entity $(bone_right_bicep) { transformation: [-0.8950070973359594f,0.2750436433077073f,-1.278064100848541f,-2.283390913915523f,0.0441094914760938f,1.5543514365360434f,0.3036124509692671f,3.228338062695293f,1.3065799647796101f,0.1359307246279068f,-0.8857235401761382f,-0.790166154129013f,0f,0f,0f,1f], start_interpolation: 0, interpolation_duration: 1 }
$data merge entity $(bone_right_shoulder) { transformation: [-1.0121582491718926f,0.04414356940215233f,0.00005079927377676794f,-1.827643125f,0.04398018576476145f,1.0083105018154004f,0.08825335039369556f,3.4276187993074703f,0.0037948070077318294f,0.08817174080198652f,-1.009269202061849f,-0.7520389380836099f,0f,0f,0f,1f], start_interpolation: 0, interpolation_duration: 1 }
$data merge entity $(bone_left_thumb_2) { transformation: [-0.6441109694510584f,0.7017256423419134f,0.3044703301023708f,1.4599716291104086f,-0.732086905331043f,-0.45013128082128295f,-0.5113028389017679f,2.9317885049432055f,-0.22174269339852803f,-0.5522345089778617f,0.8036586495635731f,3.186090268563735f,0f,0f,0f,1f], start_interpolation: 0, interpolation_duration: 1 }
$data merge entity $(bone_left_thumb) { transformation: [-0.6441109694510584f,0.7017256423419134f,0.3044703301023708f,1.8028607368612726f,-0.732086905331043f,-0.45013128082128295f,-0.5113028389017679f,2.9751767245473313f,-0.22174269339852803f,-0.5522345089778617f,0.8036586495635731f,3.031262357441891f,0f,0f,0f,1f], start_interpolation: 0, interpolation_duration: 1 }
$data merge entity $(bone_left_fingers_2) { transformation: [0.8512714406418227f,0.2745534656160042f,0.44716588517667255f,1.3884451957199981f,0.14132449749048842f,0.7007365669382597f,-0.6992822392744166f,2.987558610364861f,-0.5053358494671205f,0.6584744932598552f,0.5577158962854837f,3.7693671933772346f,0f,0f,0f,1f], start_interpolation: 0, interpolation_duration: 1 }
$data merge entity $(bone_left_fingers) { transformation: [0.24898656124336782f,0.8590974120868746f,0.44716588517667255f,1.7591267321376012f,-0.5015674846780773f,0.5093470409740924f,-0.6992822392744166f,3.2295824162262163f,-0.8285141825182649f,-0.05017198816641061f,0.5577158962854837f,3.7907567783775384f,0f,0f,0f,1f], start_interpolation: 0, interpolation_duration: 1 }
$data merge entity $(bone_left_hand) { transformation: [-0.7905318662260207f,0.4184519561614783f,0.44716588517667255f,2.0602092734460986f,-0.6006839568854868f,-0.3875346871903878f,-0.6992822392744166f,2.9084127617574245f,-0.11932372949920397f,-0.8214102669244402f,0.5577158962854837f,3.1312315546763654f,0f,0f,0f,1f], start_interpolation: 0, interpolation_duration: 1 }
$data merge entity $(bone_left_forearm) { transformation: [-1.3578723590310948f,0.9043160207770428f,0.8156125016077248f,3.3618588324157948f,-1.1611274875601167f,-0.5931330574024327f,-1.275462541779365f,1.931171941045158f,-0.3671432633797955f,-1.468752624649884f,1.0172512538072473f,0.9952552725250573f,0f,0f,0f,1f], start_interpolation: 0, interpolation_duration: 1 }
$data merge entity $(bone_left_bicep) { transformation: [-1.1969844746511915f,-0.6884929729132355f,0.7767497341979669f,2.3751414608002803f,-0.9980788766770947f,1.0889667787742348f,-0.5728214962277175f,3.52845344907119f,-0.28495838162529213f,-0.9220972491330119f,-1.2564513280530738f,-0.4808633757048758f,0f,0f,0f,1f], start_interpolation: 0, interpolation_duration: 1 }
$data merge entity $(bone_left_shoulder) { transformation: [-0.87348004122436f,-0.21628111871356803f,0.46547617977458133f,1.9334123557692309f,-0.4159010486105556f,0.8366673588302381f,-0.39169762202432873f,3.5360448709366135f,-0.3007854950195756f,-0.5287940875453139f,-0.8101344812003672f,-0.712575075392186f,0f,0f,0f,1f], start_interpolation: 0, interpolation_duration: 1 }
$data merge entity $(bone_right_foot) { transformation: [-1.148937108148244f,0.037786703763735795f,0.25319277520337014f,-1.6154138486056575f,0.050401851276123344f,1.174819511025447f,0.053382251530183535f,-3.7197153262312495f,-0.2509861944100754f,0.06294582122082394f,-1.148318182684114f,0.2864099346102613f,0f,0f,0f,1f], start_interpolation: 0, interpolation_duration: 1 }
$data merge entity $(bone_right_knee) { transformation: [-2.8329520418199783f,0.1485256515740842f,0.6239002709620619f,-1.473218126868718f,0.36141509720646015f,2.7039895676746606f,0.9973706602622076f,-0.32188975286364163f,-0.5298023638992994f,1.0503852803924478f,-2.6557350971954294f,1.4872138340090986f,0f,0f,0f,1f], start_interpolation: 0, interpolation_duration: 1 }
$data merge entity $(bone_right_thigh) { transformation: [-2.4147808401622495f,0.36301459015263904f,-0.4087378429515339f,-0.9084999999999996f,0.30806672304938215f,-0.6256088642705072f,-2.375651735005542f,-1.1632356249999998f,-0.45159839578321864f,-2.3678780963600174f,0.564999940392515f,-1.8249600000000001f,0f,0f,0f,1f], start_interpolation: 0, interpolation_duration: 1 }
$data merge entity $(bone_left_foot) { transformation: [-1.0999201365744404f,0.4178531995439879f,-0.034136368662741494f,0.8764196339857403f,-0.14900715566806377f,-0.3000464849614605f,1.1284324832698442f,-3.1343850970958886f,0.3918717335995795f,1.0587547900102678f,0.33326526058462175f,-2.9364902452619903f,0f,0f,0f,1f], start_interpolation: 0, interpolation_duration: 1 }
$data merge entity $(bone_left_knee) { transformation: [-2.820784658580152f,0.6504829913088894f,-0.2386932685911329f,1.7386868250873682f,-0.3378322897661193f,-0.4175196775508595f,2.854553441675813f,-3.547311282494685f,0.6049561491912124f,2.7999067636994073f,0.48112250070026213f,0.5410599834222005f,0f,0f,0f,1f], start_interpolation: 0, interpolation_duration: 1 }
$data merge entity $(bone_left_thigh) { transformation: [-2.404409480715032f,-0.5708912216873258f,-0.15136375057154045f,0.8928750000000003f,-0.2879649667458811f,1.6871503448943053f,-1.7890256047885762f,-1.1632356249999998f,0.5156587533570768f,-1.7197731390106197f,-1.7048428441832537f,-1.8249599999999997f,0f,0f,0f,1f], start_interpolation: 0, interpolation_duration: 1 }
data modify entity @s data merge value {"locators":{"consume":{"posx":1.4931109975909007,"posy":3.244437151752696,"posz":3.7349446505988055,"rotx":141.2780317069488,"roty":-44.36944628625851}},"cameras":{}}