execute if entity @s[tag=aj.armor.bone.right_thumb_2] run data modify entity @s {} merge value {transformation:[-0.21581097385827905f,-0.9598376565991246f,0.17926878293959142f,-0.4738496867164754f,-0.328965411019409f,-0.10139018221926382f,-0.9388832671330213f,0.7341987758599333f,0.9193516095135599f,-0.26159454108189206f,-0.29387227525062953f,-0.5428391601887337f,0f,0f,0f,1f],start_interpolation:0}
execute if entity @s[tag=aj.armor.bone.right_thumb] run data modify entity @s {} merge value {transformation:[-0.21581097385827905f,-0.9598376565991246f,0.17926878293959142f,-0.8227986346161167f,-0.328965411019409f,-0.10139018221926382f,-0.9388832671330213f,0.6709377851873681f,0.9193516095135599f,-0.26159454108189206f,-0.29387227525062953f,-0.4099488343714934f,0f,0f,0f,1f],start_interpolation:0}
execute if entity @s[tag=aj.armor.bone.right_fingers_2] run data modify entity @s {} merge value {transformation:[0.1735885012949303f,0.9717626246673203f,-0.1598262604138017f,-0.0725199848594115f,0.3385033716326106f,-0.21127716289149873f,-0.9169391625587131f,0.40096896953738526f,-0.9248148461240957f,0.10506836698169209f,-0.36562021094062314f,-0.6562457387143776f,0f,0f,0f,1f],start_interpolation:0}
execute if entity @s[tag=aj.armor.bone.right_fingers] run data modify entity @s {} merge value {transformation:[0.940791214614329f,-0.29894390274202776f,-0.1598262604138017f,-0.16155361548127067f,-0.25365321362726745f,-0.30803022478757824f,-0.9169391625587131f,0.24561785416702192f,0.22488205291008712f,0.9031887530470468f,-0.36562021094062314f,-0.2508115492797792f,0f,0f,0f,1f],start_interpolation:0}
execute if entity @s[tag=aj.armor.bone.right_hand] run data modify entity @s {} merge value {transformation:[-0.1310355931532401f,-0.9784095460537566f,-0.1598262604138017f,-0.9308649325269429f,-0.34739697183863594f,0.1963107641558969f,-0.9169391625587131f,0.420698473039157f,0.9285176451119952f,-0.06462850816326832f,-0.36562021094062314f,-0.3300645535841724f,0f,0f,0f,1f],start_interpolation:0}
execute if entity @s[tag=aj.armor.bone.right_forearm] run data modify entity @s {} merge value {transformation:[-1.0101680132758586f,-1.490438591680263f,-0.2915166393500826f,-3.0892551560972623f,-0.40729756848540616f,0.6031706984303007f,-1.672459972882606f,1.2585442098984827f,1.463044031221784f,-0.8611657648901081f,-0.6668764876055044f,-1.690598286340562f,0f,0f,0f,1f],start_interpolation:0}
execute if entity @s[tag=aj.armor.bone.right_bicep] run data modify entity @s {} merge value {transformation:[-0.8550657520908054f,0.4215889257832048f,-1.2654089825593366f,-2.4125034256408755f,-0.40515734719978364f,1.3499885947556411f,0.7235418950712048f,3.357026523571988f,1.2707653754705968f,0.7140925203152316f,-0.6207751515793954f,-0.572077149661421f,0f,0f,0f,1f],start_interpolation:0}
execute if entity @s[tag=aj.armor.bone.right_shoulder] run data modify entity @s {} merge value {transformation:[-0.9348616300079946f,0.1888287378799991f,-0.3417461326134972f,-1.9522391589113397f,-0.017989775114547975f,0.8649857021151611f,0.5271518583809697f,3.5433587788249414f,0.3900295878481061f,0.4925001741662924f,-0.7948166315044297f,-0.6201358545308197f,0f,0f,0f,1f],start_interpolation:0}
execute if entity @s[tag=aj.armor.bone.right_arm] run data modify entity @s {} merge value {transformation:[-1.316035641600025f,-0.00016803392453651082f,-0.18790421259051132f,-1.7452790645627112f,-0.11461336475672312f,1.0541669219911756f,0.8017815840395952f,3.561201446474467f,0.1489019743448764f,0.8099320364391696f,-1.0435976857448215f,-0.5885205719798563f,0f,0f,0f,1f],start_interpolation:0}
execute if entity @s[tag=aj.armor.bone.left_thumb_2] run data modify entity @s {} merge value {transformation:[-0.9763190124975792f,-0.09769076996816586f,0.19302253572777234f,2.784152243831383f,-0.05143003148019433f,0.9714665030693911f,0.2315335510807791f,1.5923841860144907f,-0.21013361867559047f,0.21612345286237744f,-0.9534854563259714f,-5.145206505181677f,0f,0f,0f,1f],start_interpolation:0}
execute if entity @s[tag=aj.armor.bone.left_thumb] run data modify entity @s {} merge value {transformation:[-0.9763190124975792f,-0.09769076996816586f,0.19302253572777234f,2.959174801490594f,-0.05143003148019433f,0.9714665030693911f,0.2315335510807791f,1.8916740381316652f,-0.21013361867559047f,0.21612345286237744f,-0.9534854563259714f,-4.992825900749678f,0f,0f,0f,1f],start_interpolation:0}
execute if entity @s[tag=aj.armor.bone.left_fingers_2] run data modify entity @s {} merge value {transformation:[0.9822736492332643f,0.11508024708353704f,0.147969641322665f,2.816968223359574f,0.015016001023326231f,-0.8351406235365593f,0.5498314820308445f,1.372440468991986f,0.1868502013251084f,-0.5378630640322489f,-0.822064673012171f,-5.630506987663681f,0f,0f,0f,1f],start_interpolation:0}
execute if entity @s[tag=aj.armor.bone.left_fingers] run data modify entity @s {} merge value {transformation:[-0.2423081587691134f,0.958849175543664f,0.147969641322665f,3.252081157048467f,0.8260358982938946f,0.123895262611467f,0.5498314820308445f,1.39300372654612f,0.5088727256630297f,0.2554568896343797f,-0.822064673012171f,-5.5487040184851555f,0f,0f,0f,1f],start_interpolation:0}
execute if entity @s[tag=aj.armor.bone.left_hand] run data modify entity @s {} merge value {transformation:[-0.9863584722488499f,-0.0721245413833399f,0.147969641322665f,3.1605264478605744f,0.021426613244944534f,0.8350007434802782f,0.5498314820308445f,2.0504744543921944f,-0.16321110399653208f,0.5455014288868784f,-0.822064673012171f,-5.114971218732194f,0f,0f,0f,1f],start_interpolation:0}
execute if entity @s[tag=aj.armor.bone.left_forearm] run data modify entity @s {} merge value {transformation:[-1.7965080764610217f,-0.16293045266503683f,0.2698906453328708f,2.8500419876520473f,0.012495176514071733f,1.523457709048462f,1.0028704008685283f,4.332908980421944f,-0.31500978303492333f,0.9896256049479956f,-1.4994127384603324f,-3.734472066866577f,0f,0f,0f,1f],start_interpolation:0}
execute if entity @s[tag=aj.armor.bone.left_bicep] run data modify entity @s {} merge value {transformation:[-1.5523645283775176f,-0.3099283340842062f,-0.06514103660937003f,2.362610041743405f,-0.025265090235513762f,-0.2036457857904051f,1.570994788351861f,3.9947881336199234f,-0.31569067476589485f,1.540327035906695f,0.1945933611515483f,-1.334306478883152f,0f,0f,0f,1f],start_interpolation:0}
execute if entity @s[tag=aj.armor.bone.left_shoulder] run data modify entity @s {} merge value {transformation:[-1.003183198308949f,-0.11117628218610769f,-0.08761440279282467f,1.897942190816571f,-0.07380599823076246f,-0.12426333206782161f,1.002758334592839f,3.91470050011038f,-0.12078544582286832f,0.9993054774439686f,0.11494528043679599f,-1.1713883922158586f,0f,0f,0f,1f],start_interpolation:0}
execute if entity @s[tag=aj.armor.bone.left_arm] run data modify entity @s {} merge value {transformation:[-1.316035641600025f,-0.00016803392453651082f,-0.18790421259051132f,1.7191182271556216f,-0.11461336475672312f,1.0541669219911756f,0.8017815840395952f,3.829709050826074f,0.1489019743448764f,0.8099320364391696f,-1.0435976857448215f,-1.0060094173545666f,0f,0f,0f,1f],start_interpolation:0}
execute if entity @s[tag=aj.armor.bone.chest] run data modify entity @s {} merge value {transformation:[-2.5854684986918257f,-0.0003301175172372322f,-0.3691544568151685f,1.0840363484542409e-16f,-0.2251680993588509f,2.0710042213275086f,1.5751708865918657f,4.251964713247415f,0.2925311077393309f,1.5911831717177964f,-2.050240021250862f,-0.2533010586503106f,0f,0f,0f,1f],start_interpolation:0}
execute if entity @s[tag=aj.armor.bone.weist] run data modify entity @s {} merge value {transformation:[-1.9318309746130324f,-1.1914723930322002e-16f,-0.23292201594811718f,3.5441471062596405e-16f,-0.11646100797405867f,1.6851313554114278f,0.9659154873065161f,0.8532453493459817f,0.2017163829117536f,0.9729110416666665f,-1.6730146998325373f,-2.2621339397048517f,0f,0f,0f,1f],start_interpolation:0}
execute if entity @s[tag=aj.armor.bone.right_foot] run data modify entity @s {} merge value {transformation:[-1.176756256833909f,-0.023721073545793656f,-0.016520216361931423f,-0.9346127146558294f,-0.019695742350491124f,0.16554826705838518f,1.1652453578040083f,-5.855277180353594f,-0.02115855883733692f,1.1651703638611666f,-0.1658952484073199f,-8.705584910615269f,0f,0f,0f,1f],start_interpolation:0}
execute if entity @s[tag=aj.armor.bone.right_knee] run data modify entity @s {} merge value {transformation:[-2.903763185697045f,-0.07107466524026326f,-0.006036711485515369f,-1.0903656308455671f,-0.04860120455718345f,1.7914567371842602f,2.2858804365597822f,-3.4971820564667335f,-0.05221084983186587f,2.285292068706347f,-1.792105710163808f,-5.8582789211781385f,0f,0f,0f,1f],start_interpolation:0}
execute if entity @s[tag=aj.armor.bone.right_thigh] run data modify entity @s {} merge value {transformation:[-2.47543308219244f,0.04705424084777158f,-0.005447654957766794f,-0.9707829934386724f,0.035743648204469854f,2.042381138672482f,1.3990762663082354f,-0.6452240783956639f,0.03108327748700377f,1.3987415435855894f,-2.0426866247781454f,-3.7030800230776943f,0f,0f,0f,1f],start_interpolation:0}
execute if entity @s[tag=aj.armor.bone.right_leg] run data modify entity @s {} merge value {transformation:[-0.9990468692966118f,0.006543451298374138f,-0.043157110581506966f,-0.8871037499999994f,-0.018579810121477323f,0.8309156265614396f,0.5560881334751356f,-0.4115431249999997f,0.039498653198412524f,0.5563599597213266f,-0.8300020792831759f,-3.600671875f,0f,0f,0f,1f],start_interpolation:0}
execute if entity @s[tag=aj.armor.bone.left_foot] run data modify entity @s {} merge value {transformation:[-1.1769661162953962f,0.018218468304321077f,0.0031214390494466748f,0.7708714472931975f,0.008796456140246569f,0.3772412464781315f,1.1149899368117906f,-4.474600970625502f,0.016256639519521873f,1.1148757887068999f,-0.37733087907466856f,-4.164770642761866f,0f,0f,0f,1f],start_interpolation:0}
execute if entity @s[tag=aj.armor.bone.left_knee] run data modify entity @s {} merge value {transformation:[-2.9042810348054715f,0.0455947448143269f,-0.0012159969588949819f,0.893782376916014f,0.021706131032921204f,1.4497552107786897f,2.516876508935161f,-2.5482767154707298f,0.04011487602958888f,2.5165570998090576f,-1.4499171868268121f,-1.020052845017124f,0f,0f,0f,1f],start_interpolation:0}
execute if entity @s[tag=aj.armor.bone.left_thigh] run data modify entity @s {} merge value {transformation:[-2.4745065432870623f,-0.050813137394339326f,0.06517756697454383f,0.7703069603482146f,-0.08254904670212053f,1.6134240316671344f,-1.8761826328656288f,-0.2615939499642127f,-0.003968004176948236f,-1.8773102146545135f,-1.6142191102312404f,-3.6187257173710896f,0f,0f,0f,1f],start_interpolation:0}
execute if entity @s[tag=aj.armor.bone.left_leg] run data modify entity @s {} merge value {transformation:[-0.9990470677483795f,0.005604893262615763f,-0.04328442670152397f,0.8089781250000005f,-0.016829364130156326f,0.865561568918824f,0.5005196728538835f,-0.3334181249999997f,0.0402706956277083f,0.5007711608931754f,-0.8646424205944107f,-3.710046875f,0f,0f,0f,1f],start_interpolation:0}