execute if entity @s[tag=aj.armor.bone.right_thumb_2] run data modify entity @s {} merge value {transformation:[-0.8753929256438768f,-0.2646988387693821f,-0.40450185473838673f,-2.9014969420921033f,0.3009247838422021f,0.3564813431129445f,-0.8845141753990806f,0.49551205126079323f,0.3783272395720113f,-0.8960220849770011f,-0.23240680504514105f,-0.19007656869367853f,0f,0f,0f,1f],start_interpolation:0}
execute if entity @s[tag=aj.armor.bone.right_thumb] run data modify entity @s {} merge value {transformation:[-0.8753929256438768f,-0.2646988387693821f,-0.40450185473838673f,-3.1566641642651323f,0.3009247838422021f,0.3564813431129445f,-0.8845141753990806f,0.7078316032537325f,0.3783272395720113f,-0.8960220849770011f,-0.23240680504514105f,-0.37238744726917905f,0f,0f,0f,1f],start_interpolation:0}
execute if entity @s[tag=aj.armor.bone.right_fingers_2] run data modify entity @s {} merge value {transformation:[0.8697446989469176f,0.1484668016189695f,-0.4706397427659176f,-2.9143385687026764f,-0.27283081209979315f,-0.6500239442542592f,-0.7092476435386325f,-0.013487209582241005f,-0.4112268311074834f,0.7452694014335817f,-0.5248485616481466f,-0.02969100028250482f,0f,0f,0f,1f],start_interpolation:0}
execute if entity @s[tag=aj.armor.bone.right_fingers] run data modify entity @s {} merge value {transformation:[0.033672183792616356f,-0.8816827187644471f,-0.4706397427659176f,-3.3052511704515024f,-0.6088513322771314f,0.35534185697615084f,-0.7092476435386325f,0.10860196703739988f,0.792569390793638f,0.31043155141330814f,-0.5248485616481466f,0.13977701775428386f,0f,0f,0f,1f],start_interpolation:0}
execute if entity @s[tag=aj.armor.bone.right_hand] run data modify entity @s {} merge value {transformation:[-0.8624408637824561f,-0.18626322505369172f,-0.4706397427659176f,-3.419776875906751f,0.24421749139986187f,0.6613059783710228f,-0.7092476435386325f,0.6303814783022905f,0.4433436289973383f,-0.7266226076604984f,-0.5248485616481466f,-0.44622995212288297f,0f,0f,0f,1f],start_interpolation:0}
execute if entity @s[tag=aj.armor.bone.right_forearm] run data modify entity @s {} merge value {transformation:[-1.6018618392594188f,-0.15481861349295514f,-0.8584278691154302f,-3.609506712570105f,0.5824616450605332f,1.1463267584758519f,-1.2936390363888726f,2.237588399983687f,0.6493116675305597f,-1.410246333571505f,-0.9573025638168529f,-2.5892592038888087f,0f,0f,0f,1f],start_interpolation:0}
execute if entity @s[tag=aj.armor.bone.right_bicep] run data modify entity @s {} merge value {transformation:[-1.4019422401183244f,0.7373387438377206f,0.03200137639749031f,-2.4551399773612297f,0.4766449240907902f,0.8521177833167779f,1.2477337278351064f,3.5497650638987146f,0.5634732714104603f,1.1137151413510633f,-0.9758437437494186f,-0.8404480928781749f,0f,0f,0f,1f],start_interpolation:0}
execute if entity @s[tag=aj.armor.bone.right_shoulder] run data modify entity @s {} merge value {transformation:[-1.001590773785522f,0.1510302723932855f,0.020463561649171385f,-1.9810948223527924f,0.10900113522985841f,0.6147587487505012f,0.797874308409639f,3.619912757680539f,0.10652536342656416f,0.7909959015837995f,-0.6240118663064913f,-0.7017648719768299f,0f,0f,0f,1f],start_interpolation:0}
execute if entity @s[tag=aj.armor.bone.right_arm] run data modify entity @s {} merge value {transformation:[-1.327533752309037f,-0.010073529520301735f,-0.06935770894097701f,-1.7464978409276564f,-0.04422814296571815f,1.140951134455931f,0.6808319994387575f,3.6042076773952343f,0.054367629673746753f,0.6821926883901469f,-1.1396995779840104f,-0.5582612595070793f,0f,0f,0f,1f],start_interpolation:0}
execute if entity @s[tag=aj.armor.bone.left_thumb_2] run data modify entity @s {} merge value {transformation:[-0.7872087373074774f,0.36319821381029627f,0.4983868591684351f,3.2043944928820927f,-0.19186509126038068f,0.6238142633667245f,-0.7576566185125531f,1.3416262170755766f,-0.586080361949121f,-0.6920569501892462f,-0.42138698014099407f,-1.1300141290749308f,0f,0f,0f,1f],start_interpolation:0}
execute if entity @s[tag=aj.armor.bone.left_thumb] run data modify entity @s {} merge value {transformation:[-0.7872087373074774f,0.36319821381029627f,0.4983868591684351f,3.466547126259211f,-0.19186509126038068f,0.6238142633667245f,-0.7576566185125531f,1.6067441907765088f,-0.586080361949121f,-0.6920569501892462f,-0.42138698014099407f,-1.196464236005674f,0f,0f,0f,1f],start_interpolation:0}
execute if entity @s[tag=aj.armor.bone.left_fingers_2] run data modify entity @s {} merge value {transformation:[0.7790077126874146f,-0.2050113009077153f,0.5925515590002686f,3.2319649127352057f,0.15480981117624318f,-0.8528919585628311f,-0.49860728974056656f,0.8085152960939399f,0.6076025888169816f,0.4801517192710897f,-0.6326716530270013f,-1.1311557711247016f,0f,0f,0f,1f],start_interpolation:0}
execute if entity @s[tag=aj.armor.bone.left_fingers] run data modify entity @s {} merge value {transformation:[0.1015764903613745f,0.7991025381840663f,0.5925515590002686f,3.5843384396564195f,0.8253886144530237f,0.2648101315072442f,-0.49860728974056656f,0.8823519031992624f,-0.5553520070524484f,0.5397320888356545f,-0.6326716530270013f,-0.8726622675945466f,0f,0f,0f,1f],start_interpolation:0}
execute if entity @s[tag=aj.armor.locator_origin.consume] at @s on origin run tp @s ^3.3122 ^0.87676 ^-0.8695 ~43.12451 ~-29.9079
execute if entity @s[tag=aj.armor.bone.left_hand] run data modify entity @s {} merge value {transformation:[-0.7693238026103473f,0.23879601475633333f,0.5925515590002686f,3.742560189656782f,-0.11745984181771618f,0.8588329035253153f,-0.49860728974056656f,1.5630577712770628f,-0.6279682096231565f,-0.45319146854146436f,-0.6326716530270013f,-1.247334875776329f,0f,0f,0f,1f],start_interpolation:0}
execute if entity @s[tag=aj.armor.bone.left_forearm] run data modify entity @s {} merge value {transformation:[-1.4663769949754826f,-0.09197739684344436f,1.080790094657647f,3.584446133588487f,-0.757353193995216f,1.387863255578004f,-0.9094395444421663f,3.5332373276654034f,-0.7765199352144321f,-1.1799170750183392f,-1.1539675246419405f,-3.0653223165493357f,0f,0f,0f,1f],start_interpolation:0}
execute if entity @s[tag=aj.armor.bone.left_bicep] run data modify entity @s {} merge value {transformation:[-1.3233624190381121f,-0.7908767942961011f,-0.36518537758928066f,2.3510680319091586f,-0.5839003872857902f,0.3124400403599896f,1.4392970905240023f,4.000476565493626f,-0.6464571149647956f,1.3367982919301167f,-0.5524473559422856f,-0.9741082166528628f,0f,0f,0f,1f],start_interpolation:0}
execute if entity @s[tag=aj.armor.bone.left_shoulder] run data modify entity @s {} merge value {transformation:[-0.9707723087804113f,-0.17170336254722643f,-0.23352100218602603f,1.8904179022583112f,-0.277911871536492f,0.3195228483298399f,0.9203711858381436f,3.929137072505167f,-0.08233525873569947f,0.9459577598138313f,-0.3532673215622464f,-0.7963874286671576f,0f,0f,0f,1f],start_interpolation:0}
execute if entity @s[tag=aj.armor.bone.left_arm] run data modify entity @s {} merge value {transformation:[-1.327533752309037f,-0.010073529520301735f,-0.06935770894097701f,1.7481623066785215f,-0.04422814296571815f,1.140951134455931f,0.6808319994387575f,3.7206358498285805f,0.054367629673746753f,0.6821926883901469f,-1.1396995779840104f,-0.7013810772971618f,0f,0f,0f,1f],start_interpolation:0}
execute if entity @s[tag=aj.armor.bone.chest] run data modify entity @s {} merge value {transformation:[-2.6288619156653796f,-0.0199482070163497f,-0.1373462929101433f,1.2687050142454924e-16f,-0.08758321996781415f,2.259379831050936f,1.348224337933226f,4.259887359144023f,0.10766203936112072f,1.350918855761607f,-2.2569014239003726f,-0.16411094222005018f,0f,0f,0f,1f],start_interpolation:0}
execute if entity @s[tag=aj.armor.bone.weist] run data modify entity @s {} merge value {transformation:[-1.931172083826187f,-0.0856496714122905f,-0.2517493951665619f,0.041666666666666984f,-0.15109163498114492f,1.8720882739989602f,0.5221073201207377f,0.7152252408020543f,0.21882628274155624f,0.5367391076415995f,-1.861226861465026f,-1.710927252360877f,0f,0f,0f,1f],start_interpolation:0}
execute if entity @s[tag=aj.armor.bone.right_foot] run data modify entity @s {} merge value {transformation:[-1.1759580734920934f,-0.009904075385154086f,0.0511411141459773f,-1.023745445055205f,0.04993639871820483f,0.11461587053750066f,1.1704530973860294f,-4.344547573917666f,-0.014827688571829752f,1.171475994798126f,-0.11408342622800553f,-6.285867370463649f,0f,0f,0f,1f],start_interpolation:0}
execute if entity @s[tag=aj.armor.bone.right_knee] run data modify entity @s {} merge value {transformation:[-2.9017935888583275f,-0.034573950819599686f,0.12380346570049755f,-1.1274220916717566f,0.12322303398186096f,0.048113357887505814f,2.90162538540438f,-4.182827225614664f,-0.03658879734338825f,2.904034854345164f,-0.04659949775965194f,-2.6844140614488343f,0f,0f,0f,1f],start_interpolation:0}
execute if entity @s[tag=aj.armor.bone.right_thigh] run data modify entity @s {} merge value {transformation:[-2.470821578657138f,0.1491442095444794f,-0.053004284172716264f,-0.8666907716592834f,0.14568721499888257f,2.46701382215921f,0.15043523390594324f,-0.7377221856552525f,0.061876366790391255f,0.1470086017001006f,-2.4707433110701857f,-2.4383746571243474f,0f,0f,0f,1f],start_interpolation:0}
execute if entity @s[tag=aj.armor.bone.right_leg] run data modify entity @s {} merge value {transformation:[-0.9930286678470638f,-0.011421947630552775f,-0.11731838707641132f,-0.8277287499999996f,-0.03767492361898346f,0.9738414613491041f,0.22408348508478967f,-1.032480642312545f,0.111690039682102f,0.22694128595248217f,-0.9674828100622999f,-2.6329086961861514f,0f,0f,0f,1f],start_interpolation:0}
execute if entity @s[tag=aj.armor.bone.left_foot] run data modify entity @s {} merge value {transformation:[-1.1764786317777858f,-0.005953549024043123f,-0.038124520991747346f,1.0864170119144454f,-0.0005776274280345622f,1.1656028979718231f,-0.16419636251392378f,-7.058587958085771f,0.03858225231095574f,-0.16408940968346436f,-1.1649793862180169f,-1.1543391361246833f,0f,0f,0f,1f],start_interpolation:0}
execute if entity @s[tag=aj.armor.bone.left_knee] run data modify entity @s {} merge value {transformation:[-2.9030781182391783f,0.014278182186259319f,-0.0941395849170379f,1.165950963600575f,-0.0014253531696431583f,2.864957180689658f,0.47848407467451926f,-3.4868170986635643f,0.09520554764948302f,0.4782731174363085f,-2.86341045213021f,-0.6608863878586506f,0f,0f,0f,1f],start_interpolation:0}
execute if entity @s[tag=aj.armor.bone.left_thigh] run data modify entity @s {} merge value {transformation:[-2.4705725236165974f,-0.1555320041445064f,-0.04575941626125711f,0.8979568776114367f,-0.09784842785659684f,1.9876564422317589f,-1.4729766718314445f,-0.6838095692700777f,0.1292664444307576f,-1.4680069435395868f,-1.9895372635371393f,-2.6779617226212866f,0f,0f,0f,1f],start_interpolation:0}
execute if entity @s[tag=aj.armor.bone.left_leg] run data modify entity @s {} merge value {transformation:[-0.9868106900736748f,-0.028787853664740074f,-0.15929821542533112f,0.8607281250000005f,-0.0628519349002803f,0.9749950185305887f,0.21315334414413495f,-0.9017112645367309f,0.14917873922113903f,0.22035419969202907f,-0.9639448793590205f,-2.788811293458058f,0f,0f,0f,1f],start_interpolation:0}