execute if entity @s[tag=aj.armor.bone.right_thumb_2] run data modify entity @s {} merge value {transformation:[-0.9772973936519092f,0.1935377090269732f,-0.08621461329598255f,-2.632981522460272f,0.14078857737550263f,0.8973008126527112f,0.4183656631385587f,3.4691561412526735f,0.15832997455241146f,0.39672963942384554f,-0.9041776442496563f,-6.020605453953601f,0f,0f,0f,1f],start_interpolation:0}
execute if entity @s[tag=aj.armor.bone.right_thumb] run data modify entity @s {} merge value {transformation:[-0.9772973936519092f,0.1935377090269732f,-0.08621461329598255f,-2.7912547500026768f,0.14078857737550263f,0.8973008126527112f,0.4183656631385587f,3.7724938533998844f,0.15832997455241146f,0.39672963942384554f,-0.9041776442496563f,-5.81601452054406f,0f,0f,0f,1f],start_interpolation:0}
execute if entity @s[tag=aj.armor.bone.right_fingers_2] run data modify entity @s {} merge value {transformation:[0.985586315449717f,-0.16852281651686649f,-0.014821440937818536f,-2.652892301337097f,-0.11011675518687791f,-0.7055722420380856f,0.700030078991226f,3.3373465470853665f,-0.12842863787085762f,-0.6883079772736702f,-0.7139595320437037f,-6.5664851845316115f,0f,0f,0f,1f],start_interpolation:0}
execute if entity @s[tag=aj.armor.bone.right_fingers] run data modify entity @s {} merge value {transformation:[-0.29572590931973053f,-0.9551578463508243f,-0.014821440937818536f,-3.110643320996679f,-0.6851628529424877f,0.20127034917058362f,0.700030078991226f,3.403159333704493f,-0.6656561060372911f,0.21717213241851746f,-0.7139595320437037f,-6.504901042932058f,0f,0f,0f,1f],start_interpolation:0}
execute if entity @s[tag=aj.armor.bone.right_hand] run data modify entity @s {} merge value {transformation:[-0.9919991176790024f,0.12537174886156516f,-0.014821440937818536f,-2.9708741758917903f,0.07923531949612687f,0.7097039190055839f,0.700030078991226f,3.985828904734347f,0.09828282997770922f,0.6932548390999577f,-0.7139595320437037f,-5.923812932073535f,0f,0f,0f,1f],start_interpolation:0}
execute if entity @s[tag=aj.armor.bone.right_forearm] run data modify entity @s {} merge value {transformation:[-1.9113216037287826f,0.17965287315429343f,-0.028456530513771342f,-2.6207481128887586f,0.10845787646574499f,1.3667705034518278f,1.3440277087055972f,6.0461313716982525f,0.14601992327766453f,1.3363751112256186f,-1.3707716607606608f,-4.020302628008038f,0f,0f,0f,1f],start_interpolation:0}
execute if entity @s[tag=aj.armor.bone.right_bicep] run data modify entity @s {} merge value {transformation:[-1.6518605607684211f,0.14736649654182526f,0.175931913494773f,-2.388119562940521f,0.13309976100877285f,-0.42633108588478646f,1.6068100365440876f,5.3597350666720525f,0.18695822022139497f,1.6055644352116152f,0.41051394980726486f,-1.5207364104400627f,0f,0f,0f,1f],start_interpolation:0}
execute if entity @s[tag=aj.armor.bone.right_shoulder] run data modify entity @s {} merge value {transformation:[-1.0573692281860763f,0.0020869446713215945f,0.13880045300131238f,-1.9244619937210166f,0.13404061500074968f,-0.26193550067521426f,1.025047566126809f,5.222545490999679f,0.03609757085527335f,1.0337722398837244f,0.25944465157405905f,-1.3158957225036854f,0f,0f,0f,1f],start_interpolation:0}
execute if entity @s[tag=aj.armor.bone.right_arm] run data modify entity @s {} merge value {transformation:[-1.3581980816805814f,0.0001580943533766802f,0.33686550495021983f,-1.7641564745486342f,0.20537536553220748f,1.1095953723736764f,0.8275261272850765f,5.125536026912943f,-0.2670193862844106f,0.8526303461131912f,-1.0769877263623755f,-1.1212068208241186f,0f,0f,0f,1f],start_interpolation:0}
execute if entity @s[tag=aj.armor.bone.left_thumb_2] run data modify entity @s {} merge value {transformation:[-0.004711783834154548f,0.9466547859352581f,-0.3222150141737213f,0.1277446761180085f,0.22272963321775377f,-0.31313086733068035f,-0.9232229256314108f,1.996263430864412f,-0.97486886788931f,-0.07611685878047754f,-0.20937266829652776f,-0.31245540753289025f,0f,0f,0f,1f],start_interpolation:0}
execute if entity @s[tag=aj.armor.bone.left_thumb] run data modify entity @s {} merge value {transformation:[-0.004711783834154548f,0.9466547859352581f,-0.3222150141737213f,0.4486499951936323f,0.22272963321775377f,-0.31313086733068035f,-0.9232229256314108f,1.88505437643834f,-0.97486886788931f,-0.07611685878047754f,-0.20937266829652776f,-0.10371165408524313f,0f,0f,0f,1f],start_interpolation:0}
execute if entity @s[tag=aj.armor.bone.left_fingers_2] run data modify entity @s {} merge value {transformation:[-0.03890199205373834f,-0.9990225091071353f,0.020991934440034388f,-0.3351047544460323f,-0.22345607459906247f,-0.0117782651966102f,-0.9746428346803444f,1.71501695727112f,0.9739373787564726f,-0.04260632307817841f,-0.22277945034210145f,-0.4622075834898189f,0f,0f,0f,1f],start_interpolation:0}
execute if entity @s[tag=aj.armor.bone.left_fingers] run data modify entity @s {} merge value {transformation:[0.9955534619435893f,0.09182942393699206f,0.020991934440034388f,-0.3413869460908363f,0.0408443710509325f,-0.2200070047969319f,-0.9746428346803444f,1.6022933663733196f,-0.08488251743196773f,0.9711664505838753f,-0.22277945034210145f,-0.009533471681159221f,0f,0f,0f,1f],start_interpolation:0}
execute if entity @s[tag=aj.armor.bone.left_hand] run data modify entity @s {} merge value {transformation:[0.08244171578871357f,0.9963747799830538f,0.020991934440034388f,0.49220410836607487f,0.22375715464195894f,0.002020037820918849f,-0.9746428346803444f,1.6207216078072464f,-0.9711519444681905f,0.0850483230929554f,-0.22277945034210145f,0.029053953157270218f,0f,0f,0f,1f],start_interpolation:0}
execute if entity @s[tag=aj.armor.bone.left_forearm] run data modify entity @s {} merge value {transformation:[-0.7991674624013343f,1.7452627846952402f,0.040303613221012974f,3.024847301407611f,0.37262220669508894f,0.21383976455769724f,-1.8712724141646062f,1.8761782710713022f,-1.705496778055747f,-0.7710807800052897f,-0.4277269837054242f,-1.2002736447552833f,0f,0f,0f,1f],start_interpolation:0}
execute if entity @s[tag=aj.armor.bone.left_bicep] run data modify entity @s {} merge value {transformation:[-0.6570478038375556f,-0.3390916293768356f,1.4948636342723423f,2.474462354296323f,0.38542481288795083f,1.5376062999274827f,0.5181957301490551f,4.270020676752297f,-1.4835929805016064f,0.5496325754729128f,-0.5274164719616558f,-0.3402258829603633f,0f,0f,0f,1f],start_interpolation:0}
execute if entity @s[tag=aj.armor.bone.left_shoulder] run data modify entity @s {} merge value {transformation:[-0.9428632870102224f,-0.13517355392955963f,0.47962124445501947f,2.0195991105262134f,0.06927510054013589f,0.9809309012718089f,0.412644075665071f,4.506634801893876f,-0.49346670430707185f,0.39598268024546135f,-0.8584800140318862f,-0.45368166224186596f,0f,0f,0f,1f],start_interpolation:0}
execute if entity @s[tag=aj.armor.bone.left_arm] run data modify entity @s {} merge value {transformation:[-1.3581980816805814f,0.0001580943533766802f,0.33686550495021983f,1.811221115590879f,0.20537536553220748f,1.1095953723736764f,0.8275261272850765f,4.5516923799188325f,-0.2670193862844106f,0.8526303461131912f,-1.0769877263623755f,-0.4438074888094535f,0f,0f,0f,1f],start_interpolation:0}
execute if entity @s[tag=aj.armor.bone.chest] run data modify entity @s {} merge value {transformation:[-2.668300492972521f,0.0003105903672969375f,0.6618021369989688f,1.0242254442763729e-16f,0.4034781056500412f,2.17989843973363f,1.6257484111965528f,5.426410628886379f,-0.5245832472199549f,1.6750678737832345f,-2.115837829502927f,-0.2107117490473207f,0f,0f,0f,1f],start_interpolation:0}
execute if entity @s[tag=aj.armor.bone.weist] run data modify entity @s {} merge value {transformation:[-2.019294293275926f,-1.25418145292154e-16f,0.3430918999077981f,3.545626583810452e-16f,0.1715459499538989f,1.7738224603886656f,1.009647146637963f,1.8166639073001882f,-0.2971263011528211f,1.024116875f,-1.748760155693897f,-2.269592024804851f,0f,0f,0f,1f],start_interpolation:0}
execute if entity @s[tag=aj.armor.bone.right_foot] run data modify entity @s {} merge value {transformation:[-1.234768122713935f,-0.08942916503913421f,0.05128466327537978f,-1.0408366059673662f,0.07819079961068637f,-0.4107064016143161f,1.1663989281745004f,-2.381897622805576f,-0.0671854977142186f,1.1655911312423344f,0.41492581600024525f,-6.063334877979532f,0f,0f,0f,1f],start_interpolation:0}
execute if entity @s[tag=aj.armor.bone.right_knee] run data modify entity @s {} merge value {transformation:[-3.0469140810326856f,-0.18805409475322937f,0.1713132087034983f,-1.3442943326472232f,0.19294363367380168f,-0.3664783259549727f,3.0293339806061317f,-2.743732091951976f,-0.16578694838404712f,3.0296414423619145f,0.3770747852796859f,-2.1705472341636405f,0f,0f,0f,1f],start_interpolation:0}
execute if entity @s[tag=aj.armor.bone.right_thigh] run data modify entity @s {} merge value {transformation:[-2.590481052444373f,0.28556668494819815f,-0.010884800799927003f,-0.8838665491473953f,0.26003384015936415f,2.314268456132451f,-1.1699584644064753f,0.5911940720357095f,-0.1185293736283617f,-1.1639897228550087f,-2.328806047353289f,-3.7289499116859717f,0f,0f,0f,1f],start_interpolation:0}
execute if entity @s[tag=aj.armor.bone.right_leg] run data modify entity @s {} merge value {transformation:[-0.99576073147698f,-0.007612987535603894f,0.14666383884742087f,-0.8515562499999996f,0.0679541715970931f,0.8672169536050033f,0.506383905252586f,0.5618625000000002f,-0.13019396978060205f,0.5108663928632319f,-0.8574221436561617f,-3.791825625f,0f,0f,0f,1f],start_interpolation:0}
execute if entity @s[tag=aj.armor.bone.left_foot] run data modify entity @s {} merge value {transformation:[-1.2389476235434602f,-0.012911035035884004f,0.011049905324255309f,1.1511737209420865f,-0.012475186502481955f,1.2380769882161358f,0.047851333197229264f,-5.877430066786163f,-0.011539712089178021f,0.04773557940704335f,-1.2380905292509647f,-6.211412669003003f,0f,0f,0f,1f],start_interpolation:0}
execute if entity @s[tag=aj.armor.bone.left_knee] run data modify entity @s {} merge value {transformation:[-3.057227418164501f,-0.04180841075123687f,-0.0032474049129785957f,1.16747699896624f,-0.030783772854757543f,2.076773378830824f,2.243760831179078f,-3.213310271277232f,-0.02847539599443112f,2.243582484553456f,-2.076998979791011f,-3.4873735803426094f,0f,0f,0f,1f],start_interpolation:0}
execute if entity @s[tag=aj.armor.bone.left_thigh] run data modify entity @s {} merge value {transformation:[-2.6027442572709947f,-0.10096934325852802f,0.08824067360838736f,0.9640580631313078f,-0.10331500348846812f,2.603243498295597f,-0.06861626738565864f,0.5100039405591525f,-0.08548236549779274f,-0.0720234254788252f,-2.603798049942672f,-3.44111904142271f,0f,0f,0f,1f],start_interpolation:0}
execute if entity @s[tag=aj.armor.bone.left_leg] run data modify entity @s {} merge value {transformation:[-0.9948386908060841f,-0.007614142546753111f,0.15279292413185888f,0.940841964285715f,0.06980912887864088f,0.8719235015366887f,0.4979796848762556f,0.46811250000000015f,-0.1361261854188663f,0.5027913144213286f,-0.861265481336638f,-3.4837899107142856f,0f,0f,0f,1f],start_interpolation:0}