execute if entity @s[tag=aj.armor.bone.right_thumb_2] run data modify entity @s {} merge value {transformation:[-0.9772973936519092f,0.1935377090269732f,-0.08621461329598255f,-2.505441464165325f,0.14078857737550263f,0.8973008126527112f,0.4183656631385587f,2.4049117006913785f,0.15832997455241146f,0.39672963942384554f,-0.9041776442496563f,-5.775062046110541f,0f,0f,0f,1f],start_interpolation:0}
execute if entity @s[tag=aj.armor.bone.right_thumb] run data modify entity @s {} merge value {transformation:[-0.9772973936519092f,0.1935377090269732f,-0.08621461329598255f,-2.6558011223824134f,0.14078857737550263f,0.8973008126527112f,0.4183656631385587f,2.6930827133743542f,0.15832997455241146f,0.39672963942384554f,-0.9041776442496563f,-5.580700011476558f,0f,0f,0f,1f],start_interpolation:0}
execute if entity @s[tag=aj.armor.bone.right_fingers_2] run data modify entity @s {} merge value {transformation:[0.985586315449717f,-0.16852281651686649f,-0.014821440937818536f,-2.524357199565372f,-0.11011675518687791f,-0.7055722420380856f,0.700030078991226f,2.2796923649567074f,-0.12842863787085762f,-0.6883079772736702f,-0.7139595320437037f,-6.293647620900063f,0f,0f,0f,1f],start_interpolation:0}
execute if entity @s[tag=aj.armor.bone.right_fingers] run data modify entity @s {} merge value {transformation:[-0.29572590931973053f,-0.9551578463508243f,-0.014821440937818536f,-2.9592203550578655f,-0.6851628529424877f,0.20127034917058362f,0.700030078991226f,2.3422146113420634f,-0.6656561060372911f,0.21717213241851746f,-0.7139595320437037f,-6.235142551948258f,0f,0f,0f,1f],start_interpolation:0}
execute if entity @s[tag=aj.armor.bone.right_hand] run data modify entity @s {} merge value {transformation:[-0.9919991176790024f,0.12537174886156516f,-0.014821440937818536f,-2.8264398210692363f,0.07923531949612687f,0.7097039190055839f,0.700030078991226f,2.8957508696348313f,0.09828282997770922f,0.6932548390999577f,-0.7139595320437037f,-5.6831089434791675f,0f,0f,0f,1f],start_interpolation:0}
execute if entity @s[tag=aj.armor.bone.right_forearm] run data modify entity @s {} merge value {transformation:[-1.8157558761160584f,0.17067026263641288f,-0.027033709237343106f,-2.493820225261462f,0.10303500264924066f,1.2984322304018268f,1.276826571197637f,4.853038599064886f,0.13871895404948206f,1.2695566021800138f,-1.3022333305832954f,-3.8747741230843022f,0f,0f,0f,1f],start_interpolation:0}
execute if entity @s[tag=aj.armor.bone.right_bicep] run data modify entity @s {} merge value {transformation:[-1.5692676152705334f,0.13999817907837564f,0.16713532661103905f,-2.2728226497608515f,0.12644477960909245f,-0.405014552893553f,1.5264696150063222f,4.200961564880844f,0.17761031855229487f,1.5252862936782328f,0.3899882728295533f,-1.5001865648361734f,0f,0f,0f,1f],start_interpolation:0}
execute if entity @s[tag=aj.armor.bone.right_shoulder] run data modify entity @s {} merge value {transformation:[-1.0045008080889402f,0.001982597519293927f,0.13186043577427917f,-1.8323480619909156f,0.12733858948777432f,-0.2488387358754598f,0.9737952278698058f,4.070631557133243f,0.034292693722867446f,0.9820836682797547f,0.24647242913204315f,-1.3055875661263432f,0f,0f,0f,1f],start_interpolation:0}
execute if entity @s[tag=aj.armor.bone.right_arm] run data modify entity @s {} merge value {transformation:[-1.2902881775965513f,0.00015018963570784607f,0.32002222970270855f,-1.6759485821326803f,0.19510659725559695f,1.054115603754992f,0.7861498209208221f,3.9677947275501055f,-0.2536684169701899f,0.809998828807531f,-1.0231383400442557f,-1.116995909460986f,0f,0f,0f,1f],start_interpolation:0}
execute if entity @s[tag=aj.armor.bone.left_thumb_2] run data modify entity @s {} merge value {transformation:[-0.004711783834154548f,0.9466547859352581f,-0.3222150141737213f,0.12772527966104796f,0.22272963321775377f,-0.31313086733068035f,-0.9232229256314108f,0.9981033093738013f,-0.97486886788931f,-0.07611685878047754f,-0.20937266829652776f,-0.3459186842736203f,0f,0f,0f,1f],start_interpolation:0}
execute if entity @s[tag=aj.armor.bone.left_thumb] run data modify entity @s {} merge value {transformation:[-0.004711783834154548f,0.9466547859352581f,-0.3222150141737213f,0.4325858794996076f,0.22272963321775377f,-0.31313086733068035f,-0.9232229256314108f,0.8924549933489734f,-0.97486886788931f,-0.07611685878047754f,-0.20937266829652776f,-0.1476118314819305f,0f,0f,0f,1f],start_interpolation:0}
execute if entity @s[tag=aj.armor.bone.left_fingers_2] run data modify entity @s {} merge value {transformation:[-0.03890199205373834f,-0.9990225091071353f,0.020991934440034388f,-0.3119818269040695f,-0.22345607459906247f,-0.0117782651966102f,-0.9746428346803444f,0.7309193110727892f,0.9739373787564726f,-0.04260632307817841f,-0.22277945034210145f,-0.48818272384565375f,0f,0f,0f,1f],start_interpolation:0}
execute if entity @s[tag=aj.armor.bone.left_fingers] run data modify entity @s {} merge value {transformation:[0.9955534619435893f,0.09182942393699206f,0.020991934440034388f,-0.317949683691622f,0.0408443710509325f,-0.2200070047969319f,-0.9746428346803444f,0.6238319953903114f,-0.08488251743196773f,0.9711664505838753f,-0.22277945034210145f,-0.05814257467781158f,0f,0f,0f,1f],start_interpolation:0}
execute if entity @s[tag=aj.armor.bone.left_hand] run data modify entity @s {} merge value {transformation:[0.08244171578871357f,0.9963747799830538f,0.020991934440034388f,0.4739618402336254f,0.22375715464195894f,0.002020037820918849f,-0.9746428346803444f,0.6413386071080811f,-0.9711519444681905f,0.0850483230929554f,-0.22277945034210145f,-0.02148440845219901f,0f,0f,0f,1f],start_interpolation:0}
execute if entity @s[tag=aj.armor.bone.left_forearm] run data modify entity @s {} merge value {transformation:[-0.7592092367004358f,1.657999967401999f,0.03828843999460577f,2.879973212575954f,0.35399116509643597f,0.20314781577596316f,-1.7777091386423798f,0.8840221884834092f,-1.620222253759007f,-0.7325268832431575f,-0.40634071342120837f,-1.189345628561656f,0f,0f,0f,1f],start_interpolation:0}
execute if entity @s[tag=aj.armor.bone.left_bicep] run data modify entity @s {} merge value {transformation:[-0.6241954464771876f,-0.32213706485179927f,1.4201205272544013f,2.3571068310931844f,0.36615359150254545f,1.4607260617625597f,0.492285969534921f,3.15817227781756f,-1.4094134056090277f,0.522150974163429f,-0.5010456747176356f,-0.37230060105655616f,0f,0f,0f,1f],start_interpolation:0}
execute if entity @s[tag=aj.armor.bone.left_shoulder] run data modify entity @s {} merge value {transformation:[-0.8957201594980503f,-0.12841488151440852f,0.45564020097141156f,1.9249868906884327f,0.06581134821975652f,0.9318843945338863f,0.3920118880041149f,3.3829560364833f,-0.4687933883718133f,0.37618356170451317f,-0.8155560468717165f,-0.48008354327910435f,0f,0f,0f,1f],start_interpolation:0}
execute if entity @s[tag=aj.armor.bone.left_arm] run data modify entity @s {} merge value {transformation:[-1.2902881775965513f,0.00015018963570784607f,0.32002222970270855f,1.7206598919542815f,0.19510659725559695f,1.054115603754992f,0.7861498209208221f,3.4209830525859752f,-0.2536684169701899f,0.809998828807531f,-1.0231383400442557f,-0.474742275484632f,0f,0f,0f,1f],start_interpolation:0}
execute if entity @s[tag=aj.armor.bone.chest] run data modify entity @s {} merge value {transformation:[-2.5348853267792104f,0.0002950608324562793f,0.628711995042564f,1.0840363484542409e-16f,0.38330417896433466f,2.070903402110409f,1.5444609043960462f,4.251964713247415f,-0.4983540570315177f,1.5913143912371566f,-2.0100458257894487f,-0.2533010586503106f,0f,0f,0f,1f],start_interpolation:0}
execute if entity @s[tag=aj.armor.bone.weist] run data modify entity @s {} merge value {transformation:[-1.918329599151109f,-1.1914723930322002e-16f,0.3259373084021211f,3.506484633293557e-16f,0.1629686542010604f,1.6851313554114278f,0.9591647995755543f,0.8354896675277999f,-0.28226998911736007f,0.9729110416666665f,-1.6613221656964796f,-2.231380196672734f,0f,0f,0f,1f],start_interpolation:0}
execute if entity @s[tag=aj.armor.bone.right_foot] run data modify entity @s {} merge value {transformation:[-1.1730300072336477f,-0.08495772783815063f,0.04872044218364644f,-0.985721883953691f,0.07428127803569592f,-0.3901711782108914f,1.1080792563275752f,-3.1126197850221025f,-0.06382623864348376f,1.1073118490518679f,0.3941796228707435f,-5.9344934468637245f,0f,0f,0f,1f],start_interpolation:0}
execute if entity @s[tag=aj.armor.bone.right_knee] run data modify entity @s {} merge value {transformation:[-2.894568293936649f,-0.17865138489010668f,0.1627475435991392f,-1.2743908508386461f,0.1832964467313848f,-0.34815439966876593f,2.8778671990105726f,-3.4571118151534055f,-0.15749759644628017f,2.8781592876701865f,0.35822103573843433f,-2.2301523526060367f,0f,0f,0f,1f],start_interpolation:0}
execute if entity @s[tag=aj.armor.bone.right_thigh] run data modify entity @s {} merge value {transformation:[-2.4609568134527673f,0.2712883301559987f,-0.010340559976835308f,-0.8366292203662236f,0.24703212944353958f,2.1985548668282613f,-1.111460457014742f,-0.28475402178482034f,-0.11260289641947467f,-1.1057901529702632f,-2.2123655774421658f,-3.709238439919504f,0f,0f,0f,1f],start_interpolation:0}
execute if entity @s[tag=aj.armor.bone.right_leg] run data modify entity @s {} merge value {transformation:[-0.9892981413684905f,-0.007563578459318397f,0.1457119753683273f,-0.8089787499999994f,0.06751314199699773f,0.8615886259062707f,0.5030974213476327f,-0.3177931249999997f,-0.12934899745472905f,0.5075508171501983f,-0.8518573852867759f,-3.772546875f,0f,0f,0f,1f],start_interpolation:0}
execute if entity @s[tag=aj.armor.bone.left_foot] run data modify entity @s {} merge value {transformation:[-1.1770005340055205f,-0.012265486323253276f,0.010497412659109655f,1.0955267534400082f,-0.011851430113925763f,1.176173430239621f,0.045458777801222594f,-6.438030501785967f,-0.010962729201083172f,0.04534881167329838f,-1.1761862942258963f,-6.060140758030451f,0f,0f,0f,1f],start_interpolation:0}
execute if entity @s[tag=aj.armor.bone.left_knee] run data modify entity @s {} merge value {transformation:[-2.904365963930781f,-0.03971798907417637f,-0.003085034578820836f,1.1110057181883253f,-0.029244583373000264f,1.9729346532863068f,2.1315727284658634f,-3.906645243145602f,-0.02705162541860555f,2.1314032991763834f,-1.9731489741923358f,-3.4717940737142485f,0f,0f,0f,1f],start_interpolation:0}
execute if entity @s[tag=aj.armor.bone.left_thigh] run data modify entity @s {} merge value {transformation:[-2.4726068571557946f,-0.09592086883147027f,0.08382863357958717f,0.9174209345735743f,-0.09814924588115734f,2.4730811360932496f,-0.06518544907985178f,-0.3653422002595363f,-0.08120824107296579f,-0.06842224902323567f,-2.473607960118074f,-3.422611236889306f,0f,0f,0f,1f],start_interpolation:0}
execute if entity @s[tag=aj.armor.bone.left_leg] run data modify entity @s {} merge value {transformation:[-0.9883820848368873f,-0.007564725974325829f,0.1518012822555247f,0.898263839285715f,0.06935606041398652f,0.8662646278552246f,0.4947477452305372f,-0.4115431249999997f,-0.1352427124001126f,0.49952814680234237f,-0.8556757793083066f,-3.4645111607142858f,0f,0f,0f,1f],start_interpolation:0}