execute if entity @s[tag=aj.armor.bone.right_thumb_2] run data modify entity @s {} merge value {transformation:[-0.9160825583307388f,-0.3443631970464163f,-0.20544277753715212f,-2.2746643175444827f,-0.20665625834700088f,0.8445060439876161f,-0.49406753845441387f,0.14811274497941906f,0.3436363444227438f,-0.410150618905247f,-0.84480206711597f,-2.727895841027282f,0f,0f,0f,1f],start_interpolation:0}
execute if entity @s[tag=aj.armor.bone.right_thumb] run data modify entity @s {} merge value {transformation:[-0.9160825583307388f,-0.3443631970464163f,-0.20544277753715212f,-2.5715406324703154f,-0.20665625834700088f,0.8445060439876161f,-0.49406753845441387f,0.38277095023206414f,0.3436363444227438f,-0.410150618905247f,-0.84480206711597f,-2.742967012866875f,0f,0f,0f,1f],start_interpolation:0}
execute if entity @s[tag=aj.armor.bone.right_fingers_2] run data modify entity @s {} merge value {transformation:[0.9041605518919265f,0.2930478328725216f,-0.31083221205532363f,-2.1753332570876105f,0.24844572048279012f,-0.9526267875549416f,-0.17543354185143278f,-0.31341117434475163f,-0.3475175108915729f,0.08139515514740263f,-0.934134041956643f,-2.9770899376417588f,0f,0f,0f,1f],start_interpolation:0}
execute if entity @s[tag=aj.armor.bone.right_fingers] run data modify entity @s {} merge value {transformation:[0.17252413404415967f,-0.9346757507933472f,-0.31083221205532363f,-2.5817474078411564f,-0.9769056071963733f,-0.12197748571661021f,-0.17543354185143278f,-0.41437884487749177f,0.12605894573808357f,0.33392025074431647f,-0.934134041956643f,-2.831931727520934f,0f,0f,0f,1f],start_interpolation:0}
execute if entity @s[tag=aj.armor.bone.right_hand] run data modify entity @s {} merge value {transformation:[-0.8905174244534613f,-0.33220784562314076f,-0.31083221205532363f,-2.812321313061317f,-0.28976225206891015f,0.9408830478170038f,-0.17543354185143278f,0.34222945753423817f,0.35073715802681615f,-0.06615918407157488f,-0.934134041956643f,-2.8880896769460422f,0f,0f,0f,1f],start_interpolation:0}
execute if entity @s[tag=aj.armor.bone.right_forearm] run data modify entity @s {} merge value {transformation:[-1.7162087733738078f,-0.24500802095641094f,-0.5669453919870064f,-3.117669806540737f,-0.1497534697790674f,1.7894169156800424f,-0.3199836898980302f,2.968373106511468f,0.599191043088436f,-0.2545323813950827f,-1.703822737944721f,-3.359064948496175f,0f,0f,0f,1f],start_interpolation:0}
execute if entity @s[tag=aj.armor.bone.right_bicep] run data modify entity @s {} merge value {transformation:[-1.4904232710825671f,0.44854634904222007f,-0.29593783411375785f,-2.4094575968605265f,-0.12431270664091067f,0.5610533069136749f,1.476448473077319f,3.825201734188236f,0.5227995599334971f,1.4121472711603527f,-0.4926005080907019f,-1.150673989556242f,0f,0f,0f,1f],start_interpolation:0}
execute if entity @s[tag=aj.armor.bone.right_shoulder] run data modify entity @s {} merge value {transformation:[-0.9929714249399165f,0.20104879800369843f,0.000329758850940967f,-1.9278657883046124f,0.07455168315808565f,0.36666334466014555f,0.9414950965819054f,3.853368294083661f,0.18671575846170066f,0.922794858660766f,-0.3741655422913348f,-1.0235971682041392f,0f,0f,0f,1f],start_interpolation:0}
execute if entity @s[tag=aj.armor.bone.right_arm] run data modify entity @s {} merge value {transformation:[-1.3243238224655762f,8.742856888037351e-7f,0.11586304223370703f,-1.7349803864930506f,0.07053364117228936f,1.0546700553979258f,0.8061971911487686f,3.804921327860223f,-0.0919198021070154f,0.8092767793236262f,-1.050656783033563f,-0.9056202260113559f,0f,0f,0f,1f],start_interpolation:0}
execute if entity @s[tag=aj.armor.bone.left_thumb_2] run data modify entity @s {} merge value {transformation:[-0.798806844328501f,0.5619981806741787f,0.21462914614016254f,1.9675186381998464f,0.301037956262113f,0.6823115724354318f,-0.6662034726794946f,-0.1933503884311367f,-0.5208490897980641f,-0.4675563741834789f,-0.7142179377591457f,-1.8248268705053923f,0f,0f,0f,1f],start_interpolation:0}
execute if entity @s[tag=aj.armor.bone.left_thumb] run data modify entity @s {} merge value {transformation:[-0.798806844328501f,0.5619981806741787f,0.21462914614016254f,2.3051305946067115f,0.301037956262113f,0.6823115724354318f,-0.6662034726794946f,-0.021754711772375063f,-0.5208490897980641f,-0.4675563741834789f,-0.7142179377591457f,-1.8243263506716534f,0f,0f,0f,1f],start_interpolation:0}
execute if entity @s[tag=aj.armor.bone.left_fingers_2] run data modify entity @s {} merge value {transformation:[0.7782129067515384f,-0.4891087453301359f,0.3939001231364387f,1.8115315566302652f,-0.3386574744458196f,-0.8550599529517228f,-0.3926621854217388f,-0.6669946288511586f,0.5288627296069368f,0.172177559803179f,-0.8310590238562617f,-2.0153468153082423f,0f,0f,0f,1f],start_interpolation:0}
execute if entity @s[tag=aj.armor.bone.left_fingers] run data modify entity @s {} merge value {transformation:[0.38334718475577895f,0.8353966895630585f,0.3939001231364387f,2.1650291017532357f,0.8919484671267899f,-0.22415249302649598f,-0.3926621854217388f,-0.8108423906124401f,-0.23973499521343977f,0.5018645543740754f,-0.8310590238562617f,-1.7899912175980495f,0f,0f,0f,1f],start_interpolation:0}
execute if entity @s[tag=aj.armor.bone.left_hand] run data modify entity @s {} merge value {transformation:[-0.7561375966758437f,0.522588392414506f,0.3939001231364387f,2.550222017121091f,0.37563233887888736f,0.8394740937802669f,-0.3926621854217388f,-0.12981473627598916f,-0.5358696491514104f,-0.14894501665185575f,-0.8310590238562617f,-1.9188396413752635f,0f,0f,0f,1f],start_interpolation:0}
execute if entity @s[tag=aj.armor.bone.left_forearm] run data modify entity @s {} merge value {transformation:[-1.5805048849928716f,0.5591521346203359f,0.7184579044708874f,3.330031569403399f,0.2606783951276543f,1.6570856823989215f,-0.7161999561125908f,2.2906032496414594f,-0.872284153507816f,-0.5179232502712424f,-1.5158180708782738f,-2.782065978764189f,0f,0f,0f,1f],start_interpolation:0}
execute if entity @s[tag=aj.armor.bone.left_bicep] run data modify entity @s {} merge value {transformation:[-1.3727379672522857f,-0.558253150860926f,0.5604270235288602f,2.4475664665807004f,0.23245216091131327f,0.7882257248427236f,1.3545481739190122f,3.503821156386695f,-0.7561025208496729f,1.2558615298405789f,-0.6010452160318375f,-0.8168514582278037f,0f,0f,0f,1f],start_interpolation:0}
execute if entity @s[tag=aj.armor.bone.left_shoulder] run data modify entity @s {} merge value {transformation:[-0.9584276801436515f,-0.27449193655289683f,0.18023189886570953f,1.9614702679347489f,0.020822600125325566f,0.5041414750031727f,0.8785333068088463f,3.605361544715647f,-0.32771295355130475f,0.8348104746682965f,-0.4712840652150404f,-0.7691798850482445f,0f,0f,0f,1f],start_interpolation:0}
execute if entity @s[tag=aj.armor.bone.left_arm] run data modify entity @s {} merge value {transformation:[-1.3243238224655762f,8.742856888037351e-7f,0.11586304223370703f,1.7512297684550555f,0.07053364117228936f,1.0546700553979258f,0.8061971911487686f,3.5860236957311544f,-0.0919198021070154f,0.8092767793236262f,-1.050656783033563f,-0.6891382483382593f,0f,0f,0f,1f],start_interpolation:0}
execute if entity @s[tag=aj.armor.bone.chest] run data modify entity @s {} merge value {transformation:[-2.6017513635793525f,0.0000017176116176541542f,0.2276232013698712f,1.0840363484542409e-16f,0.13856958093268062f,2.0719926714368158f,1.5838457375780348f,4.251964713247415f,-0.1805845869529301f,1.5898958611182739f,-2.064108242667003f,-0.2533010586503106f,0f,0f,0f,1f],start_interpolation:0}
execute if entity @s[tag=aj.armor.bone.weist] run data modify entity @s {} merge value {transformation:[-1.943970091868872f,-1.1914723930322002e-16f,0.08487556719694198f,3.536614611666424e-16f,0.04243778359847088f,1.6851313554114278f,0.9719850459344359f,0.8496942129823453f,-0.073504397353165f,0.9729110416666665f,-1.6835274837556125f,-2.2559831910984283f,0f,0f,0f,1f],start_interpolation:0}
execute if entity @s[tag=aj.armor.bone.right_foot] run data modify entity @s {} merge value {transformation:[-1.1755259556282198f,-0.030347292724909224f,-0.05299683335060247f,-0.7499789888075025f,-0.012338993951496931f,-0.882402013230829f,0.7789771056655056f,-2.2527343291754685f,-0.05981113399015086f,0.7784835410893487f,0.880895509910434f,-9.091685682375019f,0f,0f,0f,1f],start_interpolation:0}
execute if entity @s[tag=aj.armor.bone.right_knee] run data modify entity @s {} merge value {transformation:[-2.900727295020746f,-0.12313671385189033f,-0.08687461169644864f,-0.9760424229948004f,-0.030447695669191064f,-1.161049663665743f,2.6623232908240375f,-3.6531618063538067f,-0.14758992609283114f,2.65964841976105f,1.1581952277196141f,-5.640331501946703f,0f,0f,0f,1f],start_interpolation:0}
execute if entity @s[tag=aj.armor.bone.right_thigh] run data modify entity @s {} merge value {transformation:[-2.474503446121639f,0.02338814232995928f,0.07936254072009244f,-0.896192340515019f,0.05851281805780141f,2.173748085528342f,1.183810894410026f,-0.5839075529146766f,-0.058495027088885015f,1.1850253070712389f,-2.173086762268283f,-3.775383223335923f,0f,0f,0f,1f],start_interpolation:0}
execute if entity @s[tag=aj.armor.bone.right_leg] run data modify entity @s {} merge value {transformation:[-0.9994414913535059f,0.008039196709817432f,0.032435731490763044f,-0.8089787499999994f,0.02363308009719809f,0.8562760316809717f,0.5159775528972235f,-0.3490431249999997f,-0.023625894399989102f,0.5164559312128658f,-0.8559877850932525f,-3.678796875f,0f,0f,0f,1f],start_interpolation:0}
execute if entity @s[tag=aj.armor.bone.left_foot] run data modify entity @s {} merge value {transformation:[-1.1761628946752765f,0.04073778839583063f,-0.023920130899588228f,0.62454126409927f,0.04679097958751465f,1.086675945983208f,-0.4500409842751042f,-5.548050168104333f,0.006507249409519847f,-0.45062924438464985f,-1.0874198060946865f,0.9725283352985399f,0f,0f,0f,1f],start_interpolation:0}
execute if entity @s[tag=aj.armor.bone.left_knee] run data modify entity @s {} merge value {transformation:[-2.9022990055135813f,0.10300351797232668f,-0.054584305566932334f,0.8172415187666693f,0.11546139921489625f,2.7273691194625833f,-0.9924993904417597f,-2.1543142236826625f,0.01605728558125656f,-0.993869533702111f,-2.729266238770512f,-0.3711990145838415f,0f,0f,0f,1f],start_interpolation:0}
execute if entity @s[tag=aj.armor.bone.left_thigh] run data modify entity @s {} merge value {transformation:[-2.475868324444681f,0.0004114217474227846f,0.009412421723085611f,0.7661110473721959f,-0.007946105342686988f,1.237765927545105f,-2.144267961556427f,-0.2703814247949697f,-0.005061853458012033f,-2.144282645147234f,-1.2377556456340715f,-3.4266811040403815f,0f,0f,0f,1f],start_interpolation:0}
execute if entity @s[tag=aj.armor.bone.left_leg] run data modify entity @s {} merge value {transformation:[-0.9990482208680709f,8.672658079658314e-8f,0.043619403713652985f,0.8089781250000005f,0.02180977671963534f,0.8660254060759717f,0.4995241031926168f,-0.4115431249999997f,-0.03777546849189058f,0.49999999603094086f,-0.8652011430582355f,-3.553796875f,0f,0f,0f,1f],start_interpolation:0}