execute if entity @s[tag=aj.armor.bone.right_thumb_2] run data modify entity @s {} merge value {transformation:[-0.7817042388790663f,-0.4700094382151083f,-0.40991415065500975f,-3.01369115862863f,-0.09128264763244304f,0.7364338236174157f,-0.6703228339191826f,1.9887669580786358f,0.6169327039148684f,-0.48657615171825974f,-0.6185771475081648f,-2.1485569807056413f,0f,0f,0f,1f],start_interpolation:0}
execute if entity @s[tag=aj.armor.bone.right_thumb] run data modify entity @s {} merge value {transformation:[-0.7817042388790663f,-0.4700094382151083f,-0.40991415065500975f,-3.311123695636657f,-0.09128264763244304f,0.7364338236174157f,-0.6703228339191826f,2.2229172162193964f,0.6169327039148684f,-0.48657615171825974f,-0.6185771475081648f,-2.1369508435990445f,0f,0f,0f,1f],start_interpolation:0}
execute if entity @s[tag=aj.armor.bone.right_fingers_2] run data modify entity @s {} merge value {transformation:[0.7678104890487394f,0.33527603587226945f,-0.5459459979489841f,-2.970347697111211f,0.13138166896258172f,-0.9164267888101576f,-0.37802221867465513f,1.4789431765200216f,-0.6270613287130228f,0.21852212821789643f,-0.7476912260497504f,-2.3007730822465025f,0f,0f,0f,1f],start_interpolation:0}
execute if entity @s[tag=aj.armor.bone.right_fingers] run data modify entity @s {} merge value {transformation:[0.23218832342519566f,-0.8050040681813257f,-0.5459459979489841f,-3.3188132794035052f,-0.9257353795683341f,-0.010639981379827856f,-0.37802221867465513f,1.4277219948263333f,0.2985005686434591f,0.5931738708066565f,-0.7476912260497504f,-2.0317266793814768f,0f,0f,0f,1f],start_interpolation:0}
execute if entity @s[tag=aj.armor.bone.right_hand] run data modify entity @s {} merge value {transformation:[-0.7524551683130126f,-0.3684483505221915f,-0.5459459979489841f,-3.5807127082786767f,-0.1712305978186055f,0.9098237656595776f,-0.37802221867465513f,2.1574856962212206f,0.6359963066321365f,-0.19096211257341614f,-0.7476912260497504f,-2.197942784533057f,0f,0f,0f,1f],start_interpolation:0}
execute if entity @s[tag=aj.armor.bone.right_forearm] run data modify entity @s {} merge value {transformation:[-1.5097068165482201f,0.23670496487694098f,-0.9957834349415299f,-3.2042677490802483f,0.6960039694562123f,1.5385059572502455f,-0.6894972484645662f,4.3610036642921495f,0.7504614341873548f,-0.9506833020210343f,-1.3637585771276919f,-3.686056903486295f,0f,0f,0f,1f],start_interpolation:0}
execute if entity @s[tag=aj.armor.bone.right_bicep] run data modify entity @s {} merge value {transformation:[-1.3613369073774764f,0.5924914178301809f,0.5530373407763864f,-2.282771736822959f,0.5462236389039984f,-0.1279903227997127f,1.4816857863445965f,4.14053459992447f,0.5987788546683235f,1.463798808904664f,-0.09429467712911122f,-1.4024306315834312f,0f,0f,0f,1f],start_interpolation:0}
execute if entity @s[tag=aj.armor.bone.right_shoulder] run data modify entity @s {} merge value {transformation:[-0.9492433033136316f,0.016900649043061784f,0.3536445925544292f,-1.8678991371191118f,0.35402013098752383f,0.05805205022667705f,0.9474770102682679f,3.977931626786285f,-0.004458322177841496f,1.0113146425288435f,-0.06029756078777932f,-1.178123826445809f,0f,0f,0f,1f],start_interpolation:0}
execute if entity @s[tag=aj.armor.bone.right_arm] run data modify entity @s {} merge value {transformation:[-1.3091861534707454f,0.010069389144862202f,0.23062535478340715f,-1.712701309655242f,0.11542258561851598f,1.1787362284307783f,0.6037519041958954f,3.818321690602105f,-0.19991766704285902f,0.6146034026047063f,-1.1617028084743133f,-0.9375305204204777f,0f,0f,0f,1f],start_interpolation:0}
execute if entity @s[tag=aj.armor.bone.left_thumb_2] run data modify entity @s {} merge value {transformation:[-0.9511925037836256f,0.20873580714982184f,0.22729316654785192f,1.91435190619542f,-0.18437741047800627f,0.20621911603324228f,-0.9609779636848563f,-0.5265214301446167f,-0.24746270678884524f,-0.9559827608257273f,-0.15766790971138522f,1.0046640477552433f,0f,0f,0f,1f],start_interpolation:0}
execute if entity @s[tag=aj.armor.bone.left_thumb] run data modify entity @s {} merge value {transformation:[-0.9511925037836256f,0.20873580714982184f,0.22729316654785192f,2.1763886828673313f,-0.18437741047800627f,0.20621911603324228f,-0.9609779636848563f,-0.38248339877193793f,-0.24746270678884524f,-0.9559827608257273f,-0.15766790971138522f,0.7722486156801953f,0f,0f,0f,1f],start_interpolation:0}
execute if entity @s[tag=aj.armor.bone.left_fingers_2] run data modify entity @s {} merge value {transformation:[0.9451222662416519f,-0.15978639175081602f,0.28497756203866015f,1.8649438645463658f,0.16141269583691897f,-0.5300015694344974f,-0.8324928095903459f,-1.009675288069327f,0.28405957733704723f,0.8328064873716002f,-0.47512473216501133f,1.2262264102182974f,0f,0f,0f,1f],start_interpolation:0}
execute if entity @s[tag=aj.armor.bone.left_fingers] run data modify entity @s {} merge value {transformation:[0.03505618642390099f,0.9578929235190715f,0.28497756203866015f,2.287806434176847f,0.5043987479723209f,0.22921087457694314f,-0.8324928095903459f,-0.9393162673371889f,-0.8627589274167883f,0.1729263486220609f,-0.47512473216501133f,1.3388083528118422f,0f,0f,0f,1f],start_interpolation:0}
execute if entity @s[tag=aj.armor.bone.left_hand] run data modify entity @s {} merge value {transformation:[-0.9372529347486492f,0.2008599647504343f,0.28497756203866015f,2.412979405322067f,-0.13814072295520752f,0.536537848284522f,-0.8324928095903459f,-0.5117521763342656f,-0.3201157243348985f,-0.8196233353917328f,-0.47512473216501133f,0.6828397257343042f,0f,0f,0f,1f],start_interpolation:0}
execute if entity @s[tag=aj.armor.bone.left_forearm] run data modify entity @s {} merge value {transformation:[-1.6470667292007193f,0.5863622161538106f,0.5197875553153837f,3.2217097995819834f,-0.12207153675302318f,1.0031388752091563f,-1.5184332381084034f,0.8966350126546758f,-0.7740143998068165f,-1.405958857913277f,-0.8666083085110556f,-1.4558716968838428f,0f,0f,0f,1f],start_interpolation:0}
execute if entity @s[tag=aj.armor.bone.left_bicep] run data modify entity @s {} merge value {transformation:[-1.4357957502399528f,-0.46297431275561896f,0.4840246948295719f,2.4887205346283765f,-0.19389226240127044f,1.3831907718980188f,0.7478794254427559f,3.044823040767765f,-0.6411169238581326f,0.6185245590501094f,-1.3101644994725126f,-0.4757056946125005f,0f,0f,0f,1f],start_interpolation:0}
execute if entity @s[tag=aj.armor.bone.left_shoulder] run data modify entity @s {} merge value {transformation:[-0.9646631172590783f,-0.006263077406630686f,0.30951384900879125f,2.055893501223479f,0.1477246696589186f,0.8808397934813631f,0.47823807759390446f,3.292795412856569f,-0.2720578446599209f,0.5004947659545987f,-0.8377962145282647f,-0.4691478348991211f,0f,0f,0f,1f],start_interpolation:0}
execute if entity @s[tag=aj.armor.bone.left_arm] run data modify entity @s {} merge value {transformation:[-1.3091861534707454f,0.010069389144862202f,0.23062535478340715f,1.7336597854011089f,0.11542258561851598f,1.1787362284307783f,0.6037519041958954f,3.5144780336004633f,-0.19991766704285902f,0.6146034026047063f,-1.1617028084743133f,-0.4112581732188355f,0f,0f,0f,1f],start_interpolation:0}
execute if entity @s[tag=aj.armor.bone.chest] run data modify entity @s {} merge value {transformation:[-2.5925289005943903f,0.01994000799670849f,0.45669815243671397f,1.420110104337097e-16f,0.2285667230775671f,2.334204139176843f,1.1955857127477103f,4.29063869612381f,-0.39588894839285377f,1.2170745003926255f,-2.3004735399064287f,-0.24536298561343906f,0f,0f,0f,1f],start_interpolation:0}
execute if entity @s[tag=aj.armor.bone.weist] run data modify entity @s {} merge value {transformation:[-1.9035230856045389f,0.029503046829176066f,0.4193669924156056f,3.0507161423201354e-16f,0.11916955238846105f,1.9026932313382021f,0.40705813679702324f,0.5690991113010153f,-0.4031596729379676f,0.4231161532923622f,-1.8597242377484262f,-1.5768538604667683f,0f,0f,0f,1f],start_interpolation:0}
execute if entity @s[tag=aj.armor.bone.right_foot] run data modify entity @s {} merge value {transformation:[-1.1745796469764298f,0.017189304290151915f,0.07522018082475508f,-1.098982477598175f,0.013748717504890718f,1.1757914795761826f,-0.05400244623704598f,-6.807062555022381f,-0.07592443975597711f,-0.05300772821612794f,-1.1734634868941038f,-0.1639390183701912f,0f,0f,0f,1f],start_interpolation:0}
execute if entity @s[tag=aj.armor.bone.right_knee] run data modify entity @s {} merge value {transformation:[-2.8983921842368288f,0.03427961055847901f,0.18728679395208123f,-1.1149651257581599f,0.03392632884626766f,2.904433591548937f,-0.006573053109693372f,-3.202165617771192f,-0.18735111181923958f,-0.004371397502739764f,-2.8985874387911768f,-0.27270887576387404f,0f,0f,0f,1f],start_interpolation:0}
execute if entity @s[tag=aj.armor.bone.right_thigh] run data modify entity @s {} merge value {transformation:[-2.4631718244855225f,0.23956400584811552f,0.07352804296136571f,-0.7300557827772169f,0.11721038884074027f,1.743490283076675f,-1.7540000229487114f,-0.7363370964376474f,-0.22149268779697176f,-1.7415118267925376f,-1.7458780797447608f,-2.6745413943074836f,0f,0f,0f,1f],start_interpolation:0}
execute if entity @s[tag=aj.armor.bone.right_leg] run data modify entity @s {} merge value {transformation:[-0.9762960244199455f,2.2585995554242155e-8f,0.2164395359027753f,-0.6527287499999996f,0.04684611208645089f,0.9762960061296777f,0.21130913420300607f,-0.9871608917316053f,-0.21130904969781333f,0.21643961840485637f,-0.953153910499541f,-2.6903852226416967f,0f,0f,0f,1f],start_interpolation:0}
execute if entity @s[tag=aj.armor.bone.left_foot] run data modify entity @s {} merge value {transformation:[-1.1749730928370947f,-0.030568101101015113f,-0.06398997718763132f,1.4018025367761782f,-0.05133666581027255f,-0.3661398158584279f,1.1175406376786494f,-3.682022836293957f,-0.048925174796620355f,1.1183014447432302f,0.3641415944833623f,-7.321585201326936f,0f,0f,0f,1f],start_interpolation:0}
execute if entity @s[tag=aj.armor.bone.left_knee] run data modify entity @s {} merge value {transformation:[-2.899363051057488f,-0.10170321487811904f,-0.14240450407236718f,1.3356710280622555f,-0.12667833239941864f,-0.4109008097420301f,2.872636735333562f,-4.090846839098318f,-0.12072773830874212f,2.873629354870043f,0.4057189083171459f,-3.738868648940188f,0f,0f,0f,1f],start_interpolation:0}
execute if entity @s[tag=aj.armor.bone.left_thigh] run data modify entity @s {} merge value {transformation:[-2.465027982132413f,-0.17867464552279028f,0.14739450902450504f,1.0321619743255912f,-0.09727248876855445f,2.228425341156989f,1.0745563199559105f,-0.9940529932226249f,-0.210209022575248f,1.0640529088704767f,-2.2256721000388393f,-2.2173512890274476f,0f,0f,0f,1f],start_interpolation:0}
execute if entity @s[tag=aj.armor.bone.left_leg] run data modify entity @s {} merge value {transformation:[-0.9790327633937955f,0.011344702791628927f,0.20338669061685952f,0.9339781250000003f,0.05685396749341478f,0.9739889496189418f,0.21934710483716902f,-1.0556351864441398f,-0.1956079614478058f,0.22631134248808626f,-0.9542120842241905f,-2.492252480613477f,0f,0f,0f,1f],start_interpolation:0}