execute if entity @s[tag=aj.armor.bone.right_thumb_2] run data modify entity @s {} merge value {transformation:[-0.5727123859675468f,-0.8188162209951669f,-0.0392494483343902f,-1.222679395050948f,-0.4012570733197251f,0.3217630997133277f,-0.8575903851919988f,0.9335148370150768f,0.714837942522813f,-0.47540351691806587f,-0.5128335129763714f,-1.1543582553916067f,0f,0f,0f,1f],start_interpolation:0}
execute if entity @s[tag=aj.armor.bone.right_thumb] run data modify entity @s {} merge value {transformation:[-0.5727123859675468f,-0.8188162209951669f,-0.0392494483343902f,-1.6167817225162895f,-0.4012570733197251f,0.3217630997133277f,-0.8575903851919988f,0.98326085490077f,0.714837942522813f,-0.47540351691806587f,-0.5128335129763714f,-1.12073800269032f,0f,0f,0f,1f],start_interpolation:0}
execute if entity @s[tag=aj.armor.bone.right_fingers_2] run data modify entity @s {} merge value {transformation:[0.5391905340089301f,0.7802732667263612f,-0.3169340582318937f,-0.9136447338096508f,0.42685799562491694f,-0.5776020618154538f,-0.6958218951410022f,0.4813910322495716f,-0.7259929886756777f,0.23989474237404604f,-0.6445034468294544f,-1.2802015380959089f,0f,0f,0f,1f],start_interpolation:0}
execute if entity @s[tag=aj.armor.bone.right_fingers] run data modify entity @s {} merge value {transformation:[0.7032194334779258f,-0.636423782641447f,-0.3169340582318937f,-1.1770068648973466f,-0.6283767448934534f,-0.3478139685514266f,-0.6958218951410022f,0.28290760287224237f,0.332603509987633f,0.6884694707602214f,-0.6445034468294544f,-0.950194505519211f,0f,0f,0f,1f],start_interpolation:0}
execute if entity @s[tag=aj.armor.bone.right_hand] run data modify entity @s {} merge value {transformation:[-0.5046423022232402f,-0.8030497802374962f,-0.3169340582318937f,-1.8259393695872936f,-0.45164636947441517f,0.558433028377589f,-0.6958218951410022f,0.7708571293619633f,0.735766065911855f,-0.20799904633806576f,-0.6445034468294544f,-1.1438294699855585f,0f,0f,0f,1f],start_interpolation:0}
execute if entity @s[tag=aj.armor.bone.right_forearm] run data modify entity @s {} merge value {transformation:[-1.4538942448314474f,-1.0964281701026417f,-0.6084997900519034f,-3.397405912979716f,-0.4291298237118791f,1.3104675755031514f,-1.335948176314391f,2.663852438007356f,1.1782505340923248f,-0.8756455922358707f,-1.2374189579729593f,-2.5358954373520093f,0f,0f,0f,1f],start_interpolation:0}
execute if entity @s[tag=aj.armor.bone.right_bicep] run data modify entity @s {} merge value {transformation:[-1.2561651617438812f,0.5258030641630947f,-0.9627525428939577f,-2.5607375289562073f,-0.4045997086481466f,1.1383960295714457f,1.1496372429287927f,4.4266555620506765f,1.0196373850020979f,1.0994989096328294f,-0.7298999832397693f,-0.8138041601978863f,0f,0f,0f,1f],start_interpolation:0}
execute if entity @s[tag=aj.armor.bone.right_shoulder] run data modify entity @s {} merge value {transformation:[-1.0166072301393156f,0.24857213243918436f,-0.2049908300616278f,-2.0541629848392446f,0.02299411677029609f,0.7327497671896873f,0.774498970356748f,4.560982606329589f,0.32137301695797765f,0.7338864213652855f,-0.7038676795486719f,-0.7806755467355574f,0f,0f,0f,1f],start_interpolation:0}
execute if entity @s[tag=aj.armor.bone.right_arm] run data modify entity @s {} merge value {transformation:[-1.398018092552365f,0.000007215226720112181f,-0.061039621101281624f,-1.844387956183944f,-0.03717079609022732f,1.1098631794650993f,0.8514707730072947f,4.557818627929215f,0.048416601638965356f,0.8522817288406234f,-1.1088066151814628f,-0.7080565710469092f,0f,0f,0f,1f],start_interpolation:0}
execute if entity @s[tag=aj.armor.bone.left_thumb_2] run data modify entity @s {} merge value {transformation:[-0.9521027999324677f,0.14688445328436184f,0.2681887688627357f,2.818988118492044f,0.10787933796102553f,0.9820282868998538f,-0.15486281725976053f,1.2235795462063843f,-0.28611589749932903f,-0.11851329508495362f,-0.9508376791473195f,-3.994685645220691f,0f,0f,0f,1f],start_interpolation:0}
execute if entity @s[tag=aj.armor.bone.left_thumb] run data modify entity @s {} merge value {transformation:[-0.9521027999324677f,0.14688445328436184f,0.2681887688627357f,3.0732473794185733f,0.10787933796102553f,0.9820282868998538f,-0.15486281725976053f,1.5225932111552236f,-0.28611589749932903f,-0.11851329508495362f,-0.9508376791473195f,-3.9249383255034456f,0f,0f,0f,1f],start_interpolation:0}
execute if entity @s[tag=aj.armor.bone.left_fingers_2] run data modify entity @s {} merge value {transformation:[0.9491770193749891f,-0.08778634893343416f,0.3022524488426002f,2.805850001233857f,-0.15033919124056172f,-0.9701365892071637f,0.19035000882223535f,0.8320381185428611f,0.27651602750572174f,-0.226116242721368f,-0.9340290848308884f,-4.397522571015825f,0f,0f,0f,1f],start_interpolation:0}
execute if entity @s[tag=aj.armor.bone.left_fingers] run data modify entity @s {} merge value {transformation:[-0.036857137532973455f,0.9525150962486247f,0.3022524488426002f,3.2521718576650773f,0.9814601383742304f,-0.022424783695990463f,0.19035000882223535f,0.7749593022146186f,0.1880892027611168f,0.30366448671957214f,-0.9340290848308884f,-4.274239423031717f,0f,0f,0f,1f],start_interpolation:0}
execute if entity @s[tag=aj.armor.bone.left_hand] run data modify entity @s {} merge value {transformation:[-0.9444444264134356f,0.12910531586750518f,0.3022524488426002f,3.323686447874868f,0.1925128653248518f,0.9626555307199929f,0.19035000882223535f,1.5827915256133376f,-0.2663897935376136f,0.2379624898780506f,-0.9340290848308884f,-4.076766899033054f,0f,0f,0f,1f],start_interpolation:0}
execute if entity @s[tag=aj.armor.bone.left_forearm] run data modify entity @s {} merge value {transformation:[-1.8298086537765426f,0.03569017095545035f,0.5803117301101962f,3.316488369667048f,0.1525476486847005f,1.8786698998785767f,0.36546384775081325f,4.368225534589603f,-0.5610389534489452f,0.3944119937694988f,-1.7932957574604151f,-3.595008077252271f,0f,0f,0f,1f],start_interpolation:0}
execute if entity @s[tag=aj.armor.bone.left_bicep] run data modify entity @s {} merge value {transformation:[-1.58561422744333f,-0.48984629377286937f,0.16489501180262509f,2.5452354348990442f,0.10578133135917364f,0.21324202382346538f,1.65065150286869f,4.680006551688646f,-0.5059150782258667f,1.5798388153428087f,-0.1716726124664584f,-1.1290298304300999f,0f,0f,0f,1f],start_interpolation:0}
execute if entity @s[tag=aj.armor.bone.left_shoulder] run data modify entity @s {} merge value {transformation:[-1.042820434455697f,-0.2231980717891358f,-0.0027871199280170445f,2.0368803701845875f,-0.03273421158067566f,0.13974423307983277f,1.056740094119349f,4.674646134887775f,-0.22080221620281107f,1.033418490194941f,-0.14349986498037523f,-0.9974797536044477f,0f,0f,0f,1f],start_interpolation:0}
execute if entity @s[tag=aj.armor.bone.left_arm] run data modify entity @s {} merge value {transformation:[-1.398018092552365f,0.000007215226720112181f,-0.061039621101281624f,1.8358181542413852f,-0.03717079609022732f,1.1098631794650993f,0.8514707730072947f,4.622456499478449f,0.048416601638965356f,0.8522817288406234f,-1.1088066151814628f,-0.8610148288524463f,0f,0f,0f,1f],start_interpolation:0}
execute if entity @s[tag=aj.armor.bone.chest] run data modify entity @s {} merge value {transformation:[-2.746530433120781f,0.000014174952294411789f,-0.11991774489467266f,1.0242254442763739e-16f,-0.07302532294038411f,2.180424570497401f,1.6727897896570432f,5.176410628886378f,0.09511870452758317f,1.6743829842573272f,-2.1783488563310285f,-0.2107117490473216f,0f,0f,0f,1f],start_interpolation:0}
execute if entity @s[tag=aj.armor.bone.weist] run data modify entity @s {} merge value {transformation:[-2.0451879832774615f,-1.2541814529215396e-16f,-0.1116584421193947f,3.5938345492070395e-16f,-0.05582922105969745f,1.7738224603886648f,1.0225939916387308f,1.5893911800274607f,0.09669904742239009f,1.0241168749999996f,-1.7711847490329458f,-2.3089568158859626f,0f,0f,0f,1f],start_interpolation:0}
execute if entity @s[tag=aj.armor.bone.right_foot] run data modify entity @s {} merge value {transformation:[-1.2378543667022848f,-0.03257909395489961f,-0.04399066481112115f,-0.8098686451804832f,-0.03195294205348437f,-0.3784688535558803f,1.1794152557515887f,-4.513527748727476f,-0.04444755839833341f,1.1793981255888684f,0.37725917487484817f,-9.65478335341064f,0f,0f,0f,1f],start_interpolation:0}
execute if entity @s[tag=aj.armor.bone.right_knee] run data modify entity @s {} merge value {transformation:[-3.054529697351754f,-0.13025912934937955f,-0.03576118625472991f,-1.0464945213437713f,-0.07884708657622058f,1.0620994351067627f,2.866029640828814f,-3.055787231126805f,-0.10967880451411682f,2.8641535092225836f,-1.0644215380540345f,-6.022179990412537f,0f,0f,0f,1f],start_interpolation:0}
execute if entity @s[tag=aj.armor.bone.right_thigh] run data modify entity @s {} merge value {transformation:[-2.6061052601710477f,0.004384998891879443f,0.021331624588318502f,-0.9875033331611247f,0.015403486963799203f,2.1757614747296765f,1.4346022553953977f,-0.0014870862612060554f,-0.01539477223653557f,1.4346782462911063f,-2.1757114294227815f,-3.80526342989594f,0f,0f,0f,1f],start_interpolation:0}
execute if entity @s[tag=aj.armor.bone.right_leg] run data modify entity @s {} merge value {transformation:[-1.0064973590469695f,0.0016035530573717605f,0.008256416009283141f,-0.8984312499999996f,0.005948941965667484f,0.834201701332224f,0.5631871848152822f,0.23373750000000015f,-0.005945576272765623f,0.5632163204917501f,-0.8341820544765809f,-3.698075625f,0f,0f,0f,1f],start_interpolation:0}
execute if entity @s[tag=aj.armor.bone.left_foot] run data modify entity @s {} merge value {transformation:[-1.23793293425341f,0.046777053163455075f,0.02477835154821745f,0.6411887176377867f,0.05150520030089452f,0.9305280098522918f,0.8165444546010086f,-5.103377733388299f,0.012217763709799191f,0.8168289535117111f,-0.9316228829694208f,-2.4151428277358313f,0f,0f,0f,1f],start_interpolation:0}
execute if entity @s[tag=aj.armor.bone.left_knee] run data modify entity @s {} merge value {transformation:[-3.0547235706575453f,0.12472164012141607f,0.038812299334701865f,0.8685587535377461f,0.12709424316711296f,2.6283119170977502f,1.5569911672905299f,-1.7315722047676596f,0.030148556317032286f,1.5571830188363767f,-2.6310967457743986f,-0.5380062715142828f,0f,0f,0f,1f],start_interpolation:0}
execute if entity @s[tag=aj.armor.bone.left_thigh] run data modify entity @s {} merge value {transformation:[-2.60619507252787f,-0.00005228729036703093f,0.002476834986957761f,0.8143958650614227f,-0.002088345458824875f,1.4481150005723649f,-2.1668450515541267f,0.3608175685723497f,-0.0013327635791682997f,-2.1668460572678905f,-1.4481143882158973f,-3.5617072200465207f,0f,0f,0f,1f],start_interpolation:0}
execute if entity @s[tag=aj.armor.bone.left_leg] run data modify entity @s {} merge value {transformation:[-1.0064726096176941f,0.0000016488466699733048f,0.01097996552274127f,0.8515562500000006f,0.005492145972829035f,0.8716437888308297f,0.5033037008422445f,0.26498750000000015f,-0.009507679959507477f,0.5033336656197038f,-0.8715919335514013f,-3.666825625f,0f,0f,0f,1f],start_interpolation:0}