execute if entity @s[tag=aj.armor.bone.right_thumb_2] run data modify entity @s {} merge value {transformation:[-0.9546905827227548f,0.2975408233157411f,0.005945563142172261f,-2.2992010764034787f,0.20871157933171738f,0.6551638575000424f,0.7260852542770199f,5.083942223723703f,0.21214468627176802f,0.6944276623855469f,-0.6875789800454913f,-6.736805453783186f,0f,0f,0f,1f],start_interpolation:0}
execute if entity @s[tag=aj.armor.bone.right_thumb] run data modify entity @s {} merge value {transformation:[-0.9546905827227548f,0.2975408233157411f,0.005945563142172261f,-2.422810912454651f,0.20871157933171738f,0.6551638575000424f,0.7260852542770199f,5.311071131273833f,0.21214468627176802f,0.6944276623855469f,-0.6875789800454913f,-6.433400279161414f,0f,0f,0f,1f],start_interpolation:0}
execute if entity @s[tag=aj.armor.bone.right_fingers_2] run data modify entity @s {} merge value {transformation:[0.965889074890493f,-0.23565621648568635f,0.1073519568468032f,-2.3157067199182726f,-0.19249079577175504f,-0.37607112653088764f,0.9063761919495379f,5.163774434593094f,-0.17322121276085978f,-0.8961231251460037f,-0.4086046451378358f,-7.29278141578678f,0f,0f,0f,1f],start_interpolation:0}
execute if entity @s[tag=aj.armor.bone.right_fingers] run data modify entity @s {} merge value {transformation:[-0.35971396793793187f,-0.9268664513464223f,0.1073519568468032f,-2.7624026692464523f,-0.34772869530061395f,0.23993114247964398f,0.9063761919495379f,5.265983207871243f,-0.8658467622708311f,0.2887068205583342f,-0.4086046451378358f,-7.20516851207227f,0f,0f,0f,1f],start_interpolation:0}
execute if entity @s[tag=aj.armor.bone.right_hand] run data modify entity @s {} merge value {transformation:[-0.975248942306632f,0.19330043427513918f,0.1073519568468032f,-2.5676878234050045f,0.1759035950415792f,0.38410952073399923f,0.9063761919495379f,5.571854900606082f,0.13396800282621002f,0.902826017674801f,-0.4086046451378358f,-6.45334986911304f,0f,0f,0f,1f],start_interpolation:0}
execute if entity @s[tag=aj.armor.bone.right_forearm] run data modify entity @s {} merge value {transformation:[-1.9048591591532735f,0.12355152566776188f,0.20611114995771412f,-2.29084801870143f,0.23857840262102845f,0.7752468699913747f,1.740203389898208f,6.772175098642503f,0.028759892811368173f,1.7521308492562948f,-0.7845033827152909f,-3.9090666423922853f,0f,0f,0f,1f],start_interpolation:0}
execute if entity @s[tag=aj.armor.bone.right_bicep] run data modify entity @s {} merge value {transformation:[-1.6463645367346986f,-0.011175634813991383f,0.26584046358662594f,-2.3067943494265766f,0.23859119386876912f,-0.799537440343468f,1.4439966614948936f,5.505189646967651f,0.11777219154674552f,1.4635324463047026f,0.7908948882264677f,-1.6358352890997114f,0f,0f,0f,1f],start_interpolation:0}
execute if entity @s[tag=aj.armor.bone.right_shoulder] run data modify entity @s {} merge value {transformation:[-1.0545419135830356f,-0.09943411865265753f,0.1239105094439052f,-1.8662768574190203f,0.15628038862845697f,-0.4995514663158227f,0.9291525054791057f,5.308195264910816f,-0.028590180709771082f,0.9369422577489661f,0.5085483389192239f,-1.4287203903710768f,0f,0f,0f,1f],start_interpolation:0}
execute if entity @s[tag=aj.armor.bone.right_arm] run data modify entity @s {} merge value {transformation:[-1.3345838506353387f,-5.0816899516423066e-8f,0.42079254760909357f,-1.7270994129174913f,0.25616221841618825f,1.110179036882569f,0.8124431342700796f,5.190994083464467f,-0.33383721479105805f,0.8518702533640267f,-1.0587965847857934f,-1.2074471886580758f,0f,0f,0f,1f],start_interpolation:0}
execute if entity @s[tag=aj.armor.bone.left_thumb_2] run data modify entity @s {} merge value {transformation:[0.3126732628747471f,0.7700351384794077f,-0.5561306646735624f,-0.1433764421640632f,-0.08052054320895585f,-0.5618914378053371f,-0.8232827304409982f,2.701366707169013f,-0.946441690123905f,0.30219844081009095f,-0.11368478159963247f,-0.30486391700956217f,0f,0f,0f,1f],start_interpolation:0}
execute if entity @s[tag=aj.armor.bone.left_thumb] run data modify entity @s {} merge value {transformation:[0.3126732628747471f,0.7700351384794077f,-0.5561306646735624f,0.05799557816017216f,-0.08052054320895585f,-0.5618914378053371f,-0.8232827304409982f,2.575117279398686f,-0.946441690123905f,0.30219844081009095f,-0.11368478159963247f,0.015186115983690157f,0f,0f,0f,1f],start_interpolation:0}
execute if entity @s[tag=aj.armor.bone.left_fingers_2] run data modify entity @s {} merge value {transformation:[-0.3522352477654349f,-0.8992958717006092f,-0.2592243533579809f,-0.622217459521395f,0.0911928549140244f,0.2426791606496749f,-0.9658108967075276f,2.5224255245618465f,0.9314581007454129f,-0.3638320493422893f,-0.0034707963261713104f,-0.5382010588222155f,0f,0f,0f,1f],start_interpolation:0}
execute if entity @s[tag=aj.armor.bone.left_fingers] run data modify entity @s {} merge value {transformation:[0.9375781965087592f,-0.23184016057947926f,-0.2592243533579809f,-0.7782652507000746f,-0.2525060628982328f,0.0587367006277568f,-0.9658108967075276f,2.553531338796633f,0.2391397366206959f,0.9709789595773155f,-0.0034707963261713104f,-0.09963357192018607f,0f,0f,0f,1f],start_interpolation:0}
execute if entity @s[tag=aj.armor.bone.left_hand] run data modify entity @s {} merge value {transformation:[0.39112673284225985f,0.8830756555823945f,-0.2592243533579809f,-0.025695813519089672f,-0.10169157583670141f,-0.23847040739858993f,-0.9658108967075276f,2.3598257156545372f,-0.9147014279315342f,0.4041153935608919f,-0.0034707963261713104f,0.20503019240504694f,0f,0f,0f,1f],start_interpolation:0}
execute if entity @s[tag=aj.armor.bone.left_forearm] run data modify entity @s {} merge value {transformation:[-0.3573407319526859f,1.8195707950065354f,-0.49769963340215834f,2.614498393825689f,0.10267958170762104f,-0.48703822699328464f,-1.854315472294136f,1.5726518559401632f,-1.883613470601043f,-0.3717406209285736f,-0.006663779991239917f,-0.4278346076435323f,0f,0f,0f,1f],start_interpolation:0}
execute if entity @s[tag=aj.armor.bone.left_bicep] run data modify entity @s {} merge value {transformation:[-0.24430499868702577f,-0.12483551564118454f,1.6450055915899613f,2.3977489566741026f,0.16172695476889876f,1.653122897896731f,0.14947010156482707f,4.150840655529482f,-1.6417891747812257f,0.1814194399595059f,-0.23005983371085922f,-0.14667735452995542f,0f,0f,0f,1f],start_interpolation:0}
execute if entity @s[tag=aj.armor.bone.left_shoulder] run data modify entity @s {} merge value {transformation:[-0.9097394574473783f,-0.0005402070840382149f,0.5564830936748267f,1.9853582636615943f,0.0854154677924081f,1.053669071877856f,0.1406601956351231f,4.416002409383208f,-0.5498890099205511f,0.16456245304021624f,-0.8987996893770227f,-0.3347788941616997f,0f,0f,0f,1f],start_interpolation:0}
execute if entity @s[tag=aj.armor.bone.left_arm] run data modify entity @s {} merge value {transformation:[-1.3345838506353387f,-5.0816899516423066e-8f,0.42079254760909357f,1.7861197352666551f,0.25616221841618825f,1.110179036882569f,0.8124431342700796f,4.483439352212886f,-0.33383721479105805f,0.8518702533640267f,-1.0587965847857934f,-0.3541308244665681f,0f,0f,0f,1f],start_interpolation:0}
execute if entity @s[tag=aj.armor.bone.chest] run data modify entity @s {} merge value {transformation:[-2.6219082434258114f,-9.98343024187069e-8f,0.8266842497930768f,1.0242254442763729e-16f,0.5032533787966269f,2.181045100384838f,1.5961165347859936f,5.426410628886379f,-0.6558527926186876f,1.6735746042192021f,-2.080099719803593f,-0.2107117490473207f,0f,0f,0f,1f],start_interpolation:0}
execute if entity @s[tag=aj.armor.bone.weist] run data modify entity @s {} merge value {transformation:[-1.9996824317732884f,-1.25418145292154e-16f,0.4433189221049931f,3.5335745924613055e-16f,0.2216594610524964f,1.7738224603886656f,0.9998412158866441f,1.81098208911837f,-0.38392544852125876f,1.024116875f,-1.7317757854171103f,-2.259750827034573f,0f,0f,0f,1f],start_interpolation:0}
execute if entity @s[tag=aj.armor.bone.right_foot] run data modify entity @s {} merge value {transformation:[-1.2329253525900532f,-0.04200639789618193f,0.11580391441502096f,-1.0842849836867716f,0.12063160758375793f,-0.17567273123671828f,1.2206011288987697f,-2.0277112427229285f,-0.02496195725122711f,1.2258281132169306f,0.17889199717865673f,-5.765125485687341f,0f,0f,0f,1f],start_interpolation:0}
execute if entity @s[tag=aj.armor.bone.right_knee] run data modify entity @s {} merge value {transformation:[-3.042366861084845f,-0.10365499634216792f,0.2857577637283859f,-1.275537600622346f,0.2976705804136753f,-0.4334900687929678f,3.0119556040949624f,-2.473694337545606f,-0.06159613099804676f,3.024853711705108f,0.44143393011287463f,-1.8739395571512196f,0f,0f,0f,1f],start_interpolation:0}
execute if entity @s[tag=aj.armor.bone.right_thigh] run data modify entity @s {} merge value {transformation:[-2.5835416410298544f,0.2820182879185005f,-0.19503119714124426f,-0.8242183888652148f,0.3424145680809007f,2.199776061682869f,-1.3549894595630758f,0.618947388025039f,0.01799294708488228f,-1.368835219170147f,-2.2177072146991534f,-3.751503162361517f,0f,0f,0f,1f],start_interpolation:0}
execute if entity @s[tag=aj.armor.bone.right_leg] run data modify entity @s {} merge value {transformation:[-0.9912409965537241f,-0.022813720748950436f,0.17328731763466862f,-0.8515562499999996f,0.06688639309430114f,0.8724465412642f,0.49746448778904695f,0.5931125000000002f,-0.1614780812564487f,0.5014222176349719f,-0.8576760824996884f,-3.823075625f,0f,0f,0f,1f],start_interpolation:0}
execute if entity @s[tag=aj.armor.bone.left_foot] run data modify entity @s {} merge value {transformation:[-1.238773807447827f,-0.026821407726912955f,-0.0002742008787966477f,1.3677270734381861f,-0.022267153015204242f,1.0212615080682201f,0.701291034558537f,-5.719377262603141f,-0.014954497489809506f,0.7011316234082814f,-1.0215041942053178f,-8.083980957631487f,0f,0f,0f,1f],start_interpolation:0}
execute if entity @s[tag=aj.armor.bone.left_knee] run data modify entity @s {} merge value {transformation:[-3.056798509530116f,-0.06552997732546113f,-0.009309641839629087f,1.3545651611450964f,-0.05494643149469568f,2.272629260696189f,2.0446356908550944f,-2.8279067800669697f,-0.03690172117200406f,2.044323859060549f,-2.2732743339674877f,-5.62393559423335f,0f,0f,0f,1f],start_interpolation:0}
execute if entity @s[tag=aj.armor.bone.left_thigh] run data modify entity @s {} merge value {transformation:[-2.600669115542863f,-0.16826168846766304f,0.021611320403351453f,1.0598597034298898f,-0.1312893323171712f,2.2065484031085467f,1.3806397609343637f,0.21911270329596874f,-0.10743442742099282f,1.3766230575023781f,-2.2103451528825966f,-3.524320647046253f,0f,0f,0f,1f],start_interpolation:0}
execute if entity @s[tag=aj.armor.bone.left_leg] run data modify entity @s {} merge value {transformation:[-0.9912410033530058f,-0.015233266015542896f,0.17411747308778588f,0.9765562500000006f,0.07386633648935807f,0.8722459694770703f,0.49682834723966424f,0.46811250000000015f,-0.1584067901373456f,0.5020583530763681f,-0.8578766650870494f,-3.448075625f,0f,0f,0f,1f],start_interpolation:0}