execute if entity @s[tag=aj.armor.bone.right_thumb_2] run data modify entity @s {} merge value {transformation:[-0.4058700193054539f,-0.9118910958721549f,0.061025869089028406f,-0.8465707353524938f,-0.386006137002546f,0.11051498069503479f,-0.9158524451233114f,6.54421909633227f,0.8284134170964172f,-0.39527340956742485f,-0.3968502766328644f,-0.7853893964977641f,0f,0f,0f,1f],start_interpolation:0}
execute if entity @s[tag=aj.armor.bone.right_thumb] run data modify entity @s {} merge value {transformation:[-0.4058700193054539f,-0.9118910958721549f,0.061025869089028406f,-1.2368290436045064f,-0.386006137002546f,0.11051498069503479f,-0.9158524451233114f,6.53188421446648f,0.8284134170964172f,-0.39527340956742485f,-0.3968502766328644f,-0.7049659190150338f,0f,0f,0f,1f],start_interpolation:0}
execute if entity @s[tag=aj.armor.bone.right_fingers_2] run data modify entity @s {} merge value {transformation:[0.36719595705763985f,0.8946377698551273f,-0.25453956444758863f,-0.4761462977046963f,0.40383195917282927f,-0.39985576782418314f,-0.8228214348741576f,6.136695466126059f,-0.8379062464686358f,0.19934549326828865f,-0.5081087447018254f,-0.8970366772654486f,0f,0f,0f,1f],start_interpolation:0}
execute if entity @s[tag=aj.armor.bone.right_fingers] run data modify entity @s {} merge value {transformation:[0.8390553296404606f,-0.4808282062574637f,-0.25453956444758863f,-0.6600873740449839f,-0.4491455942275584f,-0.3481854699691046f,-0.8228214348741576f,5.945744047821673f,0.307008776727819f,0.804718034201809f,-0.5081087447018254f,-0.5131575795525938f,0f,0f,0f,1f],start_interpolation:0}
execute if entity @s[tag=aj.armor.bone.right_hand] run data modify entity @s {} merge value {transformation:[-0.32782291643551165f,-0.9098031356236072f,-0.25453956444758863f,-1.404859883427542f,-0.42088906425651973f,0.381860291076336f,-0.8228214348741576f,6.286514179002188f,0.8458040736772241f,-0.16260680338949135f,-0.5081087447018254f,-0.6740683078208343f,0f,0f,0f,1f],start_interpolation:0}
execute if entity @s[tag=aj.armor.bone.right_forearm] run data modify entity @s {} merge value {transformation:[-1.2776554355389032f,-1.347219051974456f,-0.4887050397497293f,-3.348406516944127f,-0.44582609446838717f,0.9958732983526837f,-1.5797818422051357f,7.70757013968254f,1.3620098690430993f,-0.9378018988395347f,-0.975546983493878f,-2.15528822161361f,0f,0f,0f,1f],start_interpolation:0}
execute if entity @s[tag=aj.armor.bone.right_bicep] run data modify entity @s {} merge value {transformation:[-1.096068635236219f,0.4981125081683151f,-1.1540492670457312f,-2.5529593111948072f,-0.4309704621370734f,1.2894458464209269f,0.96587064590673f,9.70852971910937f,1.180766802687083f,0.9330195995075327f,-0.7187325088779789f,-0.6936070969570327f,0f,0f,0f,1f],start_interpolation:0}
execute if entity @s[tag=aj.armor.bone.right_shoulder] run data modify entity @s {} merge value {transformation:[-1.0030986801553676f,0.2319793698512709f,-0.2779895962805367f,-2.054482065830729f,0.0053257505115890036f,0.8281630793212781f,0.6718758488268768f,9.873591895056274f,0.36202801004659413f,0.6305799646506025f,-0.7801309082001542f,-0.6994331185728225f,0f,0f,0f,1f],start_interpolation:0}
execute if entity @s[tag=aj.armor.bone.right_arm] run data modify entity @s {} merge value {transformation:[-1.394025076279555f,-9.203007252652118e-7f,-0.12196109708811248f,-1.8434000598982376f,-0.07424593807609413f,1.110179005682028f,0.8486286222618624f,9.883641065826708f,0.09675768642843702f,0.8518702940248704f,-1.1059545084563829f,-0.6439956032960621f,0f,0f,0f,1f],start_interpolation:0}
execute if entity @s[tag=aj.armor.bone.left_thumb_2] run data modify entity @s {} merge value {transformation:[-0.96973770023956f,0.019092105239467583f,0.2434014877760913f,2.9276873503782115f,0.029140175715956798f,0.9988623185830574f,0.037748094973414525f,7.09928341214165f,-0.24240388382477032f,0.04369851293126409f,-0.9691907949801543f,-4.688168494860674f,0f,0f,0f,1f],start_interpolation:0}
execute if entity @s[tag=aj.armor.bone.left_thumb] run data modify entity @s {} merge value {transformation:[-0.96973770023956f,0.019092105239467583f,0.2434014877760913f,3.145858944079311f,0.029140175715956798f,0.9988623185830574f,0.037748094973414525f,7.413263735920177f,-0.24240388382477032f,0.04369851293126409f,-0.9691907949801543f,-4.575300677558155f,0f,0f,0f,1f],start_interpolation:0}
execute if entity @s[tag=aj.armor.bone.left_fingers_2] run data modify entity @s {} merge value {transformation:[0.9716633980234165f,0.02294597866624032f,0.2352524665218959f,2.94541335757084f,-0.06949147209257711f,-0.9235607908893411f,0.3771026396596303f,6.780082623261323f,0.22592294316424313f,-0.38276487246729257f,-0.8957956665206096f,-5.150284858489076f,0f,0f,0f,1f],start_interpolation:0}
execute if entity @s[tag=aj.armor.bone.left_fingers] run data modify entity @s {} merge value {transformation:[-0.14957719610142958f,0.9603556317332651f,0.2352524665218959f,3.400331713002447f,0.9247300575375796f,0.051651910403037474f,0.3771026396596303f,6.761819358602449f,0.35000140441572347f,0.2739509823853855f,-0.8957956665206096f,-5.048423833391555f,0f,0f,0f,1f],start_interpolation:0}
execute if entity @s[tag=aj.armor.bone.left_hand] run data modify entity @s {} merge value {transformation:[-0.9717394793033989f,0.019459222968140073f,0.2352524665218959f,3.380055187281716f,0.10971048750243333f,0.9196505902209369f,0.3771026396596303f,7.5291696520500375f,-0.20901194534078177f,0.3922551854950534f,-0.8957956665206096f,-4.7206052476475655f,0f,0f,0f,1f],start_interpolation:0}
execute if entity @s[tag=aj.armor.bone.left_forearm] run data modify entity @s {} merge value {transformation:[-1.8640217882647045f,-0.08745281456660921f,0.4516746394703519f,3.18491957962439f,0.09212407370721254f,1.7758215327527145f,0.7240208841582048f,10.175134254896905f,-0.45074508290150217f,0.7245999523033513f,-1.7198892351555488f,-3.7451159303504946f,0f,0f,0f,1f],start_interpolation:0}
execute if entity @s[tag=aj.armor.bone.left_bicep] run data modify entity @s {} merge value {transformation:[-1.6128161685034565f,-0.42205458517133376f,0.04479027194370767f,2.520920797105248f,0.046219506209139914f,0.00029775932515248933f,1.66708605155711f,10.154234081615321f,-0.42190046050072183f,1.6134379669470855f,0.011408898020455268f,-1.228817854727972f,0f,0f,0f,1f],start_interpolation:0}
execute if entity @s[tag=aj.armor.bone.left_shoulder] run data modify entity @s {} merge value {transformation:[-1.0501099922220563f,-0.17904472322912718f,-0.05011583707221048f,2.0199690556619814f,-0.05163796663228323f,0.004708868825343802f,1.0651811830682698f,10.110846057103828f,-0.17861167499277952f,1.0512946396916711f,-0.013306236059936217f,-1.077411577857089f,0f,0f,0f,1f],start_interpolation:0}
execute if entity @s[tag=aj.armor.bone.left_arm] run data modify entity @s {} merge value {transformation:[-1.394025076279555f,-9.203007252652118e-7f,-0.12196109708811248f,1.8262948965758685f,-0.07424593807609413f,1.110179005682028f,0.8486286222618624f,10.045867774157147f,0.09675768642843702f,0.8518702940248704f,-1.1059545084563829f,-0.9241968163805692f,0f,0f,0f,1f],start_interpolation:0}
execute if entity @s[tag=aj.armor.bone.chest] run data modify entity @s {} merge value {transformation:[-2.738685798797631f,-0.0000018080123304765837f,-0.23960338324216085f,1.0242254442763729e-16f,-0.14586272491602628f,2.18104503908861f,1.6672061326504328f,10.55141062888638f,0.19008904951214406f,1.6735746841010328f,-2.172745639920116f,-0.2107117490473207f,0f,0f,0f,1f],start_interpolation:0}
execute if entity @s[tag=aj.armor.bone.weist] run data modify entity @s {} merge value {transformation:[-2.040439602202574f,-1.25418145292154e-16f,-0.17851533380207105f,3.599860544881612e-16f,-0.08925766690103562f,1.7738224603886656f,1.020219801101287f,6.9672320891183706f,0.15459881403765238f,1.024116875f,-1.767072530395244f,-2.3138774147711008f,0f,0f,0f,1f],start_interpolation:0}
execute if entity @s[tag=aj.armor.bone.right_foot] run data modify entity @s {} merge value {transformation:[-1.2378848483494524f,-0.03290196117862419f,-0.04287857617522273f,-0.8188172901921313f,-0.03821717895661311f,-0.16223789106147793f,1.2278022328754266f,0.03866963797079359f,-0.03821725496176142f,1.2279561623982695f,0.1610686616591305f,-9.25555835941894f,0f,0f,0f,1f],start_interpolation:0}
execute if entity @s[tag=aj.armor.bone.right_knee] run data modify entity @s {} merge value {transformation:[-3.0546049138707576f,-0.13134102308981074f,-0.023158821976491186f,-1.0564006249999993f,-0.09430471888463855f,1.7516922534303838f,2.504212220338578f,2.3676553324433227f,-0.0943049064349586f,2.5025430586007316f,-1.7540760529967296f,-6.109737924499978f,0f,0f,0f,1f],start_interpolation:0}
execute if entity @s[tag=aj.armor.bone.right_thigh] run data modify entity @s {} merge value {transformation:[-2.60619625f,-1.8306666446768807e-16f,2.6144629196045623e-16f,-1.0023681249999996f,0f,2.1348709860058044f,1.4948527575064599f,5.359212619436427f,-3.191669895512335e-16f,1.4948527575064599f,-2.1348709860058044f,-3.808735130263482f,0f,0f,0f,1f],start_interpolation:0}
execute if entity @s[tag=aj.armor.bone.right_leg] run data modify entity @s {} merge value {transformation:[-1.0065324999999998f,-7.070171613259102e-17f,1.0097251496800667e-16f,-0.9140562499999996f,0f,0.8245031550183095f,0.5773233244215091f,5.5931125f,-1.2326468043627832e-16f,0.5773233244215091f,-0.8245031550183095f,-3.698075625f,0f,0f,0f,1f],start_interpolation:0}
execute if entity @s[tag=aj.armor.bone.left_foot] run data modify entity @s {} merge value {transformation:[-1.237884855881271f,0.036513687429167926f,0.03984775184989744f,0.6556236308505292f,0.052205531799110874f,0.5713665543384938f,1.098223498269041f,0.9246146872088619f,0.013988393286507386f,1.098857142822052f,-0.5723611741196112f,-3.421116657496287f,0f,0f,0f,1f],start_interpolation:0}
execute if entity @s[tag=aj.armor.bone.left_knee] run data modify entity @s {} merge value {transformation:[-3.0546049324562747f,0.112480301597731f,0.07165796251134479f,0.8689006250000002f,0.12882238132038507f,2.0632564483065265f,2.252726258962123f,3.6108058599876207f,0.03451776223539321f,2.2536013368604078f,-2.066031827880742f,-0.6395679836169701f,0f,0f,0f,1f],start_interpolation:0}
execute if entity @s[tag=aj.armor.bone.left_thigh] run data modify entity @s {} merge value {transformation:[-2.60619625f,2.614462919604562e-16f,1.830666644676881e-16f,0.8148681250000006f,0f,1.4948527575064605f,-2.134870986005804f,5.7377175941441125f,-3.191669895512335e-16f,-2.134870986005804f,-1.4948527575064605f,-3.60042831961783f,0f,0f,0f,1f],start_interpolation:0}
execute if entity @s[tag=aj.armor.bone.left_leg] run data modify entity @s {} merge value {transformation:[-1.0065324999999998f,-6.163234021813915e-17f,1.0675034464718772e-16f,0.8515562500000006f,0f,0.8716827147346604f,0.5032662499999998f,5.6556125f,-1.2326468043627832e-16f,0.5032662499999998f,-0.8716827147346604f,-3.698075625f,0f,0f,0f,1f],start_interpolation:0}