execute if entity @s[tag=aj.armor.bone.right_thumb_2] run data modify entity @s {} merge value {transformation:[-0.9366402626473683f,-0.19272396488591725f,-0.29251066945757825f,-2.272871581288876f,0.2685906936986399f,0.1409164541187865f,-0.9528911754324685f,-0.08530967088888901f,0.22486453176602178f,-0.9710818844552912f,-0.08022416117609527f,0.9598279945055999f,0f,0f,0f,1f],start_interpolation:0}
execute if entity @s[tag=aj.armor.bone.right_thumb] run data modify entity @s {} merge value {transformation:[-0.9366402626473683f,-0.19272396488591725f,-0.29251066945757825f,-2.5240696741240685f,0.2685906936986399f,0.1409164541187865f,-0.9528911754324685f,0.056749140450691224f,0.22486453176602178f,-0.9710818844552912f,-0.08022416117609527f,0.7145812368232589f,0f,0f,0f,1f],start_interpolation:0}
execute if entity @s[tag=aj.armor.bone.right_fingers_2] run data modify entity @s {} merge value {transformation:[0.9322131430330548f,0.12183527293609536f,-0.3407855956830048f,-2.257067708193617f,-0.24834314993533088f,-0.4696056650715266f,-0.8472285401312487f,-0.5509128486940996f,-0.26325716673365407f,0.8744293485475633f,-0.40751561756827526f,1.2204668325175392f,0f,0f,0f,1f],start_interpolation:0}
execute if entity @s[tag=aj.armor.bone.right_fingers] run data modify entity @s {} merge value {transformation:[-0.0008852766110231114f,-0.9401406246196904f,-0.3407855956830048f,-2.6742615541664327f,-0.43317283778220383f,0.3075143791675206f,-0.8472285401312487f,-0.44283893574393396f,0.9013104398003133f,0.14686903194653644f,-0.40751561756827526f,1.3239422528504163f,0f,0f,0f,1f],start_interpolation:0}
execute if entity @s[tag=aj.armor.bone.right_hand] run data modify entity @s {} merge value {transformation:[-0.9260115027174464f,-0.16238187894576314f,-0.3407855956830048f,-2.7688499104614213f,0.22762287087121755f,0.47999128059103136f,-0.8472285401312487f,-0.06295075188230004f,0.3011486767218509f,-0.8621139692329693f,-0.40751561756827526f,0.634368344595333f,0f,0f,0f,1f],start_interpolation:0}
execute if entity @s[tag=aj.armor.bone.right_forearm] run data modify entity @s {} merge value {transformation:[-1.6744808914951408f,-0.36956956323907064f,-0.6215791531079753f,-3.2615561967465037f,0.3765916560921133f,0.8927611042276465f,-1.5453106150459006f,1.1703859618229888f,0.6173500062468166f,-1.5470050130297f,-0.7432920160216573f,-1.6996854122892668f,0f,0f,0f,1f],start_interpolation:0}
execute if entity @s[tag=aj.armor.bone.right_bicep] run data modify entity @s {} merge value {transformation:[-1.4544991992001555f,0.5468204534284449f,-0.3091181442780778f,-2.3999285244459796f,0.3271176547869424f,1.3249954946201872f,0.8046834999218033f,3.2266315303792266f,0.5362468417961112f,0.6749139847654826f,-1.3293099690121866f,-0.6309654420477481f,0f,0f,0f,1f],start_interpolation:0}
execute if entity @s[tag=aj.armor.bone.right_shoulder] run data modify entity @s {} merge value {transformation:[-0.9926923993543502f,0.04361210304364905f,-0.19766831662928058f,-1.9488560210864039f,-0.06422399360429788f,0.8703529539326744f,0.5145619427173205f,3.4347704891954214f,0.1919636881716396f,0.5167172328417333f,-0.8500389534455249f,-0.5853111517204531f,0f,0f,0f,1f],start_interpolation:0}
execute if entity @s[tag=aj.armor.bone.right_arm] run data modify entity @s {} merge value {transformation:[-1.3180092784003492f,-0.000013935638102742421f,-0.1735205266319751f,-1.7469552215366249f,-0.08321760904301706f,1.166578803191413f,0.632002022778332f,3.556272823391955f,0.15226359677218831f,0.6374572354727317f,-1.1565992829617817f,-0.5425302751997981f,0f,0f,0f,1f],start_interpolation:0}
execute if entity @s[tag=aj.armor.bone.left_thumb_2] run data modify entity @s {} merge value {transformation:[-0.7625859441788454f,0.4656392403206937f,0.4490465183190115f,2.9380778454062053f,-0.06015218828665703f,0.6401151698682834f,-0.7659205464986728f,1.8331529885714335f,-0.6440841497701877f,-0.6110913738370605f,-0.46013361193978075f,-1.7208491165910818f,0f,0f,0f,1f],start_interpolation:0}
execute if entity @s[tag=aj.armor.bone.left_thumb] run data modify entity @s {} merge value {transformation:[-0.7625859441788454f,0.4656392403206937f,0.4490465183190115f,3.2283452768082515f,-0.06015218828665703f,0.6401151698682834f,-0.7659205464986728f,2.0748657351714717f,-0.6440841497701877f,-0.6110913738370605f,-0.46013361193978075f,-1.7481790685719663f,0f,0f,0f,1f],start_interpolation:0}
execute if entity @s[tag=aj.armor.bone.left_fingers_2] run data modify entity @s {} merge value {transformation:[0.7494733243783607f,-0.31696805413155954f,0.5812236993665185f,2.9140565932167752f,0.022430827698918285f,-0.865273724486971f,-0.5007976035098279f,1.3020434362748627f,0.6616544370092213f,0.388371773398245f,-0.6413897189802099f,-1.7689563756059519f,0f,0f,0f,1f],start_interpolation:0}
execute if entity @s[tag=aj.armor.bone.left_fingers] run data modify entity @s {} merge value {transformation:[0.21643044928677987f,0.7844341093528643f,0.5812236993665185f,3.254493557841775f,0.8549433772965019f,0.13517981334379983f,-0.5007976035098279f,1.3173559293005197f,-0.4714124332666394f,0.6053012028305526f,-0.6413897189802099f,-1.4855731738009208f,0f,0f,0f,1f],start_interpolation:0}
execute if entity @s[tag=aj.armor.bone.left_hand] run data modify entity @s {} merge value {transformation:[-0.7349340395076427f,0.349357938034443f,0.5812236993665185f,3.501554859271357f,0.015333231244231416f,0.8654285945925433f,-0.5007976035098279f,2.0077679738708745f,-0.6779652274214287f,-0.3591411683362101f,-0.6413897189802099f,-1.787344753606861f,0f,0f,0f,1f],start_interpolation:0}
execute if entity @s[tag=aj.armor.bone.left_forearm] run data modify entity @s {} merge value {transformation:[-1.479505759622168f,-0.11840082319930573f,1.0601285365200137f,3.303132807683821f,-0.765033088860497f,1.381010567520501f,-0.9134345882321177f,3.9673548255229223f,-0.7433812224067173f,-1.1855883008430614f,-1.1698689245854275f,-3.6128128947206752f,0f,0f,0f,1f],start_interpolation:0}
execute if entity @s[tag=aj.armor.bone.left_bicep] run data modify entity @s {} merge value {transformation:[-1.3368795067868404f,-0.6686341668491509f,-0.5251819600279727f,2.262532863039812f,-0.599960018955953f,0.048448168469280656f,1.4655494896146806f,4.022258534914992f,-0.6024414626096496f,1.435519307350974f,-0.29408019014349146f,-1.3707496046737393f,0f,0f,0f,1f],start_interpolation:0}
execute if entity @s[tag=aj.armor.bone.left_shoulder] run data modify entity @s {} merge value {transformation:[-0.9526801770784125f,-0.0776542078310981f,-0.3358322242948249f,1.832500041035504f,-0.3443734314033732f,0.17191230095062435f,0.9371585133754953f,3.889011670097132f,-0.01484582810594252f,0.9954039197505838f,-0.1880521645710631f,-1.1558319723010673f,0f,0f,0f,1f],start_interpolation:0}
execute if entity @s[tag=aj.armor.bone.left_arm] run data modify entity @s {} merge value {transformation:[-1.3180092784003492f,-0.000013935638102742421f,-0.1735205266319751f,1.7226322683403519f,-0.08321760904301706f,1.166578803191413f,0.632002022778332f,3.7753386372711666f,0.15226359677218831f,0.6374572354727317f,-1.1565992829617817f,-0.9433558833211901f,0f,0f,0f,1f],start_interpolation:0}
execute if entity @s[tag=aj.armor.bone.chest] run data modify entity @s {} merge value {transformation:[-2.610000981484424f,-0.00002759618594636429f,-0.34361574856803306f,1.3693153383659465e-16f,-0.16479249792738337f,2.3101292769379533f,1.2515282910250798f,4.28118834784051f,0.3015215018077029f,1.2623310302166204f,-2.2903672327543996f,-0.3013457765270575f,0f,0f,0f,1f],start_interpolation:0}
execute if entity @s[tag=aj.armor.bone.weist] run data modify entity @s {} merge value {transformation:[-1.9373267867642538f,0.043007696082451044f,-0.21226045532013316f,-0.031249999999999722f,-0.008734556513353295f,1.8935004530423183f,0.4633777976774349f,0.6684686415896499f,0.216397482280977f,0.4614603059154215f,-1.8815859686063348f,-1.7369867969992352f,0f,0f,0f,1f],start_interpolation:0}
execute if entity @s[tag=aj.armor.bone.right_foot] run data modify entity @s {} merge value {transformation:[-1.1769726756551069f,0.003553821228653325f,0.017708359395962436f,-1.130323396767181f,0.017868809940108896f,0.3972209017875311f,1.107920193737341f,-5.378523135548328f,-0.0026308305050049066f,1.108058581670815f,-0.39722808711504604f,-6.276484267770876f,0f,0f,0f,1f],start_interpolation:0}
execute if entity @s[tag=aj.armor.bone.right_knee] run data modify entity @s {} merge value {transformation:[-2.9042972206784072f,0.007239057336195428f,0.04397656810837462f,-1.1848972958680957f,0.04409306700089982f,0.8841731589936764f,2.766445791063259f,-4.185660745281263f,-0.0064918361163387875f,2.766787687824646f,-0.884178961014009f,-2.8733284878298635f,0f,0f,0f,1f],start_interpolation:0}
execute if entity @s[tag=aj.armor.bone.right_thigh] run data modify entity @s {} merge value {transformation:[-2.4729920380554375f,0.10842588513286426f,-0.05066488020937361f,-0.9811140391278985f,0.10249981540182629f,2.459925347258576f,0.2612925500209084f,-0.7514460491438422f,0.06178098814414339f,0.25888962182171826f,-2.4615385424884177f,-2.470952107837626f,0f,0f,0f,1f],start_interpolation:0}
execute if entity @s[tag=aj.armor.bone.right_leg] run data modify entity @s {} merge value {transformation:[-0.9946493000340345f,0.015571300769776891f,-0.10212886239522306f,-0.9496037499999996f,-0.007935557844431947f,0.974139061338551f,0.22580991142140866f,-0.9553537917451331f,0.10300386819679606f,0.22541211983117482f,-0.9688031685382296f,-2.6934940867234083f,0f,0f,0f,1f],start_interpolation:0}
execute if entity @s[tag=aj.armor.bone.left_foot] run data modify entity @s {} merge value {transformation:[-1.176351643034546f,-0.032140379505270524f,-0.027471854901768778f,0.9973218047539851f,-0.03949783300127418f,1.108255206555009f,0.39471662393225826f,-6.699729598263961f,0.015087345515036961f,0.3953837225095811f,-1.1086185001416575f,-1.9777784522422897f,0f,0f,0f,1f],start_interpolation:0}
execute if entity @s[tag=aj.armor.bone.left_knee] run data modify entity @s {} merge value {transformation:[-2.9027647608761087f,-0.07200910553491897f,-0.07549914085573817f,0.9704050186651778f,-0.09746483413013017f,2.6215760799618417f,1.2469034251352074f,-3.401555555364899f,0.03722952669427722f,1.24863214527978f,-2.622300596165542f,-0.5187747490827443f,0f,0f,0f,1f],start_interpolation:0}
execute if entity @s[tag=aj.armor.bone.left_thigh] run data modify entity @s {} merge value {transformation:[-2.46866165973644f,-0.17806095367985741f,0.0633768842797294f,0.6690969618454374f,-0.1756948620618998f,1.8559449808802462f,-1.6292980900772984f,-0.7817513546221557f,0.06966812851969356f,-1.629041205021869f,-1.8631650026630813f,-2.7644604685759497f,0f,0f,0f,1f],start_interpolation:0}
execute if entity @s[tag=aj.armor.bone.left_leg] run data modify entity @s {} merge value {transformation:[-0.9929065397514107f,0.02777702796658296f,-0.11560726636428985f,0.6761656250000005f,0.001190173732841908f,0.9746008305378662f,0.22394598590148268f,-0.9675906222657629f,0.11889149172823867f,0.22221984122090688f,-0.9677205977772659f,-2.786442042477203f,0f,0f,0f,1f],start_interpolation:0}