execute if entity @s[tag=aj.armor.bone.right_thumb_2] run data modify entity @s {} merge value {transformation:[-0.699832606671687f,-0.6947390286819539f,-0.16604819982513172f,-1.5916882835104211f,-0.38283015439444124f,0.561053239009301f,-0.7339348308150394f,-0.10719346474692268f,0.6030550518198486f,-0.45006326780045836f,-0.6586104003516288f,-1.572945468368286f,0f,0f,0f,1f],start_interpolation:0}
execute if entity @s[tag=aj.armor.bone.right_thumb] run data modify entity @s {} merge value {transformation:[-0.699832606671687f,-0.6947390286819539f,-0.16604819982513172f,-1.9504422285292518f,-0.38283015439444124f,0.561053239009301f,-0.7339348308150394f,0.012230950327453194f,0.6030550518198486f,-0.45006326780045836f,-0.6586104003516288f,-1.5514844363678837f,0f,0f,0f,1f],start_interpolation:0}
execute if entity @s[tag=aj.armor.bone.right_fingers_2] run data modify entity @s {} merge value {transformation:[0.6731672153794969f,0.6260082722135946f,-0.39364901023419796f,-1.3807189468494314f,0.41641205338995535f,-0.7607985575793794f,-0.49778163543535486f,-0.5634970890767722f,-0.6111030207172723f,0.17117008472652373f,-0.77282203654201f,-1.752521710893853f,0f,0f,0f,1f],start_interpolation:0}
execute if entity @s[tag=aj.armor.bone.right_fingers] run data modify entity @s {} merge value {transformation:[0.5327867313128052f,-0.7491186526036131f,-0.39364901023419796f,-1.6891992598998027f,-0.8086425001762064f,-0.3135454517802443f,-0.49778163543535486f,-0.7437233233780914f,0.2494706512714283f,0.5835327702788162f,-0.77282203654201f,-1.4902313387470159f,0f,0f,0f,1f],start_interpolation:0}
execute if entity @s[tag=aj.armor.bone.right_hand] run data modify entity @s {} merge value {transformation:[-0.645220412032508f,-0.6547755925798066f,-0.39364901023419796f,-2.1828393740722953f,-0.4492012883745289f,0.7419108072713101f,-0.49778163543535486f,-0.13660792967045143f,0.6179877202819358f,-0.14435122935325542f,-0.77282203654201f,-1.6187011824203634f,0f,0f,0f,1f],start_interpolation:0}
execute if entity @s[tag=aj.armor.bone.right_forearm] run data modify entity @s {} merge value {transformation:[-1.471612963221322f,-0.803529721729607f,-0.7179998846863468f,-3.3270806021077366f,-0.393615567691891f,1.5321722986974822f,-0.9079335843596551f,2.098311648543704f,1.0031204478939992f,-0.5775955289254934f,-1.4095961597619826f,-2.571346113611582f,0f,0f,0f,1f],start_interpolation:0}
execute if entity @s[tag=aj.armor.bone.right_bicep] run data modify entity @s {} merge value {transformation:[-1.2768201283474148f,0.5579369666855762f,-0.7540366416402434f,-2.442898316928258f,-0.35481877009043733f,0.8916867465357249f,1.2606081636763862f,3.4745539676840593f,0.8683136277416749f,1.1847935023208642f,-0.5936584511483516f,-0.7174612131239083f,0f,0f,0f,1f],start_interpolation:0}
execute if entity @s[tag=aj.armor.bone.right_shoulder] run data modify entity @s {} merge value {transformation:[-0.9485248731797326f,0.27515536082642084f,-0.22583859509546766f,-1.9600942839729454f,-0.034181532944589726f,0.5693844971418953f,0.8372848355768001f,3.5970857289529747f,0.35432353355622653f,0.7915199305701617f,-0.5237976820732183f,-0.6899153072234646f,0f,0f,0f,1f],start_interpolation:0}
execute if entity @s[tag=aj.armor.bone.right_arm] run data modify entity @s {} merge value {transformation:[-1.320068788632394f,-0.00011360462822691517f,-0.15708663749295038f,-1.7484571192831826f,-0.09576816525429331f,1.0543425618285553f,0.8040199326800764f,3.586063581499206f,0.12451780237652578f,0.8097033905801784f,-1.0469639762095606f,-0.6207223574409952f,0f,0f,0f,1f],start_interpolation:0}
execute if entity @s[tag=aj.armor.bone.left_thumb_2] run data modify entity @s {} merge value {transformation:[-0.9472822501048934f,0.24594512839822172f,0.20534685888367582f,2.417689786826824f,0.1490904474956211f,0.9056544440630394f,-0.39694088528951316f,0.24269588410446413f,-0.2835989723214199f,-0.34539979989289116f,-0.8945784488417915f,-3.147528999057998f,0f,0f,0f,1f],start_interpolation:0}
execute if entity @s[tag=aj.armor.bone.left_thumb] run data modify entity @s {} merge value {transformation:[-0.9472822501048934f,0.24594512839822172f,0.20534685888367582f,2.6912072474793955f,0.1490904474956211f,0.9056544440630394f,-0.39694088528951316f,0.5045672681685726f,-0.2835989723214199f,-0.34539979989289116f,-0.8945784488417915f,-3.1537528887959643f,0f,0f,0f,1f],start_interpolation:0}
execute if entity @s[tag=aj.armor.bone.left_fingers_2] run data modify entity @s {} merge value {transformation:[0.9393631576395636f,-0.20204680940963632f,0.2770811160595652f,2.3474504783091663f,-0.19199209578728857f,-0.9793561289765461f,-0.0632503580328117f,-0.2025680954761947f,0.2841406222711436f,0.006217671868178093f,-0.9587624561547596f,-3.4334924818565744f,0f,0f,0f,1f],start_interpolation:0}
execute if entity @s[tag=aj.armor.bone.left_fingers] run data modify entity @s {} merge value {transformation:[0.07770677486766173f,0.9576991762880722f,0.2770811160595652f,2.7681641864116777f,0.9960375987282056f,-0.06251795045001782f,-0.0632503580328117f,-0.2772833905865203f,-0.04325227230350191f,0.28089819082485523f,-0.9587624561547596f,-3.315783353568972f,0f,0f,0f,1f],start_interpolation:0}
execute if entity @s[tag=aj.armor.bone.left_hand] run data modify entity @s {} merge value {transformation:[-0.929655934013755f,0.24282895106679167f,0.2770811160595652f,2.9269079630287997f,0.23452827621250896f,0.9700494213520826f,-0.0632503580328117f,0.4996088900436657f,-0.2841413943968771f,0.006182285846789939f,-0.9587624561547596f,-3.3121830739922773f,0f,0f,0f,1f],start_interpolation:0}
execute if entity @s[tag=aj.armor.bone.left_forearm] run data modify entity @s {} merge value {transformation:[-1.748435751531292f,0.11994678734859775f,0.5053847569975395f,3.0443144581117227f,0.09137339716741251f,1.818012686330784f,-0.11536609668321139f,3.1734797860466406f,-0.511323661383666f,-0.0852713444164219f,-1.7487439700436787f,-3.5319921283233198f,0f,0f,0f,1f],start_interpolation:0}
execute if entity @s[tag=aj.armor.bone.left_bicep] run data modify entity @s {} merge value {transformation:[-1.5176183417531317f,-0.413458078815626f,0.1897934185372942f,2.3921439460615104f,0.06739037023449129f,0.44936224763673316f,1.5177834708159228f,3.855315565544729f,-0.44991961799596947f,1.4619372569794034f,-0.4128514864711109f,-1.2467166412796638f,0f,0f,0f,1f],start_interpolation:0}
execute if entity @s[tag=aj.armor.bone.left_shoulder] run data modify entity @s {} merge value {transformation:[-0.9966447945886704f,-0.17820420912273174f,-0.0368156479922467f,1.9146698028899876f,-0.0886005298845277f,0.29619780930936085f,0.964795202377871f,3.8614097684040254f,-0.15894048631587937f,0.9523251000987624f,-0.3069654772093998f,-1.1023080300974255f,0f,0f,0f,1f],start_interpolation:0}
execute if entity @s[tag=aj.armor.bone.left_arm] run data modify entity @s {} merge value {transformation:[-1.320068788632394f,-0.00011360462822691517f,-0.15708663749295038f,1.72655549737272f,-0.09576816525429331f,1.0543425618285553f,0.8040199326800764f,3.804956694128769f,0.12451780237652578f,0.8097033905801784f,-1.0469639762095606f,-0.9740139987204133f,0f,0f,0f,1f],start_interpolation:0}
execute if entity @s[tag=aj.armor.bone.chest] run data modify entity @s {} merge value {transformation:[-2.59339197300602f,-0.00022318634716395798f,-0.30861060290864223f,1.0840363484542409e-16f,-0.18814503696985868f,2.071349281333717f,1.5795683206096995f,4.251964713247415f,0.24462624369309138f,1.5907339766906317f,-2.0568533968152565f,-0.2533010586503106f,0f,0f,0f,1f],start_interpolation:0}
execute if entity @s[tag=aj.armor.bone.weist] run data modify entity @s {} merge value {transformation:[-1.9412498643725633f,-1.1914723930322002e-16f,-0.13331370545138188f,3.534204213396594e-16f,-0.06665685272569104f,1.6851313554114278f,0.9706249321862815f,0.8485578493459816f,0.11545305559353268f,0.9729110416666665f,-1.681171697639736f,-2.254014951544373f,0f,0f,0f,1f],start_interpolation:0}
execute if entity @s[tag=aj.armor.bone.right_foot] run data modify entity @s {} merge value {transformation:[-1.1764935912418795f,-0.033862912798541915f,0.017522208198359302f,-0.6613905687661453f,-0.03748839873260449f,1.1260243584040805f,-0.34096137481789224f,-6.077884156589626f,-0.006953028391539886f,-0.3413405078423014f,-1.126511965306498f,-0.07707462825808375f,0f,0f,0f,1f],start_interpolation:0}
execute if entity @s[tag=aj.armor.bone.right_knee] run data modify entity @s {} merge value {transformation:[-2.9031150322057377f,-0.08948726379114146f,0.029048716568557644f,-0.8364846226023867f,-0.0925063550742039f,2.8785177491479645f,-0.3775007690655095f,-2.5206685641949096f,-0.01715728958754925f,-0.3782278228704764f,-2.8798572933315105f,-0.6453417807997064f,0f,0f,0f,1f],start_interpolation:0}
execute if entity @s[tag=aj.armor.bone.right_thigh] run data modify entity @s {} merge value {transformation:[-2.4756988889262184f,-0.00026181938583930164f,-0.03045760593283351f,-0.7841436493977055f,0.023792387922849233f,1.5291687062499189f,-1.9470720872741052f,-0.2215599259793975f,0.01901727071583186f,-1.9472174306470298f,-1.5290504714161535f,-3.39071911756933f,0f,0f,0f,1f],start_interpolation:0}
execute if entity @s[tag=aj.armor.bone.right_leg] run data modify entity @s {} merge value {transformation:[-0.9978582174696272f,-0.000023143409512648074f,-0.06541389219975235f,-0.8268358928571423f,-0.032744646398778686f,0.8658690892743178f,0.49919786495084534f,-0.4115431249999997f,0.056628314124271585f,0.5002706464541429f,-0.8640153438080812f,-3.5270111607142858f,0f,0f,0f,1f],start_interpolation:0}
execute if entity @s[tag=aj.armor.bone.left_foot] run data modify entity @s {} merge value {transformation:[-1.174876231641269f,0.04838148695115433f,0.05399969371550887f,0.7389578326276536f,0.0050336777243047805f,-0.8201537715581914f,0.8443419615084902f,-2.7831028668855895f,0.0723283989145434f,0.8429697014696506f,0.818389626028574f,-8.456384708230214f,0f,0f,0f,1f],start_interpolation:0}
execute if entity @s[tag=aj.armor.bone.left_knee] run data modify entity @s {} merge value {transformation:[-2.8991240364162425f,0.16451430558168395f,0.07031040653127824f,1.01754907075914f,0.012421100784138456f,-0.953671493937957f,2.7435898174544024f,-3.9140688778831594f,0.17847752313086254f,2.738681144902259f,0.9511572156210301f,-4.911324714490423f,0f,0f,0f,1f],start_interpolation:0}
execute if entity @s[tag=aj.armor.bone.left_thigh] run data modify entity @s {} merge value {transformation:[-2.472160784872207f,-0.05402743752076424f,-0.12455847090437115f,0.8963894101594805f,-0.08645330902128455f,2.3778163462317266f,0.6844910312718019f,-0.516020457308854f,0.10468811794260817f,0.6878104263001573f,-2.3761249837442247f,-3.7523091589885222f,0f,0f,0f,1f],start_interpolation:0}
execute if entity @s[tag=aj.armor.bone.left_leg] run data modify entity @s {} merge value {transformation:[-0.998495300368588f,-0.008057071576137937f,-0.05424222284770469f,0.8089781250000005f,-0.03491812639667293f,0.8561115858624467f,0.5156100047526546f,-0.3490431249999997f,0.04228308870918774f,0.5167282033619836f,-0.8551047329184346f,-3.694421875f,0f,0f,0f,1f],start_interpolation:0}