execute if entity @s[tag=aj.armor.bone.right_thumb_2] run data modify entity @s {} merge value {transformation:[-0.023812558038147857f,-0.9515904044841269f,0.3064452058254726f,-0.19693555400184354f,-0.22753846640300418f,-0.29332798487731554f,-0.928539142737011f,1.053539785183132f,0.973477893116556f,-0.09183896439719827f,-0.2095385316160287f,-0.3870130198481121f,0f,0f,0f,1f],start_interpolation:0}
execute if entity @s[tag=aj.armor.bone.right_thumb] run data modify entity @s {} merge value {transformation:[-0.023812558038147857f,-0.9515904044841269f,0.3064452058254726f,-0.5068131576450208f,-0.22753846640300418f,-0.29332798487731554f,-0.928539142737011f,0.9531374301335815f,0.973477893116556f,-0.09183896439719827f,-0.2095385316160287f,-0.1938229638467248f,0f,0f,0f,1f],start_interpolation:0}
execute if entity @s[tag=aj.armor.bone.right_fingers_2] run data modify entity @s {} merge value {transformation:[-0.019786437533470758f,0.9991007645842319f,-0.037498787939576644f,0.2393176456846544f,0.2291513386509537f,-0.03197594082767059f,-0.9728654599700116f,0.7781518547569775f,-0.9731896839178936f,-0.027842439106310027f,-0.22831258769590768f,-0.5241746726750884f,0f,0f,0f,1f],start_interpolation:0}
execute if entity @s[tag=aj.armor.bone.right_fingers] run data modify entity @s {} merge value {transformation:[0.9931359673905258f,-0.11079165662786805f,-0.037498787939576644f,0.23667720555854865f,-0.061612633897423455f,-0.2230172193835284f,-0.9728654599700116f,0.6687807548513917f,0.09942250056957351f,0.9684980788210639f,-0.22831258769590768f,-0.09467632695953367f,0f,0f,0f,1f],start_interpolation:0}
execute if entity @s[tag=aj.armor.bone.right_hand] run data modify entity @s {} merge value {transformation:[0.06334776849665813f,-0.9972867697555989f,-0.037498787939576644f,-0.5551731228758277f,-0.2303280083016706f,0.021950065811389627f,-0.9728654599700116f,0.7022813159771797f,0.9710489528434081f,0.07026587707642434f,-0.22831258769590768f,-0.06967764513234753f,0f,0f,0f,1f],start_interpolation:0}
execute if entity @s[tag=aj.armor.bone.right_forearm] run data modify entity @s {} merge value {transformation:[-0.7903854119008789f,-1.6423889344615956f,-0.06839627362577524f,-2.938024654834114f,-0.34663121824715315f,0.2407098583481861f,-1.774467279006294f,1.0000176072122957f,1.6068497941078002f,-0.7559404167562482f,-0.41643293232358286f,-1.2717831111672235f,0f,0f,0f,1f],start_interpolation:0}
execute if entity @s[tag=aj.armor.bone.right_bicep] run data modify entity @s {} merge value {transformation:[-0.6525121167126025f,0.34397036802661707f,-1.402157936662764f,-2.3812353025965263f,-0.3604788151547553f,1.4511649659586359f,0.5237459510892684f,3.2588252186103475f,1.3980048344878389f,0.5347328149435121f,-0.519401439403786f,-0.43483373958056926f,0f,0f,0f,1f],start_interpolation:0}
execute if entity @s[tag=aj.armor.bone.right_shoulder] run data modify entity @s {} merge value {transformation:[-0.91399550376704f,0.14083082450198225f,-0.4137534007480382f,-1.939197760484794f,-0.04012924131210286f,0.9279940067170737f,0.404511737970293f,3.4711851178630577f,0.43521815420796717f,0.3813224108731664f,-0.8316197183091116f,-0.5263685867298951f,0f,0f,0f,1f],start_interpolation:0}
execute if entity @s[tag=aj.armor.bone.right_arm] run data modify entity @s {} merge value {transformation:[-1.3038333800246837f,-0.0002024759819230772f,-0.2593767673542377f,-1.7342110828189605f,-0.1582276511554344f,1.0539944653319484f,0.7945549123664795f,3.5033860382195896f,0.20552459426913308f,0.8101564400529977f,-1.033762068900485f,-0.5134297067498585f,0f,0f,0f,1f],start_interpolation:0}
execute if entity @s[tag=aj.armor.bone.left_thumb_2] run data modify entity @s {} merge value {transformation:[-0.9729778545547878f,-0.19076958716172296f,0.13008097155275156f,2.678972864427046f,-0.12120846359007573f,0.9014951177183166f,0.4154696873228799f,2.2972267521205136f,-0.1965263414916566f,0.3884758902997508f,-0.9002576740887692f,-5.702368155340032f,0f,0f,0f,1f],start_interpolation:0}
execute if entity @s[tag=aj.armor.bone.left_thumb] run data modify entity @s {} merge value {transformation:[-0.9729778545547878f,-0.19076958716172296f,0.13008097155275156f,2.8273865089161077f,-0.12120846359007573f,0.9014951177183166f,0.4154696873228799f,2.582531770545325f,-0.1965263414916566f,0.3884758902997508f,-0.9002576740887692f,-5.502364164209741f,0f,0f,0f,1f],start_interpolation:0}
execute if entity @s[tag=aj.armor.bone.left_fingers_2] run data modify entity @s {} merge value {transformation:[0.9818118549966122f,0.18110142266326956f,0.05698908752955117f,2.7156910386243895f,0.09034015350998126f,-0.7096453150347654f,0.6987432887069481f,2.171037848369197f,0.16698544263469203f,-0.6808860415359886f,-0.7130989134682141f,-6.219762416731661f,0f,0f,0f,1f],start_interpolation:0}
execute if entity @s[tag=aj.armor.bone.left_fingers] run data modify entity @s {} merge value {transformation:[-0.30770423779619793f,0.9497738393664092f,0.05698908752955117f,3.149098521215436f,0.6917824447469842f,0.18219458177147868f,0.6987432887069481f,2.224833529557192f,0.6532649930787248f,0.2544303213618728f,-0.7130989134682141f,-6.144252039228788f,0f,0f,0f,1f],start_interpolation:0}
execute if entity @s[tag=aj.armor.bone.left_hand] run data modify entity @s {} merge value {transformation:[-0.988776920769913f,-0.1381030226147069f,0.05698908752955117f,3.005977748661839f,-0.05929987581308106f,0.7129104720899754f,0.6987432887069481f,2.78159096600311f,-0.13712667749683946f,0.6875217916030953f,-0.7130989134682141f,-5.59807279597956f,0f,0f,0f,1f],start_interpolation:0}
execute if entity @s[tag=aj.armor.bone.left_forearm] run data modify entity @s {} merge value {transformation:[-1.8106246299945512f,-0.19406772824038152f,0.10394579234494701f,2.6422995378567804f,-0.06650506131787323f,1.3031145756790732f,1.2744795177268882f,4.74733411244489f,-0.20986683327697886f,1.2613717458155913f,-1.3006635970849365f,-3.8049531917288806f,0f,0f,0f,1f],start_interpolation:0}
execute if entity @s[tag=aj.armor.bone.left_bicep] run data modify entity @s {} merge value {transformation:[-1.5633238611203562f,-0.2079197234103235f,-0.15140161740292793f,2.315127899050307f,-0.09493436023406548f,-0.4003006659477609f,1.5299939215474792f,4.102661663050251f,-0.23904085086486074f,1.5187703319930435f,0.3825319674995145f,-1.4406210216591973f,0f,0f,0f,1f],start_interpolation:0}
execute if entity @s[tag=aj.armor.bone.left_shoulder] run data modify entity @s {} merge value {transformation:[-1.0057536489228742f,-0.045471924283730814f,-0.11315865166702324f,1.8642122772372f,-0.09872415016032847f,-0.2483163241792115f,0.9772438405986941f,3.9849872422642214f,-0.07159691697472001f,0.9811647598211523f,0.242079685706289f,-1.262575026514615f,0f,0f,0f,1f],start_interpolation:0}
execute if entity @s[tag=aj.armor.bone.left_arm] run data modify entity @s {} merge value {transformation:[-1.3038333800246837f,-0.0002024759819230772f,-0.2593767673542377f,1.6980655061990335f,-0.1582276511554344f,1.0539944653319484f,0.7945549123664795f,3.8867113034090983f,0.20552459426913308f,0.8101564400529977f,-1.033762068900485f,-1.0799815772954102f,0f,0f,0f,1f],start_interpolation:0}
execute if entity @s[tag=aj.armor.bone.chest] run data modify entity @s {} merge value {transformation:[-2.561496075819231f,-0.000397781987399179f,-0.509568616600366f,1.0840363484542409e-16f,-0.3108522252383709f,2.0706654149565202f,1.5609734504658097f,4.251964713247415f,0.40377125618210313f,1.5916240324788617f,-2.030917081421271f,-0.2533010586503106f,0f,0f,0f,1f],start_interpolation:0}
execute if entity @s[tag=aj.armor.bone.weist] run data modify entity @s {} merge value {transformation:[-1.923175653384858f,-1.1914723930322002e-16f,-0.29600504423978463f,3.5275756181545637e-16f,-0.1480025221198924f,1.6851313554114278f,0.9615878266924289f,0.8454328493459817f,0.25634788795999014f,0.9729110416666665f,-1.6655189717710235f,-2.2486022927707197f,0f,0f,0f,1f],start_interpolation:0}
execute if entity @s[tag=aj.armor.bone.right_foot] run data modify entity @s {} merge value {transformation:[-1.177077857215481f,-0.00880518303998902f,-0.0010400390411894778f,-1.0742013291881725f,-0.004505162242204927f,0.47504010234009963f,1.0769900183188523f,-6.0070602057895695f,-0.007636520329726073f,1.0769634463606008f,-0.47506032631331524f,-8.414989421418653f,0f,0f,0f,1f],start_interpolation:0}
execute if entity @s[tag=aj.armor.bone.right_knee] run data modify entity @s {} merge value {transformation:[-2.904556766647298f,-0.02149377423127562f,0.004086015995442075f,-1.1662650569648532f,-0.01111693622917651f,1.9171050759369253f,2.182089189304548f,-3.5123178096993626f,-0.018843873972633082f,2.1820116484611622f,-1.9171329538995283f,-5.726191128188829f,0f,0f,0f,1f],start_interpolation:0}
execute if entity @s[tag=aj.armor.bone.right_thigh] run data modify entity @s {} merge value {transformation:[-2.474242451370226f,0.08957451379444294f,-0.010649941549470387f,-0.9855695682385263f,0.06861234048466695f,2.0585708322130185f,1.3738963565109552f,-0.6489763716430588f,0.058560750590597115f,1.372689060996463f,-2.059686408958892f,-3.6166706487088023f,0f,0f,0f,1f],start_interpolation:0}
execute if entity @s[tag=aj.armor.bone.right_leg] run data modify entity @s {} merge value {transformation:[-0.9961903729381619f,0.011278426148761013f,-0.08647275853662098f,-0.9027287499999994f,-0.037066192677943796f,0.8428069497470323f,0.5369381182393973f,-0.4115431249999997f,0.07893565877147893f,0.5380978001829317f,-0.8391781212666369f,-3.522546875f,0f,0f,0f,1f],start_interpolation:0}
execute if entity @s[tag=aj.armor.bone.left_foot] run data modify entity @s {} merge value {transformation:[-1.1765146183423376f,0.013266184891741018f,-0.0350464840142908f,0.89602027649219f,-0.03227612476925199f,0.20059389995930904f,1.1594443643166141f,-3.987287209308546f,0.01903941893087804f,1.159817653993116f,-0.20012847096113456f,-4.798352920812172f,0f,0f,0f,1f],start_interpolation:0}
execute if entity @s[tag=aj.armor.bone.left_knee] run data modify entity @s {} merge value {transformation:[-2.903166918668935f,0.021167578895486205f,-0.09001369053676136f,0.9849048919069072f,-0.07964455029462121f,0.8641919714424717f,2.7719591754996626f,-2.7913766091591703f,0.04698166119574776f,2.77302233287655f,-0.8631735360941105f,-1.3014615330730916f,0f,0f,0f,1f],start_interpolation:0}
execute if entity @s[tag=aj.armor.bone.left_thigh] run data modify entity @s {} merge value {transformation:[-2.4704026765949134f,-0.11369873642043021f,0.11914669843577644f,0.7726443170307795f,-0.1644920786458228f,1.7915860619908355f,-1.7009334088911325f,-0.2601513546977826f,-0.008105212799475561f,-1.7050820222955931f,-1.7951719487862174f,-3.6562670676342095f,0f,0f,0f,1f],start_interpolation:0}
execute if entity @s[tag=aj.armor.bone.left_leg] run data modify entity @s {} merge value {transformation:[-0.9961910072819187f,0.01128166040843167f,-0.08646502847432001f,0.8089781250000005f,-0.03357203187357215f,0.8655328217746512f,0.4997257779089345f,-0.3177931249999997f,0.08047605660391172f,0.5007251327517311f,-0.8618572652964325f,-3.741296875f,0f,0f,0f,1f],start_interpolation:0}