execute if entity @s[tag=aj.armor.bone.right_thumb_2] run data modify entity @s {} merge value {transformation:[-0.7912758709274313f,-0.34444737040102025f,-0.505211346974568f,-3.078445798801872f,0.34048936563516996f,0.4380762841594354f,-0.8319592304592947f,1.0147452254135614f,0.5078872788103623f,-0.8303283557008542f,-0.22935852663836442f,-0.24041455903480502f,0f,0f,0f,1f],start_interpolation:0}
execute if entity @s[tag=aj.armor.bone.right_thumb] run data modify entity @s {} merge value {transformation:[-0.7912758709274313f,-0.34444737040102025f,-0.505211346974568f,-3.33544943477009f,0.34048936563516996f,0.4380762841594354f,-0.8319592304592947f,1.2584985983877377f,0.5078872788103623f,-0.8303283557008542f,-0.22935852663836442f,-0.37443166294240793f,0f,0f,0f,1f],start_interpolation:0}
execute if entity @s[tag=aj.armor.bone.right_fingers_2] run data modify entity @s {} merge value {transformation:[0.7839413627242455f,0.1852535572229799f,-0.5925513136820174f,-3.114572575384609f,-0.30979730905377695f,-0.7103931725270952f,-0.6319550361615356f,0.49825259572442376f,-0.5380163260655676f,0.6789864946838935f,-0.4995155382205722f,-0.1104187708035077f,0f,0f,0f,1f],start_interpolation:0}
execute if entity @s[tag=aj.armor.bone.right_fingers] run data modify entity @s {} merge value {transformation:[0.08134380635974886f,-0.8014150771108707f,-0.5925513136820174f,-3.468912382622841f,-0.6638789973462195f,0.39987186591788504f,-0.6319550361615356f,0.6380402828453806f,0.7434028934901223f,0.4447880000929949f,-0.4995155382205722f,0.11616574306882577f,0f,0f,0f,1f],start_interpolation:0}
execute if entity @s[tag=aj.armor.bone.right_hand] run data modify entity @s {} merge value {transformation:[-0.7751145775808f,-0.21927227885770978f,-0.5925513136820174f,-3.611472965043601f,0.27851553568687126f,0.723230204465444f,-0.6319550361615356f,1.2070581063320671f,0.5671212286652592f,-0.6548723074565141f,-0.4995155382205722f,-0.41737840807969606f,0f,0f,0f,1f],start_interpolation:0}
execute if entity @s[tag=aj.armor.bone.right_forearm] run data modify entity @s {} merge value {transformation:[-1.466829162450932f,-0.08446601865257644f,-1.0807896472070717f,-3.7128967735553893f,0.7814741550070278f,1.177922156386812f,-1.152660444442596f,2.8574161182346116f,0.7513580470541701f,-1.3900336135574323f,-0.9110961529613206f,-2.5334402024423652f,0f,0f,0f,1f],start_interpolation:0}
execute if entity @s[tag=aj.armor.bone.right_bicep] run data modify entity @s {} merge value {transformation:[-1.3092983257520132f,0.8683359638918502f,0.2046096377947347f,-2.3566174964306255f,0.6156451392829309f,0.6164744410410509f,1.3232818603396375f,3.8004905845405275f,0.6456419383402708f,1.1730671222221865f,-0.8468734085452692f,-0.6939219143794386f,0f,0f,0f,1f],start_interpolation:0}
execute if entity @s[tag=aj.armor.bone.right_shoulder] run data modify entity @s {} merge value {transformation:[-0.9760548086108972f,0.23793072957483516f,0.13083943281125707f,-1.8770712376484247f,0.23640574675360354f,0.5044775086018178f,0.8461842263264037f,3.7893917494996834f,0.13357511802823122f,0.8457566966366449f,-0.541540650925537f,-0.5568644620531105f,0f,0f,0f,1f],start_interpolation:0}
execute if entity @s[tag=aj.armor.bone.right_arm] run data modify entity @s {} merge value {transformation:[-1.329145615380573f,-0.010072958703232281f,-0.02298477591385836f,-1.7453675869565688f,-0.020717903755768916f,1.1275269116020465f,0.7039258933889043f,3.632523525537216f,0.014160963414047876f,0.704158668499056f,-1.1274829790285403f,-0.429560563889226f,0f,0f,0f,1f],start_interpolation:0}
execute if entity @s[tag=aj.armor.bone.left_thumb_2] run data modify entity @s {} merge value {transformation:[-0.7736495097880637f,0.32424486709596f,0.544363575348876f,3.231838562706906f,-0.29958586706475787f,0.569846477899758f,-0.7651949424037627f,1.188815065191772f,-0.5583141985116856f,-0.7550763258023412f,-0.34372226863136196f,-0.6133279698286599f,0f,0f,0f,1f],start_interpolation:0}
execute if entity @s[tag=aj.armor.bone.left_thumb] run data modify entity @s {} merge value {transformation:[-0.7736495097880637f,0.32424486709596f,0.544363575348876f,3.4771479824292175f,-0.29958586706475787f,0.569846477899758f,-0.7651949424037627f,1.461219981781299f,-0.5583141985116856f,-0.7550763258023412f,-0.34372226863136196f,-0.7084384839178436f,0f,0f,0f,1f],start_interpolation:0}
execute if entity @s[tag=aj.armor.bone.left_fingers_2] run data modify entity @s {} merge value {transformation:[0.7677439553808628f,-0.15214052593194455f,0.6224327106967453f,3.292268812557656f,0.2645276742613116f,-0.8095016153956945f,-0.5241490667946114f,0.6611642932567836f,0.5836045994730068f,0.5670629550948566f,-0.5812445926054186f,-0.5594620878000255f,0f,0f,0f,1f],start_interpolation:0}
execute if entity @s[tag=aj.armor.bone.left_fingers] run data modify entity @s {} merge value {transformation:[0.05062824754611053f,0.7810341229454132f,0.6224327106967453f,3.6393180199567716f,0.7680484267997051f,0.3679257667911229f,-0.5241490667946114f,0.7829079864593331f,-0.6383873390355631f,0.504595212944052f,-0.5812445926054186f,-0.3121300049638836f,0f,0f,0f,1f],start_interpolation:0}
execute if entity @s[tag=aj.armor.bone.left_hand] run data modify entity @s {} merge value {transformation:[-0.7603769567188807f,0.18548424284999135f,0.6224327106967453f,3.755350013446283f,-0.22896593799513776f,0.8202696843211656f,-0.5241490667946114f,1.4295371629707752f,-0.6077840759093149f,-0.5410667617198642f,-0.5812445926054186f,-0.7561811832096494f,0f,0f,0f,1f],start_interpolation:0}
execute if entity @s[tag=aj.armor.bone.left_forearm] run data modify entity @s {} merge value {transformation:[-1.4272020359474775f,-0.032167382798016134f,1.1352921076554727f,3.6892189438322176f,-0.7906236061613326f,1.337069855368694f,-0.9560267134752548f,3.32158824234483f,-0.8153755107932366f,-1.240176609593074f,-1.0601666449433325f,-2.6607691356593346f,0f,0f,0f,1f],start_interpolation:0}
execute if entity @s[tag=aj.armor.bone.left_bicep] run data modify entity @s {} merge value {transformation:[-1.2893554520049633f,-0.8733191922948542f,-0.2915658804422189f,2.3263448010009022f,-0.609868745420834f,0.4342354895752099f,1.3962930239873375f,3.979361531460072f,-0.689751540503826f,1.248554237446795f,-0.6895576005017693f,-0.7056172669794247f,0f,0f,0f,1f],start_interpolation:0}
execute if entity @s[tag=aj.armor.bone.left_shoulder] run data modify entity @s {} merge value {transformation:[-0.9663885380018737f,-0.24030120735589278f,-0.1864443671145407f,1.8516711820212224f,-0.270483260129993f,0.395008393953655f,0.8928718571902944f,3.928359570981844f,-0.1390862260430269f,0.9014636305011395f,-0.44094367358615505f,-0.5608543602610117f,0f,0f,0f,1f],start_interpolation:0}
execute if entity @s[tag=aj.armor.bone.left_arm] run data modify entity @s {} merge value {transformation:[-1.329145615380573f,-0.010072958703232281f,-0.02298477591385836f,1.7535357022116949f,-0.020717903755768916f,1.1275269116020465f,0.7039258933889043f,3.687062276413639f,0.014160963414047876f,0.704158668499056f,-1.1274829790285403f,-0.46683852718673613f,0f,0f,0f,1f],start_interpolation:0}
execute if entity @s[tag=aj.armor.bone.chest] run data modify entity @s {} merge value {transformation:[-2.63205382354317f,-0.01994707665017099f,-0.045515831092766884f,1.2189272915244306e-16f,-0.04102683495709932f,2.232796380237275f,1.3939562511025592f,4.248047456137247f,0.028042388634993528f,1.3944172063294438f,-2.232709382321669f,0.029075788028844585f,0f,0f,0f,1f],start_interpolation:0}
execute if entity @s[tag=aj.armor.bone.weist] run data modify entity @s {} merge value {transformation:[-1.9367437568635761f,-0.10463522852594438f,-0.19548486061745146f,0.05555555555555588f,-0.1572468679005553f,1.8598739691416524f,0.5623890850417367f,0.7651024861156919f,0.15632109363347718f,0.5745080760006249f,-1.856244441829964f,-1.5859797499597685f,0f,0f,0f,1f],start_interpolation:0}
execute if entity @s[tag=aj.armor.bone.right_foot] run data modify entity @s {} merge value {transformation:[-1.1741695336930993f,-0.042694641475949396f,0.07137204363567455f,-0.9114132385573548f,0.058424598490616445f,0.2954816734715734f,1.1379226870970671f,-4.823096564249012f,-0.05918924999273731f,1.138621378294049f,-0.2926241351181046f,-5.590219418392281f,0f,0f,0f,1f],start_interpolation:0}
execute if entity @s[tag=aj.armor.bone.right_knee] run data modify entity @s {} merge value {transformation:[-2.897380188891842f,-0.11805905048766262f,0.16786539294641206f,-1.1170877004328623f,0.14416851174654793f,0.5199914291611916f,2.8540765656081657f,-4.07693930058207f,-0.14605536543341122f,2.8552757594899427f,-0.5128321909077668f,-2.0676755068516566f,0f,0f,0f,1f],start_interpolation:0}
execute if entity @s[tag=aj.armor.bone.right_thigh] run data modify entity @s {} merge value {transformation:[-2.4682686925558417f,0.19168386494532827f,0.030326229692453355f,-0.7983145443792463f,0.1870065603643056f,2.4526551843829623f,-0.2819996734734769f,-0.6454765213526011f,-0.05187418113522004f,-0.278841469975428f,-2.4595872066045055f,-2.4151115668856074f,0f,0f,0f,1f],start_interpolation:0}
execute if entity @s[tag=aj.armor.bone.right_leg] run data modify entity @s {} merge value {transformation:[-0.996022958610648f,-0.011382257185845514f,-0.08836690637250205f,-0.7839787499999996f,-0.03106849518681289f,0.9739235868226765f,0.22473894997814553f,-1.0174839851947048f,0.08350457788240272f,0.22659058067759047f,-0.9704038820104101f,-2.585530215594688f,0f,0f,0f,1f],start_interpolation:0}
execute if entity @s[tag=aj.armor.bone.left_foot] run data modify entity @s {} merge value {transformation:[-1.1762376409379218f,0.018664548980537925f,-0.04132240952204776f,0.9847299369461915f,0.01938768178200596f,1.176775791613003f,-0.02034081968044866f,-6.801273931107637f,0.04098810452404933f,-0.021006326701876264f,-1.176209847094719f,-1.2503269950607296f,0f,0f,0f,1f],start_interpolation:0}
execute if entity @s[tag=aj.armor.bone.left_knee] run data modify entity @s {} merge value {transformation:[-2.902483449356117f,0.07458710676042962f,-0.0833983108518911f,1.1394605168125895f,0.047841034443332604f,2.784507469455372f,0.8253230134345337f,-3.3185798736354584f,0.10114222743855422f,0.8233368718734607f,-2.783669400948399f,-0.32606032025202225f,0f,0f,0f,1f],start_interpolation:0}
execute if entity @s[tag=aj.armor.bone.left_thigh] run data modify entity @s {} merge value {transformation:[-2.471317518422567f,-0.13126169718633576f,-0.07329947427197978f,0.9058631638620516f,-0.05230952429061159f,1.8824486022643072f,-1.6073778947219313f,-0.6595163881818129f,0.14094736515904024f,-1.6028631724585796f,-1.8817481801691227f,-2.5333388715660936f,0f,0f,0f,1f],start_interpolation:0}
execute if entity @s[tag=aj.armor.bone.left_leg] run data modify entity @s {} merge value {transformation:[-0.98938750301663f,-0.03842320275325434f,-0.14012860651808426f,0.9199781250000005f,-0.0681619406230716f,0.9744368640673008f,0.21407182859307208f,-0.9173674801094052f,0.1283211546278112f,0.221351429714983f,-0.9667146558515177f,-2.6869658375896526f,0f,0f,0f,1f],start_interpolation:0}