execute if entity @s[tag=aj.armor.bone.right_thumb_2] run data modify entity @s {} merge value {transformation:[-0.9752110195981117f,0.17699594637831476f,-0.13280023426205245f,-2.8000054421967f,0.11261040829280673f,0.9136035514654823f,0.3907012243310547f,3.04408717618995f,0.1904792986089004f,0.3660614507364882f,-0.9108878367209428f,-5.858841785055701f,0f,0f,0f,1f],start_interpolation:0}
execute if entity @s[tag=aj.armor.bone.right_thumb] run data modify entity @s {} merge value {transformation:[-0.9752110195981117f,0.17699594637831476f,-0.13280023426205245f,-2.9610675999259564f,0.11261040829280673f,0.9136035514654823f,0.3907012243310547f,3.3474406256539755f,0.1904792986089004f,0.3660614507364882f,-0.9108878367209428f,-5.656462689676128f,0f,0f,0f,1f],start_interpolation:0}
execute if entity @s[tag=aj.armor.bone.right_fingers_2] run data modify entity @s {} merge value {transformation:[0.9835188972173708f,-0.16900250105097064f,-0.06425522122631705f,-2.8349964771221057f,-0.08088445779337326f,-0.7291008998901788f,0.679609875050976f,2.896989627685849f,-0.16170430824130283f,-0.6632119061188871f,-0.7307541886834134f,-6.400037523384161f,0f,0f,0f,1f],start_interpolation:0}
execute if entity @s[tag=aj.armor.bone.right_fingers] run data modify entity @s {} merge value {transformation:[-0.29593163785655413f,-0.9530455037723509f,-0.06425522122631705f,-3.292217147881193f,-0.7123058003335864f,0.17535924425112454f,0.679609875050976f,2.9492645337389156f,-0.636431388703186f,0.2468874302085468f,-0.7307541886834134f,-6.323379074363398f,0f,0f,0f,1f],start_interpolation:0}
execute if entity @s[tag=aj.armor.bone.right_hand] run data modify entity @s {} merge value {transformation:[-0.9899545907162174f,0.12594115635900507f,-0.06425522122631705f,-3.1515976911208763f,0.04900453913135717f,0.7319350878853397f,0.679609875050976f,3.551726713409127f,0.13262150453229515f,0.6696341181998096f,-0.7307541886834134f,-5.763050486875623f,0f,0f,0f,1f],start_interpolation:0}
execute if entity @s[tag=aj.armor.bone.right_forearm] run data modify entity @s {} merge value {transformation:[-1.9061078476064852f,0.19434143288179065f,-0.12336726713461776f,-2.7839597889689793f,0.05902266708363573f,1.4071928132989802f,1.304821793507403f,5.672149127157435f,0.22249584244463075f,1.291617201614702f,-1.4030166807382225f,-3.930173744366671f,0f,0f,0f,1f],start_interpolation:0}
execute if entity @s[tag=aj.armor.bone.right_bicep] run data modify entity @s {} merge value {transformation:[-1.6462794624525723f,0.22295041828591852f,0.14618234231299887f,-2.43301846002124f,0.0903926342892631f,-0.3934901334416721f,1.6181183273362347f,5.0369816481671625f,0.2508093656230332f,1.6052323385047103f,0.3763456340195571f,-1.4308759103578366f,0f,0f,0f,1f],start_interpolation:0}
execute if entity @s[tag=aj.armor.bone.right_shoulder] run data modify entity @s {} merge value {transformation:[-1.0584999802956299f,0.05050544435585845f,0.11969376596472318f,-1.957887720379101f,0.10519282732536443f,-0.24337870063199304f,1.0329573480856933f,4.916402866301832f,0.07623559929387783f,1.0370706889963428f,0.23658428779444177f,-1.2425395989016f,0f,0f,0f,1f],start_interpolation:0}
execute if entity @s[tag=aj.armor.bone.right_arm] run data modify entity @s {} merge value {transformation:[-1.3724561548720722f,0.00021261630981075357f,0.27302835063061137f,-1.787431084650408f,0.16655512611156306f,1.1094678622003467f,0.836373645693451f,4.825132729965584f,-0.21634212585561918f,0.8527962476693349f,-1.0881705137713364f,-1.0553825866459878f,0f,0f,0f,1f],start_interpolation:0}
execute if entity @s[tag=aj.armor.bone.left_thumb_2] run data modify entity @s {} merge value {transformation:[-0.055376919731510085f,0.9555669255886866f,-0.2895259012282575f,0.23321528665098284f,0.24196169745584806f,-0.26848457755850036f,-0.9324004336000263f,1.7093783255326254f,-0.9687042550362492f,-0.12168764248771696f,-0.21634274644749946f,-0.36704320179151917f,0f,0f,0f,1f],start_interpolation:0}
execute if entity @s[tag=aj.armor.bone.left_thumb] run data modify entity @s {} merge value {transformation:[-0.055376919731510085f,0.9555669255886866f,-0.2895259012282575f,0.5671859995327014f,0.24196169745584806f,-0.26848457755850036f,-0.9324004336000263f,1.6085662205117586f,-0.9687042550362492f,-0.12168764248771696f,-0.21634274644749946f,-0.17411286560946707f,0f,0f,0f,1f],start_interpolation:0}
execute if entity @s[tag=aj.armor.bone.left_fingers_2] run data modify entity @s {} merge value {transformation:[0.011837303171835484f,-0.9984294984384113f,0.054757783936527804f,-0.22259796888737055f,-0.24463674932106555f,-0.05598913773076254f,-0.967996940768816f,1.4106159117323378f,0.96954254116838f,-0.0019372930049680603f,-0.2449153073218837f,-0.5039014666559676f,0f,0f,0f,1f],start_interpolation:0}
execute if entity @s[tag=aj.armor.bone.left_fingers] run data modify entity @s {} merge value {transformation:[0.9883427175616198f,0.14205723403358153f,0.054757783936527804f,-0.20492680556417342f,0.08744164626188491f,-0.23523579906388303f,-0.967996940768816f,1.2885911517706548f,-0.12462997689930981f,0.9615008378038495f,-0.2449153073218837f,-0.0539485654300569f,0f,0f,0f,1f],start_interpolation:0}
execute if entity @s[tag=aj.armor.bone.left_hand] run data modify entity @s {} merge value {transformation:[0.03172484636721634f,0.9979955507021745f,0.054757783936527804f,0.6279159631940656f,0.24684612122970662f,0.04526494334538769f,-0.967996940768816f,1.343837302936733f,-0.9685352479682015f,0.044226300801692764f,-0.2449153073218837f,-0.04910905956287048f,0f,0f,0f,1f],start_interpolation:0}
execute if entity @s[tag=aj.armor.bone.left_forearm] run data modify entity @s {} merge value {transformation:[-0.8735477732148179f,1.706486632585536f,0.10513259513657278f,3.1027669987715014f,0.3727596655935105f,0.30531362908285165f,-1.8585125830740854f,1.7343823239015461f,-1.6685921375398747f,-0.8251800788585332f,-0.4702268791094108f,-1.3580677798271725f,0f,0f,0f,1f],start_interpolation:0}
execute if entity @s[tag=aj.armor.bone.left_bicep] run data modify entity @s {} merge value {transformation:[-0.7248259991780148f,-0.3718101434805102f,1.4552308142805757f,2.5016346817952506f,0.38520322339362095f,1.515760264805843f,0.5791386112443175f,4.093348113912711f,-1.4517430841281347f,0.5878267359961055f,-0.5728996254540649f,-0.43773765163648737f,0f,0f,0f,1f],start_interpolation:0}
execute if entity @s[tag=aj.armor.bone.left_shoulder] run data modify entity @s {} merge value {transformation:[-0.9624109612841911f,-0.15446541511937564f,0.43267214254939973f,2.0348926504124902f,0.04355380488816207f,0.9691582218037365f,0.4428713278100462f,4.31543724805662f,-0.4573486782380081f,0.41733964878557667f,-0.868308361051377f,-0.5304054520736217f,0f,0f,0f,1f],start_interpolation:0}
execute if entity @s[tag=aj.armor.bone.left_arm] run data modify entity @s {} merge value {transformation:[-1.3724561548720722f,0.00021261630981075357f,0.27302835063061137f,1.825478473427424f,0.16655512611156306f,1.1094678622003467f,0.836373645693451f,4.3534850601718365f,-0.21634212585561918f,0.8527962476693349f,-1.0881705137713364f,-0.5113933413394067f,0f,0f,0f,1f],start_interpolation:0}
execute if entity @s[tag=aj.armor.bone.chest] run data modify entity @s {} merge value {transformation:[-2.696311741286625f,0.00041770358236704875f,0.5363883901836252f,1.0242254442763739e-16f,0.32721230511581745f,2.1796479346983615f,1.6431301451638387f,5.176410628886378f,-0.42502327816351054f,1.675393802092231f,-2.137807406369961f,-0.2107117490473216f,0f,0f,0f,1f],start_interpolation:0}
execute if entity @s[tag=aj.armor.bone.weist] run data modify entity @s {} merge value {transformation:[-2.024395402941045f,-1.2541814529215396e-16f,0.31158425375847143f,3.566717568671459e-16f,0.15579212687923558f,1.7738224603886648f,1.0121977014705226f,1.5766070891183699f,-0.26983987917405333f,1.0241168749999996f,-1.7531778462513803f,-2.2868141209028376f,0f,0f,0f,1f],start_interpolation:0}
execute if entity @s[tag=aj.armor.bone.right_foot] run data modify entity @s {} merge value {transformation:[-1.2384361334984266f,-0.013964401689076868f,0.03689102666359187f,-0.9503835714773221f,0.03397485975980824f,0.21115142132189962f,1.2204674495026098f,-3.5299872807037014f,-0.020041488645534837f,1.220860385906828f,-0.21066149618205782f,-4.776026734224908f,0f,0f,0f,1f],start_interpolation:0}
execute if entity @s[tag=aj.armor.bone.right_knee] run data modify entity @s {} merge value {transformation:[-3.0559652652210847f,-0.02228166263450443f,0.09475125591497971f,-1.043253432957285f,0.08383637113642362f,0.9096757855114864f,2.917851847396256f,-2.2994070329633685f,-0.049454381624884206f,2.918970960456665f,-0.9086037482719287f,-1.1858115011239905f,0f,0f,0f,1f],start_interpolation:0}
execute if entity @s[tag=aj.armor.bone.right_thigh] run data modify entity @s {} merge value {transformation:[-2.6004240670312f,0.11968288950619797f,-0.1254175867987474f,-0.8198209874507926f,0.1731495695819824f,1.8858802080720727f,-1.7904563554774726f,0.36504055600301344f,0.008531803592933093f,-1.7948233172865642f,-1.8896548260372759f,-3.664553914768091f,0f,0f,0f,1f],start_interpolation:0}
execute if entity @s[tag=aj.armor.bone.right_leg] run data modify entity @s {} merge value {transformation:[-1.002698625036988f,-0.011355357855049885f,0.0870298612728288f,-0.8515562499999996f,0.03379134117178629f,0.8711869149328944f,0.5029902365531249f,0.30739821428571457f,-0.08100176644367708f,0.5039961196814321f,-0.8674873478819817f,-3.7516470535714284f,0f,0f,0f,1f],start_interpolation:0}
execute if entity @s[tag=aj.armor.bone.left_foot] run data modify entity @s {} merge value {transformation:[-1.2390290163758824f,0.009268611429710773f,0.0010947776668282963f,1.125509924489045f,0.00474227486937684f,0.5000420890882522f,1.1336734225898926f,-5.6609655519876805f,0.008038440460563732f,1.1336454521144532f,-0.500063377475836f,-8.675775370196039f,0f,0f,0f,1f],start_interpolation:0}
execute if entity @s[tag=aj.armor.bone.left_knee] run data modify entity @s {} merge value {transformation:[-3.0574282631350194f,0.022625026155711363f,-0.004301069592282537f,1.2223950674196957f,0.01170203847170363f,2.018005400987543f,2.296936054640119f,-3.037091773416129f,0.01983565738237704f,2.2968544326973714f,-2.0180347462121775f,-5.847932445059671f,0f,0f,0f,1f],start_interpolation:0}
execute if entity @s[tag=aj.armor.bone.left_thigh] run data modify entity @s {} merge value {transformation:[-2.604465935521832f,-0.09428896902943398f,0.011210465637890302f,1.0323958460410914f,-0.07222352176916945f,2.1669168295889802f,1.4462068005860589f,-0.02350022702505472f,-0.0616429000267686f,1.4449359631061418f,-2.1680911209893554f,-3.6355932094828267f,0f,0f,0f,1f],start_interpolation:0}
execute if entity @s[tag=aj.armor.bone.left_leg] run data modify entity @s {} merge value {transformation:[-1.0026979865493808f,-0.011352102467577934f,0.0870376418317617f,0.9453062500000006f,0.03730832758161249f,0.848312586146255f,0.5404456664967963f,0.21811250000000015f,-0.07945130596240392f,0.5416129240626268f,-0.8446600523438115f,-3.541825625f,0f,0f,0f,1f],start_interpolation:0}