execute if entity @s[tag=aj.armor.bone.right_thumb_2] run data modify entity @s {} merge value {transformation:[-0.9657238162101414f,0.25182298255003177f,-0.06294995046961822f,-2.5986815720143617f,0.17202838350417354f,0.8025240058084272f,0.5712805399890113f,3.9059515379893606f,0.19438041586914567f,0.5408700449838221f,-0.8183372461068457f,-6.371841680871517f,0f,0f,0f,1f],start_interpolation:0}
execute if entity @s[tag=aj.armor.bone.right_thumb] run data modify entity @s {} merge value {transformation:[-0.9657238162101414f,0.25182298255003177f,-0.06294995046961822f,-2.736519335558715f,0.17202838350417354f,0.8025240058084272f,0.5712805399890113f,4.179086310370797f,0.19438041586914567f,0.5408700449838221f,-0.8183372461068457f,-6.1162643359091495f,0f,0f,0f,1f],start_interpolation:0}
execute if entity @s[tag=aj.armor.bone.right_fingers_2] run data modify entity @s {} merge value {transformation:[0.9760657191287658f,-0.21579635114155418f,0.02697492864932057f,-2.6290832192929265f,-0.1474929096475077f,-0.5657084135140186f,0.811307483315151f,3.870874920862453f,-0.15981725046238593f,-0.7958680328505743f,-0.583997021174937f,-6.9318419123532875f,0f,0f,0f,1f],start_interpolation:0}
execute if entity @s[tag=aj.armor.bone.right_fingers] run data modify entity @s {} merge value {transformation:[-0.34135232511691604f,-0.9395482655838597f,0.02697492864932057f,-3.081470957686206f,-0.5416170117386592f,0.2200708524819242f,0.811307483315151f,3.9534714332417074f,-0.7681989343474515f,0.2623316155674718f,-0.583997021174937f,-6.853209376639926f,0f,0f,0f,1f],start_interpolation:0}
execute if entity @s[tag=aj.armor.bone.right_hand] run data modify entity @s {} merge value {transformation:[-0.9845496254750803f,0.17301557213512025f,0.02697492864932057f,-2.902614319493949f,0.1226766746543782f,0.5716035348146298f,0.811307483315151f,4.41843609746588f,0.12494986383595133f,0.8020816733887998f,-0.583997021174937f,-6.183492421870181f,0f,0f,0f,1f],start_interpolation:0}
execute if entity @s[tag=aj.armor.bone.right_forearm] run data modify entity @s {} merge value {transformation:[-1.9104142752362294f,0.18403864174845383f,0.0517907053326743f,-2.54281542261957f,0.14939606894503832f,1.1124580438720961f,1.5576755493522643f,6.111452455249755f,0.11930345091086426f,1.553963346031525f,-1.121249217450387f,-3.9485368609832814f,0f,0f,0f,1f],start_interpolation:0}
execute if entity @s[tag=aj.armor.bone.right_bicep] run data modify entity @s {} merge value {transformation:[-1.6497085008462393f,0.10677975560127612f,0.21993676532243508f,-2.374094917869349f,0.1669492819881511f,-0.6040180842493816f,1.5455103771422758f,5.148472061603815f,0.17861140554400481f,1.5508296077920845f,0.5868029721432538f,-1.536631108566314f,0f,0f,0f,1f],start_interpolation:0}
execute if entity @s[tag=aj.armor.bone.right_shoulder] run data modify entity @s {} merge value {transformation:[-1.0581214639676086f,-0.02403155460029852f,0.13077101238725114f,-1.9156531354204382f,0.13080454340288372f,-0.3762761591208903f,0.9892451815948579f,4.988437100822294f,0.02384836938779744f,0.9975662094653029f,0.37628781380323734f,-1.3366836853904296f,0f,0f,0f,1f],start_interpolation:0}
execute if entity @s[tag=aj.armor.bone.right_arm] run data modify entity @s {} merge value {transformation:[-1.3555325666008695f,0.00014254504834811728f,0.3474361280370372f,-1.7598979288286036f,0.21178873608998616f,1.1096423532805673f,0.8258449016439899f,4.883832904834324f,-0.27542224792101583f,0.8525692053944208f,-1.0749180237875169f,-1.132087038507422f,0f,0f,0f,1f],start_interpolation:0}
execute if entity @s[tag=aj.armor.bone.left_thumb_2] run data modify entity @s {} merge value {transformation:[0.1419185230189428f,0.8931026899809321f,-0.42688021501698226f,-0.005341539258528705f,0.09781656315114214f,-0.44178734031839817f,-0.8917711959396841f,2.0898091326493318f,-0.985033528768143f,0.08480289548841466f,-0.15005804250142882f,-0.294796113714649f,0f,0f,0f,1f],start_interpolation:0}
execute if entity @s[tag=aj.armor.bone.left_thumb] run data modify entity @s {} merge value {transformation:[0.1419185230189428f,0.8931026899809321f,-0.42688021501698226f,0.2692395918753627f,0.09781656315114214f,-0.44178734031839817f,-0.8917711959396841f,1.9643848704107532f,-0.985033528768143f,0.08480289548841466f,-0.15005804250142882f,-0.03442025256787856f,0f,0f,0f,1f],start_interpolation:0}
execute if entity @s[tag=aj.armor.bone.left_fingers_2] run data modify entity @s {} merge value {transformation:[-0.18475917200099873f,-0.9781155070393673f,-0.09567707797914143f,-0.48358008797819224f,-0.09291919833626326f,0.11430246052581272f,-0.98909098170911f,1.8552974827957405f,0.9783813525114073f,-0.17385339342925232f,-0.11200413675879159f,-0.4738130544979474f,0f,0f,0f,1f],start_interpolation:0}
execute if entity @s[tag=aj.armor.bone.left_fingers] run data modify entity @s {} merge value {transformation:[0.9938635044832398f,-0.05550883898683695f,-0.09567707797914143f,-0.5591579337901027f,-0.10119619798772769f,-0.10704372664727918f,-0.98909098170911f,1.8018430591182872f,0.044661661065414054f,0.9927035858602482f,-0.11200413675879159f,-0.01654886478891507f,0f,0f,0f,1f],start_interpolation:0}
execute if entity @s[tag=aj.armor.bone.left_hand] run data modify entity @s {} merge value {transformation:[0.22724812139812722f,0.9691254759165068f,-0.09567707797914143f,0.2578891990858687f,0.08784495654616922f,-0.11824674841664973f,-0.98909098170911f,1.7153056685466694f,-0.9698667717426055f,0.2163643187276827f,-0.11200413675879159f,0.1305833825289453f,0f,0f,0f,1f],start_interpolation:0}
execute if entity @s[tag=aj.armor.bone.left_forearm] run data modify entity @s {} merge value {transformation:[-0.6148729794248643f,1.8095364719649276f,-0.18369588357868827f,2.884365176802507f,0.26327308006946115f,-0.10331995538247588f,-1.8990122363935262f,1.4980966942073404f,-1.7996815569221598f,-0.6333545178573584f,-0.21504313573267728f,-0.8917816173605082f,0f,0f,0f,1f],start_interpolation:0}
execute if entity @s[tag=aj.armor.bone.left_bicep] run data modify entity @s {} merge value {transformation:[-0.48496792074770256f,-0.26068789306138673f,1.5742173207559296f,2.4558170578172205f,0.2969885576594651f,1.6018232536726194f,0.3567524286169972f,3.993965136761271f,-1.567774265376273f,0.3840785350888408f,-0.4193802170095878f,-0.29171959307526235f,0f,0f,0f,1f],start_interpolation:0}
execute if entity @s[tag=aj.armor.bone.left_shoulder] run data modify entity @s {} merge value {transformation:[-0.9374505319652544f,-0.08531963794505444f,0.5012052127674216f,2.0138006924001037f,0.06510775270380206f,1.0225164515930307f,0.29583896390723785f,4.240209925893953f,-0.5042292003267681f,0.29065490088552126f,-0.8936286969067776f,-0.43223316939583234f,0f,0f,0f,1f],start_interpolation:0}
execute if entity @s[tag=aj.armor.bone.left_arm] run data modify entity @s {} merge value {transformation:[-1.3555325666008695f,0.00014254504834811728f,0.3474361280370372f,1.8084633036513373f,0.21178873608998616f,1.1096423532805673f,0.8258449016439899f,4.2931050039964305f,-0.27542224792101583f,0.8525692053944208f,-1.0749180237875169f,-0.4325658022414032f,0f,0f,0f,1f],start_interpolation:0}
execute if entity @s[tag=aj.armor.bone.chest] run data modify entity @s {} merge value {transformation:[-2.663063852384413f,0.00028004237961184525f,0.682569062806051f,1.0242254442763739e-16f,0.41607774045423845f,2.179990737888597f,1.6224454944369018f,5.176410628886378f,-0.5410914135542724f,1.6749477574230107f,-2.1117717153806286f,-0.2107117490473216f,0f,0f,0f,1f],start_interpolation:0}
execute if entity @s[tag=aj.armor.bone.weist] run data modify entity @s {} merge value {transformation:[-2.0131167652848383f,-1.2541814529215396e-16f,0.37765378849969283f,3.550146080566383e-16f,0.18882689424984628f,1.7738224603886648f,1.006558382642419f,1.5687945891183699f,-0.32705777467616953f,1.0241168749999996f,-1.7434102595210252f,-2.2732824739687056f,0f,0f,0f,1f],start_interpolation:0}
execute if entity @s[tag=aj.armor.bone.right_foot] run data modify entity @s {} merge value {transformation:[-1.2364406036412743f,-0.02157555188880899f,0.07764752633056701f,-1.0416776526718468f,0.07732998551188391f,0.018451084468859805f,1.2365110755428017f,-2.9398533126933173f,-0.022687356066642232f,1.2387388999139317f,-0.017065486576394045f,-5.288115193611429f,0f,0f,0f,1f],start_interpolation:0}
execute if entity @s[tag=aj.armor.bone.right_knee] run data modify entity @s {} merge value {transformation:[-3.051041095323084f,-0.04059440663442086f,0.19467486747065937f,-1.1537451096540856f,0.19081948862134618f,0.2449914253488782f,3.041704308359512f,-2.527504055437873f,-0.055983324633389016f,3.047413537884304f,-0.24193919010253065f,-1.5158470493226015f,0f,0f,0f,1f],start_interpolation:0}
execute if entity @s[tag=aj.armor.bone.right_thigh] run data modify entity @s {} merge value {transformation:[-2.593318266146109f,0.19664196510610615f,-0.16819988569024244f,-0.8220936835786142f,0.2584320171074715f,2.054091108418867f,-1.5830923865530964f,0.36695588786185185f,0.013120842989886366f,-1.5919486641810485f,-2.063440376556947f,-3.707986628242571f,0f,0f,0f,1f],start_interpolation:0}
execute if entity @s[tag=aj.armor.bone.right_leg] run data modify entity @s {} merge value {transformation:[-0.9979166006659871f,-0.017095003049612926f,0.13029924229336573f,-0.8515562499999996f,0.05046915719606188f,0.8715974818376007f,0.5008775972056678f,0.3252553571428578f,-0.12133835273074502f,0.503123507780483f,-0.8632794528028003f,-3.7873613392857144f,0f,0f,0f,1f],start_interpolation:0}
execute if entity @s[tag=aj.armor.bone.left_foot] run data modify entity @s {} merge value {transformation:[-1.239018934745668f,-0.00952574599048842f,-0.004620456946650335f,1.255237491669705f,-0.009633283139042915f,0.7900374777902192f,0.9544778638921871f,-5.818022628210182f,-0.00439184642652572f,0.9544789431766185f,-0.7900826968329151f,-8.388637200592143f,0f,0f,0f,1f],start_interpolation:0}
execute if entity @s[tag=aj.armor.bone.left_knee] run data modify entity @s {} merge value {transformation:[-3.057403385702168f,-0.024409987431582875f,-0.0093093950133409f,1.292868988330061f,-0.02377109151345065f,2.1473535111100333f,2.176397438143289f,-3.056261508646063f,-0.010837321171931872f,2.1763903661939885f,-2.147464901141067f,-5.738735355600919f,0f,0f,0f,1f],start_interpolation:0}
execute if entity @s[tag=aj.armor.bone.left_thigh] run data modify entity @s {} merge value {transformation:[-2.6026988554683808f,-0.13396101531489135f,0.016492653923737062f,1.046449845464584f,-0.1035369109111287f,2.1858614422122686f,1.4154676813840517f,-0.027251307421378157f,-0.08658908324162871f,1.4129129822248665f,-2.188250015157745f,-3.580020239647521f,0f,0f,0f,1f],start_interpolation:0}
execute if entity @s[tag=aj.armor.bone.left_leg] run data modify entity @s {} merge value {transformation:[-0.9979157650458311f,-0.014247929442470863f,0.13064760210522988f,0.9609312500000006f,0.055727727586566494f,0.8603133613061218f,0.5194834109886958f,0.21811250000000015f,-0.11902192994268548f,0.5222696529772864f,-0.8521595292713412f,-3.494950625f,0f,0f,0f,1f],start_interpolation:0}