execute if entity @s[tag=aj.armor.bone.right_thumb_2] run data modify entity @s {} merge value {transformation:[-0.9779578927919184f,0.07360185617305268f,-0.19539991477447602f,-2.8902655959484953f,0.035427335201889086f,0.9807345684714501f,0.19210572642587204f,2.2766327597272147f,0.20577478914212058f,0.18094881312957045f,-0.9617246296006543f,-5.225338732987876f,0f,0f,0f,1f],start_interpolation:0}
execute if entity @s[tag=aj.armor.bone.right_thumb] run data modify entity @s {} merge value {transformation:[-0.9779578927919184f,0.07360185617305268f,-0.19539991477447602f,-3.082544717092208f,0.035427335201889086f,0.9807345684714501f,0.19210572642587204f,2.592740285610298f,0.20577478914212058f,0.18094881312957045f,-0.9617246296006543f,-5.076925782565555f,0f,0f,0f,1f],start_interpolation:0}
execute if entity @s[tag=aj.armor.bone.right_fingers_2] run data modify entity @s {} merge value {transformation:[0.9829590610376157f,-0.09320646783580441f,-0.15844254061842777f,-2.9175557303423036f,0.0019395635126598504f,-0.8566157146340669f,0.5159513112061516f,2.025989027690786f,-0.18381436945306884f,-0.5074663257749618f,-0.8418373986626105f,-5.727521823744199f,0f,0f,0f,1f],start_interpolation:0}
execute if entity @s[tag=aj.armor.bone.right_fingers] run data modify entity @s {} merge value {transformation:[-0.22071097692804845f,-0.9623838246696816f,-0.15844254061842777f,-3.376237903269827f,-0.8495404122858766f,0.10988781714910797f,0.5159513112061516f,2.0396776616766106f,-0.47913229128979523f,0.248479459224218f,-0.8418373986626105f,-5.643360009858071f,0f,0f,0f,1f],start_interpolation:0}
execute if entity @s[tag=aj.armor.bone.right_hand] run data modify entity @s {} merge value {transformation:[-0.9860891108428876f,0.05024168388361966f,-0.15844254061842777f,-3.2980268475668497f,-0.03930277015782592f,0.8557158037120586f,0.5159513112061516f,2.749965247499715f,0.16150404866443685f,0.5150012004626439f,-0.8418373986626105f,-5.211993330917745f,0f,0f,0f,1f],start_interpolation:0}
execute if entity @s[tag=aj.armor.bone.right_forearm] run data modify entity @s {} merge value {transformation:[-1.8897986245239786f,0.14952247157959403f,-0.3042028781616798f,-3.0044144199882292f,-0.029351698632655646f,1.6444076905201823f,0.9906043746053717f,5.210592914374134f,0.3376904475647749f,0.9796946359415525f,-1.6162916765771862f,-3.851887004030533f,0f,0f,0f,1f],start_interpolation:0}
execute if entity @s[tag=aj.armor.bone.right_bicep] run data modify entity @s {} merge value {transformation:[-1.6337718053982977f,0.33165339658863185f,0.04591238534342129f,-2.4825904230752407f,0.011808840179737583f,-0.17147008747608522f,1.6588462240683026f,4.921588579026072f,0.3346079405667303f,1.6253972647766082f,0.1656305904038384f,-1.3186551914623477f,0f,0f,0f,1f],start_interpolation:0}
execute if entity @s[tag=aj.armor.bone.right_shoulder] run data modify entity @s {} merge value {transformation:[-1.0556829932539433f,0.12052849632555832f,0.09113673866309084f,-1.992810622188775f,0.07960496126608804f,-0.10310236318745573f,1.058457631959464f,4.842439103769623f,0.12843704178495108f,1.054581618503239f,0.09306525677646242f,-1.146579232036876f,0f,0f,0f,1f],start_interpolation:0}
execute if entity @s[tag=aj.armor.bone.right_arm] run data modify entity @s {} merge value {transformation:[-1.385300637720825f,0.0001761034099573055f,0.19779417235567082f,-1.8095927429938499f,0.12064519947786127f,1.109649395833069f,0.8439806731615672f,4.765135577851601f,-0.15673959765554737f,0.8525600329682913f,-1.098523787276308f,-0.9775245067885511f,0f,0f,0f,1f],start_interpolation:0}
execute if entity @s[tag=aj.armor.bone.left_thumb_2] run data modify entity @s {} merge value {transformation:[-0.26297524797075755f,0.9525285636137112f,-0.15340584882826191f,0.5641714125239885f,0.3403022322762454f,-0.05720744126111105f,-0.938574290811421f,1.3440068288183713f,-0.9027947771573135f,-0.29902615966560125f,-0.30910345545321805f,-0.5445664808047317f,0f,0f,0f,1f],start_interpolation:0}
execute if entity @s[tag=aj.armor.bone.left_thumb] run data modify entity @s {} merge value {transformation:[-0.26297524797075755f,0.9525285636137112f,-0.15340584882826191f,0.9388149029156321f,0.3403022322762454f,-0.05720744126111105f,-0.938574290811421f,1.2890559219885998f,-0.9027947771573135f,-0.29902615966560125f,-0.30910345545321805f,-0.4198897582518286f,0f,0f,0f,1f],start_interpolation:0}
execute if entity @s[tag=aj.armor.bone.left_fingers_2] run data modify entity @s {} merge value {transformation:[0.2213933181308102f,-0.9581209124289082f,0.18162961171963854f,0.15154428748597f,-0.3516357914783039f,-0.25215576166995984f,-0.9015374323942794f,0.9793797733508287f,0.909580820399406f,0.13572689130396864f,-0.39273520613576796f,-0.6565524379149142f,0f,0f,0f,1f],start_interpolation:0}
execute if entity @s[tag=aj.armor.bone.left_fingers] run data modify entity @s {} merge value {transformation:[0.9210264284038507f,0.34455914198903553f,0.18162961171963854f,0.2675899573997125f,0.2958962150834279f,-0.3157145671191506f,-0.9015374323942794f,0.8103427942760884f,-0.25328984993668613f,0.8840833160853941f,-0.39273520613576796f,-0.23748224382080768f,0f,0f,0f,1f],start_interpolation:0}
execute if entity @s[tag=aj.armor.bone.left_hand] run data modify entity @s {} merge value {transformation:[-0.17938995352662607f,0.9668660345261328f,0.18162961171963854f,1.0658573657993298f,0.362299991965612f,0.23657762745798336f,-0.9015374323942794f,1.028604100697985f,-0.9146354248526747f,-0.0959223512329816f,-0.39273520613576796f,-0.3462654333059485f,0f,0f,0f,1f],start_interpolation:0}
execute if entity @s[tag=aj.armor.bone.left_forearm] run data modify entity @s {} merge value {transformation:[-1.1204903644377064f,1.5195822345830838f,0.348721059564203f,3.2644233804289255f,0.42741797241754137f,0.7123823725459966f,-1.7309131792155428f,2.0256463690988706f,-1.4993499997994377f,-0.9325322458055071f,-0.7540347408947444f,-1.816979609273814f,0f,0f,0f,1f],start_interpolation:0}
execute if entity @s[tag=aj.armor.bone.left_bicep] run data modify entity @s {} merge value {transformation:[-0.9521096755136669f,-0.45511404728077065f,1.291383213640354f,2.534732535075371f,0.4232990378580892f,1.398017496196227f,0.8047839707578424f,4.198082588548369f,-1.3021587173047637f,0.7872296482018827f,-0.6826158441248374f,-0.5836267204204636f,0f,0f,0f,1f],start_interpolation:0}
execute if entity @s[tag=aj.armor.bone.left_shoulder] run data modify entity @s {} merge value {transformation:[-0.9845206727649833f,-0.20600396123054665f,0.354374122449648f,2.048569487924354f,0.020891705038736514f,0.8955616467424485f,0.5786471112437857f,4.391331601221411f,-0.4093680341272497f,0.5411389014361534f,-0.8227308841860222f,-0.6290066640925908f,0f,0f,0f,1f],start_interpolation:0}
execute if entity @s[tag=aj.armor.bone.left_arm] run data modify entity @s {} merge value {transformation:[-1.385300637720825f,0.0001761034099573055f,0.19779417235567082f,1.8371303077796393f,0.12064519947786127f,1.109649395833069f,0.8439806731615672f,4.414337851884473f,-0.15673959765554737f,0.8525600329682913f,-1.098523787276308f,-0.590428595295241f,0f,0f,0f,1f],start_interpolation:0}
execute if entity @s[tag=aj.armor.bone.chest] run data modify entity @s {} merge value {transformation:[-2.7215458661021286f,0.0003459707548856117f,0.3885841798205761f,1.0242254442763739e-16f,0.23701818577391684f,2.1800045736070874f,1.658074824748509f,5.176410628886378f,-0.3079288296263181f,1.6749297373790322f,-2.1581473296623073f,-0.2107117490473216f,0f,0f,0f,1f],start_interpolation:0}
execute if entity @s[tag=aj.armor.bone.weist] run data modify entity @s {} merge value {transformation:[-2.0335062672942077f,-1.2541814529215396e-16f,0.24518106679399096f,3.5832890567765365e-16f,0.12259053339699535f,1.7738224603886648f,1.0167531336471038f,1.5844195891183699f,-0.21233303237056553f,1.0241168749999996f,-1.761068086231653f,-2.300345767836969f,0f,0f,0f,1f],start_interpolation:0}
execute if entity @s[tag=aj.armor.bone.right_foot] run data modify entity @s {} merge value {transformation:[-1.2389113943838852f,-0.019177330305387028f,-0.0032857245010642242f,-0.8193804115738232f,-0.009259425221732013f,0.3970959505312014f,1.1736733268817374f,-4.027739997405747f,-0.0171122478857093f,1.173553171011625f,-0.3971903006094411f,-4.120032024956428f,0f,0f,0f,1f],start_interpolation:0}
execute if entity @s[tag=aj.armor.bone.right_knee] run data modify entity @s {} merge value {transformation:[-3.057138019082664f,-0.047994469602556586f,0.0012799968355599396f,-0.9473830300607597f,-0.022848559637541472f,1.5260581603913534f,2.649343769624933f,-2.043812217188751f,-0.04222618650576301f,2.6490075494825467f,-1.5262286614995317f,-0.8858019976031493f,0f,0f,0f,1f],start_interpolation:0}
execute if entity @s[tag=aj.armor.bone.right_thigh] run data modify entity @s {} merge value {transformation:[-2.604743927034291f,0.053487517097307306f,-0.06860797043207414f,-0.8174086440674379f,0.08689373995115543f,1.6983412145815533f,-1.9749292367892624f,0.36322226006319447f,0.004176846818364623f,-1.976116165077975f,-1.699178139449256f,-3.621246869933438f,0f,0f,0f,1f],start_interpolation:0}
execute if entity @s[tag=aj.armor.bone.right_leg] run data modify entity @s {} merge value {transformation:[-1.0055733427184461f,-0.005641507227853926f,0.0435671822189519f,-0.8515562499999996f,0.016939301951336576f,0.8712158498677864f,0.5037893176168017f,0.28954107142857133f,-0.04053376394689656f,0.5040424485017102f,-0.8702906972069439f,-3.7159327678571428f,0f,0f,0f,1f],start_interpolation:0}
execute if entity @s[tag=aj.armor.bone.left_foot] run data modify entity @s {} merge value {transformation:[-1.238690489742319f,0.024969544913836444f,0.017389697124761693f,0.9796229632745538f,0.020732355231837824f,0.17426129056689316f,1.2265737569236768f,-5.499859974517403f,0.022272161678560238f,1.226494815950772f,-0.17462653400158692f,-8.944240972807686f,0f,0f,0f,1f],start_interpolation:0}
execute if entity @s[tag=aj.armor.bone.left_knee] run data modify entity @s {} merge value {transformation:[-3.056592914742366f,0.07481543924144858f,0.00635443332495525f,1.1434529655235255f,0.051159164159514985f,1.8857439879796665f,2.40619000225378f,-3.0206975439598196f,0.05495879087345337f,2.405570667653448f,-1.8864271174514209f,-5.950958829208496f,0f,0f,0f,1f],start_interpolation:0}
execute if entity @s[tag=aj.armor.bone.left_thigh] run data modify entity @s {} merge value {transformation:[-2.605719231219075f,-0.04953078359074858f,0.0057343740740218065f,1.0177001247682769f,-0.037624895696160746f,2.1498750456241487f,1.4727119708009708f,-0.019667790288367792f,-0.032719241937847615f,1.4723596310662392f,-2.1501966099702523f,-3.6910083897773327f,0f,0f,0f,1f],start_interpolation:0}
execute if entity @s[tag=aj.armor.bone.left_leg] run data modify entity @s {} merge value {transformation:[-1.005573142970292f,-0.006586196393980907f,0.04343903440638088f,0.9296812500000006f,0.01870118273109588f,0.8363435828919524f,0.5597207792070621f,0.21811250000000015f,-0.039756678150431414f,0.5599943811582063f,-0.8354240678660935f,-3.588700625f,0f,0f,0f,1f],start_interpolation:0}