execute if entity @s[tag=aj.armor.bone.right_thumb_2] run data modify entity @s {} merge value {transformation:[-0.8331001739672113f,-0.5243678055352954f,-0.17601847816039481f,-2.0179485558345127f,-0.30580792236041654f,0.7018235537962796f,-0.6433701997748776f,6.127548629463057f,0.46089653367909844f,-0.48216398025449725f,-0.7450451539254065f,-2.183812261633349f,0f,0f,0f,1f],start_interpolation:0}
execute if entity @s[tag=aj.armor.bone.right_thumb] run data modify entity @s {} merge value {transformation:[-0.8331001739672113f,-0.5243678055352954f,-0.17601847816039481f,-2.3707807179762614f,-0.30580792236041654f,0.7018235537962796f,-0.6433701997748776f,6.312361366940885f,0.46089653367909844f,-0.48216398025449725f,-0.7450451539254065f,-2.2004059238304423f,0f,0f,0f,1f],start_interpolation:0}
execute if entity @s[tag=aj.armor.bone.right_fingers_2] run data modify entity @s {} merge value {transformation:[0.8134399999535271f,0.4684703267137703f,-0.3447476170538367f,-1.846569258473524f,0.34388203065884226f,-0.8653676973293629f,-0.3645324367032745f,5.632825243698213f,-0.46910608124981357f,0.17797275467770046f,-0.8650232269291238f,-2.387853425370907f,0f,0f,0f,1f],start_interpolation:0}
execute if entity @s[tag=aj.armor.bone.right_fingers] run data modify entity @s {} merge value {transformation:[0.3582872723330653f,-0.867628555903869f,-0.3447476170538367f,-2.234420862467305f,-0.9028499687508814f,-0.22798692181286484f,-0.3645324367032745f,5.479340392166532f,0.23768080362255606f,0.4418627077073394f,-0.8650232269291238f,-2.1788714667996834f,0f,0f,0f,1f],start_interpolation:0}
execute if entity @s[tag=aj.armor.bone.right_hand] run data modify entity @s {} merge value {transformation:[-0.7922313966670242f,-0.5035062012236966f,-0.3447476170538367f,-2.623143012121638f,-0.38130153996693317f,0.8495441355280009f,-0.3645324367032745f,6.204554717066726f,0.47642265873262346f,-0.15734124417731024f,-0.8650232269291238f,-2.3190923954667815f,0f,0f,0f,1f],start_interpolation:0}
execute if entity @s[tag=aj.armor.bone.right_forearm] run data modify entity @s {} merge value {transformation:[-1.7209885782781669f,-0.5350897795485979f,-0.6619006293248012f,-3.3588611358338345f,-0.2798454337096543f,1.7658087197336345f,-0.6998866339532118f,8.786446622967592f,0.8038159294949253f,-0.5308801135634436f,-1.6608074717904286f,-3.2041568121846167f,0f,0f,0f,1f],start_interpolation:0}
execute if entity @s[tag=aj.armor.bone.right_bicep] run data modify entity @s {} merge value {transformation:[-1.494719301979221f,0.5116356404260558f,-0.5341866850153396f,-2.549115184705331f,-0.2493701382242964f,0.7853400728678023f,1.4499543919796574f,9.993982102118558f,0.69637703664312f,1.3794137073789439f,-0.6273667838213403f,-1.0456256525683465f,0f,0f,0f,1f],start_interpolation:0}
execute if entity @s[tag=aj.armor.bone.right_shoulder] run data modify entity @s {} merge value {transformation:[-1.0377046055519479f,0.2376322616624386f,-0.06324290979802001f,-2.0385163354033797f,0.0596485864140109f,0.5093294932320882f,0.9350535381832443f,10.060040508455739f,0.23855985320530454f,0.9063189181228583f,-0.5088956876389553f,-0.9422615841225412f,0f,0f,0f,1f],start_interpolation:0}
execute if entity @s[tag=aj.armor.bone.right_arm] run data modify entity @s {} merge value {transformation:[-1.3980180925523658f,-0.0000072152267203203245f,0.061039621101281784f,-1.8358183701542152f,0.037170796090227255f,1.1098631794650997f,0.8514707730072951f,10.030668719895145f,-0.04841660163896563f,0.8522817288406238f,-1.1088066151814633f,-0.8355106323360629f,0f,0f,0f,1f],start_interpolation:0}
execute if entity @s[tag=aj.armor.bone.left_thumb_2] run data modify entity @s {} merge value {transformation:[-0.8679579957773005f,0.4256879835614007f,0.2558098086815288f,2.374293625218222f,0.25084896829150277f,0.820320921846706f,-0.5139536752350921f,5.978645963813986f,-0.42863004172985875f,-0.3819205752928199f,-0.818787494710722f,-2.5573318284975173f,0f,0f,0f,1f],start_interpolation:0}
execute if entity @s[tag=aj.armor.bone.left_thumb] run data modify entity @s {} merge value {transformation:[-0.8679579957773005f,0.4256879835614007f,0.2558098086815288f,2.6997438542753436f,0.25084896829150277f,0.820320921846706f,-0.5139536752350921f,6.2085780568185855f,-0.42863004172985875f,-0.3819205752928199f,-0.818787494710722f,-2.5457123098339935f,0f,0f,0f,1f],start_interpolation:0}
execute if entity @s[tag=aj.armor.bone.left_fingers_2] run data modify entity @s {} merge value {transformation:[0.853499797599608f,-0.3500860921552506f,0.3859764546923728f,2.2684748806670387f,-0.29190172471806797f,-0.9347891643513597f,-0.20239219678115822f,5.496049775010088f,0.4316613007950159f,0.060074506163189774f,-0.9000330966721185f,-2.82502232205214f,0f,0f,0f,1f],start_interpolation:0}
execute if entity @s[tag=aj.armor.bone.left_fingers] run data modify entity @s {} merge value {transformation:[0.23568697846450032f,0.8918933930719415f,0.3859764546923728f,2.673990052566111f,0.964892734093989f,-0.16738999484653458f,-0.20239219678115822f,5.369055802528741f,-0.11590366635659138f,0.42012708198817217f,-0.9000330966721185f,-2.632434934896106f,0f,0f,0f,1f],start_interpolation:0}
execute if entity @s[tag=aj.armor.bone.left_hand] run data modify entity @s {} merge value {transformation:[-0.8374169140474272f,0.3869820260559793f,0.3859764546923728f,2.9635722980671164f,0.3323988296210242f,0.9211668777961297f,-0.20239219678115822f,6.1507969132303515f,-0.4338708680400856f,-0.0411885270547402f,-0.9000330966721185f,-2.6739752097892717f,0f,0f,0f,1f],start_interpolation:0}
execute if entity @s[tag=aj.armor.bone.left_forearm] run data modify entity @s {} merge value {transformation:[-1.729400288514445f,0.3824167182081182f,0.7410582281865086f,3.477534718360869f,0.24569199309732492f,1.8641010872355166f,-0.3885843318213786f,8.888383782761812f,-0.7968972885233447f,-0.2551857990643991f,-1.7280249191900685f,-3.1558950738224993f,0f,0f,0f,1f],start_interpolation:0}
execute if entity @s[tag=aj.armor.bone.left_bicep] run data modify entity @s {} merge value {transformation:[-1.5019668825047923f,-0.5751229751794541f,0.44118168818603093f,2.5698972410060623f,0.2073067272391112f,0.6318359697098166f,1.529418014453005f,9.855231433250054f,-0.6945729907010146f,1.4322461748989577f,-0.4975454650452151f,-0.9165900396080705f,0f,0f,0f,1f],start_interpolation:0}
execute if entity @s[tag=aj.armor.bone.left_shoulder] run data modify entity @s {} merge value {transformation:[-1.0221729310426513f,-0.2797437182598475f,0.11918706701685529f,2.055798950058037f,0.004124077800178742f,0.4052156042899563f,0.9864496499205997f,9.925588232761628f,-0.30404785286566877f,0.945961612297418f,-0.38731271220255087f,-0.8358937162174632f,0f,0f,0f,1f],start_interpolation:0}
execute if entity @s[tag=aj.armor.bone.left_arm] run data modify entity @s {} merge value {transformation:[-1.3980180925523658f,-0.0000072152267203203245f,0.061039621101281784f,1.8443881720967743f,0.037170796090227255f,1.1098631794650997f,0.8514707730072951f,9.899606407512522f,-0.04841660163896563f,0.8522817288406238f,-1.1088066151814633f,-0.7335607675632919f,0f,0f,0f,1f],start_interpolation:0}
execute if entity @s[tag=aj.armor.bone.chest] run data modify entity @s {} merge value {transformation:[-2.746530433120781f,-0.0000141749522948207f,0.11991774489467291f,1.0242254442763729e-16f,0.07302532294038395f,2.180424570497401f,1.6727897896570432f,10.55141062888638f,-0.09511870452758366f,1.6743829842573272f,-2.1783488563310285f,-0.2107117490473207f,0f,0f,0f,1f],start_interpolation:0}
execute if entity @s[tag=aj.armor.bone.weist] run data modify entity @s {} merge value {transformation:[-2.048111890333351f,-1.25418145292154e-16f,0.022342321146472454f,3.581782557857892e-16f,0.011171160573236116f,1.7738224603886656f,1.0240559451666753f,6.958709361845643f,-0.019349017692355475f,1.024116875f,-1.7737169268216504f,-2.299115618115684f,0f,0f,0f,1f],start_interpolation:0}
execute if entity @s[tag=aj.armor.bone.right_foot] run data modify entity @s {} merge value {transformation:[-1.2376097007537237f,-0.03261395824011693f,-0.05038419837162455f,-0.793206311238658f,-0.019338666059334885f,-0.7679989466563847f,0.9721541251504774f,2.7359758840288677f,-0.056817723578869585f,0.9717993397713114f,0.7665884153995021f,-9.722805750532396f,0f,0f,0f,1f],start_interpolation:0}
execute if entity @s[tag=aj.armor.bone.right_knee] run data modify entity @s {} merge value {transformation:[-3.0539259596052837f,-0.13111680271293538f,-0.06886648328672586f,-1.0320504765419611f,-0.04772009646237635f,-0.4747446114697962f,3.0200560129737672f,2.2296495157315785f,-0.14020342673260594f,3.0175857756079987f,0.4721409336265018f,-5.841646968898065f,0f,0f,0f,1f],start_interpolation:0}
execute if entity @s[tag=aj.armor.bone.right_thigh] run data modify entity @s {} merge value {transformation:[-2.6053774177788585f,0.016706778339300697f,0.06315289383354446f,-0.9579603313506675f,0.04620185921899507f,2.2524508964247323f,1.3101867198663673f,5.402323500832078f,-0.046182168060168255f,1.3108946320231094f,-2.2520393790074635f,-3.7982187694856164f,0f,0f,0f,1f],start_interpolation:0}
execute if entity @s[tag=aj.armor.bone.right_leg] run data modify entity @s {} merge value {transformation:[-1.0062162608669623f,0.005650805850662018f,0.024588174320134687f,-0.8671812499999996f,0.01784350386673419f,0.8528916499058352f,0.5341957660323692f,5.6399875f,-0.017835898993800368f,0.5344638205439073f,-0.8527238584635372f,-3.698075625f,0f,0f,0f,1f],start_interpolation:0}
execute if entity @s[tag=aj.armor.bone.left_foot] run data modify entity @s {} merge value {transformation:[-1.2380235709371044f,0.04982891534346914f,-0.009732734312371942f,0.6462904549347047f,0.05002878099629008f,1.2377647847356403f,-0.026748230926938146f,-0.11802585862584225f,0.00864684876282f,-0.027118738565592347f,-1.2387371856622558f,-0.01979237813563206f,0f,0f,0f,1f],start_interpolation:0}
execute if entity @s[tag=aj.armor.bone.left_knee] run data modify entity @s {} merge value {transformation:[-3.054947225757418f,0.12210621112014992f,-0.028026706334074003f,0.8675194404521445f,0.12345103057848512f,3.050513741383199f,-0.16590277847700474f,3.7146074039488575f,0.021336965837836154f,-0.16689506302812396f,-3.0528820394916463f,-0.33484324149702616f,0f,0f,0f,1f],start_interpolation:0}
execute if entity @s[tag=aj.armor.bone.left_thigh] run data modify entity @s {} merge value {transformation:[-2.6061856338878093f,0.00016471680158751297f,0.007436941524252855f,0.8134642057512641f,-0.006272294163337083f,1.3521280531549813f,-2.227996696521634f,5.732040147950759f,-0.003999194517455886f,-2.2280055193499315f,-1.3521221489582647f,-3.4842910451506435f,0f,0f,0f,1f],start_interpolation:0}
execute if entity @s[tag=aj.armor.bone.left_leg] run data modify entity @s {} merge value {transformation:[-1.0059935614094417f,9.844047221255002e-7f,0.03293369031900709f,0.8515562500000006f,0.016469903479228276f,0.8716437807273179f,0.5030641463620937f,5.6087375f,-0.028519646533262267f,0.5033336796546285f,-0.8711770831714982f,-3.604325625f,0f,0f,0f,1f],start_interpolation:0}