execute if entity @s[tag=aj.armor.bone.right_thumb_2] run data modify entity @s {} merge value {transformation:[-0.8343311701761233f,-0.2867992800069651f,-0.47078410281149785f,-2.9696268549155116f,0.35302694253111144f,0.3779423348029406f,-0.8558805812792092f,0.6406789542654902f,0.4233951774875051f,-0.8802873193174987f,-0.2140811975142508f,0.10231654163071882f,0f,0f,0f,1f],start_interpolation:0}
execute if entity @s[tag=aj.armor.bone.right_thumb] run data modify entity @s {} merge value {transformation:[-0.8343311701761233f,-0.2867992800069651f,-0.47078410281149785f,-3.2198083223511156f,0.35302694253111144f,0.3779423348029406f,-0.8558805812792092f,0.8697428057959804f,0.4233951774875051f,-0.8802873193174987f,-0.2140811975142508f,-0.06610597809493596f,0f,0f,0f,1f],start_interpolation:0}
execute if entity @s[tag=aj.armor.bone.right_fingers_2] run data modify entity @s {} merge value {transformation:[0.828804999821632f,0.14477528107577659f,-0.5404834782489597f,-3.00640882381187f,-0.32443089669141867f,-0.6626602048132612f,-0.6750007749838872f,0.1325138534285266f,-0.4558803193192988f,0.734793556685329f,-0.5022465166738916f,0.2616401196811806f,0f,0f,0f,1f],start_interpolation:0}
execute if entity @s[tag=aj.armor.bone.right_fingers] run data modify entity @s {} merge value {transformation:[0.035355947756869954f,-0.8406114243204879f,-0.5404834782489597f,-3.3797340820507955f,-0.614644325315357f,0.40814985866563885f,-0.6750007749838872f,0.27789092012823025f,0.7880116181350643f,0.3560703949686064f,-0.5022465166738916f,0.4511964396223648f,0f,0f,0f,1f],start_interpolation:0}
execute if entity @s[tag=aj.armor.bone.right_hand] run data modify entity @s {} merge value {transformation:[-0.8217011520437839f,-0.18078945342531577f,-0.5404834782489597f,-3.4906914324629694f,0.29521727820042637f,0.6761809760878248f,-0.6750007749838872f,0.8094458436965966f,0.4874976670527258f,-0.7142089757956642f,-0.5022465166738916f,-0.12665474705999102f,0f,0f,0f,1f],start_interpolation:0}
execute if entity @s[tag=aj.armor.bone.right_forearm] run data modify entity @s {} merge value {transformation:[-1.5332412632488372f,-0.0644878197389758f,-0.9858200197855232f,-3.5558421305391823f,0.7444488461493374f,1.1210864075003963f,-1.231174132289288f,2.3746886179964664f,0.6494580092442749f,-1.4373013426754577f,-0.9160773472831294f,-2.307814144717012f,0f,0f,0f,1f],start_interpolation:0}
execute if entity @s[tag=aj.armor.bone.right_bicep] run data modify entity @s {} merge value {transformation:[-1.3689474202253498f,0.79424708058957f,0.07272614053289853f,-2.31329613710328f,0.5610164338181585f,0.8562304654561541f,1.2092412939087884f,3.69352721530678f,0.5669021763301159f,1.0705958718784552f,-1.0210685371083055f,-0.6257158517759696f,0f,0f,0f,1f],start_interpolation:0}
execute if entity @s[tag=aj.armor.bone.right_shoulder] run data modify entity @s {} merge value {transformation:[-0.9949022542215131f,0.18552556088757616f,0.04650537032582089f,-1.8351862673076658f,0.15474949768434212f,0.6360303219530253f,0.7732599829227004f,3.7486631877190826f,0.11240585473290644f,0.7664585275672267f,-0.6529312582562451f,-0.4944012652304389f,0f,0f,0f,1f],start_interpolation:0}
execute if entity @s[tag=aj.armor.bone.right_arm] run data modify entity @s {} merge value {transformation:[-1.3285270500512691f,0.010064236879878105f,-0.046609223597347545f,-1.7575978733958129f,-0.015724185396240414f,1.1342829606835167f,0.6931181330789935f,3.6405363296692546f,0.04501620354879449f,0.6932234182031867f,-1.1334340144794455f,-0.5422374830039363f,0f,0f,0f,1f],start_interpolation:0}
execute if entity @s[tag=aj.armor.bone.left_thumb_2] run data modify entity @s {} merge value {transformation:[-0.7823574391104429f,0.3704941492688669f,0.5006504996762594f,2.9792985147988555f,-0.3008066480347255f,0.47909758268108105f,-0.8246095238155191f,1.3684852186448402f,-0.5453734481680076f,-0.7957383939629172f,-0.26337845471232946f,-0.713272260778409f,0f,0f,0f,1f],start_interpolation:0}
execute if entity @s[tag=aj.armor.bone.left_thumb] run data modify entity @s {} merge value {transformation:[-0.7823574391104429f,0.3704941492688669f,0.5006504996762594f,3.2425334228785605f,-0.3008066480347255f,0.47909758268108105f,-0.8246095238155191f,1.615842482520742f,-0.5453734481680076f,-0.7957383939629172f,-0.26337845471232946f,-0.8270656131899179f,0f,0f,0f,1f],start_interpolation:0}
execute if entity @s[tag=aj.armor.bone.left_fingers_2] run data modify entity @s {} merge value {transformation:[0.7738957506863895f,-0.2108756278580493f,0.5971740421728183f,3.0058620880488065f,0.26858059426820174f,-0.7446616044289849f,-0.6110184606636603f,0.845091069192231f,0.5735414818930615f,0.6332539494268652f,-0.5196533499201059f,-0.6116768555559773f,0f,0f,0f,1f],start_interpolation:0}
execute if entity @s[tag=aj.armor.bone.left_fingers] run data modify entity @s {} merge value {transformation:[0.10805789211646649f,0.7947997579933722f,0.5971740421728183f,3.3560751623586795f,0.7032341188994674f,0.3634806937705223f,-0.6110184606636603f,0.9671771193668928f,-0.7026985598156831f,0.48597852828059873f,-0.5196533499201059f,-0.3690173465187407f,0f,0f,0f,1f],start_interpolation:0}
execute if entity @s[tag=aj.armor.locator_origin.consume] at @s on origin run tp @s ^3.08391 ^0.96234 ^-0.3673 ~48.97062 ~-37.66318
execute if entity @s[tag=aj.armor.bone.left_hand] run data modify entity @s {} merge value {transformation:[-0.7639609077155455f,0.24443177951611947f,0.5971740421728183f,3.518901960648975f,-0.23584328207536448f,0.7556681725652674f,-0.6110184606636603f,1.5631458471995792f,-0.6006177468093662f,-0.6076337039158147f,-0.5196533499201059f,-0.866091660414047f,0f,0f,0f,1f],start_interpolation:0}
execute if entity @s[tag=aj.armor.bone.left_forearm] run data modify entity @s {} merge value {transformation:[-1.4630062280606189f,0.006185513664530265f,1.0892213171390162f,3.505687426536144f,-0.8247243701334593f,1.1851617014796654f,-1.1144729769210644f,3.22373740736613f,-0.7115272669387424f,-1.3864277992019767f,-0.9478267075980472f,-2.976529273881243f,0f,0f,0f,1f],start_interpolation:0}
execute if entity @s[tag=aj.armor.bone.left_bicep] run data modify entity @s {} merge value {transformation:[-1.3208771744366379f,-0.7897024637256356f,-0.3765475597072054f,2.274295811383032f,-0.6408175041547493f,0.40905505354556304f,1.3900221024937773f,3.8422059780250697f,-0.595626537609489f,1.3111744879450655f,-0.6604430677513649f,-0.9237551080481101f,0f,0f,0f,1f],start_interpolation:0}
execute if entity @s[tag=aj.armor.bone.left_shoulder] run data modify entity @s {} merge value {transformation:[-0.9678229662642672f,-0.1781950450047646f,-0.24078664949291814f,1.813673950635433f,-0.29261977575301074f,0.3882154518726243f,0.888861861276786f,3.780043915183122f,-0.06407301675848562f,0.9186665703779171f,-0.42232612950228726f,-0.7425482565382778f,0f,0f,0f,1f],start_interpolation:0}
execute if entity @s[tag=aj.armor.bone.left_arm] run data modify entity @s {} merge value {transformation:[-1.3285270500512691f,0.010064236879878105f,-0.046609223597347545f,1.739677076303681f,-0.015724185396240414f,1.1342829606835167f,0.6931181330789935f,3.681929389515932f,0.04501620354879449f,0.6932234182031867f,-1.1334340144794455f,-0.660740181910742f,0f,0f,0f,1f],start_interpolation:0}
execute if entity @s[tag=aj.armor.bone.chest] run data modify entity @s {} merge value {transformation:[-2.630828903398029f,0.01992980517273317f,-0.09229837856904106f,1.2437702408272788e-16f,-0.03113797451186414f,2.2461751136214554f,1.372554076262977f,4.25406593853985f,0.08914378477491079f,1.3727625681772477f,-2.244493979457861f,-0.12998008705544206f,0f,0f,0f,1f],start_interpolation:0}
execute if entity @s[tag=aj.armor.bone.weist] run data modify entity @s {} merge value {transformation:[-1.9435013606041127f,0.11416554544311683f,0.09953859097344316f,-0.06249999999999968f,0.13778559622846845f,1.8646287141458686f,0.55164674329142f,0.7822646346709563f,-0.06290335707470829f,0.5570145672652914f,-1.8670611080123574f,-1.7336313379669206f,0f,0f,0f,1f],start_interpolation:0}
execute if entity @s[tag=aj.armor.bone.right_foot] run data modify entity @s {} merge value {transformation:[-1.1762727009884029f,-0.019552755200644773f,0.039888814849197804f,-0.9420637997622892f,-0.018896571120418988f,1.1767962405434134f,0.01960670087859235f,-6.658748891852454f,-0.040203823025937176f,0.018952384639282362f,-1.176271803031572f,-2.7540369838968624f,0f,0f,0f,1f],start_interpolation:0}
execute if entity @s[tag=aj.armor.bone.right_knee] run data modify entity @s {} merge value {transformation:[-2.9025699635201883f,-0.09307669013430565f,0.057905312002277706f,-1.120613013387496f,-0.0466291700058692f,2.4369762315615864f,1.5798421616865654f,-3.58150031727525f,-0.09920693478281876f,1.5777871418830733f,-2.436734373610193f,-0.88159749390018f,0f,0f,0f,1f],start_interpolation:0}
execute if entity @s[tag=aj.armor.bone.right_thigh] run data modify entity @s {} merge value {transformation:[-2.4720600040941494f,0.1158698573900196f,0.07420401097994771f,-0.9085444240445326f,0.06107159060278961f,2.1205043820014358f,-1.276614330827058f,-0.5952270689454418f,-0.12329768821166498f,-1.2728110877110506f,-2.120085455357999f,-2.623568775464074f,0f,0f,0f,1f],start_interpolation:0}
execute if entity @s[tag=aj.armor.bone.right_leg] run data modify entity @s {} merge value {transformation:[-0.9959711215089069f,0.04326134546149168f,0.07854922729824701f,-0.9558537499999995f,0.05955073887469934f,0.9739840656100831f,0.21865211967216497f,-0.8971463115558951f,-0.06704651086945221f,0.22244886137383313f,-0.9726362472444245f,-2.8020201429266063f,0f,0f,0f,1f],start_interpolation:0}
execute if entity @s[tag=aj.armor.bone.left_foot] run data modify entity @s {} merge value {transformation:[-1.1750611432838949f,-0.015467960131703491f,-0.06769746398700886f,0.9926654818589804f,-0.06228044369299996f,0.742299160750532f,0.9114296446566907f,-5.505001901167577f,0.03071401560055911f,0.913424103598642f,-0.7418247441864342f,-4.610262061362758f,0f,0f,0f,1f],start_interpolation:0}
execute if entity @s[tag=aj.armor.bone.left_knee] run data modify entity @s {} merge value {transformation:[-2.8995803242985847f,0.003876492097460681f,-0.1713114248483073f,1.0565730115951582f,-0.15368319355376614f,1.2255529122448787f,2.6289408939421284f,-3.8907403603833837f,0.07578989044493033f,2.6334262322364643f,-1.223213333972954f,-1.3857553018648308f,0f,0f,0f,1f],start_interpolation:0}
execute if entity @s[tag=aj.armor.bone.left_thigh] run data modify entity @s {} merge value {transformation:[-2.465982529701079f,-0.21487429946455022f,0.05264904156531884f,0.704009946546348f,-0.2188114462280012f,2.2820503780772734f,-0.9350830689602112f,-0.6875435638734746f,0.03262571298436871f,-0.9359956358263936f,-2.2919119650425643f,-2.6555956516968773f,0f,0f,0f,1f],start_interpolation:0}
execute if entity @s[tag=aj.armor.bone.left_leg] run data modify entity @s {} merge value {transformation:[-0.9988231655343364f,0.02881779409528166f,0.039010495196160504f,0.7371031250000006f,0.036884746378290305f,0.9736229680513443f,0.22516178975905304f,-0.9851995351014375f,-0.031492848022637014f,0.226335703825916f,-0.973540112012366f,-2.752604130104458f,0f,0f,0f,1f],start_interpolation:0}