execute if entity @s[tag=aj.armor.bone.right_thumb_2] run data modify entity @s {} merge value {transformation:[-0.7932388207450051f,-0.32287265470071835f,-0.5162610019259491f,-3.1511366147099884f,0.2947725560028164f,0.538257232619f,-0.7895494232541129f,1.053669600175838f,0.53280513650925f,-0.7784808285242779f,-0.33179253477061976f,-0.44404736614002105f,0f,0f,0f,1f],start_interpolation:0}
execute if entity @s[tag=aj.armor.bone.right_thumb] run data modify entity @s {} merge value {transformation:[-0.7932388207450051f,-0.32287265470071835f,-0.5162610019259491f,-3.401487812636047f,0.2947725560028164f,0.538257232619f,-0.7895494232541129f,1.31636712128693f,0.53280513650925f,-0.7784808285242779f,-0.33179253477061976f,-0.5524053375866491f,0f,0f,0f,1f],start_interpolation:0}
execute if entity @s[tag=aj.armor.bone.right_fingers_2] run data modify entity @s {} merge value {transformation:[0.786951612898004f,0.16130926712352314f,-0.5955556055460328f,-3.1986660177663095f,-0.26065041276540907f,-0.7879575287724363f,-0.5578389509312316f,0.5263905192261716f,-0.5592571155402957f,0.5942240765829895f,-0.5780391211039622f,-0.3755899917723122f,0f,0f,0f,1f],start_interpolation:0}
execute if entity @s[tag=aj.armor.bone.right_fingers] run data modify entity @s {} merge value {transformation:[0.057211446488588225f,-0.8012742171649988f,-0.5955556055460328f,-3.5540989502922975f,-0.7471947370033849f,0.36126960821301496f,-0.5578389509312316f,0.6458930633196535f,0.6621381089962466f,0.47691078734731196f,-0.5780391211039622f,-0.13931809157642122f,0f,0f,0f,1f],start_interpolation:0}
execute if entity @s[tag=aj.armor.bone.right_hand] run data modify entity @s {} merge value {transformation:[-0.7791663979284461f,-0.19548208368520317f,-0.5955556055460328f,-3.677651081151326f,0.2260321066529008f,0.7985769791234874f,-0.5578389509312316f,1.2757259227633975f,0.584644516865815f,-0.5692640541717845f,-0.5780391211039622f,-0.6049570122602266f,0f,0f,0f,1f],start_interpolation:0}
execute if entity @s[tag=aj.armor.bone.right_forearm] run data modify entity @s {} merge value {transformation:[-1.465025190608105f,0.023423124592966638f,-1.086269354143573f,-3.620668614461866f,0.7752141595713108f,1.300236427466234f,-1.017475700507633f,3.111796145732808f,0.7612967616621912f,-1.2789312536480035f,-1.054319994479149f,-2.563855939913299f,0f,0f,0f,1f],start_interpolation:0}
execute if entity @s[tag=aj.armor.bone.right_bicep] run data modify entity @s {} merge value {transformation:[-1.319102023945413f,0.841893104405707f,0.24762957630449492f,-2.306177973581809f,0.5938579204360889f,0.527231128571206f,1.3709466303559608f,3.9150602652912276f,0.646093783163053f,1.234251957139692f,-0.7545326272192608f,-0.6300535798095084f,0f,0f,0f,1f],start_interpolation:0}
execute if entity @s[tag=aj.armor.bone.right_shoulder] run data modify entity @s {} merge value {transformation:[-0.9773247629974299f,0.2148834770416998f,0.15834891093192566f,-1.8316704494439182f,0.24038922940596233f,0.4473102207887752f,0.8766638828139007f,3.8890868388572586f,0.11602717218162839f,0.8832619296331108f,-0.48249252599721f,-0.4782624919773794f,0f,0f,0f,1f],start_interpolation:0}
execute if entity @s[tag=aj.armor.bone.right_arm] run data modify entity @s {} merge value {transformation:[-1.3293443474609197f,0.010069278162562829f,-0.00021637290887721467f,-1.7554229251037112f,0.008372378002838582f,1.1206845408865251f,0.7150202055961671f,3.669245450129785f,0.005598255668361825f,0.7149983222088653f,-1.1207157936239804f,-0.5375072923128299f,0f,0f,0f,1f],start_interpolation:0}
execute if entity @s[tag=aj.armor.bone.left_thumb_2] run data modify entity @s {} merge value {transformation:[-0.8010497095690892f,0.30093259565937874f,0.5174542836512097f,3.0580928405459344f,-0.35888488262098744f,0.45040913754977163f,-0.8175165134954709f,1.118547543962632f,-0.47908350402137395f,-0.840577885553373f,-0.2527999495514634f,-0.38587605607544384f,0f,0f,0f,1f],start_interpolation:0}
execute if entity @s[tag=aj.armor.bone.left_thumb] run data modify entity @s {} merge value {transformation:[-0.8010497095690892f,0.30093259565937874f,0.5174542836512097f,3.3033722163775887f,-0.35888488262098744f,0.45040913754977163f,-0.8175165134954709f,1.3694878724502852f,-0.47908350402137395f,-0.840577885553373f,-0.2527999495514634f,-0.5283335557274309f,0f,0f,0f,1f],start_interpolation:0}
execute if entity @s[tag=aj.armor.bone.left_fingers_2] run data modify entity @s {} merge value {transformation:[0.7956721667621522f,-0.14064494651873105f,0.5891729814398863f,3.1125459601312366f,0.3278852752131207f,-0.7178386361594032f,-0.6141652373223537f,0.6026310942451931f,0.5093103664156438f,0.6818553302978207f,-0.5250488160219122f,-0.2600437861852546f,0f,0f,0f,1f],start_interpolation:0}
execute if entity @s[tag=aj.armor.bone.left_fingers] run data modify entity @s {} merge value {transformation:[0.03558565132124902f,0.8072229303985843f,0.5891729814398863f,3.47155880189274f,0.6688998106572326f,0.4187769150365078f,-0.6141652373223537f,0.750664463834397f,-0.7425003062105497f,0.41595316571848273f,-0.5250488160219122f,-0.046423236309052096f,0f,0f,0f,1f],start_interpolation:0}
execute if entity @s[tag=aj.armor.locator_origin.consume] at @s on origin run tp @s ^3.20044 ^0.73549 ^-0.02727 ~48.29377 ~-37.89129
execute if entity @s[tag=aj.armor.bone.left_hand] run data modify entity @s {} merge value {transformation:[-0.7887800167627341f,0.17521781615182883f,0.5891729814398863f,3.578789585497684f,-0.29626151954810437f,0.7314575676687093f,-0.6141652373223537f,1.3254505401781178f,-0.5385677275801335f,-0.6589905489482827f,-0.5250488160219122f,-0.5820506159484133f,0f,0f,0f,1f],start_interpolation:0}
execute if entity @s[tag=aj.armor.bone.left_forearm] run data modify entity @s {} merge value {transformation:[-1.473771850852424f,0.0006223568519107461f,1.0746277057383526f,3.556307978575271f,-0.8163228371586311f,1.1855671150823137f,-1.120212570364298f,2.9867875818206415f,-0.6988863418337848f,-1.3860947983240013f,-0.957667819700987f,-2.691823040965378f,0f,0f,0f,1f],start_interpolation:0}
execute if entity @s[tag=aj.armor.bone.left_bicep] run data modify entity @s {} merge value {transformation:[-1.327771258216146f,-0.8103475153816471f,-0.30082377906909213f,2.2917032104381585f,-0.630270092229898f,0.5302913991865394f,1.3533976498696914f,3.794944629893417f,-0.5915383779427456f,1.2538989162396943f,-0.7667818536958813f,-0.7270412656199845f,0f,0f,0f,1f],start_interpolation:0}
execute if entity @s[tag=aj.armor.bone.left_shoulder] run data modify entity @s {} merge value {transformation:[-0.9745723807013851f,-0.19904167026381847f,-0.19236441183198158f,1.8225640955563378f,-0.26391790553241296f,0.45581839097945f,0.8654420328659393f,3.760689627517111f,-0.0834804922138054f,0.8826239213902686f,-0.4903254016224798f,-0.5608858281839685f,0f,0f,0f,1f],start_interpolation:0}
execute if entity @s[tag=aj.armor.bone.left_arm] run data modify entity @s {} merge value {transformation:[-1.3293443474609197f,0.010069278162562829f,-0.00021637290887721467f,1.7440035154194848f,0.008372378002838582f,1.1206845408865251f,0.7150202055961671f,3.6472056219925917f,0.005598255668361825f,0.7149983222088653f,-1.1207157936239804f,-0.5522443948130911f,0f,0f,0f,1f],start_interpolation:0}
execute if entity @s[tag=aj.armor.bone.chest] run data modify entity @s {} merge value {transformation:[-2.6324473647217173f,0.01993978822290641f,-0.00042847460468683487f,1.1941785019961523e-16f,0.016579484805515694f,2.2192467075787743f,1.4159258731867028f,4.241832648215771f,0.011086001463327203f,1.4158825383913627f,-2.2193085961229366f,-0.06194522417766679f,0f,0f,0f,1f],start_interpolation:0}
execute if entity @s[tag=aj.armor.bone.weist] run data modify entity @s {} merge value {transformation:[-1.9388413003876437f,0.11418282532521087f,0.167319860869065f,-0.06249999999999968f,0.15944690952128254f,1.8533849053953402f,0.5828209991293706f,0.7902373637107865f,-0.12494133217075458f,0.5933514273875121f,-1.852690742855358f,-1.710442521363395f,0f,0f,0f,1f],start_interpolation:0}
execute if entity @s[tag=aj.armor.bone.right_foot] run data modify entity @s {} merge value {transformation:[-1.1759872313734698f,-0.03116249543726986f,0.04091241133501821f,-0.9364660701886398f,-0.029334110600385575f,1.1755851562755875f,0.05224887727357965f,-6.648096704087477f,-0.042242590810791125f,0.051179430430470546f,-1.1752391774864244f,-1.4878140455155398f,0f,0f,0f,1f],start_interpolation:0}
execute if entity @s[tag=aj.armor.bone.right_knee] run data modify entity @s {} merge value {transformation:[-2.901865538832693f,-0.10369544024053556f,0.07315967976001365f,-1.1276554396249172f,-0.07238483751575034f,2.7278423233269224f,0.9952715121504391f,-3.230459928450167f,-0.10423779720947982f,0.9924979613448709f,-2.7278216523250225f,-0.3517798251028714f,0f,0f,0f,1f],start_interpolation:0}
execute if entity @s[tag=aj.armor.bone.right_thigh] run data modify entity @s {} merge value {transformation:[-2.4713568277614693f,0.12075961417280491f,0.08846054714201648f,-0.9090026271294271f,0.029459321704836543f,1.8268488099424807f,-1.6708585508401048f,-0.647619961604873f,-0.14676614453108922f,-1.6667493105250228f,-1.8249436039568188f,-2.649255309046921f,0f,0f,0f,1f],start_interpolation:0}
execute if entity @s[tag=aj.armor.bone.right_leg] run data modify entity @s {} merge value {transformation:[-0.990501235681632f,0.04324616791098769f,0.13052613176745434f,-0.9496037499999996f,0.07080952426980017f,0.9741344955754123f,0.21458796751617126f,-0.9251955878957423f,-0.11786990025381702f,0.22179214028240823f,-0.9679436621638181f,-2.82354310965545f,0f,0f,0f,1f],start_interpolation:0}
execute if entity @s[tag=aj.armor.bone.left_foot] run data modify entity @s {} merge value {transformation:[-1.172631237179949f,0.03372783562643229f,-0.09689844978296089f,0.8825140822871378f,-0.06371039903590464f,0.6320301670236195f,0.9909943228411269f,-5.016529939918447f,0.0804230161152293f,0.9924672266390532f,-0.6277992014990762f,-5.397046879813677f,0f,0f,0f,1f],start_interpolation:0}
execute if entity @s[tag=aj.armor.bone.left_knee] run data modify entity @s {} merge value {transformation:[-2.893584289139764f,0.1512755336668949f,-0.20301320915484355f,1.128123072868836f,-0.15721175068512075f,0.7520753387515382f,2.8011775807367694f,-3.983876982915015f,0.19845179672674054f,2.8015044326735548f,-0.7410252941839257f,-1.9502117473193383f,0f,0f,0f,1f],start_interpolation:0}
execute if entity @s[tag=aj.armor.bone.left_thigh] run data modify entity @s {} merge value {transformation:[-2.464769862966115f,-0.22512102928301006f,-0.0651365314368151f,0.763240673540214f,-0.20761793850754143f,2.41673295965849f,-0.49629559362264675f,-0.5994700713915379f,0.10870619652503627f,-0.4886052054715902f,-2.42475991367438f,-2.5904582919893073f,0f,0f,0f,1f],start_interpolation:0}
execute if entity @s[tag=aj.armor.bone.left_leg] run data modify entity @s {} merge value {transformation:[-0.9972042899122683f,0.01134484242886974f,0.07385728624064729f,0.7621031250000005f,0.027737168890968642f,0.9739889541160224f,0.22489145542214484f,-1.0099856566357834f,-0.06938482285401235f,0.2263113161338619f,-0.971580637182152f,-2.749340975298957f,0f,0f,0f,1f],start_interpolation:0}