execute if entity @s[tag=aj.armor.bone.right_thumb_2] run data modify entity @s {} merge value {transformation:[-0.7524981644452244f,-0.4415622492947263f,-0.4886402485513754f,-2.902294932660395f,0.23758881614589644f,0.5099764659304493f,-0.826725806201476f,1.6248200449934431f,0.6142459336039268f,-0.7382051098406668f,-0.27884610245827224f,-0.882678707463106f,0f,0f,0f,1f],start_interpolation:0}
execute if entity @s[tag=aj.armor.bone.right_thumb] run data modify entity @s {} merge value {transformation:[-0.7524981644452244f,-0.4415622492947263f,-0.4886402485513754f,-3.181307252196234f,0.23758881614589644f,0.5099764659304493f,-0.826725806201476f,1.8679337874717654f,0.6142459336039268f,-0.7382051098406668f,-0.27884610245827224f,-0.9631460526558492f,0f,0f,0f,1f],start_interpolation:0}
execute if entity @s[tag=aj.armor.bone.right_fingers_2] run data modify entity @s {} merge value {transformation:[0.7409727206853889f,0.28039563007561996f,-0.6101948195737066f,-2.90339589589685f,-0.20412567066899323f,-0.7716162449265056f,-0.6024459155305576f,1.0957419531129613f,-0.6397594374247447f,0.5709524158807054f,-0.5145106422863956f,-0.8116586677602444f,0f,0f,0f,1f],start_interpolation:0}
execute if entity @s[tag=aj.armor.bone.right_fingers] run data modify entity @s {} merge value {transformation:[0.18128045882014998f,-0.7712325702506134f,-0.6101948195737066f,-3.23990581464236f,-0.7383712144581518f,0.3030954775646472f,-0.6024459155305576f,1.1896464275837466f,0.6495732021177822f,0.5597619619664156f,-0.5145106422863956f,-0.538930116538941f,0f,0f,0f,1f],start_interpolation:0}
execute if entity @s[tag=aj.armor.bone.right_hand] run data modify entity @s {} merge value {transformation:[-0.7280367932375925f,-0.31244953169709605f,-0.6101948195737066f,-3.4577109616812707f,0.17027396037622594f,0.7797856739376168f,-0.6024459155305576f,1.806850451273735f,0.6640551227948766f,-0.5425030809718243f,-0.5145106422863956f,-0.9865843082927048f,0f,0f,0f,1f],start_interpolation:0}
execute if entity @s[tag=aj.armor.bone.right_forearm] run data modify entity @s {} merge value {transformation:[-1.4449180762063618f,-0.018345583121477452f,-1.1129706888618163f,-3.4641734847773407f,0.8312215828317225f,1.1951805248343697f,-1.0988370010719843f,3.4825202037581624f,0.7403451863288768f,-1.3776920970485675f,-0.9384466167252599f,-3.085101639731576f,0f,0f,0f,1f],start_interpolation:0}
execute if entity @s[tag=aj.armor.bone.right_bicep] run data modify entity @s {} merge value {transformation:[-1.3075185683860209f,0.7779004180268203f,0.44204150126767067f,-2.2520832351931555f,0.6501628832580828f,0.2883257022623875f,1.4157298720207694f,3.9122358487295457f,0.6146689958366327f,1.3497680485669032f,-0.5571739373917147f,-0.9734927389158983f,0f,0f,0f,1f],start_interpolation:0}
execute if entity @s[tag=aj.armor.bone.right_shoulder] run data modify entity @s {} merge value {transformation:[-0.9589198707153268f,0.16427063860184987f,0.28266732656513666f,-1.7992813404987529f,0.321900235302561f,0.3212840802962126f,0.9053009206486053f,3.822200493130743f,0.057148042191286046f,0.9466808732135645f,-0.35628977564918396f,-0.7844514138231835f,0f,0f,0f,1f],start_interpolation:0}
execute if entity @s[tag=aj.armor.bone.right_arm] run data modify entity @s {} merge value {transformation:[-1.3264840143469503f,-0.010066249606759267f,0.08715882977130396f,-1.7341437159805473f,0.035815950677798254f,1.1434360819693736f,0.6771476762374825f,3.7100320000462457f,-0.08009499775450551f,0.6780194896724071f,-1.1406718170733086f,-0.6207702885140928f,0f,0f,0f,1f],start_interpolation:0}
execute if entity @s[tag=aj.armor.bone.left_thumb_2] run data modify entity @s {} merge value {transformation:[-0.8383574184374789f,0.25300182816546063f,0.4828528905326969f,2.911666531538995f,-0.42894921428901417f,0.24042874179727142f,-0.8707448487809837f,0.43884204365827906f,-0.3363917515511984f,-0.9371147715529382f,-0.09304028388607316f,0.7721643940329039f,0f,0f,0f,1f],start_interpolation:0}
execute if entity @s[tag=aj.armor.bone.left_thumb] run data modify entity @s {} merge value {transformation:[-0.8383574184374789f,0.25300182816546063f,0.4828528905326969f,3.1518556306634817f,-0.42894921428901417f,0.24042874179727142f,-0.8707448487809837f,0.6429468869028316f,-0.3363917515511984f,-0.9371147715529382f,-0.09304028388607316f,0.5622178067711978f,0f,0f,0f,1f],start_interpolation:0}
execute if entity @s[tag=aj.armor.bone.left_fingers_2] run data modify entity @s {} merge value {transformation:[0.8343927842695585f,-0.10909807541275462f,0.5402650196895283f,2.964042389534434f,0.4056956710068831f,-0.5419534086559823f,-0.7360010362577191f,-0.037460920175110546f,0.37309476555584153f,0.8332971335528487f,-0.40794139668270624f,1.007453453723545f,0f,0f,0f,1f],start_interpolation:0}
execute if entity @s[tag=aj.armor.bone.left_fingers] run data modify entity @s {} merge value {transformation:[-0.0007453866928440467f,0.8414945946936032f,0.5402650196895283f,3.3394451714587445f,0.48436301097930745f,0.4729640030939169f,-0.7360010362577191f,0.14206119345622004f,-0.8748668001437345f,0.2611357862852689f,-0.40794139668270624f,1.1600391687556f,0f,0f,0f,1f],start_interpolation:0}
execute if entity @s[tag=aj.armor.bone.left_hand] run data modify entity @s {} merge value {transformation:[-0.8288398360129957f,0.14538994029101157f,0.5402650196895283f,3.4221212466955673f,-0.3816698629567551f,0.5591337857240745f,-0.7360010362577191f,0.5785119327246477f,-0.40908757246893007f,-0.8162298542224737f,-0.40794139668270624f,0.5031909495253528f,0f,0f,0f,1f],start_interpolation:0}
execute if entity @s[tag=aj.armor.bone.left_forearm] run data modify entity @s {} merge value {transformation:[-1.529130047617633f,0.13241679574169588f,0.9854215602024872f,3.5873703382189674f,-0.782386030165751f,0.9552831319874596f,-1.3424361434255307f,1.8935982883916527f,-0.6135649589960941f,-1.5481371036117046f,-0.7440686199178069f,-1.832387456102358f,0f,0f,0f,1f],start_interpolation:0}
execute if entity @s[tag=aj.armor.bone.left_bicep] run data modify entity @s {} merge value {transformation:[-1.360635784268401f,-0.8100927778162729f,0.05054215845939631f,2.318532584935466f,-0.5943039834805448f,1.0615189268641343f,1.014945761610875f,3.5351880944543073f,-0.5528178666350935f,0.8526791982467016f,-1.2155102414582497f,-0.4877893290964228f,0f,0f,0f,1f],start_interpolation:0}
execute if entity @s[tag=aj.armor.bone.left_shoulder] run data modify entity @s {} merge value {transformation:[-0.9912128161930087f,-0.20704002834690363f,0.03231962783941874f,1.835742061648554f,-0.13872624819934531f,0.7654712562719674f,0.6490159956031822f,3.6282136298030236f,-0.15705145571467596f,0.6305562315530387f,-0.7772687165802905f,-0.4033375435209415f,0f,0f,0f,1f],start_interpolation:0}
execute if entity @s[tag=aj.armor.bone.left_arm] run data modify entity @s {} merge value {transformation:[-1.3264840143469503f,-0.010066249606759267f,0.08715882977130396f,1.757753053733993f,0.035815950677798254f,1.1434360819693736f,0.6771476762374825f,3.6157484646825493f,-0.08009499775450551f,0.6780194896724071f,-1.1406718170733086f,-0.40992457842316204f,0f,0f,0f,1f],start_interpolation:0}
execute if entity @s[tag=aj.armor.bone.chest] run data modify entity @s {} merge value {transformation:[-2.626783161626051f,-0.019933790895156664f,0.172597139471f,1.278078749478933e-16f,0.07092489252830315f,2.2643006730778557f,1.3409284202723848f,4.262019439788983f,-0.15860891586815762f,1.342654837497297f,-2.2588267100261166f,-0.051928953226245134f,0f,0f,0f,1f],start_interpolation:0}
execute if entity @s[tag=aj.armor.bone.weist] run data modify entity @s {} merge value {transformation:[-1.9456345216642885f,-0.11416681140060624f,-0.040143353274658636f,0.06250000000000032f,-0.12078827684705266f,1.871871110106425f,0.5307051731937424f,0.7786073258244717f,0.007466044055281402f,0.5321688903467571f,-1.8753345759790718f,-1.6288751505011376f,0f,0f,0f,1f],start_interpolation:0}
execute if entity @s[tag=aj.armor.bone.right_foot] run data modify entity @s {} merge value {transformation:[-1.1752882895343069f,0.049729005796346724f,0.04260701048645389f,-1.0302095247567842f,0.06397841191429297f,0.7086105253487079f,0.9377466507807511f,-5.798960307353989f,0.013967611428262802f,0.9386101662693078f,-0.7102159928384139f,-3.7515280336426775f,0f,0f,0f,1f],start_interpolation:0}
execute if entity @s[tag=aj.armor.bone.right_knee] run data modify entity @s {} merge value {transformation:[-2.9001408302792284f,0.11613937480473749f,0.11235434438105674f,-0.9472076263841512f,0.15787309913773115f,1.6056620049417167f,2.415337305427385f,-3.720201276035346f,0.03446647138859056f,2.41770342681656f,-1.6094877728157824f,-0.8054730732421815f,0f,0f,0f,1f],start_interpolation:0}
execute if entity @s[tag=aj.armor.bone.right_thigh] run data modify entity @s {} merge value {transformation:[-2.46511291652123f,0.17652910767150914f,-0.14855472353297328f,-0.6466782401725463f,0.2281753232433901f,2.1013819640336373f,-1.289241089182302f,-0.7639262901825494f,0.0341621662374017f,-1.297321871517587f,-2.1085069672683407f,-2.585188006065372f,0f,0f,0f,1f],start_interpolation:0}
execute if entity @s[tag=aj.armor.bone.right_leg] run data modify entity @s {} merge value {transformation:[-0.9989922617731423f,-0.0440750295122923f,-0.008476596656215214f,-0.7152287499999996f,-0.04485044178700852f,0.973143900544363f,0.22578615259757012f,-0.963511678758886f,-0.0017025830058342581f,0.22593879836538402f,-0.9741400107809526f,-2.630459390559272f,0f,0f,0f,1f],start_interpolation:0}
execute if entity @s[tag=aj.armor.bone.left_foot] run data modify entity @s {} merge value {transformation:[-1.1764425686255935f,0.021058335547540913f,-0.03362029307049512f,0.967094296225693f,0.008185608797169121f,1.1049672590675212f,0.40567381857101864f,-6.607876259093087f,0.038817179325635116f,0.4052095726526453f,-1.1044859997738425f,-3.5170222878467263f,0f,0f,0f,1f],start_interpolation:0}
execute if entity @s[tag=aj.armor.bone.left_knee] run data modify entity @s {} merge value {transformation:[-2.9029891288217966f,0.07720423058483478f,-0.06018565656614515f,1.1258780220614466f,0.020198804416548262f,2.2198055585385754f,1.8732282239800389f,-3.789505935005063f,0.0957852534403722f,1.8717455696742207f,-2.219081430719097f,-1.27226288399752f,0f,0f,0f,1f],start_interpolation:0}
execute if entity @s[tag=aj.armor.bone.left_thigh] run data modify entity @s {} merge value {transformation:[-2.472170855952058f,-0.11974101373865088f,-0.06360873799387391f,0.9082136522461633f,-0.08874637689824215f,2.3071517755435655f,-0.8939728676714237f,-0.5491965539082329f,0.10250884112001378f,-0.8903513335611251f,-2.307981621083066f,-2.4765395477913184f,0f,0f,0f,1f],start_interpolation:0}
execute if entity @s[tag=aj.armor.bone.left_leg] run data modify entity @s {} merge value {transformation:[-0.9985236285688227f,-0.043267075099693145f,-0.03284088004407616f,0.9613218750000005f,-0.049473931471499796f,0.9740167643692761f,0.2210060470493043f,-0.8726031947585291f,0.022425282484402023f,0.2223045274840877f,-0.9747193461533279f,-2.658187547038867f,0f,0f,0f,1f],start_interpolation:0}