execute if entity @s[tag=aj.armor.bone.right_thumb_2] run data modify entity @s {} merge value {transformation:[-0.7794647114053593f,-0.3898518051012886f,-0.49035735309366635f,-3.234291397818028f,0.11292928288772047f,0.6824917718378443f,-0.7221163053415321f,1.641721620730166f,0.6161832038770816f,-0.6182398817877302f,-0.4879525671895456f,-1.4599435860450256f,0f,0f,0f,1f],start_interpolation:0}
execute if entity @s[tag=aj.armor.bone.right_thumb] run data modify entity @s {} merge value {transformation:[-0.7794647114053593f,-0.3898518051012886f,-0.49035735309366635f,-3.5032641297889695f,0.11292928288772047f,0.6824917718378443f,-0.7221163053415321f,1.906098001526045f,0.6161832038770816f,-0.6182398817877302f,-0.4879525671895456f,-1.4943813358308886f,0f,0f,0f,1f],start_interpolation:0}
execute if entity @s[tag=aj.armor.bone.right_fingers_2] run data modify entity @s {} merge value {transformation:[0.7700587683558876f,0.23243949487358873f,-0.5941223565067418f,-3.250557571846443f,-0.07407422617327207f,-0.8923912350771602f,-0.4451414298560526f,1.1110050183286313f,-0.6336580326130523f,0.38679421502960826f,-0.6699759196602401f,-1.5151159068697329f,0f,0f,0f,1f],start_interpolation:0}
execute if entity @s[tag=aj.armor.bone.right_fingers] run data modify entity @s {} merge value {transformation:[0.1299381039535873f,-0.7938102510296919f,-0.5941223565067418f,-3.59928446308995f,-0.8750880776682346f,0.1899209407849023f,-0.4451414298560526f,1.1499660661600095f,0.46619410706685255f,0.5777502242418907f,-0.6699759196602401f,-1.2443587639047955f,0f,0f,0f,1f],start_interpolation:0}
execute if entity @s[tag=aj.armor.bone.right_hand] run data modify entity @s {} merge value {transformation:[-0.7591869746735711f,-0.2658077556898337f,-0.5941223565067418f,-3.779231856836422f,0.03507816495919791f,0.8947729487243141f,-0.4451414298560526f,1.861451588063892f,0.6499266572691766f,-0.35878629746177504f,-0.6699759196602401f,-1.5446610315210767f,0f,0f,0f,1f],start_interpolation:0}
execute if entity @s[tag=aj.armor.bone.right_forearm] run data modify entity @s {} merge value {transformation:[-1.4584007278185243f,0.15996049611360932f,-1.0836551658230549f,-3.521590287809561f,0.7617565830558507f,1.4447634480686644f,-0.8119199769246499f,3.9190988031593967f,0.7871612204008654f,-1.1017712014939114f,-1.2220089992668584f,-3.250941967962787f,0f,0f,0f,1f],start_interpolation:0}
execute if entity @s[tag=aj.armor.bone.right_bicep] run data modify entity @s {} merge value {transformation:[-1.3188424197144633f,0.7474573033091411f,0.46053969163909486f,-2.3572100661480464f,0.5933745771836312f,0.14634644225848123f,1.4617194963035616f,4.126837992883536f,0.6470671054823858f,1.3892533442290567f,-0.4017634408884606f,-1.0798193120240542f,0f,0f,0f,1f],start_interpolation:0}
execute if entity @s[tag=aj.armor.bone.right_shoulder] run data modify entity @s {} merge value {transformation:[-0.959574464531875f,0.13748395951624598f,0.29449615712423205f,-1.910216876706667f,0.3191761595386558f,0.2255169910083484f,0.9347093904607648f,4.016466570390228f,0.061289516781906944f,0.978086512691549f,-0.2569111665349808f,-0.8877573913336693f,0f,0f,0f,1f],start_interpolation:0}
execute if entity @s[tag=aj.armor.bone.right_arm] run data modify entity @s {} merge value {transformation:[-1.3220844532296496f,0.010079177962074151f,0.1387405492504498f,-1.736127792797568f,0.07757708701124227f,1.1539819140285474f,0.6554123655929212f,3.766427673480792f,-0.11546568930014575f,0.6599105875593054f,-1.1482349595478374f,-0.7132767271372452f,0f,0f,0f,1f],start_interpolation:0}
execute if entity @s[tag=aj.armor.bone.left_thumb_2] run data modify entity @s {} merge value {transformation:[-0.8842596932697433f,0.27935240824108487f,0.3742285756972678f,2.7635814895485695f,-0.28963316854998006f,0.30055200029702517f,-0.9087249984418581f,-0.016871431907196727f,-0.3663296637377299f,-0.9119378965298912f,-0.18485629645332247f,0.20823310489314167f,0f,0f,0f,1f],start_interpolation:0}
execute if entity @s[tag=aj.armor.bone.left_thumb] run data modify entity @s {} merge value {transformation:[-0.8842596932697433f,0.27935240824108487f,0.3742285756972678f,3.0264547571979827f,-0.28963316854998006f,0.30055200029702517f,-0.9087249984418581f,0.17685819839034725f,-0.3663296637377299f,-0.9119378965298912f,-0.18485629645332247f,0.016416433623280213f,0f,0f,0f,1f],start_interpolation:0}
execute if entity @s[tag=aj.armor.bone.left_fingers_2] run data modify entity @s {} merge value {transformation:[0.8775507566615165f,-0.17295452629939323f,0.4472039817749298f,2.758329399624672f,0.26348122726257334f,-0.605297750102819f,-0.7511273371410951f,-0.517080930369792f,0.40060243679115004f,0.7769822170120863f,-0.48560922775826165f,0.3945971536433384f,0f,0f,0f,1f],start_interpolation:0}
execute if entity @s[tag=aj.armor.bone.left_fingers] run data modify entity @s {} merge value {transformation:[0.05693151760402254f,0.8926182840318423f,0.4472039817749298f,3.152773970737523f,0.5657281426245192f,0.34023431931822856f,-0.7511273371410951f,-0.3999835504176428f,-0.8226241371038864f,0.2957586972011314f,-0.48560922775826165f,0.5593379267353578f,0f,0f,0f,1f],start_interpolation:0}
execute if entity @s[tag=aj.armor.bone.left_hand] run data modify entity @s {} merge value {transformation:[-0.8691713523112603f,0.21106813830150445f,0.4472039817749298f,3.2869254873603144f,-0.2368277344837776f,0.6162145304831818f,-0.7511273371410951f,0.08668351751567793f,-0.4341126403373854f,-0.758768669236763f,-0.48560922775826165f,-0.05216244113653312f,0f,0f,0f,1f],start_interpolation:0}
execute if entity @s[tag=aj.armor.bone.left_forearm] run data modify entity @s {} merge value {transformation:[-1.5974831112996495f,0.3309670146236284f,0.8156819882632086f,3.734241304666683f,-0.4698516252718289f,1.1086464864034777f,-1.3700259048821481f,1.640481080507544f,-0.7443894954762051f,-1.4100327531833616f,-0.8857316047247806f,-2.19629573148333f,0f,0f,0f,1f],start_interpolation:0}
execute if entity @s[tag=aj.armor.bone.left_bicep] run data modify entity @s {} merge value {transformation:[-1.3852634586223858f,-0.7451979437600518f,0.18936665679269832f,2.5648050605353534f,-0.4181423677159961f,1.0576016855362158f,1.1030730669159328f,3.2753481304247334f,-0.6452415566358954f,0.9144907081267979f,-1.1213851408964453f,-0.7567336249101919f,0f,0f,0f,1f],start_interpolation:0}
execute if entity @s[tag=aj.armor.bone.left_shoulder] run data modify entity @s {} merge value {transformation:[-0.9915755159996913f,-0.16890133216476783f,0.12109217451905492f,2.0883883687191176f,-0.03756818860436171f,0.726261033417587f,0.7053697762245316f,3.403239071489467f,-0.20440060161793458f,0.685879165742061f,-0.7170795930202177f,-0.6822783588647092f,0f,0f,0f,1f],start_interpolation:0}
execute if entity @s[tag=aj.armor.bone.left_arm] run data modify entity @s {} merge value {transformation:[-1.3220844532296496f,0.010079177962074151f,0.1387405492504498f,1.7441873723989352f,0.07757708701124227f,1.1539819140285474f,0.6554123655929212f,3.5622102259966737f,-0.11546568930014575f,0.6599105875593054f,-1.1482349595478374f,-0.409319602046265f,0f,0f,0f,1f],start_interpolation:0}
execute if entity @s[tag=aj.armor.bone.chest] run data modify entity @s {} merge value {transformation:[-2.6180708869687797f,0.019959392399344692f,0.27474235246268813f,1.3188406478464654e-16f,0.15362279807755808f,2.2851841618939734f,1.2978868552053882f,4.270936162542095f,-0.22865207957179134f,1.306794503990264f,-2.2738036981286465f,-0.10758992888129093f,0f,0f,0f,1f],start_interpolation:0}
execute if entity @s[tag=aj.armor.bone.weist] run data modify entity @s {} merge value {transformation:[-1.9237710511870125f,0.06680397407081856f,0.3078659013150084f,-0.027777777777777467f,0.1426474539869167f,1.8832903622303696f,0.48270939179861955f,0.6659052798596203f,-0.28088411848163936f,0.4988926558969254f,-1.8634241254760668f,-1.5843809612611854f,0f,0f,0f,1f],start_interpolation:0}
execute if entity @s[tag=aj.armor.bone.right_foot] run data modify entity @s {} merge value {transformation:[-1.1764168312280936f,0.028396618658694982f,0.028774400577019542f,-1.1647588880877024f,0.02151265423222707f,1.1490763409446014f,-0.2544634812027321f,-7.172685628407634f,-0.03422776340485558f,-0.2537874890665044f,-1.1489174319689741f,-0.6800894478624088f,0f,0f,0f,1f],start_interpolation:0}
execute if entity @s[tag=aj.armor.bone.right_knee] run data modify entity @s {} merge value {transformation:[-2.902925619231835f,0.05006163474659576f,0.0862865601817054f,-1.164712597012667f,0.05308461546169418f,2.902361240544702f,0.10202912093676378f,-3.5662164630497175f,-0.08446041287358654f,0.1035458866606647f,-2.9015639535510678f,-0.6527323226047241f,0f,0f,0f,1f],start_interpolation:0}
execute if entity @s[tag=aj.armor.bone.right_thigh] run data modify entity @s {} merge value {transformation:[-2.4689555757975254f,0.18456920696005819f,0.014328137335542949f,-0.8556066263236639f,0.14307841946004973f,2.024072219371124f,-1.4186870477994533f,-0.7141273698408017f,-0.11747192669819055f,-1.4138877542263562f,-2.0290723219800784f,-2.5936873064600134f,0f,0f,0f,1f],start_interpolation:0}
execute if entity @s[tag=aj.armor.bone.right_leg] run data modify entity @s {} merge value {transformation:[-0.9837689230147044f,0.019169837614979878f,0.17841306969026652f,-0.7717287499999996f,0.05752627005392743f,0.9754909746424728f,0.2123866442240684f,-0.9062762175175667f,-0.1699689217597476f,0.2192028186791714f,-0.9607604747901191f,-2.65060244398951f,0f,0f,0f,1f],start_interpolation:0}
execute if entity @s[tag=aj.armor.bone.left_foot] run data modify entity @s {} merge value {transformation:[-1.1759064465310145f,-0.016833122608333115f,-0.05051306629593413f,1.2147317627923786f,-0.048348910346278126f,-0.13014185171863243f,1.1688953657946188f,-3.7924575662744004f,-0.022300375595316183f,1.1697737556002277f,0.12931724105396583f,-6.873675944529259f,0f,0f,0f,1f],start_interpolation:0}
execute if entity @s[tag=aj.armor.bone.left_knee] run data modify entity @s {} merge value {transformation:[-2.90166619419346f,-0.03716201864722419f,-0.12601972218239413f,1.2293070293933837f,-0.11930574842221128f,-0.421605253147014f,2.8714010234459213f,-4.2147730643318715f,-0.05502839632662831f,2.8736382311319097f,0.4196473289666144f,-3.2919437493248562f,0f,0f,0f,1f],start_interpolation:0}
execute if entity @s[tag=aj.armor.bone.left_thigh] run data modify entity @s {} merge value {transformation:[-2.468634953593927f,-0.14751522466216818f,0.11871582592998736f,0.9697905389644597f,-0.1094015815515214f,2.378132343519794f,0.6800960032217092f,-0.902175114345095f,-0.15454928918437263f,0.6728584829940001f,-2.3776855767772744f,-2.313878844010085f,0f,0f,0f,1f],start_interpolation:0}
execute if entity @s[tag=aj.armor.bone.left_leg] run data modify entity @s {} merge value {transformation:[-0.9891954806058735f,0.0114225336056791f,0.14615685709176304f,0.8839781250000003f,0.04418860458243627f,0.9738247863332383f,0.22296334395608602f,-1.0491088768331371f,-0.1397843638393508f,0.22701279974717273f,-0.9638078233636507f,-2.4426802375447867f,0f,0f,0f,1f],start_interpolation:0}