execute if entity @s[tag=aj.armor.bone.right_thumb_2] run data modify entity @s {} merge value {transformation:[-0.023812558038147857f,-0.9515904044841269f,0.3064452058254726f,-0.20059000377630898f,-0.22753846640300418f,-0.29332798487731554f,-0.928539142737011f,1.8026799994720983f,0.973477893116556f,-0.09183896439719827f,-0.2095385316160287f,-0.3568077539154483f,0f,0f,0f,1f],start_interpolation:0}
execute if entity @s[tag=aj.armor.bone.right_thumb] run data modify entity @s {} merge value {transformation:[-0.023812558038147857f,-0.9515904044841269f,0.3064452058254726f,-0.5267763812794409f,-0.22753846640300418f,-0.29332798487731554f,-0.928539142737011f,1.6969929990714787f,0.973477893116556f,-0.09183896439719827f,-0.2095385316160287f,-0.1534500953960675f,0f,0f,0f,1f],start_interpolation:0}
execute if entity @s[tag=aj.armor.bone.right_fingers_2] run data modify entity @s {} merge value {transformation:[-0.019786437533470758f,0.9991007645842319f,-0.037498787939576644f,0.25862374043580205f,0.2291513386509537f,-0.03197594082767059f,-0.9728654599700116f,1.5127978138838938f,-0.9731896839178936f,-0.027842439106310027f,-0.22831258769590768f,-0.501188999550933f,0f,0f,0f,1f],start_interpolation:0}
execute if entity @s[tag=aj.armor.bone.right_fingers] run data modify entity @s {} merge value {transformation:[0.9931359673905258f,-0.11079165662786805f,-0.037498787939576644f,0.25584456073910156f,-0.061612633897423455f,-0.2230172193835284f,-0.9728654599700116f,1.3976702333943203f,0.09942250056957351f,0.9684980788210639f,-0.22831258769590768f,-0.04908520422363659f,0f,0f,0f,1f],start_interpolation:0}
execute if entity @s[tag=aj.armor.bone.right_hand] run data modify entity @s {} merge value {transformation:[0.06334776849665813f,-0.9972867697555989f,-0.037498787939576644f,-0.5776820709832466f,-0.2303280083016706f,0.021950065811389627f,-0.9728654599700116f,1.4329342111215555f,0.9710489528434081f,0.07026587707642434f,-0.22831258769590768f,-0.022770919261964284f,0f,0f,0f,1f],start_interpolation:0}
execute if entity @s[tag=aj.armor.bone.right_forearm] run data modify entity @s {} merge value {transformation:[-0.8319844825558826f,-1.7288301216329909f,-0.07199606352100475f,-3.085946479489592f,-0.3648748957264912f,0.2533787490615156f,-1.8678599309997652f,1.7463410879296966f,1.6914205074719422f,-0.7957265999703177f,-0.43835036996092075f,-1.288145085129423f,0f,0f,0f,1f],start_interpolation:0}
execute if entity @s[tag=aj.armor.bone.right_bicep] run data modify entity @s {} merge value {transformation:[-0.6868548235701994f,0.36207405256254854f,-1.475955645170408f,-2.499853143125154f,-0.37945136441499583f,1.5275419890842963f,0.551311498464436f,4.124033529603603f,1.4715839589004291f,0.5628766177027046f,-0.5467383285097315f,-0.4071453917766396f,0f,0f,0f,1f],start_interpolation:0}
execute if entity @s[tag=aj.armor.bone.right_shoulder] run data modify entity @s {} merge value {transformation:[-0.962100490712726f,0.1482429670631833f,-0.4355298776121854f,-2.0345503270687018f,-0.042241304907057936f,0.9768357563699012f,0.4258018119304352f,4.34756990389305f,0.458124354009182f,0.40139199493736394f,-0.8753891411653005f,-0.5034979077864318f,0f,0f,0f,1f],start_interpolation:0}
execute if entity @s[tag=aj.armor.bone.right_arm] run data modify entity @s {} merge value {transformation:[-1.3724561894996676f,-0.00021313261255060761f,-0.27302817616235553f,-1.8254845764446814f,-0.1665554222688784f,1.1094678582441566f,0.8363735919647155f,4.386685059540905f,0.2163416781780349f,0.8527962526873663f,-1.088170598842616f,-0.48587434610390506f,0f,0f,0f,1f],start_interpolation:0}
execute if entity @s[tag=aj.armor.bone.left_thumb_2] run data modify entity @s {} merge value {transformation:[-0.9729778545547878f,-0.19076958716172296f,0.13008097155275156f,2.8151889507309447f,-0.12120846359007573f,0.9014951177183166f,0.4154696873228799f,3.1076801791989883f,-0.1965263414916566f,0.3884758902997508f,-0.9002576740887692f,-5.942913371400272f,0f,0f,0f,1f],start_interpolation:0}
execute if entity @s[tag=aj.armor.bone.left_thumb] run data modify entity @s {} merge value {transformation:[-0.9729778545547878f,-0.19076958716172296f,0.13008097155275156f,2.9714137656686153f,-0.12120846359007573f,0.9014951177183166f,0.4154696873228799f,3.4080010564757375f,-0.1965263414916566f,0.3884758902997508f,-0.9002576740887692f,-5.732383539618182f,0f,0f,0f,1f],start_interpolation:0}
execute if entity @s[tag=aj.armor.bone.left_fingers_2] run data modify entity @s {} merge value {transformation:[0.9818118549966122f,0.18110142266326956f,0.05698908752955117f,2.8538391510811136f,0.09034015350998126f,-0.7096453150347654f,0.6987432887069481f,2.9748499973947324f,0.16698544263469203f,-0.6808860415359886f,-0.7130989134682141f,-6.48753910830654f,0f,0f,0f,1f],start_interpolation:0}
execute if entity @s[tag=aj.armor.bone.left_fingers] run data modify entity @s {} merge value {transformation:[-0.30770423779619793f,0.9497738393664092f,0.05698908752955117f,3.310057886598456f,0.6917824447469842f,0.18219458177147868f,0.6987432887069481f,3.0314769191071083f,0.6532649930787248f,0.2544303213618728f,-0.7130989134682141f,-6.408054628822472f,0f,0f,0f,1f],start_interpolation:0}
execute if entity @s[tag=aj.armor.bone.left_hand] run data modify entity @s {} merge value {transformation:[-0.988776920769913f,-0.1381030226147069f,0.05698908752955117f,3.159404272472429f,-0.05929987581308106f,0.7129104720899754f,0.6987432887069481f,3.617537207409733f,-0.13712667749683946f,0.6875217916030953f,-0.7130989134682141f,-5.833129014039129f,0f,0f,0f,1f],start_interpolation:0}
execute if entity @s[tag=aj.armor.bone.left_forearm] run data modify entity @s {} merge value {transformation:[-1.9059202930707304f,-0.2042817795340561f,0.1094166022750651f,2.776584923781101f,-0.07000531410976625f,1.3716992869971474f,1.3415571265845334f,5.686740116864832f,-0.22091241318543722f,1.3277594746202175f,-1.3691193100306014f,-3.9456347335643045f,0f,0f,0f,1f],start_interpolation:0}
execute if entity @s[tag=aj.armor.bone.left_bicep] run data modify entity @s {} merge value {transformation:[-1.645603977781531f,-0.21886285523593282f,-0.15937011519945996f,2.432194198663021f,-0.09993090025336449f,-0.42136909988704946f,1.6105198327080734f,5.008138102301474f,-0.2516219350439584f,1.5987055285353409f,0.4026652077674219f,-1.4568636432277688f,0f,0f,0f,1f],start_interpolation:0}
execute if entity @s[tag=aj.armor.bone.left_shoulder] run data modify entity @s {} merge value {transformation:[-1.0586880079570327f,-0.04786518148800436f,-0.11911436527698979f,1.957546078214415f,-0.10392015378957281f,-0.2613855936491479f,1.0286776846395005f,4.884270200101782f,-0.07536517266331487f,1.0328049678618187f,0.2548207113160659f,-1.2694471734039912f,0f,0f,0f,1f],start_interpolation:0}
execute if entity @s[tag=aj.armor.bone.left_arm] run data modify entity @s {} merge value {transformation:[-1.3724561894996676f,-0.00021313261255060761f,-0.27302817616235553f,1.7874378131579516f,-0.1665554222688784f,1.1094678582441566f,0.8363735919647155f,4.791932727665871f,0.2163416781780349f,0.8527962526873663f,-1.088170598842616f,-1.0809015996549738f,0f,0f,0f,1f],start_interpolation:0}
execute if entity @s[tag=aj.armor.bone.chest] run data modify entity @s {} merge value {transformation:[-2.6963118093156053f,-0.0004187179048534794f,-0.5363880474252756f,1.0242254442763739e-16f,-0.3272128869431084f,2.179647926926075f,1.6431300396089763f,5.176410628886378f,0.42502239866122365f,1.675393811950598f,-2.1378075735000284f,-0.2107117490473216f,0f,0f,0f,1f],start_interpolation:0}
execute if entity @s[tag=aj.armor.bone.weist] run data modify entity @s {} merge value {transformation:[-2.024395402941045f,-1.2541814529215396e-16f,-0.31158425375847093f,3.566717568671459e-16f,-0.15579212687923555f,1.7738224603886648f,1.0121977014705226f,1.5766070891183699f,0.2698398791740528f,1.0241168749999996f,-1.7531778462513803f,-2.2868141209028376f,0f,0f,0f,1f],start_interpolation:0}
execute if entity @s[tag=aj.armor.bone.right_foot] run data modify entity @s {} merge value {transformation:[-1.2390290163758824f,-0.009268611429711051f,-0.0010947776668282113f,-1.125509924489043f,-0.004742274869376857f,0.5000420890882519f,1.1336734225898928f,-5.6609655519876805f,-0.008038440460564024f,1.1336454521144532f,-0.5000633774758356f,-8.675775370196039f,0f,0f,0f,1f],start_interpolation:0}
execute if entity @s[tag=aj.armor.bone.right_knee] run data modify entity @s {} merge value {transformation:[-3.0574282631350194f,-0.022625026155711953f,0.004301069592282948f,-1.2223950674196944f,-0.011702038471703672f,2.018005400987543f,2.296936054640119f,-3.037091773416129f,-0.01983565738237776f,2.2968544326973714f,-2.0180347462121775f,-5.847932445059671f,0f,0f,0f,1f],start_interpolation:0}
execute if entity @s[tag=aj.armor.bone.right_thigh] run data modify entity @s {} merge value {transformation:[-2.604465935521832f,0.09428896902943358f,-0.011210465637889832f,-1.0323958460410905f,0.07222352176916941f,2.1669168295889802f,1.4462068005860589f,-0.02350022702505472f,0.06164290002676799f,1.4449359631061418f,-2.1680911209893554f,-3.6355932094828267f,0f,0f,0f,1f],start_interpolation:0}
execute if entity @s[tag=aj.armor.bone.right_leg] run data modify entity @s {} merge value {transformation:[-1.0026979865493808f,0.011352102467577797f,-0.08703764183176148f,-0.9453062499999996f,-0.037308327581612476f,0.848312586146255f,0.5404456664967963f,0.21811250000000015f,0.07945130596240364f,0.5416129240626268f,-0.8446600523438115f,-3.541825625f,0f,0f,0f,1f],start_interpolation:0}
execute if entity @s[tag=aj.armor.bone.left_foot] run data modify entity @s {} merge value {transformation:[-1.2384361334984266f,0.013964401689076549f,-0.036891026663591814f,0.9496753069646637f,-0.03397485975980824f,0.21115142132189965f,1.2204674495026093f,-3.556246541069373f,0.02004148864553453f,1.2208603859068279f,-0.2106614961820579f,-4.873377740134636f,0f,0f,0f,1f],start_interpolation:0}
execute if entity @s[tag=aj.armor.bone.left_knee] run data modify entity @s {} merge value {transformation:[-3.0559652652210847f,0.022281662634503666f,-0.09475125591497946f,1.0432030684018905f,-0.08383637113642362f,0.9096757855114866f,2.9178518473962556f,-2.2988067330605766f,0.04945438162488344f,2.9189709604566647f,-0.9086037482719289f,-1.1969754526094896f,0f,0f,0f,1f],start_interpolation:0}
execute if entity @s[tag=aj.armor.bone.left_thigh] run data modify entity @s {} merge value {transformation:[-2.6004240670312f,-0.11968288950619749f,0.1254175867987479f,0.8197706228953987f,-0.1731495695819824f,1.8858802080720725f,-1.7904563554774726f,0.36564085590580503f,-0.008531803592933726f,-1.7948233172865642f,-1.8896548260372754f,-3.67571786625359f,0f,0f,0f,1f],start_interpolation:0}
execute if entity @s[tag=aj.armor.bone.left_leg] run data modify entity @s {} merge value {transformation:[-1.002698625036988f,0.011355357855049753f,-0.08702986127282854f,0.8515562500000006f,-0.03379134117178627f,0.8711869149328944f,0.5029902365531248f,0.31186250000000015f,0.08100176644367679f,0.503996119681432f,-0.8674873478819817f,-3.760575625f,0f,0f,0f,1f],start_interpolation:0}