execute if entity @s[tag=aj.armor.bone.right_thumb_2] run data modify entity @s {} merge value {transformation:[-0.7843188543473989f,-0.39287078718587465f,-0.48010048874286193f,-3.215766277129779f,0.1187550634195195f,0.664511886839585f,-0.7377812596976971f,1.5828363316443008f,0.6088851859155465f,-0.6356701163534794f,-0.47453380653831634f,-1.4759011766199326f,0f,0f,0f,1f],start_interpolation:0}
execute if entity @s[tag=aj.armor.bone.right_thumb] run data modify entity @s {} merge value {transformation:[-0.7843188543473989f,-0.39287078718587465f,-0.48010048874286193f,-3.4871571783272692f,0.1187550634195195f,0.664511886839585f,-0.7377812596976971f,1.8436333391383402f,0.6088851859155465f,-0.6356701163534794f,-0.47453380653831634f,-1.5178423199796613f,0f,0f,0f,1f],start_interpolation:0}
execute if entity @s[tag=aj.armor.bone.right_fingers_2] run data modify entity @s {} merge value {transformation:[0.7746315275512473f,0.23899016001246767f,-0.5855166094491566f,-3.2263778920754254f,-0.08039773516113184f,-0.881118498196175f,-0.4660111547135725f,1.0508814680663103f,-0.6272815960193487f,0.4080611419306324f,-0.6633279006205652f,-1.5192613220452285f,0f,0f,0f,1f],start_interpolation:0}
execute if entity @s[tag=aj.armor.bone.right_fingers] run data modify entity @s {} merge value {transformation:[0.13583586239839987f,-0.7991989230133176f,-0.5855166094491566f,-3.5771305390885746f,-0.8630863970643083f,0.19471896385579346f,-0.4660111547135725f,1.0923424802895494f,0.4864468004715767f,0.5686524479585746f,-0.6633279006205652f,-1.2515088179118234f,0f,0f,0f,1f],start_interpolation:0}
execute if entity @s[tag=aj.armor.bone.right_hand] run data modify entity @s {} merge value {transformation:[-0.7634696456152239f,-0.2725516470016798f,-0.5855166094491566f,-3.7623505480880066f,0.041887365244355323f,0.8837867685790555f,-0.4660111547135725f,1.7950756055636288f,0.6444839399527738f,-0.3803111192185458f,-0.6633279006205652f,-1.568737232842208f,0f,0f,0f,1f],start_interpolation:0}
execute if entity @s[tag=aj.armor.bone.right_forearm] run data modify entity @s {} merge value {transformation:[-1.4721611685652394f,0.13796527774305026f,-1.0679586310056297f,-3.535800706968696f,0.7504996761551245f,1.428671910491893f,-0.8499855115800532f,3.8280161082665676f,0.7722177746550446f,-1.1254735518626078f,-1.2098832812292608f,-3.3087125073516055f,0f,0f,0f,1f],start_interpolation:0}
execute if entity @s[tag=aj.armor.bone.right_bicep] run data modify entity @s {} merge value {transformation:[-1.3294105684891373f,0.7484503036250898f,0.4273455736010451f,-2.3694111831630598f,0.5815387382928271f,0.19918602475695021f,1.46023018024208f,4.118263976293215f,0.6360933831896713f,1.3821293812189008f,-0.4418575984605033f,-1.148156534335247f,0f,0f,0f,1f],start_interpolation:0}
execute if entity @s[tag=aj.armor.bone.right_shoulder] run data modify entity @s {} merge value {transformation:[-0.9659431717545334f,0.13671260668650148f,0.27326988634061744f,-1.9193481104289236f,0.3000960761752606f,0.2538761997622434f,0.9337570342039379f,4.022521759789815f,0.057524887412703146f,0.9712206325208004f,-0.2825497282973253f,-0.9554152511871448f,0f,0f,0f,1f],start_interpolation:0}
execute if entity @s[tag=aj.armor.bone.right_arm] run data modify entity @s {} merge value {transformation:[-1.3243046410523764f,0.010069464344146416f,0.11564451946031623f,-1.7406642934729128f,0.06657424532155222f,1.1508056672841993f,0.6621721961187161f,3.7515280019392856f,-0.09509426298810711f,0.665434259217723f,-1.1469141899516102f,-0.7973481157778465f,0f,0f,0f,1f],start_interpolation:0}
execute if entity @s[tag=aj.armor.bone.left_thumb_2] run data modify entity @s {} merge value {transformation:[-0.9156244093657984f,0.23122780913507862f,0.3288854530929036f,2.711554388045319f,-0.25288083238409287f,0.30471401696610356f,-0.9182595779392171f,0.1204478013539442f,-0.31254315795784293f,-0.9239497108322361f,-0.22053051096563975f,-0.021593018165604577f,0f,0f,0f,1f],start_interpolation:0}
execute if entity @s[tag=aj.armor.bone.left_thumb] run data modify entity @s {} merge value {transformation:[-0.9156244093657984f,0.23122780913507862f,0.3288854530929036f,2.9684341021992124f,-0.25288083238409287f,0.30471401696610356f,-0.9182595779392171f,0.3078332434553726f,-0.31254315795784293f,-0.9239497108322361f,-0.22053051096563975f,-0.22732747911373874f,0f,0f,0f,1f],start_interpolation:0}
execute if entity @s[tag=aj.armor.bone.left_fingers_2] run data modify entity @s {} merge value {transformation:[0.9101817299995858f,-0.14463684784411257f,0.3881358017764915f,2.70027876372927f,0.22645103142174797f,-0.6108598441250315f,-0.758663417599378f,-0.382101464022457f,0.3468272606687475f,0.7784153345619937f,-0.523240306337109f,0.15808942848196983f,0f,0f,0f,1f],start_interpolation:0}
execute if entity @s[tag=aj.armor.bone.left_fingers] run data modify entity @s {} merge value {transformation:[0.024596904115246482f,0.9212738961282173f,0.3881358017764915f,3.108365664817926f,0.5760760626215855f,0.3042469208896657f,-0.758663417599378f,-0.28141011472753175f,-0.817025925159267f,0.2422565157883106f,-0.523240306337109f,0.29867453341147454f,0f,0f,0f,1f],start_interpolation:0}
execute if entity @s[tag=aj.armor.locator_origin.consume] at @s on origin run tp @s ^2.84511 ^-0.24536 ^0.35781 ~36.56775 ~-49.34651
execute if entity @s[tag=aj.armor.bone.left_hand] run data modify entity @s {} merge value {transformation:[-0.9030064679789713f,0.18420075506757064f,0.3881358017764915f,3.2206043613492676f,-0.19959016805045582f,0.6201560961677489f,-0.758663417599378f,0.20969558818826606f,-0.3804511579765974f,-0.7625460630142381f,-0.523240306337109f,-0.313691229752171f,0f,0f,0f,1f],start_interpolation:0}
execute if entity @s[tag=aj.armor.bone.left_forearm] run data modify entity @s {} merge value {transformation:[-1.660134689007657f,0.2638117647283953f,0.7079440152849986f,3.561898983823053f,-0.4130375289174144f,1.114183666765358f,-1.3837714110548043f,1.7736660099312276f,-0.632598905858011f,-1.4197981092879712f,-0.9543691711298391f,-2.4698916783489455f,0f,0f,0f,1f],start_interpolation:0}
execute if entity @s[tag=aj.armor.bone.left_bicep] run data modify entity @s {} merge value {transformation:[-1.4420377013499313f,-0.642652952811674f,0.13288719280408268f,2.553038925523342f,-0.3587755214773281f,1.0406710811006317f,1.1394816286509493f,3.3818213856258144f,-0.5494924466792829f,1.0070429181950418f,-1.0927292289671475f,-0.8859888628118546f,0f,0f,0f,1f],start_interpolation:0}
execute if entity @s[tag=aj.armor.bone.left_shoulder] run data modify entity @s {} merge value {transformation:[-1.0051624475740613f,-0.0940241017995972f,0.08497588442930017f,2.087739613059812f,-0.004242961736063611f,0.7038905402973944f,0.7286515513071997f,3.51903551801417f,-0.126662661938983f,0.7225721792509463f,-0.6987553180548322f,-0.7696214473411567f,0f,0f,0f,1f],start_interpolation:0}
execute if entity @s[tag=aj.armor.bone.left_arm] run data modify entity @s {} merge value {transformation:[-1.3243046410523764f,0.010069464344146416f,0.11564451946031623f,1.745495394991484f,0.06657424532155222f,1.1508056672841993f,0.6621721961187161f,3.5762749346801517f,-0.09509426298810711f,0.665434259217723f,-1.1469141899516102f,-0.5470176586030313f,0f,0f,0f,1f],start_interpolation:0}
execute if entity @s[tag=aj.armor.bone.chest] run data modify entity @s {} merge value {transformation:[-2.6224674359850577f,0.019940156910838933f,0.22900620977497965f,1.306274214143496e-16f,0.13183431139553506f,2.2788943676899094f,1.3112730768323002f,4.268248434177501f,-0.18831136001844379f,1.3177328097261423f,-2.2711882310003335f,-0.21544362329078814f,0f,0f,0f,1f],start_interpolation:0}
execute if entity @s[tag=aj.armor.bone.weist] run data modify entity @s {} merge value {transformation:[-1.9257923274927733f,0.07150271932854489f,0.29385457972938034f,-0.03124999999999969f,0.1449695145134121f,1.8805843003289235f,0.49246905562426874f,0.6781808040266282f,-0.2654185237715202f,0.5083594122413165f,-1.8631325655341733f,-1.7099069675973975f,0f,0f,0f,1f],start_interpolation:0}
execute if entity @s[tag=aj.armor.bone.right_foot] run data modify entity @s {} merge value {transformation:[-1.1765183256645002f,0.029150246950392603f,0.023362092262780916f,-1.1905454564783071f,0.022134014505483964f,1.1369664498794148f,-0.3039872894168998f,-7.249553711883971f,-0.030093348999979803f,-0.3033948744258778f,-1.136941878635242f,-0.9442880665601753f,0f,0f,0f,1f],start_interpolation:0}
execute if entity @s[tag=aj.armor.bone.right_knee] run data modify entity @s {} merge value {transformation:[-2.9031760668553592f,0.051266768869347466f,0.07661025898644287f,-1.1893402051239528f,0.054617883779631574f,2.9012922789706557f,0.12825243580813409f,-3.643479780013749f,-0.07425833383336577f,0.12962838782065353f,-2.900794868559536f,-0.884308066744744f,0f,0f,0f,1f],start_interpolation:0}
execute if entity @s[tag=aj.armor.bone.right_thigh] run data modify entity @s {} merge value {transformation:[-2.4693524560647435f,0.1794914820415898f,0.009694252967318587f,-0.887250122211682f,0.1462923276863994f,2.084350441466902f,-1.3281921980481166f,-0.7086721584008577f,-0.10444963152723825f,-1.324114333420761f,-2.0894554863510684f,-2.6989459788358796f,0f,0f,0f,1f],start_interpolation:0}
execute if entity @s[tag=aj.armor.bone.right_leg] run data modify entity @s {} merge value {transformation:[-0.9845728951237197f,0.021572517019653247f,0.17363997436400913f,-0.8014787499999996f,0.05885889183533577f,0.9753728207278802f,0.21256408783530306f,-0.8860550489640566f,-0.16477816918394628f,0.21950509582871866f,-0.9615953763749135f,-2.7656567493264634f,0f,0f,0f,1f],start_interpolation:0}
execute if entity @s[tag=aj.armor.bone.left_foot] run data modify entity @s {} merge value {transformation:[-1.175975781232239f,-0.021456646251007547f,-0.04702626036000764f,1.195089056204186f,-0.04568516208200136f,-0.06953751667238976f,1.1741670641851356f,-3.8068548810030194f,-0.024181042105942588f,1.1748595835176467f,0.06863767985570607f,-6.877736942773536f,0f,0f,0f,1f],start_interpolation:0}
execute if entity @s[tag=aj.armor.bone.left_knee] run data modify entity @s {} merge value {transformation:[-2.9018372844695794f,-0.04263120834071527f,-0.12021498688455766f,1.2030795217182115f,-0.11273268445858112f,-0.4234605801191812f,2.8713935932703323f,-4.23162031862317f,-0.05966912812339246f,2.873289474747464f,0.4213975296420914f,-3.2962737205801287f,0f,0f,0f,1f],start_interpolation:0}
execute if entity @s[tag=aj.armor.bone.left_thigh] run data modify entity @s {} merge value {transformation:[-2.4684558505867624f,-0.1421286062999661f,0.12859975083285669f,0.9509343124558908f,-0.108424408869749f,2.405248922985528f,0.5770914043522622f,-0.8793351909505513f,-0.1580587998318634f,0.5697278303604713f,-2.404254632531156f,-2.4620841963708116f,0f,0f,0f,1f],start_interpolation:0}
execute if entity @s[tag=aj.armor.bone.left_leg] run data modify entity @s {} merge value {transformation:[-0.9902321786068561f,0.011425511980386088f,0.13895931105005327f,0.8714781250000003f,0.04257001535418328f,0.9738227836387218f,0.22328676597343555f,-1.047477299430387f,-0.13277057747959073f,0.2270212407289618f,-0.964797040839999f,-2.555287176777614f,0f,0f,0f,1f],start_interpolation:0}