execute if entity @s[tag=aj.armor.bone.right_thumb_2] run data modify entity @s {} merge value {transformation:[-0.3814496871093733f,-0.9231188502730278f,0.048453322639049945f,-0.7759360377163764f,-0.4107251207744986f,0.12229455457528604f,-0.9035202914633438f,6.388802145605057f,0.828131035144158f,-0.3645485292685119f,-0.42579732084552874f,-0.7558673874232873f,0f,0f,0f,1f],start_interpolation:0}
execute if entity @s[tag=aj.armor.bone.right_thumb] run data modify entity @s {} merge value {transformation:[-0.3814496871093733f,-0.9231188502730278f,0.048453322639049945f,-1.1636478241151726f,-0.4107251207744986f,0.12229455457528604f,-0.9035202914633438f,6.3740408832945f,0.828131035144158f,-0.3645485292685119f,-0.42579732084552874f,-0.6643069810063533f,0f,0f,0f,1f],start_interpolation:0}
execute if entity @s[tag=aj.armor.bone.right_fingers_2] run data modify entity @s {} merge value {transformation:[0.34252622140600986f,0.8998171945839203f,-0.2701940117405334f,-0.40933118582325273f,0.42882626692765813f,-0.40562235363319454f,-0.8072041495346493f,5.984830939219887f,-0.8359329042705577f,0.16062229784245452f,-0.5248015405785313f,-0.8906376937451372f,0f,0f,0f,1f],start_interpolation:0}
execute if entity @s[tag=aj.armor.bone.right_fingers] run data modify entity @s {} merge value {transformation:[0.8474104903303773f,-0.4570455742019446f,-0.2701940117405334f,-0.5819681631073337f,-0.4581252579139878f,-0.3722132574684648f,-0.8072041495346493f,5.782430600409885f,0.26835929076383963f,0.8078159654693194f,-0.5248015405785313f,-0.5073747261858806f,0f,0f,0f,1f],start_interpolation:0}
execute if entity @s[tag=aj.armor.bone.right_hand] run data modify entity @s {} merge value {transformation:[-0.3029507375722814f,-0.913901551932136f,-0.2701940117405334f,-1.3308962590581932f,-0.4461111179088298f,0.3865311519815417f,-0.8072041495346493f,6.127846385278241f,0.8421435276023588f,-0.1240065398430873f,-0.5248015405785313f,-0.6358164568180644f,0f,0f,0f,1f],start_interpolation:0}
execute if entity @s[tag=aj.armor.bone.right_forearm] run data modify entity @s {} merge value {transformation:[-1.2175466617326274f,-1.3909358180769158f,-0.5187609067154869f,-3.342710841876586f,-0.5009909781454815f,1.016548815520689f,-1.5497973245951089f,7.583047336861464f,1.3974345666836812f,-0.8474439553716954f,-1.007596435177997f,-1.9870300846081403f,0f,0f,0f,1f],start_interpolation:0}
execute if entity @s[tag=aj.armor.bone.right_bicep] run data modify entity @s {} merge value {transformation:[-1.0442834389503335f,0.5073443464402846f,-1.1972410149924917f,-2.5324554152851886f,-0.4750056115858817f,1.2805759522938935f,0.9569781262283992f,9.570412137837854f,1.2104354599924336f,0.9402335769652004f,-0.6573576291876725f,-0.5149721722517752f,0f,0f,0f,1f],start_interpolation:0}
execute if entity @s[tag=aj.armor.bone.right_shoulder] run data modify entity @s {} merge value {transformation:[-0.9727933840452495f,0.24055666992122618f,-0.36483575252495604f,-2.043693656771943f,-0.054038740371323384f,0.8172757616027931f,0.6829639447598275f,9.7590326638341f,0.4336501496634371f,0.6414767523918805f,-0.733317618528216f,-0.5509342243330035f,0f,0f,0f,1f],start_interpolation:0}
execute if entity @s[tag=aj.armor.bone.right_arm] run data modify entity @s {} merge value {transformation:[-1.3765442792018374f,-0.00021452698624475938f,-0.2516072810450208f,-1.8293623773917318f,-0.1534989074529563f,1.1094837145704683f,0.8388470629463195f,9.779034813294235f,0.19935986383283036f,0.8527756232333858f,-1.0914255831761817f,-0.5084427689401316f,0f,0f,0f,1f],start_interpolation:0}
execute if entity @s[tag=aj.armor.bone.left_thumb_2] run data modify entity @s {} merge value {transformation:[-0.9852577780212706f,-0.0024288008127944932f,0.17105908854895888f,2.7366785525260306f,-0.0029843377576815318f,0.999991075092974f,-0.0029905622458568093f,7.133237969916112f,-0.1710502983824842f,-0.003456972810138681f,-0.9852562330491769f,-4.739774929510551f,0f,0f,0f,1f],start_interpolation:0}
execute if entity @s[tag=aj.armor.bone.left_thumb] run data modify entity @s {} merge value {transformation:[-0.9852577780212706f,-0.0024288008127944932f,0.17105908854895888f,2.9546856342576686f,-0.0029843377576815318f,0.999991075092974f,-0.0029905622458568093f,7.456774339562682f,-0.1710502983824842f,-0.003456972810138681f,-0.9852562330491769f,-4.657806874565016f,0f,0f,0f,1f],start_interpolation:0}
execute if entity @s[tag=aj.armor.bone.left_fingers_2] run data modify entity @s {} merge value {transformation:[0.9869715653866371f,0.01775378282197415f,0.15991226442571846f,2.7285250539308064f,-0.038051568607867264f,-0.939941896945442f,0.33920688155325596f,6.792976459383861f,0.1563304424759666f,-0.3408724593775711f,-0.9270203661156293f,-5.186888464752912f,0f,0f,0f,1f],start_interpolation:0}
execute if entity @s[tag=aj.armor.bone.left_fingers] run data modify entity @s {} merge value {transformation:[-0.1464275370081739f,0.9762105531553933f,0.15991226442571846f,3.1899728733566937f,0.9368672900748952f,0.08496100455289728f,0.33920688155325596f,6.789228523473088f,0.3175510308492822f,0.1994857980243296f,-0.9270203661156293f,-5.118245997562271f,0f,0f,0f,1f],start_interpolation:0}
execute if entity @s[tag=aj.armor.bone.left_hand] run data modify entity @s {} merge value {transformation:[-0.986806596281494f,0.0253142098745286f,0.15991226442571846f,3.1747282875666096f,0.07901504164986244f,0.9373874944226567f,0.33920688155325596f,7.570626943433733f,-0.14131300268695413f,0.34736706245475024f,-0.9270203661156293f,-4.825181589290489f,0f,0f,0f,1f],start_interpolation:0}
execute if entity @s[tag=aj.armor.bone.left_forearm] run data modify entity @s {} merge value {transformation:[-1.89234338842866f,-0.10491684820883478f,0.3070246847960312f,2.9467321986198125f,0.005528342187275712f,1.8061178238247106f,0.6512626549535847f,10.25425936378332f,-0.3244089079307756f,0.6427799493344947f,-1.7798393183179624f,-3.9667406717378224f,0f,0f,0f,1f],start_interpolation:0}
execute if entity @s[tag=aj.armor.bone.left_bicep] run data modify entity @s {} merge value {transformation:[-1.6386107550061504f,-0.3096368291420263f,-0.019800563834208817f,2.458912918882828f,-0.026868444191876173f,0.035579733803861376f,1.6671305899539668f,10.288196255121003f,-0.3091037285378309f,1.638344088185515f,-0.03994707026420152f,-1.4105779532210727f,0f,0f,0f,1f],start_interpolation:0}
execute if entity @s[tag=aj.armor.bone.left_shoulder] run data modify entity @s {} merge value {transformation:[-1.0553565886066982f,-0.10642458683933699f,-0.11043497637414691f,1.972753077531631f,-0.11421076086478175f,0.03283082894095415f,1.0598007570199162f,10.22348801155096f,-0.10236199877576452f,1.0606109323372905f,-0.04388709627560458f,-1.2229067501199764f,0f,0f,0f,1f],start_interpolation:0}
execute if entity @s[tag=aj.armor.bone.left_arm] run data modify entity @s {} merge value {transformation:[-1.3765442792018374f,-0.00021452698624475938f,-0.2516072810450208f,1.7943217269544605f,-0.1534989074529563f,1.1094837145704683f,0.8388470629463195f,10.149911444282306f,0.19935986383283036f,0.8527756232333858f,-1.0914255831761817f,-1.058765705748073f,0f,0f,0f,1f],start_interpolation:0}
execute if entity @s[tag=aj.armor.bone.chest] run data modify entity @s {} merge value {transformation:[-2.704343223815997f,-0.00042145727554298077f,-0.49430480067913596f,1.0242254442763729e-16f,-0.30156220653814125f,2.179679078084278f,1.6479893925476876f,10.55141062888638f,0.3916601194767255f,1.675353283560101f,-2.144202278675228f,-0.2107117490473207f,0f,0f,0f,1f],start_interpolation:0}
execute if entity @s[tag=aj.armor.bone.weist] run data modify entity @s {} merge value {transformation:[-2.033885871001119f,-1.25418145292154e-16f,-0.2420118971891324f,3.5600889734294277e-16f,-0.1210059485945663f,1.7738224603886656f,1.0169429355005595f,6.94848208911837f,0.2095884509838564f,1.024116875f,-1.761396832685209f,-2.2814014621291845f,0f,0f,0f,1f],start_interpolation:0}
execute if entity @s[tag=aj.armor.bone.right_foot] run data modify entity @s {} merge value {transformation:[-1.2389289010854878f,-0.01609656243633227f,0.008722834986397776f,-0.8295798731766713f,-0.01687768456586455f,1.2329255915004949f,-0.12202310725519103f,-0.8906967117363349f,-0.0070944299391736436f,-0.12212860278513789f,-1.2330102524159925f,-2.3009423655065047f,0f,0f,0f,1f],start_interpolation:0}
execute if entity @s[tag=aj.armor.bone.right_knee] run data modify entity @s {} merge value {transformation:[-3.0571812186232448f,-0.04498188348117637f,0.004195459543114181f,-0.9537451564045142f,-0.041647378008052585f,2.916169104202871f,0.9179440216171582f,2.7586946545997213f,-0.01750621681992996f,0.9177866642505282f,-2.916463465658629f,-1.2621336174481104f,0f,0f,0f,1f],start_interpolation:0}
execute if entity @s[tag=aj.armor.bone.right_thigh] run data modify entity @s {} merge value {transformation:[-2.6050772188702886f,0.018741869315816576f,-0.07402918054155008f,-0.8690293799329656f,0.058383069016101054f,2.1173503811343624f,-1.518445808804679f,5.876505742571551f,0.04922392192182335f,-1.5194522037098712f,-2.1168610959781735f,-3.3374566606556715f,0f,0f,0f,1f],start_interpolation:0}
execute if entity @s[tag=aj.armor.bone.right_leg] run data modify entity @s {} merge value {transformation:[-1.0005486132375874f,-0.000017466801089911564f,-0.10959081074388219f,-0.9051276785714282f,-0.05484015496736303f,0.8715250864819091f,0.5005439587010378f,5.5931125f,0.09488257747208467f,0.5035391711514225f,-0.8663447773055726f,-3.492718482142857f,0f,0f,0f,1f],start_interpolation:0}
execute if entity @s[tag=aj.armor.bone.left_foot] run data modify entity @s {} merge value {transformation:[-1.2349350468547f,0.09111667618204182f,0.04374003302328379f,0.857955526194715f,-0.017068654937646855f,-0.7165314322566078f,1.010728141848378f,2.4789993981574483f,0.0996197780862845f,1.006757402270871f,0.7153987992051759f,-7.178669511228424f,0f,0f,0f,1f],start_interpolation:0}
execute if entity @s[tag=aj.armor.bone.left_knee] run data modify entity @s {} merge value {transformation:[-3.0473259830777777f,0.24938823717901823f,0.0027991500127884216f,1.2460004485632146f,-0.04211861653789465f,-0.548413897408994f,3.007634651099533f,1.879826338154507f,0.24582178549710793f,2.9975732984383243f,0.550021768196127f,-3.322866197108191f,0f,0f,0f,1f],start_interpolation:0}
execute if entity @s[tag=aj.armor.bone.left_thigh] run data modify entity @s {} merge value {transformation:[-2.5936312206708907f,-0.17982162049986006f,-0.18165948771284587f,0.9438621743064726f,-0.14952149287794556f,2.569587274106127f,-0.40880735980832855f,5.620612908300969f,0.2073145143081877f,-0.396414327524511f,-2.5675153878028683f,-3.7255778449940964f,0f,0f,0f,1f],start_interpolation:0}
execute if entity @s[tag=aj.armor.bone.left_leg] run data modify entity @s {} merge value {transformation:[-1.0016797916196536f,-0.008103747348519751f,-0.0983849475070673f,0.8515562500000006f,-0.05774631976781131f,0.8617039623227931f,0.5169519488566822f,5.6556125f,0.08006641724425238f,0.520104108955466f,-0.8580144277537293f,-3.744950625f,0f,0f,0f,1f],start_interpolation:0}