# This file was generated by Animated Java via MC-Build. It is not recommended to edit this file directly.
$data merge entity $(bone_right_thumb_2) { transformation: [-0.37412466545149825f,0.8077231904105163f,-0.4556467736897318f,-5.827209143643033f,0.926754306269361f,0.3076112712451443f,-0.21564267113477759f,1.7740252608353617f,-0.03401750302418133f,-0.5029498518500659f,-0.8636459089302726f,-0.10180370883977305f,0f,0f,0f,1f], start_interpolation: 0, interpolation_duration: 1 }
$data merge entity $(bone_right_thumb) { transformation: [-0.37412466545149825f,0.741339168177894f,-0.5571776847883565f,-5.669931939702001f,0.926754306269361f,0.27683259743328037f,-0.2539491461090959f,1.9901403673875f,-0.03401750302418133f,-0.611375458064561f,-0.7906091694158044f,-0.2820616676961679f,0f,0f,0f,1f], start_interpolation: 0, interpolation_duration: 1 }
$data merge entity $(bone_right_fingers2) { transformation: [0.29537670010161965f,-0.9164279983440939f,-0.2700228303090602f,-6.185943453138002f,-0.9534701827193979f,-0.26490089828178925f,-0.14395181400225218f,1.4841075753584638f,0.06039218245862409f,0.29997872914681584f,-0.952032324218745f,-0.23656638714169928f,0f,0f,0f,1f], start_interpolation: 0, interpolation_duration: 1 }
$data merge entity $(bone_right_fingers) { transformation: [-0.851213772148805f,-0.4500253161946417f,-0.2700228303090602f,-6.360892884259544f,-0.42644481809678314f,0.8929852699590641f,-0.14395181400225218f,1.924294278781469f,0.3059083706318023f,-0.007383929851394567f,-0.952032324218745f,-0.26203856207537557f,0f,0f,0f,1f], start_interpolation: 0, interpolation_duration: 1 }
$data merge entity $(bone_right_hand) { transformation: [-0.37412466545149825f,0.8871969374455084f,-0.2700228303090602f,-5.766637344454011f,0.926754306269361f,0.34699327235071376f,-0.14395181400225218f,2.222660595770851f,-0.03401750302418133f,-0.3041007450346912f,-0.952032324218745f,-0.5064241038623606f,0f,0f,0f,1f], start_interpolation: 0, interpolation_duration: 1 }
$data merge entity $(bone_right_forearm) { transformation: [-0.5631807708735492f,1.3355234265140656f,-0.40647324213011227f,-3.8230383980753393f,1.3950702875612015f,0.5223390935066395f,-0.21669486421216524f,2.93681767279864f,-0.05120753947947168f,-0.45777172110578407f,-1.433122025255933f,-1.1599526442069803f,0f,0f,0f,1f], start_interpolation: 0, interpolation_duration: 1 }
$data merge entity $(bone_right_bicep) { transformation: [-0.11539637040586373f,1.2925838852564362f,0.8993412785572416f,-1.9006034646542516f,1.5729598998807786f,0.052598020308761304f,0.12623295794321898f,2.9148687791208028f,0.07338248502638799f,0.905187552874773f,-1.2915706186873313f,0.10355571570398847f,0f,0f,0f,1f], start_interpolation: 0, interpolation_duration: 1 }
$data merge entity $(bone_right_shoulder) { transformation: [-0.9129937095330538f,0.11633914124794281f,0.39103412966998813f,-1.612156393682928f,0.2482946843587685f,0.9189793636935224f,0.3063114082508651f,3.0403431456234835f,-0.32371628947622233f,0.3767520846911665f,-0.8679087685976025f,0.34981072197762886f,0f,0f,0f,1f], start_interpolation: 0, interpolation_duration: 1 }
$data merge entity $(bone_left_thumb_2) { transformation: [-0.05854271192965088f,-0.9828194963934891f,0.17503881966229942f,4.168492550466657f,-0.9804707103324658f,0.023630772130293624f,-0.19524029499228826f,2.6202267766300995f,0.1877496659386418f,-0.18305033219684477f,-0.9650091392430195f,-3.7930591234142783f,0f,0f,0f,1f], start_interpolation: 0, interpolation_duration: 1 }
$data merge entity $(bone_left_thumb) { transformation: [-0.05854271192965088f,-0.9638239331510521f,0.26003110730287377f,3.900872415178896f,-0.9804707103324658f,0.00652453698368792f,-0.19655690422190233f,2.7667910871757644f,0.1877496659386418f,-0.26645985870743316f,-0.9453831004611534f,-3.897141571278744f,0f,0f,0f,1f], start_interpolation: 0, interpolation_duration: 1 }
$data merge entity $(bone_left_fingers2) { transformation: [-0.47901408828136416f,0.8608588006106372f,-0.17166137783202454f,4.553246548304572f,0.8747304832897199f,0.4517600600547313f,-0.175383664413418f,2.406687428692681f,-0.07343081663516035f,-0.23416868610162422f,-0.9694188679914026f,-4.121706411668065f,0f,0f,0f,1f], start_interpolation: 0, interpolation_duration: 1 }
$data merge entity $(bone_left_fingers) { transformation: [-0.9850326345408967f,0.015591031083015572f,-0.17166137783202454f,4.5133199427737996f,0.04612955322227912f,0.9834188500209025f,-0.175383664413418f,2.871585223020902f,0.1660806226172504f,-0.18067729567749796f,-0.9694188679914026f,-4.2071252387237035f,0f,0f,0f,1f], start_interpolation: 0, interpolation_duration: 1 }
$data merge entity $(bone_left_hand) { transformation: [-0.05854271192965088f,-0.9834150305139399f,-0.17166137783202454f,3.818580716768958f,-0.9804707103324658f,0.0889817758705185f,-0.175383664413418f,2.9904731065592247f,0.1877496659386418f,0.15804151771669356f,-0.9694188679914026f,-4.135784663061159f,0f,0f,0f,1f], start_interpolation: 0, interpolation_duration: 1 }
$data merge entity $(bone_left_forearm) { transformation: [-0.0881260517634681f,-1.480363328371024f,-0.2584068788407334f,1.682096274228444f,-1.4759311573258458f,0.13394686251968776f,-0.2640101453983969f,3.1423701942525306f,0.2826250481693608f,0.2379045061632056f,-1.459294496704442f,-3.7793323526313234f,0f,0f,0f,1f], start_interpolation: 0, interpolation_duration: 1 }
$data merge entity $(bone_left_bicep) { transformation: [-0.34264620859648165f,-0.05323164946519403f,-1.540345456472059f,1.581835705072517f,-1.5248189737912052f,0.24160767921598844f,0.33084283966052913f,3.3207701132583702f,0.22455473930700096f,1.5593897136006516f,-0.10384145711461439f,-1.4040906495720948f,0f,0f,0f,1f], start_interpolation: 0, interpolation_duration: 1 }
$data merge entity $(bone_left_shoulder) { transformation: [-0.22031126174515392f,0.08694490506711261f,-0.971546978499305f,1.5478969610657491f,-0.44563299257066963f,0.8770272621715458f,0.1795394590066264f,3.4215512828401646f,0.8676832278434152f,0.47250795219842945f,-0.15447346448008104f,-1.07350130835102f,0f,0f,0f,1f], start_interpolation: 0, interpolation_duration: 1 }
$data merge entity $(bone_left_cheek) { transformation: [-0.5003612004812285f,-0.3619115711892273f,-0.9545601788625517f,-0.578851335552408f,0.04121910042523684f,1.0550235155433831f,-0.42160742259641737f,-2.178971668394435f,1.0200324044808067f,-0.2201632295993239f,-0.45120782076475285f,-2.5770411132458637f,0f,0f,0f,1f], start_interpolation: 0, interpolation_duration: 1 }
$data merge entity $(bone_left_foot) { transformation: [-0.7866003645678297f,0.10293379228328346f,-0.8086690628853931f,1.7027390608015067f,-0.04365730965061391f,1.1168210588140224f,0.18462371002554598f,-7.743339562143978f,0.8140239911549465f,0.15936282312919908f,-0.7715241958801188f,-1.3028753948063783f,0f,0f,0f,1f], start_interpolation: 0, interpolation_duration: 1 }
$data merge entity $(bone_left_knee) { transformation: [-2.0690692284461156f,0.41638897943347464f,-2.2982898132919445f,2.3387420114614583f,-0.08564243298380235f,3.054773675663234f,0.630544593447066f,-3.8715202056957754f,2.3341339339780367f,0.4811874151087711f,-2.0141600656280847f,-0.6428139388802554f,0f,0f,0f,1f], start_interpolation: 0, interpolation_duration: 1 }
$data merge entity $(bone_left_leg) { transformation: [-1.5307259238596451f,-1.1625568585154542f,-1.4080930597042078f,0.5936790132461901f,-0.1452516237685197f,1.9091087146351788f,-1.418306119827828f,-1.3982814947953697f,1.8202105592104139f,-0.8253192318534316f,-1.2973311272440118f,-1.8093155989882619f,0f,0f,0f,1f], start_interpolation: 0, interpolation_duration: 1 }
$data merge entity $(bone_right_cheek) { transformation: [-1.0832337592510097f,0.014669913392340772f,-0.34484180117521207f,-0.9728599322048392f,0.3298834855193039f,0.3781221159364932f,-1.020160282896331f,-2.4459632157754685f,0.1015281250606867f,-1.0720703850300817f,-0.36453200235492533f,-1.532019425738135f,0f,0f,0f,1f], start_interpolation: 0, interpolation_duration: 1 }
$data merge entity $(bone_right_foot) { transformation: [-1.1303252906352996f,-0.057716675984006434f,-0.048111070073142546f,-1.0624052287202665f,-0.06075212011597805f,1.128824365258611f,0.07311555716745853f,-5.369303252330799f,0.04421616957222093f,0.07553469475579647f,-1.1294337486707704f,1.7893232029659087f,0f,0f,0f,1f], start_interpolation: 0, interpolation_duration: 1 }
$data merge entity $(bone_right_knee) { transformation: [-3.11907249783791f,0.0734181573504162f,-0.05059493631009605f,-1.001240880176335f,0.07303796782357505f,3.1194000915689326f,0.023913263133911147f,-1.3934548752376597f,0.051142239539890305f,0.022719222451017797f,-3.11984480839093f,1.9309375124388217f,0f,0f,0f,1f], start_interpolation: 0, interpolation_duration: 1 }
$data merge entity $(bone_right_leg) { transformation: [-2.3825191637956635f,0.02799114439253537f,-0.014328224818534071f,-0.8851956792016134f,0.016446969476122213f,0.18390210386219935f,-2.37556222428177f,-1.3377790864300867f,-0.02680110792310132f,-2.3754542471020343f,-0.1840792997146646f,-1.3104070279861046f,0f,0f,0f,1f], start_interpolation: 0, interpolation_duration: 1 }
execute on vehicle unless entity @s[tag=aj.transforms_only] positioned ^0 ^0 ^0 rotated ~0 ~0 run function animated_java:attack/animations/kick_3/zzz/frames/zzz/4
data modify entity @s data merge value {"locators":{"consume":{"posx":-6.318816238988613,"posy":1.7349527011092283,"posz":-0.25186095730344543,"roty":344.1651895200291,"rotx":-8.276585776144072}},"cameras":{}}