# This file was generated by Animated Java via MC-Build. It is not recommended to edit this file directly.
$data merge entity $(bone_right_thumb_2) { transformation: [-0.37412466545149825f,0.8077231904105163f,-0.4556467736897318f,-5.827209143643033f,0.926754306269361f,0.3076112712451443f,-0.21564267113477759f,1.7740252608353617f,-0.03401750302418133f,-0.5029498518500659f,-0.8636459089302726f,-0.10180370883977305f,0f,0f,0f,1f], start_interpolation: 0, interpolation_duration: 1 }
$data merge entity $(bone_right_thumb) { transformation: [-0.37412466545149825f,0.741339168177894f,-0.5571776847883565f,-5.669931939702001f,0.926754306269361f,0.27683259743328037f,-0.2539491461090959f,1.9901403673875f,-0.03401750302418133f,-0.611375458064561f,-0.7906091694158044f,-0.2820616676961679f,0f,0f,0f,1f], start_interpolation: 0, interpolation_duration: 1 }
$data merge entity $(bone_right_fingers2) { transformation: [0.29537670010161965f,-0.9164279983440939f,-0.2700228303090602f,-6.185943453138002f,-0.9534701827193979f,-0.26490089828178925f,-0.14395181400225218f,1.4841075753584638f,0.06039218245862409f,0.29997872914681584f,-0.952032324218745f,-0.23656638714169928f,0f,0f,0f,1f], start_interpolation: 0, interpolation_duration: 1 }
$data merge entity $(bone_right_fingers) { transformation: [-0.851213772148805f,-0.4500253161946417f,-0.2700228303090602f,-6.360892884259544f,-0.42644481809678314f,0.8929852699590641f,-0.14395181400225218f,1.924294278781469f,0.3059083706318023f,-0.007383929851394567f,-0.952032324218745f,-0.26203856207537557f,0f,0f,0f,1f], start_interpolation: 0, interpolation_duration: 1 }
$data merge entity $(bone_right_hand) { transformation: [-0.37412466545149825f,0.8871969374455084f,-0.2700228303090602f,-5.766637344454011f,0.926754306269361f,0.34699327235071376f,-0.14395181400225218f,2.222660595770851f,-0.03401750302418133f,-0.3041007450346912f,-0.952032324218745f,-0.5064241038623606f,0f,0f,0f,1f], start_interpolation: 0, interpolation_duration: 1 }
$data merge entity $(bone_right_forearm) { transformation: [-0.5631807708735492f,1.3355234265140656f,-0.40647324213011227f,-3.8230383980753393f,1.3950702875612015f,0.5223390935066395f,-0.21669486421216524f,2.93681767279864f,-0.05120753947947168f,-0.45777172110578407f,-1.433122025255933f,-1.1599526442069803f,0f,0f,0f,1f], start_interpolation: 0, interpolation_duration: 1 }
$data merge entity $(bone_right_bicep) { transformation: [-0.11539637040586373f,1.2925838852564362f,0.8993412785572416f,-1.9006034646542516f,1.5729598998807786f,0.052598020308761304f,0.12623295794321898f,2.9148687791208028f,0.07338248502638799f,0.905187552874773f,-1.2915706186873313f,0.10355571570398847f,0f,0f,0f,1f], start_interpolation: 0, interpolation_duration: 1 }
$data merge entity $(bone_right_shoulder) { transformation: [-0.9129937095330538f,0.11633914124794281f,0.39103412966998813f,-1.612156393682928f,0.2482946843587685f,0.9189793636935224f,0.3063114082508651f,3.0403431456234835f,-0.32371628947622233f,0.3767520846911665f,-0.8679087685976025f,0.34981072197762886f,0f,0f,0f,1f], start_interpolation: 0, interpolation_duration: 1 }
$data merge entity $(bone_left_thumb_2) { transformation: [-0.05854271192965088f,-0.9828194963934891f,0.17503881966229942f,4.168492550466657f,-0.9804707103324658f,0.023630772130293624f,-0.19524029499228826f,2.6202267766300995f,0.1877496659386418f,-0.18305033219684477f,-0.9650091392430195f,-3.7930591234142783f,0f,0f,0f,1f], start_interpolation: 0, interpolation_duration: 1 }
$data merge entity $(bone_left_thumb) { transformation: [-0.05854271192965088f,-0.9638239331510521f,0.26003110730287377f,3.900872415178896f,-0.9804707103324658f,0.00652453698368792f,-0.19655690422190233f,2.7667910871757644f,0.1877496659386418f,-0.26645985870743316f,-0.9453831004611534f,-3.897141571278744f,0f,0f,0f,1f], start_interpolation: 0, interpolation_duration: 1 }
$data merge entity $(bone_left_fingers2) { transformation: [-0.47901408828136416f,0.8608588006106372f,-0.17166137783202454f,4.553246548304572f,0.8747304832897199f,0.4517600600547313f,-0.175383664413418f,2.406687428692681f,-0.07343081663516035f,-0.23416868610162422f,-0.9694188679914026f,-4.121706411668065f,0f,0f,0f,1f], start_interpolation: 0, interpolation_duration: 1 }
$data merge entity $(bone_left_fingers) { transformation: [-0.9850326345408967f,0.015591031083015572f,-0.17166137783202454f,4.5133199427737996f,0.04612955322227912f,0.9834188500209025f,-0.175383664413418f,2.871585223020902f,0.1660806226172504f,-0.18067729567749796f,-0.9694188679914026f,-4.2071252387237035f,0f,0f,0f,1f], start_interpolation: 0, interpolation_duration: 1 }
$data merge entity $(bone_left_hand) { transformation: [-0.05854271192965088f,-0.9834150305139399f,-0.17166137783202454f,3.818580716768958f,-0.9804707103324658f,0.0889817758705185f,-0.175383664413418f,2.9904731065592247f,0.1877496659386418f,0.15804151771669356f,-0.9694188679914026f,-4.135784663061159f,0f,0f,0f,1f], start_interpolation: 0, interpolation_duration: 1 }
$data merge entity $(bone_left_forearm) { transformation: [-0.0881260517634681f,-1.480363328371024f,-0.2584068788407334f,1.682096274228444f,-1.4759311573258458f,0.13394686251968776f,-0.2640101453983969f,3.1423701942525306f,0.2826250481693608f,0.2379045061632056f,-1.459294496704442f,-3.7793323526313234f,0f,0f,0f,1f], start_interpolation: 0, interpolation_duration: 1 }
$data merge entity $(bone_left_bicep) { transformation: [-0.34264620859648165f,-0.05323164946519403f,-1.540345456472059f,1.581835705072517f,-1.5248189737912052f,0.24160767921598844f,0.33084283966052913f,3.3207701132583702f,0.22455473930700096f,1.5593897136006516f,-0.10384145711461439f,-1.4040906495720948f,0f,0f,0f,1f], start_interpolation: 0, interpolation_duration: 1 }
$data merge entity $(bone_left_shoulder) { transformation: [-0.22031126174515392f,0.08694490506711261f,-0.971546978499305f,1.5478969610657491f,-0.44563299257066963f,0.8770272621715458f,0.1795394590066264f,3.4215512828401646f,0.8676832278434152f,0.47250795219842945f,-0.15447346448008104f,-1.07350130835102f,0f,0f,0f,1f], start_interpolation: 0, interpolation_duration: 1 }
$data merge entity $(bone_left_cheek) { transformation: [-1.0822129632920192f,0.057550734741271065f,-0.3435541680597457f,0.5469472345134235f,-0.01315693294450479f,1.1137166375731848f,0.22801008242170107f,-1.2625473781881178f,0.348092586212315f,0.22101949122463635f,-1.0594849632253414f,-1.8204215228854788f,0f,0f,0f,1f], start_interpolation: 0, interpolation_duration: 1 }
$data merge entity $(bone_left_foot) { transformation: [-0.7894305615454972f,0.11006810714449974f,-0.80496307535662f,1.658077382529627f,-0.056724122327560675f,1.112170169853909f,0.20770421188145385f,-7.752067918572658f,0.810470798267358f,0.1850504727817656f,-0.769528790935802f,-1.4406763979491783f,0f,0f,0f,1f], start_interpolation: 0, interpolation_duration: 1 }
$data merge entity $(bone_left_knee) { transformation: [-2.0769194246789513f,0.4357571281325458f,-2.2875936590335932f,2.3184683110399265f,-0.12440926006683434f,3.040090855037083f,0.6920500338178589f,-3.90074733872899f,2.325401333013003f,0.5518393231542617f,-2.006126945639227f,-0.6907566551577311f,0f,0f,0f,1f], start_interpolation: 0, interpolation_duration: 1 }
$data merge entity $(bone_left_leg) { transformation: [-1.5373866038242168f,-1.1468794471383208f,-1.4136818355478655f,0.5940273540733351f,-0.1760325564448524f,1.9353701097892608f,-1.3786737994356169f,-1.3896233261196342f,1.8118612909099232f,-0.7851091898012966f,-1.3334723809049154f,-1.805853194074397f,0f,0f,0f,1f], start_interpolation: 0, interpolation_duration: 1 }
$data merge entity $(bone_right_cheek) { transformation: [-1.0997783366843241f,0.04652808933439115f,-0.2843399346566188f,-0.9320321561713046f,-0.02668007670239649f,1.1007047908512904f,0.2833082919399829f,-1.379409176325381f,0.28688366116736863f,0.28073217072093337f,-1.0636793053619582f,-1.3362333832635649f,0f,0f,0f,1f], start_interpolation: 0, interpolation_duration: 1 }
$data merge entity $(bone_right_foot) { transformation: [-1.1315948928028623f,-0.04820510053953966f,-0.02122308329275906f,-1.1742518962019357f,-0.04905624785335375f,1.1307703491401677f,0.047255205554253235f,-5.294208427876532f,0.019173824058565856f,0.048123156457128724f,-1.1316349582279506f,1.8764458394859733f,0f,0f,0f,1f], start_interpolation: 0, interpolation_duration: 1 }
$data merge entity $(bone_right_knee) { transformation: [-3.1185384836522227f,0.10393445684705173f,0.021878638846527416f,-1.0767903759087774f,0.10358652811261204f,3.1182536843383217f,-0.04824014388288608f,-1.3168935102505368f,-0.023470776541126885f,-0.047485881777374436f,-3.119897038983525f,1.9277615866435345f,0f,0f,0f,1f], start_interpolation: 0, interpolation_duration: 1 }
$data merge entity $(bone_right_leg) { transformation: [-2.3809783687237354f,0.0848016254422396f,-0.03372032082375287f,-0.8851956792016134f,0.03826083685635998f,0.1282855954940296f,-2.378963068733149f,-1.3377790864300867f,-0.0828521820904782f,-2.3777589992166033f,-0.12955317677212727f,-1.3104070279861046f,0f,0f,0f,1f], start_interpolation: 0, interpolation_duration: 1 }
data modify entity @s data merge value {"locators":{"consume":{"posx":-6.318816238988613,"posy":1.7349527011092283,"posz":-0.25186095730344543,"roty":344.1651895200291,"rotx":-8.276585776144072}},"cameras":{}}