# This file was generated by Animated Java via MC-Build. It is not recommended to edit this file directly.
$data merge entity $(bone_neck) { transformation: [-0.9055656480408261f,0.38634279919463704f,-0.17518589726017114f,0.4528534718402035f,0.08468157882028199f,0.5692985641005475f,0.8177580174608864f,4.1455284373029695f,0.415668001290577f,0.7256985506555096f,-0.5482533413300731f,0.32351263752850423f,0f,0f,0f,1f], start_interpolation: 0, interpolation_duration: 1 }
$data merge entity $(bone_right_thumb_2) { transformation: [0.4897672624030468f,0.2192156735515884f,-0.8438438938260729f,-4.473974100833176f,0.6448798628230944f,0.5602680677986963f,0.5198361806669316f,4.0172591916360965f,0.5867350263990488f,-0.7987766775979624f,0.13303318428899155f,2.3861002278226944f,0f,0f,0f,1f], start_interpolation: 0, interpolation_duration: 1 }
$data merge entity $(bone_right_thumb) { transformation: [0.4897672624030468f,0.2192156735515884f,-0.8438438938260729f,-4.338862570384468f,0.6448798628230944f,0.5602680677986963f,0.5198361806669316f,4.273017079430099f,0.5867350263990488f,-0.7987766775979624f,0.13303318428899155f,2.2437360221332603f,0f,0f,0f,1f], start_interpolation: 0, interpolation_duration: 1 }
$data merge entity $(bone_right_fingers2) { transformation: [-0.6848887519111212f,-0.12423934164525269f,-0.717977704036261f,-4.892660461598819f,-0.7282523434742707f,0.08426159766144414f,0.6801091878395514f,4.051445910667821f,-0.02399836931668259f,0.9886680783494001f,-0.14818741216123935f,2.7704724004816392f,0f,0f,0f,1f], start_interpolation: 0, interpolation_duration: 1 }
$data merge entity $(bone_right_fingers) { transformation: [-0.3244391857917951f,0.6158305215151131f,-0.717977704036261f,-4.592707010946414f,-0.1386279891984447f,0.7198845554858238f,0.6801091878395514f,4.403215726097602f,0.935693056153327f,0.3201858765520461f,-0.14818741216123935f,2.8768039264286918f,0f,0f,0f,1f], start_interpolation: 0, interpolation_duration: 1 }
$data merge entity $(bone_right_hand) { transformation: [0.5852103622423008f,0.3768777632483167f,-0.717977704036261f,-4.311406771067238f,0.7050629520489058f,0.2008425409725453f,0.6801091878395514f,4.608783530235066f,0.40051849591787625f,-0.9042264236930027f,-0.14818741216123935f,2.2599583609231026f,0f,0f,0f,1f], start_interpolation: 0, interpolation_duration: 1 }
$data merge entity $(bone_right_forearm) { transformation: [0.8809342269189007f,0.5673250892857857f,-1.0807927789021512f,-3.514540843813129f,1.0613518260553192f,0.3023341348334174f,1.0237881969728553f,5.010726879487638f,0.6029121736946432f,-1.3611584088557678f,-0.22307083365916824f,0.28052839599602775f,0f,0f,0f,1f], start_interpolation: 0, interpolation_duration: 1 }
$data merge entity $(bone_right_bicep) { transformation: [0.8879826962084028f,1.2305009254250125f,0.43618615499243774f,-1.7658204981764614f,1.1453938664422358f,-0.9874343615113768f,0.4538176180665211f,3.515861712303716f,0.6264692969295519f,0.06119650544966689f,-1.4479970185638458f,0.2737102266753666f,0f,0f,0f,1f], start_interpolation: 0, interpolation_duration: 1 }
$data merge entity $(bone_right_shoulder) { transformation: [0.4185323900596163f,0.8651651125536912f,0.27626068574978957f,-1.7045710737118425f,0.8230188258656503f,-0.48992382250130234f,0.2874276611887574f,3.1228009004754393f,0.3840190760127837f,0.107069959212055f,-0.9170961634924752f,0.23712110638443246f,0f,0f,0f,1f], start_interpolation: 0, interpolation_duration: 1 }
$data merge entity $(bone_right_arm) { transformation: [-0.8580675196155464f,0.9108734406518447f,-0.7573479045309737f,-1.4588472913424884f,-0.32313820837763263f,0.7197136046253626f,1.2317224391904305f,3.237536496588061f,1.1396701152828743f,0.8898696781179818f,-0.2209753965917523f,-0.019501116014926212f,0f,0f,0f,1f], start_interpolation: 0, interpolation_duration: 1 }
$data merge entity $(bone_left_thumb_2) { transformation: [-0.6939330215093563f,-0.09484407846580781f,-0.7137657616045102f,-0.017957997472647758f,-0.6332044394408097f,0.5523133040425385f,0.5422196529544681f,5.22766151047311f,0.34279600279370936f,0.8282237710652752f,-0.44332413143327687f,-6.27753367997292f,0f,0f,0f,1f], start_interpolation: 0, interpolation_duration: 1 }
$data merge entity $(bone_left_thumb) { transformation: [-0.6939330215093563f,-0.09484407846580781f,-0.7137657616045102f,0.05726499593731599f,-0.6332044394408097f,0.5523133040425385f,0.5422196529544681f,5.47941631907522f,0.34279600279370936f,0.8282237710652752f,-0.44332413143327687f,-6.090729484359479f,0f,0f,0f,1f], start_interpolation: 0, interpolation_duration: 1 }
$data merge entity $(bone_left_fingers2) { transformation: [0.6573398464380542f,0.27105671128347913f,-0.7031590044598587f,-0.25380954395099553f,0.710009823018339f,0.08995913740517113f,0.6984220821357126f,5.273822523510001f,0.25256757017135395f,-0.9583504645303312f,-0.1333192020387013f,-6.7937237384427345f,0f,0f,0f,1f], start_interpolation: 0, interpolation_duration: 1 }
$data merge entity $(bone_left_fingers) { transformation: [-0.06084547609595093f,0.7084244790277063f,-0.7031590044598587f,0.0720189665928028f,0.12770851726861657f,0.7041996377464752f,0.6984220821357126f,5.617829132309764f,0.9899436158972428f,-0.04730356976017237f,-0.1333192020387013f,-6.771014624965727f,0f,0f,0f,1f], start_interpolation: 0, interpolation_duration: 1 }
$data merge entity $(bone_left_hand) { transformation: [-0.7110317426677856f,0.0011293209606283994f,-0.7031590044598587f,0.09668730066462439f,-0.6903894148434181f,0.18859759027458006f,0.6984220821357126f,5.814381937488339f,0.13340283651772367f,0.9820538038095412f,-0.1333192020387013f,-6.090834599672096f,0f,0f,0f,1f], start_interpolation: 0, interpolation_duration: 1 }
$data merge entity $(bone_left_forearm) { transformation: [-1.0703368206636457f,0.0016999997805619484f,-1.0584857582177223f,0.07234088156694207f,-1.0392633225217305f,0.28390145340337514f,1.0513551308829507f,6.190275056725057f,0.2008151807261946f,1.4783142341104472f,-0.20068928330558322f,-3.9524220195403457f,0f,0f,0f,1f], start_interpolation: 0, interpolation_duration: 1 }
$data merge entity $(bone_left_bicep) { transformation: [-1.493043281154432f,0.4129831294212909f,-0.3052390103794862f,0.5209362675106998f,-0.5120150187865403f,-1.2694401752002715f,0.7869348258712194f,4.208278967840594f,-0.039579529823757f,0.843131504835008f,1.334341367273768f,-2.705784323921795f,0f,0f,0f,1f], start_interpolation: 0, interpolation_duration: 1 }
$data merge entity $(bone_left_shoulder) { transformation: [-0.8858399750663825f,0.4217974822033489f,-0.1933246559063434f,0.4019211664462049f,-0.45897485152494505f,-0.7354797357465701f,0.4984091130525301f,3.9160812809646535f,0.06804134215346741f,0.5302418715200363f,0.8451117875434491f,-2.5606846598319932f,0f,0f,0f,1f], start_interpolation: 0, interpolation_duration: 1 }
$data merge entity $(bone_left_arm) { transformation: [-0.8580675196155464f,0.9108734406518447f,-0.7573479045309737f,0.17527827441648214f,-0.32313820837763263f,0.7197136046253626f,1.2317224391904305f,3.8368336772188534f,1.1396701152828743f,0.8898696781179818f,-0.2209753965917523f,-2.279634124234997f,0f,0f,0f,1f], start_interpolation: 0, interpolation_duration: 1 }
$data merge entity $(bone_chest) { transformation: [-1.2116513934408277f,1.2862170498057537f,-1.0694282476227404f,-0.0023333994760039722f,-0.456293766521025f,1.0162859821489996f,1.7392782918133205f,3.6951510388998092f,1.6092939677568292f,1.2565582670644402f,-0.31203272595203035f,-0.6233301995992915f,0f,0f,0f,1f], start_interpolation: 0, interpolation_duration: 1 }
$data merge entity $(bone_left_cheek) { transformation: [-0.9601336541542536f,0.11704397681628671f,-0.5974701038790204f,-1.7127917694130108f,-0.11690091824571505f,1.0594856678021582f,0.395412122238181f,0.8204273052179548f,0.5974981111698071f,0.3953697997958646f,-0.8827259936898139f,-4.03640649772717f,0f,0f,0f,1f], start_interpolation: 0, interpolation_duration: 1 }
$data merge entity $(bone_left_foot) { transformation: [-0.6439170222746446f,-0.0661333980550462f,-0.9296657434189171f,-2.1585995244060223f,-0.25724056028600556f,1.0986833697148193f,0.10001649691841717f,-2.491252200225502f,0.8958120980254156f,0.2679596596015574f,-0.6395306546659989f,-5.127469956824154f,0f,0f,0f,1f], start_interpolation: 0, interpolation_duration: 1 }
$data merge entity $(bone_left_knee) { transformation: [-1.7358216560988542f,2.1924522615033646f,-1.3844275276896194f,0.704635153899609f,-0.6439489457907482f,1.249314788572838f,2.7858760981863435f,-0.9919373565183824f,2.5117357053661102f,1.8354642356253548f,-0.2425244447617986f,-2.806886369835312f,0f,0f,0f,1f], start_interpolation: 0, interpolation_duration: 1 }
$data merge entity $(bone_left_leg) { transformation: [-1.3254900786336463f,-1.6797055996952657f,-1.0483565795284462f,-1.7068711545053905f,-0.49172559622889245f,1.5013077467737646f,-1.783722892025235f,0.8859743619584652f,1.9179854946014463f,-0.7759191426133886f,-1.1818068770611359f,-3.893608787935409f,0f,0f,0f,1f], start_interpolation: 0, interpolation_duration: 1 }
$data merge entity $(bone_right_cheek) { transformation: [-0.9639271226861273f,0.12445862749362145f,-0.5898143806064972f,-3.1690499292556726f,-0.10183467319783891f,1.0627877646722446f,0.3906895416765597f,0.6171324665528208f,0.5941385805201603f,0.3840815911797319f,-0.8899478242189883f,-3.0711052773122423f,0f,0f,0f,1f], start_interpolation: 0, interpolation_duration: 1 }
$data merge entity $(bone_right_foot) { transformation: [-1.0912752881938648f,0.04420890646187635f,-0.30074070287681837f,-2.7637698191288003f,0.030039152798848206f,1.1309734608029216f,0.05725235941504986f,-2.9898638040323036f,0.30248478817376095f,0.0471779180221812f,-1.0906687624455775f,0.36055047090714953f,0f,0f,0f,1f], start_interpolation: 0, interpolation_duration: 1 }
$data merge entity $(bone_right_knee) { transformation: [-3.061703783512259f,0.21655599224980657f,-0.5618155964595467f,-2.501168014878633f,0.26132029390587824f,3.1009540498222f,-0.22882090171577676f,0.9736207552633054f,0.5424435142919855f,-0.2715709912523385f,-3.06081158366381f,0.1303408958580059f,0f,0f,0f,1f], start_interpolation: 0, interpolation_duration: 1 }
$data merge entity $(bone_right_leg) { transformation: [-2.3379463981808284f,-0.41844550170741557f,-0.19051606068404162f,-3.0074820500901938f,0.19954668482263946f,-0.03398963639686706f,-2.374112927650736f,0.7273070220540381f,0.4142150743925552f,-2.345449729745424f,0.0683944838969611f,-3.064319704965092f,0f,0f,0f,1f], start_interpolation: 0, interpolation_duration: 1 }
$data merge entity $(bone_weist) { transformation: [-1.752393631783079f,0.3337858424887633f,-1.0875507491689549f,-1.8924754515461717f,-0.2137823364115821f,1.8651133706712388f,0.9169036419163973f,2.1655670993614815f,1.1173525555089105f,0.8803420853709164f,-1.5302235590920272f,-2.4901502913669433f,0f,0f,0f,1f], start_interpolation: 0, interpolation_duration: 1 }
data modify entity @s data merge value {"locators":{"consume":{"posx":-4.7211241499246555,"posy":4.2660535526332675,"posz":2.8276120842315833,"roty":281.66184017348326,"rotx":42.85217595566202}},"cameras":{}}