# This file was generated by Animated Java via MC-Build. It is not recommended to edit this file directly.
$data merge entity $(bone_neck) { transformation: [-0.9052115534360347f,0.36855039984406346f,-0.2115718466637322f,0.48989218462889017f,0.07409508123882667f,0.6271148049315501f,0.7753946997316111f,4.281440023230359f,0.41845186397258705f,0.6862198075037216f,-0.5949793385718722f,0.37424993038338794f,0f,0f,0f,1f], start_interpolation: 0, interpolation_duration: 1 }
$data merge entity $(bone_right_thumb_2) { transformation: [0.3458726570502547f,-0.08198139785202796f,-0.9346930809154544f,-4.15455347103567f,0.635808387296078f,0.753068001692015f,0.16922257376471828f,2.6496903839112123f,0.6900143474950043f,-0.6528151616145437f,0.3125900910413189f,2.8960864307616556f,0f,0f,0f,1f], start_interpolation: 0, interpolation_duration: 1 }
$data merge entity $(bone_right_thumb) { transformation: [0.3458726570502547f,-0.08198139785202796f,-0.9346930809154544f,-4.127009106920236f,0.635808387296078f,0.753068001692015f,0.16922257376471828f,2.9593715414168953f,0.6900143474950043f,-0.6528151616145437f,0.3125900910413189f,2.810800566856541f,0f,0f,0f,1f], start_interpolation: 0, interpolation_duration: 1 }
$data merge entity $(bone_right_fingers2) { transformation: [-0.4224986357484211f,-0.0003800088681486097f,-0.9063634802792878f,-4.5033632774299f,-0.8935193205244203f,-0.1675797411321536f,0.4165816297097827f,2.4622605657094736f,-0.15204646211043804f,0.985858451277535f,0.07046266674174691f,3.3052450183239506f,0f,0f,0f,1f], start_interpolation: 0, interpolation_duration: 1 }
$data merge entity $(bone_right_fingers) { transformation: [-0.12741021095118166f,0.40282983971075464f,-0.9063634802792878f,-4.314655993529623f,-0.42851008137054547f,0.8017723217673143f,0.4165816297097827f,2.864045308559689f,0.8945086630710647f,0.4414626420054786f,0.07046266674174691f,3.4725144131090753f,0f,0f,0f,1f], start_interpolation: 0, interpolation_duration: 1 }
$data merge entity $(bone_right_hand) { transformation: [0.3901924189839154f,0.16203431051322909f,-0.9063634802792878f,-4.202534466556291f,0.761374221604598f,0.49675853335834474f,0.4165816297097827f,3.274066059668039f,0.5177443102956057f,-0.8526287830891991f,0.07046266674174691f,2.905770956519056f,0f,0f,0f,1f], start_interpolation: 0, interpolation_duration: 1 }
$data merge entity $(bone_right_forearm) { transformation: [0.5873680289087081f,0.243914973616287f,-1.36437538246592f,-3.862648461732628f,1.1461188225295313f,0.7477851090548725f,0.627092477499669f,4.317422140611482f,0.7793756111636921f,-1.283486975523678f,0.1060695074074649f,1.0321161483536159f,0f,0f,0f,1f], start_interpolation: 0, interpolation_duration: 1 }
$data merge entity $(bone_right_bicep) { transformation: [0.6049700745007083f,1.4569242016000865f,0.06547700203125993f,-1.7798920753122007f,1.2069486086949717f,-0.539952048444867f,0.862920042294712f,3.485121196608676f,0.818651588267147f,-0.2805847718900405f,-1.3206005909644045f,0.5201667600608996f,0f,0f,0f,1f], start_interpolation: 0, interpolation_duration: 1 }
$data merge entity $(bone_right_shoulder) { transformation: [0.21710585500939572f,0.975266769298514f,0.04147018715509171f,-1.614535482168065f,0.8121980183821262f,-0.20404452303669002f,0.5465347304196475f,3.1483221053631127f,0.5414789254041067f,-0.08497388611078568f,-0.8364089980520563f,0.38301492173584045f,0f,0f,0f,1f], start_interpolation: 0, interpolation_duration: 1 }
$data merge entity $(bone_right_arm) { transformation: [-0.8385910884278662f,0.8639729591870496f,-0.8305792278912965f,-1.375849950726192f,-0.2887057755338235f,0.8382336223763854f,1.1634257651834685f,3.2583032073559206f,1.1631681319501246f,0.8309399868299143f,-0.3100399598508576f,0.11781165337143207f,0f,0f,0f,1f], start_interpolation: 0, interpolation_duration: 1 }
$data merge entity $(bone_left_thumb_2) { transformation: [-0.7263623064850964f,-0.36096499035743224f,-0.5848949268491821f,0.8207115533388673f,-0.5447069718056268f,0.8212991980109974f,0.16959346158633853f,3.7010348610802684f,0.41915643211573783f,0.44178264235113607f,-0.7931809266070722f,-6.13322175525037f,0f,0f,0f,1f], start_interpolation: 0, interpolation_duration: 1 }
$data merge entity $(bone_left_thumb) { transformation: [-0.7263623064850964f,-0.36096499035743224f,-0.5848949268491821f,0.8244424346913757f,-0.5447069718056268f,0.8212991980109974f,0.16959346158633853f,4.016828635830093f,0.41915643211573783f,0.44178264235113607f,-0.7931809266070722f,-6.068451683116587f,0f,0f,0f,1f], start_interpolation: 0, interpolation_duration: 1 }
$data merge entity $(bone_left_fingers2) { transformation: [0.5151878401713947f,0.5306095486628382f,-0.6730787444328877f,0.7416839248410352f,0.855596279495752f,-0.27225049659083517f,0.44026659380319877f,3.4839843149969747f,0.050363636212651025f,-0.8027036651055376f,-0.5942477010250667f,-6.6536568251129244f,0f,0f,0f,1f], start_interpolation: 0, interpolation_duration: 1 }
$data merge entity $(bone_left_fingers) { transformation: [-0.3511313494149959f,0.6509007445460878f,-0.6730787444328877f,1.0270817602703068f,0.5169326767269535f,0.7341293715094338f,0.44026659380319877f,3.8581534685840184f,0.7806967293321467f,-0.19334499382324855f,-0.5942477010250667f,-6.713372727955109f,0f,0f,0f,1f], start_interpolation: 0, interpolation_duration: 1 }
$data merge entity $(bone_left_hand) { transformation: [-0.679026984261034f,-0.2930654507751009f,-0.6730787444328877f,0.8432015529680523f,-0.6862821362204505f,0.5789491824725418f,0.44026659380319877f,4.322123961895694f,0.26065146105491244f,0.7608748160350445f,-0.5942477010250667f,-6.210574707437436f,0f,0f,0f,1f], start_interpolation: 0, interpolation_duration: 1 }
$data merge entity $(bone_left_forearm) { transformation: [-1.0221591243618424f,-0.44115997079407376f,-1.0132050654582054f,0.1814021044898947f,-1.0330805162149508f,0.8715090903937395f,0.6627461447609412f,5.547013101787179f,0.39236624666024056f,1.145367052759687f,-0.8945383965776464f,-4.544331978106553f,0f,0f,0f,1f], start_interpolation: 0, interpolation_duration: 1 }
$data merge entity $(bone_left_bicep) { transformation: [-1.436994128099987f,0.36314410405933845f,-0.5441308606737383f,0.5648077375308367f,-0.6521294313461025f,-0.8991055230484745f,1.1221589108679673f,4.101368913310592f,-0.051761362258075545f,1.2460496684141906f,0.9682898033473852f,-2.6877854902272933f,0f,0f,0f,1f], start_interpolation: 0, interpolation_duration: 1 }
$data merge entity $(bone_left_shoulder) { transformation: [-0.8563616160383377f,0.384546902556823f,-0.3446280056962292f,0.4441435612135761f,-0.5056390692835852f,-0.48907990566262355f,0.7107249661374427f,3.8570734121638783f,0.1047564517833466f,0.7828949646095527f,0.6132711962898393f,-2.472476735901863f,0f,0f,0f,1f], start_interpolation: 0, interpolation_duration: 1 }
$data merge entity $(bone_left_arm) { transformation: [-0.8385910884278662f,0.8639729591870496f,-0.8305792278912965f,0.22230478365508063f,-0.2887057755338235f,0.8382336223763854f,1.1634257651834685f,3.7854003952721262f,1.1631681319501246f,0.8309399868299143f,-0.3100399598508576f,-2.1856194156407387f,0f,0f,0f,1f], start_interpolation: 0, interpolation_duration: 1 }
$data merge entity $(bone_chest) { transformation: [-1.1841493094575297f,1.219990287434739f,-1.1728360016335277f,0.05104973312260652f,-0.407672761435724f,1.1836445423739572f,1.6428386080632746f,3.757281427962888f,1.6424748119061638f,1.1733454185042054f,-0.437798122860941f,-0.5228375301211257f,0f,0f,0f,1f], start_interpolation: 0, interpolation_duration: 1 }
$data merge entity $(bone_left_cheek) { transformation: [-0.95565678172159f,0.13941108248731365f,-0.5998425768541502f,-1.4996359390107188f,-0.07419613489189272f,1.0732470434484342f,0.36764407879643235f,0.6127659334506612f,0.6113440115797453f,0.3481835509995965f,-0.8930583215539024f,-3.744759188833045f,0f,0f,0f,1f], start_interpolation: 0, interpolation_duration: 1 }
$data merge entity $(bone_left_foot) { transformation: [-0.6576640653525491f,-0.05004547944273378f,-0.9210073721373274f,-1.991324942497664f,-0.22451210044643571f,1.1058161892719007f,0.10022985930999638f,-2.9427242541612366f,0.8946247516680322f,0.24072215920334158f,-0.651905321478045f,-4.818994624734311f,0f,0f,0f,1f], start_interpolation: 0, interpolation_duration: 1 }
$data merge entity $(bone_left_knee) { transformation: [-1.7748035319916822f,2.1485075435593073f,-1.4037631845423144f,0.817021480634545f,-0.5580869619292472f,1.3427972076297687f,2.760796610089931f,-1.3243003490101333f,2.505029877253405f,1.821366057284538f,-0.379492186503679f,-2.511385377324683f,0f,0f,0f,1f], start_interpolation: 0, interpolation_duration: 1 }
$data merge entity $(bone_left_leg) { transformation: [-1.3552570132498423f,-1.5974413754046815f,-1.135273468476544f,-1.4907963105916018f,-0.4261605611687811f,1.5874860356686766f,-1.7250106175631803f,0.6776555056224907f,1.912864859885787f,-0.7781102150380723f,-1.1886458215599707f,-3.601812133449701f,0f,0f,0f,1f], start_interpolation: 0, interpolation_duration: 1 }
$data merge entity $(bone_right_cheek) { transformation: [-0.9672227664730636f,0.10002093297963466f,-0.5890690828416099f,-2.946881571271606f,-0.0988614344477488f,1.0786122380826855f,0.34546853404466993f,0.4128603718437225f,0.5892647861300601f,0.34513461750731905f,-0.9089419998013902f,-2.7711507416394463f,0f,0f,0f,1f], start_interpolation: 0, interpolation_duration: 1 }
$data merge entity $(bone_right_foot) { transformation: [-1.0918077151281442f,0.006677876397968865f,-0.3019809125648096f,-2.4536267014062636f,0.008230496597601627f,1.13278031915657f,-0.004707425761265224f,-3.0755495587965607f,0.30194258479455754f,-0.0067310399162687174f,-1.0918179889474382f,0.8491859357672695f,0f,0f,0f,1f], start_interpolation: 0, interpolation_duration: 1 }
$data merge entity $(bone_right_knee) { transformation: [-3.0673072032107296f,0.13876790492845612f,-0.5558176948164877f,-2.29044856395624f,0.21123211598920907f,3.0880648463124536f,-0.39471485698127223f,0.8769176165393099f,0.5325136941751533f,-0.42563164086894606f,-3.0449680116521622f,0.421936440547809f,0f,0f,0f,1f], start_interpolation: 0, interpolation_duration: 1 }
$data merge entity $(bone_right_leg) { transformation: [-2.3422252232494336f,-0.4145623544676007f,-0.13966182684207518f,-2.7871999243582284f,0.16129887137238433f,-0.11132202627817975f,-2.3746529111859194f,0.5267692500153047f,0.40663256843565965f,-2.343743123460429f,0.13749361281099132f,-2.764521611777758f,0f,0f,0f,1f], start_interpolation: 0, interpolation_duration: 1 }
$data merge entity $(bone_weist) { transformation: [-1.7467249003505516f,0.2874208899699362f,-1.1096866295860393f,-1.7081949445251026f,-0.20329839950382494f,1.9127960853114865f,0.8154409593306026f,2.0179848477534916f,1.1281333895565349f,0.7897236411579179f,-1.5712143989098817f,-2.2610073867131404f,0f,0f,0f,1f], start_interpolation: 0, interpolation_duration: 1 }
data modify entity @s data merge value {"locators":{"consume":{"posx":-4.400124136026138,"posy":2.705149892711564,"posz":3.4005998513554956,"roty":265.55464287628246,"rotx":24.618958796343158}},"cameras":{}}