# This file was generated by Animated Java via MC-Build. It is not recommended to edit this file directly.
$data merge entity $(bone_neck) { transformation: [-0.8897294388982967f,0.40281745860067f,-0.2147547918073538f,0.36990965366072226f,0.08180472342050762f,0.6035312433735374f,0.7931317831849172f,4.251487177709437f,0.44909855575788327f,0.6881047400784924f,-0.5699318853141083f,0.2027380072267193f,0f,0f,0f,1f], start_interpolation: 0, interpolation_duration: 1 }
$data merge entity $(bone_right_thumb_2) { transformation: [0.4045172009152128f,-0.23549122855206184f,-0.8836909615011133f,-3.8029020616369467f,0.6436349283292842f,0.7597631282302683f,0.0921632682597256f,2.4567187021005408f,0.6496921680290432f,-0.6060559959746272f,0.45890763400157564f,3.0771477497639763f,0f,0f,0f,1f], start_interpolation: 0, interpolation_duration: 1 }
$data merge entity $(bone_right_thumb) { transformation: [0.4045172009152128f,-0.23549122855206184f,-0.8836909615011133f,-3.810703486541225f,0.6436349283292842f,0.7597631282302683f,0.0921632682597256f,2.769473886933127f,0.6496921680290432f,-0.6060559959746272f,0.45890763400157564f,2.99931381101986f,0f,0f,0f,1f], start_interpolation: 0, interpolation_duration: 1 }
$data merge entity $(bone_right_fingers2) { transformation: [-0.37779252880690434f,0.16571057073160028f,-0.9109406193191143f,-4.069404085062842f,-0.9186561097874759f,-0.18983363872894307f,0.34645943710205107f,2.234544420075561f,-0.11551518137381417f,0.9677309524628922f,0.2239487586869781f,3.528616716006927f,0f,0f,0f,1f], start_interpolation: 0, interpolation_duration: 1 }
$data merge entity $(bone_right_fingers) { transformation: [0.04443657580326887f,0.41013726824733776f,-0.9109406193191143f,-3.885290903730161f,-0.4572927790411364f,0.8190538277059477f,0.34645943710205107f,2.6452572228307885f,0.8882053281576929f,0.40117109631034825f,0.2239487586869781f,3.6784092362758667f,0f,0f,0f,1f], start_interpolation: 0, interpolation_duration: 1 }
$data merge entity $(bone_right_hand) { transformation: [0.41244947488712647f,-0.008521662973976024f,-0.9109406193191143f,-3.8921661989039f,0.7760813888019441f,0.5269378866604447f,0.34645943710205107f,3.075424673250004f,0.47705671426003343f,-0.8498610738597118f,0.2239487586869781f,3.1155637035992747f,0f,0f,0f,1f], start_interpolation: 0, interpolation_duration: 1 }
$data merge entity $(bone_right_forearm) { transformation: [0.6208722243239422f,-0.012827907823229514f,-1.3712654833624593f,-3.9234740540586324f,1.1682579502707395f,0.7932149698116615f,0.5215354957366328f,4.1840451954217235f,0.7181273861297941f,-1.279320662095678f,0.3371165982903031f,1.2488347184213404f,0f,0f,0f,1f], start_interpolation: 0, interpolation_duration: 1 }
$data merge entity $(bone_right_bicep) { transformation: [0.6512137262361181f,1.4313879673954288f,-0.14125624800941514f,-1.888727082742209f,1.2253497309034642f,-0.4708987062363778f,0.8773121471199166f,3.451561055803455f,0.7532216657670717f,-0.4714732795238059f,-1.3050954857628576f,0.4640016465757058f,0f,0f,0f,1f], start_interpolation: 0, interpolation_duration: 1 }
$data merge entity $(bone_right_shoulder) { transformation: [0.2487580421683822f,0.9644248997348336f,-0.08946535210912399f,-1.7276795944634973f,0.8160808524212f,-0.15894990732472097f,0.5556500420884987f,3.1238779569676907f,0.5216622267023374f,-0.21123337741209097f,-0.8265887620207768f,0.30190738149354956f,0f,0f,0f,1f], start_interpolation: 0, interpolation_duration: 1 }
$data merge entity $(bone_right_arm) { transformation: [-0.7584254666030941f,0.9257004493437099f,-0.8410800385779557f,-1.507048644814634f,-0.30634115717600674f,0.8161863638488063f,1.174538656872941f,3.2375710483800697f,1.2126384657553577f,0.7851526215670938f,-0.2293239059024929f,0.02298935717718631f,0f,0f,0f,1f], start_interpolation: 0, interpolation_duration: 1 }
$data merge entity $(bone_left_thumb_2) { transformation: [-0.7133365204937769f,-0.41382349276362596f,-0.5655980245428238f,0.6241511438283598f,-0.562116631298392f,0.819828839965446f,0.10911262978527775f,3.7404458889126087f,0.418540202785323f,0.39576607989799295f,-0.8174309198058243f,-6.192107149930103f,0f,0f,0f,1f], start_interpolation: 0, interpolation_duration: 1 }
$data merge entity $(bone_left_thumb) { transformation: [-0.7133365204937769f,-0.41382349276362596f,-0.5655980245428238f,0.6108089620594075f,-0.562116631298392f,0.819828839965446f,0.10911262978527775f,4.0583874690355035f,0.418540202785323f,0.39576607989799295f,-0.8174309198058243f,-6.140435806757838f,0f,0f,0f,1f], start_interpolation: 0, interpolation_duration: 1 }
$data merge entity $(bone_left_fingers2) { transformation: [0.4722422083131338f,0.5692325023524825f,-0.6730242603005229f,0.5727852090667969f,0.8809297446575919f,-0.27807761931007136f,0.38293031039126874f,3.4991579809773126f,0.03082339476834342f,-0.7737229451841104f,-0.6327738319736211f,-6.705284169869781f,0f,0f,0f,1f], start_interpolation: 0, interpolation_duration: 1 }
$data merge entity $(bone_left_fingers) { transformation: [-0.400880715599928f,0.6215569136507322f,-0.6730242603005229f,0.8420154693065418f,0.5301080223340839f,0.7565380770593726f,0.38293031039126874f,3.8840520009292687f,0.7471814615721778f,-0.20326618275621555f,-0.6327738319736211f,-6.7715573121860935f,0f,0f,0f,1f], start_interpolation: 0, interpolation_duration: 1 }
$data merge entity $(bone_left_hand) { transformation: [-0.6541307584624529f,-0.34518298897870137f,-0.6730242603005229f,0.6198342963180737f,-0.707457262848052f,0.59402743928811f,0.38293031039126874f,4.358300089322234f,0.26761384881369393f,0.7266223953970457f,-0.6327738319736211f,-6.294471705860586f,0f,0f,0f,1f], start_interpolation: 0, interpolation_duration: 1 }
$data merge entity $(bone_left_forearm) { transformation: [-0.9846821095273192f,-0.5196140211468179f,-1.0131230489046361f,-0.1540352280620203f,-1.0649560519353394f,0.8942068301607048f,0.5764361650326967f,5.615322558929275f,0.40284693202317734f,1.0938058849443721f,-0.9525329051733247f,-4.702078155818114f,0f,0f,0f,1f], start_interpolation: 0, interpolation_duration: 1 }
$data merge entity $(bone_left_bicep) { transformation: [-1.4362368035831594f,0.37824250946682886f,-0.535780371150259f,0.2520754683486889f,-0.6537568108773235f,-0.9284463877695042f,1.0970385113174996f,4.1256553540524f,-0.05224973023073747f,1.2197639390941344f,1.001174338774631f,-2.885593203566763f,0f,0f,0f,1f], start_interpolation: 0, interpolation_duration: 1 }
$data merge entity $(bone_left_shoulder) { transformation: [-0.8542287109399955f,0.39388098382123293f,-0.33933918133603647f,0.13419878179000458f,-0.50988105544441f,-0.507201788226392f,0.6948148352754459f,3.875922820198758f,0.10156091130296313f,0.7665534010125895f,0.6340987814933441f,-2.6750302834763526f,0f,0f,0f,1f], start_interpolation: 0, interpolation_duration: 1 }
$data merge entity $(bone_left_arm) { transformation: [-0.7584254666030941f,0.9257004493437099f,-0.8410800385779557f,-0.06783705592507969f,-0.30634115717600674f,0.8161863638488063f,1.174538656872941f,3.7999954634687962f,1.2126384657553577f,0.7851526215670938f,-0.2293239059024929f,-2.3749417239723765f,0f,0f,0f,1f], start_interpolation: 0, interpolation_duration: 1 }
$data merge entity $(bone_chest) { transformation: [-1.070949840686639f,1.307153823814059f,-1.1876638812699107f,-0.12403316479722415f,-0.43257515460658535f,1.1525122702557207f,1.6585307889148926f,3.740105034163116f,1.712330385644638f,1.1086904541168603f,-0.3238214054070513f,-0.7051460175182037f,0f,0f,0f,1f], start_interpolation: 0, interpolation_duration: 1 }
$data merge entity $(bone_left_cheek) { transformation: [-0.9355288753409006f,0.15679640026934935f,-0.6266793946219565f,-1.8424774863854307f,-0.07977720066081315f,1.0664115728737291f,0.3859124342042924f,0.6894379410097226f,0.6410520829354605f,0.36153519535631906f,-0.866528118909337f,-3.8661001726160356f,0f,0f,0f,1f], start_interpolation: 0, interpolation_duration: 1 }
$data merge entity $(bone_left_foot) { transformation: [-0.613127124550691f,-0.040478061237982f,-0.9516920763033684f,-2.3960782705478274f,-0.23106156322761412f,1.1043141618935601f,0.10189179672640855f,-2.7406618422275884f,0.9241032602144705f,0.24926474038607732f,-0.6059549538218567f,-4.907348554873025f,0f,0f,0f,1f], start_interpolation: 0, interpolation_duration: 1 }
$data merge entity $(bone_left_knee) { transformation: [-1.6416470447390379f,2.268163599713721f,-1.3773133941158993f,0.5623669719755511f,-0.5701397488177551f,1.2802660227794838f,2.7879065439702617f,-1.2027803382744664f,2.5916209150829506f,1.718405108240742f,-0.259129767982207f,-2.736245555334743f,0f,0f,0f,1f], start_interpolation: 0, interpolation_duration: 1 }
$data merge entity $(bone_left_leg) { transformation: [-1.2535774414234633f,-1.6587935746787612f,-1.163758498573955f,-1.8277446511469875f,-0.43536418493074497f,1.5569861494860744f,-1.750325262581947f,0.7553699637911273f,1.9789866075540374f,-0.7082262173609721f,-1.122236160622521f,-3.724119300003598f,0f,0f,0f,1f], start_interpolation: 0, interpolation_duration: 1 }
$data merge entity $(bone_right_cheek) { transformation: [-0.9373339127879126f,0.1530420340073428f,-0.6249077717090544f,-3.248267358778307f,-0.06908692491136438f,1.0739323792894628f,0.3666370042668152f,0.4864651617674803f,0.6396550508842808f,0.34025553914425627f,-0.8761244405549129f,-2.8279360813054315f,0f,0f,0f,1f], start_interpolation: 0, interpolation_duration: 1 }
$data merge entity $(bone_right_foot) { transformation: [-1.0828632861321008f,0.006943748953175354f,-0.3326259765828043f,-2.6589376306243833f,0.017323414620059426f,1.1322136652722878f,-0.03276076733829135f,-2.733652476673307f,0.3322471297890932f,-0.03640264991957896f,-1.0823898762579693f,0.896308098730121f,0f,0f,0f,1f], start_interpolation: 0, interpolation_duration: 1 }
$data merge entity $(bone_right_knee) { transformation: [-3.0550682391122943f,0.11937587575110284f,-0.6235950407385701f,-2.517906517505752f,0.2267501184293242f,3.0677311777939154f,-0.5236154359462876f,1.197699623097396f,0.593047855014559f,-0.5579768286027571f,-3.012228314816594f,0.29986287863404737f,0f,0f,0f,1f], start_interpolation: 0, interpolation_duration: 1 }
$data merge entity $(bone_right_leg) { transformation: [-2.3328794327828666f,-0.4715578274682243f,-0.11266381627028904f,-3.0902005967892006f,0.17314856699192896f,-0.293161146642071f,-2.3582753197819364f,0.6014502861697926f,0.45285703471601135f,-2.31712669603917f,0.32129542271135275f,-2.8369901505819533f,0f,0f,0f,1f], start_interpolation: 0, interpolation_duration: 1 }
$data merge entity $(bone_weist) { transformation: [-1.7009851040463237f,0.3284984793622605f,-1.1678191153800224f,-1.9843787179693222f,-0.20738551690238768f,1.9028744709573726f,0.8373309122059255f,2.0822166213567317f,1.195284060200514f,0.7976343511993199f,-1.516620756351169f,-2.3616047141358187f,0f,0f,0f,1f], start_interpolation: 0, interpolation_duration: 1 }
data modify entity @s data merge value {"locators":{"consume":{"posx":-3.9696844931187814,"posy":2.4821597820936,"posz":3.6151541365079702,"roty":256.1881201377559,"rotx":20.270910714896996}},"cameras":{}}