# This file was generated by Animated Java via MC-Build. It is not recommended to edit this file directly.
$data merge entity $(bone_right_thumb_2) { transformation: [-0.5227620095635913f,0.5992567781371002f,-0.6063094879793474f,-5.480073296742503f,0.7918286605319894f,0.6048071260905573f,-0.08494535060965053f,1.2079804548112338f,0.3157962218221608f,-0.5244994319223075f,-0.7906788805804956f,0.087193187481649f,0f,0f,0f,1f], start_interpolation: 0, interpolation_duration: 1 }
$data merge entity $(bone_right_thumb) { transformation: [-0.5227620095635913f,0.5149907845546202f,-0.6793411316716019f,-5.409609388917953f,0.7918286605319894f,0.5885453241228704f,-0.16316180255568774f,1.4935295697467512f,0.3157962218221608f,-0.6232165701238395f,-0.7154535994779301f,-0.04483457681155173f,0f,0f,0f,1f], start_interpolation: 0, interpolation_duration: 1 }
$data merge entity $(bone_right_fingers2) { transformation: [0.4583447056211822f,-0.7591174355189056f,-0.46223462648338276f,-5.806216122947045f,-0.841880838317381f,-0.5375270240133265f,0.04797241425444909f,0.8878578382268607f,-0.28488029925401226f,0.3671585727537587f,-0.8854590885808149f,-0.061319155071790504f,0f,0f,0f,1f], start_interpolation: 0, interpolation_duration: 1 }
$data merge entity $(bone_right_fingers) { transformation: [-0.6679940130713592f,-0.5832007789608901f,-0.46223462648338276f,-6.054121958376542f,-0.6755518540884243f,0.7357501885207316f,0.04797241425444909f,1.2669943972967166f,0.3121116642141294f,0.34430874445927057f,-0.8854590885808149f,0.07945951999190018f,0f,0f,0f,1f], start_interpolation: 0, interpolation_duration: 1 }
$data merge entity $(bone_right_hand) { transformation: [-0.5227620095635913f,0.7162813912400654f,-0.46223462648338276f,-5.595285978601403f,0.7918286605319894f,0.6088563211716828f,0.04797241425444909f,1.7471735886006277f,0.3157962218221608f,-0.3409324694605683f,-0.8854590885808149f,-0.1670843638105599f,0f,0f,0f,1f], start_interpolation: 0, interpolation_duration: 1 }
$data merge entity $(bone_right_forearm) { transformation: [-0.7869289002213528f,1.078239269774248f,-0.6958152650887084f,-4.0152805483391445f,1.1919627777014024f,0.9165291785691014f,0.07221427437263796f,3.034576496745804f,0.47537726343203507f,-0.513215590142686f,-1.3329073919307841f,-0.915999139014818f,0f,0f,0f,1f], start_interpolation: 0, interpolation_duration: 1 }
$data merge entity $(bone_right_bicep) { transformation: [-0.3621890841053353f,1.3738957831386274f,0.6885735998956689f,-1.966294620283359f,1.4045135986984976f,0.008793698173869229f,0.721226996158538f,2.9824386394621074f,0.623750572320683f,0.7779699261480286f,-1.2241740789541722f,0.12881161571714142f,0f,0f,0f,1f], start_interpolation: 0, interpolation_duration: 1 }
$data merge entity $(bone_right_shoulder) { transformation: [-0.8687836184085156f,0.2913974638684529f,0.4003779994405792f,-1.6499195810853018f,0.4266820758980017f,0.8508408977990423f,0.3066140452423727f,3.03578764205789f,-0.25131142133293227f,0.43721537562573615f,-0.8635307086746064f,0.3668195483800642f,0f,0f,0f,1f], start_interpolation: 0, interpolation_duration: 1 }
$data merge entity $(bone_left_thumb_2) { transformation: [-0.4445103152372451f,-0.8327605104138676f,0.33003107723806746f,4.277131488734847f,-0.8862691665803765f,0.3553282559678172f,-0.2971006477269852f,1.623339661711439f,0.1301443199552323f,-0.4245606703477177f,-0.8959970385985023f,-3.086721256746142f,0f,0f,0f,1f], start_interpolation: 0, interpolation_duration: 1 }
$data merge entity $(bone_left_thumb) { transformation: [-0.4445103152372451f,-0.8008275015879772f,0.4013550701661097f,4.113190468398093f,-0.8862691665803765f,0.32808209705387037f,-0.3269389881333512f,1.8481697031819257f,0.1301443199552323f,-0.5010363762174284f,-0.8555845987921341f,-3.2495388976636663f,0f,0f,0f,1f], start_interpolation: 0, interpolation_duration: 1 }
$data merge entity $(bone_left_fingers2) { transformation: [-0.10621056690963471f,0.9940215673468681f,0.025306898782928133f,4.631166922267527f,0.981473199048508f,0.10888350800824292f,-0.15765386526598896f,1.2710288278363062f,-0.15946684616628493f,0.008093536501081425f,-0.9871701067398078f,-3.315150064438821f,0f,0f,0f,1f], start_interpolation: 0, interpolation_duration: 1 }
$data merge entity $(bone_left_fingers) { transformation: [-0.9139532126868293f,0.4050297345793436f,0.025306898782928133f,4.7799672090247824f,0.3964407155359494f,0.9044224775137103f,-0.15765386526598896f,1.7151047291779695f,-0.0867426312995356f,-0.13405557159084713f,-0.9871701067398078f,-3.3904862278967736f,0f,0f,0f,1f], start_interpolation: 0, interpolation_duration: 1 }
$data merge entity $(bone_left_hand) { transformation: [-0.4445103152372451f,-0.8954161828567067f,0.025306898782928133f,4.177157682834618f,-0.8862691665803765f,0.43551374620741673f,-0.15765386526598896f,2.0729531257647675f,0.1301443199552323f,-0.0925074934408345f,-0.9871701067398078f,-3.4927192897336274f,0f,0f,0f,1f], start_interpolation: 0, interpolation_duration: 1 }
$data merge entity $(bone_left_forearm) { transformation: [-0.6691343424108196f,-1.3478960963595341f,0.038095212855822895f,2.2140153990320117f,-1.3341268259707997f,0.6555915446502889f,-0.23732096162263017f,2.9810975936575197f,0.1959100407046099f,-0.13925422801171358f,-1.4860159541368796f,-3.6825685643179655f,0f,0f,0f,1f], start_interpolation: 0, interpolation_duration: 1 }
$data merge entity $(bone_left_bicep) { transformation: [-1.014284422623078f,-0.3432915541780455f,-1.1602940045086136f,1.592424127616877f,-1.2086584340295603f,0.3590565779661641f,0.95033011196788f,3.365537725889819f,0.05723685803592597f,1.498710592707509f,-0.4934517802510445f,-1.4133215665651442f,0f,0f,0f,1f], start_interpolation: 0, interpolation_duration: 1 }
$data merge entity $(bone_left_shoulder) { transformation: [-0.2379504342954844f,0.06133278628388347f,-0.9693388881837175f,1.5478969610657491f,-0.5582793028455667f,0.808032066177407f,0.18817119876149668f,3.4215512828401646f,0.7947979685636207f,0.5859372571835026f,-0.15803075590344906f,-1.07350130835102f,0f,0f,0f,1f], start_interpolation: 0, interpolation_duration: 1 }
data modify entity @s data merge value {"locators":{"consume":{"posx":-5.9793869742047265,"posy":1.096450713984165,"posz":0.024198367501302637,"roty":332.43417070156426,"rotx":2.749672219192097}},"cameras":{}}