# This file was generated by Animated Java via MC-Build. It is not recommended to edit this file directly.
$data merge entity $(bone_neck) { transformation: [-0.9800478947365202f,0.09696182941321974f,-0.17350656373565876f,-0.339197494359178f,0.011447122566495976f,0.8990243640878135f,0.43774896477484687f,4.67663557277944f,0.19843156857582453f,0.4270288004495062f,-0.8821968692866652f,0.9203073171211242f,0f,0f,0f,1f], start_interpolation: 0, interpolation_duration: 1 }
$data merge entity $(bone_right_thumb_2) { transformation: [-0.5927081115003372f,0.03324143350197406f,-0.8047310741237952f,-5.302920505114336f,0.4722816103311624f,0.8236893270194015f,-0.31382474901978286f,0.4694600791495054f,0.6524164123508143f,-0.5660661619042948f,-0.5039066632246817f,1.0233595203370764f,0f,0f,0f,1f], start_interpolation: 0, interpolation_duration: 1 }
$data merge entity $(bone_right_thumb) { transformation: [-0.5927081115003372f,0.03324143350197406f,-0.8047310741237952f,-5.380862195021259f,0.4722816103311624f,0.8236893270194015f,-0.31382474901978286f,0.775250670338052f,0.6524164123508143f,-0.5660661619042948f,-0.5039066632246817f,0.9573898515063378f,0f,0f,0f,1f], start_interpolation: 0, interpolation_duration: 1 }
$data merge entity $(bone_right_fingers2) { transformation: [0.30973353606131937f,-0.5910097255867351f,-0.7448306122205524f,-5.680504933658666f,-0.8923915615791841f,-0.45106936974015704f,-0.013180459190880456f,0.044318340017158675f,-0.3281804952479907f,0.6687629833835818f,-0.6671234028234013f,1.0532504643212668f,0f,0f,0f,1f], start_interpolation: 0, interpolation_duration: 1 }
$data merge entity $(bone_right_fingers) { transformation: [-0.4705173227545227f,-0.47311817560422775f,-0.7448306122205524f,-5.887947941421f,-0.6985398218800425f,0.7154497835231455f,-0.013180459190880456f,0.41444720714838257f,0.5391248150806214f,0.5140922088201796f,-0.6671234028234013f,1.2653647949608735f,0f,0f,0f,1f], start_interpolation: 0, interpolation_duration: 1 }
$data merge entity $(bone_right_hand) { transformation: [-0.5123261048480813f,0.42749189628617457f,-0.7448306122205524f,-5.640342639884528f,0.6518455240818725f,0.7582372242444619f,-0.013180459190880456f,0.9894128175684744f,0.559123756448983f,-0.49226719409250075f,-0.6671234028234013f,0.9337135320005547f,0f,0f,0f,1f], start_interpolation: 0, interpolation_duration: 1 }
$data merge entity $(bone_right_forearm) { transformation: [-0.7712194284725413f,0.6435160199932202f,-1.121215244801787f,-4.686182824413346f,0.9812420795615615f,1.1413966089075622f,-0.01984092965009208f,2.6074684852600045f,0.8416652983588838f,-0.7410241650606023f,-1.0042403160359814f,-0.15540154496305036f,0f,0f,0f,1f], start_interpolation: 0, interpolation_duration: 1 }
$data merge entity $(bone_right_bicep) { transformation: [-0.8089082714372698f,1.3532585880263603f,0.08522183040578636f,-2.6607111088832656f,1.029194552336041f,0.5481616769244698f,1.0645099846584873f,3.377789595420007f,0.8827967715655897f,0.60092772271605f,-1.1629530902960437f,0.6171014774037362f,0f,0f,0f,1f], start_interpolation: 0, interpolation_duration: 1 }
$data merge entity $(bone_right_shoulder) { transformation: [-0.6533753757336539f,0.75510743944108f,0.053975673091143817f,-2.277822120190648f,0.5816551877477554f,0.45509827209180914f,0.6742127300082468f,3.264197144696485f,0.4845388126363356f,0.4719092260591915f,-0.7365621639815506f,0.6260365203574266f,0f,0f,0f,1f], start_interpolation: 0, interpolation_duration: 1 }
$data merge entity $(bone_right_arm) { transformation: [-1.2951953915484358f,0.2712140723956186f,-0.6232639619357442f,-1.9442762095234425f,-0.09116934825976832f,1.2597981926587927f,0.7376603590495365f,3.3372884668778555f,0.6735749321724686f,0.6920242642493007f,-1.098610654436152f,0.4750259797803864f,0f,0f,0f,1f], start_interpolation: 0, interpolation_duration: 1 }
$data merge entity $(bone_left_thumb_2) { transformation: [-0.9387446136075853f,-0.2829465944589613f,-0.19672258413009241f,2.2840036054318618f,-0.19512779626399243f,0.9069460180638959f,-0.37332835874495457f,0.3422198341385883f,0.2840487520618653f,-0.3120739415621235f,-0.9066014347275085f,-3.3100974770597533f,0f,0f,0f,1f], start_interpolation: 0, interpolation_duration: 1 }
$data merge entity $(bone_left_thumb) { transformation: [-0.9387446136075853f,-0.2829465944589613f,-0.19672258413009241f,2.341439386529239f,-0.19512779626399243f,0.9069460180638959f,-0.37332835874495457f,0.630972866057124f,0.2840487520618653f,-0.3120739415621235f,-0.9066014347275085f,-3.4414656904837475f,0f,0f,0f,1f], start_interpolation: 0, interpolation_duration: 1 }
$data merge entity $(bone_left_fingers2) { transformation: [0.655062437902897f,0.7011251735180579f,-0.2816321954393467f,2.348275499901758f,0.7219077036631446f,-0.6907961169052325f,-0.04062009675589001f,-0.15143634303587777f,-0.22303019939128987f,-0.17670375187846382f,-0.958662252428641f,-3.586469816273779f,0f,0f,0f,1f], start_interpolation: 0, interpolation_duration: 1 }
$data merge entity $(bone_left_fingers) { transformation: [-0.4716938884656547f,0.8355765566817704f,-0.2816321954393467f,2.718404039230035f,0.8759057994018937f,0.48076921523083355f,-0.04062009675589001f,0.11596349713769438f,0.1014588890057445f,-0.2658435246722482f,-0.958662252428641f,-3.715010311316702f,0f,0f,0f,1f], start_interpolation: 0, interpolation_duration: 1 }
$data merge entity $(bone_left_hand) { transformation: [-0.873507766814892f,-0.3970736553916337f,-0.2816321954393467f,2.484795562561351f,-0.40259952269483207f,0.9144745114356307f,-0.04062009675589001f,0.7847069448005015f,0.2736746346301637f,0.07790301745433631f,-0.958662252428641f,-3.70522871765871f,0f,0f,0f,1f], start_interpolation: 0, interpolation_duration: 1 }
$data merge entity $(bone_left_forearm) { transformation: [-1.3149167186963227f,-0.5977265547759752f,-0.42394915806721567f,1.586699059240765f,-0.6060448039986095f,1.3765851542373055f,-0.0611466163994633f,2.7528223199025406f,0.4119704096856289f,0.1172696843453549f,-1.4431022495631962f,-3.51910701261488f,0f,0f,0f,1f], start_interpolation: 0, interpolation_duration: 1 }
$data merge entity $(bone_left_bicep) { transformation: [-1.4032370471383606f,-0.20595546504370915f,-0.6938388098121113f,1.1194823965070464f,-0.719923791344485f,0.5528472119670598f,1.2918877090989276f,3.482384080803329f,0.07442904163725261f,1.4645294345568207f,-0.5852503832737589f,-1.2980486865289185f,0f,0f,0f,1f], start_interpolation: 0, interpolation_duration: 1 }
$data merge entity $(bone_left_shoulder) { transformation: [-0.8978963205375075f,0.02586812956755863f,-0.4394462850427586f,0.9017866861275952f,-0.3882375126086219f,0.4240069046266887f,0.818223550524161f,3.4880111456454013f,0.20749417189086453f,0.9052894480228795f,-0.37067126126765515f,-1.0275400751324146f,0f,0f,0f,1f], start_interpolation: 0, interpolation_duration: 1 }
$data merge entity $(bone_left_arm) { transformation: [-1.2951953915484358f,0.2712140723956186f,-0.6232639619357442f,0.5694858853704248f,-0.09116934825976832f,1.2597981926587927f,0.7376603590495365f,3.4612194868743247f,0.6735749321724686f,0.6920242642493007f,-1.098610654436152f,-0.8678686262041739f,0f,0f,0f,1f], start_interpolation: 0, interpolation_duration: 1 }
$data merge entity $(bone_chest) { transformation: [-1.828906542985021f,0.3829732523684713f,-0.8800923362059551f,-0.42151777869069057f,-0.1287375006427629f,1.778923220719479f,1.041628055480867f,3.9449106116873613f,0.9511349474214451f,0.9771866955740404f,-1.5513151353088297f,0.3886810946831931f,0f,0f,0f,1f], start_interpolation: 0, interpolation_duration: 1 }
$data merge entity $(bone_left_cheek) { transformation: [-1.0709330762481841f,0.048033964484216304f,-0.37857830871737563f,-0.368927375059836f,-0.0005916842697382587f,1.1276408635360173f,0.1447486931590366f,-0.5148123929519438f,0.3816129550802808f,0.13654769319711357f,-1.0621924173026376f,-2.0868148187647133f,0f,0f,0f,1f], start_interpolation: 0, interpolation_duration: 1 }
$data merge entity $(bone_left_foot) { transformation: [-0.9795368557076413f,-0.05615342845455661f,-0.5662468482766034f,-0.44477228093550825f,-0.10284392562414438f,1.1261964955511754f,0.06622486519780406f,-5.620968321064804f,0.5596533102489463f,0.10867105539678396f,-0.9789075167993888f,-3.1367815655306153f,0f,0f,0f,1f], start_interpolation: 0, interpolation_duration: 1 }
$data merge entity $(bone_left_knee) { transformation: [-2.704632971902627f,0.9528325877078738f,-1.2302982838632497f,0.8435698952318841f,-0.30605528968785173f,2.0930997742756112f,2.2938672182058064f,-3.032217533023818f,1.5257306338698933f,2.1089349717113324f,-1.720785471272253f,-0.40370458118862795f,0f,0f,0f,1f], start_interpolation: 0, interpolation_duration: 1 }
$data merge entity $(bone_left_leg) { transformation: [-2.065283698936755f,-0.8178498199628527f,-0.862039026342363f,-0.4064427314872391f,-0.2337067570100019f,1.974373320343358f,-1.3132469347722295f,-0.46468892483847735f,1.1650625574098705f,-1.053735276028812f,-1.7915517222281077f,-1.9425827411037324f,0f,0f,0f,1f], start_interpolation: 0, interpolation_duration: 1 }
$data merge entity $(bone_right_cheek) { transformation: [-1.1158480017756838f,-0.11592713688362366f,-0.1843111153592145f,-2.0451465413539047f,-0.13152026687844412f,1.1258158477688833f,0.08813369214114612f,-0.6246444106472864f,0.17352840606429504f,0.10782405679704808f,-1.1183864790144726f,-1.6182783781445265f,0f,0f,0f,1f], start_interpolation: 0, interpolation_duration: 1 }
$data merge entity $(bone_right_foot) { transformation: [-1.1292707077136916f,-0.049900360791225284f,-0.07442294735310691f,-2.064567229907064f,-0.0511299680391308f,1.1315357414212375f,0.01713898055917472f,-5.70831252313493f,0.07358360869198534f,0.02044437035459522f,-1.1302427317406953f,1.3199526720139594f,0f,0f,0f,1f], start_interpolation: 0, interpolation_duration: 1 }
$data merge entity $(bone_right_knee) { transformation: [-3.1174487618129474f,0.11666842691149644f,-0.06682077379598618f,-1.9476764029977427f,0.11525387397792886f,3.117516477254244f,0.06611262178392373f,-1.7359178703269111f,0.06923208924896904f,0.06358311401670413f,-3.118930493872529f,1.513816708754034f,0f,0f,0f,1f], start_interpolation: 0, interpolation_duration: 1 }
$data merge entity $(bone_right_leg) { transformation: [-2.380513798703571f,-0.010823401347650918f,-0.10209444749645562f,-1.8915837708767436f,0.08800896448381286f,1.0049736754993461f,-2.158626577657253f,-0.5494520071380016f,0.05286628790473019f,-2.1603928192764035f,-1.0036405681650038f,-1.5047977224014635f,0f,0f,0f,1f], start_interpolation: 0, interpolation_duration: 1 }
$data merge entity $(bone_weist) { transformation: [-2.001022526076614f,-0.01073762343038165f,-0.6007134216536283f,-1.0514622578544324f,-0.11420655181056501f,2.0576501392198874f,0.34365073762425746f,1.110338363404242f,0.5898548762494749f,0.36197191795665973f,-1.9713220480056706f,-1.0795988871524593f,0f,0f,0f,1f], start_interpolation: 0, interpolation_duration: 1 }
data modify entity @s data merge value {"locators":{"consume":{"posx":-5.807878818834143,"posy":0.2656391447382229,"posz":1.1696080358184122,"roty":311.8498916465477,"rotx":-0.7552065510722441}},"cameras":{}}
execute on vehicle unless entity @s[tag=aj.transforms_only] at @s run function animated_java:attack/animations/kick_3/zzz/frames/zzz/5