# This file was generated by Animated Java via MC-Build. It is not recommended to edit this file directly.
$data merge entity $(bone_neck) {transformation: [-1f,0f,0f,0f,0f,0.0436f,-0.999f,0.3555f,0f,-0.999f,-0.0436f,-0.2297f,0f,0f,0f,1f],start_interpolation: 0,interpolation_duration: 1}
$data merge entity $(bone_left_fingers_2) {transformation: [-0.9809f,0.1055f,-0.1631f,3.4805f,0.1811f,0.8009f,-0.5707f,2.2713f,0.0705f,-0.5894f,-0.8048f,1.5023f,0f,0f,0f,1f],start_interpolation: 0,interpolation_duration: 1}
$data merge entity $(bone_left_fingers) {transformation: [-0.9809f,0.0013f,-0.1943f,3.3821f,0.1811f,0.3688f,-0.9117f,1.7455f,0.0705f,-0.9295f,-0.3621f,1.2873f,0f,0f,0f,1f],start_interpolation: 0,interpolation_duration: 1}
$data merge entity $(bone_left_index_finger_2) {transformation: [-0.9423f,-0.2657f,0.2036f,2.7449f,-0.3335f,0.6925f,-0.6397f,2.2132f,0.029f,-0.6707f,-0.7412f,1.4675f,0f,0f,0f,1f],start_interpolation: 0,interpolation_duration: 1}
$data merge entity $(bone_left_index_finger) {transformation: [-0.9423f,-0.1147f,0.3145f,2.9254f,-0.3335f,0.2404f,-0.9116f,1.6892f,0.029f,-0.9639f,-0.2648f,1.3094f,0f,0f,0f,1f],start_interpolation: 0,interpolation_duration: 1}
$data merge entity $(bone_left_thumb) {transformation: [-0.3294f,0.7492f,0.5747f,2.9576f,0.0137f,0.6124f,-0.7904f,0.9198f,-0.9441f,-0.2525f,-0.212f,1.5755f,0f,0f,0f,1f],start_interpolation: 0,interpolation_duration: 1}
$data merge entity $(bone_left_hand) {transformation: [-0.9913f,-0.0473f,0.1224f,3.3593f,-0.1222f,-0.0084f,-0.9925f,1.0223f,0.048f,-0.9988f,0.0025f,1.4113f,0f,0f,0f,1f],start_interpolation: 0,interpolation_duration: 1}
$data merge entity $(bone_left_forearm) {transformation: [-1.9882f,-0.213f,0.0836f,3.3321f,-0.1328f,0.4787f,-1.9387f,-0.7409f,0.1863f,-1.9315f,-0.4896f,0.0346f,0f,0f,0f,1f],start_interpolation: 0,interpolation_duration: 1}
$data merge entity $(bone_left_bicep) {transformation: [-0.8738f,-0.8892f,-0.332f,1.7354f,-0.0964f,0.532f,-1.1714f,-0.1365f,0.9443f,-0.7686f,-0.4268f,-0.3635f,0f,0f,0f,1f],start_interpolation: 0,interpolation_duration: 1}
$data merge entity $(bone_left_shoulder) {transformation: [-0.835f,-0.8497f,-0.3172f,1.387f,-0.0921f,0.5084f,-1.1193f,-0.0951f,0.9023f,-0.7344f,-0.4078f,-0.1287f,0f,0f,0f,1f],start_interpolation: 0,interpolation_duration: 1}
$data merge entity $(bone_right_fingers_2) {transformation: [-0.9216f,-0.3187f,0.2218f,-3.1584f,-0.0976f,-0.3627f,-0.9268f,4.4494f,0.3758f,-0.8757f,0.3031f,-1.1673f,0f,0f,0f,1f],start_interpolation: 0,interpolation_duration: 1}
$data merge entity $(bone_right_fingers) {transformation: [-0.9216f,-0.1496f,0.3583f,-2.9654f,-0.0976f,-0.8038f,-0.5868f,4.1052f,0.3758f,-0.5757f,0.7262f,-0.747f,0f,0f,0f,1f],start_interpolation: 0,interpolation_duration: 1}
$data merge entity $(bone_right_index_finger_2) {transformation: [-0.9537f,-0.1705f,-0.2478f,-2.4482f,0.2977f,-0.4167f,-0.8589f,4.3354f,0.0432f,-0.8929f,0.4482f,-1.3252f,0f,0f,0f,1f],start_interpolation: 0,interpolation_duration: 1}
$data merge entity $(bone_right_index_finger) {transformation: [-0.9537f,-0.277f,-0.1174f,-2.5175f,0.2977f,-0.8129f,-0.5005f,4.0422f,0.0432f,-0.5123f,0.8577f,-0.8338f,0f,0f,0f,1f],start_interpolation: 0,interpolation_duration: 1}
$data merge entity $(bone_right_thumb) {transformation: [-0.0496f,-0.7011f,-0.7113f,-2.3737f,0.6689f,0.5056f,-0.545f,3.6171f,0.7417f,-0.5028f,0.4439f,-0.1812f,0f,0f,0f,1f],start_interpolation: 0,interpolation_duration: 1}
$data merge entity $(bone_right_hand) {transformation: [-0.9725f,-0.2296f,0.0393f,-2.7969f,0.1367f,-0.6992f,-0.7017f,3.6689f,0.1886f,-0.677f,0.7114f,-0.1811f,0f,0f,0f,1f],start_interpolation: 0,interpolation_duration: 1}
$data merge entity $(bone_right_forearm) {transformation: [-1.9841f,-0.1102f,-0.2374f,-3.0736f,0.2521f,-1.2912f,-1.5081f,1.5398f,-0.0701f,-1.5251f,1.294f,0.4476f,0f,0f,0f,1f],start_interpolation: 0,interpolation_duration: 1}
$data merge entity $(bone_right_bicep) {transformation: [-1.1254f,0.4061f,-0.4827f,-1.7791f,0.087f,-0.878f,-0.9413f,0.4676f,-0.6248f,-0.8537f,0.7385f,-0.2322f,0f,0f,0f,1f],start_interpolation: 0,interpolation_duration: 1}
$data merge entity $(bone_right_shoulder) {transformation: [-1.0754f,0.388f,-0.4613f,-1.3795f,0.0831f,-0.8389f,-0.8995f,0.3792f,-0.597f,-0.8157f,0.7057f,-0.1286f,0f,0f,0f,1f],start_interpolation: 0,interpolation_duration: 1}
$data merge entity $(bone_chest) {transformation: [-4.0235f,0.5968f,0f,0f,0.1036f,0.6987f,-4.0057f,0.391f,-0.5878f,-3.9623f,-0.7063f,-0.0591f,0f,0f,0f,1f],start_interpolation: 0,interpolation_duration: 1}
$data merge entity $(bone_weist) {transformation: [-1.0997f,0.024f,0f,0f,-0.0021f,-0.0936f,-1.096f,-2.0526f,-0.0239f,-1.0958f,0.0936f,-0.6752f,0f,0f,0f,1f],start_interpolation: 0,interpolation_duration: 1}
$data merge entity $(bone_right_fingers2) {transformation: [-1f,0.0005f,-0.001f,0.7468f,0.0011f,0.2835f,-0.959f,-3.5513f,-0.0002f,-0.959f,-0.2835f,1.4004f,0f,0f,0f,1f],start_interpolation: 0,interpolation_duration: 1}
$data merge entity $(bone_left_foot) {transformation: [-1f,0.0007f,-0.001f,0.7525f,0.0011f,0.4239f,-0.9057f,-2.9563f,-0.0002f,-0.9057f,-0.4239f,0.6018f,0f,0f,0f,1f],start_interpolation: 0,interpolation_duration: 1}
$data merge entity $(bone_left_knee) {transformation: [-1.585f,-0.0006f,-0.0018f,0.771f,0.0018f,-0.744f,-1.3995f,-0.9218f,-0.0003f,-1.3995f,0.744f,0.1805f,0f,0f,0f,1f],start_interpolation: 0,interpolation_duration: 1}
$data merge entity $(bone_left_thigh) {transformation: [-1.6037f,-0.0011f,-0.0015f,0.7385f,0.0018f,-1.1682f,-1.0987f,-2.8073f,-0.0003f,-1.0987f,1.1682f,-0.2032f,0f,0f,0f,1f],start_interpolation: 0,interpolation_duration: 1}
$data merge entity $(bone_left_leg) {transformation: [-1f,0f,0f,0.5257f,0f,-0.0872f,-0.9962f,-3.1243f,0f,-0.9962f,0.0872f,-0.427f,0f,0f,0f,1f],start_interpolation: 0,interpolation_duration: 1}
$data merge entity $(bone_left_fingers2) {transformation: [-0.9997f,-0.0159f,0.0189f,-0.7149f,-0.018f,-0.0563f,-0.9983f,-7.5234f,0.017f,-0.9983f,0.056f,1.3214f,0f,0f,0f,1f],start_interpolation: 0,interpolation_duration: 1}
$data merge entity $(bone_right_foot) {transformation: [-1f,-0.0047f,0.0049f,-0.7253f,-0.0067f,0.55f,-0.8351f,-6.8196f,0.0012f,-0.8351f,-0.55f,0.6169f,0f,0f,0f,1f],start_interpolation: 0,interpolation_duration: 1}
$data merge entity $(bone_right_knee) {transformation: [-1.585f,0.0007f,0.0107f,-0.7551f,-0.0106f,-0.3892f,-1.5364f,-4.747f,0.002f,-1.5365f,0.3892f,0.6614f,0f,0f,0f,1f],start_interpolation: 0,interpolation_duration: 1}
$data merge entity $(bone_right_thigh) {transformation: [-1.6036f,-0.0105f,-0.0029f,-0.7385f,-0.0107f,1.5979f,0.1349f,-2.8463f,0.002f,0.1349f,-1.598f,-0.1806f,0f,0f,0f,1f],start_interpolation: 0,interpolation_duration: 1}
$data merge entity $(bone_right_leg) {transformation: [-1f,0f,0f,-0.5257f,0f,-0.0872f,-0.9962f,-3.1764f,0f,-0.9962f,0.0872f,-0.3749f,0f,0f,0f,1f],start_interpolation: 0,interpolation_duration: 1}