# This file was generated by Animated Java via MC-Build. It is not recommended to edit this file directly.
$data merge entity $(bone_neck) {transformation: [-1f,0f,0f,0f,0f,0.0436f,-0.999f,0.3555f,0f,-0.999f,-0.0436f,-0.1985f,0f,0f,0f,1f],start_interpolation: 0,interpolation_duration: 1}
$data merge entity $(bone_left_fingers_2) {transformation: [-0.9876f,0.1334f,-0.0832f,2.5107f,0.151f,0.6568f,-0.7388f,4.6693f,-0.044f,-0.7421f,-0.6688f,1.169f,0f,0f,0f,1f],start_interpolation: 0,interpolation_duration: 1}
$data merge entity $(bone_left_fingers) {transformation: [-0.9876f,0.0679f,-0.1418f,2.443f,0.151f,0.157f,-0.976f,4.1056f,-0.044f,-0.9853f,-0.1653f,1.0687f,0f,0f,0f,1f],start_interpolation: 0,interpolation_duration: 1}
$data merge entity $(bone_left_index_finger_2) {transformation: [-0.9331f,-0.2272f,0.2788f,1.782f,-0.3582f,0.5179f,-0.7768f,4.5744f,0.0321f,-0.8247f,-0.5646f,1.0937f,0f,0f,0f,1f],start_interpolation: 0,interpolation_duration: 1}
$data merge entity $(bone_left_index_finger) {transformation: [-0.9331f,-0.0418f,0.3572f,1.9876f,-0.3582f,0.0194f,-0.9335f,4.0365f,0.0321f,-0.9989f,-0.0331f,1.0688f,0f,0f,0f,1f],start_interpolation: 0,interpolation_duration: 1}
$data merge entity $(bone_left_thumb) {transformation: [-0.2518f,0.752f,0.6092f,2.0168f,-0.2062f,0.5733f,-0.793f,3.3456f,-0.9456f,-0.3253f,0.0107f,1.4998f,0f,0f,0f,1f],start_interpolation: 0,interpolation_duration: 1}
$data merge entity $(bone_left_hand) {transformation: [-0.9887f,0.0343f,0.1461f,2.4279f,-0.15f,-0.2279f,-0.962f,3.4265f,0.0003f,-0.9731f,0.2305f,1.3472f,0f,0f,0f,1f],start_interpolation: 0,interpolation_duration: 1}
$data merge entity $(bone_left_forearm) {transformation: [-1.9769f,0.1402f,0.2782f,2.76f,-0.3077f,-0.5995f,-1.8845f,1.2271f,-0.0487f,-1.9043f,0.6137f,1.1078f,0f,0f,0f,1f],start_interpolation: 0,interpolation_duration: 1}
$data merge entity $(bone_left_bicep) {transformation: [-1.2691f,-0.0323f,0.2296f,1.8911f,-0.1802f,-0.6664f,-1.0899f,0.3453f,0.1459f,-1.1043f,0.651f,-0.1888f,0f,0f,0f,1f],start_interpolation: 0,interpolation_duration: 1}
$data merge entity $(bone_left_shoulder) {transformation: [-1.2127f,-0.0308f,0.2194f,1.4854f,-0.1722f,-0.6367f,-1.0415f,0.2498f,0.1394f,-1.0552f,0.6221f,-0.2564f,0f,0f,0f,1f],start_interpolation: 0,interpolation_duration: 1}
$data merge entity $(bone_right_fingers_2) {transformation: [-0.8705f,-0.0197f,0.4917f,-4.0138f,-0.4921f,0.0386f,-0.8697f,2.9735f,-0.0018f,-0.9991f,-0.0433f,-2.0265f,0f,0f,0f,1f],start_interpolation: 0,interpolation_duration: 1}
$data merge entity $(bone_right_fingers) {transformation: [-0.8705f,0.2476f,0.4253f,-3.7792f,-0.4921f,-0.4347f,-0.7542f,2.5296f,-0.0018f,-0.8658f,0.5003f,-1.7432f,0f,0f,0f,1f],start_interpolation: 0,interpolation_duration: 1}
$data merge entity $(bone_right_index_finger_2) {transformation: [-1f,0.0031f,-0.0089f,-3.3233f,0.0091f,0.0454f,-0.9989f,3.1277f,-0.0027f,-0.999f,-0.0454f,-2.0243f,0f,0f,0f,1f],start_interpolation: 0,interpolation_duration: 1}
$data merge entity $(bone_right_index_finger) {transformation: [-1f,-0.0022f,-0.0092f,-3.3286f,0.0091f,-0.4985f,-0.8669f,2.6252f,-0.0027f,-0.8669f,0.4985f,-1.7421f,0f,0f,0f,1f],start_interpolation: 0,interpolation_duration: 1}
$data merge entity $(bone_right_thumb) {transformation: [-0.2813f,-0.7048f,-0.6513f,-3.0995f,-0.0325f,0.6853f,-0.7276f,1.9034f,0.9591f,-0.1835f,-0.2156f,-1.5401f,0f,0f,0f,1f],start_interpolation: 0,interpolation_duration: 1}
$data merge entity $(bone_right_hand) {transformation: [-0.9782f,0.0203f,0.2066f,-3.5195f,-0.2076f,-0.0839f,-0.9746f,1.8665f,-0.0025f,-0.9963f,0.0863f,-1.5648f,0f,0f,0f,1f],start_interpolation: 0,interpolation_duration: 1}
$data merge entity $(bone_right_forearm) {transformation: [-1.6735f,1.0442f,-0.3382f,-3.3769f,-0.6022f,-1.3891f,-1.3089f,-0.0968f,-0.9177f,-0.9927f,1.4757f,-0.5019f,0f,0f,0f,1f],start_interpolation: 0,interpolation_duration: 1}
$data merge entity $(bone_right_bicep) {transformation: [-0.7673f,1.0338f,0.0836f,-1.6441f,0.1528f,0.2155f,-1.2628f,0.104f,-1.0259f,-0.7412f,-0.2505f,-0.7889f,0f,0f,0f,1f],start_interpolation: 0,interpolation_duration: 1}
$data merge entity $(bone_right_shoulder) {transformation: [-0.7332f,0.9878f,0.0798f,-1.311f,0.146f,0.2059f,-1.2067f,0.1008f,-0.9802f,-0.7082f,-0.2394f,-0.5294f,0f,0f,0f,1f],start_interpolation: 0,interpolation_duration: 1}
$data merge entity $(bone_chest) {transformation: [-3.8966f,1.1666f,0f,0f,0.2026f,0.6766f,-4.0057f,0.391f,-1.1488f,-3.8374f,-0.7063f,-0.0591f,0f,0f,0f,1f],start_interpolation: 0,interpolation_duration: 1}
$data merge entity $(bone_weist) {transformation: [-1.0935f,0.1198f,0f,0f,-0.0104f,-0.095f,-1.0958f,-2.0526f,-0.1193f,-1.0893f,0.0955f,-0.6752f,0f,0f,0f,1f],start_interpolation: 0,interpolation_duration: 1}
$data merge entity $(bone_right_fingers2) {transformation: [-1f,0.0015f,0.0052f,0.7343f,0.0053f,0.4502f,0.8929f,-5.3226f,-0.001f,0.8929f,-0.4502f,0.3839f,0f,0f,0f,1f],start_interpolation: 0,interpolation_duration: 1}
$data merge entity $(bone_left_foot) {transformation: [-1f,0.0054f,-0.0004f,0.7444f,0.0053f,0.9668f,-0.2556f,-4.3283f,-0.001f,-0.2556f,-0.9668f,0.3282f,0f,0f,0f,1f],start_interpolation: 0,interpolation_duration: 1}
$data merge entity $(bone_left_knee) {transformation: [-1.585f,0.0053f,-0.0067f,0.767f,0.0084f,0.7412f,-1.401f,-2.8383f,-0.0016f,-1.401f,-0.7412f,1.7761f,0f,0f,0f,1f],start_interpolation: 0,interpolation_duration: 1}
$data merge entity $(bone_left_thigh) {transformation: [-1.6036f,0.0059f,-0.0064f,0.7385f,0.0085f,0.8571f,-1.3554f,-2.8344f,-0.0016f,-1.3554f,-0.8571f,-0.1241f,0f,0f,0f,1f],start_interpolation: 0,interpolation_duration: 1}
$data merge entity $(bone_left_leg) {transformation: [-1f,0f,0f,0.5257f,0f,-0.0872f,-0.9962f,-3.1556f,0f,-0.9962f,0.0872f,-0.3958f,0f,0f,0f,1f],start_interpolation: 0,interpolation_duration: 1}
$data merge entity $(bone_left_fingers2) {transformation: [-0.9992f,-0.0254f,0.0322f,-0.7422f,-0.0393f,0.3645f,-0.9304f,-5.1209f,0.0119f,-0.9308f,-0.3652f,0.8955f,0f,0f,0f,1f],start_interpolation: 0,interpolation_duration: 1}
$data merge entity $(bone_right_foot) {transformation: [-1f,-0.0023f,0.0004f,-0.7493f,-0.0023f,0.9421f,-0.3352f,-4.1347f,0.0004f,-0.3352f,-0.9421f,0.7573f,0f,0f,0f,1f],start_interpolation: 0,interpolation_duration: 1}
$data merge entity $(bone_right_knee) {transformation: [-1.585f,-0.0012f,0.0035f,-0.7694f,-0.0036f,0.2091f,-1.5712f,-2.2267f,0.0007f,-1.5712f,-0.2091f,1.5681f,0f,0f,0f,1f],start_interpolation: 0,interpolation_duration: 1}
$data merge entity $(bone_right_thigh) {transformation: [-1.6036f,-0.0014f,0.0035f,-0.7385f,-0.0037f,0.3265f,-1.5701f,-2.8332f,0.0007f,-1.5701f,-0.3265f,-0.4202f,0f,0f,0f,1f],start_interpolation: 0,interpolation_duration: 1}
$data merge entity $(bone_right_leg) {transformation: [-1f,0f,0f,-0.5257f,0f,-0.0872f,-0.9962f,-3.1452f,0f,-0.9962f,0.0872f,-0.4062f,0f,0f,0f,1f],start_interpolation: 0,interpolation_duration: 1}