# This file was generated by Animated Java via MC-Build. It is not recommended to edit this file directly.
$data merge entity $(bone_neck) { transformation: [-1.0489695833333332f,0f,1.2846172426320994e-16f,-4.129509006724875e-17f,0f,1.0489695833333332f,0f,4.5188875f,-1.2846172426320994e-16f,0f,-1.0489695833333332f,0.3372f,0f,0f,0f,1f], start_interpolation: 0, interpolation_duration: 1 }
$data merge entity $(bone_right_thumb_2) { transformation: [-0.9871921313264286f,-0.13453728613102486f,-0.08574039006023879f,-2.4513142616249604f,-0.07599686757216706f,0.8691136559537586f,-0.4887391217755236f,-1.4263233061166412f,0.1402717789378949f,-0.4759634142191923f,-0.8682065747035136f,-0.8344257160570498f,0f,0f,0f,1f], start_interpolation: 0, interpolation_duration: 1 }
$data merge entity $(bone_right_thumb) { transformation: [-0.9871921313264286f,-0.13453728613102486f,-0.08574039006023879f,-2.6355626285477505f,-0.07599686757216706f,0.8691136559537586f,-0.4887391217755236f,-1.1884256780307323f,0.1402717789378949f,-0.4759634142191923f,-0.8682065747035136f,-0.9501497314039457f,0f,0f,0f,1f], start_interpolation: 0, interpolation_duration: 1 }
$data merge entity $(bone_right_fingers2) { transformation: [0.8643540100626785f,-0.4866915014328563f,-0.12658407372809147f,-2.478404493855173f,-0.5020649559591923f,-0.8495195613541229f,-0.1620101690462446f,-1.965870027070282f,-0.028686674367398524f,0.20358756668748348f,-0.978636386715724f,-1.0143268633290365f,0f,0f,0f,1f], start_interpolation: 0, interpolation_duration: 1 }
$data merge entity $(bone_right_fingers) { transformation: [-0.20424967105099762f,-0.9707000278942821f,-0.12658407372809147f,-2.928087793414182f,-0.961175049640412f,0.22337239998343267f,-0.1620101690462446f,-1.8169752435420738f,0.1855386639606707f,0.0885789296146719f,-0.978636386715724f,-0.9891129276619095f,0f,0f,0f,1f], start_interpolation: 0, interpolation_duration: 1 }
$data merge entity $(bone_right_hand) { transformation: [-0.984807753012208f,0.11887035747168793f,-0.12658407372809147f,-2.9095288648974553f,0.13875047520159672f,0.9769856758197318f,-0.1620101690462446f,-1.1241982352203108f,0.10441262011067852f,-0.1771124709262869f,-0.978636386715724f,-1.1360890537877184f,0f,0f,0f,1f], start_interpolation: 0, interpolation_duration: 1 }
$data merge entity $(bone_right_forearm) { transformation: [-1.4824598341687394f,0.17893901615422475f,-0.19055069821837978f,-2.608370001000596f,0.20886513720982355f,1.4706850332269867f,-0.24387863276190913f,0.9916467154396125f,0.1571753624206909f,-0.26661256826574165f,-1.4731698964844582f,-1.5197558774008415f,0f,0f,0f,1f], start_interpolation: 0, interpolation_duration: 1 }
$data merge entity $(bone_right_bicep) { transformation: [-1.554906395845955f,0.27417195006379835f,1.5449978944503114e-16f,-2.107345625f,0.21907220029263305f,1.2424201867032594f,0.9493701115874813f,2.821022682417615f,0.16485638980861625f,0.9349470463694166f,-1.2615865207225454f,-0.2178152686045578f,0f,0f,0f,1f], start_interpolation: 0, interpolation_duration: 1 }
$data merge entity $(bone_right_shoulder) { transformation: [-1f,-7.363658100368452e-17f,9.78532154030024e-17f,-1.795433125f,0f,0.7990321411131079f,0.6012883147610656f,2.9765227862990606f,-1.2246467991473532e-16f,0.6012883147610656f,-0.7990321411131079f,-0.022578572380141035f,0f,0f,0f,1f], start_interpolation: 0, interpolation_duration: 1 }
$data merge entity $(bone_right_arm) { transformation: [-1.46271875f,-1.5612328780452606e-17f,1.7844973452847951e-16f,-1.4259925f,0f,1.4571526635493854f,0.12748433908717616f,3.030383182428125f,-1.7913138352403177e-16f,0.12748433908717616f,-1.4571526635493854f,-0.026054431243193676f,0f,0f,0f,1f], start_interpolation: 0, interpolation_duration: 1 }
$data merge entity $(bone_left_thumb_2) { transformation: [-0.993489216560351f,0.09563647284958386f,0.061909947820931996f,2.5673008246055526f,0.02309178618919261f,0.7011846137843596f,-0.712605716229298f,-1.6873260065027182f,-0.11156140008485162f,-0.7065364834550083f,-0.6988277695957269f,1.0511278583547834f,0f,0f,0f,1f], start_interpolation: 0, interpolation_duration: 1 }
$data merge entity $(bone_left_thumb) { transformation: [-0.993489216560351f,0.09563647284958386f,0.061909947820931996f,2.741328400268252f,0.02309178618919261f,0.7011846137843596f,-0.712605716229298f,-1.4897541363460776f,-0.11156140008485162f,-0.7065364834550083f,-0.6988277695957269f,0.8650780023419509f,0f,0f,0f,1f], start_interpolation: 0, interpolation_duration: 1 }
$data merge entity $(bone_left_fingers2) { transformation: [0.8532202340067754f,0.5135708145874425f,0.09088592127174652f,2.599366211217656f,0.4988078961441416f,-0.7526308032621983f,-0.4298110709662481f,-2.2553873753220968f,-0.1523348779028576f,0.412058117727207f,-0.8983330076254754f,1.029058426999171f,0f,0f,0f,1f], start_interpolation: 0, interpolation_duration: 1 }
$data merge entity $(bone_left_fingers) { transformation: [-0.23323291866138812f,0.9681643222962081f,0.09088592127174652f,3.0462123350830876f,0.867791181935481f,0.24940109829322626f,-0.4298110709662481f,-2.1007335078213867f,-0.4387947928220104f,-0.02137608951273108f,-0.8983330076254754f,0.991227330404864f,0f,0f,0f,1f], start_interpolation: 0, interpolation_duration: 1 }
$data merge entity $(bone_left_hand) { transformation: [-0.984807753012208f,-0.14796431637942878f,0.09088592127174652f,3.0060959398162077f,-0.17281906680651501f,0.8862257124587234f,-0.4298110709662481f,-1.4776525729974f,-0.016948739043689973f,-0.43898809511807524f,-0.8983330076254754f,0.6564927755295886f,0f,0f,0f,1f], start_interpolation: 0, interpolation_duration: 1 }
$data merge entity $(bone_left_forearm) { transformation: [-1.48245983416874f,-0.2227350010718486f,0.1368132281297305f,2.6419711621084474f,-0.2601495818199623f,1.3340614132140634f,-0.64700714128173f,0.44115100500391646f,-0.02551343122068863f,-0.6608215834006798f,-1.3522868777580175f,-0.2923500583405651f,0f,0f,0f,1f], start_interpolation: 0, interpolation_duration: 1 }
$data merge entity $(bone_left_bicep) { transformation: [-1.554906395845955f,-0.2741719500637985f,1.9243544495900998e-16f,2.044845625f,-0.2728628724536945f,1.5474822477953036f,0.15410614406686354f,2.7360334248569282f,-0.02676025108448847f,0.15176492546386344f,-1.5713546558321223f,-0.04616388333677076f,0f,0f,0f,1f], start_interpolation: 0, interpolation_duration: 1 }
$data merge entity $(bone_left_shoulder) { transformation: [-1f,-1.1953030143080722e-17f,1.218799528102025e-16f,1.795433125f,0f,0.9952253408497865f,0.09760389813130518f,2.9765227862990606f,-1.2246467991473532e-16f,0.09760389813130518f,-0.9952253408497865f,-0.02257857238014055f,0f,0f,0f,1f], start_interpolation: 0, interpolation_duration: 1 }
$data merge entity $(bone_left_arm) { transformation: [-1.46271875f,-1.5612328780452606e-17f,1.7844973452847951e-16f,1.4259925f,0f,1.4571526635493854f,0.12748433908717616f,2.9681210137973912f,-1.7913138352403177e-16f,0.12748433908717616f,-1.4571526635493854f,-0.03150166516492192f,0f,0f,0f,1f], start_interpolation: 0, interpolation_duration: 1 }
$data merge entity $(bone_chest) { transformation: [-2.06546125f,-2.204570093757574e-17f,2.5198351476752546e-16f,-3.883538697116129e-17f,0f,2.057601546363949f,0.1800168093602565f,3.7681050000000003f,-2.529460508575391e-16f,0.1800168093602565f,-2.057601546363949f,0.317115f,0f,0f,0f,1f], start_interpolation: 0, interpolation_duration: 1 }
$data merge entity $(bone_weist) { transformation: [-2.0892733333333333f,3.339671739653208e-17f,2.5367325351622816e-16f,-2.140682604909573e-18f,0f,2.0713993103386654f,-0.2727048927068946f,0.3284750000000003f,-2.5586219002105877e-16f,-0.2727048927068946f,-2.0713993103386654f,0.017479999999999996f,0f,0f,0f,1f], start_interpolation: 0, interpolation_duration: 1 }
$data merge entity $(bone_right_foot) { transformation: [-1.1328200000000002f,2.782655638781778e-17f,1.3591106423603057e-16f,-0.8202675000000001f,0f,1.1097980603930628f,-0.22722107637231978f,-7.829064694783317f,-1.387304387010105e-16f,-0.22722107637231978f,-1.1097980603930628f,1.4132613852574698f,0f,0f,0f,1f], start_interpolation: 0, interpolation_duration: 1 }
$data merge entity $(bone_right_knee) { transformation: [-3.1203466666666664f,2.7127758350175082e-17f,3.8116813300212666e-16f,-0.8545118750000001f,0f,3.112474006934168f,-0.2215149573661767f,-3.8540274708890556f,-3.821322557563446e-16f,-0.2215149573661767f,-3.112474006934168f,1.2427550825871234f,0f,0f,0f,1f], start_interpolation: 0, interpolation_duration: 1 }
$data merge entity $(bone_right_thigh) { transformation: [-2.3827266666666667f,1.2585691012997253e-16f,2.632625982299676e-16f,-0.7753199999999999f,0f,2.149702252218854f,-1.02769966179309f,-1.1805588887000869f,-2.9179985855763755e-16f,-1.02769966179309f,-2.149702252218854f,-0.2505973875630368f,0f,0f,0f,1f], start_interpolation: 0, interpolation_duration: 1 }
$data merge entity $(bone_right_leg) { transformation: [-1.1368933333333335f,1.2645038182457992e-17f,1.3865386726447472e-16f,-0.7484449999999999f,0f,1.1321947467711582f,-0.103254572594008f,-1.491166875f,-1.3922927816386319e-16f,-0.103254572594008f,-1.1321947467711582f,-0.21976000000000012f,0f,0f,0f,1f], start_interpolation: 0, interpolation_duration: 1 }
$data merge entity $(bone_left_foot) { transformation: [-1.1328200000000002f,-6.277752113305129e-17f,1.2371385315543338e-16f,0.8202675000000005f,0f,1.010200273593723f,0.5126173618120705f,-7.274866309101716f,-1.387304387010105e-16f,0.5126173618120705f,-1.010200273593723f,-2.871928085874477f,0f,0f,0f,1f], start_interpolation: 0, interpolation_duration: 1 }
$data merge entity $(bone_left_knee) { transformation: [-3.1203466666666664f,-2.1592029028490667e-16f,3.1528318878860965e-16f,0.8545118750000001f,0f,2.5744826100727325f,1.7631229709271174f,-4.056846738123136f,-3.821322557563446e-16f,1.7631229709271174f,-2.5744826100727325f,-0.5321966116676313f,0f,0f,0f,1f], start_interpolation: 0, interpolation_duration: 1 }
$data merge entity $(bone_left_thigh) { transformation: [-2.3827266666666667f,-3.3665726039817946e-17f,2.8985130040154946e-16f,0.7753200000000001f,0f,2.366815481846318f,0.2749015149776844f,-1.0892331610245298f,-2.9179985855763755e-16f,0.2749015149776844f,-2.366815481846318f,-0.2954403956455477f,0f,0f,0f,1f], start_interpolation: 0, interpolation_duration: 1 }
$data merge entity $(bone_left_leg) { transformation: [-1.1368933333333335f,2.514631310877686e-18f,1.3920656783140924e-16f,0.7484450000000001f,0f,1.1367078893957856f,-0.02053352291149146f,-1.486666875f,-1.3922927816386319e-16f,-0.02053352291149146f,-1.1367078893957856f,-0.2812599999999999f,0f,0f,0f,1f], start_interpolation: 0, interpolation_duration: 1 }
data modify entity @s data merge value {"locators":{"consume":{"posx":-2.743962499212802,"posy":-1.875300585398385,"posz":-1.0096139345679616,"roty":352.6298606602807,"rotx":-9.323592919814688}},"cameras":{}}