# This file was generated by Animated Java via MC-Build. It is not recommended to edit this file directly.
$data merge entity $(bone_neck) { transformation: [-1.0489695833333332f,0f,1.2846172426320994e-16f,-4.129509006724875e-17f,0f,1.0489695833333332f,0f,4.5653875f,-1.2846172426320994e-16f,0f,-1.0489695833333332f,0.3372f,0f,0f,0f,1f], start_interpolation: 0, interpolation_duration: 1 }
$data merge entity $(bone_right_thumb_2) { transformation: [-0.9877250920978543f,-0.1314716623344403f,-0.08434657339396733f,-2.458088887845819f,-0.024628292260867296f,0.6643064210094519f,-0.7470545001711227f,-1.4162710878017204f,0.15424846728767944f,-0.7358071629228895f,-0.6593900433967516f,0.7055083902373511f,0f,0f,0f,1f], start_interpolation: 0, interpolation_duration: 1 }
$data merge entity $(bone_right_thumb) { transformation: [-0.9877250920978543f,-0.1314716623344403f,-0.08434657339396733f,-2.641537211203868f,-0.024628292260867296f,0.6643064210094519f,-0.7470545001711227f,-1.2294963197465703f,0.15424846728767944f,-0.7358071629228895f,-0.6593900433967516f,0.5173683132582804f,0f,0f,0f,1f], start_interpolation: 0, interpolation_duration: 1 }
$data merge entity $(bone_right_fingers2) { transformation: [0.8634116906156318f,-0.4889664618220042f,-0.12422580940177733f,-2.4857771754037126f,-0.4844304309161289f,-0.7347764715419215f,-0.47479542380989437f,-1.9849414131250316f,0.14088083656292588f,0.47012268194767437f,-0.8712848293225677f,0.7130175441631118f,0f,0f,0f,1f], start_interpolation: 0, interpolation_duration: 1 }
$data merge entity $(bone_right_fingers) { transformation: [-0.20670270025912135f,-0.9704854156472733f,-0.12422580940177733f,-2.9352257350531055f,-0.8464398159533368f,0.2410579670910377f,-0.47479542380989437f,-1.8355857215259062f,0.49072765529819995f,0.0070081750745156005f,-0.8712848293225677f,0.6863841322140478f,0f,0f,0f,1f], start_interpolation: 0, interpolation_duration: 1 }
$data merge entity $(bone_right_hand) { transformation: [-0.984807753012208f,0.12133275685287583f,-0.12422580940177733f,-2.91486166183414f,0.16636857789826182f,0.8642284430735271f,-0.47479542380989437f,-1.2297333630530756f,0.049751240136862704f,-0.4882494857111354f,-0.8712848293225677f,0.3197581334186378f,0f,0f,0f,1f], start_interpolation: 0, interpolation_duration: 1 }
$data merge entity $(bone_right_forearm) { transformation: [-1.4824598341687394f,0.18264573776270882f,-0.1870007341452696f,-2.608370001000596f,0.2504394727271088f,1.300948282021503f,-0.7147233996608949f,0.6418388447169683f,0.07489199285585674f,-0.7349761914509719f,-1.3115704660534495f,-0.7375862196756527f,0f,0f,0f,1f], start_interpolation: 0, interpolation_duration: 1 }
$data merge entity $(bone_right_bicep) { transformation: [-1.554906395845955f,0.27417195006379846f,1.8525277277936784e-16f,-2.107345625f,0.2626782385197129f,1.4897223185260524f,0.4523623710455899f,2.8094163375879555f,0.07855190137715827f,0.44548997017668207f,-1.512703686551486f,-0.15169067455803809f,0f,0f,0f,1f], start_interpolation: 0, interpolation_duration: 1 }
$data merge entity $(bone_right_shoulder) { transformation: [-1f,-3.508686230159241e-17f,1.1733077141333245e-16f,-1.795433125f,0f,0.9580784557230926f,0.28650597319995647f,3.0230227862990606f,-1.2246467991473532e-16f,0.28650597319995647f,-0.9580784557230926f,-0.022578572380141035f,0f,0f,0f,1f], start_interpolation: 0, interpolation_duration: 1 }
$data merge entity $(bone_right_arm) { transformation: [-1.46271875f,-1.5612328780452606e-17f,1.7844973452847951e-16f,-1.4259925f,0f,1.4571526635493854f,0.12748433908717616f,3.076883182428125f,-1.7913138352403177e-16f,0.12748433908717616f,-1.4571526635493854f,-0.026054431243193676f,0f,0f,0f,1f], start_interpolation: 0, interpolation_duration: 1 }
$data merge entity $(bone_left_thumb_2) { transformation: [-0.9923744833728733f,0.10306203284264978f,0.067609926318281f,2.552245545704583f,0.0411719042450398f,0.7941753545193148f,-0.6062923227082446f,-1.7087884554041066f,-0.11617985647804907f,-0.5988854011081431f,-0.7923626172960702f,0.24592752233960297f,0f,0f,0f,1f], start_interpolation: 0, interpolation_duration: 1 }
$data merge entity $(bone_left_thumb) { transformation: [-0.9923744833728733f,0.10306203284264978f,0.067609926318281f,2.7282369922025866f,0.0411719042450398f,0.7941753545193148f,-0.6062923227082446f,-1.4872309614912709f,-0.11617985647804907f,-0.5988854011081431f,-0.7923626172960702f,0.09141513597129611f,0f,0f,0f,1f], start_interpolation: 0, interpolation_duration: 1 }
$data merge entity $(bone_left_fingers2) { transformation: [0.8551911759919025f,0.5088125397162981f,0.09878184009744549f,2.583850978709256f,0.5132621979792866f,-0.8047954095058274f,-0.29810445310967637f,-2.2680362224036297f,-0.07218011243450978f,0.30563728219214037f,-0.9494081751823835f,0.1436925025346255f,0f,0f,0f,1f], start_interpolation: 0, interpolation_duration: 1 }
$data merge entity $(bone_left_fingers) { transformation: [-0.22810219757504435f,0.9686132022269767f,0.09878184009744549f,3.03121215891778f,0.9218879435287501f,0.24750021133831918f,-0.29810445310967637f,-2.110689190584349f,-0.3131964352251911f,0.02306750656419591f,-0.9494081751823835f,0.13227518953574352f,0f,0f,0f,1f], start_interpolation: 0, interpolation_duration: 1 }
$data merge entity $(bone_left_hand) { transformation: [-0.984807753012208f,-0.14281399677205495f,0.09878184009744549f,2.9949580583410724f,-0.16621056986346042f,0.9399509463274371f,-0.29810445310967637f,-1.446288784024913f,-0.050276595675418936f,-0.3099941625646312f,-0.9494081751823835f,-0.11092049030442364f,0f,0f,0f,1f], start_interpolation: 0, interpolation_duration: 1 }
$data merge entity $(bone_left_forearm) { transformation: [-1.48245983416874f,-0.21498207474921355f,0.14869918503568758f,2.6419711621084474f,-0.25020161862375473f,1.414935574742626f,-0.44874532797921163f,0.5887151070401133f,-0.07568282587091535f,-0.4666432544049476f,-1.4291718171738184f,-0.7808877749656883f,0f,0f,0f,1f], start_interpolation: 0, interpolation_duration: 1 }
$data merge entity $(bone_left_bicep) { transformation: [-1.554906395845955f,-0.2741719500637986f,1.8507682953973592e-16f,2.044845625f,-0.26242876068695187f,1.4883074594287171f,0.4571391580444538f,2.7917295930766466f,-0.07938138173461445f,0.45019418704765124f,-1.511267000971983f,-0.09254183866141603f,0f,0f,0f,1f], start_interpolation: 0, interpolation_duration: 1 }
$data merge entity $(bone_left_shoulder) { transformation: [-1f,-3.545736718528947e-17f,1.1721933688136158e-16f,1.795433125f,0f,0.9571685237161788f,0.28953137516854877f,3.0230227862990606f,-1.2246467991473532e-16f,0.28953137516854877f,-0.9571685237161788f,-0.02257857238014055f,0f,0f,0f,1f], start_interpolation: 0, interpolation_duration: 1 }
$data merge entity $(bone_left_arm) { transformation: [-1.46271875f,-1.5612328780452606e-17f,1.7844973452847951e-16f,1.4259925f,0f,1.4571526635493854f,0.12748433908717616f,3.0146210137973912f,-1.7913138352403177e-16f,0.12748433908717616f,-1.4571526635493854f,-0.03150166516492192f,0f,0f,0f,1f], start_interpolation: 0, interpolation_duration: 1 }
$data merge entity $(bone_chest) { transformation: [-2.06546125f,-2.204570093757574e-17f,2.5198351476752546e-16f,-3.883538697116129e-17f,0f,2.057601546363949f,0.1800168093602565f,3.8146050000000002f,-2.529460508575391e-16f,0.1800168093602565f,-2.057601546363949f,0.317115f,0f,0f,0f,1f], start_interpolation: 0, interpolation_duration: 1 }
$data merge entity $(bone_weist) { transformation: [-2.0892733333333333f,3.339671739653208e-17f,2.5367325351622816e-16f,-2.140682604909573e-18f,0f,2.0713993103386654f,-0.2727048927068946f,0.3749750000000003f,-2.5586219002105877e-16f,-0.2727048927068946f,-2.0713993103386654f,0.017479999999999996f,0f,0f,0f,1f], start_interpolation: 0, interpolation_duration: 1 }
$data merge entity $(bone_right_foot) { transformation: [-1.1328200000000002f,-1.1765404690954183e-17f,1.3823064014404656e-16f,-0.8202674999999998f,0f,1.1287388350689205f,0.09607182004759016f,-7.81328606690152f,-1.387304387010105e-16f,0.09607182004759016f,-1.1287388350689205f,-1.0742993528874205f,0f,0f,0f,1f], start_interpolation: 0, interpolation_duration: 1 }
$data merge entity $(bone_right_knee) { transformation: [-3.1203466666666664f,-8.182906575774797e-17f,3.7326808715271454e-16f,-0.8545118749999999f,0f,3.0479652371001857f,0.6681850294690728f,-3.9524368723604297f,-3.821322557563446e-16f,0.6681850294690728f,-3.0479652371001857f,-0.1131350445578144f,0f,0f,0f,1f], start_interpolation: 0, interpolation_duration: 1 }
$data merge entity $(bone_right_thigh) { transformation: [-2.3827266666666667f,-2.775393119416029e-18f,2.917866594745037e-16f,-0.7753199999999999f,0f,2.382618887973716f,0.022662804666197345f,-0.9696126910248548f,-2.9179985855763755e-16f,0.022662804666197345f,-2.382618887973716f,-0.2789782899579047f,0f,0f,0f,1f], start_interpolation: 0, interpolation_duration: 1 }
$data merge entity $(bone_right_leg) { transformation: [-1.1368933333333335f,5.089820199977352e-18f,1.3913621249826477e-16f,-0.7484449999999999f,0f,1.1361333945031076f,-0.04156153597527942f,-1.440166875f,-1.3922927816386319e-16f,-0.04156153597527942f,-1.1361333945031076f,-0.25476000000000015f,0f,0f,0f,1f], start_interpolation: 0, interpolation_duration: 1 }
$data merge entity $(bone_left_foot) { transformation: [-1.1328200000000002f,-1.0524145989044914e-16f,9.03900975898456e-17f,0.8202675000000005f,0f,0.738091159449228f,0.8593617356753175f,-6.488944664814862f,-1.387304387010105e-16f,0.8593617356753175f,-0.738091159449228f,-3.0892908720862224f,0f,0f,0f,1f], start_interpolation: 0, interpolation_duration: 1 }
$data merge entity $(bone_left_knee) { transformation: [-3.1203466666666664f,-3.1990530431087173e-16f,2.0901114124180296e-16f,0.854511875f,0f,1.7067054875522039f,2.612225047528824f,-4.407479341803718f,-3.821322557563446e-16f,2.612225047528824f,-1.7067054875522039f,0.3015048220978756f,0f,0f,0f,1f], start_interpolation: 0, interpolation_duration: 1 }
$data merge entity $(bone_left_thigh) { transformation: [-2.3827266666666667f,3.3734525580425513e-17f,2.8984330117862124e-16f,0.7753200000000001f,0f,2.366750163234178f,-0.27546330586021056f,-1.2996483334030762f,-2.9179985855763755e-16f,-0.27546330586021056f,-2.366750163234178f,-0.261769745301125f,0f,0f,0f,1f], start_interpolation: 0, interpolation_duration: 1 }
$data merge entity $(bone_left_leg) { transformation: [-1.1368933333333335f,1.0533056732925656e-17f,1.3883027988839956e-16f,0.7484450000000001f,0f,1.1336352651642791f,-0.08600893531309746f,-1.444666875f,-1.3922927816386319e-16f,-0.08600893531309746f,-1.1336352651642791f,-0.24825999999999987f,0f,0f,0f,1f], start_interpolation: 0, interpolation_duration: 1 }
data modify entity @s data merge value {"locators":{"consume":{"posx":-2.7511632872181093,"posy":-1.8975945478348684,"posz":0.6868101701663345,"roty":351.8855874945615,"rotx":-28.3460309301613}},"cameras":{}}