# This file was generated by Animated Java via MC-Build. It is not recommended to edit this file directly.
$data merge entity $(bone_neck) { transformation: [-1.0489695833333332f,0f,1.2846172426320994e-16f,-4.129509006724875e-17f,0f,1.0489695833333332f,0f,4.6823875f,-1.2846172426320994e-16f,0f,-1.0489695833333332f,0.3372f,0f,0f,0f,1f], start_interpolation: 0, interpolation_duration: 1 }
$data merge entity $(bone_right_thumb_2) { transformation: [-0.9940128741987163f,-0.0920276274425258f,-0.05890094833282863f,-2.5408774203949847f,-0.01032769544000356f,0.6157961402192191f,-0.7878378338198859f,-1.3048607822268918f,0.10877382329451053f,-0.7825126385422867f,-0.6130597245680742f,1.6614118566908895f,0f,0f,0f,1f], start_interpolation: 0, interpolation_duration: 1 }
$data merge entity $(bone_right_thumb) { transformation: [-0.9940128741987163f,-0.0920276274425258f,-0.05890094833282863f,-2.71394787664027f,-0.01032769544000356f,0.6157961402192191f,-0.7878378338198859f,-1.12988002686521f,0.10877382329451053f,-0.7825126385422867f,-0.6130597245680742f,1.4531736701862785f,0f,0f,0f,1f], start_interpolation: 0, interpolation_duration: 1 }
$data merge entity $(bone_right_fingers2) { transformation: [0.8522943632810444f,-0.5158060642505063f,-0.08682408883346504f,-2.5730647553601504f,-0.47799911195978995f,-0.700659266490899f,-0.5297107146793307f,-1.871725120058767f,0.21239389653427226f,0.49297129364988146f,-0.8437227840660408f,1.7042810242377362f,0f,0f,0f,1f], start_interpolation: 0, interpolation_duration: 1 }
$data merge entity $(bone_right_fingers) { transformation: [-0.23564312885102498f,-0.9679534562279002f,-0.08682408883346504f,-3.0196660608791888f,-0.8119677242753908f,0.24518355060842772f,-0.5297107146793307f,-1.7224743298938514f,0.5340231554533399f,-0.054324332370557095f,-0.8437227840660408f,1.646905554219142f,0f,0f,0f,1f], start_interpolation: 0, interpolation_duration: 1 }
$data merge entity $(bone_right_hand) { transformation: [-0.984807753012208f,0.15038373318043535f,-0.08682408883346504f,-2.977724997297468f,0.1734829030790772f,0.8302470964075502f,-0.5297107146793307f,-1.1417428476872726f,-0.007574427126938639f,-0.5367257136578678f,-0.8437227840660408f,1.2433237267074528f,0f,0f,0f,1f], start_interpolation: 0, interpolation_duration: 1 }
$data merge entity $(bone_right_forearm) { transformation: [-1.4824598341687394f,0.22637701974872707f,-0.13069883329027254f,-2.608370001000596f,0.26114887392294134f,1.249795169762597f,-0.7973889887026412f,0.6560515462186172f,-0.011402006074971934f,-0.8079488712691699f,-1.270080515435813f,0.08306127707408809f,0f,0f,0f,1f], start_interpolation: 0, interpolation_duration: 1 }
$data merge entity $(bone_right_bicep) { transformation: [-1.554906395845955f,0.2741719500637985f,1.9317463208026353e-16f,-2.107345625f,0.2739109991188678f,1.5534264694961575f,-0.0688703599152132f,2.8958834402999947f,-0.01195921249454257f,-0.06782406439724313f,-1.5773905767341179f,-0.07447876115546187f,0f,0f,0f,1f], start_interpolation: 0, interpolation_duration: 1 }
$data merge entity $(bone_right_shoulder) { transformation: [-1f,5.341834311772722e-18f,1.223481206754078e-16f,-1.795433125f,0f,0.9990482215818577f,-0.04361938736533598f,3.1400227862990606f,-1.2246467991473532e-16f,-0.04361938736533598f,-0.9990482215818577f,-0.022578572380141035f,0f,0f,0f,1f], start_interpolation: 0, interpolation_duration: 1 }
$data merge entity $(bone_right_arm) { transformation: [-1.46271875f,-1.5612328780452606e-17f,1.7844973452847951e-16f,-1.4259925f,0f,1.4571526635493854f,0.12748433908717616f,3.193883182428125f,-1.7913138352403177e-16f,0.12748433908717616f,-1.4571526635493854f,-0.026054431243193676f,0f,0f,0f,1f], start_interpolation: 0, interpolation_duration: 1 }
$data merge entity $(bone_left_thumb_2) { transformation: [-0.9906326404985489f,0.11411329548107838f,0.07500084915066405f,2.5292026962819736f,0.07104278523954335f,0.8997428156908271f,-0.430599336132965f,-1.4440297860673244f,-0.11661858447211872f,-0.4212374881313274f,-0.8994215276212422f,-0.9010631620026522f,0f,0f,0f,1f], start_interpolation: 0, interpolation_duration: 1 }
$data merge entity $(bone_left_thumb) { transformation: [-0.9906326404985489f,0.11411329548107838f,0.07500084915066405f,2.7081046977364696f,0.07104278523954335f,0.8997428156908271f,-0.430599336132965f,-1.1966218553195895f,-0.11661858447211872f,-0.4212374881313274f,-0.8994215276212422f,-1.0045918033021708f,0f,0f,0f,1f], start_interpolation: 0, interpolation_duration: 1 }
$data merge entity $(bone_left_fingers2) { transformation: [0.8582709006211365f,0.5013774267480268f,0.1095067901753589f,2.5596589311308326f,0.5112262222600015f,-0.8539660265928014f,-0.0969008519006408f,-1.9704471592617132f,0.04493117871534795f,0.1391499240848858f,-0.9892514785464916f,-1.1159262219311579f,0f,0f,0f,1f], start_interpolation: 0, interpolation_duration: 1 }
$data merge entity $(bone_left_fingers) { transformation: [-0.2200851132495891f,0.9693146062199853f,0.1095067901753589f,3.0078118151701294f,0.9681705648169088f,0.23077257706026819f,-0.0969008519006408f,-1.8172045710159486f,-0.11919857527681645f,0.08469481593082978f,-0.9892514785464916f,-1.0895411751998147f,0f,0f,0f,1f], start_interpolation: 0, interpolation_duration: 1 }
$data merge entity $(bone_left_hand) { transformation: [-0.984807753012208f,-0.13476628848690514f,0.1095067901753589f,2.977545622093629f,-0.14551279304937023f,0.9845995388785742f,-0.0969008519006408f,-1.1167321591166284f,-0.09476136694886254f,-0.11136334912152668f,-0.9892514785464916f,-1.1910732216802038f,0f,0f,0f,1f], start_interpolation: 0, interpolation_duration: 1 }
$data merge entity $(bone_left_forearm) { transformation: [-1.48245983416874f,-0.20286762474275255f,0.16484376519901459f,2.6419711621084474f,-0.21904465150034766f,1.4821464033604688f,-0.14586767864088174f,1.0149962971129864f,-0.1426470495413255f,-0.16763849753031687f,-1.4891491038241584f,-1.4315317810717985f,0f,0f,0f,1f], start_interpolation: 0, interpolation_duration: 1 }
$data merge entity $(bone_left_bicep) { transformation: [-1.554906395845955f,-0.2741719500637986f,1.6202968570032956e-16f,2.044845625f,-0.22974917886036364f,1.3029723411428777f,0.8616162435064005f,2.9375319423849273f,-0.14961809053311273f,0.8485263567263577f,-1.3230727897475494f,-0.15444539152243905f,0f,0f,0f,1f], start_interpolation: 0, interpolation_duration: 1 }
$data merge entity $(bone_left_shoulder) { transformation: [-1f,-6.683007347151254e-17f,1.0262231290713933e-16f,1.795433125f,0f,0.8379747775325014f,0.5457089629274516f,3.1400227862990606f,-1.2246467991473532e-16f,0.5457089629274516f,-0.8379747775325014f,-0.02257857238014055f,0f,0f,0f,1f], start_interpolation: 0, interpolation_duration: 1 }
$data merge entity $(bone_left_arm) { transformation: [-1.46271875f,-1.5612328780452606e-17f,1.7844973452847951e-16f,1.4259925f,0f,1.4571526635493854f,0.12748433908717616f,3.131621013797391f,-1.7913138352403177e-16f,0.12748433908717616f,-1.4571526635493854f,-0.03150166516492192f,0f,0f,0f,1f], start_interpolation: 0, interpolation_duration: 1 }
$data merge entity $(bone_chest) { transformation: [-2.06546125f,-2.204570093757574e-17f,2.5198351476752546e-16f,-3.883538697116129e-17f,0f,2.057601546363949f,0.1800168093602565f,3.9316050000000002f,-2.529460508575391e-16f,0.1800168093602565f,-2.057601546363949f,0.317115f,0f,0f,0f,1f], start_interpolation: 0, interpolation_duration: 1 }
$data merge entity $(bone_weist) { transformation: [-2.0892733333333333f,3.339671739653208e-17f,2.5367325351622816e-16f,-2.140682604909573e-18f,0f,2.0713993103386654f,-0.2727048927068946f,0.4919750000000003f,-2.5586219002105877e-16f,-0.2727048927068946f,-2.0713993103386654f,0.017479999999999996f,0f,0f,0f,1f], start_interpolation: 0, interpolation_duration: 1 }
$data merge entity $(bone_right_foot) { transformation: [-1.1328200000000002f,-1.6113637315891124e-17f,1.3779145588397976e-16f,-0.8202674999999997f,0f,1.1251526234332672f,0.13157783392819924f,-7.802297495639545f,-1.387304387010105e-16f,0.13157783392819924f,-1.1251526234332672f,-1.951077726609431f,0f,0f,0f,1f], start_interpolation: 0, interpolation_duration: 1 }
$data merge entity $(bone_right_knee) { transformation: [-3.1203466666666664f,-9.354588139357159e-17f,3.7050536968272426e-16f,-0.8545118749999998f,0f,3.025405936966353f,0.7638600897720214f,-3.97363939237001f,-3.821322557563446e-16f,0.7638600897720214f,-3.025405936966353f,-0.8687790345360109f,0f,0f,0f,1f], start_interpolation: 0, interpolation_duration: 1 }
$data merge entity $(bone_right_thigh) { transformation: [-2.3827266666666667f,-7.143253297282146e-17f,2.829214567461154e-16f,-0.7753199999999999f,0f,2.3102290141377613f,0.5832908967920838f,-1.0298727581390965f,-2.9179985855763755e-16f,0.5832908967920838f,-2.3102290141377613f,-0.32583205324421016f,0f,0f,0f,1f], start_interpolation: 0, interpolation_duration: 1 }
$data merge entity $(bone_right_leg) { transformation: [-1.1368933333333335f,-1.0124195421442876e-17f,1.3886069481713975e-16f,-0.7484449999999999f,0f,1.1338836219048625f,0.08267032934305414f,-1.390166875f,-1.3922927816386319e-16f,0.08267032934305414f,-1.1338836219048625f,-0.4122600000000001f,0f,0f,0f,1f], start_interpolation: 0, interpolation_duration: 1 }
$data merge entity $(bone_left_foot) { transformation: [-1.1328200000000002f,-6.323546314043747e-17f,1.2348040663841856e-16f,0.8202675000000003f,0f,1.008294038120954f,0.5163567420783238f,-6.951438719478174f,-1.387304387010105e-16f,0.5163567420783238f,-1.008294038120954f,-0.4540347012340493f,0f,0f,0f,1f], start_interpolation: 0, interpolation_duration: 1 }
$data merge entity $(bone_left_knee) { transformation: [-3.1203466666666664f,-2.1708696577693037e-16f,3.14481017200082e-16f,0.8545118749999999f,0f,2.5679323819654445f,1.7726495992809905f,-3.7421101892748565f,-3.821322557563446e-16f,1.7726495992809905f,-2.5679323819654445f,1.8976038160169175f,0f,0f,0f,1f], start_interpolation: 0, interpolation_duration: 1 }
$data merge entity $(bone_left_thigh) { transformation: [-2.3827266666666667f,1.7917837106028322e-16f,2.3030907233203116e-16f,0.7753200000000001f,0f,1.880616292733393f,-1.4631024323505697f,-1.3372350506361423f,-2.9179985855763755e-16f,-1.4631024323505697f,-1.880616292733393f,-0.21942510207427798f,0f,0f,0f,1f], start_interpolation: 0, interpolation_duration: 1 }
$data merge entity $(bone_left_leg) { transformation: [-1.1368933333333335f,1.3060519495882511e-17f,1.3861534809871547e-16f,0.7484450000000001f,0f,1.1318802139133084f,-0.10664723498216591f,-1.327666875f,-1.3922927816386319e-16f,-0.10664723498216591f,-1.1318802139133084f,-0.21781555555555548f,0f,0f,0f,1f], start_interpolation: 0, interpolation_duration: 1 }
data modify entity @s data merge value {"locators":{"consume":{"posx":-2.8362856243382133,"posy":-1.7851175115343567,"posz":1.6600092956527273,"roty":354.1246049544641,"rotx":-31.985911068613646}},"cameras":{}}