# This file was generated by Animated Java via MC-Build. It is not recommended to edit this file directly.
$data merge entity $(bone_neck) { transformation: [-1f,0f,1.2246467991473532e-16f,-4.129509006724875e-17f,0f,1f,0f,4.6118875f,-1.2246467991473532e-16f,0f,-1f,0.3372f,0f,0f,0f,1f], start_interpolation: 0, interpolation_duration: 1 }
$data merge entity $(bone_right_thumb_2) { transformation: [-0.9935713343682774f,-0.09507614852418284f,-0.061453474299247f,-2.5348203567152163f,-0.008387824924593668f,0.6031712746160146f,-0.7975675882777125f,-1.3504265559340136f,0.1128966249038254f,-0.7919248319505456f,-0.6000911702611738f,1.6759333924134348f,0f,0f,0f,1f], start_interpolation: 0, interpolation_duration: 1 }
$data merge entity $(bone_right_thumb) { transformation: [-0.9935713343682774f,-0.09507614852418284f,-0.061453474299247f,-2.7086994459550837f,-0.008387824924593668f,0.6031712746160146f,-0.7975675882777125f,-1.1787781712029466f,0.1128966249038254f,-0.7919248319505456f,-0.6000911702611738f,1.465605828278453f,0f,0f,0f,1f], start_interpolation: 0, interpolation_duration: 1 }
$data merge entity $(bone_right_fingers2) { transformation: [0.8530750428191561f,-0.5139213371217299f,-0.09026533426575246f,-2.5669092365977986f,-0.47469227240717743f,-0.6925545491412083f,-0.5431716514884845f,-1.9165233306101124f,0.21663383354408158f,0.5062144364938942f,-0.8347554890200868f,1.7280267034340375f,0f,0f,0f,1f], start_interpolation: 0, interpolation_duration: 1 }
$data merge entity $(bone_right_fingers) { transformation: [-0.23361087777611128f,-0.9681312551583936f,-0.09026533426575246f,-3.0137171020982763f,-0.8032437321264667f,0.2444668971840914f,-0.5431716514884845f,-1.7681266054097908f,0.5479283389132374f,-0.05438574231005883f,-0.8347554890200868f,1.6700472907710693f,0f,0f,0f,1f], start_interpolation: 0, interpolation_duration: 1 }
$data merge entity $(bone_right_hand) { transformation: [-0.984807753012208f,0.1483437192365682f,-0.09026533426575246f,-2.9733150488518607f,0.1735293227528483f,0.8214938412211075f,-0.5431716514884845f,-1.193957617480359f,-0.006423686790590578f,-0.5505833359255001f,-0.8347554890200868f,1.2570290755172426f,0f,0f,0f,1f], start_interpolation: 0, interpolation_duration: 1 }
$data merge entity $(bone_right_forearm) { transformation: [-1.4824598341687394f,0.22330612725861712f,-0.13587904040915325f,-2.608370001000596f,0.2612187508117761f,1.2366186394271685f,-0.8176521294921172f,0.5849055520586304f,-0.009669763083407387f,-0.8288091542492864f,-1.2565817846570329f,0.06658475334813616f,0f,0f,0f,1f], start_interpolation: 0, interpolation_duration: 1 }
$data merge entity $(bone_right_bicep) { transformation: [-1.554906395845955f,0.2741719500637985f,1.9322632076683067e-16f,-2.107345625f,0.27398429083232045f,1.5538421274581904f,-0.05840727144593685f,2.8257330222927677f,-0.010142316249084859f,-0.057519933752247135f,-1.5778126468902083f,-0.07609680128881882f,0f,0f,0f,1f], start_interpolation: 0, interpolation_duration: 1 }
$data merge entity $(bone_right_shoulder) { transformation: [-1f,4.530279311027798e-18f,1.2238085796390974e-16f,-1.795433125f,0f,0.9993155418290078f,-0.03699253788261199f,3.0695227862990606f,-1.2246467991473532e-16f,-0.03699253788261199f,-0.9993155418290078f,-0.022578572380141035f,0f,0f,0f,1f], start_interpolation: 0, interpolation_duration: 1 }
$data merge entity $(bone_right_arm) { transformation: [-1.46271875f,-1.5612328780452606e-17f,1.7844973452847951e-16f,-1.4259925f,0f,1.4571526635493854f,0.12748433908717616f,3.123383182428125f,-1.7913138352403177e-16f,0.12748433908717616f,-1.4571526635493854f,-0.026054431243193676f,0f,0f,0f,1f], start_interpolation: 0, interpolation_duration: 1 }
$data merge entity $(bone_left_thumb_2) { transformation: [-0.9898638433426852f,0.11881939764373126f,0.07779153158557109f,2.5191822009905485f,0.08269028578644722f,0.9275222090442665f,-0.3645063351523536f,-1.3885133011550699f,-0.1154637964013124f,-0.3543790378580892f,-0.9279459085783888f,-1.2941036106451165f,0f,0f,0f,1f], start_interpolation: 0, interpolation_duration: 1 }
$data merge entity $(bone_left_thumb) { transformation: [-0.9898638433426852f,0.11881939764373126f,0.07779153158557109f,2.699319650424025f,0.08269028578644722f,0.9275222090442665f,-0.3645063351523536f,-1.1348618920672655f,-0.1154637964013124f,-0.3543790378580892f,-0.9279459085783888f,-1.378639117208914f,0f,0f,0f,1f], start_interpolation: 0, interpolation_duration: 1 }
$data merge entity $(bone_left_fingers2) { transformation: [0.8596301986213752f,0.498095791080544f,0.11373875560257365f,2.548997309525242f,0.5036920655271113f,-0.863512933177736f,-0.025292634497320998f,-1.8980672217941874f,0.08561673167790988f,0.07903162115653348f,-0.9931886920994233f,-1.5464423290936697f,0f,0f,0f,1f], start_interpolation: 0, interpolation_duration: 1 }
$data merge entity $(bone_left_fingers) { transformation: [-0.2165466128954045f,0.969624184886859f,0.11373875560257365f,2.9974955515112125f,0.9750100468302166f,0.2207163138971015f,-0.025292634497320998f,-1.7486707343520642f,-0.049628348991949435f,0.10541939509487956f,-0.9931886920994233f,-1.507066124458575f,0f,0f,0f,1f], start_interpolation: 0, interpolation_duration: 1 }
$data merge entity $(bone_left_hand) { transformation: [-0.984807753012208f,-0.13121427163622046f,0.11373875560257365f,2.969857566164381f,-0.13489869686872916f,0.9905365335126736f,-0.025292634497320998f,-1.042581162587701f,-0.10934363808729136f,-0.04025159246132376f,-0.9931886920994233f,-1.5576631317759784f,0f,0f,0f,1f], start_interpolation: 0, interpolation_duration: 1 }
$data merge entity $(bone_left_forearm) { transformation: [-1.48245983416874f,-0.19752067017692543f,0.1712142661889259f,2.6419711621084474f,-0.2030669429418234f,1.491083534545522f,-0.038073740410656816f,1.1021035098665293f,-0.16459816760224394f,-0.06059189613681079f,-1.495075906220782f,-1.6443517114926078f,0f,0f,0f,1f], start_interpolation: 0, interpolation_duration: 1 }
$data merge entity $(bone_left_bicep) { transformation: [-1.554906395845955f,-0.27417195006379863f,1.5021080275469852e-16f,2.044845625f,-0.21299065316139065f,1.2079300190226963f,0.9942053152413527f,2.88180217150337f,-0.17264194121843707f,0.9791011025356304f,-1.2265642866113f,-0.17473760313577352f,0f,0f,0f,1f], start_interpolation: 0, interpolation_duration: 1 }
$data merge entity $(bone_left_shoulder) { transformation: [-1f,-7.711416162833089e-17f,9.513676420279512e-17f,1.795433125f,0f,0.7768506337421781f,0.6296849155366329f,3.0695227862990606f,-1.2246467991473532e-16f,0.6296849155366329f,-0.7768506337421781f,-0.02257857238014055f,0f,0f,0f,1f], start_interpolation: 0, interpolation_duration: 1 }
$data merge entity $(bone_left_arm) { transformation: [-1.46271875f,-1.5612328780452606e-17f,1.7844973452847951e-16f,1.4259925f,0f,1.4571526635493854f,0.12748433908717616f,3.061121013797391f,-1.7913138352403177e-16f,0.12748433908717616f,-1.4571526635493854f,-0.03150166516492192f,0f,0f,0f,1f], start_interpolation: 0, interpolation_duration: 1 }
$data merge entity $(bone_chest) { transformation: [-2.06546125f,-2.204570093757574e-17f,2.5198351476752546e-16f,-3.883538697116129e-17f,0f,2.057601546363949f,0.1800168093602565f,3.8611050000000002f,-2.529460508575391e-16f,0.1800168093602565f,-2.057601546363949f,0.317115f,0f,0f,0f,1f], start_interpolation: 0, interpolation_duration: 1 }
$data merge entity $(bone_left_cheek) { transformation: [-1.1368933333333335f,1.534315142754896e-17f,1.3838128342482481e-16f,0.748445f,0f,1.1299689308065903f,-0.12528633919781168f,-1.3806651595822323f,-1.3922927816386319e-16f,-0.12528633919781168f,-1.1299689308065903f,-0.22362915621398655f,0f,0f,0f,1f], start_interpolation: 0, interpolation_duration: 1 }
$data merge entity $(bone_left_foot) { transformation: [-1.1328200000000002f,9.629037521044749e-18f,1.3839586792456318e-16f,0.8202674999999998f,0f,1.1300880222846275f,-0.07862705824854038f,-7.613185579585007f,-1.387304387010105e-16f,-0.07862705824854038f,-1.1300880222846275f,1.6715324830443077f,0f,0f,0f,1f], start_interpolation: 0, interpolation_duration: 1 }
$data merge entity $(bone_left_knee) { transformation: [-3.1203466666666664f,-2.3461755221969775e-17f,3.814113356093874e-16f,0.8545118749999998f,0f,3.114459906929416f,0.1915797700880348f,-3.650459632420233f,-3.821322557563446e-16f,0.1915797700880348f,-3.114459906929416f,2.0276173019601837f,0f,0f,0f,1f], start_interpolation: 0, interpolation_duration: 1 }
$data merge entity $(bone_left_leg) { transformation: [-2.3827266666666667f,1.8568611904662178e-16f,2.2509514132397685e-16f,0.77532f,0f,1.8380413151016017f,-1.5162422273581548f,-1.349437931580473f,-2.9179985855763755e-16f,-1.5162422273581548f,-1.8380413151016017f,-0.12230536143251922f,0f,0f,0f,1f], start_interpolation: 0, interpolation_duration: 1 }
$data merge entity $(bone_right_cheek) { transformation: [-1.1368933333333335f,1.3973289114022116e-17f,1.3852631190270798e-16f,-0.748445f,0f,1.1311531781992605f,-0.11410056453624723f,-1.4332583832015193f,-1.3922927816386319e-16f,-0.11410056453624723f,-1.1311531781992605f,-0.24383415500824707f,0f,0f,0f,1f], start_interpolation: 0, interpolation_duration: 1 }
$data merge entity $(bone_right_foot) { transformation: [-1.1328200000000002f,-1.0546695172957799e-17f,1.3832896241605924e-16f,-0.8202674999999999f,0f,1.129541697347915f,0.086120301627382f,-7.87793915496694f,-1.387304387010105e-16f,0.086120301627382f,-1.129541697347915f,-1.1236301696802646f,0f,0f,0f,1f], start_interpolation: 0, interpolation_duration: 1 }
$data merge entity $(bone_right_knee) { transformation: [-3.1203466666666664f,-7.853620603292356e-17f,3.739747655008109e-16f,-0.854511875f,0f,3.0537357037244273f,0.6412967893077705f,-4.0087689822938835f,-3.821322557563446e-16f,0.6412967893077705f,-3.0537357037244273f,-0.19652957886367767f,0f,0f,0f,1f], start_interpolation: 0, interpolation_duration: 1 }
$data merge entity $(bone_right_leg) { transformation: [-2.3827266666666667f,-1.608530621630156e-17f,2.9135617442948604e-16f,-0.77532f,0f,2.3791037108196385f,0.13134649294393108f,-1.0202893505253448f,-2.9179985855763755e-16f,0.13134649294393108f,-2.3791037108196385f,-0.13890992675040031f,0f,0f,0f,1f], start_interpolation: 0, interpolation_duration: 1 }
$data merge entity $(bone_weist) { transformation: [-2.0892733333333333f,3.339671739653208e-17f,2.5367325351622816e-16f,-2.140682604909573e-18f,0f,2.0713993103386654f,-0.2727048927068946f,0.42147500000000027f,-2.5586219002105877e-16f,-0.2727048927068946f,-2.0713993103386654f,0.017479999999999996f,0f,0f,0f,1f], start_interpolation: 0, interpolation_duration: 1 }
data modify entity @s data merge value {"locators":{"consume":{"posx":-2.830293829446464,"posy":-1.8305867831994882,"posz":1.6834222670978096,"roty":353.82836640606376,"rotx":-32.89980903274649}},"cameras":{}}