# This file was generated by Animated Java via MC-Build. It is not recommended to edit this file directly.
$data merge entity $(bone_neck) { transformation: [-1.0489695833333332f,0f,1.2846172426320994e-16f,-4.129509006724875e-17f,0f,1.0489695833333332f,0f,4.5813875f,-1.2846172426320994e-16f,0f,-1.0489695833333332f,0.3372f,0f,0f,0f,1f], start_interpolation: 0, interpolation_duration: 1 }
$data merge entity $(bone_right_thumb_2) { transformation: [-0.9932535027505475f,-0.09723399815699353f,-0.06319041759771646f,-2.530492265955404f,-0.008546291086683505f,0.6048140056935748f,-0.7963209022910012f,-1.385451381095944f,0.11564791473446329f,-0.7904084818113344f,-0.6015646197195046f,1.6272822574092014f,0f,0f,0f,1f], start_interpolation: 0, interpolation_duration: 1 }
$data merge entity $(bone_right_thumb) { transformation: [-0.9932535027505475f,-0.09723399815699353f,-0.06319041759771646f,-2.704942952539936f,-0.008546291086683505f,0.6048140056935748f,-0.7963209022910012f,-1.2133555282514827f,0.11564791473446329f,-0.7904084818113344f,-0.6015646197195046f,1.4177953478550527f,0f,0f,0f,1f], start_interpolation: 0, interpolation_duration: 1 }
$data merge entity $(bone_right_fingers2) { transformation: [0.8536369958377095f,-0.5125646625229222f,-0.0926355551067369f,-2.5624817504492285f,-0.4752033045880131f,-0.6935606560541597f,-0.541438302747742f,-1.9516522005040202f,0.21327376455111044f,0.5062124880981171f,-0.8356214563112363f,1.6782947318378372f,0f,0f,0f,1f], start_interpolation: 0, interpolation_duration: 1 }
$data merge entity $(bone_right_fingers) { transformation: [-0.23214801168285096f,-0.9682592393578103f,-0.0926355551067369f,-3.009437434724575f,-0.8043569436841241f,0.24465173505368637f,-0.541438302747742f,-1.8031022859315318f,0.546916088462237f,-0.051181773449688654f,-0.8356214563112363f,1.6218677153432655f,0f,0f,0f,1f], start_interpolation: 0, interpolation_duration: 1 }
$data merge entity $(bone_right_hand) { transformation: [-0.984807753012208f,0.14687526523248395f,-0.0926355551067369f,-2.9701400742202018f,0.17361643447840247f,0.8226189263545126f,-0.541438302747742f,-1.2280838885903977f,-0.003320133438942348f,-0.5492956931073066f,-0.8356214563112363f,1.209926021757251f,0f,0f,0f,1f], start_interpolation: 0, interpolation_duration: 1 }
$data merge entity $(bone_right_forearm) { transformation: [-1.4824598341687394f,0.22109562061636068f,-0.13944700297252832f,-2.608370001000596f,0.26134988263301145f,1.2383122628934662f,-0.8150428690766727f,0.5532085484607778f,-0.004997893702865218f,-0.8268708279588108f,-1.2578853504777796f,0.02214808969036397f,0f,0f,0f,1f], start_interpolation: 0, interpolation_duration: 1 }
$data merge entity $(bone_right_bicep) { transformation: [-1.554906395845955f,0.2741719500637985f,1.933233203860158e-16f,-2.107345625f,0.2741218309550531f,1.554622156255712f,-0.03018826124727753f,2.79622884117906f,-0.005242136552523147f,-0.029729633726276867f,-1.578604708889249f,-0.08044695816056292f,0f,0f,0f,1f], start_interpolation: 0, interpolation_duration: 1 }
$data merge entity $(bone_right_shoulder) { transformation: [-1f,2.3415107738945336e-18f,1.2244229315850921e-16f,-1.795433125f,0f,0.999817198262865f,-0.019119886448278667f,3.0390227862990606f,-1.2246467991473532e-16f,-0.019119886448278667f,-0.999817198262865f,-0.022578572380141035f,0f,0f,0f,1f], start_interpolation: 0, interpolation_duration: 1 }
$data merge entity $(bone_right_arm) { transformation: [-1.46271875f,-1.5612328780452606e-17f,1.7844973452847951e-16f,-1.4259925f,0f,1.4571526635493854f,0.12748433908717616f,3.092883182428125f,-1.7913138352403177e-16f,0.12748433908717616f,-1.4571526635493854f,-0.026054431243193676f,0f,0f,0f,1f], start_interpolation: 0, interpolation_duration: 1 }
$data merge entity $(bone_left_thumb_2) { transformation: [-0.9896187913899874f,0.12030038327421788f,0.07862865579352529f,2.5160048592559336f,0.08441069755782069f,0.9293315714312949f,-0.3594685862197724f,-1.3957895172003025f,-0.11631630094540713f,-0.3490997681539134f,-0.9298386257890457f,-1.337848820970044f,0f,0f,0f,1f], start_interpolation: 0, interpolation_duration: 1 }
$data merge entity $(bone_left_thumb) { transformation: [-0.9896187913899874f,0.12030038327421788f,0.07862865579352529f,2.69653063790121f,0.08441069755782069f,0.9293315714312949f,-0.3594685862197724f,-1.1418733847508824f,-0.11631630094540713f,-0.3490997681539134f,-0.9298386257890457f,-1.4207453276338953f,0f,0f,0f,1f], start_interpolation: 0, interpolation_duration: 1 }
$data merge entity $(bone_left_fingers2) { transformation: [0.8600634710739536f,0.49704977884932633f,0.11503192196107176f,2.5456007280483406f,0.5022697280191168f,-0.8644810710907291f,-0.01993986061706282f,-1.903976515716895f,0.089531815796535f,0.0749265978919457f,-0.9931616479146351f,-1.592954733588723f,0f,0f,0f,1f], start_interpolation: 0, interpolation_duration: 1 }
$data merge entity $(bone_left_fingers) { transformation: [-0.21541872576054635f,0.9697228622248958f,0.11503192196107176f,2.994208598861352f,0.9755056712309936f,0.21906868182088518f,-0.01993986061706282f,-1.7552911291154325f,-0.044536030221278604f,0.10791887287965601f,-0.9931616479146351f,-1.5521613141217845f,0f,0f,0f,1f], start_interpolation: 0, interpolation_duration: 1 }
$data merge entity $(bone_left_hand) { transformation: [-0.984807753012208f,-0.13008207615573994f,0.11503192196107176f,2.9674067164055513f,-0.13321413801722298f,0.990886671315595f,-0.01993986061706282f,-1.0489034017637489f,-0.1113897797797181f,-0.03496080765817494f,-0.9931616479146351f,-1.5988992695931095f,0f,0f,0f,1f], start_interpolation: 0, interpolation_duration: 1 }
$data merge entity $(bone_left_forearm) { transformation: [-1.48245983416874f,-0.19581634329778994f,0.17316090722572522f,2.6419711621084474f,-0.20053112736968465f,1.4916106071926123f,-0.03001605376613267f,1.0965848180386433f,-0.1676782843709866f,-0.052627523458074116f,-1.4950351958206314f,-1.6741903498524833f,0f,0f,0f,1f], start_interpolation: 0, interpolation_duration: 1 }
$data merge entity $(bone_left_bicep) { transformation: [-1.554906395845955f,-0.27417195006379863f,1.483350326898586e-16f,2.044845625f,-0.2103309144211399f,1.1928458910601791f,1.0128098265044916f,2.853646348508816f,-0.17587258069566505f,0.9974229694685726f,-1.2112474616610702f,-0.17758494699733218f,0f,0f,0f,1f], start_interpolation: 0, interpolation_duration: 1 }
$data merge entity $(bone_left_shoulder) { transformation: [-1f,-7.855719483944738e-17f,9.394873583809247e-17f,1.795433125f,0f,0.7671496459510059f,0.6414681759193095f,3.0390227862990606f,-1.2246467991473532e-16f,0.6414681759193095f,-0.7671496459510059f,-0.02257857238014055f,0f,0f,0f,1f], start_interpolation: 0, interpolation_duration: 1 }
$data merge entity $(bone_left_arm) { transformation: [-1.46271875f,-1.5612328780452606e-17f,1.7844973452847951e-16f,1.4259925f,0f,1.4571526635493854f,0.12748433908717616f,3.0306210137973912f,-1.7913138352403177e-16f,0.12748433908717616f,-1.4571526635493854f,-0.03150166516492192f,0f,0f,0f,1f], start_interpolation: 0, interpolation_duration: 1 }
$data merge entity $(bone_chest) { transformation: [-2.06546125f,-2.204570093757574e-17f,2.5198351476752546e-16f,-3.883538697116129e-17f,0f,2.057601546363949f,0.1800168093602565f,3.8306050000000003f,-2.529460508575391e-16f,0.1800168093602565f,-2.057601546363949f,0.317115f,0f,0f,0f,1f], start_interpolation: 0, interpolation_duration: 1 }
$data merge entity $(bone_weist) { transformation: [-2.0892733333333333f,3.339671739653208e-17f,2.5367325351622816e-16f,-2.140682604909573e-18f,0f,2.0713993103386654f,-0.2727048927068946f,0.3909750000000003f,-2.5586219002105877e-16f,-0.2727048927068946f,-2.0713993103386654f,0.017479999999999996f,0f,0f,0f,1f], start_interpolation: 0, interpolation_duration: 1 }
$data merge entity $(bone_right_foot) { transformation: [-1.1328200000000002f,-4.082140949608731e-17f,1.3258863883805265e-16f,-0.8202674999999996f,0f,1.082668398189307f,0.3333321046077021f,-7.5249639797463f,-1.387304387010105e-16f,0.3333321046077021f,-1.082668398189307f,-2.5731807973532796f,0f,0f,0f,1f], start_interpolation: 0, interpolation_duration: 1 }
$data merge entity $(bone_right_knee) { transformation: [-3.1203466666666664f,-1.591504796908455e-16f,3.4741356580249716e-16f,-0.8545118749999998f,0f,2.836847048833836f,1.2995622885035283f,-3.9558858462325723f,-3.821322557563446e-16f,1.2995622885035283f,-2.836847048833836f,-0.8148649532941206f,0f,0f,0f,1f], start_interpolation: 0, interpolation_duration: 1 }
$data merge entity $(bone_right_thigh) { transformation: [-2.3827266666666667f,-5.873716746659433e-17f,2.858270501759036e-16f,-0.7753199999999999f,0f,2.3339549850202324f,0.47962537041283604f,-1.0137717960120725f,-2.9179985855763755e-16f,0.47962537041283604f,-2.3339549850202324f,-0.29214580135858853f,0f,0f,0f,1f], start_interpolation: 0, interpolation_duration: 1 }
$data merge entity $(bone_right_leg) { transformation: [-1.1368933333333335f,-2.654770087873442e-18f,1.3920396579771323e-16f,-0.7484449999999999f,0f,1.1366866421782384f,0.021677842866382344f,-1.439166875f,-1.3922927816386319e-16f,0.021677842866382344f,-1.1366866421782384f,-0.30826000000000015f,0f,0f,0f,1f], start_interpolation: 0, interpolation_duration: 1 }
$data merge entity $(bone_left_foot) { transformation: [-1.1328200000000002f,2.4804737995492438e-17f,1.364949068469216e-16f,0.8202674999999999f,0f,1.114565497104591f,-0.2025460566488434f,-7.72203445721296f,-1.387304387010105e-16f,-0.2025460566488434f,-1.114565497104591f,1.8107200304045818f,0f,0f,0f,1f], start_interpolation: 0, interpolation_duration: 1 }
$data merge entity $(bone_left_knee) { transformation: [-3.1203466666666664f,1.86654739641446e-17f,3.816761205146665e-16f,0.8545118749999999f,0f,3.11662203976203f,-0.15241516147464113f,-3.744193007729939f,-3.821322557563446e-16f,-0.15241516147464113f,-3.11662203976203f,1.7284355642512665f,0f,0f,0f,1f], start_interpolation: 0, interpolation_duration: 1 }
$data merge entity $(bone_left_thigh) { transformation: [-2.3827266666666667f,1.6811862681970717e-16f,2.385021693203509e-16f,0.7753200000000001f,0f,1.94751800671349f,-1.3727927671615843f,-1.3008076739028436f,-2.9179985855763755e-16f,-1.3727927671615843f,-1.94751800671349f,-0.23149605703124826f,0f,0f,0f,1f], start_interpolation: 0, interpolation_duration: 1 }
$data merge entity $(bone_left_leg) { transformation: [-1.1368933333333335f,1.2714925205798739e-17f,1.3864747590577094e-16f,0.7484450000000001f,0f,1.1321425573667665f,-0.10382524344693805f,-1.428666875f,-1.3922927816386319e-16f,-0.10382524344693805f,-1.1321425573667665f,-0.21725999999999995f,0f,0f,0f,1f], start_interpolation: 0, interpolation_duration: 1 }
data modify entity @s data merge value {"locators":{"consume":{"posx":-2.8259826643878427,"posy":-1.865603796327052,"posz":1.6346022821022061,"roty":353.6741182998767,"rotx":-32.781604119104045}},"cameras":{}}