# This file was generated by Animated Java via MC-Build. It is not recommended to edit this file directly.
$data merge entity $(bone_neck) { transformation: [-1.0489695833333332f,0f,1.2846172426320994e-16f,-4.129509006724875e-17f,0f,1.0489695833333332f,0f,4.534387499999999f,-1.2846172426320994e-16f,0f,-1.0489695833333332f,0.3372f,0f,0f,0f,1f], start_interpolation: 0, interpolation_duration: 1 }
$data merge entity $(bone_right_thumb_2) { transformation: [-0.9880400219339242f,-0.1296449488715683f,-0.08348114930269583f,-2.462105352468361f,-0.02042775305537614f,0.6466700325650071f,-0.7624962792614012f,-1.4362318926784505f,0.15283854867774396f,-0.7516715081832361f,-0.6415842281599664f,0.8391391598370394f,0f,0f,0f,1f], start_interpolation: 0, interpolation_duration: 1 }
$data merge entity $(bone_right_thumb) { transformation: [-0.9880400219339242f,-0.1296449488715683f,-0.08348114930269583f,-2.645076563394159f,-0.02042775305537614f,0.6466700325650071f,-0.7624962792614012f,-1.2538923207737218f,0.15283854867774396f,-0.7516715081832361f,-0.6415842281599664f,0.6462438349051676f,0f,0f,0f,1f], start_interpolation: 0, interpolation_duration: 1 }
$data merge entity $(bone_right_fingers2) { transformation: [0.862854868190991f,-0.4903107500714059f,-0.12278780396897274f,-2.4901351596694683f,-0.48139483906404223f,-0.7231177804713871f,-0.4953379497763514f,-2.0045475758511473f,0.15407947741867595f,0.48651417649494033f,-0.859978761777195f,0.8601291987152638f,0f,0f,0f,1f], start_interpolation: 0, interpolation_duration: 1 }
$data merge entity $(bone_right_fingers) { transformation: [-0.20815221048165095f,-0.9703585999351371f,-0.12278780396897274f,-2.9394446485451553f,-0.8344079045809807f,0.24166870770568782f,-0.4953379497763514f,-1.8556310668963887f,0.5103294093469227f,-0.0006505749635457928f,-0.859978761777195f,0.8290595095791999f,0f,0f,0f,1f], start_interpolation: 0, interpolation_duration: 1 }
$data merge entity $(bone_right_hand) { transformation: [-0.984807753012208f,0.12278780396897289f,-0.12278780396897274f,-2.9180126026877296f,0.16802564463281727f,0.8522955463083721f,-0.4953379497763514f,-1.2586895456174356f,0.04383003938820935f,-0.5084441532158573f,-0.859978761777195f,0.4481554713734798f,0f,0f,0f,1f], start_interpolation: 0, interpolation_duration: 1 }
$data merge entity $(bone_right_forearm) { transformation: [-1.4824598341687394f,0.18483606262544394f,-0.18483606262544372f,-2.608370001000596f,0.25293390361374823f,1.282985344478093f,-0.7456466631552101f,0.5870179051973463f,0.06597863666722034f,-0.7653758134569654f,-1.2945511128170966f,-0.6528359969428493f,0f,0f,0f,1f], start_interpolation: 0, interpolation_duration: 1 }
$data merge entity $(bone_right_bicep) { transformation: [-1.554906395845955f,0.27417195006379846f,1.870979301470324e-16f,-2.107345625f,0.26529457013979096f,1.504560272477092f,0.3985239460590112f,2.7739792404573413f,0.06920295698978114f,0.39246947183993325f,-1.5277705398593069f,-0.1440473419323829f,0f,0f,0f,1f], start_interpolation: 0, interpolation_duration: 1 }
$data merge entity $(bone_right_shoulder) { transformation: [-1f,-3.091095925361692e-17f,1.1849941107296614e-16f,-1.795433125f,0f,0.9676211227226498f,0.25240713710384355f,2.9920227862990605f,-1.2246467991473532e-16f,0.25240713710384355f,-0.9676211227226498f,-0.022578572380141035f,0f,0f,0f,1f], start_interpolation: 0, interpolation_duration: 1 }
$data merge entity $(bone_right_arm) { transformation: [-1.46271875f,-1.5612328780452606e-17f,1.7844973452847951e-16f,-1.4259925f,0f,1.4571526635493854f,0.12748433908717616f,3.045883182428125f,-1.7913138352403177e-16f,0.12748433908717616f,-1.4571526635493854f,-0.026054431243193676f,0f,0f,0f,1f], start_interpolation: 0, interpolation_duration: 1 }
$data merge entity $(bone_left_thumb_2) { transformation: [-0.9880400219339242f,0.12964494887156847f,0.08348114930269601f,2.4957065135762124f,0.03990190258848192f,0.7379152942005758f,-0.6737127405316726f,-1.562199022877631f,-0.14894547064825409f,-0.6623240942446273f,-0.7342629235882772f,0.22221850373881735f,0f,0f,0f,1f], start_interpolation: 0, interpolation_duration: 1 }
$data merge entity $(bone_left_thumb) { transformation: [-0.9880400219339242f,0.12964494887156847f,0.08348114930269601f,2.6786777245020104f,0.03990190258848192f,0.7379152942005758f,-0.6737127405316726f,-1.3565798576469112f,-0.14894547064825409f,-0.6623240942446273f,-0.7342629235882772f,0.05435819052335217f,0f,0f,0f,1f], start_interpolation: 0, interpolation_duration: 1 }
$data merge entity $(bone_left_fingers2) { transformation: [0.862854868190991f,0.4903107500714058f,0.12278780396897296f,2.5237363207773202f,0.4972053430781891f,-0.7796496638657183f,-0.3807009961223803f,-2.1284989944423414f,-0.09093032087047614f,0.3895404600275661f,-0.9165096326541825f,0.1699916937848631f,0f,0f,0f,1f], start_interpolation: 0, interpolation_duration: 1 }
$data merge entity $(bone_left_fingers) { transformation: [-0.20815221048165083f,0.9703585999351371f,0.12278780396897296f,2.9730458096530072f,0.8930776302820163f,0.2397479881902778f,-0.3807009961223803f,-1.9768243273357424f,-0.39885461456708854f,0.03041528712070328f,-0.9165096326541825f,0.15831917990024147f,0f,0f,0f,1f], start_interpolation: 0, interpolation_duration: 1 }
$data merge entity $(bone_left_hand) { transformation: [-0.984807753012208f,-0.12278780396897278f,0.12278780396897296f,2.9516137637955815f,-0.16099883051476932f,0.9105746142542652f,-0.3807009961223803f,-1.3358779921837602f,-0.0650620179515084f,-0.3946859854012721f,-0.9165096326541825f,-0.14270384513853995f,0f,0f,0f,1f], start_interpolation: 0, interpolation_duration: 1 }
$data merge entity $(bone_left_forearm) { transformation: [-1.48245983416874f,-0.18483606262544386f,0.18483606262544414f,2.6419711621084474f,-0.24235623537310566f,1.370714525263195f,-0.5730803132420728f,0.6360265711562647f,-0.09793975326459588f,-0.5941323254991092f,-1.3796486815652937f,-0.9973444715876536f,0f,0f,0f,1f], start_interpolation: 0, interpolation_duration: 1 }
$data merge entity $(bone_left_bicep) { transformation: [-1.554906395845955f,-0.2741719500637986f,1.7927351513057638e-16f,2.044845625f,-0.2541999801742325f,1.4416397261093072f,0.5915753783139946f,2.767982079108022f,-0.10272598639685027f,0.582588019054752f,-1.4638793426430672f,-0.1131167487540042f,0f,0f,0f,1f], start_interpolation: 0, interpolation_duration: 1 }
$data merge entity $(bone_left_shoulder) { transformation: [-1f,-4.5884726866071905e-17f,1.1354377863645617e-16f,1.795433125f,0f,0.9271553129890983f,0.3746772285529071f,2.9920227862990605f,-1.2246467991473532e-16f,0.3746772285529071f,-0.9271553129890983f,-0.02257857238014055f,0f,0f,0f,1f], start_interpolation: 0, interpolation_duration: 1 }
$data merge entity $(bone_left_arm) { transformation: [-1.46271875f,-1.5612328780452606e-17f,1.7844973452847951e-16f,1.4259925f,0f,1.4571526635493854f,0.12748433908717616f,2.983621013797391f,-1.7913138352403177e-16f,0.12748433908717616f,-1.4571526635493854f,-0.03150166516492192f,0f,0f,0f,1f], start_interpolation: 0, interpolation_duration: 1 }
$data merge entity $(bone_chest) { transformation: [-2.06546125f,-2.204570093757574e-17f,2.5198351476752546e-16f,-3.883538697116129e-17f,0f,2.057601546363949f,0.1800168093602565f,3.783605f,-2.529460508575391e-16f,0.1800168093602565f,-2.057601546363949f,0.317115f,0f,0f,0f,1f], start_interpolation: 0, interpolation_duration: 1 }
$data merge entity $(bone_weist) { transformation: [-2.0892733333333333f,3.339671739653208e-17f,2.5367325351622816e-16f,-2.140682604909573e-18f,0f,2.0713993103386654f,-0.2727048927068946f,0.34397500000000036f,-2.5586219002105877e-16f,-0.2727048927068946f,-2.0713993103386654f,0.017479999999999996f,0f,0f,0f,1f], start_interpolation: 0, interpolation_duration: 1 }
$data merge entity $(bone_right_foot) { transformation: [-1.1328200000000002f,-9.868084917174353e-17f,9.751012577634402e-17f,-0.8202674999999996f,0f,0.7962306017068299f,0.8057902837001574f,-6.647887966009025f,-1.387304387010105e-16f,0.8057902837001574f,-0.7962306017068299f,-3.0737356419348276f,0f,0f,0f,1f], start_interpolation: 0, interpolation_duration: 1 }
$data merge entity $(bone_right_knee) { transformation: [-3.1203466666666664f,-3.0454862840687646e-16f,2.3081419762424207e-16f,-0.854511875f,0f,1.8847409537586177f,2.486828272600027f,-4.3349977861118845f,-3.821322557563446e-16f,2.486828272600027f,-1.8847409537586177f,0.16362938943415406f,0f,0f,0f,1f], start_interpolation: 0, interpolation_duration: 1 }
$data merge entity $(bone_right_thigh) { transformation: [-2.3827266666666667f,2.2783186758861827e-17f,2.909090645809582e-16f,-0.7753199999999999f,0f,2.375452781842899f,-0.18603883809376198f,-1.273176076242124f,-2.9179985855763755e-16f,-0.18603883809376198f,-2.375452781842899f,-0.2799924379991865f,0f,0f,0f,1f], start_interpolation: 0, interpolation_duration: 1 }
$data merge entity $(bone_right_leg) { transformation: [-1.1368933333333335f,9.416637287311383e-18f,1.389104705924993e-16f,-0.7484449999999999f,0f,1.1342900719555562f,-0.07689267872065328f,-1.475666875f,-1.3922927816386319e-16f,-0.07689267872065328f,-1.1342900719555562f,-0.26376000000000016f,0f,0f,0f,1f], start_interpolation: 0, interpolation_duration: 1 }
$data merge entity $(bone_left_foot) { transformation: [-1.1328200000000002f,-1.1839698382859929e-17f,1.3822429657761953e-16f,0.8202675000000001f,0f,1.1286870359180843f,0.09667847408006283f,-7.801347435800404f,-1.387304387010105e-16f,0.09667847408006283f,-1.1286870359180843f,-0.8571515864545969f,0f,0f,0f,1f], start_interpolation: 0, interpolation_duration: 1 }
$data merge entity $(bone_left_knee) { transformation: [-3.1203466666666664f,-8.202967587407027e-17f,3.732240522332762e-16f,0.854511875f,0f,3.047605664695563f,0.6698231353822386f,-3.9410153998555497f,-3.821322557563446e-16f,0.6698231353822386f,-3.047605664695563f,0.10608768955794728f,0f,0f,0f,1f], start_interpolation: 0, interpolation_duration: 1 }
$data merge entity $(bone_left_thigh) { transformation: [-2.3827266666666667f,1.824215880295053e-17f,2.9122908696842974e-16f,0.7753200000000001f,0f,2.3780659629469887f,-0.1489585308649925f,-0.9808698217779394f,-2.9179985855763755e-16f,-0.1489585308649925f,-2.3780659629469887f,-0.27391831584545406f,0f,0f,0f,1f], start_interpolation: 0, interpolation_duration: 1 }
$data merge entity $(bone_left_leg) { transformation: [-1.1368933333333335f,7.394051509237874e-18f,1.3903280152650714e-16f,0.7484450000000001f,0f,1.1352889798373473f,-0.06037701249360959f,-1.4726668749999998f,-1.3922927816386319e-16f,-0.06037701249360959f,-1.1352889798373473f,-0.24525999999999998f,0f,0f,0f,1f], start_interpolation: 0, interpolation_duration: 1 }
data modify entity @s data merge value {"locators":{"consume":{"posx":-2.755419060943957,"posy":-1.9177093207572622,"posz":0.8313253995105547,"roty":351.8742268793161,"rotx":-29.692037595590087}},"cameras":{}}