# This file was generated by Animated Java via MC-Build. It is not recommended to edit this file directly.
$data merge entity $(bone_neck) { transformation: [-1.0489695833333332f,0f,1.2846172426320994e-16f,-4.129509006724875e-17f,0f,1.0489695833333332f,0f,4.5653875f,-1.2846172426320994e-16f,0f,-1.0489695833333332f,0.3372f,0f,0f,0f,1f], start_interpolation: 0, interpolation_duration: 1 }
$data merge entity $(bone_right_thumb_2) { transformation: [-0.9887175648562867f,-0.12567438162611283f,-0.0815078324306849f,-2.470781849015008f,-0.02829749970423867f,0.6910510612525025f,-0.7222518136026235f,-1.4683076783261755f,0.14709462415446414f,-0.7117965864941221f,-0.6868105932498223f,0.6311140999160689f,0f,0f,0f,1f], start_interpolation: 0, interpolation_duration: 1 }
$data merge entity $(bone_right_thumb) { transformation: [-0.9887175648562867f,-0.12567438162611283f,-0.0815078324306849f,-2.6527149704581467f,-0.02829749970423867f,0.6910510612525025f,-0.7222518136026235f,-1.274408615343925f,0.14709462415446414f,-0.7117965864941221f,-0.6868105932498223f,0.44880040710286706f,0f,0f,0f,1f], start_interpolation: 0, interpolation_duration: 1 }
$data merge entity $(bone_right_fingers2) { transformation: [0.8616569153468386f,-0.49320286407484154f,-0.11957547868749686f,-2.4995147538604527f,-0.49097410715507617f,-0.7505188776789546f,-0.4423413165766883f,-2.0368157795496726f,0.12842035017179496f,0.4398549182581633f,-0.8888396168858914f,0.6176260835205247f,0f,0f,0f,1f], start_interpolation: 0, interpolation_duration: 1 }
$data merge entity $(bone_right_fingers) { transformation: [-0.21127069999799308f,-0.9700857674551326f,-0.11957547868749686f,-2.948524081083267f,-0.8634213369269179f,0.24256494921677255f,-0.4423413165766883f,-1.8856939655441234f,0.45811383548381446f,0.009790260080843924f,-0.8888396168858914f,0.5936825997597358f,0f,0f,0f,1f], start_interpolation: 0, interpolation_duration: 1 }
$data merge entity $(bone_right_hand) { transformation: [-0.984807753012208f,0.12591820560864808f,-0.11957547868749686f,-2.9247909204707714f,0.1663897884286005f,0.8812766863794183f,-0.4423413165766883f,-1.2668707832137385f,0.04968025678004646f,-0.4555172966424114f,-0.8888396168858914f,0.24961719197260102f,0f,0f,0f,1f], start_interpolation: 0, interpolation_duration: 1 }
$data merge entity $(bone_right_forearm) { transformation: [-1.4824598341687394f,0.18954834751702818f,-0.18000045568641737f,-2.608370001000596f,0.2504714015570681f,1.3266114999102907f,-0.6658692854646222f,0.6415340134049914f,0.07478513953849333f,-0.6857034725569738f,-1.337996199787158f,-0.7365702557483671f,0f,0f,0f,1f], start_interpolation: 0, interpolation_duration: 1 }
$data merge entity $(bone_right_bicep) { transformation: [-1.554906395845955f,0.27417195006379846f,1.8527639087845241e-16f,-2.107345625f,0.2627117276846611f,1.4899122450183775f,0.45171695598647105f,2.80936127315386f,0.07843982622830348f,0.44485436042255105f,-1.512896542966095f,-0.15159953060115616f,0f,0f,0f,1f], start_interpolation: 0, interpolation_duration: 1 }
$data merge entity $(bone_right_shoulder) { transformation: [-1f,-3.503680157427255e-17f,1.1734573005467063e-16f,-1.795433125f,0f,0.9582006022991388f,0.28609719633992864f,3.0230227862990606f,-1.2246467991473532e-16f,0.28609719633992864f,-0.9582006022991388f,-0.022578572380141035f,0f,0f,0f,1f], start_interpolation: 0, interpolation_duration: 1 }
$data merge entity $(bone_right_arm) { transformation: [-1.46271875f,-1.5612328780452606e-17f,1.7844973452847951e-16f,-1.4259925f,0f,1.4571526635493854f,0.12748433908717616f,3.076883182428125f,-1.7913138352403177e-16f,0.12748433908717616f,-1.4571526635493854f,-0.026054431243193676f,0f,0f,0f,1f], start_interpolation: 0, interpolation_duration: 1 }
$data merge entity $(bone_left_thumb_2) { transformation: [-0.9881055008371878f,0.1292636787753892f,0.08329718221370468f,2.4965428823491753f,0.03152543846677977f,0.7004453192258454f,-0.713009468032565f,-1.5129450310787438f,-0.15051134822586437f,-0.7019025973196402f,-0.6961889671139411f,0.4778690767277798f,0f,0f,0f,1f], start_interpolation: 0, interpolation_duration: 1 }
$data merge entity $(bone_left_thumb) { transformation: [-0.9881055008371878f,0.1292636787753892f,0.08329718221370468f,2.679414473434891f,0.03152543846677977f,0.7004453192258454f,-0.713009468032565f,-1.316829670774222f,-0.15051134822586437f,-0.7019025973196402f,-0.6961889671139411f,0.29889551298991535f,0f,0f,0f,1f], start_interpolation: 0, interpolation_duration: 1 }
$data merge entity $(bone_left_fingers2) { transformation: [0.862739095985559f,0.4905902488999053f,0.12248452940003932f,2.524642551777943f,0.49158018944667126f,-0.7570121923876312f,-0.43044332718727f,-2.0812547227269373f,-0.11844901688741523f,0.4315712551373193f,-0.8942684620054563f,0.4568103369597177f,0f,0f,0f,1f], start_interpolation: 0, interpolation_duration: 1 }
$data merge entity $(bone_left_fingers) { transformation: [-0.20845358662569996f,0.9703322329390756f,0.12248452940003932f,2.9739230907761454f,0.869796373691185f,0.24119040278090964f,-0.43044332718727f,-1.930388022465673f,-0.44721512780377454f,0.016809144114139404f,-0.8942684620054563f,0.4366434074517839f,0f,0f,0f,1f], start_interpolation: 0, interpolation_duration: 1 }
$data merge entity $(bone_left_hand) { transformation: [-0.984807753012208f,-0.12309033132093163f,0.12248452940003932f,2.952268870988453f,-0.16446485149267961f,0.8875076645885623f,-0.43044332718727f,-1.3069438528038602f,-0.055722546877692736f,-0.44404832578432235f,-0.8942684620054563f,0.10088328352702436f,0f,0f,0f,1f], start_interpolation: 0, interpolation_duration: 1 }
$data merge entity $(bone_left_forearm) { transformation: [-1.48245983416874f,-0.18529146587206194f,0.18437953457132006f,2.6419711621084474f,-0.24757373784343256f,1.3359911731453804f,-0.6479588950120407f,0.6150059617632038f,-0.08388077505594149f,-0.6684388962126426f,-1.3461683986869555f,-0.8606368619860971f,0f,0f,0f,1f], start_interpolation: 0, interpolation_duration: 1 }
$data merge entity $(bone_left_bicep) { transformation: [-1.554906395845955f,-0.2741719500637986f,1.8313295784975375e-16f,2.044845625f,-0.25967245758944857f,1.4726756877824905f,0.506656383980573f,2.794158877668936f,-0.0879799577815432f,0.4989591350571986f,-1.4953940840514834f,-0.10012024624850334f,0f,0f,0f,1f], start_interpolation: 0, interpolation_duration: 1 }
$data merge entity $(bone_left_shoulder) { transformation: [-1f,-3.92981023993207e-17f,1.1598817601131198e-16f,1.795433125f,0f,0.9471153322906446f,0.3208933582048437f,3.0230227862990606f,-1.2246467991473532e-16f,0.3208933582048437f,-0.9471153322906446f,-0.02257857238014055f,0f,0f,0f,1f], start_interpolation: 0, interpolation_duration: 1 }
$data merge entity $(bone_left_arm) { transformation: [-1.46271875f,-1.5612328780452606e-17f,1.7844973452847951e-16f,1.4259925f,0f,1.4571526635493854f,0.12748433908717616f,3.0146210137973912f,-1.7913138352403177e-16f,0.12748433908717616f,-1.4571526635493854f,-0.03150166516492192f,0f,0f,0f,1f], start_interpolation: 0, interpolation_duration: 1 }
$data merge entity $(bone_chest) { transformation: [-2.06546125f,-2.204570093757574e-17f,2.5198351476752546e-16f,-3.883538697116129e-17f,0f,2.057601546363949f,0.1800168093602565f,3.8146050000000002f,-2.529460508575391e-16f,0.1800168093602565f,-2.057601546363949f,0.317115f,0f,0f,0f,1f], start_interpolation: 0, interpolation_duration: 1 }
$data merge entity $(bone_weist) { transformation: [-2.0892733333333333f,3.339671739653208e-17f,2.5367325351622816e-16f,-2.140682604909573e-18f,0f,2.0713993103386654f,-0.2727048927068946f,0.3749750000000003f,-2.5586219002105877e-16f,-0.2727048927068946f,-2.0713993103386654f,0.017479999999999996f,0f,0f,0f,1f], start_interpolation: 0, interpolation_duration: 1 }
$data merge entity $(bone_right_foot) { transformation: [-1.1328200000000002f,-1.0524145989044915e-16f,9.03900975898456e-17f,-0.8202674999999996f,0f,0.738091159449228f,0.8593617356753176f,-6.488944664814862f,-1.387304387010105e-16f,0.8593617356753176f,-0.738091159449228f,-3.0892908720862233f,0f,0f,0f,1f], start_interpolation: 0, interpolation_duration: 1 }
$data merge entity $(bone_right_knee) { transformation: [-3.1203466666666664f,-3.199053043108718e-16f,2.0901114124180296e-16f,-0.854511875f,0f,1.7067054875522039f,2.6122250475288245f,-4.407479341803718f,-3.821322557563446e-16f,2.6122250475288245f,-1.7067054875522039f,0.3015048220978751f,0f,0f,0f,1f], start_interpolation: 0, interpolation_duration: 1 }
$data merge entity $(bone_right_thigh) { transformation: [-2.3827266666666667f,3.3734525580425495e-17f,2.8984330117862124e-16f,-0.7753199999999999f,0f,2.3667501632341783f,-0.27546330586021034f,-1.299648333403076f,-2.9179985855763755e-16f,-0.27546330586021034f,-2.3667501632341783f,-0.2617697453011253f,0f,0f,0f,1f], start_interpolation: 0, interpolation_duration: 1 }
$data merge entity $(bone_right_leg) { transformation: [-1.1368933333333335f,1.0533056732925656e-17f,1.3883027988839956e-16f,-0.7484449999999999f,0f,1.1336352651642791f,-0.08600893531309746f,-1.444666875f,-1.3922927816386319e-16f,-0.08600893531309746f,-1.1336352651642791f,-0.2482600000000001f,0f,0f,0f,1f], start_interpolation: 0, interpolation_duration: 1 }
$data merge entity $(bone_left_foot) { transformation: [-1.1328200000000002f,-1.1785851175955104e-17f,1.3822889833255947e-16f,0.8202675000000003f,0f,1.1287246120987686f,0.09623877826783098f,-7.813000931844712f,-1.387304387010105e-16f,0.09623877826783098f,-1.1287246120987686f,-1.0752450180571114f,0f,0f,0f,1f], start_interpolation: 0, interpolation_duration: 1 }
$data merge entity $(bone_left_knee) { transformation: [-3.1203466666666664f,-8.188427742890017e-17f,3.7325597918771413e-16f,0.8545118750000001f,0f,3.0478663680629348f,0.668635866977411f,-3.9522939517480475f,-3.821322557563446e-16f,0.668635866977411f,-3.0478663680629348f,-0.11350963634954023f,0f,0f,0f,1f], start_interpolation: 0, interpolation_duration: 1 }
$data merge entity $(bone_left_thigh) { transformation: [-2.3827266666666667f,-2.8185531952790943e-18f,2.9178624575559187e-16f,0.7753200000000001f,0f,2.382615509702429f,0.02301523343090826f,-0.9694452720657039f,-2.9179985855763755e-16f,0.02301523343090826f,-2.382615509702429f,-0.2789116705642787f,0f,0f,0f,1f], start_interpolation: 0, interpolation_duration: 1 }
$data merge entity $(bone_left_leg) { transformation: [-1.1368933333333335f,5.069239581353661e-18f,1.39136963845332e-16f,0.7484450000000001f,0f,1.1361395297175036f,-0.04139348247088927f,-1.440166875f,-1.3922927816386319e-16f,-0.04139348247088927f,-1.1361395297175036f,-0.2592599999999999f,0f,0f,0f,1f], start_interpolation: 0, interpolation_duration: 1 }
data modify entity @s data merge value {"locators":{"consume":{"posx":-2.7645770590912893,"posy":-1.9480419002090281,"posz":0.5929833895867057,"roty":352.3380081753022,"rotx":-26.253362028608713}},"cameras":{}}