# This file was generated by Animated Java via MC-Build. It is not recommended to edit this file directly.
$data merge entity $(bone_neck) { transformation: [-1.0489695833333332f,0f,1.2846172426320994e-16f,-4.129509006724875e-17f,0f,1.0489695833333332f,0f,4.6823875f,-1.2846172426320994e-16f,0f,-1.0489695833333332f,0.3372f,0f,0f,0f,1f], start_interpolation: 0, interpolation_duration: 1 }
$data merge entity $(bone_right_thumb_2) { transformation: [-0.9873798064510186f,-0.1334613733565657f,-0.08525948413243141f,-2.453696706172722f,-0.06911284286483221f,0.8475080935849736f,-0.526263666101988f,-1.3037659663927232f,0.1424939744827477f,-0.513729591448403f,-0.8460362723349198f,-0.6266280571861584f,0f,0f,0f,1f], start_interpolation: 0, interpolation_duration: 1 }
$data merge entity $(bone_right_thumb) { transformation: [-0.9873798064510186f,-0.1334613733565657f,-0.08525948413243141f,-2.637664381952965f,-0.06911284286483221f,0.8475080935849736f,-0.526263666101988f,-1.0710451950904105f,0.1424939744827477f,-0.513729591448403f,-0.8460362723349198f,-0.7528490014192653f,0f,0f,0f,1f], start_interpolation: 0, interpolation_duration: 1 }
$data merge entity $(bone_right_fingers2) { transformation: [0.864022184665558f,-0.4874925988069245f,-0.12576418613511223f,-2.481000349947335f,-0.503420299106439f,-0.8394532611513356f,-0.20466124398618046f,-1.8506606436688537f,-0.00580231448128235f,0.2401440993463266f,-0.9707199105281614f,-0.7827360024277639f,0f,0f,0f,1f], start_interpolation: 0, interpolation_duration: 1 }
$data merge entity $(bone_right_fingers) { transformation: [-0.20511347301718336f,-0.9706244550147095f,-0.12576418613511223f,-2.930601074606517f,-0.9519822080503888f,0.22769200856757155f,-0.20466124398618046f,-1.7005018221259203f,0.22728470855368862f,0.07774648906454162f,-0.9707199105281614f,-0.7645155272750294f,0f,0f,0f,1f], start_interpolation: 0, interpolation_duration: 1 }
$data merge entity $(bone_right_hand) { transformation: [-0.984807753012208f,0.11973745902105415f,-0.12576418613511223f,-2.9114067965463457f,0.1438548553076875f,0.9682042944618834f,-0.20466124398618046f,-1.0148448280318614f,0.09725980779052606f,-0.2196437686180694f,-0.9707199105281614f,-0.9416947158879677f,0f,0f,0f,1f], start_interpolation: 0, interpolation_duration: 1 }
$data merge entity $(bone_right_forearm) { transformation: [-1.4824598341687394f,0.18024428940694756f,-0.18931649751128002f,-2.608370001000596f,0.21654890946127509f,1.4574661637453945f,-0.30808253985868034f,1.0819487934385612f,0.14640802541147274f,-0.3306361711773645f,-1.4612529939820982f,-1.4174277897691503f,0f,0f,0f,1f], start_interpolation: 0, interpolation_duration: 1 }
$data merge entity $(bone_right_bicep) { transformation: [-1.554906395845955f,0.2741719500637984f,1.601835584591019e-16f,-2.107345625f,0.22713147201293904f,1.28812658788999f,0.8843332776937504f,2.9748451312183364f,0.153562862121743f,0.8708982681195032f,-1.3079980168210779f,-0.20969883350062712f,0f,0f,0f,1f], start_interpolation: 0, interpolation_duration: 1 }
$data merge entity $(bone_right_shoulder) { transformation: [-1f,-6.859208884115914e-17f,1.0145305897322718e-16f,-1.795433125f,0f,0.828427094602809f,0.5600969103003055f,3.1400227862990606f,-1.2246467991473532e-16f,0.5600969103003055f,-0.828427094602809f,-0.022578572380141035f,0f,0f,0f,1f], start_interpolation: 0, interpolation_duration: 1 }
$data merge entity $(bone_right_arm) { transformation: [-1.46271875f,-1.5612328780452606e-17f,1.7844973452847951e-16f,-1.4259925f,0f,1.4571526635493854f,0.12748433908717616f,3.193883182428125f,-1.7913138352403177e-16f,0.12748433908717616f,-1.4571526635493854f,-0.026054431243193676f,0f,0f,0f,1f], start_interpolation: 0, interpolation_duration: 1 }
$data merge entity $(bone_left_thumb_2) { transformation: [-0.9940128741987163f,0.09202762744252599f,0.0589009483328288f,2.5744785815028357f,0.01032769544000356f,0.6157961402192191f,-0.7878378338198859f,-1.3689768186541937f,-0.10877382329451077f,-0.7825126385422867f,-0.6130597245680742f,1.645982623709182f,0f,0f,0f,1f], start_interpolation: 0, interpolation_duration: 1 }
$data merge entity $(bone_left_thumb) { transformation: [-0.9940128741987163f,0.09202762744252599f,0.0589009483328288f,2.747549037748121f,0.01032769544000356f,0.6157961402192191f,-0.7878378338198859f,-1.1939960632925122f,-0.10877382329451077f,-0.7825126385422867f,-0.6130597245680742f,1.4377444372045711f,0f,0f,0f,1f], start_interpolation: 0, interpolation_duration: 1 }
$data merge entity $(bone_left_fingers2) { transformation: [0.8522943632810445f,0.5158060642505062f,0.08682408883346526f,2.606665916468002f,0.47799911195978995f,-0.700659266490899f,-0.5297107146793307f,-1.935841156486069f,-0.21239389653427204f,0.49297129364988157f,-0.8437227840660408f,1.6888517912560286f,0f,0f,0f,1f], start_interpolation: 0, interpolation_duration: 1 }
$data merge entity $(bone_left_fingers) { transformation: [-0.23564312885102487f,0.9679534562279002f,0.08682408883346526f,3.0532672219870403f,0.8119677242753908f,0.24518355060842772f,-0.5297107146793307f,-1.786590366321153f,-0.5340231554533399f,-0.05432433237055685f,-0.8437227840660408f,1.6314763212374346f,0f,0f,0f,1f], start_interpolation: 0, interpolation_duration: 1 }
$data merge entity $(bone_left_hand) { transformation: [-0.984807753012208f,-0.15038373318043524f,0.08682408883346526f,3.0113261584053195f,-0.1734829030790772f,0.8302470964075502f,-0.5297107146793307f,-1.2058588841145745f,0.007574427126938398f,-0.5367257136578678f,-0.8437227840660408f,1.2278944937257454f,0f,0f,0f,1f], start_interpolation: 0, interpolation_duration: 1 }
$data merge entity $(bone_left_forearm) { transformation: [-1.48245983416874f,-0.22637701974872698f,0.13069883329027293f,2.6419711621084474f,-0.26114887392294145f,1.2497951697625975f,-0.7973889887026415f,0.5919355097913153f,0.011402006074971575f,-0.8079488712691703f,-1.2700805154358135f,0.06763204409238072f,0f,0f,0f,1f], start_interpolation: 0, interpolation_duration: 1 }
$data merge entity $(bone_left_bicep) { transformation: [-1.554906395845955f,-0.2741719500637985f,1.9317463208026353e-16f,2.044845625f,-0.2739109991188678f,1.5534264694961575f,-0.0688703599152132f,2.898609652010328f,0.01195921249454219f,-0.0678240643972432f,-1.5773905767341179f,-0.012038247306595216f,0f,0f,0f,1f], start_interpolation: 0, interpolation_duration: 1 }
$data merge entity $(bone_left_shoulder) { transformation: [-1f,5.341834311772722e-18f,1.223481206754078e-16f,1.795433125f,0f,0.9990482215818577f,-0.04361938736533598f,3.1400227862990606f,-1.2246467991473532e-16f,-0.04361938736533598f,-0.9990482215818577f,-0.02257857238014055f,0f,0f,0f,1f], start_interpolation: 0, interpolation_duration: 1 }
$data merge entity $(bone_left_arm) { transformation: [-1.46271875f,-1.5612328780452606e-17f,1.7844973452847951e-16f,1.4259925f,0f,1.4571526635493854f,0.12748433908717616f,3.131621013797391f,-1.7913138352403177e-16f,0.12748433908717616f,-1.4571526635493854f,-0.03150166516492192f,0f,0f,0f,1f], start_interpolation: 0, interpolation_duration: 1 }
$data merge entity $(bone_chest) { transformation: [-2.06546125f,-2.204570093757574e-17f,2.5198351476752546e-16f,-3.883538697116129e-17f,0f,2.057601546363949f,0.1800168093602565f,3.9316050000000002f,-2.529460508575391e-16f,0.1800168093602565f,-2.057601546363949f,0.317115f,0f,0f,0f,1f], start_interpolation: 0, interpolation_duration: 1 }
$data merge entity $(bone_weist) { transformation: [-2.0892733333333333f,3.339671739653208e-17f,2.5367325351622816e-16f,-2.140682604909573e-18f,0f,2.0713993103386654f,-0.2727048927068946f,0.4919750000000003f,-2.5586219002105877e-16f,-0.2727048927068946f,-2.0713993103386654f,0.017479999999999996f,0f,0f,0f,1f], start_interpolation: 0, interpolation_duration: 1 }
$data merge entity $(bone_right_foot) { transformation: [-1.1328200000000002f,-1.1911242585034827e-17f,1.382181497570246e-16f,-0.8202675f,0f,1.1286368433188856f,0.09726267682508864f,-7.487135421707531f,-1.387304387010105e-16f,0.09726267682508864f,-1.1286368433188856f,0.928566348385569f,0f,0f,0f,1f], start_interpolation: 0, interpolation_duration: 1 }
$data merge entity $(bone_right_knee) { transformation: [-3.1203466666666664f,-8.22228480642618e-17f,3.7318154314707706e-16f,-0.8545118750000001f,0f,3.0472585516648603f,0.671400506019438f,-3.627302481753272f,-3.821322557563446e-16f,0.671400506019438f,-3.0472585516648603f,1.8938036281460278f,0f,0f,0f,1f], start_interpolation: 0, interpolation_duration: 1 }
$data merge entity $(bone_right_thigh) { transformation: [-2.3827266666666667f,1.7982378687166787e-16f,2.2980548977209025e-16f,-0.7753199999999999f,0f,1.876504229073148f,-1.4683726523995997f,-1.2283760289161203f,-2.9179985855763755e-16f,-1.4683726523995997f,-1.876504229073148f,-0.22996371936525592f,0f,0f,0f,1f], start_interpolation: 0, interpolation_duration: 1 }
$data merge entity $(bone_right_leg) { transformation: [-1.1368933333333335f,1.3449346733566332e-17f,1.3857816195371729e-16f,-0.7484449999999999f,0f,1.1315765659960144f,-0.10982225032499404f,-1.327666875f,-1.3922927816386319e-16f,-0.10982225032499404f,-1.1315765659960144f,-0.2178155555555557f,0f,0f,0f,1f], start_interpolation: 0, interpolation_duration: 1 }
$data merge entity $(bone_left_foot) { transformation: [-1.1328200000000002f,-3.943349413786858e-17f,1.330080229243842e-16f,0.8202675000000005f,0f,1.0860929291367076f,0.32199891564917904f,-7.54884706400566f,-1.387304387010105e-16f,0.32199891564917904f,-1.0860929291367076f,-2.634315507008682f,0f,0f,0f,1f], start_interpolation: 0, interpolation_duration: 1 }
$data merge entity $(bone_left_knee) { transformation: [-3.1203466666666664f,-1.5551096327144592e-16f,3.4905787656464564e-16f,0.8545118750000003f,0f,2.8502738651476762f,1.2698433816159787f,-3.9615876631026112f,-3.821322557563446e-16f,1.2698433816159787f,-2.8502738651476762f,-0.913396182569556f,0f,0f,0f,1f], start_interpolation: 0, interpolation_duration: 1 }
$data merge entity $(bone_left_thigh) { transformation: [-2.3827266666666667f,-6.988838097565988e-17f,2.8330685070936477e-16f,0.7753200000000001f,0f,2.3133759946673123f,0.5706819388604036f,-1.0298727581390965f,-2.9179985855763755e-16f,0.5706819388604036f,-2.3133759946673123f,-0.32583205324420994f,0f,0f,0f,1f], start_interpolation: 0, interpolation_duration: 1 }
$data merge entity $(bone_left_leg) { transformation: [-1.1368933333333335f,-1.0124195421442876e-17f,1.3886069481713975e-16f,0.7484450000000001f,0f,1.1338836219048625f,0.08267032934305414f,-1.390166875f,-1.3922927816386319e-16f,0.08267032934305414f,-1.1338836219048625f,-0.4122599999999999f,0f,0f,0f,1f], start_interpolation: 0, interpolation_duration: 1 }
data modify entity @s data merge value {"locators":{"consume":{"posx":-2.7464979763528734,"posy":-1.7597933091714073,"posz":-0.7822589634954019,"roty":352.6180131075265,"rotx":-11.809669317504083}},"cameras":{}}