# This file was generated by Animated Java via MC-Build. It is not recommended to edit this file directly.
$data merge entity $(bone_neck) { transformation: [-1.0489695833333332f,0f,1.2846172426320994e-16f,-4.129509006724875e-17f,0f,1.0489695833333332f,0f,4.6683875f,-1.2846172426320994e-16f,0f,-1.0489695833333332f,0.3372f,0f,0f,0f,1f], start_interpolation: 0, interpolation_duration: 1 }
$data merge entity $(bone_right_thumb_2) { transformation: [-0.9880400219339242f,-0.12964494887156833f,-0.08348114930269579f,-2.462105352468361f,-0.07619461088082385f,0.8811631164747762f,-0.4666325571980373f,-1.3025886001106832f,0.1340570637062083f,-0.45469082836202923f,-0.8805026713610365f,-0.8824612039443035f,0f,0f,0f,1f], start_interpolation: 0, interpolation_duration: 1 }
$data merge entity $(bone_right_thumb) { transformation: [-0.9880400219339242f,-0.12964494887156833f,-0.08348114930269579f,-2.645076563394159f,-0.07619461088082385f,0.8811631164747762f,-0.4666325571980373f,-1.061266432433415f,0.1340570637062083f,-0.45469082836202923f,-0.8805026713610365f,-0.9930050289664031f,0f,0f,0f,1f], start_interpolation: 0, interpolation_duration: 1 }
$data merge entity $(bone_right_fingers2) { transformation: [0.862854868190991f,-0.4903107500714058f,-0.12278780396897271f,-2.4901351596694683f,-0.5040607106030712f,-0.8527145493085581f,-0.13711563522745818f,-1.837384732805341f,-0.0374736769670978f,0.18020340108310354f,-0.9829152851454941f,-1.0758943808478452f,0f,0f,0f,1f], start_interpolation: 0, interpolation_duration: 1 }
$data merge entity $(bone_right_fingers) { transformation: [-0.2081522104816509f,-0.9703585999351371f,-0.12278780396897271f,-2.9394446485451553f,-0.9648222988057952f,0.2243150336095895f,-0.13711563522745818f,-1.687672839618286f,0.1605944862026812f,0.08992748872646844f,-0.9829152851454941f,-1.0489165888582805f,0f,0f,0f,1f], start_interpolation: 0, interpolation_duration: 1 }
$data merge entity $(bone_right_hand) { transformation: [-0.984807753012208f,0.12278780396897283f,-0.12278780396897271f,-2.9180126026877296f,0.13937164311222242f,0.9807012020347328f,-0.13711563522745818f,-0.9915091347972949f,0.10358201920818637f,-0.15214567862449196f,-0.9829152851454941f,-1.1784664334670942f,0f,0f,0f,1f], start_interpolation: 0, interpolation_duration: 1 }
$data merge entity $(bone_right_forearm) { transformation: [-1.4824598341687394f,0.18483606262544386f,-0.1848360626254437f,-2.608370001000596f,0.2098001993830858f,1.4762781232079423f,-0.20640416491392022f,1.1322396771777568f,0.15592503465630983f,-0.22902932761574094f,-1.4796110470919954f,-1.5078737663136832f,0f,0f,0f,1f], start_interpolation: 0, interpolation_duration: 1 }
$data merge entity $(bone_right_bicep) { transformation: [-1.554906395845955f,0.27417195006379835f,1.5519146499613995e-16f,-2.107345625f,0.22005295816560055f,1.2479823409976667f,0.9418178859020443f,2.969359332970513f,0.16354495958101073f,0.9275095559619004f,-1.2672344802125013f,-0.21688300426716622f,0f,0f,0f,1f], start_interpolation: 0, interpolation_duration: 1 }
$data merge entity $(bone_right_shoulder) { transformation: [-1f,-7.30508030529611e-17f,9.829129157731151e-17f,-1.795433125f,0f,0.8026093045418952f,0.5965050748005213f,3.1260227862990604f,-1.2246467991473532e-16f,0.5965050748005213f,-0.8026093045418952f,-0.022578572380141035f,0f,0f,0f,1f], start_interpolation: 0, interpolation_duration: 1 }
$data merge entity $(bone_right_arm) { transformation: [-1.46271875f,-1.5612328780452606e-17f,1.7844973452847951e-16f,-1.4259925f,0f,1.4571526635493854f,0.12748433908717616f,3.179883182428125f,-1.7913138352403177e-16f,0.12748433908717616f,-1.4571526635493854f,-0.026054431243193676f,0f,0f,0f,1f], start_interpolation: 0, interpolation_duration: 1 }
$data merge entity $(bone_left_thumb_2) { transformation: [-0.9880400219339242f,0.1296449488715685f,0.08348114930269596f,2.4957065135762124f,-0.024427490261723778f,0.40295477756600895f,-0.9148938435448355f,-0.9308258964251348f,-0.15225049351750558f,-0.9059909682048805f,-0.3949685465386572f,2.0613697621847953f,0f,0f,0f,1f], start_interpolation: 0, interpolation_duration: 1 }
$data merge entity $(bone_left_thumb) { transformation: [-0.9880400219339242f,0.1296449488715685f,0.08348114930269596f,2.6786777245020104f,-0.024427490261723778f,0.40295477756600895f,-0.9148938435448355f,-0.811722554815125f,-0.15225049351750558f,-0.9059909682048805f,-0.3949685465386572f,1.8241552603509037f,0f,0f,0f,1f], start_interpolation: 0, interpolation_duration: 1 }
$data merge entity $(bone_left_fingers2) { transformation: [0.862854868190991f,0.4903107500714057f,0.12278780396897293f,2.5237363207773202f,0.4166756495453475f,-0.5524864687342956f,-0.7219003428046499f,-1.4690506620164479f,-0.28611689833889603f,0.674057913112756f,-0.6810161894221063f,2.2450471945937194f,0f,0f,0f,1f], start_interpolation: 0, interpolation_duration: 1 }
$data merge entity $(bone_left_fingers) { transformation: [-0.20815221048165078f,0.9703585999351371f,0.12278780396897293f,2.9730458096530072f,0.652212494621424f,0.23125474463938667f,-0.7219003428046499f,-1.3353785056059604f,-0.7288974681882915f,-0.07018141216655913f,-0.6810161894221063f,2.172430345151909f,0f,0f,0f,1f], start_interpolation: 0, interpolation_duration: 1 }
$data merge entity $(bone_left_hand) { transformation: [-0.984807753012208f,-0.12278780396897274f,0.12278780396897293f,2.9516137637955815f,-0.17353068612028408f,0.6698858082040196f,-0.7219003428046499f,-0.8733316172814405f,0.006386750478079411f,-0.7322405063661287f,-0.6810161894221063f,1.6358301782325495f,0f,0f,0f,1f], start_interpolation: 0, interpolation_duration: 1 }
$data merge entity $(bone_left_forearm) { transformation: [-1.48245983416874f,-0.1848360626254438f,0.18483606262544408f,2.6419711621084474f,-0.2612208031285422f,1.0083986454255836f,-1.086697641450505f,0.5773777092329402f,0.009614161774875217f,-1.1022629912477029f,-1.0251535329092882f,0.05018814509179679f,0f,0f,0f,1f], start_interpolation: 0, interpolation_duration: 1 }
$data merge entity $(bone_left_bicep) { transformation: [-1.554906395845955f,-0.2741719500637985f,1.9322783888762599e-16f,2.044845625f,-0.2739864434440757f,1.5538543355261025f,-0.058071428603443706f,2.884543158692895f,0.010083997751503062f,-0.0571891931171663f,-1.5778250432872458f,-0.013690979289019403f,0f,0f,0f,1f], start_interpolation: 0, interpolation_duration: 1 }
$data merge entity $(bone_left_shoulder) { transformation: [-1f,4.504230124968633e-18f,1.2238181947331844e-16f,1.795433125f,0f,0.9993233931491546f,-0.0367798301363679f,3.1260227862990604f,-1.2246467991473532e-16f,-0.0367798301363679f,-0.9993233931491546f,-0.02257857238014055f,0f,0f,0f,1f], start_interpolation: 0, interpolation_duration: 1 }
$data merge entity $(bone_left_arm) { transformation: [-1.46271875f,-1.5612328780452606e-17f,1.7844973452847951e-16f,1.4259925f,0f,1.4571526635493854f,0.12748433908717616f,3.117621013797391f,-1.7913138352403177e-16f,0.12748433908717616f,-1.4571526635493854f,-0.03150166516492192f,0f,0f,0f,1f], start_interpolation: 0, interpolation_duration: 1 }
$data merge entity $(bone_chest) { transformation: [-2.06546125f,-2.204570093757574e-17f,2.5198351476752546e-16f,-3.883538697116129e-17f,0f,2.057601546363949f,0.1800168093602565f,3.917605f,-2.529460508575391e-16f,0.1800168093602565f,-2.057601546363949f,0.317115f,0f,0f,0f,1f], start_interpolation: 0, interpolation_duration: 1 }
$data merge entity $(bone_weist) { transformation: [-2.0892733333333333f,3.339671739653208e-17f,2.5367325351622816e-16f,-2.140682604909573e-18f,0f,2.0713993103386654f,-0.2727048927068946f,0.47797500000000026f,-2.5586219002105877e-16f,-0.2727048927068946f,-2.0713993103386654f,0.017479999999999996f,0f,0f,0f,1f], start_interpolation: 0, interpolation_duration: 1 }
$data merge entity $(bone_right_foot) { transformation: [-1.1328200000000002f,6.216211354153527e-18f,1.3859110122434023e-16f,-0.8202675000000001f,0f,1.1316822231588142f,-0.0507592177473659f,-7.515950264705935f,-1.387304387010105e-16f,-0.0507592177473659f,-1.1316822231588142f,1.477428913318801f,0f,0f,0f,1f], start_interpolation: 0, interpolation_duration: 1 }
$data merge entity $(bone_right_knee) { transformation: [-3.1203466666666664f,-3.285213616858217e-17f,3.8071747797887255e-16f,-0.8545118750000001f,0f,3.1087941294089276f,0.2682580495164412f,-3.5632008129036064f,-3.821322557563446e-16f,0.2682580495164412f,-3.1087941294089276f,1.9310422970187353f,0f,0f,0f,1f], start_interpolation: 0, interpolation_duration: 1 }
$data merge entity $(bone_right_thigh) { transformation: [-2.3827266666666667f,1.846160685492832e-16f,2.2597359289895733e-16f,-0.7753199999999999f,0f,1.8452144165672004f,-1.5075046019621337f,-1.2233514544200168f,-2.9179985855763755e-16f,-1.5075046019621337f,-1.8452144165672004f,-0.2313481822099843f,0f,0f,0f,1f], start_interpolation: 0, interpolation_duration: 1 }
$data merge entity $(bone_right_leg) { transformation: [-1.1368933333333335f,1.3557762408334703e-17f,1.3856759713767697e-16f,-0.7484449999999999f,0f,1.131490297726276f,-0.11070753149213426f,-1.341666875f,-1.3922927816386319e-16f,-0.11070753149213426f,-1.131490297726276f,-0.21726000000000018f,0f,0f,0f,1f], start_interpolation: 0, interpolation_duration: 1 }
$data merge entity $(bone_left_foot) { transformation: [-1.1328200000000002f,-4.317833624212687e-17f,1.3183992529403472e-16f,0.8202675000000005f,0f,1.076554688142139f,0.35257787202146207f,-7.38444065422191f,-1.387304387010105e-16f,0.35257787202146207f,-1.076554688142139f,-2.6787684485614953f,0f,0f,0f,1f], start_interpolation: 0, interpolation_duration: 1 }
$data merge entity $(bone_left_knee) { transformation: [-3.1203466666666664f,-1.6531789295179376e-16f,3.44521487224544e-16f,0.8545118750000003f,0f,2.8132314350914345f,1.3499230395808366f,-3.847271823071863f,-3.821322557563446e-16f,1.3499230395808366f,-2.8132314350914345f,-0.8571126109961427f,0f,0f,0f,1f], start_interpolation: 0, interpolation_duration: 1 }
$data merge entity $(bone_left_thigh) { transformation: [-2.3827266666666667f,-6.898028726601275e-17f,2.83529323744398e-16f,0.7753200000000001f,0f,2.3151926248596917f,0.5632667909967144f,-0.917353506453339f,-2.9179985855763755e-16f,0.5632667909967144f,-2.3151926248596917f,-0.2638842365497127f,0f,0f,0f,1f], start_interpolation: 0, interpolation_duration: 1 }
$data merge entity $(bone_left_leg) { transformation: [-1.1368933333333335f,-9.454979526999742e-18f,1.3890786608459006e-16f,0.7484450000000001f,0f,1.1342688045345248f,0.07720576686749737f,-1.341666875f,-1.3922927816386319e-16f,0.07720576686749737f,-1.1342688045345248f,-0.2902599999999999f,0f,0f,0f,1f], start_interpolation: 0, interpolation_duration: 1 }
data modify entity @s data merge value {"locators":{"consume":{"posx":-2.755419060943957,"posy":-1.7460796116260262,"posz":-1.0700706155017328,"roty":352.87938052422874,"rotx":-7.880974671996883}},"cameras":{}}