# This file was generated by Animated Java via MC-Build. It is not recommended to edit this file directly.
$data merge entity $(bone_right_thumb) { transformation: [-0.4006631001600516f,-0.5199110050277185f,-0.8195496489055468f,-3.13419864478832f,0.9345012283323867f,0.03274669025132988f,-0.4776349113317046f,-12.800662597527849f,0.26206208122389313f,-0.9116579408575635f,0.4502257927484282f,3.2695539318801616f,0f,0f,0f,1f], start_interpolation: 0, interpolation_duration: 1 }
$data merge entity $(bone_right_fingers_2) { transformation: [0.05318758131833523f,-0.6228596839868326f,-0.7805234751481394f,-2.2749430486288276f,0.6351078415286376f,0.6242697823276311f,-0.45489039174448026f,-13.387897199228087f,0.7705901055829488f,-0.4715220598619273f,0.42878646928421704f,4.997784272680319f,0f,0f,0f,1f], start_interpolation: 0, interpolation_duration: 1 }
$data merge entity $(bone_right_fingers) { transformation: [-0.26536804540588727f,-0.5660060999849121f,-0.7805234751481394f,-2.8772918888005066f,0.8621544160703173f,0.22307956954639158f,-0.45489039174448026f,-12.811584372073375f,0.4315895774088029f,-0.7936451350766702f,0.42878646928421704f,4.513173616431416f,0f,0f,0f,1f], start_interpolation: 0, interpolation_duration: 1 }
$data merge entity $(bone_right_hand) { transformation: [-0.40066310016005136f,-0.5199110050277181f,-0.8195496489055464f,-3.6097419101076067f,0.9345012283323861f,0.03274669025132986f,-0.47763491133170427f,-12.64472681229232f,0.26206208122389296f,-0.9116579408575629f,0.4502257927484279f,3.2106924859029533f,0f,0f,0f,1f], start_interpolation: 0, interpolation_duration: 1 }
$data merge entity $(bone_right_forearm) { transformation: [-2.93221243359501f,-1.9337928524593524f,-2.4368423108703485f,-6.163742157849729f,1.266937595406848f,2.316102948374911f,-3.3624635703415064f,-8.687873073315071f,2.841236416353897f,-3.02848763185623f,-1.0155113441406256f,-1.104854514232132f,0f,0f,0f,1f], start_interpolation: 0, interpolation_duration: 1 }
$data merge entity $(bone_right_bicep) { transformation: [-2.4692315230273776f,0.5991913659235871f,-2.5502677100042894f,-4.31303851676834f,1.0668948171847146f,3.4307784616068546f,-0.22692420857832996f,-4.618936694239689f,2.392620140087493f,-0.9114432809435442f,-2.5307390246468673f,-1.6863556646401006f,0f,0f,0f,1f], start_interpolation: 0, interpolation_duration: 1 }
$data merge entity $(bone_right_arm) { transformation: [-1.1981910907514306f,-0.06571168991459009f,-0.004481501139780218f,-4.1375f,-0.06549224255988749f,1.1973276990073942f,-0.04601246955050351f,-3.2536081695396923f,0.006991152149249393f,-0.04569852293267157f,-1.199109156329564f,-1.7225279872374304f,0f,0f,0f,1f], start_interpolation: 0, interpolation_duration: 1 }
$data merge entity $(bone_left_thumb) { transformation: [-0.2655107755377375f,0.7006943661352689f,0.7355483895296379f,3.145350614029987f,-0.9433082287733956f,0.1121290825544863f,-0.44732164532234514f,-12.842143211390479f,-0.37705916459058497f,-0.7739214909225509f,0.6011421731058864f,3.157497234393169f,0f,0f,0f,1f], start_interpolation: 0, interpolation_duration: 1 }
$data merge entity $(bone_left_fingers_2) { transformation: [0.11813049439962245f,0.7037852850702639f,0.7005222757425118f,1.965237589284953f,-0.7219650429430251f,0.5452273954143594f,-0.42602061459270935f,-13.531551428173701f,-0.6817709755197685f,-0.4554265690627204f,0.572516355338939f,4.67796619810194f,0f,0f,0f,1f], start_interpolation: 0, interpolation_duration: 1 }
$data merge entity $(bone_left_fingers) { transformation: [-0.1465040940217793f,0.6984304486657132f,0.7005222757425118f,2.6274763373681003f,-0.8710239317168043f,0.24458893335277904f,-0.42602061459270935f,-12.932892081829376f,-0.4688857652045513f,-0.6725854310479524f,0.572516355338939f,4.31347351543044f,0f,0f,0f,1f], start_interpolation: 0, interpolation_duration: 1 }
$data merge entity $(bone_left_hand) { transformation: [-0.26551077553773733f,0.7006943661352685f,0.7355483895296374f,3.6097419101076054f,-0.9433082287733949f,0.11212908255448623f,-0.4473216453223448f,-12.653672140079417f,-0.37705916459058475f,-0.7739214909225504f,0.6011421731058859f,3.209855763175863f,0f,0f,0f,1f], start_interpolation: 0, interpolation_duration: 1 }
$data merge entity $(bone_left_forearm) { transformation: [-2.9322124335950095f,1.933792852459353f,2.4368423108703485f,6.163742157849729f,-1.266937595406848f,2.316102948374911f,-3.3624635703415064f,-8.696818401102167f,-2.841236416353898f,-3.02848763185623f,-1.0155113441406252f,-1.1056912369592222f,0f,0f,0f,1f], start_interpolation: 0, interpolation_duration: 1 }
$data merge entity $(bone_left_bicep) { transformation: [-2.469231523027377f,-0.599191365923587f,2.55026771000429f,4.31303851676834f,-1.0668948171847146f,3.4307784616068546f,-0.22692420857832996f,-4.6278820220267844f,-2.3926201400874936f,-0.9114432809435444f,-2.530739024646867f,-1.6871923873671912f,0f,0f,0f,1f], start_interpolation: 0, interpolation_duration: 1 }
$data merge entity $(bone_left_arm) { transformation: [-1.1981910907514306f,0.06571168991459009f,0.004481501139780512f,4.1375f,0.06549224255988749f,1.1973276990073942f,-0.04601246955050351f,-3.2625534973267882f,-0.006991152149249686f,-0.04569852293267157f,-1.199109156329564f,-1.723364709964521f,0f,0f,0f,1f], start_interpolation: 0, interpolation_duration: 1 }
$data merge entity $(bone_chest) { transformation: [-6.061547916666667f,-6.91334275344074e-17f,7.390992861999766e-16f,8.344437127690384e-19f,0f,6.035203674353832f,0.5645172761855972f,-2.5830931250000013f,-7.423255254024141e-16f,0.5645172761855972f,-6.035203674353832f,-0.006813750000000063f,0f,0f,0f,1f], start_interpolation: 0, interpolation_duration: 1 }
$data merge entity $(bone_waist) { transformation: [-5.023832916666667f,3.822948180799634e-17f,6.140532030145884e-16f,0.000001250000000320069f,0f,5.014124917013756f,-0.3121674088775081f,-7.9604775f,-6.152420900846945e-16f,-0.3121674088775081f,-5.014124917013756f,-2.6135625000000005f,0f,0f,0f,1f], start_interpolation: 0, interpolation_duration: 1 }
$data merge entity $(bone_hip) { transformation: [-4.3939320833333335f,3.3436173024005947e-17f,5.370616647397586e-16f,1.314196800122255e-16f,0f,4.385441297145282f,-0.27302707235494766f,-11.21196125f,-5.381014861525028e-16f,-0.27302707235494766f,-4.385441297145282f,-1.073123125f,0f,0f,0f,1f], start_interpolation: 0, interpolation_duration: 1 }
$data merge entity $(bone_right_foot) { transformation: [-0.9703221412365645f,-1.680401331869655f,-0.6295445227120791f,1.1080589263227658f,-1.7944467400873116f,0.9062559123929832f,0.3467868484282286f,-14.087031986382161f,-0.005986586348645047f,0.7187152322745444f,-1.9091916026633988f,1.4879857776292245f,0f,0f,0f,1f], start_interpolation: 0, interpolation_duration: 1 }
$data merge entity $(bone_right_knee) { transformation: [-1.3555971090804944f,-2.375326307335502f,0.8016741305122022f,-2.3497777362512604f,-2.5069476515925677f,1.2874508745667155f,-0.42448052694076743f,-12.21138791634538f,-0.008363613281195286f,-0.9070805803550696f,-2.701783646170728f,1.6461873600286925f,0f,0f,0f,1f], start_interpolation: 0, interpolation_duration: 1 }
$data merge entity $(bone_right_thigh) { transformation: [-1.6785665298814683f,-1.1335635762871674f,3.2446992192307658f,-1.6874999999999998f,-3.4367549826320234f,0.509560393852879f,-1.5999026202773938f,-12.21449625f,0.041887875520912776f,-3.617458613934865f,-1.242120598956799f,-2.3747187500000004f,0f,0f,0f,1f], start_interpolation: 0, interpolation_duration: 1 }
$data merge entity $(bone_left_foot) { transformation: [-0.779157595518147f,1.8838734917936721f,0.07439158731669887f,-1.1473868393593611f,1.8851321967662782f,0.7796643365468163f,0.000350759403715909f,-13.653111048850331f,-0.028107686876117963f,0.06887807513375657f,-2.03864311950482f,2.5687755567995283f,0f,0f,0f,1f], start_interpolation: 0, interpolation_duration: 1 }
$data merge entity $(bone_left_knee) { transformation: [-1.0885289937385878f,2.1998531975279882f,-1.4485339274992302f,2.370910776413013f,2.633640569011712f,0.8856680684657801f,-0.6340579041032135f,-12.206659774845422f,-0.03926809195928245f,-1.5807396945183552f,-2.3711221046432627f,1.6426430345145588f,0f,0f,0f,1f], start_interpolation: 0, interpolation_duration: 1 }
$data merge entity $(bone_left_thigh) { transformation: [-1.8860108411671612f,1.0799159523042055f,-3.147597439787821f,1.6875000000000002f,3.327699719773992f,0.6102736882453248f,-1.7845463290291874f,-12.21449625f,-0.0016376861839668114f,-3.618283095805849f,-1.2404232167246843f,-2.3747187499999995f,0f,0f,0f,1f], start_interpolation: 0, interpolation_duration: 1 }
data modify entity @s data merge value {"locators":{"consume":{"posx":-1.6898476166941827,"posy":-13.098305850375537,"posz":4.132376640608429,"roty":241.21747441277867,"rotx":-27.057882063341047}},"cameras":{}}