# This file was generated by Animated Java via MC-Build. It is not recommended to edit this file directly.
$data merge entity $(bone_neck) { transformation: [-1f,1.441383323926465e-17f,1.2161348296126234e-16f,-2.938880174220503e-17f,0f,0.9930494494080611f,-0.11769788031373717f,4.730998611111111f,-1.2246467991473532e-16f,-0.11769788031373717f,-0.9930494494080611f,0.23997777777777768f,0f,0f,0f,1f], start_interpolation: 0, interpolation_duration: 1 }
$data merge entity $(bone_right_thumb_2) { transformation: [-0.9302867817870513f,-0.1743753935587577f,0.3227378591884128f,-3.2163278238339084f,0.02067039805964882f,0.853478996738523f,0.5207171370045928f,-1.6472257162220685f,-0.36625023996763073f,0.49108738962371307f,-0.7903758204020542f,0.275374460947193f,0f,0f,0f,1f], start_interpolation: 0, interpolation_duration: 1 }
$data merge entity $(bone_right_thumb) { transformation: [-0.9302867817870513f,0.26291641726919185f,0.25581528719492824f,-3.278256654478263f,0.02067039805964882f,0.7338240357660726f,-0.6790250504775575f,-1.4338401902988336f,-0.36625023996763073f,-0.6264002251454943f,-0.6881013876321765f,0.041780310437998236f,0f,0f,0f,1f], start_interpolation: 0, interpolation_duration: 1 }
$data merge entity $(bone_right_fingers2) { transformation: [0.5804775365514867f,-0.6784850341211759f,0.4502264852634776f,-3.20769676399657f,-0.5227842521428744f,-0.7344433936879011f,-0.43276960057242236f,-2.151454520260233f,0.6242935649760719f,0.01584171524126854f,-0.7810291830576381f,0.2638761708711527f,0f,0f,0f,1f], start_interpolation: 0, interpolation_duration: 1 }
$data merge entity $(bone_right_fingers) { transformation: [-0.3297698439038037f,-0.8297879018273023f,0.4502264852634776f,-3.58033520475727f,-0.8934476698375557f,0.12025695024499782f,-0.43276960057242236f,-2.056585441025894f,0.30496411479631974f,-0.5449681677848859f,-0.7810291830576381f,-0.013902372736302016f,0f,0f,0f,1f], start_interpolation: 0, interpolation_duration: 1 }
$data merge entity $(bone_right_hand) { transformation: [-0.8249039979017012f,0.34180331509961387f,0.4502264852634776f,-3.377727102927813f,0.13323844236628102f,0.891604166823032f,-0.43276960057242236f,-1.4322726420402256f,-0.5493458944249947f,-0.2970058980739624f,-0.7810291830576381f,-0.28049172892599505f,0f,0f,0f,1f], start_interpolation: 0, interpolation_duration: 1 }
$data merge entity $(bone_right_forearm) { transformation: [-1.4530917559477883f,0.3299419143979667f,-0.21372548265786814f,-2.8595568290396054f,0.37676342933066437f,1.4024355531404344f,-0.39653466131479725f,0.5808946977504039f,0.1122032402960416f,-0.4362668362693277f,-1.4363486973767827f,-0.9076707921424452f,0f,0f,0f,1f], start_interpolation: 0, interpolation_duration: 1 }
$data merge entity $(bone_right_bicep) { transformation: [-1.5241031244136019f,0.41225380840288567f,-0.007785990910494126f,-2.159923699905538f,0.3951755403313166f,1.4689534000195261f,0.4229850575840356f,2.708442565522889f,0.11768651800862036f,0.4063580491055085f,-1.5211598132512625f,-0.38160543718057904f,0f,0f,0f,1f], start_interpolation: 0, interpolation_duration: 1 }
$data merge entity $(bone_right_shoulder) { transformation: [-0.9652983467831489f,0.2611030141805351f,-0.004931296336565354f,-1.795433125f,0.2502864075668928f,0.9303689926401147f,0.2678997045931131f,2.8384486456702707f,0.07453734557239693f,0.25736890550269925f,-0.96343418591794f,-0.2824485037580561f,0f,0f,0f,1f], start_interpolation: 0, interpolation_duration: 1 }
$data merge entity $(bone_right_arm) { transformation: [-1.46271875f,-1.388132452758926e-17f,1.785927249150802e-16f,-1.4259925f,0f,1.4583202686637764f,0.11334961669972092f,3.0168969251987674f,-1.7913138352403177e-16f,0.11334961669972092f,-1.4583202686637764f,-0.27675988359715353f,0f,0f,0f,1f], start_interpolation: 0, interpolation_duration: 1 }
$data merge entity $(bone_left_thumb_2) { transformation: [-0.9302867817870514f,0.17437539355875764f,-0.3227378591884127f,3.257474252968482f,-0.02067039805964882f,0.853478996738523f,0.5207171370045928f,-1.5860315904615532f,0.36625023996763045f,0.491087389623713f,-0.7903758204020545f,0.2487313696750707f,0f,0f,0f,1f], start_interpolation: 0, interpolation_duration: 1 }
$data merge entity $(bone_left_thumb) { transformation: [-0.9302867817870514f,-0.2629164172691917f,-0.25581528719492813f,3.3194030836128365f,-0.02067039805964882f,0.7338240357660726f,-0.6790250504775575f,-1.3726460645383185f,0.36625023996763045f,-0.6264002251454945f,-0.6881013876321765f,0.015137219165876181f,0f,0f,0f,1f], start_interpolation: 0, interpolation_duration: 1 }
$data merge entity $(bone_left_fingers2) { transformation: [0.5804775365514868f,0.6784850341211759f,-0.4502264852634774f,3.2488431931311434f,0.5227842521428744f,-0.7344433936879011f,-0.43276960057242236f,-2.0902603944997176f,-0.6242935649760719f,0.01584171524126876f,-0.7810291830576381f,0.2372330795990305f,0f,0f,0f,1f], start_interpolation: 0, interpolation_duration: 1 }
$data merge entity $(bone_left_fingers) { transformation: [-0.3297698439038036f,0.8297879018273024f,-0.4502264852634774f,3.6214816338918436f,0.8934476698375557f,0.12025695024499782f,-0.43276960057242236f,-1.9953913152653788f,-0.3049641147963199f,-0.5449681677848857f,-0.7810291830576381f,-0.04054546400842407f,0f,0f,0f,1f], start_interpolation: 0, interpolation_duration: 1 }
$data merge entity $(bone_left_hand) { transformation: [-0.8249039979017013f,-0.34180331509961376f,-0.4502264852634774f,3.4188735320623866f,-0.13323844236628102f,0.891604166823032f,-0.43276960057242236f,-1.3710785162797103f,0.5493458944249945f,-0.29700589807396255f,-0.7810291830576381f,-0.3071348201981172f,0f,0f,0f,1f], start_interpolation: 0, interpolation_duration: 1 }
$data merge entity $(bone_left_forearm) { transformation: [-1.453091755947789f,-0.32994191439796666f,0.21372548265786853f,2.900703258174179f,-0.37676342933066453f,1.402435553140435f,-0.3965346613147974f,0.6420888235109192f,-0.112203240296042f,-0.43626683626932805f,-1.4363486973767832f,-0.9343138834145676f,0f,0f,0f,1f], start_interpolation: 0, interpolation_duration: 1 }
$data merge entity $(bone_left_bicep) { transformation: [-1.5241031244136019f,-0.41225380840288567f,0.007785990910494499f,2.099284347210556f,-0.3951755403313166f,1.4689534000195261f,0.4229850575840356f,2.800680051158863f,-0.11768651800862072f,0.4063580491055084f,-1.5211598132512625f,-0.3163628320749907f,0f,0f,0f,1f], start_interpolation: 0, interpolation_duration: 1 }
$data merge entity $(bone_left_shoulder) { transformation: [-0.9652983467831489f,-0.2611030141805351f,0.00493129633656559f,1.795433125f,-0.2502864075668928f,0.9303689926401147f,0.2678997045931131f,2.963072763316245f,-0.07453734557239716f,0.2573689055026992f,-0.96343418591794f,-0.27276195117406427f,0f,0f,0f,1f], start_interpolation: 0, interpolation_duration: 1 }
$data merge entity $(bone_left_arm) { transformation: [-1.46271875f,-1.388132452758926e-17f,1.785927249150802e-16f,1.4259925f,0f,1.4583202686637764f,0.11334961669972092f,2.9545848663757805f,-1.7913138352403177e-16f,0.11334961669972092f,-1.4583202686637764f,-0.28160315988914886f,0f,0f,0f,1f], start_interpolation: 0, interpolation_duration: 1 }
$data merge entity $(bone_chest) { transformation: [-2.06546125f,-1.9601401780356044e-17f,2.521854272012358e-16f,-7.652250881761085e-18f,0f,2.059250286505604f,0.16005759206657222f,3.7996605555555556f,-2.529460508575391e-16f,0.16005759206657222f,-2.059250286505604f,0.0624853703703703f,0f,0f,0f,1f], start_interpolation: 0, interpolation_duration: 1 }
$data merge entity $(bone_left_cheek) { transformation: [-1.1368114849159972f,0.008071318326829249f,0.010997861670834334f,0.7745982090738454f,0.007635132844685016f,1.1359968622732735f,-0.04448915631364162f,-1.5860502862358132f,-0.011305038138273955f,-0.04441209411323253f,-1.1359692836458861f,-0.5979197939711723f,0f,0f,0f,1f], start_interpolation: 0, interpolation_duration: 1 }
$data merge entity $(bone_left_foot) { transformation: [-1.1255336357275223f,0.0467927822463127f,-0.11943878254417462f,1.1420565030002001f,-0.04799711635362907f,0.8245263413474258f,0.7753281509438213f,-8.51231456324807f,0.11895992631017242f,0.7754017670562003f,-0.8172403489662028f,0.24603624189699871f,0f,0f,0f,1f], start_interpolation: 0, interpolation_duration: 1 }
$data merge entity $(bone_left_knee) { transformation: [-3.1013021683172997f,-0.09075440518100522f,-0.3320418933032893f,1.0723489075770618f,-0.10198924611891354f,3.1170555620659153f,0.10062870787114202f,-4.541893113725416f,0.3287649230746594f,0.11086740328862166f,-3.100997478944723f,0.4951554345040624f,0f,0f,0f,1f], start_interpolation: 0, interpolation_duration: 1 }
$data merge entity $(bone_left_leg) { transformation: [-2.368184104920218f,-0.14765181491317167f,-0.21746115699250004f,0.77532f,-0.07787996732438869f,2.276910716175679f,-0.6978528994697613f,-1.5080076230052437f,0.25104805105242783f,-0.6864859067465605f,-2.2678400172731705f,-0.6139853902482747f,0f,0f,0f,1f], start_interpolation: 0, interpolation_duration: 1 }
$data merge entity $(bone_right_cheek) { transformation: [-1.1365666398246397f,0.026897070069649f,-0.00439001562349808f,-0.7592220265937386f,0.026907925226781076f,1.1365714591703444f,-0.0027808518771368813f,-1.6095773517677832f,0.004322982245640589f,-0.0028839554159191577f,-1.1368814564427732f,-0.6156364032635707f,0f,0f,0f,1f], start_interpolation: 0, interpolation_duration: 1 }
$data merge entity $(bone_right_foot) { transformation: [-1.1189193584753419f,-0.002632816242054894f,0.17690022585560872f,-1.5939867071795084f,0.13490578439491469f,0.7201097701886092f,0.8640159145615905f,-8.526713430260441f,-0.11445982249646644f,0.874480496956647f,-0.7109598876705586f,-0.658731309419493f,0f,0f,0f,1f], start_interpolation: 0, interpolation_duration: 1 }
$data merge entity $(bone_right_knee) { transformation: [-3.0849835567397546f,0.28682734234328877f,0.3703644833233815f,-1.275567496163239f,0.34189360399239904f,3.0651155873919143f,0.4740659444148942f,-4.63327804106091f,-0.320232007101411f,0.509273827905168f,-3.0618058315341283f,0.09687181656591082f,0f,0f,0f,1f], start_interpolation: 0, interpolation_duration: 1 }
$data merge entity $(bone_right_leg) { transformation: [-2.355723056478338f,0.2987857102213941f,0.1966782870280776f,-0.77532f,0.26107323782254827f,2.3317007719608664f,-0.41520915521504886f,-1.5080076230052437f,-0.24453223450836276f,-0.3889536957647279f,-2.338013125900227f,-0.6139853902482748f,0f,0f,0f,1f], start_interpolation: 0, interpolation_duration: 1 }
$data merge entity $(bone_weist) { transformation: [-2.0892733333333333f,-9.094753013192646e-18f,2.5570050009728455e-16f,2.2522343211252397e-17f,0f,2.087953034910255f,0.07426429415832195f,0.18178981481481515f,-2.5586219002105877e-16f,0.07426429415832195f,-2.087953034910255f,-0.18390888888888884f,0f,0f,0f,1f], start_interpolation: 0, interpolation_duration: 1 }
data modify entity @s data merge value {"locators":{"consume":{"posx":-3.4302767497577724,"posy":-2.1128484240742704,"posz":0.09583001798414248,"roty":29.96142053614753,"rotx":-25.643454791300517}},"cameras":{}}