# This file was generated by Animated Java via MC-Build. It is not recommended to edit this file directly.
$data merge entity $(bone_neck) { transformation: [-1f,-4.316677628172195e-18f,1.223885783922381e-16f,-4.196177896889269e-17f,0f,0.9993785839104777f,0.0352483477781319f,4.757038278772409f,-1.2246467991473532e-16f,0.0352483477781319f,-0.9993785839104777f,0.3426439280134331f,0f,0f,0f,1f], start_interpolation: 0, interpolation_duration: 1 }
$data merge entity $(bone_right_thumb_2) { transformation: [-0.9381334676121801f,0.27730056056055113f,-0.207388514770588f,-3.9938012432049437f,0.33906621952283f,0.8571930192757772f,-0.3876264006532229f,-0.5349844119518473f,0.07028296895011191f,-0.43396373905855445f,-0.8981847123269668f,1.21740382030982f,0f,0f,0f,1f], start_interpolation: 0, interpolation_duration: 1 }
$data merge entity $(bone_right_thumb) { transformation: [-0.9381334676121801f,-0.037470705538954145f,-0.3442405309843094f,-4.1429876438448945f,0.33906621952283f,0.10237398261330072f,-0.9351757409505379f,-0.45560296410401907f,0.07028296895011191f,-0.9940399961320995f,-0.08333540883233825f,0.9428554757649956f,0f,0f,0f,1f], start_interpolation: 0, interpolation_duration: 1 }
$data merge entity $(bone_right_fingers2) { transformation: [-0.33164039905501536f,-0.9433452050237603f,-0.01069905945910371f,-4.480488273878272f,-0.6028957487269032f,0.22064835791305398f,-0.7667013879714184f,-1.1390054707056276f,0.7256248079287649f,-0.24781873679960545f,-0.6419147231598532f,1.5016685497151374f,0f,0f,0f,1f], start_interpolation: 0, interpolation_duration: 1 }
$data merge entity $(bone_right_fingers) { transformation: [-0.8823189550142413f,-0.47053033031810776f,-0.01069905945910371f,-4.661559933880452f,-0.2948364485762992f,0.5702985623983421f,-0.7667013879714184f,-0.8623181207100492f,0.3668579155660846f,-0.6733206947488817f,-0.6419147231598532f,1.1615544022403592f,0f,0f,0f,1f], start_interpolation: 0, interpolation_duration: 1 }
$data merge entity $(bone_right_hand) { transformation: [-0.8360514144629569f,0.5485467733030424f,-0.01069905945910371f,-4.3273618784790555f,0.35901946319389316f,0.5322349168653531f,-0.7667013879714184f,-0.48704221437751727f,-0.4148771594369321f,-0.6448429504679039f,-0.6419147231598532f,0.6621887520098763f,0f,0f,0f,1f], start_interpolation: 0, interpolation_duration: 1 }
$data merge entity $(bone_right_forearm) { transformation: [-1.2465958984544305f,0.5092692850104427f,-0.6727996442618737f,-3.554824741530302f,0.8101364211099488f,1.0580254258663355f,-0.7001978844790115f,1.0181343830222083f,0.23599479902132411f,-0.941935716268723f,-1.1502519120912484f,-0.6988132798597798f,0f,0f,0f,1f], start_interpolation: 0, interpolation_duration: 1 }
$data merge entity $(bone_right_bicep) { transformation: [-1.3075159885387488f,0.8799415562388642f,-0.09491551698172596f,-2.1921632997553386f,0.8497271046793359f,1.295455114992556f,0.3044077046615947f,2.8589000614427906f,0.24752766579365545f,0.20100512602417228f,-1.5463606151293414f,-0.48103652493648946f,0f,0f,0f,1f], start_interpolation: 0, interpolation_duration: 1 }
$data merge entity $(bone_right_shoulder) { transformation: [-0.8281217995761264f,0.5573153915224572f,-0.06011521803144352f,-1.795433125f,0.5381789173087496f,0.8204829849129913f,0.1927981442666138f,2.877249518364765f,0.15677288678588513f,0.12730760323106413f,-0.9793952399967961f,-0.43796073840527766f,0f,0f,0f,1f], start_interpolation: 0, interpolation_duration: 1 }
$data merge entity $(bone_right_arm) { transformation: [-1.46271875f,-3.90763006377795e-17f,1.7481731977038097e-16f,-1.4259925f,0f,1.4274917461270922f,0.319082209376499f,3.0530860798006114f,-1.7913138352403177e-16f,0.319082209376499f,-1.4274917461270922f,-0.4070147769816399f,0f,0f,0f,1f], start_interpolation: 0, interpolation_duration: 1 }
$data merge entity $(bone_left_thumb_2) { transformation: [-0.9381334676121801f,-0.27730056056055086f,0.20738851477058817f,4.056485849716103f,-0.33906621952283f,0.8571930192757772f,-0.3876264006532229f,-0.4630151550145471f,-0.0702829689501121f,-0.43396373905855445f,-0.8981847123269667f,1.2200782022268675f,0f,0f,0f,1f], start_interpolation: 0, interpolation_duration: 1 }
$data merge entity $(bone_left_thumb) { transformation: [-0.9381334676121801f,0.0374707055389544f,0.3442405309843093f,4.205672250356054f,-0.33906621952283f,0.10237398261330072f,-0.9351757409505379f,-0.38363370716671896f,-0.0702829689501121f,-0.9940399961320995f,-0.0833354088323382f,0.9455298576820431f,0f,0f,0f,1f], start_interpolation: 0, interpolation_duration: 1 }
$data merge entity $(bone_left_fingers2) { transformation: [-0.33164039905501524f,0.9433452050237605f,0.010699059459103766f,4.543172880389432f,0.6028957487269032f,0.22064835791305398f,-0.7667013879714184f,-1.0670362137683274f,-0.7256248079287649f,-0.24781873679960517f,-0.6419147231598532f,1.5043429316321846f,0f,0f,0f,1f], start_interpolation: 0, interpolation_duration: 1 }
$data merge entity $(bone_left_fingers) { transformation: [-0.8823189550142412f,0.470530330318108f,0.010699059459103766f,4.724244540391611f,0.2948364485762992f,0.5702985623983421f,-0.7667013879714184f,-0.7903488637727489f,-0.36685791556608477f,-0.6733206947488815f,-0.6419147231598532f,1.1642287841574066f,0f,0f,0f,1f], start_interpolation: 0, interpolation_duration: 1 }
$data merge entity $(bone_left_hand) { transformation: [-0.836051414462957f,-0.5485467733030421f,0.010699059459103766f,4.390046484990215f,-0.35901946319389316f,0.5322349168653531f,-0.7667013879714184f,-0.415072957440217f,0.41487715943693193f,-0.644842950467904f,-0.6419147231598532f,0.6648631339269235f,0f,0f,0f,1f], start_interpolation: 0, interpolation_duration: 1 }
$data merge entity $(bone_left_forearm) { transformation: [-1.246595898454431f,-0.5092692850104426f,0.6727996442618742f,3.617509348041461f,-0.8101364211099491f,1.058025425866336f,-0.7001978844790119f,1.0901036399595083f,-0.2359947990213245f,-0.9419357162687235f,-1.1502519120912487f,-0.6961388979427328f,0f,0f,0f,1f], start_interpolation: 0, interpolation_duration: 1 }
$data merge entity $(bone_left_bicep) { transformation: [-1.3075159885387488f,-0.8799415562388642f,0.09491551698172633f,2.1366484861548654f,-0.8497271046793359f,1.295455114992556f,0.3044077046615947f,2.9352035903366733f,-0.24752766579365576f,0.2010051260241721f,-1.5463606151293414f,-0.40235472268623923f,0f,0f,0f,1f], start_interpolation: 0, interpolation_duration: 1 }
$data merge entity $(bone_left_shoulder) { transformation: [-0.8281217995761264f,-0.5573153915224572f,0.060115218031443755f,1.795433125f,-0.5381789173087496f,0.8204829849129913f,0.1927981442666138f,2.999239113607108f,-0.15677288678588533f,0.12730760323106402f,-0.9793952399967961f,-0.41069283323070943f,0f,0f,0f,1f], start_interpolation: 0, interpolation_duration: 1 }
$data merge entity $(bone_left_arm) { transformation: [-1.46271875f,-3.90763006377795e-17f,1.7481731977038097e-16f,1.4259925f,0f,1.4274917461270922f,0.319082209376499f,2.9920912821794396f,-1.7913138352403177e-16f,0.319082209376499f,-1.4274917461270922f,-0.4206487295689235f,0f,0f,0f,1f], start_interpolation: 0, interpolation_duration: 1 }
$data merge entity $(bone_chest) { transformation: [-2.06546125f,-5.5178471432518275e-17f,2.4685429089808326e-16f,-4.879393190396249e-18f,0f,2.0157182550099573f,0.45056641205395453f,3.7798075739438373f,-2.529460508575391e-16f,0.45056641205395453f,-2.0157182550099573f,0.03984326904535637f,0f,0f,0f,1f], start_interpolation: 0, interpolation_duration: 1 }
$data merge entity $(bone_left_cheek) { transformation: [-1.1354445931707595f,0.04859761411186356f,0.03050080523037434f,0.7907810866652f,0.04899607915686904f,1.1357463781885262f,0.014352701372123378f,-1.4478777346202345f,-0.02985651426942969f,0.015648888524682242f,-1.1363934847672261f,-1.212041032679821f,0f,0f,0f,1f], start_interpolation: 0, interpolation_duration: 1 }
$data merge entity $(bone_left_foot) { transformation: [-1.089516030549402f,0.1448949190143491f,-0.2743017207742235f,1.266954786801176f,-0.0036367124977505724f,0.9956264135490692f,0.5403665157702014f,-7.936985745023255f,0.31019791407758296f,0.5205906832505205f,-0.9571017432930907f,0.4378591502371113f,0f,0f,0f,1f], start_interpolation: 0, interpolation_duration: 1 }
$data merge entity $(bone_left_knee) { transformation: [-3.0008584224900363f,0.04248270526444098f,-0.8541705146525492f,1.3847254443840327f,0.009573524971401097f,3.117967906487373f,0.12144052829327168f,-3.967373562055883f,0.8551727287326274f,0.1141694970031034f,-2.9987010938344336f,0.6817345218185196f,0f,0f,0f,1f], start_interpolation: 0, interpolation_duration: 1 }
$data merge entity $(bone_left_leg) { transformation: [-2.291484296453688f,-0.3598075612131543f,-0.5449996385727551f,0.7753200000000001f,0.007310435563790979f,1.9742079453367423f,-1.3341049112215992f,-1.3937592719484628f,0.6530181044063472f,-1.2846897973859548f,-1.897505164117985f,-1.1965666260225487f,0f,0f,0f,1f], start_interpolation: 0, interpolation_duration: 1 }
$data merge entity $(bone_right_cheek) { transformation: [-1.1361198774802772f,-0.028241864454477628f,-0.03099149018864264f,-0.7546136333848374f,-0.03046967126886422f,1.1333629098752318f,0.08418173810092473f,-1.492098194256275f,0.028804070975214063f,0.08495506452860961f,-1.1333487609222381f,-1.2268421770652067f,0f,0f,0f,1f], start_interpolation: 0, interpolation_duration: 1 }
$data merge entity $(bone_right_foot) { transformation: [-1.0789758244020855f,-0.06773046518752487f,0.3383857367580993f,-1.8646145836150572f,0.18030121195431645f,0.8364858245731261f,0.7423369118237503f,-8.066687961365918f,-0.2942512459168947f,0.7609107712299118f,-0.7859466616142957f,-1.3075849835051665f,0f,0f,0f,1f], start_interpolation: 0, interpolation_duration: 1 }
$data merge entity $(bone_right_knee) { transformation: [-2.9735144167969927f,0.22640749568944507f,0.9184307155000054f,-1.641673577013142f,0.4779617155809174f,2.9740602352267107f,0.8142982474867324f,-4.30004057794925f,-0.816289122625779f,0.9166617060380845f,-2.8687918546217257f,-0.045114863308199915f,0f,0f,0f,1f], start_interpolation: 0, interpolation_duration: 1 }
$data merge entity $(bone_right_leg) { transformation: [-2.2706041512331887f,0.5543650369341565f,0.4630578390137103f,-0.7753199999999999f,0.3649761539402889f,2.198691578194237f,-0.8425758832752894f,-1.3937592719484628f,-0.6233262095420105f,-0.7319980313137262f,-2.180144418770294f,-1.196566626022549f,0f,0f,0f,1f], start_interpolation: 0, interpolation_duration: 1 }
$data merge entity $(bone_weist) { transformation: [-2.0892733333333333f,-2.034181729858605e-17f,2.5505229022959846e-16f,8.480954640008296e-17f,0f,2.0826599996601125f,0.1661035435910894f,0.27546830323762594f,-2.5586219002105877e-16f,0.1661035435910894f,-2.0826599996601125f,-0.6925225008478417f,0f,0f,0f,1f], start_interpolation: 0, interpolation_duration: 1 }
data modify entity @s data merge value {"locators":{"consume":{"posx":-4.518731291747583,"posy":-0.9525964916253312,"posz":1.2573356920778127,"roty":359.0451158483571,"rotx":-50.05859342071492}},"cameras":{}}