# This file was generated by Animated Java via MC-Build. It is not recommended to edit this file directly.
$data merge entity $(bone_neck) { transformation: [-1.2033625000000001f,6.228100109186594e-17f,1.3356203785776991e-16f,0f,0f,1.0906168043778908f,-0.5085629679939425f,3.429634375f,-1.473694033838957e-16f,-0.5085629679939425f,-1.0906168043778908f,-0.1792475f,0f,0f,0f,1f], start_interpolation: 0, interpolation_duration: 1 }
$data merge entity $(bone_right_thumb_2) { transformation: [-0.9314401361471474f,0.2782916681135167f,-0.23446325987834268f,-2.862442017526067f,0.3427668338722557f,0.8873189925930356f,-0.3085059204956523f,-2.537073129065108f,0.12218907631769915f,-0.3677210258365389f,-0.9218736772391058f,-0.6691905989386616f,0f,0f,0f,1f], start_interpolation: 0, interpolation_duration: 1 }
$data merge entity $(bone_right_thumb) { transformation: [-0.9314401361471474f,0.2782916681135167f,-0.23446325987834268f,-2.970549042490441f,0.3427668338722557f,0.8873189925930356f,-0.3085059204956523f,-2.1771884575244025f,0.12218907631769915f,-0.3677210258365389f,-0.9218736772391058f,-0.7163398748646413f,0f,0f,0f,1f], start_interpolation: 0, interpolation_duration: 1 }
$data merge entity $(bone_right_fingers_2) { transformation: [0.9454583467992811f,-0.30074571411388185f,-0.12514203893856296f,-2.97434222420983f,-0.30146793040551034f,-0.9533796013310296f,0.01358023206372938f,-2.979423398900417f,-0.12339206378283792f,0.024886767729410106f,-0.9920458897588329f,-0.9462704935324346f,0f,0f,0f,1f], start_interpolation: 0, interpolation_duration: 1 }
$data merge entity $(bone_right_fingers) { transformation: [-0.42157987074878f,-0.8981146266873402f,-0.12514203893856296f,-3.390892770496112f,-0.9058738456459708f,0.4233298395715505f,0.01358023206372938f,-2.8351787105991f,0.04077975421727474f,0.11908805254341938f,-0.9920458897588329f,-0.9002601612529209f,0f,0f,0f,1f], start_interpolation: 0, interpolation_duration: 1 }
$data merge entity $(bone_right_hand) { transformation: [-0.9576768237519434f,0.2592191569670109f,-0.12514203893856296f,-3.1522831149895967f,0.25959516559892004f,0.9656220416367702f,0.01358023206372938f,-2.0790590395357804f,0.12436016744141971f,-0.019480794813036002f,-0.9920458897588329f,-0.9113344404903395f,0f,0f,0f,1f], start_interpolation: 0, interpolation_duration: 1 }
$data merge entity $(bone_right_forearm) { transformation: [-1.7935334847593782f,0.2407619207567472f,-0.22825402119986507f,-2.7257467443543115f,0.23955032421148356f,1.8079907801447006f,0.024769794416529815f,0.5707026563827347f,0.22952525536541685f,-0.005621215063117076f,-1.8094516077320668f,-1.0036141961988725f,0f,0f,0f,1f], start_interpolation: 0, interpolation_duration: 1 }
$data merge entity $(bone_right_bicep) { transformation: [-1.5602707064784764f,0.27511793541798946f,-7.352114876791841e-8f,-2.2917711635669216f,0.2623846223518635f,1.4880566564698965f,0.4764202482812935f,2.88582650021301f,0.08272960982581988f,0.46918233623025746f,-1.5110123437322052f,-0.2522306445536451f,0f,0f,0f,1f], start_interpolation: 0, interpolation_duration: 1 }
$data merge entity $(bone_right_shoulder) { transformation: [-1.0092651814285718f,0.08829933308235974f,-4.701374533528467e-8f,-1.827643125f,0.08421255843388005f,0.9625533333286747f,0.30465111876820294f,3.0529707781996254f,0.026552160454698538f,0.30349182351738546f,-0.966230135371548f,-0.17793059178241188f,0f,0f,0f,1f], start_interpolation: 0, interpolation_duration: 1 }
$data merge entity $(bone_right_arm) { transformation: [-1.3293824999999997f,-2.1249977662598144e-17f,1.6140960522599745e-16f,-1.74976375f,0f,1.3180094484252691f,0.17351923572897268f,3.2092417141596092f,-1.628024023467506e-16f,0.17351923572897268f,-1.3180094484252691f,-0.15149636810888895f,0f,0f,0f,1f], start_interpolation: 0, interpolation_duration: 1 }
$data merge entity $(bone_left_thumb_2) { transformation: [-0.9214493716808355f,-0.1976804659383945f,0.33444504603203895f,2.7069587930368004f,-0.30263927612884955f,0.9050292976582363f,-0.298883654495266f,-2.546001877100371f,-0.2435991050336584f,-0.3766223622763507f,-0.8937645507963391f,-0.7320440750578715f,0f,0f,0f,1f], start_interpolation: 0, interpolation_duration: 1 }
$data merge entity $(bone_left_thumb) { transformation: [-0.9214493716808355f,-0.1976804659383945f,0.33444504603203895f,2.8333785070752096f,-0.30263927612884955f,0.9050292976582363f,-0.298883654495266f,-2.189853153272157f,-0.2435991050336584f,-0.3766223622763507f,-0.8937645507963391f,-0.7566062878029496f,0f,0f,0f,1f], start_interpolation: 0, interpolation_duration: 1 }
$data merge entity $(bone_left_fingers_2) { transformation: [0.9336645327435503f,0.2596670883017989f,0.24666484052177579f,2.8355394773794984f,0.2607961925498135f,-0.9649677886143088f,0.02867948549627275f,-2.9867667699914127f,0.24547074418000997f,0.03755223281878304f,-0.9686763874287614f,-1.004371088547257f,0f,0f,0f,1f], start_interpolation: 0, interpolation_duration: 1 }
$data merge entity $(bone_left_fingers) { transformation: [-0.3793132766346469f,0.8917835469546712f,0.24666484052177579f,3.248347331119687f,0.9226716214538915f,0.3845186160321964f,0.02867948549627275f,-2.860283309291164f,-0.0692713298005344f,0.2384691579756795f,-0.9686763874287614f,-0.9042239545357287f,0f,0f,0f,1f], start_interpolation: 0, interpolation_duration: 1 }
$data merge entity $(bone_left_hand) { transformation: [-0.9441024103021656f,-0.2186940678482345f,0.24666484052177579f,3.0412517609838394f,-0.2184566685955711f,0.9754251232451386f,0.02867948549627275f,-2.09514525470266f,-0.24687511581316995f,-0.026809207936787764f,-0.9686763874287614f,-0.9254217511451951f,0f,0f,0f,1f], start_interpolation: 0, interpolation_duration: 1 }
$data merge entity $(bone_left_forearm) { transformation: [-1.759338131193523f,-0.17070988046998642f,0.4499066997410813f,2.728333776418392f,-0.16282343906313826f,1.8159242082080265f,0.05231022241599602f,0.5708992113576783f,-0.4528205267582743f,0.010294094786888376f,-1.766826579999402f,-1.0027206118732752f,0f,0f,0f,1f], start_interpolation: 0, interpolation_duration: 1 }
$data merge entity $(bone_left_bicep) { transformation: [-1.5469223646937347f,-0.27511793541798957f,0.20365626704129083f,2.2917711635669216f,-0.19795456462957406f,1.4880566564698965f,0.5065924726656084f,2.88582650021301f,-0.2792485341701303f,0.46918233623025746f,-1.4872870427112777f,-0.2522306445536445f,0f,0f,0f,1f], start_interpolation: 0, interpolation_duration: 1 }
$data merge entity $(bone_left_shoulder) { transformation: [-1.009265181428572f,-0.08829933308235985f,4.701374557194281e-8f,1.827643125f,-0.08421255843388006f,0.9625533333286749f,0.304651118768203f,3.0529707781996254f,-0.02655216045469879f,0.3034918235173855f,-0.9662301353715482f,-0.17793059178241144f,0f,0f,0f,1f], start_interpolation: 0, interpolation_duration: 1 }
$data merge entity $(bone_left_arm) { transformation: [-1.3293824999999997f,-2.1249977662598144e-17f,1.6140960522599745e-16f,1.749763125f,0f,1.3180094484252691f,0.17351923572897268f,3.2092417141596092f,-1.628024023467506e-16f,0.17351923572897268f,-1.3180094484252691f,-0.15149636810888853f,0f,0f,0f,1f], start_interpolation: 0, interpolation_duration: 1 }
$data merge entity $(bone_chest) { transformation: [-2.632522916666667f,-4.2080479602706066e-17f,3.1963297600770146e-16f,-8.442442825310913e-17f,0f,2.6100013181779627f,0.3436131922445242f,3.9424124999999997f,-3.2239107635778877e-16f,0.3436131922445242f,-2.6100013181779627f,0.03906187500000005f,0f,0f,0f,1f], start_interpolation: 0, interpolation_duration: 1 }
$data merge entity $(bone_weist) { transformation: [-1.9493945833333333f,0f,2.387319836754355e-16f,-8.522465839592699e-17f,0f,1.9493945833333333f,0f,-0.005381250000000115f,-2.387319836754355e-16f,0f,-1.9493945833333333f,0.04559625000000006f,0f,0f,0f,1f], start_interpolation: 0, interpolation_duration: 1 }
$data merge entity $(bone_right_cheek) { transformation: [-0.9936026136471809f,-0.05444301245889704f,-0.09894344115650919f,-0.7843564967705773f,-0.0521185475950502f,0.9983042185703956f,-0.02592960048157658f,-1.882814054674045f,0.10018734026848752f,-0.020606930362188053f,-0.9947551715226086f,-0.6115937722161644f,0f,0f,0f,1f], start_interpolation: 0, interpolation_duration: 1 }
$data merge entity $(bone_right_foot) { transformation: [-1.1568418633724395f,-0.20722385386506476f,0.06607626211321832f,-0.8392024085988325f,-0.12326834755490337f,0.9192684336914322f,0.724804357179334f,-8.915223970138866f,-0.1792002023342273f,0.7054039382399098f,-0.9251397009509216f,0.12510187635673378f,0f,0f,0f,1f], start_interpolation: 0, interpolation_duration: 1 }
$data merge entity $(bone_right_knee) { transformation: [-2.8721157017793213f,-0.07531341539168715f,0.426858259365731f,-0.9824051458239481f,-0.05166138037174631f,2.899546435370339f,0.16398249736869236f,-5.3124752920354785f,-0.43036169195780927f,0.15455435007539134f,-2.868419504797374f,0.20914468448555745f,0f,0f,0f,1f], start_interpolation: 0, interpolation_duration: 1 }
$data merge entity $(bone_right_leg) { transformation: [-2.4481635640151023f,0.03216228346672789f,0.36806721436463363f,-0.892875f,-0.04403565950162826f,2.4235063658661686f,-0.5046686816491343f,-1.9132356250000004f,-0.3668361316176366f,-0.5055642442533138f,-2.395798148928963f,-0.44996000000000014f,0f,0f,0f,1f], start_interpolation: 0, interpolation_duration: 1 }
$data merge entity $(bone_left_cheek) { transformation: [-0.9870745010280221f,0.011650075749281355f,-0.15983805915775254f,0.9079562442951901f,0.010646137677454082f,0.9999178659938884f,0.007135896494552929f,-1.8850372706701015f,0.1599080647523254f,0.005342003487857988f,-0.9871174569553016f,-0.6301141251522582f,0f,0f,0f,1f], start_interpolation: 0, interpolation_duration: 1 }
$data merge entity $(bone_left_foot) { transformation: [-1.1568418633724395f,0.20722385386506462f,-0.0660762621132181f,0.8392017905970048f,0.12326834755490337f,0.9192684336914322f,0.724804357179334f,-8.91522395902273f,0.17920020233422704f,0.7054039382399098f,-0.9251397009509216f,0.1251019689589617f,0f,0f,0f,1f], start_interpolation: 0, interpolation_duration: 1 }
$data merge entity $(bone_left_knee) { transformation: [-2.8721157017793213f,0.07531341539168712f,-0.4268582593657304f,0.982405145823948f,0.05166138037174631f,2.899546435370339f,0.16398249736869236f,-5.3124752920354785f,0.4303616919578086f,0.15455435007539134f,-2.868419504797374f,0.20914468448555767f,0f,0f,0f,1f], start_interpolation: 0, interpolation_duration: 1 }
$data merge entity $(bone_left_leg) { transformation: [-2.4481635640151023f,-0.03216228346672777f,-0.3680672143646331f,0.892875f,0.04403565950162826f,2.4235063658661686f,-0.5046686816491343f,-1.9132356250000004f,0.36683613161763606f,-0.5055642442533138f,-2.395798148928963f,-0.4499599999999999f,0f,0f,0f,1f], start_interpolation: 0, interpolation_duration: 1 }
data modify entity @s data merge value {"locators":{"consume":{"posx":3.027940167212435,"posy":-2.9798076131833113,"posz":-0.7982303194502602,"roty":14.286243325900784,"rotx":1.643438821670453}},"cameras":{}}