# This file was generated by Animated Java via MC-Build. It is not recommended to edit this file directly.
$data merge entity $(bone_neck) { transformation: [-1.2033625000000001f,5.772383848978252e-17f,1.3559387716165822e-16f,0f,0f,1.1072080313774062f,-0.4713509113809149f,3.4443707603727516f,-1.473694033838957e-16f,-0.4713509113809149f,-1.1072080313774062f,-0.20885258498945675f,0f,0f,0f,1f], start_interpolation: 0, interpolation_duration: 1 }
$data merge entity $(bone_right_thumb_2) { transformation: [-0.9227317717088953f,0.2251404704056564f,-0.31285435279772456f,-2.7903417777332433f,0.3144396896114374f,0.9091230009118411f,-0.2731721999217917f,-2.538943899375966f,0.22292097047165899f,-0.3504384936027549f,-0.9096697769660181f,-0.8550712631697928f,0f,0f,0f,1f], start_interpolation: 0, interpolation_duration: 1 }
$data merge entity $(bone_right_thumb) { transformation: [-0.9227317717088953f,0.2251404704056564f,-0.31285435279772456f,-2.9095340263322025f,0.3144396896114374f,0.9091230009118411f,-0.2731721999217917f,-2.1800495648168736f,0.22292097047165899f,-0.3504384936027549f,-0.9096697769660181f,-0.8754483182137291f,0f,0f,0f,1f], start_interpolation: 0, interpolation_duration: 1 }
$data merge entity $(bone_right_fingers_2) { transformation: [0.9357491600211978f,-0.2780131310747659f,-0.2169843507482219f,-2.9186258943821493f,-0.2728011603141353f,-0.9605402112417097f,0.05424047860216935f,-2.971233863410874f,-0.22350175939102526f,0.00843810036299646f,-0.974667000575776f,-1.1407936071991718f,0f,0f,0f,1f], start_interpolation: 0, interpolation_duration: 1 }
$data merge entity $(bone_right_fingers) { transformation: [-0.39777446492919855f,-0.891455700851513f,-0.2169843507482219f,-3.3319030226036754f,-0.9167149598894918f,0.3958429648178865f,0.05424047860216935f,-2.839265621697338f,0.03753874485244191f,0.22048827774628524f,-0.974667000575776f,-1.0501060288930932f,0f,0f,0f,1f], start_interpolation: 0, interpolation_duration: 1 }
$data merge entity $(bone_right_hand) { transformation: [-0.9469852966228954f,0.23693171908889576f,-0.2169843507482219f,-3.1105182443157076f,0.23064333850316976f,0.9715254092843478f,0.05424047860216935f,-2.077846374648896f,0.22365710000838124f,0.001318940658530561f,-0.974667000575776f,-1.0481891311286737f,0f,0f,0f,1f], start_interpolation: 0, interpolation_duration: 1 }
$data merge entity $(bone_right_forearm) { transformation: [-1.7688933337983355f,0.2030036930594554f,-0.3957706859805806f,-2.7474583610559167f,0.18578969131353107f,1.8117734749140622f,0.09893244075101339f,0.5829421154122385f,0.40413750862663045f,0.055632165476029664f,-1.7777532162589422f,-1.0570212470069233f,0f,0f,0f,1f], start_interpolation: 0, interpolation_duration: 1 }
$data merge entity $(bone_right_bicep) { transformation: [-1.5508447198163735f,0.28693153351202727f,-0.1506170839500533f,-2.293133515192005f,0.22038351710879497f,1.4737111254882023f,0.5382761186255248f,2.875008027454229f,0.23758433510637544f,0.5059450262353007f,-1.4824668191980988f,-0.24910216197422635f,0f,0f,0f,1f], start_interpolation: 0, interpolation_duration: 1 }
$data merge entity $(bone_right_shoulder) { transformation: [-1.003918989341461f,0.09635022974086442f,-0.09631341929005448f,-1.827643125f,0.05825629731353022f,0.9510740379452028f,0.3442053991975785f,3.050278109593596f,0.12314968668160207f,0.3355410351094623f,-0.9479764485970806f,-0.2107402194372872f,0f,0f,0f,1f], start_interpolation: 0, interpolation_duration: 1 }
$data merge entity $(bone_right_arm) { transformation: [-1.3293824999999997f,-1.735655203297236e-17f,1.618745573319043e-16f,-1.74976375f,0f,1.321806070489938f,0.14172700279833067f,3.20714034140432f,-1.628024023467506e-16f,0.14172700279833067f,-1.321806070489938f,-0.18807716936917104f,0f,0f,0f,1f], start_interpolation: 0, interpolation_duration: 1 }
$data merge entity $(bone_left_thumb_2) { transformation: [-0.9005744465762973f,-0.14397252458770932f,0.41016774414577856f,2.6422354631151554f,-0.26958252901230506f,0.9251770400363679f,-0.26715670427835825f,-2.5413582455491346f,-0.3410145542716984f,-0.3511685588907211f,-0.87200327810249f,-0.9320328323935108f,0f,0f,0f,1f], start_interpolation: 0, interpolation_duration: 1 }
$data merge entity $(bone_left_thumb) { transformation: [-0.9005744465762973f,-0.14397252458770932f,0.41016774414577856f,2.777367886857168f,-0.26958252901230506f,0.9251770400363679f,-0.26715670427835825f,-2.1875878176571772f,-0.3410145542716984f,-0.3511685588907211f,-0.87200327810249f,-0.928445036453958f,0f,0f,0f,1f], start_interpolation: 0, interpolation_duration: 1 }
$data merge entity $(bone_left_fingers_2) { transformation: [0.9117377359001532f,0.23603075709409088f,0.33619009896374386f,2.7868937089563226f,0.22741840115942633f,-0.9715996106050486f,0.06538400023100005f,-2.972653754369954f,0.34207480431880943f,0.016842754457256817f,-0.9395217665773051f,-1.2113657188363405f,0f,0f,0f,1f], start_interpolation: 0, interpolation_duration: 1 }
$data merge entity $(bone_left_fingers) { transformation: [-0.3530171362174841f,0.8731294972084918f,0.33619009896374386f,3.1910062900460607f,0.9336033833030587f,0.3522920027461225f,0.06538400023100005f,-2.8605729581078236f,-0.061348384020181425f,0.3369498863415324f,-0.9395217665773051f,-1.0679476052479526f,0f,0f,0f,1f], start_interpolation: 0, interpolation_duration: 1 }
$data merge entity $(bone_left_hand) { transformation: [-0.9211654806239385f,-0.1960366666356472f,0.33619009896374386f,3.001860103254981f,-0.18482136945432254f,0.980594714398778f,0.06538400023100005f,-2.0905251998455094f,-0.342483895533639f,-0.0019056304895584408f,-0.9395217665773051f,-1.0728805909611923f,0f,0f,0f,1f], start_interpolation: 0, interpolation_duration: 1 }
$data merge entity $(bone_left_forearm) { transformation: [-1.7124658621076754f,-0.13519794567428747f,0.6131971528267023f,2.7499543652971727f,-0.10076811787716602f,1.8172649590626495f,0.11925777381800141f,0.5830380647106121f,-0.6197862689418145f,0.0780906248021134f,-1.7136497298989386f,-1.0558851931941662f,0f,0f,0f,1f], start_interpolation: 0, interpolation_duration: 1 }
$data merge entity $(bone_left_bicep) { transformation: [-1.5179175537993614f,-0.2869315335120274f,0.35175438991959257f,2.293133515192005f,-0.14823897344182338f,1.4737111254882023f,0.5624369131277899f,2.875008027454229f,-0.4290525171866292f,0.5059450262353006f,-1.4387731314585648f,-0.2491021619742258f,0f,0f,0f,1f], start_interpolation: 0, interpolation_duration: 1 }
$data merge entity $(bone_left_shoulder) { transformation: [-1.0039189893414613f,-0.09635022974086452f,0.09631341929005473f,1.827643125f,-0.058256297313530235f,0.9510740379452031f,0.34420539919757853f,3.050278109593596f,-0.12314968668160235f,0.3355410351094623f,-0.9479764485970809f,-0.2107402194372868f,0f,0f,0f,1f], start_interpolation: 0, interpolation_duration: 1 }
$data merge entity $(bone_left_arm) { transformation: [-1.3293824999999997f,-1.735655203297236e-17f,1.618745573319043e-16f,1.749763125f,0f,1.321806070489938f,0.14172700279833067f,3.20714034140432f,-1.628024023467506e-16f,0.14172700279833067f,-1.321806070489938f,-0.18807716936917063f,0f,0f,0f,1f], start_interpolation: 0, interpolation_duration: 1 }
$data merge entity $(bone_chest) { transformation: [-2.632522916666667f,-3.437048477854731e-17f,3.205537020394885e-16f,-7.638515333014863e-17f,0f,2.6175196167798793f,0.2806563068019072f,3.944687731563977f,-3.2239107635778877e-16f,0.2806563068019072f,-2.6175196167798793f,-0.015231305967003672f,0f,0f,0f,1f], start_interpolation: 0, interpolation_duration: 1 }
$data merge entity $(bone_weist) { transformation: [-1.9493945833333333f,-2.4999950300468974e-19f,2.387318527759898e-16f,-8.500464120366352e-17f,0f,1.9493935144582442f,0.002041400860874733f,-0.01918189724381114f,-2.387319836754355e-16f,0.002041400860874733f,-1.9493935144582442f,0.05515215381516475f,0f,0f,0f,1f], start_interpolation: 0, interpolation_duration: 1 }
$data merge entity $(bone_right_cheek) { transformation: [-0.9940870319922619f,-0.04615018578272369f,-0.09829106356651038f,-0.7812779908471061f,-0.04469978130743116f,0.9988573589218404f,-0.01690875745740239f,-1.9426166355187853f,0.09895909445767748f,-0.012415187469608319f,-0.995014050526027f,-0.6241653311496549f,0f,0f,0f,1f], start_interpolation: 0, interpolation_duration: 1 }
$data merge entity $(bone_right_foot) { transformation: [-1.1565408131223354f,-0.1965018060231761f,0.0969086306193628f,-0.8564466167216117f,-0.10930476762629535f,0.9686974175594087f,0.6597489491196303f,-8.942930301407431f,-0.18988604538788942f,0.6392208134282901f,-0.970015946427473f,0.2143534116056724f,0f,0f,0f,1f], start_interpolation: 0, interpolation_duration: 1 }
$data merge entity $(bone_right_knee) { transformation: [-2.8717172555807107f,-0.06280201069392363f,0.43153748387227814f,-0.9839538926919671f,-0.052208576172216865f,2.9031993413316872f,0.07507687792756979f,-5.3387017482778845f,-0.43294682942375984f,0.06646939504826029f,-2.871422565723801f,0.188923380088508f,0f,0f,0f,1f], start_interpolation: 0, interpolation_duration: 1 }
$data merge entity $(bone_right_leg) { transformation: [-2.4478239323404263f,0.0333005348514384f,0.37021857541069364f,-0.892875f,-0.044502083894024484f,2.4219405957991587f,-0.5120898728623374f,-1.9415172410324741f,-0.36903967771718604f,-0.5129401015105798f,-2.3938911611582876f,-0.4804845710946965f,0f,0f,0f,1f], start_interpolation: 0, interpolation_duration: 1 }
$data merge entity $(bone_left_cheek) { transformation: [-0.9887076226395431f,0.00601788525707319f,-0.14973650854583043f,0.9057560551378167f,0.0070877894430214985f,0.999953017220213f,-0.006612608638333545f,-1.9388083566637802f,0.14968967958838789f,-0.007599237410758436f,-0.9887038239106292f,-0.6202880340736225f,0f,0f,0f,1f], start_interpolation: 0, interpolation_duration: 1 }
$data merge entity $(bone_left_foot) { transformation: [-1.1571017170255293f,0.19064271037474934f,-0.10179326261645988f,0.902164438193674f,0.10988623789078693f,0.9964021171790961f,0.6170078852654858f,-8.914969816970014f,0.18609547564447534f,0.597016811102122f,-0.9972613980710736f,0.5181116826384577f,0f,0f,0f,1f], start_interpolation: 0, interpolation_duration: 1 }
$data merge entity $(bone_left_knee) { transformation: [-2.8717172555807107f,0.04407028159855938f,-0.43385078404197863f,1.006347388482674f,0.05220857617221687f,2.903728791764871f,-0.05061676583718663f,-5.314383664164091f,0.4329468294237592f,-0.05784118506367591f,-2.8716093273174135f,0.33840746579566006f,0f,0f,0f,1f], start_interpolation: 0, interpolation_duration: 1 }
$data merge entity $(bone_left_leg) { transformation: [-2.4478239323404263f,-0.04928894393598132f,-0.36843088796433815f,0.892875f,0.0445020838940245f,2.3975137119381476f,-0.6164091892052836f,-1.9496049804603643f,0.36903967771718554f,-0.6160449042182733f,-2.369453758822095f,-0.47562777472810347f,0f,0f,0f,1f], start_interpolation: 0, interpolation_duration: 1 }
data modify entity @s data merge value {"locators":{"consume":{"posx":2.9593909437090344,"posy":-2.9793582081789727,"posz":-0.9882957157042265,"roty":19.68878860368227,"rotx":3.748901638094131}},"cameras":{}}