# This file was generated by Animated Java via MC-Build. It is not recommended to edit this file directly.
$data merge entity $(bone_neck) { transformation: [-1.2033625000000001f,-2.4244110350113578e-17f,1.4536149478818967e-16f,1.1102230246251565e-16f,0f,1.186966682062093f,0.19796818451649303f,3.818675452479874f,-1.473694033838957e-16f,0.19796818451649303f,-1.186966682062093f,-0.649043793428505f,0f,0f,0f,1f], start_interpolation: 0, interpolation_duration: 1 }
$data merge entity $(bone_right_thumb_2) { transformation: [-0.6985908604768533f,0.3286088543722929f,-0.6355997407852989f,-4.5917068153955185f,0.668505090520021f,0.6164420207734193f,-0.4160530963393999f,-0.5695542147963405f,0.25509165726661576f,-0.7155525528239782f,-0.6503174536640234f,-0.6600900886576042f,0f,0f,0f,1f], start_interpolation: 0, interpolation_duration: 1 }
$data merge entity $(bone_right_thumb) { transformation: [-0.6985908604768533f,0.3286088543722929f,-0.6355997407852989f,-4.616625056772993f,0.668505090520021f,0.6164420207734193f,-0.4160530963393999f,-0.21707078243662734f,0.25509165726661576f,-0.7155525528239782f,-0.6503174536640234f,-0.7963313123585186f,0f,0f,0f,1f], start_interpolation: 0, interpolation_duration: 1 }
$data merge entity $(bone_right_fingers_2) { transformation: [0.7208775724305629f,-0.49520631863147035f,-0.48487753871888617f,-4.906446132242352f,-0.6363946178508482f,-0.7500375706299977f,-0.18012643618837304f,-0.996183419425905f,-0.2744766218407153f,0.438422564007508f,-0.8558318990502698f,-0.7225029852036596f,0f,0f,0f,1f], start_interpolation: 0, interpolation_duration: 1 }
$data merge entity $(bone_right_fingers) { transformation: [-0.5850631645132087f,-0.6500729697316334f,-0.48487753871888617f,-5.22438755052673f,-0.6605547290210019f,0.7288497217904846f,-0.18012643618837304f,-0.7074606187047906f,0.4704981864978659f,0.21490280842796813f,-0.8558318990502698f,-0.6130030433128559f,0f,0f,0f,1f], start_interpolation: 0, interpolation_duration: 1 }
$data merge entity $(bone_right_hand) { transformation: [-0.7417920529531494f,0.46329075387003704f,-0.48487753871888617f,-4.82827230552957f,0.6030727318562901f,0.7770828444107278f,-0.18012643618837304f,-0.11057547396062439f,0.29333910456491036f,-0.42603278078226003f,-0.8558318990502698f,-0.9529956917555007f,0f,0f,0f,1f], start_interpolation: 0, interpolation_duration: 1 }
$data merge entity $(bone_right_forearm) { transformation: [-1.4517213463814038f,0.661192544762292f,-0.8843970334893918f,-3.8254926816820274f,0.9055661958590816f,1.5488181625428705f,-0.3285433394974631f,2.113247583600294f,0.6318888818545417f,-0.7005821006574445f,-1.5610027939951054f,-2.0758179878477634f,0f,0f,0f,1f], start_interpolation: 0, interpolation_duration: 1 }
$data merge entity $(bone_right_bicep) { transformation: [-1.2390854304383516f,0.9665726905748375f,0.2013432039921665f,-2.3160866635024377f,0.8747896669930245f,0.9249900753478605f,0.9430116409216267f,3.5418787834612395f,0.4577607349709508f,0.848684364311247f,-1.2571095875761888f,-0.7366328528715235f,0f,0f,0f,1f], start_interpolation: 0, interpolation_duration: 1 }
$data merge entity $(bone_right_shoulder) { transformation: [-0.8431984887881661f,0.5466740791403103f,0.1287506829818268f,-1.827548590493795f,0.5057112774266851f,0.6379964518097672f,0.6030170893336751f,3.4462238253797315f,0.24430593741385706f,0.5661457032788301f,-0.8038697843992492f,-0.7041794415734829f,0f,0f,0f,1f], start_interpolation: 0, interpolation_duration: 1 }
$data merge entity $(bone_right_arm) { transformation: [-1.3293818903015782f,0.0000016925093056259792f,0.0012732013144315685f,-1.7496746146255655f,0.00034863857238266564f,1.2790544925514618f,0.3623221147560791f,3.5970079501154886f,-0.0012245389326211724f,0.36232228248799025f,-1.2790539063789863f,-0.6553495094870271f,0f,0f,0f,1f], start_interpolation: 0, interpolation_duration: 1 }
$data merge entity $(bone_left_thumb_2) { transformation: [-0.7191782422221811f,-0.22461174768612005f,0.6575197477761416f,4.289945333346059f,-0.594074495702249f,0.6895589208768319f,-0.41422697666291264f,-0.7210116039531002f,-0.36035836256472853f,-0.688518741531823f,-0.6293518833602567f,-0.8041029188050068f,0f,0f,0f,1f], start_interpolation: 0, interpolation_duration: 1 }
$data merge entity $(bone_left_thumb) { transformation: [-0.7191782422221811f,-0.22461174768612005f,0.6575197477761416f,4.350316234410106f,-0.594074495702249f,0.6895589208768319f,-0.41422697666291264f,-0.36243621519656877f,-0.36035836256472853f,-0.688518741531823f,-0.6293518833602567f,-0.9099622819231107f,0f,0f,0f,1f], start_interpolation: 0, interpolation_duration: 1 }
$data merge entity $(bone_left_fingers_2) { transformation: [0.7375096594431778f,0.4041659571307431f,0.5410447128700162f,4.578715509027496f,0.5590651326188432f,-0.8148089956718031f,-0.15340299235080818f,-1.1643556862932993f,0.3788478318769727f,0.4156154227996082f,-0.82688459933247f,-0.8750007026785103f,0f,0f,0f,1f], start_interpolation: 0, interpolation_duration: 1 }
$data merge entity $(bone_left_fingers) { transformation: [-0.4969725889121277f,0.6784459186592393f,0.5410447128700162f,4.905509493977153f,0.7348655487962291f,0.6606361684999045f,-0.15340299235080818f,-0.9089448389380527f,-0.46150934016809864f,0.32135803759107434f,-0.82688459933247f,-0.7187674512721163f,0f,0f,0f,1f], start_interpolation: 0, interpolation_duration: 1 }
$data merge entity $(bone_left_hand) { transformation: [-0.7544371851101164f,-0.37161156117446875f,0.5410447128700162f,4.581113662843901f,-0.5229915572803114f,0.8384195566369693f,-0.15340299235080818f,-0.2610081283396606f,-0.39661614280893653f,-0.398694738678781f,-0.82688459933247f,-1.0408226144550259f,0f,0f,0f,1f], start_interpolation: 0, interpolation_duration: 1 }
$data merge entity $(bone_left_forearm) { transformation: [-1.4527617609620995f,-0.4923935020893634f,0.9868436890510978f,3.830764766881179f,-0.7461482678355207f,1.6406714491013357f,-0.2798008580102666f,2.107174704427018f,-0.8121419764584633f,-0.6265575766339445f,-1.5082040892632023f,-2.0608091236118997f,0f,0f,0f,1f], start_interpolation: 0, interpolation_duration: 1 }
$data merge entity $(bone_left_bicep) { transformation: [-1.2536141904818319f,-0.9682606779934457f,-0.032515792436309206f,2.3165035847616067f,-0.7442193797527303f,0.9284166870556697f,1.0460948933440701f,3.5402137160217544f,-0.620260858112576f,0.8429995673378214f,-1.1894379989075528f,-0.7318536231350644f,0f,0f,0f,1f], start_interpolation: 0, interpolation_duration: 1 }
$data merge entity $(bone_left_shoulder) { transformation: [-0.8430121168282083f,-0.5477739061043799f,-0.12524894146783805f,1.8277359830720288f,-0.5052690583303009f,0.640157309592208f,0.6010946484011624f,3.445265204531443f,-0.24585916342832279f,0.5626325136655865f,-0.8058603508000063f,-0.7008124344683045f,0f,0f,0f,1f], start_interpolation: 0, interpolation_duration: 1 }
$data merge entity $(bone_left_arm) { transformation: [-1.3293818903015782f,0.0000016925093056259792f,0.0012732013144315685f,1.7498506553766169f,0.00034863857238266564f,1.2790544925514618f,0.3623221147560791f,3.596090178102005f,-0.0012245389326211724f,0.36232228248799025f,-1.2790539063789863f,-0.6521259775809041f,0f,0f,0f,1f], start_interpolation: 0, interpolation_duration: 1 }
$data merge entity $(bone_chest) { transformation: [-2.6325217093053044f,0.0000033516083848944746f,0.0025212695652088303f,-1.3220334285424678e-17f,0.0006903950002586298f,2.5328603793920696f,0.7174919711298354f,4.294449859264294f,-0.002424905399669227f,0.7174923032826205f,-2.5328592186181957f,-0.35914256774127173f,0f,0f,0f,1f], start_interpolation: 0, interpolation_duration: 1 }
$data merge entity $(bone_weist) { transformation: [-1.9493945833333333f,-3.453110115168891e-17f,2.362214280772602e-16f,5.591810852418929e-17f,0f,1.9288943411416808f,0.2819678390188159f,0.3872267792947641f,-2.387319836754355e-16f,0.2819678390188159f,-1.9288943411416808f,-0.9237007967567792f,0f,0f,0f,1f], start_interpolation: 0, interpolation_duration: 1 }
$data merge entity $(bone_right_cheek) { transformation: [-0.9977836583898821f,0.05662076108888167f,0.034955120709542556f,-0.9080716039423966f,0.05831274629475185f,0.9970729544740662f,0.04944842844743008f,-1.4032780235323408f,-0.03205299782651863f,0.051377162923544994f,-0.9981648122731339f,-1.8053962788262634f,0f,0f,0f,1f], start_interpolation: 0, interpolation_duration: 1 }
$data merge entity $(bone_right_foot) { transformation: [-1.1377644174861057f,0.05542243473676844f,0.2966671180075649f,-2.271245926832887f,0.02746230789725439f,1.1713048574883904f,-0.11349734510384092f,-7.720274260377028f,-0.30054757830337314f,-0.10278219412190315f,-1.133445132604145f,-0.23327022462605257f,0f,0f,0f,1f], start_interpolation: 0, interpolation_duration: 1 }
$data merge entity $(bone_right_knee) { transformation: [-2.779523627207484f,0.35125229313387263f,0.7666804555338377f,-1.8713884753529144f,0.44986867794415336f,2.851160165601287f,0.3247038207770999f,-4.160839482136334f,-0.713298862282954f,0.42946038838368267f,-2.7827499342213993f,0.1885192170023584f,0f,0f,0f,1f], start_interpolation: 0, interpolation_duration: 1 }
$data merge entity $(bone_right_leg) { transformation: [-2.3692389778144456f,0.6676732582766364f,0.26633026325613707f,-0.8928749999999998f,0.3834636972501545f,1.9498316958969526f,-1.476863119420997f,-1.416594072710164f,-0.6080090310472905f,-1.371999089211409f,-1.969252711133607f,-1.6846848448835017f,0f,0f,0f,1f], start_interpolation: 0, interpolation_duration: 1 }
$data merge entity $(bone_left_cheek) { transformation: [-0.9953911774055689f,-0.0783668942029546f,-0.05527236050810669f,0.9121462516951069f,-0.07767642749816242f,0.9968726630395393f,-0.01453500242793504f,-1.3462088626887592f,0.056238568209707414f,-0.01017465367667475f,-0.9983655141621639f,-1.7380581916865623f,0f,0f,0f,1f], start_interpolation: 0, interpolation_duration: 1 }
$data merge entity $(bone_left_foot) { transformation: [-1.1472075618486608f,-0.11798185258602477f,-0.235766807193429f,2.562498215921005f,-0.030432592110609644f,1.1048896062031353f,-0.40482553071449556f,-7.0326627293655175f,0.2618769983241049f,-0.3884457947271576f,-1.0798709169081768f,1.3113425651861184f,0f,0f,0f,1f], start_interpolation: 0, interpolation_duration: 1 }
$data merge entity $(bone_left_knee) { transformation: [-2.779523627207484f,-0.535027618911911f,-0.6518608297258146f,1.9385062120825611f,-0.4498686779441535f,2.839776856268486f,-0.4125703185405877f,-3.512573306365451f,0.7132988622829535f,-0.2938393134646096f,-2.8003199601942845f,0.834925972603f,0f,0f,0f,1f], start_interpolation: 0, interpolation_duration: 1 }
$data merge entity $(bone_left_leg) { transformation: [-2.3692389778144456f,-0.7134993370442156f,-0.08739613825157089f,0.8928750000000001f,-0.38346369725015467f,1.509115291499289f,-1.924977753843748f,-1.3772045029272704f,0.6080090310472902f,-1.8285246664837593f,-1.5546174079703516f,-1.6838277644049042f,0f,0f,0f,1f], start_interpolation: 0, interpolation_duration: 1 }
data modify entity @s data merge value {"locators":{"consume":{"posx":4.688211754436368,"posy":-1.0528448138750124,"posz":-0.6401893537844597,"roty":33.197408841992115,"rotx":-8.824186781304325}},"cameras":{}}