# This file was generated by Animated Java via MC-Build. It is not recommended to edit this file directly.
$data merge entity $(bone_neck) { transformation: [-1.2033625000000001f,-3.5650866774426165e-17f,1.4299215626025604e-16f,0.05958454810495639f,0f,1.1676195647578775f,0.29111141922101696f,3.888306882242447f,-1.473694033838957e-16f,0.29111141922101696f,-1.1676195647578775f,-0.6743337136754468f,0f,0f,0f,1f], start_interpolation: 0, interpolation_duration: 1 }
$data merge entity $(bone_right_thumb_2) { transformation: [-0.7425949807752406f,-0.12990765467352894f,-0.6570210771235903f,-3.260798011916652f,0.4856408693035311f,0.5711014298236043f,-0.661812740067419f,-0.8569749973531701f,0.4612002174647477f,-0.8105351060322169f,-0.36100858895573684f,0.18505500316490647f,0f,0f,0f,1f], start_interpolation: 0, interpolation_duration: 1 }
$data merge entity $(bone_right_thumb) { transformation: [-0.7425949807752406f,-0.12990765467352894f,-0.6570210771235903f,-3.4349919492056f,0.4856408693035311f,0.5711014298236043f,-0.661812740067419f,-0.5479354190488681f,0.4612002174647477f,-0.8105351060322169f,-0.36100858895573684f,0.05247230772456514f,0f,0f,0f,1f], start_interpolation: 0, interpolation_duration: 1 }
$data merge entity $(bone_right_fingers_2) { transformation: [0.7463653402231104f,-0.07015194870499224f,-0.6618288925443888f,-3.4333873841436606f,-0.45189648337501376f,-0.7834702253472444f,-0.4265723553016927f,-1.356918771601338f,-0.48859834959497783f,0.6174569702313101f,-0.616456440217664f,0.25742776497568315f,0f,0f,0f,1f], start_interpolation: 0, interpolation_duration: 1 }
$data merge entity $(bone_right_fingers) { transformation: [-0.1669720149232693f,-0.7308234145304396f,-0.6618288925443888f,-3.7688313559065207f,-0.7177832017073347f,0.5502938315474142f,-0.4265723553016927f,-1.1516370197654602f,0.6759494223529081f,0.4038240157976431f,-0.616456440217664f,0.4618160781498126f,0f,0f,0f,1f], start_interpolation: 0, interpolation_duration: 1 }
$data merge entity $(bone_right_hand) { transformation: [-0.748714950825233f,0.03752918070297113f,-0.6618288925443888f,-3.708246360165655f,0.417291886806274f,0.8024359830528701f,-0.4265723553016927f,-0.5263036389246145f,0.5150664069966402f,-0.5955569273358651f,-0.616456440217664f,-0.02198324535912466f,0f,0f,0f,1f], start_interpolation: 0, interpolation_duration: 1 }
$data merge entity $(bone_right_forearm) { transformation: [-1.3628774325291153f,-0.11038384200326241f,-1.2071491510832248f,-3.857665751447433f,0.5635724738395927f,1.5504359649623867f,-0.778050735437594f,1.697192199569523f,1.0732100131226294f,-0.9543543826112271f,-1.1243916318425604f,-1.5204577949106162f,0f,0f,0f,1f], start_interpolation: 0, interpolation_duration: 1 }
$data merge entity $(bone_right_bicep) { transformation: [-1.198610642673081f,0.9879237150096889f,-0.31220796991073874f,-2.3084390693761865f,0.5850268533969256f,1.039366157935544f,1.0428787688059935f,3.3038809167003573f,0.855108568521461f,0.6736907888217474f,-1.1511145090656343f,-0.4568984348007958f,0f,0f,0f,1f], start_interpolation: 0, interpolation_duration: 1 }
$data merge entity $(bone_right_shoulder) { transformation: [-0.8186049644746202f,0.5625309867363248f,-0.19964413281086535f,-1.8205960021036007f,0.31475052115621405f,0.6947077209236197f,0.666878002777001f,3.303490695023437f,0.5071794556527673f,0.4768155304909931f,-0.7360902990212514f,-0.561213022134357f,0f,0f,0f,1f], start_interpolation: 0, interpolation_duration: 1 }
$data merge entity $(bone_right_arm) { transformation: [-1.3129832974243019f,-0.000014535487070189791f,-0.208165058979109f,-1.7427692024498973f,-0.12722018790909018f,1.052281399906664f,0.8023569719925765f,3.4328067986201822f,0.16476563895251975f,0.8123802597955222f,-1.0393018950340545f,-0.469534751733787f,0f,0f,0f,1f], start_interpolation: 0, interpolation_duration: 1 }
$data merge entity $(bone_left_thumb_2) { transformation: [-0.6366203727841195f,-0.510905738855816f,0.5776589192251783f,5.066938263704591f,-0.46624679602723407f,0.851647448533824f,0.2393962167624344f,1.0294820681571761f,-0.6142706456852278f,-0.11692711152688545f,-0.7803842799796983f,-3.7021912765198235f,0f,0f,0f,1f], start_interpolation: 0, interpolation_duration: 1 }
$data merge entity $(bone_left_thumb) { transformation: [-0.6366203727841195f,-0.510905738855816f,0.5776589192251783f,5.024885337618818f,-0.46624679602723407f,0.851647448533824f,0.2393962167624344f,1.3822558936295959f,-0.6142706456852278f,-0.11692711152688545f,-0.7803842799796983f,-3.571006904942519f,0f,0f,0f,1f], start_interpolation: 0, interpolation_duration: 1 }
$data merge entity $(bone_left_fingers_2) { transformation: [0.6655737981815668f,0.6492513611771473f,0.36808176969769035f,5.421141128810008f,0.4344664939798103f,-0.7380621284329254f,0.5162394407462019f,0.8176746394739058f,0.606836373978236f,-0.183676249370138f,-0.7733127767173286f,-4.0407863576610445f,0f,0f,0f,1f], start_interpolation: 0, interpolation_duration: 1 }
$data merge entity $(bone_left_fingers) { transformation: [-0.7305717392971114f,0.5751354141040259f,0.36808176969769035f,5.711887516226035f,0.6750386475030609f,0.5270860121415546f,0.5162394407462019f,1.0226907161389824f,0.10289683239843585f,0.6256193661069827f,-0.7733127767173286f,-3.776451749816358f,0f,0f,0f,1f], start_interpolation: 0, interpolation_duration: 1 }
$data merge entity $(bone_left_hand) { transformation: [-0.6932602660254348f,-0.6196014964205294f,0.36808176969769035f,5.194579798214904f,-0.4018591602676338f,0.756310819126f,0.5162394407462019f,1.6038891334758403f,-0.5982469547430516f,0.20997126114399517f,-0.7733127767173286f,-3.623561956495429f,0f,0f,0f,1f], start_interpolation: 0, interpolation_duration: 1 }
$data merge entity $(bone_left_forearm) { transformation: [-1.4011722312908204f,-0.9554120941597088f,0.6713662712903953f,3.752626493430342f,-0.5466458454432013f,1.463351139075748f,0.9415998752436754f,3.7699605064580393f,-1.031854282131298f,0.5221299988820572f,-1.4104912500076816f,-2.959791402830076f,0f,0f,0f,1f], start_interpolation: 0, interpolation_duration: 1 }
$data merge entity $(bone_left_bicep) { transformation: [-1.176751884194045f,-0.9709248921537367f,-0.42742766958343476f,2.23953164313781f,-0.595656065084646f,0.07650844181930018f,1.4661087498346652f,3.868656817945512f,-0.8778288050964986f,1.2496342937076206f,-0.4218593092681677f,-1.0069694778222675f,0f,0f,0f,1f], start_interpolation: 0, interpolation_duration: 1 }
$data merge entity $(bone_left_shoulder) { transformation: [-0.7617799078699384f,-0.5565909663689519f,-0.3692029885970379f,1.7895988015399797f,-0.49384259772376116f,0.09231650674011412f,0.8797784550235305f,3.653296867127037f,-0.44969305009745864f,0.8414850785406827f,-0.34072276406818747f,-1.0142546219264483f,0f,0f,0f,1f], start_interpolation: 0, interpolation_duration: 1 }
$data merge entity $(bone_left_arm) { transformation: [-1.3129832974243019f,-0.000014535487070189791f,-0.208165058979109f,1.7135876668202064f,-0.12722018790909018f,1.052281399906664f,0.8023569719925765f,3.767706999751468f,0.16476563895251975f,0.8123802597955222f,-1.0393018950340545f,-0.903271303547046f,0f,0f,0f,1f], start_interpolation: 0, interpolation_duration: 1 }
$data merge entity $(bone_chest) { transformation: [-2.600048232671967f,-0.000028784042829800047f,-0.4122209282969897f,1.0771247714608241e-16f,-0.25192904234358404f,2.0837907073670485f,1.588875373429192f,4.139056832701591f,0.32627879517124253f,1.608724088785081f,-2.058087913758639f,-0.1541121425365678f,0f,0f,0f,1f], start_interpolation: 0, interpolation_duration: 1 }
$data merge entity $(bone_weist) { transformation: [-1.9493945833333333f,-1.1993741318337803e-16f,2.0641699772181566e-16f,3.4991042317694316e-16f,0f,1.6855226981814773f,0.9793633010504182f,0.722357331544019f,-2.387319836754355e-16f,0.9793633010504182f,-1.6855226981814773f,-2.1318084562777084f,0f,0f,0f,1f], start_interpolation: 0, interpolation_duration: 1 }
$data merge entity $(bone_right_cheek) { transformation: [-0.999608526469275f,0.02750085141100158f,-0.005147521888710309f,-0.9193280064375567f,0.025661402183390337f,0.9744847649330257f,0.22298191709510395f,-0.44571163557308324f,0.011148374227080302f,0.2227625329472971f,-0.9748089903499031f,-3.4020504026488463f,0f,0f,0f,1f], start_interpolation: 0, interpolation_duration: 1 }
$data merge entity $(bone_right_foot) { transformation: [-1.140846872695191f,0.05205025429870305f,0.2852193523686732f,-2.3127235773886072f,0.05315939924082336f,1.1759086374302148f,-0.00196203107323633f,-6.77674117344123f,-0.2850147122702962f,0.010979176700369658f,-1.142031946289168f,-1.7779887727036514f,0f,0f,0f,1f], start_interpolation: 0, interpolation_duration: 1 }
$data merge entity $(bone_right_knee) { transformation: [-2.7862768287476603f,0.3665635692685095f,0.7343168742464224f,-1.8951233457720027f,0.4930777034715507f,2.8251776679672513f,0.4606237198542487f,-3.2439331254517865f,-0.6560979351111593f,0.5665077074835566f,-2.7722794241271247f,-1.184485952375538f,0f,0f,0f,1f], start_interpolation: 0, interpolation_duration: 1 }
$data merge entity $(bone_right_leg) { transformation: [-2.374995341299687f,0.6831613339744391f,0.15066666355272784f,-0.8928749999999996f,0.42029465147224193f,1.8196399725353363f,-1.6255077665869482f,-0.680044572213351f,-0.5592515155881767f,-1.5336928261724792f,-1.861460926315259f,-3.2866844886797892f,0f,0f,0f,1f], start_interpolation: 0, interpolation_duration: 1 }
$data merge entity $(bone_left_cheek) { transformation: [-0.9992333803757538f,-0.02484435718054693f,0.03025573431813636f,0.8193506010165107f,-0.015396002845728528f,0.9599409947276086f,0.27977893011759014f,-0.4752003774113717f,-0.03599464736899868f,0.27909862872764973f,-0.959587588916784f,-3.3949353182560826f,0f,0f,0f,1f], start_interpolation: 0, interpolation_duration: 1 }
$data merge entity $(bone_left_foot) { transformation: [-1.1455512840039082f,-0.04632899720752804f,-0.26675227198902146f,2.2670296046472447f,-0.0466449593445775f,1.1761800202317898f,-0.003962657170625809f,-6.786864048008322f,0.26669720351234044f,0.006714082353833361f,-1.1464808841029168f,-1.816011874915198f,0f,0f,0f,1f], start_interpolation: 0, interpolation_duration: 1 }
$data merge entity $(bone_left_knee) { transformation: [-2.797986856534892f,-0.3647700924661176f,-0.6893047358275415f,1.8534576498730235f,-0.4891414476516752f,2.820396762830905f,0.492982183183329f,-3.2589702697032625f,0.6074033942786625f,0.590959870371278f,-2.778264968782414f,-1.1912782807484992f,0f,0f,0f,1f], start_interpolation: 0, interpolation_duration: 1 }
$data merge entity $(bone_left_leg) { transformation: [-2.384976855395566f,-0.6529141260044187f,-0.12490502884362366f,0.8928750000000004f,-0.41693942519396504f,1.8315641361391097f,-1.6129311993594098f,-0.6785458277826173f,0.5177447613307802f,-1.532673703764746f,-1.8742636961862253f,-3.2926958066987755f,0f,0f,0f,1f], start_interpolation: 0, interpolation_duration: 1 }
data modify entity @s data merge value {"locators":{"consume":{"posx":5.552735036702385,"posy":0.8023820725839048,"posz":-3.791768983168624,"roty":25.45353535309374,"rotx":31.080336968701555}},"cameras":{}}
execute on vehicle unless entity @s[tag=aj.transforms_only] at @s run function animated_java:armor/animations/jump/zzz/frames/zzz/4