# This file was generated by Animated Java via MC-Build. It is not recommended to edit this file directly.
$data merge entity $(bone_neck) { transformation: [-0.9383764822896096f,-0.3035801104985916f,0.16519289934933934f,-0.3280617933901494f,-0.25685302367244917f,0.9323686389930087f,0.2543919127107716f,4.5573875f,-0.23124900370833676f,0.19628509248536294f,-0.9528882729637899f,0.5294737002569609f,0f,0f,0f,1f], start_interpolation: 0, interpolation_duration: 1 }
$data merge entity $(bone_right_thumb_2) { transformation: [0.24842846144665698f,-0.8497991647538509f,0.4648921155783388f,3.32319891641424f,0.6285654243863521f,-0.22374115283136292f,-0.7448794558824251f,1.126980096991537f,0.7370134373328969f,0.47726436711046144f,0.478570702276475f,1.9087288373690219f,0f,0f,0f,1f], start_interpolation: 0, interpolation_duration: 1 }
$data merge entity $(bone_right_thumb) { transformation: [0.24842846144665698f,-0.8497991647538509f,0.4648921155783388f,3.116284184803367f,0.6285654243863521f,-0.22374115283136292f,-0.7448794558824251f,1.155610778242521f,0.7370134373328969f,0.47726436711046144f,0.478570702276475f,2.1542922056146336f,0f,0f,0f,1f], start_interpolation: 0, interpolation_duration: 1 }
$data merge entity $(bone_right_fingers2) { transformation: [0.3457288526103342f,0.9268737767789399f,0.146207258343369f,3.852674706594637f,-0.5404239052722069f,0.32406505187430956f,-0.7764817092269706f,0.9241496744198102f,-0.7670811971904138f,0.189438232870886f,0.6129433846968881f,1.9609224658701112f,0f,0f,0f,1f], start_interpolation: 0, interpolation_duration: 1 }
$data merge entity $(bone_right_fingers) { transformation: [0.9879379031539889f,-0.051011147011354674f,0.146207258343369f,3.7837592046549413f,0.14655773061153185f,0.6128596795629158f,-0.7764817092269706f,1.200282679412591f,-0.04999531087708453f,0.7885435156328572f,0.6129433846968881f,2.3404243580420374f,0f,0f,0f,1f], start_interpolation: 0, interpolation_duration: 1 }
$data merge entity $(bone_right_hand) { transformation: [0.03528742754166008f,-0.9886244155720648f,0.146207258343369f,3.093191196605183f,0.6233009113216421f,-0.09258579362716844f,-0.7764817092269706f,1.151247372996476f,0.7811854910346854f,0.1185311594190317f,0.6129433846968881f,2.4907498838876405f,0f,0f,0f,1f], start_interpolation: 0, interpolation_duration: 1 }
$data merge entity $(bone_right_forearm) { transformation: [0.05810478688514446f,-1.503814223332226f,-0.03438772254868385f,0.9229365567091222f,1.0836540269702182f,0.06571578666749044f,-1.04278055468601f,1.218783156874049f,1.0432323248393054f,0.015495712430417986f,1.0851000411593448f,2.4793278007245485f,0f,0f,0f,1f], start_interpolation: 0, interpolation_duration: 1 }
$data merge entity $(bone_right_bicep) { transformation: [0.06094431881025493f,-1.0390190950166347f,-1.187278092209239f,-0.6378429855443951f,1.136611285232586f,0.8529565634612422f,-0.6881017694896306f,2.3593075190966304f,1.0942142086132527f,-0.8281356042844945f,0.7808910581058488f,1.2319855852936743f,0f,0f,0f,1f], start_interpolation: 0, interpolation_duration: 1 }
$data merge entity $(bone_right_shoulder) { transformation: [0.152285277922829f,-0.6413677029477757f,-0.751968525766511f,-0.7933267304484648f,0.6151329114384732f,0.6570226709903901f,-0.4358127018225618f,2.3534431801354527f,0.7735765607832197f,-0.3961927301455027f,0.49458126247024214f,0.8640488079593474f,0f,0f,0f,1f], start_interpolation: 0, interpolation_duration: 1 }
$data merge entity $(bone_right_arm) { transformation: [-0.49138486868878156f,-0.21474871462751918f,-1.3608710600167448f,-0.6846389207932679f,-0.712526912032645f,1.2762162213644377f,0.055890048819647827f,2.5802684681841446f,1.1791490372529227f,0.6816900230263514f,-0.5333407935395531f,0.5881201070230547f,0f,0f,0f,1f], start_interpolation: 0, interpolation_duration: 1 }
$data merge entity $(bone_left_thumb_2) { transformation: [-0.5326605287723447f,-0.7419220361162269f,0.4072154876881743f,1.8517932587274435f,-0.5397715658897468f,-0.07278390710297777f,-0.8386591438264751f,3.959062589936797f,0.6518584338220199f,-0.6665239644543748f,-0.3616993047589757f,-3.26450248748327f,0f,0f,0f,1f], start_interpolation: 0, interpolation_duration: 1 }
$data merge entity $(bone_left_thumb) { transformation: [-0.5326605287723447f,-0.7419220361162269f,0.4072154876881743f,1.7177451162772344f,-0.5397715658897468f,-0.07278390710297777f,-0.8386591438264751f,4.017858093174391f,0.6518584338220199f,-0.6665239644543748f,-0.3616993047589757f,-3.5517462414541985f,0f,0f,0f,1f], start_interpolation: 0, interpolation_duration: 1 }
$data merge entity $(bone_left_fingers2) { transformation: [-0.04344066578585268f,0.9907049922955994f,0.1289051077213684f,2.3280443532708297f,0.5674492095558032f,0.13066154936335284f,-0.812975371147529f,3.65555059092553f,-0.8222616999049488f,0.037830910094046794f,-0.5678507894780811f,-3.1918779119850216f,0f,0f,0f,1f], start_interpolation: 0, interpolation_duration: 1 }
$data merge entity $(bone_left_fingers) { transformation: [-0.9579150044793373f,0.2564806374693668f,0.1289051077213684f,2.405523104188548f,0.046021133798689856f,0.5804766155078263f,-0.812975371147529f,3.9250741668887055f,-0.283338842090585f,-0.7728289470845967f,-0.5678507894780811f,-3.574467188066132f,0f,0f,0f,1f], start_interpolation: 0, interpolation_duration: 1 }
$data merge entity $(bone_left_hand) { transformation: [-0.33899244491469754f,-0.931916088225811f,0.1289051077213684f,1.7734139476236392f,-0.5742567206368231f,0.09643788006265724f,-0.812975371147529f,4.005181198691894f,0.745193492385835f,-0.349617133154144f,-0.5678507894780811f,-3.884156187516181f,0f,0f,0f,1f], start_interpolation: 0, interpolation_duration: 1 }
$data merge entity $(bone_left_forearm) { transformation: [-0.2451344527928023f,-1.4028404684922202f,0.48781514944890986f,-0.2584602385717841f,-1.46412027707073f,0.14517075362981982f,-0.3182658740396802f,4.173798742489416f,0.24955322947552644f,-0.5262888677033167f,-1.3880774882575029f,-4.6309842557316845f,0f,0f,0f,1f], start_interpolation: 0, interpolation_duration: 1 }
$data merge entity $(bone_left_bicep) { transformation: [-0.2571139667358713f,0.4248354942774978f,-1.4987699519792164f,0.3704670078875046f,-1.5356706000615332f,0.1861130400127224f,0.316199150043636f,4.2675748520488535f,0.2617486853079501f,1.5092318897981387f,0.38289801070303686f,-2.333309687669989f,0f,0f,0f,1f], start_interpolation: 0, interpolation_duration: 1 }
$data merge entity $(bone_left_shoulder) { transformation: [-0.11364663759829158f,0.2932615209148517f,-0.9492534551495244f,0.4129867462436383f,-0.9373794236312646f,0.28497933105375517f,0.20026631525264704f,4.10264400266866f,0.32924801884798177f,0.9125702500207107f,0.24251037268912207f,-2.0306747891720307f,0f,0f,0f,1f], start_interpolation: 0, interpolation_duration: 1 }
$data merge entity $(bone_left_arm) { transformation: [-0.49138486868878156f,-0.21474871462751918f,-1.3608710600167448f,0.2826311503612821f,-0.712526912032645f,1.2762162213644377f,0.055890048819647827f,3.9150107427178824f,1.1791490372529227f,0.6816900230263514f,-0.5333407935395531f,-1.7400930190129131f,0f,0f,0f,1f], start_interpolation: 0, interpolation_duration: 1 }
$data merge entity $(bone_chest) { transformation: [-0.6938698263852955f,-0.3032402152159798f,-1.9216451834715393f,-0.05963910620733087f,-1.0061378692148348f,1.8021066263419867f,0.07892066065167402f,3.9316050000000002f,1.6650409686897896f,0.9625940236785345f,-0.7531145287501081f,-0.10377450797623622f,0f,0f,0f,1f], start_interpolation: 0, interpolation_duration: 1 }
$data merge entity $(bone_left_cheek) { transformation: [-0.9007528621640293f,-0.14411559009001734f,-0.6785288714373868f,0.9005915055159849f,-0.3916760080544228f,1.0235087780590493f,0.3025659222853791f,-0.5644573388549795f,0.5725038317737614f,0.4734838215893511f,-0.8605689308098932f,-2.6685061244352752f,0f,0f,0f,1f], start_interpolation: 0, interpolation_duration: 1 }
$data merge entity $(bone_left_foot) { transformation: [-0.7481205866188365f,-0.1250741561863857f,-0.8413995458350044f,1.2857192572140546f,-0.15119128017194133f,1.1222180594169247f,-0.032387903891444796f,-6.777191071268492f,0.8371009121229398f,0.09090783779617426f,-0.7578119689937385f,-6.207376198484388f,0f,0f,0f,1f], start_interpolation: 0, interpolation_duration: 1 }
$data merge entity $(bone_left_knee) { transformation: [-2.4722294594720005f,0.016909781171562683f,-1.9037749024496795f,1.4028060546966241f,-1.0750040397919984f,2.5628224720325243f,1.4187567132717862f,-3.5498624855117713f,1.571308732976254f,1.7799489757640827f,-2.024681167375922f,-3.8831974426165754f,0f,0f,0f,1f], start_interpolation: 0, interpolation_duration: 1 }
$data merge entity $(bone_left_leg) { transformation: [-1.8878181460188788f,-0.2397231371683226f,-1.433897427681794f,0.8975100289963128f,-0.8208834036774084f,2.115390986489072f,0.7270885639949438f,-0.643966804302224f,1.1998664313886278f,1.0700654932439484f,-1.7585979515056163f,-2.5328912076423493f,0f,0f,0f,1f], start_interpolation: 0, interpolation_duration: 1 }
$data merge entity $(bone_right_cheek) { transformation: [-1.0016683319099111f,0.03672178148076129f,-0.5365058387300868f,-0.6181543680427685f,-0.052441263769247945f,1.122163268992435f,0.17471680788142452f,-0.9238253171222992f,0.5351980176354157f,0.1786828471534682f,-0.9869964404343257f,-1.9322520376860635f,0f,0f,0f,1f], start_interpolation: 0, interpolation_duration: 1 }
$data merge entity $(bone_right_foot) { transformation: [-1.0984622976232215f,-0.08204085211886863f,-0.26444476112020804f,0.12505001149419126f,-0.10407994152822857f,1.1249464604122086f,0.08333054288509319f,-6.6621665378926735f,0.2565718201046142f,0.10509953467857867f,-1.0983652130956045f,0.644310165713875f,0f,0f,0f,1f], start_interpolation: 0, interpolation_duration: 1 }
$data merge entity $(bone_right_knee) { transformation: [-3.0366408158555234f,0.007149011295748087f,-0.7178612451550594f,0.1266288974478358f,-0.014915211853479878f,3.1188901843478374f,0.09415346309008485f,-2.6904570445991958f,0.717741884045682f,0.09505908580447973f,-3.035189232695443f,0.8824009379333542f,0f,0f,0f,1f], start_interpolation: 0, interpolation_duration: 1 }
$data merge entity $(bone_right_leg) { transformation: [-2.3188080755003866f,-0.4837082370903591f,-0.25795700883980033f,-0.4744823430656211f,-0.011389398941443238f,1.1634801485781177f,-2.0793197429690413f,-1.2788807566573825f,0.5480745922138633f,-2.022307259859397f,-1.1345809605903092f,-1.9757450295987238f,0f,0f,0f,1f], start_interpolation: 0, interpolation_duration: 1 }
$data merge entity $(bone_weist) { transformation: [-1.8818439625308994f,-0.11793244702438915f,-0.8998990498953876f,0.26223581906650995f,-0.27793889642454067f,2.046915701177496f,0.31296827875222f,0.8669750000000005f,0.8639886179331819f,0.40161064675834784f,-1.8593804392512119f,-1.5556584705245382f,0f,0f,0f,1f], start_interpolation: 0, interpolation_duration: 1 }
data modify entity @s data merge value {"locators":{"consume":{"posx":3.8090137841997715,"posy":1.0789775207044037,"posz":2.190853219668494,"roty":166.5837652714015,"rotx":-50.93956324090606}},"cameras":{}}