# This file was generated by Animated Java via MC-Build. It is not recommended to edit this file directly.
$data merge entity $(bone_neck) { transformation: [-0.9522993573313823f,-0.2054323474842596f,-0.2256623243550922f,0.12993166297171632f,-0.26552198405544297f,0.9222714330477523f,0.2809154317001942f,4.462999744897959f,0.1504127986891325f,0.32743389316188964f,-0.9328252974696551f,0.7454472839194648f,0f,0f,0f,1f], start_interpolation: 0, interpolation_duration: 1 }
$data merge entity $(bone_right_thumb_2) { transformation: [-0.2947344238449833f,0.9473671785119261f,-0.12500819364792634f,-1.7793462760174825f,0.5618191285668329f,0.0659749920731234f,-0.8246251070622066f,3.0997410772489586f,-0.77297534642262f,-0.31327740023707895f,-0.5516941039412393f,-4.309429868601236f,0f,0f,0f,1f], start_interpolation: 0, interpolation_duration: 1 }
$data merge entity $(bone_right_thumb) { transformation: [-0.2947344238449833f,0.9473671785119261f,-0.12500819364792634f,-1.5512994068665356f,0.5618191285668329f,0.0659749920731234f,-0.8246251070622066f,3.201562566930299f,-0.77297534642262f,-0.31327740023707895f,-0.5516941039412393f,-4.513296981201941f,0f,0f,0f,1f], start_interpolation: 0, interpolation_duration: 1 }
$data merge entity $(bone_right_fingers2) { transformation: [-0.2937083531796854f,-0.9333127859688427f,0.20654938106795107f,-2.204329990148632f,-0.657545433566728f,0.040429559127780484f,-0.7523293517763856f,2.75041099409613f,0.6938079028578585f,-0.35678101728624767f,-0.6255700597344551f,-4.456284569893435f,0f,0f,0f,1f], start_interpolation: 0, interpolation_duration: 1 }
$data merge entity $(bone_right_fingers) { transformation: [-0.978436029492518f,-0.0005379324885086412f,0.20654938106795107f,-2.15732218051553f,-0.15916936945962498f,0.6392696287808052f,-0.7523293517763856f,3.053448985378043f,-0.13163604375983506f,-0.7689824785696279f,-0.6255700597344551f,-4.818194380052453f,0f,0f,0f,1f], start_interpolation: 0, interpolation_duration: 1 }
$data merge entity $(bone_right_hand) { transformation: [-0.08581220437447389f,0.9746659010968011f,0.20654938106795107f,-1.469435577840187f,0.6229644902245864f,0.2142797012666956f,-0.7523293517763856f,3.221460955374543f,-0.7775291052427643f,0.06411388979164942f,-0.6255700597344551f,-4.839883053030779f,0f,0f,0f,1f], start_interpolation: 0, interpolation_duration: 1 }
$data merge entity $(bone_right_forearm) { transformation: [-0.1911510333581113f,1.3836629598312058f,0.561207622947722f,0.5294463825341752f,1.0463718503988029f,0.5277514469670692f,-0.9447752436079756f,3.9560311411446434f,-1.0651681243618163f,0.27013167869146854f,-1.0288156506528359f,-4.41612097503683f,0f,0f,0f,1f], start_interpolation: 0, interpolation_duration: 1 }
$data merge entity $(bone_right_bicep) { transformation: [-0.5160326146130854f,-0.626015711370528f,1.3545179318921095f,-0.2963968161011551f,1.4218897440016383f,0.2284221513766144f,0.64726890448088f,4.219541626793521f,-0.45259701126165475f,1.4313740978242457f,0.489109696815844f,-2.2851032749796056f,0f,0f,0f,1f], start_interpolation: 0, interpolation_duration: 1 }
$data merge entity $(bone_right_shoulder) { transformation: [-0.2530167325264329f,-0.44722036270726273f,0.8578907157917209f,-0.3791636302622031f,0.8617573617994344f,0.29885519088766854f,0.40995100227219067f,3.99734309828781f,-0.4397235295570683f,0.8430181030437478f,0.30978007601263585f,-1.9635997354663632f,0f,0f,0f,1f], start_interpolation: 0, interpolation_duration: 1 }
$data merge entity $(bone_right_arm) { transformation: [-0.4546337629814237f,0.20503443844230793f,1.3750691481563972f,-0.24918953334383076f,0.6924977918016224f,1.2878779218043994f,0.0369243616088399f,3.869619212346549f,-1.20552938226689f,0.662478285819989f,-0.49736060450118236f,-1.6377274562575856f,0f,0f,0f,1f], start_interpolation: 0, interpolation_duration: 1 }
$data merge entity $(bone_left_thumb_2) { transformation: [-0.11517830426211553f,0.9813226133395658f,0.15407753494818233f,-2.7268339217021533f,-0.08379926176377497f,0.14495796883516376f,-0.9858827876573514f,-0.02851400207901727f,-0.9898038401396255f,-0.1264638913666209f,0.06553809751023904f,3.4166422608013596f,0f,0f,0f,1f], start_interpolation: 0, interpolation_duration: 1 }
$data merge entity $(bone_left_thumb) { transformation: [-0.11517830426211553f,0.9813226133395658f,0.15407753494818233f,-2.4285610654695384f,-0.08379926176377497f,0.14495796883516376f,-0.9858827876573514f,0.02540190013461094f,-0.9898038401396255f,-0.1264638913666209f,0.06553809751023904f,3.5264656126622147f,0f,0f,0f,1f], start_interpolation: 0, interpolation_duration: 1 }
$data merge entity $(bone_left_fingers2) { transformation: [0.5930411332471037f,-0.6461432668720782f,0.48041762348280787f,-3.0294495421196994f,0.34017984151819514f,-0.33972760820059145f,-0.8768482352442533f,-0.4962369689549657f,0.7297807134349649f,0.6834354621339042f,0.018332468359985477f,3.5344046491091454f,0f,0f,0f,1f], start_interpolation: 0, interpolation_duration: 1 }
$data merge entity $(bone_left_fingers) { transformation: [0.7945686943397268f,0.3712943536096294f,0.48041762348280787f,-2.8132777483721707f,0.4262980297970222f,0.2222772191211148f,-0.8768482352442533f,-0.3785860875417217f,-0.43235469208329236f,0.9015172437826083f,0.018332468359985477f,3.9399271450408486f,0f,0f,0f,1f], start_interpolation: 0, interpolation_duration: 1 }
$data merge entity $(bone_left_hand) { transformation: [-0.3006302417780985f,0.8239055557377756f,0.48041762348280787f,-2.199524537649162f,-0.18427706577620884f,0.44404857321913527f,-0.8768482352442533f,-0.079630976761629f,-0.9357688928134726f,-0.35213704696676995f,0.018332468359985477f,3.7506674377507054f,0f,0f,0f,1f], start_interpolation: 0, interpolation_duration: 1 }
$data merge entity $(bone_left_forearm) { transformation: [0.1549248318782704f,1.2402490636307828f,0.8389257754103263f,-0.40950613845156425f,-1.0962610620474926f,0.6684392686834834f,-0.7857585684787383f,0.8558292588549614f,-1.019914643645906f,-0.5300821674629488f,0.9720097301116836f,2.9535193798641255f,0f,0f,0f,1f], start_interpolation: 0, interpolation_duration: 1 }
$data merge entity $(bone_left_bicep) { transformation: [0.16249587773685506f,0.6303948848132678f,1.4384371856164728f,0.5394997397081431f,-1.1498344154803608f,1.0327803023474156f,-0.32272251564550336f,2.2782980820719607f,-1.0697570120078252f,-1.014332930713033f,0.5653784564127304f,1.2923083303660694f,0f,0f,0f,1f], start_interpolation: 0, interpolation_duration: 1 }
$data merge entity $(bone_left_shoulder) { transformation: [0.2031941999254811f,0.5596928616890592f,0.8034027742614254f,0.7254248452357941f,-0.6139403792788712f,0.7120151898329745f,-0.3407514932293457f,2.2972272527437774f,-0.76275115719844f,-0.4240026769036068f,0.4882954046179586f,0.9996113255159608f,0f,0f,0f,1f], start_interpolation: 0, interpolation_duration: 1 }
$data merge entity $(bone_left_arm) { transformation: [-0.4093993450268581f,0.20503443844230793f,1.389208118658176f,0.6284870672425303f,0.6933351510569234f,1.2878779218043994f,0.014246699239352956f,2.464369101985876f,-1.221157109548978f,0.662478285819989f,-0.45765049570229505f,0.6844871338135998f,0f,0f,0f,1f], start_interpolation: 0, interpolation_duration: 1 }
$data merge entity $(bone_chest) { transformation: [-0.6419746929338364f,0.2895229773448227f,1.941693877642265f,0.040302823258690945f,0.97785534961989f,1.8185737635601626f,0.05213978291045114f,3.8609052915451896f,-1.702291862197499f,0.9354657061226648f,-0.7023079835913552f,-0.02169169187284803f,0f,0f,0f,1f], start_interpolation: 0, interpolation_duration: 1 }
$data merge entity $(bone_left_cheek) { transformation: [-0.9954589278583321f,-0.0008682443120568103f,0.549169573516899f,0.6449010924286709f,0.09411116056358203f,1.1198039220424238f,0.1723621681621555f,-0.8025598783690416f,-0.5410462676909378f,0.19637941263787842f,-0.9804236400084845f,-1.8286852933924753f,0f,0f,0f,1f], start_interpolation: 0, interpolation_duration: 1 }
$data merge entity $(bone_left_foot) { transformation: [-1.1190970368656015f,-0.030749054131518336f,0.1730822641077001f,-0.2936562016377783f,-0.020487318705361787f,1.1305682713936607f,0.06838717635796537f,-6.939704561678089f,-0.17459451380526142f,0.06442850136366274f,-1.1174286896089332f,0.4072299554518957f,0f,0f,0f,1f], start_interpolation: 0, interpolation_duration: 1 }
$data merge entity $(bone_left_knee) { transformation: [-2.952335327542921f,-0.04840992068998791f,1.008928101253305f,-0.35920838457789595f,0.01988271981833651f,3.11337190379486f,0.20756537835383515f,-2.979157920018474f,-1.0098931187865552f,0.20281811659054128f,-2.9454276464357445f,0.7826486794987744f,0f,0f,0f,1f], start_interpolation: 0, interpolation_duration: 1 }
$data merge entity $(bone_left_leg) { transformation: [-2.254431595382111f,0.6538772481917493f,0.40910768030495165f,0.4875494229708116f,0.015182635706186139f,1.3011825711190144f,-1.9960159749444817f,-1.3735868026988154f,-0.7711640794022543f,-1.8859360617363838f,-1.2352884285568195f,-1.9058496586921387f,0f,0f,0f,1f], start_interpolation: 0, interpolation_duration: 1 }
$data merge entity $(bone_right_cheek) { transformation: [-0.8553234021286391f,0.09338171329841088f,0.7431205721619623f,-0.8315932418009919f,0.21318624476684692f,1.1117152779926485f,0.1056750542830085f,-0.4914862359043066f,-0.7179832548124495f,0.21885028598784184f,-0.853891708303658f,-2.714859657327113f,0f,0f,0f,1f], start_interpolation: 0, interpolation_duration: 1 }
$data merge entity $(bone_right_foot) { transformation: [-0.8341366068962285f,0.04987752117112226f,0.7648591414878108f,-0.644754540554583f,0.1093574820094305f,1.1265988033600065f,0.04579552157535432f,-6.6745069324646185f,-0.7586423495720522f,0.10755706183057406f,-0.8343706707969609f,-6.533388583269466f,0f,0f,0f,1f], start_interpolation: 0, interpolation_duration: 1 }
$data merge entity $(bone_right_knee) { transformation: [-2.3088469136155645f,-0.23075120519220768f,2.0862749413651116f,-1.0391622012295436f,1.0900848086162536f,2.518574494529539f,1.4849447618369906f,-3.50578829066298f,-1.793740326716697f,1.827593969399493f,-1.7829636125010118f,-4.159608733722727f,0f,0f,0f,1f], start_interpolation: 0, interpolation_duration: 1 }
$data merge entity $(bone_right_leg) { transformation: [-1.7630576657047197f,0.021624549118071025f,1.6026685291474685f,-0.8205600512862068f,0.8323992235109061f,2.0483749079098215f,0.8880642642220861f,-0.6782012206246808f,-1.3697173314748958f,1.2169958847774773f,-1.5232143041399064f,-2.584856317225622f,0f,0f,0f,1f], start_interpolation: 0, interpolation_duration: 1 }
$data merge entity $(bone_weist) { transformation: [-1.7876175999554291f,0.07770799242347266f,1.0786323959630002f,-0.28587657322165705f,0.27484896786894014f,2.0480927724909095f,0.30795633052375254f,0.8044750000000005f,-1.0459179808038235f,0.40538934934429394f,-1.7626054902465382f,-1.5603421071291343f,0f,0f,0f,1f], start_interpolation: 0, interpolation_duration: 1 }
data modify entity @s data merge value {"locators":{"consume":{"posx":-2.1702701110487843,"posy":2.9227026144968797,"posz":-4.675148938503714,"roty":18.27207909876404,"rotx":-48.79255840795182}},"cameras":{}}