# This file was generated by Animated Java via MC-Build. It is not recommended to edit this file directly.
$data merge entity $(bone_right_thumb_2) { transformation: [-0.16192452516282851f,0.9758330731395153f,-0.14673193762055375f,-2.330713036362682f,0.5090968287844885f,-0.0447692504575435f,-0.8595441426332022f,3.9641682881612743f,-0.8453406810702829f,-0.21388204127639915f,-0.4895442833361156f,-3.5215523244696234f,0f,0f,0f,1f], start_interpolation: 0, interpolation_duration: 1 }
$data merge entity $(bone_right_thumb) { transformation: [-0.4479004437636464f,0.8658130830953349f,-0.22305357566575718f,-2.148645582485395f,0.4990223965772248f,0.03508265479853229f,-0.8658786606947938f,4.047867839605739f,-0.7418637612059588f,-0.49913616626451546f,-0.44777365636681926f,-3.7741005717754845f,0f,0f,0f,1f], start_interpolation: 0, interpolation_duration: 1 }
$data merge entity $(bone_right_fingers2) { transformation: [-0.05769472678578154f,-0.9981630871070193f,0.018487023505671746f,-2.8279814351533803f,-0.5394433671921639f,0.015587860480936876f,-0.8418775874187452f,3.657325058525706f,0.84004295848099f,-0.05854459960245779f,-0.5393517940675582f,-3.500876178969465f,0f,0f,0f,1f], start_interpolation: 0, interpolation_duration: 1 }
$data merge entity $(bone_right_fingers) { transformation: [-0.9971543365237976f,-0.07308528657456159f,0.018487023505671746f,-2.815871932476327f,-0.054956984464319375f,0.5368629784782906f,-0.8418775874187452f,3.906444471831529f,0.051603866234746304f,-0.840497878180387f,-0.5393517940675582f,-3.904377538168034f,0f,0f,0f,1f], start_interpolation: 0, interpolation_duration: 1 }
$data merge entity $(bone_right_hand) { transformation: [-0.24512899023978196f,0.9693141947304423f,0.018487023505671746f,-2.1472167838288074f,0.5191636433083479f,0.1473473422522289f,-0.8418775874187452f,4.0181575628001704f,-0.8187679094901238f,-0.19677081243232908f,-0.5393517940675582f,-4.110063892191063f,0f,0f,0f,1f], start_interpolation: 0, interpolation_duration: 1 }
$data merge entity $(bone_right_forearm) { transformation: [-0.3689998186034924f,1.4591369289917475f,0.027829055687939922f,-0.03247455705522806f,0.7815121745449857f,0.2218062519230958f,-1.2673028871044032f,4.320254177192534f,-1.2325152148861767f,-0.2962048431030809f,-0.8119019867038888f,-4.499036510702341f,0f,0f,0f,1f], start_interpolation: 0, interpolation_duration: 1 }
$data merge entity $(bone_right_bicep) { transformation: [-0.12134468659967286f,-0.24724626821673998f,1.5546861123491673f,-0.3255061315356999f,1.4975188038728195f,-0.49893148234213913f,0.03753619612639691f,3.497364774198438f,0.48540401432805497f,1.4774440147854049f,0.27284846360835074f,-2.3707327895352135f,0f,0f,0f,1f], start_interpolation: 0, interpolation_duration: 1 }
$data merge entity $(bone_right_shoulder) { transformation: [0.09619589094421693f,0.2263698972652352f,0.9692796398241197f,-0.5431300129447675f,0.5366491302383057f,0.8083454201608941f,-0.242044195797746f,3.5858193647195353f,-0.8383042774434104f,0.5434467327319527f,-0.04372170059646857f,-1.9670046146796398f,0f,0f,0f,1f], start_interpolation: 0, interpolation_duration: 1 }
$data merge entity $(bone_right_arm) { transformation: [-1.0784293845022335f,-4.636261363158332e-17f,0.9881984639958192f,-0.8218670427975868f,0.2557645828231756f,1.4128778172222631f,0.2791180635073673f,3.2838677974951267f,-0.9545264178727498f,0.37857947012855275f,-1.0416827943197313f,-1.358412163501548f,0f,0f,0f,1f], start_interpolation: 0, interpolation_duration: 1 }
$data merge entity $(bone_left_thumb_2) { transformation: [-0.5064249862683402f,0.8528172338063271f,0.12742252158090442f,-2.2746098675902093f,-0.15152412938253457f,0.057459734822170816f,-0.9867820514627489f,0.5720936982217301f,-0.8488664037986053f,-0.5190386735081409f,0.1001233434566245f,1.7072730269349783f,0f,0f,0f,1f], start_interpolation: 0, interpolation_duration: 1 }
$data merge entity $(bone_left_thumb) { transformation: [0.07431689153614596f,0.993195010749351f,-0.08966978451519453f,-2.0008990313174477f,-0.09116385256216658f,-0.08277564504678131f,-0.9923897140605162f,0.561821438048205f,-0.993058986978331f,0.08192596175624675f,0.08439185489065681f,1.87730728427278f,0f,0f,0f,1f], start_interpolation: 0, interpolation_duration: 1 }
$data merge entity $(bone_left_fingers2) { transformation: [-0.1144797928167956f,-0.9182600743348245f,0.3790683486117331f,-2.570667780851867f,0.07429183502574144f,-0.38842193632253924f,-0.9184819664163024f,0.10899361484543575f,0.9906437807229864f,-0.07698594200275835f,0.11268568874891044f,1.6016144179325629f,0f,0f,0f,1f], start_interpolation: 0, interpolation_duration: 1 }
$data merge entity $(bone_left_fingers) { transformation: [0.9247433888942301f,-0.03401252382856166f,0.3790683486117331f,-2.5405597011717496f,0.38046891352528817f,0.10786233452382482f,-0.9184819664163024f,0.17016730406547892f,-0.009647307256513783f,0.9935838490101793f,0.11268568874891044f,2.0710521159300725f,0f,0f,0f,1f], start_interpolation: 0, interpolation_duration: 1 }
$data merge entity $(bone_left_hand) { transformation: [0.07431689153614596f,0.9223796326422101f,0.3790683486117331f,-1.883773973621552f,-0.09116385256216658f,0.38481168037634494f,-0.9184819664163024f,0.42031885932318724f,-0.993058986978331f,0.03370139363224256f,0.11268568874891044f,2.16017622168378f,0f,0f,0f,1f], start_interpolation: 0, interpolation_duration: 1 }
$data merge entity $(bone_left_forearm) { transformation: [0.11187138440536368f,1.3884849637556047f,0.5706226413254099f,0.11975972766186249f,-0.1372316062075291f,0.5792682461445232f,-1.382617693103814f,1.256777245989063f,-1.4948806573189355f,0.05073169079192901f,0.16962905393965677f,2.1899557998545403f,0f,0f,0f,1f], start_interpolation: 0, interpolation_duration: 1 }
$data merge entity $(bone_left_bicep) { transformation: [0.4324569353332771f,0.9423727852797993f,1.1907219199672894f,1.573680481588102f,-1.0329622983281208f,1.0900469860951814f,-0.4875352462970678f,2.781502178909046f,-1.113047190086423f,-0.6454728961879411f,0.9150928100318103f,1.0741690007682743f,0f,0f,0f,1f], start_interpolation: 0, interpolation_duration: 1 }
$data merge entity $(bone_left_shoulder) { transformation: [-0.05340729813816969f,-0.24305888914609855f,0.9685401576148742f,1.501626524308924f,-0.5044802659615103f,0.8436137238636836f,0.18389003824093536f,2.8595319511022286f,-0.8617698774968785f,-0.4787883262109818f,-0.16767354270457224f,0.7435369138379432f,0f,0f,0f,1f], start_interpolation: 0, interpolation_duration: 1 }
$data merge entity $(bone_left_arm) { transformation: [-1.0784293845022335f,-4.636261363158332e-17f,0.9881984639958192f,1.280836862624834f,0.2557645828231756f,1.4128778172222631f,0.2791180635073673f,2.724811849576673f,-0.9545264178727498f,0.37857947012855275f,-1.0416827943197313f,0.4865315818314352f,0f,0f,0f,1f], start_interpolation: 0, interpolation_duration: 1 }
$data merge entity $(bone_chest) { transformation: [-1.5228177696845093f,-6.546725534540192e-17f,1.3954053947096012f,0.04196344720514364f,0.36115749178964496f,1.9950823645743017f,0.3941342410148952f,3.76077045806515f,-1.347858108893095f,0.5345807084212588f,-1.470929012470186f,-0.02139249637321705f,0f,0f,0f,1f], start_interpolation: 0, interpolation_duration: 1 }
$data merge entity $(bone_left_cheek) { transformation: [-0.8804527718687695f,-0.019264191552382876f,0.7189980937458816f,0.836665657295377f,0.15455655688895206f,1.10486942205002f,0.21886590031173428f,-1.5195453886413646f,-0.7024540117395663f,0.2672431524295187f,-0.8530333582271568f,-1.1321089517496878f,0f,0f,0f,1f], start_interpolation: 0, interpolation_duration: 1 }
$data merge entity $(bone_left_foot) { transformation: [-1.026379871089983f,-0.4132250095389422f,0.24304444884187568f,1.497276230007584f,0.0848476518639258f,0.4086649487561583f,1.0531262925363247f,-5.615471649802483f,-0.47183300922517935f,0.9723781175806393f,-0.33931631298221504f,-1.3248787620422355f,0f,0f,0f,1f], start_interpolation: 0, interpolation_duration: 1 }
$data merge entity $(bone_left_knee) { transformation: [-2.5982530782232147f,-1.5462763471445544f,0.7711509060765324f,-0.47276002317267296f,-0.2581404728779789f,1.7243268932134788f,2.587783526839303f,-3.507835387744243f,-1.7085103915234752f,2.091002042987959f,-1.5637346381193515f,1.4151928712964086f,0f,0f,0f,1f], start_interpolation: 0, interpolation_duration: 1 }
$data merge entity $(bone_left_leg) { transformation: [-1.8625934812351561f,0.842177192334968f,1.2242832468083262f,0.7092819700285462f,-0.5897784776633987f,1.382890793033417f,-1.848556401593659f,-1.7993451128174085f,-1.3639256720913315f,-1.7480666461261263f,-0.8725572358052001f,-1.0761357739570463f,0f,0f,0f,1f], start_interpolation: 0, interpolation_duration: 1 }
$data merge entity $(bone_right_cheek) { transformation: [-0.9024025205036611f,0.03161146018980475f,0.6907943673417479f,-0.34591491185518597f,0.18695805383785472f,1.1045634214920683f,0.19368217621835007f,-1.2464837946685072f,-0.6657648447249068f,0.26733277925496257f,-0.881939231490479f,-2.123121306832928f,0f,0f,0f,1f], start_interpolation: 0, interpolation_duration: 1 }
$data merge entity $(bone_right_foot) { transformation: [-0.6597805387534126f,0.03144554820250196f,0.9203162340089958f,-2.3150841451638104f,-0.005474910547495905f,1.1320053500522707f,-0.04260358209744379f,-6.7313320092394076f,-0.9208370205615943f,-0.02926119189781625f,-0.659154091705396f,-1.6169810464251562f,0f,0f,0f,1f], start_interpolation: 0, interpolation_duration: 1 }
$data merge entity $(bone_right_knee) { transformation: [-1.790508608042361f,-0.3440280120676879f,2.5322493896961915f,-2.8642067630694497f,0.3920425640952527f,3.018363151183842f,0.6872771171012063f,-2.90459635087044f,-2.52526134739389f,0.712525041430882f,-1.6887647890899706f,-0.6758516401869221f,0f,0f,0f,1f], start_interpolation: 0, interpolation_duration: 1 }
$data merge entity $(bone_right_leg) { transformation: [-1.3672495600741204f,1.7271868313279968f,0.9082073872242623f,-0.39822873403864834f,0.299367465133618f,1.2814668985264055f,-1.986355475952135f,-1.3354773881653776f,-1.9283138046855965f,-1.025697131570871f,-0.9523327322898711f,-2.0828693206329953f,0f,0f,0f,1f], start_interpolation: 0, interpolation_duration: 1 }
$data merge entity $(bone_weist) { transformation: [-1.600476227156664f,-6.622200769909015e-17f,1.342959011915162f,-0.04196344720514353f,0.3475833690757069f,2.018083070843716f,0.41423372882197296f,0.2289234123291628f,-1.2971987932565037f,0.5407437290914938f,-1.5459413221723113f,-0.8545140463559451f,0f,0f,0f,1f], start_interpolation: 0, interpolation_duration: 1 }
data modify entity @s data merge value {"locators":{"consume":{"posx":-2.7992994758510967,"posy":3.797132700810928,"posz":-3.744688618235225,"roty":1.963122970875844,"rotx":-57.33892255279349}},"cameras":{}}
execute on vehicle unless entity @s[tag=aj.transforms_only] at @s run function animated_java:attack/animations/punch_2/zzz/frames/zzz/3