# This file was generated by Animated Java via MC-Build. It is not recommended to edit this file directly.
$data merge entity $(bone_neck) { transformation: [-0.948187965047618f,-0.19218335354254373f,-0.2529923745095862f,0.13086279161016595f,-0.25685302367244917f,0.9323686389930087f,0.2543919127107716f,4.4948875f,0.18699226499825425f,0.3061932063966577f,-0.9334235979379116f,0.5210836037414865f,0f,0f,0f,1f], start_interpolation: 0, interpolation_duration: 1 }
$data merge entity $(bone_right_thumb_2) { transformation: [-0.36201028344087394f,0.9222427209535948f,-0.13570894713012788f,-2.0406412473833724f,0.6044354538268416f,0.12140128853605534f,-0.7873496740959032f,3.170314865298141f,-0.7096522647326627f,-0.3670559777334994f,-0.6013847124511126f,-4.427986593844471f,0f,0f,0f,1f], start_interpolation: 0, interpolation_duration: 1 }
$data merge entity $(bone_right_thumb) { transformation: [-0.36201028344087394f,0.9222427209535948f,-0.13570894713012788f,-1.8297240891714859f,0.6044354538268416f,0.12140128853605534f,-0.7873496740959032f,3.2943122825224336f,-0.7096522647326627f,-0.3670559777334994f,-0.6013847124511126f,-4.637923209955505f,0f,0f,0f,1f], start_interpolation: 0, interpolation_duration: 1 }
$data merge entity $(bone_right_fingers2) { transformation: [-0.2271566928684593f,-0.9555590467850972f,0.18790089140879704f,-2.4634643192653254f,-0.7150161594210883f,0.03265215226856219f,-0.6983449926210876f,2.817491664549115f,0.6611745069584735f,-0.29298591273197183f,-0.6906573146567209f,-4.572711873120107f,0f,0f,0f,1f], start_interpolation: 0, interpolation_duration: 1 }
$data merge entity $(bone_right_fingers) { transformation: [-0.9796401953015219f,-0.07069895867249539f,0.18790089140879704f,-2.4496679331423152f,-0.1838685947802533f,0.6917417228522417f,-0.6983449926210876f,3.1468857977475233f,-0.08060662257613088f,-0.7186758978204544f,-0.6906573146567209f,-4.913783176164543f,0f,0f,0f,1f], start_interpolation: 0, interpolation_duration: 1 }
$data merge entity $(bone_right_hand) { transformation: [-0.1558111966371127f,0.969750548342351f,0.18790089140879704f,-1.7701674066445932f,0.6730842328082116f,0.2434581829104f,-0.6983449926210876f,3.3401821844498696f,-0.7229664491160647f,0.017663158372041965f,-0.6906573146567209f,-4.966716531575156f,0f,0f,0f,1f], start_interpolation: 0, interpolation_duration: 1 }
$data merge entity $(bone_right_forearm) { transformation: [-0.30198650112569453f,1.3884993825179817f,0.496879782142929f,0.23909293801181808f,1.1313681805521f,0.5434627290037348f,-0.831065702718746f,4.094567555414198f,-0.9459524793505485f,0.2067211332891659f,-1.1525867342111626f,-4.637365157592386f,0f,0f,0f,1f], start_interpolation: 0, interpolation_duration: 1 }
$data merge entity $(bone_right_bicep) { transformation: [-0.5216014235788611f,-0.4417470565093812f,1.4232693529442157f,-0.31565318875418424f,1.4550744359008814f,0.17471378703272408f,0.5874841586399238f,4.275487535691402f,-0.3218609932139652f,1.5057352983610448f,0.34938641982958957f,-2.4120076810707065f,0f,0f,0f,1f], start_interpolation: 0, interpolation_duration: 1 }
$data merge entity $(bone_right_shoulder) { transformation: [-0.2767562224406648f,-0.33289839895900075f,0.9014347726324445f,-0.3661117462436379f,0.8883626432143608f,0.26900519954390534f,0.37208603408289587f,4.04014400266866f,-0.36635748590900574f,0.9037781025168056f,0.22128563877837826f,-2.093174789172031f,0f,0f,0f,1f], start_interpolation: 0, interpolation_duration: 1 }
$data merge entity $(bone_right_arm) { transformation: [-0.49138486868878134f,0.21474871462751902f,1.360871060016745f,-0.22658022733149907f,0.712526912032645f,1.2762162213644377f,0.055890048819647827f,3.90704174113113f,-1.1791490372529227f,0.6816900230263514f,-0.5333407935395528f,-1.773465323453431f,0f,0f,0f,1f], start_interpolation: 0, interpolation_duration: 1 }
$data merge entity $(bone_left_thumb_2) { transformation: [0.10692724606167757f,0.9869048329243709f,-0.12077009066894367f,-3.167670884402839f,-0.061310748874275796f,-0.11469054984504126f,-0.9915074734205074f,0.7521425248129805f,-0.9923747055029876f,0.11342366828295401f,0.0482443297300055f,2.501601211150213f,0f,0f,0f,1f], start_interpolation: 0, interpolation_duration: 1 }
$data merge entity $(bone_left_thumb) { transformation: [0.10692724606167757f,0.9869048329243709f,-0.12077009066894367f,-2.9005755077693776f,-0.061310748874275796f,-0.11469054984504126f,-0.9915074734205074f,0.728316926277641f,-0.9923747055029876f,0.11342366828295401f,0.0482443297300055f,2.680562633043556f,0f,0f,0f,1f], start_interpolation: 0, interpolation_duration: 1 }
$data merge entity $(bone_left_fingers2) { transformation: [0.46802980243336134f,-0.8548377939519304f,0.22405456939233695f,-3.5978918739620167f,0.1829149529553296f,-0.1543375968044955f,-0.9709387345234317f,0.37966594181824415f,0.8645751696755686f,0.4954111951137255f,0.08412801992470742f,2.521096411256319f,0f,0f,0f,1f], start_interpolation: 0, interpolation_duration: 1 }
$data merge entity $(bone_left_fingers) { transformation: [0.9560125701647271f,0.189313273759256f,0.22405456939233695f,-3.4621767322509296f,0.20219796937991164f,0.12803888073814834f,-0.9709387345234317f,0.4416314405808648f,-0.2124992867415626f,0.9735330140256545f,0.08412801992470742f,2.971387590705189f,0f,0f,0f,1f], start_interpolation: 0, interpolation_duration: 1 }
$data merge entity $(bone_left_hand) { transformation: [-0.10527089396855724f,0.9688743926936427f,0.22405456939233695f,-2.7659188316201666f,-0.10992893993757019f,0.21258786881249725f,-0.9709387345234317f,0.569991502873198f,-0.9883489601589426f,-0.1268416698734497f,0.08412801992470742f,2.946187809844204f,0f,0f,0f,1f], start_interpolation: 0, interpolation_duration: 1 }
$data merge entity $(bone_left_forearm) { transformation: [0.11102589696267419f,1.4584748821581943f,0.3557248491947625f,-0.6606971841791462f,-1.1094348474770594f,0.3200147194029592f,-0.9657954227404281f,1.0032471148845554f,-1.0113572412478937f,-0.1909384652092085f,1.098505772900791f,2.637921467399061f,0f,0f,0f,1f], start_interpolation: 0, interpolation_duration: 1 }
$data merge entity $(bone_left_bicep) { transformation: [0.11645163889961152f,0.875780837363507f,1.3085683393498837f,0.653935834454646f,-1.1636519926921047f,0.9318379410451733f,-0.5200925394358499f,2.2747643365990915f,-1.0607814165725817f,-0.9260616256923785f,0.7141826165055408f,1.1086615673226816f,0f,0f,0f,1f], start_interpolation: 0, interpolation_duration: 1 }
$data merge entity $(bone_left_shoulder) { transformation: [0.1689539233913459f,0.5334458800428953f,0.8287883112326886f,0.8249785843444303f,-0.6233236426365458f,0.7091975456617476f,-0.32940321455271404f,2.290672339756039f,-0.7634934238753988f,-0.46094938365574833f,0.4523311368968608f,0.8068515142069599f,0f,0f,0f,1f], start_interpolation: 0, interpolation_duration: 1 }
$data merge entity $(bone_left_arm) { transformation: [-0.43155681725461587f,0.21474871462751902f,1.3810097192447477f,0.7223379977634852f,0.7142866339847586f,1.2762162213644377f,0.02475686649321374f,2.463237469770897f,-1.2012907473186298f,0.6816900230263514f,-0.48139941266534875f,0.4964924114635719f,0f,0f,0f,1f], start_interpolation: 0, interpolation_duration: 1 }
$data merge entity $(bone_chest) { transformation: [-0.6938698263852952f,0.3032402152159796f,1.9216451834715396f,0.10651410620733093f,1.0061378692148348f,1.8021066263419867f,0.07892066065167402f,3.8691050000000002f,-1.6650409686897896f,0.9625940236785345f,-0.7531145287501076f,-0.16627450797623644f,0f,0f,0f,1f], start_interpolation: 0, interpolation_duration: 1 }
$data merge entity $(bone_left_cheek) { transformation: [-1.0455806671957766f,-0.01815339167584106f,0.44604705372289666f,0.6797913082384889f,0.05585814950375931f,1.1217052557942877f,0.17658889442789316f,-0.7799643546548621f,-0.442907876310897f,0.1843209832653715f,-1.0307205438952096f,-1.984174852225152f,0f,0f,0f,1f], start_interpolation: 0, interpolation_duration: 1 }
$data merge entity $(bone_left_foot) { transformation: [-1.1308852564388168f,-0.0003175627181503684f,0.06617845815091322f,-0.02409676727685031f,0.00142753243548778f,1.1324263270922807f,0.029828313050393466f,-6.8367777603318345f,-0.0661638218398678f,0.029860764595145122f,-1.130491855705885f,0.3506847849029453f,0f,0f,0f,1f], start_interpolation: 0, interpolation_duration: 1 }
$data merge entity $(bone_left_knee) { transformation: [-3.0366408158555234f,-0.038454874748066505f,0.7168661648217124f,-0.06554153736466772f,0.014915211853479835f,3.1118147756035053f,0.23010792895693435f,-2.8789712291741694f,-0.7177418840456824f,0.22736170548620102f,-3.0281539860024846f,0.7571522507259121f,0f,0f,0f,1f], start_interpolation: 0, interpolation_duration: 1 }
$data merge entity $(bone_left_leg) { transformation: [-2.3188080755003866f,0.4719959273374326f,0.2788105478914263f,0.5213573430656218f,0.011389398941443205f,1.253071426607721f,-2.0265904000205586f,-1.3413807566573825f,-0.5480745922138637f,-1.9708927450372873f,-1.2217128946579219f,-2.0382450295987242f,0f,0f,0f,1f], start_interpolation: 0, interpolation_duration: 1 }
$data merge entity $(bone_right_cheek) { transformation: [-0.932173768574603f,0.09939115120646676f,0.643195083641856f,-0.8838990959899569f,0.20157178101263276f,1.1124018571423018f,0.12023883192850789f,-0.5265001279982772f,-0.6188273859959624f,0.21262633577708576f,-0.9297145578365396f,-2.714082102479118f,0f,0f,0f,1f], start_interpolation: 0, interpolation_duration: 1 }
$data merge entity $(bone_right_foot) { transformation: [-0.907285830610129f,0.0587000246843461f,0.6757720629592093f,-1.2388442572140532f,0.11563750023564394f,1.125434803519009f,0.057494555980383076f,-6.839691071268492f,-0.6683872698618218f,0.11503026788713962f,-0.9073630185082886f,-6.269876198484388f,0f,0f,0f,1f], start_interpolation: 0, interpolation_duration: 1 }
$data merge entity $(bone_right_knee) { transformation: [-2.472229459472f,-0.01690978117156307f,1.9037749024496795f,-1.3559310546966232f,1.0750040397919984f,2.5628224720325243f,1.4187567132717862f,-3.6123624855117713f,-1.571308732976254f,1.7799489757640823f,-2.0246811673759217f,-3.9456974426165754f,0f,0f,0f,1f], start_interpolation: 0, interpolation_duration: 1 }
$data merge entity $(bone_right_leg) { transformation: [-1.8878181460188785f,0.23972313716832236f,1.4338974276817942f,-0.8506350289963123f,0.8208834036774084f,2.115390986489072f,0.7270885639949438f,-0.706466804302224f,-1.1998664313886278f,1.0700654932439482f,-1.7585979515056158f,-2.5953912076423498f,0f,0f,0f,1f], start_interpolation: 0, interpolation_duration: 1 }
$data merge entity $(bone_weist) { transformation: [-1.8818439625308991f,0.11793244702438907f,0.8998990498953878f,-0.2153608190665095f,0.27793889642454067f,2.046915701177496f,0.31296827875222f,0.8044750000000005f,-0.8639886179331822f,0.40161064675834784f,-1.8593804392512117f,-1.6181584705245384f,0f,0f,0f,1f], start_interpolation: 0, interpolation_duration: 1 }
data modify entity @s data merge value {"locators":{"consume":{"posx":-2.4491678215229142,"posy":3.0059552983510014,"posz":-4.780132119379429,"roty":15.219578755869861,"rotx":-44.294372880754686}},"cameras":{}}
execute on vehicle unless entity @s[tag=aj.transforms_only] at @s run function animated_java:attack/animations/punch_2/zzz/frames/zzz/3