# This file was generated by Animated Java via MC-Build. It is not recommended to edit this file directly.
$data merge entity $(bone_right_thumb_2) { transformation: [-0.18739356329529416f,-0.8688506053556959f,0.45823823280967413f,0.6411709429237888f,-0.526018185154822f,-0.3052145940252213f,-0.7938191988610794f,1.1706592344295446f,0.8295712876672625f,-0.38979825187789097f,-0.39983596825575896f,2.2824210260719147f,0f,0f,0f,1f], start_interpolation: 0, interpolation_duration: 1 }
$data merge entity $(bone_right_thumb) { transformation: [0.08256873849692063f,-0.8416806025591119f,0.5336254929243517f,0.41210626870762995f,-0.4098458829285292f,-0.5167566370911814f,-0.7516574554068807f,0.9620584070053643f,0.9084100151746246f,-0.15664080342600079f,-0.3876272733341857f,2.3715830118888386f,0f,0f,0f,1f], start_interpolation: 0, interpolation_duration: 1 }
$data merge entity $(bone_right_fingers2) { transformation: [0.6593676984534795f,0.6532471254815999f,0.3721591477932359f,1.2544727770377746f,0.5633312490259436f,-0.10146279271796071f,-0.8199775640618112f,1.16897759273235f,-0.49788768021214536f,0.7503155967617217f,-0.4348958072332615f,2.3140038456060834f,0f,0f,0f,1f], start_interpolation: 0, interpolation_duration: 1 }
$data merge entity $(bone_right_fingers) { transformation: [0.8564120208770671f,-0.35784915706351733f,0.3721591477932359f,1.048693137699491f,0.12271356371688913f,-0.5590869124878157f,-0.8199775640618112f,0.892709257484461f,0.5014975890043325f,0.7479076180075797f,-0.4348958072332615f,2.640118880508158f,0f,0f,0f,1f], start_interpolation: 0, interpolation_duration: 1 }
$data merge entity $(bone_right_hand) { transformation: [-0.10735022860552781f,-0.9219400724191096f,0.3721591477932359f,0.4028365404115106f,-0.503433920751408f,-0.27238039920692275f,-0.8199775640618112f,0.6452128753821155f,0.8573390320376217f,-0.27538231787049067f,-0.4348958072332615f,2.486817884674041f,0f,0f,0f,1f], start_interpolation: 0, interpolation_duration: 1 }
$data merge entity $(bone_right_forearm) { transformation: [-0.16159743016823533f,-1.3878232809312643f,0.5602220198149686f,-1.5960054208339658f,-0.7578337643964496f,-0.41002215935449093f,-1.2343361431945292f,0.0800448738911661f,1.2905774506479994f,-0.41454103507472073f,-0.6546613430892727f,1.8544313793363743f,0f,0f,0f,1f], start_interpolation: 0, interpolation_duration: 1 }
$data merge entity $(bone_right_bicep) { transformation: [-0.627077988905256f,-0.0085966112047642f,-1.4490008461525408f,-1.6221292091144273f,0.4061041486812285f,1.5145484880864122f,-0.18473347207125704f,2.2502467204994074f,1.3909553459039867f,-0.44606404647247855f,-0.5993114801087693f,1.0913896403729115f,0f,0f,0f,1f], start_interpolation: 0, interpolation_duration: 1 }
$data merge entity $(bone_right_shoulder) { transformation: [-0.40308109996220576f,-0.07386105680136784f,-0.9121788043697594f,-1.457240016830641f,-0.05148625159568582f,0.99698937436853f,-0.05797717906963851f,2.5108451276563057f,0.9137148311972858f,0.023595162309937634f,-0.40567040262469667f,0.8374465720065875f,0f,0f,0f,1f], start_interpolation: 0, interpolation_duration: 1 }
$data merge entity $(bone_right_arm) { transformation: [-0.9845984748800577f,-4.636261363158332e-17f,-1.081717146422958f,-1.214591015178747f,-0.27996899890821364f,1.4128778172222631f,0.2548328370778547f,2.7552535981372834f,1.0448585284696488f,0.37857947012855275f,-0.9510490954114761f,0.6144028861042641f,0f,0f,0f,1f], start_interpolation: 0, interpolation_duration: 1 }
$data merge entity $(bone_left_thumb_2) { transformation: [0.4913159166891408f,-0.858078129943001f,0.14936730874402013f,1.3010243338821195f,-0.8444927281928364f,-0.5112885111796367f,-0.15942424647816505f,3.5175621654022295f,0.21316824819219515f,-0.047811936263164045f,-0.9758449245210215f,-2.9739255524437453f,0f,0f,0f,1f], start_interpolation: 0, interpolation_duration: 1 }
$data merge entity $(bone_left_thumb) { transformation: [-0.08971101120260332f,-0.9290332590500778f,0.35895562127900593f,1.0479759067491579f,-0.9850310002684941f,0.02949847794145713f,-0.1698345321458131f,3.6713844584148654f,0.1471932844224092f,-0.36881844229637994f,-0.9177728987298632f,-3.1013617544763465f,0f,0f,0f,1f], start_interpolation: 0, interpolation_duration: 1 }
$data merge entity $(bone_left_fingers2) { transformation: [0.1328005243947186f,0.984954606520232f,-0.11058229431090022f,1.7066985700563901f,0.9795314774150018f,-0.14745323495070775f,-0.13702418857907908f,3.305449752761839f,-0.15126832277007443f,-0.09012195402423422f,-0.9843759078366265f,-3.295969734804797f,0f,0f,0f,1f], start_interpolation: 0, interpolation_duration: 1 }
$data merge entity $(bone_left_fingers) { transformation: [-0.9927808852173968f,0.04645072800182377f,-0.11058229431090022f,1.6814730325538563f,0.061520337415555904f,0.9886554606274731f,-0.13702418857907908f,3.7738479258153594f,0.10296291580582853f,-0.14283805529192656f,-0.9843759078366265f,-3.3665905019618325f,0f,0f,0f,1f], start_interpolation: 0, interpolation_duration: 1 }
$data merge entity $(bone_left_hand) { transformation: [-0.08971101120260332f,-0.9898098254987893f,-0.11058229431090022f,0.9859596063498528f,-0.9850310002684941f,0.10458632919409128f,-0.13702418857907908f,3.905145154307536f,0.1471932844224092f,0.09663440946040575f,-0.9843759078366265f,-3.3364489940677f,0f,0f,0f,1f], start_interpolation: 0, interpolation_duration: 1 }
$data merge entity $(bone_left_forearm) { transformation: [-0.13504460173443888f,-1.4899895997765715f,-0.16646275294311555f,-1.1660819545204317f,-1.4827958947750057f,0.15743685177046712f,-0.20626650760692136f,4.090513104780957f,0.22157434417851493f,0.14546659506435808f,-1.481809765030453f,-3.1149707980699946f,0f,0f,0f,1f], start_interpolation: 0, interpolation_duration: 1 }
$data merge entity $(bone_left_bicep) { transformation: [-0.4608502728936133f,1.3353882261972048f,-0.7051662707136597f,0.798694444877368f,-1.4417256932762017f,-0.16966264335036527f,0.6209233212265958f,3.655855099757477f,0.4493864810667781f,0.8251406127622704f,1.268896732539401f,-1.8365428650918005f,0f,0f,0f,1f], start_interpolation: 0, interpolation_duration: 1 }
$data merge entity $(bone_left_shoulder) { transformation: [-0.29188182834408066f,0.8457748208854333f,-0.4466205891343682f,0.9302711391305714f,-0.9131241882138134f,-0.10745668486177994f,0.3932648951754789f,3.4021443440324584f,0.2846211783781751f,0.522606939520257f,0.8036621003779447f,-1.639270411427193f,0f,0f,0f,1f], start_interpolation: 0, interpolation_duration: 1 }
$data merge entity $(bone_left_arm) { transformation: [-0.9845984748800577f,-4.636261363158332e-17f,-1.081717146422958f,0.7051629234241468f,-0.27996899890821364f,1.4128778172222631f,0.2548328370778547f,3.240762190800672f,1.0448585284696488f,0.37857947012855275f,-0.9510490954114761f,-1.4390213057990298f,0f,0f,0f,1f], start_interpolation: 0, interpolation_duration: 1 }
$data merge entity $(bone_chest) { transformation: [-1.3903219581165944f,-6.546725534540192e-17f,-1.527460319625489f,-0.04944639072039592f,-0.3953358213574602f,1.9950823645743017f,0.3598418015848036f,3.759046916228314f,1.4754133713580149f,0.5345807084212588f,-1.3429478862016067f,-0.014960150669175665f,0f,0f,0f,1f], start_interpolation: 0, interpolation_duration: 1 }
$data merge entity $(bone_left_cheek) { transformation: [-0.7805689616258122f,-0.039462056972499354f,-0.8256399297415782f,0.2756904394525593f,-0.18287081051041082f,1.1157013825336008f,0.11956229779347319f,-1.2531716130430854f,0.8060997544891354f,0.21489444490234966f,-0.7723665028601671f,-2.1387798155189226f,0f,0f,0f,1f], start_interpolation: 0, interpolation_duration: 1 }
$data merge entity $(bone_left_foot) { transformation: [0.2565453590050875f,0.4631899407111389f,-1.001459290234487f,-1.11738725522628f,-0.3256840283981308f,1.0141505953788656f,0.3856288836939711f,-6.757168001423876f,1.0542274635102789f,0.20058614388013948f,0.36283716246269443f,-4.9341131268984455f,0f,0f,0f,1f], start_interpolation: 0, interpolation_duration: 1 }
$data merge entity $(bone_left_knee) { transformation: [0.3990906717601262f,2.021208979821253f,-2.343502552971034f,1.538614988376382f,-1.4744974904099435f,2.201654855738578f,1.647767085226336f,-3.994018304790663f,2.720872489968356f,0.8966568330584684f,1.2366983210309328f,-3.8655524857611026f,0f,0f,0f,1f], start_interpolation: 0, interpolation_duration: 1 }
$data merge entity $(bone_left_leg) { transformation: [-0.025947642584727867f,-0.6973438541196438f,-2.278250345552547f,0.40466815025756897f,-1.349640721931671f,1.8818939528561613f,-0.5606526910232521f,-1.5278779335664296f,1.963461995963379f,1.2843570638141941f,-0.4154880155702803f,-2.089265079509107f,0f,0f,0f,1f], start_interpolation: 0, interpolation_duration: 1 }
$data merge entity $(bone_right_cheek) { transformation: [-0.7748411781476424f,-0.011673289366286614f,-0.831872186300229f,-0.843930334302884f,-0.22053764173005455f,1.0989954287846981f,0.18999644067261273f,-1.5410416781877725f,0.8021912169830193f,0.29085947329163364f,-0.7512765599761476f,-1.0765239080198779f,0f,0f,0f,1f], start_interpolation: 0, interpolation_duration: 1 }
$data merge entity $(bone_right_foot) { transformation: [-0.8455281304198105f,-0.11211865272533854f,-0.7455150842067749f,1.0505614730587447f,-0.08753416556172475f,1.1272461162702614f,-0.07025037802763306f,-6.74581698879077f,0.7487997749253085f,0.005172375147622383f,-0.850031350014304f,0.42851171436346225f,0f,0f,0f,1f], start_interpolation: 0, interpolation_duration: 1 }
$data merge entity $(bone_right_knee) { transformation: [-2.3270053651270097f,0.12217156897341416f,-2.0752550345879084f,1.2553040616682538f,-0.2561038459909925f,3.07437766421817f,0.4681624910251002f,-2.8469270354959444f,2.0630124020268297f,0.5194606873178946f,-2.2826965947301203f,1.1952604426445097f,0f,0f,0f,1f], start_interpolation: 0, interpolation_duration: 1 }
$data merge entity $(bone_right_leg) { transformation: [-1.7769236335806267f,-1.4878082432557724f,-0.5534938118599326f,-0.7520498837936439f,-0.19556335512249634f,1.0296349874965365f,-2.1398582043445504f,-1.6160024492447025f,1.5753360729064445f,-1.5503756937812279f,-0.8899650743577086f,-1.0359355398885919f,0f,0f,0f,1f], start_interpolation: 0, interpolation_duration: 1 }
$data merge entity $(bone_weist) { transformation: [-1.4362003569502706f,-6.622200769909015e-17f,-1.51736336982072f,0.04944639072039601f,-0.3927225384505419f,2.018083070843716f,0.37171600496176843f,0.23064695416599856f,1.4656604667748443f,0.5407437290914938f,-1.387263016503845f,-0.8609463920599865f,0f,0f,0f,1f], start_interpolation: 0, interpolation_duration: 1 }
data modify entity @s data merge value {"locators":{"consume":{"posx":1.1005753735696757,"posy":0.9926301771120438,"posz":2.481852320005154,"roty":40.5550342929572,"rotx":-55.08254789231525}},"cameras":{}}
execute on vehicle unless entity @s[tag=aj.transforms_only] at @s run function animated_java:attack/animations/punch_2/zzz/frames/zzz/0