# This file was generated by Animated Java via MC-Build. It is not recommended to edit this file directly.
$data merge entity $(bone_right_thumb_2) { transformation: [-0.4241813247256678f,-0.7152167828129441f,0.555459411061403f,-1.2456896349533615f,-0.5394577027591915f,-0.2930951123298526f,-0.7893545730925537f,1.4702545030653356f,0.7273620767456558f,-0.6344763263598209f,-0.2615037296123948f,1.3261965815514876f,0f,0f,0f,1f], start_interpolation: 0, interpolation_duration: 1 }
$data merge entity $(bone_right_thumb) { transformation: [-0.189464920133386f,-0.7581866119299077f,0.6239039233160009f,-1.4909682382174008f,-0.4263082483824271f,-0.5088796604767037f,-0.7478654748778168f,1.2614819894421263f,0.8845136072440922f,-0.40766966117601083f,-0.22680636224912235f,1.3398799373867403f,0f,0f,0f,1f], start_interpolation: 0, interpolation_duration: 1 }
$data merge entity $(bone_right_fingers2) { transformation: [0.7294339816099817f,0.5061636464439193f,0.4601352295697481f,-0.6730493590710152f,0.563110933024925f,-0.062412877480513315f,-0.8240210615223384f,1.442817237162381f,-0.38837114153913066f,0.8601761422773814f,-0.3305523569366801f,1.5155343433806299f,0f,0f,0f,1f], start_interpolation: 0, interpolation_duration: 1 }
$data merge entity $(bone_right_fingers) { transformation: [0.7012301961382941f,-0.5445656824779227f,0.4601352295697481f,-0.9590147624918057f,0.10893621485743596f,-0.5559875819297889f,-0.8240210615223384f,1.1686207933718467f,0.7045630653932868f,0.6279538408252795f,-0.3305523569366801f,1.7764185461891255f,0f,0f,0f,1f], start_interpolation: 0, interpolation_duration: 1 }
$data merge entity $(bone_right_hand) { transformation: [-0.35925532402288934f,-0.8119182118107741f,0.4601352295697481f,-1.540468945828626f,-0.5132686395798934f,-0.2398845426270828f,-0.8240210615223384f,0.9433033429506584f,0.7794170358575787f,-0.5322069367629394f,-0.3305523569366801f,1.4402199769570452f,0f,0f,0f,1f], start_interpolation: 0, interpolation_duration: 1 }
$data merge entity $(bone_right_forearm) { transformation: [-0.5407975175319393f,-1.2222041651866025f,0.6926549816822042f,-3.290093664658749f,-0.7726382534949345f,-0.36110519864904095f,-1.2404229378572036f,0.449126202801434f,1.173279197073292f,-0.8011466246115748f,-0.4975901040071951f,0.2530809600383536f,0f,0f,0f,1f], start_interpolation: 0, interpolation_duration: 1 }
$data merge entity $(bone_right_bicep) { transformation: [-0.9197798436452919f,0.8695879477464304f,-0.9437828131527074f,-2.000042366938489f,0.4511337547360812f,1.3061381821563374f,0.7637967939809042f,2.348969941954731f,1.2014106427887226f,0.17528265256988165f,-1.0093525732599578f,0.39111218399373593f,0f,0f,0f,1f], start_interpolation: 0, interpolation_duration: 1 }
$data merge entity $(bone_right_shoulder) { transformation: [-0.702277108861043f,-0.008137913352604706f,-0.7118571743938811f,-1.738468755634754f,-0.3102437089868961f,0.903485891591705f,0.2957398937052558f,2.6455762437151584f,0.6407462082633255f,0.42854056757908854f,-0.6370221962656903f,0.33462320151449176f,0f,0f,0f,1f], start_interpolation: 0, interpolation_duration: 1 }
$data merge entity $(bone_right_arm) { transformation: [-1.2790424109276328f,-4.636261363158332e-17f,-0.7096454415058209f,-1.4193768327795033f,-0.1836697555318933f,1.4128778172222631f,0.33104053544191586f,2.8660872725380035f,0.6854648594587807f,0.37857947012855275f,-1.2354600976340357f,0.20076598205123203f,0f,0f,0f,1f], start_interpolation: 0, interpolation_duration: 1 }
$data merge entity $(bone_left_thumb_2) { transformation: [0.4961320665999312f,-0.7326120583527509f,0.46597483241847576f,3.509731326536498f,-0.7613152118075494f,-0.6250970914884988f,-0.17219980976483645f,3.9019833135283406f,0.41743516953139875f,-0.2693198807529156f,-0.8678794162033843f,-2.879531568995489f,0f,0f,0f,1f], start_interpolation: 0, interpolation_duration: 1 }
$data merge entity $(bone_left_thumb) { transformation: [-0.013801427024892732f,-0.762864206862877f,0.646411418911787f,3.293109275348633f,-0.9821738990330156f,-0.11086112772765523f,-0.1518033017336462f,4.015152867931343f,0.18746720425279867f,-0.6369835258830683f,-0.7477352707230103f,-3.0897750677915576f,0f,0f,0f,1f], start_interpolation: 0, interpolation_duration: 1 }
$data merge entity $(bone_left_fingers2) { transformation: [0.056323666573542375f,0.9736182570075138f,0.22112244165928316f,4.018151292278199f,0.9824709011078366f,-0.014628644826251869f,-0.18584114513988328f,3.735939371716738f,-0.17770361014922648f,0.22771361920666486f,-0.9573755452108296f,-3.044499034597578f,0f,0f,0f,1f], start_interpolation: 0, interpolation_duration: 1 }
$data merge entity $(bone_left_fingers) { transformation: [-0.9748222765907002f,-0.02874708432452021f,0.22112244165928316f,3.9609641462409146f,-0.07105500269783535f,0.9800072731182701f,-0.18584114513988328f,4.193682525976738f,-0.21135921000546606f,-0.19687394387813623f,-0.9573755452108296f,-3.155049041708532f,0f,0f,0f,1f], start_interpolation: 0, interpolation_duration: 1 }
$data merge entity $(bone_left_hand) { transformation: [-0.013801427024892732f,-0.9751483919930921f,0.22112244165928316f,3.28074608063819f,-0.9821738990330156f,-0.028240057212774172f,-0.18584114513988328f,4.229721306381913f,0.18746720425279867f,-0.2197455636910691f,-0.9573755452108296f,-3.3497051186043882f,0f,0f,0f,1f], start_interpolation: 0, interpolation_duration: 1 }
$data merge entity $(bone_left_forearm) { transformation: [-0.020775690642192594f,-1.4679193162953017f,0.3328620608342674f,1.1619979012320916f,-1.4784950169531206f,-0.042510581790724346f,-0.2797520961457996f,4.127124904594213f,0.2821998503551953f,-0.33078940626977404f,-1.441165331659264f,-3.813468936384175f,0f,0f,0f,1f], start_interpolation: 0, interpolation_duration: 1 }
$data merge entity $(bone_left_bicep) { transformation: [-0.8101904653491468f,0.22330511239653839f,-1.3366489421981178f,1.4198155999389064f,-1.3523342937508491f,-0.23397984662541618f,0.7806084468944613f,3.6041326161526195f,-0.08767853698123064f,1.5454101126222646f,0.31132654239899765f,-1.5018329440089448f,0f,0f,0f,1f], start_interpolation: 0, interpolation_duration: 1 }
$data merge entity $(bone_left_shoulder) { transformation: [-0.4930068414321781f,0.20683555652357866f,-0.8450818344152529f,1.346833921339675f,-0.8630370358566308f,0.006602154356106005f,0.5050975017733297f,3.3904757566573696f,0.11005148359230668f,0.978353445394577f,0.17525183834611446f,-1.2379723444578163f,0f,0f,0f,1f], start_interpolation: 0, interpolation_duration: 1 }
$data merge entity $(bone_left_arm) { transformation: [-1.2790424109276328f,-4.636261363158332e-17f,-0.7096454415058209f,1.0744790573767173f,-0.1836697555318933f,1.4128778172222631f,0.33104053544191586f,3.1638331817596055f,0.6854648594587807f,0.37857947012855275f,-1.2354600976340357f,-1.1519183354818447f,0f,0f,0f,1f], start_interpolation: 0, interpolation_duration: 1 }
$data merge entity $(bone_chest) { transformation: [-1.8060974038089015f,-6.546725534540192e-17f,-1.002069031158187f,-0.037785906484555584f,-0.2593545497711701f,1.9950823645743017f,0.46745240541596167f,3.7615380049500287f,0.9679243569201579f,0.5345807084212588f,-1.7445561271326542f,-0.02425702034477556f,0f,0f,0f,1f], start_interpolation: 0, interpolation_duration: 1 }
$data merge entity $(bone_left_cheek) { transformation: [-1.000986417870046f,0.021857061610749195f,-0.5385860297809588f,0.4624360372727213f,-0.10778850927585923f,1.1048982717252116f,0.24516912078095493f,-1.3094123577845802f,0.5281422913245635f,0.26692420155198054f,-0.9707438602010606f,-2.0725163704431875f,0f,0f,0f,1f], start_interpolation: 0, interpolation_duration: 1 }
$data merge entity $(bone_left_foot) { transformation: [-0.4165809016350717f,0.7595096613889616f,-0.7299908075104347f,-1.4750366890341506f,-0.43487650449417803f,0.5909989243694026f,0.8630665383579269f,-5.531679579055729f,0.9594914958621765f,0.5976173508617654f,0.07423424894972296f,-6.478275742886511f,0f,0f,0f,1f], start_interpolation: 0, interpolation_duration: 1 }
$data merge entity $(bone_left_knee) { transformation: [-1.512914253813018f,1.9778327885891844f,-1.880380610719199f,1.1300228442506148f,-1.5853855380548747f,1.1130284893736409f,2.446279542028438f,-4.183538192471441f,2.22130738001602f,2.1414734092213092f,0.46524024037287065f,-3.789903440240316f,0f,0f,0f,1f], start_interpolation: 0, interpolation_duration: 1 }
$data merge entity $(bone_left_leg) { transformation: [-1.4657980730628033f,-0.2580514793269845f,-1.8607073415953874f,0.5790650615590885f,-1.2285689401557645f,1.9170995969769842f,0.7019500428090809f,-1.5626348526721483f,1.4210702784642146f,1.39123144635689f,-1.3124102614570647f,-1.9595504914920034f,0f,0f,0f,1f], start_interpolation: 0, interpolation_duration: 1 }
$data merge entity $(bone_right_cheek) { transformation: [-0.963802633233846f,-0.010545125618508872f,-0.6029093927572969f,-0.8781017271061968f,-0.15987124629943109f,1.1005092786600192f,0.23631962163064124f,-1.4772523273016953f,0.5814224971188758f,0.28512204279338466f,-0.9344408766396924f,-1.3063614555150687f,0f,0f,0f,1f], start_interpolation: 0, interpolation_duration: 1 }
$data merge entity $(bone_right_foot) { transformation: [-1.022119311816097f,-0.003004137289868863f,-0.48840990978043475f,0.012532824474025372f,-0.00800384323479492f,1.1327494826611986f,0.009782659365446414f,-6.765058221314252f,0.488353563830614f,0.012277503407906192f,-1.022076911002302f,0.3896588596574273f,0f,0f,0f,1f], start_interpolation: 0, interpolation_duration: 1 }
$data merge entity $(bone_right_knee) { transformation: [-2.814968686073161f,0.2887436437916464f,-1.3149683360352225f,0.3969116359108935f,-0.052303908243759946f,3.021980191373268f,0.775540678693123f,-2.9417601778972857f,1.3452802376411195f,0.721682860607957f,-2.7213890297226424f,1.4220400917305525f,0f,0f,0f,1f], start_interpolation: 0, interpolation_duration: 1 }
$data merge entity $(bone_right_leg) { transformation: [-2.1495371093825524f,-0.9188783146371999f,-0.46101976782047505f,-0.8175872785829776f,-0.0399397663966696f,1.1423529669911265f,-2.0906508273528592f,-1.558861396961351f,1.0272689027182342f,-1.8783180534032344f,-1.0459571022809708f,-1.24918885020801f,0f,0f,0f,1f], start_interpolation: 0, interpolation_duration: 1 }
$data merge entity $(bone_weist) { transformation: [-1.795707505601588f,-6.622200769909015e-17f,-1.0679408296829465f,0.03778590648455568f,-0.27640342576453397f,2.018083070843716f,0.46476330188323245f,0.22815586544428412f,1.0315516283393331f,0.5407437290914938f,-1.7345202561216957f,-0.8516495223843865f,0f,0f,0f,1f], start_interpolation: 0, interpolation_duration: 1 }
data modify entity @s data merge value {"locators":{"consume":{"posx":-0.8617932179187198,"posy":1.2693780920025854,"posz":1.6418072584194068,"roty":54.30725556884522,"rotx":-55.48936712615641}},"cameras":{}}