# This file was generated by Animated Java via MC-Build. It is not recommended to edit this file directly.
$data merge entity $(bone_right_thumb_2) { transformation: [-0.9697855191166976f,-0.074709888855185f,0.23223798013848432f,-3.0565734096809507f,-0.21623556869301036f,-0.1775150737266672f,-0.9600680066702703f,2.2857295029359173f,0.11295231623817036f,-0.9812781619434225f,0.15599661262146253f,0.5371190659334187f,0f,0f,0f,1f], start_interpolation: 0, interpolation_duration: 1 }
$data merge entity $(bone_right_thumb) { transformation: [-0.9024282518128838f,-0.34129184802639173f,0.2629508030044264f,-3.2875744427625464f,-0.1528040339903813f,-0.31710925450199673f,-0.9359982093494912f,2.172286627383405f,0.4028326917297166f,-0.8848511712033376f,0.2340175790274592f,0.34294381881824776f,0f,0f,0f,1f], start_interpolation: 0, interpolation_duration: 1 }
$data merge entity $(bone_right_fingers2) { transformation: [0.9526647501531401f,-0.22645575531638695f,0.20284887157620565f,-2.858318459164831f,0.2003649181562282f,-0.03415231508425305f,-0.9791258953508654f,2.0982194366830513f,0.22865645275806962f,0.9734225240143515f,0.012838082163083686f,1.0650963632163104f,0f,0f,0f,1f], start_interpolation: 0, interpolation_duration: 1 }
$data merge entity $(bone_right_fingers) { transformation: [-0.013558409393411103f,-0.9791161855648086f,0.20284887157620565f,-3.3181814907982425f,0.010300935656100893f,-0.2029935264435174f,-0.9791258953508654f,1.993971193024022f,0.9998550196200096f,-0.011185856562838048f,0.012838082163083686f,1.0133395777002914f,0f,0f,0f,1f], start_interpolation: 0, interpolation_duration: 1 }
$data merge entity $(bone_right_hand) { transformation: [-0.9604351600261478f,-0.19083144050655737f,0.20284887157620565f,-3.5068250018338816f,-0.19638740206904695f,-0.05238768330377486f,-0.9791258953508654f,1.9161205313463991f,0.1974747874897408f,-0.9802238988885426f,0.012838082163083686f,0.3349301887923888f,0f,0f,0f,1f], start_interpolation: 0, interpolation_duration: 1 }
$data merge entity $(bone_right_forearm) { transformation: [-1.4457710590795274f,-0.28726413331153555f,0.3053543228090833f,-3.8808399706318664f,-0.29562768430043f,-0.07886070765126864f,-1.4739067681102718f,1.8161766489712001f,0.29726455728960854f,-1.4755596248606404f,0.01932553952415296f,-1.801613930005288f,0f,0f,0f,1f], start_interpolation: 0, interpolation_duration: 1 }
$data merge entity $(bone_right_bicep) { transformation: [-1.0416364327025567f,1.1452839308899678f,0.3101973851539689f,-2.134212917143691f,0.9673002894042124f,0.5805794265149065f,1.1046093597605415f,2.6392483823638817f,0.6871883659009824f,0.9187798458810957f,-1.0846750216620147f,-0.5507989714884384f,0f,0f,0f,1f], start_interpolation: 0, interpolation_duration: 1 }
$data merge entity $(bone_right_shoulder) { transformation: [-0.9579895123154889f,0.024996548769364486f,-0.285711859822361f,-1.8115067779858447f,-0.07423013882260043f,0.9406402751392974f,0.33118840450149273f,2.8690016708435624f,0.27703064953883566f,0.3384834491308071f,-0.8992680211597671f,-0.49921184423148823f,0f,0f,0f,1f], start_interpolation: 0, interpolation_duration: 1 }
$data merge entity $(bone_right_arm) { transformation: [-1.462099946953049f,-4.636261363158332e-17f,-0.04254276344402532f,-1.4424596852270803f,-0.011010877410605097f,1.4128778172222631f,0.3784193121148344f,3.046168248734912f,0.04109315393229048f,0.37857947012855275f,-1.4122800993778268f,-0.47130537059223016f,0f,0f,0f,1f], start_interpolation: 0, interpolation_duration: 1 }
$data merge entity $(bone_left_thumb_2) { transformation: [0.037769083557127436f,-0.6488182354114399f,0.7600055221673327f,5.835699907558803f,-0.6842571871933429f,-0.5710657061147164f,-0.45351522694828517f,3.101104539594643f,0.7282620394483768f,-0.5029103863485878f,-0.4655271691332369f,0.7920408592128036f,0f,0f,0f,1f], start_interpolation: 0, interpolation_duration: 1 }
$data merge entity $(bone_left_thumb) { transformation: [-0.34120818250317675f,-0.3755371610112095f,0.8617127229491972f,5.778414384562746f,-0.8880605629913603f,-0.17168914197894336f,-0.42646368542468227f,3.1829501430997995f,0.3080996797342493f,-0.9107659848864446f,-0.27491800254162674f,0.48552094806090185f,0f,0f,0f,1f], start_interpolation: 0, interpolation_duration: 1 }
$data merge entity $(bone_left_fingers2) { transformation: [0.3727692081485551f,0.715421142822233f,0.590944757028294f,6.303494896288566f,0.8852686414270774f,-0.0833230673555874f,-0.4575551321450924f,2.831849189861761f,-0.2781052857501201f,0.6937073265069257f,-0.6644001769930964f,0.9401797198937462f,0f,0f,0f,1f], start_interpolation: 0, interpolation_duration: 1 }
$data merge entity $(bone_left_fingers) { transformation: [-0.7451877265918898f,0.3089976476893986f,0.590944757028294f,6.419426313193888f,0.0058497519535902f,0.8891620107999264f,-0.4575551321450924f,3.2480885524858802f,-0.6668290879519972f,-0.337507588466763f,-0.6644001769930964f,0.7444115697962215f,0f,0f,0f,1f], start_interpolation: 0, interpolation_duration: 1 }
$data merge entity $(bone_left_hand) { transformation: [-0.34120818250317675f,-0.7310001849067137f,0.590944757028294f,5.942630201496122f,-0.8880605629913603f,0.04462888646555224f,-0.4575551321450924f,3.321675366930917f,0.3080996797342493f,-0.6809162886575671f,-0.6644001769930964f,0.2256275614193115f,0f,0f,0f,1f], start_interpolation: 0, interpolation_duration: 1 }
$data merge entity $(bone_left_forearm) { transformation: [-0.5136306290273551f,-1.1003958991788028f,0.8895663786434378f,4.337790836943489f,-1.3368234672373156f,0.06718116447245105f,-0.6887710857760286f,3.3828017138916278f,0.4637914341446245f,-1.0250031493746552f,-1.0001409647662038f,-1.2356906557283647f,0f,0f,0f,1f], start_interpolation: 0, interpolation_duration: 1 }
$data merge entity $(bone_left_bicep) { transformation: [-0.20270868128573227f,-1.5096564525483642f,-0.4156329436593453f,2.0469161229503054f,-1.4831641759650476f,0.050747851484814165f,0.5390295360627668f,3.2760848899706514f,-0.5020332416382065f,0.4596370403842671f,-1.4246405067389705f,-0.5844177290230266f,0f,0f,0f,1f], start_interpolation: 0, interpolation_duration: 1 }
$data merge entity $(bone_left_shoulder) { transformation: [-0.5892602585578524f,-0.7638555897281097f,-0.26324320641842724f,1.7153667969621267f,-0.7974471118756201f,0.497520003392156f,0.34139705620567584f,3.1974139005496647f,-0.1298092887491692f,0.4110942522898987f,-0.9023031997552952f,-0.5174556884603092f,0f,0f,0f,1f], start_interpolation: 0, interpolation_duration: 1 }
$data merge entity $(bone_left_arm) { transformation: [-1.462099946953049f,-4.636261363158332e-17f,-0.04254276344402532f,1.4083187827531045f,-0.011010877410605097f,1.4128778172222631f,0.3784193121148344f,3.0072667125615995f,0.04109315393229048f,0.37857947012855275f,-1.4122800993778268f,-0.5676043176732175f,0f,0f,0f,1f], start_interpolation: 0, interpolation_duration: 1 }
$data merge entity $(bone_chest) { transformation: [-2.0645874567879696f,-6.546725534540192e-17f,-0.06007335953104507f,-0.008997496745208703f,-0.015548129549925552f,1.9950823645743017f,0.5343545540965041f,3.7643046175744486f,0.05802640944298492f,0.5345807084212588f,-1.9942383451439656f,-0.03458215922397029f,0f,0f,0f,1f], start_interpolation: 0, interpolation_duration: 1 }
$data merge entity $(bone_left_cheek) { transformation: [-1.136079977856538f,-0.02541583353207768f,-0.034680984662150575f,0.76401665178065f,-0.03494913941046828f,1.0800124432264828f,0.35338100049126714f,-1.4157245127120004f,0.0250458169308622f,0.3541943100327997f,-1.0800210873739609f,-1.9407983209287551f,0f,0f,0f,1f], start_interpolation: 0, interpolation_duration: 1 }
$data merge entity $(bone_left_foot) { transformation: [-1.0568155121195064f,0.33378316522415474f,-0.23454407764113488f,1.4864737247692477f,-0.24888877040287127f,-0.011502658893855017f,1.1050806401370532f,-4.7936861904502575f,0.32322825636217645f,1.0824683089362555f,0.08406549136090803f,-7.182001968055706f,0f,0f,0f,1f], start_interpolation: 0, interpolation_duration: 1 }
$data merge entity $(bone_left_knee) { transformation: [-2.963148999428396f,0.12981436195629795f,-0.9692572201403268f,1.719276245257695f,-0.9417844625866416f,0.4540521602064615f,2.939973126071055f,-4.310260439598196f,0.2633502485183276f,3.084404024673081f,-0.39199716754539154f,-3.2395067508510245f,0f,0f,0f,1f], start_interpolation: 0, interpolation_duration: 1 }
$data merge entity $(bone_left_leg) { transformation: [-2.2884483798528943f,-0.6394275569845458f,-0.17754655773031222f,0.7600366735896392f,-0.63148726627058f,1.9022987805896088f,1.2883592472403966f,-1.6418248112916483f,-0.20399562086284323f,1.2844368870366922f,-1.9964954389962226f,-1.6640095424747527f,0f,0f,0f,1f], start_interpolation: 0, interpolation_duration: 1 }
$data merge entity $(bone_right_cheek) { transformation: [-1.1221582016449314f,0.0053519629881697275f,-0.1823698943108896f,-0.7801962902882089f,-0.0405804476831586f,1.1006162844389424f,0.28199906572793765f,-1.3685248604998923f,0.1778781861966953f,0.2848536506660368f,-1.0861603012241718f,-1.661546781701316f,0f,0f,0f,1f], start_interpolation: 0, interpolation_duration: 1 }
$data merge entity $(bone_right_foot) { transformation: [-1.1279303005203027f,0.10485965055872264f,-0.00767093559371817f,-1.31557868632868f,0.10451967816593546f,1.127252543275115f,0.040724598903793104f,-6.75977222063924f,0.01140291384996229f,0.039841056267224215f,-1.1320617545837517f,-0.028166211780832562f,0f,0f,0f,1f], start_interpolation: 0, interpolation_duration: 1 }
$data merge entity $(bone_right_knee) { transformation: [-3.10687801544893f,0.2844622543188345f,0.05434651015236996f,-0.9890597416804152f,0.2878988977650019f,2.970177242608386f,0.9119894145957614f,-3.0036698847727576f,0.03140926556912572f,0.9130671900451077f,-2.9836027022171225f,1.2431506759771278f,0f,0f,0f,1f], start_interpolation: 0, interpolation_duration: 1 }
$data merge entity $(bone_right_leg) { transformation: [-2.372441875312117f,0.09630563834977465f,-0.19907571507347493f,-0.7955971409028023f,0.21984236185571596f,1.2596905347437346f,-2.0105311389419436f,-1.4634631131181055f,0.02398441668403437f,-2.0202206188294216f,-1.263138855018418f,-1.6052200924658797f,0f,0f,0f,1f], start_interpolation: 0, interpolation_duration: 1 }
$data merge entity $(bone_weist) { transformation: [-2.081323017531135f,-6.622200769909015e-17f,-0.18209216916954205f,0.008997496745208807f,-0.0471289213451076f,2.018083070843716f,0.5386860359473054f,0.22538925281986466f,0.17588752896585866f,0.5407437290914938f,-2.0104036554832185f,-0.8413243835051918f,0f,0f,0f,1f], start_interpolation: 0, interpolation_duration: 1 }
data modify entity @s data merge value {"locators":{"consume":{"posx":-3.1269361424760147,"posy":2.0271643115231224,"posz":1.006433465843622,"roty":93.62135697737966,"rotx":-78.27264895906085}},"cameras":{}}