execute if entity @s[tag=aj.armor.bone.neck] run data modify entity @s {} merge value {transformation:[-1.2033625000000001f,-9.224196865974121e-17f,1.149311109817559e-16f,0f,0f,0.9384837412858582f,0.7532128342960898f,-2.432615685198346f,-1.473694033838957e-16f,0.7532128342960898f,-0.9384837412858582f,-0.6595863261669085f,0f,0f,0f,1f],start_interpolation:0}
execute if entity @s[tag=aj.armor.bone.right_thumb_2] run data modify entity @s {} merge value {transformation:[-0.8835327130424735f,0.1269194503809628f,-0.45084520414306345f,-2.773320444550098f,0.28292591888351676f,0.9117428859194247f,-0.29778823750987377f,-8.455127372168967f,0.37325978809366006f,-0.39066144305563827f,-0.8414634677167886f,-1.189853829102281f,0f,0f,0f,1f],start_interpolation:0}
execute if entity @s[tag=aj.armor.bone.right_thumb] run data modify entity @s {} merge value {transformation:[-0.8835327130424735f,0.1269194503809628f,-0.45084520414306345f,-2.9082438862566438f,0.28292591888351676f,0.9117428859194247f,-0.29778823750987377f,-8.101269845616395f,0.37325978809366006f,-0.39066144305563827f,-0.8414634677167886f,-1.1926243267308319f,0f,0f,0f,1f],start_interpolation:0}
execute if entity @s[tag=aj.armor.bone.right_fingers_2] run data modify entity @s {} merge value {transformation:[0.7243458986294746f,-0.5750959154952914f,-0.3802469028398412f,-2.9648665687115763f,-0.6111250544885747f,-0.7908867468026023f,0.032005023173450574f,-8.985638269266618f,-0.31913819407115074f,0.20919570194587958f,-0.9243310940200896f,-1.435454529794349f,0f,0f,0f,1f],start_interpolation:0}
execute if entity @s[tag=aj.armor.bone.right_fingers] run data modify entity @s {} merge value {transformation:[-0.5264901025796627f,-0.7604080909395723f,-0.3802469028398412f,-3.327801808915389f,-0.8291628884826213f,0.558090120728564f,0.032005023173450574f,-8.778264111692472f,0.18787516134074927f,0.3321369482289079f,-0.9243310940200896f,-1.2881052556881285f,0f,0f,0f,1f],start_interpolation:0}
execute if entity @s[tag=aj.armor.bone.right_hand] run data modify entity @s {} merge value {transformation:[-0.9040045111364856f,0.19541785160417724f,-0.3802469028398412f,-3.139343369394598f,0.19830113968359156f,0.9796184647564867f,0.032005023173450574f,-8.009155447739765f,0.37875124005747185f,-0.04647070886646937f,-0.9243310940200896f,-1.3296918393027948f,0f,0f,0f,1f],start_interpolation:0}
execute if entity @s[tag=aj.armor.bone.right_forearm] run data modify entity @s {} merge value {transformation:[-1.7794395604525606f,0.24056842311860752f,-0.32023467352573187f,-2.7174726417209816f,0.24811013480334246f,1.8068803355097167f,-0.021292622893143112f,-5.363289573834519f,0.3144276917476779f,-0.06433388360754363f,-1.7955013059632419f,-1.5116389205684309f,0f,0f,0f,1f],start_interpolation:0}
execute if entity @s[tag=aj.armor.bone.right_bicep] run data modify entity @s {} merge value {transformation:[-1.5554917732562603f,0.2741972133054371f,-0.12407976237539345f,-2.2833476079023898f,0.2420429133504887f,1.5279055421337522f,0.3421321941841789f,-2.984190132181698f,0.17887181810561809f,0.31694652295932424f,-1.5419741665005589f,-0.9977014142376909f,0f,0f,0f,1f],start_interpolation:0}
execute if entity @s[tag=aj.armor.bone.right_shoulder] run data modify entity @s {} merge value {transformation:[-1.0092577956110933f,0.04258501711811144f,-0.0774480276193458f,-1.827643125f,0.02681890522410588f,0.9934659742029927f,0.1967716521512171f,-2.7827979201733446f,0.08421654818179872f,0.1939712687095419f,-0.9908055806233602f,-0.9722623715178633f,0f,0f,0f,1f],start_interpolation:0}
execute if entity @s[tag=aj.armor.bone.right_arm] run data modify entity @s {} merge value {transformation:[-1.3293824999999997f,-7.51737835149441e-17f,1.4440749454900735e-16f,-1.74976375f,0f,1.1791766789375473f,0.6138405258339223f,-2.744859621132755f,-1.628024023467506e-16f,0.6138405258339223f,-1.1791766789375473f,-0.7698087201604773f,0f,0f,0f,1f],start_interpolation:0}
execute if entity @s[tag=aj.armor.bone.left_thumb_2] run data modify entity @s {} merge value {transformation:[-0.839942522754295f,-0.06142026122026856f,0.5391883807917088f,2.7362443599605792f,-0.3065473600020426f,0.8735702772721262f,-0.37802603976773713f,-8.367314028420063f,-0.44780048519952376f,-0.48280692018480287f,-0.7525770414228278f,-1.010144467752524f,0f,0f,0f,1f],start_interpolation:0}
execute if entity @s[tag=aj.armor.bone.left_thumb] run data modify entity @s {} merge value {transformation:[-0.839942522754295f,-0.06142026122026856f,0.5391883807917088f,2.878004243920829f,-0.3065473600020426f,0.8735702772721262f,-0.37802603976773713f,-8.016616173419397f,-0.44780048519952376f,-0.48280692018480287f,-0.7525770414228278f,-1.0286460805055115f,0f,0f,0f,1f],start_interpolation:0}
execute if entity @s[tag=aj.armor.bone.left_fingers_2] run data modify entity @s {} merge value {transformation:[0.6950761168101675f,0.530093676277711f,0.4856643760978149f,2.9438058448346074f,0.6300859500945966f,-0.7744708727038504f,-0.05644964859700616f,-8.91999641836766f,0.3462093114482738f,0.3452471023827967f,-0.8723207844381532f,-1.1830948642243841f,0f,0f,0f,1f],start_interpolation:0}
execute if entity @s[tag=aj.armor.bone.left_fingers] run data modify entity @s {} merge value {transformation:[-0.4834985519335482f,0.7282576907027364f,0.4856643760978149f,3.2914511340239443f,0.8140222639360603f,0.578084069136735f,-0.05644964859700616f,-8.703849800356407f,-0.32186472949761513f,0.3680482915904274f,-0.8723207844381532f,-1.013208929498242f,0f,0f,0f,1f],start_interpolation:0}
execute if entity @s[tag=aj.armor.locator_origin.consume] at @s on origin run tp @s ^3.04702 ^-8.81042 ^-0.95844 ~29.10686 ~-3.23605
execute if entity @s[tag=aj.armor.bone.left_hand] run data modify entity @s {} merge value {transformation:[-0.8578492602316742f,-0.16800226340585342f,0.4856643760978149f,3.125354929548694f,-0.2225672055616164f,0.9732817044318504f,-0.05644964859700616f,-7.939815286238328f,-0.4632045830175504f,-0.15651825231819622f,-0.8723207844381532f,-1.145259966698771f,0f,0f,0f,1f],start_interpolation:0}
execute if entity @s[tag=aj.armor.bone.left_forearm] run data modify entity @s {} merge value {transformation:[-1.7356825736742352f,-0.193324188619944f,0.526175182968116f,2.783347457221344f,-0.2571396090229059f,1.7958893641441962f,-0.1883857076818968f,-5.317321902909441f,-0.49811021526228244f,-0.25344765037715833f,-1.7362255221033838f,-1.6113556834928413f,0f,0f,0f,1f],start_interpolation:0}
execute if entity @s[tag=aj.armor.bone.left_bicep] run data modify entity @s {} merge value {transformation:[-1.53530264355306f,-0.3126656835475036f,0.23499046558161724f,2.2878236308998425f,-0.24116038789292663f,1.5061431608462241f,0.428379507249104f,-2.9732916544129657f,-0.30793183644083655f,0.37935142711135844f,-1.5071181223574537f,-1.0008732592122807f,0f,0f,0f,1f],start_interpolation:0}
execute if entity @s[tag=aj.armor.bone.left_shoulder] run data modify entity @s {} merge value {transformation:[-1.0074359161351432f,-0.06608563027290634f,0.08437145855808004f,1.827643125f,-0.04425285394003297f,0.9829220855924626f,0.2414929341400416f,-2.7827979201733446f,-0.0976091105683645f,0.23645262060894373f,-0.9802936286685008f,-0.9722623715178629f,0f,0f,0f,1f],start_interpolation:0}
execute if entity @s[tag=aj.armor.bone.left_arm] run data modify entity @s {} merge value {transformation:[-1.3293824999999997f,-7.51737835149441e-17f,1.4440749454900735e-16f,1.749763125f,0f,1.1791766789375473f,0.6138405258339223f,-2.744859621132755f,-1.628024023467506e-16f,0.6138405258339223f,-1.1791766789375473f,-0.7698087201604769f,0f,0f,0f,1f],start_interpolation:0}
execute if entity @s[tag=aj.armor.bone.chest] run data modify entity @s {} merge value {transformation:[-2.632522916666667f,-1.4886363242755888e-16f,2.85964377249346e-16f,2.5276508284487955e-17f,0f,2.335076345673263f,1.2155638060802803f,-2.121079201522724f,-3.2239107635778877e-16f,1.2155638060802803f,-2.335076345673263f,-0.33998336802580353f,0f,0f,0f,1f],start_interpolation:0}
execute if entity @s[tag=aj.armor.bone.weist] run data modify entity @s {} merge value {transformation:[-1.9493945833333333f,-5.207910777952322e-18f,2.3867517192816114e-16f,1.5974346289511743e-16f,0f,1.9489306802119284f,0.04252581872241266f,-5.874187342549061f,-2.387319836754355e-16f,0.04252581872241266f,-1.9489306802119284f,-1.4379893784465272f,0f,0f,0f,1f],start_interpolation:0}
execute if entity @s[tag=aj.armor.bone.right_foot] run data modify entity @s {} merge value {transformation:[-1.1418248749982716f,-0.27008728027590434f,0.09423221712827042f,-0.8097132099403301f,0.06922009287128525f,0.1153616755726919f,1.169397775535987f,-10.80202351654405f,-0.2775525688128918f,1.1398839588830036f,-0.09602097012183777f,-3.390414190332491f,0f,0f,0f,1f],start_interpolation:0}
execute if entity @s[tag=aj.armor.bone.right_knee] run data modify entity @s {} merge value {transformation:[-2.8426787264789937f,-0.5136844705093316f,0.3037015168143546f,-1.5004815496720538f,0.19669096291836893f,0.5891024531962348f,2.8374635950578204f,-9.969492087112709f,-0.5633995133686546f,2.7975016091022633f,-0.5417512565192971f,0.050094314955054786f,0f,0f,0f,1f],start_interpolation:0}
execute if entity @s[tag=aj.armor.bone.right_thigh] run data modify entity @s {} merge value {transformation:[-2.4230717718145205f,0.4022427412748222f,0.31134657323699444f,-0.8928749999999999f,0.16765746884412766f,2.0623493972729894f,-1.3596391652374467f,-7.06537001371352f,-0.4802362800908351f,-1.3095527723610516f,-2.0455946261723175f,-1.737125372061834f,0f,0f,0f,1f],start_interpolation:0}
execute if entity @s[tag=aj.armor.bone.right_leg] run data modify entity @s {} merge value {transformation:[-1f,-2.6715529131342643e-18f,1.22435536637248e-16f,-0.8089787499999999f,0f,0.9997620270799091f,0.02181488503456097f,-7.154458701873625f,-1.2246467991473532e-16f,0.02181488503456097f,-0.9997620270799091f,-1.8741883238227934f,0f,0f,0f,1f],start_interpolation:0}
execute if entity @s[tag=aj.armor.bone.left_foot] run data modify entity @s {} merge value {transformation:[-1.1573543095679872f,0.18999512452989445f,-0.10011867785702927f,0.9778985280449346f,-0.07428979397173578f,0.16069222562942417f,1.1637224454355353f,-10.731817427014942f,0.2015016712402325f,1.1505089118097673f,-0.1460041616196646f,-3.524726402957991f,0f,0f,0f,1f],start_interpolation:0}
execute if entity @s[tag=aj.armor.bone.left_knee] run data modify entity @s {} merge value {transformation:[-2.8785798191106107f,0.2708443085923602f,-0.2781191723816881f,1.3689855300875662f,-0.22764857892898205f,0.5078990494789865f,2.850814509676837f,-9.998908059951873f,0.31445673478996083f,2.847035406273602f,-0.4821151790845916f,-0.015130535487737573f,0f,0f,0f,1f],start_interpolation:0}
execute if entity @s[tag=aj.armor.bone.left_thigh] run data modify entity @s {} merge value {transformation:[-2.4536735149248714f,-0.30555357877684f,-0.12702761743792038f,0.8928750000000002f,-0.19404544043559274f,2.0984808883302133f,-1.2995141597143367f,-7.0458099052077685f,0.2680398704324527f,-1.2778997201457427f,-2.103601591568386f,-1.7614967621584867f,0f,0f,0f,1f],start_interpolation:0}
execute if entity @s[tag=aj.armor.bone.left_leg] run data modify entity @s {} merge value {transformation:[-1f,-2.6715529131342643e-18f,1.22435536637248e-16f,0.8089781250000002f,0f,0.9997620270799091f,0.02181488503456097f,-7.134898593367874f,-1.2246467991473532e-16f,0.02181488503456097f,-0.9997620270799091f,-1.8985597139194461f,0f,0f,0f,1f],start_interpolation:0}