execute if entity @s[tag=aj.armor.bone.neck] run data modify entity @s {} merge value {transformation:[-1.2033625000000001f,-1.1960117352407637e-16f,8.610052465222925e-17f,0f,0f,0.7030641382656272f,0.976617695872372f,-0.6383427155615655f,-1.473694033838957e-16f,0.976617695872372f,-0.7030641382656272f,-0.6799850919287622f,0f,0f,0f,1f],start_interpolation:0}
execute if entity @s[tag=aj.armor.bone.right_thumb_2] run data modify entity @s {} merge value {transformation:[-0.821979724929678f,0.05902055363962591f,-0.5664502679429174f,-2.8113663181171797f,0.29319447239833624f,0.8965404268410981f,-0.3320425641309295f,-6.688650619575781f,0.4882482290388691f,-0.4390123429787062f,-0.7542425535282099f,-1.153166791383814f,0f,0f,0f,1f],start_interpolation:0}
execute if entity @s[tag=aj.armor.bone.right_thumb] run data modify entity @s {} merge value {transformation:[-0.821979724929678f,0.05902055363962591f,-0.5664502679429174f,-2.9487899795734274f,0.29319447239833624f,0.8965404268410981f,-0.3320425641309295f,-6.335766406394742f,0.4882482290388691f,-0.4390123429787062f,-0.7542425535282099f,-1.1493419728899013f,0f,0f,0f,1f],start_interpolation:0}
execute if entity @s[tag=aj.armor.bone.right_fingers_2] run data modify entity @s {} merge value {transformation:[0.13635399410256033f,-0.8480319504830858f,-0.5121029186131749f,-3.048539625575113f,-0.9878089617745572f,-0.15557788300787273f,-0.005383062015217613f,-7.262232308205592f,-0.07510687937965435f,0.5065938543632775f,-0.8589072263004941f,-1.337502651713824f,0f,0f,0f,1f],start_interpolation:0}
execute if entity @s[tag=aj.armor.bone.right_fingers] run data modify entity @s {} merge value {transformation:[-0.5447874905795159f,-0.6640460758531307f,-0.5121029186131749f,-3.370982546737764f,-0.7710629673859831f,0.6367361486277203f,-0.005383062015217613f,-7.017798101363427f,0.32964904130604716f,0.39193097118599296f,-0.8589072263004941f,-1.1566150636693335f,0f,0f,0f,1f],start_interpolation:0}
execute if entity @s[tag=aj.armor.bone.right_hand] run data modify entity @s {} merge value {transformation:[-0.8405709312940997f,0.1766100512746598f,-0.5121029186131749f,-3.1984203921761667f,0.20875460580159838f,0.9779532387593791f,-0.005383062015217613f,-6.250038140326011f,0.4998620049773629f,-0.11142868835628665f,-0.8589072263004941f,-1.2542936660925543f,0f,0f,0f,1f],start_interpolation:0}
execute if entity @s[tag=aj.armor.bone.right_forearm] run data modify entity @s {} merge value {transformation:[-1.7543864008104464f,0.25344810797547995f,-0.42979178080615293f,-2.763197327448095f,0.2898774803948306f,1.7965127645946262f,-0.12386078734621206f,-3.6254946795639738f,0.40611324115918623f,-0.18744200395249824f,-1.7682664087017428f,-1.6204061903869904f,0f,0f,0f,1f],start_interpolation:0}
execute if entity @s[tag=aj.armor.bone.right_bicep] run data modify entity @s {} merge value {transformation:[-1.5440122080707699f,0.30353551179360494f,-0.184464224965511f,-2.2825464664640958f,0.2587909126723948f,1.5249339055243285f,0.34313030059149974f,-1.2510953072269195f,0.24328608823794518f,0.30426523420532037f,-1.5356982458827537f,-1.1265308729687582f,0f,0f,0f,1f],start_interpolation:0}
execute if entity @s[tag=aj.armor.bone.right_shoulder] run data modify entity @s {} merge value {transformation:[-1.0055589271607883f,0.042801294835235745f,-0.11589767829646892f,-1.827643125f,0.020628864475915432f,0.9952065402504067f,0.18855071164036885f,-1.046427186525607f,0.12181409041863299f,0.18478357629963352f,-0.9886502596834931f,-1.119715157096873f,0f,0f,0f,1f],start_interpolation:0}
execute if entity @s[tag=aj.armor.bone.right_arm] run data modify entity @s {} merge value {transformation:[-1.3293824999999997f,-9.453983623959969e-17f,1.325399621761789e-16f,-1.74976375f,0f,1.0822709230813192f,0.7719763470203981f,-0.9788931960197811f,-1.628024023467506e-16f,0.7719763470203981f,-1.0822709230813192f,-0.8878342892824065f,0f,0f,0f,1f],start_interpolation:0}
execute if entity @s[tag=aj.armor.bone.left_thumb_2] run data modify entity @s {} merge value {transformation:[-0.7876483041694048f,-0.014528442878709108f,0.6159537915189588f,2.7759470220876095f,-0.3109536129292485f,0.8724329018096169f,-0.3770526255661113f,-6.633467326684051f,-0.5319003661827164f,-0.4885179179800585f,-0.6916879674153084f,-1.049060990364597f,0f,0f,0f,1f],start_interpolation:0}
execute if entity @s[tag=aj.armor.bone.left_thumb] run data modify entity @s {} merge value {transformation:[-0.7876483041694048f,-0.014528442878709108f,0.6159537915189588f,2.9174273406582367f,-0.3109536129292485f,0.8724329018096169f,-0.3770526255661113f,-6.282197421697925f,-0.5319003661827164f,-0.4885179179800585f,-0.6916879674153084f,-1.0535256499422814f,0f,0f,0f,1f],start_interpolation:0}
execute if entity @s[tag=aj.armor.bone.left_fingers_2] run data modify entity @s {} merge value {transformation:[0.14366402379439608f,0.8062694054218431f,0.5738382125197925f,3.018350396261308f,0.9890694268308298f,-0.13643379867670086f,-0.05592394377347276f,-7.218265404647421f,0.03320116226484077f,0.5756000907395279f,-0.8170570471912659f,-1.1849971993198318f,0f,0f,0f,1f],start_interpolation:0}
execute if entity @s[tag=aj.armor.bone.left_fingers] run data modify entity @s {} merge value {transformation:[-0.5086654213143271f,0.641848264787876f,0.5738382125197925f,3.3298418291482177f,0.7575601053232465f,0.6503654352250376f,-0.05592394377347276f,-6.967619931303265f,-0.40909922510529084f,0.4062703602939053f,-0.8170570471912659f,-0.9937178948429515f,0f,0f,0f,1f],start_interpolation:0}
execute if entity @s[tag=aj.armor.locator_origin.consume] at @s on origin run tp @s ^3.08149 ^-7.07514 ^-0.96439 ~35.08126 ~-3.20588
execute if entity @s[tag=aj.armor.bone.left_hand] run data modify entity @s {} merge value {transformation:[-0.8042019170159946f,-0.15481919299585784f,0.5738382125197925f,3.1752330980665118f,-0.22707885849408216f,0.9722693580165147f,-0.05592394377347276f,-6.2045435213442675f,-0.5492672106478083f,-0.17528066904900053f,-0.8170570471912659f,-1.1439999535454524f,0f,0f,0f,1f],start_interpolation:0}
execute if entity @s[tag=aj.armor.bone.left_forearm] run data modify entity @s {} merge value {transformation:[-1.7234435458756463f,-0.21488754517614486f,0.5571303696095344f,2.80332027280097f,-0.294436660414082f,1.7863167276357395f,-0.22182913065341825f,-3.5991894253484347f,-0.5194977948146542f,-0.2995404031686194f,-1.7225638303661779f,-1.6783189208543532f,0f,0f,0f,1f],start_interpolation:0}
execute if entity @s[tag=aj.armor.bone.left_bicep] run data modify entity @s {} merge value {transformation:[-1.5293608446259837f,-0.3270554376504432f,0.25342593298966365f,2.285121771298297f,-0.2578057985351532f,1.5122736814110551f,0.39585229396406446f,-1.245222943015239f,-0.32361417312913915f,0.34087770402042583f,-1.5130138180912998f,-1.1278440606050595f,0f,0f,0f,1f],start_interpolation:0}
execute if entity @s[tag=aj.armor.bone.left_shoulder] run data modify entity @s {} merge value {transformation:[-1.00414725607988f,-0.05686428651423414f,0.121933259176138f,1.827643125f,-0.02982799446283432f,0.9894244031738336f,0.2157837339033426f,-1.046427186525607f,-0.1311928257200571f,0.21028262408047532f,-0.9823352987428765f,-1.1197151570968726f,0f,0f,0f,1f],start_interpolation:0}
execute if entity @s[tag=aj.armor.bone.left_arm] run data modify entity @s {} merge value {transformation:[-1.3293824999999997f,-9.453983623959969e-17f,1.325399621761789e-16f,1.749763125f,0f,1.0822709230813192f,0.7719763470203981f,-0.9788931960197811f,-1.628024023467506e-16f,0.7719763470203981f,-1.0822709230813192f,-0.887834289282406f,0f,0f,0f,1f],start_interpolation:0}
execute if entity @s[tag=aj.armor.bone.chest] run data modify entity @s {} merge value {transformation:[-2.632522916666667f,-1.872134509357992e-16f,2.624635782424729e-16f,-1.661066178331446e-17f,0f,2.1431777588869725f,1.5287138386851171f,-0.42100349170158435f,-3.2239107635778877e-16f,1.5287138386851171f,-2.1431777588869725f,-0.3753785126125391f,0f,0f,0f,1f],start_interpolation:0}
execute if entity @s[tag=aj.armor.bone.weist] run data modify entity @s {} merge value {transformation:[-1.9493945833333333f,-7.29051983707945e-18f,2.3862063689067955e-16f,1.7089491064676485e-16f,0f,1.9484853678368044f,0.05953161223428182f,-4.1247177141663895f,-2.387319836754355e-16f,0.05953161223428182f,-1.9484853678368044f,-1.9064777043193075f,0f,0f,0f,1f],start_interpolation:0}
execute if entity @s[tag=aj.armor.bone.right_foot] run data modify entity @s {} merge value {transformation:[-1.152795531133261f,-0.2369497239036654f,-0.022542994870298337f,-0.8274127901143434f,0.06421749695551007f,-0.41697585725222247f,1.098907704236396f,-8.399532721967027f,-0.22919308750595993f,1.0749776079934472f,0.42128917126925336f,-3.565248149525613f,0f,0f,0f,1f],start_interpolation:0}
execute if entity @s[tag=aj.armor.bone.right_knee] run data modify entity @s {} merge value {transformation:[-2.8581044062598133f,-0.4770340256616015f,0.2015103714783751f,-1.4765395129542707f,0.16465733078918496f,0.2344750613858828f,2.8904736804785984f,-8.005993332192295f,-0.4909743932932217f,2.8555890237362935f,-0.2036766093128513f,-0.03946745562057652f,0f,0f,0f,1f],start_interpolation:0}
execute if entity @s[tag=aj.armor.bone.right_thigh] run data modify entity @s {} merge value {transformation:[-2.436220471627056f,0.38380479275214224f,0.21802847893060015f,-0.8928749999999998f,0.1403523115507961f,1.8330036061373849f,-1.658436532240155f,-5.417053223847444f,-0.41850181027882577f,-1.6195074510130811f,-1.8253943611848695f,-2.2652234615185116f,0f,0f,0f,1f],start_interpolation:0}
execute if entity @s[tag=aj.armor.bone.right_leg] run data modify entity @s {} merge value {transformation:[-1f,-3.739889245312853e-18f,1.2240756126584407e-16f,-0.8089787499999997f,0f,0.9995335908367129f,0.03053851320982265f,-5.482817080911737f,-1.2246467991473532e-16f,0.03053851320982265f,-0.9995335908367129f,-2.3085888929707976f,0f,0f,0f,1f],start_interpolation:0}
execute if entity @s[tag=aj.armor.bone.left_foot] run data modify entity @s {} merge value {transformation:[-1.160716338867715f,0.19576528933217574f,-0.0021040567434500316f,0.9054349396117558f,-0.06790159769962145f,-0.390684948561658f,1.1083075109705682f,-8.36181359260522f,0.18362420480952094f,1.0929922768879141f,0.3965361634807183f,-3.628180219888785f,0f,0f,0f,1f],start_interpolation:0}
execute if entity @s[tag=aj.armor.bone.left_knee] run data modify entity @s {} merge value {transformation:[-2.878802530252463f,0.32958330246670636f,-0.2019889281153269f,1.3720252892955858f,-0.18157106823098712f,0.18699613020275663f,2.8929212023497426f,-8.026732239600282f,0.3412574212050155f,2.879815268825131f,-0.16473032036686297f,-0.06764904197304222f,0f,0f,0f,1f],start_interpolation:0}
execute if entity @s[tag=aj.armor.bone.left_thigh] run data modify entity @s {} merge value {transformation:[-2.453863351741837f,-0.30761589024211805f,-0.1180670910454163f,0.8928750000000002f,-0.15476941727905258f,1.8592956630526094f,-1.627599086927712f,-5.401836211685599f,0.2908845155598351f,-1.60574120715742f,-1.8619865996250384f,-2.2761781427492136f,0f,0f,0f,1f],start_interpolation:0}
execute if entity @s[tag=aj.armor.bone.left_leg] run data modify entity @s {} merge value {transformation:[-1f,-3.739889245312853e-18f,1.2240756126584407e-16f,0.8089781250000002f,0f,0.9995335908367129f,0.03053851320982265f,-5.467600068749892f,-1.2246467991473532e-16f,0.03053851320982265f,-0.9995335908367129f,-2.3195435742014996f,0f,0f,0f,1f],start_interpolation:0}