execute if entity @s[tag=aj.armor.bone.neck] run data modify entity @s {} merge value {transformation:[-1.2033625000000001f,-7.590085381948487e-17f,1.263202337046546e-16f,1.1102230246251565e-16f,0f,1.0314829858911458f,0.61977750541895f,-2.4168469557268786f,-1.473694033838957e-16f,0.61977750541895f,-1.0314829858911458f,-0.6422289553642426f,0f,0f,0f,1f],start_interpolation:0}
execute if entity @s[tag=aj.armor.bone.right_thumb_2] run data modify entity @s {} merge value {transformation:[-0.9081150297770335f,0.15518547831483187f,-0.38890173567786324f,-2.7277868386047435f,0.27716260634499024f,0.918968737902061f,-0.2804948277646923f,-8.41897945401729f,0.31385981319230677f,-0.36251058754040466f,-0.877540934420726f,-1.218047726090922f,0f,0f,0f,1f],start_interpolation:0}
execute if entity @s[tag=aj.armor.bone.right_thumb] run data modify entity @s {} merge value {transformation:[-0.9081150297770335f,0.15518547831483187f,-0.38890173567786324f,-2.8620252955130416f,0.27716260634499024f,0.918968737902061f,-0.2804948277646923f,-8.064894686406358f,0.31385981319230677f,-0.36251058754040466f,-0.877540934420726f,-1.2236310861674622f,0f,0f,0f,1f],start_interpolation:0}
execute if entity @s[tag=aj.armor.bone.right_fingers_2] run data modify entity @s {} merge value {transformation:[0.7915240925393499f,-0.5252748205636184f,-0.3123715316920186f,-2.892849778905319f,-0.538256878227156f,-0.8412528244797081f,0.05072689962997606f,-8.926939886103385f,-0.2894289964238476f,0.1279845622986297f,-0.9486046636203684f,-1.4890546855726576f,0f,0f,0f,1f],start_interpolation:0}
execute if entity @s[tag=aj.armor.bone.right_fingers] run data modify entity @s {} merge value {transformation:[-0.5043751367468039f,-0.8050029488269129f,-0.3123715316920186f,-3.2738274356686836f,-0.8550544706252262f,0.5160509993379956f,0.05072689962997606f,-8.739144508355015f,0.12036433730742908f,0.2926800616069206f,-0.9486046636203684f,-1.3624578470084276f,0f,0f,0f,1f],start_interpolation:0}
execute if entity @s[tag=aj.armor.bone.right_hand] run data modify entity @s {} merge value {transformation:[-0.9289617872835919f,0.19863037017348822f,-0.3123715316920186f,-3.0825695265363287f,0.1924834634326143f,0.9799882131734622f,0.05072689962997606f,-7.969708553363118f,0.3161963220403744f,-0.013003002954212518f,-0.9486046636203684f,-1.3752205932056814f,0f,0f,0f,1f],start_interpolation:0}
execute if entity @s[tag=aj.armor.bone.right_forearm] run data modify entity @s {} merge value {transformation:[-1.7905601311887542f,0.2224939129596453f,-0.26686970027847684f,-2.6846117061808155f,0.22045716118725683f,1.8103364255155523f,0.03015341052573976f,-5.315408291583537f,0.26855468402557087f,-0.0026545773644182486f,-1.8040786835779776f,-1.4646944300522668f,0f,0f,0f,1f],start_interpolation:0}
execute if entity @s[tag=aj.armor.bone.right_bicep] run data modify entity @s {} merge value {transformation:[-1.560970150871068f,0.2537657589891339f,-0.09544466217516089f,-2.282722131620285f,0.22786700476561922f,1.5301799250041725f,0.34170247458406827f,-2.932711839151822f,0.14691280445286942f,0.32293481162983867f,-1.5441063082601858f,-0.9412893822135073f,0f,0f,0f,1f],start_interpolation:0}
execute if entity @s[tag=aj.armor.bone.right_shoulder] run data modify entity @s {} merge value {transformation:[-1.0106472062834102f,0.038613000817386625f,-0.05928101944344932f,-1.827643125f,0.02614008125201862f,0.9926528697145512f,0.20092275895588302f,-2.7312826273512143f,0.0657411534011686f,0.19890272768914585f,-0.9912258997494675f,-0.9066207500464674f,0f,0f,0f,1f],start_interpolation:0}
execute if entity @s[tag=aj.armor.bone.right_arm] run data modify entity @s {} merge value {transformation:[-1.3293824999999997f,-6.491730635456013e-17f,1.49299583206188e-16f,-1.74976375f,0f,1.2191236143362818f,0.530090034120516f,-2.7104646002903197f,-1.628024023467506e-16f,0.530090034120516f,-1.2191236143362818f,-0.7140359905084315f,0f,0f,0f,1f],start_interpolation:0}
execute if entity @s[tag=aj.armor.bone.left_thumb_2] run data modify entity @s {} merge value {transformation:[-0.8639755335700149f,-0.08223927121275834f,0.49677256331524833f,2.6959333085871187f,-0.3017920202805544f,0.8743128062435633f,-0.38012983746805107f,-8.316482151989879f,-0.4030730130973662f,-0.4783448746552007f,-0.7802040290870782f,-0.9992224851921532f,0f,0f,0f,1f],start_interpolation:0}
execute if entity @s[tag=aj.armor.bone.left_thumb] run data modify entity @s {} merge value {transformation:[-0.8639755335700149f,-0.08223927121275834f,0.49677256331524833f,2.8383471080354132f,-0.3017920202805544f,0.8743128062435633f,-0.38012983746805107f,-7.966505885634224f,-0.4030730130973662f,-0.4783448746552007f,-0.7802040290870782f,-1.024953450805786f,0f,0f,0f,1f],start_interpolation:0}
execute if entity @s[tag=aj.armor.bone.left_fingers_2] run data modify entity @s {} merge value {transformation:[0.7581922149091881f,0.4823889893501482f,0.43868602462905315f,2.883543114026743f,0.5596323953235873f,-0.8266967577826672f,-0.05817261190638321f,-8.852998140192812f,0.3345984867800269f,0.2896089322264924f,-0.8967555514292325f,-1.1880809036405684f,0f,0f,0f,1f],start_interpolation:0}
execute if entity @s[tag=aj.armor.bone.left_fingers] run data modify entity @s {} merge value {transformation:[-0.46237652827432213f,0.7705598730119176f,0.43868602462905315f,3.248443457329871f,0.8410629377347838f,0.5378002249840778f,-0.05817261190638321f,-8.655883238580769f,-0.2807509231862296f,0.3420649062837822f,-0.8967555514292325f,-1.031775774451697f,0f,0f,0f,1f],start_interpolation:0}
execute if entity @s[tag=aj.armor.locator_origin.consume] at @s on origin run tp @s ^3.00669 ^-8.76123 ^-0.96426 ~26.06753 ~-3.33493
execute if entity @s[tag=aj.armor.bone.left_hand] run data modify entity @s {} merge value {transformation:[-0.8822315130138344f,-0.17094481343544216f,0.43868602462905315f,3.079601141299956f,-0.21770643636458029f,0.9742791462355255f,-0.05817261190638321f,-7.890880393088777f,-0.41745833925166154f,-0.14682648252307062f,-0.8967555514292325f,-1.1544015590048557f,0f,0f,0f,1f],start_interpolation:0}
execute if entity @s[tag=aj.armor.bone.left_forearm] run data modify entity @s {} merge value {transformation:[-1.7428015928523988f,-0.1755991071224758f,0.5085628015913445f,2.762628206613183f,-0.23205613401760894f,1.8008039777266127f,-0.1734460899020735f,-5.259408169188319f,-0.4854081996108528f,-0.2304312240459305f,-1.743017180743997f,-1.586336701661424f,0f,0f,0f,1f],start_interpolation:0}
execute if entity @s[tag=aj.armor.bone.left_bicep] run data modify entity @s {} merge value {transformation:[-1.5392794219239843f,-0.29923202210735894f,0.2263042511098991f,2.288167231035065f,-0.22711737403088428f,1.5038858695641741f,0.4437111060386367f,-2.919056109400906f,-0.29861533038038524f,0.3986502780059937f,-1.50400844285897f,-0.9457514399073831f,0f,0f,0f,1f],start_interpolation:0}
execute if entity @s[tag=aj.armor.bone.left_shoulder] run data modify entity @s {} merge value {transformation:[-1.008781115797111f,-0.06667356525982776f,0.06578962512068218f,1.827643125f,-0.04816827689482744f,0.9795478411017164f,0.2541236367613022f,-2.7312826273512143f,-0.08033340636970177f,0.24990726551133025f,-0.9785222946527741f,-0.9066207500464668f,0f,0f,0f,1f],start_interpolation:0}
execute if entity @s[tag=aj.armor.bone.left_arm] run data modify entity @s {} merge value {transformation:[-1.3293824999999997f,-6.491730635456013e-17f,1.49299583206188e-16f,1.749763125f,0f,1.2191236143362818f,0.530090034120516f,-2.7104646002903197f,-1.628024023467506e-16f,0.530090034120516f,-1.2191236143362818f,-0.714035990508431f,0f,0f,0f,1f],start_interpolation:0}
execute if entity @s[tag=aj.armor.bone.chest] run data modify entity @s {} merge value {transformation:[-2.632522916666667f,-1.2855314152747627e-16f,2.95651984465774e-16f,4.7176767977535396e-17f,0f,2.414181661778877f,1.0497160619452068f,-2.058220577540623f,-3.2239107635778877e-16f,1.0497160619452068f,-2.414181661778877f,-0.32877039379123774f,0f,0f,0f,1f],start_interpolation:0}
execute if entity @s[tag=aj.armor.bone.weist] run data modify entity @s {} merge value {transformation:[-1.9493945833333333f,-4.166447608682632e-18f,2.386956236379974e-16f,1.5526126718878962e-16f,0f,1.949097681096187f,0.03402162657497207f,-5.8701021271151905f,-2.387319836754355e-16f,0.03402162657497207f,-1.949097681096187f,-1.2113473072858616f,0f,0f,0f,1f],start_interpolation:0}
execute if entity @s[tag=aj.armor.bone.right_foot] run data modify entity @s {} merge value {transformation:[-1.135991292428729f,-0.28043130506148417f,0.1283470355878207f,-0.8081577860850051f,0.06832937705048918f,0.24883864909523748f,1.148477826440246f,-11.264052271211199f,-0.300742040018619f,1.115808453424929f,-0.2238674060855427f,-3.379975933146759f,0f,0f,0f,1f],start_interpolation:0}
execute if entity @s[tag=aj.armor.bone.right_knee] run data modify entity @s {} merge value {transformation:[-2.8341338777284224f,-0.517392228615992f,0.37002585506131774f,-1.5010673159916954f,0.21205245645859158f,0.824525056460686f,2.7770705564519607f,-10.141086315316926f,-0.5997062675643464f,2.7366754286122976f,-0.7667389905357369f,-0.02346105899684603f,0f,0f,0f,1f],start_interpolation:0}
execute if entity @s[tag=aj.armor.bone.right_thigh] run data modify entity @s {} merge value {transformation:[-2.4157882256265277f,0.40338428111453095f,0.3622997289717569f,-0.8928749999999996f,0.18075145692779993f,2.1589196698734248f,-1.1985021872283597f,-7.10488030421214f,-0.511183805183393f,-1.1429609370938263f,-2.1359644511402553f,-1.5754984654305138f,0f,0f,0f,1f],start_interpolation:0}
execute if entity @s[tag=aj.armor.bone.right_leg] run data modify entity @s {} merge value {transformation:[-1f,-2.1373033680837975e-18f,1.2244602795081332e-16f,-0.8089787499999996f,0f,0.9998476951563913f,0.01745240643728352f,-7.163648184509218f,-1.2246467991473532e-16f,0.01745240643728352f,-0.9998476951563913f,-1.692878858965396f,0f,0f,0f,1f],start_interpolation:0}
execute if entity @s[tag=aj.armor.bone.left_foot] run data modify entity @s {} merge value {transformation:[-1.1560699020174403f,0.18403094212477997f,-0.12339322860924834f,1.0312455484326697f,-0.07320366215250221f,0.30148837952397767f,1.1354897074549073f,-11.176312613146475f,0.2091279521570722f,1.1228660936323769f,-0.2846544049789456f,-3.559225243839095f,0f,0f,0f,1f],start_interpolation:0}
execute if entity @s[tag=aj.armor.bone.left_knee] run data modify entity @s {} merge value {transformation:[-2.8780503820945977f,0.23011756791554974f,-0.3174910890021924f,1.370432629245897f,-0.2508756653966854f,0.7268602764511964f,2.801011286582595f,-10.172858618709785f,0.3013570758600769f,2.8027930233943326f,-0.7003312568885826f,-0.11170431689489302f,0f,0f,0f,1f],start_interpolation:0}
execute if entity @s[tag=aj.armor.bone.left_thigh] run data modify entity @s {} merge value {transformation:[-2.4532222279480824f,-0.3066660265883489f,-0.1329261877021348f,0.8928750000000001f,-0.21384398363259266f,2.1968610678761835f,-1.1216438481323387f,-7.085566376403013f,0.2568738482303182f,-1.0998955039118452f,-2.2032381690386806f,-1.607642239206843f,0f,0f,0f,1f],start_interpolation:0}
execute if entity @s[tag=aj.armor.bone.left_leg] run data modify entity @s {} merge value {transformation:[-1f,-2.1373033680837975e-18f,1.2244602795081332e-16f,0.8089781250000001f,0f,0.9998476951563913f,0.01745240643728352f,-7.144334256700091f,-1.2246467991473532e-16f,0.01745240643728352f,-0.9998476951563913f,-1.7250226327417253f,0f,0f,0f,1f],start_interpolation:0}