# This file was generated by Animated Java via MC-Build. It is not recommended to edit this file directly.
$data merge entity $(bone_neck) { transformation: [-0.804747527413806f,0.08140872159399636f,0.5880085349463874f,-0.020022850773616513f,0.010330100197936003f,0.9923222018403055f,-0.12324746149397416f,4.64074390223303f,-0.5935273423788211f,-0.09310890281406622f,-0.7994097985798614f,0.13091114108121504f,0f,0f,0f,1f], start_interpolation: 0, interpolation_duration: 1 }
$data merge entity $(bone_right_thumb_2) { transformation: [-0.08128336465474714f,0.16311240023296864f,-0.9832534563990327f,-3.876184897411292f,0.6158118405205835f,-0.7674711706091604f,-0.1782239584299967f,4.456907944145574f,-0.7836892188266052f,-0.6199857636865913f,-0.03806390837656448f,-1.8958561654870985f,0f,0f,0f,1f], start_interpolation: 0, interpolation_duration: 1 }
$data merge entity $(bone_right_thumb) { transformation: [-0.08128336465474714f,0.16311240023296864f,-0.9832534563990327f,-3.841427688166146f,0.6158118405205835f,-0.7674711706091604f,-0.1782239584299967f,4.32780784398246f,-0.7836892188266052f,-0.6199857636865913f,-0.03806390837656448f,-2.1892158260302415f,0f,0f,0f,1f], start_interpolation: 0, interpolation_duration: 1 }
$data merge entity $(bone_right_fingers2) { transformation: [-0.21422123844888136f,-0.44765285633721685f,-0.8681682908345362f,-4.35670818053372f,-0.12575069181190843f,0.8940445802035225f,-0.4299663383539861f,4.699214495860414f,0.9686568146181878f,0.017064841688083865f,-0.2478159935756907f,-1.709861872732733f,0f,0f,0f,1f], start_interpolation: 0, interpolation_duration: 1 }
$data merge entity $(bone_right_fingers) { transformation: [-0.491351685918231f,0.06969461625372156f,-0.8681682908345362f,-4.307975035262475f,0.8148515085451666f,0.3887749566318959f,-0.4299663383539861f,4.841260394955001f,0.30755575066478524f,-0.9186929266959193f,-0.2478159935756907f,-2.1598268848374493f,0f,0f,0f,1f], start_interpolation: 0, interpolation_duration: 1 }
$data merge entity $(bone_right_hand) { transformation: [0.026605286060978575f,0.4955562304552884f,-0.8681682908345362f,-3.9823039862608196f,0.458314539003847f,-0.777866782437814f,-0.4299663383539861f,4.308877519785719f,-0.8883917728633605f,-0.3864547725630889f,-0.2478159935756907f,-2.4950778964787883f,0f,0f,0f,1f], start_interpolation: 0, interpolation_duration: 1 }
$data merge entity $(bone_right_forearm) { transformation: [0.04004971309510116f,0.7459752474277338f,-1.3068790497683764f,-2.902923367032045f,0.6899142430698784f,-1.1709455553847956f,-0.6472408698091239f,2.6028055320369146f,-1.3373220471179248f,-0.5817416407367507f,-0.3730446430959664f,-3.2944230031319033f,0f,0f,0f,1f], start_interpolation: 0, interpolation_duration: 1 }
$data merge entity $(bone_right_bicep) { transformation: [0.5828582876621413f,1.291884460699519f,0.6958555272117292f,-1.035036062321602f,0.9439637379654425f,0.24313318378729182f,-1.2420639574483308f,2.847669710109974f,-1.1234379537626054f,0.8745427109003949f,-0.6826172931453774f,-1.9739194045247328f,0f,0f,0f,1f], start_interpolation: 0, interpolation_duration: 1 }
$data merge entity $(bone_right_shoulder) { transformation: [0.22146523191796785f,0.8698941742212775f,0.44072358310782817f,-0.9214551137383304f,0.5620412441303171f,0.25546819330604764f,-0.7866674278914751f,2.7832608673619714f,-0.7969082700963555f,0.42192431532779173f,-0.43233908126285336f,-1.596377451080082f,0f,0f,0f,1f], start_interpolation: 0, interpolation_duration: 1 }
$data merge entity $(bone_right_arm) { transformation: [-0.7852339753992492f,-0.08226911546697961f,1.2313348602717846f,-0.7192618266158671f,-0.03664533792877883f,1.4603757003575515f,0.07420292861363112f,2.8461972555872577f,-1.2335359194966071f,0.008985991711258978f,-0.7860372312213895f,-1.288877394257038f,0f,0f,0f,1f], start_interpolation: 0, interpolation_duration: 1 }
$data merge entity $(bone_left_thumb_2) { transformation: [-0.6320762232865162f,0.40993764177223224f,0.6575946911389076f,2.716941497802618f,-0.7228852070890568f,-0.00624516252922383f,-0.6909399216406554f,2.369863231621158f,-0.27913549635914403f,-0.9120921706731204f,0.300285275811402f,5.311380399477091f,0f,0f,0f,1f], start_interpolation: 0, interpolation_duration: 1 }
$data merge entity $(bone_left_thumb) { transformation: [-0.6320762232865162f,0.40993764177223224f,0.6575946911389076f,2.9277208503885275f,-0.7228852070890568f,-0.00624516252922383f,-0.6909399216406554f,2.474753876534536f,-0.27913549635914403f,-0.9120921706731204f,0.300285275811402f,5.091142330506839f,0f,0f,0f,1f], start_interpolation: 0, interpolation_duration: 1 }
$data merge entity $(bone_left_fingers2) { transformation: [0.6097135556460991f,0.23123006689753867f,0.7581438097247455f,2.865821069511232f,0.7243317712155127f,0.22585892261989027f,-0.651407117155455f,2.1112426920804173f,-0.32185845533275875f,0.946319398108029f,-0.029778037129205237f,5.796312618678297f,0f,0f,0f,1f], start_interpolation: 0, interpolation_duration: 1 }
$data merge entity $(bone_left_fingers) { transformation: [-0.03718363210367573f,0.6510263752565079f,0.7581438097247455f,3.177533121385917f,0.0024052813893856023f,0.758724576075309f,-0.651407117155455f,2.464180066711104f,-0.9993055549355344f,-0.022398133398015593f,-0.029778037129205237f,5.738942981056228f,0f,0f,0f,1f], start_interpolation: 0, interpolation_duration: 1 }
$data merge entity $(bone_left_hand) { transformation: [-0.6517897904224719f,0.01969855012632099f,0.7581438097247455f,3.254334558770929f,-0.755627765912121f,0.06852333253627055f,-0.651407117155455f,2.5406669328022455f,-0.06478231613401275f,-0.9974550215528741f,-0.029778037129205237f,5.038844632772901f,0f,0f,0f,1f], start_interpolation: 0, interpolation_duration: 1 }
$data merge entity $(bone_left_forearm) { transformation: [-0.9811581820585011f,0.029652802046196344f,1.1412559893064433f,3.2649020920021865f,-1.1374685151706885f,0.10315017106404706f,-0.9805821328283569f,2.660424032433599f,-0.09751870996075f,-1.5014981363816704f,-0.04482574781667559f,2.870840178808975f,0f,0f,0f,1f], start_interpolation: 0, interpolation_duration: 1 }
$data merge entity $(bone_left_bicep) { transformation: [-0.36804342737436013f,-1.2809209577492402f,0.8465752734457509f,1.281908182362752f,-1.5334144382822146f,0.3508881732454535f,-0.13572696264395545f,3.0085073650653382f,-0.07802790576850809f,-0.8538285237210587f,-1.3258177310800088f,1.5940375281783619f,0f,0f,0f,1f], start_interpolation: 0, interpolation_duration: 1 }
$data merge entity $(bone_left_shoulder) { transformation: [-0.37043769735679216f,-0.7584748091837064f,0.5361826892121175f,1.0062361670458217f,-0.9178500567183558f,0.387506871649518f,-0.0859633515314242f,2.873222459218435f,-0.14257343987962454f,-0.5239793777031158f,-0.8397132998724901f,1.431861915840649f,0f,0f,0f,1f], start_interpolation: 0, interpolation_duration: 1 }
$data merge entity $(bone_left_arm) { transformation: [-0.7852339753992492f,-0.08226911546697961f,1.2313348602717846f,0.8152897329684439f,-0.03664533792877883f,1.4603757003575515f,0.07420292861363112f,2.8552478490936726f,-1.2335359194966071f,0.008985991711258978f,-0.7860372312213895f,1.1158667268418248f,0f,0f,0f,1f], start_interpolation: 0, interpolation_duration: 1 }
$data merge entity $(bone_chest) { transformation: [-1.1088053314217803f,-0.11616974901622203f,1.7387310032537255f,-0.2304196503467282f,-0.05174578194546828f,2.0621526999159157f,0.10477972863065527f,3.6314402981008023f,-1.7418390529302787f,0.012688849221647432f,-1.109939584862141f,0.06754438365796656f,0f,0f,0f,1f], start_interpolation: 0, interpolation_duration: 1 }
$data merge entity $(bone_left_cheek) { transformation: [-0.99745264625135f,0.29856503256267475f,0.45658908352566463f,0.5410409705753242f,0.13530395654499838f,1.057180723272656f,-0.395712280655721f,-1.6494946692212655f,-0.5284955148411635f,-0.29283833603087517f,-0.9630496618146024f,0.7067167689789118f,0f,0f,0f,1f], start_interpolation: 0, interpolation_duration: 1 }
$data merge entity $(bone_left_foot) { transformation: [-0.9150881300539797f,0.6116733688111204f,0.26786294353935214f,-3.5669326924443667f,0.20697483793033936f,0.6918569684545036f,-0.872798088944204f,-3.293860949640412f,-0.634867138146259f,-0.6561027187020333f,-0.6706370790627224f,5.991552005443628f,0f,0f,0f,1f], start_interpolation: 0, interpolation_duration: 1 }
$data merge entity $(bone_left_knee) { transformation: [-2.5198365706316177f,1.7854518745272847f,0.4462606651187959f,-1.279622337991115f,0.5646744542904655f,1.4702122119496162f,-2.693730152165165f,-1.3293783822507423f,-1.7516077580774272f,-2.0945646267802287f,-1.5103749886242646f,3.3953652647318817f,0f,0f,0f,1f], start_interpolation: 0, interpolation_duration: 1 }
$data merge entity $(bone_left_leg) { transformation: [-1.9241713930778543f,1.360401356220382f,-0.35250385543851714f,0.47590180633904355f,0.43119083356870813f,0.0026703782869888525f,-2.3433850947231387f,-1.5024191734851837f,-1.337544497634227f,-1.9561920629421832f,-0.2483418969381806f,0.6730367439405502f,0f,0f,0f,1f], start_interpolation: 0, interpolation_duration: 1 }
$data merge entity $(bone_right_cheek) { transformation: [-0.7962252500850195f,0.32311930565304836f,0.7444096431529608f,-0.7447942645758558f,-0.0047776136595894f,1.0410012243560538f,-0.4569683541282649f,-1.3949230695344492f,-0.8114979833077507f,-0.32316685563539393f,-0.7277091849660583f,-0.46656371324844825f,0f,0f,0f,1f], start_interpolation: 0, interpolation_duration: 1 }
$data merge entity $(bone_right_foot) { transformation: [-0.7143393887274456f,0.07578244795367006f,0.8759323094250199f,-1.2626982143132208f,0.09218201721212942f,1.1288392135081151f,-0.022486843911140413f,-8.198733362679786f,-0.8743585453435007f,0.05709818761160989f,-0.7179958799020142f,-1.2565801175185234f,0f,0f,0f,1f], start_interpolation: 0, interpolation_duration: 1 }
$data merge entity $(bone_right_knee) { transformation: [-2.0187597111738906f,-0.45172388990844276f,2.336047532907854f,-1.9445426277909017f,0.4717732322519862f,2.9267731589680075f,0.9736489169370679f,-4.4981502233870065f,-2.332081166265317f,0.9831112467102575f,-1.8252268436334649f,0.03645454280800031f,0f,0f,0f,1f], start_interpolation: 0, interpolation_duration: 1 }
$data merge entity $(bone_right_leg) { transformation: [-1.5415442933925059f,0.7278405069524653f,1.6647149173334823f,-0.7687984638643314f,0.36025056866747746f,2.26228041212897f,-0.6555099028365501f,-1.490074706844794f,-1.7807995640521155f,-0.1724004100378026f,-1.5736636805032513f,-0.2668407912197543f,0f,0f,0f,1f], start_interpolation: 0, interpolation_duration: 1 }
$data merge entity $(bone_weist) { transformation: [-1.6813375490916005f,0.2765095956999608f,1.2090118075843066f,-0.1332992217047103f,0.021582402874209077f,2.0429006418893274f,-0.43721188070788825f,0.24548500286492092f,-1.2400408490362742f,-0.33935596684277936f,-1.6468756121417845f,0.20800180115338546f,0f,0f,0f,1f], start_interpolation: 0, interpolation_duration: 1 }
data modify entity @s data merge value {"locators":{"consume":{"posx":-4.334051238152828,"posy":4.77527272615017,"posz":-1.9790233451594677,"roty":285.9312338838417,"rotx":-25.465423909182725}},"cameras":{}}