# This file was generated by Animated Java via MC-Build. It is not recommended to edit this file directly.
$data merge entity $(bone_neck) { transformation: [-0.7320347044434196f,-0.025737152541218535f,0.6807810150624835f,-0.5443646371572098f,0.01247803538893881f,0.9986119850829906f,0.05117032227220529f,4.522315454373622f,-0.681153059248263f,0.04595326133887569f,-0.7306974802536638f,0.2056697880288853f,0f,0f,0f,1f], start_interpolation: 0, interpolation_duration: 1 }
$data merge entity $(bone_right_thumb_2) { transformation: [-0.09563725595256525f,0.8629424147575301f,-0.4961692292820128f,-3.7574718393174527f,0.8490845716024253f,-0.18943175510652677f,-0.4931237171582671f,1.8144361968773466f,-0.5195275791915086f,-0.4684506366413689f,-0.7145943573032933f,-3.3372896992672345f,0f,0f,0f,1f], start_interpolation: 0, interpolation_duration: 1 }
$data merge entity $(bone_right_thumb) { transformation: [-0.09563725595256525f,0.8629424147575301f,-0.4961692292820128f,-3.52424152124729f,0.8490845716024253f,-0.18943175510652677f,-0.4931237171582671f,1.8854443267107992f,-0.5195275791915086f,-0.4684506366413689f,-0.7145943573032933f,-3.548231051593115f,0f,0f,0f,1f], start_interpolation: 0, interpolation_duration: 1 }
$data merge entity $(bone_right_fingers2) { transformation: [-0.48410788094283363f,-0.8581161726491509f,-0.17110287504016977f,-4.298647640706089f,-0.6901667796891129f,0.4946734648389306f,-0.5281741941801082f,1.7142489295667878f,0.5378748700419073f,-0.1376037696511983f,-0.8317185982982352f,-3.4832356859338756f,0f,0f,0f,1f], start_interpolation: 0, interpolation_duration: 1 }
$data merge entity $(bone_right_fingers) { transformation: [-0.9639739869519214f,0.2036613822819751f,-0.17110287504016977f,-4.158999938527834f,0.26424131522454086f,0.8069749363707636f,-0.5281741941801082f,2.0785391767822294f,0.03050704522600653f,-0.554358632508232f,-0.8317185982982352f,-3.753071940125304f,0f,0f,0f,1f], start_interpolation: 0, interpolation_duration: 1 }
$data merge entity $(bone_right_hand) { transformation: [0.11887052041312343f,0.978056033941666f,-0.17110287504016977f,-3.466976710960667f,0.8269343011984914f,-0.19290329728533892f,-0.5281741941801082f,1.978763027045832f,-0.5495902663603821f,-0.07870649507342402f,-0.8317185982982352f,-3.8672427384460297f,0f,0f,0f,1f], start_interpolation: 0, interpolation_duration: 1 }
$data merge entity $(bone_right_forearm) { transformation: [0.17893926143472005f,1.4722962745267127f,-0.2575661482984895f,-1.347902449392486f,1.2448083225112072f,-0.29038295974979145f,-0.7950760195799804f,1.5272472587715655f,-0.8273142576683852f,-0.11847918264013146f,-1.2520102644774502f,-4.009912052024994f,0f,0f,0f,1f], start_interpolation: 0, interpolation_duration: 1 }
$data merge entity $(bone_right_bicep) { transformation: [0.13912058496440838f,0.4273354560662281f,1.513583175406054f,-0.6779912297512869f,1.1430079291617596f,1.0162606478001546f,-0.3919838359557703f,2.916172906917194f,-1.0803159235876099f,1.1302667215157332f,-0.21981538053914726f,-2.3026347738834447f,0f,0f,0f,1f], start_interpolation: 0, interpolation_duration: 1 }
$data merge entity $(bone_right_shoulder) { transformation: [0.039775332603116054f,0.2818438059945296f,0.9586354843937447f,-0.6822067529140535f,0.6011623716618932f,0.7595843136918217f,-0.24826492561610894f,2.927727733778683f,-0.7981364080244424f,0.5861704013474601f,-0.13922117213268403f,-1.9033406806931237f,0f,0f,0f,1f], start_interpolation: 0, interpolation_duration: 1 }
$data merge entity $(bone_right_arm) { transformation: [-0.3721638419790034f,-0.24856682104202704f,1.3925712735088467f,-0.5895096360759177f,0.11932372285963223f,1.4293113701434947f,0.28701393336039677f,2.9513245058188793f,-1.4095396643897284f,0.18662712626290304f,-0.34338665066729857f,-1.5424392590478408f,0f,0f,0f,1f], start_interpolation: 0, interpolation_duration: 1 }
$data merge entity $(bone_left_thumb_2) { transformation: [0.045429162042696175f,0.9933463529209521f,-0.10582634064703414f,-1.9070464260271318f,-0.6975583637082613f,-0.04428773424242938f,-0.7151579726300512f,1.288474407355489f,-0.715086372724828f,0.1063090764437149f,0.6909051018837052f,4.191670547625595f,0f,0f,0f,1f], start_interpolation: 0, interpolation_duration: 1 }
$data merge entity $(bone_left_thumb) { transformation: [0.045429162042696175f,0.9933463529209521f,-0.10582634064703414f,-1.6290290679472441f,-0.6975583637082613f,-0.04428773424242938f,-0.7151579726300512f,1.3787233169214506f,-0.715086372724828f,0.1063090764437149f,0.6909051018837052f,4.327671550633144f,0f,0f,0f,1f], start_interpolation: 0, interpolation_duration: 1 }
$data merge entity $(bone_left_fingers2) { transformation: [0.5189463842391507f,-0.8203355712482603f,0.24030023060726047f,-2.330789143306125f,0.6878318082138661f,0.23383026809140733f,-0.6871759667898346f,1.032995133648181f,0.5075254219192917f,0.5218936254344283f,0.6855982714655529f,4.47341762892883f,0f,0f,0f,1f], start_interpolation: 0, interpolation_duration: 1 }
$data merge entity $(bone_left_fingers) { transformation: [0.9384181269736811f,0.24824829936437776f,0.24030023060726047f,-2.167944365630739f,-0.016172876463356897f,0.7263109724720928f,-0.6871759667898346f,1.369477143934557f,-0.34512295929727604f,0.6409720377125177f,0.6855982714655529f,4.765448285116685f,0f,0f,0f,1f], start_interpolation: 0, interpolation_duration: 1 }
$data merge entity $(bone_left_hand) { transformation: [-0.1655151107728279f,0.956483427601313f,0.24030023060726047f,-1.4761825213611748f,-0.7249566990030886f,0.04719083848589045f,-0.6871759667898346f,1.4279599145791682f,-0.6686123934510965f,-0.28794526821436506f,0.6855982714655529f,4.624268558922051f,0f,0f,0f,1f], start_interpolation: 0, interpolation_duration: 1 }
$data merge entity $(bone_left_forearm) { transformation: [-0.24915472377040213f,1.439822401001562f,0.36173094588983534f,0.5918127850411992f,-1.0912984635797371f,0.07103774557226675f,-1.034426025441103f,1.5029218232658832f,-1.0064817370567447f,-0.43345241064674006f,1.032051074653348f,3.9666418616066808f,0f,0f,0f,1f], start_interpolation: 0, interpolation_duration: 1 }
$data merge entity $(bone_left_bicep) { transformation: [-0.053485797589100596f,-0.19383214262465853f,1.5660372051730558f,0.27285856306192163f,-1.3182285091574213f,0.8667764167391914f,0.062260734607088045f,2.650418550649919f,-0.8673621072800589f,-1.3053857291677224f,-0.19119422319828056f,1.9014127397645084f,0f,0f,0f,1f], start_interpolation: 0, interpolation_duration: 1 }
$data merge entity $(bone_left_shoulder) { transformation: [-0.054678694664936044f,-0.11501707032604411f,0.9918575068442808f,0.23142792882687324f,-0.726893632786163f,0.6856170020119642f,0.03943314807444542f,2.6347968273819427f,-0.6845698554308929f,-0.718818753293026f,-0.12109381879182078f,1.55697485084252f,0f,0f,0f,1f], start_interpolation: 0, interpolation_duration: 1 }
$data merge entity $(bone_left_arm) { transformation: [-0.3721638419790034f,-0.24856682104202704f,1.3925712735088467f,0.14675023697323442f,0.11932372285963223f,1.4293113701434947f,0.28701393336039677f,2.6575965226547904f,-1.4095396643897284f,0.18662712626290304f,-0.34338665066729857f,1.19788370758748f,0f,0f,0f,1f], start_interpolation: 0, interpolation_duration: 1 }
$data merge entity $(bone_chest) { transformation: [-0.5255213924472867f,-0.3509937483866884f,1.966408103605477f,-0.6209159589690363f,0.16849344808925815f,2.01828769147575f,0.40528376187560444f,3.527888515541574f,-1.9903686591390097f,0.2635305642283477f,-0.4848859842130223f,-0.005545985494859185f,0f,0f,0f,1f], start_interpolation: 0, interpolation_duration: 1 }
$data merge entity $(bone_left_cheek) { transformation: [-0.8711940082923542f,-0.03902392878042959f,0.7294001537399206f,0.7236127804657968f,-0.1382642437707507f,1.12355596261927f,-0.10503070567679967f,-1.6488039273440684f,-0.7172380707880627f,-0.16919096672991749f,-0.8657195954620596f,-0.0661787598642473f,0f,0f,0f,1f], start_interpolation: 0, interpolation_duration: 1 }
$data merge entity $(bone_left_foot) { transformation: [-1.104318200633804f,0.016235203152358702f,0.2519898456833523f,0.13966784889036013f,-0.004073758480661898f,1.1291835543260729f,-0.09060384942914289f,-7.22927208886102f,-0.25247944201609596f,-0.08923043885434609f,-1.1007148643227735f,2.591275337058231f,0f,0f,0f,1f], start_interpolation: 0, interpolation_duration: 1 }
$data merge entity $(bone_left_knee) { transformation: [-3.0563858891629763f,-0.010250738162825386f,0.6284612470712369f,0.13756440905229916f,-0.00919661962550426f,3.120327015027897f,0.006169412640987001f,-3.2523053740323746f,-0.6284775563937665f,0.004190683952312752f,-3.0563968524154563f,2.7133299662221972f,0f,0f,0f,1f], start_interpolation: 0, interpolation_duration: 1 }
$data merge entity $(bone_left_leg) { transformation: [-2.3338856030096022f,0.38910009659984934f,0.2810079624048707f,0.6115211094688979f,-0.0070226270237748216f,1.367202225082031f,-1.951434120457279f,-1.5541459597414766f,-0.47991149477651995f,-1.912261895923562f,-1.338030555190962f,-0.009628050651456055f,0f,0f,0f,1f], start_interpolation: 0, interpolation_duration: 1 }
$data merge entity $(bone_right_cheek) { transformation: [-0.6736696481580173f,0.08496598354651151f,0.9118532986003861f,-0.5241390681193788f,0.07171394386756726f,1.1334080400631181f,-0.0526286647466853f,-1.555449468049565f,-0.9129911099147627f,0.026333395869760676f,-0.6769639849034469f,-1.2569868165382303f,0f,0f,0f,1f], start_interpolation: 0, interpolation_duration: 1 }
$data merge entity $(bone_right_foot) { transformation: [-0.6085920499255316f,0.07442380932436657f,0.9525533926101412f,-0.9109377393968994f,-0.01832494496231177f,1.128261203674553f,-0.09985992727304521f,-7.638079688972743f,-0.9552806213671288f,-0.06905726093974435f,-0.6049389899419055f,-2.3559672517779435f,0f,0f,0f,1f], start_interpolation: 0, interpolation_duration: 1 }
$data merge entity $(bone_right_knee) { transformation: [-1.7916995060217138f,-0.9227469055198622f,2.382207872678797f,-2.192302461672339f,0.6148634406243269f,2.6683960316207105f,1.496051098055222f,-4.284016808860363f,-2.479580438236061f,1.3284442355485377f,-1.3503629451124244f,-0.6414607185227672f,0f,0f,0f,1f], start_interpolation: 0, interpolation_duration: 1 }
$data merge entity $(bone_right_leg) { transformation: [-1.3681589412025048f,1.0980707150653375f,1.6123796650813924f,-0.5236011846292461f,0.46951562529398455f,2.0968626352837023f,-1.0296157217138495f,-1.5347970189459725f,-1.8934314239646715f,-0.27348521260103037f,-1.4203906678361873f,-1.0658512304441825f,0f,0f,0f,1f], start_interpolation: 0, interpolation_duration: 1 }
$data merge entity $(bone_weist) { transformation: [-1.5294205870681847f,0.07039756377242239f,1.4216117304822349f,-0.1502071090347174f,0.026070026590499486f,2.0877518251153373f,-0.07533745296283743f,0.17163695537887258f,-1.423114922605816f,-0.03741070863088284f,-1.529185213541563f,-0.2976310563628276f,0f,0f,0f,1f], start_interpolation: 0, interpolation_duration: 1 }
data modify entity @s data merge value {"locators":{"consume":{"posx":-4.213607150453921,"posy":1.9229229897509654,"posz":-3.6504760557484315,"roty":348.3751761567715,"rotx":-31.882175290921914}},"cameras":{}}