execute if entity @s[tag=aj.attack.bone.right_thumb_2] run data modify entity @s {} merge value {transformation:[-0.9880400219339242f,-0.1296449488715683f,-0.08348114930269583f,-2.462105352468361f,-0.02144095999184542f,0.6516410478415356f,-0.7582243929092581f,-1.2855187158106016f,0.1526997062585211f,-0.7473661298186276f,-0.6466271473642964f,0.876640013314524f,0f,0f,0f,1f],start_interpolation:0}
execute if entity @s[tag=aj.attack.bone.right_thumb] run data modify entity @s {} merge value {transformation:[-0.9880400219339242f,-0.1296449488715683f,-0.08348114930269583f,-2.645076563394159f,-0.02144095999184542f,0.6516410478415356f,-0.7582243929092581f,-1.1019038332910884f,0.1526997062585211f,-0.7473661298186276f,-0.6466271473642964f,0.6849582437580071f,0f,0f,0f,1f],start_interpolation:0}
execute if entity @s[tag=aj.attack.bone.right_fingers2] run data modify entity @s {} merge value {transformation:[0.862854868190991f,-0.4903107500714059f,-0.12278780396897274f,-2.4901351596694687f,-0.4824061379051824f,-0.7263285372822703f,-0.4896235023370542f,-1.8539611100367122f,0.15088338063058374f,0.4817076128667812f,-0.8632450296153887f,0.893860405837505f,0f,0f,0f,1f],start_interpolation:0}
execute if entity @s[tag=aj.attack.bone.right_fingers] run data modify entity @s {} merge value {transformation:[-0.20815221048165095f,-0.9703585999351371f,-0.12278780396897274f,-2.9394446485451553f,-0.8377741612028131f,0.24166770735892473f,-0.4896235023370542f,-1.7048418157759015f,0.5047842232999411f,0.0009522351608159535f,-0.8632450296153887f,0.8637790444746596f,0f,0f,0f,1f],start_interpolation:0}
execute if entity @s[tag=aj.attack.locator_origin.right_hand] at @s on origin run tp @s ^-2.75542 ^-1.76693 ^0.86563 ~-8.09544 ~-29.31584
execute if entity @s[tag=aj.attack.bone.right_hand] run data modify entity @s {} merge value {transformation:[-0.984807753012208f,0.12278780396897289f,-0.12278780396897274f,-2.9180126026877296f,0.1677312594965206f,0.8556489061214927f,-0.4896235023370542f,-1.1053871904810804f,0.04494345552754766f,-0.5027803741690497f,-0.8632450296153887f,0.4868424206757753f,0f,0f,0f,1f],start_interpolation:0}
execute if entity @s[tag=aj.attack.bone.right_forearm] run data modify entity @s {} merge value {transformation:[-1.48245983416874f,0.18483606262544403f,-0.1848360626254438f,-2.608370001000596f,0.2524907570818478f,1.2880332548111117f,-0.7370445387534527f,0.7475816655494736f,0.06765469445640372f,-0.7568499616642507f,-1.2994679210600755f,-0.6018837275724269f,0f,0f,0f,1f],start_interpolation:0}
execute if entity @s[tag=aj.attack.bone.right_bicep] run data modify entity @s {} merge value {transformation:[-1.5549063958459548f,0.2741719500637984f,1.8677012988899724e-16f,-2.107345625f,0.26482976741065967f,1.5019242452096608f,0.4086476648520692f,2.9311205129111415f,0.07096092230940813f,0.4024393885966521f,-1.5250938476223008f,-0.07860189198856146f,0f,0f,0f,1f],start_interpolation:0}
execute if entity @s[tag=aj.attack.bone.right_shoulder] run data modify entity @s {} merge value {transformation:[-1f,-3.169619151431765e-17f,1.1829179713786698e-16f,-1.795433125f,0f,0.9659258262890682f,0.25881904510252074f,3.1645298480938386f,-1.2246467991473532e-16f,0.25881904510252074f,-0.9659258262890682f,-0.016060049120472493f,0f,0f,0f,1f],start_interpolation:0}
execute if entity @s[tag=aj.attack.bone.right_arm] run data modify entity @s {} merge value {transformation:[-1.4627187500000005f,-1.5612328780452612e-17f,1.7844973452847956e-16f,-1.4259925f,0f,1.4571526635493859f,0.12748433908717619f,3.218390244222904f,-1.7913138352403182e-16f,0.12748433908717619f,-1.4571526635493859f,-0.019535907983525058f,0f,0f,0f,1f],start_interpolation:0}
execute if entity @s[tag=aj.attack.bone.left_thumb_2] run data modify entity @s {} merge value {transformation:[-0.9880400219339242f,0.12964494887156847f,0.08348114930269598f,2.4957065135762124f,0.02144095999184542f,0.6516410478415356f,-0.7582243929092581f,-1.3258514164077f,-0.15269970625852133f,-0.7473661298186276f,-0.6466271473642964f,0.782274464144842f,0f,0f,0f,1f],start_interpolation:0}
execute if entity @s[tag=aj.attack.bone.left_thumb] run data modify entity @s {} merge value {transformation:[-0.9880400219339242f,0.12964494887156847f,0.08348114930269598f,2.6786777245020104f,0.02144095999184542f,0.6516410478415356f,-0.7582243929092581f,-1.1422365338881868f,-0.15269970625852133f,-0.7473661298186276f,-0.6466271473642964f,0.5905926945883251f,0f,0f,0f,1f],start_interpolation:0}
execute if entity @s[tag=aj.attack.bone.left_fingers2] run data modify entity @s {} merge value {transformation:[0.862854868190991f,0.4903107500714058f,0.12278780396897294f,2.5237363207773207f,0.4824061379051824f,-0.7263285372822703f,-0.4896235023370542f,-1.8942938106338105f,-0.1508833806305835f,0.48170761286678127f,-0.8632450296153887f,0.799494856667823f,0f,0f,0f,1f],start_interpolation:0}
execute if entity @s[tag=aj.attack.bone.left_fingers] run data modify entity @s {} merge value {transformation:[-0.20815221048165083f,0.9703585999351371f,0.12278780396897294f,2.9730458096530072f,0.8377741612028131f,0.24166770735892473f,-0.4896235023370542f,-1.745174516373f,-0.5047842232999411f,0.0009522351608161894f,-0.8632450296153887f,0.7694134953049777f,0f,0f,0f,1f],start_interpolation:0}
execute if entity @s[tag=aj.attack.bone.left_hand] run data modify entity @s {} merge value {transformation:[-0.984807753012208f,-0.12278780396897276f,0.12278780396897294f,2.9516137637955815f,-0.1677312594965206f,0.8556489061214927f,-0.4896235023370542f,-1.1457198910781787f,-0.044943455527547894f,-0.5027803741690497f,-0.8632450296153887f,0.39247687150609345f,0f,0f,0f,1f],start_interpolation:0}
execute if entity @s[tag=aj.attack.bone.left_forearm] run data modify entity @s {} merge value {transformation:[-1.48245983416874f,-0.18483606262544383f,0.1848360626254441f,2.6419711621084474f,-0.2524907570818478f,1.2880332548111117f,-0.7370445387534527f,0.7072489649523748f,-0.06765469445640408f,-0.7568499616642507f,-1.2994679210600755f,-0.6962492767421086f,0f,0f,0f,1f],start_interpolation:0}
execute if entity @s[tag=aj.attack.bone.left_bicep] run data modify entity @s {} merge value {transformation:[-1.5549063958459552f,-0.2741719500637986f,1.867701298889973e-16f,2.044845625f,-0.2648297674106598f,1.5019242452096613f,0.4086476648520693f,2.931120512911141f,-0.07096092230940852f,0.40243938859665224f,-1.5250938476223013f,-0.07860189198856098f,0f,0f,0f,1f],start_interpolation:0}
execute if entity @s[tag=aj.attack.bone.left_shoulder] run data modify entity @s {} merge value {transformation:[-1f,-3.169619151431765e-17f,1.1829179713786698e-16f,1.795433125f,0f,0.9659258262890682f,0.25881904510252074f,3.164529848093838f,-1.2246467991473532e-16f,0.25881904510252074f,-0.9659258262890682f,-0.016060049120472066f,0f,0f,0f,1f],start_interpolation:0}
execute if entity @s[tag=aj.attack.bone.left_arm] run data modify entity @s {} merge value {transformation:[-1.4627187500000005f,-1.5612328780452612e-17f,1.7844973452847956e-16f,1.4259925f,0f,1.4571526635493859f,0.12748433908717619f,3.1561280755921697f,-1.7913138352403182e-16f,0.12748433908717619f,-1.4571526635493859f,-0.02498314190525336f,0f,0f,0f,1f],start_interpolation:0}
execute if entity @s[tag=aj.attack.bone.chest] run data modify entity @s {} merge value {transformation:[-2.0654612500000002f,-2.2045700937575746e-17f,2.5198351476752556e-16f,-3.883538697116129e-17f,0f,2.0576015463639497f,0.18001680936025652f,3.8816050000000004f,-2.5294605085753915e-16f,0.18001680936025652f,-2.0576015463639497f,0.317115f,0f,0f,0f,1f],start_interpolation:0}
execute if entity @s[tag=aj.attack.bone.weist] run data modify entity @s {} merge value {transformation:[-2.0892733333333333f,2.2299859212327835e-17f,2.548885571411215e-16f,5.513359889761386e-18f,0f,2.081323017531135f,-0.1820921691695423f,0.25447500000000023f,-2.5586219002105877e-16f,-0.1820921691695423f,-2.081323017531135f,-0.045020000000000004f,0f,0f,0f,1f],start_interpolation:0}