execute if entity @s[tag=aj.attack.bone.right_thumb_2] run data modify entity @s {} merge value {transformation:[-0.9880400219339242f,-0.1296449488715683f,-0.08348114930269583f,-2.462105352468361f,-0.02144095999184542f,0.6516410478415356f,-0.7582243929092581f,-1.3440856793609781f,0.1526997062585211f,-0.7473661298186276f,-0.6466271473642964f,0.8130112954139431f,0f,0f,0f,1f],start_interpolation:0}
execute if entity @s[tag=aj.attack.bone.right_thumb] run data modify entity @s {} merge value {transformation:[-0.9880400219339242f,-0.1296449488715683f,-0.08348114930269583f,-2.645076563394159f,-0.02144095999184542f,0.6516410478415356f,-0.7582243929092581f,-1.1604707968414651f,0.1526997062585211f,-0.7473661298186276f,-0.6466271473642964f,0.6213295258574263f,0f,0f,0f,1f],start_interpolation:0}
execute if entity @s[tag=aj.attack.bone.right_fingers2] run data modify entity @s {} merge value {transformation:[0.862854868190991f,-0.4903107500714059f,-0.12278780396897274f,-2.4901351596694683f,-0.4824061379051824f,-0.7263285372822703f,-0.4896235023370542f,-1.9125280735870887f,0.15088338063058374f,0.4817076128667812f,-0.8632450296153887f,0.830231687936924f,0f,0f,0f,1f],start_interpolation:0}
execute if entity @s[tag=aj.attack.bone.right_fingers] run data modify entity @s {} merge value {transformation:[-0.20815221048165095f,-0.9703585999351371f,-0.12278780396897274f,-2.9394446485451553f,-0.8377741612028131f,0.24166770735892473f,-0.4896235023370542f,-1.763408779326278f,0.5047842232999411f,0.0009522351608159535f,-0.8632450296153887f,0.8001503265740786f,0f,0f,0f,1f],start_interpolation:0}
execute if entity @s[tag=aj.attack.locator_origin.consume] at @s on origin run tp @s ^-2.75542 ^-1.8255 ^0.802 ~-8.09544 ~-29.31584
execute if entity @s[tag=aj.attack.bone.right_hand] run data modify entity @s {} merge value {transformation:[-0.984807753012208f,0.12278780396897289f,-0.12278780396897274f,-2.9180126026877296f,0.1677312594965206f,0.8556489061214927f,-0.4896235023370542f,-1.163954154031457f,0.04494345552754766f,-0.5027803741690497f,-0.8632450296153887f,0.42321370277519454f,0f,0f,0f,1f],start_interpolation:0}
execute if entity @s[tag=aj.attack.bone.right_forearm] run data modify entity @s {} merge value {transformation:[-1.4824598341687394f,0.18483606262544394f,-0.18483606262544372f,-2.608370001000596f,0.2524907570818477f,1.2880332548111113f,-0.7370445387534524f,0.6890147019990969f,0.0676546944564037f,-0.7568499616642503f,-1.2994679210600748f,-0.6655124454730077f,0f,0f,0f,1f],start_interpolation:0}
execute if entity @s[tag=aj.attack.bone.right_bicep] run data modify entity @s {} merge value {transformation:[-1.554906395845955f,0.27417195006379846f,1.8677012988899726e-16f,-2.107345625f,0.2648297674106597f,1.501924245209661f,0.40864766485206927f,2.872553549360765f,0.07096092230940815f,0.4024393885966522f,-1.525093847622301f,-0.14223060988914232f,0f,0f,0f,1f],start_interpolation:0}
execute if entity @s[tag=aj.attack.bone.right_shoulder] run data modify entity @s {} merge value {transformation:[-1f,-3.169619151431765e-17f,1.1829179713786698e-16f,-1.795433125f,0f,0.9659258262890682f,0.25881904510252074f,3.089786694224555f,-1.2246467991473532e-16f,0.25881904510252074f,-0.9659258262890682f,-0.01931840287798646f,0f,0f,0f,1f],start_interpolation:0}
execute if entity @s[tag=aj.attack.bone.right_arm] run data modify entity @s {} merge value {transformation:[-1.46271875f,-1.5612328780452606e-17f,1.7844973452847951e-16f,-1.4259925f,0f,1.4571526635493854f,0.12748433908717616f,3.1436470903536193f,-1.7913138352403177e-16f,0.12748433908717616f,-1.4571526635493854f,-0.0227942617410391f,0f,0f,0f,1f],start_interpolation:0}
execute if entity @s[tag=aj.attack.bone.left_thumb_2] run data modify entity @s {} merge value {transformation:[-0.9880400219339242f,0.12964494887156847f,0.08348114930269598f,2.4957065135762124f,0.02144095999184542f,0.6516410478415356f,-0.7582243929092581f,-1.400594570276984f,-0.15269970625852133f,-0.7473661298186276f,-0.6466271473642964f,0.7790161103873283f,0f,0f,0f,1f],start_interpolation:0}
execute if entity @s[tag=aj.attack.bone.left_thumb] run data modify entity @s {} merge value {transformation:[-0.9880400219339242f,0.12964494887156847f,0.08348114930269598f,2.6786777245020104f,0.02144095999184542f,0.6516410478415356f,-0.7582243929092581f,-1.2169796877574712f,-0.15269970625852133f,-0.7473661298186276f,-0.6466271473642964f,0.5873343408308116f,0f,0f,0f,1f],start_interpolation:0}
execute if entity @s[tag=aj.attack.bone.left_fingers2] run data modify entity @s {} merge value {transformation:[0.862854868190991f,0.4903107500714058f,0.12278780396897294f,2.5237363207773202f,0.4824061379051824f,-0.7263285372822703f,-0.4896235023370542f,-1.9690369645030945f,-0.1508833806305835f,0.48170761286678127f,-0.8632450296153887f,0.7962365029103092f,0f,0f,0f,1f],start_interpolation:0}
execute if entity @s[tag=aj.attack.bone.left_fingers] run data modify entity @s {} merge value {transformation:[-0.20815221048165083f,0.9703585999351371f,0.12278780396897294f,2.9730458096530072f,0.8377741612028131f,0.24166770735892473f,-0.4896235023370542f,-1.819917670242284f,-0.5047842232999411f,0.0009522351608161894f,-0.8632450296153887f,0.7661551415474639f,0f,0f,0f,1f],start_interpolation:0}
execute if entity @s[tag=aj.attack.bone.left_hand] run data modify entity @s {} merge value {transformation:[-0.984807753012208f,-0.12278780396897276f,0.12278780396897294f,2.9516137637955815f,-0.1677312594965206f,0.8556489061214927f,-0.4896235023370542f,-1.220463044947463f,-0.044943455527547894f,-0.5027803741690497f,-0.8632450296153887f,0.38921851774857974f,0f,0f,0f,1f],start_interpolation:0}
execute if entity @s[tag=aj.attack.bone.left_forearm] run data modify entity @s {} merge value {transformation:[-1.48245983416874f,-0.18483606262544383f,0.1848360626254441f,2.6419711621084474f,-0.2524907570818478f,1.2880332548111117f,-0.7370445387534527f,0.632505811083091f,-0.06765469445640408f,-0.7568499616642507f,-1.2994679210600755f,-0.6995076304996225f,0f,0f,0f,1f],start_interpolation:0}
execute if entity @s[tag=aj.attack.bone.left_bicep] run data modify entity @s {} merge value {transformation:[-1.554906395845955f,-0.2741719500637986f,1.8677012988899726e-16f,2.044845625f,-0.2648297674106597f,1.501924245209661f,0.40864766485206927f,2.856377359041857f,-0.07096092230940852f,0.4024393885966522f,-1.525093847622301f,-0.08186024574607499f,0f,0f,0f,1f],start_interpolation:0}
execute if entity @s[tag=aj.attack.bone.left_shoulder] run data modify entity @s {} merge value {transformation:[-1f,-3.169619151431765e-17f,1.1829179713786698e-16f,1.795433125f,0f,0.9659258262890682f,0.25881904510252074f,3.0897866942245544f,-1.2246467991473532e-16f,0.25881904510252074f,-0.9659258262890682f,-0.019318402877985974f,0f,0f,0f,1f],start_interpolation:0}
execute if entity @s[tag=aj.attack.bone.left_arm] run data modify entity @s {} merge value {transformation:[-1.46271875f,-1.5612328780452606e-17f,1.7844973452847951e-16f,1.4259925f,0f,1.4571526635493854f,0.12748433908717616f,3.081384921722885f,-1.7913138352403177e-16f,0.12748433908717616f,-1.4571526635493854f,-0.028241495662767346f,0f,0f,0f,1f],start_interpolation:0}
execute if entity @s[tag=aj.attack.bone.chest] run data modify entity @s {} merge value {transformation:[-2.06546125f,-2.204570093757574e-17f,2.5198351476752546e-16f,-3.883538697116129e-17f,0f,2.057601546363949f,0.1800168093602565f,3.844105f,-2.529460508575391e-16f,0.1800168093602565f,-2.057601546363949f,0.317115f,0f,0f,0f,1f],start_interpolation:0}
execute if entity @s[tag=aj.attack.bone.weist] run data modify entity @s {} merge value {transformation:[-2.0892733333333333f,2.2299859212327835e-17f,2.548885571411215e-16f,5.513359889761386e-18f,0f,2.081323017531135f,-0.1820921691695423f,0.21697500000000036f,-2.5586219002105877e-16f,-0.1820921691695423f,-2.081323017531135f,-0.045020000000000004f,0f,0f,0f,1f],start_interpolation:0}