# This file was generated by Animated Java via MC-Build. It is not recommended to edit this file directly.
$data merge entity $(bone_neck) { transformation: [-1f,1.223481206754078e-16f,5.34183431177275e-18f,3.706296586414534e-17f,0f,0.04361938736533622f,-0.9990482215818578f,1.230494375f,-1.2246467991473532e-16f,-0.9990482215818578f,-0.04361938736533622f,-0.30264208333333353f,0f,0f,0f,1f], start_interpolation: 0, interpolation_duration: 1 }
$data merge entity $(bone_left_fingers_2) { transformation: [-0.9884616022459388f,0.14014629483409097f,-0.057468921424257476f,2.263049479283293f,0.13922505044890998f,0.691162214657928f,-0.7091623074844337f,5.787748592854707f,-0.0596661228243455f,-0.7089808241930272f,-0.7026991850811312f,1.6489804363875484f,0f,0f,0f,1f], start_interpolation: 0, interpolation_duration: 1 }
$data merge entity $(bone_left_fingers) { transformation: [-0.9884616022459388f,0.08732015725207498f,-0.1237693460549272f,2.2058149372628804f,0.13922505044890998f,0.20188766944586986f,-0.9694626110651268f,5.228279532647536f,-0.0596661228243455f,-0.9755083592994926f,-0.21171536251278983f,1.5221419447208846f,0f,0f,0f,1f], start_interpolation: 0, interpolation_duration: 1 }
$data merge entity $(bone_left_index_finger_2) { transformation: [-0.9282224713971461f,-0.21645893194022628f,0.30256994955988437f,1.537597244722311f,-0.37199071969380526f,0.5511613197416562f,-0.7468896197446584f,5.686332827592556f,-0.005093923346421732f,-0.8058329419947613f,-0.59212103622571f,1.5529094043494742f,0f,0f,0f,1f], start_interpolation: 0, interpolation_duration: 1 }
$data merge entity $(bone_left_index_finger) { transformation: [-0.9282224713971461f,-0.019988896172136346f,0.3714882065734981f,1.751578401203841f,-0.37199071969380526f,0.06354124216594048f,-0.9260590774921942f,5.152992270064138f,-0.005093923346421732f,-0.9977790108906024f,-0.06641609271187146f,1.5088608293014742f,0f,0f,0f,1f], start_interpolation: 0, interpolation_duration: 1 }
$data merge entity $(bone_left_thumb) { transformation: [-0.2277316547039086f,0.7504953910610779f,0.6203990340433323f,1.7814810396725067f,-0.16710778312458602f,0.5975649058812657f,-0.784213728570407f,4.444008751993644f,-0.9592774792858457f,-0.2822637972804766f,-0.010670823763890058f,1.909295236384073f,0f,0f,0f,1f], start_interpolation: 0, interpolation_duration: 1 }
$data merge entity $(bone_left_hand) { transformation: [-0.9861308788255938f,0.05912696439095139f,0.15508027569156962f,2.194590671028082f,-0.1634458889191818f,-0.1836435988973905f,-0.9693092746793628f,4.537244637363419f,-0.02883281502178628f,-0.9812130404075995f,0.19076068282535052f,1.7697906135999038f,0f,0f,0f,1f], start_interpolation: 0, interpolation_duration: 1 }
$data merge entity $(bone_left_forearm) { transformation: [-1.9735724899442935f,0.1597895015855765f,0.2911998891977984f,2.548952531526579f,-0.3271090246657187f,-0.630170443958135f,-1.87115026945848f,2.337378853873859f,-0.057703953660205684f,-1.8927944843789393f,0.6475474708369582f,1.5700822456878216f,0f,0f,0f,1f], start_interpolation: 0, interpolation_duration: 1 }
$data merge entity $(bone_left_bicep) { transformation: [-2.4567261703739565f,0.18967436225149134f,0.15624744091749432f,1.975306683637614f,-0.2449977914327674f,-1.7682878577380876f,-1.705587065223635f,-0.41887372441199267f,-0.01912351123204164f,-1.712622197441571f,1.7783285981048675f,-1.2381682457624377f,0f,0f,0f,1f], start_interpolation: 0, interpolation_duration: 1 }
$data merge entity $(bone_left_shoulder) { transformation: [-1.2266551501558065f,0.09470531804238251f,0.07801509602958119f,1.353547191563576f,-0.12232857135724519f,-0.8829146014764159f,-0.8516077952950022f,1.2547562547949846f,-0.009548460803132805f,-0.8551204705256507f,0.8879279912594592f,0.09858571467456118f,0f,0f,0f,1f], start_interpolation: 0, interpolation_duration: 1 }
$data merge entity $(bone_right_fingers_2) { transformation: [-0.9181629854683367f,-0.17723875909215642f,0.3543489161706913f,-3.5210342684238176f,-0.3819039083006762f,0.6340154871780038f,-0.6724386714363675f,2.854536442934017f,-0.10548050502599841f,-0.7527355340980728f,-0.6498177273401745f,1.2649147267646828f,0f,0f,0f,1f], start_interpolation: 0, interpolation_duration: 1 }
$data merge entity $(bone_right_fingers) { transformation: [-0.9181629854683367f,0.04090988059181841f,0.39408516057552107f,-3.3063009949115463f,-0.3819039083006762f,0.17342220359879892f,-0.9077852962697761f,2.327108475015336f,-0.10548050502599841f,-0.9839975208144072f,-0.14360620491664153f,1.175008623358653f,0f,0f,0f,1f], start_interpolation: 0, interpolation_duration: 1 }
$data merge entity $(bone_right_index_finger_2) { transformation: [-0.9891719489566302f,0.13375062739714066f,-0.060412126830740036f,-2.7788844612180155f,0.12953914841194775f,0.6022144323450398f,-0.7877546486718116f,2.93626401026945f,-0.06898162382873821f,-0.7870505365897497f,-0.6130195661051429f,1.275173718309346f,0f,0f,0f,1f], start_interpolation: 0, interpolation_duration: 1 }
$data merge entity $(bone_right_index_finger) { transformation: [-0.9891719489566302f,0.08034472293329976f,-0.12281523070903491f,-2.8492008212520865f,0.12953914841194775f,0.08464223658011519f,-0.9879551107289356f,2.3673734708755356f,-0.06898162382873821f,-0.9931668627594696f,-0.09413351311017425f,1.215177665961579f,0f,0f,0f,1f], start_interpolation: 0, interpolation_duration: 1 }
$data merge entity $(bone_right_thumb) { transformation: [-0.35663345677344f,-0.8022120082497601f,-0.4788198735743054f,-2.728365431830393f,-0.07810017703389696f,0.5363271286505928f,-0.8403889417529745f,1.609196423991067f,0.9309741886094915f,-0.2623148964380348f,-0.2539250977150586f,1.4583514772302835f,0f,0f,0f,1f], start_interpolation: 0, interpolation_duration: 1 }
$data merge entity $(bone_right_hand) { transformation: [-0.9923483203377818f,0.08776360895072785f,0.08684676198182192f,-3.138443574251945f,-0.08740707263135086f,-0.002554301151251912f,-0.9961694028626088f,1.625038150159659f,-0.08720558913740137f,-0.9961380549349435f,0.010205916599027417f,1.3088060386918017f,0f,0f,0f,1f], start_interpolation: 0, interpolation_duration: 1 }
$data merge entity $(bone_right_forearm) { transformation: [-1.9806176652885512f,0.26761915280289045f,0.10421336395373801f,-2.894651234218329f,-0.11109039741038389f,-0.0442221817551052f,-1.997756265030993f,-0.4342540551611296f,-0.2648383653791384f,-1.9828643826344865f,0.05861955756762688f,0.46931022544874645f,0f,0f,0f,1f], start_interpolation: 0, interpolation_duration: 1 }
$data merge entity $(bone_right_bicep) { transformation: [-2.4358307558319257f,0.3839716003811799f,0.1232373390375104f,-1.4448787785176729f,0.11095668678079229f,1.363546966228353f,-2.0553153984819814f,1.797481657564782f,-0.38769865268138326f,-2.022176694475345f,-1.3624919352858091f,-2.4853148603363016f,0f,0f,0f,1f], start_interpolation: 0, interpolation_duration: 1 }
$data merge entity $(bone_right_shoulder) { transformation: [-1.216221969538562f,0.19171886016480502f,0.06153299396767882f,-1.3582314786299248f,0.05540120544373324f,0.6808255347191321f,-1.026228828082493f,0.7708526065460107f,-0.19357979523932684f,-1.0096825143624573f,-0.6802987527135298f,-0.5071696783400512f,0f,0f,0f,1f], start_interpolation: 0, interpolation_duration: 1 }
$data merge entity $(bone_chest) { transformation: [-4.048379192346766f,0.3937767644221211f,8.649819436996717e-17f,2.2545341454962424e-17f,0.06837861754948145f,0.7029936692557358f,-4.005690763260861f,1.2660050577413313f,-0.3877944105589667f,-3.986875215756396f,-0.7063113579375749f,-0.18409668380025468f,0f,0f,0f,1f], start_interpolation: 0, interpolation_duration: 1 }
$data merge entity $(bone_weist) { transformation: [-1.099738139250157f,0.024000520112948336f,-0.00001062590205354691f,9.799947229363268e-17f,-0.002074088979905402f,-0.09552289121616143f,-1.095842632593115f,-1.1775634325259094f,-0.023910734691875674f,-1.0955817414907993f,0.0955454053237589f,-0.8002264192570767f,0f,0f,0f,1f], start_interpolation: 0, interpolation_duration: 1 }
$data merge entity $(bone_right_fingers2) { transformation: [-0.9999750639187334f,0.0043456997601891475f,-0.005566545995447259f,0.7175442818081295f,0.006944246344226381f,0.4617603955035862f,-0.8869775163932186f,-5.9030548341942195f,-0.001284127499836546f,-0.8869940541164671f,-0.461779058618511f,2.2713146968432136f,0f,0f,0f,1f], start_interpolation: 0, interpolation_duration: 1 }
$data merge entity $(bone_left_foot) { transformation: [-0.9999750639187334f,0.0040987542908833f,-0.005750804638318335f,0.7275210208024349f,0.006944246344226381f,0.4226314860528936f,-0.9062750158971798f,-5.3092314801538825f,-0.001284127499836546f,-0.9062923519538195f,-0.42264941003931183f,1.4718733966211683f,0f,0f,0f,1f], start_interpolation: 0, interpolation_duration: 1 }
$data merge entity $(bone_left_knee) { transformation: [-1.5849746426245979f,-0.0013682930426424996f,-0.011109389956493984f,0.7580572139136008f,0.011006728832422024f,-0.4765724063544744f,-1.5116307425942166f,-3.2321284379610455f,-0.002035360279047173f,-1.511670194787766f,0.47657002427017936f,1.4283485512682539f,0f,0f,0f,1f], start_interpolation: 0, interpolation_duration: 1 }
$data merge entity $(bone_left_thigh) { transformation: [-1.6036133445034897f,0.01101449406307957f,-0.002633583485899947f,0.73854f,0.01113616379740645f,1.4658379267157422f,-0.6503069828693848f,-1.9807099022531414f,-0.002059295345537876f,-0.650309055014106f,-1.4658778618222088f,-0.23425051137659764f,0f,0f,0f,1f], start_interpolation: 0, interpolation_duration: 1 }
$data merge entity $(bone_left_leg) { transformation: [-1f,1.2199866483456202e-16f,-1.0673500138322946e-17f,0.525745f,0f,-0.08715574274765796f,-0.9961946980917455f,-2.301429791666667f,-1.2246467991473532e-16f,-0.9961946980917455f,0.08715574274765796f,-0.49993958333333444f,0f,0f,0f,1f], start_interpolation: 0, interpolation_duration: 1 }
$data merge entity $(bone_left_fingers2) { transformation: [-0.999999971620837f,-0.00003246818365829485f,0.00023601725011047233f,-0.7478129486789743f,-0.0002342687852104347f,-0.04611741837608761f,-0.998935998370497f,-2.2487989614618358f,0.00004331814372529376f,-0.9989360253130037f,0.046117409461031975f,2.206479156143707f,0f,0f,0f,1f], start_interpolation: 0, interpolation_duration: 1 }
$data merge entity $(bone_right_foot) { transformation: [-0.999999971620837f,-0.00006299684680132506f,0.00022976014143638666f,-0.7527466847230083f,-0.0002342687852104347f,0.08466443467003842f,-0.9964094934413961f,-1.9665848906519943f,0.00004331814372529376f,-0.9964095189897576f,-0.08466444702552733f,1.25140691798003f,0f,0f,0f,1f], start_interpolation: 0, interpolation_duration: 1 }
$data merge entity $(bone_right_knee) { transformation: [-1.585014121685291f,0.00015874659876014623f,0.0003426247949163969f,-0.7692895673336868f,-0.00037131934336632946f,-0.9167155941908275f,-1.2930206069600483f,-0.017111098995161278f,0.00006865987147829339f,-1.2930206505314998f,0.916715605364579f,0.5460146364441971f,0f,0f,0f,1f], start_interpolation: 0, interpolation_duration: 1 }
$data merge entity $(bone_right_thigh) { transformation: [-1.6036532878229939f,0.0001716214203177279f,0.00034133810373548115f,-0.73854f,-0.0003756859182986643f,-0.9688741388864023f,-1.2778837096419746f,-1.9144208039604789f,0.00006946728557887975f,-1.277883753341567f,0.9688741515961068f,-0.3032594909000055f,0f,0f,0f,1f], start_interpolation: 0, interpolation_duration: 1 }
$data merge entity $(bone_right_leg) { transformation: [-1f,1.2199866483456202e-16f,-1.0673500138322946e-17f,-0.525745f,0f,-0.08715574274765796f,-0.9961946980917455f,-2.249346458333333f,-1.2246467991473532e-16f,-0.9961946980917455f,0.08715574274765796f,-0.5520229166666678f,0f,0f,0f,1f], start_interpolation: 0, interpolation_duration: 1 }