# This file was generated by Animated Java via MC-Build. It is not recommended to edit this file directly.
$data merge entity $(bone_neck) { transformation: [-0.9951847266721969f,0.09801714032956073f,2.719262146893782e-32f,4.407917148426039e-17f,2.1764177200358637e-17f,2.2097539946135323e-16f,-1f,1.230494375f,-0.09801714032956073f,-0.9951847266721969f,-2.220446049250313e-16f,-0.3599337500000002f,0f,0f,0f,1f], start_interpolation: 0, interpolation_duration: 1 }
$data merge entity $(bone_left_fingers_2) { transformation: [-0.9664288783796026f,0.25615244082168953f,-0.02002873173803718f,2.5852935387423104f,0.1851640308902887f,0.6403107865518525f,-0.7454638678633647f,3.475343200242311f,-0.17812777632475973f,-0.724146410393947f,-0.666245053726598f,2.2289454119613925f,0f,0f,0f,1f], start_interpolation: 0, interpolation_duration: 1 }
$data merge entity $(bone_left_fingers) { transformation: [-0.9664288783796026f,0.2052753476945734f,-0.15452266714891838f,2.5107145321480853f,0.1851640308902887f,0.13949519579985853f,-0.9727565841531061f,2.912983188843061f,-0.17812777632475973f,-0.9687120944726719f,-0.17282179643773313f,2.12619029310053f,0f,0f,0f,1f], start_interpolation: 0, interpolation_duration: 1 }
$data merge entity $(bone_left_index_finger_2) { transformation: [-0.9416313479065755f,-0.09501306881329707f,0.3229596281183237f,1.8702127141476823f,-0.3243435441660224f,0.5130244635268858f,-0.7947371673583501f,3.4051800145618842f,-0.09017577278554187f,-0.8530993005375346f,-0.5138967925808643f,2.0570958063687934f,0f,0f,0f,1f], start_interpolation: 0, interpolation_duration: 1 }
$data merge entity $(bone_left_index_finger) { transformation: [-0.9416313479065755f,0.09339287222224536f,0.3234318723591192f,2.057153796655711f,-0.3243435441660224f,0.005668475271014578f,-0.9459223719449313f,2.86005704814478f,-0.09017577278554187f,-0.9956131978867f,0.024953761166387006f,2.065718204700982f,0f,0f,0f,1f], start_interpolation: 0, interpolation_duration: 1 }
$data merge entity $(bone_left_thumb) { transformation: [-0.13006291744289775f,0.8096288379004166f,0.5723502269993987f,2.0026352073791123f,-0.21154180559902425f,0.541303036345538f,-0.8137819654717139f,2.175250754105937f,-0.968676262737013f,-0.2269188570461308f,0.10086689410669414f,2.5038592483463686f,0f,0f,0f,1f], start_interpolation: 0, interpolation_duration: 1 }
$data merge entity $(bone_left_hand) { transformation: [-0.9846637405533217f,0.15606738518927413f,0.07797620995998467f,2.433188739701177f,-0.1149007125064441f,-0.24378999382895195f,-0.9629975416242716f,2.239159397210879f,-0.13128268852004954f,-0.9571882835623627f,0.2579834209903523f,2.407146380748226f,0f,0f,0f,1f], start_interpolation: 0, interpolation_duration: 1 }
$data merge entity $(bone_left_forearm) { transformation: [-1.9706362633284624f,0.2762543479989229f,0.21352912264424423f,2.7612060012734854f,-0.22995414720992802f,-0.10586817495719293f,-1.9852534984386458f,0.16190542461121038f,-0.26273987361359036f,-1.9793417840518646f,0.13598637457698254f,1.6440698215566192f,0f,0f,0f,1f], start_interpolation: 0, interpolation_duration: 1 }
$data merge entity $(bone_left_bicep) { transformation: [-2.4599584057253594f,-0.16533476136690387f,0.13100443303170847f,1.6304156302187616f,-0.15921689737496414f,0.44943684660293537f,-2.42250894801133f,0.9640074777841271f,0.13837530263923745f,-2.422099097949632f,-0.45845538280201376f,-2.082887931070045f,0f,0f,0f,1f], start_interpolation: 0, interpolation_duration: 1 }
$data merge entity $(bone_left_shoulder) { transformation: [-1.2282690207564972f,-0.08255243867883853f,0.06541114122097122f,1.3230015721639985f,-0.07949775986922449f,0.2244059713302756f,-1.2095703270520768f,0.7681095090617833f,0.06909145173918663f,-1.20936568695216f,-0.22890896967371008f,0.11748792473034075f,0f,0f,0f,1f], start_interpolation: 0, interpolation_duration: 1 }
$data merge entity $(bone_right_fingers_2) { transformation: [-0.7671448573015688f,-0.4416320003190278f,0.46524181262002895f,-3.658939463343301f,0.11564799034742597f,-0.8086038811482582f,-0.5768754681216526f,4.010305923603953f,0.6309630022785468f,-0.3887427680178608f,0.6713901623269842f,-1.6241691048409779f,0f,0f,0f,1f], start_interpolation: 0, interpolation_duration: 1 }
$data merge entity $(bone_right_fingers) { transformation: [-0.7671448573015688f,-0.1224944075589937f,0.6296696658030518f,-3.307301495032436f,0.11564799034742597f,-0.9919245594981948f,-0.05206928646442499f,3.976149555782469f,0.6309630022785468f,0.032875346098312275f,0.77511605671316f,-1.168583954396813f,0f,0f,0f,1f], start_interpolation: 0, interpolation_duration: 1 }
$data merge entity $(bone_right_index_finger_2) { transformation: [-0.9067647613069723f,-0.4213024233107711f,0.01679094292710892f,-3.0397471585191402f,0.3699551650139833f,-0.814091516152982f,-0.4476473826654361f,3.8214860333914635f,0.20226429129084067f,-0.3996989760309762f,0.8940525068632172f,-1.9095861756467831f,0f,0f,0f,1f], start_interpolation: 0, interpolation_duration: 1 }
$data merge entity $(bone_right_index_finger) { transformation: [-0.9067647613069723f,-0.34630109286203414f,0.24052696467230114f,-2.9031293426351645f,0.3699551650139833f,-0.9271185842158873f,0.05986907950691306f,3.850627091986838f,0.20226429129084067f,0.1432713644944077f,0.9687943396740737f,-1.350420070017437f,0f,0f,0f,1f], start_interpolation: 0, interpolation_duration: 1 }
$data merge entity $(bone_right_thumb) { transformation: [0.15200718610800246f,-0.7457872166943877f,-0.648610239501941f,-2.5785060891584437f,0.8887151941122952f,0.3903088366695305f,-0.24050845259911974f,3.6357944053018514f,0.4325264374873199f,-0.5398707617874076f,0.7221221790262446f,-0.67015880414785f,0f,0f,0f,1f], start_interpolation: 0, interpolation_duration: 1 }
$data merge entity $(bone_right_hand) { transformation: [-0.8774447439326355f,-0.3988415443354125f,0.26648854357576973f,-2.9675573959224653f,0.2725074338509364f,-0.8716753265476188f,-0.40733502621807516f,3.7546965739542335f,0.3947536191613313f,-0.28479386861420586f,0.8735342194549593f,-0.5566091779373425f,0f,0f,0f,1f], start_interpolation: 0, interpolation_duration: 1 }
$data merge entity $(bone_right_forearm) { transformation: [-1.9689985230510054f,-0.3581071860436608f,0.011438170894500133f,-3.103067347339713f,0.3061347902409897f,-1.7147159972879815f,-0.9855746095934852f,1.9662695351130346f,0.18615337400548554f,-0.9679024042614712f,1.7417917870393693f,0.7805662377113443f,0f,0f,0f,1f], start_interpolation: 0, interpolation_duration: 1 }
$data merge entity $(bone_right_bicep) { transformation: [-2.2694723167437663f,0.5813204798384815f,-0.7793939991705757f,-1.3450299260629854f,0.3998148369758266f,-1.2461081643173872f,-2.0936226120398604f,0.0002281339722054465f,-0.8863050278300009f,-2.0506521024374105f,1.0512765835408644f,-2.195383946130067f,0f,0f,0f,1f], start_interpolation: 0, interpolation_duration: 1 }
$data merge entity $(bone_right_shoulder) { transformation: [-1.1331584036677635f,0.2902561014263852f,-0.38915515885011714f,-1.376859344988993f,0.1996294641215342f,-0.6221877781268761f,-1.0453558033903425f,1.222975864301292f,-0.44253634780597734f,-1.0239004220196783f,0.5249074361601764f,-0.33033483146996867f,0f,0f,0f,1f], start_interpolation: 0, interpolation_duration: 1 }
$data merge entity $(bone_chest) { transformation: [-3.9740473148382764f,0.8668230296039034f,8.649819436996717e-17f,2.2545341454962424e-17f,0.15052223945044552f,0.6900860741838252f,-4.005690763260861f,1.2660050577413313f,-0.8536540400434548f,-3.9136726064900818f,-0.7063113579375749f,-0.18409668380025468f,0f,0f,0f,1f], start_interpolation: 0, interpolation_duration: 1 }
$data merge entity $(bone_weist) { transformation: [-1.0999999999999999f,1.3458293274294852e-16f,-5.876017742949966e-18f,1.0165452625384105e-16f,0f,-0.047981326101869406f,-1.0989530437400434f,-1.3468272650748827f,-1.3471114790620883e-16f,-1.0989530437400434f,0.047981326101869406f,-0.8300721997935804f,0f,0f,0f,1f], start_interpolation: 0, interpolation_duration: 1 }
$data merge entity $(bone_right_fingers2) { transformation: [-0.9999967710412939f,0.002094096279391622f,-0.0014396762686864387f,0.7452557970767917f,0.0024988630520959335f,0.7072700769118427f,-0.7069390313093223f,-2.8182805045358097f,-0.0004621584499395567f,-0.7069403461862175f,-0.7072730260257905f,1.4230875304915096f,0f,0f,0f,1f], start_interpolation: 0, interpolation_duration: 1 }
$data merge entity $(bone_left_foot) { transformation: [-0.9999967710412939f,0.0011269482004046638f,-0.0022776950497345847f,0.7516377272921221f,0.0024988630520959335f,0.27306434062758056f,-0.9619925267698661f,-2.359181445840117f,-0.0004621584499395567f,-0.9619951121837255f,-0.2730662750033201f,0.5393344943457512f,0f,0f,0f,1f], start_interpolation: 0, interpolation_duration: 1 }
$data merge entity $(bone_left_knee) { transformation: [-1.585009048721374f,-0.0011220554680318893f,-0.0038684618286407885f,0.7729732796789615f,0.003960733338131959f,-0.7110192559682799f,-1.416582450395234f,-0.3153540584460228f,-0.0007325276903989048f,-1.4165875430653299f,0.7110197639794148f,0.16583975023060682f,0f,0f,0f,1f], start_interpolation: 0, interpolation_duration: 1 }
$data merge entity $(bone_left_thigh) { transformation: [-1.603648155202941f,-0.0019200342532678715f,-0.00359462011636921f,0.73854f,0.00400731006303715f,-1.0001957657713083f,-1.2535136158456017f,-2.0558877551016446f,-0.0007411419387737364f,-1.253518550765294f,1.0001973340831372f,-0.39254417677815834f,0f,0f,0f,1f], start_interpolation: 0, interpolation_duration: 1 }
$data merge entity $(bone_left_leg) { transformation: [-1f,1.2199866483456202e-16f,-1.0673500138322946e-17f,0.525745f,0f,-0.08715574274765796f,-0.9961946980917455f,-2.369138125f,-1.2246467991473532e-16f,-0.9961946980917455f,0.08715574274765796f,-0.5728562500000011f,0f,0f,0f,1f], start_interpolation: 0, interpolation_duration: 1 }
$data merge entity $(bone_left_fingers2) { transformation: [-0.9999758376483023f,-0.002872646832478081f,0.006330246421109964f,-0.7188952891727222f,-0.006835664138275492f,0.2407543936116993f,-0.9705619999013206f,-5.931064372002979f,0.0012640472162131601f,-0.9705818202793819f,-0.24076821286830297f,1.41376938726194f,0f,0f,0f,1f], start_interpolation: 0, interpolation_duration: 1 }
$data merge entity $(bone_right_foot) { transformation: [-0.9999758376483023f,-0.005627579734461871f,0.004080988349456038f,-0.730028924414308f,-0.006835664138275492f,0.6892780214626619f,-0.7244646870788848f,-5.113541074572916f,0.0012640472162131601f,-0.724475078574032f,-0.6892998351296662f,0.8451185242969972f,0f,0f,0f,1f], start_interpolation: 0, interpolation_duration: 1 }
$data merge entity $(bone_right_knee) { transformation: [-1.5849758689969258f,-0.0023149424196290246f,0.010772384743467586f,-0.7588592117635206f,-0.010834624497741946f,0.045670435453317865f,-1.5843190116802626f,-3.1321181045177595f,0.002003532745033422f,-1.5843543672111757f,-0.045685156117074466f,1.4545705982465644f,0f,0f,0f,1f], start_interpolation: 0, interpolation_duration: 1 }
$data merge entity $(bone_right_thigh) { transformation: [-1.6036145852974921f,-0.010639399713828549f,0.0033284389723545146f,-0.73854f,-0.010962035580892619f,1.4178903288077307f,-0.7491133844489356f,-1.9866056411103317f,0.0020270935317709547f,-0.7491180361987987f,-1.4179287966060141f,-0.2801871720587312f,0f,0f,0f,1f], start_interpolation: 0, interpolation_duration: 1 }
$data merge entity $(bone_right_leg) { transformation: [-1f,1.2199866483456202e-16f,-1.0673500138322946e-17f,-0.525745f,0f,-0.08715574274765796f,-0.9961946980917455f,-2.3210612019230767f,-1.2246467991473532e-16f,-0.9961946980917455f,0.08715574274765796f,-0.523577403846155f,0f,0f,0f,1f], start_interpolation: 0, interpolation_duration: 1 }