# This file was generated by Animated Java via MC-Build. It is not recommended to edit this file directly.
$data merge entity $(bone_neck) { transformation: [-1f,1.223481206754078e-16f,5.34183431177275e-18f,4.3441334609704476e-17f,0f,0.04361938736533622f,-0.9990482215818578f,1.230494375f,-1.2246467991473532e-16f,-0.9990482215818578f,-0.04361938736533622f,-0.3547254166666669f,0f,0f,0f,1f], start_interpolation: 0, interpolation_duration: 1 }
$data merge entity $(bone_left_fingers_2) { transformation: [-0.9608443111800445f,0.262643924008372f,-0.08829710558353553f,2.811482587831936f,0.2486005689591509f,0.6763812807724725f,-0.69332973406149f,3.090537065969067f,-0.12237633262249678f,-0.6881326414304689f,-0.7151905347610478f,2.0459306864686466f,0f,0f,0f,1f], start_interpolation: 0, interpolation_duration: 1 }
$data merge entity $(bone_left_fingers) { transformation: [-0.9608443111800445f,0.17406963855519875f,-0.21558750104356228f,2.7014532883481888f,0.2486005689591509f,0.19792839174502083f,-0.9481677640873561f,2.5418138765734963f,-0.12237633262249678f,-0.9646367775875496f,-0.23345218041255472f,1.9074899418436464f,0f,0f,0f,1f], start_interpolation: 0, interpolation_duration: 1 }
$data merge entity $(bone_left_index_finger_2) { transformation: [-0.9611803711924256f,-0.09995966286873996f,0.25717768144525827f,2.087321877159115f,-0.2665211042218338f,0.5775622927976459f,-0.7716140867964378f,3.071034769484604f,-0.07140584737096344f,-0.8102035940043057f,-0.5817828987034085f,1.9009939043194706f,0f,0f,0f,1f], start_interpolation: 0, interpolation_duration: 1 }
$data merge entity $(bone_left_index_finger) { transformation: [-0.9611803711924256f,0.05387634292624627f,0.27060974429477663f,2.243591833355465f,-0.2665211042218338f,0.07252315053899366f,-0.961096713988906f,2.5175532103210783f,-0.07140584737096344f,-0.9959105041663089f,-0.0553486463469767f,1.8633345488555322f,0f,0f,0f,1f], start_interpolation: 0, interpolation_duration: 1 }
$data merge entity $(bone_left_thumb) { transformation: [-0.18016041155504806f,0.8290413429392364f,0.5293700764170783f,2.16822953904074f,-0.13388912620706753f,0.5124986448793207f,-0.848185616996874f,1.8067827812822943f,-0.9744823897802481f,-0.22368636680488033f,0.01866765421280528f,2.2545192020031704f,0f,0f,0f,1f], start_interpolation: 0, interpolation_duration: 1 }
$data merge entity $(bone_left_hand) { transformation: [-0.9940004450316933f,0.10394116761625039f,0.03404921366736956f,2.5975001092364898f,-0.052669017644327465f,-0.18203335118422787f,-0.9818807634519688f,1.8545452910064864f,-0.09585974054407392f,-0.9777832544747378f,0.1864157112788853f,2.1437963143681364f,0f,0f,0f,1f], start_interpolation: 0, interpolation_duration: 1 }
$data merge entity $(bone_left_forearm) { transformation: [-1.9893220823215747f,0.18682599534570896f,0.11407073946255471f,2.783147913402078f,-0.10540804119127385f,0.0964535647577433f,-1.996222504644319f,-0.14094173083934525f,-0.19184689465995436f,-1.990254051788189f,-0.08603494464880787f,1.149597308026069f,0f,0f,0f,1f], start_interpolation: 0, interpolation_duration: 1 }
$data merge entity $(bone_left_bicep) { transformation: [-2.4653981562478386f,-0.11465300901087354f,0.06752570905641193f,1.7340368103413077f,-0.10443993770733973f,0.8910548813552203f,-2.3002188157898766f,1.3663266564678749f,0.0824459415041495f,-2.2997323732614734f,-0.8946098483650331f,-2.3774094340850356f,0f,0f,0f,1f], start_interpolation: 0, interpolation_duration: 1 }
$data merge entity $(bone_left_shoulder) { transformation: [-1.2309851142611088f,-0.05724679684697636f,0.03371591013310287f,1.3870111125973659f,-0.05214736140135595f,0.44490797243368635f,-1.1485102779869234f,0.7799207466971643f,0.04116565369599787f,-1.1482673949013291f,-0.44668298449803745f,-0.2536781426736593f,0f,0f,0f,1f], start_interpolation: 0, interpolation_duration: 1 }
$data merge entity $(bone_right_fingers_2) { transformation: [-0.8926638167894236f,-0.3942849037775553f,0.21838206164440893f,-3.07132322818914f,-0.054206800955670986f,-0.3870837317504316f,-0.9204497853464428f,4.953267467480622f,0.4474515984160641f,-0.8334900114982084f,0.32416271810253794f,-0.7069490675817142f,0f,0f,0f,1f], start_interpolation: 0, interpolation_duration: 1 }
$data merge entity $(bone_right_fingers) { transformation: [-0.8926638167894236f,-0.21519991886763404f,0.39603068708662237f,-2.8565995194463176f,-0.054206800955670986f,-0.8210204173412055f,-0.5683195377945627f,4.62023592117176f,0.4474515984160641f,-0.5287858443909372f,0.7212299202381115f,-0.2881920191722124f,0f,0f,0f,1f], start_interpolation: 0, interpolation_duration: 1 }
$data merge entity $(bone_right_index_finger_2) { transformation: [-0.9389946529288815f,-0.24943438633711462f,-0.23679427502284872f,-2.37866259663177f,0.3284693816798757f,-0.44626715376549086f,-0.8324382816574982f,4.811263656868245f,0.10196522480635065f,-0.8594347644717863f,0.5009740298134382f,-0.9126426546482662f,0f,0f,0f,1f], start_interpolation: 0, interpolation_duration: 1 }
$data merge entity $(bone_right_index_finger) { transformation: [-0.9389946529288815f,-0.3376002989568557f,-0.06568926788457242f,-2.418473565395663f,0.3284693816798757f,-0.8236466627405555f,-0.4622921589808615f,4.540070291841808f,0.10196522480635065f,-0.4556667785790264f,0.8842911736693988f,-0.40564205491551086f,0f,0f,0f,1f], start_interpolation: 0, interpolation_duration: 1 }
$data merge entity $(bone_right_thumb) { transformation: [0.025584789390072644f,-0.7230219410967609f,-0.6903511361941388f,-2.23736540037382f,0.698946195081527f,0.5066663438845368f,-0.5047409556948327f,4.136886742626213f,0.7147164717095317f,-0.4696046088651058f,0.5183163863893645f,0.2516221939783732f,0f,0f,0f,1f], start_interpolation: 0, interpolation_duration: 1 }
$data merge entity $(bone_right_hand) { transformation: [-0.95115589598839f,-0.2997667140239111f,0.07377247921704853f,-2.6576624714644805f,0.17404121605600073f,-0.7180674854665107f,-0.6738610698278624f,4.201704023491589f,0.25497473725895203f,-0.628107477649414f,0.735165885960862f,0.28122496742705316f,0f,0f,0f,1f], start_interpolation: 0, interpolation_duration: 1 }
$data merge entity $(bone_right_forearm) { transformation: [-1.9759666117961254f,-0.26163486871068337f,-0.18008308295963207f,-2.944836238929869f,0.3102381159095812f,-1.3466193804972013f,-1.4476516596656699f,2.108726045007042f,0.06808107468581469f,-1.457220028606057f,1.3701100421957164f,1.017327352469458f,0f,0f,0f,1f], start_interpolation: 0, interpolation_duration: 1 }
$data merge entity $(bone_right_bicep) { transformation: [-2.3676385011285213f,0.30606960140369416f,-0.6296843890073296f,-1.5940843241214142f,0.3477775752324932f,-1.4130957063036775f,-1.9945185849423868f,-0.10756146595016292f,-0.6076444592262464f,-2.0013433055354986f,1.3119780056269799f,-1.9952849351857687f,0f,0f,0f,1f], start_interpolation: 0, interpolation_duration: 1 }
$data merge entity $(bone_right_shoulder) { transformation: [-1.1821732499696511f,0.15282201874815682f,-0.31440443304716353f,-1.3801116857898807f,0.1736470099566285f,-0.7055654580895404f,-0.9958726877276017f,1.2621811929271414f,-0.30339979048623755f,-0.9992803034256267f,0.6550769055586314f,-0.24812893684855905f,0f,0f,0f,1f], start_interpolation: 0, interpolation_duration: 1 }
$data merge entity $(bone_chest) { transformation: [-4.023460616634098f,0.5968240038900676f,8.649819436996717e-17f,2.2545341454962424e-17f,0.10363740066339121f,0.6986666039931756f,-4.005690763260861f,1.2660050577413313f,-0.5877569062147268f,-3.9623352092005386f,-0.7063113579375749f,-0.18409668380025468f,0f,0f,0f,1f], start_interpolation: 0, interpolation_duration: 1 }
$data merge entity $(bone_weist) { transformation: [-1.0997381391497503f,0.02400050551334498f,0.00003216439014943022f,9.799947229363268e-17f,-0.0020740800499431554f,-0.09356854589498803f,-1.0960112341627906f,-1.1775634325259094f,-0.02391074008454201f,-1.095750383506299f,0.09359152501379639f,-0.8002264192570767f,0f,0f,0f,1f], start_interpolation: 0, interpolation_duration: 1 }
$data merge entity $(bone_right_fingers2) { transformation: [-0.9999993174165543f,0.0006286942019762668f,-0.0009848401015893837f,0.7472237703051853f,0.0011489164960296905f,0.37580448664841654f,-0.9266982614669165f,-2.21239995778574f,-0.00021250249515716434f,-0.9266987604170627f,-0.3758049524476347f,1.8322469007879536f,0f,0f,0f,1f], start_interpolation: 0, interpolation_duration: 1 }
$data merge entity $(bone_left_foot) { transformation: [-0.9999993174165543f,0.0002815126827581159f,-0.0011339828194216572f,0.7525518265491992f,0.0011489164960296905f,0.06040301326696118f,-0.9981734097736508f,-1.9535048273101296f,-0.00021250249515716434f,-0.9981740312885727f,-0.06040329547142931f,0.8705936229075797f,0f,0f,0f,1f], start_interpolation: 0, interpolation_duration: 1 }
$data merge entity $(bone_left_knee) { transformation: [-1.5850130847622352f,-0.0008853172191620394f,-0.0016266161046387749f,0.7709796841936071f,0.0018210489225240864f,-0.9982774397801137f,-1.231141237040215f,-0.03730700004773868f,-0.0003368194652761202f,-1.2311422655296624f,0.9982777755280164f,0.06745588876916625f,0f,0f,0f,1f], start_interpolation: 0, interpolation_duration: 1 }
$data merge entity $(bone_left_thigh) { transformation: [-1.6036522387061152f,-0.0011324054221454195f,-0.0014928033812069768f,0.73854f,0.0018424637685796664f,-1.1853960036863262f,-1.0800633931778538f,-1.9286265689198074f,-0.00034078033470043707f,-1.080064371050891f,1.1853964955939074f,-0.2863338447099309f,0f,0f,0f,1f], start_interpolation: 0, interpolation_duration: 1 }
$data merge entity $(bone_left_leg) { transformation: [-1f,1.2199866483456202e-16f,-1.0673500138322946e-17f,0.525745f,0f,-0.08715574274765796f,-0.9961946980917455f,-2.249346458333333f,-1.2246467991473532e-16f,-0.9961946980917455f,0.08715574274765796f,-0.5520229166666677f,0f,0f,0f,1f], start_interpolation: 0, interpolation_duration: 1 }
$data merge entity $(bone_left_fingers2) { transformation: [-0.9999766587345824f,-0.002509134485703298f,0.0063550161410667995f,-0.7178904977561049f,-0.0067185188421225225f,0.19197926967392426f,-0.981375983769745f,-6.132601945223544f,0.0012423729667896625f,-0.981395773508119f,-0.19199164630215554f,1.4544417964016205f,0f,0f,0f,1f], start_interpolation: 0, interpolation_duration: 1 }
$data merge entity $(bone_right_foot) { transformation: [-0.9999766587345824f,-0.005270094605899169f,0.00434834323224807f,-0.7287289592466936f,-0.0067185188421225225f,0.6427348520404663f,-0.7660592480200784f,-5.35214955413956f,0.0012423729667896625f,-0.7660705816537826f,-0.642755257025601f,0.8358880827847677f,0f,0f,0f,1f], start_interpolation: 0, interpolation_duration: 1 }
$data merge entity $(bone_right_knee) { transformation: [-1.5849771704303117f,-0.0015742721471334068f,0.010714448933885111f,-0.7577441938600336f,-0.010648947543781128f,-0.05858387217114293f,-1.5838953369372841f,-3.3349468603132175f,0.0019691787526453113f,-1.5839303520428758f,0.058571927972350384f,1.313749370558059f,0f,0f,0f,1f], start_interpolation: 0, interpolation_duration: 1 }
$data merge entity $(bone_right_thigh) { transformation: [-1.603615902035242f,-0.01080207519751151f,0.0018350537417371458f,-0.73854f,-0.01077417513623259f,1.5057720678050956f,-0.551578109137057f,-1.9665041372938128f,0.0019923355494354646f,-0.5515775634491533f,-1.505809495125351f,-0.2511761575666722f,0f,0f,0f,1f], start_interpolation: 0, interpolation_duration: 1 }
$data merge entity $(bone_right_leg) { transformation: [-1f,1.2199866483456202e-16f,-1.0673500138322946e-17f,-0.525745f,0f,-0.08715574274765796f,-0.9961946980917455f,-2.301429791666667f,-1.2246467991473532e-16f,-0.9961946980917455f,0.08715574274765796f,-0.49993958333333455f,0f,0f,0f,1f], start_interpolation: 0, interpolation_duration: 1 }