# This file was generated by Animated Java via MC-Build. It is not recommended to edit this file directly.
$data merge entity $(bone_neck) { transformation: [-1f,1.1507915602278503e-16f,4.1885387376769936e-17f,3.642512898958943e-17f,0f,0.3420201433256689f,-0.9396926207859083f,0.4804943749999999f,-1.2246467991473532e-16f,-0.9396926207859083f,-0.3420201433256689f,-0.29743375000000016f,0f,0f,0f,1f], start_interpolation: 0, interpolation_duration: 1 }
$data merge entity $(bone_left_fingers_2) { transformation: [-0.9556209437150067f,0.2322331795249239f,-0.18126324023636076f,3.6682622711056574f,0.2942355061156143f,0.7829473309588142f,-0.5481048657742036f,1.3130303895967912f,0.014631434452180014f,-0.5771145703170332f,-0.816532114404362f,1.4119252241745706f,0f,0f,0f,1f], start_interpolation: 0, interpolation_duration: 1 }
$data merge entity $(bone_left_fingers) { transformation: [-0.9556209437150067f,0.09847080905857612f,-0.27765466265955197f,3.5219531953814416f,0.2942355061156143f,0.36583455173922613f,-0.8829442494827451f,0.8022406902405548f,0.014631434452180014f,-0.9254558771314325f,-0.37857276791755995f,1.188191090681383f,0f,0f,0f,1f], start_interpolation: 0, interpolation_duration: 1 }
$data merge entity $(bone_left_index_finger_2) { transformation: [-0.9748083906920774f,-0.14368885227711892f,0.1705934206457177f,2.9341174074833463f,-0.2212995440283814f,0.7185467227721534f,-0.6593308115098435f,1.341126723520945f,-0.027840855754681103f,-0.680473453504751f,-0.732243651953477f,1.3342228399956348f,0f,0f,0f,1f], start_interpolation: 0, interpolation_duration: 1 }
$data merge entity $(bone_left_index_finger) { transformation: [-0.9748083906920774f,-0.02952617076970436f,0.22108099573685824f,3.0613604310292333f,-0.2212995440283814f,0.25175797260768473f,-0.9421488391126419f,0.7996020005572764f,-0.027840855754681103f,-0.9673397171977105f,-0.2519499122498369f,1.183423138485058f,0f,0f,0f,1f], start_interpolation: 0, interpolation_duration: 1 }
$data merge entity $(bone_left_thumb) { transformation: [-0.2699075468399183f,0.8288109991887771f,0.49012472268041996f,2.988188595342273f,0.05170535160493371f,0.5207572672976486f,-0.8521375623525204f,0.031763662277570166f,-0.9614969957177546f,-0.20465628790825494f,-0.18341028064246015f,1.446043929338817f,0f,0f,0f,1f], start_interpolation: 0, interpolation_duration: 1 }
$data merge entity $(bone_left_hand) { transformation: [-0.9999300175895975f,0.010369229088332946f,0.005695525557922215f,3.4079498748112154f,-0.005728498633982795f,-0.0031529773938996364f,-0.9999786212899524f,0.08662709258815515f,-0.010351049544260402f,-0.999941267186062f,0.0032121568556096047f,1.3060278235126292f,0f,0f,0f,1f], start_interpolation: 0, interpolation_duration: 1 }
$data merge entity $(bone_left_forearm) { transformation: [-1.9781400722990472f,-0.20409176873097915f,-0.22500408363333443f,3.069708849768473f,0.10117605157513399f,0.9550870814977277f,-1.7558161938809294f,-1.2713669422313216f,0.28643270466739973f,-1.746846773487334f,-0.9337028911835419f,-0.43934045743295885f,0f,0f,0f,1f], start_interpolation: 0, interpolation_duration: 1 }
$data merge entity $(bone_left_bicep) { transformation: [-0.7077065452211119f,-0.8154817749354447f,-0.7061420141235379f,1.66405188972653f,0.019751368219508396f,0.8346074359566671f,-0.9836340451663956f,-0.23619139300654754f,1.078543903981552f,-0.5503776213701701f,-0.44533486792553983f,-0.5068519143082886f,0f,0f,0f,1f], start_interpolation: 0, interpolation_duration: 1 }
$data merge entity $(bone_left_shoulder) { transformation: [-0.6762328889557299f,-0.77921505782181f,-0.6747379368585398f,1.3819474544144157f,0.018872970558345643f,0.7974901481016778f,-0.9398891341753267f,-0.13453163357378972f,1.0305780905660031f,-0.5259008150044028f,-0.42552960167397713f,-0.20966751376870357f,0f,0f,0f,1f], start_interpolation: 0, interpolation_duration: 1 }
$data merge entity $(bone_right_fingers_2) { transformation: [-0.9687023759939574f,-0.1920313383347566f,0.15728849875634218f,-3.0182282725501173f,-0.2211364765193058f,0.37978205876929305f,-0.8982562254666446f,5.122798351659151f,0.1127579952654715f,-0.9049251642728913f,-0.41036091623032583f,0.31064260054959864f,0f,0f,0f,1f], start_interpolation: 0, interpolation_duration: 1 }
$data merge entity $(bone_right_fingers) { transformation: [-0.9687023759939574f,-0.07744653930029123f,0.23583413725343083f,-2.89607865349688f,-0.2211364765193058f,-0.1623277784990961f,-0.9616383681406304f,4.564601926820626f,0.1127579952654715f,-0.9836929022199746f,0.14012104990241472f,0.3872583260138856f,0f,0f,0f,1f], start_interpolation: 0, interpolation_duration: 1 }
$data merge entity $(bone_right_index_finger_2) { transformation: [-0.9579758269863239f,0.07504592069320692f,-0.2768581309934347f,-2.2792348213939895f,0.2865781095190702f,0.29232207768140095f,-0.9123709717239498f,5.064715098445229f,0.01246202448821062f,-0.9533708159406482f,-0.30154400219257793f,0.21828824811249276f,0f,0f,0f,1f], start_interpolation: 0, interpolation_duration: 1 }
$data merge entity $(bone_right_index_finger) { transformation: [-0.9579758269863239f,-0.08546267779460319f,-0.2738219231800931f,-2.437538733754115f,0.2865781095190702f,-0.24367462603554585f,-0.926550410809316f,4.52931432299061f,0.01246202448821062f,-0.9660842651293997f,0.2579261340287999f,0.36134852761636416f,0f,0f,0f,1f], start_interpolation: 0, interpolation_duration: 1 }
$data merge entity $(bone_right_thumb) { transformation: [-0.209396228106602f,-0.7242384851498624f,-0.6569869376803168f,-2.391101604085818f,0.23028677239684936f,0.6164584441766513f,-0.752958822952719f,3.8472741501900445f,0.9503269027622911f,-0.3089621388311762f,0.03769847019569006f,0.7815331982403446f,0f,0f,0f,1f], start_interpolation: 0, interpolation_duration: 1 }
$data merge entity $(bone_right_hand) { transformation: [-0.995472973493218f,-0.07527737667113271f,-0.05802478441220856f,-2.812450235202434f,0.07661459854725022f,-0.2742548924288284f,-0.9586002593721197f,3.9019582655800527f,0.05624733179462429f,-0.9587061961520661f,0.27878067925453726f,0.6920373753833232f,0f,0f,0f,1f], start_interpolation: 0, interpolation_duration: 1 }
$data merge entity $(bone_right_forearm) { transformation: [-1.9896556845806883f,-0.009586953847203712f,-0.2156504564294849f,-3.021249200512899f,0.2050624259188575f,-0.7084634598993002f,-1.8604719024189391f,1.6783713084163865f,-0.06742722386830606f,-1.8717142913730196f,0.7053126634181245f,0.5618976488446978f,0f,0f,0f,1f], start_interpolation: 0, interpolation_duration: 1 }
$data merge entity $(bone_right_bicep) { transformation: [-1.1733021265016927f,0.3184175418757387f,-0.4318194211513983f,-1.7880872689688263f,0.032076834638175455f,-0.9948869613610133f,-0.8207719746096083f,0.49713257107988673f,-0.5355640205776633f,-0.757169615509479f,0.8968617377963151f,-0.0714535205336744f,0f,0f,0f,1f], start_interpolation: 0, interpolation_duration: 1 }
$data merge entity $(bone_right_shoulder) { transformation: [-1.1211221543447045f,0.304256638137405f,-0.4126152239854826f,-1.3824551005843178f,0.030650289590230473f,-0.9506416022411487f,-0.7842699877683666f,0.41295584781198075f,-0.511746015776675f,-0.7234962004844829f,0.8569758299386239f,0.00986689674467954f,0f,0f,0f,1f], start_interpolation: 0, interpolation_duration: 1 }
$data merge entity $(bone_chest) { transformation: [-4.057067490708343f,0.29092542182234016f,8.649819436996717e-17f,7.237256465620506e-18f,0.05051866933643234f,0.7045023764332505f,-4.005690763260861f,0.3910050577413313f,-0.28650561095898763f,-3.995431519343361f,-0.7063113579375749f,-0.05909668380025468f,0f,0f,0f,1f], start_interpolation: 0, interpolation_duration: 1 }
$data merge entity $(bone_weist) { transformation: [-1.0999999999999999f,1.6937275014636466e-16f,-1.1969703162372493e-17f,8.269138730429076e-17f,-2.4743446538349595e-18f,-0.09352611374514772f,-1.0960168183233912f,-2.0525634325259094f,-1.6977714776869186e-16f,-1.0960168183233912f,0.09352611374514772f,-0.6752264192570767f,0f,0f,0f,1f], start_interpolation: 0, interpolation_duration: 1 }
$data merge entity $(bone_right_fingers2) { transformation: [-0.9999999893324597f,0.00004092439045006016f,-0.000140215101450496f,0.747853082288139f,0.00014362698843009016f,0.10083236372085408f,-0.9949034193316222f,-3.532900091978858f,-0.00002657759588421432f,-0.9949034288571227f,-0.10083236852306793f,1.3647099954560473f,0f,0f,0f,1f], start_interpolation: 0, interpolation_duration: 1 }
$data merge entity $(bone_left_foot) { transformation: [-0.9999999893324597f,0.00009256710513793325f,-0.00011298854567992576f,0.752792271127606f,0.00014362698843009016f,0.4824059855011671f,-0.8759477407493759f,-2.8868074922651017f,-0.00002657759588421432f,-0.8759477476333727f,-0.4824059936502166f,0.6068366151119966f,0f,0f,0f,1f], start_interpolation: 0, interpolation_duration: 1 }
$data merge entity $(bone_left_knee) { transformation: [-1.5850141497584642f,-0.00005879597193623167f,-0.00022392524241464314f,0.7691512628893757f,0.00022765081137736233f,-0.6747611265802818f,-1.4342131218076497f,-0.8340972084412028f,-0.00004212586599242139f,-1.434213138669832f,0.6747611278269285f,0.2854384302826463f,0f,0f,0f,1f], start_interpolation: 0, interpolation_duration: 1 }
$data merge entity $(bone_left_thigh) { transformation: [-1.6036533162262967f,-0.0001352981863121573f,-0.0001912116960222774f,0.73854f,0.00023032789875254215f,-1.1490192466413784f,-1.1186861630090221f,-2.802972490095709f,-0.00004262125023170657f,-1.1186861785385527f,1.1490192538166402f,-0.21859754528390035f,0f,0f,0f,1f], start_interpolation: 0, interpolation_duration: 1 }
$data merge entity $(bone_left_leg) { transformation: [-1f,1.2199866483456202e-16f,-1.0673500138322946e-17f,0.525745f,0f,-0.08715574274765796f,-0.9961946980917455f,-3.119138125f,-1.2246467991473532e-16f,-0.9961946980917455f,0.08715574274765796f,-0.43223125000000107f,0f,0f,0f,1f], start_interpolation: 0, interpolation_duration: 1 }
$data merge entity $(bone_left_fingers2) { transformation: [-0.9998778682835239f,-0.009281690241725437f,0.01257373226424788f,-0.7126738612467626f,-0.012546678753716326f,-0.0029672170421633504f,-0.9999168847835687f,-7.589354087435911f,0.009318227784690221f,-0.999952521797551f,0.002850400265098363f,1.1185012790001423f,0f,0f,0f,1f], start_interpolation: 0, interpolation_duration: 1 }
$data merge entity $(bone_right_foot) { transformation: [-0.9999739167094193f,-0.004866022964289641f,0.005337388999736545f,-0.7233162693824863f,-0.007102179229605851f,0.5280936001934842f,-0.8491564687882179f,-6.90409251548555f,0.0013133739048945985f,-0.8491722270865881f,-0.5281143851418841f,0.3959118929844163f,0f,0f,0f,1f], start_interpolation: 0, interpolation_duration: 1 }
$data merge entity $(bone_right_knee) { transformation: [-1.5849728242815828f,0.0005366776012053824f,0.011435331217014268f,-0.7539755649067704f,-0.011257054693131026f,-0.3609704119109698f,-1.5433222440496637f,-4.832726890807685f,0.002081716245388258f,-1.5433632048989652f,0.360964808195337f,0.4784010357433244f,0f,0f,0f,1f], start_interpolation: 0, interpolation_duration: 1 }
$data merge entity $(bone_right_thigh) { transformation: [-1.603611504777449f,-0.010751746504279352f,-0.00430757514431745f,-0.73854f,-0.011389433395488186f,1.5722204439324354f,0.31574858669349276f,-2.8485439966420394f,0.0021061964404972392f,0.3157709441020756f,-1.5722557960804437f,-0.14190226237744205f,0f,0f,0f,1f], start_interpolation: 0, interpolation_duration: 1 }
$data merge entity $(bone_right_leg) { transformation: [-1f,1.2199866483456202e-16f,-1.0673500138322946e-17f,-0.525745f,0f,-0.08715574274765796f,-0.9961946980917455f,-3.181638125f,-1.2246467991473532e-16f,-0.9961946980917455f,0.08715574274765796f,-0.3697312500000012f,0f,0f,0f,1f], start_interpolation: 0, interpolation_duration: 1 }