# This file was generated by Animated Java via MC-Build. It is not recommended to edit this file directly.
$data merge entity $(bone_neck) { transformation: [-0.9945218953682733f,-0.1045284632676533f,2.719262146893782e-32f,4.407917148426039e-17f,-2.3209981329686753e-17f,2.2082822134634157e-16f,-1f,1.230494375f,0.1045284632676533f,-0.9945218953682733f,-2.220446049250313e-16f,-0.3599337500000002f,0f,0f,0f,1f], start_interpolation: 0, interpolation_duration: 1 }
$data merge entity $(bone_left_fingers_2) { transformation: [-0.8541169350766515f,0.35117761070318076f,-0.38361249582889245f,4.274897921079034f,0.5124680190525596f,0.6940315825368975f,-0.5056646041495048f,3.1968319242215117f,0.08866110005866235f,-0.628485837694164f,-0.7727514226154826f,0.6696277072390124f,0f,0f,0f,1f], start_interpolation: 0, interpolation_duration: 1 }
$data merge entity $(bone_left_fingers) { transformation: [-0.8541169350766515f,0.0900653490622588f,-0.5122230901800116f,3.991957628938981f,0.5124680190525596f,0.31364690607121837f,-0.7993760990674526f,2.730901808037105f,0.08866110005866235f,-0.9452586160465534f,-0.3140467451290363f,0.48194887781559825f,0f,0f,0f,1f], start_interpolation: 0, interpolation_duration: 1 }
$data merge entity $(bone_left_index_finger_2) { transformation: [-0.9771731966354518f,0.19933933525331007f,0.07346001087681006f,3.575763430139449f,0.09422473260008513f,0.716581250621639f,-0.6911099847520437f,3.4156455652638162f,-0.1904054714121814f,-0.6684124031451661f,-0.7190066868798985f,0.5949038094735176f,0f,0f,0f,1f], start_interpolation: 0, interpolation_duration: 1 }
$data merge entity $(bone_left_index_finger) { transformation: [-0.9771731966354518f,0.20759112523993217f,-0.04514940197689657f,3.5509436270520554f,0.09422473260008513f,0.2330253728723374f,-0.9678950745634314f,2.8591743672293632f,-0.1904054714121814f,-0.9500553143471839f,-0.24726636677271324f,0.4469033171417029f,0f,0f,0f,1f], start_interpolation: 0, interpolation_duration: 1 }
$data merge entity $(bone_left_thumb) { transformation: [-0.06930129993678488f,0.8148931345684935f,0.5754533074543993f,3.2807964618770877f,0.5356435009042115f,0.5170316555235432f,-0.6676558298447366f,2.14326506119774f,-0.8415957282247526f,0.26196840729316884f,-0.47232317729932394f,0.24233594595325209f,0f,0f,0f,1f], start_interpolation: 0, interpolation_duration: 1 }
$data merge entity $(bone_left_hand) { transformation: [-0.9574252415455637f,0.19439142999443193f,-0.2134218329884239f,3.7046957546926724f,0.278475026740316f,0.427070788434568f,-0.8602686796273921f,2.0982118160382957f,-0.07608262832867368f,-0.8830755990347576f,-0.4630215114398082f,0.24494874389277754f,0f,0f,0f,1f], start_interpolation: 0, interpolation_duration: 1 }
$data merge entity $(bone_left_forearm) { transformation: [-1.9274697040364714f,-0.4445374486855394f,-0.30424567390252816f,3.176623867388005f,0.45177716563752596f,-0.7183663052282164f,-1.812502600680059f,-0.07568391817873432f,0.29338773999738865f,-1.8142918016624574f,0.792204093520295f,0.23143414624100078f,0f,0f,0f,1f], start_interpolation: 0, interpolation_duration: 1 }
$data merge entity $(bone_left_bicep) { transformation: [-2.2782532991662845f,-0.9365086011979341f,-0.16854271686812908f,0.9171268133550508f,-0.24720151969081536f,1.0048038389116751f,-2.241685472286416f,1.5564937564115529f,0.9188832440465725f,-2.0516369044935097f,-1.0209469617075109f,-2.6045732159186468f,0f,0f,0f,1f], start_interpolation: 0, interpolation_duration: 1 }
$data merge entity $(bone_left_shoulder) { transformation: [-1.1375427902721404f,-0.4676032325775212f,-0.08415418623398002f,1.349420808323903f,-0.12342890343734306f,0.5017033720570153f,-1.119284299068227f,0.8388571017162382f,0.45880280728642653f,-1.024392138405723f,-0.509763710631133f,-0.5375335796803611f,0f,0f,0f,1f], start_interpolation: 0, interpolation_duration: 1 }
$data merge entity $(bone_right_fingers_2) { transformation: [-0.9927564832520008f,-0.10169873819986125f,-0.06396820780415863f,-1.7970842256516821f,-0.007429767515743202f,0.5833779856332995f,-0.8121668082562205f,5.674474725344958f,0.1199139838208286f,-0.8058085954660638f,-0.5799078754054201f,1.3358180726545006f,0f,0f,0f,1f], start_interpolation: 0, interpolation_duration: 1 }
$data merge entity $(bone_right_fingers) { transformation: [-0.9927564832520008f,-0.1201419388475498f,0.0006924529381431566f,-1.8110304949515599f,-0.007429767515743202f,0.055639094770320086f,-0.9984233018553812f,5.099277469974063f,0.1199139838208286f,-0.9911963507111451f,-0.056128698730035786f,1.2993850311648676f,0f,0f,0f,1f], start_interpolation: 0, interpolation_duration: 1 }
$data merge entity $(bone_right_index_finger_2) { transformation: [-0.8782462303196793f,0.23054960586191153f,-0.41896352844393286f,-1.094567315977447f,0.4778209523788681f,0.38779507424422843f,-0.7882271993909277f,5.47217129008876f,-0.019253477530677826f,-0.8924471186736113f,-0.450740994335045f,1.2293247694628493f,0f,0f,0f,1f], start_interpolation: 0, interpolation_duration: 1 }
$data merge entity $(bone_right_index_finger) { transformation: [-0.8782462303196793f,-0.030665374325060002f,-0.47722446893131626f,-1.3697795967324338f,0.4778209523788681f,-0.09645111717510413f,-0.8731462188336075f,4.968400114670505f,-0.019253477530677826f,-0.9948652254517586f,0.09936038843421141f,1.2808336612875098f,0f,0f,0f,1f], start_interpolation: 0, interpolation_duration: 1 }
$data merge entity $(bone_right_thumb) { transformation: [-0.1514860042687894f,-0.6930220142629089f,-0.704820883812091f,-1.4566074867522698f,0.3416571491904623f,0.6323903579826373f,-0.6952358071457758f,4.339807196136205f,0.9275356504834318f,-0.34612558830224127f,0.1409776372503981f,1.7919416453200698f,0f,0f,0f,1f], start_interpolation: 0, interpolation_duration: 1 }
$data merge entity $(bone_right_hand) { transformation: [-0.9579378210707209f,-0.13618443594524665f,-0.25260429602157314f,-1.8638652233538062f,0.2841360593758309f,-0.3265667420008033f,-0.9014548589814996f,4.459364938509376f,0.04027195953332579f,-0.9353116926593275f,0.35152554224421634f,1.6553359359430377f,0f,0f,0f,1f], start_interpolation: 0, interpolation_duration: 1 }
$data merge entity $(bone_right_forearm) { transformation: [-1.917150896865742f,-0.3190554851378051f,-0.47755921965440334f,-2.4813868235265266f,0.5686503748807058f,-0.8209539345274156f,-1.7343581408574618f,2.310538847464559f,0.08059753111278031f,-1.7970990532004625f,0.8770779915099275f,1.7333475772013707f,0f,0f,0f,1f], start_interpolation: 0, interpolation_duration: 1 }
$data merge entity $(bone_right_bicep) { transformation: [-2.453052450420622f,-0.19432759089559784f,-0.2016520904705835f,-1.9134884848035636f,0.279221079070864f,-1.833674763416983f,-1.6295906092326495f,-0.5651882441954792f,-0.02150272487257352f,-1.6418790309013171f,1.8438177739133195f,-0.9536542898398579f,0f,0f,0f,1f], start_interpolation: 0, interpolation_duration: 1 }
$data merge entity $(bone_right_shoulder) { transformation: [-1.2248208441776591f,-0.09702869740389958f,-0.10068585514264854f,-1.2840114121979813f,0.13941642288208347f,-0.9155625968334076f,-0.8136624006233847f,1.15271549459776f,-0.010736413575677714f,-0.8197980684519498f,0.9206270505822443f,0.32192349427706324f,0f,0f,0f,1f], start_interpolation: 0, interpolation_duration: 1 }
$data merge entity $(bone_chest) { transformation: [-3.9288888095433916f,-1.0527425836688262f,8.649819436996717e-17f,2.2545341454962424e-17f,-0.18280683120646787f,0.682244382033206f,-4.005690763260861f,1.2660050577413313f,1.036749058323163f,-3.869200160361236f,-0.7063113579375749f,-0.18409668380025468f,0f,0f,0f,1f], start_interpolation: 0, interpolation_duration: 1 }
$data merge entity $(bone_weist) { transformation: [-1.0999999999999999f,1.3458293274294852e-16f,-5.876017742949966e-18f,1.0098997098834861e-16f,0f,-0.047981326101869406f,-1.0989530437400434f,-1.3160520227932513f,-1.3471114790620883e-16f,-1.0989530437400434f,0.047981326101869406f,-0.8246456942414888f,0f,0f,0f,1f], start_interpolation: 0, interpolation_duration: 1 }
$data merge entity $(bone_right_fingers2) { transformation: [-0.9999997357596658f,0.00016465427583537217f,-0.0007080745496724181f,0.7471559723357035f,0.0007148481984629376f,0.045614812241824426f,-0.9989588469482595f,-2.770572210617734f,-0.00013218415789708227f,-0.9989590891488563f,-0.04561491789136374f,2.062581254690029f,0f,0f,0f,1f], start_interpolation: 0, interpolation_duration: 1 }
$data merge entity $(bone_left_foot) { transformation: [-0.9999997357596658f,0.0003140066942237922f,-0.0006556526476933608f,0.7524199004406305f,0.0007148481984629376f,0.2607478262307523f,-0.965406681201239f,-2.3227957598194537f,-0.00013218415789708227f,-0.965406894793969f,-0.26074798179777936f,1.173030444001403f,0f,0f,0f,1f], start_interpolation: 0, interpolation_duration: 1 }
$data merge entity $(bone_left_knee) { transformation: [-1.5850137478419934f,-0.0003351393406921211f,-0.0011024370852965016f,0.7699858692839601f,0.001133044521579901f,-0.7290682184192674f,-1.4073834437121588f,-0.2838744635310302f,-0.00020951376287577894f,-1.4073838598998518f,0.7290682653437917f,0.7734365208499294f,0f,0f,0f,1f], start_interpolation: 0, interpolation_duration: 1 }
$data merge entity $(bone_left_thigh) { transformation: [-1.6036529095834404f,-0.0003488011306276093f,-0.0011123998594731162f,0.73854f,0.001146368696292418f,-0.7500397059062934f,-1.4174424640576857f,-2.0426090209452696f,-0.00021197756542551562f,-1.417442884709251f,0.7500397570554107f,-0.3858722623434268f,0f,0f,0f,1f], start_interpolation: 0, interpolation_duration: 1 }
$data merge entity $(bone_left_leg) { transformation: [-1f,1.2199866483456202e-16f,-1.0673500138322946e-17f,0.525745f,0f,-0.08715574274765796f,-0.9961946980917455f,-2.358721458333333f,-1.2246467991473532e-16f,-0.9961946980917455f,0.08715574274765796f,-0.5988979166666677f,0f,0f,0f,1f], start_interpolation: 0, interpolation_duration: 1 }
$data merge entity $(bone_left_fingers2) { transformation: [-0.9999890797964481f,-0.004226412040361164f,-0.001994424507993517f,-0.730667107040133f,-0.004595452387322036f,0.966876487652006f,0.2552033296081301f,-5.501272998442968f,0.0008497677381797929f,0.2552097080186902f,-0.9668853514392517f,1.1257984085556823f,0f,0f,0f,1f], start_interpolation: 0, interpolation_duration: 1 }
$data merge entity $(bone_right_foot) { transformation: [-0.9999890797964481f,-0.004155159978645287f,0.0021389093961314736f,-0.7399753278992511f,-0.004595452387322036f,0.7910635262960233f,-0.6117167475077468f,-4.607031439034113f,0.0008497677381797929f,-0.6117198966926385f,-0.7910739825611371f,0.6875319438611451f,0f,0f,0f,1f], start_interpolation: 0, interpolation_duration: 1 }
$data merge entity $(bone_right_knee) { transformation: [-1.584996857989334f,-0.0026157781008251833f,0.006930108433065386f,-0.7638568729369257f,-0.007283857136147581f,0.2807458364373727f,-1.5599354567681085f,-2.7381914700506704f,0.0013468939033912625f,-1.5599502689387357f,-0.2807547913194108f,1.5848428399884829f,0f,0f,0f,1f], start_interpolation: 0, interpolation_duration: 1 }
$data merge entity $(bone_right_thigh) { transformation: [-1.6036358211125066f,-0.006636696349592401f,0.0034815251673788188f,-0.73854f,-0.007369512539103607f,1.2609632918289821f,-0.9907680255518262f,-1.9884558558417007f,0.001362732865891152f,-0.9907732053464561f,-1.2609800204752473f,-0.27437602573033637f,0f,0f,0f,1f], start_interpolation: 0, interpolation_duration: 1 }
$data merge entity $(bone_right_leg) { transformation: [-1f,1.2199866483456202e-16f,-1.0673500138322946e-17f,-0.525745f,0f,-0.08715574274765796f,-0.9961946980917455f,-2.322263125f,-1.2246467991473532e-16f,-0.9961946980917455f,0.08715574274765796f,-0.5103562500000012f,0f,0f,0f,1f], start_interpolation: 0, interpolation_duration: 1 }