# This file was generated by Animated Java via MC-Build. It is not recommended to edit this file directly.
$data merge entity $(bone_neck) { transformation: [-1f,1.223481206754078e-16f,5.34183431177275e-18f,4.113530898631002e-17f,0f,0.04361938736533622f,-0.9990482215818578f,1.230494375f,-1.2246467991473532e-16f,-0.9990482215818578f,-0.04361938736533622f,-0.33589528846153865f,0f,0f,0f,1f], start_interpolation: 0, interpolation_duration: 1 }
$data merge entity $(bone_left_fingers_2) { transformation: [-0.8491568012457781f,0.41098351884338324f,-0.33170057904252803f,4.27685046642933f,0.42059339515515465f,0.1463735504727703f,-0.8953636019371435f,3.8326302808845094f,-0.31942749232008494f,-0.8998151648872708f,-0.29715104944959625f,-0.9581002471253112f,0f,0f,0f,1f], start_interpolation: 0, interpolation_duration: 1 }
$data merge entity $(bone_left_fingers) { transformation: [-0.8491568012457781f,0.16839739295462333f,-0.5005747146471984f,4.001008287993268f,0.42059339515515465f,-0.35762831228683356f,-0.833788454107354f,3.3442479402077403f,-0.31942749232008494f,-0.9185555553677511f,0.23285568245835203f,-0.8248215653776882f,0f,0f,0f,1f], start_interpolation: 0, interpolation_duration: 1 }
$data merge entity $(bone_left_index_finger_2) { transformation: [-0.9103922990275591f,0.38946803702077193f,0.13964422655627973f,3.6298698034103345f,-0.0862954903775475f,0.15134950345933135f,-0.9847062588117905f,3.9320230023743092f,-0.4046466980117516f,-0.9085196618355602f,-0.10417808716993199f,-1.2265228417223488f,0f,0f,0f,1f], start_interpolation: 0, interpolation_duration: 1 }
$data merge entity $(bone_left_index_finger) { transformation: [-0.9103922990275591f,0.4035047990774395f,-0.09148627762014411f,3.579478283427686f,-0.0862954903775475f,-0.4014354106506134f,-0.9118128642524586f,3.4042032498457298f,-0.4046466980117516f,-0.8222125565796529f,0.4002843509193656f,-1.0005861998243075f,0f,0f,0f,1f], start_interpolation: 0, interpolation_duration: 1 }
$data merge entity $(bone_left_thumb) { transformation: [0.12176466997977005f,0.6368130673290888f,0.7613425526158607f,3.372479140791023f,0.11288479875426642f,0.753188252263854f,-0.6480466641083265f,2.649481790090966f,-0.9861188505220485f,0.16485318902174229f,0.01982520402001678f,-0.9577422627745934f,0f,0f,0f,1f], start_interpolation: 0, interpolation_duration: 1 }
$data merge entity $(bone_left_hand) { transformation: [-0.9151261971573003f,0.38737351140213333f,-0.11173990308031878f,3.7688942517476205f,0.13016078076089915f,0.02155647478568956f,-0.9912585381960286f,2.647869149791351f,-0.38157858224503505f,-0.9216708094861177f,-0.07014773348493825f,-0.8119869135962164f,0f,0f,0f,1f], start_interpolation: 0, interpolation_duration: 1 }
$data merge entity $(bone_left_forearm) { transformation: [-1.9554844543054932f,-0.34899868984656435f,-0.24412885287409908f,3.3454246510479133f,0.42143666669141205f,-1.4197172361036647f,-1.346147294626f,0.6311131451201186f,0.06156393658850727f,-1.366719180134035f,1.4606871662735221f,0.05877938149332307f,0f,0f,0f,1f], start_interpolation: 0, interpolation_duration: 1 }
$data merge entity $(bone_left_bicep) { transformation: [-2.092499741759922f,-1.294345322713247f,0.20495882267924206f,0.5656066349764858f,-0.3908138401962656f,0.24777352410539738f,-2.4252352310142005f,1.0354060379929966f,1.2508407075782144f,-2.0878629191141345f,-0.4148723393316301f,-2.7557237205009657f,0f,0f,0f,1f], start_interpolation: 0, interpolation_duration: 1 }
$data merge entity $(bone_left_shoulder) { transformation: [-1.044795148878475f,-0.6462728224792778f,0.10233692238117585f,1.311008471269481f,-0.19513522329431832f,0.1237145079827418f,-1.2109315732204864f,0.9758232484907926f,0.6245507596566185f,-1.0424799611105404f,-0.20714774720736057f,-0.6544480799257739f,0f,0f,0f,1f], start_interpolation: 0, interpolation_duration: 1 }
$data merge entity $(bone_right_fingers_2) { transformation: [-0.9899632539426458f,0.03968168644318797f,-0.13563966825495075f,-1.6344450392062266f,0.12746472645364015f,0.6652196638578577f,-0.7356871225778914f,5.011799470899498f,0.06103686880392255f,-0.7455924909612913f,-0.6636010383270583f,1.7751172174101288f,0f,0f,0f,1f], start_interpolation: 0, interpolation_duration: 1 }
$data merge entity $(bone_right_fingers) { transformation: [-0.9899632539426458f,-0.03941194572806425f,-0.13571829050358944f,-1.7265029360199216f,0.12746472645364015f,0.16575617125733755f,-0.9778944908323223f,4.450925253128357f,0.06103686880392255f,-0.9853789069307484f,-0.15906888577775516f,1.678581198227487f,0f,0f,0f,1f], start_interpolation: 0, interpolation_duration: 1 }
$data merge entity $(bone_right_index_finger_2) { transformation: [-0.798609477776783f,0.34648321313540514f,-0.49211003344827237f,-0.9615431895250519f,0.6015070398400171f,0.43191335996889446f,-0.6720417624696253f,4.719266096364015f,-0.020302291200608127f,-0.8327065704650983f,-0.5533421947369098f,1.6889497212302926f,0f,0f,0f,1f], start_interpolation: 0, interpolation_duration: 1 }
$data merge entity $(bone_right_index_finger) { transformation: [-0.798609477776783f,0.027810449840864476f,-0.6012066873253682f,-1.3078708887561485f,0.6015070398400171f,0.0031842573624282777f,-0.7988611528469449f,4.258883357829283f,-0.020302291200608127f,-0.9996081429163624f,-0.019271159469713528f,1.6720612221196016f,0f,0f,0f,1f], start_interpolation: 0, interpolation_duration: 1 }
$data merge entity $(bone_right_thumb) { transformation: [-0.1683309092974808f,-0.5704262536448891f,-0.8039145440454105f,-1.5188436867972315f,0.2713902918853065f,0.7572144233830904f,-0.5941158359200855f,3.604620707024692f,0.9476349584336216f,-0.31818266164778786f,0.027345555054484882f,2.1094744973039057f,0f,0f,0f,1f], start_interpolation: 0, interpolation_duration: 1 }
$data merge entity $(bone_right_hand) { transformation: [-0.9088321137735775f,-0.11304170866964468f,-0.4015541819915443f,-1.89432642163758f,0.4169219132576655f,-0.21347416796362872f,-0.8835184762401995f,3.7951195126008423f,0.014152993302432595f,-0.9703867021519225f,0.24114174476290418f,1.9627197408956356f,0f,0f,0f,1f], start_interpolation: 0, interpolation_duration: 1 }
$data merge entity $(bone_right_forearm) { transformation: [-1.818874110298616f,-0.23789807635568797f,-0.8002676104767977f,-2.8052745958108254f,0.8343988538123551f,-0.45290404673542095f,-1.7618124898620369f,1.7834744590194431f,0.028324827777199052f,-1.9348408725121313f,0.5107986632856911f,1.604488091290854f,0f,0f,0f,1f], start_interpolation: 0, interpolation_duration: 1 }
$data merge entity $(bone_right_bicep) { transformation: [-2.398822390286703f,0.19268382345935994f,-0.5517401442031693f,-1.6265658298391081f,0.38357905685992355f,-1.2394998177166663f,-2.1005714488462095f,-0.16605633743630066f,-0.44092102431921215f,-2.126594989354225f,1.1743404550026637f,-1.654694195879797f,0f,0f,0f,1f], start_interpolation: 0, interpolation_duration: 1 }
$data merge entity $(bone_right_shoulder) { transformation: [-1.1977435152678584f,0.09620795644561335f,-0.2754864980868035f,-1.3145296979590915f,0.19152286130346832f,-0.6188881990001738f,-1.0488253909084349f,1.0544364997496132f,-0.22015398045391732f,-1.0618190693958451f,0.5863538169359997f,0.18583942533111497f,0f,0f,0f,1f], start_interpolation: 0, interpolation_duration: 1 }
$data merge entity $(bone_chest) { transformation: [-3.8966079715005666f,-1.1665678470038687f,8.649819436996717e-17f,2.2545341454962424e-17f,-0.2025723807570565f,0.6766388733335081f,-4.005690763260861f,1.2660050577413313f,1.1488450601441693f,-3.837409740782931f,-0.7063113579375749f,-0.18409668380025468f,0f,0f,0f,1f], start_interpolation: 0, interpolation_duration: 1 }
$data merge entity $(bone_weist) { transformation: [-1.0934612614888464f,-0.1197600395499658f,-0.000050499614035814605f,9.799947229363268e-17f,0.010409993788020301f,-0.09458567018344119f,-1.0958764451457483f,-1.1775634325259094f,0.11930675442972104f,-1.0893626962233192f,0.09515678864120163f,-0.8002264192570767f,0f,0f,0f,1f], start_interpolation: 0, interpolation_duration: 1 }
$data merge entity $(bone_right_fingers2) { transformation: [-0.999997842919491f,0.000560194703774511f,-0.002000084562942724f,0.743887580066908f,0.0020424290944684046f,0.09011494702305728f,-0.9959292770103838f,-3.5022192674867623f,-0.00037767679188397665f,-0.9959312137416545f,-0.09011589679582305f,2.2132925084404853f,0f,0f,0f,1f], start_interpolation: 0, interpolation_duration: 1 }
$data merge entity $(bone_left_foot) { transformation: [-0.999997842919491f,0.001282951646605846f,-0.0016334599589613906f,0.7502926357064075f,0.0020424290944684046f,0.4643809892471575f,-0.8856331776244755f,-2.87177948785384f,-0.00037767679188397665f,-0.8856346034685545f,-0.46438260787774654f,1.4423601098840115f,0f,0f,0f,1f], start_interpolation: 0, interpolation_duration: 1 }
$data merge entity $(bone_left_knee) { transformation: [-1.5850107476635011f,-0.0002498907650659919f,-0.003282663525581398f,0.7705703388572412f,0.003237279049144593f,-0.4056804503937541f,-1.5322149982057696f,-0.7947765401958529f,-0.0005986230655573213f,-1.532218397702153f,0.40568008569253056f,1.4955718502653736f,0f,0f,0f,1f], start_interpolation: 0, interpolation_duration: 1 }
$data merge entity $(bone_left_thigh) { transformation: [-1.6036498741239846f,0.00034943108602799943f,-0.0033124962120813827f,0.73854f,0.003275348225441238f,-0.12455882909729933f,-1.5988052988713237f,-1.947456697124936f,-0.0006056626462273787f,-1.5988086156582142f,0.12455784672566025f,-0.2675037165048027f,0f,0f,0f,1f], start_interpolation: 0, interpolation_duration: 1 }
$data merge entity $(bone_left_leg) { transformation: [-1f,1.2199866483456202e-16f,-1.0673500138322946e-17f,0.525745f,0f,-0.08715574274765796f,-0.9961946980917455f,-2.2681765865384618f,-1.2246467991473532e-16f,-0.9961946980917455f,0.08715574274765796f,-0.5331927884615395f,0f,0f,0f,1f], start_interpolation: 0, interpolation_duration: 1 }
$data merge entity $(bone_left_fingers2) { transformation: [-0.9999842744928362f,-0.003109546829011526f,-0.0046670639115130854f,-0.7325269776372249f,-0.0055145977236189135f,0.6965512821650659f,0.7174858190418465f,-4.506187361862959f,0.0010197935980484358f,0.7175002731934818f,-0.6965574764427529f,1.0672799028265483f,0f,0f,0f,1f], start_interpolation: 0, interpolation_duration: 1 }
$data merge entity $(bone_right_foot) { transformation: [-0.9999842744928362f,-0.005056763221834448f,0.0024248531407625408f,-0.7427720088423261f,-0.0055145977236189135f,0.8080161190365833f,-0.5891345691682035f,-3.5999365009702773f,0.0010197935980484358f,-0.5891386768179256f,-0.808031298588267f,0.6544403212791027f,0f,0f,0f,1f], start_interpolation: 0, interpolation_duration: 1 }
$data merge entity $(bone_right_knee) { transformation: [-1.584989241515034f,-0.003432342730761593f,0.008199502363153083f,-0.7679694616763055f,-0.008740715515403728f,0.335950208409743f,-1.5489773936038436f,-1.7641545324583054f,0.001616387299982743f,-1.5489982521058105f,-0.335963853411744f,1.6175444976947468f,0f,0f,0f,1f], start_interpolation: 0, interpolation_duration: 1 }
$data merge entity $(bone_right_thigh) { transformation: [-1.6036281150713516f,-0.0053746299845000645f,0.0072107847245707615f,-0.73854f,-0.008843503021473883f,0.7085659966966206f,-1.4385965502150853f,-1.9476740090886842f,0.0016353954028223675f,-1.4386136921317565f,-0.7085844930592415f,-0.2700062857718004f,0f,0f,0f,1f], start_interpolation: 0, interpolation_duration: 1 }
$data merge entity $(bone_right_leg) { transformation: [-1f,1.2199866483456202e-16f,-1.0673500138322946e-17f,-0.525745f,0f,-0.08715574274765796f,-0.9961946980917455f,-2.2825996634615384f,-1.2246467991473532e-16f,-0.9961946980917455f,0.08715574274765796f,-0.5187697115384627f,0f,0f,0f,1f], start_interpolation: 0, interpolation_duration: 1 }