# This file was generated by Animated Java via MC-Build. It is not recommended to edit this file directly.
$data merge entity $(bone_neck) { transformation: [-1f,1.223481206754078e-16f,5.34183431177275e-18f,2.5827223996968107e-17f,0f,0.04361938736533622f,-0.9990482215818578f,0.3554943749999999f,-1.2246467991473532e-16f,-0.9990482215818578f,-0.04361938736533622f,-0.21089528846153868f,0f,0f,0f,1f], start_interpolation: 0, interpolation_duration: 1 }
$data merge entity $(bone_left_fingers_2) { transformation: [-0.856516746098729f,-0.023460777993878745f,-0.5155857402492504f,4.021513052630646f,0.5092703791347712f,0.12378398988236217f,-0.8516579153537698f,2.997879175559412f,0.08380181733334768f,-0.9920318118612552f,-0.09407518092941947f,-1.9533128874603674f,0f,0f,0f,1f], start_interpolation: 0, interpolation_duration: 1 }
$data merge entity $(bone_left_fingers) { transformation: [-0.856516746098729f,-0.296810635777282f,-0.4222351360816994f,3.7882299485506943f,0.5092703791347712f,-0.3531971061696799f,-0.7847900898516045f,2.536541987270614f,0.08380181733334768f,-0.8872177019665743f,0.4536761011214706f,-1.6981337011024982f,0f,0f,0f,1f], start_interpolation: 0, interpolation_duration: 1 }
$data merge entity $(bone_left_index_finger_2) { transformation: [-0.9987606642617013f,-0.045992900689701105f,-0.019020741564740908f,3.336050992212256f,0.012843724514317423f,0.13104882707780213f,-0.9912927134111963f,3.166498111128375f,0.04808507319455475f,-0.9903084660890664f,-0.13029569343686948f,-1.9061641972302161f,0f,0f,0f,1f], start_interpolation: 0, interpolation_duration: 1 }
$data merge entity $(bone_left_index_finger) { transformation: [-0.9987606642617013f,-0.049009856003016924f,0.008670036798590686f,3.3407642326905216f,0.012843724514317423f,-0.4220957269316657f,-0.9064602782508611f,2.641643663983347f,0.04808507319455475f,-0.9052255140685065f,0.42220207770128537f,-1.6680760680134556f,0f,0f,0f,1f], start_interpolation: 0, interpolation_duration: 1 }
$data merge entity $(bone_left_thumb) { transformation: [-0.32242510086530324f,0.7135527671023376f,0.622000404254367f,3.102064889676335f,0.12093498698496588f,0.6827590278354854f,-0.720565638115008f,1.910413711650384f,-0.9388379962778161f,-0.15710683775615775f,-0.30643214301916016f,-1.5176961815115644f,0f,0f,0f,1f], start_interpolation: 0, interpolation_duration: 1 }
$data merge entity $(bone_left_hand) { transformation: [-0.9714316762228982f,-0.0664590401802681f,-0.22782382318161526f,3.5194846922883434f,0.22817188974270453f,0.002406727147924337f,-0.9736178903428583f,1.8664729264977011f,0.06525402027471891f,-0.9977862514801217f,0.012826113800898875f,-1.5648351081550091f,0f,0f,0f,1f], start_interpolation: 0, interpolation_duration: 1 }
$data merge entity $(bone_left_forearm) { transformation: [-1.6734743947255897f,-1.0442261490854343f,0.3382212783293234f,3.376867097792508f,0.6022337938515405f,-1.3890730624806888f,-1.3088578677550873f,-0.09683858059505868f,0.9176689714116395f,-0.9926662127862612f,1.4757424850737266f,-0.5018518657586015f,0f,0f,0f,1f], start_interpolation: 0, interpolation_duration: 1 }
$data merge entity $(bone_left_bicep) { transformation: [-0.7673021619932143f,-1.0338083573655326f,-0.08356611725352639f,1.6440532558640286f,-0.15276036864987383f,0.21545878067817475f,-1.2628291282314246f,0.10401727342703224f,1.0258690391475926f,-0.7411568103856061f,-0.2505492375732583f,-0.7888843084942674f,0f,0f,0f,1f], start_interpolation: 0, interpolation_duration: 1 }
$data merge entity $(bone_left_shoulder) { transformation: [-0.7331781247614919f,-0.9878320567311558f,-0.07984970221168394f,1.311008471269481f,-0.14596669496361872f,0.20587673618782107f,-1.2066676441074509f,0.1008232484907926f,0.9802458218275647f,-0.7081955288398274f,-0.23940662396570647f,-0.5294480799257739f,0f,0f,0f,1f], start_interpolation: 0, interpolation_duration: 1 }
$data merge entity $(bone_right_fingers_2) { transformation: [-0.9829703101069412f,-0.15044269287753553f,0.1055289799439914f,-2.4759382612046816f,-0.17447482278045784f,0.5837746822565567f,-0.7929474488085474f,4.91774563761139f,0.05768800277346753f,-0.7978559497277761f,-0.6000816426287314f,0.955926434928558f,0f,0f,0f,1f], start_interpolation: 0, interpolation_duration: 1 }
$data merge entity $(bone_right_fingers) { transformation: [-0.9829703101069412f,-0.07018140066482219f,0.16983503893186325f,-2.391979773548817f,-0.17447482278045784f,0.06630021961286969f,-0.9824270034435194f,4.349532257354519f,0.05768800277346753f,-0.9953285145518582f,-0.07741603487649995f,0.9063454469051117f,0f,0f,0f,1f], start_interpolation: 0, interpolation_duration: 1 }
$data merge entity $(bone_right_index_finger_2) { transformation: [-0.9428304510394495f,0.21413344683070154f,-0.25537738259515413f,-1.7446047766553314f,0.3271436600409227f,0.44836201224475236f,-0.8318344376562354f,4.837266153592871f,-0.06362205818564665f,-0.8678239296794249f,-0.4927817577670488f,0.8890541764921638f,0f,0f,0f,1f], start_interpolation: 0, interpolation_duration: 1 }
$data merge entity $(bone_right_index_finger) { transformation: [-0.9428304510394495f,0.04338414967042873f,-0.33043691705092887f,-1.9347918500685923f,0.3271436600409227f,-0.06879963180741933f,-0.9424667826285403f,4.293703967432938f,-0.06362205818564665f,-0.9966867242120449f,0.050673538377390054f,0.9124932353723416f,0f,0f,0f,1f], start_interpolation: 0, interpolation_duration: 1 }
$data merge entity $(bone_right_thumb) { transformation: [-0.25954506918276754f,-0.7672738533784701f,-0.5864530594895611f,-1.945375593211529f,0.2826840646556161f,0.52030464184965f,-0.8058367075651783f,3.6436105441632733f,0.9234316848867012f,-0.37493187860124877f,0.08185358731202064f,1.4035798229118577f,0f,0f,0f,1f], start_interpolation: 0, interpolation_duration: 1 }
$data merge entity $(bone_right_hand) { transformation: [-0.9925374240927857f,-0.025695344595947904f,-0.11920239528362381f,-2.3582452649948435f,0.1212075585324603f,-0.3149026414645092f,-0.9413527787993589f,3.6987601905202125f,-0.013348765106106976f,-0.9487760935356507f,0.31566712658332313f,1.2444849196439627f,0f,0f,0f,1f], start_interpolation: 0, interpolation_duration: 1 }
$data merge entity $(bone_right_forearm) { transformation: [-1.9863961636313947f,-0.054889099825660245f,-0.23779032793065472f,-2.610274297151204f,0.24257647462721693f,-0.6575579424395416f,-1.8745935502179316f,1.4835978652898292f,-0.026715300755761454f,-1.8894262386453633f,0.6593038401606076f,1.0589868004165988f,0f,0f,0f,1f], start_interpolation: 0, interpolation_duration: 1 }
$data merge entity $(bone_right_bicep) { transformation: [-1.2823436790538938f,-0.11061493171583654f,-0.08862645870808666f,-1.9005695237041145f,0.13942867637703907f,-0.8393296211426283f,-0.969835581316457f,0.4149572579854363f,0.02549424455406137f,-0.9735428842455702f,0.8462032377275243f,-0.20338789235056737f,0f,0f,0f,1f], start_interpolation: 0, interpolation_duration: 1 }
$data merge entity $(bone_right_shoulder) { transformation: [-1.2253143291896536f,-0.1056955815103708f,-0.08468499636577517f,-1.5065683625285589f,0.13322789970843127f,-0.8020023247263676f,-0.9267043259586955f,0.31421296921342357f,0.024360445389339194f,-0.9302467549314345f,0.8085702526792254f,-0.3167451166765925f,0f,0f,0f,1f], start_interpolation: 0, interpolation_duration: 1 }
$data merge entity $(bone_chest) { transformation: [-3.8966079715005666f,-1.1665678470038687f,8.649819436996717e-17f,7.237256465620506e-18f,-0.2025723807570565f,0.6766388733335081f,-4.005690763260861f,0.3910050577413313f,1.1488450601441693f,-3.837409740782931f,-0.7063113579375749f,-0.05909668380025468f,0f,0f,0f,1f], start_interpolation: 0, interpolation_duration: 1 }
$data merge entity $(bone_weist) { transformation: [-1.0934612589804429f,-0.11976006247543007f,-0.00005044587016066612f,8.269138730429076e-17f,0.010409949167530654f,-0.09458573624555967f,-1.09587643986775f,-2.0525634325259094f,0.11930678131285813f,-1.0893626879670362f,0.09515684945393758f,-0.6752264192570767f,0f,0f,0f,1f], start_interpolation: 0, interpolation_duration: 1 }
$data merge entity $(bone_right_fingers2) { transformation: [-0.9993276703304483f,-0.02313143655080562f,0.02844545578849039f,0.7429164123704537f,-0.03461483401431344f,0.3395462390458126f,-0.9399522141130398f,-5.080655506422489f,0.012083897470619184f,-0.940304891082111f,-0.3401186428718362f,0.9671829686134432f,0f,0f,0f,1f], start_interpolation: 0, interpolation_duration: 1 }
$data merge entity $(bone_left_foot) { transformation: [-0.999997842919491f,0.002041306165384899f,-0.0003836997579102653f,0.7498108922864661f,0.002042429094468404f,0.932812646414336f,-0.36035592845529407f,-4.098478072500741f,-0.00037767679188397676f,-0.3603559348180937f,-0.932814803485461f,0.8025255725846941f,0f,0f,0f,1f], start_interpolation: 0, interpolation_duration: 1 }
$data merge entity $(bone_left_knee) { transformation: [-1.5850107476635011f,0.0009360410465391038f,-0.003156287752382811f,0.7694933475074341f,0.003237279049144592f,0.16683139174410258f,-1.5762064316856188f,-2.1767239052573117f,-0.0005986230655573215f,-1.5762094781753833f,-0.16683294367282622f,1.5922454221379687f,0f,0f,0f,1f], start_interpolation: 0, interpolation_duration: 1 }
$data merge entity $(bone_left_thigh) { transformation: [-1.6036498741239846f,0.0011767529860413884f,-0.003116084987412713f,0.73854f,0.0032753482254412377f,0.28430966942737124f,-1.5782462727582192f,-2.845444024274631f,-0.0006056626462273789f,-1.5782492327365851f,-0.2843114595830605f,-0.40525006812650055f,0f,0f,0f,1f], start_interpolation: 0, interpolation_duration: 1 }
$data merge entity $(bone_left_leg) { transformation: [-1f,1.2199866483456202e-16f,-1.0673500138322946e-17f,0.525745f,0f,-0.08715574274765796f,-0.9961946980917455f,-3.1431765865384618f,-1.2246467991473532e-16f,-0.9961946980917455f,0.08715574274765796f,-0.4081927884615395f,0f,0f,0f,1f], start_interpolation: 0, interpolation_duration: 1 }
$data merge entity $(bone_left_fingers2) { transformation: [-0.9999830881135893f,-0.0005535886201439809f,-0.005789389125740924f,-0.7297708050114663f,-0.005718834004687022f,0.27461480953693296f,0.9615373114552658f,-5.896391269643166f,0.0010575558786350618f,0.9615541586008735f,-0.27461333116389286f,0.46134806066334655f,0f,0f,0f,1f], start_interpolation: 0, interpolation_duration: 1 }
$data merge entity $(bone_right_foot) { transformation: [-0.9999830881135893f,-0.005759731713653714f,0.0008055913333271554f,-0.7403771972419586f,-0.005718834004687022f,0.9486436112405349f,-0.3162951055425044f,-4.907615089354208f,0.0010575558786350618f,-0.3162943634387181f,-0.9486605068371192f,0.3428521815686658f,0f,0f,0f,1f], start_interpolation: 0, interpolation_duration: 1 }
$data merge entity $(bone_right_knee) { transformation: [-1.5849873610871206f,-0.0053780088907542534f,0.007486704781439183f,-0.7639982875480666f,-0.009064432914243997f,0.6752057070973072f,-1.4339752430544943f,-3.334989460576182f,0.0016762410496781869f,-1.4339938070499552f,-0.6752250440352068f,1.6936262848055965f,0f,0f,0f,1f], start_interpolation: 0, interpolation_duration: 1 }
$data merge entity $(bone_right_thigh) { transformation: [-1.6036262125303176f,-0.007832053996673147f,0.005063884573367078f,-0.73854f,-0.009171027214396358f,1.1658797497239508f,-1.1010650820703385f,-2.8241992345867684f,0.0016959530099593789f,-1.1010754204980335f,-1.1659048227147777f,-0.1624396929884059f,0f,0f,0f,1f], start_interpolation: 0, interpolation_duration: 1 }
$data merge entity $(bone_right_leg) { transformation: [-1f,1.2199866483456202e-16f,-1.0673500138322946e-17f,-0.525745f,0f,-0.08715574274765796f,-0.9961946980917455f,-3.1575996634615384f,-1.2246467991473532e-16f,-0.9961946980917455f,0.08715574274765796f,-0.39376971153846274f,0f,0f,0f,1f], start_interpolation: 0, interpolation_duration: 1 }