# This file was generated by Animated Java via MC-Build. It is not recommended to edit this file directly.
$data merge entity $(bone_neck) { transformation: [-0.9659258262890683f,-0.25881904510252063f,2.719262146893782e-32f,4.407917148426039e-17f,-5.746937261686308e-17f,2.144786184852406e-16f,-1f,1.230494375f,0.25881904510252063f,-0.9659258262890683f,-2.220446049250313e-16f,-0.3599337500000002f,0f,0f,0f,1f], start_interpolation: 0, interpolation_duration: 1 }
$data merge entity $(bone_left_fingers_2) { transformation: [-0.8506104666558252f,0.45926785226728534f,-0.2559978005556971f,4.0796048560363785f,0.2538441285657473f,-0.06767999810917591f,-0.9648743836627842f,3.9836959852092533f,-0.46046171655009044f,-0.8857157883484613f,-0.059013132962140114f,-1.5068083219508936f,0f,0f,0f,1f], start_interpolation: 0, interpolation_duration: 1 }
$data merge entity $(bone_left_fingers) { transformation: [-0.8506104666558252f,0.24979505996286017f,-0.4626707922850875f,3.8260983597353917f,0.2538441285657473f,-0.5755073599038083f,-0.7774023649881986f,3.5288426894370977f,-0.46046171655009044f,-0.7787128525423855f,0.4261235746553392f,-1.2593970029776873f,0f,0f,0f,1f], start_interpolation: 0, interpolation_duration: 1 }
$data merge entity $(bone_left_index_finger_2) { transformation: [-0.8749339389684923f,0.4381039243088351f,0.2062899753896861f,3.446713373295168f,-0.2605694105779275f,-0.06686905426924666f,-0.9631366008268027f,3.95803671777134f,-0.40815950890815994f,-0.8964337572215442f,0.17266248637591997f,-1.821932985796863f,0f,0f,0f,1f], start_interpolation: 0, interpolation_duration: 1 }
$data merge entity $(bone_left_index_finger) { transformation: [-0.8749339389684923f,0.48033262512188174f,-0.06140986634573172f,3.414099948007736f,-0.2605694105779275f,-0.5738897067690125f,-0.7763724536172365f,3.507276696331712f,-0.40815950890815994f,-0.6632730762725849f,0.6272755706862423f,-1.464256972957837f,0f,0f,0f,1f], start_interpolation: 0, interpolation_duration: 1 }
$data merge entity $(bone_left_thumb) { transformation: [0.1789198766911803f,0.5772615415630231f,0.7967162546083109f,3.2514137099904623f,-0.14503487651786065f,0.816411382704033f,-0.5589609456703908f,2.777707749938371f,-0.9731148762187642f,-0.015542420132356821f,0.22979528032178492f,-1.2285642275733193f,0f,0f,0f,1f], start_interpolation: 0, interpolation_duration: 1 }
$data merge entity $(bone_left_hand) { transformation: [-0.8944334582961313f,0.44483855726547344f,-0.045906934665634766f,3.6367855527123707f,-0.04681898096148826f,-0.19523632297012078f,-0.9796380766460817f,2.845403603676252f,-0.44474348978051453f,-0.8740717568730145f,0.19545278748273354f,-1.0695108502391732f,0f,0f,0f,1f], start_interpolation: 0, interpolation_duration: 1 }
$data merge entity $(bone_left_forearm) { transformation: [-1.985674158213151f,-0.23653759462915683f,-0.08041478149097882f,3.4313857052469334f,0.2415019270615595f,-1.6523427133000175f,-1.103067908326856f,0.9696909282372599f,0.06397960597520419f,-1.1041430874130782f,1.6679607566989898f,0.13231196848947624f,0f,0f,0f,1f], start_interpolation: 0, interpolation_duration: 1 }
$data merge entity $(bone_left_bicep) { transformation: [-1.9940666476093263f,-1.3824812486980722f,0.45643937667491424f,0.5318810262560276f,-0.4564944575804095f,-0.14130596499950165f,-2.4223002574294936f,0.7396529969463482f,1.3824630619946168f,-2.0407526366374835f,-0.14148378340533757f,-2.579186477668206f,0f,0f,0f,1f], start_interpolation: 0, interpolation_duration: 1 }
$data merge entity $(bone_left_shoulder) { transformation: [-0.9956470332514001f,-0.6902795126944027f,0.22790236815320938f,1.3488081494714566f,-0.2279298703132856f,-0.07055474550018347f,-1.2094661268444649f,1.0105695089215134f,0.6902704319862117f,-1.01895757130489f,-0.07064353108237062f,-0.5215743560761191f,0f,0f,0f,1f], start_interpolation: 0, interpolation_duration: 1 }
$data merge entity $(bone_right_fingers_2) { transformation: [-0.9867934769879336f,0.08204566766945436f,-0.1396679712415767f,-1.6845357114073058f,0.15709689149949096f,0.694926727811846f,-0.7017103459789645f,4.641187980669798f,0.039486712388619775f,-0.71438459627108f,-0.6986382813411702f,2.0522009806001975f,0f,0f,0f,1f], start_interpolation: 0, interpolation_duration: 1 }
$data merge entity $(bone_right_fingers) { transformation: [-0.9867934769879336f,-0.005846931968269992f,-0.1618778773045374f,-1.7914323113742046f,0.15709689149949096f,0.20906656363583848f,-0.9652003619201037f,4.088287680498118f,0.039486712388619775f,-0.9778839324562296f,-0.20538698641510403f,1.9287176922111882f,0f,0f,0f,1f], start_interpolation: 0, interpolation_duration: 1 }
$data merge entity $(bone_right_index_finger_2) { transformation: [-0.7783223565841496f,0.38370916556351764f,-0.4969724192586996f,-1.0190009594121727f,0.6276671253944113f,0.4556443859855296f,-0.6312069179112236f,4.330729190868155f,-0.015757186944762056f,-0.8032157056372954f,-0.5954798412013367f,1.9717252349308252f,0f,0f,0f,1f], start_interpolation: 0, interpolation_duration: 1 }
$data merge entity $(bone_right_index_finger) { transformation: [-0.7783223565841496f,0.05659394168939821f,-0.6253090715840869f,-1.3790528954205632f,0.6276671253944113f,0.04513934769335409f,-0.7771720652396964f,3.883089031945905f,-0.015757186944762056f,-0.9973763407329628f,-0.07065512016628633f,1.9252359448273135f,0f,0f,0f,1f], start_interpolation: 0, interpolation_duration: 1 }
$data merge entity $(bone_right_thumb) { transformation: [-0.1868312680029052f,-0.536879478194289f,-0.8227116768286776f,-1.6230372473946024f,0.23586810811941483f,0.7884466642846615f,-0.5680828224392622f,3.2179327276528826f,0.9536562865459414f,-0.3001870807883283f,-0.020673743231138936f,2.3276514488895326f,0f,0f,0f,1f], start_interpolation: 0, interpolation_duration: 1 }
$data merge entity $(bone_right_hand) { transformation: [-0.8952576466554305f,-0.09180454824030995f,-0.4359881546869969f,-1.9879533307725903f,0.445484714740487f,-0.16784158542448493f,-0.8794160398439309f,3.4267503746037145f,0.007557449144193255f,-0.9815299929826841f,0.19115898576275436f,2.1791742451457754f,0f,0f,0f,1f], start_interpolation: 0, interpolation_duration: 1 }
$data merge entity $(bone_right_forearm) { transformation: [-1.791707105052971f,-0.1614652577482609f,-0.8769500512968517f,-2.942675337642182f,0.8915624810074722f,-0.29100579007406857f,-1.7679815453872048f,1.4819550883974817f,0.015124959142559716f,-1.9734668410972138f,0.33245546307329776f,1.6213664854690608f,0f,0f,0f,1f], start_interpolation: 0, interpolation_duration: 1 }
$data merge entity $(bone_right_bicep) { transformation: [-2.3353176994985887f,0.47596497632517487f,-0.6447027892055808f,-1.3354716736261458f,0.4392068681500259f,-0.9012095730588726f,-2.2562827249894797f,0.05402062430442056f,-0.6702847693835254f,-2.248815632600387f,0.7677497516728049f,-1.7238081603369733f,0f,0f,0f,1f], start_interpolation: 0, interpolation_duration: 1 }
$data merge entity $(bone_right_shoulder) { transformation: [-1.1660353188259103f,0.23765159363047406f,-0.3219031922383361f,-1.2754466801240156f,0.21929809406394837f,-0.44997825866531527f,-1.126572777296801f,0.9813974138626753f,-0.3346763975368668f,-1.122844422282626f,0.3833411302721356f,0.3037279341314354f,0f,0f,0f,1f], start_interpolation: 0, interpolation_duration: 1 }
$data merge entity $(bone_chest) { transformation: [-3.8923404614857238f,-1.1807285704623667f,8.649819436996717e-17f,2.2545341454962424e-17f,-0.20503136458007f,0.6758978279962553f,-4.005690763260861f,1.2660050577413313f,1.1627906503943597f,-3.8332070638342564f,-0.7063113579375749f,-0.18409668380025468f,0f,0f,0f,1f], start_interpolation: 0, interpolation_duration: 1 }
$data merge entity $(bone_weist) { transformation: [-1.0999999999999999f,1.3458293274294852e-16f,-5.876017742949966e-18f,1.0148838743746794e-16f,0f,-0.047981326101869406f,-1.0989530437400434f,-1.3391334545044749f,-1.3471114790620883e-16f,-1.0989530437400434f,0.047981326101869406f,-0.8287155734055575f,0f,0f,0f,1f], start_interpolation: 0, interpolation_duration: 1 }
$data merge entity $(bone_right_fingers2) { transformation: [-0.9999958285483594f,0.0009245730720484036f,-0.0027364302502534046f,0.7409030870043467f,0.0028402537186136743f,0.1424941982585441f,-0.9897915621086435f,-4.095637171433753f,-0.0005252091906660907f,-0.9897952053972019f,-0.14249622987299299f,1.9818547011972774f,0f,0f,0f,1f], start_interpolation: 0, interpolation_duration: 1 }
$data merge entity $(bone_left_foot) { transformation: [-0.9999958285483594f,0.002083649204240709f,-0.0020003229423585568f,0.7481627407038552f,0.0028402537186136743f,0.5834287787157779f,-0.8121593397388407f,-3.363785574312353f,-0.0005252091906660907f,-0.8121616332801059f,-0.5834322630632425f,1.3064491631355817f,0f,0f,0f,1f], start_interpolation: 0, interpolation_duration: 1 }
$data merge entity $(bone_left_knee) { transformation: [-1.5850075548567208f,0.00029295617800025086f,-0.004568780780971765f,0.769858896238517f,0.004501842380930354f,-0.1878845372959933f,-1.5738325967504534f,-1.3145489513973296f,-0.0008324640076692882f,-1.5738390080804883f,0.18788292147485802f,1.6490020193173702f,0f,0f,0f,1f], start_interpolation: 0, interpolation_duration: 1 }
$data merge entity $(bone_left_thigh) { transformation: [-1.6036466437710049f,0.0015447729241005012f,-0.004366819175896653f,0.73854f,0.004554782343367213f,0.25099650224116726f,-1.5838825787701607f,-2.025176787607696f,-0.0008422534693089785f,-1.583888374554982f,-0.25099984276843834f,-0.3339654907716676f,0f,0f,0f,1f], start_interpolation: 0, interpolation_duration: 1 }
$data merge entity $(bone_left_leg) { transformation: [-1f,1.2199866483456202e-16f,-1.0673500138322946e-17f,0.525745f,0f,-0.08715574274765796f,-0.9961946980917455f,-2.343096458333333f,-1.2246467991473532e-16f,-0.9961946980917455f,0.08715574274765796f,-0.5676479166666677f,0f,0f,0f,1f], start_interpolation: 0, interpolation_duration: 1 }
$data merge entity $(bone_left_fingers2) { transformation: [-0.9999998908244513f,-0.00032881959080339584f,-0.0003320071719895158f,-0.7469182363748084f,-0.0004594992546504756f,0.8210932960548007f,0.5707938227015937f,-4.146707761271266f,0.00008492067194886052f,0.570793912941913f,-0.8210933575038464f,0.8684856865119265f,0f,0f,0f,1f], start_interpolation: 0, interpolation_duration: 1 }
$data merge entity $(bone_right_foot) { transformation: [-0.9999998908244513f,-0.0004195858709717515f,0.00020566667797546908f,-0.7521950108566108f,-0.0004594992546504756f,0.8029912972162794f,-0.5959905749719133f,-3.2439608614128863f,0.00008492067194886052f,-0.5959906044080003f,-0.8029914023486588f,0.44794758589256034f,0f,0f,0f,1f], start_interpolation: 0, interpolation_duration: 1 }
$data merge entity $(bone_right_knee) { transformation: [-1.5850139936218752f,-0.00028258667746561907f,0.0006846178725671719f,-0.7690153447192051f,-0.000728312828193778f,0.3284167035239154f,-1.5506166021750627f,-1.4034071524490794f,0.00013460046808179654f,-1.5506167474670463f,-0.3284167975172092f,1.402085481042204f,0f,0f,0f,1f], start_interpolation: 0, interpolation_duration: 1 }
$data merge entity $(bone_right_thigh) { transformation: [-1.6036531582536004f,-0.0003033889019860933f,0.0006851930656475486f,-0.73854f,-0.0007368775113844173f,0.371969314274099f,-1.5599174015828852f,-2.0153678825099783f,0.00013618331863969667f,-1.5599175461237498f,-0.3719694130711193f,-0.33752754727608864f,0f,0f,0f,1f], start_interpolation: 0, interpolation_duration: 1 }
$data merge entity $(bone_right_leg) { transformation: [-1f,1.2199866483456202e-16f,-1.0673500138322946e-17f,-0.525745f,0f,-0.08715574274765796f,-0.9961946980917455f,-2.345700625f,-1.2246467991473532e-16f,-0.9961946980917455f,0.08715574274765796f,-0.5337937500000012f,0f,0f,0f,1f], start_interpolation: 0, interpolation_duration: 1 }