# This file was generated by Animated Java via MC-Build. It is not recommended to edit this file directly.
$data merge entity $(bone_neck) { transformation: [-0.9825664732332883f,-0.1859116071629145f,2.719262146893782e-32f,4.407917148426039e-17f,-4.1280669363466994e-17f,2.1817358436166684e-16f,-1f,1.230494375f,0.1859116071629145f,-0.9825664732332883f,-2.220446049250313e-16f,-0.3599337500000002f,0f,0f,0f,1f], start_interpolation: 0, interpolation_duration: 1 }
$data merge entity $(bone_left_fingers_2) { transformation: [-0.7830336604682675f,0.5670337912176204f,-0.2555992296370188f,3.8555139923522024f,-0.027412459281458162f,-0.4420075229826344f,-0.8965923860388835f,3.9721207916833783f,-0.6213749622006086f,-0.6950554145132082f,0.36165055938856794f,-2.121864459285482f,0f,0f,0f,1f], start_interpolation: 0, interpolation_duration: 1 }
$data merge entity $(bone_left_fingers) { transformation: [-0.7830336604682675f,0.34089808302207075f,-0.5202372377728672f,3.5684284872145424f,-0.027412459281458162f,-0.8545241017339327f,-0.5186878797812396f,3.6686236537322325f,-0.6213749622006086f,-0.3918890870484819f,0.6784659901590493f,-1.7245725954209248f,0f,0f,0f,1f], start_interpolation: 0, interpolation_duration: 1 }
$data merge entity $(bone_left_index_finger_2) { transformation: [-0.8186557743100895f,0.5474055549383072f,0.17363721263436294f,3.2673911943490035f,-0.4615491664376087f,-0.44724062887203625f,-0.7661254380627849f,3.7737684118195967f,-0.3417237044009326f,-0.707335124469886f,0.6187907009172607f,-2.4613957370304265f,0f,0f,0f,1f], start_interpolation: 0, interpolation_duration: 1 }
$data merge entity $(bone_left_index_finger) { transformation: [-0.8186557743100895f,0.5549723687683014f,-0.14767665046461348f,3.1854920785551117f,-0.4615491664376087f,-0.7888378184263241f,-0.40584142615207025f,3.5353101863910017f,-0.3417237044009326f,-0.26408439204939377f,0.901933669249799f,-1.9431191967980135f,0f,0f,0f,1f], start_interpolation: 0, interpolation_duration: 1 }
$data merge entity $(bone_left_thumb) { transformation: [0.2992847249660501f,0.582295086152249f,0.755884307314909f,2.98737238559217f,-0.5646200536354872f,0.7466879478487471f,-0.35165509177329646f,2.9870213496845275f,-0.7691767342000502f,-0.3215424407140851f,0.5522477798823406f,-1.4192712526272602f,0f,0f,0f,1f], start_interpolation: 0, interpolation_duration: 1 }
$data merge entity $(bone_left_hand) { transformation: [-0.8313409143216942f,0.5500385137565496f,-0.07956077902619363f,3.3501334142466175f,-0.2894186536580321f,-0.5506822065809649f,-0.7829341928092625f,3.139038734984922f,-0.47445666513343543f,-0.6278588541540249f,0.6169960552311932f,-1.2653644195314668f,0f,0f,0f,1f], start_interpolation: 0, interpolation_duration: 1 }
$data merge entity $(bone_left_forearm) { transformation: [-1.999435953011163f,0.08690717254681095f,-0.00463103843153673f,3.3690595376221415f,-0.07873462352032162f,-1.8516611635362061f,-0.7552947953359345f,1.5253101468685064f,-0.037083179693073065f,-0.7543981125124563f,1.8533285620666908f,0.28395384070687957f,0f,0f,0f,1f], start_interpolation: 0, interpolation_duration: 1 }
$data merge entity $(bone_left_bicep) { transformation: [-2.0083920337652295f,-1.186948378538717f,0.8083366180507576f,0.7495576166441106f,-0.4897879828367584f,-0.740260486012904f,-2.3039130294795633f,0.335415592993041f,1.3499489891348209f,-2.0344682504824965f,0.36670119607334944f,-2.4609740806579397f,0f,0f,0f,1f], start_interpolation: 0, interpolation_duration: 1 }
$data merge entity $(bone_left_shoulder) { transformation: [-1.0027997672101199f,-0.5926490135780887f,0.40360634715775334f,1.358611061146186f,-0.24455348702524754f,-0.3696156081922426f,-1.1503548165858428f,1.116523528900999f,0.6740359995911929f,-1.0158197471812478f,0.18309566452951428f,-0.46261034544097923f,0f,0f,0f,1f], start_interpolation: 0, interpolation_duration: 1 }
$data merge entity $(bone_right_fingers_2) { transformation: [-0.995516662569602f,-0.010947822156812607f,-0.09395062392716555f,-2.110385856480499f,0.059835806375294565f,0.6963771126891358f,-0.7151773159141449f,4.142434769794666f,0.07325469829095707f,-0.7175925460264796f,-0.6925999473473381f,2.083391756890372f,0f,0f,0f,1f], start_interpolation: 0, interpolation_duration: 1 }
$data merge entity $(bone_right_fingers) { transformation: [-0.995516662569602f,-0.059712932997342316f,-0.07335489199184875f,-2.1666959165616473f,0.059835806375294565f,0.2030540081626903f,-0.9773375803909743f,3.5811673608059764f,0.07325469829095707f,-0.9773450953485778f,-0.19857067703057235f,1.964304308909648f,0f,0f,0f,1f], start_interpolation: 0, interpolation_duration: 1 }
$data merge entity $(bone_right_index_finger_2) { transformation: [-0.836210138007527f,0.3095185815032084f,-0.45271497964798346f,-1.4207497314796327f,0.5483120561117625f,0.48740185546439263f,-0.6795537656524011f,3.8983149481734682f,0.010319603477057071f,-0.8164788294831097f,-0.5772831426518249f,1.980410983418869f,0f,0f,0f,1f], start_interpolation: 0, interpolation_duration: 1 }
$data merge entity $(bone_right_index_finger) { transformation: [-0.836210138007527f,0.017801742702342555f,-0.5481201538442022f,-1.7365403943129678f,0.5483120561117625f,0.0459465834363528f,-0.8350106589697028f,3.4173458118196285f,0.010319603477057071f,-0.9987852669254215f,-0.04818190901978095f,1.9468653467431378f,0f,0f,0f,1f], start_interpolation: 0, interpolation_duration: 1 }
$data merge entity $(bone_right_thumb) { transformation: [-0.17638749759703792f,-0.6215540235549418f,-0.7632549026990377f,-1.9002287364352792f,0.22074763679182413f,0.7306831072949967f,-0.64604386659464f,2.7333155864222607f,0.959248628637164f,-0.28244077700712944f,0.008323217006010686f,2.358214697605235f,0f,0f,0f,1f], start_interpolation: 0, interpolation_duration: 1 }
$data merge entity $(bone_right_hand) { transformation: [-0.9338495676040204f,-0.10836525272205881f,-0.34085474485221434f,-2.288721702865275f,0.3556568025900413f,-0.18047519452697192f,-0.9170261408116346f,2.904700315102514f,0.037857943119142354f,-0.9775917737803115f,0.2070775216672534f,2.222146599113354f,0f,0f,0f,1f], start_interpolation: 0, interpolation_duration: 1 }
$data merge entity $(bone_right_forearm) { transformation: [-1.8689423224449133f,-0.14387133809024702f,-0.701200688588435f,-3.0553609161459763f,0.7117870732985305f,-0.16601889550729737f,-1.8630951829807867f,0.921024453895227f,0.07576628462506206f,-1.989237425909039f,0.20620549387311476f,1.5277643508303798f,0f,0f,0f,1f], start_interpolation: 0, interpolation_duration: 1 }
$data merge entity $(bone_right_bicep) { transformation: [-2.3300633895530463f,0.6618025600999006f,-0.4782416489588168f,-1.1685620366778993f,0.4104611295550236f,-0.30072943728280327f,-2.4159835614848553f,0.4563414934608538f,-0.705846558735002f,-2.3595491687366565f,0.17378566835377765f,-1.9415804860278416f,0f,0f,0f,1f], start_interpolation: 0, interpolation_duration: 1 }
$data merge entity $(bone_right_shoulder) { transformation: [-1.163411816690044f,0.33044118979254006f,-0.23878834718687492f,-1.2887746524565387f,0.2049452090262053f,-0.150155649211103f,-1.2063121702880124f,0.8752625596727247f,-0.3524325693816534f,-1.1781342075401513f,0.08677201703638845f,0.24578948526647115f,0f,0f,0f,1f], start_interpolation: 0, interpolation_duration: 1 }
$data merge entity $(bone_chest) { transformation: [-3.9091011716191755f,-1.1239938857798975f,8.649819436996717e-17f,2.2545341454962424e-17f,-0.19517948997445134f,0.6788082947673327f,-4.005690763260861f,1.2660050577413313f,1.1069178930543613f,-3.8497131411196697f,-0.7063113579375749f,-0.18409668380025468f,0f,0f,0f,1f], start_interpolation: 0, interpolation_duration: 1 }
$data merge entity $(bone_weist) { transformation: [-1.0999999999999999f,1.3458293274294852e-16f,-5.876017742949966e-18f,1.0182066507021415e-16f,0f,-0.047981326101869406f,-1.0989530437400434f,-1.3545210756452908f,-1.3471114790620883e-16f,-1.0989530437400434f,0.047981326101869406f,-0.8314288261816033f,0f,0f,0f,1f], start_interpolation: 0, interpolation_duration: 1 }
$data merge entity $(bone_right_fingers2) { transformation: [-0.9999894705222493f,0.0020501418432622327f,-0.004105577067109702f,0.7326309320190324f,0.004512489347327427f,0.2766202015357399f,-0.9609687307827539f,-5.080288427230673f,-0.0008344366493199251f,-0.9609771386566638f,-0.27662654011271054f,1.5349020226174148f,0f,0f,0f,1f], start_interpolation: 0, interpolation_duration: 1 }
$data merge entity $(bone_left_foot) { transformation: [-0.9999894705222493f,0.0039002417126524536f,-0.002418048637715468f,0.7417463956998868f,0.004512489347327427f,0.739922143554724f,-0.672677381006135f,-4.223723842608214f,-0.0008344366493199251f,-0.6726812094833372f,-0.7399319523601562f,1.026919617097472f,0f,0f,0f,1f], start_interpolation: 0, interpolation_duration: 1 }
$data merge entity $(bone_left_knee) { transformation: [-1.5849974772952642f,0.001968508093290727f,-0.007002176630362076f,0.7658877553685349f,0.007152359542446392f,0.1443529080969894f,-1.5784109066434333f,-2.2909670083051896f,-0.0013225939103579465f,-1.578425884048363f,-0.14436027100805615f,1.7891873740882538f,0f,0f,0f,1f], start_interpolation: 0, interpolation_duration: 1 }
$data merge entity $(bone_left_thigh) { transformation: [-1.60363644770124f,0.005361482642245307f,-0.005040993863869023f,0.73854f,0.007236468583472785f,0.9491018564147689f,-1.2926164602013972f,-2.01352125350397f,-0.0013381471141373955f,-1.2926255970562501f,-0.9491160565011975f,-0.29897183783655285f,0f,0f,0f,1f], start_interpolation: 0, interpolation_duration: 1 }
$data merge entity $(bone_left_leg) { transformation: [-1f,1.2199866483456202e-16f,-1.0673500138322946e-17f,0.525745f,0f,-0.08715574274765796f,-0.9961946980917455f,-2.332679791666667f,-1.2246467991473532e-16f,-0.9961946980917455f,0.08715574274765796f,-0.5468145833333344f,0f,0f,0f,1f], start_interpolation: 0, interpolation_duration: 1 }
$data merge entity $(bone_left_fingers2) { transformation: [-0.9999972697227986f,0.0022660850242805877f,0.0005704433462096258f,-0.7519482806830514f,0.0022978116322206346f,0.9979677518154941f,0.06367956028453031f,-3.537502400883178f,-0.00042498076584138064f,0.06368069719303504f,-0.997970234123422f,0.7794817468240555f,0f,0f,0f,1f], start_interpolation: 0, interpolation_duration: 1 }
$data merge entity $(bone_right_foot) { transformation: [-0.9999972697227986f,0.0018869358024074141f,-0.0013784122119658818f,-0.7546575892244844f,0.0022978116322206346f,0.6867466859831385f,-0.7268931897829828f,-2.7219179048515816f,-0.00042498076584138064f,-0.7268943724946936f,-0.6867491467973547f,0.20795161366789017f,0f,0f,0f,1f], start_interpolation: 0, interpolation_duration: 1 }
$data merge entity $(bone_right_knee) { transformation: [-1.5850098391386234f,0.000821214587704239f,-0.0036116442770301486f,-0.7664457986602701f,0.003642063989401162f,0.06448290485815095f,-1.5836977612173917f,-0.7476839588819568f,-0.0006736005344194377f,-1.5837017361617318f,-0.06448461579837819f,0.840850789581217f,0f,0f,0f,1f], start_interpolation: 0, interpolation_duration: 1 }
$data merge entity $(bone_right_thigh) { transformation: [-1.6036489549151982f,-0.00011312601098168815f,-0.0037456792453534897f,-0.73854f,0.0036848932833827277f,-0.33912045917304323f,-1.567382451491296f,-2.0330326162745758f,-0.0006815218217440828f,-1.5673867789680633f,0.33911979322244895f,-0.376466810889144f,0f,0f,0f,1f], start_interpolation: 0, interpolation_duration: 1 }
$data merge entity $(bone_right_leg) { transformation: [-1f,1.2199866483456202e-16f,-1.0673500138322946e-17f,-0.525745f,0f,-0.08715574274765796f,-0.9961946980917455f,-2.361325625f,-1.2246467991473532e-16f,-0.9961946980917455f,0.08715574274765796f,-0.5494187500000012f,0f,0f,0f,1f], start_interpolation: 0, interpolation_duration: 1 }