# This file was generated by Animated Java via MC-Build. It is not recommended to edit this file directly.
$data merge entity $(bone_neck) { transformation: [-1f,1.223481206754078e-16f,5.34183431177275e-18f,2.2883361499017738e-17f,0f,0.04361938736533622f,-0.9990482215818578f,0.3554943749999999f,-1.2246467991473532e-16f,-0.9990482215818578f,-0.04361938736533622f,-0.18685682692307712f,0f,0f,0f,1f], start_interpolation: 0, interpolation_duration: 1 }
$data merge entity $(bone_left_fingers_2) { transformation: [-0.8197769267706185f,0.44028329428735247f,-0.3662190752896367f,3.426837153313054f,-0.08981884167503976f,-0.7304132954766702f,-0.6770738463942207f,3.5649071263013f,-0.5655955852149788f,-0.5221561438519968f,0.6383217021400247f,-2.105812691092146f,0f,0f,0f,1f], start_interpolation: 0, interpolation_duration: 1 }
$data merge entity $(bone_left_fingers) { transformation: [-0.8197769267706185f,0.17456179841401262f,-0.5454300769750285f,3.1247755323152084f,-0.08981884167503976f,-0.9798158378025158f,-0.17858751264158573f,3.457550623000358f,-0.5655955852149788f,-0.09741202454430359f,0.8189093548491833f,-1.626643844633192f,0f,0f,0f,1f], start_interpolation: 0, interpolation_duration: 1 }
$data merge entity $(bone_left_index_finger_2) { transformation: [-0.9028545603831228f,0.4192576639988166f,0.09527147513108716f,2.7923678341943257f,-0.39940740341459174f,-0.7358530272347436f,-0.5468034824386888f,3.372224934740515f,-0.15914574732933293f,-0.5317361502547285f,0.8318228763500491f,-2.3524619093114687f,0f,0f,0f,1f], start_interpolation: 0, interpolation_duration: 1 }
$data merge entity $(bone_left_index_finger) { transformation: [-0.9028545603831228f,0.4047876536826523f,-0.14491583150743445f,2.7111911140470477f,-0.39940740341459174f,-0.914409445502286f,-0.06579583629543423f,3.32901606786321f,-0.15914574732933293f,-0.0015236148775034097f,0.9872539236208147f,-1.7834946901090212f,0f,0f,0f,1f], start_interpolation: 0, interpolation_duration: 1 }
$data merge entity $(bone_left_thumb) { transformation: [0.15209329783184422f,0.667498900797478f,0.7289120977105484f,2.467512570257984f,-0.8226246494257508f,0.4942943878776809f,-0.28100132432034786f,3.018553702061461f,-0.54786523426094f,-0.556882640730331f,0.6242799128126889f,-1.1063517092503132f,0f,0f,0f,1f], start_interpolation: 0, interpolation_duration: 1 }
$data merge entity $(bone_left_hand) { transformation: [-0.8978766203922081f,0.41132948034147265f,-0.1569255656516191f,2.8595579991850166f,-0.2790438103384489f,-0.8074253524919424f,-0.519806552541484f,3.147376907624975f,-0.3405174392962373f,-0.42293304287472827f,0.839747292213471f,-1.0163676774261172f,0f,0f,0f,1f], start_interpolation: 0, interpolation_duration: 1 }
$data merge entity $(bone_left_forearm) { transformation: [-1.9830636596261284f,0.18933957249840322f,0.1921652453151764f,3.1261466734604193f,-0.2586881501247255f,-1.739067288163294f,-0.956056400834234f,1.3783957741868464f,0.0765336279420209f,-0.9721697006578555f,1.7476690505549224f,0.32694965442300317f,0f,0f,0f,1f], start_interpolation: 0, interpolation_duration: 1 }
$data merge entity $(bone_left_bicep) { transformation: [-1.074396913747597f,-0.5054672356762685f,0.5046481634748525f,1.7594175253599478f,-0.13950956292432667f,-0.7454715919061853f,-1.0436976626517054f,0.43408196763962414f,0.7005026603043084f,-0.9237264761983179f,0.5661457794490186f,-0.3795513872390113f,0f,0f,0f,1f], start_interpolation: 0, interpolation_duration: 1 }
$data merge entity $(bone_left_shoulder) { transformation: [-1.0266155283920129f,-0.4829877176662758f,0.4822050718581128f,1.3663575143200508f,-0.13330518900852223f,-0.7123184201604982f,-0.9972815574155736f,0.3433161769616774f,0.6693493806119254f,-0.8826458195456159f,0.5409677197309076f,-0.25504602189803993f,0f,0f,0f,1f], start_interpolation: 0, interpolation_duration: 1 }
$data merge entity $(bone_right_fingers_2) { transformation: [-0.9863288547429033f,-0.12109963426918602f,0.11175987151666941f,-3.180714887560545f,-0.16267739558874236f,0.6073219041222492f,-0.7776221252882335f,3.4802618424845857f,0.026295536998070447f,-0.7851719450879503f,-0.6187192912628378f,1.0625811862628975f,0f,0f,0f,1f], start_interpolation: 0, interpolation_duration: 1 }
$data merge entity $(bone_right_fingers) { transformation: [-0.9863288547429033f,-0.04208586043890265f,0.1593241056860834f,-3.1026977849251383f,-0.16267739558874236f,0.09439403543230585f,-0.982153669768264f,2.912530711218706f,0.026295536998070447f,-0.9946449348515891f,-0.09994997902981911f,0.9995856164684915f,0f,0f,0f,1f], start_interpolation: 0, interpolation_duration: 1 }
$data merge entity $(bone_right_index_finger_2) { transformation: [-0.9364819906604956f,0.24349375690138225f,-0.2524128988752479f,-2.448914113224279f,0.34147759385692356f,0.468952736027223f,-0.8145405970645463f,3.3917566285330154f,-0.07996583059183132f,-0.8489959491791657f,-0.5223134539863264f,1.0132662219661037f,0f,0f,0f,1f], start_interpolation: 0, interpolation_duration: 1 }
$data merge entity $(bone_right_index_finger) { transformation: [-0.9364819906604956f,0.06973919997211092f,-0.34371197994222646f,-2.646599448279707f,0.34147759385692356f,-0.04214161772946065f,-0.9389446932321571f,2.850378499488105f,-0.07996583059183132f,-0.9966747353286297f,0.015650491856955717f,1.0165208023556103f,0f,0f,0f,1f], start_interpolation: 0, interpolation_duration: 1 }
$data merge entity $(bone_right_thumb) { transformation: [-0.28106617349687657f,-0.7500251912457361f,-0.5987186472898777f,-2.678911710066602f,0.26084972408047213f,0.5406748083084673f,-0.7997675744288109f,2.1873217795100905f,0.9235579178172668f,-0.3809632057789827f,0.04367846471243528f,1.4889731437497513f,0f,0f,0f,1f], start_interpolation: 0, interpolation_duration: 1 }
$data merge entity $(bone_right_hand) { transformation: [-0.9901718312144527f,-0.0037628611577732417f,-0.13980552759216913f,-3.0865384185920983f,0.13493660567453153f,-0.2885044074491743f,-0.9479226336212447f,2.252372342394007f,-0.036767609637470666f,-0.9574711733301992f,0.28617668514964406f,1.3203821345507625f,0f,0f,0f,1f], start_interpolation: 0, interpolation_duration: 1 }
$data merge entity $(bone_right_forearm) { transformation: [-1.9816618286792096f,0.04418744670241449f,-0.27638856440933796f,-3.332978198133767f,0.27005284570536725f,-0.21770444049159665f,-1.9710410978321165f,0.13846963455166825f,-0.0735841661552712f,-1.9889643079680248f,0.20960230043363406f,0.6307771104660167f,0f,0f,0f,1f], start_interpolation: 0, interpolation_duration: 1 }
$data merge entity $(bone_right_bicep) { transformation: [-1.050757596146107f,0.7274034817183065f,-0.17688491297013104f,-1.8046328562855654f,0.23115646691399386f,0.02532056169225727f,-1.269023711547794f,0.05581611719582174f,-0.7120188097629199f,-1.0652411311298418f,-0.15095088805343587f,-0.24957077843931794f,0f,0f,0f,1f], start_interpolation: 0, interpolation_duration: 1 }
$data merge entity $(bone_right_shoulder) { transformation: [-1.0040275162525985f,0.6950538485201408f,-0.1690183544552391f,-1.4053359246085038f,0.22087630314795423f,0.024194486682028966f,-1.2125867372685815f,0.010864108291116004f,-0.6803533752345973f,-1.0178669286057542f,-0.1442376869453924f,-0.12004292705792258f,0f,0f,0f,1f], start_interpolation: 0, interpolation_duration: 1 }
$data merge entity $(bone_chest) { transformation: [-3.9740473148382764f,-0.8668230296039023f,8.649819436996717e-17f,7.237256465620506e-18f,-0.1505222394504455f,0.6900860741838252f,-4.005690763260861f,0.3910050577413313f,0.8536540400434537f,-3.9136726064900818f,-0.7063113579375749f,-0.05909668380025468f,0f,0f,0f,1f], start_interpolation: 0, interpolation_duration: 1 }
$data merge entity $(bone_weist) { transformation: [-1.0982689933270064f,-0.06168645118958358f,0.0000060098822036517975f,8.269138730429076e-17f,0.00533810799065637f,-0.09514673630020196f,-1.0958643178671799f,-2.0525634325259094f,0.06145504779563394f,-1.0941397901141583f,0.09529636293889394f,-0.6752264192570767f,0f,0f,0f,1f], start_interpolation: 0, interpolation_duration: 1 }
$data merge entity $(bone_right_fingers2) { transformation: [-0.9997079027521902f,-0.019697049336211636f,0.014004835674301408f,0.7186443683731873f,-0.014853306775520096f,0.043610752694039856f,-0.9989381770296358f,-7.463534251363317f,0.01906537313166542f,-0.9988544080580044f,-0.04389058042956634f,1.1829829910463152f,0f,0f,0f,1f], start_interpolation: 0, interpolation_duration: 1 }
$data merge entity $(bone_left_foot) { transformation: [-0.9999811881318804f,0.004969285866773144f,-0.0035957725633050095f,0.7290386307579106f,0.006031534396289655f,0.6900325625923388f,-0.7237531921553624f,-6.64541353208873f,-0.0011153363524530105f,-0.7237612650316572f,-0.6900495542094035f,0.6151779614556108f,0f,0f,0f,1f], start_interpolation: 0, interpolation_duration: 1 }
$data merge entity $(bone_left_knee) { transformation: [-1.5849843495891955f,0.000675562408445667f,-0.009698644584390377f,0.7570481160243522f,0.009560067464856383f,-0.1792143396412675f,-1.5748208577838434f,-4.598174059766084f,-0.001767823919236348f,-1.5748497301699629f,0.1792068936068417f,0.9690281145411497f,0f,0f,0f,1f], start_interpolation: 0, interpolation_duration: 1 }
$data merge entity $(bone_left_thigh) { transformation: [-1.6036231656183169f,0.0097983229105345f,0.000865489190729375f,0.73854f,0.009672490239724559f,1.596430668930579f,-0.15172203446282145f,-2.854813787044375f,-0.0017886128593991117f,-0.15171396006009483f,-1.5964597360090338f,-0.21354761244814702f,0f,0f,0f,1f], start_interpolation: 0, interpolation_duration: 1 }
$data merge entity $(bone_left_leg) { transformation: [-1f,1.2199866483456202e-16f,-1.0673500138322946e-17f,0.525745f,0f,-0.08715574274765796f,-0.9961946980917455f,-3.1672150480769234f,-1.2246467991473532e-16f,-0.9961946980917455f,0.08715574274765796f,-0.38415432692307794f,0f,0f,0f,1f], start_interpolation: 0, interpolation_duration: 1 }
$data merge entity $(bone_left_fingers2) { transformation: [-0.999993010637878f,-0.0035273812346201857f,0.001239458356819256f,-0.7421880825778299f,-0.0036764617961457984f,0.8674246402230604f,-0.49755499913331747f,-4.131599207320056f,0.0006799294478989184f,-0.4975560783625498f,-0.867431545760486f,1.1506500109652782f,0f,0f,0f,1f], start_interpolation: 0, interpolation_duration: 1 }
$data merge entity $(bone_right_foot) { transformation: [-0.999993010637878f,-0.002879320458826361f,0.0023849924712719055f,-0.7503009945008832f,-0.0036764617961457984f,0.6412632679666381f,-0.7673121299610798f,-3.3523167151027726f,0.0006799294478989184f,-0.7673155352724477f,-0.6412693716571085f,0.5305814005606394f,0f,0f,0f,1f], start_interpolation: 0, interpolation_duration: 1 }
$data merge entity $(bone_right_knee) { transformation: [-1.5850030884286874f,0.00008176430166616213f,0.005925497460050666f,-0.77385559291871f,-0.005827244030099869f,-0.30972329818582023f,-1.554447628684202f,-1.2847191689688469f,0.0010776978072536308f,-1.5544585489518605f,0.30972143402086305f,0.6815303001479213f,0f,0f,0f,1f], start_interpolation: 0, interpolation_duration: 1 }
$data merge entity $(bone_right_thigh) { transformation: [-1.6036421248194683f,0.0015053245544434108f,0.005803706884105219f,-0.73854f,-0.005895770214261862f,-0.6782002217946428f,-1.45317366909891f,-2.8020673049209117f,0.0010903711255545933f,-1.453184849448546f,0.6782010158759167f,-0.20826991354762445f,0f,0f,0f,1f], start_interpolation: 0, interpolation_duration: 1 }
$data merge entity $(bone_right_leg) { transformation: [-1f,1.2199866483456202e-16f,-1.0673500138322946e-17f,-0.525745f,0f,-0.08715574274765796f,-0.9961946980917455f,-3.1335612019230767f,-1.2246467991473532e-16f,-0.9961946980917455f,0.08715574274765796f,-0.4178081730769243f,0f,0f,0f,1f], start_interpolation: 0, interpolation_duration: 1 }