# This file was generated by Animated Java via MC-Build. It is not recommended to edit this file directly.
$data merge entity $(bone_neck) { transformation: [-1f,1.223481206754078e-16f,5.34183431177275e-18f,3.819144648835965e-17f,0f,0.04361938736533622f,-0.9990482215818578f,1.230494375f,-1.2246467991473532e-16f,-0.9990482215818578f,-0.04361938736533622f,-0.31185682692307715f,0f,0f,0f,1f], start_interpolation: 0, interpolation_duration: 1 }
$data merge entity $(bone_left_fingers_2) { transformation: [-0.7601937930034043f,0.49844981802154004f,-0.41671714146815597f,3.6410369006372507f,-0.0636348489595551f,-0.6954430493590101f,-0.7157580394910952f,4.225285678299025f,-0.646572504114575f,-0.5175970865572325f,0.5603902683937977f,-1.5644682682965168f,0f,0f,0f,1f], start_interpolation: 0, interpolation_duration: 1 }
$data merge entity $(bone_left_fingers) { transformation: [-0.7601937930034043f,0.19648635578410822f,-0.6192725644413599f,3.2957257905803834f,-0.0636348489595551f,-0.9711072331690734f,-0.2300029297304742f,4.087987689352596f,-0.646572504114575f,-0.13543948345068257f,0.7507330705687741f,-1.1236974382723233f,0f,0f,0f,1f], start_interpolation: 0, interpolation_duration: 1 }
$data merge entity $(bone_left_index_finger_2) { transformation: [-0.8777962796318768f,0.4785207309986851f,0.022172087608533342f,3.0359592983847894f,-0.3968466909272414f,-0.7004904351432323f,-0.5931490994454462f,4.042040228812321f,-0.26830280536091133f,-0.529462992358606f,0.8047872665233563f,-1.8819832776908474f,0f,0f,0f,1f], start_interpolation: 0, interpolation_duration: 1 }
$data merge entity $(bone_left_index_finger) { transformation: [-0.8777962796318768f,0.4154933451567164f,-0.23840925232657845f,2.9009622003849787f,-0.3968466909272414f,-0.9094864196968575f,-0.12388364011075109f,3.9653825665529343f,-0.26830280536091133f,-0.014132675524231308f,0.96323095471335f,-1.326933956507395f,0f,0f,0f,1f], start_interpolation: 0, interpolation_duration: 1 }
$data merge entity $(bone_left_thumb) { transformation: [0.2153606428994697f,0.7112195738312099f,0.669168522338939f,2.59746289361333f,-0.788346350438906f,0.5310256092371082f,-0.3106796325542038f,3.6143618578511885f,-0.5763070581205685f,-0.46062839701185376f,0.675049371991935f,-0.6953000731063803f,0f,0f,0f,1f], start_interpolation: 0, interpolation_duration: 1 }
$data merge entity $(bone_left_hand) { transformation: [-0.8570172921474185f,0.4611284539396505f,-0.2299606703928611f,2.9772253622651967f,-0.26617122995856f,-0.7782898496696647f,-0.5686983262183193f,3.7409430927325924f,-0.4412190355171159f,-0.4261753851038304f,0.7897469872237234f,-0.5605788015976949f,0f,0f,0f,1f], start_interpolation: 0, interpolation_duration: 1 }
$data merge entity $(bone_left_forearm) { transformation: [-1.977500910396417f,0.3057994759243905f,0.035989765995433125f,3.1373206173481387f,-0.27872868552524255f,-1.6784182453977392f,-1.0538220659732076f,1.8995393655820618f,-0.1308392242311473f,-1.0462873923502267f,1.701023875012414f,0.6997652183802892f,0f,0f,0f,1f], start_interpolation: 0, interpolation_duration: 1 }
$data merge entity $(bone_left_bicep) { transformation: [-2.2427529893315574f,-0.6641511992559928f,0.7904779035876034f,1.2578635972486183f,-0.41191814895517576f,-1.1577697067172923f,-2.1414448037383917f,0.07100162469012838f,0.946718316129337f,-2.077105099272457f,0.9408782807412716f,-2.2896092473852057f,0f,0f,0f,1f], start_interpolation: 0, interpolation_duration: 1 }
$data merge entity $(bone_left_shoulder) { transformation: [-1.1198173154446929f,-0.3316138765784831f,0.39468940544257f,1.3663575143200508f,-0.20567270579512748f,-0.5780799629056613f,-1.069233652882137f,1.2183161769616775f,0.47270099217045203f,-1.0371085301092444f,0.46978503451418124f,-0.38004602189803993f,0f,0f,0f,1f], start_interpolation: 0, interpolation_duration: 1 }
$data merge entity $(bone_right_fingers_2) { transformation: [-0.9860795441588884f,-0.16549334288589498f,0.016096150218313718f,-2.638040675097725f,-0.11630653780620592f,0.6173282394381501f,-0.778060816424865f,3.7610377187772546f,0.11882727740267596f,-0.769101942692024f,-0.6279827066826138f,1.6736979763175222f,0f,0f,0f,1f], start_interpolation: 0, interpolation_duration: 1 }
$data merge entity $(bone_right_fingers) { transformation: [-0.9860795441588884f,-0.130927214520751f,0.102494863721243f,-2.593286184542968f,-0.11630653780620592f,0.10259758446577466f,-0.9879000581664734f,3.1906798483247343f,0.11882727740267596f,-0.986068861773672f,-0.1163970703473331f,1.6025454449933911f,0f,0f,0f,1f], start_interpolation: 0, interpolation_duration: 1 }
$data merge entity $(bone_right_index_finger_2) { transformation: [-0.9226129113924699f,0.18451258580692237f,-0.33873370279727644f,-1.9191418984041535f,0.3856148952892647f,0.4623860217691885f,-0.798436171151779f,3.6385530756793667f,0.009304206734586165f,-0.8672682817625158f,-0.4977541151871408f,1.555462732024484f,0f,0f,0f,1f], start_interpolation: 0, interpolation_duration: 1 }
$data merge entity $(bone_right_index_finger) { transformation: [-0.9226129113924699f,-0.026385149332471713f,-0.3848236474368664f,-2.141076806037477f,0.3856148952892647f,-0.03902702662620414f,-0.9218340651786344f,3.107054191839603f,0.009304206734586165f,-0.9988897412064158f,0.04618134525562631f,1.576300098665438f,0f,0f,0f,1f], start_interpolation: 0, interpolation_duration: 1 }
$data merge entity $(bone_right_thumb) { transformation: [-0.1802791652702352f,-0.7560628772135368f,-0.6291806960397431f,-2.160195366988028f,0.2678863623662745f,0.5777410389341574f,-0.7710072559901401f,2.443254609676716f,0.9464334733237366f,-0.30754547246036446f,0.09838426165550512f,2.048427312884392f,0f,0f,0f,1f], start_interpolation: 0, interpolation_duration: 1 }
$data merge entity $(bone_right_hand) { transformation: [-0.9817289286888776f,-0.10746600535465958f,-0.15703301649175838f,-2.5783288997573504f,0.1815546281033153f,-0.2819077257488337f,-0.9421071866711277f,2.5284627293887603f,0.056975675420791974f,-0.9534039499898416f,0.29626792022443454f,1.919129351854212f,0f,0f,0f,1f], start_interpolation: 0, interpolation_duration: 1 }
$data merge entity $(bone_right_forearm) { transformation: [-1.964764784014072f,-0.15344150204366275f,-0.348542423781213f,-2.9884315359936076f,0.3633509508052931f,-0.2068745803565828f,-1.9571677921879203f,0.4329108457445139f,0.11402719970948787f,-1.9846877300168488f,0.23095277498558042f,1.251783532122222f,0f,0f,0f,1f], start_interpolation: 0, interpolation_duration: 1 }
$data merge entity $(bone_right_bicep) { transformation: [-2.4258923696542825f,0.40446736414050594f,-0.2175901304917658f,-1.4885618441828161f,0.25289536862486406f,0.19994031337564713f,-2.4478482196215525f,0.8118750832858842f,-0.38338394080906196f,-2.4274107862332532f,-0.23787965759441104f,-2.4114214684977178f,0f,0f,0f,1f], start_interpolation: 0, interpolation_duration: 1 }
$data merge entity $(bone_right_shoulder) { transformation: [-1.2112596856926634f,0.2019524932310116f,-0.10864379490457027f,-1.389619038514692f,0.1262718694965587f,0.0998311566358537f,-1.2222223467996194f,0.8212390019022107f,-0.1914254389242249f,-1.2120178383672013f,-0.11877445301975499f,-0.18327067417001291f,0f,0f,0f,1f], start_interpolation: 0, interpolation_duration: 1 }
$data merge entity $(bone_chest) { transformation: [-3.9740473148382764f,-0.8668230296039023f,8.649819436996717e-17f,2.2545341454962424e-17f,-0.1505222394504455f,0.6900860741838252f,-4.005690763260861f,1.2660050577413313f,0.8536540400434537f,-3.9136726064900818f,-0.7063113579375749f,-0.18409668380025468f,0f,0f,0f,1f], start_interpolation: 0, interpolation_duration: 1 }
$data merge entity $(bone_weist) { transformation: [-1.0982689939908112f,-0.06168643937365549f,0.000005984256609413901f,9.799947229363268e-17f,0.005338130949890086f,-0.09514670810996403f,-1.095864320202916f,-1.1775634325259094f,0.061455033938423845f,-1.0941397932317594f,0.09529633608061518f,-0.8002264192570767f,0f,0f,0f,1f], start_interpolation: 0, interpolation_duration: 1 }
$data merge entity $(bone_right_fingers2) { transformation: [-0.9999811881318804f,0.0032667997560426997f,-0.0051914739435585874f,0.7232349625357536f,0.006031534396289655f,0.3698020737818843f,-0.9290909787633524f,-5.826771998515789f,-0.0011153363524530092f,-0.9291048133800467f,-0.36981482092913626f,1.1117444786598238f,0f,0f,0f,1f], start_interpolation: 0, interpolation_duration: 1 }
$data merge entity $(bone_left_foot) { transformation: [-0.9999811881318804f,0.0054248685495890785f,-0.002862548440185367f,0.7339267675898193f,0.006031534396289655f,0.7848034796489554f,-0.6197153531450694f,-4.937041825689527f,-0.0011153363524530092f,-0.6197209607009522f,-0.7848214363106485f,0.6644213197549602f,0f,0f,0f,1f], start_interpolation: 0, interpolation_duration: 1 }
$data merge entity $(bone_left_knee) { transformation: [-1.5849843495891955f,0.0032742001271158848f,-0.009154217873178681f,0.7602953576547063f,0.009560067464856383f,0.25351381542820217f,-1.5645795790023371f,-3.0618664749452105f,-0.001767823919236346f,-1.564605360317607f,-0.2535287948104269f,1.5589636723344074f,0f,0f,0f,1f], start_interpolation: 0, interpolation_duration: 1 }
$data merge entity $(bone_left_thigh) { transformation: [-1.6036231656183169f,0.009264688128612975f,-0.0033048082059194466f,0.73854f,0.009672490239724559f,1.3872559539384288f,-0.804444761749402f,-1.9714951586633978f,-0.0017886128593991096f,-0.8044495617050017f,-1.3872857373474938f,-0.24346525496634114f,0f,0f,0f,1f], start_interpolation: 0, interpolation_duration: 1 }
$data merge entity $(bone_left_leg) { transformation: [-1f,1.2199866483456202e-16f,-1.0673500138322946e-17f,0.525745f,0f,-0.08715574274765796f,-0.9961946980917455f,-2.2922150480769234f,-1.2246467991473532e-16f,-0.9961946980917455f,0.08715574274765796f,-0.5091543269230779f,0f,0f,0f,1f], start_interpolation: 0, interpolation_duration: 1 }
$data merge entity $(bone_left_fingers2) { transformation: [-0.9999967710412939f,-0.0020458701869460615f,0.0015074223575845603f,-0.7452745828314933f,-0.0024988630520959326f,0.683760998939716f,-0.7297017555223563f,-2.6723018077131706f,0.00046215844993931156f,-0.7297031661875534f,-0.6837639034531051f,1.5551575304728553f,0f,0f,0f,1f], start_interpolation: 0, interpolation_duration: 1 }
$data merge entity $(bone_right_foot) { transformation: [-0.9999967710412939f,-0.0010518207252494252f,0.0023133482547848866f,-0.7515903662321504f,-0.0024988630520959326f,0.24144262540253741f,-0.9704118787000584f,-2.2423641547803714f,0.00046215844993931156f,-0.9704145260206549f,-0.24144447415021775f,0.6568558945531255f,0f,0f,0f,1f], start_interpolation: 0, interpolation_duration: 1 }
$data merge entity $(bone_right_knee) { transformation: [-1.585009048721374f,0.0011220554680322378f,0.003868461828640611f,-0.7729139404327664f,-0.0039607333381319575f,-0.7110192559682804f,-1.4165824503952338f,-0.20878984194564598f,0.0007325276903985163f,-1.4165875430653299f,0.7110197639794154f,0.2538412279039429f,0f,0f,0f,1f], start_interpolation: 0, interpolation_duration: 1 }
$data merge entity $(bone_right_thigh) { transformation: [-1.603648155202941f,0.0019200342532681787f,0.003594620116368963f,-0.73854f,-0.004007310063037149f,-1.0001957657713088f,-1.2535136158456017f,-1.9236355475502225f,0.0007411419387733434f,-1.2535185507652937f,1.0001973340831376f,-0.294044747310262f,0f,0f,0f,1f], start_interpolation: 0, interpolation_duration: 1 }
$data merge entity $(bone_right_leg) { transformation: [-1f,1.2199866483456202e-16f,-1.0673500138322946e-17f,-0.525745f,0f,-0.08715574274765796f,-0.9961946980917455f,-2.2585612019230767f,-1.2246467991473532e-16f,-0.9961946980917455f,0.08715574274765796f,-0.5428081730769243f,0f,0f,0f,1f], start_interpolation: 0, interpolation_duration: 1 }