# This file was generated by Animated Java via MC-Build. It is not recommended to edit this file directly.
$data merge entity $(bone_neck) { transformation: [-1f,1.1507915602278503e-16f,4.1885387376769936e-17f,4.349039898467031e-17f,0f,0.3420201433256689f,-0.9396926207859083f,0.4804943749999999f,-1.2246467991473532e-16f,-0.9396926207859083f,-0.3420201433256689f,-0.3551260576923079f,0f,0f,0f,1f], start_interpolation: 0, interpolation_duration: 1 }
$data merge entity $(bone_left_fingers_2) { transformation: [-0.9510264673856257f,0.24292137937968733f,-0.19114879484916192f,3.0923331962409244f,0.23055787350912754f,0.145564049748116f,-0.9621092320437824f,5.044423253912633f,-0.20589250907929146f,-0.9590622038539511f,-0.19444270066998126f,0.12662797570325265f,0f,0f,0f,1f], start_interpolation: 0, interpolation_duration: 1 }
$data merge entity $(bone_left_fingers) { transformation: [-0.9510264673856257f,0.1021736407654729f,-0.29173482045300153f,2.937867662094517f,0.23055787350912754f,-0.39417343918854536f,-0.889646203162371f,4.5262504682714075f,-0.20589250907929146f,-0.913338845648756f,0.35131243606515206f,0.3266449451816794f,0f,0f,0f,1f], start_interpolation: 0, interpolation_duration: 1 }
$data merge entity $(bone_left_index_finger_2) { transformation: [-0.9631680089687303f,0.03254576646361848f,0.26692350886444405f,2.36075985801721f,-0.2637079756319024f,0.07980497685321492f,-0.9612956201177563f,4.993739543527653f,-0.05258792720135774f,-0.9962790466303871f,-0.06828302247199736f,0.000805916340237578f,0f,0f,0f,1f], start_interpolation: 0, interpolation_duration: 1 }
$data merge entity $(bone_left_index_finger) { transformation: [-0.9631680089687303f,0.1708667178042655f,0.20763417648838267f,2.4814123330958746f,-0.2637079756319024f,-0.44919692538349076f,-0.8536276857120686f,4.499176911680898f,-0.05258792720135774f,-0.8769416668016271f,0.4777110245115225f,0.2710486702409835f,0f,0f,0f,1f], start_interpolation: 0, interpolation_duration: 1 }
$data merge entity $(bone_left_thumb) { transformation: [-0.1490714324835149f,0.715272622137504f,0.6827611471355496f,2.3871433873932117f,-0.3251521677442553f,0.6166212683054472f,-0.7169757870978579f,3.859172805816648f,-0.9338381957429907f,-0.32888187468135177f,0.14065182785003227f,0.7365548257175825f,0f,0f,0f,1f], start_interpolation: 0, interpolation_duration: 1 }
$data merge entity $(bone_left_hand) { transformation: [-0.9909477970119782f,0.13398185912184948f,0.00844541433912828f,2.8124487397439815f,-0.05877569951806616f,-0.37643312585543914f,-0.9245774812880014f,3.901956045024146f,-0.12069747612634107f,-0.9167044033847311f,0.38090045428139785f,0.6920373929268262f,0f,0f,0f,1f], start_interpolation: 0, interpolation_duration: 1 }
$data merge entity $(bone_left_forearm) { transformation: [-1.9896536134013125f,0.009586943867436628f,0.21565023194301652f,3.021247383294395f,-0.20506221245425127f,-0.7084627224074233f,-1.8604699657164916f,1.6783708866763347f,0.06742715367833431f,-1.8717123429675402f,0.7053119292061443f,0.5618936424620107f,0f,0f,0f,1f], start_interpolation: 0, interpolation_duration: 1 }
$data merge entity $(bone_left_bicep) { transformation: [-1.173302126501693f,-0.31841754187573856f,0.43181942115139826f,1.7880872689688263f,-0.032076834638175476f,-0.9948869613610134f,-0.8207719746096084f,0.49713257107988673f,0.5355640205776631f,-0.7571696155094794f,0.8968617377963152f,-0.0714535205336741f,0f,0f,0f,1f], start_interpolation: 0, interpolation_duration: 1 }
$data merge entity $(bone_left_shoulder) { transformation: [-1.1211221543447045f,-0.3042566381374049f,0.41261522398548245f,1.3824551005843178f,-0.03065028959023049f,-0.9506416022411487f,-0.7842699877683666f,0.41295584781198075f,0.5117460157766748f,-0.723496200484483f,0.8569758299386239f,0.009866896744679748f,0f,0f,0f,1f], start_interpolation: 0, interpolation_duration: 1 }
$data merge entity $(bone_right_fingers_2) { transformation: [-0.9577915347610353f,-0.0668485810444206f,0.2795829807989889f,-3.6314967960013034f,-0.2235614505645775f,0.7846162914475645f,-0.5782711760208462f,2.3115491392571186f,-0.1807087539704763f,-0.6163672139296651f,-0.7664436077305489f,1.2043573390909574f,0f,0f,0f,1f], start_interpolation: 0, interpolation_duration: 1 }
$data merge entity $(bone_right_fingers) { transformation: [-0.9577915347610353f,0.09384030466614059f,0.2717156108144436f,-3.4875269528670736f,-0.2235614505645775f,0.351033792058048f,-0.909282989313453f,1.7864625932848472f,-0.1807087539704763f,-0.9316486859613511f,-0.31523811981567973f,1.0148037819294093f,0f,0f,0f,1f], start_interpolation: 0, interpolation_duration: 1 }
$data merge entity $(bone_right_index_finger_2) { transformation: [-0.9447833487809212f,0.31536445866331025f,-0.08904876236256759f,-2.895147065942398f,0.29282037723002724f,0.6904762963865827f,-0.6614368532272243f,2.283922161176366f,-0.1471076155240523f,-0.6509898173860056f,-0.7446956473046973f,1.2574924220744943f,0f,0f,0f,1f], start_interpolation: 0, interpolation_duration: 1 }
$data merge entity $(bone_right_index_finger) { transformation: [-0.9447833487809212f,0.2181298216088703f,-0.24454816456311868f,-3.034823777984354f,0.29282037723002724f,0.2269520397238633f,-0.9288428275785104f,1.749922496910795f,-0.1471076155240523f,-0.9491639229290479f,-0.2782933647516001f,1.0916155482341006f,0f,0f,0f,1f], start_interpolation: 0, interpolation_duration: 1 }
$data merge entity $(bone_right_thumb) { transformation: [-0.43778344808405373f,-0.7378103373357726f,-0.5137913571714783f,-3.067685087555133f,-0.009980214976421722f,0.5754158782672363f,-0.8178000748024968f,0.9849261815335235f,0.8990250540961918f,-0.35289158839283524f,-0.2592710530485821f,1.3701838214654316f,0f,0f,0f,1f], start_interpolation: 0, interpolation_duration: 1 }
$data merge entity $(bone_right_hand) { transformation: [-0.9828014489354213f,0.1652673607638243f,-0.08238938910197093f,-3.450893065786826f,0.07933397132873568f,-0.02501582027477192f,-0.9965341588371126f,1.0672659987805617f,-0.16675560849233037f,-0.9859314926515633f,0.01147426835194082f,1.157614215141101f,0f,0f,0f,1f], start_interpolation: 0, interpolation_duration: 1 }
$data merge entity $(bone_right_forearm) { transformation: [-1.9669112522997376f,0.36242626958648233f,-0.07234705879898609f,-3.344407823410693f,0.15877355600680274f,0.474877108527304f,-1.937681465550069f,-0.6968241615417543f,-0.3337332103884661f,-1.9100957314063955f,-0.49546262560705234f,-0.2140705561590407f,0f,0f,0f,1f], start_interpolation: 0, interpolation_duration: 1 }
$data merge entity $(bone_right_bicep) { transformation: [-0.7997520643016549f,0.9508737333336738f,0.34746424623611755f,-1.714665669114269f,0.10736919695811163f,0.519974643865241f,-1.1758375095194475f,-0.11377766980821254f,-1.0066598803473406f,-0.6999722398098422f,-0.4014602997878876f,-0.4920319677973906f,0f,0f,0f,1f], start_interpolation: 0, interpolation_duration: 1 }
$data merge entity $(bone_right_shoulder) { transformation: [-0.7641848906767514f,0.90858576350096f,0.3320115556761782f,-1.3842347529667218f,0.10259419350312185f,0.496849941517581f,-1.1235447819073336f,-0.07677740430023411f,-0.9618909471445204f,-0.6688425493755094f,-0.38360625623686545f,-0.23187321426217483f,0f,0f,0f,1f], start_interpolation: 0, interpolation_duration: 1 }
$data merge entity $(bone_chest) { transformation: [-4.057067490708343f,-0.29092542182233955f,8.649819436996717e-17f,7.237256465620506e-18f,-0.05051866933643241f,0.7045023764332505f,-4.005690763260861f,0.3910050577413313f,0.286505610958987f,-3.995431519343361f,-0.7063113579375749f,-0.05909668380025468f,0f,0f,0f,1f], start_interpolation: 0, interpolation_duration: 1 }
$data merge entity $(bone_weist) { transformation: [-1.0998076099076661f,-0.02057233798260163f,0.000009955726255442279f,8.269138730429076e-17f,0.0017777078897307443f,-0.09556748205917122f,-1.0958392656441585f,-2.0525634325259094f,0.020495388355570826f,-1.0956475871751825f,0.09558401421448431f,-0.6752264192570767f,0f,0f,0f,1f], start_interpolation: 0, interpolation_duration: 1 }
$data merge entity $(bone_right_fingers2) { transformation: [-0.9999761851076927f,-0.006706576762366553f,-0.0016282031801968613f,0.7125527463433775f,0.0016550973321594253f,-0.004006520055259255f,-0.9999906041807936f,-7.626782089890141f,0.0066999903198883045f,-0.9999694843469865f,0.004017524677723039f,1.1139935086212371f,0f,0f,0f,1f], start_interpolation: 0, interpolation_duration: 1 }
$data merge entity $(bone_left_foot) { transformation: [-0.999973998601164f,0.0048521925837363734f,-0.005334636700807168f,0.7231811114290984f,0.00709103118629436f,0.527114410681441f,-0.8497647411658551f,-6.942353837564671f,-0.0013112582942600647f,-0.8497804741691164f,-0.5271351120183498f,0.39061455613526763f,0f,0f,0f,1f], start_interpolation: 0, interpolation_duration: 1 }
$data merge entity $(bone_left_knee) { transformation: [-1.5849729540811583f,-0.0005490800028268344f,-0.011416736680166389f,0.7538026388945295f,0.0112393848865517f,-0.3627492931318811f,-1.542905225570813f,-4.86777388198215f,-0.002078362972561371f,-1.5429460643125217f,0.3627437546862568f,0.5018092011968259f,0f,0f,0f,1f], start_interpolation: 0, interpolation_duration: 1 }
$data merge entity $(bone_left_thigh) { transformation: [-1.6036116361034185f,0.010739837603429997f,0.0042883508578326094f,0.73854f,0.01137155579867157f,1.572583508548749f,0.3139359964552261f,-2.8579003639089624f,-0.0021028037344511335f,0.31395824250984383f,-1.572618775701122f,-0.1293076137664807f,0f,0f,0f,1f], start_interpolation: 0, interpolation_duration: 1 }
$data merge entity $(bone_left_leg) { transformation: [-1f,1.2199866483456202e-16f,-1.0673500138322946e-17f,0.525745f,0f,-0.08715574274765796f,-0.9961946980917455f,-3.1768304326923076f,-1.2246467991473532e-16f,-0.9961946980917455f,0.08715574274765796f,-0.37453894230769336f,0f,0f,0f,1f], start_interpolation: 0, interpolation_duration: 1 }
$data merge entity $(bone_left_fingers2) { transformation: [-0.9999990722861019f,-0.0007702498536196839f,0.00112345097744283f,-0.746346183793519f,-0.00134140215762379f,0.41348833604800705f,-0.9105084275241511f,-3.7579876916040367f,0.00023678510772562306f,-0.9105090898323935f,-0.4134889856639463f,1.292389861125857f,0f,0f,0f,1f], start_interpolation: 0, interpolation_duration: 1 }
$data merge entity $(bone_right_foot) { transformation: [-0.9999990722861019f,-0.0009298457115377741f,0.0009953963474180552f,-0.7522789470442928f,-0.00134140215762379f,0.5452119055469263f,-0.838297189957202f,-3.0581743400886436f,0.00023678510772562306f,-0.8382977474840563f,-0.5452126470433076f,0.5838292222343124f,0f,0f,0f,1f], start_interpolation: 0, interpolation_duration: 1 }
$data merge entity $(bone_right_knee) { transformation: [-1.5850126962269955f,0.0003759618789407698f,0.0021260258520705124f,-0.7711459054807634f,-0.0021261414230309404f,-0.5431239833511463f,-1.4890539704004893f,-0.9916908085874825f,0.0003753077502008053f,-1.4890554408400907f,0.5431239838035543f,0.41772728339519655f,0f,0f,0f,1f], start_interpolation: 0, interpolation_duration: 1 }
$data merge entity $(bone_right_thigh) { transformation: [-1.603651845601848f,0.0010537492534917075f,0.0019134318404712737f,-0.73854f,-0.0021511440414139164f,-1.0060069407433416f,-1.2488592479805907f,-2.7932145330545692f,0.0003797212272878878f,-1.2488606560781086f,1.0060074209582432f,-0.2266020017713118f,0f,0f,0f,1f], start_interpolation: 0, interpolation_duration: 1 }
$data merge entity $(bone_right_leg) { transformation: [-1f,1.2199866483456202e-16f,-1.0673500138322946e-17f,-0.525745f,0f,-0.08715574274765796f,-0.9961946980917455f,-3.1239458173076926f,-1.2246467991473532e-16f,-0.9961946980917455f,0.08715574274765796f,-0.4274235576923089f,0f,0f,0f,1f], start_interpolation: 0, interpolation_duration: 1 }