# This file was generated by Animated Java via MC-Build. It is not recommended to edit this file directly.
$data merge entity $(bone_neck) { transformation: [-0.9993007047883985f,-0.03739119427632555f,2.719262146893782e-32f,4.407917148426039e-17f,-8.302512960761826e-18f,2.2188933019604529e-16f,-1f,1.230494375f,0.03739119427632555f,-0.9993007047883985f,-2.220446049250313e-16f,-0.3599337500000002f,0f,0f,0f,1f], start_interpolation: 0, interpolation_duration: 1 }
$data merge entity $(bone_left_fingers_2) { transformation: [-0.9531931427520216f,0.2539511758507803f,-0.1641086009157659f,2.782023865085307f,0.19676132061971863f,0.10886319965937175f,-0.9743889297749168f,5.557183038731714f,-0.22958182706501035f,-0.9610710712761723f,-0.15373542414668734f,0.669515557449204f,0f,0f,0f,1f], start_interpolation: 0, interpolation_duration: 1 }
$data merge entity $(bone_left_fingers) { transformation: [-0.9531931427520216f,0.12600476236828576f,-0.2748556575205173f,2.637453801698889f,0.19676132061971863f,-0.4317244989890093f,-0.8802834428072999f,5.044653709884195f,-0.22958182706501035f,-0.8931611035155979f,0.386723968546418f,0.8903834114733125f,0f,0f,0f,1f], start_interpolation: 0, interpolation_duration: 1 }
$data merge entity $(bone_left_index_finger_2) { transformation: [-0.9553768491481858f,0.045876562068182206f,0.2918054440281895f,2.0539631017369038f,-0.29033372443373623f,0.036153132482572015f,-0.9562422702788937f,5.4822528382954605f,-0.054418788741755944f,-0.9982926885761016f,-0.021220352668565867f,0.5356777143118778f,0f,0f,0f,1f], start_interpolation: 0, interpolation_duration: 1 }
$data merge entity $(bone_left_index_finger) { transformation: [-0.9553768491481858f,0.195478850801426f,0.22145675650347274f,2.182724197854008f,-0.29033372443373623f,-0.48329735463038603f,-0.825911614801309f,5.0034663347332025f,-0.054418788741755944f,-0.8533532011404331f,0.5184852066696362f,0.8295559658566383f,0f,0f,0f,1f], start_interpolation: 0, interpolation_duration: 1 }
$data merge entity $(bone_left_thumb) { transformation: [-0.12653639697898617f,0.7046676058479899f,0.698163380239925f,2.097273825923907f,-0.3701326200056559f,0.6194492892139029f,-0.6923037062591381f,4.382632019133929f,-0.9203208048541143f,-0.3460146577254382f,0.1824375860173082f,1.3219489562057931f,0f,0f,0f,1f], start_interpolation: 0, interpolation_duration: 1 }
$data merge entity $(bone_left_hand) { transformation: [-0.9872013109251135f,0.15740923376635865f,0.02561063905538205f,2.5220162294242425f,-0.08941628255303735f,-0.4133440803452999f,-0.9061740449041196f,4.434252214195423f,-0.132054156019917f,-0.8968662131937994f,0.42212876650292536f,1.2816240724719312f,0f,0f,0f,1f], start_interpolation: 0, interpolation_duration: 1 }
$data merge entity $(bone_left_forearm) { transformation: [-1.9853402153455821f,0.06316560370408013f,0.24444379556648713f,2.784610707425763f,-0.24871097702136474f,-0.8225649107478762f,-1.8074424612878028f,2.2125977471012863f,0.0434224894649034f,-1.8233802421507508f,0.8238430756482893f,1.294304558345098f,0f,0f,0f,1f], start_interpolation: 0, interpolation_duration: 1 }
$data merge entity $(bone_left_bicep) { transformation: [-2.430154524607163f,-0.0661056852198396f,0.4311288990568948f,1.801292262001145f,-0.29488318575097244f,-1.5491983721771856f,-1.8997161401361984f,-0.2048563086046291f,0.32138138711156294f,-1.9213296293749895f,1.516937560347516f,-1.7059069975750853f,0f,0f,0f,1f], start_interpolation: 0, interpolation_duration: 1 }
$data merge entity $(bone_left_shoulder) { transformation: [-1.2133878000860217f,-0.03300688542636874f,0.21526472538396216f,1.3835726731668778f,-0.14723658780446075f,-0.7735221714005158f,-0.9485373727172312f,1.2852495441300325f,0.16046726673026315f,-0.9593290914717737f,0.7574141934515335f,-0.09978489238552232f,0f,0f,0f,1f], start_interpolation: 0, interpolation_duration: 1 }
$data merge entity $(bone_right_fingers_2) { transformation: [-0.9638042831020829f,-0.21466645575183607f,0.15811267074154683f,-2.9508762032600875f,-0.26300247913371705f,0.6682824265748976f,-0.695865140886282f,2.84988791752103f,0.04371498419991143f,-0.7122618276351129f,-0.700551275104321f,2.0920477828494906f,0f,0f,0f,1f], start_interpolation: 0, interpolation_duration: 1 }
$data merge entity $(bone_right_fingers) { transformation: [-0.9638042831020829f,-0.09609397641996542f,0.24869107657871226f,-2.821357315606446f,-0.26300247913371705f,0.18973561429993976f,-0.9459545933266263f,2.302191263156319f,0.04371498419991143f,-0.977121458346926f,-0.20814095174755481f,1.9670398628426093f,0f,0f,0f,1f], start_interpolation: 0, interpolation_duration: 1 }
$data merge entity $(bone_right_index_finger_2) { transformation: [-0.967732133595476f,0.1583079192018261f,-0.1960436694329492f,-2.216944670356911f,0.2517552780596131f,0.5744985564040853f,-0.7788264817395135f,2.8409719372478723f,-0.010667594662072316f,-0.8030504413843566f,-0.5958155679541411f,2.00800896904582f,0f,0f,0f,1f], start_interpolation: 0, interpolation_duration: 1 }
$data merge entity $(bone_right_index_finger) { transformation: [-0.967732133595476f,0.02818135805405979f,-0.25040033679086027f,-2.3610928504138573f,0.2517552780596131f,0.06606400449428179f,-0.965533441823382f,2.2848960326570142f,-0.010667594662072316f,-0.9974173441285289f,-0.07102706565610997f,1.9613050814411992f,0f,0f,0f,1f], start_interpolation: 0, interpolation_duration: 1 }
$data merge entity $(bone_right_thumb) { transformation: [-0.2627334558504813f,-0.8152274644199772f,-0.5161155998729722f,-2.3077735899323484f,0.1365148940745208f,0.4981189049062262f,-0.8562950661254823f,1.5776112023648636f,0.9551621929665588f,-0.29543482839773094f,-0.01958181035853701f,2.36230974021576f,0f,0f,0f,1f], start_interpolation: 0, interpolation_duration: 1 }
$data merge entity $(bone_right_hand) { transformation: [-0.9992170579868842f,-0.019339851910744887f,-0.03451436159203661f,-2.72700474959133f,0.03755396873095466f,-0.1891430672270551f,-0.9812311651963038f,1.6179870901148328f,0.012448713210202697f,-0.9817590693484894f,0.1897212673671507f,2.215923060230983f,0f,0f,0f,1f], start_interpolation: 0, interpolation_duration: 1 }
$data merge entity $(bone_right_forearm) { transformation: [-1.9997643236822131f,-0.019229595337213797f,-0.07680914410112746f,-2.798325362583985f,0.0751579311827824f,0.1498735876053429f,-1.9942958570245262f,-0.3510077879116986f,0.024913998769866476f,-1.9956189272073042f,-0.14903409765494796f,1.1562793215743157f,0f,0f,0f,1f], start_interpolation: 0, interpolation_duration: 1 }
$data merge entity $(bone_right_bicep) { transformation: [-2.4622095505547446f,0.18217791606084824f,-0.015114190212872518f,-1.6475639757469482f,0.09497468115466315f,1.1004249764945055f,-2.2081525725673257f,1.4826537485525932f,-0.1561955242176754f,-2.202673189716499f,-1.104412459277589f,-2.1792457439245414f,0f,0f,0f,1f], start_interpolation: 0, interpolation_duration: 1 }
$data merge entity $(bone_right_shoulder) { transformation: [-1.2293930281578966f,0.0909623065344217f,-0.007546587604524302f,-1.3654967859991325f,0.04742131344456662f,0.5494474642941578f,-1.102541161539872f,0.7049401101473595f,-0.07798917377256294f,-1.0998052794237876f,-0.5514384335568341f,-0.10798213898798553f,0f,0f,0f,1f], start_interpolation: 0, interpolation_duration: 1 }
$data merge entity $(bone_chest) { transformation: [-4.057067490708343f,-0.29092542182233955f,8.649819436996717e-17f,2.2545341454962424e-17f,-0.05051866933643241f,0.7045023764332505f,-4.005690763260861f,1.2660050577413313f,0.286505610958987f,-3.995431519343361f,-0.7063113579375749f,-0.18409668380025468f,0f,0f,0f,1f], start_interpolation: 0, interpolation_duration: 1 }
$data merge entity $(bone_weist) { transformation: [-1.0999999999999999f,1.3458293274294852e-16f,-5.876017742949966e-18f,1.0098997098834861e-16f,0f,-0.047981326101869406f,-1.0989530437400434f,-1.3160520227932513f,-1.3471114790620883e-16f,-1.0989530437400434f,0.047981326101869406f,-0.8246456942414888f,0f,0f,0f,1f], start_interpolation: 0, interpolation_duration: 1 }
$data merge entity $(bone_right_fingers2) { transformation: [-0.999973998601164f,0.0026675169362938424f,-0.0066997369346751615f,0.7152977592494476f,0.00709103118629436f,0.19479721251157323f,-0.98081790525787f,-6.3060524302473295f,-0.0013112582942600643f,-0.9808399106638737f,-0.19481106295734368f,1.3652431950643056f,0f,0f,0f,1f], start_interpolation: 0, interpolation_duration: 1 }
$data merge entity $(bone_left_foot) { transformation: [-0.999973998601164f,0.005527649744731102f,-0.0046311132461687f,0.7264441129348951f,0.00709103118629436f,0.6369573179411858f,-0.7708664556185373f,-5.53027495258218f,-0.0013112582942600643f,-0.7708792513808314f,-0.6369799528966472f,0.7408417476185076f,0f,0f,0f,1f], start_interpolation: 0, interpolation_duration: 1 }
$data merge entity $(bone_left_knee) { transformation: [-1.5849729540811583f,0.0015004950664279438f,-0.01133101406889014f,0.7562038510655974f,0.0112393848865517f,-0.08111410450072265f,-1.5828973709032579f,-3.5089768581010228f,-0.0020783629725613707f,-1.5829365619315354f,0.08110135536322949f,1.2211044781865712f,0f,0f,0f,1f], start_interpolation: 0, interpolation_duration: 1 }
$data merge entity $(bone_left_thigh) { transformation: [-1.6036116361034185f,0.011525349412243875f,-0.0009488865862748821f,0.73854f,0.01137155579867157f,1.5476340046767634f,-0.4200043914032242f,-1.9911498331480149f,-0.0021028037344511326f,-0.420000199285906f,-1.5476754906398704f,-0.2397247560551246f,0f,0f,0f,1f], start_interpolation: 0, interpolation_duration: 1 }
$data merge entity $(bone_left_leg) { transformation: [-1f,1.2199866483456202e-16f,-1.0673500138322946e-17f,0.525745f,0f,-0.08715574274765796f,-0.9961946980917455f,-2.311846458333333f,-1.2246467991473532e-16f,-0.9961946980917455f,0.08715574274765796f,-0.5051479166666677f,0f,0f,0f,1f], start_interpolation: 0, interpolation_duration: 1 }
$data merge entity $(bone_left_fingers2) { transformation: [-0.9999988017159975f,0.0003750886983072711f,-0.001501957069081875f,-0.7486027570172649f,0.0015222729506393932f,0.061822088342924505f,-0.9980860243876695f,-1.9997889252066285f,-0.00028151666507419043f,-0.9980871147857727f,-0.061822585249884626f,1.9336012466872978f,0f,0f,0f,1f], start_interpolation: 0, interpolation_duration: 1 }
$data merge entity $(bone_right_foot) { transformation: [-0.9999988017159975f,0.00016091347953481295f,-0.001539699133294183f,-0.7529635589520879f,0.0015222729506393932f,-0.07865294621872604f,-0.9969008961457394f,-1.8767900560406028f,-0.00028151666507419043f,-0.9969020454176862f,0.07865260701592147f,0.945327820344287f,0f,0f,0f,1f], start_interpolation: 0, interpolation_duration: 1 }
$data merge entity $(bone_right_knee) { transformation: [-1.585012267369547f,-0.0013806926966567347f,-0.00202842543673727f,-0.7659809168529431f,0.0024128241922969054f,-1.115272250577138f,-1.1262468174898657f,-0.06839143254201563f,-0.000446207902295347f,-1.126248555743496f,1.115273015955387f,-0.06848920905202571f,0f,0f,0f,1f], start_interpolation: 0, interpolation_duration: 1 }
$data merge entity $(bone_right_thigh) { transformation: [-1.6036514117011984f,-0.0015727086703672803f,-0.001920897525168877f,-0.73854f,0.0024411980915360317f,-1.224607612647735f,-1.0353908677925474f,-2.040565307188362f,-0.000451455138335109f,-1.0353925512305777f,1.2246085393118913f,-0.42795607839893246f,0f,0f,0f,1f], start_interpolation: 0, interpolation_duration: 1 }
$data merge entity $(bone_right_leg) { transformation: [-1f,1.2199866483456202e-16f,-1.0673500138322946e-17f,-0.525745f,0f,-0.08715574274765796f,-0.9961946980917455f,-2.369138125f,-1.2246467991473532e-16f,-0.9961946980917455f,0.08715574274765796f,-0.6041062500000012f,0f,0f,0f,1f], start_interpolation: 0, interpolation_duration: 1 }