# This file was generated by Animated Java via MC-Build. It is not recommended to edit this file directly.
$data merge entity $(bone_neck) { transformation: [-1f,1.223481206754078e-16f,5.34183431177275e-18f,3.8338639613257166e-17f,0f,0.04361938736533622f,-0.9990482215818578f,1.230494375f,-1.2246467991473532e-16f,-0.9990482215818578f,-0.04361938736533622f,-0.3130587500000002f,0f,0f,0f,1f], start_interpolation: 0, interpolation_duration: 1 }
$data merge entity $(bone_left_fingers_2) { transformation: [-0.9900411143098404f,0.10695086549440802f,0.09154290986267781f,1.7624426183205357f,-0.01803286325653436f,0.5485600300498142f,-0.835916687998582f,5.615960322095717f,-0.1396187946477853f,-0.8292426700319663f,-0.541168353083729f,1.1346424568656657f,0f,0f,0f,1f], start_interpolation: 0, interpolation_duration: 1 }
$data merge entity $(bone_left_fingers) { transformation: [-0.9900411143098404f,0.13938741469641364f,0.01974184896050324f,1.7882396121280646f,-0.01803286325653436f,0.013513127786660528f,-0.99974607337073f,5.040110907435128f,-0.1396187946477853f,-0.990145718569581f,-0.010864997902814477f,1.1245731051880008f,0f,0f,0f,1f], start_interpolation: 0, interpolation_duration: 1 }
$data merge entity $(bone_left_index_finger_2) { transformation: [-0.8690653661708668f,-0.21960813268061674f,0.4432805628299416f,1.066300811649517f,-0.4941339135428415f,0.3426082629838909f,-0.7990314472046749f,5.394919949347951f,0.023602220428021653f,-0.9134505165556008f,-0.40626480157056855f,1.0236312687338827f,0f,0f,0f,1f], start_interpolation: 0, interpolation_duration: 1 }
$data merge entity $(bone_left_index_finger) { transformation: [-0.8690653661708668f,0.05295885226251386f,0.4918543984649668f,1.3500735946608997f,-0.4941339135428415f,-0.14036640537444256f,-0.8579795730255434f,4.899635621184083f,0.023602220428021653f,-0.988682270605322f,0.14815634641004133f,1.1032981030810345f,0f,0f,0f,1f], start_interpolation: 0, interpolation_duration: 1 }
$data merge entity $(bone_left_thumb) { transformation: [-0.12576842067034788f,0.6876466666523127f,0.7150694834797872f,1.4385032251363317f,-0.3859359701422254f,0.6301001670840718f,-0.6738154097310366f,4.296500156123277f,-0.9139123214578443f,-0.3607157347310874f,0.18614088053124153f,1.6439526344580115f,0f,0f,0f,1f], start_interpolation: 0, interpolation_duration: 1 }
$data merge entity $(bone_left_hand) { transformation: [-0.9512423717061915f,0.16165599854554713f,0.2626885768453241f,1.8460972757430423f,-0.30496670013795435f,-0.3653967428055431f,-0.8794774199228013f,4.418015665335902f,-0.04618725016437687f,-0.9167074552338615f,0.3968805606740034f,1.5101053014685613f,0f,0f,0f,1f], start_interpolation: 0, interpolation_duration: 1 }
$data merge entity $(bone_left_forearm) { transformation: [-1.903749103064776f,0.3563729368769286f,0.5040397958420231f,2.5077324362219557f,-0.6103387518481754f,-0.8419625981904649f,-1.709942696288817f,2.284239658822243f,-0.09243589088209724f,-1.7802852991756044f,0.909592377368433f,1.6288659607917038f,0f,0f,0f,1f], start_interpolation: 0, interpolation_duration: 1 }
$data merge entity $(bone_left_bicep) { transformation: [-2.453052450420622f,0.19432759089559823f,0.20165209047058316f,1.9398341067696248f,-0.279221079070864f,-1.833674763416983f,-1.6295906092326495f,-0.591487174528142f,0.021502724872572973f,-1.6418790309013171f,1.8438177739133197f,-1.0581314943972857f,0f,0f,0f,1f], start_interpolation: 0, interpolation_duration: 1 }
$data merge entity $(bone_left_shoulder) { transformation: [-1.2248208441776591f,0.09702869740389979f,0.10068585514264837f,1.310357034164042f,-0.13941642288208347f,-0.9155625968334076f,-0.8136624006233847f,1.1264165642650972f,0.01073641357567744f,-0.8197980684519498f,0.9206270505822444f,0.2174462897196352f,0f,0f,0f,1f], start_interpolation: 0, interpolation_duration: 1 }
$data merge entity $(bone_right_fingers_2) { transformation: [-0.8796187767404602f,-0.28473107565523065f,0.38104989458315275f,-4.173031696994837f,-0.4754930235871987f,0.5487309715973454f,-0.6876050503957462f,3.6173682522736743f,-0.013311353256529448f,-0.7860168798225953f,-0.6180617060686022f,-0.04624909505879807f,0f,0f,0f,1f], start_interpolation: 0, interpolation_duration: 1 }
$data merge entity $(bone_right_fingers) { transformation: [-0.8796187767404602f,-0.03540179444459661f,0.47436011695305813f,-3.9119453415517147f,-0.4754930235871987f,0.09334508322286222f,-0.8747531537285362f,3.107227508121798f,-0.013311353256529448f,-0.9950042253117415f,-0.09894139420010423f,-0.10921006458260935f,0f,0f,0f,1f], start_interpolation: 0, interpolation_duration: 1 }
$data merge entity $(bone_right_index_finger_2) { transformation: [-0.981834468824172f,-0.163218272266924f,-0.09675159650856652f,-3.466973748594181f,-0.010321275908119237f,0.5551066675444092f,-0.8317151308659528f,3.780928150842229f,0.18945856299567115f,-0.8156079838046834f,-0.5467074808905346f,-0.1401603908174311f,0f,0f,0f,1f], start_interpolation: 0, interpolation_duration: 1 }
$data merge entity $(bone_right_index_finger) { transformation: [-0.981834468824172f,-0.18964148954126497f,0.006097644899998672f,-3.464556499943395f,-0.010321275908119237f,0.021292000850248433f,-0.9997200217878109f,3.2048907943278553f,0.18945856299567115f,-0.9816225120403275f,-0.022862562482189486f,-0.1590146584125544f,0f,0f,0f,1f], start_interpolation: 0, interpolation_duration: 1 }
$data merge entity $(bone_right_thumb) { transformation: [-0.10229080122610412f,-0.7651224126765488f,-0.6357077045345123f,-3.2334106249662007f,-0.38134679571139485f,0.6203973642427298f,-0.6853332998193835f,2.4547023291373486f,0.9187552521673946f,0.17232180378782794f,-0.35523792386812525f,-0.24590878247875775f,0f,0f,0f,1f], start_interpolation: 0, interpolation_duration: 1 }
$data merge entity $(bone_right_hand) { transformation: [-0.9712659383576846f,-0.16656148527136322f,0.1699992606171096f,-3.6573770298409776f,-0.21201706646635793f,0.28102265939694787f,-0.9359887971725231f,2.429660425183564f,0.10812603994027734f,-0.9451367819155405f,-0.3082616144724624f,-0.23200430652659687f,0f,0f,0f,1f], start_interpolation: 0, interpolation_duration: 1 }
$data merge entity $(bone_right_forearm) { transformation: [-1.9470900407577874f,0.4157836547076742f,0.20320211092980853f,-3.245406144066876f,-0.395206094901017f,-1.03668345139955f,-1.6656609307941295f,0.26055392385704623f,-0.24078888670677628f,-1.660643895089735f,1.0906921371158154f,0.12873006608595894f,0f,0f,0f,1f], start_interpolation: 0, interpolation_duration: 1 }
$data merge entity $(bone_right_bicep) { transformation: [-2.208932751540678f,1.1029485723420194f,0.003694405052850392f,-0.7384581826239457f,0.3141602951360969f,0.6371056107971175f,-2.364591476839053f,1.2994368147692545f,-1.0572665278064908f,-2.11506359009572f,-0.710342594612257f,-2.777853516043045f,0f,0f,0f,1f], start_interpolation: 0, interpolation_duration: 1 }
$data merge entity $(bone_right_shoulder) { transformation: [-1.1029307086400926f,0.5507075077945669f,0.0018446341474641248f,-1.3141650089108994f,0.15686174090151117f,0.3181098846512819f,-1.1806518561397652f,0.9051060925255972f,-0.5278982440374167f,-1.0560613864845276f,-0.3546774616413718f,-0.659458308417727f,0f,0f,0f,1f], start_interpolation: 0, interpolation_duration: 1 }
$data merge entity $(bone_chest) { transformation: [-3.9288888095433916f,1.0527425836688271f,8.649819436996717e-17f,2.2545341454962424e-17f,0.18280683120646787f,0.682244382033206f,-4.005690763260861f,1.2660050577413313f,-1.036749058323164f,-3.869200160361236f,-0.7063113579375749f,-0.18409668380025468f,0f,0f,0f,1f], start_interpolation: 0, interpolation_duration: 1 }
$data merge entity $(bone_weist) { transformation: [-1.09764418630772f,0.07195304203552756f,-0.0000025877879199046163f,9.799947229363268e-17f,-0.006230154337248972f,-0.09508046305877839f,-1.0958653615848353f,-1.1775634325259094f,-0.07168281134133273f,-1.093518388179349f,0.0952843600589363f,-0.8002264192570767f,0f,0f,0f,1f], start_interpolation: 0, interpolation_duration: 1 }
$data merge entity $(bone_right_fingers2) { transformation: [-0.9999805859378124f,0.0055451304475317015f,0.0028424066896312952f,0.7260048500986569f,0.006127305837313263f,0.9579933830924654f,0.2867248403508652f,-5.2146486857817695f,-0.0011330801584312905f,0.2867366901520853f,-0.9580087612595105f,1.6225868190542816f,0f,0f,0f,1f], start_interpolation: 0, interpolation_duration: 1 }
$data merge entity $(bone_left_foot) { transformation: [-0.9999805859378124f,0.005081701820356333f,-0.0036061134311597843f,0.7365108471874918f,0.006127305837313263f,0.6966801556637982f,-0.7173557115040223f,-4.391325135823437f,-0.0011330801584312905f,-0.7173638804755054f,-0.6966977674131587f,1.0623546709812093f,0f,0f,0f,1f], start_interpolation: 0, interpolation_duration: 1 }
$data merge entity $(bone_left_knee) { transformation: [-1.5849833951030667f,0.002076952894304258f,-0.00965567440722722f,0.7639507580298662f,0.009711866555640884f,0.045978084142178445f,-1.5843173936937787f,-2.4149756844078194f,-0.0017959481030825064f,-1.5843457989275314f,-0.045989917646386755f,1.7030369762789328f,0f,0f,0f,1f], start_interpolation: 0, interpolation_duration: 1 }
$data merge entity $(bone_left_thigh) { transformation: [-1.6036221999077924f,0.008061572149744324f,-0.005904619249124236f,0.73854f,0.009826074430360205f,1.0998410927361768f,-1.1670291480941222f,-1.9702932355864744f,-0.0018170677730022003f,-1.1670426707256587f,-1.099869136070897f,-0.24466717804326427f,0f,0f,0f,1f], start_interpolation: 0, interpolation_duration: 1 }
$data merge entity $(bone_left_leg) { transformation: [-1f,1.2199866483456202e-16f,-1.0673500138322946e-17f,0.525745f,0f,-0.08715574274765796f,-0.9961946980917455f,-2.291013125f,-1.2246467991473532e-16f,-0.9961946980917455f,0.08715574274765796f,-0.5103562500000011f,0f,0f,0f,1f], start_interpolation: 0, interpolation_duration: 1 }
$data merge entity $(bone_left_fingers2) { transformation: [-0.99999929253662f,-0.00029600577748039203f,0.0011520880345123332f,-0.7462538933754161f,-0.001169677340571025f,0.06858758769717266f,-0.9976444129392004f,-2.983133231545789f,0.0002162895709990593f,-0.9976450547135801f,-0.06858788540521654f,2.0570046897469174f,0f,0f,0f,1f], start_interpolation: 0, interpolation_duration: 1 }
$data merge entity $(bone_right_foot) { transformation: [-0.99999929253662f,-0.0006287452810197953f,0.0010097552332934952f,-0.7518957997932701f,-0.001169677340571025f,0.36541060581157747f,-0.9308457020448313f,-2.440180564710982f,0.0002162895709990593f,-0.9308462245934006f,-0.3654110827260633f,1.222137829646258f,0f,0f,0f,1f], start_interpolation: 0, interpolation_duration: 1 }
$data merge entity $(bone_right_knee) { transformation: [-1.585013045327187f,0.00028413092442733845f,0.0018638525377539978f,-0.770400240251989f,-0.001853955155234066f,-0.5197960881434541f,-1.4973571711969969f,-0.3713511198611892f,0.0003428220341357648f,-1.4973582919777109f,0.5197960527482609f,1.0883382931071788f,0f,0f,0f,1f], start_interpolation: 0, interpolation_duration: 1 }
$data merge entity $(bone_right_thigh) { transformation: [-1.6036521988073256f,0.0003039174957817159f,0.0018831902974239577f,-0.73854f,-0.0018757569661311925f,-0.5391090688346026f,-1.5103184786485273f,-1.9248374706271458f,0.0003468534914978781f,-1.5103196128785303f,0.5391090429200869f,-0.29284282423333885f,0f,0f,0f,1f], start_interpolation: 0, interpolation_duration: 1 }
$data merge entity $(bone_right_leg) { transformation: [-1f,1.2199866483456202e-16f,-1.0673500138322946e-17f,-0.525745f,0f,-0.08715574274765796f,-0.9961946980917455f,-2.259763125f,-1.2246467991473532e-16f,-0.9961946980917455f,0.08715574274765796f,-0.5416062500000012f,0f,0f,0f,1f], start_interpolation: 0, interpolation_duration: 1 }