# This file was generated by Animated Java via MC-Build. It is not recommended to edit this file directly.
$data merge entity $(bone_neck) { transformation: [-0.9807852804032304f,0.1950903220161284f,2.719262146893782e-32f,4.407917148426039e-17f,4.331875347676834e-17f,2.1777808010342135e-16f,-1f,1.230494375f,-0.1950903220161284f,-0.9807852804032304f,-2.220446049250313e-16f,-0.3599337500000002f,0f,0f,0f,1f], start_interpolation: 0, interpolation_duration: 1 }
$data merge entity $(bone_left_fingers_2) { transformation: [-0.9946039533138169f,0.012716388778916718f,0.10296246650576416f,2.0651642258675875f,-0.06231612102134593f,0.7202413300367716f,-0.6909190455963096f,4.156408731686232f,-0.08294381901853892f,-0.6936070356933282f,-0.7155624381724728f,2.182230089172173f,0f,0f,0f,1f], start_interpolation: 0, interpolation_duration: 1 }
$data merge entity $(bone_left_fingers) { transformation: [-0.9946039533138169f,0.06604658644573938f,0.08000515278025935f,2.125330788109105f,-0.06231612102134593f,0.23621484407565f,-0.9697005973490834f,3.5997722671361325f,-0.08294381901853892f,-0.9694536584371538f,-0.23082445067504873f,2.0447337029692663f,0f,0f,0f,1f], start_interpolation: 0, interpolation_duration: 1 }
$data merge entity $(bone_left_index_finger_2) { transformation: [-0.8332077721325919f,-0.3058861489976157f,0.46065005406409304f,1.3776246348909678f,-0.5518337023575517f,0.51311917578625f,-0.6574102801012444f,3.912452022246055f,-0.035275677175645406f,-0.8019615796856155f,-0.5963331713966207f,2.0657389735070106f,0f,0f,0f,1f], start_interpolation: 0, interpolation_duration: 1 }
$data merge entity $(bone_left_index_finger) { transformation: [-0.8332077721325919f,-0.010474667823654443f,0.5528608231660365f,1.6961898317053687f,-0.5518337023575517f,0.07953403751910723f,-0.8301529388120398f,3.4344767787114145f,-0.035275677175645406f,-0.9967771156130607f,-0.07204865293609788f,2.01845002612753f,0f,0f,0f,1f], start_interpolation: 0, interpolation_duration: 1 }
$data merge entity $(bone_left_thumb) { transformation: [-0.16794829191797495f,0.6198184652822469f,0.7665627445532397f,1.860357705372372f,-0.18913353090319152f,0.742902289145648f,-0.6421251406620421f,2.737783978030136f,-0.967482236906666f,-0.2528265391079748f,-0.007540715666136566f,2.407766814608485f,0f,0f,0f,1f], start_interpolation: 0, interpolation_duration: 1 }
$data merge entity $(bone_left_hand) { transformation: [-0.9316492947706615f,0.11671916931658302f,0.3441020590862199f,2.248962322890743f,-0.3588504497687227f,-0.14683907275045321f,-0.9217725540579804f,2.9156066518699024f,-0.057060899520730415f,-0.9822499285965023f,0.1786872449786252f,2.2805678148897184f,0f,0f,0f,1f], start_interpolation: 0, interpolation_duration: 1 }
$data merge entity $(bone_left_forearm) { transformation: [-1.864536906728956f,0.17505376605416678f,0.705816361234682f,3.0345261602487748f,-0.7181778715935964f,-0.13822615833709212f,-1.8629096884324146f,0.9447054134650437f,-0.11419764248707381f,-1.9888610161326803f,0.19159642561585633f,1.5711293104034436f,0f,0f,0f,1f], start_interpolation: 0, interpolation_duration: 1 }
$data merge entity $(bone_left_bicep) { transformation: [-2.3382847127428708f,-0.6369856614408904f,0.47177004139810247f,1.1842297471730499f,-0.4060396750756603f,-0.299499337711383f,-2.4168833301721366f,0.4835592269603713f,0.6807712443299201f,-2.366525410072374f,0.17888851015181947f,-1.9182855453094148f,0f,0f,0f,1f], start_interpolation: 0, interpolation_duration: 1 }
$data merge entity $(bone_left_shoulder) { transformation: [-1.1675167627575003f,-0.3180499933628884f,0.235557042518138f,1.281731174423413f,-0.20273755561586823f,-0.14954145460012708f,-1.206761429105504f,0.9022740933110329f,0.3399123447315908f,-1.181617478271087f,0.0893198904003318f,0.2702538435089832f,0f,0f,0f,1f], start_interpolation: 0, interpolation_duration: 1 }
$data merge entity $(bone_right_fingers_2) { transformation: [-0.7838369939189702f,-0.5607445418208117f,0.2667679249502085f,-3.898545995060119f,0.021982072524994345f,-0.45438844186561317f,-0.8905323870508282f,3.9036410981223075f,0.6205774371112587f,-0.6921681173798085f,0.3684927975297669f,-2.206437442946705f,0f,0f,0f,1f], start_interpolation: 0, interpolation_duration: 1 }
$data merge entity $(bone_right_fingers) { transformation: [-0.7838369939189702f,-0.3295928482626966f,0.526277608623201f,-3.6079229706449025f,0.021982072524994345f,-0.861710027728276f,-0.5069246656062808f,3.6068052229444296f,0.6205774371112587f,-0.38577763347117067f,0.6826853316585946f,-1.8066869352385633f,0f,0f,0f,1f], start_interpolation: 0, interpolation_duration: 1 }
$data merge entity $(bone_right_index_finger_2) { transformation: [-0.8247874315262447f,-0.5410406493030244f,-0.1643189234327627f,-3.3076457022451997f,0.45353863097720504f,-0.45946045872471647f,-0.7636745360949229f,3.7103313896422643f,0.33768091892741425f,-0.7043941387250712f,0.6243400470273412f,-2.5440513735823975f,0f,0f,0f,1f], start_interpolation: 0, interpolation_duration: 1 }
$data merge entity $(bone_right_index_finger) { transformation: [-0.8247874315262447f,-0.5445975486636153f,0.15211575456185172f,-3.2231282218046244f,0.45353863097720504f,-0.7978270497259348f,-0.3972086466039395f,3.476796426824511f,0.33768091892741425f,-0.25862232833843213f,0.9050337498000534f,-2.0239565944898326f,0f,0f,0f,1f], start_interpolation: 0, interpolation_duration: 1 }
$data merge entity $(bone_right_thumb) { transformation: [0.2913845701238196f,-0.5915490561941288f,-0.7517743986127701f,-3.018433689633563f,0.5741047513551016f,0.7367533793041832f,-0.35720889204408507f,2.9349963344223418f,0.7651789116051575f,-0.3275120947380441f,0.5542896905364967f,-1.4959021103872305f,0f,0f,0f,1f], start_interpolation: 0, interpolation_duration: 1 }
$data merge entity $(bone_right_hand) { transformation: [-0.8353759070826566f,-0.5424137916400162f,0.08907509474892283f,-3.3832409637737277f,0.2822496065587626f,-0.562334512096022f,-0.7772483876491173f,3.0834883004818527f,0.4716802449363894f,-0.6241531664138458f,0.622856782408539f,-1.3433965322342272f,0f,0f,0f,1f], start_interpolation: 0, interpolation_duration: 1 }
$data merge entity $(bone_right_forearm) { transformation: [-2.0003130104381905f,-0.06254257200607796f,0.012769462992992869f,-3.3827724501747825f,0.05336551582756878f,-1.8581738452542134f,-0.7413965570193793f,1.4811960575489842f,0.03502505130220869f,-0.7406788506003101f,1.8588961397241224f,0.21786310701185574f,0f,0f,0f,1f], start_interpolation: 0, interpolation_duration: 1 }
$data merge entity $(bone_right_bicep) { transformation: [-1.979639365840351f,1.235761432646809f,-0.8061108890760514f,-0.6968250546143814f,0.4971831460950202f,-0.7113245472110504f,-2.3114323287656755f,0.33462967239553953f,-1.3891472215511693f,-2.015639891648993f,0.32149483158981934f,-2.48090809022464f,0f,0f,0f,1f], start_interpolation: 0, interpolation_duration: 1 }
$data merge entity $(bone_right_shoulder) { transformation: [-0.9884434223247626f,0.6170216054194541f,-0.4024950300143947f,-1.3542128044022415f,0.24824592747969548f,-0.35516775527972855f,-1.1541092387538896f,1.089646786566976f,-0.6936078648850766f,-1.0064186573851541f,0.16052391010191283f,-0.48783914315692556f,0f,0f,0f,1f], start_interpolation: 0, interpolation_duration: 1 }
$data merge entity $(bone_chest) { transformation: [-3.8966079715005666f,1.1665678470038696f,8.649819436996717e-17f,2.2545341454962424e-17f,0.2025723807570565f,0.6766388733335081f,-4.005690763260861f,1.2660050577413313f,-1.1488450601441702f,-3.837409740782931f,-0.7063113579375749f,-0.18409668380025468f,0f,0f,0f,1f], start_interpolation: 0, interpolation_duration: 1 }
$data merge entity $(bone_weist) { transformation: [-1.0999999999999999f,1.3458293274294852e-16f,-5.876017742949966e-18f,1.0169144599081284e-16f,0f,-0.047981326101869406f,-1.0989530437400434f,-1.3485370007571957f,-1.3471114790620883e-16f,-1.0989530437400434f,0.047981326101869406f,-0.8303736723242521f,0f,0f,0f,1f], start_interpolation: 0, interpolation_duration: 1 }
$data merge entity $(bone_right_fingers2) { transformation: [-0.9999895593005934f,0.003735455976933009f,0.0026320445378749764f,0.7397058886659273f,0.0044934130140146964f,0.9085621733076086f,0.41772549176946416f,-3.716036353392331f,-0.000830980920626583f,0.41773295728635f,-0.908569472229565f,0.5751202121354236f,0f,0f,0f,1f], start_interpolation: 0, interpolation_duration: 1 }
$data merge entity $(bone_left_foot) { transformation: [-0.9999895593005934f,0.00411879737419706f,-0.001979090193818725f,0.7489466203989766f,0.0044934130140146964f,0.8075496513263343f,-0.5897824767507098f,-2.8101058178443252f,-0.000830980920626583f,-0.5897852118787876f,-0.8075597274008921f,0.16155452537679982f,0f,0f,0f,1f], start_interpolation: 0, interpolation_duration: 1 }
$data merge entity $(bone_left_knee) { transformation: [-1.5849976180101972f,0.002693956654564366f,-0.006723245761662507f,0.7724701797836817f,0.007122123283897659f,0.31214760265170144f,-1.5539572252970004f,-0.9698390277346598f,-0.001317116531422843f,-1.553971211216722f,-0.3121564486723024f,1.1259448522221067f,0f,0f,0f,1f], start_interpolation: 0, interpolation_duration: 1 }
$data merge entity $(bone_left_thigh) { transformation: [-1.6036365900709275f,0.0010493281751613318f,-0.007252544876077782f,0.73854f,0.007205876757968047f,-0.06281751657073772f,-1.6024063306362544f,-2.0404796091345547f,-0.0013326053232992218f,-1.6024221890729595f,0.06281214564705151f,-0.3456651000240958f,0f,0f,0f,1f], start_interpolation: 0, interpolation_duration: 1 }
$data merge entity $(bone_left_leg) { transformation: [-1f,1.2199866483456202e-16f,-1.0673500138322946e-17f,0.525745f,0f,-0.08715574274765796f,-0.9961946980917455f,-2.355249236111111f,-1.2246467991473532e-16f,-0.9961946980917455f,0.08715574274765796f,-0.5433423611111122f,0f,0f,0f,1f], start_interpolation: 0, interpolation_duration: 1 }
$data merge entity $(bone_left_fingers2) { transformation: [-0.9999871846389964f,-0.0015704403190027634f,0.004812927900795953f,-0.7319966623536827f,-0.004978260723219196f,0.1321566553477711f,-0.9912163413541273f,-4.806093504136298f,0.0009205856535177662f,-0.9912275985688125f,-0.13216277977388213f,1.89726646009932f,0f,0f,0f,1f], start_interpolation: 0, interpolation_duration: 1 }
$data merge entity $(bone_right_foot) { transformation: [-0.9999871846389964f,-0.003870092329487362f,0.0032638846693859645f,-0.7412521590151369f,-0.004978260723219196f,0.6344534705914734f,-0.7729450242899594f,-4.032332002085873f,0.0009205856535177662f,-0.7729513671892918f,-0.634464606169847f,1.2703377740818353f,0f,0f,0f,1f], start_interpolation: 0, interpolation_duration: 1 }
$data merge entity $(bone_right_knee) { transformation: [-1.584993854137925f,-0.00118758648991308f,0.00793602654752747f,-0.7668993331310116f,-0.00789061377166267f,-0.05437855803295773f,-1.5840614316290231f,-2.0163566821466263f,0.001459141302455751f,-1.5840806389191848f,0.05437194903692733f,1.7535413895774057f,0f,0f,0f,1f], start_interpolation: 0, interpolation_duration: 1 }
$data merge entity $(bone_right_thigh) { transformation: [-1.6036327819369418f,-0.0051721822369984365f,0.0062580139982835225f,-0.73854f,-0.007983404402992875f,0.7798154054186006f,-1.401259509240552f,-2.0024395937688757f,0.0014763002518826107f,-1.4012727056193741f,-0.7798311602743478f,-0.325159709353967f,0f,0f,0f,1f], start_interpolation: 0, interpolation_duration: 1 }
$data merge entity $(bone_right_leg) { transformation: [-1f,1.2199866483456202e-16f,-1.0673500138322946e-17f,-0.525745f,0f,-0.08715574274765796f,-0.9961946980917455f,-2.3354842788461543f,-1.2246467991473532e-16f,-0.9961946980917455f,0.08715574274765796f,-0.5524235576923089f,0f,0f,0f,1f], start_interpolation: 0, interpolation_duration: 1 }