# This file was generated by Animated Java via MC-Build. It is not recommended to edit this file directly.
$data merge entity $(bone_right_thumb_2) { transformation: [-0.7991557460048082f,-0.5843968484930971f,-0.14082051377137697f,0.23457209554488612f,0.04680466779894646f,0.17305848560460652f,-0.9837988024146352f,-0.953955467312535f,0.5992991045377333f,-0.792799523228651f,-0.11094818280934104f,1.9219016354780805f,0f,0f,0f,1f], start_interpolation: 0, interpolation_duration: 1 }
$data merge entity $(bone_right_thumb) { transformation: [-0.5352850310305346f,-0.8328502377113218f,-0.14082051377137697f,-0.08314208458813294f,-0.01861447199109035f,0.17830708847385301f,-0.9837988024146352f,-0.9055945833993102f,0.8444663622591091f,-0.5239914729689524f,-0.11094818280934104f,1.896333793563672f,0f,0f,0f,1f], start_interpolation: 0, interpolation_duration: 1 }
$data merge entity $(bone_right_fingers2) { transformation: [0.8357573624843985f,-0.5307345984145816f,-0.14082051377137697f,0.5273624940459223f,-0.17820291066720256f,-0.0195867046045667f,-0.9837988024146352f,-1.2159467039347978f,0.5193778525147746f,0.8473117177570758f,-0.11094818280934104f,2.3513770832170753f,0f,0f,0f,1f], start_interpolation: 0, interpolation_duration: 1 }
$data merge entity $(bone_right_fingers) { transformation: [0.03382732265942423f,-0.9894570708943671f,-0.14082051377137697f,0.05761863837291603f,-0.11678067879326028f,0.13602275334705918f,-0.9837988024146352f,-1.1542967367633996f,0.9925814753975015f,0.049724394707472086f,-0.11094818280934104f,2.327703033685173f,0f,0f,0f,1f], start_interpolation: 0, interpolation_duration: 1 }
$data merge entity $(bone_right_hand) { transformation: [-0.79434796919098f,-0.590915295743249f,-0.14082051377137697f,-0.41278412662108543f,0.045387285799690646f,0.1734356095364119f,-0.9837988024146352f,-1.0579517927584532f,0.6057650519218678f,-0.7878700416955845f,-0.11094818280934104f,1.8068140923660345f,0f,0f,0f,1f], start_interpolation: 0, interpolation_duration: 1 }
$data merge entity $(bone_right_forearm) { transformation: [-1.1603929412025986f,-0.8360195881613655f,-0.4696545222129172f,-1.5835475808224555f,0.03797188681701984f,0.6966411256753976f,-1.333890991740566f,-0.04956101057082796f,0.9581556542838424f,-1.0400857129321488f,-0.5159218467323188f,0.2813116463556615f,0f,0f,0f,1f], start_interpolation: 0, interpolation_duration: 1 }
$data merge entity $(bone_right_bicep) { transformation: [-1.4572852206113687f,-0.2879343430352145f,-0.5350866826346906f,-2.0206789984054763f,-0.13353871154958608f,1.5081431742108005f,-0.4478568260543677f,2.0935896028996432f,0.5927827227153261f,-0.3681061507591189f,-1.4163370585661996f,-0.3701814632698439f,0f,0f,0f,1f], start_interpolation: 0, interpolation_duration: 1 }
$data merge entity $(bone_right_shoulder) { transformation: [-0.9861017531376978f,-0.16510185687087967f,0.018566349036540662f,-1.795433125f,-0.1655346154116311f,0.9667890976553836f,-0.1947232183259429f,2.632707332961818f,0.014199421089694797f,-0.1950902804151888f,-0.9806824964932538f,-0.4092325792901047f,0f,0f,0f,1f], start_interpolation: 0, interpolation_duration: 1 }
data modify entity @s data merge value {"locators":{"consume":{"posx":0.22750428677871137,"posy":-1.1745528049883416,"posz":2.2357638205203245,"rotx":308.23349559053173,"roty":-79.6724030687459}},"cameras":{}}