# This file was generated by Animated Java via MC-Build. It is not recommended to edit this file directly.
$data merge entity $(bone_right_thumb_2) { transformation: [-0.8002130648504947f,-0.5861477991014878f,-0.12684560871807776f,0.235387403426361f,0.05265885600543604f,0.14201845201157223f,-0.9884623433254478f,-0.8034860092488247f,0.5973994440295175f,-0.7976600258861661f,-0.08277914819871449f,2.0140642946572607f,0f,0f,0f,1f], start_interpolation: 0, interpolation_duration: 1 }
$data merge entity $(bone_right_thumb) { transformation: [-0.5397330046619635f,-0.8322250147811642f,-0.12684560871807776f,-0.0828039851083408f,-0.0012379342744420554f,0.15146175539157286f,-0.9884623433254478f,-0.760255405326101f,0.8418353468447979f,-0.5333487240316551f,-0.08277914819871449f,1.9854261201787773f,0f,0f,0f,1f], start_interpolation: 0, interpolation_duration: 1 }
$data merge entity $(bone_right_fingers2) { transformation: [0.8310455204156888f,-0.5415473520810133f,-0.12684560871807776f,0.5329784451922948f,-0.15146409569094113f,-0.0009074933002021224f,-0.9884623433254478f,-1.0493788374348154f,0.5351840531196184f,0.8406697579370588f,-0.08277914819871449f,2.4542890989318864f,0f,0f,0f,1f], start_interpolation: 0, interpolation_duration: 1 }
$data merge entity $(bone_right_fingers) { transformation: [0.028732532619051065f,-0.9915062446188805f,-0.12684560871807776f,0.06261828234012584f,-0.0870796832847272f,0.1239327421894476f,-0.9884623433254478f,-0.9948569604910862f,0.9957869101009147f,0.03944670195553063f,-0.08277914819871449f,2.4258435166346373f,0f,0f,0f,1f], start_interpolation: 0, interpolation_duration: 1 }
$data merge entity $(bone_right_hand) { transformation: [-0.7944201016275936f,-0.5939754992244579f,-0.12684560871807776f,-0.40953788453947815f,0.051262077825199266f,0.1425285767999095f,-0.9884623433254478f,-0.9200728914446078f,0.6052015379252164f,-0.7917567247055428f,-0.08277914819871449f,1.9030029139340607f,0f,0f,0f,1f], start_interpolation: 0, interpolation_duration: 1 }
$data merge entity $(bone_right_forearm) { transformation: [-1.1595664504272403f,-0.8574386693636675f,-0.4315327048333576f,-1.6101057566775268f,0.050093376585937856f,0.6217556857423923f,-1.370009642625404f,-0.015936983819042627f,0.9585990823504633f,-1.0696890648895276f,-0.4504098175994603f,0.33585965278987023f,0f,0f,0f,1f], start_interpolation: 0, interpolation_duration: 1 }
$data merge entity $(bone_right_bicep) { transformation: [-1.4633305276825421f,-0.26710042587120286f,-0.5293630958956228f,-2.0249650107253423f,-0.1038006190184689f,1.5032512634069597f,-0.4715561775665821f,2.107650462869201f,0.5837750904998936f,-0.4022401765229891f,-1.410784761098248f,-0.36506146320870286f,0f,0f,0f,1f], start_interpolation: 0, interpolation_duration: 1 }
$data merge entity $(bone_right_shoulder) { transformation: [-0.9861020930724095f,-0.1650572272586717f,0.01894132434367347f,-1.795433125f,-0.16553270304631887f,0.9663457185964376f,-0.19691337276201942f,2.6474062042314346f,0.01419810763419685f,-0.1973120976524603f,-0.9802379047249672f,-0.40529402860376196f,0f,0f,0f,1f], start_interpolation: 0, interpolation_duration: 1 }
data modify entity @s data merge value {"locators":{"consume":{"posx":0.2327007521140364,"posy":-1.015294858706222,"posz":2.334309334256047,"rotx":303.12837277982845,"roty":-81.28805983829774}},"cameras":{}}