# This file was generated by Animated Java via MC-Build. It is not recommended to edit this file directly.
$data merge entity $(bone_right_thumb_2) { transformation: [-0.7964010364735781f,-0.6038924344913233f,-0.03254714531188342f,0.20004058570610245f,0.0983296732119489f,-0.0761982091113735f,-0.992232386235327f,0.3240200769202593f,0.5967215971203335f,-0.7934152509829653f,0.12006487845242837f,2.438471925932065f,0f,0f,0f,1f], start_interpolation: 0, interpolation_duration: 1 }
$data merge entity $(bone_right_thumb) { transformation: [-0.5586659784388169f,-0.8287538885984465f,-0.03254714531188342f,-0.11994993554109107f,0.11767062975469834f,-0.04035485842971036f,-0.992232386235327f,0.3298186045664613f,0.8210030130444905f,-0.558156319980408f,0.12006487845242837f,2.399648823535288f,0f,0f,0f,1f], start_interpolation: 0, interpolation_duration: 1 }
$data merge entity $(bone_right_fingers2) { transformation: [0.796407856027419f,-0.603883440897212f,-0.03254714531188342f,0.5342917749785321f,0.04683534595582556f,0.11524470519267858f,-0.992232386235327f,0.20276617296243737f,0.6029435937357719f,0.7886973105920903f,0.12006487845242837f,2.933480310811655f,0f,0f,0f,1f], start_interpolation: 0, interpolation_duration: 1 }
$data merge entity $(bone_right_fingers) { transformation: [0.0035489577251420767f,-0.999463900414173f,-0.03254714531188342f,0.06211502914126471f,0.12001303230849786f,0.0327378035590159f,-0.992232386235327f,0.2045653459533135f,0.9927659729136493f,-0.00038469080959835367f,0.12006487845242837f,2.888023158645103f,0f,0f,0f,1f], start_interpolation: 0, interpolation_duration: 1 }
$data merge entity $(bone_right_hand) { transformation: [-0.7833763236415917f,-0.6206949483360011f,-0.03254714531188342f,-0.42543177024431444f,0.09992813387448243f,-0.07408953884397433f,-0.992232386235327f,0.1295496995644026f,0.6134622267247981f,-0.7805437344211124f,0.12006487845242837f,2.3795379868420086f,0f,0f,0f,1f], start_interpolation: 0, interpolation_duration: 1 }
$data merge entity $(bone_right_forearm) { transformation: [-1.1378497477610643f,-0.9737060534575438f,-0.15234950934471997f,-1.7930303481148142f,0.14788839030005654f,0.06137411210140112f,-1.496789277886364f,0.25382320873140585f,0.9743935937555729f,-1.1463619148599014f,0.049268495250010105f,0.6971244712477257f,0f,0f,0f,1f], start_interpolation: 0, interpolation_duration: 1 }
$data merge entity $(bone_right_bicep) { transformation: [-1.4881918263289715f,-0.11715916545326703f,-0.5142596387452338f,-2.0549790897911713f,0.10636054535731757f,1.4411609082421686f,-0.6361185651986163f,2.2061469909110736f,0.5166010844775477f,-0.6342185148269845f,-1.3504793049179689f,-0.3292272425918964f,0f,0f,0f,1f], start_interpolation: 0, interpolation_duration: 1 }
$data merge entity $(bone_right_shoulder) { transformation: [-0.9861044724647324f,-0.16472098924315096f,0.021563049130619717f,-1.795433125f,-0.1655193164563514f,0.9631032721767726f,-0.2122155578703311f,2.7502983031187482f,0.014188913449379725f,-0.21283581189534662f,-0.9769849496844742f,-0.37772417379936307f,0f,0f,0f,1f], start_interpolation: 0, interpolation_duration: 1 }
data modify entity @s data merge value {"locators":{"consume":{"posx":0.23150778843118436,"posy":0.18159741310128574,"posz":2.795812378840275,"rotx":195.16721572711612,"roty":-82.85400081921404}},"cameras":{}}