# This file was generated by Animated Java via MC-Build. It is not recommended to edit this file directly.
$data merge entity $(bone_right_thumb_2) { transformation: [-0.7382718901029693f,-0.661019215969353f,0.13419468097898232f,0.006839939044522625f,0.202583895569069f,-0.4070715525282529f,-0.8906472457591156f,2.2118244805267744f,0.6433617812241021f,-0.6303541443042155f,0.43444133230926696f,2.2363338780262305f,0f,0f,0f,1f], start_interpolation: 0, interpolation_duration: 1 }
$data merge entity $(bone_right_thumb) { transformation: [-0.5352265198957217f,-0.8339810309576974f,0.13419468097898232f,-0.3111897240893546f,0.3038166861294698f,-0.3382941099856881f,-0.8906472457591156f,2.159695789875628f,0.788180178404419f,-0.43592744253112525f,0.43444133230926696f,2.2277012151360926f,0f,0f,0f,1f], start_interpolation: 0, interpolation_duration: 1 }
$data merge entity $(bone_right_fingers2) { transformation: [0.7464204043741736f,-0.6518039333502401f,0.13419468097898232f,0.42478831581830995f,0.37921175356051745f,0.2508902739909598f,-0.8906472457591156f,2.322141521680373f,0.5468592377344031f,0.7156854776267971f,0.43444133230926696f,2.7220919173342333f,0f,0f,0f,1f], start_interpolation: 0, interpolation_duration: 1 }
$data merge entity $(bone_right_fingers) { transformation: [0.012906304871712626f,-0.9908709375551932f,0.13419468097898232f,-0.042413715469438396f,0.43994039345387403f,-0.11489096495961745f,-0.8906472457591156f,2.2401804793048625f,0.8979342278264086f,0.07053262563622886f,0.43444133230926696f,2.7170800804117907f,0f,0f,0f,1f], start_interpolation: 0, interpolation_duration: 1 }
$data merge entity $(bone_right_hand) { transformation: [-0.710622082376593f,-0.6906576891888657f,0.13419468097898232f,-0.5698648497767895f,0.21906151423972858f,-0.3984464036739431f,-0.8906472457591156f,1.946887537139002f,0.6686017566666661f,-0.6035167104261467f,0.43444133230926696f,2.346053194955396f,0f,0f,0f,1f], start_interpolation: 0, interpolation_duration: 1 }
$data merge entity $(bone_right_forearm) { transformation: [-1.0256663201536045f,-1.0323399000510949f,0.3850958718065148f,-2.0529393703843213f,0.365667466002041f,-0.8152279770145004f,-1.211489393192467f,0.8351101890236947f,1.039380490497859f,-0.7319109073327856f,0.8062322988550441f,1.2113085689491525f,0f,0f,0f,1f], start_interpolation: 0, interpolation_duration: 1 }
$data merge entity $(bone_right_bicep) { transformation: [-1.4584377051983763f,0.1277312807994396f,-0.5912261310238851f,-2.1064806114603183f,0.4647333673897233f,1.2244287288676572f,-0.8818737682925976f,2.375284870123258f,0.38715179882669515f,-0.9886167942500838f,-1.168612201218345f,-0.26782504835019166f,0f,0f,0f,1f], start_interpolation: 0, interpolation_duration: 1 }
$data merge entity $(bone_right_shoulder) { transformation: [-0.9861085508095975f,-0.16404776942571425f,0.026043336319356656f,-1.795433125f,-0.16549636788295116f,0.9569815647623642f,-0.23832170887799517f,2.9266847583541433f,0.014173152004629132f,-0.23932115253655428f,-0.9708370139785715f,-0.33046156556325057f,0f,0f,0f,1f], start_interpolation: 0, interpolation_duration: 1 }
data modify entity @s data merge value {"locators":{"consume":{"posx":0.11627816109402689,"posy":2.2052274317418723,"posz":2.610687253913066,"roty":162.83459259584086,"rotx":-62.95469249134214}},"cameras":{}}