# This file was generated by Animated Java via MC-Build. It is not recommended to edit this file directly.
$data merge entity $(bone_right_thumb_2) { transformation: [-0.647132425341063f,-0.7100851063509697f,0.2774865146466151f,-0.2826538700026968f,0.29797048209145616f,-0.5706024897970552f,-0.7652623017237865f,3.2298057342370177f,0.701735859048388f,-0.41254325879346837f,0.5808397745933787f,1.5356443260563104f,0f,0f,0f,1f], start_interpolation: 0, interpolation_duration: 1 }
$data merge entity $(bone_right_thumb) { transformation: [-0.4799191360233943f,-0.8322733067135057f,0.2774865146466151f,-0.5920319939619281f,0.41333273687288263f,-0.49348724217509987f,-0.7652623017237865f,3.1493561981813585f,0.7738434412125825f,-0.25256976213035104f,0.5808397745933787f,1.577451483990339f,0f,0f,0f,1f], start_interpolation: 0, interpolation_duration: 1 }
$data merge entity $(bone_right_fingers2) { transformation: [0.7001199205375082f,-0.6579006999964567f,0.2774865146466151f,0.21426879466916926f,0.5750862707203865f,0.2892220440929971f,-0.7652623017237865f,3.490364717554192f,0.42321138701064326f,0.6953540667565276f,0.5808397745933787f,1.9322646835390263f,0f,0f,0f,1f], start_interpolation: 0, interpolation_duration: 1 }
$data merge entity $(bone_right_fingers) { transformation: [0.04660789566919127f,-0.959598321304578f,0.2774865146466151f,-0.23857840952451104f,0.614592957007964f,-0.19143956424057235f,-0.7652623017237865f,3.3651547535259296f,0.7874663175384059f,0.20620852308480414f,0.5808397745933787f,1.997627850368856f,0f,0f,0f,1f], start_interpolation: 0, interpolation_duration: 1 }
data modify entity @s data merge value {"locators":{"consume":{"posx":-0.09761119733598522,"posy":3.3143617253686557,"posz":1.8740455938351128,"roty":154.4646394290877,"rotx":-49.93033318334053}},"cameras":{}}