# This file was generated by Animated Java via MC-Build. It is not recommended to edit this file directly.
$data merge entity $(bone_right_thumb_2) { transformation: [-0.6552229183150935f,-0.7026266159945316f,0.2774865146466151f,-0.29260375056448124f,0.2914155571740031f,-0.5739778589783571f,-0.7652623017237865f,3.227614820906367f,0.6969647769806007f,-0.42055351133796937f,0.5808397745933787f,1.5375111649805349f,0f,0f,0f,1f], start_interpolation: 0, interpolation_duration: 1 }
$data merge entity $(bone_right_thumb) { transformation: [-0.5175327223567152f,-0.8094202341672226f,0.2774865146466151f,-0.6009823989262348f,0.39029786258784055f,-0.5118995878292699f,-0.7652623017237865f,3.138488376865077f,0.7614640239363977f,-0.2877458887645538f,0.5808397745933787f,1.5674089257287558f,0f,0f,0f,1f], start_interpolation: 0, interpolation_duration: 1 }
$data merge entity $(bone_right_fingers2) { transformation: [0.6314736709952923f,-0.7240457423595582f,0.2774865146466151f,0.21240571624597404f,0.6009179182397902f,0.23080568688567885f,-0.7652623017237865f,3.5052163095709523f,0.4900394457368582f,0.6499896136648853f,0.5808397745933787f,1.9527218614888187f,0f,0f,0f,1f], start_interpolation: 0, interpolation_duration: 1 }
$data merge entity $(bone_right_fingers) { transformation: [-0.00472545786064521f,-0.9607179108548365f,0.2774865146466151f,-0.23857840952451104f,0.6034875180294657f,-0.2240009489780091f,-0.7652623017237865f,3.3651547535259296f,0.7973584423774815f,0.1638434332515965f,0.5808397745933787f,1.997627850368856f,0f,0f,0f,1f], start_interpolation: 0, interpolation_duration: 1 }
data modify entity @s data merge value {"locators":{"consume":{"posx":-0.09761119733598522,"posy":3.3143617253686557,"posz":1.8740455938351128,"roty":154.4646394290877,"rotx":-49.93033318334053}},"cameras":{}}