# This file was generated by Animated Java via MC-Build. It is not recommended to edit this file directly.
$data merge entity $(bone_neck) {transformation: [-1f,0f,0f,0f,0f,0.9994f,-0.0339f,2.0683f,0f,-0.0339f,-0.9994f,-1.4107f,0f,0f,0f,1f],start_interpolation: 0,interpolation_duration: 1}
$data merge entity $(bone_left_fingers_2) {transformation: [-1f,0f,0f,2.8016f,0f,0.993f,0.1177f,-1.7794f,0f,0.1177f,-0.993f,0.6413f,0f,0f,0f,1f],start_interpolation: 0,interpolation_duration: 1}
$data merge entity $(bone_left_fingers) {transformation: [-1f,0f,0f,2.8154f,0f,0.993f,0.1177f,-1.7058f,0f,0.1177f,-0.993f,0.0696f,0f,0f,0f,1f],start_interpolation: 0,interpolation_duration: 1}
$data merge entity $(bone_left_index_finger_2) {transformation: [-1f,0f,0f,2.3547f,0f,0.993f,0.1177f,-1.7794f,0f,0.1177f,-0.993f,0.6413f,0f,0f,0f,1f],start_interpolation: 0,interpolation_duration: 1}
$data merge entity $(bone_left_index_finger) {transformation: [-1f,0f,0f,2.3547f,0f,0.993f,0.1177f,-1.7058f,0f,0.1177f,-0.993f,0.0696f,0f,0f,0f,1f],start_interpolation: 0,interpolation_duration: 1}
$data merge entity $(bone_left_thumb) {transformation: [-1f,0f,0f,2.0924f,0f,0.9995f,0.0307f,-1.8745f,0f,0.0307f,-0.9995f,-0.724f,0f,0f,0f,1f],start_interpolation: 0,interpolation_duration: 1}
$data merge entity $(bone_left_hand) {transformation: [-1f,0f,0f,2.6985f,0f,0.993f,0.1177f,-1.7376f,0f,0.1177f,-0.993f,-0.6545f,0f,0f,0f,1f],start_interpolation: 0,interpolation_duration: 1}
$data merge entity $(bone_left_forearm) {transformation: [-2.0013f,0f,0f,2.6826f,0f,1.9297f,0.5305f,-0.3186f,0f,0.5305f,-1.9297f,-2.3839f,0f,0f,0f,1f],start_interpolation: 0,interpolation_duration: 1}
$data merge entity $(bone_left_bicep) {transformation: [-1.2902f,0f,0f,1.7791f,0f,1.2852f,0.1124f,1.2308f,0f,0.1124f,-1.2852f,-1.885f,0f,0f,0f,1f],start_interpolation: 0,interpolation_duration: 1}
$data merge entity $(bone_left_shoulder) {transformation: [-1.2328f,0f,0f,1.3743f,0f,1.2281f,0.1074f,1.3454f,0f,0.1074f,-1.2281f,-1.8492f,0f,0f,0f,1f],start_interpolation: 0,interpolation_duration: 1}
$data merge entity $(bone_right_fingers_2) {transformation: [-1f,0f,0f,-2.8016f,0f,0.993f,0.1177f,-1.7794f,0f,0.1177f,-0.993f,0.6413f,0f,0f,0f,1f],start_interpolation: 0,interpolation_duration: 1}
$data merge entity $(bone_right_fingers) {transformation: [-1f,0f,0f,-2.8154f,0f,0.993f,0.1177f,-1.7058f,0f,0.1177f,-0.993f,0.0696f,0f,0f,0f,1f],start_interpolation: 0,interpolation_duration: 1}
$data merge entity $(bone_right_index_finger_2) {transformation: [-1f,0f,0f,-2.3547f,0f,0.993f,0.1177f,-1.7794f,0f,0.1177f,-0.993f,0.6413f,0f,0f,0f,1f],start_interpolation: 0,interpolation_duration: 1}
$data merge entity $(bone_right_index_finger) {transformation: [-1f,0f,0f,-2.3547f,0f,0.993f,0.1177f,-1.7058f,0f,0.1177f,-0.993f,0.0696f,0f,0f,0f,1f],start_interpolation: 0,interpolation_duration: 1}
$data merge entity $(bone_right_thumb) {transformation: [-1f,0f,0f,-2.0924f,0f,0.9995f,0.0307f,-1.8745f,0f,0.0307f,-0.9995f,-0.724f,0f,0f,0f,1f],start_interpolation: 0,interpolation_duration: 1}
$data merge entity $(bone_right_hand) {transformation: [-1f,0f,0f,-2.6985f,0f,0.993f,0.1177f,-1.7376f,0f,0.1177f,-0.993f,-0.6545f,0f,0f,0f,1f],start_interpolation: 0,interpolation_duration: 1}
$data merge entity $(bone_right_forearm) {transformation: [-2.0013f,0f,0f,-2.6826f,0f,1.9297f,0.5305f,-0.3186f,0f,0.5305f,-1.9297f,-2.3839f,0f,0f,0f,1f],start_interpolation: 0,interpolation_duration: 1}
$data merge entity $(bone_right_bicep) {transformation: [-1.2902f,0f,0f,-1.7791f,0f,1.2852f,0.1124f,1.2308f,0f,0.1124f,-1.2852f,-1.885f,0f,0f,0f,1f],start_interpolation: 0,interpolation_duration: 1}
$data merge entity $(bone_right_shoulder) {transformation: [-1.2328f,0f,0f,-1.3743f,0f,1.2281f,0.1074f,1.3454f,0f,0.1074f,-1.2281f,-1.8492f,0f,0f,0f,1f],start_interpolation: 0,interpolation_duration: 1}
$data merge entity $(bone_chest) {transformation: [-4.0675f,0f,0f,0f,0f,4.0206f,-0.6155f,1.6224f,0f,-0.6155f,-4.0206f,-1.288f,0f,0f,0f,1f],start_interpolation: 0,interpolation_duration: 1}
$data merge entity $(bone_weist) {transformation: [-1.1f,0f,0f,0f,0f,1.0873f,-0.1665f,1.4035f,0f,-0.1665f,-1.0873f,-3.9237f,0f,0f,0f,1f],start_interpolation: 0,interpolation_duration: 1}
$data merge entity $(bone_right_fingers2) {transformation: [-0.9995f,-0.0243f,0.0191f,0.9856f,-0.0242f,0.9997f,0.0091f,-1.9186f,-0.0194f,0.0086f,-0.9998f,-5.7454f,0f,0f,0f,1f],start_interpolation: 0,interpolation_duration: 1}
$data merge entity $(bone_left_foot) {transformation: [-0.997f,-0.0756f,0.0173f,0.916f,-0.0757f,0.9971f,-0.0089f,-0.9807f,-0.0166f,-0.0102f,-0.9998f,-5.5546f,0f,0f,0f,1f],start_interpolation: 0,interpolation_duration: 1}
$data merge entity $(bone_left_knee) {transformation: [-1.5802f,-0.1086f,0.0575f,0.8996f,-0.12f,1.5229f,-0.4227f,-1.0078f,-0.0263f,-0.4258f,-1.5265f,-3.477f,0f,0f,0f,1f],start_interpolation: 0,interpolation_duration: 1}
$data merge entity $(bone_left_thigh) {transformation: [-1.5988f,-0.1194f,0.0348f,0.7538f,-0.1214f,1.5954f,-0.1073f,0.76f,-0.0266f,-0.1096f,-1.5997f,-4.6136f,0f,0f,0f,1f],start_interpolation: 0,interpolation_duration: 1}
$data merge entity $(bone_left_leg) {transformation: [-0.997f,-0.0758f,0.0165f,0.5257f,-0.0757f,0.9971f,0.0023f,1.0179f,-0.0166f,0.0011f,-0.9999f,-4.9131f,0f,0f,0f,1f],start_interpolation: 0,interpolation_duration: 1}
$data merge entity $(bone_left_fingers2) {transformation: [-0.9995f,0.0243f,-0.0191f,-0.9849f,0.0242f,0.9997f,0.0091f,-1.9107f,0.0194f,0.0086f,-0.9998f,-5.7405f,0f,0f,0f,1f],start_interpolation: 0,interpolation_duration: 1}
$data merge entity $(bone_right_foot) {transformation: [-0.997f,0.0756f,-0.0173f,-0.9153f,0.0757f,0.9971f,-0.0089f,-0.9728f,0.0166f,-0.0102f,-0.9998f,-5.5497f,0f,0f,0f,1f],start_interpolation: 0,interpolation_duration: 1}
$data merge entity $(bone_right_knee) {transformation: [-1.5802f,0.1086f,-0.0575f,-0.8966f,0.12f,1.5229f,-0.4227f,-0.9691f,0.0263f,-0.4258f,-1.5265f,-3.4765f,0f,0f,0f,1f],start_interpolation: 0,interpolation_duration: 1}
$data merge entity $(bone_right_thigh) {transformation: [-1.5988f,0.1194f,-0.0348f,-0.7523f,0.1214f,1.5954f,-0.1073f,0.7755f,0.0266f,-0.1096f,-1.5997f,-4.5979f,0f,0f,0f,1f],start_interpolation: 0,interpolation_duration: 1}
$data merge entity $(bone_right_leg) {transformation: [-0.997f,0.0758f,-0.0165f,-0.5257f,0.0757f,0.9971f,0.0023f,1.0179f,0.0166f,0.0011f,-0.9999f,-4.9131f,0f,0f,0f,1f],start_interpolation: 0,interpolation_duration: 1}
execute on vehicle unless entity @s[tag=aj.transforms_only] at @s run function animated_java:jaw/animations/roar/zzz/frames/2_root_commands