# This file was generated by Animated Java via MC-Build. It is not recommended to edit this file directly.
$data merge entity $(bone_neck) {transformation: [-1f,0f,0f,0f,0f,0.9648f,-0.2628f,1.8236f,0f,-0.2628f,-0.9648f,-1.4613f,0f,0f,0f,1f],start_interpolation: 0,interpolation_duration: 1}
$data merge entity $(bone_left_fingers_2) {transformation: [-1f,0f,0f,2.8016f,0f,0.9961f,0.0888f,-2.6765f,0f,0.0888f,-0.9961f,0.0543f,0f,0f,0f,1f],start_interpolation: 0,interpolation_duration: 1}
$data merge entity $(bone_left_fingers) {transformation: [-1f,0f,0f,2.8154f,0f,0.9961f,0.0888f,-2.6195f,0f,0.0888f,-0.9961f,-0.5192f,0f,0f,0f,1f],start_interpolation: 0,interpolation_duration: 1}
$data merge entity $(bone_left_index_finger_2) {transformation: [-1f,0f,0f,2.3547f,0f,0.9961f,0.0888f,-2.6765f,0f,0.0888f,-0.9961f,0.0543f,0f,0f,0f,1f],start_interpolation: 0,interpolation_duration: 1}
$data merge entity $(bone_left_index_finger) {transformation: [-1f,0f,0f,2.3547f,0f,0.9961f,0.0888f,-2.6195f,0f,0.0888f,-0.9961f,-0.5192f,0f,0f,0f,1f],start_interpolation: 0,interpolation_duration: 1}
$data merge entity $(bone_left_thumb) {transformation: [-1f,0f,0f,2.0924f,0f,1f,0.0016f,-2.8113f,0f,0.0016f,-1f,-1.3076f,0f,0f,0f,1f],start_interpolation: 0,interpolation_duration: 1}
$data merge entity $(bone_left_hand) {transformation: [-1f,0f,0f,2.6985f,0f,0.9961f,0.0888f,-2.6723f,0f,0.0888f,-0.9961f,-1.2421f,0f,0f,0f,1f],start_interpolation: 0,interpolation_duration: 1}
$data merge entity $(bone_left_forearm) {transformation: [-2.0013f,0f,0f,2.6826f,0f,1.5589f,1.255f,-0.682f,0f,1.255f,-1.5589f,-2.2635f,0f,0f,0f,1f],start_interpolation: 0,interpolation_duration: 1}
$data merge entity $(bone_left_bicep) {transformation: [-1.2902f,0f,0f,1.7791f,0f,1.2852f,0.1124f,0.8673f,0f,0.1124f,-1.2852f,-1.7646f,0f,0f,0f,1f],start_interpolation: 0,interpolation_duration: 1}
$data merge entity $(bone_left_shoulder) {transformation: [-1.2328f,0f,0f,1.3743f,0f,1.2281f,0.1074f,0.982f,0f,0.1074f,-1.2281f,-1.7288f,0f,0f,0f,1f],start_interpolation: 0,interpolation_duration: 1}
$data merge entity $(bone_right_fingers_2) {transformation: [-1f,0f,0f,-2.8016f,0f,0.9961f,0.0888f,-2.6765f,0f,0.0888f,-0.9961f,0.0543f,0f,0f,0f,1f],start_interpolation: 0,interpolation_duration: 1}
$data merge entity $(bone_right_fingers) {transformation: [-1f,0f,0f,-2.8154f,0f,0.9961f,0.0888f,-2.6195f,0f,0.0888f,-0.9961f,-0.5192f,0f,0f,0f,1f],start_interpolation: 0,interpolation_duration: 1}
$data merge entity $(bone_right_index_finger_2) {transformation: [-1f,0f,0f,-2.3547f,0f,0.9961f,0.0888f,-2.6765f,0f,0.0888f,-0.9961f,0.0543f,0f,0f,0f,1f],start_interpolation: 0,interpolation_duration: 1}
$data merge entity $(bone_right_index_finger) {transformation: [-1f,0f,0f,-2.3547f,0f,0.9961f,0.0888f,-2.6195f,0f,0.0888f,-0.9961f,-0.5192f,0f,0f,0f,1f],start_interpolation: 0,interpolation_duration: 1}
$data merge entity $(bone_right_thumb) {transformation: [-1f,0f,0f,-2.0924f,0f,1f,0.0016f,-2.8113f,0f,0.0016f,-1f,-1.3076f,0f,0f,0f,1f],start_interpolation: 0,interpolation_duration: 1}
$data merge entity $(bone_right_hand) {transformation: [-1f,0f,0f,-2.6985f,0f,0.9961f,0.0888f,-2.6723f,0f,0.0888f,-0.9961f,-1.2421f,0f,0f,0f,1f],start_interpolation: 0,interpolation_duration: 1}
$data merge entity $(bone_right_forearm) {transformation: [-2.0013f,0f,0f,-2.6826f,0f,1.5589f,1.255f,-0.682f,0f,1.255f,-1.5589f,-2.2635f,0f,0f,0f,1f],start_interpolation: 0,interpolation_duration: 1}
$data merge entity $(bone_right_bicep) {transformation: [-1.2902f,0f,0f,-1.7791f,0f,1.2852f,0.1124f,0.8673f,0f,0.1124f,-1.2852f,-1.7646f,0f,0f,0f,1f],start_interpolation: 0,interpolation_duration: 1}
$data merge entity $(bone_right_shoulder) {transformation: [-1.2328f,0f,0f,-1.3743f,0f,1.2281f,0.1074f,0.982f,0f,0.1074f,-1.2281f,-1.7288f,0f,0f,0f,1f],start_interpolation: 0,interpolation_duration: 1}
$data merge entity $(bone_chest) {transformation: [-4.0675f,0f,0f,0f,0f,3.8881f,-1.1947f,1.3377f,0f,-1.1947f,-3.8881f,-1.214f,0f,0f,0f,1f],start_interpolation: 0,interpolation_duration: 1}
$data merge entity $(bone_weist) {transformation: [-1.1f,0f,0f,0f,0f,1.0515f,-0.3231f,0.7372f,0f,-0.3231f,-1.0515f,-3.7896f,0f,0f,0f,1f],start_interpolation: 0,interpolation_duration: 1}
$data merge entity $(bone_right_fingers2) {transformation: [-0.9952f,-0.0771f,0.0605f,1.5334f,-0.0782f,0.9968f,-0.0166f,-2.8295f,-0.059f,-0.0212f,-0.998f,-5.9696f,0f,0f,0f,1f],start_interpolation: 0,interpolation_duration: 1}
$data merge entity $(bone_left_foot) {transformation: [-0.9682f,-0.2452f,0.0501f,1.3184f,-0.2444f,0.9694f,0.0228f,-2.004f,-0.0542f,0.0098f,-0.9985f,-5.7609f,0f,0f,0f,1f],start_interpolation: 0,interpolation_duration: 1}
$data merge entity $(bone_left_knee) {transformation: [-1.5346f,-0.3549f,0.1774f,1.2413f,-0.3873f,1.4935f,-0.3628f,-2.093f,-0.0859f,-0.3946f,-1.5327f,-3.6865f,0f,0f,0f,1f],start_interpolation: 0,interpolation_duration: 1}
$data merge entity $(bone_left_thigh) {transformation: [-1.5526f,-0.3975f,0.0555f,0.7891f,-0.3919f,1.5492f,0.1344f,-0.231f,-0.0869f,0.1165f,-1.5971f,-4.562f,0f,0f,0f,1f],start_interpolation: 0,interpolation_duration: 1}
$data merge entity $(bone_left_leg) {transformation: [-0.9682f,-0.2503f,0.0027f,0.5257f,-0.2444f,0.9474f,0.2065f,-0.002f,-0.0542f,0.1993f,-0.9784f,-4.8173f,0f,0f,0f,1f],start_interpolation: 0,interpolation_duration: 1}
$data merge entity $(bone_left_fingers2) {transformation: [-0.9952f,0.0771f,-0.0605f,-1.5313f,0.0782f,0.9968f,-0.0166f,-2.8235f,0.059f,-0.0212f,-0.998f,-5.9592f,0f,0f,0f,1f],start_interpolation: 0,interpolation_duration: 1}
$data merge entity $(bone_right_foot) {transformation: [-0.9682f,0.2452f,-0.0501f,-1.3163f,0.2444f,0.9694f,0.0228f,-1.998f,0.0542f,0.0098f,-0.9985f,-5.7505f,0f,0f,0f,1f],start_interpolation: 0,interpolation_duration: 1}
$data merge entity $(bone_right_knee) {transformation: [-1.5346f,0.3549f,-0.1774f,-1.2319f,0.3873f,1.4935f,-0.3628f,-2.0569f,0.0859f,-0.3946f,-1.5327f,-3.6798f,0f,0f,0f,1f],start_interpolation: 0,interpolation_duration: 1}
$data merge entity $(bone_right_thigh) {transformation: [-1.5526f,0.3975f,-0.0555f,-0.7851f,0.3919f,1.5492f,0.1344f,-0.2195f,0.0869f,0.1165f,-1.5971f,-4.5436f,0f,0f,0f,1f],start_interpolation: 0,interpolation_duration: 1}
$data merge entity $(bone_right_leg) {transformation: [-0.9682f,0.2503f,-0.0027f,-0.5257f,0.2444f,0.9474f,0.2065f,-0.002f,0.0542f,0.1993f,-0.9784f,-4.8173f,0f,0f,0f,1f],start_interpolation: 0,interpolation_duration: 1}
execute on vehicle unless entity @s[tag=aj.transforms_only] at @s run function animated_java:jaw/animations/roar/zzz/frames/27_root_commands