# This file was generated by Animated Java via MC-Build. It is not recommended to edit this file directly.
$data merge entity $(bone_neck) {transformation: [-1f,0f,0f,0f,0f,0.9739f,-0.2271f,1.8633f,0f,-0.2271f,-0.9739f,-1.4536f,0f,0f,0f,1f],start_interpolation: 0,interpolation_duration: 1}
$data merge entity $(bone_left_fingers_2) {transformation: [-1f,0f,0f,2.8016f,0f,0.9955f,0.0944f,-2.5289f,0f,0.0944f,-0.9955f,0.1899f,0f,0f,0f,1f],start_interpolation: 0,interpolation_duration: 1}
$data merge entity $(bone_left_fingers) {transformation: [-1f,0f,0f,2.8154f,0f,0.9955f,0.0944f,-2.4687f,0f,0.0944f,-0.9955f,-0.3833f,0f,0f,0f,1f],start_interpolation: 0,interpolation_duration: 1}
$data merge entity $(bone_left_index_finger_2) {transformation: [-1f,0f,0f,2.3547f,0f,0.9955f,0.0944f,-2.5289f,0f,0.0944f,-0.9955f,0.1899f,0f,0f,0f,1f],start_interpolation: 0,interpolation_duration: 1}
$data merge entity $(bone_left_index_finger) {transformation: [-1f,0f,0f,2.3547f,0f,0.9955f,0.0944f,-2.4687f,0f,0.0944f,-0.9955f,-0.3833f,0f,0f,0f,1f],start_interpolation: 0,interpolation_duration: 1}
$data merge entity $(bone_left_thumb) {transformation: [-1f,0f,0f,2.0924f,0f,1f,0.0073f,-2.6559f,0f,0.0073f,-1f,-1.1728f,0f,0f,0f,1f],start_interpolation: 0,interpolation_duration: 1}
$data merge entity $(bone_left_hand) {transformation: [-1f,0f,0f,2.6985f,0f,0.9955f,0.0944f,-2.5174f,0f,0.0944f,-0.9955f,-1.1065f,0f,0f,0f,1f],start_interpolation: 0,interpolation_duration: 1}
$data merge entity $(bone_left_forearm) {transformation: [-2.0013f,0f,0f,2.6826f,0f,1.6544f,1.1261f,-0.6152f,0f,1.1261f,-1.6544f,-2.284f,0f,0f,0f,1f],start_interpolation: 0,interpolation_duration: 1}
$data merge entity $(bone_left_bicep) {transformation: [-1.2902f,0f,0f,1.7791f,0f,1.2852f,0.1124f,0.9341f,0f,0.1124f,-1.2852f,-1.7851f,0f,0f,0f,1f],start_interpolation: 0,interpolation_duration: 1}
$data merge entity $(bone_left_shoulder) {transformation: [-1.2328f,0f,0f,1.3743f,0f,1.2281f,0.1074f,1.0488f,0f,0.1074f,-1.2281f,-1.7493f,0f,0f,0f,1f],start_interpolation: 0,interpolation_duration: 1}
$data merge entity $(bone_right_fingers_2) {transformation: [-1f,0f,0f,-2.8016f,0f,0.9955f,0.0944f,-2.5289f,0f,0.0944f,-0.9955f,0.1899f,0f,0f,0f,1f],start_interpolation: 0,interpolation_duration: 1}
$data merge entity $(bone_right_fingers) {transformation: [-1f,0f,0f,-2.8154f,0f,0.9955f,0.0944f,-2.4687f,0f,0.0944f,-0.9955f,-0.3833f,0f,0f,0f,1f],start_interpolation: 0,interpolation_duration: 1}
$data merge entity $(bone_right_index_finger_2) {transformation: [-1f,0f,0f,-2.3547f,0f,0.9955f,0.0944f,-2.5289f,0f,0.0944f,-0.9955f,0.1899f,0f,0f,0f,1f],start_interpolation: 0,interpolation_duration: 1}
$data merge entity $(bone_right_index_finger) {transformation: [-1f,0f,0f,-2.3547f,0f,0.9955f,0.0944f,-2.4687f,0f,0.0944f,-0.9955f,-0.3833f,0f,0f,0f,1f],start_interpolation: 0,interpolation_duration: 1}
$data merge entity $(bone_right_thumb) {transformation: [-1f,0f,0f,-2.0924f,0f,1f,0.0073f,-2.6559f,0f,0.0073f,-1f,-1.1728f,0f,0f,0f,1f],start_interpolation: 0,interpolation_duration: 1}
$data merge entity $(bone_right_hand) {transformation: [-1f,0f,0f,-2.6985f,0f,0.9955f,0.0944f,-2.5174f,0f,0.0944f,-0.9955f,-1.1065f,0f,0f,0f,1f],start_interpolation: 0,interpolation_duration: 1}
$data merge entity $(bone_right_forearm) {transformation: [-2.0013f,0f,0f,-2.6826f,0f,1.6544f,1.1261f,-0.6152f,0f,1.1261f,-1.6544f,-2.284f,0f,0f,0f,1f],start_interpolation: 0,interpolation_duration: 1}
$data merge entity $(bone_right_bicep) {transformation: [-1.2902f,0f,0f,-1.7791f,0f,1.2852f,0.1124f,0.9341f,0f,0.1124f,-1.2852f,-1.7851f,0f,0f,0f,1f],start_interpolation: 0,interpolation_duration: 1}
$data merge entity $(bone_right_shoulder) {transformation: [-1.2328f,0f,0f,-1.3743f,0f,1.2281f,0.1074f,1.0488f,0f,0.1074f,-1.2281f,-1.7493f,0f,0f,0f,1f],start_interpolation: 0,interpolation_duration: 1}
$data merge entity $(bone_chest) {transformation: [-4.0675f,0f,0f,0f,0f,3.9207f,-1.083f,1.3897f,0f,-1.083f,-3.9207f,-1.2245f,0f,0f,0f,1f],start_interpolation: 0,interpolation_duration: 1}
$data merge entity $(bone_weist) {transformation: [-1.1f,0f,0f,0f,0f,1.0603f,-0.2929f,0.863f,0f,-0.2929f,-1.0603f,-3.8162f,0f,0f,0f,1f],start_interpolation: 0,interpolation_duration: 1}
$data merge entity $(bone_right_fingers2) {transformation: [-0.9964f,-0.0672f,0.0519f,1.4247f,-0.0677f,0.9977f,-0.0086f,-2.6585f,-0.0512f,-0.0121f,-0.9986f,-5.9266f,0f,0f,0f,1f],start_interpolation: 0,interpolation_duration: 1}
$data merge entity $(bone_left_foot) {transformation: [-0.9762f,-0.2125f,0.0437f,1.2355f,-0.2118f,0.9771f,0.0196f,-1.8099f,-0.0468f,0.0099f,-0.9989f,-5.7176f,0f,0f,0f,1f],start_interpolation: 0,interpolation_duration: 1}
$data merge entity $(bone_left_knee) {transformation: [-1.5473f,-0.3074f,0.154f,1.1704f,-0.3357f,1.504f,-0.3708f,-1.8932f,-0.0742f,-0.3946f,-1.5333f,-3.6426f,0f,0f,0f,1f],start_interpolation: 0,interpolation_duration: 1}
$data merge entity $(bone_left_thigh) {transformation: [-1.5655f,-0.343f,0.058f,0.7823f,-0.3397f,1.5649f,0.0867f,-0.0423f,-0.0751f,0.0724f,-1.6003f,-4.5708f,0f,0f,0f,1f],start_interpolation: 0,interpolation_duration: 1}
$data merge entity $(bone_left_leg) {transformation: [-0.9762f,-0.2167f,0.011f,0.5257f,-0.2118f,0.9629f,0.1672f,0.1935f,-0.0468f,0.1609f,-0.9859f,-4.8342f,0f,0f,0f,1f],start_interpolation: 0,interpolation_duration: 1}
$data merge entity $(bone_left_fingers2) {transformation: [-0.9964f,0.0672f,-0.0519f,-1.4228f,0.0677f,0.9977f,-0.0086f,-2.652f,0.0512f,-0.0121f,-0.9986f,-5.9173f,0f,0f,0f,1f],start_interpolation: 0,interpolation_duration: 1}
$data merge entity $(bone_right_foot) {transformation: [-0.9762f,0.2125f,-0.0437f,-1.2336f,0.2118f,0.9771f,0.0196f,-1.8035f,0.0468f,0.0099f,-0.9989f,-5.7084f,0f,0f,0f,1f],start_interpolation: 0,interpolation_duration: 1}
$data merge entity $(bone_right_knee) {transformation: [-1.5473f,0.3074f,-0.154f,-1.1622f,0.3357f,1.504f,-0.3708f,-1.8564f,0.0742f,-0.3946f,-1.5333f,-3.637f,0f,0f,0f,1f],start_interpolation: 0,interpolation_duration: 1}
$data merge entity $(bone_right_thigh) {transformation: [-1.5655f,0.343f,-0.058f,-0.7787f,0.3397f,1.5649f,0.0867f,-0.0299f,0.0751f,0.0724f,-1.6003f,-4.5529f,0f,0f,0f,1f],start_interpolation: 0,interpolation_duration: 1}
$data merge entity $(bone_right_leg) {transformation: [-0.9762f,0.2167f,-0.011f,-0.5257f,0.2118f,0.9629f,0.1672f,0.1935f,0.0468f,0.1609f,-0.9859f,-4.8342f,0f,0f,0f,1f],start_interpolation: 0,interpolation_duration: 1}