# This file was generated by Animated Java via MC-Build. It is not recommended to edit this file directly.
$data merge entity $(bone_neck) {transformation: [-1f,0f,0f,0f,0f,0.9997f,-0.0252f,2.0828f,0f,-0.0252f,-0.9997f,-1.401f,0f,0f,0f,1f],start_interpolation: 0,interpolation_duration: 1}
$data merge entity $(bone_left_fingers_2) {transformation: [-1f,0f,0f,2.8016f,0f,0.992f,0.1266f,-1.486f,0f,0.1266f,-0.992f,0.7855f,0f,0f,0f,1f],start_interpolation: 0,interpolation_duration: 1}
$data merge entity $(bone_left_fingers) {transformation: [-1f,0f,0f,2.8154f,0f,0.992f,0.1266f,-1.4073f,0f,0.1266f,-0.992f,0.2146f,0f,0f,0f,1f],start_interpolation: 0,interpolation_duration: 1}
$data merge entity $(bone_left_index_finger_2) {transformation: [-1f,0f,0f,2.3547f,0f,0.992f,0.1266f,-1.486f,0f,0.1266f,-0.992f,0.7855f,0f,0f,0f,1f],start_interpolation: 0,interpolation_duration: 1}
$data merge entity $(bone_left_index_finger) {transformation: [-1f,0f,0f,2.3547f,0f,0.992f,0.1266f,-1.4073f,0f,0.1266f,-0.992f,0.2146f,0f,0f,0f,1f],start_interpolation: 0,interpolation_duration: 1}
$data merge entity $(bone_left_thumb) {transformation: [-1f,0f,0f,2.0924f,0f,0.9992f,0.0396f,-1.5689f,0f,0.0396f,-0.9992f,-0.5805f,0f,0f,0f,1f],start_interpolation: 0,interpolation_duration: 1}
$data merge entity $(bone_left_hand) {transformation: [-1f,0f,0f,2.6985f,0f,0.992f,0.1266f,-1.4326f,0f,0.1266f,-0.992f,-0.5098f,0f,0f,0f,1f],start_interpolation: 0,interpolation_duration: 1}
$data merge entity $(bone_left_forearm) {transformation: [-2.0013f,0f,0f,2.6826f,0f,1.9808f,0.2861f,-0.24f,0f,0.2861f,-1.9808f,-2.4024f,0f,0f,0f,1f],start_interpolation: 0,interpolation_duration: 1}
$data merge entity $(bone_left_bicep) {transformation: [-1.2902f,0f,0f,1.7791f,0f,1.2852f,0.1124f,1.3094f,0f,0.1124f,-1.2852f,-1.9036f,0f,0f,0f,1f],start_interpolation: 0,interpolation_duration: 1}
$data merge entity $(bone_left_shoulder) {transformation: [-1.2328f,0f,0f,1.3743f,0f,1.2281f,0.1074f,1.424f,0f,0.1074f,-1.2281f,-1.8677f,0f,0f,0f,1f],start_interpolation: 0,interpolation_duration: 1}
$data merge entity $(bone_right_fingers_2) {transformation: [-1f,0f,0f,-2.8016f,0f,0.992f,0.1266f,-1.486f,0f,0.1266f,-0.992f,0.7855f,0f,0f,0f,1f],start_interpolation: 0,interpolation_duration: 1}
$data merge entity $(bone_right_fingers) {transformation: [-1f,0f,0f,-2.8154f,0f,0.992f,0.1266f,-1.4073f,0f,0.1266f,-0.992f,0.2146f,0f,0f,0f,1f],start_interpolation: 0,interpolation_duration: 1}
$data merge entity $(bone_right_index_finger_2) {transformation: [-1f,0f,0f,-2.3547f,0f,0.992f,0.1266f,-1.486f,0f,0.1266f,-0.992f,0.7855f,0f,0f,0f,1f],start_interpolation: 0,interpolation_duration: 1}
$data merge entity $(bone_right_index_finger) {transformation: [-1f,0f,0f,-2.3547f,0f,0.992f,0.1266f,-1.4073f,0f,0.1266f,-0.992f,0.2146f,0f,0f,0f,1f],start_interpolation: 0,interpolation_duration: 1}
$data merge entity $(bone_right_thumb) {transformation: [-1f,0f,0f,-2.0924f,0f,0.9992f,0.0396f,-1.5689f,0f,0.0396f,-0.9992f,-0.5805f,0f,0f,0f,1f],start_interpolation: 0,interpolation_duration: 1}
$data merge entity $(bone_right_hand) {transformation: [-1f,0f,0f,-2.6985f,0f,0.992f,0.1266f,-1.4326f,0f,0.1266f,-0.992f,-0.5098f,0f,0f,0f,1f],start_interpolation: 0,interpolation_duration: 1}
$data merge entity $(bone_right_forearm) {transformation: [-2.0013f,0f,0f,-2.6826f,0f,1.9808f,0.2861f,-0.24f,0f,0.2861f,-1.9808f,-2.4024f,0f,0f,0f,1f],start_interpolation: 0,interpolation_duration: 1}
$data merge entity $(bone_right_bicep) {transformation: [-1.2902f,0f,0f,-1.7791f,0f,1.2852f,0.1124f,1.3094f,0f,0.1124f,-1.2852f,-1.9036f,0f,0f,0f,1f],start_interpolation: 0,interpolation_duration: 1}
$data merge entity $(bone_right_shoulder) {transformation: [-1.2328f,0f,0f,-1.3743f,0f,1.2281f,0.1074f,1.424f,0f,0.1074f,-1.2281f,-1.8677f,0f,0f,0f,1f],start_interpolation: 0,interpolation_duration: 1}
$data merge entity $(bone_chest) {transformation: [-4.0675f,0f,0f,0f,0f,4.0441f,-0.4357f,1.6757f,0f,-0.4357f,-4.0441f,-1.2948f,0f,0f,0f,1f],start_interpolation: 0,interpolation_duration: 1}
$data merge entity $(bone_weist) {transformation: [-1.1f,0f,0f,0f,0f,1.0937f,-0.1178f,1.5745f,0f,-0.1178f,-1.0937f,-3.9376f,0f,0f,0f,1f],start_interpolation: 0,interpolation_duration: 1}
$data merge entity $(bone_right_fingers2) {transformation: [-1f,-0.0077f,0.0058f,0.8206f,-0.0075f,0.9996f,0.0275f,-1.6257f,-0.006f,0.0274f,-0.9996f,-5.665f,0f,0f,0f,1f],start_interpolation: 0,interpolation_duration: 1}
$data merge entity $(bone_left_foot) {transformation: [-0.9997f,-0.0235f,0.0053f,0.8017f,-0.0235f,0.9997f,-0.0082f,-0.6601f,-0.0052f,-0.0083f,-1f,-5.4727f,0f,0f,0f,1f],start_interpolation: 0,interpolation_duration: 1}
$data merge entity $(bone_left_knee) {transformation: [-1.5846f,-0.0337f,0.0178f,0.8078f,-0.0373f,1.5272f,-0.4227f,-0.6897f,-0.0082f,-0.423f,-1.5275f,-3.3951f,0f,0f,0f,1f],start_interpolation: 0,interpolation_duration: 1}
$data merge entity $(bone_left_thigh) {transformation: [-1.6032f,-0.0365f,0.0124f,0.7432f,-0.0377f,1.5933f,-0.1782f,1.0323f,-0.0083f,-0.1785f,-1.5937f,-4.6069f,0f,0f,0f,1f],start_interpolation: 0,interpolation_duration: 1}
$data merge entity $(bone_left_leg) {transformation: [-0.9997f,-0.0232f,0.0066f,0.5257f,-0.0235f,0.9979f,-0.0597f,1.2959f,-0.0052f,-0.0598f,-0.9982f,-4.9209f,0f,0f,0f,1f],start_interpolation: 0,interpolation_duration: 1}
$data merge entity $(bone_left_fingers2) {transformation: [-1f,0.0077f,-0.0058f,-0.8204f,0.0075f,0.9996f,0.0275f,-1.6175f,0.006f,0.0274f,-0.9996f,-5.6621f,0f,0f,0f,1f],start_interpolation: 0,interpolation_duration: 1}
$data merge entity $(bone_right_foot) {transformation: [-0.9997f,0.0235f,-0.0053f,-0.8015f,0.0235f,0.9997f,-0.0082f,-0.652f,0.0052f,-0.0083f,-1f,-5.4698f,0f,0f,0f,1f],start_interpolation: 0,interpolation_duration: 1}
$data merge entity $(bone_right_knee) {transformation: [-1.5846f,0.0337f,-0.0178f,-0.8069f,0.0373f,1.5272f,-0.4227f,-0.6507f,0.0082f,-0.423f,-1.5275f,-3.3966f,0f,0f,0f,1f],start_interpolation: 0,interpolation_duration: 1}
$data merge entity $(bone_right_thigh) {transformation: [-1.6032f,0.0365f,-0.0124f,-0.7427f,0.0377f,1.5933f,-0.1782f,1.0489f,0.0083f,-0.1785f,-1.5937f,-4.5922f,0f,0f,0f,1f],start_interpolation: 0,interpolation_duration: 1}
$data merge entity $(bone_right_leg) {transformation: [-0.9997f,0.0232f,-0.0066f,-0.5257f,0.0235f,0.9979f,-0.0597f,1.2959f,0.0052f,-0.0598f,-0.9982f,-4.9209f,0f,0f,0f,1f],start_interpolation: 0,interpolation_duration: 1}