# This file was generated by Animated Java via MC-Build. It is not recommended to edit this file directly.
$data merge entity $(bone_neck) { transformation: [-1f,-3.169619151431765e-17f,1.1829179713786698e-16f,1.509104497768379e-16f,0f,0.9659258262890683f,0.25881904510252074f,2.3603431633155436f,-1.2246467991473532e-16f,0.25881904510252074f,-0.9659258262890683f,-1.2322773381019543f,0f,0f,0f,1f], start_interpolation: 0, interpolation_duration: 1 }
$data merge entity $(bone_left_fingers_2) { transformation: [-0.9854918164867112f,-0.017904706344796285f,-0.16877589024629291f,2.8622346581661957f,-0.03307573622955102f,0.9956143251843467f,0.0875106345571282f,-1.36341254504424f,0.16646884186115812f,0.09182340103930306f,-0.9817619811904412f,1.0149682834817364f,0f,0f,0f,1f], start_interpolation: 0, interpolation_duration: 1 }
$data merge entity $(bone_left_fingers) { transformation: [-0.9854918164867112f,-0.017904706344796285f,-0.16877589024629291f,2.778412365585587f,-0.03307573622955102f,0.9956143251843467f,0.0875106345571282f,-1.3067644540684415f,0.16646884186115812f,0.09182340103930306f,-0.9817619811904412f,0.4473995720881426f,0f,0f,0f,1f], start_interpolation: 0, interpolation_duration: 1 }
$data merge entity $(bone_left_index_finger_2) { transformation: [-0.952073950500931f,-0.017904706344796285f,0.30534343658945307f,2.142531371335251f,0.011069377799114634f,0.9956143251843467f,0.09289555620619612f,-1.3722109791279289f,-0.30566756722408617f,0.09182340103930306f,-0.9477002697946668f,0.9700317101629609f,0f,0f,0f,1f], start_interpolation: 0, interpolation_duration: 1 }
$data merge entity $(bone_left_index_finger) { transformation: [-0.952073950500931f,-0.017904706344796285f,0.30534343658945307f,2.318403905693665f,0.011069377799114634f,0.9956143251843467f,0.09289555620619612f,-1.3129142313837678f,-0.30566756722408617f,0.09182340103930306f,-0.9477002697946668f,0.42438245472227953f,0f,0f,0f,1f], start_interpolation: 0, interpolation_duration: 1 }
$data merge entity $(bone_left_thumb) { transformation: [-0.790223259782336f,0.03555132540398995f,0.6117869751482115f,2.0983589754858754f,0.0421739640824803f,0.9991038544606449f,-0.0035839580706651664f,-1.505079389059463f,-0.6113661394390013f,0.022969354886505672f,-0.7910144450536599f,-0.37672685120851424f,0f,0f,0f,1f], start_interpolation: 0, interpolation_duration: 1 }
$data merge entity $(bone_left_hand) { transformation: [-0.9986615140123136f,-0.017904706344796285f,0.048524240553975646f,2.698495f,-0.013350941254439551f,0.9956143251843467f,0.09259518267889846f,-1.358332537585666f,-0.04996931856903782f,0.09182340103930306f,-0.994520754043535f,-0.2805695352856601f,0f,0f,0f,1f], start_interpolation: 0, interpolation_duration: 1 }
$data merge entity $(bone_left_forearm) { transformation: [-2.001329166666667f,-7.370062664790598e-17f,2.337485244074103e-16f,2.682625f,0f,1.9087015502768236f,0.6018112871337207f,0.12396952362658098f,-2.4509213579985735e-16f,0.6018112871337207f,-1.9087015502768236f,-1.9560975022811762f,0f,0f,0f,1f], start_interpolation: 0, interpolation_duration: 1 }
$data merge entity $(bone_left_bicep) { transformation: [-2.46898625f,5.2504890011708973e-17f,2.9777002816443264e-16f,1.8165731250000001f,0f,2.431476801080538f,-0.42873496299720804f,3.969876956245649f,-3.0236361082013267e-16f,-0.42873496299720804f,-2.431476801080538f,-2.4768842401813256f,0f,0f,0f,1f], start_interpolation: 0, interpolation_duration: 1 }
$data merge entity $(bone_left_shoulder) { transformation: [-1.2327766666666666f,2.6215943200305208e-17f,1.4867800205602146e-16f,1.3743293750000003f,0f,1.2140480190658798f,-0.21406942163697948f,1.8696403922534894f,-1.5097159988968769e-16f,-0.21406942163697948f,-1.2140480190658798f,-1.8702870386671244f,0f,0f,0f,1f], start_interpolation: 0, interpolation_duration: 1 }
$data merge entity $(bone_right_fingers_2) { transformation: [-0.9854918164867112f,0.017904706344796264f,0.16877589024629314f,-2.8622354427140366f,0.03307573622955102f,0.9956143251843467f,0.0875106345571282f,-1.3634141633641093f,-0.16646884186115837f,0.09182340103930306f,-0.9817619811904411f,1.0149702424092306f,0f,0f,0f,1f], start_interpolation: 0, interpolation_duration: 1 }
$data merge entity $(bone_right_fingers) { transformation: [-0.9854918164867112f,0.017904706344796264f,0.16877589024629314f,-2.778412517223839f,0.03307573622955102f,0.9956143251843467f,0.0875106345571282f,-1.3067657442234313f,-0.16646884186115837f,0.09182340103930306f,-0.9817619811904411f,0.44739784940820726f,0f,0f,0f,1f], start_interpolation: 0, interpolation_duration: 1 }
$data merge entity $(bone_right_index_finger_2) { transformation: [-0.952073950500931f,0.017904706344796264f,-0.30534343658945284f,-2.142531371335251f,-0.011069377799114634f,0.9956143251843467f,0.09289555620619612f,-1.3722125586428644f,0.30566756722408595f,0.09182340103930306f,-0.9477002697946669f,0.9700330953603823f,0f,0f,0f,1f], start_interpolation: 0, interpolation_duration: 1 }
$data merge entity $(bone_right_index_finger) { transformation: [-0.952073950500931f,0.017904706344796264f,-0.30534343658945284f,-2.318403905693665f,-0.011069377799114634f,0.9956143251843467f,0.09289555620619612f,-1.3129158108987034f,0.30566756722408595f,0.09182340103930306f,-0.9477002697946669f,0.42438383991970086f,0f,0f,0f,1f], start_interpolation: 0, interpolation_duration: 1 }
$data merge entity $(bone_right_thumb) { transformation: [-0.7902232597823362f,-0.03555132540398995f,-0.6117869751482112f,-2.0983589754858754f,-0.0421739640824803f,0.9991038544606449f,-0.0035839580706651664f,-1.5050809685743984f,0.6113661394390011f,0.022969354886505658f,-0.79101444505366f,-0.3767254660110929f,0f,0f,0f,1f], start_interpolation: 0, interpolation_duration: 1 }
$data merge entity $(bone_right_hand) { transformation: [-0.9986615140123136f,0.017904706344796264f,-0.04852424055397541f,-2.698495f,0.013350941254439551f,0.9956143251843467f,0.09259518267889846f,-1.3583341171006016f,0.04996931856903757f,0.09182340103930306f,-0.994520754043535f,-0.2805681500882389f,0f,0f,0f,1f], start_interpolation: 0, interpolation_duration: 1 }
$data merge entity $(bone_right_forearm) { transformation: [-2.00133125f,-7.37007033684049e-17f,2.3374876773374587e-16f,-2.682625f,0f,1.9087035371871373f,0.6018119136041362f,0.12396590345179792f,-2.450923909346071e-16f,0.6018119136041362f,-1.9087035371871373f,-1.9561000371548496f,0f,0f,0f,1f], start_interpolation: 0, interpolation_duration: 1 }
$data merge entity $(bone_right_bicep) { transformation: [-2.46898625f,5.2504890011708973e-17f,2.9777002816443264e-16f,-1.8165731249999997f,0f,2.431476801080538f,-0.42873496299720804f,3.969876956245649f,-3.0236361082013267e-16f,-0.42873496299720804f,-2.431476801080538f,-2.4768842401813256f,0f,0f,0f,1f], start_interpolation: 0, interpolation_duration: 1 }
$data merge entity $(bone_right_shoulder) { transformation: [-1.2327766666666666f,2.6215943200305208e-17f,1.4867800205602146e-16f,-1.3743293749999999f,0f,1.2140480190658798f,-0.21406942163697948f,1.8696403922534894f,-1.5097159988968769e-16f,-0.21406942163697948f,-1.2140480190658798f,-1.8702870386671246f,0f,0f,0f,1f], start_interpolation: 0, interpolation_duration: 1 }
$data merge entity $(bone_chest) { transformation: [-4.0674850000000005f,-8.649819436996707e-17f,4.905556371601532e-16f,1.5307349389376734e-16f,0f,4.005690763260862f,0.7063113579375742f,1.9520311994481996f,-4.981232485829872e-16f,0.7063113579375742f,-4.005690763260862f,-1.2499399337045018f,0f,0f,0f,1f], start_interpolation: 0, interpolation_duration: 1 }
$data merge entity $(bone_weist) { transformation: [-1.0999999999999999f,-2.339234534533348e-17f,1.3266458287520876e-16f,4.673998476853517e-16f,0f,1.0832885283134288f,0.19101299543362335f,2.5898669571133874f,-1.3471114790620883e-16f,0.19101299543362335f,-1.0832885283134288f,-3.816609393098269f,0f,0f,0f,1f], start_interpolation: 0, interpolation_duration: 1 }
$data merge entity $(bone_right_fingers2) { transformation: [-1f,5.175581015019663e-17f,1.1099069304367545e-16f,0.7480000000000001f,0f,0.9063077870366498f,-0.4226182617406996f,-0.5833195277210105f,-1.2246467991473532e-16f,-0.4226182617406996f,-0.9063077870366498f,-1.2938876664312817f,0f,0f,0f,1f], start_interpolation: 0, interpolation_duration: 1 }
$data merge entity $(bone_left_foot) { transformation: [-1f,1.1679664110263902e-16f,3.6825839484795364e-17f,0.7528262500000003f,0f,0.30070579950427306f,-0.9537169507482269f,-0.09890108571914791f,-1.2246467991473532e-16f,-0.9537169507482269f,-0.30070579950427306f,-2.1640299444438007f,0f,0f,0f,1f], start_interpolation: 0, interpolation_duration: 1 }
$data merge entity $(bone_left_knee) { transformation: [-1.5850141666666666f,1.7933264165125956e-16f,-7.428201234814594e-17f,0.7688818750000003f,0f,-0.6065586616472926f,-1.4643621473237665f,1.966656263674924f,-1.9410825258115427e-16f,-1.4643621473237665f,0.6065586616472926f,-2.388527099012518f,0f,0f,0f,1f], start_interpolation: 0, interpolation_duration: 1 }
$data merge entity $(bone_left_thigh) { transformation: [-1.6036533333333332f,1.447945539461268e-16f,1.3267976360878353e-16f,0.7385400000000004f,0f,1.083412488410212f,-1.1823372587666778f,2.4682943825202077f,-1.9639089216086498e-16f,-1.1823372587666778f,-1.083412488410212f,-4.434394032434678f,0f,0f,0f,1f], start_interpolation: 0, interpolation_duration: 1 }
$data merge entity $(bone_left_leg) { transformation: [-1f,5.654789612090136e-17f,1.0862749776607361e-16f,0.5257450000000006f,0f,0.8870108331782216f,-0.46174861323503397f,2.591024890004435f,-1.2246467991473532e-16f,-0.46174861323503397f,-0.8870108331782216f,-4.832375379931417f,0f,0f,0f,1f], start_interpolation: 0, interpolation_duration: 1 }
$data merge entity $(bone_left_fingers2) { transformation: [-1f,5.175581015019663e-17f,1.1099069304367545e-16f,-0.7479999999999999f,0f,0.9063077870366498f,-0.4226182617406996f,-0.5477666259444841f,-1.2246467991473532e-16f,-0.4226182617406996f,-0.9063077870366498f,-1.2840598365731635f,0f,0f,0f,1f], start_interpolation: 0, interpolation_duration: 1 }
$data merge entity $(bone_right_foot) { transformation: [-1f,1.1679664110263902e-16f,3.6825839484795364e-17f,-0.7528262499999998f,0f,0.30070579950427306f,-0.9537169507482269f,-0.06334818394262154f,-1.2246467991473532e-16f,-0.9537169507482269f,-0.30070579950427306f,-2.1542021145856824f,0f,0f,0f,1f], start_interpolation: 0, interpolation_duration: 1 }
$data merge entity $(bone_right_knee) { transformation: [-1.5850141666666666f,1.7933264165125956e-16f,-7.428201234814594e-17f,-0.7688818749999998f,0f,-0.6065586616472926f,-1.4643621473237665f,1.9941209496514292f,-1.9410825258115427e-16f,-1.4643621473237665f,0.6065586616472926f,-2.4088842368201897f,0f,0f,0f,1f], start_interpolation: 0, interpolation_duration: 1 }
$data merge entity $(bone_right_thigh) { transformation: [-1.6036533333333332f,1.447945539461268e-16f,1.3267976360878353e-16f,-0.7385399999999995f,0f,1.083412488410212f,-1.1823372587666778f,2.4893679515037523f,-1.9639089216086498e-16f,-1.1823372587666778f,-1.083412488410212f,-4.427746781324103f,0f,0f,0f,1f], start_interpolation: 0, interpolation_duration: 1 }
$data merge entity $(bone_right_leg) { transformation: [-1f,5.654789612090136e-17f,1.0862749776607361e-16f,-0.5257449999999995f,0f,0.8870108331782216f,-0.46174861323503397f,2.591024890004435f,-1.2246467991473532e-16f,-0.46174861323503397f,-0.8870108331782216f,-4.832375379931417f,0f,0f,0f,1f], start_interpolation: 0, interpolation_duration: 1 }