# This file was generated by Animated Java via MC-Build. It is not recommended to edit this file directly.
$data merge entity $(bone_neck) { transformation: [-0.9974782635230695f,0.06454880109619779f,0.029505356734760544f,0.039530769238848934f,0.07097262711075294f,0.9071951913158982f,0.41468032392954074f,2.2726167109682645f,-1.2215585626425871e-16f,0.41572868211172814f,-0.9094886821009076f,-1.5211839161327325f,0f,0f,0f,1f], start_interpolation: 0, interpolation_duration: 1 }
$data merge entity $(bone_left_fingers_2) { transformation: [-0.9727281665378673f,0.03309220383752051f,-0.22957530370023468f,2.915862675404409f,0.13249080105604039f,0.8916803630121913f,-0.432842139646749f,0.44461330957085476f,0.1903840898274006f,-0.4514543567888378f,-0.8717470172458118f,2.0767842728937964f,0f,0f,0f,1f], start_interpolation: 0, interpolation_duration: 1 }
$data merge entity $(bone_left_fingers) { transformation: [-0.9727281665378673f,0.03309220383752051f,-0.22957530370023468f,2.7971198359286635f,0.13249080105604039f,0.8916803630121913f,-0.432842139646749f,0.19849298115590652f,0.1903840898274006f,-0.4514543567888378f,-0.8717470172458118f,1.5691482348588557f,0f,0f,0f,1f], start_interpolation: 0, interpolation_duration: 1 }
$data merge entity $(bone_left_index_finger_2) { transformation: [-0.9688264995732728f,0.03309220383752051f,0.2455201005412289f,2.1950996986844964f,-0.08234348189840288f,0.8916803630121913f,-0.4451131105767325f,0.46629226636173443f,-0.23365522616335077f,-0.4514543567888378f,-0.8611586375476535f,2.0667701148396063f,0f,0f,0f,1f], start_interpolation: 0, interpolation_duration: 1 }
$data merge entity $(bone_left_index_finger) { transformation: [-0.9688264995732728f,0.03309220383752051f,0.2455201005412289f,2.3367897210951787f,-0.08234348189840288f,0.8916803630121913f,-0.4451131105767325f,0.2149216574868682f,-0.23365522616335077f,-0.4514543567888378f,-0.8611586375476535f,1.5678541728806468f,0f,0f,0f,1f], start_interpolation: 0, interpolation_duration: 1 }
$data merge entity $(bone_left_thumb) { transformation: [-1.4208964183758046f,0.14090574295988054f,0.9577482413383994f,2.134124070081946f,-0.39478346170956713f,1.4687984751891385f,-0.8017853899777271f,1.7626629041894226f,-0.8839016577348885f,-0.8825300928705205f,-1.1814995762041265f,-0.07278355757315524f,0f,0f,0f,1f], start_interpolation: 0, interpolation_duration: 1 }
$data merge entity $(bone_left_hand) { transformation: [-0.999359815106615f,0.03309220383752051f,-0.013596543503710538f,2.66672997512325f,0.0356660544498489f,0.8916803630121913f,-0.45125831048128906f,-0.22424472590478683f,-0.0028093611467222834f,-0.4514543567888378f,-0.8922897910579974f,0.9832503008476468f,0f,0f,0f,1f], start_interpolation: 0, interpolation_duration: 1 }
$data merge entity $(bone_left_forearm) { transformation: [-1.997383305960447f,0.10843071388809737f,-0.0634124806873673f,2.635714031561386f,0.116748050722782f,1.9753111576471494f,-0.2997234666785436f,0.3699739375247808f,0.04634927263333132f,-0.30283170922327646f,-1.9777419281003186f,-1.1648633375307305f,0f,0f,0f,1f], start_interpolation: 0, interpolation_duration: 1 }
$data merge entity $(bone_left_bicep) { transformation: [-2.464118347213025f,0.04709617721626343f,-0.1476340872184531f,1.852115713341969f,0.14402894673690678f,1.5639738628751914f,-1.905028745566369f,2.9643660148631863f,0.0571798576342121f,-1.909885025079764f,-1.563637668242251f,-4.07281706125872f,0f,0f,0f,1f], start_interpolation: 0, interpolation_duration: 1 }
$data merge entity $(bone_left_shoulder) { transformation: [-1.2303460994768396f,0.023515346981542663f,-0.07371440725015804f,1.3831941936894507f,0.07191434333092572f,0.7808996447141286f,-0.9511899820679398f,1.792793474801297f,0.028550176937914718f,-0.9536147457015667f,-0.7807317811227671f,-2.2337782591101014f,0f,0f,0f,1f], start_interpolation: 0, interpolation_duration: 1 }
$data merge entity $(bone_right_fingers_2) { transformation: [-0.981687697148233f,0.09349179469677149f,0.1659775574955127f,-3.0666473114171446f,0.00656990170334934f,0.88738280807144f,-0.46098653812324564f,0.8702806166749335f,-0.19038408982740085f,-0.4514543567888378f,-0.8717470172458117f,2.0767878070944943f,0f,0f,0f,1f], start_interpolation: 0, interpolation_duration: 1 }
$data merge entity $(bone_right_fingers) { transformation: [-0.981687697148233f,0.09349179469677149f,0.1659775574955127f,-2.983947606093409f,0.00656990170334934f,0.88738280807144f,-0.46098653812324564f,0.6098255530533269f,-0.19038408982740085f,-0.4514543567888378f,-0.8717470172458117f,1.5691485000082388f,0f,0f,0f,1f], start_interpolation: 0, interpolation_duration: 1 }
$data merge entity $(bone_right_index_finger_2) { transformation: [-0.9474075291699551f,0.09349179469677149f,-0.3060690412251096f,-2.350075219868009f,0.21868746868221467f,0.88738280807144f,-0.40586641026403214f,0.7896899600938001f,0.23365522616335052f,-0.4514543567888378f,-0.8611586375476535f,2.0667731683945867f,0f,0f,0f,1f], start_interpolation: 0, interpolation_duration: 1 }
$data merge entity $(bone_right_index_finger) { transformation: [-0.9474075291699551f,0.09349179469677149f,-0.3060690412251096f,-2.5259287119863676f,0.21868746868221467f,0.88738280807144f,-0.40586641026403214f,0.560913224461352f,0.23365522616335052f,-0.4514543567888378f,-0.8611586375476535f,1.567857226435627f,0f,0f,0f,1f], start_interpolation: 0, interpolation_duration: 1 }
$data merge entity $(bone_right_thumb) { transformation: [-1.3506856577870188f,0.06847699227729259f,-1.0616223006870982f,-2.106164247832234f,0.5919872188155997f,1.4739519295572938f,-0.6581030284479511f,2.0643672900976746f,0.883901657734888f,-0.8825300928705208f,-1.181499576204127f,-0.07278050401817504f,0f,0f,0f,1f], start_interpolation: 0, interpolation_duration: 1 }
$data merge entity $(bone_right_hand) { transformation: [-0.9943418974313003f,0.09349179469677149f,-0.050432879524160576f,-2.914725457778389f,0.10618991714220823f,0.88738280807144f,-0.4486373295174814f,0.17288645477793385f,0.0028093611467220406f,-0.4514543567888378f,-0.8922897910579974f,0.9832533544026267f,0f,0f,0f,1f], start_interpolation: 0, interpolation_duration: 1 }
$data merge entity $(bone_right_forearm) { transformation: [-1.993793329369427f,0.17234080592740184f,0.02033663199332738f,-2.799888393690276f,0.16723239052987948f,1.9707658876178602f,-0.30568270475447534f,0.7567238056816752f,-0.04634932088175903f,-0.3028320244634702f,-1.9777439868799298f,-1.164862899284877f,0f,0f,0f,1f], start_interpolation: 0, interpolation_duration: 1 }
$data merge entity $(bone_right_bicep) { transformation: [-2.4596869286655254f,0.17481712581579917f,-0.12358109953597862f,-1.6568508614409505f,0.20630991135170784f,1.554886255063899f,-1.906740165040973f,3.214036193516061f,-0.0571798576342127f,-1.909885025079764f,-1.563637668242251f,-4.0728170612587205f,0f,0f,0f,1f], start_interpolation: 0, interpolation_duration: 1 }
$data merge entity $(bone_right_shoulder) { transformation: [-1.2281334709595315f,0.0872870286901955f,-0.06170463523195614f,-1.35853316327804f,0.10301152743011587f,0.7763621585837062f,-0.9520445020131889f,1.9878730073197555f,-0.02855017693791502f,-0.9536147457015667f,-0.7807317811227671f,-2.233778259110102f,0f,0f,0f,1f], start_interpolation: 0, interpolation_duration: 1 }
$data merge entity $(bone_chest) { transformation: [-4.0572278747061326f,0.27201198027718254f,0.09667305994043646f,0.011162992330175842f,0.288680096183581f,3.8229673719270774f,1.3586826341988099f,1.873924398131701f,-4.968671130170284e-16f,1.3621175356743869f,-3.8326322605010437f,-1.6064501816714412f,0f,0f,0f,1f], start_interpolation: 0, interpolation_duration: 1 }
$data merge entity $(bone_weist) { transformation: [-1.0972260898753765f,0.07317419184219842f,0.027211125390794497f,0.08607258896865252f,0.07806988982182825f,1.028419952660898f,0.3824362604044814f,2.9267344379736695f,-1.343714418906846e-16f,0.3834031019921433f,-1.0310199131844167f,-4.031446292983876f,0f,0f,0f,1f], start_interpolation: 0, interpolation_duration: 1 }
$data merge entity $(bone_right_fingers2) { transformation: [-0.9843478929464197f,-0.16620606975935515f,0.05860689402359158f,1.3134922162341445f,-0.17041293413236963f,0.9824300255866769f,-0.0760964960176107f,-0.5236990324916941f,-0.04492947286960723f,-0.08489279828648566f,-0.9953765896718438f,-1.8061976911690756f,0f,0f,0f,1f], start_interpolation: 0, interpolation_duration: 1 }
$data merge entity $(bone_left_foot) { transformation: [-0.9843478929464197f,-0.04912436232300074f,0.16925135945776823f,1.2364122694275606f,-0.17041293413236963f,0.5101469944576188f,-0.8430358687068156f,0.14368548742704945f,-0.04492947286960723f,-0.8586832018108992f,-0.5105335458081504f,-2.5413770488761003f,0f,0f,0f,1f], start_interpolation: 0, interpolation_duration: 1 }
$data merge entity $(bone_left_knee) { transformation: [-1.5602053552485584f,0.15918440378851073f,0.2295418993958265f,0.9035141413029848f,-0.2701069147830394f,-0.5276786027827847f,-1.4699889303275804f,2.1986297853695165f,-0.0712138509991931f,-1.4860974148048753f,0.5465464021198569f,-2.6848439291671693f,0f,0f,0f,1f], start_interpolation: 0, interpolation_duration: 1 }
$data merge entity $(bone_left_thigh) { transformation: [-1.5785527796831689f,-0.15690204601752805f,0.23506782685251815f,0.8408450943550929f,-0.2732832698644883f,1.187444394032692f,-1.0425910411103758f,2.9065773996642794f,-0.07205129893225519f,-1.06633089261587f,-1.1955965252903378f,-4.672340223793624f,0f,0f,0f,1f], start_interpolation: 0, interpolation_duration: 1 }
$data merge entity $(bone_left_leg) { transformation: [-0.9843478929464197f,-0.142074114102113f,0.10427929686205163f,0.6207080003744402f,-0.17041293413236963f,0.9181659410866505f,-0.35767406462988344f,3.0330036024956097f,-0.04492947286960723f,-0.36984625282753f,-0.9280059761322093f,-5.0651375220774355f,0f,0f,0f,1f], start_interpolation: 0, interpolation_duration: 1 }
$data merge entity $(bone_left_fingers2) { transformation: [-0.9503030400376741f,0.3036312923423043f,-0.06879077267844133f,-1.6057887649635723f,0.3080673214782998f,0.9490001323022206f,-0.06703189037729512f,-0.28085916503684993f,0.04492947286960698f,-0.08489279828648566f,-0.9953765896718438f,-1.793217039529705f,0f,0f,0f,1f], start_interpolation: 0, interpolation_duration: 1 }
$data merge entity $(bone_right_foot) { transformation: [-0.9503030400376741f,0.12085981077062499f,-0.2869094599967794f,-1.4349921630457074f,0.3080673214782998f,0.498052271421657f,-0.8105790895211361f,0.3688884293412962f,0.04492947286960698f,-0.8586832018108992f,-0.5105335458081504f,-2.5283963972367296f,0f,0f,0f,1f], start_interpolation: 0, interpolation_duration: 1 }
$data merge entity $(bone_right_knee) { transformation: [-1.506243781086114f,-0.23229333551624665f,-0.43536121410636847f,-0.8179140470969677f,0.4882910688301595f,-0.49982415759848176f,-1.4226797081970688f,2.3498874783127444f,0.07121385099919272f,-1.4860974148048758f,0.546546402119857f,-2.7023186767961573f,0f,0f,0f,1f], start_interpolation: 0, interpolation_duration: 1 }
$data merge entity $(bone_right_thigh) { transformation: [-1.5239566378332159f,0.32344843151051084f,-0.38031735651766024f,-0.6573173295521385f,0.494033186979747f,1.1532664709933882f,-0.998805121410679f,3.032834803709064f,0.07205129893225479f,-1.06633089261587f,-1.1955965252903378f,-4.66361654464406f,0f,0f,0f,1f], start_interpolation: 0, interpolation_duration: 1 }
$data merge entity $(bone_right_leg) { transformation: [-0.9503030400376741f,0.27064346892134605f,-0.15387087062005997f,-0.4281304189374321f,0.3080673214782998f,0.8888002373985142f,-0.3393061500143059f,3.107630610176295f,0.04492947286960698f,-0.36984625282753f,-0.9280059761322093f,-5.0651375220774355f,0f,0f,0f,1f], start_interpolation: 0, interpolation_duration: 1 }