# This file was generated by Animated Java via MC-Build. It is not recommended to edit this file directly.
$data merge entity $(bone_left) { transformation: [-11.73836368865408f,0.7596128463567656f,0.34722020597503284f,5.901420197031278f,0.8352086851724971f,10.675908921215147f,4.879974466432325f,-13.087671255494552f,-1.4375349518537736e-15f,4.892311587017817f,-10.702898811557148f,-11.271011814982513f,0f,0f,0f,1f], start_interpolation: 0, interpolation_duration: 1 }
$data merge entity $(bone_left4) { transformation: [-11.73836368865408f,0.7596128463567656f,0.34722020597503284f,5.901420197031278f,0.8352086851724971f,10.675908921215147f,4.879974466432325f,-13.087671255494552f,-1.4375349518537736e-15f,4.892311587017817f,-10.702898811557148f,-11.271011814982513f,0f,0f,0f,1f], start_interpolation: 0, interpolation_duration: 1 }
$data merge entity $(bone_mid) { transformation: [-11.333743280911037f,0.7334290555174338f,0.3352515547179555f,5.67821011009219f,0.8064191121358677f,10.307911239825795f,4.7117621575658f,-12.135125635706983f,-1.3879832431325524e-15f,4.7236740186437425f,-10.333970790920796f,-12.129003764116172f,0f,0f,0f,1f], start_interpolation: 0, interpolation_duration: 1 }
$data merge entity $(bone_teeth) { transformation: [-11.214542550340314f,0.7257153393097691f,0.33172560311865834f,5.67821011009219f,0.7979377353364927f,10.199499524473563f,4.662206994938877f,-12.135125635706983f,-1.373385363817606e-15f,4.673993575029969f,-10.225284998641648f,-12.129003764116172f,0f,0f,0f,1f], start_interpolation: 0, interpolation_duration: 1 }
$data merge entity $(bone_skull) { transformation: [-11.921711830736028f,0.771477669067593f,0.35264363477204375f,5.67821011009219f,0.8482542820494365f,10.842661981322907f,4.956197547907687f,-12.135125635706983f,-1.4599886233868009e-15f,4.968727368957911f,-10.870073442028586f,-12.129003764116172f,0f,0f,0f,1f], start_interpolation: 0, interpolation_duration: 1 }
$data merge entity $(bone_tonge) { transformation: [-11.81698534100091f,0.7647006097545017f,0.3495458304867653f,5.839291975976189f,0.8408027772132945f,10.74741442419266f,4.912659742347919f,-13.960846627136101f,-1.447163327342796e-15f,4.925079494962147f,-10.774585088433957f,-11.671150671515049f,0f,0f,0f,1f], start_interpolation: 0, interpolation_duration: 1 }
$data merge entity $(bone_left3) { transformation: [-11.969959023110752f,0.7745998407859483f,0.3540707842895068f,5.839291975976189f,0.8516871688789276f,10.886542256730865f,4.976255289609221f,-13.960846627136101f,-1.465897200357756e-15f,4.988835818871086f,-10.91406465167457f,-11.671150671515049f,0f,0f,0f,1f], start_interpolation: 0, interpolation_duration: 1 }
$data merge entity $(bone_left2) { transformation: [-11.969959023110752f,0.7745998407859483f,0.3540707842895068f,5.839291975976189f,0.8516871688789276f,10.886542256730865f,4.976255289609221f,-13.960846627136101f,-1.465897200357756e-15f,4.988835818871086f,-10.91406465167457f,-11.671150671515049f,0f,0f,0f,1f], start_interpolation: 0, interpolation_duration: 1 }
$data merge entity $(bone_mid2) { transformation: [-12.134080356047349f,0.7852204584603126f,0.3589254850415565f,5.839291975976189f,0.8633647387963792f,11.035808751528014f,5.0444852350573735f,-13.960846627136101f,-1.485996266863016e-15f,5.057238257243192f,-11.063708508844895f,-11.671150671515049f,0f,0f,0f,1f], start_interpolation: 0, interpolation_duration: 1 }
$data merge entity $(bone_teeth2) { transformation: [-10.62144239046544f,0.6873346490733037f,0.3141817302980684f,5.660459189790736f,0.7557374408283671f,9.660081641715125f,4.415638247113841f,-12.384604313318853f,-1.3007515425811513e-15f,4.42680147386662f,-9.684503407218067f,-12.243329151696896f,0f,0f,0f,1f], start_interpolation: 0, interpolation_duration: 1 }
$data merge entity $(bone_neck) { transformation: [-0.9974782635230695f,0.06454880109619779f,0.029505356734760544f,-0.09035937682802778f,0.07097262711075294f,0.9071951913158982f,0.41468032392954074f,2.1970875933076845f,-1.2215585626425871e-16f,0.41572868211172814f,-0.9094886821009076f,-2.847472652179103f,0f,0f,0f,1f], start_interpolation: 0, interpolation_duration: 1 }
$data merge entity $(bone_left_fingers_2) { transformation: [-0.9727281665378673f,0.03309220383752051f,-0.22957530370023468f,2.785972529337532f,0.13249080105604039f,0.8916803630121913f,-0.432842139646749f,0.36908419191027464f,0.1903840898274006f,-0.4514543567888378f,-0.8717470172458118f,0.7504955368474265f,0f,0f,0f,1f], start_interpolation: 0, interpolation_duration: 1 }
$data merge entity $(bone_left_fingers) { transformation: [-0.9727281665378673f,0.03309220383752051f,-0.22957530370023468f,2.6672296898617867f,0.13249080105604039f,0.8916803630121913f,-0.432842139646749f,0.12296386349532645f,0.1903840898274006f,-0.4514543567888378f,-0.8717470172458118f,0.2428594988124858f,0f,0f,0f,1f], start_interpolation: 0, interpolation_duration: 1 }
$data merge entity $(bone_left_index_finger_2) { transformation: [-0.9688264995732728f,0.03309220383752051f,0.2455201005412289f,2.0652095526176195f,-0.08234348189840288f,0.8916803630121913f,-0.4451131105767325f,0.3907631487011543f,-0.23365522616335077f,-0.4514543567888378f,-0.8611586375476535f,0.7404813787932364f,0f,0f,0f,1f], start_interpolation: 0, interpolation_duration: 1 }
$data merge entity $(bone_left_index_finger) { transformation: [-0.9688264995732728f,0.03309220383752051f,0.2455201005412289f,2.206899575028302f,-0.08234348189840288f,0.8916803630121913f,-0.4451131105767325f,0.13939253982628813f,-0.23365522616335077f,-0.4514543567888378f,-0.8611586375476535f,0.2415654368342769f,0f,0f,0f,1f], start_interpolation: 0, interpolation_duration: 1 }
$data merge entity $(bone_left_thumb) { transformation: [-0.8264262924944028f,0.08195404622007053f,0.5570485772193611f,1.9256399399009578f,-0.22961521218533548f,0.854287239079342f,-0.46633696773822136f,-0.430607075625112f,-0.5140976924739493f,-0.5132999585567432f,-0.6871875400053519f,-0.3268681962460354f,0f,0f,0f,1f], start_interpolation: 0, interpolation_duration: 1 }
$data merge entity $(bone_left_hand) { transformation: [-0.999359815106615f,0.03309220383752051f,-0.013596543503710538f,2.536839829056373f,0.0356660544498489f,0.8916803630121913f,-0.45125831048128906f,-0.29977384356536696f,-0.0028093611467222834f,-0.4514543567888378f,-0.8922897910579974f,-0.34303843519872323f,0f,0f,0f,1f], start_interpolation: 0, interpolation_duration: 1 }
$data merge entity $(bone_left_forearm) { transformation: [-1.9973833059604476f,0.10843071388809739f,-0.06341248068736731f,2.505823885494509f,0.11674805072278203f,1.9753111576471498f,-0.29972346667854366f,0.29444481986420046f,0.046349272633331336f,-0.3028317092232765f,-1.977741928100319f,-2.491152073577101f,0f,0f,0f,1f], start_interpolation: 0, interpolation_duration: 1 }
$data merge entity $(bone_left_bicep) { transformation: [-2.464118347213025f,0.04709617721626343f,-0.1476340872184531f,1.7222255672750921f,0.14402894673690678f,1.5639738628751914f,-1.905028745566369f,2.888836897202606f,0.0571798576342121f,-1.909885025079764f,-1.563637668242251f,-5.39910579730509f,0f,0f,0f,1f], start_interpolation: 0, interpolation_duration: 1 }
$data merge entity $(bone_left_shoulder) { transformation: [-1.2303460994768396f,0.023515346981542663f,-0.07371440725015804f,1.2533040476225739f,0.07191434333092572f,0.7808996447141286f,-0.9511899820679398f,1.717264357140717f,0.028550176937914718f,-0.9536147457015667f,-0.7807317811227671f,-3.560066995156472f,0f,0f,0f,1f], start_interpolation: 0, interpolation_duration: 1 }
$data merge entity $(bone_right_fingers_2) { transformation: [-0.981687697148233f,0.09349179469677149f,0.1659775574955127f,-3.196537457484022f,0.00656990170334934f,0.88738280807144f,-0.46098653812324564f,0.7947514990143527f,-0.19038408982740085f,-0.4514543567888378f,-0.8717470172458117f,0.7504990710481255f,0f,0f,0f,1f], start_interpolation: 0, interpolation_duration: 1 }
$data merge entity $(bone_right_fingers) { transformation: [-0.981687697148233f,0.09349179469677149f,0.1659775574955127f,-3.1138377521602862f,0.00656990170334934f,0.88738280807144f,-0.46098653812324564f,0.5342964353927461f,-0.19038408982740085f,-0.4514543567888378f,-0.8717470172458117f,0.24285976396187015f,0f,0f,0f,1f], start_interpolation: 0, interpolation_duration: 1 }
$data merge entity $(bone_right_index_finger_2) { transformation: [-0.9474075291699551f,0.09349179469677149f,-0.3060690412251096f,-2.479965365934887f,0.21868746868221467f,0.88738280807144f,-0.40586641026403214f,0.7141608424332192f,0.23365522616335052f,-0.4514543567888378f,-0.8611586375476535f,0.7404844323482178f,0f,0f,0f,1f], start_interpolation: 0, interpolation_duration: 1 }
$data merge entity $(bone_right_index_finger) { transformation: [-0.9474075291699551f,0.09349179469677149f,-0.3060690412251096f,-2.655818858053245f,0.21868746868221467f,0.88738280807144f,-0.40586641026403214f,0.48538410680077115f,0.23365522616335052f,-0.4514543567888378f,-0.8611586375476535f,0.24156849038925832f,0f,0f,0f,1f], start_interpolation: 0, interpolation_duration: 1 }
$data merge entity $(bone_right_thumb) { transformation: [-0.785590086690655f,0.03982780596602454f,-0.6174641378779032f,-2.458097406303944f,0.34431348838860554f,0.8572846075939886f,-0.38276797579746785f,-0.11869599673257614f,0.5140976924739491f,-0.5132999585567433f,-0.6871875400053521f,-0.32686514269105393f,0f,0f,0f,1f], start_interpolation: 0, interpolation_duration: 1 }
$data merge entity $(bone_right_hand) { transformation: [-0.9943418974313003f,0.09349179469677149f,-0.050432879524160576f,-3.0446156038452665f,0.10618991714220823f,0.88738280807144f,-0.4486373295174814f,0.09735733711735306f,0.0028093611467220406f,-0.4514543567888378f,-0.8922897910579974f,-0.3430353816437419f,0f,0f,0f,1f], start_interpolation: 0, interpolation_duration: 1 }
$data merge entity $(bone_right_forearm) { transformation: [-1.993793329369427f,0.17234080592740184f,0.02033663199332738f,-2.9297785397571534f,0.16723239052987948f,1.9707658876178602f,-0.30568270475447534f,0.6811946880210944f,-0.04634932088175903f,-0.3028320244634702f,-1.9777439868799298f,-2.491151635331246f,0f,0f,0f,1f], start_interpolation: 0, interpolation_duration: 1 }
$data merge entity $(bone_right_bicep) { transformation: [-2.4596869286655254f,0.17481712581579917f,-0.12358109953597862f,-1.7867410075078274f,0.20630991135170784f,1.554886255063899f,-1.906740165040973f,3.1385070758554807f,-0.0571798576342127f,-1.909885025079764f,-1.563637668242251f,-5.39910579730509f,0f,0f,0f,1f], start_interpolation: 0, interpolation_duration: 1 }
$data merge entity $(bone_right_shoulder) { transformation: [-1.2281334709595315f,0.0872870286901955f,-0.06170463523195614f,-1.4884233093449168f,0.10301152743011587f,0.7763621585837062f,-0.9520445020131889f,1.9123438896591751f,-0.02855017693791502f,-0.9536147457015667f,-0.7807317811227671f,-3.560066995156472f,0f,0f,0f,1f], start_interpolation: 0, interpolation_duration: 1 }
$data merge entity $(bone_chest) { transformation: [-4.0572278747061326f,0.27201198027718254f,0.09667305994043646f,-0.1187271537367009f,0.288680096183581f,3.8229673719270774f,1.3586826341988099f,1.7983952804711207f,-4.968671130170284e-16f,1.3621175356743869f,-3.8326322605010437f,-2.9327389177178116f,0f,0f,0f,1f], start_interpolation: 0, interpolation_duration: 1 }
$data merge entity $(bone_weist) { transformation: [-1.0972260898753763f,0.07317419184219841f,0.02721112539079449f,-0.0438175570982242f,0.07806988982182823f,1.0284199526608977f,0.3824362604044813f,2.8512053203130896f,-1.3437144189068457e-16f,0.3834031019921432f,-1.0310199131844164f,-5.357735029030247f,0f,0f,0f,1f], start_interpolation: 0, interpolation_duration: 1 }
$data merge entity $(bone_right_fingers2) { transformation: [-0.9843478929464197f,-0.16620606975935515f,0.05860689402359158f,1.1836020701672676f,-0.17041293413236963f,0.9824300255866769f,-0.0760964960176107f,-0.5992281501522746f,-0.04492947286960723f,-0.08489279828648566f,-0.9953765896718438f,-3.1324864272154453f,0f,0f,0f,1f], start_interpolation: 0, interpolation_duration: 1 }
$data merge entity $(bone_left_foot) { transformation: [-0.9843478929464197f,-0.04912436232300074f,0.16925135945776823f,1.106522123360684f,-0.17041293413236963f,0.5101469944576188f,-0.8430358687068156f,0.06815636976646822f,-0.04492947286960723f,-0.8586832018108992f,-0.5105335458081504f,-3.8676657849224707f,0f,0f,0f,1f], start_interpolation: 0, interpolation_duration: 1 }
$data merge entity $(bone_left_knee) { transformation: [-1.5602053552485586f,0.15918440378851076f,0.22954189939582653f,0.773623995236108f,-0.2701069147830394f,-0.5276786027827848f,-1.4699889303275804f,2.123100667708936f,-0.07121385099919311f,-1.4860974148048756f,0.5465464021198569f,-4.01113266521354f,0f,0f,0f,1f], start_interpolation: 0, interpolation_duration: 1 }
$data merge entity $(bone_left_thigh) { transformation: [-1.5785527796831689f,-0.15690204601752805f,0.23506782685251815f,0.7109549482882164f,-0.2732832698644883f,1.187444394032692f,-1.0425910411103758f,2.8310482820036986f,-0.07205129893225519f,-1.06633089261587f,-1.1955965252903378f,-5.998628959839995f,0f,0f,0f,1f], start_interpolation: 0, interpolation_duration: 1 }
$data merge entity $(bone_left_leg) { transformation: [-0.9843478929464197f,-0.142074114102113f,0.10427929686205163f,0.49081785430756353f,-0.17041293413236963f,0.9181659410866505f,-0.35767406462988344f,2.9574744848350294f,-0.04492947286960723f,-0.36984625282753f,-0.9280059761322093f,-6.391426258123806f,0f,0f,0f,1f], start_interpolation: 0, interpolation_duration: 1 }
$data merge entity $(bone_left_fingers2) { transformation: [-0.9503030400376741f,0.3036312923423043f,-0.06879077267844133f,-1.735678911030449f,0.3080673214782998f,0.9490001323022206f,-0.06703189037729512f,-0.3563882826974305f,0.04492947286960698f,-0.08489279828648566f,-0.9953765896718438f,-3.119505775576074f,0f,0f,0f,1f], start_interpolation: 0, interpolation_duration: 1 }
$data merge entity $(bone_right_foot) { transformation: [-0.9503030400376741f,0.12085981077062499f,-0.2869094599967794f,-1.5648823091125843f,0.3080673214782998f,0.498052271421657f,-0.8105790895211361f,0.29335931168071494f,0.04492947286960698f,-0.8586832018108992f,-0.5105335458081504f,-3.854685133283099f,0f,0f,0f,1f], start_interpolation: 0, interpolation_duration: 1 }
$data merge entity $(bone_right_knee) { transformation: [-1.5062437810861138f,-0.2322933355162466f,-0.4353612141063684f,-0.9478041931638445f,0.48829106883015944f,-0.4998241575984817f,-1.4226797081970686f,2.2743583606521636f,0.07121385099919271f,-1.4860974148048756f,0.5465464021198569f,-4.028607412842527f,0f,0f,0f,1f], start_interpolation: 0, interpolation_duration: 1 }
$data merge entity $(bone_right_thigh) { transformation: [-1.5239566378332159f,0.32344843151051084f,-0.38031735651766024f,-0.7872074756190152f,0.494033186979747f,1.1532664709933882f,-0.998805121410679f,2.9573056860484837f,0.07205129893225479f,-1.06633089261587f,-1.1955965252903378f,-5.98990528069043f,0f,0f,0f,1f], start_interpolation: 0, interpolation_duration: 1 }
$data merge entity $(bone_right_leg) { transformation: [-0.9503030400376741f,0.27064346892134605f,-0.15387087062005997f,-0.5580205650043087f,0.3080673214782998f,0.8888002373985142f,-0.3393061500143059f,3.032101492515715f,0.04492947286960698f,-0.36984625282753f,-0.9280059761322093f,-6.391426258123806f,0f,0f,0f,1f], start_interpolation: 0, interpolation_duration: 1 }