# This file was generated by Animated Java via MC-Build. It is not recommended to edit this file directly.
$data merge entity $(bone_neck) {transformation: [-1f,0.0001f,0f,0f,0.0001f,0.9659f,0.259f,2.2981f,0f,0.259f,-0.9659f,-1.2322f,0f,0f,0f,1f],start_interpolation: 0,interpolation_duration: 1}
$data merge entity $(bone_left_fingers_2) {transformation: [-0.9855f,-0.0179f,-0.1688f,2.862f,-0.0331f,0.9956f,0.0877f,-1.4263f,0.1665f,0.092f,-0.9817f,1.0143f,0f,0f,0f,1f],start_interpolation: 0,interpolation_duration: 1}
$data merge entity $(bone_left_fingers) {transformation: [-0.9855f,-0.0179f,-0.1688f,2.7782f,-0.0331f,0.9956f,0.0877f,-1.3695f,0.1665f,0.092f,-0.9817f,0.4468f,0f,0f,0f,1f],start_interpolation: 0,interpolation_duration: 1}
$data merge entity $(bone_left_index_finger_2) {transformation: [-0.9521f,-0.0179f,0.3053f,2.1423f,0.0112f,0.9956f,0.0931f,-1.435f,-0.3057f,0.092f,-0.9477f,0.9694f,0f,0f,0f,1f],start_interpolation: 0,interpolation_duration: 1}
$data merge entity $(bone_left_index_finger) {transformation: [-0.9521f,-0.0179f,0.3053f,2.3182f,0.0112f,0.9956f,0.0931f,-1.3756f,-0.3057f,0.092f,-0.9477f,0.4237f,0f,0f,0f,1f],start_interpolation: 0,interpolation_duration: 1}
$data merge entity $(bone_left_thumb) {transformation: [-0.7902f,0.0356f,0.6118f,2.0982f,0.0423f,0.9991f,-0.0035f,-1.5676f,-0.6114f,0.0232f,-0.791f,-0.3774f,0f,0f,0f,1f],start_interpolation: 0,interpolation_duration: 1}
$data merge entity $(bone_left_hand) {transformation: [-0.9987f,-0.0179f,0.0485f,2.6983f,-0.0133f,0.9956f,0.0928f,-1.4209f,-0.05f,0.092f,-0.9945f,-0.2812f,0f,0f,0f,1f],start_interpolation: 0,interpolation_duration: 1}
$data merge entity $(bone_left_forearm) {transformation: [-2.0013f,0.0001f,0f,2.6825f,0.0001f,1.9086f,0.6022f,0.0617f,0f,0.6022f,-1.9086f,-1.9565f,0f,0f,0f,1f],start_interpolation: 0,interpolation_duration: 1}
$data merge entity $(bone_left_bicep) {transformation: [-1.2902f,0.0001f,0f,1.7791f,0.0001f,1.2706f,-0.2238f,1.6874f,0f,-0.2238f,-1.2706f,-1.8753f,0f,0f,0f,1f],start_interpolation: 0,interpolation_duration: 1}
$data merge entity $(bone_left_shoulder) {transformation: [-1.2328f,0.0001f,0f,1.3743f,0.0001f,1.2141f,-0.2138f,1.8074f,0f,-0.2138f,-1.2141f,-1.8703f,0f,0f,0f,1f],start_interpolation: 0,interpolation_duration: 1}
$data merge entity $(bone_right_fingers_2) {transformation: [-0.9855f,0.018f,0.1688f,-2.8624f,0.0332f,0.9956f,0.0877f,-1.426f,-0.1665f,0.092f,-0.9817f,1.0143f,0f,0f,0f,1f],start_interpolation: 0,interpolation_duration: 1}
$data merge entity $(bone_right_fingers) {transformation: [-0.9855f,0.018f,0.1688f,-2.7786f,0.0332f,0.9956f,0.0877f,-1.3692f,-0.1665f,0.092f,-0.9817f,0.4468f,0f,0f,0f,1f],start_interpolation: 0,interpolation_duration: 1}
$data merge entity $(bone_right_index_finger_2) {transformation: [-0.9521f,0.018f,-0.3053f,-2.1427f,-0.0111f,0.9956f,0.0931f,-1.4348f,0.3057f,0.092f,-0.9477f,0.9694f,0f,0f,0f,1f],start_interpolation: 0,interpolation_duration: 1}
$data merge entity $(bone_right_index_finger) {transformation: [-0.9521f,0.018f,-0.3053f,-2.3186f,-0.0111f,0.9956f,0.0931f,-1.3754f,0.3057f,0.092f,-0.9477f,0.4237f,0f,0f,0f,1f],start_interpolation: 0,interpolation_duration: 1}
$data merge entity $(bone_right_thumb) {transformation: [-0.7902f,-0.0355f,-0.6118f,-2.0986f,-0.0422f,0.9991f,-0.0034f,-1.5674f,0.6114f,0.0232f,-0.791f,-0.3774f,0f,0f,0f,1f],start_interpolation: 0,interpolation_duration: 1}
$data merge entity $(bone_right_hand) {transformation: [-0.9987f,0.018f,-0.0485f,-2.6987f,0.0134f,0.9956f,0.0928f,-1.4206f,0.05f,0.092f,-0.9945f,-0.2812f,0f,0f,0f,1f],start_interpolation: 0,interpolation_duration: 1}
$data merge entity $(bone_right_forearm) {transformation: [-2.0013f,0.0001f,0f,-2.6827f,0.0001f,1.9086f,0.6022f,0.062f,0f,0.6022f,-1.9086f,-1.9565f,0f,0f,0f,1f],start_interpolation: 0,interpolation_duration: 1}
$data merge entity $(bone_right_bicep) {transformation: [-1.2902f,0.0001f,0f,-1.7791f,0.0001f,1.2706f,-0.2238f,1.6876f,0f,-0.2238f,-1.2706f,-1.8753f,0f,0f,0f,1f],start_interpolation: 0,interpolation_duration: 1}
$data merge entity $(bone_right_shoulder) {transformation: [-1.2328f,0.0001f,0f,-1.3743f,0.0001f,1.2141f,-0.2138f,1.8076f,0f,-0.2138f,-1.2141f,-1.8703f,0f,0f,0f,1f],start_interpolation: 0,interpolation_duration: 1}
$data merge entity $(bone_chest) {transformation: [-4.0675f,0.0002f,0f,0f,0.0002f,4.0056f,0.7071f,1.8898f,0f,0.7071f,-4.0056f,-1.25f,0f,0f,0f,1f],start_interpolation: 0,interpolation_duration: 1}
$data merge entity $(bone_weist) {transformation: [-1.1f,0.0001f,0f,0f,0.0001f,1.0833f,0.1912f,2.5281f,0f,0.1912f,-1.0833f,-3.8165f,0f,0f,0f,1f],start_interpolation: 0,interpolation_duration: 1}
$data merge entity $(bone_right_fingers2) {transformation: [-1f,0f,0f,0.7479f,0.0001f,0.9064f,-0.4224f,-0.6456f,0f,-0.4224f,-0.9064f,-1.2944f,0f,0f,0f,1f],start_interpolation: 0,interpolation_duration: 1}
$data merge entity $(bone_left_foot) {transformation: [-1f,0f,-0.0001f,0.7527f,0.0001f,0.3009f,-0.9537f,-0.161f,0f,-0.9537f,-0.3009f,-2.1644f,0f,0f,0f,1f],start_interpolation: 0,interpolation_duration: 1}
$data merge entity $(bone_left_knee) {transformation: [-1.585f,0f,-0.0001f,0.7689f,0.0001f,-0.6063f,-1.4645f,1.9046f,0f,-1.4645f,0.6063f,-2.3885f,0f,0f,0f,1f],start_interpolation: 0,interpolation_duration: 1}
$data merge entity $(bone_left_thigh) {transformation: [-1.6037f,0.0001f,-0.0001f,0.7386f,0.0001f,1.0836f,-1.1821f,2.4066f,0f,-1.1821f,-1.0836f,-4.4343f,0f,0f,0f,1f],start_interpolation: 0,interpolation_duration: 1}
$data merge entity $(bone_left_leg) {transformation: [-1f,0f,0f,0.5258f,0.0001f,0.8871f,-0.4616f,2.5294f,0f,-0.4616f,-0.8871f,-4.8323f,0f,0f,0f,1f],start_interpolation: 0,interpolation_duration: 1}
$data merge entity $(bone_left_fingers2) {transformation: [-1f,0f,0f,-0.7481f,0.0001f,0.9064f,-0.4224f,-0.61f,0f,-0.4224f,-0.9064f,-1.2846f,0f,0f,0f,1f],start_interpolation: 0,interpolation_duration: 1}
$data merge entity $(bone_right_foot) {transformation: [-1f,0f,-0.0001f,-0.7529f,0.0001f,0.3009f,-0.9537f,-0.1254f,0f,-0.9537f,-0.3009f,-2.1546f,0f,0f,0f,1f],start_interpolation: 0,interpolation_duration: 1}
$data merge entity $(bone_right_knee) {transformation: [-1.585f,0f,-0.0001f,-0.7689f,0.0001f,-0.6063f,-1.4645f,1.9321f,0f,-1.4645f,0.6063f,-2.4089f,0f,0f,0f,1f],start_interpolation: 0,interpolation_duration: 1}
$data merge entity $(bone_right_thigh) {transformation: [-1.6037f,0.0001f,-0.0001f,-0.7385f,0.0001f,1.0836f,-1.1821f,2.4277f,0f,-1.1821f,-1.0836f,-4.4277f,0f,0f,0f,1f],start_interpolation: 0,interpolation_duration: 1}
$data merge entity $(bone_right_leg) {transformation: [-1f,0f,0f,-0.5257f,0.0001f,0.8871f,-0.4616f,2.5295f,0f,-0.4616f,-0.8871f,-4.8323f,0f,0f,0f,1f],start_interpolation: 0,interpolation_duration: 1}