# This file was generated by Animated Java via MC-Build. It is not recommended to edit this file directly.
$data merge entity $(bone_neck) { transformation: [-0.9947479275249763f,-0.101264491030217f,0.01490179657476442f,-0.05521016708398202f,-0.10235507161232685f,0.9841490118409381f,-0.14482458978965085f,1.949805649629007f,-1.2182148654019255e-16f,-0.14558923500347237f,-0.9893451241357102f,-1.676481397657947f,0f,0f,0f,1f], start_interpolation: 0, interpolation_duration: 1 }
$data merge entity $(bone_left_fingers_2) { transformation: [-0.953530278424822f,-0.0699532358202003f,-0.2930640764839062f,3.2347190179076217f,-0.21910636305462466f,0.8286512916994286f,0.5151013865578733f,-1.8105046212748437f,0.20681491676389396f,0.5553769724818917f,-0.8054712959757113f,-3.5599065950089064f,0f,0f,0f,1f], start_interpolation: 0, interpolation_duration: 1 }
$data merge entity $(bone_left_fingers) { transformation: [-0.953530278424822f,-0.0699532358202003f,-0.2930640764839062f,3.078526185433167f,-0.21910636305462466f,0.8286512916994286f,0.5151013865578733f,-1.5058344820512855f,0.20681491676389396f,0.5553769724818917f,-0.8054712959757113f,-4.023748518994612f,0f,0f,0f,1f], start_interpolation: 0, interpolation_duration: 1 }
$data merge entity $(bone_left_index_finger_2) { transformation: [-0.9811136176317127f,-0.0699532358202003f,0.18034027308368164f,2.5169704024395863f,0.04349763327080858f,0.8286512916994286f,0.5580725693534013f,-1.8794363448079134f,-0.18847818228498409f,0.5553769724818917f,-0.8099582663566048f,-3.5474618521950267f,0f,0f,0f,1f], start_interpolation: 0, interpolation_duration: 1 }
$data merge entity $(bone_left_index_finger) { transformation: [-0.9811136176317127f,-0.0699532358202003f,0.18034027308368164f,2.6204998110127384f,0.04349763327080858f,0.8286512916994286f,0.5580725693534013f,-1.5530136854366696f,-0.18847818228498409f,0.5553769724818917f,-0.8099582663566048f,-4.011046010258215f,0f,0f,0f,1f], start_interpolation: 0, interpolation_duration: 1 }
$data merge entity $(bone_left_thumb) { transformation: [-1.4790765757286457f,-0.044137184921740076f,0.8754810940146398f,2.1504911061710974f,0.3984477808987772f,1.4956545013428069f,0.74855843622853f,0.5947101724250055f,-0.780803818488823f,0.8468484371239318f,-1.2764309129416642f,-3.468236151119272f,0f,0f,0f,1f], start_interpolation: 0, interpolation_duration: 1 }
$data merge entity $(bone_left_hand) { transformation: [-0.9943584790674154f,-0.0699532358202003f,-0.07973556236096813f,2.913440931476357f,-0.10242432213923294f,0.8286512916994286f,0.5503147235893178f,-1.2208997687323948f,0.027576681110224703f,0.5553769724818917f,-0.8311413508518232f,-4.679907144574043f,0f,0f,0f,1f], start_interpolation: 0, interpolation_duration: 1 }
$data merge entity $(bone_left_forearm) { transformation: [-1.9900386262799241f,0.08545964963087885f,-0.19432279215154483f,2.7432757861169694f,-0.20498478327330924f,-0.2973001511492471f,1.9684796905489583f,0.5997933983767734f,0.055190016225758406f,1.9772778514316842f,0.3043760728069768f,-3.4778731433702905f,0f,0f,0f,1f], start_interpolation: 0, interpolation_duration: 1 }
$data merge entity $(bone_left_bicep) { transformation: [-2.4550574123883613f,-0.15539748588995922f,-0.21080281294400527f,1.6471379698362045f,-0.2528842430273367f,1.9233416774612742f,1.5273177318613194f,3.4660297765017476f,0.06808644648177953f,1.5402926721271493f,-1.9284075872817845f,-0.9514537748985155f,0f,0f,0f,1f], start_interpolation: 0, interpolation_duration: 1 }
$data merge entity $(bone_left_shoulder) { transformation: [-1.2258219312964647f,-0.07759070941112138f,-0.10525485472633461f,1.3640653331069674f,-0.12626631443239644f,0.9603337167235276f,0.7625970628329303f,1.583512247540218f,0.033995889016792444f,0.7690755126870391f,-0.9628631497741016f,-2.113577244894819f,0f,0f,0f,1f], start_interpolation: 0, interpolation_duration: 1 }
$data merge entity $(bone_right_fingers_2) { transformation: [-0.9781685649779251f,-0.10025490091220049f,0.18203080325074525f,-2.510474644861775f,0.02034327144217918f,0.8255333871382387f,0.5639865051817259f,-2.401663492559249f,-0.2068149167638942f,0.5553769724818917f,-0.8054712959757113f,-3.5599079499749293f,0f,0f,0f,1f], start_interpolation: 0, interpolation_duration: 1 }
$data merge entity $(bone_right_fingers) { transformation: [-0.9781685649779251f,-0.10025490091220049f,0.18203080325074525f,-2.4195953581199476f,0.02034327144217918f,0.8255333871382387f,0.5639865051817259f,-2.0715687028002674f,-0.2068149167638942f,0.5553769724818917f,-0.8054712959757113f,-4.023752894477995f,0f,0f,0f,1f], start_interpolation: 0, interpolation_duration: 1 }
$data merge entity $(bone_right_index_finger_2) { transformation: [-0.9516985847769058f,-0.10025490091220049f,-0.2902046839331156f,-1.7937274035039916f,-0.24237528449943713f,0.8255333871382387f,0.5096556172396063f,-2.3229917681664194f,0.18847818228498386f,0.5553769724818917f,-0.809958266356605f,-3.5474636303616878f,0f,0f,0f,1f], start_interpolation: 0, interpolation_duration: 1 }
$data merge entity $(bone_right_index_finger) { transformation: [-0.9516985847769058f,-0.10025490091220049f,-0.2902046839331156f,-1.9615586230245712f,-0.24237528449943713f,0.8255333871382387f,0.5096556172396063f,-2.0244908925483793f,0.18847818228498386f,0.5553769724818917f,-0.809958266356605f,-4.011047788424876f,0f,0f,0f,1f], start_interpolation: 0, interpolation_duration: 1 }
$data merge entity $(bone_right_thumb) { transformation: [-1.3669473945584167f,-0.2613552173662186f,-1.0095697226068516f,-1.938749795476547f,-0.691290800953038f,1.4733037462910605f,0.5545952160102869f,0.1739416648981842f,0.7808038184888225f,0.8468484371239318f,-1.2764309129416644f,-3.468237929285933f,0f,0f,0f,1f], start_interpolation: 0, interpolation_duration: 1 }
$data merge entity $(bone_right_hand) { transformation: [-0.9943807410586174f,-0.10025490091220049f,-0.033998480183673435f,-2.3159917269817405f,-0.10220796676707611f,0.8255333871382387f,0.5550208628956279f,-1.7589888613952815f,-0.02757668111022495f,0.5553769724818917f,-0.8311413508518232f,-4.6799089227407045f,0f,0f,0f,1f], start_interpolation: 0, interpolation_duration: 1 }
$data merge entity $(bone_right_forearm) { transformation: [-1.9900852514787688f,-0.02312831377677236f,-0.21060043963650596f,-2.5201492014773588f,-0.20455199788991085f,-0.30847368107123f,1.966806864049486f,0.058210231363278186f,-0.05519007367717788f,1.9772799097282032f,0.30437638965481423f,-3.4778775337099743f,0f,0f,0f,1f], start_interpolation: 0, interpolation_duration: 1 }
$data merge entity $(bone_right_bicep) { transformation: [-2.4551123769385366f,-0.23951824112606132f,-0.10462949612870981f,-2.030645082877293f,-0.25235006458836784f,1.9146860314548562f,1.5382424869125682f,3.087602501290722f,-0.06808644648178014f,1.5402926721271493f,-1.9284075872817845f,-0.9514537748985161f,0f,0f,0f,1f], start_interpolation: 0, interpolation_duration: 1 }
$data merge entity $(bone_right_shoulder) { transformation: [-1.2258493753597721f,-0.11959260562963799f,-0.05224200882956063f,-1.3701572619289246f,-0.12599959657789353f,0.9560119111923552f,0.7680518453843634f,1.302173084346119f,-0.03399588901679274f,0.7690755126870391f,-0.9628631497741016f,-2.1135772448948194f,0f,0f,0f,1f], start_interpolation: 0, interpolation_duration: 1 }
$data merge entity $(bone_chest) { transformation: [-4.046122273988929f,-0.40504166908110867f,0.09628091952019957f,-0.01612919348427924f,-0.41632771845706534f,3.936437682401722f,-0.9357156772423442f,1.5699933268825026f,-4.955070691799352e-16f,-0.9406560711018424f,-3.957221295445107f,-1.5307216497402496f,0f,0f,0f,1f], start_interpolation: 0, interpolation_duration: 1 }
$data merge entity $(bone_weist) { transformation: [-1.0942227202774741f,-0.10953840911256452f,0.0260379599364766f,0.02815661330383653f,-0.11259057877355955f,1.0645599063406241f,-0.25305249926344625f,1.1395973159442043f,-1.340036351942118e-16f,-0.25438856645126573f,-1.0701805722675357f,-4.139825827159492f,0f,0f,0f,1f], start_interpolation: 0, interpolation_duration: 1 }
$data merge entity $(bone_right_fingers2) { transformation: [-0.9610978790523108f,-0.27482780070047375f,0.027578013766231688f,2.2096640586839706f,-0.1967724609278516f,0.7513391939546837f,0.6298968282567579f,-2.2551663103495843f,-0.1938336026120005f,0.599965912023064f,-0.7761890484339408f,-8.84241397928764f,0f,0f,0f,1f], start_interpolation: 0, interpolation_duration: 1 }
$data merge entity $(bone_left_foot) { transformation: [-0.9610978790523108f,-0.21318944136406082f,0.1756164256897101f,1.9711451816682466f,-0.1967724609278516f,0.9746676359581232f,0.10631838051908482f,-1.3246923747649753f,-0.1938336026120005f,0.06762589375885153f,-0.9787008087213221f,-8.579432793401201f,0f,0f,0f,1f], start_interpolation: 0, interpolation_duration: 1 }
$data merge entity $(bone_left_knee) { transformation: [-1.523353753851199f,-0.12142743560244196f,0.4206169600057785f,1.5002894177009742f,-0.3118871381805079f,1.369675945756335f,-0.7341553821828795f,-0.8986272863271818f,-0.30722900611605775f,-0.7883610150391329f,-1.3402862217830322f,-6.594450726636823f,0f,0f,0f,1f], start_interpolation: 0, interpolation_duration: 1 }
$data merge entity $(bone_left_thigh) { transformation: [-1.5412678174018348f,-0.40822024195486245f,-0.1719120781411486f,0.8976748258349663f,-0.3155548128751523f,0.5751578751730083f,1.463325866718999f,0.6742017803702147f,-0.31084190294074326f,1.4402269495450695f,-0.6331095155590332f,-5.359678830380102f,0f,0f,0f,1f], start_interpolation: 0, interpolation_duration: 1 }
$data merge entity $(bone_left_leg) { transformation: [-0.9610978790523108f,-0.2025401305031677f,-0.18779872847522056f,0.5782356956179328f,-0.1967724609278516f,0.02493349877337675f,0.9801320927606215f,0.9300812971580358f,-0.1938336026120005f,0.9789564935045266f,-0.0638178527042022f,-5.133364983207038f,0f,0f,0f,1f], start_interpolation: 0, interpolation_duration: 1 }
$data merge entity $(bone_left_fingers2) { transformation: [-0.9810296367987512f,0.11607035065109783f,-0.15526920307080097f,-1.4074568238911085f,-0.003063694006197968f,0.7915608492782249f,0.6110826749867585f,-2.649452106494519f,0.19383360261200025f,0.599965912023064f,-0.7761890484339408f,-8.7977448977593f,0f,0f,0f,1f], start_interpolation: 0, interpolation_duration: 1 }
$data merge entity $(bone_right_foot) { transformation: [-0.9810296367987512f,0.010246022124875798f,-0.19358685583770144f,-1.3634127130887315f,-0.003063694006197968f,0.9976581365998745f,0.0683290293733439f,-1.6899037149066944f,0.19383360261200025f,0.06762589375885153f,-0.9787008087213221f,-8.534763711872861f,0f,0f,0f,1f], start_interpolation: 0, interpolation_duration: 1 }
$data merge entity $(bone_right_knee) { transformation: [-1.5549458722458755f,-0.16003079669143583f,-0.26230399735773474f,-0.9916377600862962f,-0.004855998402155534f,1.3657038341495573f,-0.8044248661017054f,-1.1481176582038675f,0.3072290061160574f,-0.7883610150391331f,-1.3402862217830327f,-6.561742864837656f,0f,0f,0f,1f], start_interpolation: 0, interpolation_duration: 1 }
$data merge entity $(bone_right_thigh) { transformation: [-1.5732314471511066f,0.28254448510855595f,-0.12967436578093233f,-0.7251072398768547f,-0.004913103105352725f,0.6462344475884562f,1.4676719366667168f,0.4923215933162086f,0.3108419029407429f,1.4402269495450695f,-0.6331095155590332f,-5.343387197105543f,0f,0f,0f,1f], start_interpolation: 0, interpolation_duration: 1 }
$data merge entity $(bone_right_leg) { transformation: [-0.9810296367987512f,0.19321894977529872f,-0.01572543068539082f,-0.4677318026953048f,-0.003063694006197968f,0.06565532174205435f,0.9978376583923781f,0.8224559629083904f,0.19383360261200025f,0.9789564935045266f,-0.0638178527042022f,-5.133364983207039f,0f,0f,0f,1f], start_interpolation: 0, interpolation_duration: 1 }
execute on vehicle unless entity @s[tag=aj.transforms_only] at @s run function animated_java:jaw/animations/run/zzz/frames/zzz/8