# This file was generated by Animated Java via MC-Build. It is not recommended to edit this file directly.
$data merge entity $(bone_neck) {transformation: [-0.9916f,-0.1258f,0.0297f,0.1627f,-0.1293f,0.9652f,-0.2275f,2.1091f,0f,-0.2294f,-0.9733f,-1.1124f,0f,0f,0f,1f],start_interpolation: 0,interpolation_duration: 1}
$data merge entity $(bone_left_fingers_2) {transformation: [-0.9275f,0.065f,-0.3681f,3.5429f,-0.3733f,-0.2103f,0.9036f,-1.1103f,-0.0187f,0.9755f,0.2193f,-5.1754f,0f,0f,0f,1f],start_interpolation: 0,interpolation_duration: 1}
$data merge entity $(bone_left_fingers) {transformation: [-0.9275f,0.065f,-0.3681f,3.3438f,-0.3733f,-0.2103f,0.9036f,-0.5856f,-0.0187f,0.9755f,0.2193f,-5.0431f,0f,0f,0f,1f],start_interpolation: 0,interpolation_duration: 1}
$data merge entity $(bone_left_index_finger_2) {transformation: [-0.9927f,0.065f,0.1018f,2.831f,0.0861f,-0.2103f,0.9738f,-1.2235f,0.0847f,0.9755f,0.2032f,-5.1524f,0f,0f,0f,1f],start_interpolation: 0,interpolation_duration: 1}
$data merge entity $(bone_left_index_finger) {transformation: [-0.9927f,0.065f,0.1018f,2.89f,0.0861f,-0.2103f,0.9738f,-0.6634f,0.0847f,0.9755f,0.2032f,-5.0297f,0f,0f,0f,1f],start_interpolation: 0,interpolation_duration: 1}
$data merge entity $(bone_left_thumb) {transformation: [-0.898f,0.1027f,0.4278f,2.4928f,0.414f,-0.1323f,0.9006f,0.0869f,0.1491f,0.9859f,0.0763f,-5.1089f,0f,0f,0f,1f],start_interpolation: 0,interpolation_duration: 1}
$data merge entity $(bone_left_hand) {transformation: [-0.9852f,0.065f,-0.1586f,3.1077f,-0.1689f,-0.2103f,0.9629f,0.108f,0.0292f,0.9755f,0.2182f,-4.9975f,0f,0f,0f,1f],start_interpolation: 0,interpolation_duration: 1}
$data merge entity $(bone_left_forearm) {transformation: [-1.9717f,0.2363f,-0.2487f,2.9516f,-0.338f,-1.0907f,1.6436f,1.2475f,0.0585f,1.6613f,1.1145f,-3.1311f,0f,0f,0f,1f],start_interpolation: 0,interpolation_duration: 1}
$data merge entity $(bone_left_bicep) {transformation: [-1.2711f,-0.0719f,-0.2091f,2.0216f,-0.2179f,0.6151f,1.1129f,1.5932f,0.0377f,1.1318f,-0.6182f,-1.569f,0f,0f,0f,1f],start_interpolation: 0,interpolation_duration: 1}
$data merge entity $(bone_left_shoulder) {transformation: [-1.2145f,-0.0687f,-0.1998f,1.6204f,-0.2082f,0.5878f,1.0634f,1.5586f,0.0361f,1.0815f,-0.5907f,-1.442f,0f,0f,0f,1f],start_interpolation: 0,interpolation_duration: 1}
$data merge entity $(bone_right_fingers_2) {transformation: [-0.9922f,-0.0089f,0.1241f,-2.2789f,0.123f,-0.2199f,0.9677f,-1.8694f,0.0187f,0.9755f,0.2193f,-5.1754f,0f,0f,0f,1f],start_interpolation: 0,interpolation_duration: 1}
$data merge entity $(bone_right_fingers) {transformation: [-0.9922f,-0.0089f,0.1241f,-2.2211f,0.123f,-0.2199f,0.9677f,-1.3112f,0.0187f,0.9755f,0.2193f,-5.0431f,0f,0f,0f,1f],start_interpolation: 0,interpolation_duration: 1}
$data merge entity $(bone_right_index_finger_2) {transformation: [-0.9374f,-0.0089f,-0.3481f,-1.5619f,-0.3377f,-0.2199f,0.9152f,-1.7963f,-0.0847f,0.9755f,0.2032f,-5.1524f,0f,0f,0f,1f],start_interpolation: 0,interpolation_duration: 1}
$data merge entity $(bone_right_index_finger) {transformation: [-0.9374f,-0.0089f,-0.3481f,-1.7625f,-0.3377f,-0.2199f,0.9152f,-1.2701f,-0.0847f,0.9755f,0.2032f,-5.0297f,0f,0f,0f,1f],start_interpolation: 0,interpolation_duration: 1}
$data merge entity $(bone_right_thumb) {transformation: [-0.7618f,-0.0653f,-0.6445f,-1.5709f,-0.6304f,-0.1542f,0.7608f,-0.443f,-0.1491f,0.9859f,0.0763f,-5.1089f,0f,0f,0f,1f],start_interpolation: 0,interpolation_duration: 1}
$data merge entity $(bone_right_hand) {transformation: [-0.9956f,-0.0089f,-0.0936f,-2.1707f,-0.0894f,-0.2199f,0.9714f,-0.5802f,-0.0292f,0.9755f,0.2182f,-4.9976f,0f,0f,0f,1f],start_interpolation: 0,interpolation_duration: 1}
$data merge entity $(bone_right_forearm) {transformation: [-1.9925f,0.0513f,-0.1811f,-2.312f,-0.1789f,-1.1149f,1.6524f,0.5612f,-0.0585f,1.6613f,1.1145f,-3.1311f,0f,0f,0f,1f],start_interpolation: 0,interpolation_duration: 1}
$data merge entity $(bone_right_bicep) {transformation: [-1.2844f,-0.0883f,-0.0832f,-1.5017f,-0.1153f,0.613f,1.1294f,1.1338f,-0.0377f,1.1318f,-0.6182f,-1.569f,0f,0f,0f,1f],start_interpolation: 0,interpolation_duration: 1}
$data merge entity $(bone_right_shoulder) {transformation: [-1.2273f,-0.0843f,-0.0795f,-1.1051f,-0.1102f,0.5857f,1.0791f,1.2032f,-0.0361f,1.0815f,-0.5907f,-1.442f,0f,0f,0f,1f],start_interpolation: 0,interpolation_duration: 1}
$data merge entity $(bone_chest) {transformation: [-4.0333f,-0.4994f,0.1648f,0.2103f,-0.5259f,3.8301f,-1.2641f,1.7442f,0f,-1.2748f,-3.8626f,-0.9346f,0f,0f,0f,1f],start_interpolation: 0,interpolation_duration: 1}
$data merge entity $(bone_weist) {transformation: [-1.0908f,-0.1415f,0.0146f,0.2948f,-0.1422f,1.085f,-0.1122f,1.096f,0f,-0.1132f,-1.0942f,-3.4973f,0f,0f,0f,1f],start_interpolation: 0,interpolation_duration: 1}
$data merge entity $(bone_right_fingers2) {transformation: [-0.8708f,-0.4097f,-0.2719f,3.6397f,-0.3315f,0.0808f,0.94f,-1.6616f,-0.3631f,0.9086f,-0.2062f,-8.2934f,0f,0f,0f,1f],start_interpolation: 0,interpolation_duration: 1}
$data merge entity $(bone_left_foot) {transformation: [-0.8708f,-0.3541f,0.3411f,3.2301f,-0.3315f,0.9352f,0.1246f,-0.7727f,-0.3631f,-0.0046f,-0.9317f,-8.1095f,0f,0f,0f,1f],start_interpolation: 0,interpolation_duration: 1}
$data merge entity $(bone_left_knee) {transformation: [-1.3802f,-0.0755f,0.7757f,2.2914f,-0.5255f,1.2552f,-0.8128f,-0.2018f,-0.5756f,-0.9649f,-1.118f,-6.3357f,0f,0f,0f,1f],start_interpolation: 0,interpolation_duration: 1}
$data merge entity $(bone_left_thigh) {transformation: [-1.3964f,-0.5991f,-0.5127f,1.2512f,-0.5317f,-0.0548f,1.512f,0.6795f,-0.5824f,1.4865f,-0.1509f,-4.7296f,0f,0f,0f,1f],start_interpolation: 0,interpolation_duration: 1}
$data merge entity $(bone_left_leg) {transformation: [-0.8708f,-0.2417f,-0.4282f,0.8682f,-0.3315f,-0.3546f,0.8743f,0.7643f,-0.3631f,0.9033f,0.2286f,-4.4748f,0f,0f,0f,1f],start_interpolation: 0,interpolation_duration: 1}
$data merge entity $(bone_left_fingers2) {transformation: [-0.9267f,0.3753f,0.0218f,-2.2157f,0.0972f,0.1831f,0.9783f,-2.4581f,0.3631f,0.9086f,-0.2062f,-8.2457f,0f,0f,0f,1f],start_interpolation: 0,interpolation_duration: 1}
$data merge entity $(bone_right_foot) {transformation: [-0.9267f,0.1025f,-0.3617f,-2.0477f,0.0972f,0.9947f,0.033f,-1.4938f,0.3631f,-0.0046f,-0.9317f,-8.0618f,0f,0f,0f,1f],start_interpolation: 0,interpolation_duration: 1}
$data merge entity $(bone_right_knee) {transformation: [-1.4688f,-0.2489f,-0.5414f,-1.2903f,0.154f,1.2326f,-0.9845f,-0.6747f,0.5756f,-0.9649f,-1.118f,-6.304f,0f,0f,0f,1f],start_interpolation: 0,interpolation_duration: 1}
$data merge entity $(bone_right_thigh) {transformation: [-1.486f,0.5931f,0.1079f,-0.5207f,0.1558f,0.1007f,1.5929f,0.4289f,0.5824f,1.4865f,-0.1509f,-4.7191f,0f,0f,0f,1f],start_interpolation: 0,interpolation_duration: 1}
$data merge entity $(bone_right_leg) {transformation: [-0.9267f,0.3245f,0.1897f,-0.1744f,0.0972f,-0.2807f,0.9549f,0.6284f,0.3631f,0.9033f,0.2286f,-4.4748f,0f,0f,0f,1f],start_interpolation: 0,interpolation_duration: 1}
execute on vehicle unless entity @s[tag=aj.transforms_only] at @s run function animated_java:jaw/animations/run/zzz/frames/19_root_commands