# This file was generated by Animated Java via MC-Build. It is not recommended to edit this file directly.
$data merge entity $(bone_neck) { transformation: [-0.9916063313159028f,-0.1258444248191426f,0.029665879999677115f,-0.08476035650365027f,-0.12929378830483726f,0.9651517682911086f,-0.22751962656072125f,1.956975280682766f,-1.2143675196602703e-16f,-0.22944551620479597f,-0.9733215065401127f,-1.7940861661296426f,0f,0f,0f,1f], start_interpolation: 0, interpolation_duration: 1 }
$data merge entity $(bone_left_fingers_2) { transformation: [-0.9275165009412427f,0.06500889535469728f,-0.3680855661479756f,3.2953890196220588f,-0.37331566131234484f,-0.2103008597162006f,0.9035535210609018f,-1.2624009224811197f,-0.01866969471202725f,0.9754729068136077f,0.21932635630942934f,-5.85712341301411f,0f,0f,0f,1f], start_interpolation: 0, interpolation_duration: 1 }
$data merge entity $(bone_left_fingers) { transformation: [-0.9275165009412427f,0.06500889535469728f,-0.3680855661479756f,3.0963826436962303f,-0.37331566131234484f,-0.2103008597162006f,0.9035535210609018f,-0.7377466317528248f,-0.01866969471202725f,0.9754729068136077f,0.21932635630942934f,-5.724821626711301f,0f,0f,0f,1f], start_interpolation: 0, interpolation_duration: 1 }
$data merge entity $(bone_left_index_finger_2) { transformation: [-0.9926801840071007f,0.06500889535469728f,0.10178357335243654f,2.5835392397316665f,0.08607954955436156f,-0.2103008597162006f,0.9738397504472414f,-1.3755757218399278f,0.0847134194100736f,0.9754729068136077f,0.2031655596907705f,-5.834082475547984f,0f,0f,0f,1f], start_interpolation: 0, interpolation_duration: 1 }
$data merge entity $(bone_left_index_finger) { transformation: [-0.9926801840071007f,0.06500889535469728f,0.10178357335243654f,2.64257537539941f,0.08607954955436156f,-0.2103008597162006f,0.9738397504472414f,-0.8155470299480623f,0.0847134194100736f,0.9754729068136077f,0.2031655596907705f,-5.711351218156224f,0f,0f,0f,1f], start_interpolation: 0, interpolation_duration: 1 }
$data merge entity $(bone_left_thumb) { transformation: [-1.5439587745590466f,0.1765548182941019f,0.7355966643061441f,2.3996927254996003f,0.7117342347801783f,-0.22748311791544853f,1.5484729781447277f,-0.5646714988795424f,0.25633656673027266f,1.6950405839211244f,0.13119351110605149f,-3.473866473689275f,0f,0f,0f,1f], start_interpolation: 0, interpolation_duration: 1 }
$data merge entity $(bone_left_hand) { transformation: [-0.9851989542400431f,0.06500889535469728f,-0.1586091551238061f,2.8601898712999034f,-0.1689018142637446f,-0.2103008597162006f,0.9629359924424066f,-0.044118626846852305f,0.029243763484563347f,0.9754729068136077f,0.2181683074368731f,-5.6792339208215825f,0f,0f,0f,1f], start_interpolation: 0, interpolation_duration: 1 }
$data merge entity $(bone_left_forearm) { transformation: [-1.9717074020900967f,0.23630652724087153f,-0.24869173503993844f,2.7041291001780445f,-0.33802812718894804f,-1.0907377812552175f,1.6435773517307517f,1.095382050995496f,0.05852639680475825f,1.6612551733784002f,1.1145063226160936f,-3.812756531069687f,0f,0f,0f,1f], start_interpolation: 0, interpolation_duration: 1 }
$data merge entity $(bone_left_bicep) { transformation: [-2.4324426715330456f,-0.13752749011997029f,-0.4002523477202159f,1.6498770307606745f,-0.41701625701723927f,1.1772009383990136f,2.1298329734288735f,2.7183157152722233f,0.07220244994163899f,2.165912565821355f,-1.1830057760335078f,-0.3412375836455497f,0f,0f,0f,1f], start_interpolation: 0, interpolation_duration: 1 }
$data merge entity $(bone_left_shoulder) { transformation: [-1.214530282811526f,-0.06866813488537245f,-0.19984791533287613f,1.372976508245935f,-0.2082182155820115f,0.5877820700039977f,1.0634358103616017f,1.4065100927459706f,0.03605102926928839f,1.0814505237462126f,-0.5906804532532334f,-2.123658811461268f,0f,0f,0f,1f], start_interpolation: 0, interpolation_duration: 1 }
$data merge entity $(bone_right_fingers_2) { transformation: [-0.9922306411070816f,-0.008910671085047946f,0.12409252511349733f,-2.5263959479541853f,0.12300324120765921f,-0.21993910069249872f,0.967727748201417f,-2.021496737744668f,0.018669694712027014f,0.9754729068136077f,0.2193263563094294f,-5.857126938715791f,0f,0f,0f,1f], start_interpolation: 0, interpolation_duration: 1 }
$data merge entity $(bone_right_fingers) { transformation: [-0.9922306411070816f,-0.008910671085047946f,0.12409252511349733f,-2.4685729598386006f,0.12300324120765921f,-0.21993910069249872f,0.967727748201417f,-1.4633513541016065f,0.018669694712027014f,0.9754729068136077f,0.2193263563094294f,-5.724824329939146f,0f,0f,0f,1f], start_interpolation: 0, interpolation_duration: 1 }
$data merge entity $(bone_right_index_finger_2) { transformation: [-0.9374188790573446f,-0.008910671085047946f,-0.3480897084483909f,-1.809325278777788f,-0.33774173825383885f,-0.21993910069249872f,0.9151815722728743f,-1.9483566432169415f,-0.08471341941007383f,0.9754729068136077f,0.20316555969077044f,-5.834085860551789f,0f,0f,0f,1f], start_interpolation: 0, interpolation_duration: 1 }
$data merge entity $(bone_right_index_finger) { transformation: [-0.9374188790573446f,-0.008910671085047946f,-0.3480897084483909f,-2.0099885348820257f,-0.33774173825383885f,-0.21993910069249872f,0.9151815722728743f,-1.4221896937547585f,-0.08471341941007383f,0.9754729068136077f,0.20316555969077044f,-5.7113546031600295f,0f,0f,0f,1f], start_interpolation: 0, interpolation_duration: 1 }
$data merge entity $(bone_right_thumb) { transformation: [-1.3098376031202135f,-0.1123213691400274f,-1.1080578132145753f,-1.8395551376615331f,-1.0838356757130174f,-0.2651491709093334f,1.3080821454162816f,-1.1174226174109587f,-0.256336566730273f,1.6950405839211244f,0.13119351110605126f,-3.4738698586930803f,0f,0f,0f,1f], start_interpolation: 0, interpolation_duration: 1 }
$data merge entity $(bone_right_hand) { transformation: [-0.9955693512830651f,-0.008910671085047946f,-0.09360698011703555f,-2.418134775483544f,-0.08936704696405659f,-0.21993910069249872f,0.9714115105883289f,-0.7323531216449894f,-0.02924376348456359f,0.9754729068136077f,0.2181683074368731f,-5.679237305825388f,0f,0f,0f,1f], start_interpolation: 0, interpolation_duration: 1 }
$data merge entity $(bone_right_forearm) { transformation: [-1.9924640542650256f,0.05127793851675525f,-0.1810644573344285f,-2.5594795010556135f,-0.17885306380938407f,-1.1148644978062623f,1.652396897032837f,0.4090707235125679f,-0.058526457729266f,1.6612569027032589f,1.114507482789148f,-3.8127607698011987f,0f,0f,0f,1f], start_interpolation: 0, interpolation_duration: 1 }
$data merge entity $(bone_right_bicep) { transformation: [-2.4580470392393075f,-0.16892499703251662f,-0.15925514419792244f,-1.9566229705858031f,-0.22064601015735996f,1.173107073239174f,2.161256170750455f,2.2480705857592946f,-0.07220244994163959f,2.165912565821355f,-1.1830057760335078f,-0.3412375836455499f,0f,0f,0f,1f], start_interpolation: 0, interpolation_duration: 1 }
$data merge entity $(bone_right_shoulder) { transformation: [-1.2273146663102328f,-0.08434506055204738f,-0.07951685669121655f,-1.3526109108809203f,-0.11016961026619314f,0.5857379835107944f,1.079125563372623f,1.051125590201232f,-0.03605102926928869f,1.0814505237462126f,-0.5906804532532334f,-2.123658811461268f,0f,0f,0f,1f], start_interpolation: 0, interpolation_duration: 1 }
$data merge entity $(bone_chest) { transformation: [-4.033343878532466f,-0.49940579603083984f,0.16481879025310633f,-0.03718108058299216f,-0.5259005445231011f,3.8301449414759845f,-1.2640619327316363f,1.5920705790654364f,-4.939421670705355e-16f,-1.2747618614477516f,-3.862566041095384f,-1.6162902202786207f,0f,0f,0f,1f], start_interpolation: 0, interpolation_duration: 1 }
$data merge entity $(bone_weist) { transformation: [-1.090766964447493f,-0.14146865444613832f,0.014630416234699838f,0.04733011337629607f,-0.142223167135321f,1.084980301611938f,-0.11220657665247195f,0.9439200677700618f,-1.3358042716262975e-16f,-0.11315637376333529f,-1.0941643546911646f,-4.178981255176144f,0f,0f,0f,1f], start_interpolation: 0, interpolation_duration: 1 }
$data merge entity $(bone_right_fingers2) { transformation: [-0.8707506984302619f,-0.4097014559524611f,-0.2719153143418822f,3.3922433351667487f,-0.33153869810740777f,0.08077414773599399f,0.9399774618121268f,-1.8137413372743931f,-0.36314640689459715f,0.9086364806939885f,-0.20616603287541418f,-8.97512012598485f,0f,0f,0f,1f], start_interpolation: 0, interpolation_duration: 1 }
$data merge entity $(bone_left_foot) { transformation: [-0.8707506984302619f,-0.3541454606229704f,0.3411366498975962f,2.982620096912183f,-0.33153869810740777f,0.9351789681020668f,0.12458888103196797f,-0.9247999726866832f,-0.36314640689459715f,-0.00461414560854051f,-0.9317206645877542f,-8.791206677231983f,0f,0f,0f,1f], start_interpolation: 0, interpolation_duration: 1 }
$data merge entity $(bone_left_knee) { transformation: [-1.3801521926468592f,-0.07548709169463713f,0.7757264547851767f,2.0439038229416324f,-0.5254935332984644f,1.2551818329834945f,-0.8128007265890673f,-0.35387068462304117f,-0.5755921995020341f,-0.964930139269007f,-1.1179773498317087f,-7.017381269402278f,0f,0f,0f,1f], start_interpolation: 0, interpolation_duration: 1 }
$data merge entity $(bone_left_thigh) { transformation: [-1.3963822600400173f,-0.599103639934281f,-0.512733289317301f,1.0036991360486254f,-0.5316731383489381f,-0.05477195712819328f,1.511961547190155f,0.5274170910551599f,-0.5823609459045437f,1.4865325004321137f,-0.15093332089145386f,-5.411318068051431f,0f,0f,0f,1f], start_interpolation: 0, interpolation_duration: 1 }
$data merge entity $(bone_left_leg) { transformation: [-0.8707506984302619f,-0.24170320877667464f,-0.4282204806525142f,0.6207777847017655f,-0.33153869810740777f,-0.3545592411985812f,0.8742824693072205f,0.6122000205271465f,-0.36314640689459715f,0.9032537314330592f,0.2285987397423666f,-5.156530438837414f,0f,0f,0f,1f], start_interpolation: 0, interpolation_duration: 1 }
$data merge entity $(bone_left_fingers2) { transformation: [-0.9266504063932209f,0.375291721821649f,0.021797886673262976f,-2.4631900676953222f,0.09717876049231294f,0.18312801392518974f,0.9782742044156092f,-2.6102072068408106f,0.36314640689459693f,0.9086364806939888f,-0.20616603287541438f,-8.9274115742425f,0f,0f,0f,1f], start_interpolation: 0, interpolation_duration: 1 }
$data merge entity $(bone_right_foot) { transformation: [-0.9266504063932209f,0.10250918510800303f,-0.3616778833434131f,-2.2952018248737462f,0.09717876049231294f,0.9947213562746082f,0.03295014234235283f,-1.6459521071566368f,0.36314640689459693f,-0.004614145608540621f,-0.9317206645877545f,-8.743498125489634f,0f,0f,0f,1f], start_interpolation: 0, interpolation_duration: 1 }
$data merge entity $(bone_right_knee) { transformation: [-1.4687540216806791f,-0.2488867843503179f,-0.5413750094958366f,-1.5377382865253124f,0.154029712079423f,1.2325725550409108f,-0.9845352471550615f,-0.8267814537286574f,0.5755921995020339f,-0.9649301392690075f,-1.1179773498317094f,-6.985657431523753f,0f,0f,0f,1f], start_interpolation: 0, interpolation_duration: 1 }
$data merge entity $(bone_right_thigh) { transformation: [-1.4860260130471765f,0.5931178134073881f,0.107897921560435f,-0.7681598980026412f,0.15584104319269929f,0.10067968061627718f,1.5928845484462222f,0.2768057540705583f,0.5823609459045432f,1.486532500432114f,-0.15093332089145386f,-5.400778706029647f,0f,0f,0f,1f], start_interpolation: 0, interpolation_duration: 1 }
$data merge entity $(bone_right_leg) { transformation: [-0.9266504063932209f,0.32453720458221696f,0.18972250044008657f,-0.4218863566135933f,0.09717876049231294f,-0.2807281594251182f,0.9548549570562864f,0.4762488950624933f,0.36314640689459693f,0.9032537314330593f,0.22859873974236666f,-5.156530438837414f,0f,0f,0f,1f], start_interpolation: 0, interpolation_duration: 1 }