# This file was generated by Animated Java via MC-Build. It is not recommended to edit this file directly.
$data merge entity $(bone_left) { transformation: [-11.633931989750312f,-1.7111839609336938f,0.4585101357743464f,9.682900811739556f,-1.7715479369084355f,11.237515739029707f,-3.0110817918474533f,-13.648212485195426f,-1.3839171682117065e-15f,-3.0457913752919907f,-11.36705373142474f,1.115066435776863f,0f,0f,0f,1f], start_interpolation: 0, interpolation_duration: 1 }
$data merge entity $(bone_left4) { transformation: [-11.633931989750312f,-1.7111839609336938f,0.4585101357743464f,9.682900811739556f,-1.7715479369084355f,11.237515739029707f,-3.0110817918474533f,-13.648212485195426f,-1.3839171682117065e-15f,-3.0457913752919907f,-11.36705373142474f,1.115066435776863f,0f,0f,0f,1f], start_interpolation: 0, interpolation_duration: 1 }
$data merge entity $(bone_mid) { transformation: [-11.232911333873247f,-1.6521995939162044f,0.4427053300099234f,9.369800441674679f,-1.71048282872295f,10.850159517928809f,-2.9072900560757478f,-13.52013643800718f,-1.336213659976938e-15f,-2.9408032031021927f,-10.975232346635673f,-0.14146878850771216f,0f,0f,0f,1f], start_interpolation: 0, interpolation_duration: 1 }
$data merge entity $(bone_teeth) { transformation: [-11.114771086273935f,-1.6348228637607605f,0.43804925147904505f,9.369800441674679f,-1.6924931144900663f,10.73604479790296f,-2.8767131239822783f,-13.52013643800718f,-1.3221602585084136e-15f,-2.909873802145589f,-10.859802194259991f,-0.14146878850771216f,0f,0f,0f,1f], start_interpolation: 0, interpolation_duration: 1 }
$data merge entity $(bone_skull) { transformation: [-11.815648954056863f,-1.7379119111249863f,0.46567186493436763f,9.369800441674679f,-1.7992187461844527f,11.413040853689363f,-3.0581135815274436f,-13.52013643800718f,-1.4055333532539354e-15f,-3.093365313588755f,-11.54460217325883f,-0.14146878850771216f,0f,0f,0f,1f], start_interpolation: 0, interpolation_duration: 1 }
$data merge entity $(bone_tonge) { transformation: [-11.711854175549421f,-1.7226451930139404f,0.4615811621497851f,9.82285739080573f,-1.7834134770898142f,11.312782793204388f,-3.031249528348523f,-14.567321298708812f,-1.393186420499495e-15f,-3.0661915909422044f,-11.443188410020841f,1.3641796528049919f,0f,0f,0f,1f], start_interpolation: 0, interpolation_duration: 1 }
$data merge entity $(bone_left3) { transformation: [-11.863466909750846f,-1.7449452442148028f,0.46755643993248663f,9.82285739080573f,-1.806500188162237f,11.459229453570538f,-3.0704897735010923f,-14.567321298708812f,-1.4112215496343158e-15f,-3.105884169394784f,-11.591323202071727f,1.3641796528049919f,0f,0f,0f,1f], start_interpolation: 0, interpolation_duration: 1 }
$data merge entity $(bone_left2) { transformation: [-11.863466909750846f,-1.7449452442148028f,0.46755643993248663f,9.82285739080573f,-1.806500188162237f,11.459229453570538f,-3.0704897735010923f,-14.567321298708812f,-1.4112215496343158e-15f,-3.105884169394784f,-11.591323202071727f,1.3641796528049919f,0f,0f,0f,1f], start_interpolation: 0, interpolation_duration: 1 }
$data merge entity $(bone_mid2) { transformation: [-12.026128118424852f,-1.7688703670016879f,0.47396715412095236f,9.82285739080573f,-1.8312692970839106f,11.616348121121126f,-3.1125895729592385f,-14.567321298708812f,-1.4305709526980736e-15f,-3.148469265036596f,-11.750253020523898f,1.3641796528049919f,0f,0f,0f,1f], start_interpolation: 0, interpolation_duration: 1 }
$data merge entity $(bone_teeth2) { transformation: [-10.526947509997822f,-1.5483624756075067f,0.4148822716473616f,9.409788035693584f,-1.6029827370239147f,10.168250805640046f,-2.72457325683306f,-13.782738956153862f,-1.2522355641054533e-15f,-2.755980176121951f,-10.285463081566567f,-0.07029358364253291f,0f,0f,0f,1f], start_interpolation: 0, interpolation_duration: 1 }
$data merge entity $(bone_neck) { transformation: [-0.9886040837445046f,-0.145409432796027f,0.03896232099896387f,0.17421851547566825f,-0.15053891723965795f,0.9549182478061181f,-0.2558694479675225f,1.8883199743286307f,-1.1759963572621733e-16f,-0.2588189267824727f,-0.9659258579928218f,-1.8315261179895808f,0f,0f,0f,1f], start_interpolation: 0, interpolation_duration: 1 }
$data merge entity $(bone_left_fingers_2) { transformation: [-0.8494894660630609f,0.04424314407435766f,-0.5257472693702855f,4.353439426651636f,-0.5274892333689238f,-0.09214514297559424f,0.8445498098430146f,-1.7655635536496557f,-0.011079518390297367f,0.994762191093139f,0.10161411045625567f,-4.932421561280732f,0f,0f,0f,1f], start_interpolation: 0, interpolation_duration: 1 }
$data merge entity $(bone_left_fingers) { transformation: [-0.8494894660630609f,0.04424314407435766f,-0.5257472693702855f,4.062376173686895f,-0.5274892333689238f,-0.09214514297559424f,0.8445498098430146f,-1.2721110488126128f,-0.011079518390297367f,0.994762191093139f,0.10161411045625567f,-4.867952705689155f,0f,0f,0f,1f], start_interpolation: 0, interpolation_duration: 1 }
$data merge entity $(bone_left_index_finger_2) { transformation: [-0.9962694316125534f,0.04424314407435766f,-0.07409294053292423f,3.6703851445770597f,-0.07791896088018688f,-0.09214514297559424f,0.992692252493873f,-1.9967040616246607f,0.037092521749696516f,0.994762191093139f,0.09524876903049906f,-4.923452589663687f,0f,0f,0f,1f], start_interpolation: 0, interpolation_duration: 1 }
$data merge entity $(bone_left_index_finger) { transformation: [-0.9962694316125534f,0.04424314407435766f,-0.07409294053292423f,3.6279396811013664f,-0.07791896088018688f,-0.09214514297559424f,0.992692252493873f,-1.425126803430818f,0.037092521749696516f,0.994762191093139f,0.09524876903049906f,-4.862804562955484f,0f,0f,0f,1f], start_interpolation: 0, interpolation_duration: 1 }
$data merge entity $(bone_left_thumb) { transformation: [-0.9615283113413787f,0.06770441778485911f,0.2662318882129078f,3.1158855305156807f,0.266300873917818f,-0.008170708392418777f,0.9638553232072606f,-0.7670763547074431f,0.06743256660993543f,0.997671965796764f,-0.01017337818117979f,-5.041392056880815f,0f,0f,0f,1f], start_interpolation: 0, interpolation_duration: 1 }
$data merge entity $(bone_left_hand) { transformation: [-0.9431457098193268f,0.04424314407435766f,-0.32942178776124376f,3.7113359190286124f,-0.3321915975429147f,-0.09214514297559424f,0.93870017319051f,-0.6286994298786766f,0.011176429272556528f,0.994762191093139f,0.10160349698850235f,-4.9101107663733305f,0f,0f,0f,1f], start_interpolation: 0, interpolation_duration: 1 }
$data merge entity $(bone_left_forearm) { transformation: [-1.8875450174779551f,0.11006877028433955f,-0.6560313301610939f,3.091116393261916f,-0.6648247330842303f,-0.24578166596327577f,1.8716083672356496f,1.1237888401137157f,0.022367713882354496f,1.9831274976246747f,0.26837184444584916f,-3.7402833651425698f,0f,0f,0f,1f], start_interpolation: 0, interpolation_duration: 1 }
$data merge entity $(bone_left_bicep) { transformation: [-2.3286137892904075f,-0.43366343371398225f,-0.6966971718580673f,1.6182956643293591f,-0.8201764866989902f,1.3003305909369776f,1.9319275316710651f,2.8087844246979348f,0.027594450198039567f,2.0535261097005684f,-1.370460567030434f,-0.45580874674076766f,0f,0f,0f,1f], start_interpolation: 0, interpolation_duration: 1 }
$data merge entity $(bone_left_shoulder) { transformation: [-1.162688024332037f,-0.2165302306844131f,-0.3478642366676939f,1.6486444172231083f,-0.40951805031362926f,0.6492612955863907f,0.9646206748761832f,1.3350139311239464f,0.013778041223857994f,1.0253354276191835f,-0.6842775287314331f,-2.1296106494452047f,0f,0f,0f,1f], start_interpolation: 0, interpolation_duration: 1 }
$data merge entity $(bone_right_fingers_2) { transformation: [-0.9679927339934012f,-0.014811166061497879f,0.25054080764593784f,-2.728017928026685f,0.25073354623627686f,-0.1011375920786916f,0.9627584724427539f,-2.84388997488606f,0.011079518390297138f,0.994762191093139f,0.10161411045625571f,-4.932423281042077f,0f,0f,0f,1f], start_interpolation: 0, interpolation_duration: 1 }
$data merge entity $(bone_right_fingers) { transformation: [-0.9679927339934012f,-0.014811166061497879f,0.25054080764593784f,-2.5970204139032314f,0.25073354623627686f,-0.1011375920786916f,0.9627584724427539f,-2.286165028029876f,0.011079518390297138f,0.994762191093139f,0.10161411045625571f,-4.867954044397585f,0f,0f,0f,1f], start_interpolation: 0, interpolation_duration: 1 }
$data merge entity $(bone_right_index_finger_2) { transformation: [-0.9743069119792488f,-0.014811166061497879f,-0.2247368920078742f,-2.0071232942105075f,-0.2221490177779511f,-0.1011375920786916f,0.9697530620569423f,-2.8612448775629886f,-0.03709252174969674f,0.994762191093139f,0.09524876903049899f,-4.923454245883046f,0f,0f,0f,1f], start_interpolation: 0, interpolation_duration: 1 }
$data merge entity $(bone_right_index_finger) { transformation: [-0.9743069119792488f,-0.014811166061497879f,-0.2247368920078742f,-2.136729754532845f,-0.2221490177779511f,-0.1011375920786916f,0.9697530620569423f,-2.3029399923105207f,-0.03709252174969674f,0.994762191093139f,0.09524876903049899f,-4.862806219174843f,0f,0f,0f,1f], start_interpolation: 0, interpolation_duration: 1 }
$data merge entity $(bone_right_thumb) { transformation: [-0.8386844715525072f,-0.062203802394455644f,-0.5410536425756354f,-1.843750506005469f,-0.5404268739959998f,-0.02795238148874321f,0.8409265474653655f,-1.522303709442886f,-0.06743256660993563f,0.997671965796764f,-0.010173378181179915f,-5.041393713100174f,0f,0f,0f,1f], start_interpolation: 0, interpolation_duration: 1 }
$data merge entity $(bone_right_hand) { transformation: [-0.9992743968014928f,-0.014811166061497879f,0.0350900164849119f,-2.4534001877157583f,0.03641108795035097f,-0.1011375920786916f,0.9942059244154583f,-1.567432459656146f,-0.011176429272556763f,0.994762191093139f,0.10160349698850235f,-4.9101124225926895f,0f,0f,0f,1f], start_interpolation: 0, interpolation_duration: 1 }
$data merge entity $(bone_right_forearm) { transformation: [-1.9998790776437274f,-0.03192393350010618f,0.06921928560247105f,-2.382913775889606f,0.07287064816153584f,-0.2674037676929277f,1.982047392442145f,0.29023600766025703f,-0.022367737166582614f,1.9831295620105278f,0.2683721238141902f,-3.7402876988881983f,0f,0f,0f,1f], start_interpolation: 0, interpolation_duration: 1 }
$data merge entity $(bone_right_bicep) { transformation: [-2.4671947456799295f,0.026968893051814664f,0.09008811456551248f,-1.478380656736496f,0.08989847549695723f,1.3704730199003083f,2.051734648661399f,2.337240448620835f,-0.02759445019804015f,2.0535261097005684f,-1.370460567030434f,-0.4558087467407683f,0f,0f,0f,1f], start_interpolation: 0, interpolation_duration: 1 }
$data merge entity $(bone_right_shoulder) { transformation: [-1.2318821599742882f,0.013465697542910946f,0.04498142732887122f,-1.068690847846957f,0.0448867396331405f,0.6842837465090388f,1.0244409425371666f,0.9212338190376348f,-0.013778041223858284f,1.0253354276191835f,-0.6842775287314331f,-2.129610649445205f,0f,0f,0f,1f], start_interpolation: 0, interpolation_duration: 1 }
$data merge entity $(bone_chest) { transformation: [-4.021132281569517f,-0.5753877133361526f,0.20942392099836882f,0.22877981870854805f,-0.6123147877885502f,3.778628500661755f,-1.3753077764148522f,1.5300104542423696f,-4.783347543218531e-16f,-1.3911613344804747f,-3.8221858100662125f,-1.6426664369411654f,0f,0f,0f,1f], start_interpolation: 0, interpolation_duration: 1 }
$data merge entity $(bone_weist) { transformation: [-1.087464492118955f,-0.16503123640299489f,-0.01362605562009822f,0.3388166089003035f,-0.16559280896362372f,1.0837765891039974f,0.08948366627291136f,0.8073878783637072f,-1.2935959929883905e-16f,0.09051516956512756f,-1.0962695854937305f,-4.184385360263687f,0f,0f,0f,1f], start_interpolation: 0, interpolation_duration: 1 }
$data merge entity $(bone_right_fingers2) { transformation: [-0.8455159709982215f,-0.36647245016365293f,-0.38833064012254226f,3.9230111520875846f,-0.36978598184381906f,-0.12274397965721506f,0.9209735300700621f,-1.7304030232416237f,-0.38517667429211905f,0.9222970555786015f,-0.03173437965842035f,-9.070345701596475f,0f,0f,0f,1f], start_interpolation: 0, interpolation_duration: 1 }
$data merge entity $(bone_left_foot) { transformation: [-0.8455159709982215f,-0.4502360311944116f,0.2870370341980967f,3.430364614431277f,-0.36978598184381906f,0.88154447183374f,0.2934922005968384f,-0.9274377987533589f,-0.38517667429211905f,0.14201007145155953f,-0.911850902937309f,-8.747269331641704f,0f,0f,0f,1f], start_interpolation: 0, interpolation_duration: 1 }
$data merge entity $(bone_left_knee) { transformation: [-1.3401547921751036f,-0.14711582511223603f,0.8334338459324041f,2.4448452303763206f,-0.586116019857196f,1.287313129539943f,-0.715236203162888f,-0.4911931589604942f,-0.6105104854225611f,-0.912935785830335f,-1.1428451805356161f,-6.961047845718861f,0f,0f,0f,1f], start_interpolation: 0, interpolation_duration: 1 }
$data merge entity $(bone_left_thigh) { transformation: [-1.3559145052778678f,-0.6383832231517492f,-0.5706721723429039f,1.321992664725438f,-0.5930085224037799f,-0.0708963385991194f,1.4882938604458575f,0.3552429105996663f,-0.6176898576508043f,1.469402798106337f,-0.17612118039493824f,-5.3876199884956195f,0f,0f,0f,1f], start_interpolation: 0, interpolation_duration: 1 }
$data merge entity $(bone_left_leg) { transformation: [-0.8455159709982215f,-0.2523629125076068f,-0.47054830057881664f,0.9287782230059843f,-0.36978598184381906f,-0.3589599034388583f,0.8569749794217842f,0.4254702851486203f,-0.38517667429211905f,0.8985881971814691f,0.210186063922943f,-5.1443420381284f,0f,0f,0f,1f], start_interpolation: 0, interpolation_duration: 1 }
$data merge entity $(bone_left_fingers2) { transformation: [-0.9172594688553642f,0.38639682794625707f,0.09660516626063802f,-2.3115334107534378f,0.10136072403272345f,-0.00810139642977259f,0.9948167524722578f,-2.713361747169218f,0.3851766742921188f,0.9222970555786014f,-0.03173437965842027f,-9.023973970827809f,0f,0f,0f,1f], start_interpolation: 0, interpolation_duration: 1 }
$data merge entity $(bone_right_foot) { transformation: [-0.9172594688553642f,0.16744069373821113f,-0.3613843948977895f,-2.080215561743478f,0.10136072403272345f,0.9756007142713606f,0.19475433226701916f,-1.8001554092960936f,0.3851766742921188f,0.14201007145155958f,-0.9118509029373089f,-8.700897600873038f,0f,0f,0f,1f], start_interpolation: 0, interpolation_duration: 1 }
$data merge entity $(bone_right_knee) { transformation: [-1.4538692526448944f,-0.24271664602449736f,-0.5827715971891753f,-1.272455360244121f,0.16065818353545713f,1.2727555889592448f,-0.9308877845208411f,-1.063072213925336f,0.6105104854225608f,-0.9129357858303347f,-1.1428451805356161f,-6.9295804947981425f,0f,0f,0f,1f], start_interpolation: 0, interpolation_duration: 1 }
$data merge entity $(bone_right_thigh) { transformation: [-1.4709662047614676f,0.6305512525249114f,0.10182119573065193f,-0.4628192116852615f,0.16254746296415704f,0.12232967083926169f,1.59069726454388f,0.06394282368445187f,0.617689857650804f,1.469402798106337f,-0.17612118039493815f,-5.3768657841151954f,0f,0f,0f,1f], start_interpolation: 0, interpolation_duration: 1 }
$data merge entity $(bone_right_leg) { transformation: [-0.9172594688553642f,0.34776809144178045f,0.19414536144372935f,-0.11072908501052495f,0.10136072403272345f,-0.26757542200489526f,0.9581906893528362f,0.26718011906029226f,0.3851766742921188f,0.8985881971814691f,0.21018606392294306f,-5.1443420381284f,0f,0f,0f,1f], start_interpolation: 0, interpolation_duration: 1 }
execute on vehicle unless entity @s[tag=aj.transforms_only] at @s run function animated_java:jaw/animations/run/zzz/frames/zzz/9