# This file was generated by Animated Java via MC-Build. It is not recommended to edit this file directly.
$data merge entity $(bone_left) { transformation: [-11.606335802612278f,-1.8921782620392213f,0.44652692703440916f,9.92499387057713f,-1.9441514529224728f,11.296062492774452f,-2.6657087092054623f,-13.479021784551184f,-1.4213661990498452e-15f,-2.7028483529233833f,-11.453443430514666f,0.5609231705868327f,0f,0f,0f,1f], start_interpolation: 0, interpolation_duration: 1 }
$data merge entity $(bone_left4) { transformation: [-11.606335802612278f,-1.8921782620392213f,0.44652692703440916f,9.92499387057713f,-1.9441514529224728f,11.296062492774452f,-2.6657087092054623f,-13.479021784551184f,-1.4213661990498452e-15f,-2.7028483529233833f,-11.453443430514666f,0.5609231705868327f,0f,0f,0f,1f], start_interpolation: 0, interpolation_duration: 1 }
$data merge entity $(bone_mid) { transformation: [-11.20626638498171f,-1.8269550367059624f,0.43113518146602614f,9.603800915110126f,-1.8771367160766497f,10.906688170002779f,-2.573821954505109f,-13.318449034944905f,-1.3723718258760432e-15f,-2.6096813978319737f,-11.058644200073708f,-0.689823631491137f,0f,0f,0f,1f], start_interpolation: 0, interpolation_duration: 1 }
$data merge entity $(bone_teeth) { transformation: [-11.088406371131759f,-1.8077403456989758f,0.42660079001814066f,9.603800915110126f,-1.8573942477330856f,10.791978919427015f,-2.5467522168437036f,-13.318449034944905f,-1.3579381370051626e-15f,-2.582234514532408f,-10.942336777618616f,-0.689823631491137f,0f,0f,0f,1f], start_interpolation: 0, interpolation_duration: 1 }
$data merge entity $(bone_skull) { transformation: [-11.787621726462552f,-1.921733264596185f,0.45350148367899956f,9.603800915110126f,-1.9745182541456956f,11.472502082296938f,-2.707345921352578f,-13.318449034944905f,-1.443567321687216e-15f,-2.74506567017321f,-11.632341241923877f,-0.689823631491137f,0f,0f,0f,1f], start_interpolation: 0, interpolation_duration: 1 }
$data merge entity $(bone_tonge) { transformation: [-11.684073153634683f,-1.9048517645342984f,0.4495176918251381f,10.079753851142803f,-1.957173063403753f,11.371721683591092f,-2.6835631929267025f,-14.402919097464176f,-1.4308862788602235e-15f,-2.7209515919425615f,-11.530156733275799f,0.7819873097127028f,0f,0f,0f,1f], start_interpolation: 0, interpolation_duration: 1 }
$data merge entity $(bone_left3) { transformation: [-11.835326255908639f,-1.9295105230827418f,0.4553368051190693f,10.079753851142803f,-1.9825091335938603f,11.518931321892962f,-2.718302555881829f,-14.402919097464176f,-1.4494094416163142e-15f,-2.756174956603758f,-11.679417350928675f,0.7819873097127028f,0f,0f,0f,1f], start_interpolation: 0, interpolation_duration: 1 }
$data merge entity $(bone_left2) { transformation: [-11.835326255908639f,-1.9295105230827418f,0.4553368051190693f,10.079753851142803f,-1.9825091335938603f,11.518931321892962f,-2.718302555881829f,-14.402919097464176f,-1.4494094416163142e-15f,-2.756174956603758f,-11.679417350928675f,0.7819873097127028f,0f,0f,0f,1f], start_interpolation: 0, interpolation_duration: 1 }
$data merge entity $(bone_mid2) { transformation: [-11.997601625198453f,-1.9559662392929744f,0.4615799746442906f,10.079753851142803f,-2.009691519175649f,11.676868567868837f,-2.7555734803632683f,-14.402919097464176f,-1.4692824427744367e-15f,-2.793965153446614f,-11.83955503726965f,0.7819873097127028f,0f,0f,0f,1f], start_interpolation: 0, interpolation_duration: 1 }
$data merge entity $(bone_teeth2) { transformation: [-10.501977137665055f,-1.7121349223628466f,0.40403928154583757f,9.648018052414605f,-1.7591627933214447f,10.22122675599756f,-2.412062893566237f,-13.582419695777187f,-1.2861212686360191e-15f,-2.445668649582606f,-10.363632683084383f,-0.6266624488837456f,0f,0f,0f,1f], start_interpolation: 0, interpolation_duration: 1 }
$data merge entity $(bone_neck) { transformation: [-0.9862590723309539f,-0.160789590198103f,0.03794403680174647f,0.17322116201823726f,-0.16520605995206772f,0.9598933121173958f,-0.2265210522388804f,1.9944113986340124f,-1.2078190160601405e-16f,-0.22967702766324255f,-0.9732669022235259f,-1.8797902745246327f,0f,0f,0f,1f], start_interpolation: 0, interpolation_duration: 1 }
$data merge entity $(bone_left_fingers_2) { transformation: [-0.7368414887108797f,-0.2555789435885054f,-0.6258945790694453f,5.216696512681205f,-0.6728537189227315f,0.3673660653856985f,0.6421137336445008f,-1.4114026599407716f,0.0658216791504477f,0.894271534600769f,-0.44265780119252524f,-2.0398245090369924f,0f,0f,0f,1f], start_interpolation: 0, interpolation_duration: 1 }
$data merge entity $(bone_left_fingers) { transformation: [-0.7368414887108797f,-0.2555789435885054f,-0.6258945790694453f,4.864632981337521f,-0.6728537189227315f,0.3673660653856985f,0.6421137336445008f,-1.0299617472838696f,0.0658216791504477f,0.894271534600769f,-0.44265780119252524f,-2.2906701291840084f,0f,0f,0f,1f], start_interpolation: 0, interpolation_duration: 1 }
$data merge entity $(bone_left_index_finger_2) { transformation: [-0.9425923367383604f,-0.2555789435885054f,-0.21493973647583448f,4.596223399552367f,-0.30033341177919887f,0.3673660653856985f,0.880251109497794f,-1.777964156985043f,-0.14601208337388966f,0.894271534600769f,-0.423035334117142f,-2.0665698620557174f,0f,0f,0f,1f], start_interpolation: 0, interpolation_duration: 1 }
$data merge entity $(bone_left_index_finger) { transformation: [-0.9425923367383604f,-0.2555789435885054f,-0.21493973647583448f,4.470870563162789f,-0.30033341177919887f,0.3673660653856985f,0.880251109497794f,-1.2685312040039787f,-0.14601208337388966f,0.894271534600769f,-0.423035334117142f,-2.305201577097404f,0f,0f,0f,1f], start_interpolation: 0, interpolation_duration: 1 }
$data merge entity $(bone_left_thumb) { transformation: [-0.9592607827182298f,-0.24411211531098942f,0.14222526462342638f,3.9663733074984893f,0.018842519808645708f,0.447012992252504f,0.894328991034465f,-0.9067774271335686f,-0.28189308289858805f,0.8605746103132821f,-0.42420234546507724f,-2.8897869542073495f,0f,0f,0f,1f], start_interpolation: 0, interpolation_duration: 1 }
$data merge entity $(bone_left_hand) { transformation: [-0.8548437843684815f,-0.2555789435885054f,-0.45157669107335113f,4.471538167851198f,-0.5179255505456911f,0.3673660653856985f,0.7725252734344513f,-0.580777778039113f,-0.031547241060288195f,0.894271534600769f,-0.44641146264883225f,-2.718098840472884f,0f,0f,0f,1f], start_interpolation: 0, interpolation_duration: 1 }
$data merge entity $(bone_left_forearm) { transformation: [-1.710823798600353f,-0.759587875539933f,-0.7081148373153086f,3.4037473876860354f,-1.0365395104689827f,1.1661066076696962f,1.2534351423733465f,1.1959630844446982f,-0.06313641366181903f,1.4382420075329816f,-1.3902489541043068f,-3.4565208756763903f,0f,0f,0f,1f], start_interpolation: 0, interpolation_duration: 1 }
$data merge entity $(bone_left_bicep) { transformation: [-2.110597549503746f,-1.053949768004713f,-0.7283275178384089f,1.0335685398675019f,-1.2787510628209913f,1.647791041559144f,1.3211636936355315f,3.2891752884855743f,-0.07788970440328698f,1.5066080022916732f,-1.9544714436562447f,-1.0489348187104874f,0f,0f,0f,1f], start_interpolation: 0, interpolation_duration: 1 }
$data merge entity $(bone_left_shoulder) { transformation: [-1.0538314710144954f,-0.5262421699735901f,-0.363657419996746f,1.6520412517529368f,-0.6384865337832153f,0.822749963705337f,0.6596633636015721f,1.4849243079634666f,-0.03889070267683188f,0.7522565956122497f,-0.9758769581668318f,-2.205093643425589f,0f,0f,0f,1f], start_interpolation: 0, interpolation_duration: 1 }
$data merge entity $(bone_right_fingers_2) { transformation: [-0.9158843509836876f,0.12191359337166983f,0.3824825896356546f,-3.4850923668511804f,0.396009295568936f,0.43059899924871253f,0.8110247466440235f,-2.8690206846292807f,-0.0658216791504479f,0.8942715346007691f,-0.4426578011925251f,-2.039824208218126f,0f,0f,0f,1f], start_interpolation: 0, interpolation_duration: 1 }
$data merge entity $(bone_right_fingers) { transformation: [-0.9158843509836876f,0.12191359337166983f,0.3824825896356546f,-3.2765460652121594f,0.396009295568936f,0.43059899924871253f,0.8110247466440235f,-2.393670466728845f,-0.0658216791504479f,0.8942715346007691f,-0.4426578011925251f,-2.2906714883318964f,0f,0f,0f,1f], start_interpolation: 0, interpolation_duration: 1 }
$data merge entity $(bone_right_index_finger_2) { transformation: [-0.9890101466117438f,0.12191359337166983f,-0.08364212844150096f,-2.779035454481763f,-0.023225016853250013f,0.43059899924871253f,0.9022444793060104f,-3.01337794187472f,0.14601208337388943f,0.8942715346007691f,-0.42303533411714195f,-2.0665698261677843f,0f,0f,0f,1f], start_interpolation: 0, interpolation_duration: 1 }
$data merge entity $(bone_right_index_finger) { transformation: [-0.9890101466117438f,0.12191359337166983f,-0.08364212844150096f,-2.8265350488325f,-0.023225016853250013f,0.43059899924871253f,0.9022444793060104f,-2.4909039657664023f,0.14601208337388943f,0.8942715346007691f,-0.42303533411714195f,-2.305201541209471f,0f,0f,0f,1f], start_interpolation: 0, interpolation_duration: 1 }
$data merge entity $(bone_right_thumb) { transformation: [-0.9007582438958188f,0.0851179949129671f,-0.42589847733434905f,-2.4674617319917704f,-0.33041016308166254f,0.5021615945352044f,0.7991638487232832f,-1.9844954062160989f,0.28189308289858783f,0.8605746103132822f,-0.42420234546507724f,-2.889786918319416f,0f,0f,0f,1f], start_interpolation: 0, interpolation_duration: 1 }
$data merge entity $(bone_right_hand) { transformation: [-0.9769586188877928f,0.12191359337166983f,0.17518256971532237f,-3.0512857622272467f,0.21108441098844957f,0.43059899924871253f,0.8775123208728564f,-1.8409098600616027f,0.03154724106028797f,0.8942715346007691f,-0.44641146264883214f,-2.718098804584951f,0f,0f,0f,1f], start_interpolation: 0, interpolation_duration: 1 }
$data merge entity $(bone_right_forearm) { transformation: [-1.9552178139369798f,0.3381238644101687f,0.2610025375478069f,-2.620771631264095f,0.4224498280990275f,1.3499832020109594f,1.4157712630414214f,0.18680884295824507f,0.06313647938523745f,1.4382435047067426f,-1.3902504013185057f,-3.456525256370398f,0f,0f,0f,1f], start_interpolation: 0, interpolation_duration: 1 }
$data merge entity $(bone_right_bicep) { transformation: [-2.4120973968529507f,0.4594498955920615f,0.25804078015834303f,-1.0620904558668092f,0.5211645083198309f,1.901297247554995f,1.486388049735537f,2.9381361189597457f,0.07788970440328642f,1.5066080022916735f,-1.9544714436562443f,-1.0489348187104874f,0f,0f,0f,1f], start_interpolation: 0, interpolation_duration: 1 }
$data merge entity $(bone_right_shoulder) { transformation: [-1.2043717896637636f,0.2294055346757519f,0.12884099813341135f,-1.0588483771764228f,0.26021993656363757f,0.9493268272285253f,0.7421606764015566f,1.0308292257231912f,0.038890702676831604f,0.7522565956122498f,-0.9758769581668317f,-2.205093643425589f,0f,0f,0f,1f], start_interpolation: 0, interpolation_duration: 1 }
$data merge entity $(bone_chest) { transformation: [-4.01159398282007f,-0.6380692051704818f,0.21075016403295255f,0.2340089326103618f,-0.6719731707641362f,3.809191639561963f,-1.25815155529429f,1.63151617402391f,-4.912785730539382e-16f,-1.2756805900104295f,-3.86226271212817f,-1.7019068013680496f,0f,0f,0f,1f], start_interpolation: 0, interpolation_duration: 1 }
$data merge entity $(bone_weist) { transformation: [-1.0848849795640492f,-0.18170489259020545f,-0.00281302774500807f,0.34209441514728284f,-0.18172666594727446f,1.0847549954039608f,0.01679341626474218f,0.986259651531723f,-1.3286009176661543e-16f,0.01702738837682077f,-1.0998682048523198f,-4.264442287207625f,0f,0f,0f,1f], start_interpolation: 0, interpolation_duration: 1 }
$data merge entity $(bone_right_fingers2) { transformation: [-0.8350460699384851f,-0.26573633576352f,-0.4817491680690984f,3.989155410766045f,-0.36812357903382464f,-0.380875748810374f,0.848185530722768f,-1.0994233139245733f,-0.40888029010899785f,0.8856172219548998f,0.22022498617837935f,-9.385077617281464f,0f,0f,0f,1f], start_interpolation: 0, interpolation_duration: 1 }
$data merge entity $(bone_left_foot) { transformation: [-0.8350460699384851f,-0.5231223814599288f,0.17041430425871942f,3.4487193638760365f,-0.36812357903382464f,0.761441770669183f,0.5335648605741443f,-0.46172718317167916f,-0.40888029010899785f,0.3828177162774361f,-0.8284126414200292f,-8.843686236051509f,0f,0f,0f,1f], start_interpolation: 0, interpolation_duration: 1 }
$data merge entity $(bone_left_knee) { transformation: [-1.323559850671823f,-0.2620591504773733f,0.8317356742828137f,2.5086070863200023f,-0.5834810878526484f,1.3896268245495549f,-0.49066996764081255f,-0.34760670492549817f,-0.6480810522935381f,-0.7159135413424051f,-1.256872570913497f,-6.987196042849251f,0f,0f,0f,1f], start_interpolation: 0, interpolation_duration: 1 }
$data merge entity $(bone_left_thigh) { transformation: [-1.3391244135437512f,-0.6864456814143683f,-0.5542942765623495f,1.34071309940383f,-0.5903426045961896f,-0.05162405250404588f,1.4901458250496005f,0.5222808953144209f,-0.6557022401675947f,1.4483892077690073f,-0.20958837889676846f,-5.45942058574627f,0f,0f,0f,1f], start_interpolation: 0, interpolation_duration: 1 }
$data merge entity $(bone_left_leg) { transformation: [-0.8350460699384851f,-0.28401907320845576f,-0.47120189636089177f,0.9402693495728461f,-0.36812357903382464f,-0.34806190231433687f,0.8621704835568494f,0.5975907616809826f,-0.40888029010899785f,0.8934126024470073f,0.18609360587953333f,-5.22984081813421f,0f,0f,0f,1f], start_interpolation: 0, interpolation_duration: 1 }
$data merge entity $(bone_left_fingers2) { transformation: [-0.9094253234705977f,0.3753475529889843f,0.1790524936871316f,-2.4100462705617156f,0.0759110623742069f,-0.27348921485511424f,0.9588749449053049f,-2.2060680064161837f,0.4088802901089976f,0.8856172219548998f,0.22022498617837935f,-9.343154775114009f,0f,0f,0f,1f], start_interpolation: 0, interpolation_duration: 1 }
$data merge entity $(bone_right_foot) { transformation: [-0.9094253234705977f,0.2464346636700987f,-0.33498587667572494f,-2.106917793575151f,0.0759110623742069f,0.8903485568281295f,0.4489064022302258f,-1.4270682616183328f,0.4088802901089976f,0.3828177162774361f,-0.8284126414200292f,-8.801763393884054f,0f,0f,0f,1f], start_interpolation: 0, interpolation_duration: 1 }
$data merge entity $(bone_right_knee) { transformation: [-1.441452021226313f,-0.205086036740195f,-0.6264389009079843f,-1.2577080450994325f,0.1203201092698349f,1.3991702639031465f,-0.7349255421119333f,-0.9835799698125796f,0.6480810522935377f,-0.715913541342405f,-1.256872570913497f,-6.956032929304218f,0f,0f,0f,1f], start_interpolation: 0, interpolation_duration: 1 }
$data merge entity $(bone_right_thigh) { transformation: [-1.4584029514013688f,0.66579813015202f,0.03844079526962254f,-0.44741982955072346f,0.12173502821327147f,0.174887295752008f,1.5894335563972377f,0.2033537346508862f,0.6557022401675944f,1.4483892077690073f,-0.20958837889676837f,-5.448370750499044f,0f,0f,0f,1f], start_interpolation: 0, interpolation_duration: 1 }
$data merge entity $(bone_right_leg) { transformation: [-0.9094253234705977f,0.3819391952100455f,0.1645236523807487f,-0.09677220239242865f,0.0759110623742069f,-0.23650871643803684f,0.9686594539145584f,0.4238782417019826f,0.4088802901089976f,0.8934126024470073f,0.18609360587953339f,-5.22984081813421f,0f,0f,0f,1f], start_interpolation: 0, interpolation_duration: 1 }