# This file was generated by Animated Java via MC-Build. It is not recommended to edit this file directly.
$data merge entity $(bone_neck) {transformation: [-0.9863f,-0.1608f,0.0379f,0.1732f,-0.1652f,0.9599f,-0.2265f,2.2819f,0f,-0.2297f,-0.9733f,-0.9923f,0f,0f,0f,1f],start_interpolation: 0,interpolation_duration: 1}
$data merge entity $(bone_left_fingers_2) {transformation: [-0.7368f,-0.2556f,-0.6259f,5.2167f,-0.6729f,0.3674f,0.6421f,-1.1239f,0.0658f,0.8943f,-0.4427f,-1.1523f,0f,0f,0f,1f],start_interpolation: 0,interpolation_duration: 1}
$data merge entity $(bone_left_fingers) {transformation: [-0.7368f,-0.2556f,-0.6259f,4.8646f,-0.6729f,0.3674f,0.6421f,-0.7425f,0.0658f,0.8943f,-0.4427f,-1.4032f,0f,0f,0f,1f],start_interpolation: 0,interpolation_duration: 1}
$data merge entity $(bone_left_index_finger_2) {transformation: [-0.9426f,-0.2556f,-0.2149f,4.5962f,-0.3003f,0.3674f,0.8803f,-1.4905f,-0.146f,0.8943f,-0.423f,-1.1791f,0f,0f,0f,1f],start_interpolation: 0,interpolation_duration: 1}
$data merge entity $(bone_left_index_finger) {transformation: [-0.9426f,-0.2556f,-0.2149f,4.4709f,-0.3003f,0.3674f,0.8803f,-0.981f,-0.146f,0.8943f,-0.423f,-1.4177f,0f,0f,0f,1f],start_interpolation: 0,interpolation_duration: 1}
$data merge entity $(bone_left_thumb) {transformation: [-0.9593f,-0.2441f,0.1422f,3.9664f,0.0188f,0.447f,0.8943f,-0.6193f,-0.2819f,0.8606f,-0.4242f,-2.0023f,0f,0f,0f,1f],start_interpolation: 0,interpolation_duration: 1}
$data merge entity $(bone_left_hand) {transformation: [-0.8548f,-0.2556f,-0.4516f,4.4715f,-0.5179f,0.3674f,0.7725f,-0.2933f,-0.0315f,0.8943f,-0.4464f,-1.8306f,0f,0f,0f,1f],start_interpolation: 0,interpolation_duration: 1}
$data merge entity $(bone_left_forearm) {transformation: [-1.7108f,-0.7596f,-0.7081f,3.4037f,-1.0365f,1.1661f,1.2534f,1.4835f,-0.0631f,1.4382f,-1.3902f,-2.569f,0f,0f,0f,1f],start_interpolation: 0,interpolation_duration: 1}
$data merge entity $(bone_left_bicep) {transformation: [-1.1029f,-0.5507f,-0.3806f,2.0405f,-0.6682f,0.861f,0.6904f,1.9175f,-0.0407f,0.7873f,-1.0213f,-1.3967f,0f,0f,0f,1f],start_interpolation: 0,interpolation_duration: 1}
$data merge entity $(bone_left_shoulder) {transformation: [-1.0538f,-0.5262f,-0.3637f,1.652f,-0.6385f,0.8227f,0.6597f,1.7724f,-0.0389f,0.7523f,-0.9759f,-1.3176f,0f,0f,0f,1f],start_interpolation: 0,interpolation_duration: 1}
$data merge entity $(bone_right_fingers_2) {transformation: [-0.9159f,0.1219f,0.3825f,-3.4851f,0.396f,0.4306f,0.811f,-2.5815f,-0.0658f,0.8943f,-0.4427f,-1.1523f,0f,0f,0f,1f],start_interpolation: 0,interpolation_duration: 1}
$data merge entity $(bone_right_fingers) {transformation: [-0.9159f,0.1219f,0.3825f,-3.2765f,0.396f,0.4306f,0.811f,-2.1062f,-0.0658f,0.8943f,-0.4427f,-1.4032f,0f,0f,0f,1f],start_interpolation: 0,interpolation_duration: 1}
$data merge entity $(bone_right_index_finger_2) {transformation: [-0.989f,0.1219f,-0.0836f,-2.779f,-0.0232f,0.4306f,0.9022f,-2.7259f,0.146f,0.8943f,-0.423f,-1.1791f,0f,0f,0f,1f],start_interpolation: 0,interpolation_duration: 1}
$data merge entity $(bone_right_index_finger) {transformation: [-0.989f,0.1219f,-0.0836f,-2.8265f,-0.0232f,0.4306f,0.9022f,-2.2034f,0.146f,0.8943f,-0.423f,-1.4177f,0f,0f,0f,1f],start_interpolation: 0,interpolation_duration: 1}
$data merge entity $(bone_right_thumb) {transformation: [-0.9008f,0.0851f,-0.4259f,-2.4675f,-0.3304f,0.5022f,0.7992f,-1.697f,0.2819f,0.8606f,-0.4242f,-2.0023f,0f,0f,0f,1f],start_interpolation: 0,interpolation_duration: 1}
$data merge entity $(bone_right_hand) {transformation: [-0.977f,0.1219f,0.1752f,-3.0513f,0.2111f,0.4306f,0.8775f,-1.5534f,0.0315f,0.8943f,-0.4464f,-1.8306f,0f,0f,0f,1f],start_interpolation: 0,interpolation_duration: 1}
$data merge entity $(bone_right_forearm) {transformation: [-1.9552f,0.3381f,0.261f,-2.6208f,0.4224f,1.35f,1.4158f,0.4743f,0.0631f,1.4382f,-1.3903f,-2.569f,0f,0f,0f,1f],start_interpolation: 0,interpolation_duration: 1}
$data merge entity $(bone_right_bicep) {transformation: [-1.2604f,0.2401f,0.1348f,-1.4734f,0.2723f,0.9935f,0.7767f,1.3289f,0.0407f,0.7873f,-1.0213f,-1.3967f,0f,0f,0f,1f],start_interpolation: 0,interpolation_duration: 1}
$data merge entity $(bone_right_shoulder) {transformation: [-1.2044f,0.2294f,0.1288f,-1.0588f,0.2602f,0.9493f,0.7422f,1.3183f,0.0389f,0.7523f,-0.9759f,-1.3176f,0f,0f,0f,1f],start_interpolation: 0,interpolation_duration: 1}
$data merge entity $(bone_chest) {transformation: [-4.0116f,-0.6381f,0.2108f,0.234f,-0.672f,3.8092f,-1.2582f,1.919f,0f,-1.2757f,-3.8623f,-0.8144f,0f,0f,0f,1f],start_interpolation: 0,interpolation_duration: 1}
$data merge entity $(bone_weist) {transformation: [-1.0849f,-0.1817f,-0.0028f,0.3421f,-0.1817f,1.0848f,0.0168f,1.2738f,0f,0.017f,-1.0999f,-3.3769f,0f,0f,0f,1f],start_interpolation: 0,interpolation_duration: 1}
$data merge entity $(bone_right_fingers2) {transformation: [-0.835f,-0.2657f,-0.4817f,3.9892f,-0.3681f,-0.3809f,0.8482f,-0.8119f,-0.4089f,0.8856f,0.2202f,-8.4976f,0f,0f,0f,1f],start_interpolation: 0,interpolation_duration: 1}
$data merge entity $(bone_left_foot) {transformation: [-0.835f,-0.5231f,0.1704f,3.4487f,-0.3681f,0.7614f,0.5336f,-0.1742f,-0.4089f,0.3828f,-0.8284f,-7.9562f,0f,0f,0f,1f],start_interpolation: 0,interpolation_duration: 1}
$data merge entity $(bone_left_knee) {transformation: [-1.3236f,-0.2621f,0.8317f,2.5086f,-0.5835f,1.3896f,-0.4907f,-0.0601f,-0.6481f,-0.7159f,-1.2569f,-6.0997f,0f,0f,0f,1f],start_interpolation: 0,interpolation_duration: 1}
$data merge entity $(bone_left_thigh) {transformation: [-1.3391f,-0.6864f,-0.5543f,1.3407f,-0.5903f,-0.0516f,1.4901f,0.8098f,-0.6557f,1.4484f,-0.2096f,-4.5719f,0f,0f,0f,1f],start_interpolation: 0,interpolation_duration: 1}
$data merge entity $(bone_left_leg) {transformation: [-0.835f,-0.284f,-0.4712f,0.9403f,-0.3681f,-0.3481f,0.8622f,0.8851f,-0.4089f,0.8934f,0.1861f,-4.3423f,0f,0f,0f,1f],start_interpolation: 0,interpolation_duration: 1}
$data merge entity $(bone_left_fingers2) {transformation: [-0.9094f,0.3753f,0.1791f,-2.41f,0.0759f,-0.2735f,0.9589f,-1.9186f,0.4089f,0.8856f,0.2202f,-8.4557f,0f,0f,0f,1f],start_interpolation: 0,interpolation_duration: 1}
$data merge entity $(bone_right_foot) {transformation: [-0.9094f,0.2464f,-0.335f,-2.1069f,0.0759f,0.8903f,0.4489f,-1.1396f,0.4089f,0.3828f,-0.8284f,-7.9143f,0f,0f,0f,1f],start_interpolation: 0,interpolation_duration: 1}
$data merge entity $(bone_right_knee) {transformation: [-1.4415f,-0.2051f,-0.6264f,-1.2577f,0.1203f,1.3992f,-0.7349f,-0.6961f,0.6481f,-0.7159f,-1.2569f,-6.0685f,0f,0f,0f,1f],start_interpolation: 0,interpolation_duration: 1}
$data merge entity $(bone_right_thigh) {transformation: [-1.4584f,0.6658f,0.0384f,-0.4474f,0.1217f,0.1749f,1.5894f,0.4909f,0.6557f,1.4484f,-0.2096f,-4.5609f,0f,0f,0f,1f],start_interpolation: 0,interpolation_duration: 1}
$data merge entity $(bone_right_leg) {transformation: [-0.9094f,0.3819f,0.1645f,-0.0968f,0.0759f,-0.2365f,0.9687f,0.7114f,0.4089f,0.8934f,0.1861f,-4.3423f,0f,0f,0f,1f],start_interpolation: 0,interpolation_duration: 1}