# This file was generated by Animated Java via MC-Build. It is not recommended to edit this file directly.
$data merge entity $(bone_left) { transformation: [-11.591222252385066f,-2.0105365515769136f,0.2967576544702356f,10.052422130836536f,-2.0323194460304372f,11.466984711183457f,-1.6925409707512393f,-13.425154101833067f,-1.4195153229588947e-15f,-1.7183596955114562f,-11.64190687094438f,-0.9822297630794448f,0f,0f,0f,1f], start_interpolation: 0, interpolation_duration: 1 }
$data merge entity $(bone_left4) { transformation: [-11.591222252385066f,-2.0105365515769136f,0.2967576544702356f,10.052422130836536f,-2.0323194460304372f,11.466984711183457f,-1.6925409707512393f,-13.425154101833067f,-1.4195153229588947e-15f,-1.7183596955114562f,-11.64190687094438f,-0.9822297630794448f,0f,0f,0f,1f], start_interpolation: 0, interpolation_duration: 1 }
$data merge entity $(bone_mid) { transformation: [-11.191673797557968f,-1.9412335259714244f,0.28652844311357306f,9.711768664359061f,-1.9622655658876902f,11.071718713938294f,-1.6341992260352267f,-13.162944099419342f,-1.3705847493280668e-15f,-1.6591279815274114f,-11.240611321584199f,-2.210446851332613f,0f,0f,0f,1f], start_interpolation: 0, interpolation_duration: 1 }
$data merge entity $(bone_teeth) { transformation: [-11.073967258781407f,-1.9208169302564049f,0.2835149286107384f,9.711768664359061f,-1.94162776924538f,10.95527378249205f,-1.617011811708523f,-13.162944099419342f,-1.3561698557329239e-15f,-1.6416783832255428f,-11.122390090664744f,-2.210446851332613f,0f,0f,0f,1f], start_interpolation: 0, interpolation_duration: 1 }
$data merge entity $(bone_skull) { transformation: [-11.772272109145588f,-2.0419402592057527f,0.30139288013190985f,9.711768664359061f,-2.0640633930089125f,11.646094031514854f,-1.718977725533745f,-13.162944099419342f,-1.4416875357156807e-15f,-1.7451997275599649f,-11.823748399431173f,-2.210446851332613f,0f,0f,0f,1f], start_interpolation: 0, interpolation_duration: 1 }
$data merge entity $(bone_tonge) { transformation: [-11.668858375304202f,-2.0240027986605225f,0.29874528901282277f,10.2168625558699f,-2.0459315914010863f,11.543788711241872f,-1.7038773351129768f,-14.363031027412523f,-1.4290230059020076e-15f,-1.7298689894957524f,-11.719882471201704f,-0.8416862855343692f,0f,0f,0f,1f], start_interpolation: 0, interpolation_duration: 1 }
$data merge entity $(bone_left3) { transformation: [-11.819914518658726f,-2.050203995647494f,0.3026126177396086f,10.2168625558699f,-2.0724166618187976f,11.693225798087502f,-1.7259344319354104f,-14.363031027412523f,-1.4475220481470737e-15f,-1.7522625544579291f,-11.871599133597297f,-0.8416862855343692f,0f,0f,0f,1f], start_interpolation: 0, interpolation_duration: 1 }
$data merge entity $(bone_left2) { transformation: [-11.819914518658726f,-2.050203995647494f,0.3026126177396086f,10.2168625558699f,-2.0724166618187976f,11.693225798087502f,-1.7259344319354104f,-14.363031027412523f,-1.4475220481470737e-15f,-1.7522625544579291f,-11.871599133597297f,-0.8416862855343692f,0f,0f,0f,1f], start_interpolation: 0, interpolation_duration: 1 }
$data merge entity $(bone_mid2) { transformation: [-11.98197857604217f,-2.0783145524094637f,0.30676177030487367f,10.2168625558699f,-2.10083177871945f,11.853552813460357f,-1.7495988955299395f,-14.363031027412523f,-1.4673691710602207e-15f,-1.7762880056342678f,-12.034371844024554f,-0.8416862855343692f,0f,0f,0f,1f], start_interpolation: 0, interpolation_duration: 1 }
$data merge entity $(bone_teeth2) { transformation: [-10.488301662333779f,-1.8192312593909565f,0.26852075932285785f,9.758751642940023f,-1.838941481758604f,10.3758854924479f,-1.5314933913414988f,-13.430908935299184f,-1.2844465059268927e-15f,-1.5548554292634442f,-10.534163570380707f,-2.17029157203402f,0f,0f,0f,1f], start_interpolation: 0, interpolation_duration: 1 }
$data merge entity $(bone_neck) { transformation: [-0.9849747844833316f,-0.1708471948398582f,0.02521725495302745f,0.15801139512461937f,-0.17269821635446747f,0.9744175850176227f,-0.14382522753818117f,2.1180041522618316f,-1.2062462170583662e-16f,-0.14601919744942984f,-0.9892817566175091f,-1.978299658332315f,0f,0f,0f,1f], start_interpolation: 0, interpolation_duration: 1 }
$data merge entity $(bone_left_fingers_2) { transformation: [-0.7806898808713135f,-0.6021998713588772f,-0.16696893375860783f,4.286361627117022f,-0.6121152654005075f,0.7907021140346521f,0.010250303644206343f,0.31850877592708626f,0.12584995736511256f,0.11020654153218018f,-0.9859088732913988f,0.219493095907337f,0f,0f,0f,1f], start_interpolation: 0, interpolation_duration: 1 }
$data merge entity $(bone_left_fingers) { transformation: [-0.7806898808713135f,-0.6021998713588772f,-0.16696893375860783f,4.197384914127599f,-0.6121152654005075f,0.7907021140346521f,0.010250303644206343f,0.3374065525827607f,0.12584995736511256f,0.11020654153218018f,-0.9859088732913988f,-0.3498007154771944f,0f,0f,0f,1f], start_interpolation: 0, interpolation_duration: 1 }
$data merge entity $(bone_left_index_finger_2) { transformation: [-0.7695780553018399f,-0.6021998713588772f,0.2123792168108508f,3.710741895298623f,-0.5382198080710623f,0.7907021140346521f,0.29173550531445636f,-0.1095509094959185f,-0.343611779480546f,0.11020654153218018f,-0.9326228944250343f,0.14535566139482137f,0f,0f,0f,1f], start_interpolation: 0, interpolation_duration: 1 }
$data merge entity $(bone_left_index_finger) { transformation: [-0.7695780553018399f,-0.6021998713588772f,0.2123792168108508f,3.8296573338611926f,-0.5382198080710623f,0.7907021140346521f,0.29173550531445636f,0.06315636147185061f,-0.343611779480546f,0.11020654153218018f,-0.9326228944250343f,-0.39149783782446623f,0f,0f,0f,1f], start_interpolation: 0, interpolation_duration: 1 }
$data merge entity $(bone_left_thumb) { transformation: [-0.6505288495128682f,-0.5595741770129287f,0.5135065300186241f,3.7819392959884333f,-0.4059817626643483f,0.8276300822112856f,0.3875658078351206f,-0.18989955216313326f,-0.6418652696130343f,0.04364845288489218f,-0.7655741559283088f,-1.204399450948423f,0f,0f,0f,1f], start_interpolation: 0, interpolation_duration: 1 }
$data merge entity $(bone_left_hand) { transformation: [-0.7983231050559696f,-0.6021998713588772f,0.005961113079569157f,4.178655271696033f,-0.5953871177441735f,0.7907021140346521f,0.1424933222485108f,0.27743115565419485f,-0.09052292504156709f,0.11020654153218018f,-0.9897778125647366f,-1.0812631041945073f,0f,0f,0f,1f], start_interpolation: 0, interpolation_duration: 1 }
$data merge entity $(bone_left_forearm) { transformation: [-1.5977073145724094f,-1.2043433218400212f,0.046978010301197234f,3.665595130951292f,-1.1915656041990155f,1.5900800103891042f,0.2390301336683668f,1.2307006653476296f,-0.18116617013766861f,0.16285317636148802f,-1.9864481103460314f,-3.001733759447343f,0f,0f,0f,1f], start_interpolation: 0, interpolation_duration: 1 }
$data merge entity $(bone_left_bicep) { transformation: [-1.9710487694404943f,-1.4712987966912134f,-0.21480154103535787f,0.6707173344604465f,-1.4700026071374954f,1.8746003548402805f,0.64873642361958f,3.6370357041710664f,-0.2234998572374098f,0.6457913464709362f,-2.372529125917567f,-1.9840094247161364f,0f,0f,0f,1f], start_interpolation: 0, interpolation_duration: 1 }
$data merge entity $(bone_left_shoulder) { transformation: [-0.9841540963738813f,-0.7346265400447944f,-0.10725143882532018f,1.6332195553104838f,-0.7339793463889364f,0.9359969407574269f,0.3239172052314995f,1.6622179472348921f,-0.1115945497896596f,0.32244671409758524f,-1.1846151623640022f,-2.368999847683824f,0f,0f,0f,1f], start_interpolation: 0, interpolation_duration: 1 }
$data merge entity $(bone_right_fingers_2) { transformation: [-0.9423680001073867f,0.29727682406944683f,0.15352212298163298f,-3.1118855085104555f,0.31000700089643746f,0.9484097258435823f,0.06644284250765645f,-0.9786444129419432f,-0.12584995736511279f,0.11020654153218029f,-0.9859088732913986f,0.219493235769592f,0f,0f,0f,1f], start_interpolation: 0, interpolation_duration: 1 }
$data merge entity $(bone_right_fingers) { transformation: [-0.9423680001073867f,0.29727682406944683f,0.15352212298163298f,-3.034644774403989f,0.31000700089643746f,0.9484097258435823f,0.06644284250765645f,-0.9306031464366891f,-0.12584995736511279f,0.11020654153218029f,-0.9859088732913986f,-0.34980427277321435f,0f,0f,0f,1f], start_interpolation: 0, interpolation_duration: 1 }
$data merge entity $(bone_right_index_finger_2) { transformation: [-0.906779252323415f,0.29727682406944683f,-0.29896133098943045f,-2.4249715677109673f,0.24429967776892655f,0.9484097258435823f,0.2020808238485276f,-1.1853410468506496f,0.3436117794805458f,0.11020654153218029f,-0.9326228944250343f,0.14535519715446577f,0f,0f,0f,1f], start_interpolation: 0, interpolation_duration: 1 }
$data merge entity $(bone_right_index_finger) { transformation: [-0.906779252323415f,0.29727682406944683f,-0.29896133098943045f,-2.595549961910065f,0.24429967776892655f,0.9484097258435823f,0.2020808238485276f,-1.063391490040795f,0.3436117794805458f,0.11020654153218029f,-0.9326228944250343f,-0.39149830206482183f,0f,0f,0f,1f], start_interpolation: 0, interpolation_duration: 1 }
$data merge entity $(bone_right_thumb) { transformation: [-0.7498429748162387f,0.24463057956379958f,-0.6147287146872297f,-2.4645869371324207f,0.16045089212379288f,0.9686334147153065f,0.1897493586646451f,-1.2851187835911215f,0.641865269613034f,0.043648452884892275f,-0.765574155928309f,-1.2043999151887788f,0f,0f,0f,1f], start_interpolation: 0, interpolation_duration: 1 }
$data merge entity $(bone_right_hand) { transformation: [-0.9532583847715412f,0.29727682406944683f,-0.05408273045932125f,-2.9966281374401658f,0.28827773397311013f,0.9484097258435823f,0.1319656774340576f,-0.9806295111597736f,0.09052292504156687f,0.11020654153218029f,-0.9897778125647366f,-1.081263568434863f,0f,0f,0f,1f], start_interpolation: 0, interpolation_duration: 1 }
$data merge entity $(bone_right_forearm) { transformation: [-1.9077857947678094f,0.5915496485775555f,-0.12549560461024536f,-2.8384815665239245f,0.5769392376795719f,1.904960517498345f,0.20879012195195784f,0.09032198226107058f,0.1811663587270953f,0.1628533458875494f,-1.986450178188559f,-3.001737579740582f,0f,0f,0f,1f], start_interpolation: 0, interpolation_duration: 1 }
$data merge entity $(bone_right_bicep) { transformation: [-2.3535818446981445f,0.745785038318141f,-0.018715758524595446f,-0.8408967975208559f,0.7117537613607667f,2.2633274876016345f,0.6831166589571189f,3.3720004276118676f,0.22349985723740926f,0.6457913464709365f,-2.372529125917567f,-1.9840094247161362f,0f,0f,0f,1f], start_interpolation: 0, interpolation_duration: 1 }
$data merge entity $(bone_right_shoulder) { transformation: [-1.1751546940507114f,0.37237404363337795f,-0.009344867922245021f,-1.07414000458899f,0.3553820639615908f,1.1300902610294343f,0.3410834214948047f,1.187529483742792f,0.11159454978965933f,0.3224467140975854f,-1.1846151623640022f,-2.368999847683824f,0f,0f,0f,1f], start_interpolation: 0, interpolation_duration: 1 }
$data merge entity $(bone_chest) { transformation: [-4.006370161264185f,-0.6833343931767908f,0.16274662287956393f,0.2239396770716838f,-0.7024474045485511f,3.8973601514671725f,-0.9282164180964413f,1.7419858199770328f,-4.906388394191649e-16f,-0.9423758178574463f,-3.956812106120597f,-1.8323739836006434f,0f,0f,0f,1f], start_interpolation: 0, interpolation_duration: 1 }
$data merge entity $(bone_weist) { transformation: [-1.0834722629316647f,-0.18996671669063728f,-0.0007085248878028187f,0.29885656235930597f,-0.18996803798991418f,1.083464726973865f,0.004041032752951961f,1.314701482605074f,-1.3268708387642026e-16f,0.004102676349295216f,-1.0999923490855619f,-4.441289873942152f,0f,0f,0f,1f], start_interpolation: 0, interpolation_duration: 1 }
$data merge entity $(bone_right_fingers2) { transformation: [-0.8400715282711158f,-0.15256737177286528f,-0.5205795082968137f,3.8260359692826995f,-0.3328927594692239f,-0.6127200222165989f,0.7167681529391879f,-0.20846591269369996f,-0.4283249211535531f,0.7754336666957469f,0.4639400720713742f,-9.756568326321887f,0f,0f,0f,1f], start_interpolation: 0, interpolation_duration: 1 }
$data merge entity $(bone_left_foot) { transformation: [-0.8400715282711158f,-0.5411144219010511f,0.03840585631024615f,3.29451901507672f,-0.3328927594692239f,0.5701201229871198f,0.7510961696468141f,0.19883836864290466f,-0.4283249211535531f,0.6181894756268842f,-0.6590747561111412f,-9.019394633477479f,0f,0f,0f,1f], start_interpolation: 0, interpolation_duration: 1 }
$data merge entity $(bone_left_knee) { transformation: [-1.3315252733230356f,-0.36684624256847376f,0.7776465709751672f,2.4627414992982173f,-0.5276397397394791f,1.4804797523546769f,-0.20505100938428636f,-0.08194707075891561f,-0.6789010679647646f,-0.4311304277306955f,-1.3658293461245723f,-7.1323233152221395f,0f,0f,0f,1f], start_interpolation: 0, interpolation_duration: 1 }
$data merge entity $(bone_left_thigh) { transformation: [-1.347183506550402f,-0.7300658155452407f,-0.4730798221885348f,1.2962761856248204f,-0.5338445833653525f,0.005211877254237175f,1.5121794902253065f,0.8685432570960203f,-0.6868846875576325f,1.4278237828313614f,-0.2474119736211331f,-5.654097220090417f,0f,0f,0f,1f], start_interpolation: 0, interpolation_duration: 1 }
$data merge entity $(bone_left_leg) { transformation: [-0.8400715282711158f,-0.32690022218008735f,-0.43291577948469556f,0.893560533482865f,-0.3328927594692239f,-0.31945700029811974f,0.8872032662549725f,0.9671390291191084f,-0.4283249211535531f,0.8894287322203708f,0.15954401342471608f,-5.4376887643713605f,0f,0f,0f,1f], start_interpolation: 0, interpolation_duration: 1 }
$data merge entity $(bone_left_fingers2) { transformation: [-0.9032141821925892f,0.35191833142257034f,0.24567789704189152f,-2.483723747157221f,0.027237896485868843f,-0.524267218661956f,0.851118076668262f,-1.3495209200536227f,0.42832492115355286f,0.7754336666957466f,0.4639400720713742f,-9.720769772181104f,0f,0f,0f,1f], start_interpolation: 0, interpolation_duration: 1 }
$data merge entity $(bone_right_foot) { transformation: [-0.9032141821925892f,0.3148785700453435f,-0.2916429790212204f,-2.12247910940669f,0.027237896485868843f,0.720203622838956f,0.6932278403560169f,-0.7856864036394384f,0.42832492115355286f,0.6181894756268842f,-0.6590747561111411f,-8.983596079336696f,0f,0f,0f,1f], start_interpolation: 0, interpolation_duration: 1 }
$data merge entity $(bone_right_knee) { transformation: [-1.4316072743095016f,-0.15870514133520106f,-0.661500717151479f,-1.2461914493305288f,0.04317245180030233f,1.5169736783914702f,-0.4573804838501847f,-0.7359173374569404f,0.6789010679647642f,-0.4311304277306954f,-1.3658293461245723f,-7.10143741246039f,0f,0f,0f,1f], start_interpolation: 0, interpolation_duration: 1 }
$data merge entity $(bone_right_thigh) { transformation: [-1.448442433987086f,0.6847447497880467f,-0.06959279110929066f,-0.4824259595744135f,0.04368014349255185f,0.2532743301836088f,1.5829239312884316f,0.5375329193152211f,0.6868846875576321f,1.4278237828313614f,-0.247411973621133f,-5.642694738183134f,0f,0f,0f,1f], start_interpolation: 0, interpolation_duration: 1 }
$data merge entity $(bone_right_leg) { transformation: [-0.9032141821925892f,0.41608227353003574f,0.10526007191831438f,-0.14213060265351354f,0.027237896485868843f,-0.18918792761415767f,0.9815630519941572f,0.7855485816045495f,0.42832492115355286f,0.8894287322203708f,0.15954401342471614f,-5.4376887643713605f,0f,0f,0f,1f], start_interpolation: 0, interpolation_duration: 1 }