# This file was generated by Animated Java via MC-Build. It is not recommended to edit this file directly.
$data merge entity $(bone_neck) { transformation: [-0.9849718152186253f,-0.17267735564630676f,0.00361304192130922f,-0.21004903207377235f,-0.17271515053673275f,0.984756275923357f,-0.020604703459039884f,2.4421342660775087f,-1.2084109851028187e-16f,-0.020919079247426448f,-0.9997811721188992f,-1.6566488438162081f,0f,0f,0f,1f], start_interpolation: 0, interpolation_duration: 1 }
$data merge entity $(bone_left_fingers_2) { transformation: [-0.8661076952501731f,-0.4883145587220534f,0.10680052419590186f,3.2578072807508844f,-0.49435167375580735f,0.8051627671927629f,-0.32761157027999566f,1.1376762035174754f,0.07398569377430503f,-0.3365439199667389f,-0.9387567880181511f,0.9600018308182755f,0f,0f,0f,1f], start_interpolation: 0, interpolation_duration: 1 }
$data merge entity $(bone_left_fingers) { transformation: [-0.8661076952501731f,-0.4883145587220534f,0.10680052419590186f,3.3284431453905317f,-0.49435167375580735f,0.8051627671927629f,-0.32761157027999566f,0.9603211879576369f,0.07398569377430503f,-0.3365439199667389f,-0.9387567880181511f,0.41601175905222276f,0f,0f,0f,1f], start_interpolation: 0, interpolation_duration: 1 }
$data merge entity $(bone_left_index_finger_2) { transformation: [-0.7189319144456929f,-0.4883145587220534f,0.49465724914483655f,2.667339562717613f,-0.589769478277727f,0.8051627671927629f,-0.06232881210572258f,0.7366101428638796f,-0.3678435331543408f,-0.3365439199667389f,-0.8668502321912087f,0.8572233404050981f,0f,0f,0f,1f], start_interpolation: 0, interpolation_duration: 1 }
$data merge entity $(bone_left_index_finger) { transformation: [-0.7189319144456929f,-0.4883145587220534f,0.49465724914483655f,2.9495967615014997f,-0.589769478277727f,0.8051627671927629f,-0.06232881210572258f,0.7053460483860675f,-0.3678435331543408f,-0.3365439199667389f,-0.8668502321912087f,0.35569189300741766f,0f,0f,0f,1f], start_interpolation: 0, interpolation_duration: 1 }
$data merge entity $(bone_left_thumb) { transformation: [-0.8706535253633175f,-0.7298771763398663f,1.2904745251920446f,1.9256221694505338f,-0.9895061894154336f,1.400519534371163f,0.12452023487125104f,2.098765342628401f,-1.1040483204190104f,-0.6796374733944461f,-1.1292709882384464f,-1.1065417410951657f,0f,0f,0f,1f], start_interpolation: 0, interpolation_duration: 1 }
$data merge entity $(bone_left_hand) { transformation: [-0.822461620383244f,-0.4883145587220534f,0.29172894051954235f,3.4980131487079253f,-0.5535416869939086f,0.8051627671927629f,-0.2128485825332893f,0.6493622767578217f,-0.13095221936456997f,-0.3365439199667389f,-0.9325179387963078f,-0.2270556117346607f,0f,0f,0f,1f], start_interpolation: 0, interpolation_duration: 1 }
$data merge entity $(bone_left_forearm) { transformation: [-1.6460164293369137f,-1.090449421015479f,0.32690733841664676f,3.3179409043294985f,-1.1078191231467798f,1.6666455899567405f,-0.01864674820824713f,1.3795269334853213f,-0.2620784960540453f,-0.19629307434407253f,-1.9743612446108476f,-2.303721950726972f,0f,0f,0f,1f], start_interpolation: 0, interpolation_duration: 1 }
$data merge entity $(bone_left_bicep) { transformation: [-2.030646431878949f,-1.3828335609926763f,0.24523359064098146f,0.42529134987426676f,-1.366686813989764f,2.0449946147537155f,0.2146096008660254f,4.104744059795698f,-0.323319229018107f,0.040761144607090044f,-2.4473856067090285f,-2.269204939426859f,0f,0f,0f,1f], start_interpolation: 0, interpolation_duration: 1 }
$data merge entity $(bone_left_shoulder) { transformation: [-1.013911494837321f,-0.6904554239114731f,0.12244630703191928f,1.2558807029966585f,-0.6823932757533939f,1.021075611307017f,0.10715560217894392f,2.039331750379938f,-0.16143484048085668f,0.02035223484061381f,-1.2219913619554317f,-2.132359615713924f,0f,0f,0f,1f], start_interpolation: 0, interpolation_duration: 1 }
$data merge entity $(bone_right_fingers_2) { transformation: [-0.9826325776550476f,0.1852333372898072f,0.011037576159512646f,-3.0271823932595736f,0.17017442360040846f,0.9232696251311975f,-0.34440363654056694f,0.0356018925091835f,-0.0739856937743053f,-0.3365439199667388f,-0.9387567880181512f,0.9600020641725688f,0f,0f,0f,1f], start_interpolation: 0, interpolation_duration: 1 }
$data merge entity $(bone_right_fingers) { transformation: [-0.9826325776550476f,0.1852333372898072f,0.011037576159512646f,-3.0332608941383286f,0.17017442360040846f,0.9232696251311975f,-0.34440363654056694f,-0.15520631250995776f,-0.0739856937743053f,-0.3365439199667388f,-0.9387567880181512f,0.41600847206856095f,0f,0f,0f,1f], start_interpolation: 0, interpolation_duration: 1 }
$data merge entity $(bone_right_index_finger_2) { transformation: [-0.8767023268989986f,0.1852333372898072f,-0.44393878042626767f,-2.3354835650353567f,0.3099744588291314f,0.9232696251311975f,-0.2269119524918979f,-0.14063629186698434f,0.3678435331543407f,-0.3365439199667388f,-0.8668502321912089f,0.8572229675399952f,0f,0f,0f,1f], start_interpolation: 0, interpolation_duration: 1 }
$data merge entity $(bone_right_index_finger) { transformation: [-0.8767023268989986f,0.1852333372898072f,-0.44393878042626767f,-2.590263736270451f,0.3099744588291314f,0.9232696251311975f,-0.2269119524918979f,-0.26607007604915767f,0.3678435331543407f,-0.3365439199667388f,-0.8668502321912089f,0.35569152014231464f,0f,0f,0f,1f], start_interpolation: 0, interpolation_duration: 1 }
$data merge entity $(bone_right_thumb) { transformation: [-1.1553781308438007f,0.20982041935536797f,-1.2558501185764506f,-2.1014762813964585f,0.6342408335064135f,1.5652958347605137f,-0.321978677451689f,1.3926125695134437f,1.1040483204190104f,-0.6796374733944462f,-1.1292709882384468f,-1.1065421139602687f,0f,0f,0f,1f], start_interpolation: 0, interpolation_duration: 1 }
$data merge entity $(bone_right_hand) { transformation: [-0.9617292307533682f,0.1852333372898072f,-0.20190467421784705f,-3.0869131592545958f,0.24068320040673394f,0.9232696251311975f,-0.2994074086459287f,-0.505306501143222f,0.13095221936456974f,-0.3365439199667388f,-0.9325179387963081f,-0.22705598459976395f,0f,0f,0f,1f], start_interpolation: 0, interpolation_duration: 1 }
$data merge entity $(bone_right_forearm) { transformation: [-1.9247387635451767f,0.45833453122591294f,-0.301059664882342f,-3.1660159726313366f,0.4816868103240093f,1.938227328890358f,-0.12876105983173763f,0.24256016084761933f,0.26207876887116854f,-0.1962932786802264f,-1.9743632998712526f,-2.3037250999784518f,0f,0f,0f,1f], start_interpolation: 0, interpolation_duration: 1 }
$data merge entity $(bone_right_bicep) { transformation: [-2.3744962469531434f,0.604545114608996f,-0.3036212777406987f,-1.3731692196052236f,0.5942435124102204f,2.3934821570635907f,0.11836770871165997f,3.7893833731317024f,0.32331922901810645f,0.040761144607090315f,-2.447385606709029f,-2.2692049394268596f,0f,0f,0f,1f], start_interpolation: 0, interpolation_duration: 1 }
$data merge entity $(bone_right_shoulder) { transformation: [-1.1855973553240349f,0.30185227286595706f,-0.15159955901020214f,-1.4514706954073993f,0.29670863352007876f,1.195077111227734f,0.059101564209412316f,1.5645967405995802f,0.1614348404808564f,0.020352234840613947f,-1.2219913619554317f,-2.1323596157139244f,0f,0f,0f,1f], start_interpolation: 0, interpolation_duration: 1 }
$data merge entity $(bone_chest) { transformation: [-4.006358083824531f,-0.6984090121075222f,0.07585500119197218f,-0.1414760444716369f,-0.7025162840809025f,3.9829348513018203f,-0.4325911072959236f,2.0510715257009786f,-4.915193555740939e-16f,-0.4391913561505364f,-4.043704388046641f,-1.5597039853597536f,0f,0f,0f,1f], start_interpolation: 0, interpolation_duration: 1 }
$data merge entity $(bone_weist) { transformation: [-1.083468996740488f,-0.1898869590153511f,-0.006154339774755673f,-0.12359888565536062f,-0.18998666559040606f,1.0829003832406539f,0.035097391286030795f,1.9491204373598663f,-1.3292520836131006e-16f,0.03563288892509125f,-1.0994227108927905f,-4.202413381097344f,0f,0f,0f,1f], start_interpolation: 0, interpolation_duration: 1 }
$data merge entity $(bone_right_fingers2) { transformation: [-0.8575788156485971f,-0.08208079809933763f,-0.507761083122885f,3.164598638080788f,-0.27799470818188726f,-0.756612249199649f,0.5918250134827997f,0.8739925716994065f,-0.43275572459947537f,0.6486914882626598f,0.6260366090588944f,-9.57464563131509f,0f,0f,0f,1f], start_interpolation: 0, interpolation_duration: 1 }
$data merge entity $(bone_left_foot) { transformation: [-0.8575788156485971f,-0.5118269151050889f,-0.050909566141911694f,2.6796307846551315f,-0.27799470818188726f,0.3779478505091315f,0.8831049566831765f,1.067113957755311f,-0.43275572459947537f,0.7714846928290513f,-0.46640524392082866f,-8.7265050680728f,0f,0f,0f,1f], start_interpolation: 0, interpolation_duration: 1 }
$data merge entity $(bone_left_knee) { transformation: [-1.3592745718362478f,-0.41227515076921367f,0.7033290460031025f,1.9596532319579667f,-0.44062555072665716f,1.5219958193264491f,0.04059259210334231f,0.46061143832450235f,-0.6859239541962668f,-0.16071040583938653f,-1.4198416823888234f,-6.873040013211388f,0f,0f,0f,1f], start_interpolation: 0, interpolation_duration: 1 }
$data merge entity $(bone_left_thigh) { transformation: [-1.3752591263109246f,-0.7495341008697102f,-0.34433265985534667f,0.8524021153083274f,-0.4458071404249107f,0.11218225785313148f,1.5363512450218695f,1.5513071667627834f,-0.6939901602730306f,1.4132649384200826f,-0.3045716414701221f,-5.449591285711181f,0f,0f,0f,1f], start_interpolation: 0, interpolation_duration: 1 }
$data merge entity $(bone_left_leg) { transformation: [-0.8575788156485971f,-0.3657666814560294f,-0.3616259250764429f,0.45571374191556113f,-0.27799470818188726f,-0.2619308203351886f,0.924181360762812f,1.6893770956889747f,-0.43275572459947537f,0.8930884503201117f,0.1229451208108904f,-5.2439005674252686f,0f,0f,0f,1f], start_interpolation: 0, interpolation_duration: 1 }
$data merge entity $(bone_left_fingers2) { transformation: [-0.9009994383792859f,0.33461285058845974f,0.2761055092917865f,-2.8342532009235817f,-0.03037260058992114f,-0.6835448729064106f,0.7292762932227843f,-0.21065412599703848f,0.4327557245994752f,0.6486914882626598f,0.6260366090588945f,-9.544345177427921f,0f,0f,0f,1f], start_interpolation: 0, interpolation_duration: 1 }
$data merge entity $(bone_right_foot) { transformation: [-0.9009994383792859f,0.35269814520813253f,-0.25259459694727193f,-2.443926485772759f,-0.03037260058992114f,0.5295426206616495f,0.8477394163516275f,0.1359504672327847f,0.4327557245994752f,0.7714846928290514f,-0.4664052439208287f,-8.696204614185632f,0f,0f,0f,1f], start_interpolation: 0, interpolation_duration: 1 }
$data merge entity $(bone_right_knee) { transformation: [-1.4280968739898787f,-0.13016412017702536f,-0.6751788865574119f,-1.5613545543363168f,-0.04814100221353337f,1.5714640867062504f,-0.20112925354705619f,-0.15816775023665786f,0.6859239541962667f,-0.16071040583938656f,-1.419841682388824f,-6.842227280550817f,0f,0f,0f,1f], start_interpolation: 0, interpolation_duration: 1 }
$data merge entity $(bone_right_thigh) { transformation: [-1.444890752688403f,0.6666473204159669f,-0.1989373682566019f,-0.8996533804806067f,-0.04870712217802899f,0.3605101628606357f,1.5618463599965406f,1.225560487262938f,0.6939901602730303f,1.4132649384200826f,-0.3045716414701221f,-5.437559701250545f,0f,0f,0f,1f], start_interpolation: 0, interpolation_duration: 1 }
$data merge entity $(bone_right_leg) { transformation: [-0.9009994383792859f,0.4330637678543602f,0.025608299670155855f,-0.5799742720686714f,-0.03037260058992114f,-0.12185562308160448f,0.99208301681704f,1.5077688420511053f,0.4327557245994752f,0.8930884503201119f,0.12294512081089046f,-5.2439005674252686f,0f,0f,0f,1f], start_interpolation: 0, interpolation_duration: 1 }
execute on vehicle unless entity @s[tag=aj.transforms_only] at @s run function animated_java:jaw/animations/run/zzz/frames/zzz/10