# This file was generated by Animated Java via MC-Build. It is not recommended to edit this file directly.
$data merge entity $(bone_left) { transformation: [-11.59118730996047f,-2.0320739563910655f,0.04251842034620962f,10.025033042774666f,-2.0325187281576467f,11.588650835001987f,-0.2424769659088266f,-13.292133823842233f,-1.4220628305624797e-15f,-0.24617655263060131f,-11.765464408166602f,-3.2555658259527274f,0f,0f,0f,1f], start_interpolation: 0, interpolation_duration: 1 }
$data merge entity $(bone_left4) { transformation: [-11.59118730996047f,-2.0320739563910655f,0.04251842034620962f,10.025033042774666f,-2.0325187281576467f,11.588650835001987f,-0.2424769659088266f,-13.292133823842233f,-1.4220628305624797e-15f,-0.24617655263060131f,-11.765464408166602f,-3.2555658259527274f,0f,0f,0f,1f], start_interpolation: 0, interpolation_duration: 1 }
$data merge entity $(bone_mid) { transformation: [-11.191640059595803f,-1.9620285382555125f,0.04105281397777668f,9.658228162516203f,-1.962457978776758f,11.189191016715519f,-0.23411880531535684f,-12.880817309231547f,-1.3730444445591075e-15f,-0.23769086759441113f,-11.359909840904386f,-4.434374118294238f,0f,0f,0f,1f], start_interpolation: 0, interpolation_duration: 1 }
$data merge entity $(bone_teeth) { transformation: [-11.07393387565256f,-1.9413932345112876f,0.04062104794100955f,9.658228162516203f,-1.9418181584643877f,11.071510590167101f,-0.231656500325536f,-12.880817309231547f,-1.3586036815348399e-15f,-0.2351909940429285f,-11.240433907958733f,-4.434374118294238f,0f,0f,0f,1f], start_interpolation: 0, interpolation_duration: 1 }
$data merge entity $(bone_skull) { transformation: [-11.772236620935496f,-2.0638140689280062f,0.043182539603502004f,9.658228162516203f,-2.0642657878363875f,11.76966052733992f,-0.24626435079280518f,-12.880817309231547f,-1.4442748342814856e-15f,-0.25002172345220286f,-11.94923585171573f,-4.434374118294238f,0f,0f,0f,1f], start_interpolation: 0, interpolation_duration: 1 }
$data merge entity $(bone_tonge) { transformation: [-11.668823198840922f,-2.0456844575120057f,0.04280320181588134f,10.191234997584235f,-2.046132208287598f,11.66626973498538f,-0.24410103722076124f,-14.23996173941846f,-1.4315875762975177e-15f,-0.24782540317316648f,-11.844267576728502f,-3.23543121217708f,0f,0f,0f,1f], start_interpolation: 0, interpolation_duration: 1 }
$data merge entity $(bone_left3) { transformation: [-11.819878886827775f,-2.0721663287228216f,0.04335729943036746f,10.191234997584235f,-2.072619875738557f,11.817292367776101f,-0.2472609831285327f,-14.23996173941846f,-1.4501198175155124e-15f,-0.2510335618828348f,-11.997594433860144f,-3.23543121217708f,0f,0f,0f,1f], start_interpolation: 0, interpolation_duration: 1 }
$data merge entity $(bone_left2) { transformation: [-11.819878886827775f,-2.0721663287228216f,0.04335729943036746f,10.191234997584235f,-2.072619875738557f,11.817292367776101f,-0.2472609831285327f,-14.23996173941846f,-1.4501198175155124e-15f,-0.2510335618828348f,-11.997594433860144f,-3.23543121217708f,0f,0f,0f,1f], start_interpolation: 0, interpolation_duration: 1 }
$data merge entity $(bone_mid2) { transformation: [-11.981942455659539f,-2.100578013280781f,0.04395177579919247f,10.191234997584235f,-2.1010377789260564f,11.979320472580495f,-0.2506512037680451f,-14.23996173941846f,-1.4700025587102747e-15f,-0.25447550873565916f,-12.162094678741191f,-3.23543121217708f,0f,0f,0f,1f], start_interpolation: 0, interpolation_duration: 1 }
$data merge entity $(bone_teeth2) { transformation: [-10.48827004472849f,-1.8387193507928918f,0.03847273472003323f,9.705714435318937f,-1.8391218019198927f,10.485974918818188f,-0.21940495223408402f,-13.151625285110468f,-1.2867516147110842e-15f,-0.2227525182386918f,-10.645964439592325f,-4.428621371501197f,0f,0f,0f,1f], start_interpolation: 0, interpolation_duration: 1 }
$data merge entity $(bone_neck) { transformation: [-0.9849718152186253f,-0.17267735564630676f,0.00361304192130922f,0.13196256213188734f,-0.17271515053673275f,0.984756275923357f,-0.020604703459039884f,2.241687071817506f,-1.2084109851028187e-16f,-0.020919079247426448f,-0.9997811721188992f,-2.1115149522420977f,0f,0f,0f,1f], start_interpolation: 0, interpolation_duration: 1 }
$data merge entity $(bone_left_fingers_2) { transformation: [-0.8661076952501731f,-0.4883145587220534f,0.10680052419590186f,3.599818874956545f,-0.49435167375580735f,0.8051627671927629f,-0.32761157027999566f,0.9372290092574722f,0.07398569377430503f,-0.3365439199667389f,-0.9387567880181511f,0.5051357223923864f,0f,0f,0f,1f], start_interpolation: 0, interpolation_duration: 1 }
$data merge entity $(bone_left_fingers) { transformation: [-0.8661076952501731f,-0.4883145587220534f,0.10680052419590186f,3.6704547395961917f,-0.49435167375580735f,0.8051627671927629f,-0.32761157027999566f,0.7598739936976338f,0.07398569377430503f,-0.3365439199667389f,-0.9387567880181511f,-0.038854349373666275f,0f,0f,0f,1f], start_interpolation: 0, interpolation_duration: 1 }
$data merge entity $(bone_left_index_finger_2) { transformation: [-0.7189319144456929f,-0.4883145587220534f,0.49465724914483655f,3.009351156923273f,-0.589769478277727f,0.8051627671927629f,-0.06232881210572258f,0.5361629486038765f,-0.3678435331543408f,-0.3365439199667389f,-0.8668502321912087f,0.4023572319792089f,0f,0f,0f,1f], start_interpolation: 0, interpolation_duration: 1 }
$data merge entity $(bone_left_index_finger) { transformation: [-0.7189319144456929f,-0.4883145587220534f,0.49465724914483655f,3.29160835570716f,-0.589769478277727f,0.8051627671927629f,-0.06232881210572258f,0.5048988541260644f,-0.3678435331543408f,-0.3365439199667389f,-0.8668502321912087f,-0.09917421541847138f,0f,0f,0f,1f], start_interpolation: 0, interpolation_duration: 1 }
$data merge entity $(bone_left_thumb) { transformation: [-0.5063922716025057f,-0.4245134838951399f,0.750569896313771f,3.427380840621071f,-0.5755197359520531f,0.814574624432776f,0.0724238549090093f,-0.013943423714414038f,-0.6421400943648772f,-0.39529290813447776f,-0.6568101826156882f,-0.76211603960005f,0f,0f,0f,1f], start_interpolation: 0, interpolation_duration: 1 }
$data merge entity $(bone_left_hand) { transformation: [-0.822461620383244f,-0.4883145587220534f,0.29172894051954235f,3.8400247429135854f,-0.5535416869939086f,0.8051627671927629f,-0.2128485825332893f,0.44891508249781853f,-0.13095221936456997f,-0.3365439199667389f,-0.9325179387963078f,-0.6819217201605499f,0f,0f,0f,1f], start_interpolation: 0, interpolation_duration: 1 }
$data merge entity $(bone_left_forearm) { transformation: [-1.6460164293369142f,-1.0904494210154791f,0.3269073384166469f,3.6599524985351586f,-1.10781912314678f,1.666645589956741f,-0.018646748208247136f,1.179079739225318f,-0.2620784960540454f,-0.19629307434407256f,-1.9743612446108478f,-2.7585880591528618f,0f,0f,0f,1f], start_interpolation: 0, interpolation_duration: 1 }
$data merge entity $(bone_left_bicep) { transformation: [-2.030646431878949f,-1.3828335609926763f,0.24523359064098146f,0.7673029440799266f,-1.366686813989764f,2.0449946147537155f,0.2146096008660254f,3.904296865535695f,-0.323319229018107f,0.040761144607090044f,-2.4473856067090285f,-2.724071047852749f,0f,0f,0f,1f], start_interpolation: 0, interpolation_duration: 1 }
$data merge entity $(bone_left_shoulder) { transformation: [-1.013911494837321f,-0.6904554239114731f,0.12244630703191928f,1.5978922972023184f,-0.6823932757533939f,1.021075611307017f,0.10715560217894392f,1.8388845561199345f,-0.16143484048085668f,0.02035223484061381f,-1.2219913619554317f,-2.587225724139813f,0f,0f,0f,1f], start_interpolation: 0, interpolation_duration: 1 }
$data merge entity $(bone_right_fingers_2) { transformation: [-0.9826325776550476f,0.1852333372898072f,0.011037576159512646f,-2.685170799053914f,0.17017442360040846f,0.9232696251311975f,-0.34440363654056694f,-0.16484530175082018f,-0.0739856937743053f,-0.3365439199667388f,-0.9387567880181512f,0.5051359557466801f,0f,0f,0f,1f], start_interpolation: 0, interpolation_duration: 1 }
$data merge entity $(bone_right_fingers) { transformation: [-0.9826325776550476f,0.1852333372898072f,0.011037576159512646f,-2.691249299932669f,0.17017442360040846f,0.9232696251311975f,-0.34440363654056694f,-0.35565350676996144f,-0.0739856937743053f,-0.3365439199667388f,-0.9387567880181512f,-0.03885763635732775f,0f,0f,0f,1f], start_interpolation: 0, interpolation_duration: 1 }
$data merge entity $(bone_right_index_finger_2) { transformation: [-0.8767023268989986f,0.1852333372898072f,-0.44393878042626767f,-1.9934719708296973f,0.3099744588291314f,0.9232696251311975f,-0.2269119524918979f,-0.341083486126988f,0.3678435331543407f,-0.3365439199667388f,-0.8668502321912089f,0.40235685911410657f,0f,0f,0f,1f], start_interpolation: 0, interpolation_duration: 1 }
$data merge entity $(bone_right_index_finger) { transformation: [-0.8767023268989986f,0.1852333372898072f,-0.44393878042626767f,-2.2482521420647914f,0.3099744588291314f,0.9232696251311975f,-0.2269119524918979f,-0.4665172703091613f,0.3678435331543407f,-0.3365439199667388f,-0.8668502321912089f,-0.09917458828357395f,0f,0f,0f,1f], start_interpolation: 0, interpolation_duration: 1 }
$data merge entity $(bone_right_thumb) { transformation: [-0.6719947019036094f,0.12203641941450494f,-0.7304315388521816f,-2.199393863254091f,0.3688891701074264f,0.9104123401597072f,-0.18727026208765732f,-1.000599984433154f,0.6421400943648772f,-0.3952929081344778f,-0.6568101826156885f,-0.7621164124651527f,0f,0f,0f,1f], start_interpolation: 0, interpolation_duration: 1 }
$data merge entity $(bone_right_hand) { transformation: [-0.9617292307533682f,0.1852333372898072f,-0.20190467421784705f,-2.744901565048936f,0.24068320040673394f,0.9232696251311975f,-0.2994074086459287f,-0.7057536954032256f,0.13095221936456974f,-0.3365439199667388f,-0.9325179387963081f,-0.6819220930256527f,0f,0f,0f,1f], start_interpolation: 0, interpolation_duration: 1 }
$data merge entity $(bone_right_forearm) { transformation: [-1.9247387635451767f,0.45833453122591294f,-0.301059664882342f,-2.824004378425677f,0.4816868103240093f,1.938227328890358f,-0.12876105983173763f,0.04211296658761565f,0.26207876887116854f,-0.1962932786802264f,-1.9743632998712526f,-2.758591208404341f,0f,0f,0f,1f], start_interpolation: 0, interpolation_duration: 1 }
$data merge entity $(bone_right_bicep) { transformation: [-2.3744962469531434f,0.604545114608996f,-0.3036212777406987f,-1.0311576253995638f,0.5942435124102204f,2.3934821570635907f,0.11836770871165997f,3.588936178871699f,0.32331922901810645f,0.040761144607090315f,-2.447385606709029f,-2.724071047852749f,0f,0f,0f,1f], start_interpolation: 0, interpolation_duration: 1 }
$data merge entity $(bone_right_shoulder) { transformation: [-1.1855973553240349f,0.30185227286595706f,-0.15159955901020214f,-1.1094591012017394f,0.29670863352007876f,1.195077111227734f,0.059101564209412316f,1.364149546339577f,0.1614348404808564f,0.020352234840613947f,-1.2219913619554317f,-2.5872257241398136f,0f,0f,0f,1f], start_interpolation: 0, interpolation_duration: 1 }
$data merge entity $(bone_chest) { transformation: [-4.006358083824531f,-0.6984090121075222f,0.07585500119197218f,0.20053554973402285f,-0.7025162840809025f,3.9829348513018203f,-0.4325911072959236f,1.8506243314409752f,-4.915193555740939e-16f,-0.4391913561505364f,-4.043704388046641f,-2.0145700937856432f,0f,0f,0f,1f], start_interpolation: 0, interpolation_duration: 1 }
$data merge entity $(bone_weist) { transformation: [-1.0834689967404878f,-0.18988695901535105f,-0.006154339774755672f,0.2184127085502991f,-0.189986665590406f,1.0829003832406536f,0.03509739128603079f,1.7486732430998628f,-1.3292520836131004e-16f,0.03563288892509124f,-1.0994227108927903f,-4.6572794895232335f,0f,0f,0f,1f], start_interpolation: 0, interpolation_duration: 1 }
$data merge entity $(bone_right_fingers2) { transformation: [-0.8575788156485971f,-0.08208079809933763f,-0.507761083122885f,3.5066102322864476f,-0.27799470818188726f,-0.756612249199649f,0.5918250134827997f,0.6735453774394025f,-0.43275572459947537f,0.6486914882626598f,0.6260366090588944f,-10.02951173974098f,0f,0f,0f,1f], start_interpolation: 0, interpolation_duration: 1 }
$data merge entity $(bone_left_foot) { transformation: [-0.8575788156485971f,-0.5118269151050889f,-0.050909566141911694f,3.021642378860791f,-0.27799470818188726f,0.3779478505091315f,0.8831049566831765f,0.8666667634953078f,-0.43275572459947537f,0.7714846928290513f,-0.46640524392082866f,-9.181371176498692f,0f,0f,0f,1f], start_interpolation: 0, interpolation_duration: 1 }
$data merge entity $(bone_left_knee) { transformation: [-1.359274571836248f,-0.4122751507692137f,0.7033290460031026f,2.301664826163626f,-0.4406255507266572f,1.5219958193264493f,0.04059259210334232f,0.2601642440644991f,-0.685923954196267f,-0.16071040583938656f,-1.4198416823888236f,-7.327906121637278f,0f,0f,0f,1f], start_interpolation: 0, interpolation_duration: 1 }
$data merge entity $(bone_left_thigh) { transformation: [-1.3752591263109246f,-0.7495341008697102f,-0.34433265985534667f,1.1944137095139866f,-0.4458071404249107f,0.11218225785313148f,1.5363512450218695f,1.350859972502781f,-0.6939901602730306f,1.4132649384200826f,-0.3045716414701221f,-5.90445739413707f,0f,0f,0f,1f], start_interpolation: 0, interpolation_duration: 1 }
$data merge entity $(bone_left_leg) { transformation: [-0.8575788156485971f,-0.3657666814560294f,-0.3616259250764429f,0.7977253361212208f,-0.27799470818188726f,-0.2619308203351886f,0.924181360762812f,1.4889299014289714f,-0.43275572459947537f,0.8930884503201117f,0.1229451208108904f,-5.698766675851158f,0f,0f,0f,1f], start_interpolation: 0, interpolation_duration: 1 }
$data merge entity $(bone_left_fingers2) { transformation: [-0.9009994383792859f,0.33461285058845974f,0.2761055092917865f,-2.492241606717922f,-0.03037260058992114f,-0.6835448729064106f,0.7292762932227843f,-0.41110132025704205f,0.4327557245994752f,0.6486914882626598f,0.6260366090588945f,-9.99921128585381f,0f,0f,0f,1f], start_interpolation: 0, interpolation_duration: 1 }
$data merge entity $(bone_right_foot) { transformation: [-0.9009994383792859f,0.35269814520813253f,-0.25259459694727193f,-2.1019148915671f,-0.03037260058992114f,0.5295426206616495f,0.8477394163516275f,-0.06449672702721809f,0.4327557245994752f,0.7714846928290514f,-0.4664052439208287f,-9.151070722611522f,0f,0f,0f,1f], start_interpolation: 0, interpolation_duration: 1 }
$data merge entity $(bone_right_knee) { transformation: [-1.4280968739898785f,-0.13016412017702533f,-0.6751788865574118f,-1.2193429601306573f,-0.04814100221353336f,1.5714640867062502f,-0.20112925354705616f,-0.35861494449666065f,0.6859239541962666f,-0.16071040583938653f,-1.4198416823888238f,-7.297093388976706f,0f,0f,0f,1f], start_interpolation: 0, interpolation_duration: 1 }
$data merge entity $(bone_right_thigh) { transformation: [-1.444890752688403f,0.6666473204159669f,-0.1989373682566019f,-0.557641786274947f,-0.04870712217802899f,0.3605101628606357f,1.5618463599965406f,1.025113293002935f,0.6939901602730303f,1.4132649384200826f,-0.3045716414701221f,-5.892425809676435f,0f,0f,0f,1f], start_interpolation: 0, interpolation_duration: 1 }
$data merge entity $(bone_right_leg) { transformation: [-0.9009994383792859f,0.4330637678543602f,0.025608299670155855f,-0.23796267786301162f,-0.03037260058992114f,-0.12185562308160448f,0.99208301681704f,1.3073216477911023f,0.4327557245994752f,0.8930884503201119f,0.12294512081089046f,-5.698766675851158f,0f,0f,0f,1f], start_interpolation: 0, interpolation_duration: 1 }
execute on vehicle unless entity @s[tag=aj.transforms_only] at @s run function animated_java:jaw/animations/run/zzz/frames/zzz/10