# This file was generated by Animated Java via MC-Build. It is not recommended to edit this file directly.
$data merge entity $(bone_neck) { transformation: [-0.9885917001950789f,-0.1455002965945284f,-0.03893730853959217f,0.08019459341391903f,-0.15062021878022594f,0.9549872304936329f,0.25556396320431746f,2.7436520347767903f,-1.2106756613075431e-16f,0.25851315882369535f,-0.9660077363639459f,-1.2202274537945013f,0f,0f,0f,1f], start_interpolation: 0, interpolation_duration: 1 }
$data merge entity $(bone_left_fingers_2) { transformation: [-0.9768056250839376f,-0.18542747988078218f,0.10708604255195942f,2.885952780273541f,-0.20889385284184403f,0.715306420904398f,-0.6668583676147659f,1.9697918097732505f,0.047054532717560146f,-0.67376062063466f,-0.7374499962931249f,2.113528783128572f,0f,0f,0f,1f], start_interpolation: 0, interpolation_duration: 1 }
$data merge entity $(bone_left_fingers) { transformation: [-0.9768056250839376f,-0.18542747988078218f,0.10708604255195942f,2.9600273043693845f,-0.20889385284184403f,0.715306420904398f,-0.6668583676147659f,1.5924766360450635f,0.047054532717560146f,-0.67376062063466f,-0.7374499962931249f,1.683975934631325f,0f,0f,0f,1f], start_interpolation: 0, interpolation_duration: 1 }
$data merge entity $(bone_left_index_finger_2) { transformation: [-0.8169903397136821f,-0.18542747988078218f,0.5460251226084607f,2.217814183778314f,-0.49321203692534954f,0.715306420904398f,-0.4950541494067977f,1.7132245691215113f,-0.2987786328479164f,-0.67376062063466f,-0.6758535008679971f,2.025021178726658f,0f,0f,0f,1f], start_interpolation: 0, interpolation_duration: 1 }
$data merge entity $(bone_left_index_finger) { transformation: [-0.8169903397136821f,-0.18542747988078218f,0.5460251226084607f,2.531427824158192f,-0.49321203692534954f,0.715306420904398f,-0.4950541494067977f,1.4320516340872744f,-0.2987786328479164f,-0.67376062063466f,-0.6758535008679971f,1.6316147377911163f,0f,0f,0f,1f], start_interpolation: 0, interpolation_duration: 1 }
$data merge entity $(bone_left_thumb) { transformation: [-0.5809682027883579f,-0.11564894759278493f,0.8056682122744739f,2.578448300319751f,-0.6327862027156179f,0.6867418903713775f,-0.3577250308014467f,0.6885935271702166f,-0.5119155877697167f,-0.717642596930971f,-0.4721562602238347f,1.2166659972647247f,0f,0f,0f,1f], start_interpolation: 0, interpolation_duration: 1 }
$data merge entity $(bone_left_hand) { transformation: [-0.9304737697936336f,-0.18542747988078218f,0.31596710814748796f,3.098947845383781f,-0.3482768020793247f,0.715306420904398f,-0.6058382567536811f,1.0348829709548675f,-0.11367424008729111f,-0.67376062063466f,-0.730153951727014f,1.2270563992797046f,0f,0f,0f,1f], start_interpolation: 0, interpolation_duration: 1 }
$data merge entity $(bone_left_forearm) { transformation: [-1.8678478361294246f,-0.6093683148680034f,0.3809634513339184f,3.1918848877449486f,-0.6854098220008722f,1.8294824695694831f,-0.4341954661133322f,1.4226287791593033f,-0.2160469169464204f,-0.5357075542901845f,-1.9161575037833063f,-0.9535724168463768f,0f,0f,0f,1f], start_interpolation: 0, interpolation_duration: 1 }
$data merge entity $(bone_left_bicep) { transformation: [-2.3043139036327784f,-0.5297694609919332f,0.710897217897246f,1.52657813837962f,-0.845571760168605f,1.9083871783300637f,-1.3186962799218962f,4.1696876581276285f,-0.26653130138708847f,-1.4742102287241117f,-1.9625387562020706f,-3.2936956335784027f,0f,0f,0f,1f], start_interpolation: 0, interpolation_duration: 1 }
$data merge entity $(bone_left_shoulder) { transformation: [-1.150554974971639f,-0.26451643067005015f,0.3549543877054698f,1.513237088362001f,-0.42219803205794243f,0.9528668636413594f,-0.6584313721098483f,2.4623847396181153f,-0.13308035607176977f,-0.7360802320111806f,-0.9799050059816796f,-1.8586095438744281f,0f,0f,0f,1f], start_interpolation: 0, interpolation_duration: 1 }
$data merge entity $(bone_right_fingers_2) { transformation: [-0.9946945029483565f,-0.03600687042277555f,0.09636571530725822f,-2.3678002925145702f,-0.09148069061312405f,0.7380719012158334f,-0.6684916991860039f,1.169338526594228f,-0.047054532717560354f,-0.67376062063466f,-0.7374499962931248f,2.1135308042772514f,0f,0f,0f,1f], start_interpolation: 0, interpolation_duration: 1 }
$data merge entity $(bone_right_fingers) { transformation: [-0.9946945029483565f,-0.03600687042277555f,0.09636571530725822f,-2.326147588068184f,-0.09148069061312405f,0.7380719012158334f,-0.6684916991860039f,0.7870810554112072f,-0.047054532717560354f,-0.67376062063466f,-0.7374499962931248f,1.6839751903425186f,0f,0f,0f,1f], start_interpolation: 0, interpolation_duration: 1 }
$data merge entity $(bone_right_index_finger_2) { transformation: [-0.9268015352245474f,-0.03600687042277555f,-0.3738213739044085f,-1.6535696437188252f,0.22753075145780247f,0.7380719012158334f,-0.6352004610960957f,1.1233862909163732f,0.29877863284791617f,-0.67376062063466f,-0.6758535008679971f,2.025022716168951f,0f,0f,0f,1f], start_interpolation: 0, interpolation_duration: 1 }
$data merge entity $(bone_right_index_finger) { transformation: [-0.9268015352245474f,-0.03600687042277555f,-0.3738213739044085f,-1.8692193560835917f,0.22753075145780247f,0.7380719012158334f,-0.6352004610960957f,0.7615756548302022f,0.29877863284791617f,-0.67376062063466f,-0.6758535008679971f,1.6316162752334096f,0f,0f,0f,1f], start_interpolation: 0, interpolation_duration: 1 }
$data merge entity $(bone_right_thumb) { transformation: [-0.7430541237025741f,-0.09411272266722971f,-0.6625808363367907f,-1.6927017301973724f,0.4310603208913871f,0.6900231144696044f,-0.5814250607349855f,0.037847522400179884f,0.5119155877697165f,-0.717642596930971f,-0.4721562602238349f,1.2166675347070177f,0f,0f,0f,1f], start_interpolation: 0, interpolation_duration: 1 }
$data merge entity $(bone_right_hand) { transformation: [-0.9919736297505993f,-0.03600687042277555f,-0.12120983112676295f,-2.2927110121251846f,0.055375852318478094f,0.7380719012158334f,-0.6724458220672108f,0.21341806915850337f,0.11367424008729089f,-0.67376062063466f,-0.730153951727014f,1.2270579367219976f,0f,0f,0f,1f], start_interpolation: 0, interpolation_duration: 1 }
$data merge entity $(bone_right_forearm) { transformation: [-1.9872178775837255f,0.03689272051962847f,-0.2343732203364013f,-2.496903828567747f,0.0980587157699086f,1.9279477477857212f,-0.5279476700356608f,0.555889886525621f,0.21604714184582732f,-0.5357081119482763f,-1.91615949845508f,-0.9535730349246072f,0f,0f,0f,1f], start_interpolation: 0, interpolation_duration: 1 }
$data merge entity $(bone_right_bicep) { transformation: [-2.4515749781593636f,-0.06259266269278245f,-0.2859289907109895f,-1.7252411570643402f,0.12097228828489162f,1.9795654732267112f,-1.4705710949712316f,3.6742457748740267f,0.2665313013870879f,-1.4742102287241114f,-1.9625387562020709f,-3.293695633578403f,0f,0f,0f,1f], start_interpolation: 0, interpolation_duration: 1 }
$data merge entity $(bone_right_shoulder) { transformation: [-1.224083135197171f,-0.0312528164432667f,-0.14276571531010265f,-1.2040641385565793f,0.06040204327216798f,0.9884065273886591f,-0.7342631950886664f,2.0483811573409327f,0.13308035607176952f,-0.7360802320111804f,-0.9799050059816797f,-1.8586095438744286f,0f,0f,0f,1f], start_interpolation: 0, interpolation_duration: 1 }
$data merge entity $(bone_chest) { transformation: [-4.021081911667981f,-0.603371677035634f,-0.10619371089092013f,0.14169547009215477f,-0.6126454805852873f,3.9602135548652044f,0.6969995266894565f,2.3399927071566466f,-4.924405092233512e-16f,0.7050428670925698f,-4.005914225340689f,-1.2377607510796156f,0f,0f,0f,1f], start_interpolation: 0, interpolation_duration: 1 }
$data merge entity $(bone_weist) { transformation: [-1.0874508702145866f,-0.16202238795414117f,-0.03463164262889571f,0.045746933158953576f,-0.16568224065824852f,1.063429526755404f,0.22730384236796253f,2.969748313848654f,-1.3317432274382972e-16f,0.22992691757690123f,-1.0757014514137202f,-3.804632060990063f,0f,0f,0f,1f], start_interpolation: 0, interpolation_duration: 1 }
$data merge entity $(bone_right_fingers2) { transformation: [-0.9124865373555813f,-0.20599437075077148f,-0.35346094319431554f,2.7904685361625594f,-0.2580646828271959f,-0.38057695245080253f,0.8880111501217531f,0.08905565453458164f,-0.3174443866602781f,0.9015140057049881f,0.29411147358718687f,-8.214972404350084f,0f,0f,0f,1f], start_interpolation: 0, interpolation_duration: 1 }
$data merge entity $(bone_left_foot) { transformation: [-0.9124865373555813f,-0.40530066287155f,0.05567487602773462f,2.38833270796334f,-0.2580646828271959f,0.675839370269837f,0.6903939202155313f,0.6112929855167019f,-0.3174443866602781f,0.6156074384452748f,-0.7212881137996987f,-7.4683888193225325f,0f,0f,0f,1f], start_interpolation: 0, interpolation_duration: 1 }
$data merge entity $(bone_left_knee) { transformation: [-1.4463040886012088f,-0.17439409262177638f,0.6245487109009846f,1.6807674904003447f,-0.40903617819744553f,1.4299354880331494f,-0.5479450825795f,0.7793509053090153f,-0.5031538499853517f,-0.6611664760527823f,-1.3498018383166068f,-5.520553001323876f,0f,0f,0f,1f], start_interpolation: 0, interpolation_duration: 1 }
$data merge entity $(bone_left_thigh) { transformation: [-1.463312077252069f,-0.6550877310524847f,0.03580283094746812f,0.9207806045606537f,-0.4138462888314421f,0.9895888720643788f,1.192119594259697f,2.6644265879425535f,-0.5090707488157105f,1.078553634466997f,-1.0720415308136868f,-4.964031997408662f,0f,0f,0f,1f], start_interpolation: 0, interpolation_duration: 1 }
$data merge entity $(bone_left_leg) { transformation: [-0.9124865373555813f,-0.39149757816081704f,-0.1187348535141906f,0.576857593324074f,-0.2580646828271959f,0.32561928151598085f,0.9096013978563992f,2.9743520083675463f,-0.3174443866602781f,0.8606403022164552f,-0.398154909022416f,-4.897723336104039f,0f,0f,0f,1f], start_interpolation: 0, interpolation_duration: 1 }
$data merge entity $(bone_left_fingers2) { transformation: [-0.9479370186334768f,0.30998506987791563f,0.07297030325453793f,-1.7041049563659658f,-0.025386415307314586f,-0.30196316657918776f,0.9529815192055482f,-0.6078619739504512f,0.31744438666027786f,0.9015140057049882f,0.2941114735871871f,-8.17860574994942f,0f,0f,0f,1f], start_interpolation: 0, interpolation_duration: 1 }
$data merge entity $(bone_right_foot) { transformation: [-0.9479370186334768f,0.18564346599830375f,-0.2587506758182712f,-1.4757394568862146f,-0.025386415307314586f,0.765874653754114f,0.6424885560497251f,0.010437510797970728f,0.31744438666027786f,0.615607438445275f,-0.7212881137996987f,-7.432022164921869f,0f,0f,0f,1f], start_interpolation: 0, interpolation_duration: 1 }
$data merge entity $(bone_right_knee) { transformation: [-1.5024936036418246f,-0.2593588900608431f,-0.4330309985391792f,-0.8542822099830968f,-0.040237827902977134f,1.4169903900959882f,-0.7090762019101315f,0.4111085588779524f,0.5031538499853514f,-0.6611664760527821f,-1.349801838316607f,-5.493636789961064f,0f,0f,0f,1f], start_interpolation: 0, interpolation_duration: 1 }
$data merge entity $(bone_right_thigh) { transformation: [-1.520162359721637f,0.33066117762804625f,-0.3891960935136533f,-0.6918722584779092f,-0.04071100952895939f,1.1397759677668131f,1.1273674514174465f,2.4102475848480367f,0.50907074881571f,1.0785536344669973f,-1.0720415308136868f,-4.944364189393166f,0f,0f,0f,1f], start_interpolation: 0, interpolation_duration: 1 }
$data merge entity $(bone_right_leg) { transformation: [-0.9479370186334768f,0.27676353926209135f,-0.15753524062696653f,-0.46263669351404957f,-0.025386415307314586f,0.42743445525119905f,0.9036898341698635f,2.815976354522326f,0.31744438666027786f,0.8606403022164553f,-0.398154909022416f,-4.897723336104039f,0f,0f,0f,1f], start_interpolation: 0, interpolation_duration: 1 }