# This file was generated by Animated Java via MC-Build. It is not recommended to edit this file directly.
$data merge entity $(bone_neck) {transformation: [-0.9916f,-0.1207f,-0.0467f,0.0704f,-0.1294f,0.9247f,0.3581f,2.5984f,0f,0.3611f,-0.9325f,-1.334f,0f,0f,0f,1f],start_interpolation: 0,interpolation_duration: 1}
$data merge entity $(bone_left_fingers_2) {transformation: [-0.9891f,-0.1468f,-0.0077f,2.9168f,-0.1049f,0.7414f,-0.6628f,2.0354f,0.103f,-0.6548f,-0.7488f,2.3085f,0f,0f,0f,1f],start_interpolation: 0,interpolation_duration: 1}
$data merge entity $(bone_left_fingers) {transformation: [-0.9891f,-0.1468f,-0.0077f,2.9251f,-0.1049f,0.7414f,-0.6628f,1.6591f,0.103f,-0.6548f,-0.7488f,1.8717f,0f,0f,0f,1f],start_interpolation: 0,interpolation_duration: 1}
$data merge entity $(bone_left_index_finger_2) {transformation: [-0.8809f,-0.1468f,0.4499f,2.2211f,-0.3991f,0.7414f,-0.5395f,1.8525f,-0.2543f,-0.6548f,-0.7117f,2.2574f,0f,0f,0f,1f],start_interpolation: 0,interpolation_duration: 1}
$data merge entity $(bone_left_index_finger) {transformation: [-0.8809f,-0.1468f,0.4499f,2.4795f,-0.3991f,0.7414f,-0.5395f,1.5459f,-0.2543f,-0.6548f,-0.7117f,1.8434f,0f,0f,0f,1f],start_interpolation: 0,interpolation_duration: 1}
$data merge entity $(bone_left_thumb) {transformation: [-0.6739f,-0.0832f,0.7341f,2.4227f,-0.5595f,0.7063f,-0.4336f,0.8082f,-0.4824f,-0.703f,-0.5225f,1.4194f,0f,0f,0f,1f],start_interpolation: 0,interpolation_duration: 1}
$data merge entity $(bone_left_hand) {transformation: [-0.9674f,-0.1468f,0.2066f,2.9769f,-0.2459f,0.7414f,-0.6244f,1.0972f,-0.0615f,-0.6548f,-0.7533f,1.4021f,0f,0f,0f,1f],start_interpolation: 0,interpolation_duration: 1}
$data merge entity $(bone_left_forearm) {transformation: [-1.9435f,-0.419f,0.2293f,3.0032f,-0.4669f,1.8689f,-0.5425f,1.394f,-0.1006f,-0.5804f,-1.9127f,-0.7987f,0f,0f,0f,1f],start_interpolation: 0,interpolation_duration: 1}
$data merge entity $(bone_left_bicep) {transformation: [-1.2529f,-0.1328f,0.2778f,1.8986f,-0.301f,0.7734f,-0.9878f,2.3611f,-0.0648f,-1.0241f,-0.7821f,-1.9242f,0f,0f,0f,1f],start_interpolation: 0,interpolation_duration: 1}
$data merge entity $(bone_left_shoulder) {transformation: [-1.1972f,-0.1269f,0.2654f,1.4879f,-0.2876f,0.739f,-0.9439f,2.3567f,-0.0619f,-0.9785f,-0.7473f,-2.0221f,0f,0f,0f,1f],start_interpolation: 0,interpolation_duration: 1}
$data merge entity $(bone_right_fingers_2) {transformation: [-0.9829f,-0.0483f,0.1775f,-2.5361f,-0.1524f,0.7543f,-0.6386f,1.3238f,-0.103f,-0.6548f,-0.7488f,2.3085f,0f,0f,0f,1f],start_interpolation: 0,interpolation_duration: 1}
$data merge entity $(bone_right_fingers) {transformation: [-0.9829f,-0.0483f,0.1775f,-2.4476f,-0.1524f,0.7543f,-0.6386f,0.958f,-0.103f,-0.6548f,-0.7488f,1.8717f,0f,0f,0f,1f],start_interpolation: 0,interpolation_duration: 1}
$data merge entity $(bone_right_index_finger_2) {transformation: [-0.9538f,-0.0483f,-0.2964f,-1.8168f,0.1597f,0.7543f,-0.6369f,1.3255f,0.2543f,-0.6548f,-0.7117f,2.2574f,0f,0f,0f,1f],start_interpolation: 0,interpolation_duration: 1}
$data merge entity $(bone_right_index_finger) {transformation: [-0.9538f,-0.0483f,-0.2964f,-1.9879f,0.1597f,0.7543f,-0.6369f,0.9629f,0.2543f,-0.6548f,-0.7117f,1.8434f,0f,0f,0f,1f],start_interpolation: 0,interpolation_duration: 1}
$data merge entity $(bone_right_thumb) {transformation: [-0.795f,-0.1009f,-0.5982f,-1.7437f,0.3678f,0.704f,-0.6075f,0.2645f,0.4824f,-0.703f,-0.5225f,1.4194f,0f,0f,0f,1f],start_interpolation: 0,interpolation_duration: 1}
$data merge entity $(bone_right_hand) {transformation: [-0.9981f,-0.0483f,-0.0394f,-2.3535f,-0.0106f,0.7543f,-0.6565f,0.4016f,0.0615f,-0.6548f,-0.7533f,1.4021f,0f,0f,0f,1f],start_interpolation: 0,interpolation_duration: 1}
$data merge entity $(bone_right_forearm) {transformation: [-1.9982f,-0.0747f,-0.0824f,-2.455f,-0.0475f,1.9139f,-0.5832f,0.6817f,0.1006f,-0.5804f,-1.9127f,-0.7987f,0f,0f,0f,1f],start_interpolation: 0,interpolation_duration: 1}
$data merge entity $(bone_right_bicep) {transformation: [-1.2882f,-0.0701f,-0.015f,-1.6356f,-0.0306f,0.7816f,-1.026f,1.8999f,0.0648f,-1.0241f,-0.7821f,-1.9242f,0f,0f,0f,1f],start_interpolation: 0,interpolation_duration: 1}
$data merge entity $(bone_right_shoulder) {transformation: [-1.2309f,-0.067f,-0.0143f,-1.2376f,-0.0292f,0.7468f,-0.9804f,2.001f,0.0619f,-0.9785f,-0.7473f,-2.0221f,0f,0f,0f,1f],start_interpolation: 0,interpolation_duration: 1}
$data merge entity $(bone_chest) {transformation: [-4.0333f,-0.5055f,-0.1466f,0.1227f,-0.5263f,3.8738f,1.1231f,2.1978f,0f,1.1326f,-3.9066f,-1.3954f,0f,0f,0f,1f],start_interpolation: 0,interpolation_duration: 1}
$data merge entity $(bone_weist) {transformation: [-1.0908f,-0.1355f,-0.0436f,0.005f,-0.1423f,1.0383f,0.3341f,3.1f,0f,0.3369f,-1.0471f,-3.8787f,0f,0f,0f,1f],start_interpolation: 0,interpolation_duration: 1}
$data merge entity $(bone_right_fingers2) {transformation: [-0.9156f,-0.329f,-0.2314f,2.5741f,-0.3537f,0.3848f,0.8525f,-1.1935f,-0.1914f,0.8624f,-0.4687f,-5.4711f,0f,0f,0f,1f],start_interpolation: 0,interpolation_duration: 1}
$data merge entity $(bone_left_foot) {transformation: [-0.9156f,-0.355f,0.1891f,2.1944f,-0.3537f,0.9344f,0.0414f,-0.2885f,-0.1914f,-0.029f,-0.9811f,-5.3019f,0f,0f,0f,1f],start_interpolation: 0,interpolation_duration: 1}
$data merge entity $(bone_left_knee) {transformation: [-1.4512f,0.0097f,0.6374f,1.4016f,-0.5607f,0.7348f,-1.2876f,1.0707f,-0.3034f,-1.4043f,-0.6694f,-3.9381f,0f,0f,0f,1f],start_interpolation: 0,interpolation_duration: 1}
$data merge entity $(bone_left_thigh) {transformation: [-1.4682f,-0.6007f,0.2349f,0.8294f,-0.5673f,1.4806f,0.2404f,2.9193f,-0.307f,0.137f,-1.568f,-4.7757f,0f,0f,0f,1f],start_interpolation: 0,interpolation_duration: 1}
$data merge entity $(bone_left_leg) {transformation: [-0.9156f,-0.4021f,0.0096f,0.5197f,-0.3537f,0.8163f,0.4566f,3.2183f,-0.1914f,0.4147f,-0.8896f,-4.9587f,0f,0f,0f,1f],start_interpolation: 0,interpolation_duration: 1}
$data merge entity $(bone_left_fingers2) {transformation: [-0.9757f,0.2192f,0.0049f,-1.3678f,0.1069f,0.4564f,0.8834f,-1.694f,0.1914f,0.8624f,-0.4687f,-5.4361f,0f,0f,0f,1f],start_interpolation: 0,interpolation_duration: 1}
$data merge entity $(bone_right_foot) {transformation: [-0.9757f,0.1033f,-0.1934f,-1.233f,0.1069f,0.9942f,-0.0085f,-0.7219f,0.1914f,-0.029f,-0.9811f,-5.2669f,0f,0f,0f,1f],start_interpolation: 0,interpolation_duration: 1}
$data merge entity $(bone_right_knee) {transformation: [-1.5464f,-0.198f,-0.2856f,-0.8188f,0.1695f,0.7077f,-1.4081f,0.8127f,0.3034f,-1.4043f,-0.6694f,-3.9289f,0f,0f,0f,1f],start_interpolation: 0,interpolation_duration: 1}
$data merge entity $(bone_right_thigh) {transformation: [-1.5646f,0.2006f,-0.2888f,-0.7407f,0.1715f,1.5851f,0.1721f,2.7209f,0.307f,0.137f,-1.568f,-4.7553f,0f,0f,0f,1f],start_interpolation: 0,interpolation_duration: 1}
$data merge entity $(bone_right_leg) {transformation: [-0.9757f,0.1791f,-0.1264f,-0.5229f,0.1069f,0.8922f,0.4389f,3.0822f,0.1914f,0.4147f,-0.8896f,-4.9587f,0f,0f,0f,1f],start_interpolation: 0,interpolation_duration: 1}