# This file was generated by Animated Java via MC-Build. It is not recommended to edit this file directly.
$data merge entity $(bone_neck) { transformation: [-0.9947342984468585f,-0.09321635481759427f,-0.04259561817789086f,-0.11258506146604272f,-0.10248744066194793f,0.9047499353516458f,0.41342941233995f,2.2802531825588312f,-1.2181981745950332e-16f,0.4156179323317427f,-0.9095392978449512f,-1.5390374939067442f,0f,0f,0f,1f], start_interpolation: 0, interpolation_duration: 1 }
$data merge entity $(bone_left_fingers_2) { transformation: [-0.9875427312353547f,-0.12400561728759459f,-0.09686052273934201f,2.8684297692155427f,-0.03675924458771357f,0.7803494012191075f,-0.6242624207449312f,1.7509662865672468f,0.15299709775533854f,-0.6129252963437744f,-0.7751867318139161f,2.235111050288379f,0f,0f,0f,1f], start_interpolation: 0, interpolation_duration: 1 }
$data merge entity $(bone_left_fingers) { transformation: [-0.9875427312353547f,-0.12400561728759459f,-0.09686052273934201f,2.825468348698913f,-0.03675924458771357f,0.7803494012191075f,-0.6242624207449312f,1.3962094709322468f,0.15299709775533854f,-0.6129252963437744f,-0.7751867318139161f,1.7827048796790863f,0f,0f,0f,1f], start_interpolation: 0, interpolation_duration: 1 }
$data merge entity $(bone_left_index_finger_2) { transformation: [-0.9206863128842804f,-0.12400561728759459f,0.37008015368116104f,2.15913936849595f,-0.32085815524246714f,0.7803494012191075f,-0.5367539997348709f,1.6222704423307581f,-0.22223131525946122f,-0.6129252963437744f,-0.7582452265724768f,2.2147631692556833f,0f,0f,0f,1f], start_interpolation: 0, interpolation_duration: 1 }
$data merge entity $(bone_left_index_finger) { transformation: [-0.9206863128842804f,-0.12400561728759459f,0.37008015368116104f,2.3717073615732667f,-0.32085815524246714f,0.7803494012191075f,-0.5367539997348709f,1.3174412043574846f,-0.22223131525946122f,-0.6129252963437744f,-0.7582452265724768f,1.7742244688065951f,0f,0f,0f,1f], start_interpolation: 0, interpolation_duration: 1 }
$data merge entity $(bone_left_thumb) { transformation: [-1.2698724761925264f,-0.11309652847160846f,1.15356656652115f,1.9426739101629371f,-0.834025771113283f,1.2774326868959527f,-0.7928742003040233f,2.4601737658318075f,-0.8049271154996693f,-1.145188918753811f,-0.9983573673970277f,-0.1332243734827252f,0f,0f,0f,1f], start_interpolation: 0, interpolation_duration: 1 }
$data merge entity $(bone_left_hand) { transformation: [-0.9850984795129364f,-0.12400561728759459f,0.11917882589799075f,2.8100652088383073f,-0.17100302105782825f,0.7803494012191075f,-0.6015087520610792f,0.8548375589484288f,-0.018410661324268544f,-0.6129252963437744f,-0.7899263438140925f,1.287059572985065f,0f,0f,0f,1f], start_interpolation: 0, interpolation_duration: 1 }
$data merge entity $(bone_left_forearm) { transformation: [-1.9781611973830342f,-0.2899919755799066f,0.0900075808922559f,2.7538526910564096f,-0.3036244191310162f,1.8949969986373092f,-0.5675535398653051f,1.1381682272830596f,-0.0029870765249864553f,-0.5746385495296574f,-1.9170550456674376f,-0.9190379044743411f,0f,0f,0f,1f], start_interpolation: 0, interpolation_duration: 1 }
$data merge entity $(bone_left_bicep) { transformation: [-2.4404045461231796f,-0.17923767527770157f,0.3289264503067883f,1.6039890148298788f,-0.3745733228119059f,1.1889767466768446f,-2.131178599833542f,2.95405415052476f,-0.0036850763935914292f,-2.1564093429383617f,-1.2024052014978899f,-4.262266396023451f,0f,0f,0f,1f], start_interpolation: 0, interpolation_duration: 1 }
$data merge entity $(bone_left_shoulder) { transformation: [-1.2185056849498102f,-0.08949423022097727f,0.16423455294159756f,1.2936650421923221f,-0.1870262551354098f,0.5936617875099378f,-1.0641076880740539f,2.041044991339671f,-0.0018399763031906975f,-1.0767055190187513f,-0.6003666793548285f,-2.2511357112396153f,0f,0f,0f,1f], start_interpolation: 0, interpolation_duration: 1 }
$data merge entity $(bone_right_fingers_2) { transformation: [-0.9742921206664129f,-0.037709178513927626f,0.2221100661004554f,-2.9230582175221587f,-0.16536853293715598f,0.7892405203470622f,-0.5913988919134965f,1.1542695010636228f,-0.1529970977553388f,-0.6129252963437744f,-0.775186731813916f,2.235114792336145f,0f,0f,0f,1f], start_interpolation: 0, interpolation_duration: 1 }
$data merge entity $(bone_right_fingers) { transformation: [-0.9742921206664129f,-0.037709178513927626f,0.2221100661004554f,-2.808665135546652f,-0.16536853293715598f,0.7892405203470622f,-0.5913988919134965f,0.815722610864266f,-0.1529970977553388f,-0.6129252963437744f,-0.775186731813916f,1.782705714776608f,0f,0f,0f,1f], start_interpolation: 0, interpolation_duration: 1 }
$data merge entity $(bone_right_index_finger_2) { transformation: [-0.9667666807187185f,-0.037709178513927626f,-0.25286400081450167f,-2.20242680567424f,0.12639393802774576f,0.7892405203470622f,-0.6009359146133114f,1.172898066673285f,0.22223131525946097f,-0.6129252963437744f,-0.758245226572477f,2.2147664728730296f,0f,0f,0f,1f], start_interpolation: 0, interpolation_duration: 1 }
$data merge entity $(bone_right_index_finger) { transformation: [-0.9667666807187185f,-0.037709178513927626f,-0.25286400081450167f,-2.348375984773122f,0.12639393802774576f,0.7892405203470622f,-0.6009359146133114f,0.8311308167433837f,0.22223131525946097f,-0.6129252963437744f,-0.758245226572477f,1.7742277724239413f,0f,0f,0f,1f], start_interpolation: 0, interpolation_duration: 1 }
$data merge entity $(bone_right_thumb) { transformation: [-1.4132499583324067f,-0.14974216360281928f,-0.9676696717641098f,-2.161353467813278f,0.5575837586819545f,1.2736570883648737f,-1.0114250972024963f,2.0373356035158174f,0.8049271154996691f,-1.145188918753811f,-0.9983573673970281f,-0.1332210698653793f,0f,0f,0f,1f], start_interpolation: 0, interpolation_duration: 1 }
$data merge entity $(bone_right_hand) { transformation: [-0.9992709241335803f,-0.037709178513927626f,0.0059697602150451095f,-2.6832022725881823f,-0.033446490560647565f,0.7892405203470622f,-0.6131726782167282f,0.2888660364076382f,0.0184106613242683f,-0.6129252963437744f,-0.7899263438140925f,1.2870628766024108f,0f,0f,0f,1f], start_interpolation: 0, interpolation_duration: 1 }
$data merge entity $(bone_right_forearm) { transformation: [-1.9985150175477961f,-0.1024815396953377f,0.027604906885666046f,-2.685940288743291f,-0.10609229103827843f,1.9143181961635418f,-0.573983485690987f,0.577702274498249f,0.002987079634457513f,-0.5746391477139366f,-1.9170570412735302f,-0.9190366969897155f,0f,0f,0f,1f], start_interpolation: 0, interpolation_duration: 1 }
$data merge entity $(bone_right_bicep) { transformation: [-2.4655119429849597f,-0.06695469496297697f,0.11252124470519337f,-1.930483479078205f,-0.1308830848489013f,1.200545258288759f,-2.153474820746664f,2.589897570665918f,0.0036850763935908294f,-2.1564093429383617f,-1.2024052014978899f,-4.262266396023452f,0f,0f,0f,1f], start_interpolation: 0, interpolation_duration: 1 }
$data merge entity $(bone_right_shoulder) { transformation: [-1.2310419285242498f,-0.03343080005979872f,0.05618239671316622f,-1.4405200911587468f,-0.06535055149176268f,0.5994380007971648f,-1.0752402980254223f,1.759341990799102f,0.0018399763031903982f,-1.0767055190187513f,-0.6003666793548285f,-2.2511357112396158f,0f,0f,0f,1f], start_interpolation: 0, interpolation_duration: 1 }
$data merge entity $(bone_chest) { transformation: [-4.04606683791812f,-0.3928136672828717f,-0.13955210897742099f,-0.07161974186000841f,-0.41686612758086333f,3.812615723655619f,1.3544807863660089f,1.882647308163242f,-4.955002802192679e-16f,1.3616508332736137f,-3.832798094534889f,-1.624255088077905f,0f,0f,0f,1f], start_interpolation: 0, interpolation_duration: 1 }
$data merge entity $(bone_weist) { transformation: [-1.0942077282915443f,-0.10538292398352254f,-0.04004855402809237f,-0.17976206708554102f,-0.11273618472814273f,1.0228376109303017f,0.3887078264189383f,2.9322674305981336f,-1.3400179920545366e-16f,0.3907654808181967f,-1.0282520795023582f,-4.0493797041781985f,0f,0f,0f,1f], start_interpolation: 0, interpolation_duration: 1 }
$data merge entity $(bone_right_fingers2) { transformation: [-0.9122882878199198f,-0.4054203506025188f,-0.058003613886806554f,2.1068591194763076f,-0.39759722127213293f,0.8427735588755817f,0.36283491851924166f,-0.9238285574891009f,-0.09821674777387829f,0.35407212228233526f,-0.9300464518932405f,-3.002213758373576f,0f,0f,0f,1f], start_interpolation: 0, interpolation_duration: 1 }
$data merge entity $(bone_left_foot) { transformation: [-0.9122882878199198f,-0.26029811236930234f,0.31618819175228075f,1.7939861061453586f,-0.39759722127213293f,0.7480540353201987f,-0.531348858922126f,-0.08570426336999759f,-0.09821674777387829f,-0.6104588871809018f,-0.785934741259462f,-3.4398097464287196f,0f,0f,0f,1f], start_interpolation: 0, interpolation_duration: 1 }
$data merge entity $(bone_left_knee) { transformation: [-1.44598986027865f,0.19847280208748502f,0.6180548352184444f,0.9549530786491266f,-0.6301972283436319f,-0.06729485578172319f,-1.4527879281943898f,1.7804672558059473f,-0.15567493662552387f,-1.5710982966545683f,0.14030454336827466f,-3.0375258230359816f,0f,0f,0f,1f], start_interpolation: 0, interpolation_duration: 1 }
$data merge entity $(bone_left_thigh) { transformation: [-1.4629941537233735f,-0.5108148617218962f,0.4128199325691288f,0.5982091863462843f,-0.6376081092171269f,1.3463910447229797f,-0.5936253593483304f,2.947880126409629f,-0.15750561495673915f,-0.705693520761608f,-1.431395350531535f,-4.758705943145134f,0f,0f,0f,1f], start_interpolation: 0, interpolation_duration: 1 }
$data merge entity $(bone_left_leg) { transformation: [-0.9122882878199198f,-0.3873665684101466f,0.1329557128699109f,0.3301239905601503f,-0.39759722127213293f,0.9155504680382802f,-0.060694234582573336f,3.113205212244427f,-0.09821674777387829f,-0.10823346133720851f,-0.9892618401129649f,-5.104439346567025f,0f,0f,0f,1f], start_interpolation: 0, interpolation_duration: 1 }
$data merge entity $(bone_left_fingers2) { transformation: [-0.9741918295879678f,0.225065769093013f,-0.017195311762751422f,-1.6235038251382161f,0.20323323945843627f,0.9077325221699691f,0.36703939648786527f,-1.2784971681859418f,0.09821674777387807f,0.3540721222823353f,-0.9300464518932404f,-2.98011383462064f,0f,0f,0f,1f], start_interpolation: 0, interpolation_duration: 1 }
$data merge entity $(bone_right_foot) { transformation: [-0.9741918295879678f,0.10230505351032194f,-0.20120625037582165f,-1.4880932545494927f,0.20323323945843627f,0.7854130270679913f,-0.5846559905543811f,-0.394186231786154f,0.09821674777387807f,-0.6104588871809017f,-0.7859347412594622f,-3.4177098226757834f,0f,0f,0f,1f], start_interpolation: 0, interpolation_duration: 1 }
$data merge entity $(bone_right_knee) { transformation: [-1.5441078509478483f,-0.18058229299265297f,-0.3088541543071112f,-1.0499252341262177f,0.3221275636791805f,-0.10634888923094787f,-1.5482873296037423f,1.6057624865316493f,0.15567493662552354f,-1.571098296654569f,0.14030454336827453f,-3.046497432375986f,0f,0f,0f,1f], start_interpolation: 0, interpolation_duration: 1 }
$data merge entity $(bone_right_thigh) { transformation: [-1.562265974824843f,0.22556085909117554f,-0.2831101133159035f,-0.9397246461563621f,0.32591566190165283f,1.422259809989809f,-0.6653270081141082f,2.8055166651482786f,0.1575056149567388f,-0.7056935207616079f,-1.4313953505315353f,-4.744937816923073f,0f,0f,0f,1f], start_interpolation: 0, interpolation_duration: 1 }
$data merge entity $(bone_right_leg) { transformation: [-0.9741918295879678f,0.1925523614991765f,-0.11778738151915133f,-0.715829176913737f,0.20323323945843627f,0.9752994955028211f,-0.08652828700010445f,3.0054406932627957f,0.09821674777387807f,-0.1082334613372084f,-0.989261840112965f,-5.104439346567025f,0f,0f,0f,1f], start_interpolation: 0, interpolation_duration: 1 }