# This file was generated by Animated Java via MC-Build. It is not recommended to edit this file directly.
$data merge entity $(bone_neck) {transformation: [-1f,-0.0001f,0f,0f,-0.0001f,0.9658f,0.2592f,2.2983f,0f,0.2592f,-0.9658f,-1.2316f,0f,0f,0f,1f],start_interpolation: 0,interpolation_duration: 1}
$data merge entity $(bone_left_fingers_2) {transformation: [-0.9855f,-0.018f,-0.1688f,2.8626f,-0.0332f,0.9956f,0.0879f,-1.426f,0.1665f,0.0922f,-0.9817f,1.0143f,0f,0f,0f,1f],start_interpolation: 0,interpolation_duration: 1}
$data merge entity $(bone_left_fingers) {transformation: [-0.9855f,-0.018f,-0.1688f,2.7788f,-0.0332f,0.9956f,0.0879f,-1.3692f,0.1665f,0.0922f,-0.9817f,0.4467f,0f,0f,0f,1f],start_interpolation: 0,interpolation_duration: 1}
$data merge entity $(bone_left_index_finger_2) {transformation: [-0.9521f,-0.018f,0.3053f,2.1429f,0.0111f,0.9956f,0.0933f,-1.4349f,-0.3057f,0.0922f,-0.9477f,0.9693f,0f,0f,0f,1f],start_interpolation: 0,interpolation_duration: 1}
$data merge entity $(bone_left_index_finger) {transformation: [-0.9521f,-0.018f,0.3053f,2.3188f,0.0111f,0.9956f,0.0933f,-1.3753f,-0.3057f,0.0922f,-0.9477f,0.4237f,0f,0f,0f,1f],start_interpolation: 0,interpolation_duration: 1}
$data merge entity $(bone_left_thumb) {transformation: [-0.7902f,0.0354f,0.6118f,2.0988f,0.0423f,0.9991f,-0.0032f,-1.5672f,-0.6114f,0.0233f,-0.791f,-0.3775f,0f,0f,0f,1f],start_interpolation: 0,interpolation_duration: 1}
$data merge entity $(bone_left_hand) {transformation: [-0.9987f,-0.018f,0.0485f,2.6989f,-0.0134f,0.9956f,0.093f,-1.4205f,-0.05f,0.0922f,-0.9945f,-0.2813f,0f,0f,0f,1f],start_interpolation: 0,interpolation_duration: 1}
$data merge entity $(bone_left_forearm) {transformation: [-2.0013f,-0.0002f,-0.0001f,2.6828f,-0.0002f,1.9085f,0.6025f,0.0625f,0f,0.6025f,-1.9085f,-1.9562f,0f,0f,0f,1f],start_interpolation: 0,interpolation_duration: 1}
$data merge entity $(bone_left_bicep) {transformation: [-1.2902f,-0.0001f,0f,1.7791f,-0.0001f,1.2706f,-0.2236f,1.688f,0f,-0.2236f,-1.2706f,-1.8747f,0f,0f,0f,1f],start_interpolation: 0,interpolation_duration: 1}
$data merge entity $(bone_left_shoulder) {transformation: [-1.2328f,-0.0001f,0f,1.3744f,-0.0001f,1.2141f,-0.2136f,1.808f,0f,-0.2136f,-1.2141f,-1.8698f,0f,0f,0f,1f],start_interpolation: 0,interpolation_duration: 1}
$data merge entity $(bone_right_fingers_2) {transformation: [-0.9855f,0.0178f,0.1688f,-2.8619f,0.033f,0.9956f,0.0879f,-1.4266f,-0.1665f,0.0922f,-0.9817f,1.0143f,0f,0f,0f,1f],start_interpolation: 0,interpolation_duration: 1}
$data merge entity $(bone_right_fingers) {transformation: [-0.9855f,0.0178f,0.1688f,-2.778f,0.033f,0.9956f,0.0879f,-1.3698f,-0.1665f,0.0922f,-0.9817f,0.4467f,0f,0f,0f,1f],start_interpolation: 0,interpolation_duration: 1}
$data merge entity $(bone_right_index_finger_2) {transformation: [-0.9521f,0.0178f,-0.3054f,-2.1422f,-0.0113f,0.9956f,0.0932f,-1.4353f,0.3057f,0.0922f,-0.9477f,0.9693f,0f,0f,0f,1f],start_interpolation: 0,interpolation_duration: 1}
$data merge entity $(bone_right_index_finger) {transformation: [-0.9521f,0.0178f,-0.3054f,-2.318f,-0.0113f,0.9956f,0.0932f,-1.3759f,0.3057f,0.0922f,-0.9477f,0.4237f,0f,0f,0f,1f],start_interpolation: 0,interpolation_duration: 1}
$data merge entity $(bone_right_thumb) {transformation: [-0.7902f,-0.0357f,-0.6118f,-2.098f,-0.0425f,0.9991f,-0.0034f,-1.5677f,0.6114f,0.0233f,-0.791f,-0.3775f,0f,0f,0f,1f],start_interpolation: 0,interpolation_duration: 1}
$data merge entity $(bone_right_hand) {transformation: [-0.9987f,0.0178f,-0.0485f,-2.6981f,0.0132f,0.9956f,0.093f,-1.421f,0.05f,0.0922f,-0.9945f,-0.2813f,0f,0f,0f,1f],start_interpolation: 0,interpolation_duration: 1}
$data merge entity $(bone_right_forearm) {transformation: [-2.0013f,-0.0002f,-0.0001f,-2.6824f,-0.0002f,1.9085f,0.6025f,0.0619f,0f,0.6025f,-1.9085f,-1.9562f,0f,0f,0f,1f],start_interpolation: 0,interpolation_duration: 1}
$data merge entity $(bone_right_bicep) {transformation: [-1.2902f,-0.0001f,0f,-1.779f,-0.0001f,1.2706f,-0.2236f,1.6877f,0f,-0.2236f,-1.2706f,-1.8747f,0f,0f,0f,1f],start_interpolation: 0,interpolation_duration: 1}
$data merge entity $(bone_right_shoulder) {transformation: [-1.2328f,-0.0001f,0f,-1.3743f,-0.0001f,1.2141f,-0.2136f,1.8077f,0f,-0.2136f,-1.2141f,-1.8698f,0f,0f,0f,1f],start_interpolation: 0,interpolation_duration: 1}
$data merge entity $(bone_chest) {transformation: [-4.0675f,-0.0004f,-0.0001f,0f,-0.0004f,4.0054f,0.7078f,1.89f,0f,0.7078f,-4.0054f,-1.2494f,0f,0f,0f,1f],start_interpolation: 0,interpolation_duration: 1}
$data merge entity $(bone_weist) {transformation: [-1.1f,-0.0001f,0f,-0.0001f,-0.0001f,1.0832f,0.1914f,2.5288f,0f,0.1914f,-1.0832f,-3.8158f,0f,0f,0f,1f],start_interpolation: 0,interpolation_duration: 1}
$data merge entity $(bone_right_fingers2) {transformation: [-1f,-0.0001f,0f,0.7483f,-0.0001f,0.9065f,-0.4223f,-0.6453f,0f,-0.4223f,-0.9065f,-1.2943f,0f,0f,0f,1f],start_interpolation: 0,interpolation_duration: 1}
$data merge entity $(bone_left_foot) {transformation: [-1f,0f,0.0001f,0.7531f,-0.0001f,0.3011f,-0.9536f,-0.1605f,0f,-0.9536f,-0.3011f,-2.1643f,0f,0f,0f,1f],start_interpolation: 0,interpolation_duration: 1}
$data merge entity $(bone_left_knee) {transformation: [-1.585f,0.0001f,0.0002f,0.7689f,-0.0002f,-0.606f,-1.4646f,1.9051f,0f,-1.4646f,0.606f,-2.388f,0f,0f,0f,1f],start_interpolation: 0,interpolation_duration: 1}
$data merge entity $(bone_left_thigh) {transformation: [-1.6037f,-0.0001f,0.0001f,0.7385f,-0.0002f,1.0839f,-1.1819f,2.4075f,0f,-1.1819f,-1.0839f,-4.4337f,0f,0f,0f,1f],start_interpolation: 0,interpolation_duration: 1}
$data merge entity $(bone_left_leg) {transformation: [-1f,-0.0001f,0.0001f,0.5257f,-0.0001f,0.8872f,-0.4614f,2.5304f,0f,-0.4614f,-0.8872f,-4.8316f,0f,0f,0f,1f],start_interpolation: 0,interpolation_duration: 1}
$data merge entity $(bone_left_fingers2) {transformation: [-1f,-0.0001f,0f,-0.7477f,-0.0001f,0.9065f,-0.4223f,-0.6099f,0f,-0.4223f,-0.9065f,-1.2845f,0f,0f,0f,1f],start_interpolation: 0,interpolation_duration: 1}
$data merge entity $(bone_right_foot) {transformation: [-1f,0f,0.0001f,-0.7526f,-0.0001f,0.3011f,-0.9536f,-0.1251f,0f,-0.9536f,-0.3011f,-2.1544f,0f,0f,0f,1f],start_interpolation: 0,interpolation_duration: 1}
$data merge entity $(bone_right_knee) {transformation: [-1.585f,0.0001f,0.0002f,-0.7689f,-0.0002f,-0.606f,-1.4646f,1.9324f,0f,-1.4646f,0.606f,-2.4083f,0f,0f,0f,1f],start_interpolation: 0,interpolation_duration: 1}
$data merge entity $(bone_right_thigh) {transformation: [-1.6037f,-0.0001f,0.0001f,-0.7386f,-0.0002f,1.0839f,-1.1819f,2.4284f,0f,-1.1819f,-1.0839f,-4.427f,0f,0f,0f,1f],start_interpolation: 0,interpolation_duration: 1}
$data merge entity $(bone_right_leg) {transformation: [-1f,-0.0001f,0.0001f,-0.5258f,-0.0001f,0.8872f,-0.4614f,2.5303f,0f,-0.4614f,-0.8872f,-4.8316f,0f,0f,0f,1f],start_interpolation: 0,interpolation_duration: 1}