# This file was generated by Animated Java via MC-Build. It is not recommended to edit this file directly.
$data merge entity $(bone_neck) { transformation: [-0.9849737918021421f,0.17085690154127486f,-0.025190249276766035f,0.17899634999053246f,0.1727038779614126f,0.974440019258142f,-0.14366634750449112f,2.258837766859404f,-1.223592236134293e-16f,-0.14585804079277498f,-0.9893055301250939f,-1.7391225212750254f,0f,0f,0f,1f], start_interpolation: 0, interpolation_duration: 1 }
$data merge entity $(bone_left_fingers_2) { transformation: [-0.9423733215422754f,-0.2972744751581228f,-0.15349400400290006f,3.448813035302251f,-0.3100217710634623f,0.9483937400653913f,0.06660191642477697f,-0.8381830150793675f,0.12577370278422179f,0.11035035217089939f,-0.9859025182358065f,0.4582653276780463f,0f,0f,0f,1f], start_interpolation: 0, interpolation_duration: 1 }
$data merge entity $(bone_left_fingers) { transformation: [-0.9423733215422754f,-0.2972744751581228f,-0.15349400400290006f,3.3715891692430056f,-0.3100217710634623f,0.9483937400653913f,0.06660191642477697f,-0.7900502093345335f,0.12577370278422179f,0.11035035217089939f,-0.9859025182358065f,-0.11102294079377995f,0f,0f,0f,1f], start_interpolation: 0, interpolation_duration: 1 }
$data merge entity $(bone_left_index_finger_2) { transformation: [-0.9067709885943737f,-0.2972744751581228f,0.2989887299933646f,2.7619007376349636f,-0.24423932690645322f,0.9483937400653913f,0.20222874424043064f,-1.0448636376121028f,-0.34367648368176873f,0.11035035217089939f,-0.9325820469748993f,0.3840754043585468f,0f,0f,0f,1f], start_interpolation: 0, interpolation_duration: 1 }
$data merge entity $(bone_left_index_finger) { transformation: [-0.9067709885943737f,-0.2972744751581228f,0.2989887299933646f,2.9324949360663655f,-0.24423932690645322f,0.9483937400653913f,0.20222874424043064f,-0.9228289235123717f,-0.34367648368176873f,0.11035035217089939f,-0.9325820469748993f,-0.15275372172702684f,0f,0f,0f,1f], start_interpolation: 0, interpolation_duration: 1 }
$data merge entity $(bone_left_thumb) { transformation: [-1.289195246957783f,-0.4205923192351138f,1.0569581212900316f,2.095526628698569f,-0.27568294177608726f,1.6653872122868205f,0.32644617122012176f,1.108010103978923f,-1.1036563254809928f,0.07530131533394856f,-1.316189644798132f,-0.7036124988320954f,0f,0f,0f,1f], start_interpolation: 0, interpolation_duration: 1 }
$data merge entity $(bone_left_hand) { transformation: [-0.9532574940062738f,-0.2972744751581228f,0.05411133467529535f,3.333592992529598f,-0.2882577241309918f,0.9483937400653913f,0.13212417751342798f,-0.8399585771195288f,-0.09059599659863637f,0.11035035217089939f,-0.9897551036372878f,-0.842494416130031f,0f,0f,0f,1f], start_interpolation: 0, interpolation_duration: 1 }
$data merge entity $(bone_left_forearm) { transformation: [-1.9077820260983307f,-0.5915426688369326f,0.12555255948056945f,3.175505485169751f,-0.5768985908203077f,1.9049357812026482f,0.20910791174437374f,0.23130460556617827f,-0.1813124103760851f,0.1631421888716369f,-1.9864110524774268f,-2.762797657094402f,0f,0f,0f,1f], start_interpolation: 0, interpolation_duration: 1 }
$data merge entity $(bone_left_bicep) { transformation: [-2.353579645410947f,-0.7457902019982248f,0.018786431268079246f,1.1779119079684963f,-0.711704357335712f,2.2632281277401294f,0.6834972218263456f,3.5128291982422093f,-0.22368026990707998f,0.6461335149165527f,-2.372418959721267f,-1.7446029780305015f,0f,0f,0f,1f], start_interpolation: 0, interpolation_duration: 1 }
$data merge entity $(bone_left_shoulder) { transformation: [-1.1751535959360742f,-0.3723766218835895f,0.009380155161749148f,1.4111533947497916f,-0.35535739629512364f,1.1300406501744258f,0.3412734383591685f,1.3284187141751698f,-0.11168463070021162f,0.32261756044224416f,-1.1845601558542436f,-2.1299373392942873f,0f,0f,0f,1f], start_interpolation: 0, interpolation_duration: 1 }
$data merge entity $(bone_right_fingers_2) { transformation: [-0.780682822897405f,0.6022013137560346f,0.1669967297387747f,-3.9494263327065893f,0.6121399396550476f,0.7906809580900914f,0.010407535387881112f,0.4590144752271124f,-0.125773702784222f,0.1103503521708995f,-0.9859025182358064f,0.4582654676872078f,0f,0f,0f,1f], start_interpolation: 0, interpolation_duration: 1 }
$data merge entity $(bone_right_fingers) { transformation: [-0.780682822897405f,0.6022013137560346f,0.1669967297387747f,-3.8604328686575156f,0.6121399396550476f,0.7906809580900914f,0.010407535387881112f,0.47800312390145183f,-0.125773702784222f,0.1103503521708995f,-0.9859025182358064f,-0.11102649791906183f,0f,0f,0f,1f], start_interpolation: 0, interpolation_duration: 1 }
$data merge entity $(bone_right_index_finger_2) { transformation: [-0.7695846295578183f,0.6022013137560346f,-0.21235130246565942f,-3.3738063301067833f,0.5381690928625416f,0.7906809580900914f,0.29188636487723185f,0.030962974185000075f,0.34367648368176856f,0.1103503521708995f,-0.9325820469748994f,0.38407494021796384f,0f,0f,0f,1f], start_interpolation: 0, interpolation_duration: 1 }
$data merge entity $(bone_right_index_finger) { transformation: [-0.7695846295578183f,0.6022013137560346f,-0.21235130246565942f,-3.492705672678227f,0.5381690928625416f,0.7906809580900914f,0.29188636487723185f,0.20375706644493283f,0.34367648368176856f,0.1103503521708995f,-0.9325820469748994f,-0.1527541858676098f,0f,0f,0f,1f], start_interpolation: 0, interpolation_duration: 1 }
$data merge entity $(bone_right_thumb) { transformation: [-1.1184983638378805f,0.9620966356136504f,-0.8828443961264875f,-2.0147380988035515f,0.6978444520499109f,1.422948533710526f,0.6665683349014468f,1.828698589606585f,1.1036563254809924f,0.07530131533394872f,-1.3161896447981323f,-0.7036129629726782f,0f,0f,0f,1f], start_interpolation: 0, interpolation_duration: 1 }
$data merge entity $(bone_right_hand) { transformation: [-0.7983222305354406f,0.6022013137560346f,-0.005932448349970282f,-3.8416829736352547f,0.5953771759424599f,0.7906809580900914f,0.14265216745817985f,0.41814453955518716f,0.09059599659863615f,0.1103503521708995f,-0.9897551036372878f,-0.842494880270614f,0f,0f,0f,1f], start_interpolation: 0, interpolation_duration: 1 }
$data merge entity $(bone_right_forearm) { transformation: [-1.5977072275402813f,1.204349129545481f,-0.0469207998136522f,-3.328565279964267f,1.191546947750393f,1.5900485895682177f,0.23934938133491465f,1.3717171228630298f,0.18131259911774422f,0.16314235869855306f,-1.9864131202813786f,-2.762801477681286f,0f,0f,0f,1f], start_interpolation: 0, interpolation_duration: 1 }
$data merge entity $(bone_right_bicep) { transformation: [-1.9710466102613329f,1.4712913985809153f,0.21487201615889145f,-0.3337007005718633f,1.4699780609657642f,1.8744882512441787f,0.6491158593933262f,3.7778731635162903f,0.22368026990707943f,0.6461335149165529f,-2.372418959721267f,-1.7446029780305017f,0f,0f,0f,1f], start_interpolation: 0, interpolation_duration: 1 }
$data merge entity $(bone_right_shoulder) { transformation: [-0.9841530182853786f,0.7346228461328688f,0.10728662739223613f,-1.2962034366078448f,0.7339670903677592f,0.9359409668946628f,0.3241066593316886f,1.8031227394927387f,0.11168463070021134f,0.32261756044224427f,-1.1845601558542436f,-2.1299373392942877f,0f,0f,0f,1f], start_interpolation: 0, interpolation_duration: 1 }
$data merge entity $(bone_chest) { transformation: [-4.006366123548336f,0.6833832984373173f,-0.16264063676158422f,0.11306180216286063f,0.7024704330498763f,3.8975073788815195f,-0.927580588132282f,1.88279640431923f,-4.976943066592695e-16f,-0.9417312377775537f,-3.9569655673279445f,-1.5932590365287886f,0f,0f,0f,1f], start_interpolation: 0, interpolation_duration: 1 }
$data merge entity $(bone_weist) { transformation: [-1.0834711709823563f,0.1899728264713335f,0.0007394948372562682f,0.03821586001486338f,0.18997426575755386f,1.0834629623698877f,0.004217525642551137f,1.4559311114913032f,-1.3459514597477224e-16f,0.0042818658502929655f,-1.0999916661615396f,-4.202245558966942f,0f,0f,0f,1f], start_interpolation: 0, interpolation_duration: 1 }
$data merge entity $(bone_right_fingers2) { transformation: [-0.9032022880047955f,-0.3519431592997039f,-0.2456860589554193f,2.8369438576808395f,-0.027163976447738172f,-0.5243896089110807f,0.8510450378503068f,-1.1755138859899064f,-0.4283546956979101f,0.7753396357005276f,0.4640697188842684f,-9.517867566725746f,0f,0f,0f,1f], start_interpolation: 0, interpolation_duration: 1 }
$data merge entity $(bone_left_foot) { transformation: [-0.9032022880047955f,-0.31489182371689123f,0.29166550412956416f,2.4756817203722985f,-0.027163976447738172f,0.7201062338566269f,0.6933319048943092f,-0.6117955812954696f,-0.4283546956979101f,0.6182961679624703f,-0.6589553121088526f,-8.780613577435023f,0f,0f,0f,1f], start_interpolation: 0, interpolation_duration: 1 }
$data merge entity $(bone_left_knee) { transformation: [-1.4315884218533474f,0.15872598661732312f,0.6615365145793743f,1.5979411007444075f,-0.04305528749266467f,1.517041922396125f,-0.4571651303912182f,-0.5931537441267346f,-0.6789482610393764f,-0.4308825540667118f,-1.365884106345257f,-6.893563936996572f,0f,0f,0f,1f], start_interpolation: 0, interpolation_duration: 1 }
$data merge entity $(bone_left_thigh) { transformation: [-1.4484233598331835f,-0.6847834640685319f,0.0696088467004354f,0.8243837613534939f,-0.043561601377003475f,0.2530491658237854f,1.5829632086919982f,0.6972471057810165f,-0.6869324356049391f,1.4278451388457007f,-0.24715602743950585f,-5.415152536570714f,0f,0f,0f,1f], start_interpolation: 0, interpolation_duration: 1 }
$data merge entity $(bone_left_leg) { transformation: [-0.9032022880047955f,-0.41610838320000315f,-0.1052589206365988f,0.4792280167583802f,-0.027163976447738172f,-0.18932824406903614f,0.9815380453050618f,0.9269355566728398f,-0.4283546956979101f,0.8893866591243734f,0.15969854490613264f,-5.198716934260087f,0f,0f,0f,1f], start_interpolation: 0, interpolation_duration: 1 }
$data merge entity $(bone_left_fingers2) { transformation: [-0.8400816655337983f,0.1525420354629513f,0.5205705741307122f,-3.484632288532964f,0.332828859787595f,-0.612845312235145f,0.7166907096955399f,-0.10185209760401182f,0.42835469569790996f,0.7753396357005276f,0.4640697188842686f,-9.482074588526574f,0f,0f,0f,1f], start_interpolation: 0, interpolation_duration: 1 }
$data merge entity $(bone_right_foot) { transformation: [-0.8400816655337983f,0.5411003055392553f,-0.03838299857077715f,-2.9531337336315184f,0.332828859787595f,0.5700178137815074f,0.7512021312963908f,0.3053308404446986f,0.42835469569790996f,0.6182961679624706f,-0.6589553121088527f,-8.744820599235851f,0f,0f,0f,1f], start_interpolation: 0, interpolation_duration: 1 }
$data merge entity $(bone_right_knee) { transformation: [-1.3315413410279988f,0.3668668780810073f,-0.7776093231401503f,-2.1122386836546774f,0.5275384578388518f,1.480546799970224f,-0.20482738374778825f,0.053705383518750316f,0.6789482610393764f,-0.4308825540667119f,-1.3658841063452574f,-6.862678624038634f,0f,0f,0f,1f], start_interpolation: 0, interpolation_duration: 1 }
$data merge entity $(bone_right_thigh) { transformation: [-1.347199763205494f,0.7300256753847663f,0.4730954711357824f,-0.9608305525829545f,0.5337421104279093f,0.004978580603670073f,1.5122164483969363f,0.9911162746666484f,0.6869324356049389f,1.427845138845701f,-0.24715602743950585f,-5.403753126820812f,0f,0f,0f,1f], start_interpolation: 0, interpolation_duration: 1 }
$data merge entity $(bone_right_leg) { transformation: [-0.8400816655337983f,0.3268733637145573f,0.432916388379893f,-0.5564620755836542f,0.332828859787595f,-0.3196015873951751f,0.8871751661464454f,1.1085319573104853f,0.42835469569790996f,0.8893866591243735f,0.1596985449061327f,-5.198716934260087f,0f,0f,0f,1f], start_interpolation: 0, interpolation_duration: 1 }