# This file was generated by Animated Java via MC-Build. It is not recommended to edit this file directly.
$data merge entity $(bone_left) { transformation: [-11.591198922997146f,2.0320165647182638f,-0.04209326692663571f,3.885851216990169f,2.032452499422796f,11.588712761141405f,-0.24006043457548545f,-15.755910047615457f,-1.4195124659328702e-15f,-0.24372290694378307f,-11.765515491449197f,-3.234152043815581f,0f,0f,0f,1f], start_interpolation: 0, interpolation_duration: 1 }
$data merge entity $(bone_left4) { transformation: [-11.591198922997146f,2.0320165647182638f,-0.04209326692663571f,3.885851216990169f,2.032452499422796f,11.588712761141405f,-0.24006043457548545f,-15.755910047615457f,-1.4195124659328702e-15f,-0.24372290694378307f,-11.765515491449197f,-3.234152043815581f,0f,0f,0f,1f], start_interpolation: 0, interpolation_duration: 1 }
$data merge entity $(bone_mid) { transformation: [-11.191651272332084f,1.9619731248688386f,-0.04064231556076907f,3.680915798275018f,1.96239403294082f,11.189250808266126f,-0.2317855716135557f,-15.244090780135842f,-1.3705819907834889e-15f,-0.23532179886777146f,-11.359959163350531f,-4.4128626092465915f,0f,0f,0f,1f], start_interpolation: 0, interpolation_duration: 1 }
$data merge entity $(bone_teeth) { transformation: [-11.073944970460781f,1.941338403925548f,-0.0402148668717654f,3.680915798275018f,1.9417548851679782f,11.071569752870174f,-0.22934780601508628f,-15.244090780135842f,-1.3561671262008725e-15f,-0.23284684159646113f,-11.240482711664383f,-4.4128626092465915f,0f,0f,0f,1f], start_interpolation: 0, interpolation_duration: 1 }
$data merge entity $(bone_skull) { transformation: [-11.772248415362762f,2.063755780822204f,-0.04275074547218613f,3.680915798275018f,2.064198524637466f,11.769723420738735f,-0.24381007428969395f,-15.244090780135842f,-1.4416846340641508e-15f,-0.24752975288553442f,-11.94928773289701f,-4.4128626092465915f,0f,0f,0f,1f], start_interpolation: 0, interpolation_duration: 1 }
$data merge entity $(bone_tonge) { transformation: [-11.668834889659832f,2.045626681439106f,-0.0423752007877962f,3.71965395620671f,2.0460655359634443f,11.666332075896015f,-0.24166832035326774f,-16.703743028088756f,-1.4290201297400872e-15f,-0.24535532336628788f,-11.844319002158622f,-3.2142181120615083f,0f,0f,0f,1f], start_interpolation: 0, interpolation_duration: 1 }
$data merge entity $(bone_left3) { transformation: [-11.819890728987112f,2.0721078047249346f,-0.04292375782731132f,3.71965395620671f,2.072552340325331f,11.817355515704632f,-0.24479677416334994f,-16.703743028088756f,-1.4475191347525541e-15f,-0.24853150630614187f,-11.997646525004672f,-3.2142181120615083f,0f,0f,0f,1f], start_interpolation: 0, interpolation_duration: 1 }
$data merge entity $(bone_left2) { transformation: [-11.819890728987112f,2.0721078047249346f,-0.04292375782731132f,3.71965395620671f,2.072552340325331f,11.817355515704632f,-0.24479677416334994f,-16.703743028088756f,-1.4475191347525541e-15f,-0.24853150630614187f,-11.997646525004672f,-3.2142181120615083f,0f,0f,0f,1f], start_interpolation: 0, interpolation_duration: 1 }
$data merge entity $(bone_mid2) { transformation: [-11.981954460187936f,2.1005186868543713f,-0.043512289862856685f,3.71965395620671f,2.1009693175278694f,11.979384486336736f,-0.248153207781602f,-16.703743028088756f,-1.4673662177198507e-15f,-0.2519391472189429f,-12.162147484112733f,-3.2142181120615083f,0f,0f,0f,1f], start_interpolation: 0, interpolation_duration: 1 }
$data merge entity $(bone_teeth2) { transformation: [-10.488280552768904f,1.8386674200159516f,-0.03808803522759218f,3.633430866622601f,1.839061874939398f,10.486030952601066f,-0.2172183571495709f,-15.514900203128214f,-1.284443920750787e-15f,-0.2205323402820023f,-10.646010662230982f,-4.407167200173999f,0f,0f,0f,1f], start_interpolation: 0, interpolation_duration: 1 }
$data merge entity $(bone_neck) { transformation: [-0.9849728020471107f,0.17267247873606223f,-0.0035769141179853733f,-0.13191888219330736f,0.1727095226890032f,0.9847615381540776f,-0.020399356483765972f,2.216898018188993f,-1.2062437892741935e-16f,-0.020710578445789676f,-0.9997855129678769f,-2.0865540240803186f,0f,0f,0f,1f], start_interpolation: 0, interpolation_duration: 1 }
$data merge entity $(bone_left_fingers_2) { transformation: [-0.9826342688521329f,-0.1852264942808821f,-0.011001795028475675f,2.6851333540085847f,-0.1701952284097631f,0.92333767815353f,-0.34421086027113845f,-0.19015641424139934f,0.07391534281854334f,-0.3363609339957049f,-0.9388279097776941f,0.5297037335322442f,0f,0f,0f,1f], start_interpolation: 0, interpolation_duration: 1 }
$data merge entity $(bone_left_fingers) { transformation: [-0.9826342688521329f,-0.1852264942808821f,-0.011001795028475675f,2.691232580563269f,-0.1701952284097631f,0.92333767815353f,-0.34421086027113845f,-0.38085154685552136f,0.07391534281854334f,-0.3363609339957049f,-0.9388279097776941f,-0.014325301474503616f,0f,0f,0f,1f], start_interpolation: 0, interpolation_duration: 1 }
$data merge entity $(bone_left_index_finger_2) { transformation: [-0.876687305121498f,-0.1852264942808821f,0.44397129958502957f,1.9934399080744682f,-0.30990389874533797f,0.92333767815353f,-0.226731351260667f,-0.36637707668837693f,-0.36793877558806576f,-0.3363609339957049f,-0.8668808335061353f,0.42686412969325704f,0f,0f,0f,1f], start_interpolation: 0, interpolation_duration: 1 }
$data merge entity $(bone_left_index_finger) { transformation: [-0.876687305121498f,-0.1852264942808821f,0.44397129958502957f,2.2482388603946433f,-0.30990389874533797f,0.92333767815353f,-0.226731351260667f,-0.4917063827861389f,-0.36793877558806576f,-0.3363609339957049f,-0.8668808335061353f,-0.07468389545214305f,0f,0f,0f,1f], start_interpolation: 0, interpolation_duration: 1 }
$data merge entity $(bone_left_thumb) { transformation: [-0.6719694638428003f,-0.12202738692338962f,0.7304562659759095f,2.1994075129438864f,-0.36876109605837326f,0.9104928220629211f,-0.1871311705882411f,-1.0256531883292421f,-0.6422400592431514f,-0.3951102856324389f,-0.6568223264253477f,-0.7377371719993997f,0f,0f,0f,1f], start_interpolation: 0, interpolation_duration: 1 }
$data merge entity $(bone_left_hand) { transformation: [-0.9617231374081419f,-0.1852264942808821f,0.2019399732352529f,2.7449106401894556f,-0.24066178763770424f,0.92333767815353f,-0.2992146989589134f,-0.7308202635540744f,-0.1310362962879553f,-0.3363609339957049f,-0.9325721479524639f,-0.6574626406933723f,0f,0f,0f,1f], start_interpolation: 0, interpolation_duration: 1 }
$data merge entity $(bone_left_forearm) { transformation: [-1.9247245651530889f,-0.45833806537755023f,0.30113119976666747f,2.8240827889829356f,-0.481643454901477f,1.9382629742076865f,-0.12835364629350404f,0.01747663427558921f,-0.26224676165306005f,-0.19591144426049636f,-1.9743768068332206f,-2.733972463975489f,0f,0f,0f,1f], start_interpolation: 0, interpolation_duration: 1 }
$data merge entity $(bone_left_bicep) { transformation: [-2.374481202567563f,-0.6045602668577894f,0.303708750415923f,1.0312156647581454f,-0.5941906445779117f,2.393470281735948f,0.11887216256125577f,3.5642795646753505f,-0.32352681378588766f,0.041231018332592274f,-2.4473503032009685f,-2.6987914708665826f,0f,0f,0f,1f], start_interpolation: 0, interpolation_duration: 1 }
$data merge entity $(bone_left_shoulder) { transformation: [-1.1855898435902177f,-0.3018598384563932f,0.1516432345361341f,1.1095249316494888f,-0.29668223635805024f,1.1950711818197324f,0.059353440433993106f,1.3394653165302173f,-0.16153848855021122f,0.020586845043517488f,-1.2219737347446733f,-2.562400327466939f,0f,0f,0f,1f], start_interpolation: 0, interpolation_duration: 1 }
$data merge entity $(bone_right_fingers_2) { transformation: [-0.8661078562782335f,0.48832207654851006f,-0.10676483900832676f,-3.5998623394541136f,0.4943619153910828f,0.8052346686754663f,-0.3274193411727105f,0.9118835680449908f,-0.07391534281854356f,-0.33636093399570477f,-0.938827909777694f,0.5297039670540046f,0f,0f,0f,1f], start_interpolation: 0, interpolation_duration: 1 }
$data merge entity $(bone_right_fingers) { transformation: [-0.8661078562782335f,0.48832207654851006f,-0.10676483900832676f,-3.6704779970359023f,0.4943619153910828f,0.8052346686754663f,-0.3274193411727105f,0.7346386672297871f,-0.07391534281854356f,-0.33636093399570477f,-0.938827909777694f,-0.014328588557404931f,0f,0f,0f,1f], start_interpolation: 0, interpolation_duration: 1 }
$data merge entity $(bone_right_index_finger_2) { transformation: [-0.7189485348652028f,0.48832207654851006f,-0.49462567035135696f,-3.009388115714976f,0.5896898011954534f,0.8052346686754663f,-0.0621535737442227f,0.5108414361207155f,0.36793877558806554f,-0.33636093399570477f,-0.8668808335061354f,0.42686375689831835f,0f,0f,0f,1f], start_interpolation: 0, interpolation_duration: 1 }
$data merge entity $(bone_right_index_finger) { transformation: [-0.7189485348652028f,0.48832207654851006f,-0.49462567035135696f,-3.291627071463467f,0.5896898011954534f,0.8052346686754663f,-0.0621535737442227f,0.4796787512491139f,0.36793877558806554f,-0.33636093399570477f,-0.8668808335061354f,-0.07468426824708185f,0f,0f,0f,1f], start_interpolation: 0, interpolation_duration: 1 }
$data merge entity $(bone_right_thumb) { transformation: [-0.5064186902715454f,0.424523063966403f,-0.750546652983164f,-3.427372712095474f,0.5753849289362785f,0.8146582291660902f,0.07255448438907086f,-0.03902811461343364f,0.6422400592431512f,-0.3951102856324388f,-0.6568223264253478f,-0.7377375447943385f,0f,0f,0f,1f], start_interpolation: 0, interpolation_duration: 1 }
$data merge entity $(bone_right_hand) { transformation: [-0.8224695012825185f,0.48832207654851006f,-0.29169413606625066f,-3.8400221488949824f,0.5535100798677659f,0.8052346686754663f,-0.2126586933278094f,0.4238115527393379f,0.13103629628795507f,-0.33636093399570477f,-0.9325721479524639f,-0.6574630134883113f,0f,0f,0f,1f], start_interpolation: 0, interpolation_duration: 1 }
$data merge entity $(bone_right_forearm) { transformation: [-1.6460339150886192f,1.0904480965804098f,-0.3268364595156959f,-3.6598814952087833f,1.1077570200293556f,1.666693837209019f,-0.018243075719835376f,1.1544011637392053f,0.26224703464534344f,-0.1959116481993828f,-1.9743788621098248f,-2.733975613777005f,0f,0f,0f,1f], start_interpolation: 0, interpolation_duration: 1 }
$data merge entity $(bone_right_bicep) { transformation: [-2.0306658897108956f,1.3828203998687616f,-0.2451466678552193f,-0.767246706572012f,1.3666087764299157f,2.0449940947404026f,0.21511091871560933f,3.879629975449138f,0.3235268137858871f,0.041231018332592545f,-2.4473503032009685f,-2.698791470866583f,0f,0f,0f,1f], start_interpolation: 0, interpolation_duration: 1 }
$data merge entity $(bone_right_shoulder) { transformation: [-1.0139212102260589f,0.6904488524992308f,-0.12240290606843102f,-1.59782917920932f,0.6823543112257848f,1.0210753516618778f,0.10740591258369023f,1.8141848572776695f,0.16153848855021097f,0.020586845043517623f,-1.2219737347446733f,-2.5624003274669396f,0f,0f,0f,1f], start_interpolation: 0, interpolation_duration: 1 }
$data merge entity $(bone_chest) { transformation: [-4.006362097734592f,0.6984020583083365f,-0.07570688219282644f,-0.20049312563147356f,0.7024933928946803f,3.983028970360488f,-0.43176090540181455f,1.8258149808675546f,-4.906378519215944e-16f,-0.43834804829581847f,-4.043795891706238f,-1.9896919666122483f,0f,0f,0f,1f], start_interpolation: 0, interpolation_duration: 1 }
$data merge entity $(bone_weist) { transformation: [-1.0834700822518217f,0.1898794840816375f,0.006193737976517801f,-0.2182745167574232f,0.1899804749579035f,1.0828941252065578f,0.035323260436899165f,1.7244066371414228f,-1.3268681682016127e-16f,0.03586216833955755f,-1.0994152558892316f,-4.6324228907688045f,0f,0f,0f,1f], start_interpolation: 0, interpolation_duration: 1 }
$data merge entity $(bone_right_fingers2) { transformation: [-0.9009840244902739f,-0.3346323067493442f,-0.27613222719002284f,2.5081508241889376f,0.03045634850193738f,-0.6836800182122018f,0.72914610575199f,-0.4042322428687684f,-0.43278192943934024f,0.6485390134579231f,0.6261764524267787f,-10.004994305990593f,0f,0f,0f,1f], start_interpolation: 0, interpolation_duration: 1 }
$data merge entity $(bone_left_foot) { transformation: [-0.9009840244902739f,-0.352728959827167f,0.2526065488314869f,2.117791579394253f,0.03045634850193738f,0.5293821232636852f,0.8478366460614694f,-0.057804104078967355f,-0.43278192943934024f,0.771580746563882f,-0.46622199978409906f,-9.156796623676295f,0f,0f,0f,1f], start_interpolation: 0, interpolation_duration: 1 }
$data merge entity $(bone_left_knee) { transformation: [-1.4280724427574312f,0.13016092383225197f,0.6752311757301985f,1.2343478659652898f,0.04827374384050786f,1.5714978086313391f,-0.2008337413298572f,-0.3835432877089531f,-0.6859654892386879f,-0.1603829165094013f,-1.4198586465558793f,-7.303430259055674f,0f,0f,0f,1f], start_interpolation: 0, interpolation_duration: 1 }
$data merge entity $(bone_left_thigh) { transformation: [-1.4448660341539092f,-0.6667002839602153f,0.19893940843089217f,0.5641945672952381f,0.048841424796293546f,0.36021604693664105f,1.5619100256622718f,1.01851427796527f,-0.6940321837518294f,1.4133149487668408f,-0.304243647460319f,-5.879717638477116f,0f,0f,0f,1f], start_interpolation: 0, interpolation_duration: 1 }
$data merge entity $(bone_left_leg) { transformation: [-0.9009840244902739f,-0.43309523801773964f,-0.02561840002160494f,0.2381409048982729f,0.03045634850193738f,-0.12204154450075058f,0.9920575952291277f,1.2832715911517045f,-0.43278192943934024f,0.8930478017565625f,0.12314798142289302f,-5.673984275116959f,0f,0f,0f,1f], start_interpolation: 0, interpolation_duration: 1 }
$data merge entity $(bone_left_fingers2) { transformation: [-0.8575959914307799f,0.08206175941756874f,0.5077351505688283f,-3.5018493898870253f,0.2779009122558251f,-0.7567450136369032f,0.5916993048019099f,0.6168356684759179f,0.43278192943934f,0.6485390134579232f,0.6261764524267789f,-9.974700579168635f,0f,0f,0f,1f], start_interpolation: 0, interpolation_duration: 1 }
$data merge entity $(bone_right_foot) { transformation: [-0.8575959914307799f,0.5117969666407431f,0.05092131596091992f,-3.016913189160734f,0.2779009122558251f,0.3777922927605282f,0.8832010340223361f,0.8097856012750567f,0.43278192943934f,0.7715807465638822f,-0.4662219997840992f,-9.126502896854337f,0f,0f,0f,1f], start_interpolation: 0, interpolation_duration: 1 }
$data merge entity $(bone_right_knee) { transformation: [-1.3593017956943314f,0.41227223706724975f,-0.7032781379367335f,-2.2871304221561384f,0.440476882855073f,1.5220311531534205f,0.040880227919797216f,0.23255264557151833f,0.6859654892386876f,-0.1603829165094013f,-1.4198586465558796f,-7.27261780832501f,0f,0f,0f,1f], start_interpolation: 0, interpolation_duration: 1 }
$data merge entity $(bone_right_thigh) { transformation: [-1.3752866703112747f,0.7494825561763826f,0.3443348456989983f,-1.1941653138366828f,0.445656724275428f,0.11189623358543922f,1.5364157414347845f,1.3083072721943338f,0.694032183751829f,1.4133149487668413f,-0.30424364746031907f,-5.867689859151496f,0f,0f,0f,1f], start_interpolation: 0, interpolation_duration: 1 }
$data merge entity $(bone_right_leg) { transformation: [-0.8575959914307799f,0.36573601162889324f,0.3616162126891544f,-0.7975481467262436f,0.2779009122558251f,-0.2621121774652242f,0.9241581517206994f,1.4648739271639646f,0.43278192943934f,0.8930478017565626f,0.12314798142289306f,-5.673984275116959f,0f,0f,0f,1f], start_interpolation: 0, interpolation_duration: 1 }
execute on vehicle unless entity @s[tag=aj.transforms_only] at @s run function animated_java:jaw/animations/run/zzz/frames/zzz/4