# This file was generated by Animated Java via MC-Build. It is not recommended to edit this file directly.
$data merge entity $(bone_neck) { transformation: [-0.9849728020471107f,0.17267247873606223f,-0.0035769141179853733f,0.2100854370211956f,0.1727095226890032f,0.9847615381540776f,-0.020399356483765972f,2.4173692334647936f,-1.2062437892741935e-16f,-0.020710578445789676f,-0.9997855129678769f,-1.6312749492878933f,0f,0f,0f,1f], start_interpolation: 0, interpolation_duration: 1 }
$data merge entity $(bone_left_fingers_2) { transformation: [-0.9826342688521329f,-0.1852264942808821f,-0.011001795028475675f,3.0271376732230872f,-0.1701952284097631f,0.92333767815353f,-0.34421086027113845f,0.01031480103440105f,0.07391534281854334f,-0.3363609339957049f,-0.9388279097776941f,0.9849828083246689f,0f,0f,0f,1f], start_interpolation: 0, interpolation_duration: 1 }
$data merge entity $(bone_left_fingers) { transformation: [-0.9826342688521329f,-0.1852264942808821f,-0.011001795028475675f,3.0332368997777714f,-0.1701952284097631f,0.92333767815353f,-0.34421086027113845f,-0.180380331579721f,0.07391534281854334f,-0.3363609339957049f,-0.9388279097776941f,0.44095377331792096f,0f,0f,0f,1f], start_interpolation: 0, interpolation_duration: 1 }
$data merge entity $(bone_left_index_finger_2) { transformation: [-0.876687305121498f,-0.1852264942808821f,0.44397129958502957f,2.3354442272889706f,-0.30990389874533797f,0.92333767815353f,-0.226731351260667f,-0.16590586141257666f,-0.36793877558806576f,-0.3363609339957049f,-0.8668808335061353f,0.8821432044856817f,0f,0f,0f,1f], start_interpolation: 0, interpolation_duration: 1 }
$data merge entity $(bone_left_index_finger) { transformation: [-0.876687305121498f,-0.1852264942808821f,0.44397129958502957f,2.590243179609146f,-0.30990389874533797f,0.92333767815353f,-0.226731351260667f,-0.2912351675103386f,-0.36793877558806576f,-0.3363609339957049f,-0.8668808335061353f,0.38059517934028153f,0f,0f,0f,1f], start_interpolation: 0, interpolation_duration: 1 }
$data merge entity $(bone_left_thumb) { transformation: [-1.1553347383833523f,-0.2098048895562905f,1.2558926325693631f,2.101498908241294f,-0.6340206324319326f,1.5654342094093594f,-0.3217395337855909f,1.3677450125611919f,-1.1042201926583053f,-0.67932348573285f,-1.1292918674091688f,-1.081315315446774f,0f,0f,0f,1f], start_interpolation: 0, interpolation_duration: 1 }
$data merge entity $(bone_left_hand) { transformation: [-0.9617231374081419f,-0.1852264942808821f,0.2019399732352529f,3.086914959403958f,-0.24066178763770424f,0.92333767815353f,-0.2992146989589134f,-0.530349048278274f,-0.1310362962879553f,-0.3363609339957049f,-0.9325721479524639f,-0.20218356590094766f,0f,0f,0f,1f], start_interpolation: 0, interpolation_duration: 1 }
$data merge entity $(bone_left_forearm) { transformation: [-1.9247245651530884f,-0.4583380653775501f,0.3011311997666674f,3.166087108197438f,-0.48164345490147686f,1.938262974207686f,-0.12835364629350401f,0.2179478495513898f,-0.26224676165305993f,-0.1959114442604963f,-1.9743768068332201f,-2.278693389183064f,0f,0f,0f,1f], start_interpolation: 0, interpolation_duration: 1 }
$data merge entity $(bone_left_bicep) { transformation: [-2.374481202567563f,-0.6045602668577894f,0.303708750415923f,1.3732199839726482f,-0.5941906445779117f,2.393470281735948f,0.11887216256125577f,3.764750779951151f,-0.32352681378588766f,0.041231018332592274f,-2.4473503032009685f,-2.2435123960741574f,0f,0f,0f,1f], start_interpolation: 0, interpolation_duration: 1 }
$data merge entity $(bone_left_shoulder) { transformation: [-1.1855898435902177f,-0.3018598384563932f,0.1516432345361341f,1.4515292508639916f,-0.29668223635805024f,1.1950711818197324f,0.059353440433993106f,1.539936531806018f,-0.16153848855021122f,0.020586845043517488f,-1.2219737347446733f,-2.107121252674514f,0f,0f,0f,1f], start_interpolation: 0, interpolation_duration: 1 }
$data merge entity $(bone_right_fingers_2) { transformation: [-0.8661078562782335f,0.48832207654851006f,-0.10676483900832676f,-3.257858020239611f,0.4943619153910828f,0.8052346686754663f,-0.3274193411727105f,1.1123547833207923f,-0.07391534281854356f,-0.33636093399570477f,-0.938827909777694f,0.9849830418464297f,0f,0f,0f,1f], start_interpolation: 0, interpolation_duration: 1 }
$data merge entity $(bone_right_fingers) { transformation: [-0.8661078562782335f,0.48832207654851006f,-0.10676483900832676f,-3.3284736778213997f,0.4943619153910828f,0.8052346686754663f,-0.3274193411727105f,0.9351098825055886f,-0.07391534281854356f,-0.33636093399570477f,-0.938827909777694f,0.4409504862350202f,0f,0f,0f,1f], start_interpolation: 0, interpolation_duration: 1 }
$data merge entity $(bone_right_index_finger_2) { transformation: [-0.7189485348652028f,0.48832207654851006f,-0.49462567035135696f,-2.6673837965004736f,0.5896898011954534f,0.8052346686754663f,-0.0621535737442227f,0.7113126513965169f,0.36793877558806554f,-0.33636093399570477f,-0.8668808335061354f,0.8821428316907435f,0f,0f,0f,1f], start_interpolation: 0, interpolation_duration: 1 }
$data merge entity $(bone_right_index_finger) { transformation: [-0.7189485348652028f,0.48832207654851006f,-0.49462567035135696f,-2.949622752248964f,0.5896898011954534f,0.8052346686754663f,-0.0621535737442227f,0.6801499665249153f,0.36793877558806554f,-0.33636093399570477f,-0.8668808335061354f,0.38059480654534317f,0f,0f,0f,1f], start_interpolation: 0, interpolation_duration: 1 }
$data merge entity $(bone_right_thumb) { transformation: [-0.8706989476744876f,0.7298936476078658f,-1.2904345623235947f,-1.9256034610782597f,0.989274412174528f,1.4006632781837745f,0.12474482956534474f,2.0738754387666005f,1.1042201926583048f,-0.6793234857328498f,-1.129291867409169f,-1.0813156882417123f,0f,0f,0f,1f], start_interpolation: 0, interpolation_duration: 1 }
$data merge entity $(bone_right_hand) { transformation: [-0.8224695012825185f,0.48832207654851006f,-0.29169413606625066f,-3.49801782968048f,0.5535100798677659f,0.8052346686754663f,-0.2126586933278094f,0.6242827680151394f,0.13103629628795507f,-0.33636093399570477f,-0.9325721479524639f,-0.20218393869588613f,0f,0f,0f,1f], start_interpolation: 0, interpolation_duration: 1 }
$data merge entity $(bone_right_forearm) { transformation: [-1.6460339150886192f,1.0904480965804098f,-0.3268364595156959f,-3.3178771759942802f,1.1077570200293556f,1.666693837209019f,-0.018243075719835376f,1.3548723790150068f,0.26224703464534344f,-0.1959116481993828f,-1.9743788621098248f,-2.2786965389845792f,0f,0f,0f,1f], start_interpolation: 0, interpolation_duration: 1 }
$data merge entity $(bone_right_bicep) { transformation: [-2.0306658897108956f,1.3828203998687616f,-0.2451466678552193f,-0.4252423873575092f,1.3666087764299157f,2.0449940947404026f,0.21511091871560933f,4.080101190724939f,0.3235268137858871f,0.041231018332592545f,-2.4473503032009685f,-2.2435123960741574f,0f,0f,0f,1f], start_interpolation: 0, interpolation_duration: 1 }
$data merge entity $(bone_right_shoulder) { transformation: [-1.0139212102260589f,0.6904488524992308f,-0.12240290606843102f,-1.2558248599948172f,0.6823543112257848f,1.0210753516618778f,0.10740591258369023f,2.0146560725534703f,0.16153848855021097f,0.020586845043517623f,-1.2219737347446733f,-2.1071212526745144f,0f,0f,0f,1f], start_interpolation: 0, interpolation_duration: 1 }
$data merge entity $(bone_chest) { transformation: [-4.006362097734592f,0.6984020583083365f,-0.07570688219282644f,0.14151119358302944f,0.7024933928946803f,3.983028970360488f,-0.43176090540181455f,2.0262861961433556f,-4.906378519215944e-16f,-0.43834804829581847f,-4.043795891706238f,-1.5344128918198232f,0f,0f,0f,1f], start_interpolation: 0, interpolation_duration: 1 }
$data merge entity $(bone_weist) { transformation: [-1.0834700822518217f,0.18987948408163755f,0.006193737976517802f,0.12372980245707975f,0.18998047495790352f,1.082894125206558f,0.03532326043689917f,1.9248778524172236f,-1.326868168201613e-16f,0.035862168339557556f,-1.0994152558892318f,-4.177143815976379f,0f,0f,0f,1f], start_interpolation: 0, interpolation_duration: 1 }
$data merge entity $(bone_right_fingers2) { transformation: [-0.9009840244902739f,-0.3346323067493442f,-0.27613222719002284f,2.8501551434034407f,0.03045634850193738f,-0.6836800182122018f,0.72914610575199f,-0.2037610275929665f,-0.43278192943934024f,0.6485390134579231f,0.6261764524267787f,-9.549715231198169f,0f,0f,0f,1f], start_interpolation: 0, interpolation_duration: 1 }
$data merge entity $(bone_left_foot) { transformation: [-0.9009840244902739f,-0.352728959827167f,0.2526065488314869f,2.4597958986087556f,0.03045634850193738f,0.5293821232636852f,0.8478366460614694f,0.14266711119683378f,-0.43278192943934024f,0.771580746563882f,-0.46622199978409906f,-8.701517548883869f,0f,0f,0f,1f], start_interpolation: 0, interpolation_duration: 1 }
$data merge entity $(bone_left_knee) { transformation: [-1.428072442757431f,0.13016092383225197f,0.6752311757301984f,1.5763521851797928f,0.04827374384050785f,1.571497808631339f,-0.20083374132985718f,-0.18307207243315204f,-0.6859654892386878f,-0.1603829165094013f,-1.4198586465558791f,-6.84815118426325f,0f,0f,0f,1f], start_interpolation: 0, interpolation_duration: 1 }
$data merge entity $(bone_left_thigh) { transformation: [-1.4448660341539092f,-0.6667002839602153f,0.19893940843089217f,0.9061988865097409f,0.048841424796293546f,0.36021604693664105f,1.5619100256622718f,1.2189854932410702f,-0.6940321837518294f,1.4133149487668408f,-0.304243647460319f,-5.424438563684691f,0f,0f,0f,1f], start_interpolation: 0, interpolation_duration: 1 }
$data merge entity $(bone_left_leg) { transformation: [-0.9009840244902739f,-0.43309523801773964f,-0.02561840002160494f,0.5801452241127757f,0.03045634850193738f,-0.12204154450075058f,0.9920575952291277f,1.4837428064275056f,-0.43278192943934024f,0.8930478017565625f,0.12314798142289302f,-5.218705200324535f,0f,0f,0f,1f], start_interpolation: 0, interpolation_duration: 1 }
$data merge entity $(bone_left_fingers2) { transformation: [-0.8575959914307799f,0.08206175941756874f,0.5077351505688283f,-3.1598450706725223f,0.2779009122558251f,-0.7567450136369032f,0.5916993048019099f,0.8173068837517191f,0.43278192943934f,0.6485390134579232f,0.6261764524267789f,-9.519421504376211f,0f,0f,0f,1f], start_interpolation: 0, interpolation_duration: 1 }
$data merge entity $(bone_right_foot) { transformation: [-0.8575959914307799f,0.5117969666407431f,0.05092131596091992f,-2.674908869946231f,0.2779009122558251f,0.3777922927605282f,0.8832010340223361f,1.0102568165508572f,0.43278192943934f,0.7715807465638822f,-0.4662219997840992f,-8.671223822061911f,0f,0f,0f,1f], start_interpolation: 0, interpolation_duration: 1 }
$data merge entity $(bone_right_knee) { transformation: [-1.3593017956943316f,0.4122722370672498f,-0.7032781379367337f,-1.9451261029416353f,0.4404768828550731f,1.5220311531534207f,0.04088022791979722f,0.4330238608473189f,0.6859654892386877f,-0.16038291650940134f,-1.4198586465558798f,-6.817338733532585f,0f,0f,0f,1f], start_interpolation: 0, interpolation_duration: 1 }
$data merge entity $(bone_right_thigh) { transformation: [-1.3752866703112747f,0.7494825561763826f,0.3443348456989983f,-0.8521609946221799f,0.445656724275428f,0.11189623358543922f,1.5364157414347845f,1.5087784874701347f,0.694032183751829f,1.4133149487668413f,-0.30424364746031907f,-5.412410784359071f,0f,0f,0f,1f], start_interpolation: 0, interpolation_duration: 1 }
$data merge entity $(bone_right_leg) { transformation: [-0.8575959914307799f,0.36573601162889324f,0.3616162126891544f,-0.4555438275117407f,0.2779009122558251f,-0.2621121774652242f,0.9241581517206994f,1.6653451424397654f,0.43278192943934f,0.8930478017565626f,0.12314798142289306f,-5.218705200324535f,0f,0f,0f,1f], start_interpolation: 0, interpolation_duration: 1 }
execute on vehicle unless entity @s[tag=aj.transforms_only] at @s run function animated_java:jaw/animations/run/zzz/frames/zzz/4