# This file was generated by Animated Java via MC-Build. It is not recommended to edit this file directly.
$data merge entity $(bone_left_fingers_2) {transformation: [-0.213f,0.1934f,0.9577f,-1.2264f,0.8219f,0.5654f,0.0687f,0.5755f,-0.5282f,0.8018f,-0.2794f,1.7174f,0f,0f,0f,1f],start_interpolation: 0,interpolation_duration: 1}
$data merge entity $(bone_left_fingers) {transformation: [-0.213f,0.1934f,0.9577f,-0.6704f,0.8219f,0.5654f,0.0687f,0.6071f,-0.5282f,0.8018f,-0.2794f,1.5683f,0f,0f,0f,1f],start_interpolation: 0,interpolation_duration: 1}
$data merge entity $(bone_left_index_finger_2) {transformation: [-0.0878f,0.1934f,0.9772f,-1.2751f,0.8239f,0.5654f,-0.0379f,1.0052f,-0.5598f,0.8018f,-0.2089f,1.4262f,0f,0f,0f,1f],start_interpolation: 0,interpolation_duration: 1}
$data merge entity $(bone_left_index_finger) {transformation: [-0.0878f,0.1934f,0.9772f,-0.7108f,0.8239f,0.5654f,-0.0379f,0.9866f,-0.5598f,0.8018f,-0.2089f,1.3104f,0f,0f,0f,1f],start_interpolation: 0,interpolation_duration: 1}
$data merge entity $(bone_left_thumb) {transformation: [0.0516f,0.278f,0.9592f,-0.0335f,0.8103f,0.5498f,-0.203f,1.0261f,-0.5838f,0.7877f,-0.1969f,0.7938f,0f,0f,0f,1f],start_interpolation: 0,interpolation_duration: 1}
$data merge entity $(bone_left_hand) {transformation: [-0.0878f,0.1934f,0.9772f,-0.0042f,0.8239f,0.5654f,-0.0379f,0.6103f,-0.5598f,0.8018f,-0.2089f,1.2598f,0f,0f,0f,1f],start_interpolation: 0,interpolation_duration: 1}
$data merge entity $(bone_left_forearm) {transformation: [-0.1756f,1.9644f,0.3402f,1.2349f,1.649f,0.3351f,-1.0835f,-0.3307f,-1.1204f,0.1852f,-1.6479f,-0.3477f,0f,0f,0f,1f],start_interpolation: 0,interpolation_duration: 1}
$data merge entity $(bone_left_bicep) {transformation: [-0.9652f,0.7544f,-0.4047f,1.6005f,0.7491f,0.449f,-0.9496f,1.0126f,-0.4144f,-0.9454f,-0.774f,-1.5836f,0f,0f,0f,1f],start_interpolation: 0,interpolation_duration: 1}
$data merge entity $(bone_left_shoulder) {transformation: [-0.9222f,0.7209f,-0.3867f,1.3743f,0.7158f,0.4291f,-0.9073f,1.3074f,-0.396f,-0.9033f,-0.7396f,-1.7842f,0f,0f,0f,1f],start_interpolation: 0,interpolation_duration: 1}
$data merge entity $(bone_right_fingers_2) {transformation: [-0.2127f,-0.206f,-0.9552f,1.2216f,-0.8229f,0.5649f,0.0614f,0.5849f,0.5269f,0.7991f,-0.2896f,1.7305f,0f,0f,0f,1f],start_interpolation: 0,interpolation_duration: 1}
$data merge entity $(bone_right_fingers) {transformation: [-0.2127f,-0.206f,-0.9552f,0.667f,-0.8229f,0.5649f,0.0614f,0.6122f,0.5269f,0.7991f,-0.2896f,1.5754f,0f,0f,0f,1f],start_interpolation: 0,interpolation_duration: 1}
$data merge entity $(bone_right_index_finger_2) {transformation: [-0.0878f,-0.206f,-0.9746f,1.2704f,-0.8239f,0.5649f,-0.0452f,1.0145f,0.5598f,0.7991f,-0.2193f,1.4393f,0f,0f,0f,1f],start_interpolation: 0,interpolation_duration: 1}
$data merge entity $(bone_right_index_finger) {transformation: [-0.0878f,-0.206f,-0.9746f,0.7075f,-0.8239f,0.5649f,-0.0452f,0.9918f,0.5598f,0.7991f,-0.2193f,1.3175f,0f,0f,0f,1f],start_interpolation: 0,interpolation_duration: 1}
$data merge entity $(bone_right_thumb) {transformation: [0.0513f,-0.2904f,-0.9555f,0.0355f,-0.8092f,0.5486f,-0.2101f,1.0258f,0.5853f,0.784f,-0.2068f,0.7937f,0f,0f,0f,1f],start_interpolation: 0,interpolation_duration: 1}
$data merge entity $(bone_right_hand) {transformation: [-0.0878f,-0.206f,-0.9746f,0.0042f,-0.8239f,0.5649f,-0.0452f,0.6103f,0.5598f,0.7991f,-0.2193f,1.2598f,0f,0f,0f,1f],start_interpolation: 0,interpolation_duration: 1}
$data merge entity $(bone_right_forearm) {transformation: [-0.1756f,-1.9644f,-0.3402f,-1.2349f,-1.649f,0.3351f,-1.0835f,-0.3307f,1.1204f,0.1852f,-1.6479f,-0.3477f,0f,0f,0f,1f],start_interpolation: 0,interpolation_duration: 1}
$data merge entity $(bone_right_bicep) {transformation: [-0.9652f,-0.7544f,0.4047f,-1.6005f,-0.7491f,0.449f,-0.9496f,1.0126f,0.4144f,-0.9454f,-0.774f,-1.5836f,0f,0f,0f,1f],start_interpolation: 0,interpolation_duration: 1}
$data merge entity $(bone_right_shoulder) {transformation: [-0.9222f,-0.7209f,0.3867f,-1.3743f,-0.7158f,0.4291f,-0.9073f,1.3074f,0.396f,-0.9033f,-0.7396f,-1.7842f,0f,0f,0f,1f],start_interpolation: 0,interpolation_duration: 1}
$data merge entity $(bone_chest) {transformation: [-4.0675f,0f,0f,0f,0f,3.7553f,-1.5626f,1.711f,0f,-1.5626f,-3.7553f,-1.3059f,0f,0f,0f,1f],start_interpolation: 0,interpolation_duration: 1}
$data merge entity $(bone_weist) {transformation: [-1.1f,0f,0f,0f,0f,0.9562f,-0.5438f,1.0685f,0f,-0.5438f,-0.9562f,-3.6774f,0f,0f,0f,1f],start_interpolation: 0,interpolation_duration: 1}
$data merge entity $(bone_right_fingers2) {transformation: [-0.9932f,-0.1055f,0.0486f,0.7055f,0f,0.4182f,0.9083f,-2.77f,-0.1161f,0.9022f,-0.4154f,-4.0717f,0f,0f,0f,1f],start_interpolation: 0,interpolation_duration: 1}
$data merge entity $(bone_left_foot) {transformation: [-0.9932f,0.0521f,0.1037f,0.7404f,0f,0.8936f,-0.4488f,-1.8084f,-0.1161f,-0.4458f,-0.8876f,-4.3282f,0f,0f,0f,1f],start_interpolation: 0,interpolation_duration: 1}
$data merge entity $(bone_left_knee) {transformation: [-1.5743f,0.1087f,0.1485f,0.5295f,0f,1.279f,-0.9362f,-1.1009f,-0.184f,-0.9299f,-1.2703f,-2.3859f,0f,0f,0f,1f],start_interpolation: 0,interpolation_duration: 1}
$data merge entity $(bone_left_thigh) {transformation: [-1.5928f,0.0704f,0.1723f,0.6893f,0f,1.4845f,-0.6065f,0.2263f,-0.1862f,-0.6024f,-1.4745f,-4.0142f,0f,0f,0f,1f],start_interpolation: 0,interpolation_duration: 1}
$data merge entity $(bone_left_leg) {transformation: [-0.9932f,0.0683f,0.0939f,0.5257f,0f,0.8088f,-0.588f,0.2887f,-0.1161f,-0.5841f,-0.8034f,-4.4478f,0f,0f,0f,1f],start_interpolation: 0,interpolation_duration: 1}
$data merge entity $(bone_left_fingers2) {transformation: [-0.9932f,0.1055f,-0.0486f,-0.7059f,0f,0.4182f,0.9083f,-2.7583f,0.1161f,0.9022f,-0.4154f,-4.0749f,0f,0f,0f,1f],start_interpolation: 0,interpolation_duration: 1}
$data merge entity $(bone_right_foot) {transformation: [-0.9932f,-0.0521f,-0.1037f,-0.7408f,0f,0.8936f,-0.4488f,-1.7966f,0.1161f,-0.4458f,-0.8876f,-4.3314f,0f,0f,0f,1f],start_interpolation: 0,interpolation_duration: 1}
$data merge entity $(bone_right_knee) {transformation: [-1.5743f,-0.1087f,-0.1485f,-0.5317f,0f,1.279f,-0.9362f,-1.0618f,0.184f,-0.9299f,-1.2703f,-2.404f,0f,0f,0f,1f],start_interpolation: 0,interpolation_duration: 1}
$data merge entity $(bone_right_thigh) {transformation: [-1.5928f,-0.0704f,-0.1723f,-0.6889f,0f,1.4845f,-0.6065f,0.2481f,0.1862f,-0.6024f,-1.4745f,-4.0107f,0f,0f,0f,1f],start_interpolation: 0,interpolation_duration: 1}
$data merge entity $(bone_right_leg) {transformation: [-0.9932f,-0.0683f,-0.0939f,-0.5257f,0f,0.8088f,-0.588f,0.2887f,0.1161f,-0.5841f,-0.8034f,-4.4478f,0f,0f,0f,1f],start_interpolation: 0,interpolation_duration: 1}