# This file was generated by Animated Java via MC-Build. It is not recommended to edit this file directly.
$data merge entity $(bone_left_fingers_2) {transformation: [-0.872f,0.4893f,-0.0146f,1.9968f,0.4885f,0.8718f,0.0366f,0.8706f,0.0307f,0.0248f,-0.9992f,2.9703f,0f,0f,0f,1f],start_interpolation: 0,interpolation_duration: 1}
$data merge entity $(bone_left_fingers) {transformation: [-0.872f,0.4893f,-0.0146f,2.0032f,0.4885f,0.8718f,0.0366f,0.89f,0.0307f,0.0248f,-0.9992f,2.3942f,0f,0f,0f,1f],start_interpolation: 0,interpolation_duration: 1}
$data merge entity $(bone_left_index_finger_2) {transformation: [-0.8356f,0.4893f,0.2496f,1.4716f,0.4768f,0.8718f,-0.1127f,1.1695f,-0.2728f,0.0248f,-0.9618f,2.8227f,0f,0f,0f,1f],start_interpolation: 0,interpolation_duration: 1}
$data merge entity $(bone_left_index_finger) {transformation: [-0.8356f,0.4893f,0.2496f,1.6183f,0.4768f,0.8718f,-0.1127f,1.1096f,-0.2728f,0.0248f,-0.9618f,2.2685f,0f,0f,0f,1f],start_interpolation: 0,interpolation_duration: 1}
$data merge entity $(bone_left_thumb) {transformation: [-0.7057f,0.5321f,0.4679f,1.4632f,0.4125f,0.8454f,-0.3393f,0.9206f,-0.5761f,-0.0465f,-0.8161f,1.4516f,0f,0f,0f,1f],start_interpolation: 0,interpolation_duration: 1}
$data merge entity $(bone_left_hand) {transformation: [-0.8356f,0.4893f,0.2496f,2.027f,0.4768f,0.8718f,-0.1127f,0.7633f,-0.2728f,0.0248f,-0.9618f,1.6714f,0f,0f,0f,1f],start_interpolation: 0,interpolation_duration: 1}
$data merge entity $(bone_left_forearm) {transformation: [-1.6724f,1.0728f,-0.2398f,2.2566f,0.9542f,1.1998f,-1.2866f,0.0025f,-0.5459f,-1.1894f,-1.5141f,-0.4198f,0f,0f,0f,1f],start_interpolation: 0,interpolation_duration: 1}
$data merge entity $(bone_left_bicep) {transformation: [-1.2371f,0.2141f,-0.2972f,1.737f,0.3604f,0.5247f,-1.1222f,1.2152f,-0.0654f,-1.159f,-0.563f,-1.7333f,0f,0f,0f,1f],start_interpolation: 0,interpolation_duration: 1}
$data merge entity $(bone_left_shoulder) {transformation: [-1.1821f,0.2046f,-0.2839f,1.3743f,0.3444f,0.5014f,-1.0723f,1.3983f,-0.0625f,-1.1075f,-0.5379f,-1.848f,0f,0f,0f,1f],start_interpolation: 0,interpolation_duration: 1}
$data merge entity $(bone_right_fingers_2) {transformation: [-0.8682f,-0.4956f,0.0267f,-2.0136f,-0.4953f,0.8686f,0.0152f,0.8988f,-0.0308f,-0.0001f,-0.9995f,2.968f,0f,0f,0f,1f],start_interpolation: 0,interpolation_duration: 1}
$data merge entity $(bone_right_fingers) {transformation: [-0.8682f,-0.4956f,0.0267f,-2.013f,-0.4953f,0.8686f,0.0152f,0.9057f,-0.0308f,-0.0001f,-0.9995f,2.3915f,0f,0f,0f,1f],start_interpolation: 0,interpolation_duration: 1}
$data merge entity $(bone_right_index_finger_2) {transformation: [-0.8356f,-0.4956f,-0.2369f,-1.4887f,-0.4768f,0.8686f,-0.1352f,1.1983f,0.2728f,-0.0001f,-0.9621f,2.8203f,0f,0f,0f,1f],start_interpolation: 0,interpolation_duration: 1}
$data merge entity $(bone_right_index_finger) {transformation: [-0.8356f,-0.4956f,-0.2369f,-1.6281f,-0.4768f,0.8686f,-0.1352f,1.1253f,0.2728f,-0.0001f,-0.9621f,2.2659f,0f,0f,0f,1f],start_interpolation: 0,interpolation_duration: 1}
$data merge entity $(bone_right_thumb) {transformation: [-0.7099f,-0.5373f,-0.4553f,-1.4616f,-0.405f,0.8404f,-0.3602f,0.9199f,0.5762f,-0.0713f,-0.8142f,1.4552f,0f,0f,0f,1f],start_interpolation: 0,interpolation_duration: 1}
$data merge entity $(bone_right_hand) {transformation: [-0.8356f,-0.4956f,-0.2369f,-2.027f,-0.4768f,0.8686f,-0.1352f,0.7633f,0.2728f,-0.0001f,-0.9621f,1.6714f,0f,0f,0f,1f],start_interpolation: 0,interpolation_duration: 1}
$data merge entity $(bone_right_forearm) {transformation: [-1.6724f,-1.0728f,0.2398f,-2.2566f,-0.9542f,1.1998f,-1.2866f,0.0025f,0.5459f,-1.1894f,-1.5141f,-0.4198f,0f,0f,0f,1f],start_interpolation: 0,interpolation_duration: 1}
$data merge entity $(bone_right_bicep) {transformation: [-1.2371f,-0.2141f,0.2972f,-1.737f,-0.3604f,0.5247f,-1.1222f,1.2152f,0.0654f,-1.159f,-0.563f,-1.7333f,0f,0f,0f,1f],start_interpolation: 0,interpolation_duration: 1}
$data merge entity $(bone_right_shoulder) {transformation: [-1.1821f,-0.2046f,0.2839f,-1.3743f,-0.3444f,0.5014f,-1.0723f,1.3983f,0.0625f,-1.1075f,-0.5379f,-1.848f,0f,0f,0f,1f],start_interpolation: 0,interpolation_duration: 1}
$data merge entity $(bone_chest) {transformation: [-4.0675f,0f,0f,0f,0f,3.9725f,-0.8739f,1.711f,0f,-0.8739f,-3.9725f,-1.3059f,0f,0f,0f,1f],start_interpolation: 0,interpolation_duration: 1}
$data merge entity $(bone_weist) {transformation: [-1.1f,0f,0f,0f,0f,1.0607f,-0.2916f,1.4126f,0f,-0.2916f,-1.0607f,-3.8353f,0f,0f,0f,1f],start_interpolation: 0,interpolation_duration: 1}
$data merge entity $(bone_right_fingers2) {transformation: [-0.9621f,-0.2728f,0.0013f,1.3656f,0f,0.0048f,1f,-2.1777f,-0.2728f,0.962f,-0.0047f,-6.8748f,0f,0f,0f,1f],start_interpolation: 0,interpolation_duration: 1}
$data merge entity $(bone_left_foot) {transformation: [-0.9621f,-0.0896f,0.2577f,1.2312f,0f,0.9446f,0.3283f,-1.322f,-0.2728f,0.3159f,-0.9087f,-6.3832f,0f,0f,0f,1f],start_interpolation: 0,interpolation_duration: 1}
$data merge entity $(bone_left_knee) {transformation: [-1.5249f,0.1031f,0.42f,0.6803f,0f,1.5393f,-0.378f,-1.4127f,-0.4325f,-0.3636f,-1.4809f,-4.3819f,0f,0f,0f,1f],start_interpolation: 0,interpolation_duration: 1}
$data merge entity $(bone_left_thigh) {transformation: [-1.5428f,-0.2169f,0.38f,0.6411f,0f,1.3927f,0.7951f,0.6934f,-0.4375f,0.7649f,-1.3398f,-4.3548f,0f,0f,0f,1f],start_interpolation: 0,interpolation_duration: 1}
$data merge entity $(bone_left_leg) {transformation: [-0.9621f,0.0308f,0.2711f,0.5257f,0f,0.9936f,-0.1129f,0.9507f,-0.2728f,-0.1086f,-0.9559f,-4.7279f,0f,0f,0f,1f],start_interpolation: 0,interpolation_duration: 1}
$data merge entity $(bone_left_fingers2) {transformation: [-0.9621f,0.2728f,-0.0013f,-1.3608f,0f,0.0048f,1f,-2.1638f,0.2728f,0.962f,-0.0047f,-6.858f,0f,0f,0f,1f],start_interpolation: 0,interpolation_duration: 1}
$data merge entity $(bone_right_foot) {transformation: [-0.9621f,0.0896f,-0.2577f,-1.2265f,0f,0.9446f,0.3283f,-1.3081f,0.2728f,0.3159f,-0.9087f,-6.3665f,0f,0f,0f,1f],start_interpolation: 0,interpolation_duration: 1}
$data merge entity $(bone_right_knee) {transformation: [-1.5249f,-0.1031f,-0.42f,-0.6765f,0f,1.5393f,-0.378f,-1.3677f,0.4325f,-0.3636f,-1.4809f,-4.3684f,0f,0f,0f,1f],start_interpolation: 0,interpolation_duration: 1}
$data merge entity $(bone_right_thigh) {transformation: [-1.5428f,0.2169f,-0.38f,-0.6374f,0f,1.3927f,0.7951f,0.7107f,0.4375f,0.7649f,-1.3398f,-4.3416f,0f,0f,0f,1f],start_interpolation: 0,interpolation_duration: 1}
$data merge entity $(bone_right_leg) {transformation: [-0.9621f,-0.0308f,-0.2711f,-0.5257f,0f,0.9936f,-0.1129f,0.9507f,0.2728f,-0.1086f,-0.9559f,-4.7279f,0f,0f,0f,1f],start_interpolation: 0,interpolation_duration: 1}