# This file was generated by Animated Java via MC-Build. It is not recommended to edit this file directly.
$data merge entity $(bone_left_fingers_2) {transformation: [-0.8708f,-0.1002f,-0.4814f,3.4988f,0.2152f,0.8027f,-0.5563f,2.4303f,0.4421f,-0.5879f,-0.6774f,2.2695f,0f,0f,0f,1f],start_interpolation: 0,interpolation_duration: 1}
$data merge entity $(bone_left_fingers) {transformation: [-0.8708f,-0.1002f,-0.4814f,3.2327f,0.2152f,0.8027f,-0.5563f,2.1114f,0.4421f,-0.5879f,-0.6774f,1.8696f,0f,0f,0f,1f],start_interpolation: 0,interpolation_duration: 1}
$data merge entity $(bone_left_index_finger_2) {transformation: [-0.9926f,-0.1002f,-0.0683f,2.8154f,-0.0401f,0.8027f,-0.5951f,2.4313f,0.1144f,-0.5879f,-0.8008f,2.3872f,0f,0f,0f,1f],start_interpolation: 0,interpolation_duration: 1}
$data merge entity $(bone_left_index_finger) {transformation: [-0.9926f,-0.1002f,-0.0683f,2.7755f,-0.0401f,0.8027f,-0.5951f,2.093f,0.1144f,-0.5879f,-0.8008f,1.9223f,0f,0f,0f,1f],start_interpolation: 0,interpolation_duration: 1}
$data merge entity $(bone_left_thumb) {transformation: [-0.912f,-0.0651f,0.405f,2.4888f,-0.3103f,0.7552f,-0.5773f,1.4158f,-0.2683f,-0.6522f,-0.709f,1.4906f,0f,0f,0f,1f],start_interpolation: 0,interpolation_duration: 1}
$data merge entity $(bone_left_hand) {transformation: [-0.9926f,-0.1002f,-0.0683f,3.0796f,-0.0401f,0.8027f,-0.5951f,1.5873f,0.1144f,-0.5879f,-0.8008f,1.3788f,0f,0f,0f,1f],start_interpolation: 0,interpolation_duration: 1}
$data merge entity $(bone_left_forearm) {transformation: [-1.9866f,-0.229f,-0.0801f,2.878f,-0.0802f,1.2434f,-1.5661f,0.5527f,0.2289f,-1.5514f,-1.2434f,-0.5944f,0f,0f,0f,1f],start_interpolation: 0,interpolation_duration: 1}
$data merge entity $(bone_left_bicep) {transformation: [-1.2806f,-0.1563f,-0.0048f,1.7902f,-0.0517f,0.4609f,-1.2039f,1.4212f,0.1476f,-1.1948f,-0.4638f,-1.8307f,0f,0f,0f,1f],start_interpolation: 0,interpolation_duration: 1}
$data merge entity $(bone_left_shoulder) {transformation: [-1.2237f,-0.1493f,-0.0046f,1.3743f,-0.0494f,0.4404f,-1.1504f,1.4708f,0.141f,-1.1417f,-0.4431f,-1.8838f,0f,0f,0f,1f],start_interpolation: 0,interpolation_duration: 1}
$data merge entity $(bone_right_fingers_2) {transformation: [-0.8708f,0.1002f,0.4814f,-3.4988f,-0.2152f,0.8027f,-0.5563f,2.4303f,-0.4421f,-0.5879f,-0.6774f,2.2695f,0f,0f,0f,1f],start_interpolation: 0,interpolation_duration: 1}
$data merge entity $(bone_right_fingers) {transformation: [-0.8708f,0.1002f,0.4814f,-3.2327f,-0.2152f,0.8027f,-0.5563f,2.1114f,-0.4421f,-0.5879f,-0.6774f,1.8696f,0f,0f,0f,1f],start_interpolation: 0,interpolation_duration: 1}
$data merge entity $(bone_right_index_finger_2) {transformation: [-0.9926f,0.1002f,0.0683f,-2.8154f,0.0401f,0.8027f,-0.5951f,2.4313f,-0.1144f,-0.5879f,-0.8008f,2.3872f,0f,0f,0f,1f],start_interpolation: 0,interpolation_duration: 1}
$data merge entity $(bone_right_index_finger) {transformation: [-0.9926f,0.1002f,0.0683f,-2.7755f,0.0401f,0.8027f,-0.5951f,2.093f,-0.1144f,-0.5879f,-0.8008f,1.9223f,0f,0f,0f,1f],start_interpolation: 0,interpolation_duration: 1}
$data merge entity $(bone_right_thumb) {transformation: [-0.912f,0.0651f,-0.405f,-2.4888f,0.3103f,0.7552f,-0.5773f,1.4158f,0.2683f,-0.6522f,-0.709f,1.4906f,0f,0f,0f,1f],start_interpolation: 0,interpolation_duration: 1}
$data merge entity $(bone_right_hand) {transformation: [-0.9926f,0.1002f,0.0683f,-3.0796f,0.0401f,0.8027f,-0.5951f,1.5873f,-0.1144f,-0.5879f,-0.8008f,1.3788f,0f,0f,0f,1f],start_interpolation: 0,interpolation_duration: 1}
$data merge entity $(bone_right_forearm) {transformation: [-1.9866f,0.229f,0.0801f,-2.878f,0.0802f,1.2434f,-1.5661f,0.5527f,-0.2289f,-1.5514f,-1.2435f,-0.5944f,0f,0f,0f,1f],start_interpolation: 0,interpolation_duration: 1}
$data merge entity $(bone_right_bicep) {transformation: [-1.2806f,0.1563f,0.0048f,-1.7902f,0.0517f,0.4609f,-1.2039f,1.4212f,-0.1476f,-1.1948f,-0.4638f,-1.8307f,0f,0f,0f,1f],start_interpolation: 0,interpolation_duration: 1}
$data merge entity $(bone_right_shoulder) {transformation: [-1.2237f,0.1493f,0.0046f,-1.3743f,0.0494f,0.4404f,-1.1504f,1.4708f,-0.141f,-1.1417f,-0.4431f,-1.8838f,0f,0f,0f,1f],start_interpolation: 0,interpolation_duration: 1}
$data merge entity $(bone_chest) {transformation: [-4.0675f,0f,0f,0f,0f,4.052f,-0.3545f,1.711f,0f,-0.3545f,-4.052f,-1.3059f,0f,0f,0f,1f],start_interpolation: 0,interpolation_duration: 1}
$data merge entity $(bone_weist) {transformation: [-1.1f,0f,0f,0f,0f,1.0958f,-0.0959f,1.6628f,0f,-0.0959f,-1.0958f,-3.9502f,0f,0f,0f,1f],start_interpolation: 0,interpolation_duration: 1}
$data merge entity $(bone_right_fingers2) {transformation: [-0.9239f,-0.365f,-0.1151f,2.2509f,0f,-0.3007f,0.9537f,-0.3348f,-0.3827f,0.8811f,0.2778f,-8.5158f,0f,0f,0f,1f],start_interpolation: 0,interpolation_duration: 1}
$data merge entity $(bone_left_foot) {transformation: [-0.9239f,-0.3036f,0.233f,1.9125f,0f,0.6088f,0.7934f,0.1002f,-0.3827f,0.733f,-0.5624f,-7.6863f,0f,0f,0f,1f],start_interpolation: 0,interpolation_duration: 1}
$data merge entity $(bone_left_knee) {transformation: [-1.4644f,-0.0265f,0.606f,1.1747f,0f,1.5835f,0.0691f,-0.5693f,-0.6066f,0.0639f,-1.463f,-5.8629f,0f,0f,0f,1f],start_interpolation: 0,interpolation_duration: 1}
$data merge entity $(bone_left_thigh) {transformation: [-1.4816f,-0.567f,0.2348f,0.6418f,0f,0.6137f,1.4816f,1.0729f,-0.6137f,1.3688f,-0.567f,-4.6557f,0f,0f,0f,1f],start_interpolation: 0,interpolation_duration: 1}
$data merge entity $(bone_left_leg) {transformation: [-0.9239f,-0.099f,0.3696f,0.5257f,0f,0.9659f,0.2588f,1.4322f,-0.3827f,0.2391f,-0.8924f,-4.9316f,0f,0f,0f,1f],start_interpolation: 0,interpolation_duration: 1}
$data merge entity $(bone_left_fingers2) {transformation: [-0.9239f,0.365f,0.1151f,-2.2391f,0f,-0.3007f,0.9537f,-0.3327f,0.3827f,0.8811f,0.2778f,-8.4873f,0f,0f,0f,1f],start_interpolation: 0,interpolation_duration: 1}
$data merge entity $(bone_right_foot) {transformation: [-0.9239f,0.3036f,-0.233f,-1.9007f,0f,0.6088f,0.7934f,0.1022f,0.3827f,0.733f,-0.5624f,-7.6577f,0f,0f,0f,1f],start_interpolation: 0,interpolation_duration: 1}
$data merge entity $(bone_right_knee) {transformation: [-1.4644f,0.0265f,-0.606f,-1.1608f,0f,1.5835f,0.0691f,-0.5365f,0.6066f,0.0639f,-1.463f,-5.8294f,0f,0f,0f,1f],start_interpolation: 0,interpolation_duration: 1}
$data merge entity $(bone_right_thigh) {transformation: [-1.4816f,0.567f,-0.2348f,-0.6345f,0f,0.6137f,1.4816f,1.0839f,0.6137f,1.3688f,-0.567f,-4.638f,0f,0f,0f,1f],start_interpolation: 0,interpolation_duration: 1}
$data merge entity $(bone_right_leg) {transformation: [-0.9239f,0.099f,-0.3696f,-0.5257f,0f,0.9659f,0.2588f,1.4322f,0.3827f,0.2391f,-0.8924f,-4.9316f,0f,0f,0f,1f],start_interpolation: 0,interpolation_duration: 1}