# This file was generated by Animated Java via MC-Build. It is not recommended to edit this file directly.
$data merge entity $(bone_left_fingers_2) {transformation: [-0.6909f,-0.4961f,-0.5258f,4.786f,0.1565f,0.6075f,-0.7788f,1.8697f,0.7058f,-0.6204f,-0.3421f,0.7363f,0f,0f,0f,1f],start_interpolation: 0,interpolation_duration: 1}
$data merge entity $(bone_left_fingers) {transformation: [-0.6909f,-0.4961f,-0.5258f,4.4896f,0.1565f,0.6075f,-0.7788f,1.4222f,0.7058f,-0.6204f,-0.3421f,0.5258f,0f,0f,0f,1f],start_interpolation: 0,interpolation_duration: 1}
$data merge entity $(bone_left_index_finger_2) {transformation: [-0.8484f,-0.4961f,-0.1846f,4.208f,-0.1873f,0.6075f,-0.7719f,1.7773f,0.4951f,-0.6204f,-0.6083f,1.108f,0f,0f,0f,1f],start_interpolation: 0,interpolation_duration: 1}
$data merge entity $(bone_left_index_finger) {transformation: [-0.8484f,-0.4961f,-0.1846f,4.0988f,-0.1873f,0.6075f,-0.7719f,1.336f,0.4951f,-0.6204f,-0.6083f,0.7539f,0f,0f,0f,1f],start_interpolation: 0,interpolation_duration: 1}
$data merge entity $(bone_left_thumb) {transformation: [-0.8378f,-0.4743f,0.2704f,3.8638f,-0.5226f,0.553f,-0.6489f,0.5353f,0.1582f,-0.685f,-0.7112f,0.5783f,0f,0f,0f,1f],start_interpolation: 0,interpolation_duration: 1}
$data merge entity $(bone_left_hand) {transformation: [-0.8484f,-0.4961f,-0.1846f,4.3163f,-0.1873f,0.6075f,-0.7719f,0.7772f,0.4951f,-0.6204f,-0.6083f,0.221f,0f,0f,0f,1f],start_interpolation: 0,interpolation_duration: 1}
$data merge entity $(bone_left_forearm) {transformation: [-1.698f,-0.8358f,-0.6508f,3.2583f,-0.3748f,1.6241f,-1.1078f,0.3813f,0.9908f,-0.818f,-1.5344f,-1.71f,0f,0f,0f,1f],start_interpolation: 0,interpolation_duration: 1}
$data merge entity $(bone_left_bicep) {transformation: [-1.0946f,-0.64f,-0.2381f,1.7712f,-0.2416f,0.7837f,-0.9959f,1.4555f,0.6387f,-0.8004f,-0.7848f,-2.027f,0f,0f,0f,1f],start_interpolation: 0,interpolation_duration: 1}
$data merge entity $(bone_left_shoulder) {transformation: [-1.0459f,-0.6116f,-0.2275f,1.3743f,-0.2309f,0.7489f,-0.9516f,1.4708f,0.6103f,-0.7648f,-0.7499f,-1.8838f,0f,0f,0f,1f],start_interpolation: 0,interpolation_duration: 1}
$data merge entity $(bone_right_fingers_2) {transformation: [-0.6239f,0.4031f,0.6695f,-4.9934f,-0.049f,0.8349f,-0.5483f,1.5787f,-0.7799f,-0.3749f,-0.5012f,0.9817f,0f,0f,0f,1f],start_interpolation: 0,interpolation_duration: 1}
$data merge entity $(bone_right_fingers) {transformation: [-0.6239f,0.4031f,0.6695f,-4.6138f,-0.049f,0.8349f,-0.5483f,1.2669f,-0.7799f,-0.3749f,-0.5012f,0.68f,0f,0f,0f,1f],start_interpolation: 0,interpolation_duration: 1}
$data merge entity $(bone_right_index_finger_2) {transformation: [-0.8484f,0.4031f,0.3431f,-4.4231f,0.1873f,0.8349f,-0.5176f,1.4741f,-0.4951f,-0.3749f,-0.7838f,1.3619f,0f,0f,0f,1f],start_interpolation: 0,interpolation_duration: 1}
$data merge entity $(bone_right_index_finger) {transformation: [-0.8484f,0.4031f,0.3431f,-4.223f,0.1873f,0.8349f,-0.5176f,1.1806f,-0.4951f,-0.3749f,-0.7838f,0.908f,0f,0f,0f,1f],start_interpolation: 0,interpolation_duration: 1}
$data merge entity $(bone_right_thumb) {transformation: [-0.911f,0.3939f,-0.1222f,-3.842f,0.4051f,0.7992f,-0.444f,0.5159f,-0.0772f,-0.454f,-0.8877f,0.5336f,0f,0f,0f,1f],start_interpolation: 0,interpolation_duration: 1}
$data merge entity $(bone_right_hand) {transformation: [-0.8484f,0.4031f,0.3431f,-4.3163f,0.1873f,0.8349f,-0.5176f,0.7772f,-0.4951f,-0.3749f,-0.7838f,0.221f,0f,0f,0f,1f],start_interpolation: 0,interpolation_duration: 1}
$data merge entity $(bone_right_forearm) {transformation: [-1.698f,0.8358f,0.6508f,-3.2583f,0.3748f,1.6241f,-1.1078f,0.3813f,-0.9908f,-0.818f,-1.5344f,-1.71f,0f,0f,0f,1f],start_interpolation: 0,interpolation_duration: 1}
$data merge entity $(bone_right_bicep) {transformation: [-1.0946f,0.64f,0.2381f,-1.7712f,0.2416f,0.7837f,-0.9959f,1.4555f,-0.6387f,-0.8004f,-0.7848f,-2.027f,0f,0f,0f,1f],start_interpolation: 0,interpolation_duration: 1}
$data merge entity $(bone_right_shoulder) {transformation: [-1.0459f,0.6116f,0.2275f,-1.3743f,0.2309f,0.7489f,-0.9516f,1.4708f,-0.6103f,-0.7648f,-0.7499f,-1.8838f,0f,0f,0f,1f],start_interpolation: 0,interpolation_duration: 1}
$data merge entity $(bone_chest) {transformation: [-4.0675f,0f,0f,0f,0f,4.052f,-0.3545f,1.711f,0f,-0.3545f,-4.052f,-1.3059f,0f,0f,0f,1f],start_interpolation: 0,interpolation_duration: 1}
$data merge entity $(bone_weist) {transformation: [-1.1f,0f,0f,0f,0f,1.0958f,-0.0959f,1.6628f,0f,-0.0959f,-1.0958f,-3.9502f,0f,0f,0f,1f],start_interpolation: 0,interpolation_duration: 1}
$data merge entity $(bone_right_fingers2) {transformation: [-0.9239f,-0.365f,-0.1151f,2.2509f,0f,-0.3007f,0.9537f,-0.3348f,-0.3827f,0.8811f,0.2778f,-8.5158f,0f,0f,0f,1f],start_interpolation: 0,interpolation_duration: 1}
$data merge entity $(bone_left_foot) {transformation: [-0.9239f,-0.3036f,0.233f,1.9125f,0f,0.6088f,0.7934f,0.1002f,-0.3827f,0.733f,-0.5624f,-7.6863f,0f,0f,0f,1f],start_interpolation: 0,interpolation_duration: 1}
$data merge entity $(bone_left_knee) {transformation: [-1.4644f,-0.0265f,0.606f,1.1747f,0f,1.5835f,0.0691f,-0.5693f,-0.6066f,0.0639f,-1.463f,-5.8629f,0f,0f,0f,1f],start_interpolation: 0,interpolation_duration: 1}
$data merge entity $(bone_left_thigh) {transformation: [-1.4816f,-0.567f,0.2348f,0.6418f,0f,0.6137f,1.4816f,1.0729f,-0.6137f,1.3688f,-0.567f,-4.6557f,0f,0f,0f,1f],start_interpolation: 0,interpolation_duration: 1}
$data merge entity $(bone_left_leg) {transformation: [-0.9239f,-0.099f,0.3696f,0.5257f,0f,0.9659f,0.2588f,1.4322f,-0.3827f,0.2391f,-0.8924f,-4.9316f,0f,0f,0f,1f],start_interpolation: 0,interpolation_duration: 1}
$data merge entity $(bone_left_fingers2) {transformation: [-0.9239f,0.365f,0.1151f,-2.2391f,0f,-0.3007f,0.9537f,-0.3327f,0.3827f,0.8811f,0.2778f,-8.4873f,0f,0f,0f,1f],start_interpolation: 0,interpolation_duration: 1}
$data merge entity $(bone_right_foot) {transformation: [-0.9239f,0.3036f,-0.233f,-1.9007f,0f,0.6088f,0.7934f,0.1022f,0.3827f,0.733f,-0.5624f,-7.6577f,0f,0f,0f,1f],start_interpolation: 0,interpolation_duration: 1}
$data merge entity $(bone_right_knee) {transformation: [-1.4644f,0.0265f,-0.606f,-1.1608f,0f,1.5835f,0.0691f,-0.5365f,0.6066f,0.0639f,-1.463f,-5.8294f,0f,0f,0f,1f],start_interpolation: 0,interpolation_duration: 1}
$data merge entity $(bone_right_thigh) {transformation: [-1.4816f,0.567f,-0.2348f,-0.6345f,0f,0.6137f,1.4816f,1.0839f,0.6137f,1.3688f,-0.567f,-4.638f,0f,0f,0f,1f],start_interpolation: 0,interpolation_duration: 1}
$data merge entity $(bone_right_leg) {transformation: [-0.9239f,0.099f,-0.3696f,-0.5257f,0f,0.9659f,0.2588f,1.4322f,0.3827f,0.2391f,-0.8924f,-4.9316f,0f,0f,0f,1f],start_interpolation: 0,interpolation_duration: 1}
execute on vehicle unless entity @s[tag=aj.transforms_only] at @s run function animated_java:jaw/animations/born/zzz/frames/28_root_commands