# This file was generated by Animated Java via MC-Build. It is not recommended to edit this file directly.
$data merge entity $(bone_left_fingers_2) {transformation: [-0.9997f,0.003f,-0.0226f,3.0747f,0f,0.9916f,0.1291f,-1.3351f,0.0228f,0.129f,-0.9914f,0.8153f,0f,0f,0f,1f],start_interpolation: 0,interpolation_duration: 1}
$data merge entity $(bone_left_fingers) {transformation: [-0.9997f,0.003f,-0.0226f,3.0754f,0f,0.9916f,0.1291f,-1.255f,0.0228f,0.129f,-0.9914f,0.2444f,0f,0f,0f,1f],start_interpolation: 0,interpolation_duration: 1}
$data merge entity $(bone_left_index_finger_2) {transformation: [-0.9997f,0.003f,-0.0226f,2.6279f,0f,0.9916f,0.1291f,-1.3351f,0.0228f,0.129f,-0.9914f,0.8255f,0f,0f,0f,1f],start_interpolation: 0,interpolation_duration: 1}
$data merge entity $(bone_left_index_finger) {transformation: [-0.9997f,0.003f,-0.0226f,2.6149f,0f,0.9916f,0.1291f,-1.2549f,0.0228f,0.129f,-0.9914f,0.2549f,0f,0f,0f,1f],start_interpolation: 0,interpolation_duration: 1}
$data merge entity $(bone_left_thumb) {transformation: [-0.9997f,0.001f,-0.0227f,2.3346f,0f,0.9991f,0.0421f,-1.4146f,0.0228f,0.0421f,-0.9989f,-0.5345f,0f,0f,0f,1f],start_interpolation: 0,interpolation_duration: 1}
$data merge entity $(bone_left_hand) {transformation: [-0.9997f,0.003f,-0.0226f,2.9421f,0f,0.9916f,0.1291f,-1.2784f,0.0228f,0.129f,-0.9914f,-0.4772f,0f,0f,0f,1f],start_interpolation: 0,interpolation_duration: 1}
$data merge entity $(bone_left_forearm) {transformation: [-2.0008f,0.0039f,-0.0454f,2.8817f,0f,1.994f,0.1715f,-0.1968f,0.0455f,0.1714f,-1.9935f,-2.4346f,0f,0f,0f,1f],start_interpolation: 0,interpolation_duration: 1}
$data merge entity $(bone_left_bicep) {transformation: [-1.2791f,-0.1658f,-0.0292f,1.7901f,-0.1678f,1.2744f,0.1105f,1.2223f,0.0147f,0.1134f,-1.2851f,-1.9243f,0f,0f,0f,1f],start_interpolation: 0,interpolation_duration: 1}
$data merge entity $(bone_left_shoulder) {transformation: [-1.2222f,-0.1585f,-0.0279f,1.3743f,-0.1603f,1.2177f,0.1056f,1.2833f,0.014f,0.1083f,-1.2279f,-1.8838f,0f,0f,0f,1f],start_interpolation: 0,interpolation_duration: 1}
$data merge entity $(bone_right_fingers_2) {transformation: [-0.9997f,-0.003f,0.0226f,-3.0747f,0f,0.9916f,0.1291f,-1.3351f,-0.0228f,0.129f,-0.9914f,0.8153f,0f,0f,0f,1f],start_interpolation: 0,interpolation_duration: 1}
$data merge entity $(bone_right_fingers) {transformation: [-0.9997f,-0.003f,0.0226f,-3.0754f,0f,0.9916f,0.1291f,-1.255f,-0.0228f,0.129f,-0.9914f,0.2444f,0f,0f,0f,1f],start_interpolation: 0,interpolation_duration: 1}
$data merge entity $(bone_right_index_finger_2) {transformation: [-0.9997f,-0.003f,0.0226f,-2.6279f,0f,0.9916f,0.1291f,-1.3351f,-0.0228f,0.129f,-0.9914f,0.8255f,0f,0f,0f,1f],start_interpolation: 0,interpolation_duration: 1}
$data merge entity $(bone_right_index_finger) {transformation: [-0.9997f,-0.003f,0.0226f,-2.6149f,0f,0.9916f,0.1291f,-1.2549f,-0.0228f,0.129f,-0.9914f,0.2549f,0f,0f,0f,1f],start_interpolation: 0,interpolation_duration: 1}
$data merge entity $(bone_right_thumb) {transformation: [-0.9997f,-0.001f,0.0227f,-2.3346f,0f,0.9991f,0.0421f,-1.4146f,-0.0228f,0.0421f,-0.9989f,-0.5345f,0f,0f,0f,1f],start_interpolation: 0,interpolation_duration: 1}
$data merge entity $(bone_right_hand) {transformation: [-0.9997f,-0.003f,0.0226f,-2.9421f,0f,0.9916f,0.1291f,-1.2784f,-0.0228f,0.129f,-0.9914f,-0.4772f,0f,0f,0f,1f],start_interpolation: 0,interpolation_duration: 1}
$data merge entity $(bone_right_forearm) {transformation: [-2.0008f,-0.0039f,0.0454f,-2.8817f,0f,1.994f,0.1715f,-0.1968f,-0.0455f,0.1714f,-1.9935f,-2.4346f,0f,0f,0f,1f],start_interpolation: 0,interpolation_duration: 1}
$data merge entity $(bone_right_bicep) {transformation: [-1.2791f,0.1658f,0.0292f,-1.7901f,0.1678f,1.2744f,0.1105f,1.2223f,-0.0147f,0.1134f,-1.2851f,-1.9243f,0f,0f,0f,1f],start_interpolation: 0,interpolation_duration: 1}
$data merge entity $(bone_right_shoulder) {transformation: [-1.2222f,0.1585f,0.0279f,-1.3743f,0.1603f,1.2177f,0.1056f,1.2833f,-0.014f,0.1083f,-1.2279f,-1.8838f,0f,0f,0f,1f],start_interpolation: 0,interpolation_duration: 1}
$data merge entity $(bone_chest) {transformation: [-4.0675f,0f,0f,0f,0f,4.052f,-0.3545f,1.5235f,0f,-0.3545f,-4.052f,-1.3059f,0f,0f,0f,1f],start_interpolation: 0,interpolation_duration: 1}
$data merge entity $(bone_weist) {transformation: [-1.1f,0f,0f,0f,0f,1.0958f,-0.0959f,1.4753f,0f,-0.0959f,-1.0958f,-3.9502f,0f,0f,0f,1f],start_interpolation: 0,interpolation_duration: 1}
$data merge entity $(bone_right_fingers2) {transformation: [-0.9952f,0.0043f,-0.0979f,0.701f,0f,0.999f,0.0436f,-1.4276f,0.098f,0.0434f,-0.9942f,-5.4201f,0f,0f,0f,1f],start_interpolation: 0,interpolation_duration: 1}
$data merge entity $(bone_left_foot) {transformation: [-0.9952f,0f,-0.098f,0.7254f,0f,1f,0f,-0.4521f,0.098f,0f,-0.9952f,-5.2212f,0f,0f,0f,1f],start_interpolation: 0,interpolation_duration: 1}
$data merge entity $(bone_left_knee) {transformation: [-1.5774f,-0.0402f,-0.1501f,0.945f,0f,1.531f,-0.4102f,-0.4991f,0.1554f,-0.4083f,-1.5236f,-3.1556f,0f,0f,0f,1f],start_interpolation: 0,interpolation_duration: 1}
$data merge entity $(bone_left_thigh) {transformation: [-1.5959f,-0.0407f,-0.1518f,0.7721f,0f,1.549f,-0.4151f,1.0232f,0.1572f,-0.4131f,-1.5416f,-4.6015f,0f,0f,0f,1f],start_interpolation: 0,interpolation_duration: 1}
$data merge entity $(bone_left_leg) {transformation: [-0.9952f,-0.0212f,-0.0957f,0.5257f,0f,0.9763f,-0.2164f,1.2447f,0.098f,-0.2154f,-0.9716f,-4.9316f,0f,0f,0f,1f],start_interpolation: 0,interpolation_duration: 1}
$data merge entity $(bone_left_fingers2) {transformation: [-0.9952f,-0.0043f,0.0979f,-0.7006f,0f,0.999f,0.0436f,-1.4201f,-0.098f,0.0434f,-0.9942f,-5.4235f,0f,0f,0f,1f],start_interpolation: 0,interpolation_duration: 1}
$data merge entity $(bone_right_foot) {transformation: [-0.9952f,0f,0.098f,-0.7251f,0f,1f,0f,-0.4446f,-0.098f,0f,-0.9952f,-5.2246f,0f,0f,0f,1f],start_interpolation: 0,interpolation_duration: 1}
$data merge entity $(bone_right_knee) {transformation: [-1.5774f,0.0402f,0.1501f,-0.9443f,0f,1.531f,-0.4102f,-0.4606f,-0.1554f,-0.4083f,-1.5236f,-3.163f,0f,0f,0f,1f],start_interpolation: 0,interpolation_duration: 1}
$data merge entity $(bone_right_thigh) {transformation: [-1.5959f,0.0407f,0.1518f,-0.7732f,0f,1.549f,-0.4151f,1.0418f,-0.1572f,-0.4131f,-1.5416f,-4.5897f,0f,0f,0f,1f],start_interpolation: 0,interpolation_duration: 1}
$data merge entity $(bone_right_leg) {transformation: [-0.9952f,0.0212f,0.0957f,-0.5257f,0f,0.9763f,-0.2164f,1.2447f,-0.098f,-0.2154f,-0.9716f,-4.9316f,0f,0f,0f,1f],start_interpolation: 0,interpolation_duration: 1}
execute on vehicle unless entity @s[tag=aj.transforms_only] at @s run function animated_java:jaw/animations/born/zzz/frames/34_root_commands