# This file was generated by Animated Java via MC-Build. It is not recommended to edit this file directly.
$data merge entity $(bone_right_thumb_2) { transformation: [0.11298116572989333f,0.9935879762365576f,-0.0042649347540416604f,-2.137464152683995f,0.5068742791255461f,-0.061327624169894956f,-0.859835674809224f,3.8691134508716205f,-0.8545839463453974f,0.09498345114712331f,-0.5105530556728749f,-4.015413559297084f,0f,0f,0f,1f], start_interpolation: 0, interpolation_duration: 1 }
$data merge entity $(bone_right_thumb) { transformation: [-0.1910664158161916f,0.9774607137874762f,-0.0898007669746301f,-1.885492675264077f,0.5018826093402995f,0.018659670445664023f,-0.864734446602326f,3.9485278023135297f,-0.843568296695014f,-0.210291154595092f,-0.4941357699156546f,-4.20017969591987f,0f,0f,0f,1f], start_interpolation: 0, interpolation_duration: 1 }
$data merge entity $(bone_right_fingers2) { transformation: [-0.17115890885503882f,-0.9524057670957441f,0.25224567929366065f,-2.5255707617955117f,-0.5587302131612588f,-0.11704500806271381f,-0.8210487287538865f,3.523171080295084f,0.8114956418985424f,-0.2814670866910856f,-0.5121045813984739f,-4.163243072368481f,0f,0f,0f,1f], start_interpolation: 0, interpolation_duration: 1 }
$data merge entity $(bone_right_fingers) { transformation: [-0.9665985243672446f,0.04538072243525208f,0.25224567929366065f,-2.457069551783775f,-0.18897259899547056f,0.5386727595122326f,-0.8210487287538865f,3.7795574809273083f,-0.17313766060555055f,-0.8412920112486102f,-0.5121045813984739f,-4.556427592427188f,0f,0f,0f,1f], start_interpolation: 0, interpolation_duration: 1 }
$data merge entity $(bone_right_hand) { transformation: [0.024283687368570395f,0.9673584753365556f,0.25224567929366065f,-1.7661175903993074f,0.5344221544609096f,0.2006787129542796f,-0.8210487287538865f,3.9304358558319334f,-0.8448687846933072f,0.15474377002499534f,-0.5121045813984739f,-4.515105663830045f,0f,0f,0f,1f], start_interpolation: 0, interpolation_duration: 1 }
$data merge entity $(bone_right_forearm) { transformation: [0.036554942870123924f,1.4561929275463141f,0.3797127782063934f,0.3315040483512026f,0.8044812564228455f,0.3020875197392049f,-1.2359485986478138f,4.347539135552253f,-1.2718056236050552f,0.2329403103785845f,-0.7708859627627468f,-4.139998928659503f,0f,0f,0f,1f], start_interpolation: 0, interpolation_duration: 1 }
$data merge entity $(bone_right_bicep) { transformation: [-0.4073067820964955f,-0.5582832837741102f,1.4196214700972367f,-0.44882601225909835f,1.4444934385044719f,-0.6134729446771505f,0.17318721174242752f,3.538127171981912f,0.4903509451608801f,1.343456318326721f,0.6690181084038679f,-2.133779313475648f,0f,0f,0f,1f], start_interpolation: 0, interpolation_duration: 1 }
$data merge entity $(bone_right_shoulder) { transformation: [0.25546836748617485f,-0.13319394529029896f,0.9575987083073755f,-0.7546451737805975f,0.6042561027228408f,0.7951818396058683f,-0.050600437579439314f,3.5192115461857902f,-0.7547254305614413f,0.5915616746367466f,0.2836270607061599f,-1.8391615800165106f,0f,0f,0f,1f], start_interpolation: 0, interpolation_duration: 1 }
$data merge entity $(bone_right_arm) { transformation: [-1.1205075702834377f,-4.636261363158332e-17f,0.940217488956183f,-0.8696481255402094f,0.24334619268032906f,1.4128778172222631f,0.290008699370905f,3.273340608896937f,-0.908180354911434f,0.37857947012855275f,-1.0823272006891858f,-1.3191241607922461f,0f,0f,0f,1f], start_interpolation: 0, interpolation_duration: 1 }
$data merge entity $(bone_left_thumb_2) { transformation: [-0.6444081362370782f,0.7628440932634086f,0.052981537582288685f,-1.8073968388856039f,-0.034822432073659856f,0.03993902313891179f,-0.998595149525164f,0.5453517729634757f,-0.7638884422321959f,-0.6453477851545146f,0.0008270551563820949f,2.0382937097653997f,0f,0f,0f,1f], start_interpolation: 0, interpolation_duration: 1 }
$data merge entity $(bone_left_thumb) { transformation: [-0.09027032613339325f,0.982409404776538f,-0.16347180070696993f,-1.5124883029892178f,-0.0056167380066128175f,-0.16464153077175026f,-0.9863374770327343f,0.4989896739325308f,-0.9959014612269308f,-0.08811882745329297f,0.02038018091972937f,2.1600077234183876f,0f,0f,0f,1f], start_interpolation: 0, interpolation_duration: 1 }
$data merge entity $(bone_left_fingers2) { transformation: [0.04888161820973025f,-0.9499269681592751f,0.308624922138388f,-2.156418832960565f,-0.007884496095933141f,-0.3093516581584819f,-0.9509150258124597f,0.11748787581010145f,0.9987734588596712f,0.04404891324795275f,-0.022611305118523217f,1.9466866682840385f,0f,0f,0f,1f], start_interpolation: 0, interpolation_duration: 1 }
$data merge entity $(bone_left_fingers) { transformation: [0.9420518955128597f,0.13148719936063102f,0.308624922138388f,-2.0479608659053326f,0.30886166081680183f,0.019107280329128538f,-0.9509150258124597f,0.13316961320256465f,-0.1309301364778762f,0.9911337085594061f,-0.022611305118523217f,2.4082182723054917f,0f,0f,0f,1f], start_interpolation: 0, interpolation_duration: 1 }
$data merge entity $(bone_left_hand) { transformation: [-0.09027032613339325f,0.9468906619324351f,0.308624922138388f,-1.3656669007340818f,-0.0056167380066128175f,0.30940114081601916f,-0.9509150258124597f,0.32385605055382716f,-0.9959014612269308f,-0.08757287483519749f,-0.022611305118523217f,2.4080556713643584f,0f,0f,0f,1f], start_interpolation: 0, interpolation_duration: 1 }
$data merge entity $(bone_left_forearm) { transformation: [-0.13588655481310913f,1.4253821310512014f,0.4645820968551446f,0.6843724711832786f,-0.00845503954287947f,0.46575056147029426f,-1.4314401233770822f,1.0004664457581467f,-1.4991595167108518f,-0.1318260026982722f,-0.0340374570913123f,2.175174382360162f,0f,0f,0f,1f], start_interpolation: 0, interpolation_duration: 1 }
$data merge entity $(bone_left_bicep) { transformation: [0.3701811955559784f,0.6501916070538823f,1.390367186975398f,1.6884515400835183f,-0.8687659472564064f,1.2678353963025546f,-0.3615844228039527f,2.810601316311816f,-1.2653520337790862f,-0.6802561576667124f,0.6550114110548729f,0.9924280720372131f,0f,0f,0f,1f], start_interpolation: 0, interpolation_duration: 1 }
$data merge entity $(bone_left_shoulder) { transformation: [-0.1784813170507656f,-0.4094877975989212f,0.8946866284243938f,1.5449861575334234f,-0.5231326483717523f,0.8096138295665721f,0.26619105766743256f,2.8757631104694803f,-0.8333526574454424f,-0.4205296548308274f,-0.35871737863739545f,0.6829614024136094f,0f,0f,0f,1f], start_interpolation: 0, interpolation_duration: 1 }
$data merge entity $(bone_left_arm) { transformation: [-1.1205075702834377f,-4.636261363158332e-17f,0.940217488956183f,1.3150991355684691f,0.24334619268032906f,1.4128778172222631f,0.290008699370905f,2.738497834161329f,-0.908180354911434f,0.37857947012855275f,-1.0823272006891858f,0.43545479200989123f,0f,0f,0f,1f], start_interpolation: 0, interpolation_duration: 1 }
$data merge entity $(bone_chest) { transformation: [-1.582235113040078f,-6.546725534540192e-17f,1.3276528997876718f,0.04430895690471738f,0.3436218557506378f,1.9950823645743017f,0.409512581084712f,3.7602832388338454f,-1.2824142242524845f,0.5345807084212588f,-1.5283217589468148f,-0.019574169447564294f,0f,0f,0f,1f], start_interpolation: 0, interpolation_duration: 1 }
$data merge entity $(bone_weist) { transformation: [-1.5403738790684105f,-6.622200769909015e-17f,1.4114926050325296f,-0.04430895690471727f,0.3653211682037886f,2.018083070843716f,0.39867809648135183f,0.22941063156046737f,-1.3633971608169557f,0.5407437290914938f,-1.4878869119332518f,-0.856332373281598f,0f,0f,0f,1f], start_interpolation: 0, interpolation_duration: 1 }
$data merge entity $(bone_right_foot) { transformation: [-0.5038862814365768f,-0.05598147997736262f,1.0130379270686583f,-2.8352551074374177f,0.003159555341277418f,1.1310021950536817f,0.06407186897382684f,-6.178002487344044f,-1.0145786243510482f,0.03132508712354983f,-0.5029215707509848f,-1.9656474774078099f,0f,0f,0f,1f], start_interpolation: 0, interpolation_duration: 1 }
$data merge entity $(bone_right_knee) { transformation: [-1.3430903840763788f,-0.14130595445651034f,2.8129529266616746f,-3.131168917146426f,0.5904973313229961f,3.0330276013345987f,0.4343038008361032f,-2.3213086465703103f,-2.7539034917875687f,0.7192631764211213f,-1.2787647794424957f,-1.0331703229552753f,0f,0f,0f,1f], start_interpolation: 0, interpolation_duration: 1 }
$data merge entity $(bone_right_thigh) { transformation: [-1.0255967095159395f,2.046879360515382f,0.6601686458554844f,-0.26243647555304717f,0.4509094303428267f,0.9197758296264664f,-2.151297161460336f,-1.2620543149159904f,-2.102907140865338f,-0.8010516055632939f,-0.783252354076567f,-2.115406503875295f,0f,0f,0f,1f], start_interpolation: 0, interpolation_duration: 1 }
$data merge entity $(bone_right_leg) { transformation: [-0.8382056890371848f,-3.6035188824684315e-17f,0.7680740031035268f,-0.20677833333333312f,0.19879218005132532f,1.0981546324025333f,0.21694359603610464f,-1.2475738686250955f,-0.7419025160989265f,0.2942496469167552f,-0.8096445227834406f,-2.1332260466633475f,0f,0f,0f,1f], start_interpolation: 0, interpolation_duration: 1 }
$data merge entity $(bone_left_foot) { transformation: [-1.1296737362881397f,-0.05560349354784711f,-0.0634559173447966f,1.6017076262080092f,-0.056046163330162185f,1.1314148640061694f,0.006354957267466948f,-6.0750603401193315f,0.06306527980405632f,0.00947678274400411f,-1.1310234805131416f,1.4965430810856075f,0f,0f,0f,1f], start_interpolation: 0, interpolation_duration: 1 }
$data merge entity $(bone_left_knee) { transformation: [-3.089592210254605f,-0.282776950540888f,-0.3331973750716503f,1.2871661062742505f,-0.3228665061180929f,3.080293108460575f,0.3796246901548518f,-2.159095626980511f,0.2945174251872669f,0.41035945510109545f,-3.079192739022353f,2.1269794422703185f,0f,0f,0f,1f], start_interpolation: 0, interpolation_duration: 1 }
$data merge entity $(bone_left_thigh) { transformation: [-2.276250344442024f,-0.413710273447551f,0.5700127604852059f,0.6959161946605205f,-0.6510781165212663f,0.5004556569690113f,-2.2367449093804335f,-1.6831362867530004f,0.26864106845218755f,-2.2925475596148748f,-0.5911379122414662f,-1.0268701039728203f,0f,0f,0f,1f], start_interpolation: 0, interpolation_duration: 1 }
$data merge entity $(bone_left_leg) { transformation: [-0.8382056890371848f,-3.6035188824684315e-17f,0.7680740031035268f,0.7588616666666668f,0.19879218005132532f,1.0981546324025333f,0.21694359603610464f,-1.5856354999094084f,-0.7419025160989265f,0.2942496469167552f,-0.8096445227834406f,-1.113044319192942f,0f,0f,0f,1f], start_interpolation: 0, interpolation_duration: 1 }
data modify entity @s data merge value {"locators":{"consume":{"posx":-2.4905941152771547,"posy":3.665773941926059,"posz":-4.4026300935967715,"roty":26.223323174761617,"rotx":-55.18991372723995}},"cameras":{}}