# This file was generated by Animated Java via MC-Build. It is not recommended to edit this file directly.
$data merge entity $(bone_right_thumb_2) { transformation: [-0.44017298620877593f,0.7395826819302832f,0.5091809096979757f,-4.851555909385521f,-0.11961888316795534f,0.5137176842489841f,-0.8495795805452905f,0.3051804998868486f,-0.8899095824867267f,-0.4348696327391353f,-0.13765659272127084f,-0.710449487333306f,0f,0f,0f,1f], start_interpolation: 0, interpolation_duration: 1 }
$data merge entity $(bone_right_thumb) { transformation: [-0.6422391265092985f,0.6151571027365363f,0.4572861722525225f,-4.770013439868044f,-0.26854938074995083f,0.37818950963229353f,-0.8859198185518276f,0.3739489757449659f,-0.7179207020830306f,-0.6917762888079324f,-0.07768804131739343f,-1.0146805052847436f,0f,0f,0f,1f], start_interpolation: 0, interpolation_duration: 1 }
$data merge entity $(bone_right_fingers2) { transformation: [0.5071371757744871f,-0.5256528145673385f,0.6830087872677132f,-4.8346210291387655f,0.10134218797614614f,-0.7506104620524157f,-0.6529270213382707f,-0.18128675772146452f,0.8558864678704092f,0.40034117049698315f,-0.32739166348797144f,-0.5579351782852533f,0f,0f,0f,1f], start_interpolation: 0, interpolation_duration: 1 }
$data merge entity $(bone_right_fingers) { transformation: [-0.4549610973823935f,-0.5714100072484696f,0.6830087872677132f,-5.077581321688505f,-0.730961075587514f,-0.19844951696156402f,-0.6529270213382707f,-0.24620585581609067f,0.5086317979094043f,-0.7963092319156085f,-0.32739166348797144f,-0.9601493947952384f,0f,0f,0f,1f], start_interpolation: 0, interpolation_duration: 1 }
$data merge entity $(bone_right_hand) { transformation: [-0.5268316727451209f,0.5059124282992715f,0.6830087872677132f,-4.733826302191259f,-0.12991898997086176f,0.746195256518885f,-0.6529270213382707f,0.25269644782239165f,-0.8399818120873388f,-0.4327184466151749f,-0.32739166348797144f,-1.3273215298117107f,0f,0f,0f,1f], start_interpolation: 0, interpolation_duration: 1 }
$data merge entity $(bone_right_forearm) { transformation: [-0.7930550829070188f,0.761564734098052f,1.0281530485637171f,-3.61656596540303f,-0.19557084490701232f,1.1232694836661925f,-0.9828700889252878f,1.8817600344386973f,-1.26444912120459f,-0.6513836986445156f,-0.4928322199719617f,-2.2287525691479413f,0f,0f,0f,1f], start_interpolation: 0, interpolation_duration: 1 }
$data merge entity $(bone_right_bicep) { transformation: [-0.9170154245498776f,1.200449113844742f,0.4592480748478166f,-1.9011123760735753f,1.2644495027618678f,0.7413921661387657f,0.5868639271566944f,3.0499117716360895f,0.23055221566342976f,0.7086351240955299f,-1.3919720165273586f,-1.2379849998610104f,0f,0f,0f,1f], start_interpolation: 0, interpolation_duration: 1 }
$data merge entity $(bone_right_shoulder) { transformation: [-0.9557602745171527f,0.0438023549455072f,0.2908670681877285f,-1.6105934532785855f,0.15506628550403914f,0.9153133926133579f,0.3716932073667808f,3.1994930219438307f,-0.24995348518249697f,0.4003532777483565f,-0.8816124478710987f,-1.0081779882829753f,0f,0f,0f,1f], start_interpolation: 0, interpolation_duration: 1 }
$data merge entity $(bone_right_arm) { transformation: [-1.395019666052258f,-4.636261363158332e-17f,0.4398480111686411f,-1.2557988473027348f,0.11384104224091053f,1.4128778172222631f,0.3610576578668828f,3.1639176911113234f,-0.424860553629673f,0.37857947012855275f,-1.3474855236210277f,-0.9107522721039045f,0f,0f,0f,1f], start_interpolation: 0, interpolation_duration: 1 }
$data merge entity $(bone_left_thumb_2) { transformation: [-0.9897770877193396f,0.11690217380600265f,-0.081701887280857f,0.9272211997411641f,0.005937833907899426f,-0.538579424963828f,-0.8425538232861532f,1.61386866870204f,-0.14249932896089315f,-0.8344256016955999f,0.532379429054722f,2.4447434822613325f,0f,0f,0f,1f], start_interpolation: 0, interpolation_duration: 1 }
$data merge entity $(bone_left_thumb) { transformation: [-0.7436935174760613f,0.6301107622982626f,-0.22333915756083988f,1.2175805603586887f,-0.30407623286519747f,-0.6163540243989998f,-0.7263920162100265f,1.482078315291458f,-0.5953634156299776f,-0.47230090391937607f,0.6499801993032921f,2.397229964812915f,0f,0f,0f,1f], start_interpolation: 0, interpolation_duration: 1 }
$data merge entity $(bone_left_fingers2) { transformation: [0.714107836225103f,-0.6938509572409791f,0.09284851844633013f,0.560995797112807f,0.31300369177068205f,0.19783745871030167f,-0.9289182035405343f,1.3921203095169148f,0.6261618697907319f,0.6924096974095807f,0.35845519071893484f,2.8052741141814312f,0f,0f,0f,1f], start_interpolation: 0, interpolation_duration: 1 }
$data merge entity $(bone_left_fingers) { transformation: [0.6289720460012238f,0.7718635358477274f,0.09284851844633013f,0.9553724085459214f,-0.22436469669018005f,0.29456994756789084f,-0.9289182035405343f,1.5131571338302032f,-0.7443484723086079f,0.5634316533693277f,0.35845519071893484f,3.0394485033248726f,0f,0f,0f,1f], start_interpolation: 0, interpolation_duration: 1 }
$data merge entity $(bone_left_hand) { transformation: [-0.7436935174760613f,0.6620416185455449f,0.09284851844633013f,1.4713551703166494f,-0.30407623286519747f,-0.2113021905649268f,-0.9289182035405343f,1.3560080733652353f,-0.5953634156299776f,-0.719063473954879f,0.35845519071893484f,2.580152998134237f,0f,0f,0f,1f], start_interpolation: 0, interpolation_duration: 1 }
$data merge entity $(bone_left_forearm) { transformation: [-1.1195035429176416f,0.9965905579438166f,0.1397675828990488f,2.8760471014480506f,-0.4577348222221071f,-0.31807935043794255f,-1.39832766523717f,0.889249015513145f,-0.8962179143140948f,-1.0824272200289367f,0.5395930535322754f,0.9915456493518231f,0f,0f,0f,1f], start_interpolation: 0, interpolation_duration: 1 }
$data merge entity $(bone_left_bicep) { transformation: [-0.23217638970881885f,-0.585816704718718f,1.4476937074459932f,1.947450241719993f,-0.5842362600199595f,1.389912721769537f,0.4687374279759748f,2.9058319403388446f,-1.4483322390198021f,-0.4667607228335991f,-0.421155922527735f,0.12278041053003191f,0f,0f,0f,1f], start_interpolation: 0, interpolation_duration: 1 }
$data merge entity $(bone_left_shoulder) { transformation: [-0.47679528769239116f,-0.6764579198202608f,0.5613117995791426f,1.7544692477943706f,-0.5688775716866358f,0.7242721490406093f,0.3896256697857753f,3.0456266931264344f,-0.6701078734548986f,-0.13354601018578882f,-0.7301512864449469f,0.049021881582179794f,0f,0f,0f,1f], start_interpolation: 0, interpolation_duration: 1 }
$data merge entity $(bone_left_arm) { transformation: [-1.395019666052258f,-4.636261363158332e-17f,0.4398480111686411f,1.464187590476947f,0.11384104224091053f,1.4128778172222631f,0.3610576578668828f,2.8815819321475207f,-0.424860553629673f,0.37857947012855275f,-1.3474855236210277f,-0.09854233142973975f,0f,0f,0f,1f], start_interpolation: 0, interpolation_duration: 1 }
$data merge entity $(bone_chest) { transformation: [-1.969865405238621f,-6.546725534540192e-17f,0.6210961765263454f,0.020728402524328306f,0.16075151932537532f,1.9950823645743017f,0.50983868316435f,3.7636315122674935f,-0.5999328375161912f,0.5345807084212588f,-1.9027438692333656f,-0.032070096019572114f,0f,0f,0f,1f], start_interpolation: 0, interpolation_duration: 1 }
$data merge entity $(bone_weist) { transformation: [-1.963274734138111f,-6.622200769909015e-17f,0.7145735649131644f,-0.0207284025243282f,0.1849452477263293f,2.018083070843716f,0.5081328919635312f,0.2260623581268193f,-0.6902250611330736f,0.5407437290914938f,-1.8963777698048059f,-0.84383644670959f,0f,0f,0f,1f], start_interpolation: 0, interpolation_duration: 1 }
$data merge entity $(bone_right_foot) { transformation: [-0.26259759956191f,-0.5381663987409367f,0.9616135296315951f,-2.221578380383439f,0.7145356144143137f,0.6694015763805328f,0.5697556824401291f,-4.470951188193313f,-0.8389055422619893f,0.7386200709468093f,0.18427977196819217f,-5.515234237679037f,0f,0f,0f,1f], start_interpolation: 0, interpolation_duration: 1 }
$data merge entity $(bone_right_knee) { transformation: [-1.1142762078564694f,-0.9391417057432639f,2.759160145645123f,-3.5299489354533113f,2.4274755488225535f,1.3358961071519275f,1.4350287003899058f,-2.7931728514398726f,-1.6131690279234299f,2.6589392184869016f,0.2535571728794483f,-2.1530337155266968f,0f,0f,0f,1f], start_interpolation: 0, interpolation_duration: 1 }
$data merge entity $(bone_right_thigh) { transformation: [-0.8508720081823663f,2.0736347464126186f,0.8083576759123567f,-0.6185961472041913f,1.8536436302571513f,1.1392550018246936f,-0.9713339800856089f,-1.3861867722023642f,-1.2318313544244768f,0.28199884278510157f,-2.020013498709617f,-1.893619322986442f,0f,0f,0f,1f], start_interpolation: 0, interpolation_duration: 1 }
$data merge entity $(bone_right_leg) { transformation: [-1.0683302759540276f,-3.6035188824684315e-17f,0.38884042081266407f,-0.5609449999999998f,0.100639306411996f,1.0981546324025333f,0.2765042218765339f,-1.356472803724885f,-0.37559100476806156f,0.2942496469167552f,-1.0319278045505225f,-1.9682911445530547f,0f,0f,0f,1f], start_interpolation: 0, interpolation_duration: 1 }
$data merge entity $(bone_left_foot) { transformation: [-1.1327353346138431f,0.0040791579957206595f,0.013235353690450839f,1.0342631059711163f,0.0040609190559960685f,1.1328116131051176f,-0.0015844717111434849f,-5.923371972790426f,-0.013240961207028524f,-0.0015369073585333865f,-1.1327415712606679f,1.5089207699354203f,0f,0f,0f,1f], start_interpolation: 0, interpolation_duration: 1 }
$data merge entity $(bone_left_knee) { transformation: [-3.1183100880267363f,0.048950641134960296f,-0.10153496846377581f,1.134524482751519f,0.04372669510110692f,3.115970502715235f,0.15930826256626027f,-1.9580410279659608f,0.10389172837140777f,0.15778143464559483f,-3.1146227456684006f,1.8207927984311945f,0f,0f,0f,1f], start_interpolation: 0, interpolation_duration: 1 }
$data merge entity $(bone_left_thigh) { transformation: [-2.348430247709204f,-0.21346887123997707f,0.3416032504243241f,0.794301771626227f,-0.3750064157930281f,0.42082197101620644f,-2.315095122207411f,-1.587480523184354f,0.14707796504915327f,-2.3355355441024686f,-0.4483616425113047f,-1.383862273647805f,0f,0f,0f,1f], start_interpolation: 0, interpolation_duration: 1 }
$data merge entity $(bone_left_leg) { transformation: [-1.0683302759540276f,-3.6035188824684315e-17f,0.38884042081266407f,0.8109450000000001f,0.100639306411996f,1.0981546324025333f,0.2765042218765339f,-1.4858823262761454f,-0.37559100476806156f,0.2942496469167552f,-1.0319278045505225f,-1.4853282314085203f,0f,0f,0f,1f], start_interpolation: 0, interpolation_duration: 1 }
execute on vehicle unless entity @s[tag=aj.transforms_only] positioned ^0 ^0 ^0 rotated ~0 ~0 run function animated_java:attack/animations/punch_3/zzz/frames/zzz/1
data modify entity @s data merge value {"locators":{"consume":{"posx":-4.988341252949299,"posy":-0.24884885761230557,"posz":-0.7876574082437192,"rotx":64.38985681357693,"roty":-40.762652000461124}},"cameras":{}}