# This file was generated by Animated Java via MC-Build. It is not recommended to edit this file directly.
$data merge entity $(bone_left_fingers_2) { transformation: [-0.8317337747227016f,-0.4873018087353402f,-0.2659997653923638f,3.6279062887701015f,-0.518369633139482f,0.8531998252521311f,0.05781852323064171f,1.3105636581849567f,0.19877588240117466f,0.18597581937714172f,-0.9622375710720484f,0.9809297926865636f,0f,0f,0f,1f], start_interpolation: 0, interpolation_duration: 1 }
$data merge entity $(bone_left_fingers) { transformation: [-0.8317337747227016f,-0.4873018087353402f,-0.2659997653923638f,3.483222408232148f,-0.518369633139482f,0.8531998252521311f,0.05781852323064171f,1.3559485480978317f,0.19877588240117466f,0.18597581937714172f,-0.9622375710720484f,0.42471381702806843f,0f,0f,0f,1f], start_interpolation: 0, interpolation_duration: 1 }
$data merge entity $(bone_left_index_finger_2) { transformation: [-0.8492579748585771f,-0.5266124388088406f,0.037950381169547055f,3.0713089205944097f,-0.5101650071798356f,0.8369960744908426f,0.19791219451089576f,0.9992318947430502f,-0.1359873434857345f,0.14871755302830064f,-0.9794848298125745f,0.9551599186379972f,0f,0f,0f,1f], start_interpolation: 0, interpolation_duration: 1 }
$data merge entity $(bone_left_index_finger) { transformation: [-0.8492579748585771f,-0.5266124388088406f,0.037950381169547055f,3.090134431601273f,-0.5101650071798356f,0.8369960744908426f,0.19791219451089576f,1.1181345209373172f,-0.1359873434857345f,0.14871755302830064f,-0.9794848298125745f,0.39152162308215654f,0f,0f,0f,1f], start_interpolation: 0, interpolation_duration: 1 }
$data merge entity $(bone_left_thumb) { transformation: [-0.7585585305777158f,-0.5088601132939176f,0.40700164715425724f,3.0300679291235855f,-0.43516686509656055f,0.8605208917594727f,0.26482748038584386f,0.8204906975053673f,-0.48499356202923877f,0.023773513496830007f,-0.8741945234592856f,-0.40529925317329296f,0f,0f,0f,1f], start_interpolation: 0, interpolation_duration: 1 }
$data merge entity $(bone_left_hand) { transformation: [-0.8533795964849387f,-0.520003025896769f,0.03660761343502113f,3.4703833787828793f,-0.5162855406469782f,0.8528077678061323f,0.07853758137592393f,1.2522176633413424f,-0.07205903706032431f,0.04812238800939356f,-0.9962387921327961f,-0.301963646996259f,0f,0f,0f,1f], start_interpolation: 0, interpolation_duration: 1 }
$data merge entity $(bone_left_forearm) { transformation: [-1.6842491998457725f,-1.0596059378486955f,0.2141455641505517f,3.193984724563485f,-1.08099911871671f,1.6478939787601135f,-0.3481447593323152f,1.637302266514497f,0.007998218755890695f,-0.408655263752526f,-1.9591465839121847f,-2.488325661417221f,0f,0f,0f,1f], start_interpolation: 0, interpolation_duration: 1 }
$data merge entity $(bone_left_bicep) { transformation: [-1.0907958128960467f,-0.6646380930436948f,-0.1814285626763481f,1.9136739121118593f,-0.6888884235349748f,1.0474396382718096f,0.3046285731963269f,2.326293223968875f,-0.009636285542757134f,0.35443198637167883f,-1.2404760104688346f,-1.7554225460884203f,0f,0f,0f,1f], start_interpolation: 0, interpolation_duration: 1 }
$data merge entity $(bone_left_shoulder) { transformation: [-1.04228512339821f,-0.6350798092852755f,-0.17335993556394289f,1.5146561265725982f,-0.6582516608909802f,1.000857117089385f,0.2910809028149552f,2.1993438809090673f,-0.00920773342479834f,0.33866942124656263f,-1.1853086309630392f,-1.7015258100574415f,0f,0f,0f,1f], start_interpolation: 0, interpolation_duration: 1 }
$data merge entity $(bone_right_fingers_2) { transformation: [-0.8573688217943554f,-0.5144817785186444f,-0.015073254036595856f,-1.220022547037627f,-0.5145855824808752f,0.8574306251822948f,0.0037949047837377917f,-1.0008002388927757f,0.010971860269683609f,0.011010112251558716f,-0.9998791905577546f,0.5374322941887651f,0f,0f,0f,1f], start_interpolation: 0, interpolation_duration: 1 }
$data merge entity $(bone_right_fingers) { transformation: [-0.8573688217943554f,-0.5144817785186444f,-0.015073254036595856f,-1.2434744264283428f,-0.5145855824808752f,0.8574306251822948f,0.0037949047837377917f,-1.0007289895080458f,0.010971860269683609f,0.011010112251558716f,-0.9998791905577546f,-0.0386091555371636f,0f,0f,0f,1f], start_interpolation: 0, interpolation_duration: 1 }
$data merge entity $(bone_right_index_finger_2) { transformation: [-0.8563429565610232f,-0.5137062303347228f,-0.05275082618892987f,-0.8153167633613818f,-0.513479224902772f,0.8578958806613027f,-0.018808071076442195f,-0.7580183796562657f,0.054916539781509954f,0.010980294151661985f,-0.9984305718470207f,0.5215692418202664f,0f,0f,0f,1f], start_interpolation: 0, interpolation_duration: 1 }
$data merge entity $(bone_right_index_finger) { transformation: [-0.8563429565610232f,-0.5137062303347228f,-0.05275082618892987f,-0.8486896878944774f,-0.513479224902772f,0.8578958806613027f,-0.018808071076442195f,-0.763895490959474f,0.054916539781509954f,0.010980294151661985f,-0.9984305718470207f,-0.05378462326494704f,0f,0f,0f,1f], start_interpolation: 0, interpolation_duration: 1 }
$data merge entity $(bone_right_thumb) { transformation: [-0.7878187146645259f,-0.5395729010472763f,-0.29698949018401444f,-0.5074626784831864f,-0.4684920564195389f,0.8380094014461841f,-0.2797417311728803f,-0.8720518664734752f,0.3998210423378516f,-0.0812485540993487f,-0.9129851075240161f,-0.8277288497228327f,0f,0f,0f,1f], start_interpolation: 0, interpolation_duration: 1 }
$data merge entity $(bone_right_hand) { transformation: [-0.8570630461337477f,-0.5146830212291795f,-0.023330722456576677f,-1.099902079550509f,-0.5141566782511855f,0.8573271360891693f,-0.02516131822560355f,-1.0587331975748953f,0.032952164749050605f,-0.009569189283702755f,-0.9994111193371845f,-0.7562463174245688f,0f,0f,0f,1f], start_interpolation: 0, interpolation_duration: 1 }
$data merge entity $(bone_right_forearm) { transformation: [-1.715127796605975f,-1.03131427581107f,-0.007367363462273413f,-1.562684848495315f,-1.029177346621816f,1.7124121164014907f,-0.11732648903128406f,-0.39188053598021155f,0.06676378312060274f,-0.09675939404635836f,-1.9978756190398261f,-2.840955397583838f,0f,0f,0f,1f], start_interpolation: 0, interpolation_duration: 1 }
$data merge entity $(bone_right_bicep) { transformation: [-1.1000441479171577f,-0.6158208535963549f,-0.2741590276102232f,-1.455951218894794f,-0.6666480070747653f,0.9160989968263825f,0.6171212896895149f,1.0066280168958013f,-0.09989459849045726f,0.6678494798984749f,-1.0993151344827732f,-1.6577015203451537f,0f,0f,0f,1f], start_interpolation: 0, interpolation_duration: 1 }
$data merge entity $(bone_right_shoulder) { transformation: [-1.0511221595279272f,-0.5884336067240088f,-0.2619664217125915f,-1.1613795810138683f,-0.6370003369121027f,0.8753575551569879f,0.589676208847895f,1.2867718552710228f,-0.09545201098453744f,0.6381483769352808f,-1.0504255673257634f,-1.5437578192848838f,0f,0f,0f,1f], start_interpolation: 0, interpolation_duration: 1 }
$data merge entity $(bone_chest) { transformation: [-3.4390440343115567f,-2.1708985391752393f,-0.0678961552513007f,0.1328214332251808f,-2.171750860513582f,3.43526767944178f,0.16391581884068057f,1.8043406945339364f,-0.030142248582549686f,0.174842009867501f,-4.063613655560883f,-1.0388429796643583f,0f,0f,0f,1f], start_interpolation: 0, interpolation_duration: 1 }
$data merge entity $(bone_right_fingers2) { transformation: [-0.9258068134612383f,-0.3778530764463033f,0.010430568959174921f,1.696639812557823f,-0.3779517068701333f,0.9257705779665315f,-0.010066987904382929f,-0.018727175838391452f,-0.005852471503636305f,-0.013262337334656427f,-0.9998949239723747f,-4.871678118556209f,0f,0f,0f,1f], start_interpolation: 0, interpolation_duration: 1 }
$data merge entity $(bone_left_foot) { transformation: [-0.924075822652816f,-0.3559955545956407f,0.1391080123381238f,1.325943769575943f,-0.38220254892751215f,0.8628309494457862f,-0.33082316163140046f,0.8911183630191817f,-0.002255123463165782f,-0.35887312212901273f,-0.9333836277927423f,-5.034765956128293f,0f,0f,0f,1f], start_interpolation: 0, interpolation_duration: 1 }
$data merge entity $(bone_left_knee) { transformation: [-1.4643621473237667f,-0.5862960786365424f,0.1554680616550155f,1.3608385623789236f,-0.6065586616472923f,1.4154439446105038f,-0.37533310296339445f,0.8488302509839127f,-1.7933264165125956e-16f,-0.4062576231591204f,-1.5320654855975084f,-2.9577060176202137f,0f,0f,0f,1f], start_interpolation: 0, interpolation_duration: 1 }
$data merge entity $(bone_left_thigh) { transformation: [-1.4815824919101666f,-0.5739231334801294f,0.2173236527226645f,0.80888297391846f,-0.6136915619237173f,1.385573012607393f,-0.5246657098275168f,2.1020817781529706f,-1.8144152563905446e-16f,-0.5678940720781768f,-1.499733421781877f,-4.55859282777983f,0f,0f,0f,1f], start_interpolation: 0, interpolation_duration: 1 }
$data merge entity $(bone_left_leg) { transformation: [-0.9238795325112867f,-0.3634553667582583f,0.11977815235403373f,0.5414232896389679f,-0.3826834323650897f,0.8774588757450749f,-0.28917003988909884f,2.19172644310681f,-1.1314261122877003e-16f,-0.3129953957342011f,-0.9497546431838019f,-4.931638125f,0f,0f,0f,1f], start_interpolation: 0, interpolation_duration: 1 }
$data merge entity $(bone_left_fingers2) { transformation: [-0.9159100405285723f,-0.40055358601526314f,0.025799658704373674f,0.3312003065515171f,-0.40029479582613803f,0.9162678340223094f,0.014742210505086895f,-0.6457657712510073f,-0.029544442683175756f,0.003175069507743683f,-0.9995584249258078f,-5.793218776988923f,0f,0f,0f,1f], start_interpolation: 0, interpolation_duration: 1 }
$data merge entity $(bone_right_foot) { transformation: [-0.9258036384889484f,-0.36229068097358363f,0.10785678207846472f,-0.04830393455990911f,-0.374795229331823f,0.91688640643513f,-0.13728748582656713f,0.27438621945698816f,-0.04915444060032225f,-0.16752546127132636f,-0.9846415900189769f,-5.759618946633045f,0f,0f,0f,1f], start_interpolation: 0, interpolation_duration: 1 }
$data merge entity $(bone_right_knee) { transformation: [-1.4643621473237667f,-0.6004819850948528f,-0.0856434212061812f,0.2539871978321925f,-0.6065586616472923f,1.4496917523767128f,0.20676150900399465f,-0.4973645021550317f,-1.7933264165125956e-16f,0.22379704466660935f,-1.5691350456007667f,-3.8592713739135975f,0f,0f,0f,1f], start_interpolation: 0, interpolation_duration: 1 }
$data merge entity $(bone_right_thigh) { transformation: [-1.4815824919101666f,-0.6103870875160462f,-0.06359981580201492f,-0.4514846865459169f,-0.6136915619237173f,1.4736047849786522f,0.1535435378736556f,1.2850824293033214f,-1.8144152563905446e-16f,0.1661943277997445f,-1.5950183255744437f,-4.6637516736784494f,0f,0f,0f,1f], start_interpolation: 0, interpolation_duration: 1 }
$data merge entity $(bone_right_leg) { transformation: [-0.9238795325112867f,-0.3785306566200532f,-0.056224117649969076f,-0.377283810272118f,-0.3826834323650897f,0.9138538449861255f,0.13573702736301616f,1.6620057996848852f,-1.1314261122877003e-16f,0.14692069970860389f,-0.9891482740201968f,-4.931638125f,0f,0f,0f,1f], start_interpolation: 0, interpolation_duration: 1 }