# This file was generated by Animated Java via MC-Build. It is not recommended to edit this file directly.
$data merge entity $(bone_neck) { transformation: [-0.7071067811865475f,-0.7064337722128922f,-0.03084356459723178f,0.03105075853781784f,-0.7071067811865476f,0.706433772212892f,0.030843564597231896f,1.5314492414621823f,-8.659560562354932e-17f,0.04361938736533592f,-0.9990482215818578f,-1.457005625f,0f,0f,0f,1f], start_interpolation: 0, interpolation_duration: 1 }
$data merge entity $(bone_left_fingers_2) { transformation: [-0.6973595672088448f,-0.7112654839807996f,-0.08826689821134542f,0.33230218824304547f,-0.6699912606906376f,0.6906703546835157f,-0.272187750935851f,5.550483151563644f,0.2545610822974769f,-0.13067468178230274f,-0.958187237924108f,1.5277673798273055f,0f,0f,0f,1f], start_interpolation: 0, interpolation_duration: 1 }
$data merge entity $(bone_left_fingers) { transformation: [-0.6973595672088448f,-0.6473009947303132f,0.30771911907361227f,0.5154919102786264f,-0.6699912606906376f,0.4362590970419932f,-0.6006577318625599f,5.216046827352315f,0.2545610822974769f,-0.6250435364590632f,-0.7379154646097918f,1.0953748545840987f,0f,0f,0f,1f], start_interpolation: 0, interpolation_duration: 1 }
$data merge entity $(bone_left_index_finger_2) { transformation: [-0.6318875602487503f,-0.7276693113268544f,0.26686229511863174f,-0.15090747381807063f,-0.7318479776130062f,0.6735360767059719f,0.10367107137133338f,5.034261690178975f,-0.2551796403842499f,-0.12979417062653015f,-0.958142382114859f,1.5045853610948337f,0f,0f,0f,1f], start_interpolation: 0, interpolation_duration: 1 }
$data merge entity $(bone_left_index_finger) { transformation: [-0.6318875602487503f,-0.47032506590384726f,0.6160458128949697f,0.20141266760236987f,-0.7318479776130062f,0.6237569915849014f,-0.2744553754487353f,4.87969509794473f,-0.2551796403842499f,-0.6242768198736002f,-0.7383507319031178f,1.0754466316468503f,0f,0f,0f,1f], start_interpolation: 0, interpolation_duration: 1 }
$data merge entity $(bone_left_thumb) { transformation: [-0.8725163175830818f,0.11634245750261679f,0.47453104022130205f,0.4116629630297369f,0.4439927826400799f,0.5941768134036314f,0.670689438844108f,4.622934869318882f,-0.2039256838036293f,0.7958758364190722f,-0.5700841766699585f,0.3654059792351023f,0f,0f,0f,1f], start_interpolation: 0, interpolation_duration: 1 }
$data merge entity $(bone_left_hand) { transformation: [-0.6818545295549664f,-0.6987258762583428f,0.2164637391629064f,0.6722228038991589f,-0.7302072822959761f,0.6676775904405171f,-0.14492743047977413f,4.949078160337075f,-0.04326344192618381f,-0.25688282361916764f,-0.9654737124966912f,0.4296810573564196f,0f,0f,0f,1f], start_interpolation: 0, interpolation_duration: 1 }
$data merge entity $(bone_left_forearm) { transformation: [-0.5248479202773f,-1.034555243320437f,1.630812233964867f,1.863077491346288f,-1.9071572073278626f,0.011354900667991673f,-0.6065813103936708f,4.319688769219567f,0.30430984287182666f,-1.7131505911914773f,-0.9888523675363843f,-1.3565438258797693f,0f,0f,0f,1f], start_interpolation: 0, interpolation_duration: 1 }
$data merge entity $(bone_left_bicep) { transformation: [0.2973941854362234f,-1.2553551156989244f,0.011655705400229284f,0.5016439511972404f,-1.2316007020653592f,-0.2894198604945903f,0.252767637435091f,3.1979062529816167f,-0.24333522690303372f,-0.06939237242625185f,-1.2650961582062517f,-1.553408978870808f,0f,0f,0f,1f], start_interpolation: 0, interpolation_duration: 1 }
$data merge entity $(bone_left_shoulder) { transformation: [0.28416824817317526f,-1.199526021465873f,0.011137344127785834f,0.48057473652172966f,-1.1768280319314446f,-0.2765485633911623f,0.2415263654850638f,2.780185785668556f,-0.23251344018858136f,-0.06630630279480473f,-1.2088338530249443f,-1.6108710221296507f,0f,0f,0f,1f], start_interpolation: 0, interpolation_duration: 1 }
$data merge entity $(bone_right_fingers_2) { transformation: [-0.44227897322386367f,-0.7743854464480164f,-0.45245606435713837f,-0.3828224913865121f,-0.8789396077334718f,0.27384543406678835f,0.39047899328658253f,-1.417439507044287f,-0.17847822220477094f,0.5703822039389717f,-0.8017541179366313f,2.7386747434714445f,0f,0f,0f,1f], start_interpolation: 0, interpolation_duration: 1 }
$data merge entity $(bone_right_fingers) { transformation: [-0.44227897322386367f,-0.8962145274694853f,0.03447942280102459f,-0.3742164932802317f,-0.8789396077334718f,0.4407631067273887f,0.18218959823587955f,-1.3219748534833538f,-0.17847822220477094f,0.05027329808822423f,-0.982658699497418f,2.170180078375221f,0f,0f,0f,1f], start_interpolation: 0, interpolation_duration: 1 }
$data merge entity $(bone_right_index_finger_2) { transformation: [-0.5349507488452052f,-0.6490789349959792f,-0.5408550937676738f,-0.07106511306707856f,-0.781378818086448f,0.6235760244133579f,0.024496620637483923f,-0.7521994398583118f,0.3213640287209814f,0.43571719947841925f,-0.8407589922938106f,2.6608255174434463f,0f,0f,0f,1f], start_interpolation: 0, interpolation_duration: 1 }
$data merge entity $(bone_right_index_finger) { transformation: [-0.5349507488452052f,-0.8380288514867028f,-0.1074027019484691f,-0.13781111277190478f,-0.781378818086448f,0.539080709478574f,-0.3143869133947893f,-0.9302692502825693f,0.3213640287209814f,-0.08425931843988915f,-0.9431996227205912f,2.116751554882722f,0f,0f,0f,1f], start_interpolation: 0, interpolation_duration: 1 }
$data merge entity $(bone_right_thumb) { transformation: [0.6624616211447332f,-0.7185961165191459f,-0.211575570030885f,0.29156590773904106f,-0.6881873290339466f,-0.47225992992350996f,-0.5507892144421164f,-1.1890139944825677f,0.29587632664242336f,0.5104803423367481f,-0.8073828208603044f,1.4744229453185722f,0f,0f,0f,1f], start_interpolation: 0, interpolation_duration: 1 }
$data merge entity $(bone_right_hand) { transformation: [-0.5132289661595636f,-0.827454376530879f,0.22784925511109191f,-0.054636778962927124f,-0.8503767144922473f,0.454390865714556f,-0.2653080937411205f,-1.4654211108356747f,0.11599772301280908f,-0.32992149962539596f,-0.9368544883495907f,1.5249881840431836f,0f,0f,0f,1f], start_interpolation: 0, interpolation_duration: 1 }
$data merge entity $(bone_right_forearm) { transformation: [-1.027141168380327f,-1.6670791481524103f,0.41370872149410975f,-0.38191437010539986f,-1.7018854929856622f,0.92260524108911f,-0.5076535335309074f,-1.550893095732036f,0.23214986799437895f,-0.6123507615222659f,-1.8911530228619402f,-0.6864494095914402f,0f,0f,0f,1f], start_interpolation: 0, interpolation_duration: 1 }
$data merge entity $(bone_right_bicep) { transformation: [-0.8083874337361275f,-0.8980948538910228f,0.45214048027476017f,-0.9880178073699025f,-0.9969158932830623f,0.6402996016252421f,-0.5105592476777804f,-0.09560705545123926f,0.13101176362549574f,-0.669281463275451f,-1.0951684181981869f,-1.539986003653279f,0f,0f,0f,1f], start_interpolation: 0, interpolation_duration: 1 }
$data merge entity $(bone_right_shoulder) { transformation: [-0.772436221485129f,-0.8581541059695195f,0.4320325497265322f,-0.8250670893733361f,-0.952580301981043f,0.611823717511273f,-0.48785327389100147f,0.2855222277516869f,0.12518531021353524f,-0.6395166760735155f,-1.0464632669178602f,-1.6201341166965237f,0f,0f,0f,1f], start_interpolation: 0, interpolation_duration: 1 }
$data merge entity $(bone_chest) { transformation: [-1.1169701174093765f,-3.8790944967690173f,-0.49943755082673696f,0.13498902943583999f,-3.8957381598263354f,1.0574594782411808f,0.4994375508267374f,1.4275109705641602f,-0.3464623675269851f,0.6154994412988657f,-4.005690763260861f,-1.4214949422586685f,0f,0f,0f,1f], start_interpolation: 0, interpolation_duration: 1 }
$data merge entity $(bone_weist) { transformation: [-0.6700238819500918f,-0.8697541785408407f,0.06779134551899928f,-0.3006804845963518f,-0.8723023591732242f,0.6667030373413543f,-0.0677912544554212f,1.8631804845963522f,0.012513664425594513f,-0.09505119100021626f,-1.095814162753924f,-3.8650634325259094f,0f,0f,0f,1f], start_interpolation: 0, interpolation_duration: 1 }
$data merge entity $(bone_right_fingers2) { transformation: [-0.6935946909831385f,-0.7075054834636285f,-0.1355079167757428f,1.5477554353796006f,-0.7191496225323116f,0.6691382526237124f,0.1872907346542227f,1.0601319582716189f,-0.04183569112179397f,0.22735432642591608f,-0.9729130409259503f,-7.466258503988022f,0f,0f,0f,1f], start_interpolation: 0, interpolation_duration: 1 }
$data merge entity $(bone_left_foot) { transformation: [-0.7074752105050665f,-0.2962521905658261f,-0.641649020965326f,1.3907137183392795f,-0.7067324525445438f,0.3002074496056751f,0.6406283850420853f,1.22806197156594f,0.0028402537186135875f,0.9067028878228003f,-0.42176036581524384f,-6.497254111134518f,0f,0f,0f,1f], start_interpolation: 0, interpolation_duration: 1 }
$data merge entity $(bone_left_knee) { transformation: [-1.1213582312160124f,-1.11605749805145f,-0.09613161218486435f,1.9335647100363218f,-1.1201809493261796f,1.1177590481345585f,0.08988470177984961f,0.7151508088605016f,0.004501842380930216f,0.13153052835935442f,-1.5795408706515681f,-4.55833202421995f,0f,0f,0f,1f], start_interpolation: 0, interpolation_duration: 1 }
$data merge entity $(bone_left_thigh) { transformation: [-1.1345449795771514f,-1.018025902414654f,-0.4981314734487478f,0.42496859539226994f,-1.1333538532978993f,1.0219119546810167f,0.4928580055207972f,2.181984688962756f,0.004554782343367075f,0.7007304991249941f,-1.4424493180229772f,-4.661623224195453f,0f,0f,0f,1f], start_interpolation: 0, interpolation_duration: 1 }
$data merge entity $(bone_left_leg) { transformation: [-0.7071067811865475f,-0.7044160264027587f,0.061628416716219485f,0.2632982130515867f,-0.7071067811865476f,0.7044160264027586f,-0.06162841671621935f,2.042717496298257f,-8.659560562354932e-17f,-0.08715574274765826f,-0.9961946980917455f,-4.960484278846154f,0f,0f,0f,1f], start_interpolation: 0, interpolation_duration: 1 }
$data merge entity $(bone_left_fingers2) { transformation: [-0.5727636394182195f,0.7305768856948934f,-0.37175156684101096f,0.007854914481235181f,-0.81970336916729f,-0.5134034851802899f,0.25397489635892223f,0.7019782862743416f,-0.005310361210823745f,0.45019359779219714f,0.892915183301711f,-7.1402546529887205f,0f,0f,0f,1f], start_interpolation: 0, interpolation_duration: 1 }
$data merge entity $(bone_right_foot) { transformation: [-0.5727636394182195f,-0.21249250274088327f,-0.7916999113548717f,-0.04359350825255359f,-0.81970336916729f,0.14221503442768202f,0.5548524763921727f,0.7255983644664933f,-0.005310361210823745f,0.9667584084256258f,-0.2556364211182782f,-6.145957285331644f,0f,0f,0f,1f], start_interpolation: 0, interpolation_duration: 1 }
$data merge entity $(bone_right_knee) { transformation: [-0.9078384826294363f,-1.1507060727173655f,-0.6033031843132337f,1.1086219045251458f,-1.2992414525945513f,0.7992484731919919f,0.4306314369554292f,-0.10886360368732051f,-0.008416997749272789f,0.7411796818894014f,-1.4010181090325857f,-4.637854878850358f,0f,0f,0f,1f], start_interpolation: 0, interpolation_duration: 1 }
$data merge entity $(bone_right_thigh) { transformation: [-0.918514319565159f,-1.1136570851773182f,-0.6984292053595861f,-0.41294783742836116f,-1.3145200403096884f,0.7726099827925732f,0.49680468156468205f,0.9913051760865366f,-0.008515978456941534f,0.8570564302510827f,-1.3553913704119938f,-4.632272848653597f,0f,0f,0f,1f], start_interpolation: 0, interpolation_duration: 1 }
$data merge entity $(bone_right_leg) { transformation: [-0.573576436351046f,-0.8160349234517084f,0.07139380484326979f,-0.4768179444656285f,-0.8191520442889918f,0.5713938048432695f,-0.049990480332730305f,1.295802235115786f,-6.9375492946377e-17f,-0.08715574274765826f,-0.9961946980917455f,-4.965291971153846f,0f,0f,0f,1f], start_interpolation: 0, interpolation_duration: 1 }