# This file was generated by Animated Java via MC-Build. It is not recommended to edit this file directly.
$data merge entity $(bone_neck) { transformation: [-0.7071067811865475f,-0.7064337722128922f,-0.03084356459723178f,0.04748192572885139f,-0.7071067811865476f,0.706433772212892f,0.030843564597231896f,1.5150180742711488f,-8.659560562354932e-17f,0.04361938736533592f,-0.9990482215818578f,-1.457005625f,0f,0f,0f,1f], start_interpolation: 0, interpolation_duration: 1 }
$data merge entity $(bone_left_fingers_2) { transformation: [-0.555121084749622f,-0.4781113507624524f,-0.6806247993854662f,2.6774548700465317f,-0.8063702972343343f,0.5100189579745159f,0.2994121010326738f,2.9379440997995228f,0.20397922689483394f,0.7150455920979387f,-0.6686570692191132f,3.378997260590857f,0f,0f,0f,1f], start_interpolation: 0, interpolation_duration: 1 }
$data merge entity $(bone_left_fingers) { transformation: [-0.555121084749622f,-0.768934461520043f,-0.317144092098977f,2.497862901882329f,-0.8063702972343343f,0.5910196309772636f,-0.02151138158534211f,2.940052890795324f,0.20397922689483394f,0.24379415433184687f,-0.9481333689460598f,2.8311727420914563f,0f,0f,0f,1f], start_interpolation: 0, interpolation_duration: 1 }
$data merge entity $(bone_left_index_finger_2) { transformation: [-0.5156481105027307f,-0.7566911237295595f,-0.40190243766847217f,2.210325867599584f,-0.7979422215091085f,0.25325953577571947f,0.5469440727092448f,2.3678393807586007f,-0.3120821002045331f,0.6027256015862968f,-0.7343885973545369f,3.3283331739980646f,0f,0f,0f,1f], start_interpolation: 0, interpolation_duration: 1 }
$data merge entity $(bone_left_index_finger) { transformation: [-0.5156481105027307f,-0.8541288432289542f,0.06760876643847444f,2.24434967711229f,-0.7979422215091085f,0.5074697620980783f,0.3252117028786456f,2.5582013945387008f,-0.3120821002045331f,0.11374691081734217f,-0.9432212905842611f,2.785392066055883f,0f,0f,0f,1f], start_interpolation: 0, interpolation_duration: 1 }
$data merge entity $(bone_left_thumb) { transformation: [-0.9468695099524135f,0.19562673676682563f,0.2552808472730371f,2.5473132987041565f,0.30400395221174986f,0.8034719932581771f,0.5118733760309947f,2.354094418581224f,-0.10497489300834184f,0.5622836792151226f,-0.8202544336522615f,2.057070092327211f,0f,0f,0f,1f], start_interpolation: 0, interpolation_duration: 1 }
$data merge entity $(bone_left_hand) { transformation: [-0.5503679235170452f,-0.8173587379816712f,0.17035211242759968f,2.650827431826089f,-0.8289856092409719f,0.559247227376399f,0.00503967689288623f,2.7814749576260325f,-0.09938817049785258f,-0.13844577319954576f,-0.9853703666379812f,2.1308585515018104f,0f,0f,0f,1f], start_interpolation: 0, interpolation_duration: 1 }
$data merge entity $(bone_left_forearm) { transformation: [-1.1178106004852892f,-1.5633360374097345f,0.5583890480027718f,2.5014462228844327f,-1.6478260153172501f,1.12651121646669f,-0.14477684818059147f,3.1327059207888976f,-0.20121460691780058f,-0.5406212599051788f,-1.9163923837909984f,-0.07349788308153893f,0f,0f,0f,1f], start_interpolation: 0, interpolation_duration: 1 }
$data merge entity $(bone_left_bicep) { transformation: [-0.5600824434961181f,-0.7188533741113984f,0.9132650800984274f,1.1718570285660448f,-1.1582768148011897f,0.42888880665915513f,-0.37275304871671777f,2.901754490911782f,-0.0959067270452885f,-0.9817330806091109f,-0.8315633960536722f,-1.2863351265599876f,0f,0f,0f,1f], start_interpolation: 0, interpolation_duration: 1 }
$data merge entity $(bone_left_shoulder) { transformation: [-0.5351740370020613f,-0.6868839877113851f,0.8726496704992214f,0.9126110111691583f,-1.1067650595752658f,0.4098149419789257f,-0.35617569556603057f,2.584797396743431f,-0.09164149114921787f,-0.9380727107395742f,-0.7945814850243064f,-1.3891256414676096f,0f,0f,0f,1f], start_interpolation: 0, interpolation_duration: 1 }
$data merge entity $(bone_right_fingers_2) { transformation: [-0.7832409685218887f,-0.49680781773244115f,-0.37378546984710853f,-1.5581199383466051f,-0.4109793375312693f,-0.03739255163826677f,0.9108774787008068f,-2.816632977424964f,-0.46650784489786756f,0.8670546633989746f,-0.17489036945137337f,-0.7953159730537097f,0f,0f,0f,1f], start_interpolation: 0, interpolation_duration: 1 }
$data merge entity $(bone_right_fingers) { transformation: [-0.7832409685218887f,-0.619838250243093f,-0.04831282194692077f,-1.6003187958466036f,-0.4109793375312693f,0.4578775543690551f,0.7883172770701985f,-2.365307960431685f,-0.46650784489786756f,0.6372979591530119f,-0.6133691726098998f,-1.151544457298713f,0f,0f,0f,1f], start_interpolation: 0, interpolation_duration: 1 }
$data merge entity $(bone_right_index_finger_2) { transformation: [-0.621086710203133f,-0.37494818191494783f,-0.6882333610685588f,-1.049681451578624f,-0.7723353671524565f,0.14353527717065984f,0.6187856695601655f,-2.3283631496759134f,-0.1332267955575371f,0.9158665214354202f,-0.3787335948384471f,-0.5572317202714594f,0f,0f,0f,1f], start_interpolation: 0, interpolation_duration: 1 }
$data merge entity $(bone_right_index_finger) { transformation: [-0.621086710203133f,-0.6860156046035155f,-0.37899061815501844f,-1.2720702067540115f,-0.7723353671524565f,0.45352972284342014f,0.4447570922908941f,-2.069416522336705f,-0.1332267955575371f,0.568940577510555f,-0.8115153973939289f,-1.0216348300358609f,0f,0f,0f,1f], start_interpolation: 0, interpolation_duration: 1 }
$data merge entity $(bone_right_thumb) { transformation: [0.39597686420763933f,-0.4070712448771936f,-0.8231010415534759f,-1.3160959741499445f,-0.5524113246996194f,-0.8216301685010301f,0.14059016520575174f,-1.6167284887858613f,-0.7335148610327511f,0.39901988396958454f,-0.5502173032911659f,-1.6760988447216671f,0f,0f,0f,1f], start_interpolation: 0, interpolation_duration: 1 }
$data merge entity $(bone_right_hand) { transformation: [-0.7126136835190209f,-0.6381027588844725f,-0.29155892571738873f,-1.6510891914719996f,-0.6423737923967214f,0.42641570927974876f,0.636808883199114f,-1.8844920397232392f,-0.2820241991448724f,0.6410885367743473f,-0.7137701584636469f,-1.7040107643117395f,0f,0f,0f,1f], start_interpolation: 0, interpolation_duration: 1 }
$data merge entity $(bone_right_forearm) { transformation: [-1.6441457143631384f,-1.1383649345421325f,-0.07897416015871238f,-2.2362260149535027f,-1.0653358235799522f,1.4816703239155882f,0.8216078179105061f,-0.36343242301771095f,-0.40886577891174997f,0.717011226731719f,-1.8231978630423316f,-3.236611447020791f,0f,0f,0f,1f], start_interpolation: 0, interpolation_duration: 1 }
$data merge entity $(bone_right_bicep) { transformation: [-1.2584025682350353f,0.13857139119157483f,0.24842819750143164f,-1.3516004485195228f,0.27364017617779357f,0.8975133970049723f,0.8854865214609947f,0.5871682668232301f,-0.0777152092705471f,0.9163859968653698f,-0.904816376127338f,-2.0671773610403497f,0f,0f,0f,1f], start_interpolation: 0, interpolation_duration: 1 }
$data merge entity $(bone_right_shoulder) { transformation: [-1.202437945407181f,0.13240874035270664f,0.23737991237875336f,-0.9491644829254506f,0.2614706450302081f,0.8575985080702034f,0.8461065007556829f,0.5652948052543931f,-0.07425900019675763f,0.8756317915149887f,-0.8645767036277388f,-1.9414672488371982f,0f,0f,0f,1f], start_interpolation: 0, interpolation_duration: 1 }
$data merge entity $(bone_chest) { transformation: [-2.8066474118281204f,-2.901331877556876f,-0.49943755082673696f,0.13498902943583999f,-2.943955068197579f,2.7619060292636646f,0.4994375508267374f,1.4275109705641602f,-0.017119793728434873f,0.7061038500208842f,-4.005690763260861f,-1.4214949422586685f,0f,0f,0f,1f], start_interpolation: 0, interpolation_duration: 1 }
$data merge entity $(bone_weist) { transformation: [-0.8108830722370707f,-0.7402187411720209f,0.06741556479833412f,-0.3006804845963518f,-0.7432707578707274f,0.8080853174426084f,-0.06742922384213632f,1.8631804845963522f,-0.0041501389909109005f,-0.09525930375237592f,-1.0958596814350678f,-3.8650634325259094f,0f,0f,0f,1f], start_interpolation: 0, interpolation_duration: 1 }
$data merge entity $(bone_right_fingers2) { transformation: [-0.7079457741637006f,-0.0777902092082492f,-0.7019697031888879f,1.3816352911362975f,-0.7062365499373917f,0.08716947194249436f,0.7025890823901241f,1.197462706336826f,0.006535776640045258f,0.9931516331923356f,-0.1166495482679119f,-8.921637838978974f,0f,0f,0f,1f], start_interpolation: 0, interpolation_duration: 1 }
$data merge entity $(bone_left_foot) { transformation: [-0.7079457741637006f,-0.4427756436089577f,-0.5502385939485086f,1.063343534446345f,-0.7062365499373917f,0.4510188257692941f,0.5457214988748538f,1.5315261491066465f,0.006535776640045258f,0.7749398352313297f,-0.6320012147103445f,-8.039071083739808f,0f,0f,0f,1f], start_interpolation: 0, interpolation_duration: 1 }
$data merge entity $(bone_left_knee) { transformation: [-1.1221040812812662f,-1.1116756510536947f,-0.1316418860404892f,1.649268636661009f,-1.1193949366685565f,1.1159955430976318f,0.11738327002195362f,0.9846575038483901f,0.0103592985646408f,0.1760713013940452f,-1.575170305171058f,-6.122091590222052f,0f,0f,0f,1f], start_interpolation: 0, interpolation_duration: 1 }
$data merge entity $(bone_left_thigh) { transformation: [-1.1352996005568656f,-0.2802202485369908f,-1.097394843616644f,0.6249313178229571f,-1.1325585974289312f,0.295253175514133f,1.0962849078819532f,1.982021966532069f,0.01048111999473071f,1.5511306160893732f,-0.4069250194630067f,-4.662152474823842f,0f,0f,0f,1f], start_interpolation: 0, interpolation_duration: 1 }
$data merge entity $(bone_left_leg) { transformation: [-0.7071067811865475f,-0.7044160264027587f,0.061628416716219485f,0.2797293802426203f,-0.7071067811865476f,0.7044160264027586f,-0.06162841671621935f,2.026286329107223f,-8.659560562354932e-17f,-0.08715574274765826f,-0.9961946980917455f,-4.983721458333333f,0f,0f,0f,1f], start_interpolation: 0, interpolation_duration: 1 }
$data merge entity $(bone_left_fingers2) { transformation: [-0.5684667939007141f,-0.8153407618908804f,-0.10984054912208663f,0.7899758588748336f,-0.82266849826881f,0.5620733617401164f,0.08538195346971963f,0.14309481492598147f,-0.007876940293301217f,0.13889916494120003f,-0.9902752020475182f,-5.831666493909619f,0f,0f,0f,1f], start_interpolation: 0, interpolation_duration: 1 }
$data merge entity $(bone_right_foot) { transformation: [-0.573517691614633f,-0.5444510990101488f,-0.6120869694673003f,0.37870206396879263f,-0.8191930845082662f,0.38082000492347606f,0.42883425019920723f,0.4247319521146843f,-0.0003843160880185429f,0.7473614417647761f,-0.6644175853064244f,-4.969479453758165f,0f,0f,0f,1f], start_interpolation: 0, interpolation_duration: 1 }
$data merge entity $(bone_right_knee) { transformation: [-0.9090336660431577f,-1.2645751163788526f,0.2945801717182885f,0.43855429442392646f,-1.2984326441809657f,0.885498492320083f,-0.20551154993847157f,0.3622582542828152f,-0.0006091464439873041f,-0.359182549225737f,-1.5437802414224437f,-2.898051262929184f,0f,0f,0f,1f], start_interpolation: 0, interpolation_duration: 1 }
$data merge entity $(bone_right_thigh) { transformation: [-0.9197235578834447f,-1.1697813637269947f,0.597849606224125f,-0.5015072477069085f,-1.313701720615296f,0.8193070076423806f,-0.41788494827118305f,1.0582410828052697f,-0.000616309775604563f,-0.7294186738877825f,-1.4281638672985535f,-4.616739249514162f,0f,0f,0f,1f], start_interpolation: 0, interpolation_duration: 1 }
$data merge entity $(bone_right_leg) { transformation: [-0.573576436351046f,-0.8160349234517084f,0.07139380484326979f,-0.493249111656662f,-0.8191520442889918f,0.5713938048432695f,-0.049990480332730305f,1.3122334023068198f,-6.9375492946377e-17f,-0.08715574274765826f,-0.9961946980917455f,-4.942054791666667f,0f,0f,0f,1f], start_interpolation: 0, interpolation_duration: 1 }