# This file was generated by Animated Java via MC-Build. It is not recommended to edit this file directly.
$data merge entity $(bone_left_fingers_2) { transformation: [-0.8500042843659279f,-0.46839209368137713f,-0.24104265833321506f,3.85230021818732f,-0.43495760773278164f,0.8821868416606149f,-0.18043906416362543f,0.8594770566239615f,0.2971608925059665f,-0.04853063957589471f,-0.9535932995713696f,2.3611998774047045f,0f,0f,0f,1f], start_interpolation: 0, interpolation_duration: 1 }
$data merge entity $(bone_left_fingers) { transformation: [-0.8500042843659279f,-0.46839209368137713f,-0.24104265833321506f,3.7223602647748804f,-0.43495760773278164f,0.8821868416606149f,-0.18043906416362543f,0.7665696434604918f,0.2971608925059665f,-0.04853063957589471f,-0.9535932995713696f,1.8072565173180424f,0f,0f,0f,1f], start_interpolation: 0, interpolation_duration: 1 }
$data merge entity $(bone_left_index_finger_2) { transformation: [-0.8835662117964299f,-0.3728788796504312f,0.28332329675186557f,3.1432553078655814f,-0.37077643179000064f,0.926572232799035f,0.06315643304435246f,0.5312534089366129f,-0.2860691996716553f,-0.049246710717062867f,-0.9569426181766431f,2.3565291283840724f,0f,0f,0f,1f], start_interpolation: 0, interpolation_duration: 1 }
$data merge entity $(bone_left_index_finger) { transformation: [-0.8835662117964299f,-0.3728788796504312f,0.28332329675186557f,3.30438385021132f,-0.37077643179000064f,0.926572232799035f,0.06315643304435246f,0.5730114841061429f,-0.2860691996716553f,-0.049246710717062867f,-0.9569426181766431f,1.8047373029667966f,0f,0f,0f,1f], start_interpolation: 0, interpolation_duration: 1 }
$data merge entity $(bone_left_thumb) { transformation: [-0.7064765113247923f,-0.2882064026854432f,0.6463961698505547f,3.1393478976664295f,-0.23652890698863768f,0.9569613853815452f,0.16816356040294217f,0.31542883762233415f,-0.6670419890120196f,-0.03408777405096697f,-0.744239886431209f,1.0087865169369117f,0f,0f,0f,1f], start_interpolation: 0, interpolation_duration: 1 }
$data merge entity $(bone_left_hand) { transformation: [-0.9074114834487057f,-0.4176288174734292f,-0.04680353107581307f,3.6315872083733f,-0.42020767295381006f,0.900240444988765f,0.11398531834045196f,0.6938865686842535f,-0.005469122065119921f,0.12309878968607117f,-0.9923793511967393f,1.0823685972069552f,0f,0f,0f,1f], start_interpolation: 0, interpolation_duration: 1 }
$data merge entity $(bone_left_forearm) { transformation: [-1.813352282859282f,-0.8467412679989902f,-0.010057667084740556f,3.2219868099735707f,-0.8466699103885855f,1.8133619180718439f,-0.013676632629527135f,1.4976072960293776f,0.014899477920696156f,-0.008137106670138184f,-2.001257161487105f,-0.964855311364067f,0f,0f,0f,1f], start_interpolation: 0, interpolation_duration: 1 }
$data merge entity $(bone_left_bicep) { transformation: [-1.1643311956314168f,-0.5200438853990287f,0.1959154094238347f,1.8912251611145583f,-0.5557144226029116f,1.09214361423864f,-0.4036080151582532f,2.2511870523880053f,-0.0031576734693823027f,-0.44863382245206856f,-1.2096335585463136f,-1.045780722659757f,0f,0f,0f,1f], start_interpolation: 0, interpolation_duration: 1 }
$data merge entity $(bone_left_shoulder) { transformation: [-1.1125501854403708f,-0.49691610368994626f,0.1872025123976092f,1.474772152757764f,-0.5310002740100727f,1.0435729843086323f,-0.38565845679847416f,2.1841807232061647f,-0.003017243046568276f,-0.42868184262055636f,-1.1558378276945342f,-1.0634790478606388f,0f,0f,0f,1f], start_interpolation: 0, interpolation_duration: 1 }
$data merge entity $(bone_right_fingers_2) { transformation: [-0.8172297771701801f,-0.5736108123410047f,0.055732640991347615f,-1.285661514463539f,-0.5763118817142375f,0.8134540185679304f,-0.07846766640266381f,-1.139874878700924f,-0.00032603891208055026f,-0.0962454967319405f,-0.9953575729643345f,-0.47362207573716164f,0f,0f,0f,1f], start_interpolation: 0, interpolation_duration: 1 }
$data merge entity $(bone_right_fingers) { transformation: [-0.8172297771701801f,-0.5736108123410047f,0.055732640991347615f,-1.268096254790025f,-0.5763118817142375f,0.8134540185679304f,-0.07846766640266381f,-1.1883167708676476f,-0.00032603891208055026f,-0.0962454967319405f,-0.9953575729643345f,-1.0478333541545146f,0f,0f,0f,1f], start_interpolation: 0, interpolation_duration: 1 }
$data merge entity $(bone_right_index_finger_2) { transformation: [-0.8179316963664939f,-0.5740441635921366f,0.038223531035658787f,-0.9102052320284524f,-0.5752958461959446f,0.8166437247509921f,-0.04612717392728308f,-0.9012267882124227f,-0.004735971782139326f,-0.05971871625069125f,-0.9982040099602129f,-0.4710322554194599f,0f,0f,0f,1f], start_interpolation: 0, interpolation_duration: 1 }
$data merge entity $(bone_right_index_finger) { transformation: [-0.8179316963664939f,-0.5740441635921366f,0.038223531035658787f,-0.8914966616616391f,-0.5752958461959446f,0.8166437247509921f,-0.04612717392728308f,-0.9230871140332891f,-0.004735971782139326f,-0.05971871625069125f,-0.9982040099602129f,-1.0466644975215609f,0f,0f,0f,1f], start_interpolation: 0, interpolation_duration: 1 }
$data merge entity $(bone_right_thumb) { transformation: [-0.7171447310943191f,-0.6385470877261893f,-0.279215063025008f,-0.6499239939062258f,-0.6169233125575632f,0.7680223809889395f,-0.1718931316925832f,-0.8069193518288895f,0.32420527615487676f,0.048982027892718855f,-0.9447177884727573f,-1.8561526298629492f,0f,0f,0f,1f], start_interpolation: 0, interpolation_duration: 1 }
$data merge entity $(bone_right_hand) { transformation: [-0.8175828801184892f,-0.5550369764439869f,-0.15327161810678813f,-1.2173764910208253f,-0.5758053734687624f,0.7869086931291241f,0.22186230090376546f,-1.054192022397662f,-0.002531011982333167f,0.26964544026875625f,-0.9629563492290886f,-1.7678463127006376f,0f,0f,0f,1f], start_interpolation: 0, interpolation_duration: 1 }
$data merge entity $(bone_right_forearm) { transformation: [-1.6329428858091297f,-1.135433321120824f,-0.2227453191437441f,-1.9480855960887256f,-1.157074576782714f,1.602947920004613f,0.31154961361322603f,0.001869500418540171f,0.0016515674421479982f,0.382982912501306f,-1.96434419928982f,-3.599695262861277f,0f,0f,0f,1f], start_interpolation: 0, interpolation_duration: 1 }
$data merge entity $(bone_right_bicep) { transformation: [-1.1655117660994658f,-0.3249526329357084f,-0.4477540987450205f,-1.406740663326595f,-0.5528210069285785f,0.6432717233896628f,0.9721553619133503f,0.9091843327232128f,-0.02160742680855653f,1.0700948087653521f,-0.7203650761046573f,-2.0634699725274284f,0f,0f,0f,1f], start_interpolation: 0, interpolation_duration: 1 }
$data merge entity $(bone_right_shoulder) { transformation: [-1.1136782526931264f,-0.31050109572637835f,-0.42784124264600887f,-1.0617294635666643f,-0.5282355364876965f,0.6146636608474682f,0.9289209395330273f,1.1217455892250436f,-0.020646485117760904f,1.0225047498491562f,-0.6883284601598098f,-1.945058945552144f,0f,0f,0f,1f], start_interpolation: 0, interpolation_duration: 1 }
$data merge entity $(bone_chest) { transformation: [-3.6685716127278223f,-1.7553935910828318f,-0.0678961552513007f,0.1328214332251808f,-1.7566801276978814f,3.664920293609419f,0.16391581884068057f,1.8043406945339364f,-0.009564332906323577f,0.17716322163523826f,-4.063613655560883f,-1.0388429796643583f,0f,0f,0f,1f], start_interpolation: 0, interpolation_duration: 1 }
$data merge entity $(bone_right_fingers2) { transformation: [-0.9235536629866916f,-0.38300141296499457f,0.018935396765897682f,1.691895247599354f,-0.38346466025290604f,0.9221756691158434f,-0.05046671802158717f,-0.005059964484254831f,0.0018670621274081652f,-0.053869777775342235f,-0.9985462238281448f,-5.623823291778059f,0f,0f,0f,1f], start_interpolation: 0, interpolation_duration: 1 }
$data merge entity $(bone_left_foot) { transformation: [-0.923842854784622f,-0.38277028883316866f,0.0011338650590843047f,1.3227202528228335f,-0.38277144205351504f,0.9238326197999984f,-0.004394740236306184f,0.8989006208830763f,0.0006346744615641312f,-0.004494060529705746f,-0.9999897002510991f,-5.427871290105459f,0f,0f,0f,1f], start_interpolation: 0, interpolation_duration: 1 }
$data merge entity $(bone_left_knee) { transformation: [-1.4643621473237667f,-0.605235557290042f,-0.04004160600134353f,1.6105688117753656f,-0.6065586616472923f,1.461167890840058f,0.09666898826764397f,0.24592809595620757f,-1.7933264165125956e-16f,0.1046337589110547f,-1.5815567283629666f,-3.4764733276336743f,0f,0f,0f,1f], start_interpolation: 0, interpolation_duration: 1 }
$data merge entity $(bone_left_thigh) { transformation: [-1.4815824919101666f,-0.611923477617561f,0.04655094753925034f,0.9070381616787727f,-0.6136915619237173f,1.4773139587988253f,-0.11238392889057618f,1.8651141926447463f,-1.8144152563905446e-16f,-0.12164348806937474f,-1.5990331063869272f,-4.6260010348215195f,0f,0f,0f,1f], start_interpolation: 0, interpolation_duration: 1 }
$data merge entity $(bone_left_leg) { transformation: [-0.9238795325112867f,-0.38248390292433204f,0.01235610822615102f,0.6021763607174226f,-0.3826834323650897f,0.9233978258293168f,-0.02983028405772327f,2.0450555549533878f,-1.1314261122877003e-16f,-0.03228806679658626f,-0.999478604444607f,-4.931638125f,0f,0f,0f,1f], start_interpolation: 0, interpolation_duration: 1 }
$data merge entity $(bone_left_fingers2) { transformation: [-0.9105601350292009f,-0.3998760728000461f,-0.10478247419113479f,0.22433941677730918f,-0.4087631554127582f,0.9087560693210814f,0.0841135497354834f,-0.3719252907763739f,0.06158671344217676f,0.1194216599872514f,-0.9909316544814182f,-4.161226887778405f,0f,0f,0f,1f], start_interpolation: 0, interpolation_duration: 1 }
$data merge entity $(bone_right_foot) { transformation: [-0.924565460269763f,-0.2551985977977417f,0.28293530242482584f,-0.08576202203222599f,-0.3810181475758288f,0.6154002553369993f,-0.6900055774767623f,0.3648180422532125f,0.001969998488601742f,-0.7457588091422203f,-0.6662131173226271f,-4.755262629556711f,0f,0f,0f,1f], start_interpolation: 0, interpolation_duration: 1 }
$data merge entity $(bone_right_knee) { transformation: [-1.4643621473237667f,-0.5481610221324031f,0.25967846239939424f,-0.23706105534713406f,-0.6065586616472923f,1.3233777739963464f,-0.626919265780809f,0.6881308504501151f,-1.7933264165125956e-16f,-0.678572523494182f,-1.4324137806139559f,-2.7129900148585477f,0f,0f,0f,1f], start_interpolation: 0, interpolation_duration: 1 }
$data merge entity $(bone_right_thigh) { transformation: [-1.4815824919101666f,-0.5211353168444559f,0.3240915221257729f,-0.5996084262301271f,-0.6136915619237173f,1.258131949757486f,-0.7824261481661806f,1.6426847705583631f,-1.8144152563905446e-16f,-0.846891960079895f,-1.3617922093561647f,-4.523896531853517f,0f,0f,0f,1f], start_interpolation: 0, interpolation_duration: 1 }
$data merge entity $(bone_right_leg) { transformation: [-0.9238795325112867f,-0.33347355941997675f,0.18772851295021076f,-0.4368204939353397f,-0.3826834323650897f,0.8050763898445383f,-0.4532167220085318f,1.8057400688433516f,-1.1314261122877003e-16f,-0.49055824494412104f,-0.871408405007287f,-4.931638125f,0f,0f,0f,1f], start_interpolation: 0, interpolation_duration: 1 }