# This file was generated by Animated Java via MC-Build. It is not recommended to edit this file directly.
$data merge entity $(bone_neck) { transformation: [-0.7071067811865475f,-0.7064337722128922f,-0.03084356459723178f,0.04379907791017146f,-0.7071067811865476f,0.706433772212892f,0.030843564597231896f,1.5187009220898287f,-8.659560562354932e-17f,0.04361938736533592f,-0.9990482215818578f,-1.457005625f,0f,0f,0f,1f], start_interpolation: 0, interpolation_duration: 1 }
$data merge entity $(bone_left_fingers_2) { transformation: [-0.5659489684191035f,-0.5149351891473548f,-0.6438505386525125f,2.544711395530333f,-0.8035291160322395f,0.5192937134179303f,0.2909896886370102f,2.836122163036637f,0.18450670674476893f,0.6820379682850467f,-0.7076591587648713f,3.2985088942908787f,0f,0f,0f,1f], start_interpolation: 0, interpolation_duration: 1 }
$data merge entity $(bone_left_fingers) { transformation: [-0.5659489684191035f,-0.7802325759268058f,-0.2663435612286763f,2.394480415438231f,-0.8035291160322395f,0.5943165214987203f,-0.033598094620212224f,2.8312451211231764f,0.18450670674476893f,0.1949999993238004f,-0.9632924142906543f,2.7419333898169604f,0f,0f,0f,1f], start_interpolation: 0, interpolation_duration: 1 }
$data merge entity $(bone_left_index_finger_2) { transformation: [-0.4991059648078736f,-0.7874007334897818f,-0.3617918196877245f,2.080386149092105f,-0.801740589011415f,0.26119067982456434f,0.5375792562073161f,2.265544159617567f,-0.3287936493073292f,0.5583721999459995f,-0.7616529541087815f,3.230401972436505f,0f,0f,0f,1f], start_interpolation: 0, interpolation_duration: 1 }
$data merge entity $(bone_left_index_finger) { transformation: [-0.4991059648078736f,-0.8584776460733728f,0.11793797982635679f,2.143390630125338f,-0.801740589011415f,0.5091271089056576f,0.31305209615812485f,2.4489079127686737f,-0.3287936493073292f,0.06169050307532847f,-0.9423847505162006f,2.687641867051328f,0f,0f,0f,1f], start_interpolation: 0, interpolation_duration: 1 }
$data merge entity $(bone_left_thumb) { transformation: [-0.9396624204412983f,0.16624913070308928f,0.29899124092666596f,2.484424903044025f,0.30289489801563435f,0.8105725795340183f,0.5012252727703045f,2.2353793060029967f,-0.15902583553152294f,0.5615454744257448f,-0.8120206055177824f,1.979121810986487f,0f,0f,0f,1f], start_interpolation: 0, interpolation_duration: 1 }
$data merge entity $(bone_left_hand) { transformation: [-0.5451067252383024f,-0.8083110431167672f,0.22246778570268883f,2.5842832529367445f,-0.8300400724114024f,0.5576510995527322f,-0.007663508263350258f,2.663643366792625f,-0.11786490695388352f,-0.18883460684713574f,-0.9749099214623062f,2.052825554515964f,0f,0f,0f,1f], start_interpolation: 0, interpolation_duration: 1 }
$data merge entity $(bone_left_forearm) { transformation: [-1.115289094026863f,-1.5381758220310495f,0.6288591341584681f,2.5183231237414905f,-1.6442960275867746f,1.1310097340847474f,-0.14975309151598842f,3.011865825905005f,-0.24028991605514044f,-0.600125449614785f,-1.8940508531498197f,-0.1560781568495797f,0f,0f,0f,1f], start_interpolation: 0, interpolation_duration: 1 }
$data merge entity $(bone_left_bicep) { transformation: [-0.6587093335256841f,-0.7278302858508174f,0.8371742425777189f,1.1298962807459287f,-1.1007277688782524f,0.5498011155815997f,-0.388088566743011f,2.9791749995406533f,-0.13782603621074319f,-0.9124020121715299f,-0.9016774231613485f,-1.3121957140134657f,0f,0f,0f,1f], start_interpolation: 0, interpolation_duration: 1 }
$data merge entity $(bone_left_shoulder) { transformation: [-0.629414718007173f,-0.6954616714991637f,0.79994280177355f,0.8404079260746468f,-1.0517753779849182f,0.5253499480136462f,-0.3708292009328813f,2.6915705114303385f,-0.1316965333576055f,-0.8718249855764777f,-0.8615773485322957f,-1.4204377481928145f,0f,0f,0f,1f], start_interpolation: 0, interpolation_duration: 1 }
$data merge entity $(bone_right_fingers_2) { transformation: [-0.7700039905586666f,-0.6334789328908023f,-0.07614654363304277f,-2.9613556090847624f,-0.24976704585603998f,0.18945142871051973f,0.9495917959649239f,-2.4013317174989073f,-0.5871203261070724f,0.7502083695501359f,-0.30410051780431313f,0.06338410541673978f,0f,0f,0f,1f], start_interpolation: 0, interpolation_duration: 1 }
$data merge entity $(bone_right_fingers) { transformation: [-0.7700039905586666f,-0.5751842211737759f,0.276146639009866f,-2.8161198608652858f,-0.24976704585603998f,0.6699970144327928f,0.6990854192840035f,-1.9979896592018278f,-0.5871203261070724f,0.46932623234149295f,-0.6595624385212241f,-0.32209677474930065f,0f,0f,0f,1f], start_interpolation: 0, interpolation_duration: 1 }
$data merge entity $(bone_right_index_finger_2) { transformation: [-0.7091492752308177f,-0.5487636649787639f,-0.4426801841495513f,-2.4168196523584684f,-0.6523515416665364f,0.2724937721824673f,0.7072373082686341f,-2.030394231456918f,-0.2674785440458709f,0.7903199251700823f,-0.5512255839075834f,0.37957229569523965f,0f,0f,0f,1f], start_interpolation: 0, interpolation_duration: 1 }
$data merge entity $(bone_right_index_finger) { transformation: [-0.7091492752308177f,-0.7006744703824714f,-0.07850217827454707f,-2.4661151388228584f,-0.6523515416665364f,0.6098172452369772f,0.4500670988829085f,-1.7674833055249923f,-0.2674785440458709f,0.3703757739996335f,-0.8895375284434452f,-0.13094524821242337f,0f,0f,0f,1f], start_interpolation: 0, interpolation_duration: 1 }
$data merge entity $(bone_right_thumb) { transformation: [0.3983329979392447f,-0.49437664111238555f,-0.7726076361745131f,-2.3759934001851812f,-0.5628864150518502f,-0.7968120716432905f,0.21965747479565578f,-1.259132696673173f,-0.7242166157323441f,0.3473935221128382f,-0.5956744364929779f,-0.7286236469570999f,0f,0f,0f,1f], start_interpolation: 0, interpolation_duration: 1 }
$data merge entity $(bone_right_hand) { transformation: [-0.7598467735676574f,-0.6428806895518209f,-0.0966297040262265f,-2.721374415134507f,-0.5004257215216923f,0.48352636601586046f,0.7181757101204342f,-1.4822282350850597f,-0.41497828610460386f,0.5940594855474252f,-0.6891199820733787f,-0.8359002945597438f,0f,0f,0f,1f], start_interpolation: 0, interpolation_duration: 1 }
$data merge entity $(bone_right_forearm) { transformation: [-1.7751939869470206f,-0.6509882690587312f,0.655917185688574f,-2.3334427894796828f,-0.6808792453655901f,1.8817839031989096f,0.02489110520694874f,-0.5959073042617178f,-0.6248332050748316f,-0.20107308978566968f,-1.890629485284337f,-2.853031072126704f,0f,0f,0f,1f], start_interpolation: 0, interpolation_duration: 1 }
$data merge entity $(bone_right_bicep) { transformation: [-1.2748318513801493f,0.16174627266361544f,0.11461901019115063f,-1.3967517727353875f,0.1981645648318141f,1.060418013345613f,0.7076298931844757f,0.5894030643979473f,-0.0054935837837874054f,0.7168315030484375f,-1.072668653539218f,-1.961632018425744f,0f,0f,0f,1f], start_interpolation: 0, interpolation_duration: 1 }
$data merge entity $(bone_right_shoulder) { transformation: [-1.2181365731501546f,0.154552971114552f,0.10952158760463565f,-0.9843907545816535f,0.18935164167939808f,1.0132583081330075f,0.6761596458459569f,0.6095594335256611f,-0.005249269005517297f,0.6849520348147579f,-1.024964128667832f,-1.873380681180529f,0f,0f,0f,1f], start_interpolation: 0, interpolation_duration: 1 }
$data merge entity $(bone_chest) { transformation: [-2.9969585537825267f,-2.704299499862938f,-0.49943755082673696f,0.13498902943583999f,-2.7498589901561847f,2.955210972554481f,0.4994375508267374f,1.4275109705641602f,0.030808868722415166f,0.7056391060306f,-4.005690763260861f,-1.4214949422586685f,0f,0f,0f,1f], start_interpolation: 0, interpolation_duration: 1 }
$data merge entity $(bone_weist) { transformation: [-0.8268390494621511f,-0.722355783683479f,0.06737438729630836f,-0.3006804845963518f,-0.7254642454742067f,0.8241127515841231f,-0.06737804698108105f,1.8631804845963522f,-0.006230154337249088f,-0.0950804630587787f,-1.0958653615848353f,-3.8650634325259094f,0f,0f,0f,1f], start_interpolation: 0, interpolation_duration: 1 }
$data merge entity $(bone_right_fingers2) { transformation: [-0.7078942620351788f,0.43061917252806053f,-0.5598685935368387f,1.1397447100499896f,-0.7062918447078697f,-0.42468737407310075f,0.5663854380208309f,1.4475797383475864f,0.006127305837313177f,0.7963716233983619f,0.604776564996556f,-8.327954822044678f,0f,0f,0f,1f], start_interpolation: 0, interpolation_duration: 1 }
$data merge entity $(bone_left_foot) { transformation: [-0.7078942620351788f,-0.2977717018761805f,-0.6404824176661156f,0.9809889573786672f,-0.7062918447078697f,0.30629121324218667f,0.6382299920794882f,1.6219230579686548f,0.006127305837313177f,0.9041668575281844f,-0.4271355169858667f,-7.360363419890515f,0f,0f,0f,1f], start_interpolation: 0, interpolation_duration: 1 }
$data merge entity $(bone_left_knee) { transformation: [-1.1220224338278038f,-1.0541257570134681f,-0.37703375833198405f,1.854491371327115f,-1.1194825796631067f,1.0610685447409474f,0.3649139703083329f,0.7838212950251098f,0.009711866555640747f,0.5246163744071827f,-1.4956447599232563f,-5.671647076949341f,0f,0f,0f,1f], start_interpolation: 0, interpolation_duration: 1 }
$data merge entity $(bone_left_thigh) { transformation: [-1.1352169929602545f,-0.5435831053899098f,-0.9937322576730866f,0.6219185790143735f,-1.132647271071924f,0.556980375435218f,0.9892355807513581f,1.9850347053406527f,0.009826074430360066f,1.4021391808325647f,-0.7782115260946623f,-4.656861230474423f,0f,0f,0f,1f], start_interpolation: 0, interpolation_duration: 1 }
$data merge entity $(bone_left_leg) { transformation: [-0.7071067811865475f,-0.7044160264027587f,0.061628416716219485f,0.27604653242394034f,-0.7071067811865476f,0.7044160264027586f,-0.06162841671621935f,2.029969176925903f,-8.659560562354932e-17f,-0.08715574274765826f,-0.9961946980917455f,-4.978513125f,0f,0f,0f,1f], start_interpolation: 0, interpolation_duration: 1 }
$data merge entity $(bone_left_fingers2) { transformation: [-0.5658790123891412f,-0.7936820528935485f,-0.2232705584087888f,0.6961918731090773f,-0.824291422094976f,0.5386879663604314f,0.17423813118575576f,0.208987434669574f,-0.018016514594457755f,0.28263770769864527f,-0.9590575224608393f,-6.161464035572454f,0f,0f,0f,1f], start_interpolation: 0, interpolation_duration: 1 }
$data merge entity $(bone_right_foot) { transformation: [-0.5734363967939432f,-0.41405854349278876f,-0.7069131639689628f,0.43111881502404015f,-0.8192495693884804f,0.28885485090034924f,0.49537159604495523f,0.3875787252450894f,-0.0009175449683234448f,0.8632024082867051f,-0.5048571683548366f,-5.218238967821703f,0f,0f,0f,1f], start_interpolation: 0, interpolation_duration: 1 }
$data merge entity $(bone_right_knee) { transformation: [-0.9089048126006879f,-1.2849916363713836f,0.18697177493121728f,0.6337514080191289f,-1.2985221735163077f,0.8996885466026521f,-0.12911464879137022f,0.223843837187516f,-0.001454321773346378f,-0.22721558507643844f,-1.5686430031656597f,-3.1614378299230657f,0f,0f,0f,1f], start_interpolation: 0, interpolation_duration: 1 }
$data merge entity $(bone_right_thigh) { transformation: [-0.9195931891732629f,-1.2616676478002466f,0.3663974978509692f,-0.5549229372567002f,-1.3137923027817344f,0.883608155096317f,-0.25473599453132034f,1.0945390612727424f,-0.00147142404693512f,-0.44624588317718517f,-1.540313753807905f,-4.628045931448931f,0f,0f,0f,1f], start_interpolation: 0, interpolation_duration: 1 }
$data merge entity $(bone_right_leg) { transformation: [-0.573576436351046f,-0.8160349234517084f,0.07139380484326979f,-0.4895662638379821f,-0.8191520442889918f,0.5713938048432695f,-0.049990480332730305f,1.3085505544881397f,-6.9375492946377e-17f,-0.08715574274765826f,-0.9961946980917455f,-4.947263125f,0f,0f,0f,1f], start_interpolation: 0, interpolation_duration: 1 }