# This file was generated by Animated Java via MC-Build. It is not recommended to edit this file directly.
$data merge entity $(bone_left_fingers_2) { transformation: [-0.933753079598436f,-0.2741700225229546f,-0.23007821515780058f,3.4224046534220753f,-0.25762653708946576f,0.9610859651346698f,-0.09971125818306667f,0.8068485468993241f,0.24846278137324054f,-0.03383144056824397f,-0.9680504531796629f,-0.4472452249317508f,0f,0f,0f,1f], start_interpolation: 0, interpolation_duration: 1 }
$data merge entity $(bone_left_fingers) { transformation: [-0.933753079598436f,-0.2741700225229546f,-0.23007821515780058f,3.3010587476861257f,-0.25762653708946576f,0.9610859651346698f,-0.09971125818306667f,0.758484414139206f,0.24846278137324054f,-0.03383144056824397f,-0.9680504531796629f,-1.0087659341857727f,0f,0f,0f,1f], start_interpolation: 0, interpolation_duration: 1 }
$data merge entity $(bone_left_index_finger_2) { transformation: [-0.9800669578713609f,-0.19776982665786233f,0.018864086314873726f,2.839887594462554f,-0.19866109241437613f,0.9763675111641036f,-0.08508967918578955f,0.7103675160749469f,-0.0015901099026913684f,-0.08714114302057857f,-0.996194706241488f,-0.43486552054437166f,0f,0f,0f,1f], start_interpolation: 0, interpolation_duration: 1 }
$data merge entity $(bone_left_index_finger) { transformation: [-0.9800669578713609f,-0.19776982665786233f,0.018864086314873726f,2.8496154052166296f,-0.19866109241437613f,0.9763675111641036f,-0.08508967918578955f,0.666976148445834f,-0.0015901099026913684f,-0.08714114302057857f,-0.996194706241488f,-1.0094983785596998f,0f,0f,0f,1f], start_interpolation: 0, interpolation_duration: 1 }
$data merge entity $(bone_left_thumb) { transformation: [-0.9380335626771842f,-0.12533747196541795f,0.3230844369703795f,2.604328893591951f,-0.09981435592800313f,0.9905120434583223f,0.0944615589258205f,0.56297168390253f,-0.3318585988667868f,0.05635964766866838f,-0.9416440200377405f,-1.8195236483838273f,0f,0f,0f,1f], start_interpolation: 0, interpolation_duration: 1 }
$data merge entity $(bone_left_hand) { transformation: [-0.9800669578713609f,-0.19229474422962237f,-0.049914821751059435f,3.1732594703755237f,-0.19866109241437613f,0.9465877296866702f,0.25397921247094635f,0.8064247720751885f,-0.0015901099026913684f,0.2588327671456989f,-0.9659208405465728f,-1.7301216998453037f,0f,0f,0f,1f], start_interpolation: 0, interpolation_duration: 1 }
$data merge entity $(bone_left_forearm) { transformation: [-1.9613990611292693f,-0.3925234751343458f,-0.0644785066543277f,2.9134107281583708f,-0.3977555081136022f,1.931434620819922f,0.34156887243159184f,2.030153566934408f,-0.0047657231566349285f,0.34756878501579475f,-1.9709113782502077f,-3.5848000260136903f,0f,0f,0f,1f], start_interpolation: 0, interpolation_duration: 1 }
$data merge entity $(bone_left_bicep) { transformation: [-1.1999108244209666f,-0.26429080847911224f,-0.39352256034688127f,1.8583728148826721f,-0.4739311159461076f,0.6913166534160394f,0.9807987589504976f,2.27342622598394f,0.00994657159953631f,1.056753176846049f,-0.7400468988181158f,-2.0703552056459307f,0f,0f,0f,1f], start_interpolation: 0, interpolation_duration: 1 }
$data merge entity $(bone_left_shoulder) { transformation: [-1.1465474902933483f,-0.25253706942393284f,-0.3760215298976559f,1.4657450596272916f,-0.45285409590512954f,0.6605719007115797f,0.9371799409345125f,2.1680734144827905f,0.009504220207343086f,1.0097564569909125f,-0.7071349780920102f,-1.9564235684827187f,0f,0f,0f,1f], start_interpolation: 0, interpolation_duration: 1 }
$data merge entity $(bone_right_fingers_2) { transformation: [-0.9022640956288749f,-0.36580344022377137f,0.22827033285002737f,-1.7357587667866259f,-0.342737129008967f,0.9296680791870545f,0.13508709390368662f,-1.5374624565346087f,-0.2616309655558748f,0.04364751609320308f,-0.9641805495866396f,2.3905784396400005f,0f,0f,0f,1f], start_interpolation: 0, interpolation_duration: 1 }
$data merge entity $(bone_right_fingers) { transformation: [-0.9022640956288749f,-0.36580344022377137f,0.22827033285002737f,-1.6187228001273173f,-0.342737129008967f,0.9296680791870545f,0.13508709390368662f,-1.4589433894394586f,-0.2616309655558748f,0.04364751609320308f,-0.9641805495866396f,1.8315515296111453f,0f,0f,0f,1f], start_interpolation: 0, interpolation_duration: 1 }
$data merge entity $(bone_right_index_finger_2) { transformation: [-0.8955187941622115f,-0.36580344022377137f,-0.2534441406359842f,-1.0418833724581122f,-0.36436260749375327f,0.9296680791870545f,-0.05437970946047691f,-1.2643820807659798f,0.2555112122052808f,0.04364751609320308f,-0.9658203325548089f,2.389384738894398f,0f,0f,0f,1f], start_interpolation: 0, interpolation_duration: 1 }
$data merge entity $(bone_right_index_finger) { transformation: [-0.8955187941622115f,-0.36580344022377137f,-0.2534441406359842f,-1.1900647190717506f,-0.36436260749375327f,0.9296680791870545f,-0.05437970946047691f,-1.2903447480886494f,0.2555112122052808f,0.04364751609320308f,-0.9658203325548089f,1.8330138275241885f,0f,0f,0f,1f], start_interpolation: 0, interpolation_duration: 1 }
$data merge entity $(bone_right_thumb) { transformation: [-0.7045055344229382f,-0.4174161708701738f,-0.5739648876573656f,-0.8604815771905209f,-0.30724281019041594f,0.90841417248127f,-0.28352345021437964f,-1.404815283465938f,0.6397451113949576f,-0.0233972547802413f,-0.7682309294183631f,1.0549426300738987f,0f,0f,0f,1f], start_interpolation: 0, interpolation_duration: 1 }
$data merge entity $(bone_right_hand) { transformation: [-0.9306009016747585f,-0.36580344022377137f,-0.013030921785511504f,-1.476570546435498f,-0.3660217571877562f,0.9296680791870545f,0.04177721634862715f,-1.494824313022352f,-0.003167817436927403f,0.04364751609320308f,-0.9990419707257449f,1.112186601944765f,0f,0f,0f,1f], start_interpolation: 0, interpolation_duration: 1 }
$data merge entity $(bone_right_forearm) { transformation: [-1.8624406657998713f,-0.7325346234786589f,0.005879116130236726f,-1.7888258323104038f,-0.7325307808397685f,1.8624499441345472f,0.0023733819885198705f,-0.6398781225594692f,-0.006339852030817715f,0.00005678700183523371f,-2.0013212074222433f,-0.9314464277997696f,0f,0f,0f,1f], start_interpolation: 0, interpolation_duration: 1 }
$data merge entity $(bone_right_bicep) { transformation: [-1.2006178552986952f,-0.4424516725992079f,0.16507242793160704f,-1.4099249440362116f,-0.4722241901083076f,1.1287406486383735f,-0.4091998117046097f,0.8659690203246175f,-0.004086970225643345f,-0.44122181387222703f,-1.212354004055246f,-1.002931155829295f,0f,0f,0f,1f], start_interpolation: 0, interpolation_duration: 1 }
$data merge entity $(bone_right_shoulder) { transformation: [-1.1472230775636032f,-0.4227746299726205f,0.15773120311081895f,-1.0767833307927477f,-0.4512230817533981f,1.0785424479464343f,-0.39100157077492315f,1.124883747348049f,-0.0039052114205039073f,-0.42159946644535107f,-1.158437287510435f,-1.0176286621038255f,0f,0f,0f,1f], start_interpolation: 0, interpolation_duration: 1 }
$data merge entity $(bone_chest) { transformation: [-3.7856095216096755f,-1.4862654161438524f,-0.0678961552513007f,0.1328214332251808f,-1.487811916652955f,3.7820604873830685f,0.16391581884068057f,1.8043406945339364f,0.003236632297197486f,0.17739167899169417f,-4.063613655560883f,-1.0388429796643583f,0f,0f,0f,1f], start_interpolation: 0, interpolation_duration: 1 }
$data merge entity $(bone_right_fingers2) { transformation: [-0.9138150919262668f,-0.3982753840930147f,-0.07949022703043412f,1.6270148128347066f,-0.4035764195919047f,0.9124211257154675f,0.06792468547956376f,0.15020149161736773f,0.04547583223171628f,0.09415098392306076f,-0.9945187483949975f,-4.178315789937274f,0f,0f,0f,1f], start_interpolation: 0, interpolation_duration: 1 }
$data merge entity $(bone_left_foot) { transformation: [-0.9246497048711184f,-0.26687790079891477f,0.2716599148695257f,1.3167034832010533f,-0.3808135941383132f,0.6442725991978482f,-0.6632449204044526f,0.9134263877056521f,0.0019823726222281046f,-0.7167210084740179f,-0.6973572013041619f,-4.737803716810957f,0f,0f,0f,1f], start_interpolation: 0, interpolation_duration: 1 }
$data merge entity $(bone_left_knee) { transformation: [-1.4643621473237667f,-0.5480021097979658f,0.26001364901930224f,1.2059744130982855f,-0.6065586616472923f,1.322994125683319f,-0.6277284778645168f,1.2227053805026014f,-1.7933264165125956e-16f,-0.6794484083419698f,-1.4319985226722796f,-2.6861532844058313f,0f,0f,0f,1f], start_interpolation: 0, interpolation_duration: 1 }
$data merge entity $(bone_left_thigh) { transformation: [-1.4815824919101666f,-0.5186929636173108f,0.3279861928043053f,0.7874960824286108f,-0.6136915619237173f,1.2522355874724065f,-0.7918287149392703f,2.1537143016447664f,-1.8144152563905446e-16f,-0.8570692250178157f,-1.3554100328086964f,-4.529039937578231f,0f,0f,0f,1f], start_interpolation: 0, interpolation_duration: 1 }
$data merge entity $(bone_left_leg) { transformation: [-0.9238795325112867f,-0.3320579507894331f,0.19022125728805556f,0.550099573458312f,-0.3826834323650897f,0.8016588082896674f,-0.45923473919648544f,2.1707800410391513f,-1.1314261122877003e-16f,-0.49707209980958766f,-0.8677092413884315f,-4.931638125f,0f,0f,0f,1f], start_interpolation: 0, interpolation_duration: 1 }
$data merge entity $(bone_left_fingers2) { transformation: [-0.9229500720103734f,-0.3836946398639678f,0.03068530455619559f,0.319117077255903f,-0.3848868578777253f,0.9188931002561096f,-0.0865885496744628f,-0.6006103232381624f,0.0050270477477408f,-0.09172727861097445f,-0.9957714773729797f,-5.7596251630601705f,0f,0f,0f,1f], start_interpolation: 0, interpolation_duration: 1 }
$data merge entity $(bone_right_foot) { transformation: [-0.923794930969292f,-0.38278320882324707f,-0.008940948407151789f,-0.056969282587516185f,-0.38288254632154534f,0.9236509556818013f,0.016427653223296167f,0.2953062201879195f,0.001970085726718561f,0.018599115868062177f,-0.9998250805271669f,-5.541165325148077f,0f,0f,0f,1f], start_interpolation: 0, interpolation_duration: 1 }
$data merge entity $(bone_right_knee) { transformation: [-1.4643621473237667f,-0.6054530218931076f,-0.03660667015529704f,0.18522989021266556f,-0.6065586616472923f,1.461692896834115f,0.08837631956223702f,-0.3313696775877113f,-1.7933264165125956e-16f,0.09565783898471336f,-1.5821249907560408f,-3.579809446676686f,0f,0f,0f,1f], start_interpolation: 0, interpolation_duration: 1 }
$data merge entity $(bone_right_thigh) { transformation: [-1.4815824919101666f,-0.6134921557580975f,0.01564314545269051f,-0.4744176597265344f,-0.6136915619237173f,1.4811010828407065f,-0.03776589391005998f,1.3404475241815064f,-1.8144152563905446e-16f,-0.040877509005319015f,-1.6031322599113995f,-4.624744157340849f,0f,0f,0f,1f], start_interpolation: 0, interpolation_duration: 1 }
$data merge entity $(bone_right_leg) { transformation: [-0.9238795325112867f,-0.38262046966862784f,-0.006941584637879376f,-0.38597502051700683f,-0.3826834323650897f,0.9237275271155649f,0.016758467777129415f,1.6829882373315317f,-1.1314261122877003e-16f,0.018139234810816245f,-0.9998354705452683f,-4.931638125f,0f,0f,0f,1f], start_interpolation: 0, interpolation_duration: 1 }