execute if entity @s[tag=aj.attack.bone.right_thumb_2] run data modify entity @s {} merge value {transformation:[-0.30808820153055017f,0.9472768462663719f,-0.08802406832967087f,-5.08611601297575f,0.38441128877591585f,0.03931886605977189f,-0.922324231403151f,-0.11956275597312528f,-0.870235382605942f,-0.3179946592309519f,-0.37625759203141707f,-1.6460582591694788f,0f,0f,0f,1f],start_interpolation:0}
execute if entity @s[tag=aj.attack.bone.right_thumb] run data modify entity @s {} merge value {transformation:[-0.5786805618600049f,0.8000329768270876f,-0.1583541704994754f,-4.942203068136215f,0.3547962130131245f,0.07212533445209876f,-0.9321574884973668f,-0.04653006688511009f,-0.734335382885051f,-0.595604879193716f,-0.32558619952894885f,-1.925146203235165f,0f,0f,0f,1f],start_interpolation:0}
execute if entity @s[tag=aj.attack.bone.right_fingers2] run data modify entity @s {} merge value {transformation:[-0.49076183659384615f,-0.8704338212888694f,-0.03870119506541084f,-5.6370554038064355f,-0.3118824132508347f,0.21697131759344937f,-0.9250150310381977f,-0.3840027210893334f,0.8135614175020041f,-0.4418918533965279f,-0.3779542430690665f,-1.4748466058402716f,0f,0f,0f,1f],start_interpolation:0}
execute if entity @s[tag=aj.attack.bone.right_fingers] run data modify entity @s {} merge value {transformation:[-0.997802581614696f,-0.053779416355667686f,-0.03870119506541084f,-5.616267984138629f,0.01541745475513033f,0.3796175634006881f,-0.9250150310381977f,-0.21305724860070804f,0.06443842186088022f,-0.9235790599262026f,-0.3779542430690665f,-1.9168488656028324f,0f,0f,0f,1f],start_interpolation:0}
execute if entity @s[tag=aj.attack.locator_origin.right_hand] at @s on origin run tp @s ^-5.57038 ^-0.29177 ^-1.74532 ~-5.84651 ~-67.67062
execute if entity @s[tag=aj.attack.bone.right_hand] run data modify entity @s {} merge value {transformation:[-0.39180470267417467f,0.9192340792545227f,-0.03870119506541084f,-4.993762841230142f,0.36199690313342003f,0.11534918497854796f,-0.9250150310381977f,-0.13615980986667112f,-0.8458411890445006f,-0.37643495196630483f,-0.3779542430690665f,-2.2461823283826114f,0f,0f,0f,1f],start_interpolation:0}
execute if entity @s[tag=aj.attack.bone.right_forearm] run data modify entity @s {} merge value {transformation:[-0.5897950465725966f,1.3837498704958116f,-0.05825803771681902f,-2.981111356244445f,0.5449244965297454f,0.17363849249943683f,-1.3924521058268713f,0.10369320763676027f,-1.2732694122367008f,-0.5666585125476445f,-0.5689455457572888f,-3.0249000423569967f,0f,0f,0f,1f],start_interpolation:0}
execute if entity @s[tag=aj.attack.bone.right_bicep] run data modify entity @s {} merge value {transformation:[-0.12027450089754538f,0.8226142544062586f,1.3422905761890476f,-1.7445151973508184f,1.3676133708205194f,-0.6122094917674483f,0.49773222136729567f,-0.6415573327829684f,0.7797896321644875f,1.200587141644421f,-0.6658999946923683f,-1.230798780708157f,0f,0f,0f,1f],start_interpolation:0}
execute if entity @s[tag=aj.attack.bone.right_shoulder] run data modify entity @s {} merge value {transformation:[-0.07617645749610194f,0.5210068578030975f,0.8501464588207653f,-1.5948570827860944f,0.8661847776209409f,-0.38774594764737014f,0.31524119512018695f,-1.005427334728257f,0.4938836688341755f,0.7603978788799883f,-0.4217510965649157f,-1.2011023508674648f,0f,0f,0f,1f],start_interpolation:0}
execute if entity @s[tag=aj.attack.bone.right_arm] run data modify entity @s {} merge value {transformation:[-1.388475013053844f,-4.6362613631583326e-17f,0.4600905125371433f,-1.2416025850099863f,0.11908018711559275f,1.4128778172222634f,0.35936377702730593f,-0.8612242761759743f,-0.44441330849020105f,0.3785794701285528f,-1.3411638742657592f,-1.0501743482585293f,0f,0f,0f,1f],start_interpolation:0}
execute if entity @s[tag=aj.attack.bone.left_thumb_2] run data modify entity @s {} merge value {transformation:[-0.8291861346766407f,0.5303792541413546f,0.17648852890902567f,1.303605136223432f,-0.24010025622531284f,-0.05282205800891979f,-0.969309907691158f,-3.194683344238157f,-0.5047793785611204f,-0.8461132766740883f,0.17114351292201108f,2.394728613979021f,0f,0f,0f,1f],start_interpolation:0}
execute if entity @s[tag=aj.attack.bone.left_thumb] run data modify entity @s {} merge value {transformation:[-0.8291861346766407f,0.5560062571390261f,0.057509965069218946f,1.5853406950069433f,-0.24010025622531284f,-0.2613670265290183f,-0.9349006066978021f,-3.2341655529056155f,-0.5047793785611204f,-0.789014777723225f,0.35021915926148106f,2.2430677422740657f,0f,0f,0f,1f],start_interpolation:0}
execute if entity @s[tag=aj.attack.bone.left_fingers2] run data modify entity @s {} merge value {transformation:[0.7338645876915647f,0.6617982307312796f,0.15318573279923065f,0.9679800199491793f,-0.029671133440448652f,0.25652043242430844f,-0.9660832736308008f,-3.341306851161f,-0.6786474716468399f,0.7044291089597261f,0.2078875649902077f,3.0123762925861968f,0f,0f,0f,1f],start_interpolation:0}
execute if entity @s[tag=aj.attack.bone.left_fingers] run data modify entity @s {} merge value {transformation:[-0.07829138184747775f,0.9850911586219697f,0.15318573279923065f,1.4305402322138092f,-0.22157398351029312f,0.13262005218735004f,-0.9660832736308008f,-3.2968823295673464f,-0.9719955912244627f,-0.10957796750555909f,0.2078875649902077f,2.917061126285704f,0f,0f,0f,1f],start_interpolation:0}
execute if entity @s[tag=aj.attack.bone.left_hand] run data modify entity @s {} merge value {transformation:[-0.8291861346766407f,0.5375727721218536f,0.15318573279923065f,1.8658718187384147f,-0.24010025622531284f,-0.09505248745474379f,-0.9660832736308008f,-3.377152716044486f,-0.5047793785611204f,-0.8378427891328367f,0.2078875649902077f,2.363952209736105f,0f,0f,0f,1f],start_interpolation:0}
execute if entity @s[tag=aj.attack.bone.left_forearm] run data modify entity @s {} merge value {transformation:[-1.2481980731243423f,0.80922397308088f,0.2305949514998886f,2.996343880979429f,-0.36142991862010343f,-0.1430852817298433f,-1.454273329225259f,-3.5885876047773513f,-0.7598591212799295f,-1.261229187563009f,0.31293921496707194f,0.5222071262901928f,0f,0f,0f,1f],start_interpolation:0}
execute if entity @s[tag=aj.attack.bone.left_bicep] run data modify entity @s {} merge value {transformation:[-1.2152626583688293f,-0.5034482243434313f,0.8732586756650151f,2.082767945591431f,-0.5580671901429547f,1.4751329818044832f,0.07380958828638447f,-1.4353674014062394f,-0.8394056471722819f,-0.25184663873576796f,-1.3133451900004136f,0.0610416171127619f,0f,0f,0f,1f],start_interpolation:0}
execute if entity @s[tag=aj.attack.bone.left_shoulder] run data modify entity @s {} merge value {transformation:[-0.7696926908945693f,-0.31886145423171797f,0.5530827556421472f,1.8137462890810925f,-0.35345464976077423f,0.9342828617118847f,0.04674767239060976f,-1.2977603789016956f,-0.5316417705052581f,-0.15950832992883282f,-0.8318137535153823f,-0.11010057728091491f,0f,0f,0f,1f],start_interpolation:0}
execute if entity @s[tag=aj.attack.bone.left_arm] run data modify entity @s {} merge value {transformation:[-1.388475013053844f,-4.6362613631583326e-17f,0.4600905125371433f,1.4656231958206527f,0.11908018711559275f,1.4128778172222634f,0.35936377702730593f,-1.1537752337864209f,-0.44441330849020105f,0.3785794701285528f,-1.3411638742657592f,-0.19984076722568114f,0f,0f,0f,1f],start_interpolation:0}
execute if entity @s[tag=aj.attack.bone.chest] run data modify entity @s {} merge value {transformation:[-1.9606238971476633f,-6.546725534540193e-17f,0.6496800052218573f,0.024703100392692717f,0.16814955857372174f,1.995082364574302f,0.5074468048649411f,-0.26629662193428905f,-0.6275426958674087f,0.5345807084212589f,-1.89381725789445f,-0.15362995407583457f,0f,0f,0f,1f],start_interpolation:0}
execute if entity @s[tag=aj.attack.bone.weist] run data modify entity @s {} merge value {transformation:[-2.0520384512190764f,-6.622200769909015e-17f,0.3926846776947032f,-0.012956053242685598f,0.10163427330733414f,2.018083070843716f,0.5311066324581769f,-3.8207692276385927f,-0.37930427177331266f,0.5407437290914938f,-1.9821169365707263f,-0.9023117647071082f,0f,0f,0f,1f],start_interpolation:0}
execute if entity @s[tag=aj.attack.bone.right_foot] run data modify entity @s {} merge value {transformation:[-0.41879158137520556f,-0.4337246932632603f,0.9590503919101152f,-0.7925686126299318f,0.26828469455665943f,0.9540972173646686f,0.5486373801370414f,-10.809861319454445f,-1.0178006123184908f,0.42995644275983047f,-0.2500010465846456f,-3.3235634239764478f,0f,0f,0f,1f],start_interpolation:0}
execute if entity @s[tag=aj.attack.bone.right_knee] run data modify entity @s {} merge value {transformation:[-1.1535591841353299f,-1.5412062605815935f,2.45571736794341f,-2.857843394187473f,0.7389887646559531f,2.399363462540496f,1.8529743388713524f,-7.8101623355254866f,-2.8035263748691714f,1.2666102625304911f,-0.5220168852088407f,-1.7211864114439825f,0f,0f,0f,1f],start_interpolation:0}
execute if entity @s[tag=aj.attack.bone.right_thigh] run data modify entity @s {} merge value {transformation:[-0.8808688659435793f,1.5067142146428965f,1.6221185790344541f,-0.6493711537578977f,0.5642989141952595f,1.8409380681803478f,-1.4035313080251914f,-5.442261678093213f,-2.1407996507132023f,-0.13470587426646743f,-1.0374090567316168f,-1.9175981006452056f,0f,0f,0f,1f],start_interpolation:0}
execute if entity @s[tag=aj.attack.bone.right_leg] run data modify entity @s {} merge value {transformation:[-1.1166317004642567f,-3.6035188824684296e-17f,0.21368223345912454f,-0.6234449999999998f,0.05530503161926449f,1.0981546324025329f,0.2890055504453629f,-5.435148994043793f,-0.20640118791729847f,0.2942496469167551f,-1.0785833979315047f,-1.907920780409988f,0f,0f,0f,1f],start_interpolation:0}
execute if entity @s[tag=aj.attack.bone.left_foot] run data modify entity @s {} merge value {transformation:[-1.066232219831216f,-0.08277759902863498f,-0.37360122442632926f,2.2536707467512365f,-0.15908475478327153f,1.1017782761869577f,0.2098995553069205f,-10.644672699021381f,0.34802592804178306f,0.2500273017523308f,-1.048639811464883f,0.06474159773868104f,0f,0f,0f,1f],start_interpolation:0}
execute if entity @s[tag=aj.attack.bone.left_knee] run data modify entity @s {} merge value {transformation:[-2.9369309802465833f,-0.2280104563864259f,-1.02908258620194f,2.032260872659358f,-0.43819811117870916f,3.034842403476032f,0.5781672090330017f,-6.792506171080147f,0.9586355682974795f,0.688698873253073f,-2.8884727849423637f,1.0358011821505926f,0f,0f,0f,1f],start_interpolation:0}
execute if entity @s[tag=aj.attack.bone.left_thigh] run data modify entity @s {} merge value {transformation:[-2.242668687921323f,-0.8047216004838081f,-0.0157057306889299f,0.8631695213827979f,-0.33461228393057024f,0.9744581515377305f,-2.148453466656628f,-5.654864818115353f,0.7320233218309801f,-2.0199605997793357f,-1.030188040931892f,-1.7681029310932752f,0f,0f,0f,1f],start_interpolation:0}
execute if entity @s[tag=aj.attack.bone.left_leg] run data modify entity @s {} merge value {transformation:[-1.1196213690145589f,-3.6035188824684296e-17f,0.19741945553501533f,0.8109450000000001f,0.05109591496623219f,1.0981546324025329f,0.28977933360472513f,-5.521422009077966f,-0.19069255071319768f,0.2942496469167551f,-1.0814711959962857f,-1.5859455049802986f,0f,0f,0f,1f],start_interpolation:0}