execute if entity @s[tag=aj.attack.bone.right_thumb_2] run data modify entity @s {} merge value {transformation:[-0.21376724805839062f,0.9763599212891021f,-0.03201355584561609f,-4.314526711092231f,0.2777152112573366f,0.029319608170704586f,-0.9602159246820524f,4.100129187566917f,-0.936577719729567f,-0.2141533671858892f,-0.27741757375680154f,-2.6513187396504474f,0f,0f,0f,1f],start_interpolation:0}
execute if entity @s[tag=aj.attack.bone.right_thumb] run data modify entity @s {} merge value {transformation:[-0.49747052167812145f,0.8608010167813901f,-0.10744621710149775f,-4.141211225728253f,0.25604519185806895f,0.02736064433166438f,-0.9662775247661102f,4.145757724095841f,-0.8288328780807758f,-0.5082056716034177f,-0.2340150755025346f,-2.9193011440689136f,0f,0f,0f,1f],start_interpolation:0}
execute if entity @s[tag=aj.attack.bone.right_fingers2] run data modify entity @s {} merge value {transformation:[-0.5746021713875104f,-0.8182516665234336f,0.017220768518890178f,-4.877392628124287f,-0.23326264292012427f,0.14356342594907462f,-0.9617578084672268f,3.8415505475307263f,0.784487657044186f,-0.5566450870719937f,-0.2733594025892208f,-2.513133414394957f,0f,0f,0f,1f],start_interpolation:0}
execute if entity @s[tag=aj.attack.bone.right_fingers] run data modify entity @s {} merge value {transformation:[-0.9988399777097459f,0.04496825614155914f,0.017220768518890178f,-4.809493610744717f,-0.004251761305886573f,0.27386829020190456f,-0.9617578084672268f,3.963200179899418f,-0.04796479390752989f,-0.9607153665688253f,-0.2733594025892208f,-2.9665775227473166f,0f,0f,0f,1f],start_interpolation:0}
execute if entity @s[tag=aj.attack.locator_origin.consume] at @s on origin run tp @s ^-4.78206 ^3.90514 ^-2.78327 ~3.60469 ~-74.10345
execute if entity @s[tag=aj.attack.bone.right_hand] run data modify entity @s {} merge value {transformation:[-0.29936705386986145f,0.9539826058104508f,0.017220768518890178f,-4.155075232014503f,0.25589782335875755f,0.09766382059169595f,-0.9617578084672268f,4.019922268986149f,-0.9191820663271936f,-0.2835118444766194f,-0.2733594025892208f,-3.2319180377985335f,0f,0f,0f,1f],start_interpolation:0}
execute if entity @s[tag=aj.attack.bone.right_forearm] run data modify entity @s {} merge value {transformation:[-0.45064595772937355f,1.4360578410191407f,0.025922925123900514f,-2.071273516761723f,0.3852104571884523f,0.1470161976647805f,-1.4477620803551299f,4.226151542286717f,-1.3836715739192587f,-0.426778648586119f,-0.4114958817001295f,-3.8063191575934177f,0f,0f,0f,1f],start_interpolation:0}
execute if entity @s[tag=aj.attack.bone.right_bicep] run data modify entity @s {} merge value {transformation:[-0.2486610561101725f,0.5080771446210461f,1.474085971825369f,-1.299283575427789f,1.411743794440201f,-0.5602705450675465f,0.4312546037246931f,3.558055639536981f,0.6618544372278556f,1.385950464298015f,-0.3660521444799358f,-1.7420887536790264f,0f,0f,0f,1f],start_interpolation:0}
execute if entity @s[tag=aj.attack.bone.right_shoulder] run data modify entity @s {} merge value {transformation:[-0.15749072521903898f,0.32179320407186857f,0.9336197326980304f,-1.2307523674558434f,0.8941350024322106f,-0.35485015563699457f,0.2731372630564191f,3.1763455761349584f,0.4191888224840114f,0.8777986676098122f,-0.2318409589501101f,-1.6462349141756174f,0f,0f,0f,1f],start_interpolation:0}
execute if entity @s[tag=aj.attack.bone.right_arm] run data modify entity @s {} merge value {transformation:[-1.1732806338526667f,-4.636261363158332e-17f,0.8734750688072601f,-0.929544525809729f,0.22607198322955363f,1.4128778172222631f,0.30366737329102744f,3.293214996809528f,-0.8437121275805535f,0.37857947012855275f,-1.133302065723099f,-1.3932963862513688f,0f,0f,0f,1f],start_interpolation:0}
execute if entity @s[tag=aj.attack.bone.left_thumb_2] run data modify entity @s {} merge value {transformation:[-0.6456110328205517f,0.7636660455477813f,0.0007517830770519818f,0.0670946538868159f,-0.174561777514691f,-0.14661778170352333f,-0.9736690464009059f,0.9139687104191518f,-0.7434477655701792f,-0.6287427112625261f,0.22796495981390552f,2.719241767022767f,0f,0f,0f,1f],start_interpolation:0}
execute if entity @s[tag=aj.attack.bone.left_thumb] run data modify entity @s {} merge value {transformation:[-0.6456110328205517f,0.7457268266803303f,-0.16455362125965328f,0.37611825724194936f,-0.174561777514691f,-0.3538829073564247f,-0.9188553061891059f,0.8382968675561665f,-0.7434477655701792f,-0.5644983506178286f,0.3586461097216293f,2.6671555437218433f,0f,0f,0f,1f],start_interpolation:0}
execute if entity @s[tag=aj.attack.bone.left_fingers2] run data modify entity @s {} merge value {transformation:[0.9040707876639827f,0.4261406866339362f,-0.032559577512358884f,-0.46299310347715833f,-0.13733088497511903f,0.21751734999593858f,-0.9663469514013562f,0.8316237277953425f,-0.40471748037930944f,0.8781174851043007f,0.25517335956075377f,3.1965860868536513f,0f,0f,0f,1f],start_interpolation:0}
execute if entity @s[tag=aj.attack.bone.left_fingers] run data modify entity @s {} merge value {transformation:[0.21228328744833191f,0.9766655926069812f,-0.032559577512358884f,0.007618389997102626f,-0.25616986197506125f,0.0234642564975555f,-0.9663469514013562f,0.8229128143311258f,-0.9430338316761531f,0.21348009013646047f,0.25517335956075377f,3.255487794915134f,0f,0f,0f,1f],start_interpolation:0}
execute if entity @s[tag=aj.attack.bone.left_hand] run data modify entity @s {} merge value {transformation:[-0.6456110328205517f,0.7629719970042135f,-0.032559577512358884f,0.5849658546914096f,-0.174561777514691f,-0.18894908136378047f,-0.9663469514013562f,0.6723348302069678f,-0.7434477655701792f,-0.6182005956315363f,0.25517335956075377f,2.873542020693123f,0f,0f,0f,1f],start_interpolation:0}
execute if entity @s[tag=aj.attack.bone.left_forearm] run data modify entity @s {} merge value {transformation:[-0.9718571180265673f,1.1485240004403554f,-0.049012881683697954f,2.21367418063473f,-0.26277293507804195f,-0.2844305631917719f,-1.4546702510638776f,0.25988380314827264f,-1.1191336054059535f,-0.9305953874548577f,0.38411990070312324f,1.4980820658564649f,0f,0f,0f,1f],start_interpolation:0}
execute if entity @s[tag=aj.attack.bone.left_bicep] run data modify entity @s {} merge value {transformation:[-0.9439774666473738f,-0.17266771098744382f,1.2537928704889048f,1.8251077798311544f,-0.46788646603845624f,1.5009318578198916f,-0.1455677544094772f,2.4655546111301816f,-1.1759646913936215f,-0.45857777727243815f,-0.9485344615942108f,0.6809625520988655f,0f,0f,0f,1f],start_interpolation:0}
execute if entity @s[tag=aj.attack.bone.left_shoulder] run data modify entity @s {} merge value {transformation:[-0.5978728560810782f,-0.10935995949955063f,0.7940959937058688f,1.6495647337504877f,-0.29633823651067176f,0.950622709040863f,-0.0921960662802705f,2.6213555928250636f,-0.7448031267007408f,-0.29044253186141233f,-0.6007590516527679f,0.42501590122871336f,0f,0f,0f,1f],start_interpolation:0}
execute if entity @s[tag=aj.attack.bone.left_arm] run data modify entity @s {} merge value {transformation:[-1.1732806338526667f,-4.636261363158332e-17f,0.8734750688072601f,1.3580987880797646f,0.22607198322955363f,1.4128778172222631f,0.30366737329102744f,2.7920531920077987f,-0.8437121275805535f,0.37857947012855275f,-1.133302065723099f,0.23558347550933545f,0f,0f,0f,1f],start_interpolation:0}
execute if entity @s[tag=aj.attack.bone.chest] run data modify entity @s {} merge value {transformation:[-1.6567543723618234f,-6.546725534540192e-17f,1.2334079312666768f,0.04852568695667442f,0.31922946299231675f,1.9950823645743017f,0.42879958462411316f,3.794406229004104f,-1.191380575160255f,0.5345807084212588f,-1.600301836081621f,-0.14692290246914252f,0f,0f,0f,1f],start_interpolation:0}
execute if entity @s[tag=aj.attack.bone.weist] run data modify entity @s {} merge value {transformation:[-1.941660999766454f,-6.622200769909015e-17f,0.7713725580831302f,-0.025450302749631507f,0.19964590890136444f,2.018083070843716f,0.5025388458723593f,0.24267332445232248f,-0.7450886755431599f,0.5407437290914938f,-1.8755005055726708f,-0.9058294169991842f,0f,0f,0f,1f],start_interpolation:0}
execute if entity @s[tag=aj.attack.bone.right_foot] run data modify entity @s {} merge value {transformation:[-0.16554516957682314f,-0.25015185395438727f,1.0923827164473832f,-1.4815779062038168f,0.22031639315472787f,1.0754228844526643f,0.2796559652551741f,-6.9021017150736705f,-1.0987887131460135f,0.2533196043710293f,-0.10850665557574336f,-3.1223820414756807f,0f,0f,0f,1f],start_interpolation:0}
execute if entity @s[tag=aj.attack.bone.right_knee] run data modify entity @s {} merge value {transformation:[-0.45599328937678363f,-1.1457076892755607f,2.8663543624185706f,-3.049859202073439f,0.6068603334972703f,2.807642083704581f,1.2187820911124179f,-3.360685029921278f,-3.0266076679755995f,0.7355699427815361f,-0.18747320770031448f,-2.211323510444777f,0f,0f,0f,1f],start_interpolation:0}
execute if entity @s[tag=aj.attack.bone.right_thigh] run data modify entity @s {} merge value {transformation:[-0.34820085281735125f,1.7575520566935734f,1.570717448223551f,-0.5224981993453138f,0.46340437587047145f,1.607818714290307f,-1.6963377418563812f,-1.3300065355820463f,-2.311146667471758f,0.05758574506332101f,-0.5767766738037646f,-2.1032868204347097f,0f,0f,0f,1f],start_interpolation:0}
execute if entity @s[tag=aj.attack.bone.right_leg] run data modify entity @s {} merge value {transformation:[-1.0565690046433132f,-3.6035188824684315e-17f,0.41974800750547575f,-0.49844499999999975f,0.10863877848625292f,1.0981546324025333f,0.2734601808667031f,-1.3241204230870698f,-0.40544544098291674f,0.2942496469167552f,-1.0205672888415107f,-2.0890318728391883f,0f,0f,0f,1f],start_interpolation:0}
execute if entity @s[tag=aj.attack.bone.left_foot] run data modify entity @s {} merge value {transformation:[-1.0645513774132702f,-0.12529253781243072f,-0.36648778590292763f,2.4175894407045027f,-0.19557832935111502f,1.0991051772647613f,0.1923488466251481f,-6.594714473392145f,0.33430619847040854f,0.24403020648747276f,-1.0544997754319085f,0.21563357584385068f,0f,0f,0f,1f],start_interpolation:0}
execute if entity @s[tag=aj.attack.bone.left_knee] run data modify entity @s {} merge value {transformation:[-2.9323011087435833f,-0.3451176292096056f,-1.009488657612195f,2.0461629989848475f,-0.5387194682853297f,3.027479366708014f,0.5298238752881822f,-2.749092533045709f,0.9208446461424976f,0.672179906233262f,-2.904614024531438f,1.1666332068280254f,0f,0f,0f,1f],start_interpolation:0}
execute if entity @s[tag=aj.attack.bone.left_thigh] run data modify entity @s {} merge value {transformation:[-2.239133273599804f,-0.8125204769043671f,0.058983266387774576f,0.8726813878050261f,-0.41137135711500306f,0.978803966321247f,-2.133096990317974f,-1.6068465741267521f,0.703165810920889f,-2.014730661445678f,-1.060096491941688f,-1.6335624630184968f,0f,0f,0f,1f],start_interpolation:0}
execute if entity @s[tag=aj.attack.bone.left_leg] run data modify entity @s {} merge value {transformation:[-1.0683302759540276f,-3.6035188824684315e-17f,0.3888404208126641f,0.8109450000000001f,0.10063930641199603f,1.0981546324025333f,0.2765042218765339f,-1.4804902628365093f,-0.3755910047680617f,0.2942496469167552f,-1.0319278045505225f,-1.505451686122876f,0f,0f,0f,1f],start_interpolation:0}