# This file was generated by Animated Java via MC-Build. It is not recommended to edit this file directly.
$data merge entity $(bone_neck) { transformation: [-1.2033625000000001f,-1.4833745515840398e-17f,1.4662094341429076e-16f,1.1102230246251565e-16f,0f,1.1972508605450483f,0.12112672426178901f,3.8064588886621125f,-1.473694033838957e-16f,0.12112672426178901f,-1.1972508605450483f,-0.6099427363730096f,0f,0f,0f,1f], start_interpolation: 0, interpolation_duration: 1 }
$data merge entity $(bone_right_thumb_2) { transformation: [-0.7223593558621134f,0.68271001080552f,-0.11001819006145898f,-4.833003821688298f,0.6403282837489229f,0.7204396013746427f,0.2663577853232463f,-0.041406056538157376f,0.2611065874880052f,0.12195827941174231f,-0.9575748159038521f,-3.934707112878127f,0f,0f,0f,1f], start_interpolation: 0, interpolation_duration: 1 }
$data merge entity $(bone_right_thumb) { transformation: [-0.7223593558621134f,0.68271001080552f,-0.11001819006145898f,-4.776735167920519f,0.6403282837489229f,0.7204396013746427f,0.2663577853232463f,0.30800361895382805f,0.2611065874880052f,0.12195827941174231f,-0.9575748159038521f,-3.7998965897254426f,0f,0f,0f,1f], start_interpolation: 0, interpolation_duration: 1 }
$data merge entity $(bone_right_fingers_2) { transformation: [0.7512966345004372f,-0.6470107083258096f,0.13011729439259823f,-5.039982016195483f,-0.6141625808586605f,-0.6132651372635431f,0.4966993010767745f,-0.2138668680166947f,-0.24157336620858108f,-0.4530816865962043f,-0.8581138001511184f,-4.395560648147246f,0f,0f,0f,1f], start_interpolation: 0, interpolation_duration: 1 }
$data merge entity $(bone_right_fingers) { transformation: [-0.739539330952535f,-0.6604173435595302f,0.13011729439259823f,-5.364521899259392f,-0.5278542659161242f,0.6889554980287137f,0.4966993010767745f,0.06920333142429913f,-0.4176738583254f,0.2986456998883126f,-0.8581138001511184f,-4.290761006543298f,0f,0f,0f,1f], start_interpolation: 0, interpolation_duration: 1 }
$data merge entity $(bone_right_hand) { transformation: [-0.7788037772940811f,0.6136237985707701f,0.13011729439259823f,-4.853362461143041f,0.586827784589014f,0.6394708402610655f,0.4966993010767745f,0.5517944790645171f,0.22158029629644593f,0.46318773546304703f,-0.8581138001511184f,-3.9238877622553803f,0f,0f,0f,1f], start_interpolation: 0, interpolation_duration: 1 }
$data merge entity $(bone_right_forearm) { transformation: [-1.5544421606640482f,0.9242365636320364f,0.23732868606478413f,-3.413350643696674f,0.9089514674248199f,1.2960992500698274f,0.9059594502339515f,2.4538876289827516f,0.29042272750227105f,0.8903606404416035f,-1.5651648893762171f,-2.69096704761301f,0f,0f,0f,1f], start_interpolation: 0, interpolation_duration: 1 }
$data merge entity $(bone_right_bicep) { transformation: [-1.3290938127527174f,0.7174845007317175f,0.4783933360695035f,-2.2959414389554555f,0.8034519329066919f,0.711053646611853f,1.1657625225713826f,3.5460195287930625f,0.3132238565218992f,1.2205544882278916f,-0.9603499949788121f,-0.7748890112975437f,0f,0f,0f,1f], start_interpolation: 0, interpolation_duration: 1 }
$data merge entity $(bone_right_shoulder) { transformation: [-0.886653811079606f,0.3829821669132713f,0.30591282711136125f,-1.827643125f,0.47219053771803166f,0.49773766850206125f,0.7454571001141032f,3.4315757356772125f,0.13150701142679205f,0.794981038671607f,-0.6141042523587068f,-0.6465463019090193f,0f,0f,0f,1f], start_interpolation: 0, interpolation_duration: 1 }
$data merge entity $(bone_right_arm) { transformation: [-1.3293824999999997f,-3.7389041779615274e-17f,1.5845088123666414e-16f,-1.74976375f,0f,1.2938496336003475f,0.3053046952447594f,3.5843922158602775f,-1.628024023467506e-16f,0.3053046952447594f,-1.2938496336003475f,-0.6045165863319407f,0f,0f,0f,1f], start_interpolation: 0, interpolation_duration: 1 }
$data merge entity $(bone_left_thumb_2) { transformation: [-0.7668164060398377f,-0.6148462580056179f,0.18427337964186685f,4.648065018813125f,-0.5449511134760382f,0.7753202523275206f,0.31922842957984743f,-0.09714674226198253f,-0.3391472885773564f,0.14436961365633194f,-0.9295894423364267f,-4.041429650278872f,0f,0f,0f,1f], start_interpolation: 0, interpolation_duration: 1 }
$data merge entity $(bone_left_thumb) { transformation: [-0.7668164060398377f,-0.6148462580056179f,0.18427337964186685f,4.619172340957306f,-0.5449511134760382f,0.7753202523275206f,0.31922842957984743f,0.24603670733380448f,-0.3391472885773564f,0.14436961365633194f,-0.9295894423364267f,-3.883893962364009f,0f,0f,0f,1f], start_interpolation: 0, interpolation_duration: 1 }
$data merge entity $(bone_left_fingers_2) { transformation: [0.7940375080853612f,0.6067337457188774f,-0.03712947022959001f,4.860644126685067f,0.5174154573531066f,-0.6425610876581803f,0.5651517434456088f,-0.25740924030745366f,0.3190386814254109f,-0.4679630438757706f,-0.8241510233694178f,-4.504133378472119f,0f,0f,0f,1f], start_interpolation: 0, interpolation_duration: 1 }
$data merge entity $(bone_left_fingers) { transformation: [-0.7051857468253455f,0.7080497616092031f,-0.03712947022959001f,5.20535003315324f,0.5695276190333722f,0.5968599484289143f,0.5651517434456088f,-0.016294333547199003f,0.4223166509061149f,0.3773906954955089f,-0.8241510233694178f,-4.364565193791784f,0f,0f,0f,1f], start_interpolation: 0, interpolation_duration: 1 }
$data merge entity $(bone_left_hand) { transformation: [-0.8197471146041037f,-0.5715208399863616f,-0.03712947022959001f,4.725368253258108f,-0.4888948714991305f,0.6645188571457074f,0.5651517434456088f,0.48884147238973985f,-0.2983227660103984f,0.48143391857974277f,-0.8241510233694178f,-3.986108495001013f,0f,0f,0f,1f], start_interpolation: 0, interpolation_duration: 1 }
$data merge entity $(bone_left_forearm) { transformation: [-1.61845862321255f,-0.8383518884373083f,-0.0677226530493504f,3.4156790224305937f,-0.7258906654104696f,1.3180796363298952f,1.0308139384951596f,2.436677849575794f,-0.4248564327539239f,0.9416266484544478f,-1.5032181571886236f,-2.681373487303874f,0f,0f,0f,1f], start_interpolation: 0, interpolation_duration: 1 }
$data merge entity $(bone_left_bicep) { transformation: [-1.3818261874483913f,-0.7169351950172547f,-0.294439925470241f,2.2965965310234067f,-0.6417466118352458f,0.7209046805293744f,1.256420424727459f,3.543495979318907f,-0.43457131723496467f,1.2150863852500027f,-0.9191558096972766f,-0.7747223750727825f,0f,0f,0f,1f], start_interpolation: 0, interpolation_duration: 1 }
$data merge entity $(bone_left_shoulder) { transformation: [-0.8882020885823565f,-0.3824941100625928f,-0.3020070930826051f,1.827643125f,-0.4696031745701648f,0.503834696273341f,0.7429915449933556f,3.4315757356772125f,-0.13031840598473998f,0.7913670660732702f,-0.6190058630279855f,-0.6465463019090189f,0f,0f,0f,1f], start_interpolation: 0, interpolation_duration: 1 }
$data merge entity $(bone_left_arm) { transformation: [-1.3293824999999997f,-3.7389041779615274e-17f,1.5845088123666414e-16f,1.749763125f,0f,1.2938496336003475f,0.3053046952447594f,3.5843922158602775f,-1.628024023467506e-16f,0.3053046952447594f,-1.2938496336003475f,-0.6045165863319403f,0f,0f,0f,1f], start_interpolation: 0, interpolation_duration: 1 }
$data merge entity $(bone_chest) { transformation: [-2.632522916666667f,-7.404002182746101e-17f,3.137739334025736e-16f,-1.0518529229008115e-18f,0f,2.5621586045955063f,0.6045826590900377f,4.294658372986692f,-3.2239107635778877e-16f,0.6045826590900377f,-2.5621586045955063f,-0.34112746114368037f,0f,0f,0f,1f], start_interpolation: 0, interpolation_duration: 1 }
$data merge entity $(bone_weist) { transformation: [-1.9493945833333333f,-2.4030018518214077e-17f,2.3751951128196326e-16f,4.6816093443553586e-17f,0f,1.939493994899865f,0.1962199920413356f,0.36625695456064844f,-2.387319836754355e-16f,0.1962199920413356f,-1.939493994899865f,-0.731998905871923f,0f,0f,0f,1f], start_interpolation: 0, interpolation_duration: 1 }
$data merge entity $(bone_right_cheek) { transformation: [-0.9896750041874152f,0.12119186075367616f,0.07652397646294565f,-1.0357158273482796f,0.13060106898051022f,0.9824575470043625f,0.13311847773813754f,-1.5743454680414797f,-0.059048682185023425f,0.1417381431416137f,-0.9881414635116672f,-1.5928579912950842f,0f,0f,0f,1f], start_interpolation: 0, interpolation_duration: 1 }
$data merge entity $(bone_right_foot) { transformation: [-1.1741922738373949f,0.004573151710971f,0.08271931588546544f,-1.5810115290438216f,0.011296974561261f,1.1731764557424655f,0.09550014101493205f,-8.397395979367658f,-0.08207178140440959f,0.0960571957301386f,-1.1703111264625876f,-3.40710735869716f,0f,0f,0f,1f], start_interpolation: 0, interpolation_duration: 1 }
$data merge entity $(bone_right_knee) { transformation: [-2.87734006175239f,0.25052024540423373f,0.30835444574609017f,-1.3240297499795872f,0.3540068148716083f,2.6399753619983404f,1.1585067766742745f,-5.073665344175383f,-0.18033866083908576f,1.1851997229236773f,-2.6456961792168103f,-2.0308285769686933f,0f,0f,0f,1f], start_interpolation: 0, interpolation_duration: 1 }
$data merge entity $(bone_right_leg) { transformation: [-2.4526167577786553f,0.27429236080027664f,0.19861385452427602f,-0.8928749999999999f,0.30175197504919365f,2.429196429780433f,0.3714339430302101f,-1.6884216064914215f,-0.15371892517283045f,0.39214937114276927f,-2.4397955007940935f,-1.437958132342645f,0f,0f,0f,1f], start_interpolation: 0, interpolation_duration: 1 }
$data merge entity $(bone_left_cheek) { transformation: [-0.9998166144401668f,0.002712409590447969f,0.018957329021153255f,0.8179652442599753f,-0.00074181004146282f,0.9836902067640816f,-0.17986947165736766f,-1.4135744350946315f,-0.019136018584465227f,-0.17985054893063823f,-0.9835078000921411f,-1.3875722257011622f,0f,0f,0f,1f], start_interpolation: 0, interpolation_duration: 1 }
$data merge entity $(bone_left_foot) { transformation: [-1.177073025501573f,-0.008223759330714755f,0.004728350199196675f,1.1253998653064574f,-0.00815357508534149f,1.1769563318614693f,0.01726867050716497f,-8.572146124933397f,-0.004848373589510177f,0.01723535756019619f,-1.176975076456537f,1.3508288497483847f,0f,0f,0f,1f], start_interpolation: 0, interpolation_duration: 1 }
$data merge entity $(bone_left_knee) { transformation: [-2.9018264120455974f,-0.12141085177162558f,0.03989446027566284f,1.0411022874243063f,-0.12333972938160102f,2.8980460147385263f,-0.1518067724057267f,-4.978140837332906f,-0.03345854217791777f,-0.15335380681371774f,-2.9003951152256984f,1.0620586166517496f,0f,0f,0f,1f], start_interpolation: 0, interpolation_duration: 1 }
$data merge entity $(bone_left_leg) { transformation: [-2.4734886852453664f,-0.06828665812460742f,0.08487272367717894f,0.8928750000000001f,-0.10513358890118951f,2.001502561915695f,-1.4535980001598536f,-2.156244535240278f,-0.02851973679691769f,-1.455794336404062f,-2.00246403154862f,-0.9409877826032242f,0f,0f,0f,1f], start_interpolation: 0, interpolation_duration: 1 }
data modify entity @s data merge value {"locators":{"consume":{"posx":5.081483268459791,"posy":-0.2560198814087159,"posz":-4.3286665293591735,"roty":357.4204674218521,"rotx":34.41282930782303}},"cameras":{}}