# This file was generated by Animated Java via MC-Build. It is not recommended to edit this file directly.
$data merge entity $(bone_neck) { transformation: [-1.2033625000000001f,-1.465056977798667e-17f,1.4663935985575535e-16f,1.1102230246251565e-16f,0f,1.1974012422018445f,0.11963098085249534f,3.8054800650852587f,-1.473694033838957e-16f,0.11963098085249534f,-1.1974012422018445f,-0.6089503962918674f,0f,0f,0f,1f], start_interpolation: 0, interpolation_duration: 1 }
$data merge entity $(bone_right_thumb_2) { transformation: [-0.720272205369997f,0.6775994370125238f,-0.14854949724503164f,-4.906281393999302f,0.6501444333003005f,0.7340744063858599f,0.19607901911698394f,-0.2942884379681353f,0.24190941697270066f,0.04465163882276024f,-0.9692708935743247f,-3.566531356658072f,0f,0f,0f,1f], start_interpolation: 0, interpolation_duration: 1 }
$data merge entity $(bone_right_thumb) { transformation: [-0.720272205369997f,0.6775994370125238f,-0.14854949724503164f,-4.849497409143836f,0.6501444333003005f,0.7340744063858599f,0.19607901911698394f,0.06441096790581749f,0.24190941697270066f,0.04465163882276024f,-0.9692708935743247f,-3.4591187169616164f,0f,0f,0f,1f], start_interpolation: 0, interpolation_duration: 1 }
$data merge entity $(bone_right_fingers_2) { transformation: [0.7495768315058855f,-0.6554698910705833f,0.09216179018180293f,-5.1278961586115175f,-0.6223620446208404f,-0.6505075186899681f,0.4353222410389659f,-0.5013200752175044f,-0.22538868446522295f,-0.38366546629549325f,-0.89554494632447f,-4.005841591857588f,0f,0f,0f,1f], start_interpolation: 0, interpolation_duration: 1 }
$data merge entity $(bone_right_fingers) { transformation: [-0.7477016648800152f,-0.657608108805038f,0.09216179018180293f,-5.45190072987218f,-0.5637077888235531f,0.7019459204785458f,0.4353222410389659f,-0.21472238419447565f,-0.35096402829252155f,0.27353884542672957f,-0.89554494632447f,-3.9092981317296336f,0f,0f,0f,1f], start_interpolation: 0, interpolation_duration: 1 }
$data merge entity $(bone_right_hand) { transformation: [-0.7774545955398418f,0.6221499468009833f,0.09216179018180293f,-4.9337056363034915f,0.5933949544166979f,0.6770354307786393f,0.4353222410389659f,0.29793470780874554f,0.20843891178660987f,0.393131618120339f,-0.89554494632447f,-3.5971591957562303f,0f,0f,0f,1f], start_interpolation: 0, interpolation_duration: 1 }
$data merge entity $(bone_right_forearm) { transformation: [-1.554032219082022f,0.9399760752227561f,0.16809938041925535f,-3.473373243300429f,0.9118840730838966f,1.3655928542053235f,0.7940101733811651f,2.297572213182807f,0.28333700948594115f,0.760545656871229f,-1.6334377871542527f,-2.5576568999469984f,0f,0f,0f,1f], start_interpolation: 0, interpolation_duration: 1 }
$data merge entity $(bone_right_bicep) { transformation: [-1.3267082647169328f,0.7519372620169974f,0.42961621268950384f,-2.301579826809644f,0.8105042936405009f,0.8012450385345609f,1.1005561022035948f,3.531264222687844f,0.30506151216697974f,1.1413725500894256f,-1.0556233852943313f,-0.7638858238543723f,0f,0f,0f,1f], start_interpolation: 0, interpolation_duration: 1 }
$data merge entity $(bone_right_shoulder) { transformation: [-0.887054294976135f,0.40506240569675933f,0.2747218664802385f,-1.827643125f,0.47165647875301575f,0.5555849274476449f,0.7037602809978275f,3.4305514781276742f,0.13072039810809175f,0.7440852199519818f,-0.6750276599031426f,-0.6450856157299435f,0f,0f,0f,1f], start_interpolation: 0, interpolation_duration: 1 }
$data merge entity $(bone_right_arm) { transformation: [-1.3293824999999997f,-3.7191070057573335e-17f,1.5849746533571423e-16f,-1.74976375f,0f,1.2942300216361675f,0.3036881334558438f,3.583420344103132f,-1.628024023467506e-16f,0.3036881334558438f,-1.2942300216361675f,-0.603246836799282f,0f,0f,0f,1f], start_interpolation: 0, interpolation_duration: 1 }
$data merge entity $(bone_left_thumb_2) { transformation: [-0.7607583179718943f,-0.60980278721339f,0.22223263113988256f,4.723888889946714f,-0.5601977340803831f,0.7898488096993825f,0.24963444583565111f,-0.3560327672449822f,-0.32775796003724833f,0.06541726471849213f,-0.9424941915518482f,-3.675457642838277f,0f,0f,0f,1f], start_interpolation: 0, interpolation_duration: 1 }
$data merge entity $(bone_left_thumb) { transformation: [-0.7607583179718943f,-0.60980278721339f,0.22223263113988256f,4.693617638400149f,-0.5601977340803831f,0.7898488096993825f,0.24963444583565111f,-0.0021290625152009524f,-0.32775796003724833f,0.06541726471849213f,-0.9424941915518482f,-3.5440689866106805f,0f,0f,0f,1f], start_interpolation: 0, interpolation_duration: 1 }
$data merge entity $(bone_left_fingers_2) { transformation: [0.788344763107875f,0.6152336661593341f,0.0002655268968684288f,4.951209603173281f,0.5310138057820216f,-0.680645409569292f,0.5047238497447325f,-0.5513085608791237f,0.3107038341399754f,-0.3977554053138624f,-0.8632808146798603f,-4.117228333611282f,0f,0f,0f,1f], start_interpolation: 0, interpolation_duration: 1 }
$data merge entity $(bone_left_fingers) { transformation: [-0.7128698969429315f,0.7012962566048967f,0.0002655268968684288f,5.2936150255415075f,0.6055111836501422f,0.6153129626242728f,0.5047238497447325f,-0.3042571327998921f,0.3537975643036248f,0.3599632182577809f,-0.8632808146798603f,-3.9824620284461423f,0f,0f,0f,1f], start_interpolation: 0, interpolation_duration: 1 }
$data merge entity $(bone_left_hand) { transformation: [-0.8144305491806939f,-0.5802609844343323f,0.0002655268968684288f,4.8065662037309425f,-0.5008190625235016f,0.7031600828488043f,0.5047238497447325f,0.2316093403425934f,-0.29305826583516514f,0.4109295412006322f,-0.8632808146798603f,-3.6593448167949467f,0f,0f,0f,1f], start_interpolation: 0, interpolation_duration: 1 }
$data merge entity $(bone_left_forearm) { transformation: [-1.6109251891644512f,-0.8554229141147027f,0.00048431032817593234f,3.474880359994664f,-0.7382543496615288f,1.390795549608334f,0.9205959026787982f,2.281371358409828f,-0.43212163999829645f,0.8128763367392783f,-1.5745893150431385f,-2.5472412439085685f,0f,0f,0f,1f], start_interpolation: 0, interpolation_duration: 1 }
$data merge entity $(bone_left_bicep) { transformation: [-1.3731026781140168f,-0.7509348298007796f,-0.24661807036731043f,2.3021520140450744f,-0.6573753606981864f,0.8105341263451077f,1.1920682115803642f,3.5288360430540773f,-0.43884077566533275f,1.135458439268278f,-1.0140450986969967f,-0.7636351927173363f,0f,0f,0f,1f], start_interpolation: 0, interpolation_duration: 1 }
$data merge entity $(bone_left_shoulder) { transformation: [-0.8885637335157696f,-0.40428688426760984f,-0.2709604867070938f,1.827643125f,-0.46912784717861666f,0.5613263795586251f,0.7008885341336403f,3.4305514781276742f,-0.12956285404742118f,0.7401876718019795f,-0.6795209018347353f,-0.645085615729943f,0f,0f,0f,1f], start_interpolation: 0, interpolation_duration: 1 }
$data merge entity $(bone_left_arm) { transformation: [-1.3293824999999997f,-3.7191070057573335e-17f,1.5849746533571423e-16f,1.749763125f,0f,1.2942300216361675f,0.3036881334558438f,3.583420344103132f,-1.628024023467506e-16f,0.3036881334558438f,-1.2942300216361675f,-0.6032468367992816f,0f,0f,0f,1f], start_interpolation: 0, interpolation_duration: 1 }
$data merge entity $(bone_chest) { transformation: [-2.632522916666667f,-7.364798635600914e-17f,3.138661820280081e-16f,-7.087622047092914e-19f,0f,2.562911871786493f,0.6013814465304259f,4.294014982193268f,-3.2239107635778877e-16f,0.6013814465304259f,-2.562911871786493f,-0.34074520719651025f,0f,0f,0f,1f], start_interpolation: 0, interpolation_duration: 1 }
$data merge entity $(bone_weist) { transformation: [-1.9493945833333333f,-2.3733281839806582e-17f,2.3754934511111727e-16f,4.655815132834264e-17f,0f,1.9397376066022332f,0.19379695318136314f,0.36512833839542247f,-2.387319836754355e-16f,0.19379695318136314f,-1.9397376066022332f,-0.7267088463940405f,0f,0f,0f,1f], start_interpolation: 0, interpolation_duration: 1 }
$data merge entity $(bone_right_foot) { transformation: [-1.1741591038251173f,0.005690502682966659f,0.08311986501658243f,-1.5868924271635925f,0.012457245067031638f,1.1731519627242608f,0.09565659558084552f,-8.400520644844168f,-0.08237785398090709f,0.09629634163348393f,-1.1702699682714541f,-3.3890574914857563f,0f,0f,0f,1f], start_interpolation: 0, interpolation_duration: 1 }
$data merge entity $(bone_right_knee) { transformation: [-2.8770060504221164f,0.2528018855262162f,0.309606332368946f,-1.327028860341914f,0.3563229927475614f,2.641534316015498f,1.1542352752736262f,-5.074949592004132f,-0.18110438760002953f,1.1812350962111446f,-2.6474163890111977f,-2.017774751029294f,0f,0f,0f,1f], start_interpolation: 0, interpolation_duration: 1 }
$data merge entity $(bone_right_thigh) { transformation: [-2.452332049760716f,0.2764471243936861f,0.1991412264447721f,-0.8928749999999999f,0.30372626260319896f,2.4295376314173027f,0.36757309187610254f,-1.6892043810005664f,-0.15437162323613357f,0.38850560855762034f,-2.4403371728098917f,-1.4299782405036134f,0f,0f,0f,1f], start_interpolation: 0, interpolation_duration: 1 }
$data merge entity $(bone_right_leg) { transformation: [-1f,-1.2174693642179035e-17f,1.2185801024691673e-16f,-0.8089787499999999f,0f,0.9950461662232655f,0.09941391796112586f,-1.4160256930526813f,-1.2246467991473532e-16f,0.09941391796112586f,-0.9950461662232655f,-1.4442279424862243f,0f,0f,0f,1f], start_interpolation: 0, interpolation_duration: 1 }
$data merge entity $(bone_left_foot) { transformation: [-1.1770766815097629f,-0.0078332080946362f,0.00447454729247345f,1.1275800084661167f,-0.0077739068112524f,1.1769843348136322f,0.015438162221066667f,-8.506823943951506f,-0.00457679969153329f,0.015408157930788789f,-1.177001502314388f,0.7630804931530275f,0f,0f,0f,1f], start_interpolation: 0, interpolation_duration: 1 }
$data merge entity $(bone_left_knee) { transformation: [-2.9018090702942874f,-0.12214926733243756f,0.03888913192625104f,1.0423312907491513f,-0.1240281615735453f,2.8979975780623533f,-0.15217010618201934f,-4.912875771329984f,-0.032400975733999075f,-0.1536824081308894f,-2.9003897294564744f,0.4738789629049922f,0f,0f,0f,1f], start_interpolation: 0, interpolation_duration: 1 }
$data merge entity $(bone_left_thigh) { transformation: [-2.4734739033047686f,-0.0691689679318546f,0.08458857183199238f,0.8928750000000001f,-0.10572040182365253f,1.9993677171953612f,-1.4564905255491085f,-2.093928871030864f,-0.02761827741875866f,-1.4586833474922907f,-2.000373176544858f,-1.533224954813027f,0f,0f,0f,1f], start_interpolation: 0, interpolation_duration: 1 }
$data merge entity $(bone_left_leg) { transformation: [-1f,-1.2174693642179035e-17f,1.2185801024691673e-16f,0.8089781250000001f,0f,0.9950461662232655f,0.09941391796112586f,-1.4098123231801116f,-1.2246467991473532e-16f,0.09941391796112586f,-0.9950461662232655f,-1.5064183278751786f,0f,0f,0f,1f], start_interpolation: 0, interpolation_duration: 1 }
data modify entity @s data merge value {"locators":{"consume":{"posx":5.1654760973787575,"posy":-0.5395188205259506,"posz":-3.9341672960340026,"roty":0.01762296786779416,"rotx":30.3130226109714}},"cameras":{}}