# This file was generated by Animated Java via MC-Build. It is not recommended to edit this file directly.
$data merge entity $(bone_neck) { transformation: [-1.2033625000000001f,-1.4257755006579282e-17f,1.4667807428480145e-16f,1.1102230246251565e-16f,0f,1.1977173695054315f,0.11642340482583292f,3.803426514281959f,-1.473694033838957e-16f,0.11642340482583292f,-1.1977173695054315f,-0.6069076512016413f,0f,0f,0f,1f], start_interpolation: 0, interpolation_duration: 1 }
$data merge entity $(bone_right_thumb_2) { transformation: [-0.7236950107960867f,0.6772597899623692f,-0.13260734613504332f,-4.85818295418356f,0.6441248134317603f,0.7318502259290096f,0.22248251960357984f,-0.20643207052912566f,0.24772718072579714f,0.07559380733753784f,-0.9658761930091576f,-3.7185892846440787f,0f,0f,0f,1f], start_interpolation: 0, interpolation_duration: 1 }
$data merge entity $(bone_right_thumb) { transformation: [-0.7236950107960867f,0.6772597899623692f,-0.13260734613504332f,-4.802923244336098f,0.6441248134317603f,0.7318502259290096f,0.22248251960357984f,0.1491568176274316f,0.24772718072579714f,0.07559380733753784f,-0.9658761930091576f,-3.600563579968737f,0f,0f,0f,1f], start_interpolation: 0, interpolation_duration: 1 }
$data merge entity $(bone_right_fingers_2) { transformation: [0.7527446211339186f,-0.6495543831406665f,0.1070263458065388f,-5.072744328321113f,-0.6168332267644994f,-0.6391349558990733f,0.4593727010905031f,-0.40121868383923326f,-0.22998327268140245f,-0.41180773607429644f,-0.8817721263433735f,-4.16690867689777f,0f,0f,0f,1f], start_interpolation: 0, interpolation_duration: 1 }
$data merge entity $(bone_right_fingers) { transformation: [-0.7422502444583846f,-0.6615209262788041f,0.1070263458065388f,-5.398092373090045f,-0.5531541754261358f,0.6949799851085258f,0.4593727010905031f,-0.11699340325161511f,-0.3782658229474344f,0.28176742961844603f,-0.8817721263433735f,-4.067901212376463f,0f,0f,0f,1f], start_interpolation: 0, interpolation_duration: 1 }
$data merge entity $(bone_right_hand) { transformation: [-0.7803613393022159f,0.6161018920809697f,0.1070263458065388f,-4.884718753787718f,0.588367462991583f,0.6654325284998197f,0.4593727010905031f,0.386433912266978f,0.21180157840606356f,0.4214475158173149f,-0.8817721263433735f,-3.7335621190525727f,0f,0f,0f,1f], start_interpolation: 0, interpolation_duration: 1 }
$data merge entity $(bone_right_forearm) { transformation: [-1.5578487571355006f,0.9283470215094708f,0.19521172910298376f,-3.4402173991784433f,0.905554937185808f,1.3434137662182377f,0.8378772404757419f,2.3555161995705767f,0.28267661251559123f,0.8125514273098854f,-1.6083167201602069f,-2.616504978032242f,0f,0f,0f,1f], start_interpolation: 0, interpolation_duration: 1 }
$data merge entity $(bone_right_bicep) { transformation: [-1.3309002454557848f,0.732354640311106f,0.4499953036910825f,-2.2992322248298533f,0.8036020876795511f,0.7657568522560406f,1.130475423785716f,3.5334650063924844f,0.3050619235602925f,1.177882710596101f,-1.0147236563498374f,-0.7662888017172196f,0f,0f,0f,1f], start_interpolation: 0, interpolation_duration: 1 }
$data merge entity $(bone_right_shoulder) { transformation: [-0.888633304858047f,0.3923541474427942f,0.28775345549331555f,-1.827643125f,0.4692374433732285f,0.532593371911639f,0.7228924543797555f,3.4284024867867253f,0.128685857422102f,0.7673431447840456f,-0.6488739684401815f,-0.6420385237086329f,0f,0f,0f,1f], start_interpolation: 0, interpolation_duration: 1 }
$data merge entity $(bone_right_arm) { transformation: [-1.3293824999999997f,-3.676641341250072e-17f,1.5859651022218094e-16f,-1.74976375f,0f,1.2950387845099667f,0.3002205487990409f,3.5813828663682266f,-1.628024023467506e-16f,0.3002205487990409f,-1.2950387845099667f,-0.6006093423248429f,0f,0f,0f,1f], start_interpolation: 0, interpolation_duration: 1 }
$data merge entity $(bone_left_thumb_2) { transformation: [-0.7656519816019413f,-0.6088742841901874f,0.20748288874243934f,4.673967137508094f,-0.5519509540985166f,0.7875072827182941f,0.27419413548685945f,-0.2657024301402474f,-0.3303440438978093f,0.09541690477863934f,-0.9390252536240474f,-3.82310586206345f,0f,0f,0f,1f], start_interpolation: 0, interpolation_duration: 1 }
$data merge entity $(bone_left_thumb) { transformation: [-0.7656519816019413f,-0.6088742841901874f,0.20748288874243934f,4.64567143389137f,-0.5519509540985166f,0.7875072827182941f,0.27419413548685945f,0.08464644618454395f,-0.3303440438978093f,0.09541690477863934f,-0.9390252536240474f,-3.6821016852042385f,0f,0f,0f,1f], start_interpolation: 0, interpolation_duration: 1 }
$data merge entity $(bone_left_fingers_2) { transformation: [0.7929756636981202f,0.609108622980659f,-0.013277130455427943f,4.8944240723906045f,0.5232372501929019f,-0.6696955549433272f,0.5270015594850922f,-0.4492854492653802f,0.31210955895822157f,-0.42484650063258605f,-0.8497605981140515f,-4.273288825333325f,0f,0f,0f,1f], start_interpolation: 0, interpolation_duration: 1 }
$data merge entity $(bone_left_fingers) { transformation: [-0.7074017081783356f,0.7066870177619241f,-0.013277130455427943f,5.238834602909778f,0.5956700507380746f,0.606173693716562f,0.5270015594850922f,-0.20561243992320177f,0.38047340763852655f,0.36489301442036015f,-0.8497605981140515f,-4.137484961704032f,0f,0f,0f,1f], start_interpolation: 0, interpolation_duration: 1 }
$data merge entity $(bone_left_hand) { transformation: [-0.8187898715486607f,-0.5739397738928685f,-0.013277130455427943f,4.756763460758826f,-0.4935275344426832f,0.6918814414675444f,0.5270015594850922f,0.32137246852221457f,-0.2932809557340088f,0.43805616865488384f,-0.8497605981140515f,-3.7930020383151906f,0f,0f,0f,1f], start_interpolation: 0, interpolation_duration: 1 }
$data merge entity $(bone_left_forearm) { transformation: [-1.617303474084338f,-0.8429540756845675f,-0.024216949333344662f,3.442125439179666f,-0.727753832699565f,1.36866383115925f,0.9612295448544457f,2.3407073783541925f,-0.4260661842241543f,0.8619839355792935f,-1.5499289864691894f,-2.607380147450476f,0f,0f,0f,1f], start_interpolation: 0, interpolation_duration: 1 }
$data merge entity $(bone_left_bicep) { transformation: [-1.3797286477154902f,-0.731624549008467f,-0.2668500212569763f,2.2997711830292995f,-0.6468363467105085f,0.7742817795421111f,1.22156662623322f,3.5312527206054334f,-0.43368900738996635f,1.1727522334409626f,-0.9729854057034188f,-0.7660928259894173f,0f,0f,0f,1f], start_interpolation: 0, interpolation_duration: 1 }
$data merge entity $(bone_left_shoulder) { transformation: [-0.8899900675086955f,-0.3917667994437961f,-0.2843403475700776f,1.827643125f,-0.4669448461828689f,0.5378649586253879f,0.7204698297451512f,3.4284024867867253f,-0.12764469838565556f,0.7639587945716148f,-0.6530595453996217f,-0.6420385237086325f,0f,0f,0f,1f], start_interpolation: 0, interpolation_duration: 1 }
$data merge entity $(bone_left_arm) { transformation: [-1.3293824999999997f,-3.676641341250072e-17f,1.5859651022218094e-16f,1.749763125f,0f,1.2950387845099667f,0.3002205487990409f,3.5813828663682266f,-1.628024023467506e-16f,0.3002205487990409f,-1.2950387845099667f,-0.6006093423248424f,0f,0f,0f,1f], start_interpolation: 0, interpolation_duration: 1 }
$data merge entity $(bone_chest) { transformation: [-2.632522916666667f,-7.280705581128749e-17f,3.1406231664946e-16f,2.684474514954682e-20f,0f,2.564513432510683f,0.5945147275277949f,4.292678045945966f,-3.2239107635778877e-16f,0.5945147275277949f,-2.564513432510683f,-0.34001192726468854f,0f,0f,0f,1f], start_interpolation: 0, interpolation_duration: 1 }
$data merge entity $(bone_weist) { transformation: [-1.9493945833333333f,-2.3096939102156967e-17f,2.376120607917865e-16f,4.60048659668098e-17f,0f,1.9402497189983372f,0.18860082040175138f,0.3627717211386925f,-2.387319836754355e-16f,0.18860082040175138f,-1.9402497189983372f,-0.7154509620433035f,0f,0f,0f,1f], start_interpolation: 0, interpolation_duration: 1 }
$data merge entity $(bone_right_cheek) { transformation: [-0.989492219199368f,0.12155293485810234f,0.07829452197498649f,-1.0375071066098536f,0.13099793256873737f,0.9828684568792279f,0.1296500602952495f,-1.577069929163113f,-0.061193870662234265f,0.1385441463910591f,-0.9884638737425595f,-1.569053146817187f,0f,0f,0f,1f], start_interpolation: 0, interpolation_duration: 1 }
$data merge entity $(bone_right_foot) { transformation: [-1.1740373141126124f,0.007806478117518378f,0.0846542311240622f,-1.5970850085325758f,0.01469713069583782f,1.1731267563180996f,0.09564780622913703f,-8.408459126412222f,-0.08373335235803532f,0.09645500187412658f,-1.170160695457214f,-3.3451695493691638f,0f,0f,0f,1f], start_interpolation: 0, interpolation_duration: 1 }
$data merge entity $(bone_right_knee) { transformation: [-2.8762612561729193f,0.25652794806601176f,0.3134378513097082f,-1.3324497055420925f,0.36052917921991107f,2.645881038807509f,1.1429177257982919f,-5.0777867483219294f,-0.1845767745509236f,1.1706560677132987f,-2.651871881135369f,-1.9872454272768616f,0f,0f,0f,1f], start_interpolation: 0, interpolation_duration: 1 }
$data merge entity $(bone_right_leg) { transformation: [-2.4516971943673758f,0.28036025230486133f,0.20147386678612658f,-0.8928749999999999f,0.30731157515125557f,2.4306196679863405f,0.35729588342869034f,-1.6904289551829317f,-0.1573314521901252f,0.37881246212946645f,-2.441671692842062f,-1.4129230390856855f,0f,0f,0f,1f], start_interpolation: 0, interpolation_duration: 1 }
$data merge entity $(bone_left_cheek) { transformation: [-0.999836057962231f,0.0010356303563341142f,0.01807718640472864f,0.8199910189357495f,-0.0022598609905462794f,0.9834195717974807f,-0.18133074431536178f,-1.4201695713280766f,-0.017965250536791138f,-0.18134186851200357f,-0.9832560076082555f,-1.3665765303450372f,0f,0f,0f,1f], start_interpolation: 0, interpolation_duration: 1 }
$data merge entity $(bone_left_foot) { transformation: [-1.1770827664769496f,-0.007243642635580436f,0.0038190811592583663f,1.1351743990462764f,-0.007204717675953552f,1.1770290942678647f,0.011895300195549498f,-8.55820827770614f,-0.0038920152546981974f,0.011871636993289289f,-1.1770449487291978f,1.3797576353984635f,0f,0f,0f,1f], start_interpolation: 0, interpolation_duration: 1 }
$data merge entity $(bone_left_knee) { transformation: [-2.9017257130144016f,-0.12486378524592714f,0.03640892883819733f,1.0464702980136655f,-0.12659296080964078f,2.897962569984082f,-0.15071779516277578f,-4.964196415542718f,-0.029846226537615993f,-0.15215343124405312f,-2.900497754637323f,1.0923926174363399f,0f,0f,0f,1f], start_interpolation: 0, interpolation_duration: 1 }
$data merge entity $(bone_left_leg) { transformation: [-2.473402850367979f,-0.07213398178268175f,0.0841887843052419f,0.8928750000000001f,-0.10790661181335896f,1.9978094848177865f,-1.4584670542861478f,-2.147441015313098f,-0.02544063398541536f,-1.4606733632073012f,-1.9989494298501285f,-0.917473658158855f,0f,0f,0f,1f], start_interpolation: 0, interpolation_duration: 1 }
data modify entity @s data merge value {"locators":{"consume":{"posx":5.111511726949998,"posy":-0.44212878643689935,"posz":-4.093338264315494,"roty":359.1048518305181,"rotx":31.80308524497882}},"cameras":{}}