# This file was generated by Animated Java via MC-Build. It is not recommended to edit this file directly.
$data merge entity $(bone_neck) { transformation: [-1.2033625000000001f,-1.2945721217351446e-17f,1.4679969126632382e-16f,1.1102230246251565e-16f,0f,1.198710447522759f,0.1057098359001531f,3.7970603054509313f,-1.473694033838957e-16f,0.1057098359001531f,-1.198710447522759f,-0.601014244848562f,0f,0f,0f,1f], start_interpolation: 0, interpolation_duration: 1 }
$data merge entity $(bone_right_thumb_2) { transformation: [-0.7405713288528702f,0.6495657615882284f,-0.172100053031365f,-4.8122428870383835f,0.6355788864128261f,0.7602418992892057f,0.1344311485905457f,-0.5853369132718163f,0.21815954259973605f,-0.009827305706345268f,-0.9758636370083825f,-3.2711278198187683f,0f,0f,0f,1f], start_interpolation: 0, interpolation_duration: 1 }
$data merge entity $(bone_right_thumb) { transformation: [-0.7405713288528702f,0.6495657615882284f,-0.172100053031365f,-4.767490557640578f,0.6355788864128261f,0.7602418992892057f,0.1344311485905457f,-0.21919208112518923f,0.21815954259973605f,-0.009827305706345268f,-0.9758636370083825f,-3.1853236778281753f,0f,0f,0f,1f], start_interpolation: 0, interpolation_duration: 1 }
$data merge entity $(bone_right_fingers_2) { transformation: [0.7690589114366391f,-0.6363135886599186f,0.06044342500741584f,-5.033035610570729f,-0.6058180796953258f,-0.695502920226338f,0.3863420016913825f,-0.8253819487310576f,-0.20379608694516058f,-0.3337374789312278f,-0.9203729950962647f,-3.6937359594160513f,0f,0f,0f,1f], start_interpolation: 0, interpolation_duration: 1 }
$data merge entity $(bone_right_fingers) { transformation: [-0.731252169001927f,-0.6794239160519371f,0.06044342500741584f,-5.366151019578034f,-0.6104776692081877f,0.6914165698963503f,0.3863420016913825f,-0.5460272361422246f,-0.30428158131591787f,0.2456140654958825f,-0.9203729950962647f,-3.6075216495404736f,0f,0f,0f,1f], start_interpolation: 0, interpolation_duration: 1 }
$data merge entity $(bone_right_hand) { transformation: [-0.7960825466720383f,0.6021620805543427f,0.06044342500741584f,-4.862891274999077f,0.5749040638306759f,0.7212663690482665f,0.3863420016913825f,0.0027121859947900617f,0.18904469385607225f,0.3423092952614567f,-0.9203729950962647f,-3.33477847288975f,0f,0f,0f,1f], start_interpolation: 0, interpolation_duration: 1 }
$data merge entity $(bone_right_forearm) { transformation: [-1.582959573041619f,0.8993960700991795f,0.11024636429176578f,-3.4632896447915327f,0.8679157135742274f,1.4411758988215568f,0.70467219642918f,2.111906142981483f,0.2603648706725641f,0.6640235683916168f,-1.678723144647035f,-2.438061124737884f,0f,0f,0f,1f], start_interpolation: 0, interpolation_duration: 1 }
$data merge entity $(bone_right_bicep) { transformation: [-1.3502024106003787f,0.7415010535439224f,0.37049182701604294f,-2.3069486367062098f,0.7803454523784337f,0.8982415753203421f,1.0461154827273302f,3.4977498092601755f,0.27955139285063507f,1.0739985176166633f,-1.1307133849017559f,-0.7483797156167239f,0f,0f,0f,1f], start_interpolation: 0, interpolation_duration: 1 }
$data merge entity $(bone_right_shoulder) { transformation: [-0.9014390280818414f,0.3971048875255955f,0.23691425795208973f,-1.827643125f,0.44703866882500054f,0.6156933633977032f,0.668947747966936f,3.421737159817188f,0.11822472623303727f,0.6997445028281023f,-0.7230446207087191f,-0.6327905843709235f,0f,0f,0f,1f], start_interpolation: 0, interpolation_duration: 1 }
$data merge entity $(bone_right_arm) { transformation: [-1.3293824999999997f,-3.5346915925110124e-17f,1.5891890304320775e-16f,-1.74976375f,0f,1.2976713216729368f,0.28862947218512325f,3.5750818470022354f,-1.628024023467506e-16f,0.28862947218512325f,-1.2976713216729368f,-0.5927308724504519f,0f,0f,0f,1f], start_interpolation: 0, interpolation_duration: 1 }
$data merge entity $(bone_left_thumb_2) { transformation: [-0.7738922873278707f,-0.5791059600330369f,0.25637280407377633f,4.636460897797072f,-0.5518235063499042f,0.8152339404657718f,0.1757396942991192f,-0.643422066396659f,-0.31077571567632784f,-0.005468945681302073f,-0.9504675403079272f,-3.3475169084444865f,0f,0f,0f,1f], start_interpolation: 0, interpolation_duration: 1 }
$data merge entity $(bone_left_thumb) { transformation: [-0.7738922873278707f,-0.5791059600330369f,0.25637280407377633f,4.6170266706658545f,-0.5518235063499042f,0.8152339404657718f,0.1757396942991192f,-0.2804443021883676f,-0.31077571567632784f,-0.005468945681302073f,-0.9504675403079272f,-3.2412313808167066f,0f,0f,0f,1f], start_interpolation: 0, interpolation_duration: 1 }
$data merge entity $(bone_left_fingers_2) { transformation: [0.8007173325302376f,0.5975081563604138f,0.042845728707070804f,4.8671127613578005f,0.5205046276921644f,-0.7293610857589224f,0.4439677230741066f,-0.8770834480529585f,0.29652434290746155f,-0.3331912508805486f,-0.8950178235096514f,-3.768433482156865f,0f,0f,0f,1f], start_interpolation: 0, interpolation_duration: 1 }
$data merge entity $(bone_left_fingers) { transformation: [-0.6969109757122399f,0.715876620279901f,0.042845728707070804f,5.215555374015066f,0.6551818134761332f,0.6112523637242793f,0.4439677230741066f,-0.634659752385945f,0.2916365601599683f,0.33747772130632225f,-0.8950178235096514f,-3.640933145472051f,0f,0f,0f,1f], start_interpolation: 0, interpolation_duration: 1 }
$data merge entity $(bone_left_hand) { transformation: [-0.826018166780336f,-0.5620126614947506f,0.042845728707070804f,4.7422069501733635f,-0.4881949388920631f,0.7513709885992194f,0.4439677230741066f,-0.059653846579159175f,-0.2817085191985288f,0.34580833681537915f,-0.8950178235096514f,-3.3687500411757654f,0f,0f,0f,1f], start_interpolation: 0, interpolation_duration: 1 }
$data merge entity $(bone_left_forearm) { transformation: [-1.6275352591722945f,-0.8196647453276673f,0.0781488774801619f,3.465524781676609f,-0.7039476608333225f,1.4749725173406418f,0.8097791831916962f,2.1109937721983423f,-0.4271009629956043f,0.6924119727375081f,-1.6324763364445707f,-2.4359813508332433f,0f,0f,0f,1f], start_interpolation: 0, interpolation_duration: 1 }
$data merge entity $(bone_left_bicep) { transformation: [-1.387176912127094f,-0.7413442450977666f,-0.19048223173164816f,2.3069959943566904f,-0.6368605009006476f,0.8991561983655955f,1.1384469198064584f,3.497502690126147f,-0.424598013110781f,1.073341230496928f,-1.0852601927930576f,-0.7483455701827129f,0f,0f,0f,1f], start_interpolation: 0, interpolation_duration: 1 }
$data merge entity $(bone_left_shoulder) { transformation: [-0.9015857805229355f,-0.3969913927855239f,-0.236545752614372f,1.827643125f,-0.44677350123676696f,0.6162572620764194f,0.66860556698068f,3.421737159817188f,-0.11810799133983445f,0.6993123763091326f,-0.7234816385986477f,-0.6327905843709231f,0f,0f,0f,1f], start_interpolation: 0, interpolation_duration: 1 }
$data merge entity $(bone_left_arm) { transformation: [-1.3293824999999997f,-3.5346915925110124e-17f,1.5891890304320775e-16f,1.749763125f,0f,1.2976713216729368f,0.28862947218512325f,3.5750818470022354f,-1.628024023467506e-16f,0.28862947218512325f,-1.2976713216729368f,-0.5927308724504514f,0f,0f,0f,1f], start_interpolation: 0, interpolation_duration: 1 }
$data merge entity $(bone_chest) { transformation: [-2.632522916666667f,-6.999608179462447e-17f,3.1470073823957557e-16f,2.4824443707008125e-18f,0f,2.5697265404088956f,0.5715613827869266f,4.288678622867268f,-3.2239107635778877e-16f,0.5715613827869266f,-2.5697265404088956f,-0.3385036380683093f,0f,0f,0f,1f], start_interpolation: 0, interpolation_duration: 1 }
$data merge entity $(bone_weist) { transformation: [-1.9493945833333333f,-2.0971501786409592e-17f,2.378090749791333e-16f,4.4155500559907335e-17f,0f,1.9418584619231045f,0.17124530763490967f,0.3555725467688262f,-2.387319836754355e-16f,0.17124530763490967f,-1.9418584619231045f,-0.678789965670855f,0f,0f,0f,1f], start_interpolation: 0, interpolation_duration: 1 }
$data merge entity $(bone_right_foot) { transformation: [-1.1730409375172544f,0.011747285668283626f,0.0970971424122866f,-1.6056256660281385f,0.01935413658488007f,1.1733618314879037f,0.09186035423929408f,-8.447314953653779f,-0.09587111756028475f,0.09313918919199668f,-1.169497633657701f,-3.1417435680068575f,0f,0f,0f,1f], start_interpolation: 0, interpolation_duration: 1 }
$data merge entity $(bone_right_knee) { transformation: [-2.8733772404941016f,0.25660540662900794f,0.3388002178766874f,-1.3399620950498314f,0.3660256182817458f,2.6708797316570942f,1.081367372505209f,-5.087601782624512f,-0.2160027062469243f,1.112422497455942f,-2.6744696122001304f,-1.857563467479605f,0f,0f,0f,1f], start_interpolation: 0, interpolation_duration: 1 }
$data merge entity $(bone_right_thigh) { transformation: [-2.4492388873783657f,0.2860193420172101f,0.22233877638570132f,-0.8928749999999999f,0.3119966864908429f,2.437623315309688f,0.30110357556230105f,-1.6895966273670153f,-0.18411861152904502f,0.3258807014686661f,-2.447430249922961f,-1.3566253072712708f,0f,0f,0f,1f], start_interpolation: 0, interpolation_duration: 1 }
$data merge entity $(bone_right_leg) { transformation: [-1f,-1.075795632434237e-17f,1.2199124641687256e-16f,-0.8089787499999999f,0f,0.9961341221142913f,0.08784537984202856f,-1.4337983760596886f,-1.2246467991473532e-16f,0.08784537984202856f,-0.9961341221142913f,-1.3755647051215703f,0f,0f,0f,1f], start_interpolation: 0, interpolation_duration: 1 }
$data merge entity $(bone_left_foot) { transformation: [-1.1770961261141364f,-0.005728370073408767f,-0.0016704909330885575f,1.1838652604276207f,-0.005736185680985463f,1.1770841981986426f,0.005548098904541502f,-8.513641072955682f,0.0016434529164881823f,0.005556168097114425f,-1.1770969896041492f,0.7451716703898537f,0f,0f,0f,1f], start_interpolation: 0, interpolation_duration: 1 }
$data merge entity $(bone_left_knee) { transformation: [-2.901158464605762f,-0.14087123428458043f,0.019066911955068672f,1.0746902353111616f,-0.14153320172912456f,2.898774500203794f,-0.1183361242840695f,-4.917179288667768f,-0.013289265919019869f,-0.11912338499812142f,-2.90216500273364f,0.4983685413432679f,0f,0f,0f,1f], start_interpolation: 0, interpolation_duration: 1 }
$data merge entity $(bone_left_thigh) { transformation: [-2.472919333326894f,-0.09238645607144828f,0.0784055899262956f,0.8928750000000001f,-0.12064152824936056f,2.0269602062168164f,-1.4166476862700204f,-2.0606199585212517f,-0.011327641360442616f,-1.4187705198823035f,-2.029032927133803f,-1.452087036113231f,0f,0f,0f,1f], start_interpolation: 0, interpolation_duration: 1 }
$data merge entity $(bone_left_leg) { transformation: [-1f,-1.075795632434237e-17f,1.2199124641687256e-16f,0.8089781250000001f,0f,0.9961341221142913f,0.08784537984202856f,-1.4283080398195613f,-1.2246467991473532e-16f,0.08784537984202856f,-0.9961341221142913f,-1.4378230877537133f,0f,0f,0f,1f], start_interpolation: 0, interpolation_duration: 1 }
data modify entity @s data merge value {"locators":{"consume":{"posx":5.07687333035722,"posy":-0.8609797262113018,"posz":-3.5805461599888773,"roty":2.740735076674156,"rotx":26.35731288458896}},"cameras":{}}