# This file was generated by Animated Java via MC-Build. It is not recommended to edit this file directly.
$data merge entity $(bone_neck) { transformation: [-1.2033625000000001f,-4.834645217243118e-18f,1.47290078618177e-16f,1.1102230246251565e-16f,0f,1.2027147641322058f,0.039477874115289295f,3.7621418307658083f,-1.473694033838957e-16f,0.039477874115289295f,-1.2027147641322058f,-0.5716057017348566f,0f,0f,0f,1f], start_interpolation: 0, interpolation_duration: 1 }
$data merge entity $(bone_right_thumb_2) { transformation: [-0.9059485440821703f,0.39000775625530587f,-0.1647761679858411f,-3.376821165649277f,0.40273462663395765f,0.9138842344250242f,-0.0511901023577232f,-1.9091727555304918f,0.13062180516821456f,-0.11273666719434847f,-0.9850017197368275f,-2.2416416323495456f,0f,0f,0f,1f], start_interpolation: 0, interpolation_duration: 1 }
$data merge entity $(bone_right_thumb) { transformation: [-0.9059485440821703f,0.39000775625530587f,-0.1647761679858411f,-3.4480548916419687f,0.40273462663395765f,0.9138842344250242f,-0.0511901023577232f,-1.5389154379788241f,0.13062180516821456f,-0.11273666719434847f,-0.9850017197368275f,-2.2061108716259867f,0f,0f,0f,1f], start_interpolation: 0, interpolation_duration: 1 }
$data merge entity $(bone_right_fingers_2) { transformation: [0.9235304858573862f,-0.3829248047521768f,-0.021448440445111926f,-3.497599455799117f,-0.36412858913777824f,-0.8930113323807288f,0.264463855398288f,-2.2573498314391713f,-0.12042347057177545f,-0.23643044250921424f,-0.9641570585699956f,-2.6278462593382685f,0f,0f,0f,1f], start_interpolation: 0, interpolation_duration: 1 }
$data merge entity $(bone_right_fingers) { transformation: [-0.5001937476822138f,-0.865647837854456f,-0.021448440445111926f,-3.9026485515309397f,-0.8378431784188398f,0.47757478740495674f,0.264463855398288f,-2.0838988179906193f,-0.21868933023043938f,0.15025359647281653f,-0.9641570585699956f,-2.580015156784403f,0f,0f,0f,1f], start_interpolation: 0, interpolation_duration: 1 }
$data merge entity $(bone_right_hand) { transformation: [-0.939354434862732f,0.34227651118093144f,-0.021448440445111926f,-3.5997494168722985f,0.32482941217645794f,0.9080444494478067f,0.264463855398288f,-1.3777428405225298f,0.1099959030546801f,0.2414582111273907f,-0.9641570585699956f,-2.3841325030357816f,0f,0f,0f,1f], start_interpolation: 0, interpolation_duration: 1 }
$data merge entity $(bone_right_forearm) { transformation: [-1.7801739326796329f,0.3953212256838927f,-0.03912108849741616f,-2.9387663571743428f,0.3712247798449994f,1.7194006434929037f,0.4823713834989883f,1.1543074973391896f,0.14142663776838363f,0.46282946893373295f,-1.7585835068172213f,-1.7812159621513928f,0f,0f,0f,1f], start_interpolation: 0, interpolation_duration: 1 }
$data merge entity $(bone_right_bicep) { transformation: [-1.530180694172226f,0.4044677568861916f,0.07132624135312376f,-2.3039554848783683f,0.39376586770229655f,1.3665512825995842f,0.6982983526699715f,3.2765722172757012f,0.11674776442728549f,0.6921545936771576f,-1.4203614095843167f,-0.6831640172954844f,0f,0f,0f,1f], start_interpolation: 0, interpolation_duration: 1 }
$data merge entity $(bone_right_shoulder) { transformation: [-0.9973060671574085f,0.1723754548064949f,0.04561019248058946f,-1.827643125f,0.17467755612049787f,0.8924735223685673f,0.44653302445133086f,3.385637778396064f,0.03579578837842114f,0.44742674609162175f,-0.9082625980866276f,-0.5826464422448833f,0f,0f,0f,1f], start_interpolation: 0, interpolation_duration: 1 }
$data merge entity $(bone_right_arm) { transformation: [-1.3293824999999997f,-2.65337917280926e-17f,1.6062558982429752e-16f,-1.74976375f,0f,1.3116074768343926f,0.21666485182965783f,3.5409573890115786f,-1.628024023467506e-16f,0.21666485182965783f,-1.3116074768343926f,-0.5510997757763622f,0f,0f,0f,1f], start_interpolation: 0, interpolation_duration: 1 }
$data merge entity $(bone_left_thumb_2) { transformation: [-0.8945066114169646f,-0.3059943875586746f,0.32592231729958465f,3.3138188838409492f,-0.3693761423204863f,0.9165560232812228f,-0.1532524768848665f,-1.8562824084842808f,-0.2518316652364735f,-0.2574732820498127f,-0.9328924490072382f,-2.0111316790988036f,0f,0f,0f,1f], start_interpolation: 0, interpolation_duration: 1 }
$data merge entity $(bone_left_thumb) { transformation: [-0.8945066114169646f,-0.3059943875586746f,0.32592231729958465f,3.401509598582209f,-0.3693761423204863f,0.9165560232812228f,-0.1532524768848665f,-1.4881793693732805f,-0.2518316652364735f,-0.2574732820498127f,-0.9328924490072382f,-1.9957157450575058f,0f,0f,0f,1f], start_interpolation: 0, interpolation_duration: 1 }
$data merge entity $(bone_left_fingers_2) { transformation: [0.9110599273567198f,0.3596150636386308f,0.20161055222619498f,3.4758759565823345f,0.32916970236926f,-0.9289386902771778f,0.1694704008027767f,-2.2452847893741232f,0.248227951300615f,-0.08803360557369319f,-0.9646931991482033f,-2.338825649601563f,0f,0f,0f,1f], start_interpolation: 0, interpolation_duration: 1 }
$data merge entity $(bone_left_fingers) { transformation: [-0.47545569011928546f,0.8563264984596952f,0.20161055222619498f,3.8771804099639806f,0.8780262231621586f,0.44760443998171096f,0.1694704008027767f,-2.087723561495589f,0.0548802165883934f,0.25759501808927926f,-0.9646931991482033f,-2.236029572067048f,0f,0f,0f,1f], start_interpolation: 0, interpolation_duration: 1 }
$data merge entity $(bone_left_hand) { transformation: [-0.9258789889434914f,-0.3195329138978125f,0.20161055222619498f,3.591201020446002f,-0.28833666918079004f,0.9424127272365722f,0.1694704008027767f,-1.3522975009127958f,-0.24415172135110122f,0.09877736825052237f,-0.9646931991482033f,-2.1576812311971425f,0f,0f,0f,1f], start_interpolation: 0, interpolation_duration: 1 }
$data merge entity $(bone_left_forearm) { transformation: [-1.7503908673410917f,-0.3574008797549798f,0.36772949883409384f,3.0007161717447084f,-0.2970507220624583f,1.7728627112050395f,0.30910716163556556f,1.2547310145821862f,-0.4179967005666187f,0.2367508817356126f,-1.7595614055628572f,-1.8999685291517123f,0f,0f,0f,1f], start_interpolation: 0, interpolation_duration: 1 }
$data merge entity $(bone_left_bicep) { transformation: [-1.5180463937893869f,-0.4410225699703435f,0.10568251966762475f,2.3066160186383495f,-0.32490739729081464f,1.3152114831095816f,0.8214551075779549f,3.295499292672178f,-0.3163935608893664f,0.7654099577069496f,-1.3506210671962358f,-0.6891009594837672f,0f,0f,0f,1f], start_interpolation: 0, interpolation_duration: 1 }
$data merge entity $(bone_left_shoulder) { transformation: [-0.9921277323304908f,-0.19629308703050014f,-0.059703981371723266f,1.827643125f,-0.2002063257407026f,0.8617519098222225f,0.49367403387052894f,3.385637778396064f,-0.04486611796229179f,0.49524301970712215f,-0.8826858793235595f,-0.5826464422448828f,0f,0f,0f,1f], start_interpolation: 0, interpolation_duration: 1 }
$data merge entity $(bone_left_arm) { transformation: [-1.3293824999999997f,-2.65337917280926e-17f,1.6062558982429752e-16f,1.749763125f,0f,1.3116074768343926f,0.21666485182965783f,3.5409573890115786f,-1.628024023467506e-16f,0.21666485182965783f,-1.3116074768343926f,-0.5510997757763617f,0f,0f,0f,1f], start_interpolation: 0, interpolation_duration: 1 }
$data merge entity $(bone_chest) { transformation: [-2.632522916666667f,-5.254380495475473e-17f,3.1808042171125575e-16f,1.7615927995917232e-17f,0f,2.5973237502659194f,0.42905272762185614f,4.267482018479063f,-3.2239107635778877e-16f,0.42905272762185614f,-2.5973237502659194f,-0.3365914822217852f,0f,0f,0f,1f], start_interpolation: 0, interpolation_duration: 1 }
$data merge entity $(bone_weist) { transformation: [-1.9493945833333333f,-7.83191365763196e-18f,2.3860348102671887e-16f,3.267683737661434e-17f,0f,1.948345279576478f,0.06395242826817368f,0.32159888508615997f,-2.387319836754355e-16f,0.06395242826817368f,-1.948345279576478f,-0.4595731402082601f,0f,0f,0f,1f], start_interpolation: 0, interpolation_duration: 1 }
$data merge entity $(bone_right_foot) { transformation: [-1.1544981506129257f,0.00855271224605437f,0.22945972679564852f,-1.5739123294460073f,0.017269154781485684f,1.1761971071386224f,0.04304690846543227f,-8.618737512196873f,-0.22896875638617287f,0.04558630439654435f,-1.1537270441170207f,-1.452104799392673f,0f,0f,0f,1f], start_interpolation: 0, interpolation_duration: 1 }
$data merge entity $(bone_right_knee) { transformation: [-2.8342388302458517f,0.20732716590425004f,0.6008613716480397f,-1.3595616313267127f,0.3164300276220061f,2.841575624293816f,0.512102233516286f,-5.067776213174558f,-0.5512630762891604f,0.5651478622726479f,-2.7952898960613894f,-0.8587281178621432f,0f,0f,0f,1f], start_interpolation: 0, interpolation_duration: 1 }
$data merge entity $(bone_right_thigh) { transformation: [-2.415877686134321f,0.30326088966840054f,0.4489772392614928f,-0.8928749999999999f,0.26972188610109465f,2.4525767228645217f,-0.20525653597449864f,-1.639433229711748f,-0.4698912988504998f,-0.15137032139660922f,-2.426170215793595f,-1.019765138300832f,0f,0f,0f,1f], start_interpolation: 0, interpolation_duration: 1 }
$data merge entity $(bone_right_leg) { transformation: [-1f,-4.017613327025828e-18f,1.2239876065456333e-16f,-0.8089787499999999f,0f,0.9994617283920728f,0.03280630243612319f,-1.5034571208372842f,-1.2246467991473532e-16f,0.03280630243612319f,-0.9994617283920728f,-1.0566609999437815f,0f,0f,0f,1f], start_interpolation: 0, interpolation_duration: 1 }
$data merge entity $(bone_left_foot) { transformation: [-1.1751188636724277f,0.003172317543854906f,-0.0683848486083423f,1.5733505742940146f,0.003441141953997424f,1.1770975123845673f,-0.0045276656986508405f,-8.653477793146841f,0.06837184844537542f,-0.004719916951308643f,-1.1751144231949064f,-0.30863624520746435f,0f,0f,0f,1f], start_interpolation: 0, interpolation_duration: 1 }
$data merge entity $(bone_left_knee) { transformation: [-2.88780444947359f,-0.2601852696474096f,-0.1726782429638084f,1.309250567069973f,-0.2748487565372788f,2.880189535991207f,0.25670038241243603f,-5.064264785433103f,0.14823060130915933f,0.27155211426038284f,-2.888116311129153f,-0.07375434317471719f,0f,0f,0f,1f], start_interpolation: 0, interpolation_duration: 1 }
$data merge entity $(bone_left_thigh) { transformation: [-2.4615365003652427f,-0.261778978076583f,-0.04819281010562009f,0.8928750000000001f,-0.23427841397634747f,2.3435180932415327f,-0.7635766460109683f,-1.7783069395127722f,0.1263503266850689f,-0.7545909065353308f,-2.354706113649817f,-1.0868571849688295f,0f,0f,0f,1f], start_interpolation: 0, interpolation_duration: 1 }
$data merge entity $(bone_left_leg) { transformation: [-1f,-4.017613327025828e-18f,1.2239876065456333e-16f,0.8089781250000001f,0f,0.9994617283920728f,0.03280630243612319f,-1.5014067269350262f,-1.2246467991473532e-16f,0.03280630243612319f,-0.9994617283920728f,-1.1191273579682857f,0f,0f,0f,1f], start_interpolation: 0, interpolation_duration: 1 }
data modify entity @s data merge value {"locators":{"consume":{"posx":3.674976488840331,"posy":-2.242026129976795,"posz":-2.139053701648189,"roty":11.804304694393892,"rotx":9.757028477137235}},"cameras":{}}