# This file was generated by Animated Java via MC-Build. It is not recommended to edit this file directly.
$data merge entity $(bone_neck) { transformation: [-1.2033625000000001f,-3.317704569439603e-18f,1.4733205316602116e-16f,1.1102230246251565e-16f,0f,1.2030575123259986f,0.027091113713354074f,3.7558015440928787f,-1.473694033838957e-16f,0.027091113713354074f,-1.2030575123259986f,-0.5661459668068344f,0f,0f,0f,1f], start_interpolation: 0, interpolation_duration: 1 }
$data merge entity $(bone_right_thumb_2) { transformation: [-0.9275838161512607f,0.3384408839264212f,-0.15825938234861903f,-3.071005208448538f,0.3556764729730566f,0.9295899487730808f,-0.09673041772631522f,-2.090296181550401f,0.11437880305244615f,-0.14601470894113222f,-0.9826480520436225f,-1.9534515176531433f,0f,0f,0f,1f], start_interpolation: 0, interpolation_duration: 1 }
$data merge entity $(bone_right_thumb) { transformation: [-0.9275838161512607f,0.3384408839264212f,-0.15825938234861903f,-3.163046439015881f,0.3556764729730566f,0.9295899487730808f,-0.09673041772631522f,-1.7235736538514275f,0.11437880305244615f,-0.14601470894113222f,-0.9826480520436225f,-1.9317683575818334f,0f,0f,0f,1f], start_interpolation: 0, interpolation_duration: 1 }
$data merge entity $(bone_right_fingers_2) { transformation: [0.9429342788483625f,-0.3313434478048983f,-0.032961574135352376f,-3.1707086234787942f,-0.3157920630514609f,-0.9212640621304065f,0.22704162777051326f,-2.4587452764875017f,-0.10559506942286553f,-0.20367633005272076f,-0.9733270950147411f,-2.3266447369627543f,0f,0f,0f,1f], start_interpolation: 0, interpolation_duration: 1 }
$data merge entity $(bone_right_fingers) { transformation: [-0.45158637960788445f,-0.8916183468183921f,-0.032961574135352376f,-3.5850231827086025f,-0.8721633848441329f,0.43333950823406386f,0.22704162777051326f,-2.3067093942649946f,-0.18815092848526763f,0.13127678477284682f,-0.9733270950147411f,-2.285823481248989f,0f,0f,0f,1f], start_interpolation: 0, interpolation_duration: 1 }
$data merge entity $(bone_right_hand) { transformation: [-0.9564898125527964f,0.28989786669314366f,-0.032961574135352376f,-3.3229432028971044f,0.27530652498939817f,0.9341618792038013f,0.22704162777051326f,-1.577877186752005f,0.09661032957700683f,0.2080884675545158f,-0.9733270950147411f,-2.115847418804255f,0f,0f,0f,1f], start_interpolation: 0, interpolation_duration: 1 }
$data merge entity $(bone_right_forearm) { transformation: [-1.7986907651528807f,0.2965225269095713f,-0.06012057902592809f,-2.8073095865739335f,0.2754519075344308f,1.754840100918825f,0.4141147527876271f,1.0078912508518982f,0.12516524926230005f,0.3992983507051798f,-1.7753092826701309f,-1.6063285921115897f,0f,0f,0f,1f], start_interpolation: 0, interpolation_duration: 1 }
$data merge entity $(bone_right_bicep) { transformation: [-1.5502930113026792f,0.3245517313003363f,0.03731365299098875f,-2.296705657837681f,0.31450128727524845f,1.4337186408243863f,0.5963844021588689f,3.236519543494499f,0.08840291449827441f,0.5909751166894713f,-1.4673335994400123f,-0.6654725883223557f,0f,0f,0f,1f], start_interpolation: 0, interpolation_duration: 1 }
$data merge entity $(bone_right_shoulder) { transformation: [-1.0056642048839421f,0.12034600175659128f,0.023860543648265366f,-1.827643125f,0.12044059484574134f,0.9308432261102069f,0.38136325227371587f,3.379203763905534f,0.02337838307480289f,0.38139311337881343f,-0.9382993780978772f,-0.5733091616117139f,0f,0f,0f,1f], start_interpolation: 0, interpolation_duration: 1 }
$data merge entity $(bone_right_arm) { transformation: [-1.3293824999999997f,-2.4878381396589513e-17f,1.608902991138965e-16f,-1.74976375f,0f,1.3137689922181204f,0.2031474006538931f,3.5348399840016476f,-1.628024023467506e-16f,0.2031474006538931f,-1.3137689922181204f,-0.5433635341975958f,0f,0f,0f,1f], start_interpolation: 0, interpolation_duration: 1 }
$data merge entity $(bone_left_thumb_2) { transformation: [-0.9107870989023196f,-0.25368081056244596f,0.32574976105206377f,3.032816891506069f,-0.33586625938982473f,0.9140942111250178f,-0.2272127395002712f,-2.0112462121327903f,-0.24012645892650653f,-0.31635078558478635f,-0.917748039596547f,-1.6724897541349484f,0f,0f,0f,1f], start_interpolation: 0, interpolation_duration: 1 }
$data merge entity $(bone_left_thumb) { transformation: [-0.9107870989023196f,-0.25368081056244596f,0.32574976105206377f,3.140107326285494f,-0.33586625938982473f,0.9140942111250178f,-0.2272127395002712f,-1.6480906809543303f,-0.24012645892650653f,-0.31635078558478635f,-0.917748039596547f,-1.6783192186288374f,0f,0f,0f,1f], start_interpolation: 0, interpolation_duration: 1 }
$data merge entity $(bone_left_fingers_2) { transformation: [0.9251780735046697f,0.30973406311036467f,0.2193406994958576f,3.176646666926891f,0.2946892285442383f,-0.9504376883183892f,0.0991284984451869f,-2.4276592886620714f,0.23917313997643855f,-0.027074171698140807f,-0.9705994015765054f,-1.9739558896545963f,0f,0f,0f,1f], start_interpolation: 0, interpolation_duration: 1 }
$data merge entity $(bone_left_fingers) { transformation: [-0.4278442163232497f,0.8768346389732855f,0.2193406994958576f,3.584908690532909f,0.9038418992491265f,0.41622513374102466f,0.0991284984451869f,-2.285727933587414f,-0.004375810836363861f,0.24066086914754928f,-0.9705994015765054f,-1.8758974942016524f,0f,0f,0f,1f], start_interpolation: 0, interpolation_duration: 1 }
$data merge entity $(bone_left_hand) { transformation: [-0.9378079190604204f,-0.2690835641436166f,0.2193406994958576f,3.338341532253336f,-0.25295124000307606f,0.9623872458511222f,0.0991284984451869f,-1.5326837871656025f,-0.23776454136071284f,0.0374809889258456f,-0.9705994015765054f,-1.8458423061594982f,0f,0f,0f,1f], start_interpolation: 0, interpolation_duration: 1 }
$data merge entity $(bone_left_forearm) { transformation: [-1.7599519083358912f,-0.26333055384439213f,0.4000685708605063f,2.8871190898830696f,-0.228305868160321f,1.8005593706005594f,0.18080637472054206f,1.113001338720279f,-0.4210395142286818f,0.12438462118778428f,-1.7703340800830654f,-1.7540033377804485f,0f,0f,0f,1f], start_interpolation: 0, interpolation_duration: 1 }
$data merge entity $(bone_left_bicep) { transformation: [-1.533298853359444f,-0.37136506433219724f,0.14566115186851974f,2.301155439895683f,-0.26521763035385343f,1.3811680661868075f,0.7294991003276063f,3.2580568512609602f,-0.29797447998043003f,0.6816137600011047f,-1.3988382491700229f,-0.6732194057725231f,0f,0f,0f,1f], start_interpolation: 0, interpolation_duration: 1 }
$data merge entity $(bone_left_shoulder) { transformation: [-1.001202790212102f,-0.1507858701732f,-0.03563106642318174f,1.827643125f,-0.15118579356720413f,0.899800793681017f,0.44035708939598905f,3.379203763905534f,-0.033894060863181565f,0.44049419032941095f,-0.9117176315017057f,-0.5733091616117134f,0f,0f,0f,1f], start_interpolation: 0, interpolation_duration: 1 }
$data merge entity $(bone_left_arm) { transformation: [-1.3293824999999997f,-2.4878381396589513e-17f,1.608902991138965e-16f,1.749763125f,0f,1.3137689922181204f,0.2031474006538931f,3.5348399840016476f,-1.628024023467506e-16f,0.2031474006538931f,-1.3137689922181204f,-0.5433635341975953f,0f,0f,0f,1f], start_interpolation: 0, interpolation_duration: 1 }
$data merge entity $(bone_chest) { transformation: [-2.632522916666667f,-4.926566218232569e-17f,3.186046149145843e-16f,2.043722860842382e-17f,0f,2.6016041126013576f,0.4022846604966131f,4.263534942245865f,-3.2239107635778877e-16f,0.4022846604966131f,-2.6016041126013576f,-0.336347826928752f,0f,0f,0f,1f], start_interpolation: 0, interpolation_duration: 1 }
$data merge entity $(bone_weist) { transformation: [-1.9493945833333333f,-5.374536198997236e-18f,2.386714779571578e-16f,3.0521380706127866e-17f,0f,1.9489005166496183f,0.04388641853911836f,0.316594638266561f,-2.387319836754355e-16f,0.04388641853911836f,-1.9489005166496183f,-0.41869117771956793f,0f,0f,0f,1f], start_interpolation: 0, interpolation_duration: 1 }
$data merge entity $(bone_right_foot) { transformation: [-1.1492590327990058f,0.006884871225218578f,0.25445465009441065f,-1.589705006642149f,0.014686504185563725f,1.1765139247427094f,0.03449907763804831f,-8.616805763984067f,-0.254123743481919f,0.03685754076550437f,-1.148761741861217f,-1.1375940360858023f,0f,0f,0f,1f], start_interpolation: 0, interpolation_duration: 1 }
$data merge entity $(bone_right_knee) { transformation: [-2.8230734696778317f,0.2069558275386821f,0.65142471459331f,-1.3738354584419543f,0.3029193502114856f,2.86040916395559f,0.4040148147783164f,-5.046472166087967f,-0.6127191368013957f,0.4606054588698282f,-2.8016685312846508f,-0.6755479420467061f,0f,0f,0f,1f], start_interpolation: 0, interpolation_duration: 1 }
$data merge entity $(bone_right_thigh) { transformation: [-2.406360441092701f,0.31411017377074985f,0.4906902782987586f,-0.8928749999999999f,0.2582055157330392f,2.4442375497684665f,-0.298404817129247f,-1.6279825566405677f,-0.5222758486932351f,-0.23885209225504697f,-2.4083584323842264f,-0.9581621200084703f,0f,0f,0f,1f], start_interpolation: 0, interpolation_duration: 1 }
$data merge entity $(bone_right_leg) { transformation: [-1f,-2.7570283845803762e-18f,1.224336417048239e-16f,-0.8089787499999999f,0f,0.9997465537824209f,0.02251284522606785f,-1.5145129757786604f,-1.2246467991473532e-16f,0.02251284522606785f,-0.9997465537824209f,-0.9969543036288696f,0f,0f,0f,1f], start_interpolation: 0, interpolation_duration: 1 }
$data merge entity $(bone_left_foot) { transformation: [-1.1741452804355523f,0.005522115433791851f,-0.08332623565610711f,1.6239494828002468f,0.006049081535092758f,1.1770734940658112f,-0.007231393838522885f,-8.638154746989049f,0.08328963873173553f,-0.007641379810080485f,-1.1741359973491563f,-0.522144128831681f,0f,0f,0f,1f], start_interpolation: 0, interpolation_duration: 1 }
$data merge entity $(bone_left_knee) { transformation: [-2.883739960343798f,-0.27484608216859874f,-0.2131482131450935f,1.3401802570840196f,-0.29762370347445255f,2.871070879417324f,0.32450088601730037f,-5.057428500320736f,0.17997961212461128f,0.34400628629784297f,-2.8785752904416215f,-0.1977324930711255f,0f,0f,0f,1f], start_interpolation: 0, interpolation_duration: 1 }
$data merge entity $(bone_left_thigh) { transformation: [-2.4580719692574857f,-0.2843731148574432f,-0.0838262991904262f,0.8928750000000001f,-0.25369155782338115f,2.379805541430529f,-0.6341757653874482f,-1.7233009828923875f,0.15341287553146735f,-0.6210235417936144f,-2.3918208488719097f,-1.0228243973954934f,0f,0f,0f,1f], start_interpolation: 0, interpolation_duration: 1 }
$data merge entity $(bone_left_leg) { transformation: [-1f,-2.7570283845803762e-18f,1.224336417048239e-16f,0.8089781250000001f,0f,0.9997465537824209f,0.02251284522606785f,-1.5131059229520307f,-1.2246467991473532e-16f,0.02251284522606785f,-0.9997465537824209f,-1.0594384632402707f,0f,0f,0f,1f], start_interpolation: 0, interpolation_duration: 1 }
data modify entity @s data merge value {"locators":{"consume":{"posx":3.3737847136043437,"posy":-2.4228043384811757,"posz":-1.7722791879597535,"roty":12.734077485946983,"rotx":5.688987763579866}},"cameras":{}}