# This file was generated by Animated Java via MC-Build. It is not recommended to edit this file directly.
$data merge entity $(bone_neck) { transformation: [-1.2033625000000001f,-8.230617388873623e-19f,1.4736710495595464e-16f,1.1102230246251565e-16f,0f,1.2033437319115794f,0.006720809130113352f,3.7454997055892942f,-1.473694033838957e-16f,0.006720809130113352f,-1.2033437319115794f,-0.5571938494057402f,0f,0f,0f,1f], start_interpolation: 0, interpolation_duration: 1 }
$data merge entity $(bone_right_thumb_2) { transformation: [-0.9568903976718687f,0.25404184426946347f,-0.14079598077907718f,-2.553629797849209f,0.2768376668656004f,0.9443808957103835f,-0.17749825357356164f,-2.319117222212679f,0.08787305074813034f,-0.2088240052710013f,-0.9739973623038171f,-1.4183413167742631f,0f,0f,0f,1f], start_interpolation: 0, interpolation_duration: 1 }
$data merge entity $(bone_right_thumb) { transformation: [-0.9568903976718687f,0.25404184426946347f,-0.14079598077907718f,-2.6786810556545335f,0.2768376668656004f,0.9443808957103835f,-0.17749825357356164f,-1.9616602710758861f,0.08787305074813034f,-0.2088240052710013f,-0.9739973623038171f,-1.4220656801088543f,0f,0f,0f,1f], start_interpolation: 0, interpolation_duration: 1 }
$data merge entity $(bone_right_fingers_2) { transformation: [0.9684930188455328f,-0.24486429235578736f,-0.0454175161866543f,-2.6164938227393892f,-0.2352170787601915f,-0.9593088113338638f,0.15620349021942687f,-2.7196917222512766f,-0.08181808056283997f,-0.14059901431485286f,-0.9866801502344639f,-1.7655543202185031f,0f,0f,0f,1f], start_interpolation: 0, interpolation_duration: 1 }
$data merge entity $(bone_right_fingers) { transformation: [-0.36918315033168947f,-0.9282462231189543f,-0.0454175161866543f,-3.0431957418328426f,-0.920399801831886f,0.3584196903507034f,0.15620349021942687f,-2.6035258346549766f,-0.1287167677460628f,0.09946996950990634f,-0.9866801502344639f,-1.7360789543693247f,0f,0f,0f,1f], start_interpolation: 0, interpolation_duration: 1 }
$data merge entity $(bone_right_hand) { transformation: [-0.9782520585122806f,0.2023861636573019f,-0.0454175161866543f,-2.849603515580622f,0.19314874157649667f,0.9686557867842864f,0.15620349021942687f,-1.8439974044304397f,0.07560736501096237f,0.14403404975697476f,-0.9866801502344639f,-1.6160257247341827f,0f,0f,0f,1f], start_interpolation: 0, interpolation_duration: 1 }
$data merge entity $(bone_right_forearm) { transformation: [-1.8172103343254529f,0.13308923418246024f,-0.0828397138998449f,-2.5744703542334344f,0.11866932007029699f,1.7976576703105474f,0.28490885293583823f,0.8066420381059562f,0.10243414922932349f,0.27846493091929525f,-1.7996647157049235f,-1.2842152921936152f,0f,0f,0f,1f], start_interpolation: 0, interpolation_duration: 1 }
$data merge entity $(bone_right_bicep) { transformation: [-1.5734533913880178f,0.18537104365380716f,0.004069052438903741f,-2.280554325806692f,0.180177215841311f,1.5204245968971728f,0.4074061510645734f,3.1734107645893093f,0.043762448568674235f,0.40506934864079097f,-1.5310578783215565f,-0.6325024549344156f,0f,0f,0f,1f], start_interpolation: 0, interpolation_duration: 1 }
$data merge entity $(bone_right_shoulder) { transformation: [-1.0126610681683934f,0.0303935737247608f,0.002601991376963025f,-1.827643125f,0.03004040078552308f,0.9785909107592216f,0.2605194471952572f,3.368834628409498f,0.005302264000726887f,0.2604784803443747f,-0.9790484288025755f,-0.5579806371702083f,0f,0f,0f,1f], start_interpolation: 0, interpolation_duration: 1 }
$data merge entity $(bone_right_arm) { transformation: [-1.3293824999999997f,-2.2151122851210192e-17f,1.6128840617447946e-16f,-1.74976375f,0f,1.3170197830654087f,0.18087764461257455f,3.5249554913212053f,-1.628024023467506e-16f,0.18087764461257455f,-1.3170197830654087f,-0.5306740487576114f,0f,0f,0f,1f], start_interpolation: 0, interpolation_duration: 1 }
$data merge entity $(bone_left_thumb_2) { transformation: [-0.9340318710531744f,-0.17060699911404714f,0.3138115926956906f,2.558374283607161f,-0.28157817250475187f,0.8922407333719806f,-0.3530158728452799f,-2.1914098197372356f,-0.21976850690167285f,-0.4180905710072043f,-0.8814204886483405f,-1.060674787682703f,0f,0f,0f,1f], start_interpolation: 0, interpolation_duration: 1 }
$data merge entity $(bone_left_thumb) { transformation: [-0.9340318710531744f,-0.17060699911404714f,0.3138115926956906f,2.69671197356474f,-0.28157817250475187f,0.8922407333719806f,-0.3530158728452799f,-1.8414941954316444f,-0.21976850690167285f,-0.4180905710072043f,-0.8814204886483405f,-1.1036736165153849f,0f,0f,0f,1f], start_interpolation: 0, interpolation_duration: 1 }
$data merge entity $(bone_left_fingers_2) { transformation: [0.944817522514308f,0.22665138442496424f,0.23653540768386483f,2.668593902747075f,0.2394717397240439f,-0.9705399220708821f,-0.026562107224121556f,-2.6489833247991705f,0.22354671776491095f,0.08173988992464504f,-0.9712597260113498f,-1.3125612869027357f,0f,0f,0f,1f], start_interpolation: 0, interpolation_duration: 1 }
$data merge entity $(bone_left_fingers) { transformation: [-0.348035783967966f,0.9071505354623516f,0.23653540768386483f,3.086623387092555f,0.930979484164824f,0.3641039062191074f,-0.026562107224121556f,-2.5323509927162595f,-0.11021929568819452f,0.21096504802065244f,-0.9712597260113498f,-1.2226386105537241f,0f,0f,0f,1f], start_interpolation: 0, interpolation_duration: 1 }
$data merge entity $(bone_left_hand) { transformation: [-0.9538046601214187f,-0.1852233010247172f,0.23653540768386483f,2.9058042934290134f,-0.19690945887608619f,0.9800617936971839f,-0.026562107224121556f,-1.762340354761876f,-0.22689939474531887f,-0.07191112078507621f,-0.9712597260113498f,-1.2788723827395514f,0f,0f,0f,1f], start_interpolation: 0, interpolation_duration: 1 }
$data merge entity $(bone_left_forearm) { transformation: [-1.7689147105733007f,-0.10787298174030896f,0.43143102364264224f,2.684135973221122f,-0.1227545539589658f,1.819179114892544f,-0.04844821002496408f,0.9062198920881217f,-0.4274349398835084f,-0.07602190067830895f,-1.771538485164109f,-1.4821830777199396f,0f,0f,0f,1f], start_interpolation: 0, interpolation_duration: 1 }
$data merge entity $(bone_left_bicep) { transformation: [-1.55253877137037f,-0.24894125193955674f,0.1943866568416032f,2.2885238165321757f,-0.166511819886946f,1.473685372223827f,0.5573686333253469f,3.1981604108009525f,-0.2683872819513367f,0.5257511128469381f,-1.4702682034616972f,-0.6436068207006396f,0f,0f,0f,1f], start_interpolation: 0, interpolation_duration: 1 }
$data merge entity $(bone_left_shoulder) { transformation: [-1.0105827205307638f,-0.07138121290527398f,-0.0063455555826635104f,1.827643125f,-0.06937699706177634f,0.9520304420465342f,0.33946700629400145f,3.368834628409498f,-0.017954829717126353f,0.33905123289510875f,-0.9545338465601816f,-0.557980637170208f,0f,0f,0f,1f], start_interpolation: 0, interpolation_duration: 1 }
$data merge entity $(bone_left_arm) { transformation: [-1.3293824999999997f,-2.2151122851210192e-17f,1.6128840617447946e-16f,1.749763125f,0f,1.3170197830654087f,0.18087764461257455f,3.5249554913212053f,-1.628024023467506e-16f,0.18087764461257455f,-1.3170197830654087f,-0.530674048757611f,0f,0f,0f,1f], start_interpolation: 0, interpolation_duration: 1 }
$data merge entity $(bone_chest) { transformation: [-2.632522916666667f,-4.38649813245695e-17f,3.1939297038057806e-16f,2.5070788390658228e-17f,0f,2.608041523506629f,0.3581847546174947f,4.257050569887818f,-3.2239107635778877e-16f,0.3581847546174947f,-2.608041523506629f,-0.33602400081231404f,0f,0f,0f,1f], start_interpolation: 0, interpolation_duration: 1 }
$data merge entity $(bone_weist) { transformation: [-1.9493945833333333f,-1.333323994669884e-18f,2.3872826032276456e-16f,2.697073629679382e-17f,0f,1.9493641798515005f,0.010887416646156231f,0.3092818965002331f,-2.387319836754355e-16f,0.010887416646156231f,-1.9493641798515005f,-0.3515382528191654f,0f,0f,0f,1f], start_interpolation: 0, interpolation_duration: 1 }
$data merge entity $(bone_right_foot) { transformation: [-1.1393881095027731f,0.0033652854010107823f,0.2955914505773623f,-1.6305162970487428f,0.008911905869612742f,1.1768910068816214f,0.02095306019408757f,-8.59082353920041f,-0.2954762405575627f,0.02251949492985216f,-1.1392004031295972f,-0.624712870924008f,0f,0f,0f,1f], start_interpolation: 0, interpolation_duration: 1 }
$data merge entity $(bone_right_knee) { transformation: [-2.802100660714007f,0.21249511750788186f,0.7348512780117239f,-1.4044490787840096f,0.277919700229155f,2.8824476910438745f,0.22624022001933666f,-4.99978136556416f,-0.7126859167857107f,0.2885651087106213f,-2.8010243930719643f,-0.37838387321053346f,0f,0f,0f,1f], start_interpolation: 0, interpolation_duration: 1 }
$data merge entity $(bone_right_thigh) { transformation: [-2.3884834221729982f,0.3370760631548945f,0.5581571396943908f,-0.8928749999999999f,0.236896056590444f,2.423163164196172f,-0.44963681009649753f,-1.607774841905514f,-0.6074865622511524f,-0.38035868633416836f,-2.369873428973262f,-0.857809207796652f,0f,0f,0f,1f], start_interpolation: 0, interpolation_duration: 1 }
$data merge entity $(bone_right_leg) { transformation: [-1f,-6.839682463824178e-19f,1.224627699101099e-16f,-0.8089787499999999f,0f,0.9999844036286483f,0.005585024570828284f,-1.531352662769482f,-1.2246467991473532e-16f,0.005585024570828284f,-0.9999844036286483f,-0.8987199011067861f,0f,0f,0f,1f], start_interpolation: 0, interpolation_duration: 1 }
$data merge entity $(bone_left_foot) { transformation: [-1.1719638168509965f,0.009687304145960984f,-0.10953475707276669f,1.6886191835022801f,0.010873440056838874f,1.1769973245943322f,-0.012245859532008256f,-8.584843041227266f,0.10942337579300272f,-0.013204124837754013f,-1.1719398750763175f,-0.88027975970062f,0f,0f,0f,1f], start_interpolation: 0, interpolation_duration: 1 }
$data merge entity $(bone_left_knee) { transformation: [-2.8759906476995325f,-0.2933184916090158f,-0.2820828696660948f,1.3793944002724858f,-0.3335188377142294f,2.852568497454086f,0.4342198069599224f,-5.022520863157428f,0.23317733116363787f,0.4623266359910214f,-2.8581132067184907f,-0.4095260347785452f,0f,0f,0f,1f], start_interpolation: 0, interpolation_duration: 1 }
$data merge entity $(bone_left_thigh) { transformation: [-2.4514665303296255f,-0.31329196684908917f,-0.1489050607619455f,0.8928750000000001f,-0.2842882220583252f,2.4235858965529427f,-0.41883687966515804f,-1.6314254035569253f,0.19875809521024757f,-0.3976081846196818f,-2.4356550810923325f,-0.9204422736131422f,0f,0f,0f,1f], start_interpolation: 0, interpolation_duration: 1 }
$data merge entity $(bone_left_leg) { transformation: [-1f,-6.839682463824178e-19f,1.224627699101099e-16f,0.8089781250000001f,0f,0.9999844036286483f,0.005585024570828284f,-1.5310035987338058f,-1.2246467991473532e-16f,0.005585024570828284f,-0.9999844036286483f,-0.9612189263335765f,0f,0f,0f,1f], start_interpolation: 0, interpolation_duration: 1 }
data modify entity @s data merge value {"locators":{"consume":{"posx":2.863439291061618,"posy":-2.638858557844305,"posz":-1.108862401922391,"roty":13.68707033085812,"rotx":-1.522075656990413}},"cameras":{}}