# This file was generated by Animated Java via MC-Build. It is not recommended to edit this file directly.
$data merge entity $(bone_neck) { transformation: [-1.2033625000000001f,-1.3544346489451683e-17f,1.46745670232205e-16f,1.1102230246251565e-16f,0f,1.198269332303608f,0.11059798220092343f,3.800373325629754f,-1.473694033838957e-16f,0.11059798220092343f,-1.198269332303608f,-0.6045306043903105f,0f,0f,0f,1f], start_interpolation: 0, interpolation_duration: 1 }
$data merge entity $(bone_right_thumb_2) { transformation: [-0.7450570011003246f,0.6560060516312826f,-0.12060731874362256f,-4.721117376033435f,0.6198743866370306f,0.7477626824343112f,0.23792165842984633f,-0.27306209670879744f,0.24626369992907138f,0.1025038095964173f,-0.9637671705943638f,-3.8011300548132265f,0f,0f,0f,1f], start_interpolation: 0, interpolation_duration: 1 }
$data merge entity $(bone_right_thumb) { transformation: [-0.7450570011003246f,0.6560060516312826f,-0.12060731874362256f,-4.67754343192326f,0.6198743866370306f,0.7477626824343112f,0.23792165842984633f,0.08145992715727213f,0.24626369992907138f,0.1025038095964173f,-0.9637671705943638f,-3.6752626409781017f,0f,0f,0f,1f], start_interpolation: 0, interpolation_duration: 1 }
$data merge entity $(bone_right_fingers_2) { transformation: [0.7730360890598373f,-0.6245692692866912f,0.11103347636528119f,-4.922086845300078f,-0.5921839802651598f,-0.6477402827145231f,0.4793231265714416f,-0.4645426406191031f,-0.22744963954331393f,-0.4362863211373905f,-0.8705865307136437f,-4.2571072024794585f,0f,0f,0f,1f], start_interpolation: 0, interpolation_duration: 1 }
$data merge entity $(bone_right_fingers) { transformation: [-0.7201274497599466f,-0.6849000096572315f,0.11103347636528119f,-5.2566673636401395f,-0.564903254764408f,0.6716648368720488f,0.4793231265714416f,-0.19097287678773045f,-0.40286569580793796f,0.28245056856230205f,-0.8705865307136437f,-4.158855996606157f,0f,0f,0f,1f], start_interpolation: 0, interpolation_duration: 1 }
$data merge entity $(bone_right_hand) { transformation: [-0.7995436588873266f,0.5902554571194634f,0.11103347636528119f,-4.763159026554206f,0.5633663180293165f,0.672954479919607f,0.4793231265714416f,0.31908171235245253f,0.2082026158412929f,0.4457922871661473f,-0.8705865307136437f,-3.8052064502269993f,0f,0f,0f,1f], start_interpolation: 0, interpolation_duration: 1 }
$data merge entity $(bone_right_forearm) { transformation: [-1.5863838304435824f,0.8770406612786256f,0.20252057328726977f,-3.3925362449605188f,0.8585531979638367f,1.3510639922919447f,0.8742660102232772f,2.303036807550113f,0.27037254003822536f,0.8557186037650522f,-1.5879146458160698f,-2.623258378287736f,0f,0f,0f,1f], start_interpolation: 0, interpolation_duration: 1 }
$data merge entity $(bone_right_bicep) { transformation: [-1.3552065461876273f,0.7005369883220561f,0.4275484780073165f,-2.300839048894522f,0.7673247076079978f,0.7887518981018166f,1.1398323526811251f,3.5168562432439217f,0.291140114288653f,1.1820545364393944f,-1.0139620617254597f,-0.76650043275261f,0f,0f,0f,1f], start_interpolation: 0, interpolation_duration: 1 }
$data merge entity $(bone_right_shoulder) { transformation: [-0.9023437598446121f,0.3707308418891505f,0.2733996353481304f,-1.827643125f,0.4448462569939196f,0.5452199723232963f,0.7288758248735675f,3.4251829037638f,0.11958480411335086f,0.769224806749487f,-0.6483869600579778f,-0.6378374616706971f,0f,0f,0f,1f], start_interpolation: 0, interpolation_duration: 1 }
$data merge entity $(bone_right_arm) { transformation: [-1.3293824999999997f,-3.5994783941722464e-17f,1.5877341634814686e-16f,-1.74976375f,0f,1.2964833326530643f,0.2939197160094113f,3.578362929144257f,-1.628024023467506e-16f,0.2939197160094113f,-1.2964833326530643f,-0.5971526557663578f,0f,0f,0f,1f], start_interpolation: 0, interpolation_duration: 1 }
$data merge entity $(bone_left_thumb_2) { transformation: [-0.7825080779338542f,-0.5869939678906223f,0.20765160637059388f,4.547932238745582f,-0.5284161919661582f,0.8024681643742644f,0.27716632774163297f,-0.32396024039671073f,-0.3293287658803116f,0.10715841929508513f,-0.938114938127482f,-3.8703306858373776f,0f,0f,0f,1f], start_interpolation: 0, interpolation_duration: 1 }
$data merge entity $(bone_left_thumb) { transformation: [-0.7825080779338542f,-0.5869939678906223f,0.20765160637059388f,4.530017117501139f,-0.5284161919661582f,0.8024681643742644f,0.27716632774163297f,0.025712532514682473f,-0.3293287658803116f,0.10715841929508513f,-0.938114938127482f,-3.725986790253923f,0f,0f,0f,1f], start_interpolation: 0, interpolation_duration: 1 }
$data merge entity $(bone_left_fingers_2) { transformation: [0.8089213855423059f,0.5878898178221089f,-0.005635078828466422f,4.760049969793849f,0.49915600037907676f,-0.6816986503382019f,0.5349114295027133f,-0.5092020505303726f,0.3106275572093991f,-0.4355140781055885f,-0.8448893468815667f,-4.323828453660632f,0f,0f,0f,1f], start_interpolation: 0, interpolation_duration: 1 }
$data merge entity $(bone_left_fingers) { transformation: [-0.6884457671939206f,0.7252659315860427f,-0.005635078828466422f,5.111824381543264f,0.610713691830001f,0.5838651806699331f,0.5349114295027133f,-0.275996879224947f,0.3912431625525792f,0.3648160896697065f,-0.8448893468815667f,-4.188521581308282f,0f,0f,0f,1f], start_interpolation: 0, interpolation_duration: 1 }
$data merge entity $(bone_left_hand) { transformation: [-0.8337948653172929f,-0.5520456217171857f,-0.005635078828466422f,4.646527670595673f,-0.4689456369751006f,0.7028227032114005f,0.5349114295027133f,0.26041358758923616f,-0.29133505132842186f,0.4486489489495157f,-0.8448893468815667f,-3.8356236552673195f,0f,0f,0f,1f], start_interpolation: 0, interpolation_duration: 1 }
$data merge entity $(bone_left_forearm) { transformation: [-1.6392253956222282f,-0.7997893619505304f,-0.010278156032020104f,3.394956234558639f,-0.6806961913372699f,1.3825971975094935f,0.9756568280760066f,2.3029738752886786f,-0.42002542670603854f,0.8806761763458596f,-1.5410440211008745f,-2.6218682080891496f,0f,0f,0f,1f], start_interpolation: 0, interpolation_duration: 1 }
$data merge entity $(bone_left_bicep) { transformation: [-1.3994878872592906f,-0.7004930475048055f,-0.24673406675095338f,2.3008629064873993f,-0.611864914074824f,0.7891697349546759f,1.230027240446032f,3.5167467090323354f,-0.4209388746863868f,1.1818016651335803f,-0.9676207128564175f,-0.7664906841846186f,0f,0f,0f,1f], start_interpolation: 0, interpolation_duration: 1 }
$data merge entity $(bone_left_shoulder) { transformation: [-0.9024070965109771f,-0.37069709497562353f,-0.2732362981195982f,1.827643125f,-0.44473148624450237f,0.5454781412553305f,0.7287526886552296f,3.4251829037638f,-0.11953374409021254f,0.7690580211246115f,-0.6485941896398028f,-0.6378374616706965f,0f,0f,0f,1f], start_interpolation: 0, interpolation_duration: 1 }
$data merge entity $(bone_left_arm) { transformation: [-1.3293824999999997f,-3.5994783941722464e-17f,1.5877341634814686e-16f,1.749763125f,0f,1.2964833326530643f,0.2939197160094113f,3.578362929144257f,-1.628024023467506e-16f,0.2939197160094113f,-1.2964833326530643f,-0.5971526557663573f,0f,0f,0f,1f], start_interpolation: 0, interpolation_duration: 1 }
$data merge entity $(bone_chest) { transformation: [-2.632522916666667f,-7.127902887773063e-17f,3.1441263676477965e-16f,1.3623234792996436e-18f,0f,2.567374013337445f,0.5820374407327719f,4.290916885939387f,-3.2239107635778877e-16f,0.5820374407327719f,-2.567374013337445f,-0.34001708086050064f,0f,0f,0f,1f], start_interpolation: 0, interpolation_duration: 1 }
$data merge entity $(bone_weist) { transformation: [-1.9493945833333333f,-2.194124852762734e-17f,2.3772156326815894e-16f,4.4999544333338406e-17f,0f,1.94114387457404f,0.17916389070631378f,0.35923140498514394f,-2.387319836754355e-16f,0.17916389070631378f,-1.94114387457404f,-0.6963420300982783f,0f,0f,0f,1f], start_interpolation: 0, interpolation_duration: 1 }
$data merge entity $(bone_right_foot) { transformation: [-1.1730082487432216f,0.0072804515801931455f,0.09792618792596247f,-1.5786003866956406f,0.014820381286663593f,1.1735507548522255f,0.09027666897295344f,-8.442257355195176f,-0.09707162075210428f,0.09119493235439548f,-1.169551828536897f,-3.1835963849995057f,0f,0f,0f,1f], start_interpolation: 0, interpolation_duration: 1 }
$data merge entity $(bone_right_knee) { transformation: [-2.8743705415602148f,0.24534078131718168f,0.33871902717080626f,-1.3269410883094377f,0.35610167689048816f,2.669360090423233f,1.0884103049427074f,-5.0844114448602165f,-0.21934966163786285f,1.1185943398803562f,-2.67162143973674f,-1.891734668287842f,0f,0f,0f,1f], start_interpolation: 0, interpolation_duration: 1 }
$data merge entity $(bone_right_thigh) { transformation: [-2.4500855675718722f,0.27672674815116094f,0.2247570719082322f,-0.8928749999999999f,0.3035376151134444f,2.4379259005123166f,0.3072375998498788f,-1.6859112045488958f,-0.18697152383804544f,0.3315906111577282f,-2.4464468191245823f,-1.3827673867724461f,0f,0f,0f,1f], start_interpolation: 0, interpolation_duration: 1 }
$data merge entity $(bone_right_leg) { transformation: [-1f,-1.1255416792073611e-17f,1.2194635467883116e-16f,-0.8089787499999999f,0f,0.9957675532548238f,0.09190745282566427f,-1.4272827897544458f,-1.2246467991473532e-16f,0.09190745282566427f,-0.9957675532548238f,-1.4004090503419029f,0f,0f,0f,1f], start_interpolation: 0, interpolation_duration: 1 }
$data merge entity $(bone_left_foot) { transformation: [-1.1770869365889276f,-0.00729213420334532f,-0.002015779506005167f,1.1852888298939244f,-0.007311898965853837f,1.1770299163879645f,0.011747635413865786f,-8.532393153565788f,0.0019428643209381915f,0.01175991424562142f,-1.1770509014361819f,0.6790051221450835f,0f,0f,0f,1f], start_interpolation: 0, interpolation_duration: 1 }
$data merge entity $(bone_left_knee) { transformation: [-2.9011473890889032f,-0.14109498705763554f,0.01909764236418698f,1.0758369337310043f,-0.14173031226841945f,2.899002744621316f,-0.11235788266249291f,-4.935439215941058f,-0.013602716675761479f,-0.11315467219389518f,-2.9024023971175597f,0.4396079845430585f,0f,0f,0f,1f], start_interpolation: 0, interpolation_duration: 1 }
$data merge entity $(bone_left_thigh) { transformation: [-2.4729098926637585f,-0.09321468670113509f,0.07772006103952889f,0.8928750000000001f,-0.12080954336103802f,2.0421175796292874f,-1.3946947939033043f,-2.0580529251339694f,-0.011594823744944874f,-1.396810486820346f,-2.044211032870651f,-1.4798810126513435f,0f,0f,0f,1f], start_interpolation: 0, interpolation_duration: 1 }
$data merge entity $(bone_left_leg) { transformation: [-1f,-1.1255416792073611e-17f,1.2194635467883116e-16f,0.8089781250000001f,0f,0.9957675532548238f,0.09190745282566427f,-1.4215385739528417f,-1.2246467991473532e-16f,0.09190745282566427f,-0.9957675532548238f,-1.4626445224203293f,0f,0f,0f,1f], start_interpolation: 0, interpolation_duration: 1 }
data modify entity @s data merge value {"locators":{"consume":{"posx":4.9785942496156945,"posy":-0.509448032138071,"posz":-4.145506247399689,"roty":359.6178654068817,"rotx":32.33790498026212}},"cameras":{}}