# This file was generated by Animated Java via MC-Build. It is not recommended to edit this file directly.
$data merge entity $(bone_neck) { transformation: [-1.2033625000000001f,-1.5510273918530064e-17f,1.4655092103667425e-16f,1.1102230246251565e-16f,0f,1.1966790844405808f,0.12665099789856896f,3.8107250959094277f,-1.473694033838957e-16f,0.12665099789856896f,-1.1966790844405808f,-0.6148951947647517f,0f,0f,0f,1f], start_interpolation: 0, interpolation_duration: 1 }
$data merge entity $(bone_right_thumb_2) { transformation: [-0.7351397948432316f,0.6668411981796147f,-0.12203400529453608f,-4.800317617890008f,0.6283214962461975f,0.7378146093745761f,0.24666110262540597f,-0.22953379553374137f,0.25452225716583365f,0.10465380358026694f,-0.9613875399667878f,-3.8012887084722093f,0f,0f,0f,1f], start_interpolation: 0, interpolation_duration: 1 }
$data merge entity $(bone_right_thumb) { transformation: [-0.7351397948432316f,0.6668411981796147f,-0.12203400529453608f,-4.75119672143381f,0.6283214962461975f,0.7378146093745761f,0.24666110262540597f,0.12341329847692756f,0.25452225716583365f,0.10465380358026694f,-0.9613875399667878f,-3.6730598262431395f,0f,0f,0f,1f], start_interpolation: 0, interpolation_duration: 1 }
$data merge entity $(bone_right_fingers_2) { transformation: [0.7635937259401504f,-0.6356613593884498f,0.11339866791662845f,-5.006175719679071f,-0.6011611910639975f,-0.6357832859367147f,0.4841330764180744f,-0.4148455124128759f,-0.235647711771945f,-0.43785185794277626f,-0.8676150681222088f,-4.257633638303195f,0f,0f,0f,1f], start_interpolation: 0, interpolation_duration: 1 }
$data merge entity $(bone_right_fingers) { transformation: [-0.7298921697896588f,-0.6740906189782481f,0.11339866791662845f,-5.336430250746231f,-0.5518767906092577f,0.6790045451282312f,0.4841330764180744f,-0.13739100516044178f,-0.4033477760773811f,0.290782848704537f,-0.8676150681222088f,-4.155708275875904f,0f,0f,0f,1f], start_interpolation: 0, interpolation_duration: 1 }
$data merge entity $(bone_right_hand) { transformation: [-0.7905941129799132f,0.6017488601038129f,0.11339866791662845f,-4.834137998311228f,0.572856541386838f,0.6614004439885723f,0.4841330764180744f,0.36315025514149046f,0.21632459756535757f,0.4477139288155786f,-0.8676150681222088f,-3.8008349122522116f,0f,0f,0f,1f], start_interpolation: 0, interpolation_duration: 1 }
$data merge entity $(bone_right_forearm) { transformation: [-1.5729361573252365f,0.8999554767866643f,0.20683458708376865f,-3.430242948613173f,0.8784656155221532f,1.3324295697026691f,0.8830391643413958f,2.3191432981730795f,0.28460247531901334f,0.8611272514658646f,-1.5824948181459055f,-2.6113578090717278f,0f,0f,0f,1f], start_interpolation: 0, interpolation_duration: 1 }
$data merge entity $(bone_right_bicep) { transformation: [-1.3431974154189477f,0.7242712792183945f,0.42589479122750035f,-2.3015239035776855f,0.7830739106597466f,0.7880193848813405f,1.1295818940558455f,3.531904808470113f,0.30454968320360576f,1.1681571465492522f,-1.0260569805376303f,-0.7761702722814264f,0f,0f,0f,1f], start_interpolation: 0, interpolation_duration: 1 }
$data merge entity $(bone_right_shoulder) { transformation: [-0.8960164092746581f,0.3865194884957832f,0.27234217078951717f,-1.827643125f,0.4549197251589306f,0.5456310853096408f,0.7223210789337291f,3.4360148686079564f,0.12890157733213117f,0.76111916440438f,-0.6561211622897913f,-0.6532285347904847f,0f,0f,0f,1f], start_interpolation: 0, interpolation_duration: 1 }
$data merge entity $(bone_right_arm) { transformation: [-1.3293824999999997f,-3.811992760780512e-17f,1.5827663544897885e-16f,-1.74976375f,0f,1.2924268087678603f,0.31127283094477276f,3.588635745328263f,-1.628024023467506e-16f,0.31127283094477276f,-1.2924268087678603f,-0.6104939867508007f,0f,0f,0f,1f], start_interpolation: 0, interpolation_duration: 1 }
$data merge entity $(bone_left_thumb_2) { transformation: [-0.7730793849700595f,-0.6000246699082286f,0.20571499710968003f,4.630396376302001f,-0.5366698550922367f,0.7916083507350737f,0.2921329931414351f,-0.28022629444012875f,-0.3381327123624567f,0.11544095697809126f,-0.9339912495748502f,-3.884015135730826f,0f,0f,0f,1f], start_interpolation: 0, interpolation_duration: 1 }
$data merge entity $(bone_left_thumb) { transformation: [-0.7730793849700595f,-0.6000246699082286f,0.20571499710968003f,4.606509793538678f,-0.5366698550922367f,0.7916083507350737f,0.2921329931414351f,0.06728692071750347f,-0.3381327123624567f,0.11544095697809126f,-0.9339912495748502f,-3.7353841957094116f,0f,0f,0f,1f], start_interpolation: 0, interpolation_duration: 1 }
$data merge entity $(bone_left_fingers_2) { transformation: [0.8000068879477047f,0.5998725628165522f,-0.01191165883198858f,4.846663168772376f,0.5080702220820197f,-0.6667494671327742f,0.5452612195193131f,-0.456386368993379f,0.31914515297863316f,-0.4422646904943495f,-0.8381815524527974f,-4.339168942784337f,0f,0f,0f,1f], start_interpolation: 0, interpolation_duration: 1 }
$data merge entity $(bone_left_fingers) { transformation: [-0.699162422717236f,0.7148636366776776f,-0.01191165883198858f,5.194302526955876f,0.5947288615437536f,0.5907518800098582f,0.5452612195193131f,-0.21931079852240654f,0.3968242531739149f,0.3741419479566314f,-0.8381815524527974f,-4.1999572733070885f,0f,0f,0f,1f], start_interpolation: 0, interpolation_duration: 1 }
$data merge entity $(bone_left_hand) { transformation: [-0.8254115323447234f,-0.5644058067172993f,-0.01191165883198858f,4.719549874781938f,-0.478503448527245f,0.6882765812054377f,0.5452612195193131f,0.30516608260389066f,-0.2995500826570897f,0.45576466856037534f,-0.8381815524527974f,-3.8417560941516973f,0f,0f,0f,1f], start_interpolation: 0, interpolation_duration: 1 }
$data merge entity $(bone_left_forearm) { transformation: [-1.6270079953916825f,-0.824136826498587f,-0.02172638428000271f,3.4322526200826844f,-0.7014431717631316f,1.3585681110658472f,0.9945344267622714f,2.312201259587967f,-0.43318705122836054f,0.895499715487012f,-1.5288092751694906f,-2.606296078474309f,0f,0f,0f,1f], start_interpolation: 0, interpolation_duration: 1 }
$data merge entity $(bone_left_bicep) { transformation: [-1.3880140634099143f,-0.7238146465344928f,-0.2442209514393732f,2.301768746246137f,-0.6277813407526389f,0.7922165800883344f,1.2200073910921478f,3.5308102327561808f,-0.43524947313308077f,1.1655984744236743f,-0.9808530208150885f,-0.7760750972308856f,0f,0f,0f,1f], start_interpolation: 0, interpolation_duration: 1 }
$data merge entity $(bone_left_shoulder) { transformation: [-0.8966692420330925f,-0.38616925985947675f,-0.2706853372427547f,1.827643125f,-0.45378096948210694f,0.5482256426842206f,0.7210717406099012f,3.4360148686079564f,-0.1283747669696776f,0.7594306591848247f,-0.6581777660802769f,-0.6532285347904843f,0f,0f,0f,1f], start_interpolation: 0, interpolation_duration: 1 }
$data merge entity $(bone_left_arm) { transformation: [-1.3293824999999997f,-3.811992760780512e-17f,1.5827663544897885e-16f,1.749763125f,0f,1.2924268087678603f,0.31127283094477276f,3.588635745328263f,-1.628024023467506e-16f,0.31127283094477276f,-1.2924268087678603f,-0.6104939867508002f,0f,0f,0f,1f], start_interpolation: 0, interpolation_duration: 1 }
$data merge entity $(bone_chest) { transformation: [-2.632522916666667f,-7.548736575757643e-17f,3.1342888144859184e-16f,-2.3193618408848883e-18f,0f,2.5593410415706246f,0.6164011191645923f,4.297678742006754f,-3.2239107635778877e-16f,0.6164011191645923f,-2.5593410415706246f,-0.3438296395130279f,0f,0f,0f,1f], start_interpolation: 0, interpolation_duration: 1 }
$data merge entity $(bone_weist) { transformation: [-1.9493945833333333f,-2.5125964921458645e-17f,2.3740607809484156e-16f,4.7768407855870637e-17f,0f,1.9385677426351249f,0.2051690735561659f,0.3711231152320793f,-2.387319836754355e-16f,0.2051690735561659f,-1.9385677426351249f,-0.752827317305748f,0f,0f,0f,1f], start_interpolation: 0, interpolation_duration: 1 }
$data merge entity $(bone_right_foot) { transformation: [-1.1735478829474533f,-0.003608717604024821f,0.09145074337241559f,-1.522786900330224f,0.003389036325258222f,1.1736756858809076f,0.08980419634588044f,-8.405985608150898f,-0.09145914792353518f,0.08979563689733353f,-1.1701123291085627f,-3.3950379365980705f,0f,0f,0f,1f], start_interpolation: 0, interpolation_duration: 1 }
$data merge entity $(bone_right_knee) { transformation: [-2.87804451157945f,0.2244055556451043f,0.321606319118643f,-1.2977755810352667f,0.33420418469519664f,2.6497960663196056f,1.1418480890133265f,-5.071081052214252f,-0.2051731971619328f,1.1683970395575207f,-2.651354560531955f,-2.04036094037174f,0f,0f,0f,1f], start_interpolation: 0, interpolation_duration: 1 }
$data merge entity $(bone_right_thigh) { transformation: [-2.4532172239779158f,0.25571450051736205f,0.21528601706173678f,-0.8928749999999999f,0.2848724051768787f,2.4336071117115687f,0.35555148928766556f,-1.679050004825371f,-0.17488764303372226f,0.3770666293788045f,-2.440747383950678f,-1.4681321058162609f,0f,0f,0f,1f], start_interpolation: 0, interpolation_duration: 1 }
$data merge entity $(bone_right_leg) { transformation: [-1f,-1.2889111899805805e-17f,1.2178451716475645e-16f,-0.8089787499999999f,0f,0.9944460496654838f,0.10524758574292364f,-1.4057924480723063f,-1.2246467991473532e-16f,0.10524758574292364f,-0.9944460496654838f,-1.4807795258245768f,0f,0f,0f,1f], start_interpolation: 0, interpolation_duration: 1 }
$data merge entity $(bone_left_foot) { transformation: [-1.1770632502832976f,-0.010545198516479021f,0.0013410806574390111f,1.1516230604198223f,-0.01050602886158673f,1.1766521953565752f,0.03114690027392782f,-8.574487936587513f,-0.0016195884172268368f,0.03113366068040401f,-1.1766983330414633f,0.5603129980580008f,0f,0f,0f,1f], start_interpolation: 0, interpolation_duration: 1 }
$data merge entity $(bone_left_knee) { transformation: [-2.9015861791781017f,-0.12933511577110057f,0.031603182832215186f,1.057202590890759f,-0.13047659370147924f,2.8994914360410435f,-0.11337530310754892f,-4.977214448061796f,-0.02649890248122575f,-0.11467575457412785f,-2.902253601602412f,0.3193222095542032f,0f,0f,0f,1f], start_interpolation: 0, interpolation_duration: 1 }
$data merge entity $(bone_left_thigh) { transformation: [-2.473283913079427f,-0.07985147096830851f,0.08064211570747098f,0.8928750000000001f,-0.11121698281823156f,2.0555801250464953f,-1.3755849138405474f,-2.081121448961386f,-0.022587407429560034f,-1.377761523282275f,-2.0570064941384065f,-1.57353455457328f,0f,0f,0f,1f], start_interpolation: 0, interpolation_duration: 1 }
$data merge entity $(bone_left_leg) { transformation: [-1f,-1.2889111899805805e-17f,1.2178451716475645e-16f,0.8089781250000001f,0f,0.9944460496654838f,0.10524758574292364f,-1.3992144739633732f,-1.2246467991473532e-16f,0.10524758574292364f,-0.9944460496654838f,-1.5429324039286694f,0f,0f,0f,1f], start_interpolation: 0, interpolation_duration: 1 }
data modify entity @s data merge value {"locators":{"consume":{"posx":5.064703953402732,"posy":-0.45537500553060917,"posz":-4.160234135166321,"roty":359.18580665936304,"rotx":33.042516265929486}},"cameras":{}}