# This file was generated by Animated Java via MC-Build. It is not recommended to edit this file directly.
$data merge entity $(bone_neck) { transformation: [-1.2033625000000001f,-1.576233021455562e-17f,1.4652402533350177e-16f,1.1102230246251565e-16f,0f,1.19645946435754f,0.12870919374900558f,3.81182782441837f,-1.473694033838957e-16f,0.12870919374900558f,-1.19645946435754f,-0.6157608926905026f,0f,0f,0f,1f], start_interpolation: 0, interpolation_duration: 1 }
$data merge entity $(bone_right_thumb_2) { transformation: [-0.7290272258851387f,0.6755565859993156f,-0.11019347998483525f,-4.814272491891239f,0.6320644857473302f,0.7262018164360543f,0.27041709942593944f,-0.10000778251427492f,0.2627047578084224f,0.1274920425670747f,-0.9564162217920047f,-3.924823666276982f,0f,0f,0f,1f], start_interpolation: 0, interpolation_duration: 1 }
$data merge entity $(bone_right_thumb) { transformation: [-0.7290272258851387f,0.6755565859993156f,-0.11019347998483525f,-4.761645104737412f,0.6320644857473302f,0.7262018164360543f,0.27041709942593944f,0.2491932331809695f,0.2627047578084224f,0.1274920425670747f,-0.9564162217920047f,-3.788016617351409f,0f,0f,0f,1f], start_interpolation: 0, interpolation_duration: 1 }
$data merge entity $(bone_right_fingers_2) { transformation: [0.7576675628718275f,-0.6400641329137237f,0.12750596036761597f,-5.018480535971965f,-0.6057310215125915f,-0.6169271870516704f,0.5024846022057048f,-0.2719538473107676f,-0.24296047775137664f,-0.45795059955623607f,-0.8551324193462124f,-4.387103139108148f,0f,0f,0f,1f], start_interpolation: 0, interpolation_duration: 1 }
$data merge entity $(bone_right_fingers) { transformation: [-0.7334837574773008f,-0.6676404777930348f,0.12750596036761597f,-5.345941846785299f,-0.5325855256965778f,0.6810740652562497f,0.5024846022057048f,0.007470712768430254f,-0.42232006267223426f,0.3006564651684933f,-0.8551324193462124f,-4.281609805025015f,0f,0f,0f,1f], start_interpolation: 0, interpolation_duration: 1 }
$data merge entity $(bone_right_hand) { transformation: [-0.7848656365895819f,0.6064059387667327f,0.12750596036761597f,-4.840274182517074f,0.5782445138509024f,0.6427616251360283f,0.5024846022057048f,0.49290743820668226f,0.22275370861595972f,0.4681125192525078f,-0.8551324193462124f,-3.910900264765023f,0f,0f,0f,1f], start_interpolation: 0, interpolation_duration: 1 }
$data merge entity $(bone_right_forearm) { transformation: [-1.5636857680319296f,0.9097409340788981f,0.23256571834463333f,-3.4213591441302635f,0.8926464118504154f,1.3000067006424647f,0.916511605670533f,2.401919871011275f,0.291372208521128f,0.8995457591359397f,-1.5597269712855428f,-2.664289852814858f,0f,0f,0f,1f], start_interpolation: 0, interpolation_duration: 1 }
$data merge entity $(bone_right_bicep) { transformation: [-1.33612250792835f,0.7206467128441193f,0.45340877247548717f,-2.298672144458032f,0.792037535232705f,0.742469113605563f,1.1539283833963778f,3.5432611401368903f,0.3123903687267967f,1.1998093542276798f,-0.9864098169209392f,-0.7802451434642783f,0f,0f,0f,1f], start_interpolation: 0, interpolation_duration: 1 }
$data merge entity $(bone_right_shoulder) { transformation: [-0.8913075068855328f,0.38460484974970727f,0.2899362281353281f,-1.827643125f,0.4631684130387189f,0.5171139679203833f,0.7378896557153187f,3.4371840878338515f,0.13213223679152092f,0.7817194077144829f,-0.6307684347443422f,-0.6547387074039852f,0f,0f,0f,1f], start_interpolation: 0, interpolation_duration: 1 }
$data merge entity $(bone_right_arm) { transformation: [-1.3293824999999997f,-3.839211961797486e-17f,1.582108319967769e-16f,-1.74976375f,0f,1.2918894828037721f,0.31349544737882745f,3.5897312319545414f,-1.628024023467506e-16f,0.31349544737882745f,-1.2918894828037721f,-0.6117417025355913f,0f,0f,0f,1f], start_interpolation: 0, interpolation_duration: 1 }
$data merge entity $(bone_left_thumb_2) { transformation: [-0.7701263221150956f,-0.6089294773186694f,0.19002720762534958f,4.6394929749230815f,-0.5378959126165949f,0.780048768713778f,0.3196746871719424f,-0.1512181629762306f,-0.3428898295018915f,0.14397503283740104f,-0.9282767662414226f,-4.018262417277062f,0f,0f,0f,1f], start_interpolation: 0, interpolation_duration: 1 }
$data merge entity $(bone_left_thumb) { transformation: [-0.7701263221150956f,-0.6089294773186694f,0.19002720762534958f,4.612893926266898f,-0.5378959126165949f,0.780048768713778f,0.3196746871719424f,0.19185605640430045f,-0.3428898295018915f,0.14397503283740104f,-0.9282767662414226f,-3.860086153305572f,0f,0f,0f,1f], start_interpolation: 0, interpolation_duration: 1 }
$data merge entity $(bone_left_fingers_2) { transformation: [0.7971875917024995f,0.603000757945398f,-0.02969898235366311f,4.852305261855594f,0.5101798127786408f,-0.6465399831713492f,0.5671883362640158f,-0.31224226437170133f,0.32281341711384726f,-0.4673073250849663f,-0.8230524659177048f,-4.480594391909653f,0f,0f,0f,1f], start_interpolation: 0, interpolation_duration: 1 }
$data merge entity $(bone_left_fingers) { transformation: [-0.7018958636994779f,0.7116601485039891f,-0.02969898235366311f,5.198510800069393f,0.5744169156784095f,0.5902055558774083f,0.5671883362640158f,-0.07427134609186925f,0.42117384000441704f,0.38104754931992263f,-0.8230524659177048f,-4.339352026614523f,0f,0f,0f,1f], start_interpolation: 0, interpolation_duration: 1 }
$data merge entity $(bone_left_hand) { transformation: [-0.8227313693999185f,-0.5676540004725511f,-0.02969898235366311f,4.721428081990191f,-0.48149255667033697f,0.6681783512484671f,0.5671883362640158f,0.43399470295784615f,-0.30212251103881116f,0.4809434755461276f,-0.8230524659177048f,-3.961420990810341f,0f,0f,0f,1f], start_interpolation: 0, interpolation_duration: 1 }
$data merge entity $(bone_left_forearm) { transformation: [-1.6229346204763309f,-0.830648793524826f,-0.054169743479211385f,3.423417791950704f,-0.7116334175154256f,1.3229349996961774f,1.0345286014836408f,2.3897736056932133f,-0.431844484008038f,0.9416443755623096f,-1.5012144327967292f,-2.656896539329204f,0f,0f,0f,1f], start_interpolation: 0, interpolation_duration: 1 }
$data merge entity $(bone_left_bicep) { transformation: [-1.3850660599957751f,-0.7200785379305843f,-0.27057986721675625f,2.299112782990516f,-0.6327282833093827f,0.7495278741699928f,1.2441854529072742f,3.541441879014998f,-0.43747169603489433f,1.1957547494940044f,-0.9428274763255416f,-0.7801150140244427f,0f,0f,0f,1f], start_interpolation: 0, interpolation_duration: 1 }
$data merge entity $(bone_left_shoulder) { transformation: [-0.8924074277261176f,-0.38414390685840055f,-0.28715051876961484f,1.827643125f,-0.4612948561470889f,0.5214810814010651f,0.735987442895497f,3.4371840878338515f,-0.13125935127956048f,0.7790403835689008f,-0.6342555022523091f,-0.6547387074039848f,0f,0f,0f,1f], start_interpolation: 0, interpolation_duration: 1 }
$data merge entity $(bone_left_arm) { transformation: [-1.3293824999999997f,-3.839211961797486e-17f,1.582108319967769e-16f,1.749763125f,0f,1.2918894828037721f,0.31349544737882745f,3.5897312319545414f,-1.628024023467506e-16f,0.31349544737882745f,-1.2918894828037721f,-0.6117417025355909f,0f,0f,0f,1f], start_interpolation: 0, interpolation_duration: 1 }
$data merge entity $(bone_chest) { transformation: [-2.632522916666667f,-7.602637669273271e-17f,3.132985735079372e-16f,-2.791747285424624e-18f,0f,2.5582769964863976f,0.6208024774626059f,4.298314495830903f,-3.2239107635778877e-16f,0.6208024774626059f,-2.5582769964863976f,-0.3438581394323563f,0f,0f,0f,1f], start_interpolation: 0, interpolation_duration: 1 }
$data merge entity $(bone_weist) { transformation: [-1.9493945833333333f,-2.5534285089460627e-17f,2.373625082328263e-16f,4.812307329309617e-17f,0f,1.9382119677125464f,0.20850326075435455f,0.3724681862966217f,-2.387319836754355e-16f,0.20850326075435455f,-1.9382119677125464f,-0.7596092001787664f,0f,0f,0f,1f], start_interpolation: 0, interpolation_duration: 1 }
$data merge entity $(bone_right_foot) { transformation: [-1.1738898488457223f,-0.0035750670777975305f,0.08695249593265975f,-1.528747636453509f,0.0032089672967962066f,1.1735395502915313f,0.09157249208687457f,-8.393758042518481f,-0.08696677631382027f,0.09155893005874338f,-1.1703181776853004f,-3.450644499773335f,0f,0f,0f,1f], start_interpolation: 0, interpolation_duration: 1 }
$data merge entity $(bone_right_knee) { transformation: [-2.878718326737697f,0.22809449798216583f,0.31286160491310133f,-1.299472604085309f,0.3354150265664151f,2.6415855115281497f,1.160366939279139f,-5.068382097081917f,-0.19340693832432376f,1.186139778360396f,-2.6443515029082625f,-2.073445880776392f,0f,0f,0f,1f], start_interpolation: 0, interpolation_duration: 1 }
$data merge entity $(bone_right_thigh) { transformation: [-2.453791577482644f,0.256822561958697f,0.20727225787179115f,-0.8928749999999999f,0.28590451504246117f,2.430932519122471f,0.3726102772204124f,-1.680401354248469f,-0.16485819813595595f,0.3932200173959977f,-2.4388957573798677f,-1.4788621435186953f,0f,0f,0f,1f], start_interpolation: 0, interpolation_duration: 1 }
$data merge entity $(bone_right_leg) { transformation: [-1f,-1.309857188881623e-17f,1.217621667066256e-16f,-0.8089787499999999f,0f,0.9942635443247897f,0.1069579563506471f,-1.4031926126486534f,-1.2246467991473532e-16f,0.1069579563506471f,-0.9942635443247897f,-1.490616767916481f,0f,0f,0f,1f], start_interpolation: 0, interpolation_duration: 1 }
$data merge entity $(bone_left_foot) { transformation: [-1.1770594623232578f,-0.010557124070613554f,0.0032348358850697273f,1.1345979529671038f,-0.010467999126796223f,1.1766536314014213f,0.031105426868825854f,-8.563479267020465f,-0.0035125526511436606f,0.031075291113168167f,-1.1766957479028586f,0.5958454697073339f,0f,0f,0f,1f], start_interpolation: 0, interpolation_duration: 1 }
$data merge entity $(bone_left_knee) { transformation: [-2.9017618014773965f,-0.12375217500719757f,0.037316687978267316f,1.047305203732555f,-0.12527225832189492f,2.899164204152686f,-0.1268166676296086f,-4.967188227018749f,-0.03184332450627355f,-0.12830044845881938f,-2.901629488088319f,0.33808769970958497f,0f,0f,0f,1f], start_interpolation: 0, interpolation_duration: 1 }
$data merge entity $(bone_left_thigh) { transformation: [-2.473433611823769f,-0.07274785978280723f,0.08274442420191551f,0.8928750000000001f,-0.1067808578239217f,2.040918526385955f,-1.3975915497726907f,-2.091139343542346f,-0.027142940921590336f,-1.3997757107803612f,-2.042034265923695f,-1.585907902701916f,0f,0f,0f,1f], start_interpolation: 0, interpolation_duration: 1 }
$data merge entity $(bone_left_leg) { transformation: [-1f,-1.309857188881623e-17f,1.217621667066256e-16f,0.8089781250000001f,0f,0.9942635443247897f,0.1069579563506471f,-1.3965077403767374f,-1.2246467991473532e-16f,0.1069579563506471f,-0.9942635443247897f,-1.5527582394367803f,0f,0f,0f,1f], start_interpolation: 0, interpolation_duration: 1 }
data modify entity @s data merge value {"locators":{"consume":{"posx":5.07255543963363,"posy":-0.3130444483330841,"posz":-4.304385176244845,"roty":357.93343868510226,"rotx":34.55439169605879}},"cameras":{}}