# This file was generated by Animated Java via MC-Build. It is not recommended to edit this file directly.
$data merge entity $(bone_neck) { transformation: [-1.2033625000000001f,-1.5670830547983977e-17f,1.4653383951723146e-16f,1.1102230246251565e-16f,0f,1.1965396032493125f,0.12796204227124605f,3.811183921623735f,-1.473694033838957e-16f,0.12796204227124605f,-1.1965396032493125f,-0.614959812304579f,0f,0f,0f,1f], start_interpolation: 0, interpolation_duration: 1 }
$data merge entity $(bone_right_thumb_2) { transformation: [-0.7228455307965463f,0.6747784225634345f,-0.14889062781203655f,-4.90742523674784f,0.6462771489733629f,0.7364368457966287f,0.19996654437173705f,-0.32757790360224115f,0.24458165369119778f,0.04832031245672219f,-0.9684239578210379f,-3.5543127438689734f,0f,0f,0f,1f], start_interpolation: 0, interpolation_duration: 1 }
$data merge entity $(bone_right_thumb) { transformation: [-0.7228455307965463f,0.6747784225634345f,-0.14889062781203655f,-4.852053465022464f,0.6462771489733629f,0.7364368457966287f,0.19996654437173705f,0.03083749182645945f,0.24458165369119778f,0.04832031245672219f,-0.9684239578210379f,-3.4452277719771764f,0f,0f,0f,1f], start_interpolation: 0, interpolation_duration: 1 }
$data merge entity $(bone_right_fingers_2) { transformation: [0.7520371668811302f,-0.6528258432656446f,0.0908763885390626f,-5.12806587025254f,-0.6184596043547925f,-0.6512283376327868f,0.4397833216998456f,-0.533429938627898f,-0.227920638404503f,-0.3869367785937855f,-0.8934943267647238f,-3.994666392644337f,0f,0f,0f,1f], start_interpolation: 0, interpolation_duration: 1 }
$data merge entity $(bone_right_fingers) { transformation: [-0.7454013754786971f,-0.6603925131621069f,0.0908763885390626f,-5.453200553020797f,-0.564931811728685f,0.6981709518818404f,0.4397833216998456f,-0.24851534073832482f,-0.35387686775404154f,0.2764761300869227f,-0.8934943267647238f,-3.896947672014038f,0f,0f,0f,1f], start_interpolation: 0, interpolation_duration: 1 }
$data merge entity $(bone_right_hand) { transformation: [-0.7797972574755588f,0.6194010972219006f,0.0908763885390626f,-4.937093298461978f,0.5894647867283861f,0.67758534160791f,0.4397833216998456f,0.2646710627157409f,0.2108257632284426f,0.39651025913385535f,-0.8934943267647238f,-3.5822300502765385f,0f,0f,0f,1f], start_interpolation: 0, interpolation_duration: 1 }
$data merge entity $(bone_right_forearm) { transformation: [-1.5576141533545076f,0.9344474502958141f,0.16575485977454674f,-3.4848260992295774f,0.9046460135485102f,1.365651615694823f,0.8021470042045996f,2.265055284843359f,0.2868489168081632f,0.7672236889064863f,-1.6296975399564828f,-2.5329117859535186f,0f,0f,0f,1f], start_interpolation: 0, interpolation_duration: 1 }
$data merge entity $(bone_right_bicep) { transformation: [-1.3291239982776848f,0.7579227588704635f,0.41123842800987487f,-2.3034482755734578f,0.805786579341463f,0.822633039227182f,1.088171598236482f,3.5322962759705496f,0.307037361959472f,1.1220349951055628f,-1.0755928988250776f,-0.7690645230492954f,0f,0f,0f,1f], start_interpolation: 0, interpolation_duration: 1 }
$data merge entity $(bone_right_shoulder) { transformation: [-0.8889267655080405f,0.40874068471550534f,0.2629700303999542f,-1.827643125f,0.4674591677315397f,0.5689466984509787f,0.6958409009912445f,3.4365159184750693f,0.1330567951439877f,0.7318768240946495f,-0.6877973409994981f,-0.6537036739918266f,0f,0f,0f,1f], start_interpolation: 0, interpolation_duration: 1 }
$data merge entity $(bone_right_arm) { transformation: [-1.3293824999999997f,-3.8293317739564056e-17f,1.582347750223384e-16f,-1.74976375f,0f,1.2920849924444142f,0.3126886688163914f,3.5890898822356476f,-1.628024023467506e-16f,0.3126886688163914f,-1.2920849924444142f,-0.6108019352226699f,0f,0f,0f,1f], start_interpolation: 0, interpolation_duration: 1 }
$data merge entity $(bone_left_thumb_2) { transformation: [-0.7610698348590843f,-0.6081359211097599f,0.22570646407125758f,4.7324108738618795f,-0.5572865190676042f,0.7910660278455648f,0.25228213423497237f,-0.38564336558323326f,-0.33197054407443843f,0.06622115254677946f,-0.9409624417702851f,-3.6566985150736846f,0f,0f,0f,1f], start_interpolation: 0, interpolation_duration: 1 }
$data merge entity $(bone_left_thumb) { transformation: [-0.7610698348590843f,-0.6081359211097599f,0.22570646407125758f,4.702572016160792f,-0.5572865190676042f,0.7910660278455648f,0.25228213423497237f,-0.03211373982892046f,-0.33197054407443843f,0.06622115254677946f,-0.9409624417702851f,-3.5242084921962507f,0f,0f,0f,1f], start_interpolation: 0, interpolation_duration: 1 }
$data merge entity $(bone_left_fingers_2) { transformation: [0.7886394857343085f,0.614842217025748f,0.004099963851992905f,4.960622485085317f,0.5280949693627786f,-0.6807564455385411f,0.507628176120531f,-0.579967175054873f,0.3149023100494034f,-0.3981704534751341f,-0.8615664948829864f,-4.098429658465871f,0f,0f,0f,1f], start_interpolation: 0, interpolation_duration: 1 }
$data merge entity $(bone_left_fingers) { transformation: [-0.7125202657331378f,0.7016395522032596f,0.004099963851992905f,5.303195184673511f,0.6060022542947988f,0.6124335903574891f,0.507628176120531f,-0.334183020794828f,0.353661050596755f,0.3641799502798638f,-0.8615664948829864f,-3.961784375332693f,0f,0f,0f,1f], start_interpolation: 0, interpolation_duration: 1 }
$data merge entity $(bone_left_hand) { transformation: [-0.8147079165251004f,-0.5798570522531756f,0.004099963851992905f,4.8164240372762155f,-0.4978981608688144f,0.703143695279987f,0.507628176120531f,0.2017436280978102f,-0.2972346415793117f,0.41152732927505886f,-0.8615664948829864f,-3.638348691774592f,0f,0f,0f,1f], start_interpolation: 0, interpolation_duration: 1 }
$data merge entity $(bone_left_forearm) { transformation: [-1.6113306019356275f,-0.8546264270997393f,0.007478168359162707f,3.486175750771856f,-0.7329762229714364f,1.390070522861906f,0.9258932766050637f,2.2508947121626197f,-0.4395316933485013f,0.8149516385692271f,-1.5714624650207323f,-2.523402412856389f,0f,0f,0f,1f], start_interpolation: 0, interpolation_duration: 1 }
$data merge entity $(bone_left_bicep) { transformation: [-1.3729139971778652f,-0.7568871394874471f,-0.2288308771016541f,2.303930189601164f,-0.6546240791838785f,0.8307997766208647f,1.1795650054163556f,3.5301526468158255f,-0.44351891412797884f,1.1167041439561052f,-1.0326651846390034f,-0.768835506639009f,0f,0f,0f,1f], start_interpolation: 0, interpolation_duration: 1 }
$data merge entity $(bone_left_shoulder) { transformation: [-0.8902552829561875f,-0.4079596889411746f,-0.2596678686985722f,1.827643125f,-0.4652211264231452f,0.5739931355833743f,0.6931912885341148f,3.4365159184750693f,-0.132014443774228f,0.728363749213967f,-0.6917162815293528f,-0.6537036739918262f,0f,0f,0f,1f], start_interpolation: 0, interpolation_duration: 1 }
$data merge entity $(bone_left_arm) { transformation: [-1.3293824999999997f,-3.8293317739564056e-17f,1.582347750223384e-16f,1.749763125f,0f,1.2920849924444142f,0.3126886688163914f,3.5890898822356476f,-1.628024023467506e-16f,0.3126886688163914f,-1.2920849924444142f,-0.6108019352226695f,0f,0f,0f,1f], start_interpolation: 0, interpolation_duration: 1 }
$data merge entity $(bone_chest) { transformation: [-2.632522916666667f,-7.583072329040033e-17f,3.133459869224247e-16f,-2.62025616321556e-18f,0f,2.5586641563966714f,0.6192048461907271f,4.297840287241299f,-3.2239107635778877e-16f,0.6192048461907271f,-2.5586641563966714f,-0.3433608975510234f,0f,0f,0f,1f], start_interpolation: 0, interpolation_duration: 1 }
$data merge entity $(bone_weist) { transformation: [-1.9493945833333333f,-2.5386059634212047e-17f,2.373784067809383e-16f,4.799433406794488e-17f,0f,1.9383417892098391f,0.2072929080604041f,0.3717351283177992f,-2.387319836754355e-16f,0.2072929080604041f,-1.9383417892098391f,-0.756660391465516f,0f,0f,0f,1f], start_interpolation: 0, interpolation_duration: 1 }
$data merge entity $(bone_right_cheek) { transformation: [-0.9900301319787468f,0.11708837992878772f,0.07829846141398454f,-1.0333372047331773f,0.127027897595849f,0.9823748412187732f,0.13712616297690491f,-1.5703382188602868f,-0.060862558330420584f,0.1457051221681725f,-0.98745418443968f,-1.6259271520068528f,0f,0f,0f,1f], start_interpolation: 0, interpolation_duration: 1 }
$data merge entity $(bone_right_foot) { transformation: [-1.1740563358838803f,-0.002062563556866487f,0.08472520804963515f,-1.5403657226086547f,0.004639832865667816f,1.173433473431735f,0.09286145733012471f,-8.390515209010873f,-0.08462320602800832f,0.09295441968013028f,-1.170379974085354f,-3.4602807987627457f,0f,0f,0f,1f], start_interpolation: 0, interpolation_duration: 1 }
$data merge entity $(bone_right_knee) { transformation: [-2.8786812882502026f,0.2334399265290152f,0.3092386294018058f,-1.304580184047326f,0.339222043227476f,2.638657396705495f,1.1659091888882176f,-5.0684981529706175f,-0.187219482428394f,1.1916046458652017f,-2.642339100472484f,-2.0760929089495055f,0f,0f,0f,1f], start_interpolation: 0, interpolation_duration: 1 }
$data merge entity $(bone_right_leg) { transformation: [-2.4537600062351856f,0.2604244159514606f,0.20311001530231168f,-0.8928749999999999f,0.28914957911541406f,2.4297443705975925f,0.37781945077741846f,-1.682334490059282f,-0.1595840707500079f,0.3981634589772295f,-2.4384444851661486f,-1.4747116359812031f,0f,0f,0f,1f], start_interpolation: 0, interpolation_duration: 1 }
$data merge entity $(bone_left_cheek) { transformation: [-0.9998206752384967f,0.004406691443838347f,0.01841734063743839f,0.81312185802114f,0.0012207321259111517f,0.9855234063188463f,-0.16953502709108514f,-1.3980121834344845f,-0.018897808833655976f,-0.16948214262339545f,-0.9853520569588666f,-1.4106828026959957f,0f,0f,0f,1f], start_interpolation: 0, interpolation_duration: 1 }
$data merge entity $(bone_left_foot) { transformation: [-1.177060174912155f,-0.010157817287033117f,0.004130164681106511f,1.1275714089948963f,-0.010054960884731628f,1.1767235779411125f,0.028485325268209776f,-8.613610756048551f,-0.004374617004530237f,0.028448809148933604f,-1.176759288410605f,1.228769465465368f,0f,0f,0f,1f], start_interpolation: 0, interpolation_duration: 1 }
$data merge entity $(bone_left_knee) { transformation: [-2.9018219139399415f,-0.12159753199315751f,0.03965234577088214f,1.0430337811047712f,-0.12332869911176557f,2.89883889847668f,-0.13583725993972412f,-5.018075510674008f,-0.03388657975305492f,-0.13738911683865498f,-2.9011902072806186f,0.9597935832753668f,0f,0f,0f,1f], start_interpolation: 0, interpolation_duration: 1 }
$data merge entity $(bone_left_leg) { transformation: [-2.4734848511037377f,-0.06968000597380195f,0.08384575759615386f,0.8928750000000001f,-0.10512418680617791f,2.028926862096156f,-1.4150679900810583f,-2.158470328639285f,-0.02888459187390186f,-1.4172555196474617f,-2.029917534118108f,-0.9888919966494243f,0f,0f,0f,1f], start_interpolation: 0, interpolation_duration: 1 }
data modify entity @s data merge value {"locators":{"consume":{"posx":5.174354479873155,"posy":-0.569301956096695,"posz":-3.914676129236752,"roty":0.27265318819800655,"rotx":30.50597249169084}},"cameras":{}}