# This file was generated by Animated Java via MC-Build. It is not recommended to edit this file directly.
$data merge entity $(bone_neck) { transformation: [-1.2033625000000001f,-1.554550526832554e-17f,1.4654718803060616e-16f,1.1102230246251565e-16f,0f,1.1966486021327782f,0.12693868370169198f,3.8104290021213205f,-1.473694033838957e-16f,0.12693868370169198f,-1.1966486021327782f,-0.6141159365520091f,0f,0f,0f,1f], start_interpolation: 0, interpolation_duration: 1 }
$data merge entity $(bone_right_thumb_2) { transformation: [-0.7235565815171764f,0.6807047707815594f,-0.11448531948857892f,-4.845851872462959f,0.6389707802026855f,0.7232529700577836f,0.2619570257690493f,-0.09055362607158851f,0.26111724452886875f,0.11638795615448927f,-0.9582649050611378f,-3.89042380780649f,0f,0f,0f,1f], start_interpolation: 0, interpolation_duration: 1 }
$data merge entity $(bone_right_thumb) { transformation: [-0.7235565815171764f,0.6807047707815594f,-0.11448531948857892f,-4.790270764059581f,0.6389707802026855f,0.7232529700577836f,0.2619570257690493f,0.2596080283242008f,0.26111724452886875f,0.11638795615448927f,-0.9582649050611378f,-3.7572896046263566f,0f,0f,0f,1f], start_interpolation: 0, interpolation_duration: 1 }
$data merge entity $(bone_right_fingers_2) { transformation: [0.7524771720512368f,-0.6466023643415884f,0.12523373335344068f,-5.053955459555248f,-0.6126253990508072f,-0.617350825208991f,0.49352616855807835f,-0.2656494844745713f,-0.24180203882434942f,-0.4480885415201388f,-0.8606674345987202f,-4.349774461312916f,0f,0f,0f,1f], start_interpolation: 0, interpolation_duration: 1 }
$data merge entity $(bone_right_fingers) { transformation: [-0.7392885714789844f,-0.6616410810333058f,0.12523373335344068f,-5.379064074972015f,-0.5321056427229445f,0.6879647563144389f,0.49352616855807835f,0.01675831149112006f,-0.41269358253183963f,0.29822067996417184f,-0.8606674345987202f,-4.244950497685277f,0f,0f,0f,1f], start_interpolation: 0, interpolation_duration: 1 }
$data merge entity $(bone_right_hand) { transformation: [-0.7799653795202921f,0.6131643489148124f,0.12523373335344068f,-4.868187550441778f,0.5851138506324838f,0.6434855886081761f,0.49352616855807835f,0.5026148180052561f,0.22202654919579795f,0.45820931731411063f,-0.8606674345987202f,-3.882014145011348f,0f,0f,0f,1f], start_interpolation: 0, interpolation_duration: 1 }
$data merge entity $(bone_right_forearm) { transformation: [-1.5564333670249093f,0.9231291675175118f,0.22842126810661942f,-3.4300762656768295f,0.9048962565722156f,1.3029512977789968f,0.900171784767289f,2.4147370228787337f,0.29241494573055177f,0.8814641327518443f,-1.5698226153992505f,-2.6624607512614826f,0f,0f,0f,1f], start_interpolation: 0, interpolation_duration: 1 }
$data merge entity $(bone_right_bicep) { transformation: [-1.3300799102610106f,0.7267727756455298f,0.4613277801997849f,-2.2979499997434054f,0.8014558714608621f,0.7356427188668269f,1.1517954819162297f,3.545425325776213f,0.31415040077083906f,1.200318990369736f,-0.9852301268925985f,-0.7776412537104096f,0f,0f,0f,1f], start_interpolation: 0, interpolation_duration: 1 }
$data merge entity $(bone_right_shoulder) { transformation: [-0.8877996391425277f,0.38884407685581684f,0.29500010728707415f,-1.827643125f,0.46954858512440084f,0.5132902881348246f,0.7365257531009911f,3.435728001233251f,0.1332250187198745f,0.7821421499110354f,-0.6300140715781455f,-0.6525393582545056f,0f,0f,0f,1f], start_interpolation: 0, interpolation_duration: 1 }
$data merge entity $(bone_right_arm) { transformation: [-1.3293824999999997f,-3.815797724251726e-17f,1.5826746659573724e-16f,-1.74976375f,0f,1.2923519393994187f,0.31158352979066567f,3.5883385998788815f,-1.628024023467506e-16f,0.31158352979066567f,-1.2923519393994187f,-0.6097681203947766f,0f,0f,0f,1f], start_interpolation: 0, interpolation_duration: 1 }
$data merge entity $(bone_left_thumb_2) { transformation: [-0.7661277627157325f,-0.6137453934362946f,0.19069568225818395f,4.666309922972621f,-0.5446885252330099f,0.777552316233978f,0.3142082207687519f,-0.14466903755910637f,-0.34111971751230535f,0.13685389126694192f,-0.930004489650142f,-3.9933904830989446f,0f,0f,0f,1f], start_interpolation: 0, interpolation_duration: 1 }
$data merge entity $(bone_left_thumb) { transformation: [-0.7661277627157325f,-0.6137453934362946f,0.19069568225818395f,4.637333319822097f,-0.5446885252330099f,0.777552316233978f,0.3142082207687519f,0.19935333063745303f,-0.34111971751230535f,0.13685389126694192f,-0.930004489650142f,-3.8377109194843158f,0f,0f,0f,1f], start_interpolation: 0, interpolation_duration: 1 }
$data merge entity $(bone_left_fingers_2) { transformation: [0.7934002095259666f,0.6079247604227335f,-0.030717961994800674f,4.8812761722620905f,0.5169867343432115f,-0.6463604697120967f,0.5611977010882165f,-0.307727520008768f,0.3213111016402851f,-0.4611351524862526f,-0.8271115687162082f,-4.454009771052637f,0f,0f,0f,1f], start_interpolation: 0, interpolation_duration: 1 }
$data merge entity $(bone_left_fingers) { transformation: [-0.7062833880790392f,0.7072624566131579f,-0.030717961994800674f,5.225740669479187f,0.5733504564291223f,0.596930812076088f,0.5611977010882165f,-0.06679374708687835f,0.41525056271618743f,0.378752456176462f,-0.8271115687162082f,-4.313535696527792f,0f,0f,0f,1f], start_interpolation: 0, interpolation_duration: 1 }
$data merge entity $(bone_left_hand) { transformation: [-0.819162373943449f,-0.5727385196808565f,-0.030717961994800674f,4.744758725418533f,-0.4883008298209849f,0.6682959223947416f,0.5611977010882165f,0.4413882149962154f,-0.30089085182416303f,0.4747116474075002f,-0.8271115687162082f,-3.9404651573110367f,0f,0f,0f,1f], start_interpolation: 0, interpolation_duration: 1 }
$data merge entity $(bone_left_forearm) { transformation: [-1.6176911027902616f,-0.8406930978749775f,-0.056028321160885804f,3.432135806880087f,-0.7239172040424416f,1.3247684863288753f,1.0236019250444879f,2.398860906662522f,-0.4311008458332084f,0.9300817891179147f,-1.5086180722457947f,-2.6532170813545837f,0f,0f,0f,1f], start_interpolation: 0, interpolation_duration: 1 }
$data merge entity $(bone_left_bicep) { transformation: [-1.3804722714157742f,-0.7261040859415279f,-0.27785557420123425f,2.29853575148331f,-0.6417952393626227f,0.7447574434258833f,1.242404836225585f,3.5430809708142084f,-0.4387821036313503f,1.1950915290153583f,-0.9430594141898412f,-0.7774714115284864f,0f,0f,0f,1f], start_interpolation: 0, interpolation_duration: 1 }
$data merge entity $(bone_left_shoulder) { transformation: [-0.8892369575589862f,-0.3882890949142269f,-0.2913798049775733f,1.827643125f,-0.46713913699700216f,0.5189302434265961f,0.7341017693819776f,3.435728001233251f,-0.13210465042448086f,0.7786886154906495f,-0.6345119227471786f,-0.6525393582545052f,0f,0f,0f,1f], start_interpolation: 0, interpolation_duration: 1 }
$data merge entity $(bone_left_arm) { transformation: [-1.3293824999999997f,-3.815797724251726e-17f,1.5826746659573724e-16f,1.749763125f,0f,1.2923519393994187f,0.31158352979066567f,3.5883385998788815f,-1.628024023467506e-16f,0.31158352979066567f,-1.2923519393994187f,-0.6097681203947761f,0f,0f,0f,1f], start_interpolation: 0, interpolation_duration: 1 }
$data merge entity $(bone_chest) { transformation: [-2.632522916666667f,-7.55627139251283e-17f,3.1341072473577357e-16f,-2.3853850980504085e-18f,0f,2.5591927807591732f,0.6170163836441496f,4.29731746821801f,-3.2239107635778877e-16f,0.6170163836441496f,-2.5591927807591732f,-0.34293332229840545f,0f,0f,0f,1f], start_interpolation: 0, interpolation_duration: 1 }
$data merge entity $(bone_weist) { transformation: [-1.9493945833333333f,-2.5183038166183172e-17f,2.3740003078839096e-16f,4.781798608652625e-17f,0f,1.938518362630581f,0.20563511196629577f,0.3708602806229744f,-2.387319836754355e-16f,0.20563511196629577f,-1.938518362630581f,-0.7528749578747218f,0f,0f,0f,1f], start_interpolation: 0, interpolation_duration: 1 }
$data merge entity $(bone_right_cheek) { transformation: [-0.9899655392777384f,0.11825064085716577f,0.07736289148814217f,-1.0336590029379533f,0.12801724032967882f,0.9823084148089806f,0.1366812509960348f,-1.5709342745991544f,-0.059831573779315875f,0.14521351222368187f,-0.9875896003131832f,-1.6212174618802455f,0f,0f,0f,1f], start_interpolation: 0, interpolation_duration: 1 }
$data merge entity $(bone_right_foot) { transformation: [-1.1741323761160998f,-0.0007796084096200805f,0.08368662045543268f,-1.5490947616175446f,0.0058939890836487326f,1.173367236025741f,0.09362416990584267f,-8.390089558282664f,-0.08348244800678656f,0.09380627115819029f,-1.170393933358659f,-3.457972539925588f,0f,0f,0f,1f], start_interpolation: 0, interpolation_duration: 1 }
$data merge entity $(bone_right_knee) { transformation: [-2.8785196377585356f,0.23727699427849783f,0.30781977122767024f,-1.3085923869135028f,0.3422375624190618f,2.6377288929604914f,1.1671282820002713f,-5.069115509359182f,-0.18419238432126414f,1.1929017577996972f,-2.6419665498129357f,-2.072094396198243f,0f,0f,0f,1f], start_interpolation: 0, interpolation_duration: 1 }
$data merge entity $(bone_right_leg) { transformation: [-2.4536222169241353f,0.26327062841111276f,0.2010952902764515f,-0.8928749999999999f,0.2917199784230934f,2.4292488409706197f,0.3790280276850156f,-1.6837186411833764f,-0.15700380168703693f,0.39931362085205757f,-2.4384239092899533f,-1.469158209497873f,0f,0f,0f,1f], start_interpolation: 0, interpolation_duration: 1 }
$data merge entity $(bone_left_cheek) { transformation: [-0.9988201204864072f,0.046016341247540345f,0.015519769640971987f,0.8278229612046603f,0.03628122379021042f,0.9195123184289925f,-0.3913831486633322f,-2.454704315205482f,-0.032280639891482735f,-0.390358287468742f,-0.9200969338567905f,-1.5477123616306117f,0f,0f,0f,1f], start_interpolation: 0, interpolation_duration: 1 }
$data merge entity $(bone_left_foot) { transformation: [-1.177062372418275f,-0.009748301482942454f,0.004476263153827264f,1.1245741215763994f,-0.009645858394893772f,1.1767774786326355f,0.026317638104608996f,-8.600442863885018f,-0.004692944645987975f,0.026279864493128073f,-1.176808497534469f,1.2223589995069517f,0f,0f,0f,1f], start_interpolation: 0, interpolation_duration: 1 }
$data merge entity $(bone_left_knee) { transformation: [-2.9018502504641956f,-0.1206695821481616f,0.04040624158590293f,1.041214488834872f,-0.12249698203385458f,2.898635473881158f,-0.14083879964120483f,-5.0053497786079655f,-0.034471753763157885f,-0.14240761930446688f,-2.900941305281882f,0.9471768484104892f,0f,0f,0f,1f], start_interpolation: 0, interpolation_duration: 1 }
$data merge entity $(bone_left_leg) { transformation: [-2.4735090048821413f,-0.06837460516901579f,0.08420712009089372f,0.8928750000000001f,-0.10441523923681316f,2.0215417699760896f,-1.4256503964843974f,-2.1558809857973538f,-0.029383388523791406f,-1.4278328013282862f,-2.0224843215384736f,-1.0164391886293842f,0f,0f,0f,1f], start_interpolation: 0, interpolation_duration: 1 }
data modify entity @s data merge value {"locators":{"consume":{"posx":5.101053437565367,"posy":-0.3060302468779129,"posz":-4.277217393062794,"roty":357.87307888884516,"rotx":34.13866728307174}},"cameras":{}}