# This file was generated by Animated Java via MC-Build. It is not recommended to edit this file directly.
$data merge entity $(bone_neck) { transformation: [-1.2033625000000001f,-1.5465432722581555e-17f,1.4655565988534412e-16f,1.1102230246251565e-16f,0f,1.196717780076524f,0.12628484174660964f,3.809962735107793f,-1.473694033838957e-16f,0.12628484174660964f,-1.196717780076524f,-0.6136084783187554f,0f,0f,0f,1f], start_interpolation: 0, interpolation_duration: 1 }
$data merge entity $(bone_right_thumb_2) { transformation: [-0.7242196487358459f,0.6825160064979098f,-0.09837581643408702f,-4.81149404681627f,0.6351666662097201f,0.7158000992474425f,0.2901612035634351f,0.02565311118513436f,0.26845708506381055f,0.14765540556138285f,-0.9519079129241155f,-4.039999594100992f,0f,0f,0f,1f], start_interpolation: 0, interpolation_duration: 1 }
$data merge entity $(bone_right_thumb) { transformation: [-0.7242196487358459f,0.6825160064979098f,-0.09837581643408702f,-4.756182424602942f,0.6351666662097201f,0.7158000992474425f,0.2901612035634351f,0.37150882065207186f,0.26845708506381055f,0.14765540556138285f,-0.9519079129241155f,-3.895945394043498f,0f,0f,0f,1f], start_interpolation: 0, interpolation_duration: 1 }
$data merge entity $(bone_right_fingers_2) { transformation: [0.7529735155950144f,-0.6427692962023115f,0.14099119359757745f,-5.013390563345582f,-0.6095511600094051f,-0.6005509343761019f,0.5174803943640559f,-0.13494242937190798f,-0.24794811583005183f,-0.4755903774043117f,-0.8439997184695924f,-4.507349093334549f,0f,0f,0f,1f], start_interpolation: 0, interpolation_duration: 1 }
$data merge entity $(bone_right_fingers) { transformation: [-0.735553081601805f,-0.6626334940779999f,0.14099119359757745f,-5.338628567061408f,-0.5158507460010839f,0.6827239920340764f,0.5174803943640559f,0.14611926804968411f,-0.43915791236890317f,0.30790388634610516f,-0.8439997184695924f,-4.3993564937156275f,0f,0f,0f,1f], start_interpolation: 0, interpolation_duration: 1 }
$data merge entity $(bone_right_hand) { transformation: [-0.7802940545710318f,0.6093132788057634f,0.14099119359757745f,-4.830927394487372f,0.5827753385313886f,0.6265675911252082f,0.5174803943640559f,0.6184458829252928f,0.22696716326536048f,0.48595306565811863f,-0.8439997184695924f,-4.014751173188773f,0f,0f,0f,1f], start_interpolation: 0, interpolation_duration: 1 }
$data merge entity $(bone_right_forearm) { transformation: [-1.5561108867258775f,0.9160868151104248f,0.25716223872790667f,-3.4020220414329936f,0.9046951394663609f,1.2718008063163742f,0.9438633244874324f,2.486529334416455f,0.29474425265414766f,0.9328109228923972f,-1.5394213748332484f,-2.7185337592405086f,0f,0f,0f,1f], start_interpolation: 0, interpolation_duration: 1 }
$data merge entity $(bone_right_bicep) { transformation: [-1.3307739798582838f,0.7107307505157455f,0.48377367713319763f,-2.2952161741796173f,0.7991457031772113f,0.6937703643177493f,1.1790603812236775f,3.551532702089635f,0.3170825058388597f,1.2343739456701317f,-0.9412301539077501f,-0.7811491671337923f,0f,0f,0f,1f], start_interpolation: 0, interpolation_duration: 1 }
$data merge entity $(bone_right_shoulder) { transformation: [-0.8873477168809726f,0.3785862161304198f,0.3093533335346758f,-1.827643125f,0.47041060037148036f,0.4864877806190794f,0.7539605328087841f,3.4352407964197944f,0.13319487629450555f,0.8039994371460801f,-0.6018779017911505f,-0.6518271657341664f,0f,0f,0f,1f], start_interpolation: 0, interpolation_duration: 1 }
$data merge entity $(bone_right_arm) { transformation: [-1.3293824999999997f,-3.807149761390104e-17f,1.5828829166842372e-16f,-1.74976375f,0f,1.2925219890227142f,0.31087737003361215f,3.5878747415686645f,-1.628024023467506e-16f,0.31087737003361215f,-1.2925219890227142f,-0.6091393174009121f,0f,0f,0f,1f], start_interpolation: 0, interpolation_duration: 1 }
$data merge entity $(bone_left_thumb_2) { transformation: [-0.7687339545849421f,-0.6153428159394879f,0.17435976009348608f,4.629801572302217f,-0.538622677618484f,0.7698810338606777f,0.34229929134707343f,-0.026584218203552556f,-0.3448676821960721f,0.16922296703838918f,-0.9232712868942874f,-4.142925626450394f,0f,0f,0f,1f], start_interpolation: 0, interpolation_duration: 1 }
$data merge entity $(bone_left_thumb) { transformation: [-0.7687339545849421f,-0.6153428159394879f,0.17435976009348608f,4.601593731159831f,-0.538622677618484f,0.7698810338606777f,0.34229929134707343f,0.3125763027890333f,-0.3448676821960721f,0.16922296703838918f,-0.9232712868942874f,-3.9767882779249137f,0f,0f,0f,1f], start_interpolation: 0, interpolation_duration: 1 }
$data merge entity $(bone_left_fingers_2) { transformation: [0.7958256864647895f,0.6037288407171745f,-0.04661505818019407f,4.838239400202265f,0.5116601793673021f,-0.6292955271797464f,0.5849709397238336f,-0.17493563365070997f,0.3238291796806864f,-0.4893859686973684f,-0.8097135518376064f,-4.61144906759552f,0f,0f,0f,1f], start_interpolation: 0, interpolation_duration: 1 }
$data merge entity $(bone_left_fingers) { transformation: [-0.7024399533173677f,0.7102148606825622f,-0.04661505818019407f,5.183690728009908f,0.5571267617844403f,0.589422404547196f,0.5849709397238336f,0.06364980925357233f,0.44293101413998764f,0.38493646317730157f,-0.8097135518376064f,-4.469399059003056f,0f,0f,0f,1f], start_interpolation: 0, interpolation_duration: 1 }
$data merge entity $(bone_left_hand) { transformation: [-0.8214025189186773f,-0.5684407957429773f,-0.04661505818019407f,4.706174942568808f,-0.48372370688383065f,0.6510148808415833f,0.5849709397238336f,0.5580910602822278f,-0.30217424991653064f,0.5030454121229118f,-0.8097135518376064f,-4.074075535460305f,0f,0f,0f,1f], start_interpolation: 0, interpolation_duration: 1 }
$data merge entity $(bone_left_forearm) { transformation: [-1.6207189024808843f,-0.832387964379174f,-0.08502398209540586f,3.4044527213481266f,-0.719754314575831f,1.2924285260237252f,1.066963351480792f,2.4699421395083636f,-0.42667613880335575f,0.9816248486618216f,-1.476884792629074f,-2.7095131207692535f,0f,0f,0f,1f], start_interpolation: 0, interpolation_duration: 1 }
$data merge entity $(bone_left_bicep) { transformation: [-1.384115557782298f,-0.7102590840794915f,-0.29981779812257203f,2.295850561161566f,-0.6358445219636427f,0.7032789709203845f,1.2693443145315215f,3.549106987922203f,-0.4359591981795222f,1.2292539519673036f,-0.8994491953295309f,-0.7810124235819678f,0f,0f,0f,1f], start_interpolation: 0, interpolation_duration: 1 }
$data merge entity $(bone_left_shoulder) { transformation: [-0.8888287605918063f,-0.3781538782377035f,-0.305607685416218f,1.827643125f,-0.4679324856176299f,0.49237456180475925f,0.7516777623810076f,3.4352407964197944f,-0.13204393933604283f,0.8006122119529504f,-0.6066279443145229f,-0.651827165734166f,0f,0f,0f,1f], start_interpolation: 0, interpolation_duration: 1 }
$data merge entity $(bone_left_arm) { transformation: [-1.3293824999999997f,-3.807149761390104e-17f,1.5828829166842372e-16f,1.749763125f,0f,1.2925219890227142f,0.31087737003361215f,3.5878747415686645f,-1.628024023467506e-16f,0.31087737003361215f,-1.2925219890227142f,-0.6091393174009117f,0f,0f,0f,1f], start_interpolation: 0, interpolation_duration: 1 }
$data merge entity $(bone_chest) { transformation: [-2.632522916666667f,-7.539146178049947e-17f,3.134519637930716e-16f,-2.2353320474863748e-18f,0f,2.5595295232168906f,0.6156180037623088f,4.296999296865472f,-3.2239107635778877e-16f,0.6156180037623088f,-2.5595295232168906f,-0.3426919299082461f,0f,0f,0f,1f], start_interpolation: 0, interpolation_duration: 1 }
$data merge entity $(bone_weist) { transformation: [-1.9493945833333333f,-2.505332414655315e-17f,2.3741375482228513e-16f,4.770530429708115e-17f,0f,1.93863042787179f,0.2045759166152743f,0.3703187120767959f,-2.387319836754355e-16f,0.2045759166152743f,-1.93863042787179f,-0.7504881727052561f,0f,0f,0f,1f], start_interpolation: 0, interpolation_duration: 1 }
$data merge entity $(bone_right_cheek) { transformation: [-0.9899277959735431f,0.11880572027139472f,0.07699454259724148f,-1.0338764731800347f,0.12849400829890564f,0.9822929986298707f,0.13634425060858735f,-1.5713180622098795f,-0.05943272322756289f,0.14486430089408361f,-0.9876649663404207f,-1.6181247369769687f,0f,0f,0f,1f], start_interpolation: 0, interpolation_duration: 1 }
$data merge entity $(bone_right_foot) { transformation: [-1.1741618739268138f,-0.000058403923506382325f,0.0832753581932697f,-1.5537699121332016f,0.006607430796050207f,1.1733345056326505f,0.09398603421052501f,-8.390319333077652f,-0.08301283365547198f,0.09421798850181567f,-1.1703942647534307f,-3.4545612921122997f,0f,0f,0f,1f], start_interpolation: 0, interpolation_duration: 1 }
$data merge entity $(bone_right_knee) { transformation: [-2.878402481366053f,0.23929142448993876f,0.30735558879797337f,-1.3107809106341723f,0.3438902045783981f,2.6375215191044514f,1.1671111566556116f,-5.069566195723667f,-0.1829408948125063f,1.1929578948816877f,-2.642028156280451f,-2.0685875546169514f,0f,0f,0f,1f], start_interpolation: 0, interpolation_duration: 1 }
$data merge entity $(bone_right_leg) { transformation: [-2.4535223539516275f,0.26482679554035987f,0.20026869441465892f,-0.8928749999999999f,0.29312867456870334f,2.429074322471029f,0.37905967735512136f,-1.6844431698049318f,-0.15593704416950724f,0.3993462497818126f,-2.4384870173900746f,-1.465626780336121f,0f,0f,0f,1f], start_interpolation: 0, interpolation_duration: 1 }
$data merge entity $(bone_left_cheek) { transformation: [-0.999812486288657f,0.004143813157821249f,0.018916159065919733f,0.8148031764288457f,0.0007951074695407602f,0.9847971714787739f,-0.17370635812058827f,-1.4031708429579566f,-0.019348386635737624f,-0.17365874541732468f,-0.9846158032830241f,-1.4066855588576295f,0f,0f,0f,1f], start_interpolation: 0, interpolation_duration: 1 }
$data merge entity $(bone_left_foot) { transformation: [-1.1770630483144793f,-0.009580580053935648f,0.00465700064617542f,1.1237649638122398f,-0.009479310174513679f,1.1768061250257527f,0.025067541902827804f,-8.599389166863524f,-0.004859819729548553f,0.025029012450849958f,-1.1768350885168637f,1.2746138454458102f,0f,0f,0f,1f], start_interpolation: 0, interpolation_duration: 1 }
$data merge entity $(bone_left_knee) { transformation: [-2.9018519686559947f,-0.12050661310633178f,0.04076759422621984f,1.0406199721730416f,-0.12238045622125834f,2.8985237795077547f,-0.1432187560942375f,-5.004518711074722f,-0.03473995504357355f,-0.14479897913916667f,-2.900819725473793f,0.9964742169821796f,0f,0f,0f,1f], start_interpolation: 0, interpolation_duration: 1 }
$data merge entity $(bone_left_leg) { transformation: [-2.473510469452164f,-0.06794587893299718f,0.08451057913432843f,0.8928750000000001f,-0.10431591376448326f,2.0178973960287796f,-1.4308113125687862f,-2.1600582221442615f,-0.02961200069360374f,-1.4329990159017396f,-2.0188238340129208f,-0.974434430363152f,0f,0f,0f,1f], start_interpolation: 0, interpolation_duration: 1 }
data modify entity @s data merge value {"locators":{"consume":{"posx":5.060782341108909,"posy":-0.1772184812346026,"posz":-4.438157694310229,"roty":356.7051294915886,"rotx":35.80093706301428}},"cameras":{}}