# This file was generated by Animated Java via MC-Build. It is not recommended to edit this file directly.
$data merge entity $(bone_neck) { transformation: [-1.2033625000000001f,-1.537476255219976e-17f,1.465651995877222e-16f,1.1102230246251565e-16f,0f,1.1967956776579711f,0.1255444636192596f,3.8094435327594605f,-1.473694033838957e-16f,0.1255444636192596f,-1.1967956776579711f,-0.6130510134552524f,0f,0f,0f,1f], start_interpolation: 0, interpolation_duration: 1 }
$data merge entity $(bone_right_thumb_2) { transformation: [-0.7221771294893196f,0.6817081404069929f,-0.11719302430352266f,-4.854938362495038f,0.6411753413216112f,0.7233086445766748f,0.2563567560291099f,-0.09854612329320678f,0.2595272149961959f,0.10999370883597315f,-0.959451410282368f,-3.8666810818468638f,0f,0f,0f,1f], start_interpolation: 0, interpolation_duration: 1 }
$data merge entity $(bone_right_thumb) { transformation: [-0.7221771294893196f,0.6817081404069929f,-0.11719302430352266f,-4.798634212195597f,0.6411753413216112f,0.7233086445766748f,0.2563567560291099f,0.25235024348619217f,0.2595272149961959f,0.10999370883597315f,-0.959451410282368f,-3.7358042606865505f,0f,0f,0f,1f], start_interpolation: 0, interpolation_duration: 1 }
$data merge entity $(bone_right_fingers_2) { transformation: [0.7511805553499503f,-0.6485297049908118f,0.12303249574267097f,-5.064609065050178f,-0.6147420310881688f,-0.6194128359727659f,0.4882826782159775f,-0.27618069680462787f,-0.24045791415075618f,-0.44242169971273493f,-0.8639693461839728f,-4.324341261730132f,0f,0f,0f,1f], start_interpolation: 0, interpolation_duration: 1 }
$data merge entity $(bone_right_fingers) { transformation: [-0.741030181020986f,-0.6601039886315898f,0.12303249574267097f,-5.389140479699165f,-0.5338737367786187f,0.6903324266846125f,0.4882826782159775f,0.00714337201313292f,-0.40725066481718397f,0.2961483831804583f,-0.8639693461839728f,-4.220203510047607f,0f,0f,0f,1f], start_interpolation: 0, interpolation_duration: 1 }
$data merge entity $(bone_right_hand) { transformation: [-0.7787540663291621f,0.6151464127889592f,0.12303249574267097f,-4.87671553743889f,0.5871385244588965f,0.6456379629873555f,0.4882826782159775f,0.4946820642020171f,0.22093088799899557f,0.4524892391896333f,-0.8639693461839728f,-3.8617333348603613f,0f,0f,0f,1f], start_interpolation: 0, interpolation_duration: 1 }
$data merge entity $(bone_right_forearm) { transformation: [-1.5547147611918057f,0.9270018261220767f,0.22440629967126224f,-3.433148805809159f,0.9080451608785051f,1.3073255787234572f,0.8906078703076984f,2.4127069338776f,0.2917954056714108f,0.870859349846586f,-1.5758451686784913f,-2.657996833551569f,0f,0f,0f,1f], start_interpolation: 0, interpolation_duration: 1 }
$data merge entity $(bone_right_bicep) { transformation: [-1.3286183389603052f,0.7288000697679109f,0.46234005187540744f,-2.297876454504308f,0.8040233195573632f,0.7365910613816339f,1.1493975229589382f,3.5448983426575387f,0.31377438848609723f,1.1985068303862403f,-0.9875533233862407f,-0.7759740491725198f,0f,0f,0f,1f], start_interpolation: 0, interpolation_duration: 1 }
$data merge entity $(bone_right_shoulder) { transformation: [-0.8869815671905085f,0.39021697186480336f,0.29564741331486855f,-1.827643125f,0.47113126143174855f,0.5140374967819461f,0.7349923571512291f,3.434698021645722f,0.13308648553793423f,0.7809668017512995f,-0.6314996600128515f,-0.6510378704185718f,0f,0f,0f,1f], start_interpolation: 0, interpolation_duration: 1 }
$data merge entity $(bone_right_arm) { transformation: [-1.3293824999999997f,-3.797356468065125e-17f,1.5831181445273645e-16f,-1.74976375f,0f,1.2927140671331465f,0.31007768694688065f,3.5873583465837107f,-1.628024023467506e-16f,0.31007768694688065f,-1.2927140671331465f,-0.6084444578192162f,0f,0f,0f,1f], start_interpolation: 0, interpolation_duration: 1 }
$data merge entity $(bone_left_thumb_2) { transformation: [-0.7650659110866188f,-0.6145489151560529f,0.1923636726976282f,4.673812268882547f,-0.5470520648396484f,0.7778567011766112f,0.30931050869525456f,-0.1538960614952633f,-0.33971780943582985f,0.13140998179422458f,-0.9313018987616006f,-3.9722066303594903f,0f,0f,0f,1f], start_interpolation: 0, interpolation_duration: 1 }
$data merge entity $(bone_left_thumb) { transformation: [-0.7650659110866188f,-0.6145489151560529f,0.1923636726976282f,4.644287113638382f,-0.5470520648396484f,0.7778567011766112f,0.30931050869525456f,0.19094231588992128f,-0.33971780943582985f,0.13140998179422458f,-0.9313018987616006f,-3.8184473426168823f,0f,0f,0f,1f], start_interpolation: 0, interpolation_duration: 1 }
$data merge entity $(bone_left_fingers_2) { transformation: [0.7923971882127643f,0.6092953658704773f,-0.029425384301070473f,4.8898207827016975f,0.5192624804635535f,-0.648422843756587f,0.5566994629757227f,-0.3192924356639318f,0.3201143116065605f,-0.45640658718228566f,-0.830192661182497f,-4.431502882071645f,0f,0f,0f,1f], start_interpolation: 0, interpolation_duration: 1 }
$data merge entity $(bone_left_fingers) { transformation: [-0.7075113472544479f,0.7060891163762051f,-0.029425384301070473f,5.233836647943378f,0.5750981421022151f,0.5994562827038533f,0.5566994629757227f,-0.07736560753780908f,0.41071866338988794f,0.37694870322359175f,-0.830192661182497f,-4.2916374728888655f,0f,0f,0f,1f], start_interpolation: 0, interpolation_duration: 1 }
$data merge entity $(bone_left_hand) { transformation: [-0.8182200922542358f,-0.5741515717911116f,-0.029425384301070473f,4.7517558330030285f,-0.4904844504429457f,0.6704556001676945f,0.5566994629757227f,0.4324925714526764f,-0.2999014579910396f,0.46993537940186236f,-0.830192661182497f,-3.9222909018834984f,0f,0f,0f,1f], start_interpolation: 0, interpolation_duration: 1 }
$data merge entity $(bone_left_forearm) { transformation: [-1.6163235343239355f,-0.8434727314684588f,-0.053670711689203704f,3.43520201203443f,-0.7273518018860042f,1.3291938155833307f,1.0153973205310896f,2.395985280543731f,-0.43044877780901114f,0.9212090498457286f,-1.5142378603768185f,-2.648293927089379f,0f,0f,0f,1f], start_interpolation: 0, interpolation_duration: 1 }
$data merge entity $(bone_left_bicep) { transformation: [-1.379241361719018f,-0.728104276846015f,-0.2787328183862043f,2.2984957334266136f,-0.6445272001923178f,0.7461718252995005f,1.2401398514784412f,3.542433479501915f,-0.438648504179858f,1.19299049663074f,-0.9457778389310144f,-0.7757913711623319f,0f,0f,0f,1f], start_interpolation: 0, interpolation_duration: 1 }
$data merge entity $(bone_left_shoulder) { transformation: [-0.8884980791089151f,-0.389637663795364f,-0.291833228126441f,1.827643125f,-0.4685974197078466f,0.5199657203730073f,0.7324377697435929f,3.434698021645722f,-0.13191133510717276f,0.7773230469090124f,-0.6362242207596098f,-0.6510378704185713f,0f,0f,0f,1f], start_interpolation: 0, interpolation_duration: 1 }
$data merge entity $(bone_left_arm) { transformation: [-1.3293824999999997f,-3.797356468065125e-17f,1.5831181445273645e-16f,1.749763125f,0f,1.2927140671331465f,0.31007768694688065f,3.5873583465837107f,-1.628024023467506e-16f,0.31007768694688065f,-1.2927140671331465f,-0.6084444578192157f,0f,0f,0f,1f], start_interpolation: 0, interpolation_duration: 1 }
$data merge entity $(bone_chest) { transformation: [-2.632522916666667f,-7.519752911546404e-17f,3.1349854502064684e-16f,-2.0654290709181065e-18f,0f,2.559909887805339f,0.6140344233767604f,4.296647604857542f,-3.2239107635778877e-16f,0.6140344233767604f,-2.559909887805339f,-0.3424358238918185f,0f,0f,0f,1f], start_interpolation: 0, interpolation_duration: 1 }
$data merge entity $(bone_weist) { transformation: [-1.9493945833333333f,-2.490644243882819e-17f,2.374292087226206e-16f,4.757769969140599e-17f,0f,1.9387566185444494f,0.20337653645254308f,0.3697154868219421f,-2.387319836754355e-16f,0.20337653645254308f,-1.9387566185444494f,-0.7478027329213246f,0f,0f,0f,1f], start_interpolation: 0, interpolation_duration: 1 }
$data merge entity $(bone_right_cheek) { transformation: [-0.9898871350665477f,0.11933291704062748f,0.07670146504674694f,-1.034129059930069f,0.1289499355033569f,0.9822901085692409f,0.1359340161280796f,-1.5717534857021283f,-0.059121687758577464f,0.14444998275390558f,-0.98774431333163f,-1.6145779408524619f,0f,0f,0f,1f], start_interpolation: 0, interpolation_duration: 1 }
$data merge entity $(bone_right_foot) { transformation: [-1.1741849556526274f,0.0007048544437475135f,0.082946295732918f,-1.5585746641999132f,0.007367794317299325f,1.1733025471830425f,0.0943278498495792f,-8.390849675782912f,-0.08262142822838116f,0.09461252998710017f,-1.1703901330938777f,-3.449652795147613f,0f,0f,0f,1f], start_interpolation: 0, interpolation_duration: 1 }
$data merge entity $(bone_right_knee) { transformation: [-2.878262470851907f,0.24133561029291462f,0.30706833217387547f,-1.3130555457968152f,0.3456134782831441f,2.637495231544355f,1.166661440068985f,-5.070105939194288f,-0.18189326828809746f,1.1926041737807884f,-2.642260171172805f,-2.0641024880390453f,0f,0f,0f,1f], start_interpolation: 0, interpolation_duration: 1 }
$data merge entity $(bone_right_leg) { transformation: [-2.4534030103475035f,0.2664464942699644f,0.1995812051474684f,-0.8928749999999999f,0.29459757635847833f,2.4289534645643585f,0.3786952045162063f,-1.6851762622506792f,-0.15504405748231892f,0.39900382906822657f,-2.4386000097530087f,-1.461637271491359f,0f,0f,0f,1f], start_interpolation: 0, interpolation_duration: 1 }
$data merge entity $(bone_left_cheek) { transformation: [-0.999811258815165f,0.003977635782499069f,0.019016444463069763f,0.815371057879977f,0.0005881755656637795f,0.9845654495142946f,-0.17501579835037495f,-1.4049923193805098f,-0.019419083292967f,-0.17497158065325036f,-0.984381961012982f,-1.4043556355534241f,0f,0f,0f,1f], start_interpolation: 0, interpolation_duration: 1 }
$data merge entity $(bone_left_foot) { transformation: [-1.1770643933968792f,-0.00935921186485318f,0.004765902544945368f,1.1231497551938698f,-0.00926112742148308f,1.1768347156264465f,0.02377348295615647f,-8.594408390205636f,-0.004953805878532125f,0.0237350400516284f,-1.1768615052577889f,1.2896875939372543f,0f,0f,0f,1f], start_interpolation: 0, interpolation_duration: 1 }
$data merge entity $(bone_left_knee) { transformation: [-2.901855748912569f,-0.12036529889225574f,0.04091571653623837f,1.0401852838341474f,-0.12227235697858611f,2.898421987529452f,-0.14535522508237583f,-4.999739757756371f,-0.034804766282753266f,-0.1469383052931563f,-2.900711369856644f,1.0088982497001642f,0f,0f,0f,1f], start_interpolation: 0, interpolation_duration: 1 }
$data merge entity $(bone_left_leg) { transformation: [-2.4735136917061986f,-0.06763316872192289f,0.0846669615001323f,0.8928750000000001f,-0.10422377101861692f,2.014417196639955f,-1.435713580897996f,-2.1600624523410907f,-0.029667245165196632f,-1.4379018865377844f,-2.015333903400241f,-0.9689281904749198f,0f,0f,0f,1f], start_interpolation: 0, interpolation_duration: 1 }
data modify entity @s data merge value {"locators":{"consume":{"posx":5.1092386692453875,"posy":-0.31648837055465207,"posz":-4.254278729431172,"roty":357.9700557077548,"rotx":33.827849524124495}},"cameras":{}}