# This file was generated by Animated Java via MC-Build. It is not recommended to edit this file directly.
$data merge entity $(bone_neck) { transformation: [-1.2033625000000001f,-1.504673321810088e-17f,1.4659923899252912e-16f,1.1102230246251565e-16f,0f,1.1970736304916423f,0.12286590083424054f,3.8076153627212066f,-1.473694033838957e-16f,0.12286590083424054f,-1.1970736304916423f,-0.6111311356184167f,0f,0f,0f,1f], start_interpolation: 0, interpolation_duration: 1 }
$data merge entity $(bone_right_thumb_2) { transformation: [-0.7203813862275171f,0.6807578750512653f,-0.13273798978667078f,-4.885801048136905f,0.6464991303397976f,0.7283790841868212f,0.22694224857670955f,-0.19209160535169217f,0.25117629833805183f,0.07766997666314412f,-0.9648201085582433f,-3.7208631118990105f,0f,0f,0f,1f], start_interpolation: 0, interpolation_duration: 1 }
$data merge entity $(bone_right_thumb) { transformation: [-0.7203813862275171f,0.6807578750512653f,-0.13273798978667078f,-4.828740029735926f,0.6464991303397976f,0.7283790841868212f,0.22694224857670955f,0.1627631120517003f,0.25117629833805183f,0.07766997666314412f,-0.9648201085582433f,-3.60149255609669f,0f,0f,0f,1f], start_interpolation: 0, interpolation_duration: 1 }
$data merge entity $(bone_right_fingers_2) { transformation: [0.7495794818039028f,-0.6530275577772003f,0.1080999964946216f,-5.101811822742347f,-0.6194140952399175f,-0.6344559550053526f,0.46237627510109114f,-0.3840894872141548f,-0.23335976319131424f,-0.413546430212849f,-0.8800696398476104f,-4.16968918520806f,0f,0f,0f,1f], start_interpolation: 0, interpolation_duration: 1 }
$data merge entity $(bone_right_fingers) { transformation: [-0.745280572019837f,-0.6579295248943058f,0.1080999964946216f,-5.425710117471326f,-0.5481783330989758f,0.6969280417263091f,0.46237627510109114f,-0.09874747332613121f,-0.3795489218672772f,0.28534197890931606f,-0.8800696398476104f,-4.069152285648734f,0f,0f,0f,1f], start_interpolation: 0, interpolation_duration: 1 }
$data merge entity $(bone_right_hand) { transformation: [-0.7773507102333632f,0.6197098224633432f,0.1080999964946216f,-4.909588724249779f,0.5911499702045522f,0.6608705568799362f,0.46237627510109114f,0.4009465282182272f,0.21509901447203952f,0.4233318355517979f,-0.8800696398476104f,-3.733445901124839f,0f,0f,0f,1f], start_interpolation: 0, interpolation_duration: 1 }
$data merge entity $(bone_right_forearm) { transformation: [-1.5532634261520055f,0.9355881957491817f,0.1971700245646648f,-3.4545642930853444f,0.911672788116841f,1.3358265444155442f,0.8433556380766049f,2.3588118128482956f,0.2881909402103146f,0.8167439824345953f,-1.6052114536007642f,-2.610346036508896f,0f,0f,0f,1f], start_interpolation: 0, interpolation_duration: 1 }
$data merge entity $(bone_right_bicep) { transformation: [-1.3267412077201344f,0.741294560098077f,0.4476323254522894f,-2.2996106820194115f,0.80852288431246f,0.7670961637161124f,1.1260500775003703f,3.5388929321509934f,0.3101339535811686f,1.1714010443330363f,-1.0206718767826868f,-0.770182683209719f,0f,0f,0f,1f], start_interpolation: 0, interpolation_duration: 1 }
$data merge entity $(bone_right_shoulder) { transformation: [-0.886482136055224f,0.3982808975822437f,0.28624242827171814f,-1.827643125f,0.4722974729425393f,0.5337207957445301f,0.7200626277684161f,3.4327857811027545f,0.13227810920140462f,0.7634968352768383f,-0.6526776103216607f,-0.6482792734665636f,0f,0f,0f,1f], start_interpolation: 0, interpolation_duration: 1 }
$data merge entity $(bone_right_arm) { transformation: [-1.3293824999999997f,-3.761919160504335e-17f,1.5839639715869896e-16f,-1.74976375f,0f,1.2934047373412538f,0.3071840111878404f,3.585541041421606f,-1.628024023467506e-16f,0.3071840111878404f,-1.2934047373412538f,-0.6060275983287514f,0f,0f,0f,1f], start_interpolation: 0, interpolation_duration: 1 }
$data merge entity $(bone_left_thumb_2) { transformation: [-0.7623031070655762f,-0.6133213784574022f,0.2067144399534788f,4.703646981184851f,-0.5543201312506464f,0.7835597586935759f,0.28064799419616626f,-0.2508306378066674f,-0.3341005313501233f,0.09935286248104314f,-0.9372864256290008f,-3.829400373460564f,0f,0f,0f,1f], start_interpolation: 0, interpolation_duration: 1 }
$data merge entity $(bone_left_thumb) { transformation: [-0.7623031070655762f,-0.6133213784574022f,0.2067144399534788f,4.673289276361689f,-0.5543201312506464f,0.7835597586935759f,0.28064799419616626f,0.09855271444818986f,-0.3341005313501233f,0.09935286248104314f,-0.9372864256290008f,-3.6864428874656667f,0f,0f,0f,1f], start_interpolation: 0, interpolation_duration: 1 }
$data merge entity $(bone_left_fingers_2) { transformation: [0.7898007934148769f,0.6131670483009124f,-0.0155202319305216f,4.925485588817102f,0.5258622599917292f,-0.6638877196130931f,0.5317160701571071f,-0.430637408706387f,0.3157270818881739f,-0.42811127832010337f,-0.8467804574607902f,-4.280427914492968f,0f,0f,0f,1f], start_interpolation: 0, interpolation_duration: 1 }
$data merge entity $(bone_left_fingers) { transformation: [-0.7110110093785058f,0.7030095781306118f,-0.0155202319305216f,5.268425689699686f,0.5895692697106274f,0.6080181715619687f,0.5317160701571071f,-0.18582619620534635f,0.38323807320702813f,0.36890572794015997f,-0.8467804574607902f,-4.142960115240095f,0f,0f,0f,1f], start_interpolation: 0, interpolation_duration: 1 }
$data merge entity $(bone_left_hand) { transformation: [-0.8157950490645706f,-0.57813282238821f,-0.0155202319305216f,4.7831527794216955f,-0.4964033800328601f,0.6861936352288865f,0.5317160701571071f,0.336515658976845f,-0.29675262798109575f,0.4414756331314427f,-0.8467804574607902f,-3.795910618473964f,0f,0f,0f,1f], start_interpolation: 0, interpolation_duration: 1 }
$data merge entity $(bone_left_forearm) { transformation: [-1.6128860287247657f,-0.8512495882531516f,-0.028308275765230873f,3.456346328831465f,-0.7343085050979846f,1.359062921780853f,0.9698286217753944f,2.3417783015003684f,-0.4315301140346101f,0.8689940591125107f,-1.5444933303649924f,-2.6000041626351114f,0f,0f,0f,1f], start_interpolation: 0, interpolation_duration: 1 }
$data merge entity $(bone_left_bicep) { transformation: [-1.3755295960974208f,-0.7404308450442548f,-0.264225376999681f,2.3002288949780016f,-0.6519782802013074f,0.776846481313531f,1.2171969530441809f,3.5363667501210108f,-0.4392917120653637f,1.1655068700189386f,-0.9791583546765279f,-0.7699600712983952f,0f,0f,0f,1f], start_interpolation: 0, interpolation_duration: 1 }
$data merge entity $(bone_left_shoulder) { transformation: [-0.8880470810757453f,-0.39758956270955914f,-0.2823258756899739f,1.827643125f,-0.4696860969611051f,0.5397510727156399f,0.7172703315282181f,3.4327857811027545f,-0.1310737608414915f,0.7596079895535447f,-0.6574407578574133f,-0.6482792734665631f,0f,0f,0f,1f], start_interpolation: 0, interpolation_duration: 1 }
$data merge entity $(bone_left_arm) { transformation: [-1.3293824999999997f,-3.761919160504335e-17f,1.5839639715869896e-16f,1.749763125f,0f,1.2934047373412538f,0.3071840111878404f,3.585541041421606f,-1.628024023467506e-16f,0.3071840111878404f,-1.2934047373412538f,-0.606027598328751f,0f,0f,0f,1f], start_interpolation: 0, interpolation_duration: 1 }
$data merge entity $(bone_chest) { transformation: [-2.632522916666667f,-7.449577830816257e-17f,3.1366604076532524e-16f,-1.4508343328197414e-18f,0f,2.5612775943538315f,0.6083041931765912f,4.295423810890824f,-3.2239107635778877e-16f,0.6083041931765912f,-2.5612775943538315f,-0.34160691298572776f,0f,0f,0f,1f], start_interpolation: 0, interpolation_duration: 1 }
$data merge entity $(bone_weist) { transformation: [-1.9493945833333333f,-2.4375049274202566e-17f,2.3748435106863064e-16f,4.7115964910171646e-17f,0f,1.9392068899700425f,0.1990373819714666f,0.36759437577424214f,-2.387319836754355e-16f,0.1990373819714666f,-1.9392068899700425f,-0.7381849245136678f,0f,0f,0f,1f], start_interpolation: 0, interpolation_duration: 1 }
$data merge entity $(bone_right_cheek) { transformation: [-0.9897531767113366f,0.12066809314923613f,0.07634042497618983f,-1.0350782825384401f,0.13012460021317f,0.9823617598485069f,0.13428686163101453f,-1.5733277758090412f,-0.05878977469918288f,0.1428446151700225f,-0.9879975598693288f,-1.6014974735568381f,0f,0f,0f,1f], start_interpolation: 0, interpolation_duration: 1 }
$data merge entity $(bone_right_foot) { transformation: [-1.1742103839559466f,0.003162302795554273f,0.08252798875303323f,-1.5731872972321246f,0.009849197514828321f,1.1732155657935963f,0.09517943246567864f,-8.394278925589285f,-0.0819991609402526f,0.09563540608584255f,-1.1703507600648848f,-3.42599812952116f,0f,0f,0f,1f], start_interpolation: 0, interpolation_duration: 1 }
$data merge entity $(bone_right_knee) { transformation: [-2.8777164686629515f,0.24739153217225657f,0.30736630317834474f,-1.3201304401034908f,0.35100954901809567f,2.6385744905787423f,1.1626029600423662f,-5.072213784249591f,-0.18019131782128658f,1.1889704689396714f,-2.6440138050897604f,-2.0449790569234954f,0f,0f,0f,1f], start_interpolation: 0, interpolation_duration: 1 }
$data merge entity $(bone_right_leg) { transformation: [-2.452937603377984f,0.27149834896896785f,0.19849051206659513f,-0.8928749999999999f,0.2991971347098263f,2.428946707026744f,0.3751155714502253f,-1.687328505586632f,-0.15359333141371953f,0.39562515575999907f,-2.4392422076567497f,-1.447258900610954f,0f,0f,0f,1f], start_interpolation: 0, interpolation_duration: 1 }
$data merge entity $(bone_left_cheek) { transformation: [-0.9998125479448059f,0.0032541336702099615f,0.019086109770499158f,0.8170577458590486f,-0.00020378777758652683f,0.983951405015234f,-0.1784365182329239f,-1.4105467054788605f,-0.019360460806934432f,-0.17840695945675222f,-0.9837662981494841f,-1.3946202873517342f,0f,0f,0f,1f], start_interpolation: 0, interpolation_duration: 1 }
$data merge entity $(bone_left_foot) { transformation: [-1.1770695240685225f,-0.008640934087368818f,0.0048543427734604565f,1.1235591045838416f,-0.008558848783600238f,1.1769164169745319f,0.01963131273988873f,-8.579682212815873f,-0.004997648763565211f,0.019595320627374558f,-1.1769375267162265f,1.3314139351075243f,0f,0f,0f,1f], start_interpolation: 0, interpolation_duration: 1 }
$data merge entity $(bone_left_knee) { transformation: [-2.9018464260759727f,-0.12069515072518307f,0.04060404654162885f,1.040174421961213f,-0.12264450269263609f,2.8981546840350436f,-0.15028786344557712f,-4.9855056874297015f,-0.03426855648266203f,-0.15185781682608768f,-2.9004643693793986f,1.044515981948797f,0f,0f,0f,1f], start_interpolation: 0, interpolation_duration: 1 }
$data merge entity $(bone_left_leg) { transformation: [-2.4735057450107174f,-0.06762262220016865f,0.08490720408075164f,0.8928750000000001f,-0.10454098441537427f,2.0053063178971398f,-1.4483889246049702f,-2.158364617971583f,-0.029210185132957003f,-1.4505814266381771f,-2.0062335389270887f,-0.9511897077115361f,0f,0f,0f,1f], start_interpolation: 0, interpolation_duration: 1 }
data modify entity @s data merge value {"locators":{"consume":{"posx":5.142384432561976,"posy":-0.4232922106984176,"posz":-4.100257407350618,"roty":358.949970771065,"rotx":32.121476262733474}},"cameras":{}}