# This file was generated by Animated Java via MC-Build. It is not recommended to edit this file directly.
$data merge entity $(bone_right_thumb) { transformation: [-0.6461282775473018f,-0.033962450171846986f,-0.8269611846586773f,-4.051111723624139f,0.7251703362943221f,-0.5289041578228978f,-0.5448746417263626f,3.149944383347924f,-0.39893136290913234f,-0.9064253658277535f,0.3489223751373453f,-0.5311176645258945f,0f,0f,0f,1f], start_interpolation: 0, interpolation_duration: 1 }
$data merge entity $(bone_right_fingers_2) { transformation: [0.2134980023904652f,-0.5936126975784035f,-0.7759140211704978f,-4.218659332306385f,-0.051045178833991456f,0.7863630396247154f,-0.6156521417407591f,3.1221775091744854f,0.9756090368037221f,0.17104717239951295f,0.13758587180755327f,0.852765165550276f,0f,0f,0f,1f], start_interpolation: 0, interpolation_duration: 1 }
$data merge entity $(bone_right_fingers) { transformation: [-0.48479285414191187f,-0.40364999730455486f,-0.7759140211704978f,-4.780544197663397f,0.7214810662132357f,0.3169187773954526f,-0.6156521417407591f,3.7156477557849965f,0.4944097083075442f,-0.8582710342369735f,0.13758587180755327f,0.34101664076490046f,0f,0f,0f,1f], start_interpolation: 0, interpolation_duration: 1 }
$data merge entity $(bone_right_hand) { transformation: [-0.58636847242786f,0.30809103045711445f,-0.8147097222290227f,-4.3496091190804655f,0.5973383038445184f,-0.5725461258868988f,-0.6464347488277971f,2.9955516090058887f,-0.6339234695945337f,-0.824482171234634f,0.14446516539793094f,-0.9065963087479547f,0f,0f,0f,1f], start_interpolation: 0, interpolation_duration: 1 }
$data merge entity $(bone_right_forearm) { transformation: [-3.7957169999551197f,1.2543706240039658f,-1.514830615576408f,-2.3108205755341875f,0.6370192904327044f,-2.3310806553966588f,-3.5264563518711083f,0.058704004641084495f,-1.860742830126805f,-3.356820268598152f,1.8828220320732136f,-6.200160524939266f,0f,0f,0f,1f], start_interpolation: 0, interpolation_duration: 1 }
$data merge entity $(bone_right_bicep) { transformation: [-3.1963932631201017f,0.43907297947059704f,1.5969611849319452f,-1.8968289209170874f,0.5364372972064881f,3.558532096758229f,0.09531181724887984f,4.243991029790875f,-1.5669413306330993f,0.32258988676072703f,-3.225000873071738f,-4.577978587232835f,0f,0f,0f,1f], start_interpolation: 0, interpolation_duration: 1 }
$data merge entity $(bone_right_arm) { transformation: [-0.6992802134896008f,0.019258596674826788f,0.9750057894577115f,-1.7431149287196277f,0.17327857677569872f,1.1831281907893567f,0.10090698186989815f,5.541488778878444f,-0.9596779240206201f,0.19959155947489368f,-0.6922293633860479f,-4.143104136539082f,0f,0f,0f,1f], start_interpolation: 0, interpolation_duration: 1 }
$data merge entity $(bone_left_thumb) { transformation: [0.04959531999492634f,0.7353297102996017f,-0.7478840293690636f,-3.2564436098749967f,-0.09055301396246013f,-0.7429219059037734f,-0.7364558326136202f,3.137214423811537f,-1.0449116976553168f,0.09928372917558109f,0.02832463987546048f,1.0013024860602024f,0f,0f,0f,1f], start_interpolation: 0, interpolation_duration: 1 }
$data merge entity $(bone_left_fingers_2) { transformation: [0.5843504759560296f,0.38885119281311087f,-0.7122705041610125f,-4.817683773949181f,-0.6138331026715453f,-0.3623063475993395f,-0.7013865072510664f,4.217620769792228f,-0.5307951048329153f,0.8470707528518779f,0.026975847500438535f,0.38064041559202766f,0f,0f,0f,1f], start_interpolation: 0, interpolation_duration: 1 }
$data merge entity $(bone_left_fingers) { transformation: [0.22687879419183427f,0.6642264234794313f,-0.7122705041610125f,-4.352044550318185f,-0.2664284124822991f,-0.66111486783184f,-0.7013865072510664f,3.7720661486139946f,-0.9367720714070317f,0.3488988247091295f,0.026975847500438535f,1.0979055556290018f,0f,0f,0f,1f], start_interpolation: 0, interpolation_duration: 1 }
$data merge entity $(bone_left_hand) { transformation: [0.049595319994926314f,0.7353297102996013f,-0.7478840293690631f,-3.2626534363596305f,-0.09055301396246007f,-0.7429219059037729f,-0.7364558326136198f,2.7644800570829062f,-1.044911697655316f,0.09928372917558104f,0.028324639875460463f,1.340349040451358f,0f,0f,0f,1f], start_interpolation: 0, interpolation_duration: 1 }
$data merge entity $(bone_left_forearm) { transformation: [1.3322471510729215f,2.688676815526862f,-3.044956405288328f,1.1670756483849365f,-1.498139066060211f,-2.6534200486216415f,-2.9984273184983086f,-0.7182740053225594f,-3.7757544765519797f,2.0015004439722346f,0.11532174806437473f,4.348916650472161f,0f,0f,0f,1f], start_interpolation: 0, interpolation_duration: 1 }
$data merge entity $(bone_left_bicep) { transformation: [1.1218923377456185f,2.357082780634173f,2.479015600545013f,3.3463442154236054f,-1.2615907924717569f,2.710129004177358f,-2.005888694087269f,3.0315620728003827f,-3.179582717096405f,-0.2436422499373223f,1.670596360341816f,3.1204994933445174f,0f,0f,0f,1f], start_interpolation: 0, interpolation_duration: 1 }
$data merge entity $(bone_left_arm) { transformation: [-0.5625949684663459f,-0.07218054685109455f,1.0574861087090595f,3.132830685653765f,0.030389364437888054f,1.1956237579244429f,0.09777686851037413f,4.3856343440642105f,-1.0595109192384062f,0.07262092083491307f,-0.5587153245362765f,2.9895626958030217f,0f,0f,0f,1f], start_interpolation: 0, interpolation_duration: 1 }
$data merge entity $(bone_hip) { transformation: [-2.9854931320036067f,0.0829739648112086f,3.222822556838775f,0.18303571428571444f,0.3307152360616109f,4.377186257805503f,0.19366736963509948f,-2.3503541071428575f,-3.2068828080149765f,0.3741589750202092f,-2.980360191321817f,-1.448123125f,0f,0f,0f,1f], start_interpolation: 0, interpolation_duration: 1 }
$data merge entity $(bone_right_foot) { transformation: [-1.31128672376054f,0f,1.5627306639627154f,-0.49376295514340485f,0f,2.04f,0f,-10.12442f,-1.5627306639627154f,0f,-1.31128672376054f,-3.1797154636801497f,0f,0f,0f,1f], start_interpolation: 0, interpolation_duration: 1 }
$data merge entity $(bone_right_knee) { transformation: [-1.8319446876066365f,0f,2.1832266628890875f,-1.5300176555952139f,0f,2.85f,0f,-6.445546875000001f,-2.1832266628890875f,0f,-1.8319446876066365f,-2.3028516107228207f,0f,0f,0f,1f], start_interpolation: 0, interpolation_duration: 1 }
$data merge entity $(bone_right_thigh) { transformation: [-2.4586626070510125f,0f,2.930119994930092f,0.11492245822575443f,0f,3.8250000000000006f,0f,-2.8394962500000007f,-2.930119994930092f,0f,-2.4586626070510125f,-3.2498882093915578f,0f,0f,0f,1f], start_interpolation: 0, interpolation_duration: 1 }
$data merge entity $(bone_right_leg) { transformation: [-1.1088086267092803f,0f,1.3214266643802375f,0.01736125000000041f,0f,1.7250000000000003f,0f,-2.847094375000001f,-1.3214266643802375f,0f,-1.1088086267092803f,-3.390125f,0f,0f,0f,1f], start_interpolation: 0, interpolation_duration: 1 }
$data merge entity $(bone_left_foot) { transformation: [-1.2564718430344641f,0.7917083918694164f,1.398597987237619f,-1.46072858926356f,-0.029826414374465832f,1.7635042558690892f,-1.0250673756086341f,-8.310250354867053f,-1.606856836394313f,-0.6518056165569239f,-1.0745978529467244f,2.18220644604959f,0f,0f,0f,1f], start_interpolation: 0, interpolation_duration: 1 }
$data merge entity $(bone_left_knee) { transformation: [-1.811451787834025f,1.1060631945234496f,1.902042751904777f,-0.900792392224518f,0f,2.463719180993581f,-1.4326855192973509f,-4.4790318763696675f,-2.2002596256698697f,-0.910610787836879f,-1.5659328123269483f,1.713930492076352f,0f,0f,0f,1f], start_interpolation: 0, interpolation_duration: 1 }
$data merge entity $(bone_left_thigh) { transformation: [-2.4311589784088237f,2.0684577835215845f,2.107504073422195f,1.8680211572811227f,0f,2.7298535769044117f,-2.6792768518132264f,-3.2144962500000007f,-2.9529800239253516f,-1.7029406467787325f,-1.7350870675117913f,-0.9954843128315511f,0f,0f,0f,1f], start_interpolation: 0, interpolation_duration: 1 }
$data merge entity $(bone_left_leg) { transformation: [-1.096405029478489f,0f,1.331736089221237f,2.1790673214285716f,0f,1.7250000000000003f,0f,-3.222094375000001f,-1.331736089221237f,0f,-1.096405029478489f,-1.274053571428571f,0f,0f,0f,1f], start_interpolation: 0, interpolation_duration: 1 }
data modify entity @s data merge value {"locators":{"consume":{"posx":-3.6654286074208757,"posy":3.9946669636861136,"posz":0.903070859051833,"roty":259.944772090482,"rotx":-37.999321363895554}},"cameras":{}}