# This file was generated by Animated Java via MC-Build. It is not recommended to edit this file directly.
$data merge entity $(bone_right_thumb) { transformation: [0.9178415999964002f,-0.4851173146920415f,0.15725135389570521f,3.9590898725606234f,-0.09911190734403703f,-0.48728953821603277f,-0.9247841563131551f,2.8830493282907f,0.5002435678133972f,0.7935427505378584f,-0.47174810644043447f,0.3995281960158915f,0f,0f,0f,1f], start_interpolation: 0, interpolation_duration: 1 }
$data merge entity $(bone_right_fingers_2) { transformation: [0.8305411197359273f,-0.5364442506867633f,0.1497631941863858f,5.178089870306674f,-0.134480798333592f,-0.45409245953017136f,-0.8807468155363376f,3.510426803074867f,0.5404779027003344f,0.711356172464228f,-0.44928391089565156f,-1.1751985247102794f,0f,0f,0f,1f], start_interpolation: 0, interpolation_duration: 1 }
$data merge entity $(bone_right_fingers) { transformation: [0.7534156999413537f,-0.6402622655982242f,0.1497631941863858f,4.96846742772305f,-0.19260125611959864f,-0.43265436905658694f,-0.8807468155363376f,3.0545226487710577f,0.6287046518223268f,0.6347238991776468f,-0.44928391089565156f,-0.3517800880676323f,0f,0f,0f,1f], start_interpolation: 0, interpolation_duration: 1 }
$data merge entity $(bone_right_hand) { transformation: [0.7610093057277096f,-0.7061422295074818f,0.1572513538957051f,4.025734157555451f,-0.22185456396589628f,-0.4450335006262665f,-0.9247841563131545f,2.4527611230239423f,0.688582158528183f,0.6370308744688389f,-0.47174810644043413f,0.6531669860617324f,0f,0f,0f,1f], start_interpolation: 0, interpolation_duration: 1 }
$data merge entity $(bone_right_forearm) { transformation: [0.7851034720976636f,-3.283446340766176f,2.622635633367586f,-1.2331623282346778f,2.542625812443999f,-1.753059339321745f,-2.955919811278766f,0.31616782647560404f,3.3457871295098385f,2.1027096994416543f,1.6309339054297396f,3.582762781455516f,0f,0f,0f,1f], start_interpolation: 0, interpolation_duration: 1 }
$data merge entity $(bone_right_bicep) { transformation: [0.6611397659769801f,-2.946718192314421f,-1.9595270105122669f,-4.231727674145223f,2.14115857890021f,1.9202355493282444f,-2.165210238082688f,3.0566302639832887f,2.8175049511661805f,-0.7678198552911312f,2.105259727438582f,1.6288021096623f,0f,0f,0f,1f], start_interpolation: 0, interpolation_duration: 1 }
$data merge entity $(bone_right_arm) { transformation: [-0.8756827437735231f,-0.255591508762401f,-0.7796490960078353f,-4.326742215494445f,-0.2478016170834921f,1.1694269670631854f,-0.10504726210714008f,4.429286878387284f,0.7821598882761002f,0.0843418600337895f,-0.9061525036206433f,1.5737544574331572f,0f,0f,0f,1f], start_interpolation: 0, interpolation_duration: 1 }
$data merge entity $(bone_left_thumb) { transformation: [-0.4426212901999576f,0.46787879470145627f,-0.8292622184390406f,-2.8447262509732303f,-0.9450072064972138f,-0.3276604171802604f,0.3195309541837717f,10.903924045088589f,-0.11639490164976657f,0.8810380720956228f,0.5592174374856089f,-13.88341059481329f,0f,0f,0f,1f], start_interpolation: 0, interpolation_duration: 1 }
$data merge entity $(bone_left_fingers_2) { transformation: [-0.42154408590472126f,0.4455988520966247f,-0.7897735413705143f,-4.133089781473079f,-0.9000068633306793f,-0.31205754017167636f,0.30431519446073474f,11.429476231769247f,-0.1108522872854919f,0.8390838781863068f,0.5325880357005796f,-15.460518767811548f,0f,0f,0f,1f], start_interpolation: 0, interpolation_duration: 1 }
$data merge entity $(bone_left_fingers) { transformation: [-0.42154408590472126f,0.4455988520966247f,-0.7897735413705143f,-3.5639872525447718f,-0.9000068633306793f,-0.31205754017167636f,0.30431519446073474f,11.565813851719028f,-0.1108522872854919f,0.8390838781863068f,0.5325880357005796f,-14.69413606112836f,0f,0f,0f,1f], start_interpolation: 0, interpolation_duration: 1 }
$data merge entity $(bone_left_hand) { transformation: [-0.44262129019995733f,0.46787879470145594f,-0.82926221843904f,-2.8032467305474285f,-0.9450072064972133f,-0.3276604171802602f,0.3195309541837715f,11.171664628876991f,-0.1163949016497665f,0.8810380720956222f,0.5592174374856086f,-13.458538301873435f,0f,0f,0f,1f], start_interpolation: 0, interpolation_duration: 1 }
$data merge entity $(bone_left_forearm) { transformation: [-3.5257164125883667f,1.564828813828483f,-1.8428943435306204f,-0.15807906962132368f,-2.3064259263516416f,-1.2001070388005048f,3.3934889924198157f,8.916557299407181f,0.7248090950436445f,3.792977574259255f,1.834011422240436f,-8.09932813006059f,0f,0f,0f,1f], start_interpolation: 0, interpolation_duration: 1 }
$data merge entity $(bone_left_bicep) { transformation: [-3.18615752315731f,1.674513447760549f,0.0663698041066751f,1.4377191699246463f,-0.8381835945790148f,-1.7158012325664975f,3.0517985503800698f,5.764361798799492f,1.4511541955997236f,2.685522452632331f,1.908434085055324f,-5.299938497192129f,0f,0f,0f,1f], start_interpolation: 0, interpolation_duration: 1 }
$data merge entity $(bone_left_arm) { transformation: [-0.8756827437735231f,0.7989585636012093f,-0.18666800986127075f,2.159435192003919f,-0.2478016170834921f,0.0027252496566538835f,1.1741324165464113f,5.699313177551051f,0.7821598882761002f,0.895353442313482f,0.16299730828856424f,-4.128982115212626f,0f,0f,0f,1f], start_interpolation: 0, interpolation_duration: 1 }
$data merge entity $(bone_chest) { transformation: [-4.423327425984457f,-0.001854594380535252f,-4.144458250369935f,-1.447364127657288e-17f,-1.251717813149227f,5.779076604496828f,1.3333563895854488f,5.791906874999999f,3.9509163677335226f,1.8288338650306948f,-4.217581024158072f,0.11818624999999994f,0f,0f,0f,1f], start_interpolation: 0, interpolation_duration: 1 }
$data merge entity $(bone_waist) { transformation: [-3.7517869599773297f,-0.6278355454484825f,-3.281587163157331f,-1.4062487499999994f,-1.108478252460106f,4.888758436852554f,0.3319850666964773f,0.7895225000000003f,3.1518673426003447f,0.9719879878670731f,-3.789441750532005f,-3.2276250000000006f,0f,0f,0f,1f], start_interpolation: 0, interpolation_duration: 1 }
$data merge entity $(bone_hip) { transformation: [-4.044553847884954f,-0.3894698602461459f,-1.6722848299452058f,2.4048978556128664e-16f,-0.1858687905056811f,4.353567693907888f,-0.564393728015754f,-1.6963362499999999f,1.7069493598876837f,-0.4487769105774196f,-4.023874043786363f,-1.963748125f,0f,0f,0f,1f], start_interpolation: 0, interpolation_duration: 1 }
$data merge entity $(bone_right_foot) { transformation: [-1.970681096443655f,-0.5261664296385309f,0.034130696463363704f,-1.4545199559877922f,0.06572051747756245f,-0.11409458489805291f,2.0357463592695977f,-6.601174189924369f,-0.5231604244417907f,1.9676715462745256f,0.1271686135786f,-6.682017258580647f,0f,0f,0f,1f], start_interpolation: 0, interpolation_duration: 1 }
$data merge entity $(bone_right_knee) { transformation: [-2.753157414149224f,-0.5943449458665311f,0.43517621515665145f,-2.4235603051224275f,0.09181542882894754f,1.3936769976203174f,2.484297557325405f,-5.985621978803061f,-0.7308858870877958f,2.4139010981452675f,-1.327172674684405f,-2.932500253977039f,0f,0f,0f,1f], start_interpolation: 0, interpolation_duration: 1 }
$data merge entity $(bone_right_thigh) { transformation: [-3.695027055831854f,-0.23563176213527023f,0.9601446398036149f,-1.855993154853815f,0.12322597027042961f,3.576031700415991f,1.3518275177961252f,-1.9644962500000007f,-0.9809257958283576f,1.3368245772325362f,-3.4469275641918498f,-3.271207812842069f,0f,0f,0f,1f], start_interpolation: 0, interpolation_duration: 1 }
$data merge entity $(bone_right_leg) { transformation: [-1.6867811949025229f,0f,-0.3611013715332836f,-1.9513887499999996f,0f,1.7250000000000003f,0f,-1.972094375000001f,0.3611013715332836f,0f,-1.6867811949025229f,-3.2026250000000003f,0f,0f,0f,1f], start_interpolation: 0, interpolation_duration: 1 }
$data merge entity $(bone_left_foot) { transformation: [-2.0399999999999996f,0f,2.2648549702353194e-16f,1.5896235206631406f,0f,2.04f,0f,-9.31192f,-2.2648549702353194e-16f,0f,-2.0399999999999996f,-2.865988796548949f,0f,0f,0f,1f], start_interpolation: 0, interpolation_duration: 1 }
$data merge entity $(bone_left_knee) { transformation: [-2.8256178549153597f,0f,-0.3719996478271467f,1.7530721069853596f,0f,2.85f,0f,-5.633046875000001f,0.3719996478271467f,0f,-2.8256178549153597f,-1.5813787259104266f,0f,0f,0f,1f], start_interpolation: 0, interpolation_duration: 1 }
$data merge entity $(bone_left_thigh) { transformation: [-3.792276594754825f,0f,-0.4992626852416969f,1.5518955159847139f,0f,3.8250000000000006f,0f,-2.0269962500000007f,0.4992626852416969f,0f,-3.792276594754825f,-3.4398601023327866f,0f,0f,0f,1f], start_interpolation: 0, interpolation_duration: 1 }
$data merge entity $(bone_left_leg) { transformation: [-1.6841106122818854f,0f,-0.3733583340432273f,1.5451387500000004f,0f,1.7250000000000003f,0f,-2.222094375000001f,0.3733583340432273f,0f,-1.6841106122818854f,-3.3901249999999994f,0f,0f,0f,1f], start_interpolation: 0, interpolation_duration: 1 }
data modify entity @s data merge value {"locators":{"consume":{"posx":4.421590683589897,"posy":4.1823576621333665,"posz":-0.608983221085468,"roty":18.43516580952911,"rotx":-61.732582955524435}},"cameras":{}}