# This file was generated by Animated Java via MC-Build. It is not recommended to edit this file directly.
$data merge entity $(bone_right_thumb_2) { transformation: [-0.17141138849588247f,0.9851564324214241f,0.009216265653992695f,-5.81974071152207f,0.8389176087023037f,0.1410490461236925f,0.5256637826565614f,4.58843038737301f,0.5165611112957709f,0.0978364464107716f,-0.8506424913267561f,-4.77843967266649f,0f,0f,0f,1f], start_interpolation: 0, interpolation_duration: 1 }
$data merge entity $(bone_right_thumb) { transformation: [-0.17141138849588247f,0.9851564324214241f,0.009216265653992695f,-5.555513078949283f,0.8389176087023037f,0.1410490461236925f,0.5256637826565614f,4.792611518800856f,0.5165611112957709f,0.0978364464107716f,-0.8506424913267561f,-4.599775228439951f,0f,0f,0f,1f], start_interpolation: 0, interpolation_duration: 1 }
$data merge entity $(bone_right_fingers_2) { transformation: [0.21149114421299492f,-0.9142371183808524f,0.3456038010412395f,-6.118942282586177f,-0.8401799366360608f,0.010606815699541985f,0.5422039925479525f,4.694683309065968f,-0.49936877154433895f,-0.40504072244083106f,-0.7658804366028075f,-5.207575341158187f,0f,0f,0f,1f], start_interpolation: 0, interpolation_duration: 1 }
$data merge entity $(bone_right_fingers) { transformation: [-0.9340208268382801f,-0.09034991830755654f,0.3456038010412395f,-6.199566543696426f,0.12018156082963885f,0.8316076135423552f,0.5422039925479525f,5.071337515537143f,-0.3363948386478106f,0.5479650256724475f,-0.7658804366028075f,-4.988328503874246f,0f,0f,0f,1f], start_interpolation: 0, interpolation_duration: 1 }
$data merge entity $(bone_right_hand) { transformation: [-0.2511683145167284f,0.9041418530787482f,0.3456038010412395f,-5.477845115015613f,0.8398429343077257f,0.02605141375143838f,0.5422039925479525f,5.0590879313544175f,0.48122585495400655f,0.426437373306888f,-0.7658804366028075f,-4.6600872946991245f,0f,0f,0f,1f], start_interpolation: 0, interpolation_duration: 1 }
$data merge entity $(bone_right_forearm) { transformation: [-0.6694546857320244f,1.5752129921367741f,0.6303673649455954f,-3.104514912122043f,1.5125322913818522f,0.24705539956690403f,0.9889581683294332f,5.393876342976831f,0.7687034882918814f,0.8857179125330221f,-1.3969349620292082f,-3.4489282046445533f,0f,0f,0f,1f], start_interpolation: 0, interpolation_duration: 1 }
$data merge entity $(bone_right_bicep) { transformation: [-0.49486209179290486f,0.8271009262006119f,1.2574379204827355f,-1.8285966184983091f,1.3348287045961185f,-0.3703301192872592f,0.7689099349198439f,4.802081847371869f,0.6953261072159627f,1.2995746290653265f,-0.5811729037017479f,-1.4155757409427518f,0f,0f,0f,1f], start_interpolation: 0, interpolation_duration: 1 }
$data merge entity $(bone_right_shoulder) { transformation: [-0.40758325154714276f,0.6715311387354124f,0.6397927800732192f,-1.515143125f,0.8595118801242007f,0.010797224674923908f,0.5362235788656824f,4.414719379509715f,0.348608949469832f,0.7585132354249855f,-0.5740578809680262f,-1.3917058939616673f,0f,0f,0f,1f], start_interpolation: 0, interpolation_duration: 1 }
$data merge entity $(bone_right_arm) { transformation: [-1.3293824999999997f,-1.444074945490073e-16f,7.517378351494417e-17f,-1.74976375f,0f,0.6138405258339225f,1.1791766789375469f,4.039193641112416f,-1.628024023467506e-16f,1.1791766789375469f,-0.6138405258339225f,-1.0176598828772099f,0f,0f,0f,1f], start_interpolation: 0, interpolation_duration: 1 }
$data merge entity $(bone_left_thumb_2) { transformation: [-0.17141138849588233f,-0.9851564324214244f,-0.009216265653992584f,5.819740711522071f,-0.8389176087023037f,0.1410490461236925f,0.5256637826565614f,4.58843038737301f,-0.5165611112957709f,0.09783644641077138f,-0.8506424913267561f,-4.778439672666488f,0f,0f,0f,1f], start_interpolation: 0, interpolation_duration: 1 }
$data merge entity $(bone_left_thumb) { transformation: [-0.17141138849588233f,-0.9851564324214244f,-0.009216265653992584f,5.555513078949284f,-0.8389176087023037f,0.1410490461236925f,0.5256637826565614f,4.792611518800856f,-0.5165611112957709f,0.09783644641077138f,-0.8506424913267561f,-4.599775228439949f,0f,0f,0f,1f], start_interpolation: 0, interpolation_duration: 1 }
$data merge entity $(bone_left_fingers_2) { transformation: [0.2114911442129948f,0.9142371183808526f,-0.34560380104123944f,6.118942282586178f,0.8401799366360608f,0.010606815699541985f,0.5422039925479525f,4.694683309065968f,0.499368771544339f,-0.40504072244083084f,-0.7658804366028076f,-5.2075753411581855f,0f,0f,0f,1f], start_interpolation: 0, interpolation_duration: 1 }
$data merge entity $(bone_left_fingers) { transformation: [-0.9340208268382804f,0.0903499183075564f,-0.34560380104123944f,6.1995665436964265f,-0.12018156082963885f,0.8316076135423552f,0.5422039925479525f,5.071337515537143f,0.3363948386478104f,0.5479650256724475f,-0.7658804366028076f,-4.988328503874245f,0f,0f,0f,1f], start_interpolation: 0, interpolation_duration: 1 }
$data merge entity $(bone_left_hand) { transformation: [-0.2511683145167283f,-0.9041418530787484f,-0.34560380104123944f,5.477845115015614f,-0.8398429343077257f,0.02605141375143838f,0.5422039925479525f,5.0590879313544175f,-0.48122585495400655f,0.4264373733068878f,-0.7658804366028076f,-4.660087294699123f,0f,0f,0f,1f], start_interpolation: 0, interpolation_duration: 1 }
$data merge entity $(bone_left_forearm) { transformation: [-0.6694546857320243f,-1.5752129921367743f,-0.6303673649455953f,3.104514912122043f,-1.5125322913818522f,0.24705539956690403f,0.9889581683294332f,5.393876342976831f,-0.7687034882918814f,0.8857179125330218f,-1.3969349620292082f,-3.4489282046445524f,0f,0f,0f,1f], start_interpolation: 0, interpolation_duration: 1 }
$data merge entity $(bone_left_bicep) { transformation: [-0.4948620917929048f,-0.8271009262006123f,-1.2574379204827357f,1.8285966184983091f,-1.3348287045961185f,-0.3703301192872592f,0.7689099349198439f,4.802081847371869f,-0.6953261072159627f,1.2995746290653263f,-0.5811729037017483f,-1.4155757409427514f,0f,0f,0f,1f], start_interpolation: 0, interpolation_duration: 1 }
$data merge entity $(bone_left_shoulder) { transformation: [-0.40758325154714287f,-0.6715311387354128f,-0.6397927800732193f,1.515143125f,-0.8595118801242009f,0.01079722467492391f,0.5362235788656825f,4.414719379509715f,-0.3486089494698321f,0.7585132354249854f,-0.5740578809680266f,-1.3917058939616669f,0f,0f,0f,1f], start_interpolation: 0, interpolation_duration: 1 }
$data merge entity $(bone_left_arm) { transformation: [-1.3293824999999997f,-1.444074945490073e-16f,7.517378351494417e-17f,1.749763125f,0f,0.6138405258339225f,1.1791766789375469f,4.039193641112416f,-1.628024023467506e-16f,1.1791766789375469f,-0.6138405258339225f,-1.0176598828772094f,0f,0f,0f,1f], start_interpolation: 0, interpolation_duration: 1 }
$data merge entity $(bone_chest) { transformation: [-2.632522916666667f,-2.859643772493459e-16f,1.48863632427559e-16f,4.909880997868672e-17f,0f,1.2155638060802805f,2.3350763456732624f,4.303626953292678f,-3.2239107635778877e-16f,2.3350763456732624f,-1.2155638060802805f,-0.3077818168433746f,0f,0f,0f,1f], start_interpolation: 0, interpolation_duration: 1 }
$data merge entity $(bone_weist) { transformation: [-1.9493945833333333f,-1.8287930948933792e-16f,1.5345396114245916e-16f,4.583539563411074e-16f,0f,1.253046684556721f,1.493322888008735f,2.0798895538463116f,-2.387319836754355e-16f,1.493322888008735f,-1.253046684556721f,-3.6496036927292224f,0f,0f,0f,1f], start_interpolation: 0, interpolation_duration: 1 }
$data merge entity $(bone_right_cheek) { transformation: [-0.9917209849391406f,0.10964531950313572f,-0.06683855131880041f,-0.844010964273673f,0.03756747506427813f,0.7454637824096916f,0.6654866143903502f,1.349597447093295f,0.12279321173678728f,0.6574660850770109f,-0.7434111743341456f,-5.3192377580312975f,0f,0f,0f,1f], start_interpolation: 0, interpolation_duration: 1 }
$data merge entity $(bone_right_foot) { transformation: [-1.164161984956878f,0.17322277626555607f,-0.01765325580954167f,-2.141081969715323f,-0.03527126761439835f,-0.11773978162253566f,1.1706768027004353f,-1.042907383575292f,0.17051013265697001f,1.1583272890176133f,0.12163503218633921f,-10.348191586425042f,0f,0f,0f,1f], start_interpolation: 0, interpolation_duration: 1 }
$data merge entity $(bone_right_knee) { transformation: [-2.7576121743388753f,0.1681888575137782f,0.8967810728824822f,-1.9634626692798693f,0.8903807074634285f,-0.1275902097683816f,2.76186017435391f,-1.0868277062474756f,0.19931377335490458f,2.8969573581800434f,0.06957566508168908f,-6.746262846917299f,0f,0f,0f,1f], start_interpolation: 0, interpolation_duration: 1 }
$data merge entity $(bone_right_leg) { transformation: [-2.350561867935366f,0.7336775783921836f,0.25804813293617607f,-0.8928749999999994f,0.7589518781445802f,1.9844038003782456f,1.2712774388953227f,1.6516099536846771f,0.16989312701836734f,1.2860293507334966f,-2.1088569314638117f,-4.91539797721207f,0f,0f,0f,1f], start_interpolation: 0, interpolation_duration: 1 }
$data merge entity $(bone_left_cheek) { transformation: [-0.9960039733088786f,0.01747781680308752f,-0.08758202482658263f,0.8478961326903205f,-0.02981776028344668f,0.8593137200282545f,0.5105789182319233f,1.4322014610217313f,0.08418424035771382f,0.5111501310681624f,-0.8553587301152623f,-5.433955442829066f,0f,0f,0f,1f], start_interpolation: 0, interpolation_duration: 1 }
$data merge entity $(bone_left_foot) { transformation: [-1.0610221690865531f,0.0003420699685754743f,-0.509728098667873f,2.397957028834763f,-0.01844479524660426f,1.176314316159404f,0.03918308312661169f,-1.8875084988003263f,0.5093943866119248f,0.04330597491262249f,-1.060298470385434f,-3.997491272870984f,0f,0f,0f,1f], start_interpolation: 0, interpolation_duration: 1 }
$data merge entity $(bone_left_knee) { transformation: [-2.564266993767854f,0.01586807205500227f,-1.364262319898946f,2.42842859026305f,-0.548765714643272f,2.6471514555330904f,1.0622495236219816f,1.4461981126405177f,1.2491275609956156f,1.195519160989201f,-2.333954361293906f,-2.6216860362042924f,0f,0f,0f,1f], start_interpolation: 0, interpolation_duration: 1 }
$data merge entity $(bone_left_leg) { transformation: [-2.1857563115092606f,-1.05964704161165f,0.47919747165461024f,0.8928750000000008f,-0.4677625720085257f,-0.13298101146483868f,-2.4276587383231645f,1.2914680809367445f,1.0647442161685883f,-2.2337137060806445f,-0.08279828707208704f,-5.722556677619174f,0f,0f,0f,1f], start_interpolation: 0, interpolation_duration: 1 }
data modify entity @s data merge value {"locators":{"consume":{"posx":6.267173434944784,"posy":4.807762446168742,"posz":-4.99591262309451,"roty":335.7127077396796,"rotx":32.8338005741832}},"cameras":{}}