execute if entity @s[tag=aj.attack.bone.right_thumb_2] run data modify entity @s {} merge value {transformation:[-0.988029231092828f,0.06335907168734771f,0.1406551333618246f,-0.9825264194124008f,-0.011059230778059703f,-0.9385106151157059f,0.3450732077831274f,0.09158116686249267f,0.1538698538399019f,0.3393868785767318f,0.9279766240209021f,1.1217273483198302f,0f,0f,0f,1f],start_interpolation:0}
execute if entity @s[tag=aj.attack.bone.right_thumb] run data modify entity @s {} merge value {transformation:[-0.9393912480119099f,-0.31395371179740345f,0.13775757695045138f,-1.2111464170471686f,0.342833127142215f,-0.8565715478867826f,0.38568203261849204f,-0.10334283791443978f,-0.0030870847925620216f,0.40953418685071286f,0.9122895481742678f,1.2386560399819981f,0f,0f,0f,1f],start_interpolation:0}
execute if entity @s[tag=aj.attack.bone.right_fingers2] run data modify entity @s {} merge value {transformation:[0.9655233958997017f,0.257677109492751f,0.036974034318276366f,-0.7419352768420504f,-0.26022063491610226f,0.9592335245972394f,0.11025545996737868f,0.40797675463758554f,-0.007056425027511734f,-0.1160756328098986f,0.9932153111655163f,1.334447801609933f,0f,0f,0f,1f],start_interpolation:0}
execute if entity @s[tag=aj.attack.bone.right_fingers] run data modify entity @s {} merge value {transformation:[0.3814987384664059f,-0.9236295974765923f,0.036974034318276366f,-1.1953613437371808f,0.9170615402067387f,0.3831995107264966f,0.11025545996737868f,0.5470185716448827f,-0.11600363796961462f,-0.008154854027012867f,0.9932153111655163f,1.344072976898586f,0f,0f,0f,1f],start_interpolation:0}
execute if entity @s[tag=aj.attack.locator_origin.right_hand] at @s on origin run tp @s ^-0.92533 ^0.5248 ^1.34273 ~177.86806 ~6.33004
execute if entity @s[tag=aj.attack.bone.right_hand] run data modify entity @s {} merge value {transformation:[-0.9061097655068036f,-0.42142379339500585f,0.036974034318276366f,-1.4650744035450711f,0.42283645226247374f,-0.8994737729280754f,0.11025545996737868f,-0.027731880592573255f,-0.01320710003333166f,0.1155375184738571f,0.9932153111655163f,1.4473655402068728f,0f,0f,0f,1f],start_interpolation:0}
execute if entity @s[tag=aj.attack.bone.right_forearm] run data modify entity @s {} merge value {transformation:[-1.390342671411923f,-0.5752724146106452f,-0.0449978339096269f,-2.2547584946699426f,0.5768968571136711f,-1.3883076855969232f,-0.07620817792236548f,-2.0461014248443345f,-0.012376280575713609f,-0.08763172438059472f,1.502725327056997f,1.315911490671107f,0f,0f,0f,1f],start_interpolation:0}
execute if entity @s[tag=aj.attack.bone.right_bicep] run data modify entity @s {} merge value {transformation:[-1.553692815172538f,0.2603006080915554f,-0.10576572012161838f,-2.232345625f,0.27111585697277013f,1.2329306540635445f,-0.9483049891320853f,-1.0891953873595668f,-0.07374948287004121f,-0.951330517613122f,-1.257948893269832f,-0.1098221795175738f,0f,0f,0f,1f],start_interpolation:0}
execute if entity @s[tag=aj.attack.bone.right_shoulder] run data modify entity @s {} merge value {transformation:[-1f,4.6865204053262974e-17f,1.1314261122877003e-16f,-1.732933125f,0f,0.9238795325112867f,-0.3826834323650897f,-0.8659462500000001f,-1.2246467991473532e-16f,-0.3826834323650897f,-0.9238795325112867f,-0.20229500000000022f,0f,0f,0f,1f],start_interpolation:0}
execute if entity @s[tag=aj.attack.bone.right_arm] run data modify entity @s {} merge value {transformation:[-1.4627187500000003f,0f,1.791313835240318e-16f,-1.4259925f,0f,1.4627187500000003f,0f,-1.0000937500000002f,-1.791313835240318e-16f,0f,-1.4627187500000003f,-0.2729518750000002f,0f,0f,0f,1f],start_interpolation:0}
execute if entity @s[tag=aj.attack.bone.left_thumb_2] run data modify entity @s {} merge value {transformation:[-0.9807998824583357f,-0.11222764686457873f,-0.15948838781853114f,1.0610517658975893f,0.05920680553507346f,-0.9505765561548642f,0.30479298723410764f,-0.2516901883211474f,-0.1858121221773401f,0.28949812809066366f,0.93897001500791f,1.016060535544305f,0f,0f,0f,1f],start_interpolation:0}
execute if entity @s[tag=aj.attack.bone.left_thumb] run data modify entity @s {} merge value {transformation:[-0.9517099680003033f,0.2653224925583332f,-0.15444128901137497f,1.2775506084515733f,-0.30363598347326254f,-0.8877569480871726f,0.3459664588701832f,-0.4613373928491427f,-0.04531364418237012f,0.37615366017836743f,0.9254485926216165f,1.1305642066514239f,0f,0f,0f,1f],start_interpolation:0}
execute if entity @s[tag=aj.attack.bone.left_fingers2] run data modify entity @s {} merge value {transformation:[0.9741901703336943f,-0.21539733386899296f,-0.06750926297433404f,0.8257946670686731f,0.21962133338998124f,0.9735488779894981f,0.06300041337480618f,0.06355881987167918f,0.05215344614898313f,-0.07620085778729384f,0.9957275969497208f,1.236315881401882f,0f,0f,0f,1f],start_interpolation:0}
execute if entity @s[tag=aj.attack.bone.left_fingers] run data modify entity @s {} merge value {transformation:[0.34071191324989236f,0.9377408445739475f,-0.06750926297433404f,1.2837329621493845f,-0.9365536960012419f,0.3448160704216339f,0.06300041337480618f,0.18319160281084268f,0.08235633962246924f,0.04176105837646796f,0.9957275969497208f,1.2679542151256653f,0f,0f,0f,1f],start_interpolation:0}
execute if entity @s[tag=aj.attack.bone.left_hand] run data modify entity @s {} merge value {transformation:[-0.9219866781522397f,0.3812913121518254f,-0.06750926297433404f,1.5267649129638539f,-0.38533978038189315f,-0.9206216386604424f,0.06300041337480618f,-0.40653005684050925f,-0.03812897802240281f,0.08409954641792894f,0.9957275969497208f,1.3511191454404297f,0f,0f,0f,1f],start_interpolation:0}
execute if entity @s[tag=aj.attack.bone.left_forearm] run data modify entity @s {} merge value {transformation:[-1.4115905006189096f,0.5227893656595295f,-0.010928757162884838f,2.2403550866273645f,-0.5191229296096821f,-1.40485486150437f,-0.15136083403034453f,-2.4468384595847024f,-0.06276577517468802f,-0.13816655629423227f,1.4976602953293097f,1.1446550230839194f,0f,0f,0f,1f],start_interpolation:0}
execute if entity @s[tag=aj.attack.bone.left_bicep] run data modify entity @s {} merge value {transformation:[-1.563568202251321f,-0.20444188362909896f,0.07976309404230511f,2.169845625f,-0.2170781008857811f,1.3567226702177333f,-0.7778720025026808f,-1.2141953873595668f,0.03218280703789337f,-0.7812882121086264f,-1.3716621867630934f,-0.10982217951757324f,0f,0f,0f,1f],start_interpolation:0}
execute if entity @s[tag=aj.attack.bone.left_shoulder] run data modify entity @s {} merge value {transformation:[-1f,4.6865204053262974e-17f,1.1314261122877003e-16f,1.732933125f,0f,0.9238795325112867f,-0.3826834323650897f,-0.9909462500000001f,-1.2246467991473532e-16f,-0.3826834323650897f,-0.9238795325112867f,-0.20229499999999978f,0f,0f,0f,1f],start_interpolation:0}
execute if entity @s[tag=aj.attack.bone.left_arm] run data modify entity @s {} merge value {transformation:[-1.4627187500000003f,0f,1.791313835240318e-16f,1.4259925f,0f,1.4627187500000003f,0f,-1.0625937500000002f,-1.791313835240318e-16f,0f,-1.4627187500000003f,-0.27295187499999984f,0f,0f,0f,1f],start_interpolation:0}
execute if entity @s[tag=aj.attack.bone.left_foot] run data modify entity @s {} merge value {transformation:[-1.1328200000000002f,-4.1717047485165925e-17f,1.3230957097389154e-16f,0.8202674999999999f,0f,1.0803896361466065f,0.34064554379443085f,-12.421082763985819f,-1.387304387010105e-16f,0.34064554379443085f,-1.0803896361466065f,0.09213074692758205f,0f,0f,0f,1f],start_interpolation:0}
execute if entity @s[tag=aj.attack.bone.left_knee] run data modify entity @s {} merge value {transformation:[-3.1203466666666664f,-8.270855790919965e-17f,3.730741954866524e-16f,0.8545118749999998f,0f,3.04638199149666f,0.6753666278863799f,-8.562509567136196f,-3.821322557563446e-16f,0.6753666278863799f,-3.04638199149666f,1.0623916474842279f,0f,0f,0f,1f],start_interpolation:0}
execute if entity @s[tag=aj.attack.bone.left_thigh] run data modify entity @s {} merge value {transformation:[-2.3827266666666667f,9.980142944629305e-17f,2.7420217383298383e-16f,0.77532f,0f,2.239030666016472f,-0.814940516039226f,-5.587041875f,-2.9179985855763755e-16f,-0.814940516039226f,-2.239030666016472f,-0.2272599999999999f,0f,0f,0f,1f],start_interpolation:0}