execute if entity @s[tag=aj.attack.bone.right_thumb_2] run data modify entity @s {} merge value {transformation:[-0.9903140376650259f,0.009749611029598555f,0.13850289487359305f,-0.9633188351463855f,0.03799218625091877f,-0.9404332509625126f,0.3378489222536544f,4.168957399715124f,0.13354662327243447f,0.3398385580961229f,0.9309538408770219f,1.0798946961667137f,0f,0f,0f,1f],start_interpolation:0}
execute if entity @s[tag=aj.attack.bone.right_thumb] run data modify entity @s {} merge value {transformation:[-0.9209702817307469f,-0.36439634572368457f,0.1379457987472407f,-1.2036786447650003f,0.38900637876535593f,-0.8398661084446956f,0.37854848720583684f,3.9856357294885276f,-0.02208568424689564f,0.40229370254726626f,0.9152442293957165f,1.1919443148008675f,0f,0f,0f,1f],start_interpolation:0}
execute if entity @s[tag=aj.attack.bone.right_fingers2] run data modify entity @s {} merge value {transformation:[0.9513703479559061f,0.3072639160698976f,0.021985152072470905f,-0.7117527091697453f,-0.3077937290484041f,0.9452492192049207f,0.10847549931190012f,4.473070309954571f,0.012549158885607321f,-0.10996726546513519f,0.9938559851092034f,1.2977709894654554f,0f,0f,0f,1f],start_interpolation:0}
execute if entity @s[tag=aj.attack.bone.right_fingers] run data modify entity @s {} merge value {transformation:[0.42881397958284345f,-0.903125253773072f,0.021985152072470905f,-1.1578268388725994f,0.8969873376564267f,0.4285402923099181f,0.10847549931190012f,4.634433733146607f,-0.10738848633983522f,-0.02679540752171452f,0.9938559851092034f,1.2982016652193795f,0f,0f,0f,1f],start_interpolation:0}
execute if entity @s[tag=aj.attack.locator_origin.right_hand] at @s on origin run tp @s ^-0.88925 ^4.59884 ^1.30239 ~178.73276 ~6.22744
execute if entity @s[tag=aj.attack.bone.right_hand] run data modify entity @s {} merge value {transformation:[-0.8835610755645562f,-0.46779961397542374f,0.021985152072470905f,-1.4577780635014264f,0.46725845505143015f,-0.8774409394551778f,0.10847549931190012f,4.073788868635179f,-0.03145412421536437f,0.1061174770358783f,0.9938559851092034f,1.395459926326191f,0f,0f,0f,1f],start_interpolation:0}
execute if entity @s[tag=aj.attack.bone.right_forearm] run data modify entity @s {} merge value {transformation:[-1.3594721034044537f,-0.6414966940659361f,-0.07958323683355728f,-2.3437253417368513f,0.6451483850617414f,-1.358080702868863f,-0.07359528357716086f,2.097048805719574f,-0.04043589166394028f,-0.10057184504149688f,1.501421374121087f,1.2461518825717457f,0f,0f,0f,1f],start_interpolation:0}
execute if entity @s[tag=aj.attack.bone.right_bicep] run data modify entity @s {} merge value {transformation:[-1.53649131554148f,0.3406165709312265f,-0.1268027874973929f,-2.2445973830651615f,0.3478345888370751f,1.2183197315315477f,-0.9421317787941791f,3.051392814051088f,-0.1054025337389909f,-0.9447653366907542f,-1.2606398861345973f,-0.17802828902967477f,0f,0f,0f,1f],start_interpolation:0}
execute if entity @s[tag=aj.attack.bone.right_shoulder] run data modify entity @s {} merge value {transformation:[-0.9985580866282013f,0.05368191156640777f,-4.416119364249376e-8f,-1.732933125f,0.049602183118193845f,0.922669158661834f,-0.3823888689334099f,3.2734768269230776f,-0.02052732469989062f,-0.3818374995005595f,-0.9240014896718649f,-0.20229500000000022f,0f,0f,0f,1f],start_interpolation:0}
execute if entity @s[tag=aj.attack.bone.left_thumb_2] run data modify entity @s {} merge value {transformation:[-0.9861392171360573f,-0.05897417538656221f,-0.15508543150070192f,1.0503855310117118f,0.010448609506403306f,-0.9549178584658083f,0.29668621495185377f,3.8921904126073175f,-0.16559067300324198f,0.2909534846337982f,0.9422981475062889f,1.0302075875261565f,0f,0f,0f,1f],start_interpolation:0}
execute if entity @s[tag=aj.attack.bone.left_thumb] run data modify entity @s {} merge value {transformation:[-0.936209549296341f,0.3166961675098826f,-0.15236540713329355f,1.2793220521342041f,-0.3504777676862427f,-0.8734317124894176f,0.33805676738599943f,3.6935619673096234f,-0.026019495844653982f,0.36989266159570683f,0.928710075714501f,1.1400693183771515f,0f,0f,0f,1f],start_interpolation:0}
execute if entity @s[tag=aj.attack.bone.left_fingers2] run data modify entity @s {} merge value {transformation:[0.9629646081430145f,-0.2649359302987052f,-0.05008109723967841f,0.8043574132245329f,0.2676829104763497f,0.9616517381143904f,0.059764487954661286f,4.195424174410195f,0.03232681399211857f,-0.07095694059309458f,0.9969554100754894f,1.2555067398897946f,0f,0f,0f,1f],start_interpolation:0}
execute if entity @s[tag=aj.attack.bone.left_fingers] run data modify entity @s {} merge value {transformation:[0.3883614702315228f,0.9201452342640698f,-0.05008109723967841f,1.2563520876024314f,-0.9184850431578468f,0.390913585687228f,0.059764487954661286f,4.33763047731793f,0.07456939006682747f,0.022788514349871922f,0.9969554100754894f,1.2778372294354046f,0f,0f,0f,1f],start_interpolation:0}
execute if entity @s[tag=aj.attack.bone.left_hand] run data modify entity @s {} merge value {transformation:[-0.9023293704807406f,0.42812800757145064f,-0.05008109723967841f,1.5299896969133626f,-0.43060527745978167f,-0.9005594377959191f,0.059764487954661286f,3.7607055477964315f,-0.01951415362281041f,0.07549243756561541f,0.9969554100754894f,1.3555073979694237f,0f,0f,0f,1f],start_interpolation:0}
execute if entity @s[tag=aj.attack.bone.left_forearm] run data modify entity @s {} merge value {transformation:[-1.385098283350188f,0.5888718448481653f,0.027360479214421602f,2.3394999079398917f,-0.5885138697143474f,-1.3772204382240323f,-0.1514304781383568f,1.758264877317636f,-0.034206295203785646f,-0.1500323795068438f,1.4974431924067466f,1.1327489468741987f,0f,0f,0f,1f],start_interpolation:0}
execute if entity @s[tag=aj.attack.bone.left_bicep] run data modify entity @s {} merge value {transformation:[-1.5498864099947123f,-0.2874847312743716f,0.09004889473085763f,2.182187499890824f,-0.29436113331739877f,1.3447625652230268f,-0.7732201008841691f,2.9856535203760775f,0.0640921005291859f,-0.7758030230047642f,-1.3736542615195682f,-0.1189952381314395f,0f,0f,0f,1f],start_interpolation:0}
execute if entity @s[tag=aj.attack.bone.left_shoulder] run data modify entity @s {} merge value {transformation:[-0.9985580866282013f,-0.05368191156640767f,4.4161193868808854e-8f,1.732933125f,-0.049602183118193845f,0.922669158661834f,-0.3823888689334099f,3.186938365384616f,0.020527324699890378f,-0.3818374995005595f,-0.9240014896718649f,-0.20229499999999978f,0f,0f,0f,1f],start_interpolation:0}
execute if entity @s[tag=aj.attack.bone.left_foot] run data modify entity @s {} merge value {transformation:[-1.1328200000000002f,-5.2228269139272157e-17f,1.2852370413620432e-16f,0.8202674999999999f,0f,1.0494756874038091f,0.42647618215828037f,-8.265242664281901f,-1.387304387010105e-16f,0.42647618215828037f,-1.0494756874038091f,-0.03416524959547407f,0f,0f,0f,1f],start_interpolation:0}
execute if entity @s[tag=aj.attack.bone.left_knee] run data modify entity @s {} merge value {transformation:[-3.1203466666666664f,-1.0261468826044739e-16f,3.680968441085084e-16f,0.8545118749999998f,0f,3.0057388331459474f,0.8379125175674467f,-4.464312435207866f,-3.821322557563446e-16f,0.8379125175674467f,-3.0057388331459474f,1.1418120989561542f,0f,0f,0f,1f],start_interpolation:0}
execute if entity @s[tag=aj.attack.bone.left_thigh] run data modify entity @s {} merge value {transformation:[-2.3827266666666667f,1.0712723178414267e-16f,2.7142386347652606e-16f,0.77532f,0f,2.216344040302085f,-0.8747602317560363f,-1.524541875f,-2.9179985855763755e-16f,-0.8747602317560363f,-2.216344040302085f,-0.2272599999999999f,0f,0f,0f,1f],start_interpolation:0}