execute if entity @s[tag=aj.attack.bone.right_thumb_2] run data modify entity @s {} merge value {transformation:[-0.9903990312773587f,0.0030443509846916706f,0.13820452515005227f,-0.9610750057995772f,0.04413843697791797f,-0.9404621005296504f,0.33702052733996035f,4.173833662221891f,0.13100212679958978f,0.33988493552148f,0.9312983804235594f,1.0818454674760896f,0f,0f,0f,1f],start_interpolation:0}
execute if entity @s[tag=aj.attack.bone.right_thumb] run data modify entity @s {} merge value {transformation:[-0.9184802754046207f,-0.3706298517788631f,0.13794019234084753f,-1.2028540516708193f,0.39470963167045087f,-0.8375740518123362f,0.3777221391409877f,3.992010625999292f,-0.02445997463672265f,0.4013766568960439f,0.9155864180620676f,1.1932818455893988f,0f,0f,0f,1f],start_interpolation:0}
execute if entity @s[tag=aj.attack.bone.right_fingers2] run data modify entity @s {} merge value {transformation:[0.9494078108459756f,0.3134016328231557f,0.020105353725623755f,-0.7081879629127834f,-0.3136874566038227f,0.9433210933888528f,0.10837663187737817f,4.476389250986229f,0.01499960913081928f,-0.10920041809187285f,0.9939065752949237f,1.3003598064615154f,0f,0f,0f,1f],start_interpolation:0}
execute if entity @s[tag=aj.attack.bone.right_fingers] run data modify entity @s {} merge value {transformation:[0.4346430248223794f,-0.9003783736434479f,0.020105353725623755f,-1.1532524028442732f,0.8943064214082129f,0.4341319272881826f,0.10837663187737817f,4.640516021451386f,-0.10630835151242406f,-0.02912480015773623f,0.9939065752949237f,1.2996410984801399f,0f,0f,0f,1f],start_interpolation:0}
execute if entity @s[tag=aj.attack.locator_origin.right_hand] at @s on origin run tp @s ^-0.88492 ^4.60326 ^1.30452 ~178.84114 ~6.22174
execute if entity @s[tag=aj.attack.bone.right_hand] run data modify entity @s {} merge value {transformation:[-0.8805625504738833f,-0.473503294027082f,0.020105353725623755f,-1.4569236288303395f,0.4727278281078754f,-0.8745186711530675f,0.10837663187737817f,4.081746028836804f,-0.03373418496630411f,0.10493676357776796f,0.9939065752949237f,1.3961421475651599f,0f,0f,0f,1f],start_interpolation:0}
execute if entity @s[tag=aj.attack.bone.right_forearm] run data modify entity @s {} merge value {transformation:[-1.3553365524958791f,-0.6496465586293295f,-0.08389325567061273f,-2.3547269303654668f,0.6535654533818264f,-1.3540801959944322f,-0.07304054339098125f,2.110532448208747f,-0.04394232164728556f,-0.1021864555315973f,1.5012138091196394f,1.2446066752219935f,0f,0f,0f,1f],start_interpolation:0}
execute if entity @s[tag=aj.attack.bone.right_bicep] run data modify entity @s {} merge value {transformation:[-1.5340288393250001f,0.35059068483763095f,-0.12940575670625365f,-2.2460254930640002f,0.357352614930977f,1.2161462769602929f,-0.9413774480419936f,3.064186641774874f,-0.10935623789080376f,-0.9439166079612884f,-1.2609388599347986f,-0.1793370302079874f,0f,0f,0f,1f],start_interpolation:0}
execute if entity @s[tag=aj.attack.bone.right_shoulder] run data modify entity @s {} merge value {transformation:[-0.9981752565165192f,0.06038341889059475f,0.0000011243194112581754f,-1.732933125f,0.05579320437694889f,0.922303292432989f,-0.38241829861111565f,3.283092211538462f,-0.023092761279958293f,-0.3817204205833785f,-0.9239893099414709f,-0.20229500000000022f,0f,0f,0f,1f],start_interpolation:0}
execute if entity @s[tag=aj.attack.bone.left_thumb_2] run data modify entity @s {} merge value {transformation:[-0.9866070092382698f,-0.052303503825431266f,-0.15450227444765685f,1.0491919148081679f,0.004326042653738315f,-0.9552536532454963f,0.29575622278506974f,3.9024160123842346f,-0.16305794883069658f,0.2911267789962252f,0.9426862170809593f,1.0319394767870838f,0f,0f,0f,1f],start_interpolation:0}
execute if entity @s[tag=aj.attack.bone.left_thumb] run data modify entity @s {} merge value {transformation:[-0.9340816727128005f,0.3230557156889476f,-0.15207377572335784f,1.2796372412291286f,-0.3562781864971751f,-0.8714361240508711f,0.33714230752825924f,3.7052155641627427f,-0.023606832238579373f,0.36909901958674607f,0.9290902169390026f,1.141217675173607f,0f,0f,0f,1f],start_interpolation:0}
execute if entity @s[tag=aj.attack.bone.left_fingers2] run data modify entity @s {} merge value {transformation:[0.96136580341348f,-0.2710761543599426f,-0.04789061040098044f,0.8018672682685251f,0.2736511004444854f,0.9599873567672106f,0.05949243710445026f,4.204127110376958f,0.029847399429030384f,-0.0702993128311323f,0.99707930445015f,1.2578624496270898f,0f,0f,0f,1f],start_interpolation:0}
execute if entity @s[tag=aj.attack.bone.left_fingers] run data modify entity @s {} merge value {transformation:[0.39424047793127087f,0.9177586474645414f,-0.04789061040098044f,1.2530271633282024f,-0.9160558957128323f,0.39661347160318944f,0.05949243710445026f,4.34913471844868f,0.07359375985967836f,0.02041614916974988f,0.99707930445015f,1.279028736667432f,0f,0f,0f,1f],start_interpolation:0}
execute if entity @s[tag=aj.attack.bone.left_hand] run data modify entity @s {} merge value {transformation:[-0.8996886164688419f,0.4338973183044604f,-0.04789061040098044f,1.5304360339826948f,-0.4361937804239708f,-0.8978839768293106f,0.05949243710445026f,3.77392100406529f,-0.017186602800597722f,0.07441425482647779f,0.99707930445015f,1.356009720555358f,0f,0f,0f,1f],start_interpolation:0}
execute if entity @s[tag=aj.attack.bone.left_forearm] run data modify entity @s {} merge value {transformation:[-1.3815050600683259f,0.5970145900963828f,0.03214417886679914f,2.351774772975853f,-0.5970939254460946f,-1.3735478976094777f,-0.15119827110559095f,1.776530343708926f,-0.030635163102983243f,-0.15151122797335556f,1.497371608718765f,1.1312209890130005f,0f,0f,0f,1f],start_interpolation:0}
execute if entity @s[tag=aj.attack.bone.left_bicep] run data modify entity @s {} merge value {transformation:[-1.5478613425295813f,-0.2978103517642771f,0.0913149315774971f,2.1836396098016806f,-0.3039649051651037f,1.3429229148023345f,-0.772701455525493f,3.0028699409337403f,0.06807906267667725f,-0.775094315116092f,-1.3738625120237562f,-0.12014440075664755f,0f,0f,0f,1f],start_interpolation:0}
execute if entity @s[tag=aj.attack.bone.left_shoulder] run data modify entity @s {} merge value {transformation:[-0.9981752565165192f,-0.060383418890594655f,-0.0000011243194110318635f,1.732933125f,-0.05579320437694889f,0.922303292432989f,-0.38241829861111565f,3.201361442307693f,0.02309276127995805f,-0.3817204205833785f,-0.9239893099414709f,-0.20229499999999978f,0f,0f,0f,1f],start_interpolation:0}
execute if entity @s[tag=aj.attack.bone.left_foot] run data modify entity @s {} merge value {transformation:[-1.1328200000000002f,-5.351973141906434e-17f,1.2799130037235359e-16f,0.8202674999999999f,0f,1.0451282807538151f,0.4370217719617351f,-8.252651272055129f,-1.387304387010105e-16f,0.4370217719617351f,-1.0451282807538151f,-0.0497941421482504f,0f,0f,0f,1f],start_interpolation:0}
execute if entity @s[tag=aj.attack.bone.left_knee] run data modify entity @s {} merge value {transformation:[-3.1203466666666664f,-1.0508331998053903e-16f,3.673997233957859e-16f,0.8545118749999998f,0f,3.000046410537176f,0.8580704253153001f,-4.459700728061723f,-3.821322557563446e-16f,0.8580704253153001f,-3.000046410537176f,1.1516714218257822f,0f,0f,0f,1f],start_interpolation:0}
execute if entity @s[tag=aj.attack.bone.left_thigh] run data modify entity @s {} merge value {transformation:[-2.3827266666666667f,1.0803763436555467e-16f,2.710627732001427e-16f,0.77532f,0f,2.213395514436221f,-0.8821942329884395f,-1.524541875f,-2.9179985855763755e-16f,-0.8821942329884395f,-2.213395514436221f,-0.2272599999999999f,0f,0f,0f,1f],start_interpolation:0}