# This file was generated by Animated Java via MC-Build. It is not recommended to edit this file directly.
$data merge entity $(bone_right_thumb_2) { transformation: [-0.9177385038868044f,0.06970681833247543f,-0.39102045721620904f,-2.484164222492094f,0.37777229416976343f,0.45720922229960853f,-0.8051383861187473f,-0.70546574481437f,0.12265452393337838f,-0.8866231930883326f,-0.44593181231722623f,1.6009646203533434f,0f,0f,0f,1f], start_interpolation: 0, interpolation_duration: 1 }
$data merge entity $(bone_right_thumb) { transformation: [-0.9177385038868044f,0.06970681833247543f,-0.39102045721620904f,-2.5996206511712048f,0.37777229416976343f,0.45720922229960853f,-0.8051383861187473f,-0.5186662184106904f,0.12265452393337838f,-0.8866231930883326f,-0.44593181231722623f,1.3649338174850492f,0f,0f,0f,1f], start_interpolation: 0, interpolation_duration: 1 }
$data merge entity $(bone_right_fingers2) { transformation: [-0.13355521787682245f,-0.9106404371739164f,-0.39102045721620904f,-2.5988053108577365f,-0.42974342049383085f,0.40874536295884956f,-0.8051383861187473f,-1.1531089455670356f,0.8930193706298521f,0.06050803618807271f,-0.44593181231722623f,2.1310355380823f,0f,0f,0f,1f], start_interpolation: 0, interpolation_duration: 1 }
$data merge entity $(bone_right_fingers) { transformation: [-0.6199459637118132f,-0.680272007446917f,-0.39102045721620904f,-2.8941886195369118f,-0.1277059358545427f,0.5791747345539294f,-0.8051383861187473f,-0.8803306401419623f,0.7741822757109251f,-0.4492066592766937f,-0.44593181231722623f,1.879319098295018f,0f,0f,0f,1f], start_interpolation: 0, interpolation_duration: 1 }
$data merge entity $(bone_right_hand) { transformation: [-0.9177385038868044f,0.06970681833247543f,-0.39102045721620904f,-2.913836394434971f,0.37777229416976343f,0.45720922229960853f,-0.8051383861187473f,-0.5579053774277765f,0.12265452393337838f,-0.8866231930883326f,-0.44593181231722623f,1.248809531640289f,0f,0f,0f,1f], start_interpolation: 0, interpolation_duration: 1 }
$data merge entity $(bone_right_forearm) { transformation: [-1.3794568175607878f,0.1290261991092392f,-0.5886144990108948f,-2.686167464473405f,0.5805966666456139f,0.6782208649169165f,-1.2119982958274786f,0.40795528192984376f,0.16131428697553649f,-1.3376788098613708f,-0.6712741634256464f,-0.682505251897999f,0f,0f,0f,1f], start_interpolation: 0, interpolation_duration: 1 }
$data merge entity $(bone_right_bicep) { transformation: [-1.5438615016848831f,0.3281578924928557f,-0.041330609170312005f,-2.1088747996456805f,0.32000790825457764f,1.5318854785161193f,0.20934654859924062f,2.6239344597824674f,0.08361076673653664f,0.196324823571885f,-1.56440722364084f,-0.46146076498180294f,0f,0f,0f,1f], start_interpolation: 0, interpolation_duration: 1 }
$data merge entity $(bone_right_shoulder) { transformation: [-0.9996573249755573f,-1.6243241950807076e-17f,-0.026176948307873028f,-1.795433125f,-0.003472009278059545f,0.9911647972988022f,0.1325906849940722f,2.8562386640735546f,0.025945669663474193f,0.1326361360852472f,-0.9908251498776611f,-0.3755763613917931f,0f,0f,0f,1f], start_interpolation: 0, interpolation_duration: 1 }
$data merge entity $(bone_right_arm) { transformation: [-1.46271875f,-2.3759294562232087e-17f,1.7754872144045095e-16f,-1.4259925f,0f,1.4497953333489075f,0.1940093631794427f,3.0340972799663195f,-1.7913138352403177e-16f,0.1940093631794427f,-1.4497953333489075f,-0.3600051822866157f,0f,0f,0f,1f], start_interpolation: 0, interpolation_duration: 1 }
$data merge entity $(bone_left_thumb_2) { transformation: [-0.9177385038868043f,-0.0697068183324752f,0.39102045721620926f,2.5203833039510513f,-0.37777229416976343f,0.45720922229960853f,-0.8051383861187473f,-0.7626347293484784f,-0.12265452393337858f,-0.8866231930883326f,-0.4459318123172261f,1.5758913571244575f,0f,0f,0f,1f], start_interpolation: 0, interpolation_duration: 1 }
$data merge entity $(bone_left_thumb) { transformation: [-0.9177385038868043f,-0.0697068183324752f,0.39102045721620926f,2.6358397326301617f,-0.37777229416976343f,0.45720922229960853f,-0.8051383861187473f,-0.5758352029447991f,-0.12265452393337858f,-0.8866231930883326f,-0.4459318123172261f,1.3398605542561637f,0f,0f,0f,1f], start_interpolation: 0, interpolation_duration: 1 }
$data merge entity $(bone_left_fingers2) { transformation: [-0.13355521787682223f,0.9106404371739163f,0.39102045721620926f,2.6350243923166934f,0.42974342049383085f,0.40874536295884956f,-0.8051383861187473f,-1.2102779301011442f,-0.8930193706298521f,0.06050803618807293f,-0.4459318123172261f,2.1059622748534146f,0f,0f,0f,1f], start_interpolation: 0, interpolation_duration: 1 }
$data merge entity $(bone_left_fingers) { transformation: [-0.619945963711813f,0.680272007446917f,0.39102045721620926f,2.9304077009958687f,0.1277059358545427f,0.5791747345539294f,-0.8051383861187473f,-0.9374996246760708f,-0.7741822757109252f,-0.44920665927669345f,-0.4459318123172261f,1.8542458350661326f,0f,0f,0f,1f], start_interpolation: 0, interpolation_duration: 1 }
$data merge entity $(bone_left_hand) { transformation: [-0.9177385038868043f,-0.0697068183324752f,0.39102045721620926f,2.950055475893928f,-0.37777229416976343f,0.45720922229960853f,-0.8051383861187473f,-0.615074361961885f,-0.12265452393337858f,-0.8866231930883326f,-0.4459318123172261f,1.2237362684114035f,0f,0f,0f,1f], start_interpolation: 0, interpolation_duration: 1 }
$data merge entity $(bone_left_forearm) { transformation: [-1.3794568175607882f,-0.12902619910923893f,0.5886144990108955f,2.7223865459323617f,-0.5805966666456142f,0.6782208649169168f,-1.211998295827479f,0.35078629739573497f,-0.16131428697553687f,-1.3376788098613714f,-0.6712741634256466f,-0.7075785151268846f,0f,0f,0f,1f], start_interpolation: 0, interpolation_duration: 1 }
$data merge entity $(bone_left_bicep) { transformation: [-1.5438615016848831f,-0.32815789249285576f,0.041330609170312387f,2.044760157565466f,-0.32000790825457764f,1.5318854785161193f,0.20934654859924062f,2.615864542550216f,-0.08361076673653701f,0.19632482357188494f,-1.56440722364084f,-0.40115579746841584f,0f,0f,0f,1f], start_interpolation: 0, interpolation_duration: 1 }
$data merge entity $(bone_left_shoulder) { transformation: [-0.9996573249755573f,-1.6243241950807076e-17f,0.02617694830787327f,1.795433125f,0.003472009278059545f,0.9911647972988022f,0.1325906849940722f,2.856238664073554f,-0.025945669663474436f,0.1326361360852472f,-0.9908251498776611f,-0.37557636139179273f,0f,0f,0f,1f], start_interpolation: 0, interpolation_duration: 1 }
$data merge entity $(bone_left_arm) { transformation: [-1.46271875f,-2.3759294562232087e-17f,1.7754872144045095e-16f,1.4259925f,0f,1.4497953333489075f,0.1940093631794427f,2.972149480135144f,-1.7913138352403177e-16f,0.1940093631794427f,-1.4497953333489075f,-0.36829494079194336f,0f,0f,0f,1f], start_interpolation: 0, interpolation_duration: 1 }
$data merge entity $(bone_chest) { transformation: [-2.06546125f,-3.354978682376642e-17f,2.5071122122574525e-16f,-2.7072946291849972e-18f,0f,2.0472124811847805f,0.2739547994338048f,3.7968532851860095f,-2.529460508575391e-16f,0.2739547994338048f,-2.0472124811847805f,0.022106738294420197f,0f,0f,0f,1f], start_interpolation: 0, interpolation_duration: 1 }
$data merge entity $(bone_weist) { transformation: [-2.0892733333333333f,1.1104707596073965e-16f,2.305081499707594e-16f,3.947463241873252e-17f,0f,1.882241885017363f,-0.9067681884936534f,0.18348383305821225f,-2.5586219002105877e-16f,-0.9067681884936534f,-1.882241885017363f,-0.3223348352048631f,0f,0f,0f,1f], start_interpolation: 0, interpolation_duration: 1 }
$data merge entity $(bone_right_foot) { transformation: [-1.1328200000000002f,-8.947086658172966e-17f,1.0602404753304389e-16f,-0.8202675000000003f,0f,0.8657520487283513f,0.7305850686420179f,-4.24929083920253f,-1.387304387010105e-16f,0.7305850686420179f,-0.8657520487283513f,0.9646097530058275f,0f,0f,0f,1f], start_interpolation: 0, interpolation_duration: 1 }
$data merge entity $(bone_right_knee) { transformation: [-3.1203466666666664f,-1.6098951066685907e-16f,3.465652007121857e-16f,-0.8545118750000005f,0f,2.8299196221594496f,1.314579116027137f,-0.6895817762406793f,-3.821322557563446e-16f,1.314579116027137f,-2.8299196221594496f,2.741816752109353f,0f,0f,0f,1f], start_interpolation: 0, interpolation_duration: 1 }
$data merge entity $(bone_right_thigh) { transformation: [-2.3827266666666667f,2.8659691788382395e-16f,-5.4857671421141894e-17f,-0.77532f,0f,-0.44794688116880665f,-2.3402414319244036f,-1.488894474433545f,-2.9179985855763755e-16f,-2.3402414319244036f,0.44794688116880665f,-0.40106545524629617f,0f,0f,0f,1f], start_interpolation: 0, interpolation_duration: 1 }
$data merge entity $(bone_right_leg) { transformation: [-1.1368933333333335f,2.5780339862156705e-17f,1.3682165754960756e-16f,-0.748445f,0f,1.1172336190717855f,-0.21051245044780242f,-1.602057118902439f,-1.3922927816386319e-16f,-0.21051245044780242f,-1.1172336190717855f,-0.377199024390244f,0f,0f,0f,1f], start_interpolation: 0, interpolation_duration: 1 }
$data merge entity $(bone_left_foot) { transformation: [-1.1328200000000002f,-8.947086658172966e-17f,1.0602404753304389e-16f,0.8202674999999998f,0f,0.8657520487283513f,0.7305850686420179f,-4.24929083920253f,-1.387304387010105e-16f,0.7305850686420179f,-0.8657520487283513f,0.964609753005828f,0f,0f,0f,1f], start_interpolation: 0, interpolation_duration: 1 }
$data merge entity $(bone_left_knee) { transformation: [-3.1203466666666664f,-1.6098951066685907e-16f,3.465652007121857e-16f,0.8545118749999996f,0f,2.8299196221594496f,1.314579116027137f,-0.6895817762406793f,-3.821322557563446e-16f,1.314579116027137f,-2.8299196221594496f,2.7418167521093535f,0f,0f,0f,1f], start_interpolation: 0, interpolation_duration: 1 }
$data merge entity $(bone_left_thigh) { transformation: [-2.3827266666666667f,2.8659691788382395e-16f,-5.4857671421141894e-17f,0.77532f,0f,-0.44794688116880665f,-2.3402414319244036f,-1.488894474433545f,-2.9179985855763755e-16f,-2.3402414319244036f,0.44794688116880665f,-0.4010654552462959f,0f,0f,0f,1f], start_interpolation: 0, interpolation_duration: 1 }
$data merge entity $(bone_left_leg) { transformation: [-1.1368933333333335f,2.5780339862156705e-17f,1.3682165754960756e-16f,0.748445f,0f,1.1172336190717855f,-0.21051245044780242f,-1.602057118902439f,-1.3922927816386319e-16f,-0.21051245044780242f,-1.1172336190717855f,-0.3771990243902438f,0f,0f,0f,1f], start_interpolation: 0, interpolation_duration: 1 }
data modify entity @s data merge value {"locators":{"consume":{"posx":-2.7230050915350836,"posy":-0.9720791448940138,"posz":1.880953836247281,"roty":318.7537221334881,"rotx":-53.623622139408916}},"cameras":{}}