# This file was generated by Animated Java via MC-Build. It is not recommended to edit this file directly.
$data merge entity $(bone_right_thumb_2) { transformation: [-0.9445020885721175f,0.3283941686740291f,-0.0085483719971191f,-3.293625693752045f,0.32585384126344097f,0.9332616016858987f,-0.15113588902881725f,-2.023532472523727f,-0.04165427729259051f,-0.1455336826977318f,-0.9884760332874378f,0.08666541631698194f,0f,0f,0f,1f], start_interpolation: 0, interpolation_duration: 1 }
$data merge entity $(bone_right_thumb) { transformation: [-0.9445020885721175f,0.3283941686740291f,-0.0085483719971191f,-3.33888456002636f,0.32585384126344097f,0.9332616016858987f,-0.15113588902881725f,-1.7079445782677463f,-0.04165427729259051f,-0.1455336826977318f,-0.9884760332874378f,0.038804096723133785f,0f,0f,0f,1f], start_interpolation: 0, interpolation_duration: 1 }
$data merge entity $(bone_right_fingers2) { transformation: [-0.9346182791819168f,-0.35554971179179895f,-0.0085483719971191f,-3.694111972558694f,-0.35027046979107734f,0.924374675680704f,-0.15113588902881725f,-2.735428055862169f,0.061638220378028276f,-0.13826012225136255f,-0.9884760332874378f,0.028141212919677236f,0f,0f,0f,1f], start_interpolation: 0, interpolation_duration: 1 }
$data merge entity $(bone_right_fingers) { transformation: [-0.9821598869679282f,-0.18785335175967754f,-0.0085483719971191f,-3.7370912225276904f,-0.18443309638806743f,0.9711551760682628f,-0.15113588902881725f,-2.2696783997076437f,0.03669317903720121f,-0.1468630049688348f,-0.9884760332874378f,-0.05091895960770576f,0f,0f,0f,1f], start_interpolation: 0, interpolation_duration: 1 }
$data merge entity $(bone_right_hand) { transformation: [-0.9445020885721175f,0.3283941686740291f,-0.0085483719971191f,-3.5648315611910104f,0.32585384126344097f,0.9332616016858987f,-0.15113588902881725f,-1.5957179185935937f,-0.04165427729259051f,-0.1455336826977318f,-0.9884760332874378f,-0.18504680053039163f,0f,0f,0f,1f], start_interpolation: 0, interpolation_duration: 1 }
$data merge entity $(bone_right_forearm) { transformation: [-1.4217865419051916f,0.4943413202682689f,-0.012868113694779961f,-2.8111952224529952f,0.4905172913242278f,1.4048659091478322f,-0.22750926188517523f,0.4170889206937276f,-0.06270339852495752f,-0.21907609729730765f,-1.4879818034585508f,-0.493814746939772f,0f,0f,0f,1f], start_interpolation: 0, interpolation_duration: 1 }
$data merge entity $(bone_right_bicep) { transformation: [-1.523382530337544f,0.414981715629528f,1.9289622794225852e-16f,-2.107345625f,0.4139892407298331f,1.5197391916865863f,0.10913228603938052f,2.6054358101698405f,0.02868332035805304f,0.1052954082067137f,-1.5751172344267785f,-0.4020278294525518f,0f,0f,0f,1f], start_interpolation: 0, interpolation_duration: 1 }
$data merge entity $(bone_right_shoulder) { transformation: [-1f,-8.464694983517616e-18f,1.2217179202031288e-16f,-1.795433125f,0f,0.9976083888462669f,0.06911947991380916f,2.8421810512822545f,-1.2246467991473532e-16f,0.06911947991380916f,-0.9976083888462669f,-0.3229750580249125f,0f,0f,0f,1f], start_interpolation: 0, interpolation_duration: 1 }
$data merge entity $(bone_right_arm) { transformation: [-1.46271875f,-1.2381468065422158e-17f,1.7870297090921205e-16f,-1.4259925f,0f,1.4592204955227255f,0.10110235926017705f,3.02067080041168f,-1.7913138352403177e-16f,0.10110235926017705f,-1.4592204955227255f,-0.3187847929103552f,0f,0f,0f,1f], start_interpolation: 0, interpolation_duration: 1 }
$data merge entity $(bone_left_thumb_2) { transformation: [-0.9445020885721175f,-0.3283941686740291f,0.00854837199711934f,3.332611969770504f,-0.32585384126344097f,0.9332616016858987f,-0.15113588902881725f,-2.0764875335222186f,0.04165427729259028f,-0.14553368269773187f,-0.9884760332874378f,0.06474150657489035f,0f,0f,0f,1f], start_interpolation: 0, interpolation_duration: 1 }
$data merge entity $(bone_left_thumb) { transformation: [-0.9445020885721175f,-0.3283941686740291f,0.00854837199711934f,3.377870836044819f,-0.32585384126344097f,0.9332616016858987f,-0.15113588902881725f,-1.760899639266238f,0.04165427729259028f,-0.14553368269773187f,-0.9884760332874378f,0.01688018698104224f,0f,0f,0f,1f], start_interpolation: 0, interpolation_duration: 1 }
$data merge entity $(bone_left_fingers2) { transformation: [-0.9346182791819168f,0.35554971179179895f,0.00854837199711934f,3.7330982485771527f,0.35027046979107734f,0.924374675680704f,-0.15113588902881725f,-2.7883831168606603f,-0.06163822037802849f,-0.13826012225136244f,-0.9884760332874378f,0.006217303177585759f,0f,0f,0f,1f], start_interpolation: 0, interpolation_duration: 1 }
$data merge entity $(bone_left_fingers) { transformation: [-0.9821598869679282f,0.18785335175967754f,0.00854837199711934f,3.776077498546149f,0.18443309638806743f,0.9711551760682628f,-0.15113588902881725f,-2.322633460706135f,-0.03669317903720144f,-0.14686300496883475f,-0.9884760332874378f,-0.0728428693497972f,0f,0f,0f,1f], start_interpolation: 0, interpolation_duration: 1 }
$data merge entity $(bone_left_hand) { transformation: [-0.9445020885721175f,-0.3283941686740291f,0.00854837199711934f,3.603817837209469f,-0.32585384126344097f,0.9332616016858987f,-0.15113588902881725f,-1.6486729795920851f,0.04165427729259028f,-0.14553368269773187f,-0.9884760332874378f,-0.20697071027248315f,0f,0f,0f,1f], start_interpolation: 0, interpolation_duration: 1 }
$data merge entity $(bone_left_forearm) { transformation: [-1.4217865419051923f,-0.4943413202682691f,0.012868113694780327f,2.8501814984714535f,-0.490517291324228f,1.4048659091478328f,-0.22750926188517534f,0.36413385969523615f,0.0627033985249572f,-0.21907609729730787f,-1.4879818034585515f,-0.5157386566818637f,0f,0f,0f,1f], start_interpolation: 0, interpolation_duration: 1 }
$data merge entity $(bone_left_bicep) { transformation: [-1.523382530337544f,-0.414981715629528f,1.9289622794225852e-16f,2.044845625f,-0.4139892407298331f,1.5197391916865863f,0.10913228603938052f,2.601115842675227f,-0.02868332035805341f,0.1052954082067136f,-1.5751172344267785f,-0.3396773051496596f,0f,0f,0f,1f], start_interpolation: 0, interpolation_duration: 1 }
$data merge entity $(bone_left_shoulder) { transformation: [-1f,-8.464694983517616e-18f,1.2217179202031288e-16f,1.795433125f,0f,0.9976083888462669f,0.06911947991380916f,2.842181051282254f,-1.2246467991473532e-16f,0.06911947991380916f,-0.9976083888462669f,-0.32297505802491205f,0f,0f,0f,1f], start_interpolation: 0, interpolation_duration: 1 }
$data merge entity $(bone_left_arm) { transformation: [-1.46271875f,-1.2381468065422158e-17f,1.7870297090921205e-16f,1.4259925f,0f,1.4592204955227255f,0.10110235926017705f,2.958320276108788f,-1.7913138352403177e-16f,0.10110235926017705f,-1.4592204955227255f,-0.32310476040496794f,0f,0f,0f,1f], start_interpolation: 0, interpolation_duration: 1 }
$data merge entity $(bone_chest) { transformation: [-2.06546125f,-1.7483499481525023e-17f,2.5234110226101545e-16f,-1.6994237611113007e-18f,0f,2.060521469836896f,0.14276360738212615f,3.8062549626421758f,-2.529460508575391e-16f,0.14276360738212615f,-2.060521469836896f,0.013876848102608072f,0f,0f,0f,1f], start_interpolation: 0, interpolation_duration: 1 }
$data merge entity $(bone_weist) { transformation: [-2.0892733333333333f,8.872549100276824e-17f,2.399859319391244e-16f,1.2159911247574514e-17f,0f,1.9596338479487476f,-0.7244986151479952f,0.17827049010789842f,-2.5586219002105877e-16f,-0.7244986151479952f,-1.9596338479487476f,-0.09929321054887595f,0f,0f,0f,1f], start_interpolation: 0, interpolation_duration: 1 }
$data merge entity $(bone_right_foot) { transformation: [-1.1328200000000002f,-6.400547070916344e-17f,1.230830383987707e-16f,-0.8202675000000003f,0f,1.0050492802044302f,0.5226443310326416f,-6.1870506119589885f,-1.387304387010105e-16f,0.5226443310326416f,-1.0050492802044302f,1.339986784958769f,0f,0f,0f,1f], start_interpolation: 0, interpolation_duration: 1 }
$data merge entity $(bone_right_knee) { transformation: [-3.1203466666666664f,-1.2786287156607171e-16f,3.601057441423431e-16f,-0.8545118750000005f,0f,2.940486550024568f,1.0440795799661977f,-2.4766968038854786f,-3.821322557563446e-16f,1.0440795799661977f,-2.940486550024568f,2.7763947874113164f,0f,0f,0f,1f], start_interpolation: 0, interpolation_duration: 1 }
$data merge entity $(bone_right_thigh) { transformation: [-2.3827266666666667f,2.7267415072478335e-16f,1.0390363314521506e-16f,-0.77532f,0f,0.8484375512805554f,-2.226553410457854f,-1.5055083261849407f,-2.9179985855763755e-16f,-2.226553410457854f,-0.8484375512805554f,-0.31769672700560386f,0f,0f,0f,1f], start_interpolation: 0, interpolation_duration: 1 }
$data merge entity $(bone_right_leg) { transformation: [-1.1368933333333335f,1.3462521406768228e-17f,1.3857688268756336e-16f,-0.748445f,0f,1.1315661199951363f,-0.10992982969572418f,-1.6203498018292684f,-1.3922927816386319e-16f,-0.10992982969572418f,-1.1315661199951363f,-0.3040282926829269f,0f,0f,0f,1f], start_interpolation: 0, interpolation_duration: 1 }
$data merge entity $(bone_left_foot) { transformation: [-1.1328200000000002f,-6.400547070916344e-17f,1.230830383987707e-16f,0.8202674999999998f,0f,1.0050492802044302f,0.5226443310326416f,-6.1870506119589885f,-1.387304387010105e-16f,0.5226443310326416f,-1.0050492802044302f,1.3399867849587694f,0f,0f,0f,1f], start_interpolation: 0, interpolation_duration: 1 }
$data merge entity $(bone_left_knee) { transformation: [-3.1203466666666664f,-1.2786287156607171e-16f,3.601057441423431e-16f,0.8545118749999996f,0f,2.940486550024568f,1.0440795799661977f,-2.4766968038854786f,-3.821322557563446e-16f,1.0440795799661977f,-2.940486550024568f,2.776394787411317f,0f,0f,0f,1f], start_interpolation: 0, interpolation_duration: 1 }
$data merge entity $(bone_left_thigh) { transformation: [-2.3827266666666667f,2.7267415072478335e-16f,1.0390363314521506e-16f,0.77532f,0f,0.8484375512805554f,-2.226553410457854f,-1.5055083261849407f,-2.9179985855763755e-16f,-2.226553410457854f,-0.8484375512805554f,-0.31769672700560364f,0f,0f,0f,1f], start_interpolation: 0, interpolation_duration: 1 }
$data merge entity $(bone_left_leg) { transformation: [-1.1368933333333335f,1.3462521406768228e-17f,1.3857688268756336e-16f,0.748445f,0f,1.1315661199951363f,-0.10992982969572418f,-1.6203498018292684f,-1.3922927816386319e-16f,-0.10992982969572418f,-1.1315661199951363f,-0.3040282926829267f,0f,0f,0f,1f], start_interpolation: 0, interpolation_duration: 1 }
data modify entity @s data merge value {"locators":{"consume":{"posx":-3.5665471869787755,"posy":-2.3624022433458403,"posz":-0.04449389064215492,"rotx":359.50451663864965,"roty":-8.692758718649932}},"cameras":{}}