# This file was generated by Animated Java via MC-Build. It is not recommended to edit this file directly.
$data merge entity $(bone_right_thumb_2) { transformation: [-0.8848812993361647f,-0.46577675919404304f,-0.00609070437927299f,-0.8299866251916161f,0.31376752341371805f,-0.5863286047793789f,-0.7468391449758697f,1.9061310472945463f,0.34428916238528795f,-0.6627750582302873f,0.6649768378311198f,0.5750657160993156f,0f,0f,0f,1f], start_interpolation: 0, interpolation_duration: 1 }
$data merge entity $(bone_right_thumb) { transformation: [-0.8848812993361647f,-0.46577675919404304f,-0.00609070437927299f,-1.0940790993096146f,0.31376752341371805f,-0.5863286047793789f,-0.7468391449758697f,1.7843770466945728f,0.34428916238528795f,-0.6627750582302873f,0.6649768378311198f,0.43590423312805304f,0f,0f,0f,1f], start_interpolation: 0, interpolation_duration: 1 }
$data merge entity $(bone_right_fingers2) { transformation: [0.9990552415311111f,-0.04302938169876014f,-0.00609070437927299f,-0.5113257202431402f,0.02406995613548396f,0.6645689796728005f,-0.7468391449758697f,2.014689652892856f,0.03618371983156432f,0.7459869593815128f,0.6649768378311198f,0.9538502409492713f,0f,0f,0f,1f], start_interpolation: 0, interpolation_duration: 1 }
$data merge entity $(bone_right_fingers) { transformation: [0.3462917878811997f,-0.9381070839548152f,-0.00609070437927299f,-0.9702948359431773f,0.6222673623584994f,0.2345519585829698f,-0.7468391449758697f,2.0903398396301105f,0.702043679117929f,0.254834216224365f,0.6649768378311198f,1.0468280291363434f,0f,0f,0f,1f], start_interpolation: 0, interpolation_duration: 1 }
$data merge entity $(bone_right_hand) { transformation: [-0.8848812993361647f,-0.46577675919404304f,-0.00609070437927299f,-1.3541835809701999f,0.31376752341371805f,-0.5863286047793789f,-0.7468391449758697f,1.6747021890257492f,0.34428916238528795f,-0.6627750582302873f,0.6649768378311198f,0.6204934497511441f,0f,0f,0f,1f], start_interpolation: 0, interpolation_duration: 1 }
$data merge entity $(bone_right_forearm) { transformation: [-1.3600767196408061f,-0.6450760846924333f,-0.009168514947664026f,-2.245530023578975f,0.43516348303340313f,-0.9015186526801914f,-1.1242387477405715f,0.36619498535838124f,0.4762771879302032f,-1.0184089865299364f,1.0010090291449545f,-0.8654430109622369f,0f,0f,0f,1f], start_interpolation: 0, interpolation_duration: 1 }
$data merge entity $(bone_right_bicep) { transformation: [-1.5710927483838104f,0.024930038728951685f,-0.15475860941874084f,-2.111969752328739f,-0.004868508727991715f,1.5502851032964176f,0.29915974689858593f,2.633669744586892f,0.15667811475447002f,0.2981589336421659f,-1.5425489868042428f,-0.5001882054613394f,0f,0f,0f,1f], start_interpolation: 0, interpolation_duration: 1 }
$data merge entity $(bone_right_shoulder) { transformation: [-0.9951847266721969f,-2.3316186242462537e-17f,-0.09801714032956048f,-1.795433125f,-0.018661592064493988f,0.9817083199968549f,0.18947432393485686f,2.86487144945832f,0.09622424216382879f,0.19039110916466834f,-0.9769811261078917f,-0.42313372642275476f,0f,0f,0f,1f], start_interpolation: 0, interpolation_duration: 1 }
$data merge entity $(bone_right_arm) { transformation: [-1.46271875f,-3.4105022795342e-17f,1.7585476957808955e-16f,-1.4259925f,0f,1.4359631666903998f,0.27848864520845723f,3.0415145790791263f,-1.7913138352403177e-16f,0.27848864520845723f,-1.4359631666903998f,-0.3971846681781376f,0f,0f,0f,1f], start_interpolation: 0, interpolation_duration: 1 }
$data merge entity $(bone_left_thumb_2) { transformation: [-0.8848812993361646f,0.4657767591940432f,0.006090704379272824f,0.8540434555320966f,-0.31376752341371805f,-0.5863286047793789f,-0.7468391449758697f,1.8328165486089656f,-0.34428916238528817f,-0.6627750582302872f,0.6649768378311198f,0.5446204162231529f,0f,0f,0f,1f], start_interpolation: 0, interpolation_duration: 1 }
$data merge entity $(bone_left_thumb) { transformation: [-0.8848812993361646f,0.4657767591940432f,0.006090704379272824f,1.1181359296500948f,-0.31376752341371805f,-0.5863286047793789f,-0.7468391449758697f,1.711062548008992f,-0.34428916238528817f,-0.6627750582302872f,0.6649768378311198f,0.40545893325189053f,0f,0f,0f,1f], start_interpolation: 0, interpolation_duration: 1 }
$data merge entity $(bone_left_fingers2) { transformation: [0.9990552415311112f,0.04302938169875997f,0.006090704379272824f,0.5353825505836206f,-0.02406995613548396f,0.6645689796728005f,-0.7468391449758697f,1.941375154207275f,-0.03618371983156404f,0.7459869593815127f,0.6649768378311198f,0.9234049410731086f,0f,0f,0f,1f], start_interpolation: 0, interpolation_duration: 1 }
$data merge entity $(bone_left_fingers) { transformation: [0.34629178788119985f,0.9381070839548152f,0.006090704379272824f,0.9943516662836578f,-0.6222673623584994f,0.2345519585829698f,-0.7468391449758697f,2.01702534094453f,-0.7020436791179289f,0.2548342162243652f,0.6649768378311198f,1.0163827292601808f,0f,0f,0f,1f], start_interpolation: 0, interpolation_duration: 1 }
$data merge entity $(bone_left_hand) { transformation: [-0.8848812993361646f,0.4657767591940432f,0.006090704379272824f,1.3782404113106803f,-0.31376752341371805f,-0.5863286047793789f,-0.7468391449758697f,1.6013876903401683f,-0.34428916238528817f,-0.6627750582302872f,0.6649768378311198f,0.5900481498749816f,0f,0f,0f,1f], start_interpolation: 0, interpolation_duration: 1 }
$data merge entity $(bone_left_forearm) { transformation: [-1.3600767196408066f,0.6450760846924338f,0.00916851494766378f,2.269586853919455f,-0.4351634830334033f,-0.9015186526801917f,-1.124238747740572f,0.2928804866728001f,-0.47627718793020374f,-1.0184089865299366f,1.001009029144955f,-0.8958883108383994f,0f,0f,0f,1f], start_interpolation: 0, interpolation_duration: 1 }
$data merge entity $(bone_left_bicep) { transformation: [-1.5710927483838104f,-0.02493003872895176f,0.15475860941874123f,2.043644635641129f,0.004868508727991715f,1.5502851032964176f,0.29915974689858593f,2.6229939488449943f,-0.15667811475447044f,0.2981589336421659f,-1.5425489868042428f,-0.44514090021483493f,0f,0f,0f,1f], start_interpolation: 0, interpolation_duration: 1 }
$data merge entity $(bone_left_shoulder) { transformation: [-0.9951847266721969f,-2.3316186242462537e-17f,0.09801714032956073f,1.795433125f,0.018661592064493988f,0.9817083199968549f,0.18947432393485686f,2.86487144945832f,-0.09622424216382904f,0.19039110916466834f,-0.9769811261078917f,-0.4231337264227543f,0f,0f,0f,1f], start_interpolation: 0, interpolation_duration: 1 }
$data merge entity $(bone_left_arm) { transformation: [-1.46271875f,-3.4105022795342e-17f,1.7585476957808955e-16f,1.4259925f,0f,1.4359631666903998f,0.27848864520845723f,2.980157809079323f,-1.7913138352403177e-16f,0.27848864520845723f,-1.4359631666903998f,-0.409084112500929f,0f,0f,0f,1f], start_interpolation: 0, interpolation_duration: 1 }
$data merge entity $(bone_chest) { transformation: [-2.06546125f,-4.815867918158947e-17f,2.4831924263719376e-16f,-3.5384102227964456e-18f,0f,2.0276804937561037f,0.39324545832414226f,3.780611188486568f,-2.529460508575391e-16f,0.39324545832414226f,-2.0276804937561037f,0.028893312139141036f,0f,0f,0f,1f], start_interpolation: 0, interpolation_duration: 1 }
$data merge entity $(bone_weist) { transformation: [-2.0892733333333333f,1.0205347174596007e-16f,2.346285344687831e-16f,6.44576645686052e-17f,0f,1.915887377749573f,-0.8333298369539173f,0.19357921951138835f,-2.5586219002105877e-16f,-0.8333298369539173f,-1.915887377749573f,-0.526336774108936f,0f,0f,0f,1f], start_interpolation: 0, interpolation_duration: 1 }
$data merge entity $(bone_right_foot) { transformation: [-1.1328200000000002f,-9.547384546550638e-17f,1.0065226999031585e-16f,-0.8202675000000001f,0f,0.8218881563271458f,0.7796031111335856f,-3.9028186711595128f,-1.387304387010105e-16f,0.7796031111335856f,-0.8218881563271458f,0.9590747550493688f,0f,0f,0f,1f], start_interpolation: 0, interpolation_duration: 1 }
$data merge entity $(bone_right_knee) { transformation: [-3.1203466666666664f,-1.4027729363638106e-16f,3.5545371256956216e-16f,-0.8545118750000004f,0f,2.9024998294777147f,1.1454510290971043f,-0.24452401284689418f,-3.821322557563446e-16f,1.1454510290971043f,-2.9024998294777147f,2.5233233042117686f,0f,0f,0f,1f], start_interpolation: 0, interpolation_duration: 1 }
$data merge entity $(bone_right_thigh) { transformation: [-2.3827266666666667f,2.7614175000969093e-16f,-9.430212805574782e-17f,-0.77532f,0f,-0.7700353123970489f,-2.254868507409251f,-1.4744594695632343f,-2.9179985855763755e-16f,-2.254868507409251f,0.7700353123970489f,-0.4773213150520732f,0f,0f,0f,1f], start_interpolation: 0, interpolation_duration: 1 }
$data merge entity $(bone_right_leg) { transformation: [-1.1368933333333335f,3.689318327761732e-17f,1.3425231813892277e-16f,-0.748445f,0f,1.0962533706240398f,-0.30125570330403667f,-1.5852888262195122f,-1.3922927816386319e-16f,-0.30125570330403667f,-1.0962533706240398f,-0.4442721951219513f,0f,0f,0f,1f], start_interpolation: 0, interpolation_duration: 1 }
$data merge entity $(bone_left_foot) { transformation: [-1.1328200000000002f,-9.547384546550638e-17f,1.0065226999031585e-16f,0.8202674999999999f,0f,0.8218881563271458f,0.7796031111335856f,-3.9028186711595128f,-1.387304387010105e-16f,0.7796031111335856f,-0.8218881563271458f,0.9590747550493692f,0f,0f,0f,1f], start_interpolation: 0, interpolation_duration: 1 }
$data merge entity $(bone_left_knee) { transformation: [-3.1203466666666664f,-1.4027729363638106e-16f,3.5545371256956216e-16f,0.8545118749999997f,0f,2.9024998294777147f,1.1454510290971043f,-0.24452401284689418f,-3.821322557563446e-16f,1.1454510290971043f,-2.9024998294777147f,2.523323304211769f,0f,0f,0f,1f], start_interpolation: 0, interpolation_duration: 1 }
$data merge entity $(bone_left_thigh) { transformation: [-2.3827266666666667f,2.7614175000969093e-16f,-9.430212805574782e-17f,0.77532f,0f,-0.7700353123970489f,-2.254868507409251f,-1.4744594695632343f,-2.9179985855763755e-16f,-2.254868507409251f,0.7700353123970489f,-0.477321315052073f,0f,0f,0f,1f], start_interpolation: 0, interpolation_duration: 1 }
$data merge entity $(bone_left_leg) { transformation: [-1.1368933333333335f,3.689318327761732e-17f,1.3425231813892277e-16f,0.748445f,0f,1.0962533706240398f,-0.30125570330403667f,-1.5852888262195122f,-1.3922927816386319e-16f,-0.30125570330403667f,-1.0962533706240398f,-0.4442721951219511f,0f,0f,0f,1f], start_interpolation: 0, interpolation_duration: 1 }
data modify entity @s data merge value {"locators":{"consume":{"posx":-0.7861679952333505,"posy":2.0440488332903826,"posz":1.0058559653143226,"roty":180.52477301036146,"rotx":-48.31731169782738}},"cameras":{}}