# This file was generated by Animated Java via MC-Build. It is not recommended to edit this file directly.
$data merge entity $(bone_right_thumb_2) { transformation: [-0.9733018522503074f,0.22952887479406017f,-0.0000064724965392041355f,-2.0167568627469854f,0.22866161669250334f,0.9696218524339223f,-0.08687536091539125f,-7.252076914816657f,-0.019934127964153413f,-0.08455742970538697f,-0.996219188544332f,0.05766646433018931f,0f,0f,0f,1f], start_interpolation: 0, interpolation_duration: 1 }
$data merge entity $(bone_right_thumb) { transformation: [-0.999909853122484f,0.013427046833875071f,-0.0000064724965392041355f,-2.1604712315586676f,0.0133768439517334f,0.9961293749868595f,-0.08687536091539125f,-6.96458349275866f,-0.0011600320957885555f,-0.08686761595444785f,-0.996219188544332f,0.032596514967109746f,0f,0f,0f,1f], start_interpolation: 0, interpolation_duration: 1 }
$data merge entity $(bone_right_fingers2) { transformation: [-0.8014556901827978f,-0.5980541586108417f,-0.0000064724965392041355f,-2.2950039622071525f,-0.595792577962902f,0.7984258736477292f,-0.08687536091539125f,-8.083287796717414f,0.051961338684971506f,-0.06962289607692561f,-0.996219188544332f,-0.03935305185270111f,0f,0f,0f,1f], start_interpolation: 0, interpolation_duration: 1 }
$data merge entity $(bone_right_fingers) { transformation: [-0.9693139265320067f,-0.24582618206613027f,-0.0000064724965392041355f,-2.3658754543578864f,-0.24489621458545177f,0.9656492716030685f,-0.08687536091539125f,-7.616797947371069f,0.02136248845101629f,-0.08420791211788176f,-0.996219188544332f,-0.08818870556153102f,0f,0f,0f,1f], start_interpolation: 0, interpolation_duration: 1 }
$data merge entity $(bone_right_hand) { transformation: [-0.999909853122484f,0.013427046833875071f,-0.0000064724965392041355f,-2.4189029931955006f,0.0133768439517334f,0.9961293749868595f,-0.08687536091539125f,-6.916161437928016f,-0.0011600320957885555f,-0.08686761595444785f,-0.996219188544332f,-0.178648423105702f,0f,0f,0f,1f], start_interpolation: 0, interpolation_duration: 1 }
$data merge entity $(bone_right_forearm) { transformation: [-1.5051934659426576f,0.02021212522123146f,-0.000009743237821613043f,-2.3466892977429827f,0.020136553358492876f,1.4995026019411564f,-0.1307760146506318f,-4.753766454591891f,-0.0017462301480599728f,-0.130764355935029f,-1.4996378009087818f,-0.3617600456477261f,0f,0f,0f,1f], start_interpolation: 0, interpolation_duration: 1 }
$data merge entity $(bone_right_bicep) { transformation: [-1.5766169981946312f,0.08475257485031847f,-0.000010219381635772482f,-2.119867369153729f,0.08443302788044779f,1.570656058996043f,-0.13716692818023846f,-2.479007117423968f,-0.007352744462723995f,-0.13696971723598012f,-1.5729238353313888f,-0.6200485924606516f,0f,0f,0f,1f], start_interpolation: 0, interpolation_duration: 1 }
$data merge entity $(bone_right_shoulder) { transformation: [-0.9985582717396772f,0.053678467734986406f,-0.0000064724965392041355f,-1.795433125f,0.05347608106127993f,0.9947828810449786f,-0.08687536091539125f,-2.2498748214285706f,-0.004656897529107304f,-0.0867504563761834f,-0.996219188544332f,-0.5772950000000002f,0f,0f,0f,1f], start_interpolation: 0, interpolation_duration: 1 }
$data merge entity $(bone_right_arm) { transformation: [-1.46271875f,0f,1.7913138352403177e-16f,-1.4259925f,0f,1.46271875f,0f,-2.0715223214285707f,-1.7913138352403177e-16f,0f,-1.46271875f,-0.5854518750000002f,0f,0f,0f,1f], start_interpolation: 0, interpolation_duration: 1 }
$data merge entity $(bone_left_thumb_2) { transformation: [-0.9733018522503074f,-0.22952887479406014f,0.0000064724965394481386f,2.042107845529759f,-0.22866161669250334f,0.9696218524339223f,-0.08687536091539125f,-7.3312229717828625f,0.01993412796415317f,-0.084557429705387f,-0.996219188544332f,0.04628820161227788f,0f,0f,0f,1f], start_interpolation: 0, interpolation_duration: 1 }
$data merge entity $(bone_left_thumb) { transformation: [-0.999909853122484f,-0.013427046833875043f,0.0000064724965394481386f,2.185822214341441f,-0.0133768439517334f,0.9961293749868595f,-0.08687536091539125f,-7.0437295497248655f,0.001160032095788311f,-0.08686761595444784f,-0.996219188544332f,0.021218252249198377f,0f,0f,0f,1f], start_interpolation: 0, interpolation_duration: 1 }
$data merge entity $(bone_left_fingers2) { transformation: [-0.8014556901827978f,0.5980541586108417f,0.0000064724965394481386f,2.320354944989926f,0.595792577962902f,0.7984258736477292f,-0.08687536091539125f,-8.16243385368362f,-0.0519613386849717f,-0.06962289607692546f,-0.996219188544332f,-0.05073131457061247f,0f,0f,0f,1f], start_interpolation: 0, interpolation_duration: 1 }
$data merge entity $(bone_left_fingers) { transformation: [-0.9693139265320067f,0.2458261820661303f,0.0000064724965394481386f,2.3912264371406597f,0.24489621458545177f,0.9656492716030685f,-0.08687536091539125f,-7.695944004337274f,-0.021362488451016518f,-0.08420791211788169f,-0.996219188544332f,-0.09956696827944232f,0f,0f,0f,1f], start_interpolation: 0, interpolation_duration: 1 }
$data merge entity $(bone_left_hand) { transformation: [-0.999909853122484f,-0.013427046833875043f,0.0000064724965394481386f,2.4442539759782744f,-0.0133768439517334f,0.9961293749868595f,-0.08687536091539125f,-6.995307494894222f,0.001160032095788311f,-0.08686761595444784f,-0.996219188544332f,-0.19002668582361332f,0f,0f,0f,1f], start_interpolation: 0, interpolation_duration: 1 }
$data merge entity $(bone_left_forearm) { transformation: [-1.5051934659426582f,-0.02021212522123143f,0.000009743237821980353f,2.372040280525756f,-0.020136553358492883f,1.499502601941157f,-0.13077601465063185f,-4.832912511558096f,0.0017462301480596055f,-0.13076435593502903f,-1.4996378009087825f,-0.37313830836563744f,0f,0f,0f,1f], start_interpolation: 0, interpolation_duration: 1 }
$data merge entity $(bone_left_bicep) { transformation: [-1.5766169981946312f,-0.08475257485031842f,0.000010219381636157736f,2.057457072638966f,-0.08443302788044779f,1.570656058996043f,-0.13716692818023846f,-2.476919662433086f,0.007352744462723608f,-0.13696971723598012f,-1.5729238353313888f,-0.557493837081061f,0f,0f,0f,1f], start_interpolation: 0, interpolation_duration: 1 }
$data merge entity $(bone_left_shoulder) { transformation: [-0.9985582717396772f,-0.05367846773498638f,0.0000064724965394481386f,1.795433125f,-0.05347608106127993f,0.9947828810449786f,-0.08687536091539125f,-2.2498748214285706f,0.0046568975291070595f,-0.0867504563761834f,-0.996219188544332f,-0.5772949999999998f,0f,0f,0f,1f], start_interpolation: 0, interpolation_duration: 1 }
$data merge entity $(bone_left_arm) { transformation: [-1.46271875f,0f,1.7913138352403177e-16f,1.4259925f,0f,1.46271875f,0f,-2.1340223214285707f,-1.7913138352403177e-16f,0f,-1.46271875f,-0.5854518749999998f,0f,0f,0f,1f], start_interpolation: 0, interpolation_duration: 1 }
$data merge entity $(bone_left_cheek) { transformation: [-1.13672767756173f,-0.0132137961721069f,-0.014213867651549635f,0.7969440743219227f,-0.012090392600947603f,1.1335068239938606f,-0.08684787702577541f,-6.72247553061164f,0.01518093704778159f,-0.08668406386326885f,-1.1334821849505523f,-0.6021317599975072f,0f,0f,0f,1f], start_interpolation: 0, interpolation_duration: 1 }
$data merge entity $(bone_left_foot) { transformation: [-1.1308357542034817f,0.018265241110999125f,-0.06448279136482772f,0.8990434052734279f,-0.020610987202354752f,0.9423355384717405f,0.6283789243280834f,-11.00276573886224f,0.06377175410467553f,0.628451482853157f,-0.9403526197539307f,-0.3694202865675602f,0f,0f,0f,1f], start_interpolation: 0, interpolation_duration: 1 }
$data merge entity $(bone_left_knee) { transformation: [-3.114881072170618f,0.08399624440580793f,-0.1643893467859648f,1.0461937139645876f,-0.05677285465791296f,2.208108100658321f,2.2039960932267704f,-8.266935036587538f,0.175658957599628f,2.2031265435536374f,-2.2027121200652133f,2.5158428145997593f,0f,0f,0f,1f], start_interpolation: 0, interpolation_duration: 1 }
$data merge entity $(bone_left_leg) { transformation: [-2.3785530862456064f,-0.1405193803411263f,-0.011219969005808472f,0.77532f,-0.04335229677563607f,0.9096274031102418f,-2.201836718269463f,-7.212041875f,0.13413486616172016f,-2.1977758437347306f,-0.91059076780973f,-0.5397599999999998f,0f,0f,0f,1f], start_interpolation: 0, interpolation_duration: 1 }
$data merge entity $(bone_right_cheek) { transformation: [-1.13672767756173f,0.013213796104680865f,0.01421386771423195f,-0.7969440842438513f,0.0120903926009476f,1.1335068244058393f,-0.08684787164878051f,-6.722475364002907f,-0.015180937047781876f,-0.08668405848639076f,-1.1334821853617538f,-0.602131530208593f,0f,0f,0f,1f], start_interpolation: 0, interpolation_duration: 1 }
$data merge entity $(bone_right_foot) { transformation: [-1.1308357542034817f,-0.018265241110999274f,0.06448279136482796f,-0.899043405273428f,0.020610987202354752f,0.9423355384717405f,0.6283789243280834f,-11.00276573886224f,-0.06377175410467582f,0.628451482853157f,-0.9403526197539307f,-0.3694202865675602f,0f,0f,0f,1f], start_interpolation: 0, interpolation_duration: 1 }
$data merge entity $(bone_right_knee) { transformation: [-3.114881072170618f,-0.08399624440580847f,0.16438934678596534f,-1.0461937139645885f,0.05677285465791296f,2.208108100658321f,2.2039960932267704f,-8.266935036587538f,-0.17565895759962877f,2.2031265435536374f,-2.2027121200652133f,2.5158428145997593f,0f,0f,0f,1f], start_interpolation: 0, interpolation_duration: 1 }
$data merge entity $(bone_right_leg) { transformation: [-2.3785530862456064f,0.14051938034112682f,0.011219969005808695f,-0.77532f,0.04335229677563607f,0.9096274031102418f,-2.201836718269463f,-7.212041875f,-0.13413486616172077f,-2.1977758437347306f,-0.91059076780973f,-0.53976f,0f,0f,0f,1f], start_interpolation: 0, interpolation_duration: 1 }
data modify entity @s data merge value {"locators":{"consume":{"posx":-2.1747539951968955,"posy":-7.651242704717959,"posz":-0.09141473889213252,"roty":359.99962774584264,"rotx":-4.9838741381571605}},"cameras":{}}