# This file was generated by Animated Java via MC-Build. It is not recommended to edit this file directly.
$data merge entity $(bone_right_thumb_2) { transformation: [-0.9762960071199334f,0.21643961393810288f,1.2244904712929818e-16f,-1.84718375f,0.2164119851226179f,0.9761713815869791f,0.015977686498869437f,-7.529620538661776f,0.00345820429743922f,0.015598951531860325f,-0.9998723486196345f,-0.45757276000486596f,0f,0f,0f,1f], start_interpolation: 0, interpolation_duration: 1 }
$data merge entity $(bone_right_thumb) { transformation: [-1f,-1.956702262862034e-18f,1.2244904712929818e-16f,-1.99476f,0f,0.9998723486196345f,0.015977686498869437f,-7.243028377217366f,-1.2246467991473532e-16f,0.015977686498869437f,-0.9998723486196345f,-0.45299309569580315f,0f,0f,0f,1f], start_interpolation: 0, interpolation_duration: 1 }
$data merge entity $(bone_right_fingers2) { transformation: [-0.7933533402912352f,-0.6087614290087205f,1.2244904712929818e-16f,-2.1143993338474933f,-0.6086837197719943f,0.7932520676422294f,0.015977686498869437f,-8.350119110087096f,-0.009726599265305197f,0.012675950954004166f,-0.9998723486196345f,-0.6395719113947702f,0f,0f,0f,1f], start_interpolation: 0, interpolation_duration: 1 }
$data merge entity $(bone_right_fingers) { transformation: [-0.9659258262890683f,-0.25881904510252074f,1.2244904712929818e-16f,-2.19156125f,-0.2587860064941485f,0.9658025245240118f,0.015977686498869437f,-7.882074144990159f,-0.004135329562584943f,0.01543326003360812f,-0.9998723486196345f,-0.6402187182408638f,0f,0f,0f,1f], start_interpolation: 0, interpolation_duration: 1 }
$data merge entity $(bone_right_hand) { transformation: [-1f,-1.956702262862034e-18f,1.2244904712929818e-16f,-2.25406125f,0f,0.9998723486196345f,0.015977686498869437f,-7.176626175898603f,-1.2246467991473532e-16f,0.015977686498869437f,-0.9998723486196345f,-0.6581995870321762f,0f,0f,0f,1f], start_interpolation: 0, interpolation_duration: 1 }
$data merge entity $(bone_right_forearm) { transformation: [-1.5053291666666664f,-2.9454809867688862e-18f,1.843261220742738e-16f,-2.2109925f,0f,1.5051370093206369f,0.024051677502604375f,-5.006088963054356f,-1.8434965456214856e-16f,0.024051677502604375f,-1.5051370093206369f,-0.6180743018631816f,0f,0f,0f,1f], start_interpolation: 0, interpolation_duration: 1 }
$data merge entity $(bone_right_bicep) { transformation: [-1.5788933333333333f,-3.089424158151113e-18f,1.9333398418546803e-16f,-2.107345625f,0f,1.5786917854198834f,0.02522706269515496f,-2.7079547806427806f,-1.9335866668617615e-16f,0.02522706269515496f,-1.5786917854198834f,-0.6410483670354057f,0f,0f,0f,1f], start_interpolation: 0, interpolation_duration: 1 }
$data merge entity $(bone_right_shoulder) { transformation: [-1f,-1.956702262862034e-18f,1.2244904712929818e-16f,-1.795433125f,0f,0.9998723486196345f,0.015977686498869437f,-2.4673411071274223f,-1.2246467991473532e-16f,0.015977686498869437f,-0.9998723486196345f,-0.5746954471508213f,0f,0f,0f,1f], start_interpolation: 0, interpolation_duration: 1 }
$data merge entity $(bone_left_thumb_2) { transformation: [-0.9762960071199334f,-0.21643961393810288f,1.2244904712929818e-16f,1.86831875f,-0.2164119851226179f,0.9761713815869791f,0.015977686498869437f,-7.425370840581746f,-0.0034582042974394592f,0.015598951531860273f,-0.9998723486196345f,-0.43646320254892573f,0f,0f,0f,1f], start_interpolation: 0, interpolation_duration: 1 }
$data merge entity $(bone_left_thumb) { transformation: [-1f,-1.956702262862034e-18f,1.2244904712929818e-16f,2.015895f,0f,0.9998723486196345f,0.015977686498869437f,-7.138778679137336f,-1.2246467991473532e-16f,0.015977686498869437f,-0.9998723486196345f,-0.4318835382398629f,0f,0f,0f,1f], start_interpolation: 0, interpolation_duration: 1 }
$data merge entity $(bone_left_fingers2) { transformation: [-0.7933533402912352f,0.6087614290087205f,1.2244904712929818e-16f,2.1355343338474935f,0.6086837197719943f,0.7932520676422294f,0.015977686498869437f,-8.245869412007066f,0.009726599265305003f,0.012675950954004313f,-0.9998723486196345f,-0.6184623539388301f,0f,0f,0f,1f], start_interpolation: 0, interpolation_duration: 1 }
$data merge entity $(bone_left_fingers) { transformation: [-0.9659258262890683f,0.25881904510252074f,1.2244904712929818e-16f,2.21269625f,0.2587860064941485f,0.9658025245240118f,0.015977686498869437f,-7.777824446910128f,0.004135329562584707f,0.015433260033608183f,-0.9998723486196345f,-0.6191091607849236f,0f,0f,0f,1f], start_interpolation: 0, interpolation_duration: 1 }
$data merge entity $(bone_left_hand) { transformation: [-1f,-1.956702262862034e-18f,1.2244904712929818e-16f,2.27519625f,0f,0.9998723486196345f,0.015977686498869437f,-7.0723764778185725f,-1.2246467991473532e-16f,0.015977686498869437f,-0.9998723486196345f,-0.637090029576236f,0f,0f,0f,1f], start_interpolation: 0, interpolation_duration: 1 }
$data merge entity $(bone_left_forearm) { transformation: [-1.505329166666667f,-2.9454809867688874e-18f,1.8432612207427387e-16f,2.2321275f,0f,1.5051370093206375f,0.024051677502604386f,-4.901839264974326f,-1.8434965456214864e-16f,0.024051677502604386f,-1.5051370093206375f,-0.5969647444072413f,0f,0f,0f,1f], start_interpolation: 0, interpolation_duration: 1 }
$data merge entity $(bone_left_bicep) { transformation: [-1.5788933333333333f,-3.089424158151113e-18f,1.9333398418546803e-16f,2.044845625f,0f,1.5786917854198834f,0.02522706269515496f,-2.525897884713972f,-1.9335866668617615e-16f,0.02522706269515496f,-1.5786917854198834f,-0.5379739176332837f,0f,0f,0f,1f], start_interpolation: 0, interpolation_duration: 1 }
$data merge entity $(bone_left_shoulder) { transformation: [-1f,-1.956702262862034e-18f,1.2244904712929818e-16f,1.795433125f,0f,0.9998723486196345f,0.015977686498869437f,-2.284285605792434f,-1.2246467991473532e-16f,0.015977686498869437f,-0.9998723486196345f,-0.5341130195374266f,0f,0f,0f,1f], start_interpolation: 0, interpolation_duration: 1 }
data modify entity @s data merge value {"locators":{"consume":{"posx":-2,"posy":-7.91343598689475,"posz":-0.6469256640697355,"roty":0,"rotx":0.9154929577464836}},"cameras":{}}