# This file was generated by Animated Java via MC-Build. It is not recommended to edit this file directly.
$data merge entity $(bone_right_thumb_2) { transformation: [-0.9762960071199334f,0.21643961393810288f,1.2245542966548517e-16f,-1.84718375f,0.21642326538456136f,0.976222263560451f,0.012290741604669558f,-7.529154257280206f,0.0026602033679275386f,0.011999401953181759f,-0.9999244659827097f,-0.4389073780121055f,0f,0f,0f,1f], start_interpolation: 0, interpolation_duration: 1 }
$data merge entity $(bone_right_thumb) { transformation: [-1f,-1.5051817365305802e-18f,1.2245542966548517e-16f,-1.99476f,0f,0.9999244659827097f,0.012290741604669558f,-7.242547157501164f,-1.2246467991473532e-16f,0.012290741604669558f,-0.9999244659827097f,-0.43538449810938606f,0f,0f,0f,1f], start_interpolation: 0, interpolation_duration: 1 }
$data merge entity $(bone_right_fingers2) { transformation: [-0.7933533402912352f,-0.6087614290087205f,1.2245542966548517e-16f,-2.1143993338474933f,-0.6087154468124161f,0.7932934151263122f,0.012290741604669558f,-8.350318337580463f,-0.007482129422835673f,0.009750900906720974f,-0.9999244659827097f,-0.6178798620488158f,0f,0f,0f,1f], start_interpolation: 0, interpolation_duration: 1 }
$data merge entity $(bone_right_fingers) { transformation: [-0.9659258262890683f,-0.25881904510252074f,1.2245542966548517e-16f,-2.19156125f,-0.2587994954602929f,0.9658528660310042f,0.012290741604669558f,-7.882278939293849f,-0.003181078005722517f,0.011871944740195841f,-0.9999244659827097f,-0.6202524899577876f,0f,0f,0f,1f], start_interpolation: 0, interpolation_duration: 1 }
$data merge entity $(bone_right_hand) { transformation: [-1f,-1.5051817365305802e-18f,1.2245542966548517e-16f,-2.25406125f,0f,0.9999244659827097f,0.012290741604669558f,-7.176902066918692f,-1.2246467991473532e-16f,0.012290741604669558f,-0.9999244659827097f,-0.6408344397228639f,0f,0f,0f,1f], start_interpolation: 0, interpolation_duration: 1 }
$data merge entity $(bone_right_forearm) { transformation: [-1.5053291666666664f,-2.265793969133464e-18f,1.8433572989215335e-16f,-2.2109925f,0f,1.5052154631073638f,0.018501611817472553f,-5.006231655445575f,-1.8434965456214856e-16f,0.018501611817472553f,-1.5052154631073638f,-0.6087128643149138f,0f,0f,0f,1f], start_interpolation: 0, interpolation_duration: 1 }
$data merge entity $(bone_right_bicep) { transformation: [-1.5788933333333333f,-2.3765214092632226e-18f,1.933440615293034e-16f,-2.107345625f,0f,1.5787740731769937f,0.0194057699813354f,-2.7081978085011484f,-1.9335866668617615e-16f,0.0194057699813354f,-1.5787740731769937f,-0.6401606994846606f,0f,0f,0f,1f], start_interpolation: 0, interpolation_duration: 1 }
$data merge entity $(bone_right_shoulder) { transformation: [-1f,-1.5051817365305802e-18f,1.2245542966548517e-16f,-1.795433125f,0f,0.9999244659827097f,0.012290741604669558f,-2.4673411071274223f,-1.2246467991473532e-16f,0.012290741604669558f,-0.9999244659827097f,-0.5746954471508213f,0f,0f,0f,1f], start_interpolation: 0, interpolation_duration: 1 }
$data merge entity $(bone_left_thumb_2) { transformation: [-0.9762960071199334f,-0.21643961393810288f,1.2245542966548517e-16f,1.86831875f,-0.21642326538456136f,0.976222263560451f,0.012290741604669558f,-7.424975825917105f,-0.002660203367927778f,0.011999401953181707f,-0.9999244659827097f,-0.4175071069896164f,0f,0f,0f,1f], start_interpolation: 0, interpolation_duration: 1 }
$data merge entity $(bone_left_thumb) { transformation: [-1f,-1.5051817365305802e-18f,1.2245542966548517e-16f,2.015895f,0f,0.9999244659827097f,0.012290741604669558f,-7.138368726138064f,-1.2246467991473532e-16f,0.012290741604669558f,-0.9999244659827097f,-0.41398422708689697f,0f,0f,0f,1f], start_interpolation: 0, interpolation_duration: 1 }
$data merge entity $(bone_left_fingers2) { transformation: [-0.7933533402912352f,0.6087614290087205f,1.2245542966548517e-16f,2.1355343338474935f,0.6087154468124161f,0.7932934151263122f,0.012290741604669558f,-8.246139906217362f,0.007482129422835479f,0.009750900906721125f,-0.9999244659827097f,-0.5964795910263265f,0f,0f,0f,1f], start_interpolation: 0, interpolation_duration: 1 }
$data merge entity $(bone_left_fingers) { transformation: [-0.9659258262890683f,0.25881904510252074f,1.2245542966548517e-16f,2.21269625f,0.2587994954602929f,0.9658528660310042f,0.012290741604669558f,-7.778100507930748f,0.0031810780057222802f,0.011871944740195903f,-0.9999244659827097f,-0.5988522189352983f,0f,0f,0f,1f], start_interpolation: 0, interpolation_duration: 1 }
$data merge entity $(bone_left_hand) { transformation: [-1f,-1.5051817365305802e-18f,1.2245542966548517e-16f,2.27519625f,0f,0.9999244659827097f,0.012290741604669558f,-7.072723635555591f,-1.2246467991473532e-16f,0.012290741604669558f,-0.9999244659827097f,-0.6194341687003747f,0f,0f,0f,1f], start_interpolation: 0, interpolation_duration: 1 }
$data merge entity $(bone_left_forearm) { transformation: [-1.505329166666667f,-2.265793969133465e-18f,1.8433572989215345e-16f,2.2321275f,0f,1.5052154631073644f,0.01850161181747256f,-4.902053224082474f,-1.8434965456214864e-16f,0.01850161181747256f,-1.5052154631073644f,-0.5873125932924246f,0f,0f,0f,1f], start_interpolation: 0, interpolation_duration: 1 }
$data merge entity $(bone_left_bicep) { transformation: [-1.5788933333333333f,-2.3765214092632226e-18f,1.933440615293034e-16f,2.044845625f,0f,1.5787740731769937f,0.0194057699813354f,-2.5259104785164523f,-1.9335866668617615e-16f,0.0194057699813354f,-1.5787740731769937f,-0.5370829927473465f,0f,0f,0f,1f], start_interpolation: 0, interpolation_duration: 1 }
$data merge entity $(bone_left_shoulder) { transformation: [-1f,-1.5051817365305802e-18f,1.2245542966548517e-16f,1.795433125f,0f,0.9999244659827097f,0.012290741604669558f,-2.284285605792434f,-1.2246467991473532e-16f,0.012290741604669558f,-0.9999244659827097f,-0.5341130195374266f,0f,0f,0f,1f], start_interpolation: 0, interpolation_duration: 1 }
data modify entity @s data merge value {"locators":{"consume":{"posx":-2,"posy":-7.913665298564338,"posz":-0.6268437494538012,"roty":0,"rotx":0.7042253521126769}},"cameras":{}}