# This file was generated by Animated Java via MC-Build. It is not recommended to edit this file directly.
$data merge entity $(bone_right_thumb_2) { transformation: [-0.9762960071199334f,0.21643961393810288f,1.2230921417168262e-16f,-1.84718375f,0.2161648494473913f,0.9750566245951763f,-0.05037198324910383f,-7.51070653339211f,-0.010902492607732737f,-0.04917796611681221f,-0.998730525869492f,-0.12208530150880909f,0f,0f,0f,1f], start_interpolation: 0, interpolation_duration: 1 }
$data merge entity $(bone_right_thumb) { transformation: [-1f,6.1687888052719025e-18f,1.2230921417168262e-16f,-1.99476f,0f,0.998730525869492f,-0.05037198324910383f,-7.224441651175295f,-1.2246467991473532e-16f,-0.05037198324910383f,-0.998730525869492f,-0.13652336010252067f,0f,0f,0f,1f], start_interpolation: 0, interpolation_duration: 1 }
$data merge entity $(bone_right_fingers2) { transformation: [-0.7933533402912352f,-0.6087614290087205f,1.2230921417168262e-16f,-2.1143993338474933f,-0.6079886221229429f,0.7923461987493834f,-0.05037198324910383f,-8.34146926005781f,0.030664520504727687f,-0.039962781167770745f,-0.998730525869492f,-0.24926583775789696f,0f,0f,0f,1f], start_interpolation: 0, interpolation_duration: 1 }
$data merge entity $(bone_right_fingers) { transformation: [-0.9659258262890683f,-0.25881904510252074f,1.2230921417168262e-16f,-2.19156125f,-0.25849048102028027f,0.9646996084406048f,-0.05037198324910383f,-7.874497730396661f,0.013037228604453105f,-0.04865559954170976f,-0.998730525869492f,-0.28095334630015145f,0f,0f,0f,1f], start_interpolation: 0, interpolation_duration: 1 }
$data merge entity $(bone_right_hand) { transformation: [-1f,6.1687888052719025e-18f,1.2230921417168262e-16f,-2.25406125f,0f,0.998730525869492f,-0.05037198324910383f,-7.171795554825316f,-1.2246467991473532e-16f,-0.05037198324910383f,-0.998730525869492f,-0.34568201989376923f,0f,0f,0f,1f], start_interpolation: 0, interpolation_duration: 1 }
$data merge entity $(bone_right_forearm) { transformation: [-1.5053291666666664f,9.286057711582613e-18f,1.8411562744471381e-16f,-2.2109925f,0f,1.5034181902316839f,-0.07582641556772074f,-5.003376184213203f,-1.8434965456214856e-16f,-0.07582641556772074f,-1.5034181902316839f,-0.4496015272334978f,0f,0f,0f,1f], start_interpolation: 0, interpolation_duration: 1 }
$data merge entity $(bone_right_bicep) { transformation: [-1.5788933333333333f,9.739859519385105e-18f,1.9311320286090853e-16f,-2.107345625f,0f,1.576888969091835f,-0.07953198853878837f,-2.7118257213844887f,-1.9335866668617615e-16f,-0.07953198853878837f,-1.576888969091835f,-0.6249440615729035f,0f,0f,0f,1f], start_interpolation: 0, interpolation_duration: 1 }
$data merge entity $(bone_right_shoulder) { transformation: [-1f,6.1687888052719025e-18f,1.2230921417168262e-16f,-1.795433125f,0f,0.998730525869492f,-0.05037198324910383f,-2.4673411071274223f,-1.2246467991473532e-16f,-0.05037198324910383f,-0.998730525869492f,-0.5746954471508213f,0f,0f,0f,1f], start_interpolation: 0, interpolation_duration: 1 }
$data merge entity $(bone_left_thumb_2) { transformation: [-0.9762960071199334f,-0.21643961393810288f,1.2230921417168262e-16f,1.86831875f,-0.2161648494473913f,0.9750566245951763f,-0.05037198324910383f,-7.407574819705708f,0.010902492607732498f,-0.049177966116812265f,-0.998730525869492f,-0.09570623500226626f,0f,0f,0f,1f], start_interpolation: 0, interpolation_duration: 1 }
$data merge entity $(bone_left_thumb) { transformation: [-1f,6.1687888052719025e-18f,1.2230921417168262e-16f,2.015895f,0f,0.998730525869492f,-0.05037198324910383f,-7.121309937488893f,-1.2246467991473532e-16f,-0.05037198324910383f,-0.998730525869492f,-0.1101442935959778f,0f,0f,0f,1f], start_interpolation: 0, interpolation_duration: 1 }
$data merge entity $(bone_left_fingers2) { transformation: [-0.7933533402912352f,0.6087614290087205f,1.2230921417168262e-16f,2.1355343338474935f,0.6079886221229429f,0.7923461987493834f,-0.05037198324910383f,-8.238337546371408f,-0.030664520504727878f,-0.03996278116777059f,-0.998730525869492f,-0.2228867712513541f,0f,0f,0f,1f], start_interpolation: 0, interpolation_duration: 1 }
$data merge entity $(bone_left_fingers) { transformation: [-0.9659258262890683f,0.25881904510252074f,1.2230921417168262e-16f,2.21269625f,0.25849048102028027f,0.9646996084406048f,-0.05037198324910383f,-7.771366016710259f,-0.013037228604453341f,-0.04865559954170969f,-0.998730525869492f,-0.2545742797936085f,0f,0f,0f,1f], start_interpolation: 0, interpolation_duration: 1 }
$data merge entity $(bone_left_hand) { transformation: [-1f,6.1687888052719025e-18f,1.2230921417168262e-16f,2.27519625f,0f,0.998730525869492f,-0.05037198324910383f,-7.068663841138914f,-1.2246467991473532e-16f,-0.05037198324910383f,-0.998730525869492f,-0.3193029533872263f,0f,0f,0f,1f], start_interpolation: 0, interpolation_duration: 1 }
$data merge entity $(bone_left_forearm) { transformation: [-1.505329166666667f,9.286057711582618e-18f,1.8411562744471389e-16f,2.2321275f,0f,1.5034181902316845f,-0.07582641556772078f,-4.900244470526802f,-1.8434965456214864e-16f,-0.07582641556772078f,-1.5034181902316845f,-0.42322246072695485f,0f,0f,0f,1f], start_interpolation: 0, interpolation_duration: 1 }
$data merge entity $(bone_left_bicep) { transformation: [-1.5788933333333333f,9.739859519385105e-18f,1.9311320286090853e-16f,2.044845625f,0f,1.576888969091835f,-0.07953198853878837f,-2.5256219710964314f,-1.9335866668617615e-16f,-0.07953198853878837f,-1.576888969091835f,-0.5219409760926655f,0f,0f,0f,1f], start_interpolation: 0, interpolation_duration: 1 }
$data merge entity $(bone_left_shoulder) { transformation: [-1f,6.1687888052719025e-18f,1.2230921417168262e-16f,1.795433125f,0f,0.998730525869492f,-0.05037198324910383f,-2.284285605792434f,-1.2246467991473532e-16f,-0.05037198324910383f,-0.998730525869492f,-0.5341130195374266f,0f,0f,0f,1f], start_interpolation: 0, interpolation_duration: 1 }
data modify entity @s data merge value {"locators":{"consume":{"posx":-2,"posy":-7.906235344549205,"posz":-0.28556551476023856,"roty":0,"rotx":-2.887323943661976}},"cameras":{}}