# This file was generated by Animated Java via MC-Build. It is not recommended to edit this file directly.
$data merge entity $(bone_right_thumb_2) { transformation: [-0.9762960071199334f,0.2164396139381029f,1.2101536824122474e-16f,-1.84718375f,0.213878153284231f,0.9647420047667177f,-0.15339165487868536f,-7.290408482398567f,-0.03320003056326949f,-0.14975566018357933f,-0.9881654720812595f,0.42954385926243266f,0f,0f,0f,1f], start_interpolation: 0, interpolation_duration: 1 }
$data merge entity $(bone_right_thumb) { transformation: [-1f,1.878505991630975e-17f,1.2101536824122474e-16f,-1.99476f,0f,0.9881654720812595f,-0.15339165487868536f,-7.007171848342756f,-1.2246467991473532e-16f,-0.15339165487868536f,-0.9881654720812595f,0.38557740096412363f,0f,0f,0f,1f], start_interpolation: 0, interpolation_duration: 1 }
$data merge entity $(bone_right_fingers2) { transformation: [-0.7933533402912352f,-0.6087614290087205f,1.2101536824122474e-16f,-2.1143993338474933f,-0.6015570248812645f,0.7839643780361325f,-0.15339165487868536f,-8.129869527320444f,0.0933789230219609f,-0.12169378177080545f,-0.9881654720812595f,0.3889636808953574f,0f,0f,0f,1f], start_interpolation: 0, interpolation_duration: 1 }
$data merge entity $(bone_right_fingers) { transformation: [-0.9659258262890683f,-0.25881904510252074f,1.2101536824122474e-16f,-2.19156125f,-0.2557560438873532f,0.9544945501304178f,-0.15339165487868536f,-7.6686792123126475f,0.039700681642396644f,-0.1481649609845418f,-0.9881654720812595f,0.3091513945310522f,0f,0f,0f,1f], start_interpolation: 0, interpolation_duration: 1 }
$data merge entity $(bone_right_hand) { transformation: [-1f,1.878505991630975e-17f,1.2101536824122474e-16f,-2.25406125f,0f,0.9881654720812595f,-0.15339165487868536f,-6.976439471214095f,-1.2246467991473532e-16f,-0.15339165487868536f,-0.9881654720812595f,0.17209560449757638f,0f,0f,0f,1f], start_interpolation: 0, interpolation_duration: 1 }
$data merge entity $(bone_right_forearm) { transformation: [-1.5053291666666664f,2.8277698589601956e-17f,1.821679634284226e-16f,-2.2109925f,0f,1.4875143066168552f,-0.23090493201215234f,-4.830395362063509f,-1.8434965456214856e-16f,-0.23090493201215234f,-1.4875143066168552f,-0.15552691065000823f,0f,0f,0f,1f], start_interpolation: 0, interpolation_duration: 1 }
$data merge entity $(bone_right_bicep) { transformation: [-1.5788933333333333f,2.965960586812869e-17f,1.9107035814694813e-16f,-2.107345625f,0f,1.5602078760992866f,-0.24218906127692377f,-2.569267077180166f,-1.9335866668617615e-16f,-0.24218906127692377f,-1.5602078760992866f,-0.5669238082313777f,0f,0f,0f,1f], start_interpolation: 0, interpolation_duration: 1 }
$data merge entity $(bone_right_shoulder) { transformation: [-1f,1.878505991630975e-17f,1.2101536824122474e-16f,-1.795433125f,0f,0.9881654720812595f,-0.15339165487868536f,-2.320896706059432f,-1.2246467991473532e-16f,-0.15339165487868536f,-0.9881654720812595f,-0.5422295050601059f,0f,0f,0f,1f], start_interpolation: 0, interpolation_duration: 1 }
$data merge entity $(bone_left_thumb_2) { transformation: [-0.9762960071199334f,-0.21643961393810285f,1.2101536824122474e-16f,1.86831875f,-0.213878153284231f,0.9647420047667177f,-0.15339165487868536f,-7.334761518385726f,0.033200030563269256f,-0.1497556601835794f,-0.9881654720812595f,0.43179895080020336f,0f,0f,0f,1f], start_interpolation: 0, interpolation_duration: 1 }
$data merge entity $(bone_left_thumb) { transformation: [-1f,1.878505991630975e-17f,1.2101536824122474e-16f,2.015895f,0f,0.9881654720812595f,-0.15339165487868536f,-7.051524884329915f,-1.2246467991473532e-16f,-0.15339165487868536f,-0.9881654720812595f,0.38783249250189444f,0f,0f,0f,1f], start_interpolation: 0, interpolation_duration: 1 }
$data merge entity $(bone_left_fingers2) { transformation: [-0.7933533402912352f,0.6087614290087205f,1.2101536824122474e-16f,2.1355343338474935f,0.6015570248812645f,0.7839643780361325f,-0.15339165487868536f,-8.174222563307604f,-0.09337892302196109f,-0.12169378177080531f,-0.9881654720812595f,0.3912187724331282f,0f,0f,0f,1f], start_interpolation: 0, interpolation_duration: 1 }
$data merge entity $(bone_left_fingers) { transformation: [-0.9659258262890683f,0.25881904510252074f,1.2101536824122474e-16f,2.21269625f,0.2557560438873532f,0.9544945501304178f,-0.15339165487868536f,-7.713032248299807f,-0.03970068164239688f,-0.14816496098454174f,-0.9881654720812595f,0.31140648606882304f,0f,0f,0f,1f], start_interpolation: 0, interpolation_duration: 1 }
$data merge entity $(bone_left_hand) { transformation: [-1f,1.878505991630975e-17f,1.2101536824122474e-16f,2.27519625f,0f,0.9881654720812595f,-0.15339165487868536f,-7.0207925072012545f,-1.2246467991473532e-16f,-0.15339165487868536f,-0.9881654720812595f,0.1743506960353472f,0f,0f,0f,1f], start_interpolation: 0, interpolation_duration: 1 }
$data merge entity $(bone_left_forearm) { transformation: [-1.505329166666667f,2.827769858960197e-17f,1.8216796342842268e-16f,2.2321275f,0f,1.487514306616856f,-0.23090493201215243f,-4.874748398050668f,-1.8434965456214864e-16f,-0.23090493201215243f,-1.487514306616856f,-0.15327181911223742f,0f,0f,0f,1f], start_interpolation: 0, interpolation_duration: 1 }
$data merge entity $(bone_left_bicep) { transformation: [-1.5788933333333333f,2.965960586812869e-17f,1.9107035814694813e-16f,2.044845625f,0f,1.5602078760992866f,-0.24218906127692377f,-2.5230689984832497f,-1.9335866668617615e-16f,-0.24218906127692377f,-1.5602078760992866f,-0.4970469807036196f,0f,0f,0f,1f], start_interpolation: 0, interpolation_duration: 1 }
$data merge entity $(bone_left_shoulder) { transformation: [-1f,1.878505991630975e-17f,1.2101536824122474e-16f,1.795433125f,0f,0.9881654720812595f,-0.15339165487868536f,-2.284285605792434f,-1.2246467991473532e-16f,-0.15339165487868536f,-0.9881654720812595f,-0.5341130195374266f,0f,0f,0f,1f], start_interpolation: 0, interpolation_duration: 1 }
data modify entity @s data merge value {"locators":{"consume":{"posx":-2,"posy":-7.700723634110206,"posz":0.30784629619754583,"roty":0,"rotx":-8.823529411764707}},"cameras":{}}