# This file was generated by Animated Java via MC-Build. It is not recommended to edit this file directly.
$data merge entity $(bone_right_thumb_2) { transformation: [-0.9684824024570772f,0.2490819866633434f,0.000007128102670391332f,-2.268116725052467f,0.24813863722269555f,0.9648169517570752f,-0.08692218542724944f,-7.2177523831348696f,-0.021657627945629063f,-0.08418083821171947f,-0.9962151040963698f,0.05386574505802409f,0f,0f,0f,1f], start_interpolation: 0, interpolation_duration: 1 }
$data merge entity $(bone_right_thumb) { transformation: [-0.9994367115171146f,0.0335597917312665f,0.000007128102670391332f,-2.4059906458963014f,0.033432152173460794f,0.995653968445665f,-0.08692218542724944f,-6.9274355390795606f,-0.0029241875634762812f,-0.08687298485347786f,-0.9962151040963698f,0.02853390936578834f,0f,0f,0f,1f], start_interpolation: 0, interpolation_duration: 1 }
$data merge entity $(bone_right_fingers2) { transformation: [-0.8133363602633513f,-0.5817937478374566f,0.000007128102670391332f,-2.562810421308332f,-0.5795922230292467f,0.8102576063725455f,-0.08692218542724944f,-8.04322067817802f,0.050565008430534124f,-0.0707011053144079f,-0.9962151040963698f,-0.043620071008736036f,0f,0f,0f,1f], start_interpolation: 0, interpolation_duration: 1 }
$data merge entity $(bone_right_fingers) { transformation: [-0.974067644645524f,-0.22625698575715045f,0.000007128102670391332f,-2.6242236754826718f,-0.22540123015287036f,0.9703807598701263f,-0.08692218542724944f,-7.5754061815904015f,0.019659834696507842f,-0.08466969510967293f,-0.9962151040963698f,-0.09259432965760493f,0f,0f,0f,1f], start_interpolation: 0, interpolation_duration: 1 }
$data merge entity $(bone_right_hand) { transformation: [-0.9994367115171146f,0.0335597917312665f,0.000007128102670391332f,-2.6630262381246546f,0.033432152173460794f,0.995653968445665f,-0.08692218542724944f,-6.873852780187592f,-0.0029241875634762812f,-0.08687298485347786f,-0.9962151040963698f,-0.18316797290139816f,0f,0f,0f,1f], start_interpolation: 0, interpolation_duration: 1 }
$data merge entity $(bone_right_forearm) { transformation: [-1.5044812320841314f,0.05051853332033428f,0.000010730140852734623f,-2.5471267932132347f,0.05032639377114892f,1.4987869586086722f,-0.13084650095404685f,-4.713353359836634f,-0.00440186482810478f,-0.13077243789533174f,-1.4996316524701347f,-0.3662152930416356f,0f,0f,0f,1f], start_interpolation: 0, interpolation_duration: 1 }
$data merge entity $(bone_right_bicep) { transformation: [-1.5646847176449388f,0.21134306775041858f,0.000011254513785596403f,-2.136883434873337f,0.21054218678631273f,1.558762679891959f,-0.13724085908984796f,-2.464181539319127f,-0.018381512344186668f,-0.13600431439599295f,-1.572917386423731f,-0.622374836030559f,0f,0f,0f,1f], start_interpolation: 0, interpolation_duration: 1 }
$data merge entity $(bone_right_shoulder) { transformation: [-0.9910009020948886f,0.13385519039733648f,0.000007128102670391332f,-1.795433125f,0.13334794842778872f,0.9872501498255903f,-0.08692218542724944f,-2.261779583333333f,-0.011642022900546375f,-0.08613901365259609f,-0.9962151040963698f,-0.5772950000000002f,0f,0f,0f,1f], start_interpolation: 0, interpolation_duration: 1 }
$data merge entity $(bone_right_arm) { transformation: [-1.46271875f,0f,1.7913138352403177e-16f,-1.4259925f,0f,1.46271875f,0f,-2.083427083333333f,-1.7913138352403177e-16f,0f,-1.46271875f,-0.5854518750000002f,0f,0f,0f,1f], start_interpolation: 0, interpolation_duration: 1 }
$data merge entity $(bone_left_thumb_2) { transformation: [-0.9684824024570772f,-0.2490819866633434f,-0.000007128102670147329f,2.299650265121446f,-0.24813863722269555f,0.9648169517570752f,-0.08692218542724944f,-7.294615310090196f,0.021657627945628824f,-0.08418083821171952f,-0.9962151040963698f,0.04229155677518575f,0f,0f,0f,1f], start_interpolation: 0, interpolation_duration: 1 }
$data merge entity $(bone_left_thumb) { transformation: [-0.9994367115171146f,-0.0335597917312665f,-0.000007128102670147329f,2.4375241859652803f,-0.033432152173460794f,0.995653968445665f,-0.08692218542724944f,-7.004298466034887f,0.0029241875634760366f,-0.08687298485347786f,-0.9962151040963698f,0.016959721082950047f,0f,0f,0f,1f], start_interpolation: 0, interpolation_duration: 1 }
$data merge entity $(bone_left_fingers2) { transformation: [-0.8133363602633513f,0.5817937478374566f,-0.000007128102670147329f,2.5943439613773114f,0.5795922230292467f,0.8102576063725455f,-0.08692218542724944f,-8.120083605133345f,-0.050565008430534325f,-0.07070110531440775f,-0.9962151040963698f,-0.055194259291574316f,0f,0f,0f,1f], start_interpolation: 0, interpolation_duration: 1 }
$data merge entity $(bone_left_fingers) { transformation: [-0.974067644645524f,0.22625698575715045f,-0.000007128102670147329f,2.655757215551651f,0.22540123015287036f,0.9703807598701263f,-0.08692218542724944f,-7.652269108545727f,-0.01965983469650808f,-0.08466969510967286f,-0.9962151040963698f,-0.10416851794044316f,0f,0f,0f,1f], start_interpolation: 0, interpolation_duration: 1 }
$data merge entity $(bone_left_hand) { transformation: [-0.9994367115171146f,-0.0335597917312665f,-0.000007128102670147329f,2.694559778193634f,-0.033432152173460794f,0.995653968445665f,-0.08692218542724944f,-6.950715707142917f,0.0029241875634760366f,-0.08687298485347786f,-0.9962151040963698f,-0.1947421611842364f,0f,0f,0f,1f], start_interpolation: 0, interpolation_duration: 1 }
$data merge entity $(bone_left_forearm) { transformation: [-1.504481232084132f,-0.0505185333203343f,-0.000010730140852367322f,2.5786603332822136f,-0.05032639377114894f,1.4987869586086728f,-0.1308465009540469f,-4.790216286791959f,0.004401864828104414f,-0.1307724378953318f,-1.4996316524701354f,-0.3777894813244738f,0f,0f,0f,1f], start_interpolation: 0, interpolation_duration: 1 }
$data merge entity $(bone_left_bicep) { transformation: [-1.5646847176449388f,-0.21134306775041858f,-0.000011254513785211149f,2.0749463239988235f,-0.21054218678631273f,1.558762679891959f,-0.13724085908984796f,-2.467083149506661f,0.018381512344186283f,-0.13600431439599298f,-1.572917386423731f,-0.5593837655932512f,0f,0f,0f,1f], start_interpolation: 0, interpolation_duration: 1 }
$data merge entity $(bone_left_shoulder) { transformation: [-0.9910009020948886f,-0.13385519039733648f,-0.000007128102670147329f,1.795433125f,-0.13334794842778872f,0.9872501498255903f,-0.08692218542724944f,-2.261779583333333f,0.011642022900546133f,-0.08613901365259612f,-0.9962151040963698f,-0.5772949999999998f,0f,0f,0f,1f], start_interpolation: 0, interpolation_duration: 1 }
$data merge entity $(bone_left_arm) { transformation: [-1.46271875f,0f,1.7913138352403177e-16f,1.4259925f,0f,1.46271875f,0f,-2.145927083333333f,-1.7913138352403177e-16f,0f,-1.46271875f,-0.5854518749999998f,0f,0f,0f,1f], start_interpolation: 0, interpolation_duration: 1 }
$data merge entity $(bone_left_cheek) { transformation: [-1.136253765002995f,-0.031969798570199784f,-0.020778952660757827f,0.7840145223122885f,-0.03143426935533809f,1.1360878714486435f,-0.02902906190638536f,-6.78959913674809f,0.021580537629846377f,-0.02843820853094568f,-1.1363326977909838f,-0.5183331802154119f,0f,0f,0f,1f], start_interpolation: 0, interpolation_duration: 1 }
$data merge entity $(bone_left_foot) { transformation: [-1.1324021316572157f,-0.025052042877172612f,-0.01785944472469202f,0.9661209586145592f,-0.02556859738110518f,1.1320430202503564f,0.03325657123659233f,-13.537146806693862f,0.017111734165681916f,0.03364740480530272f,-1.132190881920408f,-0.5980619864003267f,0f,0f,0f,1f], start_interpolation: 0, interpolation_duration: 1 }
$data merge entity $(bone_left_knee) { transformation: [-3.1191956505383205f,-0.047637346062481066f,-0.0700892081616158f,0.9421536809482999f,-0.07042856553510142f,2.8924954677409964f,1.168363430800638f,-9.891653766102742f,0.04713418077432572f,1.1695144174124974f,-2.892503710740025f,0.9959806944640923f,0f,0f,0f,1f], start_interpolation: 0, interpolation_duration: 1 }
$data merge entity $(bone_left_leg) { transformation: [-2.3818477397025344f,-0.06392948571192958f,-0.010036621691562147f,0.77532f,-0.05377992868171713f,2.1610412249759814f,-1.0021950465202587f,-7.0391903125f,0.03599211287713969f,-1.0015988283017119f,-2.1616870085652367f,-0.5397599999999998f,0f,0f,0f,1f], start_interpolation: 0, interpolation_duration: 1 }
$data merge entity $(bone_right_cheek) { transformation: [-1.136253765002995f,0.03196979858463857f,0.02077895263854309f,-0.7840145284377725f,0.03143426935533809f,1.136087871428472f,-0.029029062695824632f,-6.789599250884095f,-0.021580537629846658f,-0.0284382093205551f,-1.136332697771223f,-0.5183329453932952f,0f,0f,0f,1f], start_interpolation: 0, interpolation_duration: 1 }
$data merge entity $(bone_right_foot) { transformation: [-1.1324021316572157f,0.0250520428771726f,0.017859444724692294f,-0.9661209586145592f,0.02556859738110518f,1.1320430202503564f,0.03325657123659233f,-13.537146806693862f,-0.017111734165682194f,0.03364740480530272f,-1.132190881920408f,-0.5980619864003269f,0f,0f,0f,1f], start_interpolation: 0, interpolation_duration: 1 }
$data merge entity $(bone_right_knee) { transformation: [-3.1191956505383205f,0.04763734606248077f,0.07008920816161651f,-0.9421536809483002f,0.07042856553510142f,2.8924954677409964f,1.168363430800638f,-9.891653766102742f,-0.04713418077432649f,1.1695144174124974f,-2.892503710740025f,0.9959806944640921f,0f,0f,0f,1f], start_interpolation: 0, interpolation_duration: 1 }
$data merge entity $(bone_right_leg) { transformation: [-2.3818477397025344f,0.06392948571192983f,0.010036621691562676f,-0.77532f,0.05377992868171713f,2.1610412249759814f,-1.0021950465202587f,-7.0391903125f,-0.03599211287714027f,-1.0015988283017119f,-2.1616870085652367f,-0.53976f,0f,0f,0f,1f], start_interpolation: 0, interpolation_duration: 1 }
data modify entity @s data merge value {"locators":{"consume":{"posx":-2.433826244345511,"posy":-7.6136780907286585,"posz":-0.09548222488521425,"roty":0.00040996186191932793,"rotx":-4.986567172418404}},"cameras":{}}