execute if entity @s[tag=aj.beast.bone.right_thumb] run data modify entity @s {} merge value {transformation:[-0.3489722558335966f,-0.9651373213779753f,-0.22187454910772839f,-2.781069164427663f,0.08422150986144451f,0.20547098429657562f,-1.0262496830152275f,1.3882632038784113f,0.986724430596035f,-0.35887550138668306f,0.009125380506435996f,4.299410244533048f,0f,0f,0f,1f],start_interpolation:0}
execute if entity @s[tag=aj.beast.bone.right_fingers_2] run data modify entity @s {} merge value {transformation:[0.8254555170057262f,-0.5234230182878855f,-0.21130909438831275f,-1.3220591053303379f,-0.1736872671124325f,0.12066398505521256f,-0.9773806504906928f,0.7324235086022752f,0.5370809275033169f,0.843485949282497f,0.008690838577558091f,4.851378419051197f,0f,0f,0f,1f],start_interpolation:0}
execute if entity @s[tag=aj.beast.bone.right_fingers] run data modify entity @s {} merge value {transformation:[0.0020664298293374683f,-0.9774171046674759f,-0.21130909438831275f,-2.155992638326107f,0.008444872218919985f,0.21131906724097604f,-0.9773806504906928f,0.9165025479459491f,0.9999622062863007f,0.00023521022998646002f,0.008690838577558091f,5.299125957256294f,0f,0f,0f,1f],start_interpolation:0}
execute if entity @s[tag=aj.beast.locator_origin.consume] at @s on origin run tp @s ^-1.64761 ^1.7811 ^4.46905 ~-92.35517 ~-77.79045
execute if entity @s[tag=aj.beast.bone.right_hand] run data modify entity @s {} merge value {transformation:[-0.7241609300235693f,-0.7272294217684275f,-0.22187454910772839f,-3.2517598754228336f,0.1631664004449805f,0.15062640497925084f,-1.0262496830152275f,1.2087728528135648f,0.742608694531129f,-0.7422594251590107f,0.009125380506435996f,4.3118803923892965f,0f,0f,0f,1f],start_interpolation:0}
execute if entity @s[tag=aj.beast.bone.right_forearm] run data modify entity @s {} merge value {transformation:[-3.7022585391108622f,-1.9372330861343199f,-0.9033463785100369f,-6.047444657909804f,0.8179858099759562f,0.38511591052666966f,-4.178302280847711f,2.4091139107975206f,1.9747926281659756f,-3.7913636999694065f,0.03715333491906084f,-1.3047807714151154f,0f,0f,0f,1f],start_interpolation:0}
execute if entity @s[tag=aj.beast.bone.right_bicep] run data modify entity @s {} merge value {transformation:[-3.1176914013565162f,0.46587412386431715f,-1.7386666231975874f,-4.537377317467021f,0.6888301557692263f,3.5214308687670877f,-0.29161216195011747f,6.655238316331525f,1.66298326582398f,-0.5852229807585593f,-3.1387896903713512f,-1.2067248075101098f,0f,0f,0f,1f],start_interpolation:0}
execute if entity @s[tag=aj.beast.bone.right_arm] run data modify entity @s {} merge value {transformation:[-1.039230467118839f,0.15529137462143908f,-0.5795555410658625f,-4.1375f,0.22961005192307551f,1.1738102895890294f,-0.09720405398337251f,7.933270000000002f,0.55432775527466f,-0.1950743269195198f,-1.046263230123784f,-1.5276256250000004f,0f,0f,0f,1f],start_interpolation:0}
execute if entity @s[tag=aj.beast.bone.left_thumb] run data modify entity @s {} merge value {transformation:[-0.9700735091368511f,-0.1374297145051602f,0.3775850373650231f,6.450988832798565f,0f,0.9866772518252039f,0.35912115049195215f,-3.221027043213742f,-0.40181760398334426f,0.3317846806314202f,-0.9115709181557905f,-6.2957174185546485f,0f,0f,0f,1f],start_interpolation:0}
execute if entity @s[tag=aj.beast.bone.left_fingers_2] run data modify entity @s {} merge value {transformation:[-0.9238795325112867f,-0.13088544238586686f,0.3596047974904982f,6.615882061805728f,0f,0.9396926207859084f,0.3420201433256687f,-5.04269816910548f,-0.3826834323650898f,0.31598541012516207f,-0.8681627791959909f,-7.333831289526752f,0f,0f,0f,1f],start_interpolation:0}
execute if entity @s[tag=aj.beast.bone.left_fingers] run data modify entity @s {} merge value {transformation:[-0.9238795325112867f,-0.13088544238586686f,0.3596047974904982f,6.917654998507734f,0f,0.9396926207859084f,0.3420201433256687f,-4.240035149518474f,-0.3826834323650898f,0.31598541012516207f,-0.8681627791959909f,-6.892840065338633f,0f,0f,0f,1f],start_interpolation:0}
execute if entity @s[tag=aj.beast.bone.left_hand] run data modify entity @s {} merge value {transformation:[-0.9700735091368511f,-0.1374297145051602f,0.3775850373650231f,6.794028513032871f,0f,0.9866772518252039f,0.35912115049195215f,-2.853111010244666f,-0.40181760398334426f,0.3317846806314202f,-0.9115709181557905f,-6.325442939561368f,0f,0f,0f,1f],start_interpolation:0}
execute if entity @s[tag=aj.beast.bone.left_forearm] run data modify entity @s {} merge value {transformation:[-3.9495850014857505f,-0.5595352661995807f,1.5373105092718795f,5.787055615155588f,0f,4.017185953859758f,1.4621361127172336f,2.903909995151436f,-1.6359716733607585f,1.3508376282850676f,-3.711395881062861f,-3.7474069790153006f,0f,0f,0f,1f],start_interpolation:0}
execute if entity @s[tag=aj.beast.bone.left_bicep] run data modify entity @s {} merge value {transformation:[-3.3259663170406326f,-0.47118759258912074f,1.2945772709657937f,4.3875f,0f,3.382893434829271f,1.2312725159724076f,6.579216875000002f,-1.3776603565143235f,1.1375474764505835f,-3.1253860051055677f,-1.5444874999999996f,0f,0f,0f,1f],start_interpolation:0}
execute if entity @s[tag=aj.beast.bone.left_arm] run data modify entity @s {} merge value {transformation:[-1.2000000000000004f,0f,1.4695761589768243e-16f,4.1375f,0f,1.2000000000000004f,0f,7.933270000000002f,-1.4695761589768243e-16f,0f,-1.2000000000000004f,-1.5276256249999995f,0f,0f,0f,1f],start_interpolation:0}
execute if entity @s[tag=aj.beast.bone.chest] run data modify entity @s {} merge value {transformation:[-6.061547916666667f,0f,7.423255254024141e-16f,-1.447364127657288e-17f,0f,6.061547916666667f,0f,8.791906875000002f,-7.423255254024141e-16f,0f,-6.061547916666667f,0.11818624999999994f,0f,0f,0f,1f],start_interpolation:0}
execute if entity @s[tag=aj.beast.bone.waist] run data modify entity @s {} merge value {transformation:[-5.023832916666667f,0f,6.152420900846945e-16f,0.000001250000000293854f,0f,5.023832916666667f,0f,3.4145225000000003f,-6.152420900846945e-16f,0f,-5.023832916666667f,-2.3995f,0f,0f,0f,1f],start_interpolation:0}
execute if entity @s[tag=aj.beast.bone.hip] run data modify entity @s {} merge value {transformation:[-4.393932083333333f,0f,5.381014861525027e-16f,1.1611159502288358e-16f,0f,4.393932083333333f,0f,0.16303875000000012f,-5.381014861525027e-16f,0f,-4.393932083333333f,-0.948123125f,0f,0f,0f,1f],start_interpolation:0}
execute if entity @s[tag=aj.beast.bone.right_foot] run data modify entity @s {} merge value {transformation:[-2.04f,0f,2.4982794702606004e-16f,-2.025f,0f,2.04f,0f,-8.12442f,-2.4982794702606004e-16f,0f,-2.04f,-1.7383325000000005f,0f,0f,0f,1f],start_interpolation:0}
execute if entity @s[tag=aj.beast.bone.right_knee] run data modify entity @s {} merge value {transformation:[-2.85f,0f,3.4902433775699566e-16f,-2.019375f,0f,2.85f,0f,-4.445546875f,-3.4902433775699566e-16f,0f,-2.85f,-0.3808781250000004f,0f,0f,0f,1f],start_interpolation:0}
execute if entity @s[tag=aj.beast.bone.right_thigh] run data modify entity @s {} merge value {transformation:[-3.8250000000000006f,0f,4.684274006738627e-16f,-1.6874999999999998f,0f,3.8250000000000006f,0f,-0.8394962499999994f,-4.684274006738627e-16f,0f,-3.8250000000000006f,-2.2497187500000004f,0f,0f,0f,1f],start_interpolation:0}
execute if entity @s[tag=aj.beast.bone.left_foot] run data modify entity @s {} merge value {transformation:[-2.04f,0f,2.4982794702606004e-16f,2.025f,0f,2.04f,0f,-8.12442f,-2.4982794702606004e-16f,0f,-2.04f,-1.6758324999999996f,0f,0f,0f,1f],start_interpolation:0}
execute if entity @s[tag=aj.beast.bone.left_knee] run data modify entity @s {} merge value {transformation:[-2.85f,0f,3.4902433775699566e-16f,2.019375f,0f,2.85f,0f,-4.445546875f,-3.4902433775699566e-16f,0f,-2.85f,-0.3808781249999995f,0f,0f,0f,1f],start_interpolation:0}
execute if entity @s[tag=aj.beast.bone.left_thigh] run data modify entity @s {} merge value {transformation:[-3.8250000000000006f,0f,4.684274006738627e-16f,1.6875000000000002f,0f,3.8250000000000006f,0f,-0.8394962499999994f,-4.684274006738627e-16f,0f,-3.8250000000000006f,-2.2497187499999995f,0f,0f,0f,1f],start_interpolation:0}