execute if entity @s[tag=aj.beast.bone.right_thumb] run data modify entity @s {} merge value {transformation:[-1.0482767162612405f,0.05602037273138651f,-0.02185506768665849f,-5.318684657368785f,0.05698053256972822f,1.0473314697857474f,-0.04847691517101435f,-13.89599676665297f,0.019213147910273336f,-0.04958336652007509f,-1.0486526330067147f,-1.009233302364075f,0f,0f,0f,1f],start_interpolation:0}
execute if entity @s[tag=aj.beast.bone.right_fingers_2] run data modify entity @s {} merge value {transformation:[-0.7580725154542877f,-0.6518380352046708f,-0.020814350177769975f,-5.920788528707078f,-0.6505549541153652f,0.7580545640968505f,-0.046168490639061255f,-15.734439676454897f,0.04587279137749955f,-0.02145818520864059f,-0.9987167933397276f,-1.249631247515344f,0f,0f,0f,1f],start_interpolation:0}
execute if entity @s[tag=aj.beast.bone.right_fingers] run data modify entity @s {} merge value {transformation:[-0.9739268588944953f,0.22590537034470587f,-0.020814350177769975f,-6.163738045037984f,0.22664959179710048f,0.9728815102623333f,-0.046168490639061255f,-14.802065334953712f,0.00982018646000472f,-0.0496822970393143f,-0.9987167933397276f,-1.287863537193363f,0f,0f,0f,1f],start_interpolation:0}
execute if entity @s[tag=aj.beast.locator_origin.right_hand] at @s on origin run tp @s ^-5.27654 ^-14.90548 ^-0.34066 ~-1.19393 ~-2.6462
execute if entity @s[tag=aj.beast.bone.right_hand] run data modify entity @s {} merge value {transformation:[-0.8735251790348127f,0.5822165555947452f,-0.021855067686658465f,-5.4170069338232425f,0.5825612676152049f,0.8722226540110426f,-0.0484769151710143f,-13.497074066271828f,-0.008725311843312713f,-0.052454973275401495f,-1.0486526330067136f,-1.300978816817183f,0f,0f,0f,1f],start_interpolation:0}
execute if entity @s[tag=aj.beast.bone.right_forearm] run data modify entity @s {} merge value {transformation:[-4.261992505539924f,0.32113424390092205f,-0.08898134700996665f,-4.98247080875689f,0.3249585811492945f,4.258059638639331f,-0.19737029748198687f,-7.132592078300741f,0.07380246106304603f,-0.20353356279708182f,-4.269514291527336f,-0.9721900270084167f,0f,0f,0f,1f],start_interpolation:0}
execute if entity @s[tag=aj.beast.bone.right_bicep] run data modify entity @s {} merge value {transformation:[-3.5890463204546728f,0.2270615501136886f,-0.1648925774276866f,-4.2010276827801025f,0.2736493314941427f,3.300450954656821f,-1.411431733835431f,-2.656635763324244f,0.06214944089519666f,-1.4196712817990125f,-3.3076684989024474f,-1.619128710278652f,0f,0f,0f,1f],start_interpolation:0}
execute if entity @s[tag=aj.beast.bone.right_arm] run data modify entity @s {} merge value {transformation:[-1.1961774241539116f,-0.05679219464858132f,-0.07703386639336905f,-4.014824647092728f,-0.05472060189702758f,1.1982774721338627f,-0.03371580496603169f,-1.2926524150550143f,0.07851895104075704f,-0.03009562100170256f,-1.197050135927473f,-1.6526256250000004f,0f,0f,0f,1f],start_interpolation:0}
execute if entity @s[tag=aj.beast.bone.left_thumb] run data modify entity @s {} merge value {transformation:[-0.9638812208099626f,-0.24785861871875917f,0.33466266193993954f,7.764978246468383f,-0.10943310878788716f,0.9648756556288155f,0.3994237898221429f,-10.854114484935701f,-0.40181760398334454f,0.33178468063142036f,-0.911570918155791f,-6.420717418554648f,0f,0f,0f,1f],start_interpolation:0}
execute if entity @s[tag=aj.beast.bone.left_fingers_2] run data modify entity @s {} merge value {transformation:[-0.9179821150571067f,-0.23605582735119904f,0.3187263447047041f,8.134319969543554f,-0.10422200836941627f,0.9189291958369665f,0.3804036093544215f,-12.645555848607966f,-0.3826834323650898f,0.315985410125162f,-0.8681627791959909f,-7.458831289526751f,0f,0f,0f,1f],start_interpolation:0}
execute if entity @s[tag=aj.beast.bone.left_fingers] run data modify entity @s {} merge value {transformation:[-0.9179821150571067f,-0.23605582735119904f,0.3187263447047041f,8.343618909449578f,-0.10422200836941627f,0.9189291958369665f,0.3804036093544215f,-11.813973752785493f,-0.3826834323650898f,0.315985410125162f,-0.8681627791959909f,-7.017840065338632f,0f,0f,0f,1f],start_interpolation:0}
execute if entity @s[tag=aj.beast.bone.left_hand] run data modify entity @s {} merge value {transformation:[-0.9638812208099616f,-0.2478586187187589f,0.3346626619399392f,8.06432392262046f,-0.10943310878788703f,0.9648756556288145f,0.39942378982214244f,-10.449848983439454f,-0.4018176039833441f,0.33178468063141997f,-0.9115709181557902f,-6.450442939561367f,0f,0f,0f,1f],start_interpolation:0}
execute if entity @s[tag=aj.beast.bone.left_forearm] run data modify entity @s {} merge value {transformation:[-3.9243735418691315f,-1.009138661926376f,1.3625551236126103f,6.414334558896519f,-0.44554908577925456f,3.928422312203032f,1.6262254299901522f,-4.843172572834933f,-1.635971673360759f,1.3508376282850678f,-3.711395881062862f,-3.8724069790153006f,0f,0f,0f,1f],start_interpolation:0}
execute if entity @s[tag=aj.beast.bone.left_bicep] run data modify entity @s {} merge value {transformation:[-3.3047356142055846f,-0.8498009784643167f,1.147414840936935f,4.6091047324505565f,-0.37519923012989864f,3.30814510501308f,1.3694529936759177f,-1.349208941844247f,-1.3776603565143235f,1.1375474764505835f,-3.1253860051055677f,-1.6694874999999996f,0f,0f,0f,1f],start_interpolation:0}
execute if entity @s[tag=aj.beast.bone.left_arm] run data modify entity @s {} merge value {transformation:[-1.192340017614873f,-0.13537090674943775f,1.469576158976824e-16f,4.207951062682325f,-0.13537090674943775f,1.192340017614873f,0f,-0.03200144165540186f,-1.460195386067353e-16f,-1.6578154764837377e-17f,-1.2000000000000002f,-1.6526256249999995f,0f,0f,0f,1f],start_interpolation:0}
execute if entity @s[tag=aj.beast.bone.chest] run data modify entity @s {} merge value {transformation:[-6.0228551247764415f,-0.6837976981536099f,7.423255254024141e-16f,8.344437127690384e-19f,-0.6837976981536099f,6.0228551247764415f,0f,0.3544068749999987f,-7.375870250285701e-16f,-8.374106623081464e-17f,-6.061547916666667f,-0.006813750000000063f,0f,0f,0f,1f],start_interpolation:0}
execute if entity @s[tag=aj.beast.bone.waist] run data modify entity @s {} merge value {transformation:[-5.023832916666667f,0f,6.152420900846945e-16f,0.3238648863636367f,0f,5.023832916666667f,0f,-4.753091136363636f,-6.152420900846945e-16f,0f,-5.023832916666667f,-2.5245f,0f,0f,0f,1f],start_interpolation:0}
execute if entity @s[tag=aj.beast.bone.hip] run data modify entity @s {} merge value {transformation:[-4.3814589849320695f,0.3308418297374724f,5.381014861525027e-16f,1.314196800122255e-16f,0.3308418297374724f,4.3814589849320695f,0f,-8.27446125f,-5.36573972149247e-16f,4.051643878120492e-17f,-4.393932083333333f,-1.073123125f,0f,0f,0f,1f],start_interpolation:0}
execute if entity @s[tag=aj.beast.bone.right_foot] run data modify entity @s {} merge value {transformation:[-2.04f,-9.412099847270686e-18f,2.496505868042791e-16f,-2.025f,0f,2.0385517438831795f,0.0768556277109756f,-15.681024390269457f,-2.4982794702606004e-16f,0.0768556277109756f,-2.0385517438831795f,-0.9077421462936595f,0f,0f,0f,1f],start_interpolation:0}
execute if entity @s[tag=aj.beast.bone.right_knee] run data modify entity @s {} merge value {transformation:[-2.85f,-1.3149257139569341e-17f,3.4877655509421346e-16f,-2.019375f,0f,2.8479767010132653f,0.10737183283151001f,-12.05590418614491f,-3.4902433775699566e-16f,0.10737183283151001f,-2.8479767010132653f,0.5873476020833088f,0f,0f,0f,1f],start_interpolation:0}
execute if entity @s[tag=aj.beast.bone.right_thigh] run data modify entity @s {} merge value {transformation:[-3.8249999999999997f,1.558387147044465e-16f,4.4174486380866676e-16f,-1.6874999999999998f,0f,3.6071205519520135f,-1.2725196751663215f,-9.27699625f,-4.684274006738626e-16f,-1.2725196751663215f,-3.6071205519520135f,-2.3747187500000004f,0f,0f,0f,1f],start_interpolation:0}
execute if entity @s[tag=aj.beast.bone.left_foot] run data modify entity @s {} merge value {transformation:[-2.04f,-9.412099847270686e-18f,2.496505868042791e-16f,2.025f,0f,2.0385517438831795f,0.0768556277109756f,-15.68337903572629f,-2.4982794702606004e-16f,0.0768556277109756f,-2.0385517438831795f,-0.8452865168854728f,0f,0f,0f,1f],start_interpolation:0}
execute if entity @s[tag=aj.beast.bone.left_knee] run data modify entity @s {} merge value {transformation:[-2.85f,-1.3149257139569341e-17f,3.4877655509421346e-16f,2.019375f,0f,2.8479767010132653f,0.10737183283151001f,-12.05590418614491f,-3.4902433775699566e-16f,0.10737183283151001f,-2.8479767010132653f,0.5873476020833097f,0f,0f,0f,1f],start_interpolation:0}
execute if entity @s[tag=aj.beast.bone.left_thigh] run data modify entity @s {} merge value {transformation:[-3.8249999999999997f,1.558387147044465e-16f,4.4174486380866676e-16f,1.6875000000000002f,0f,3.6071205519520135f,-1.2725196751663215f,-9.27699625f,-4.684274006738626e-16f,-1.2725196751663215f,-3.6071205519520135f,-2.3747187499999995f,0f,0f,0f,1f],start_interpolation:0}