execute if entity @s[tag=aj.beast.bone.right_thumb] run data modify entity @s {} merge value {transformation:[-0.5371407053852555f,-0.848051485538648f,-0.30787747643165425f,-3.3393806299025792f,0.012182237133190983f,0.3514610603003238f,-0.9893567183736128f,-8.383585118906616f,0.9021260752891814f,-0.5096899066768595f,-0.16995512147350375f,4.097019847856941f,0f,0f,0f,1f],start_interpolation:0}
execute if entity @s[tag=aj.beast.bone.right_fingers_2] run data modify entity @s {} merge value {transformation:[0.667337362311118f,-0.6846056123167821f,-0.2932166442206229f,-2.0875489409346932f,-0.3229508135399374f,0.08875858350808408f,-0.9422444936891544f,-9.265353204029552f,0.6710913625561963f,0.7234895088651956f,-0.16186202045095585f,4.877210504058359f,0f,0f,0f,1f],start_interpolation:0}
execute if entity @s[tag=aj.beast.bone.right_fingers] run data modify entity @s {} merge value {transformation:[-0.24738650846515664f,-0.9234846587688479f,-0.2932166442206229f,-2.9870799628935574f,-0.08875993486819737f,0.3229504421341799f,-0.9422444936891544f,-9.029427537551653f,0.9648427796235053f,-0.20707268517098548f,-0.16186202045095585f,5.132144041632012f,0f,0f,0f,1f],start_interpolation:0}
execute if entity @s[tag=aj.beast.locator_origin.right_hand] at @s on origin run tp @s ^-2.23865 ^-8.14246 ^4.54209 ~-61.10034 ~-70.43197
execute if entity @s[tag=aj.beast.bone.right_hand] run data modify entity @s {} merge value {transformation:[-0.8493619860303758f,-0.535066048439453f,-0.3078774764316539f,-3.8156931023440297f,0.16198301135776544f,0.31214545942631766f,-0.9893567183736117f,-8.50892643563471f,0.5956892820237784f,-0.8478027694970812f,-0.16995512147350358f,3.9905397133357137f,0f,0f,0f,1f],start_interpolation:0}
execute if entity @s[tag=aj.beast.bone.right_forearm] run data modify entity @s {} merge value {transformation:[-3.759630719118631f,-1.602977452328007f,-1.2535011540431629f,-6.06344329084007f,0.8525555730499881f,1.1503142917646885f,-4.028095210521135f,-6.192581039224223f,1.8476879743941976f,-3.792474827535434f,-0.6919601374278364f,-1.5217844591113274f,0f,0f,0f,1f],start_interpolation:0}
execute if entity @s[tag=aj.beast.bone.right_bicep] run data modify entity @s {} merge value {transformation:[-3.1660048160998997f,0.5159959026402005f,-1.6340629525482688f,-4.512511874330293f,0.7179415351999899f,3.5165080548076357f,-0.28059054244164994f,-1.9371613173994535f,1.5559477679109033f,-0.5726424093023f,-3.1954823132981875f,-1.3706779946449283f,0f,0f,0f,1f],start_interpolation:0}
execute if entity @s[tag=aj.beast.bone.right_arm] run data modify entity @s {} merge value {transformation:[-1.0813372543227522f,0.1318702879123836f,-0.5033090199664981f,-4.131361521993504f,0.19219006483385f,1.179956688904109f,-0.10375543980732826f,-0.64430628654662f,0.4835004874794775f,-0.17410467965094062f,-1.0843960711523954f,-1.6526256250000004f,0f,0f,0f,1f],start_interpolation:0}
execute if entity @s[tag=aj.beast.bone.left_thumb] run data modify entity @s {} merge value {transformation:[-0.9699189703396381f,-0.15501903359766797f,0.37111492855683226f,6.664380131984155f,-0.017314852132827276f,0.9840670835470278f,0.36580345949002024f,-11.541469540829013f,-0.40181760398334454f,0.3317846806314204f,-0.911570918155791f,-6.4207174185546485f,0f,0f,0f,1f],start_interpolation:0}
execute if entity @s[tag=aj.beast.bone.left_fingers_2] run data modify entity @s {} merge value {transformation:[-0.9237323527044167f,-0.14763717485492178f,0.35344278910174476f,6.861762119298117f,-0.016490335364597396f,0.9372067462352639f,0.34838424713335236f,-13.359907282123464f,-0.3826834323650898f,0.31598541012516207f,-0.8681627791959909f,-7.458831289526752f,0f,0f,0f,1f],start_interpolation:0}
execute if entity @s[tag=aj.beast.bone.left_fingers] run data modify entity @s {} merge value {transformation:[-0.9237323527044167f,-0.14763717485492178f,0.35344278910174476f,7.1491602411103585f,-0.016490335364597396f,0.9372067462352639f,0.34838424713335236f,-12.551985783512938f,-0.3826834323650898f,0.31598541012516207f,-0.8681627791959909f,-7.017840065338633f,0f,0f,0f,1f],start_interpolation:0}
execute if entity @s[tag=aj.beast.bone.left_hand] run data modify entity @s {} merge value {transformation:[-0.9699189703396371f,-0.1550190335976678f,0.37111492855683187f,7.000798226753817f,-0.017314852132827258f,0.9840670835470268f,0.36580345949001986f,-11.167489200379801f,-0.4018176039833441f,0.33178468063142f,-0.9115709181557902f,-6.450442939561368f,0f,0f,0f,1f],start_interpolation:0}
execute if entity @s[tag=aj.beast.bone.left_forearm] run data modify entity @s {} merge value {transformation:[-3.9489558078113816f,-0.6311489225047907f,1.510967923409959f,5.891228618301368f,-0.07049618368365387f,4.006558840155754f,1.4893426564950816f,-5.429358794260574f,-1.635971673360759f,1.350837628285068f,-3.711395881062862f,-3.8724069790153006f,0f,0f,0f,1f],start_interpolation:0}
execute if entity @s[tag=aj.beast.bone.left_bicep] run data modify entity @s {} merge value {transformation:[-3.3254364697359007f,-0.5314938294777185f,1.2723940407662813f,4.42629537049362f,-0.059365207312550634f,3.3739442864469504f,1.2541832896800686f,-1.7796180965611916f,-1.3776603565143235f,1.1375474764505835f,-3.1253860051055677f,-1.6694874999999996f,0f,0f,0f,1f],start_interpolation:0}
execute if entity @s[tag=aj.beast.bone.left_arm] run data modify entity @s {} merge value {transformation:[-1.199808832470004f,-0.021418812454615268f,1.469576158976824e-16f,4.152166688780736f,-0.021418812454615268f,1.199808832470004f,0f,-0.43024293331539465f,-1.4693420462731135e-16f,-2.623048011408205e-18f,-1.2000000000000002f,-1.6526256249999995f,0f,0f,0f,1f],start_interpolation:0}
execute if entity @s[tag=aj.beast.bone.chest] run data modify entity @s {} merge value {transformation:[-6.0605822740473485f,-0.10819263167645601f,7.423255254024141e-16f,8.344437127690384e-19f,-0.10819263167645601f,6.0605822740473485f,0f,0.3544068749999987f,-7.422072682881272e-16f,-1.324977600739004e-17f,-6.061547916666667f,-0.006813750000000063f,0f,0f,0f,1f],start_interpolation:0}
execute if entity @s[tag=aj.beast.bone.waist] run data modify entity @s {} merge value {transformation:[-5.023832916666667f,0f,6.152420900846945e-16f,0.05113761363636396f,0f,5.023832916666667f,0f,-4.980363863636363f,-6.152420900846945e-16f,0f,-5.023832916666667f,-2.5245f,0f,0f,0f,1f],start_interpolation:0}
execute if entity @s[tag=aj.beast.bone.hip] run data modify entity @s {} merge value {transformation:[-4.393620976098533f,0.052286435458712914f,5.381014861525027e-16f,1.314196800122255e-16f,0.052286435458712914f,4.393620976098533f,0f,-8.27446125f,-5.380633865045738e-16f,6.403241582333744e-18f,-4.393932083333333f,-1.073123125f,0f,0f,0f,1f],start_interpolation:0}
execute if entity @s[tag=aj.beast.bone.right_foot] run data modify entity @s {} merge value {transformation:[-2.04f,-1.4864640380326415e-18f,2.4982352479284157e-16f,-2.025f,0f,2.039963889725416f,0.01213789999751417f,-16.448580633815062f,-2.4982794702606004e-16f,0.01213789999751417f,-2.039963889725416f,-1.6948651971695468f,0f,0f,0f,1f],start_interpolation:0}
execute if entity @s[tag=aj.beast.bone.right_knee] run data modify entity @s {} merge value {transformation:[-2.85f,-2.076677700192661e-18f,3.4901815963705805e-16f,-2.019375f,0f,2.849949551822273f,0.016957360290644798f,-12.777849415959002f,-3.4902433775699566e-16f,0.016957360290644798f,-2.849949551822273f,-0.3155457358731857f,0f,0f,0f,1f],start_interpolation:0}
execute if entity @s[tag=aj.beast.bone.right_thigh] run data modify entity @s {} merge value {transformation:[-3.8249999999999997f,2.5072241823645854e-17f,4.677559325032746e-16f,-1.6874999999999998f,0f,3.8195170462940378f,-0.204730391171578f,-9.27699625f,-4.684274006738626e-16f,-0.204730391171578f,-3.8195170462940378f,-2.3747187500000004f,0f,0f,0f,1f],start_interpolation:0}
execute if entity @s[tag=aj.beast.bone.left_foot] run data modify entity @s {} merge value {transformation:[-2.04f,-1.4864640380326415e-18f,2.4982352479284157e-16f,2.025f,0f,2.039963889725416f,0.01213789999751417f,-16.44895250575126f,-2.4982794702606004e-16f,0.01213789999751417f,-2.039963889725416f,-1.6323663034892328f,0f,0f,0f,1f],start_interpolation:0}
execute if entity @s[tag=aj.beast.bone.left_knee] run data modify entity @s {} merge value {transformation:[-2.85f,-2.076677700192661e-18f,3.4901815963705805e-16f,2.019375f,0f,2.849949551822273f,0.016957360290644798f,-12.777849415959002f,-3.4902433775699566e-16f,0.016957360290644798f,-2.849949551822273f,-0.3155457358731848f,0f,0f,0f,1f],start_interpolation:0}
execute if entity @s[tag=aj.beast.bone.left_thigh] run data modify entity @s {} merge value {transformation:[-3.8249999999999997f,2.5072241823645854e-17f,4.677559325032746e-16f,1.6875000000000002f,0f,3.8195170462940378f,-0.204730391171578f,-9.27699625f,-4.684274006738626e-16f,-0.204730391171578f,-3.8195170462940378f,-2.3747187499999995f,0f,0f,0f,1f],start_interpolation:0}