execute if entity @s[tag=aj.beast.bone.right_thumb] run data modify entity @s {} merge value {transformation:[-0.3489722558335968f,-0.9651373213779759f,-0.22187454910772852f,-2.7810691644276626f,0.08422150986144457f,0.20547098429657576f,-1.0262496830152281f,-7.049236796121592f,0.9867244305960357f,-0.3588755013866833f,0.009125380506436001f,4.174410244533048f,0f,0f,0f,1f],start_interpolation:0}
execute if entity @s[tag=aj.beast.bone.right_fingers_2] run data modify entity @s {} merge value {transformation:[0.8254555170057262f,-0.5234230182878855f,-0.21130909438831275f,-1.3220591053303388f,-0.1736872671124325f,0.12066398505521256f,-0.9773806504906928f,-7.705076491397728f,0.5370809275033169f,0.843485949282497f,0.008690838577558091f,4.726378419051198f,0f,0f,0f,1f],start_interpolation:0}
execute if entity @s[tag=aj.beast.bone.right_fingers] run data modify entity @s {} merge value {transformation:[0.0020664298293374683f,-0.9774171046674759f,-0.21130909438831275f,-2.155992638326106f,0.008444872218919985f,0.21131906724097604f,-0.9773806504906928f,-7.520997452054054f,0.9999622062863007f,0.00023521022998646002f,0.008690838577558091f,5.174125957256295f,0f,0f,0f,1f],start_interpolation:0}
execute if entity @s[tag=aj.beast.locator_origin.right_hand] at @s on origin run tp @s ^-1.64761 ^-6.6564 ^4.34405 ~-92.35517 ~-77.79045
execute if entity @s[tag=aj.beast.bone.right_hand] run data modify entity @s {} merge value {transformation:[-0.724160930023569f,-0.7272294217684273f,-0.2218745491077283f,-3.2517598754228336f,0.16316640044498043f,0.15062640497925078f,-1.026249683015227f,-7.228727147186438f,0.7426086945311287f,-0.7422594251590103f,0.009125380506435993f,4.1868803923892965f,0f,0f,0f,1f],start_interpolation:0}
execute if entity @s[tag=aj.beast.bone.right_forearm] run data modify entity @s {} merge value {transformation:[-3.7022585391108627f,-1.93723308613432f,-0.9033463785100371f,-6.047444657909804f,0.8179858099759563f,0.3851159105266697f,-4.178302280847712f,-6.028386089202483f,1.974792628165976f,-3.791363699969407f,0.037153334919060844f,-1.4297807714151154f,0f,0f,0f,1f],start_interpolation:0}
execute if entity @s[tag=aj.beast.bone.right_bicep] run data modify entity @s {} merge value {transformation:[-3.1176914013565162f,0.46587412386431715f,-1.7386666231975874f,-4.537377317467021f,0.6888301557692263f,3.5214308687670877f,-0.29161216195011747f,-1.782261683668478f,1.66298326582398f,-0.5852229807585593f,-3.1387896903713512f,-1.3317248075101098f,0f,0f,0f,1f],start_interpolation:0}
execute if entity @s[tag=aj.beast.bone.right_arm] run data modify entity @s {} merge value {transformation:[-1.0392304671188388f,0.15529137462143905f,-0.5795555410658624f,-4.1375f,0.22961005192307546f,1.1738102895890292f,-0.09720405398337248f,-0.5042300000000013f,0.5543277552746599f,-0.19507432691951979f,-1.0462632301237837f,-1.6526256250000004f,0f,0f,0f,1f],start_interpolation:0}
execute if entity @s[tag=aj.beast.bone.left_thumb] run data modify entity @s {} merge value {transformation:[-0.9700735091368518f,-0.13742971450516028f,0.37758503736502336f,6.450988832798565f,0f,0.9866772518252045f,0.35912115049195237f,-11.658527043213745f,-0.40181760398334454f,0.3317846806314204f,-0.911570918155791f,-6.4207174185546485f,0f,0f,0f,1f],start_interpolation:0}
execute if entity @s[tag=aj.beast.bone.left_fingers_2] run data modify entity @s {} merge value {transformation:[-0.9238795325112867f,-0.13088544238586686f,0.3596047974904982f,6.615882061805729f,0f,0.9396926207859084f,0.3420201433256687f,-13.480198169105483f,-0.3826834323650898f,0.31598541012516207f,-0.8681627791959909f,-7.458831289526752f,0f,0f,0f,1f],start_interpolation:0}
execute if entity @s[tag=aj.beast.bone.left_fingers] run data modify entity @s {} merge value {transformation:[-0.9238795325112867f,-0.13088544238586686f,0.3596047974904982f,6.917654998507735f,0f,0.9396926207859084f,0.3420201433256687f,-12.677535149518478f,-0.3826834323650898f,0.31598541012516207f,-0.8681627791959909f,-7.017840065338633f,0f,0f,0f,1f],start_interpolation:0}
execute if entity @s[tag=aj.beast.bone.left_hand] run data modify entity @s {} merge value {transformation:[-0.9700735091368508f,-0.13742971450516014f,0.3775850373650229f,6.794028513032871f,0f,0.9866772518252035f,0.35912115049195203f,-11.29061101024467f,-0.4018176039833441f,0.33178468063142f,-0.9115709181557902f,-6.450442939561368f,0f,0f,0f,1f],start_interpolation:0}
execute if entity @s[tag=aj.beast.bone.left_forearm] run data modify entity @s {} merge value {transformation:[-3.949585001485751f,-0.5595352661995808f,1.5373105092718797f,5.787055615155588f,0f,4.017185953859759f,1.4621361127172339f,-5.533590004848567f,-1.635971673360759f,1.350837628285068f,-3.711395881062862f,-3.8724069790153006f,0f,0f,0f,1f],start_interpolation:0}
execute if entity @s[tag=aj.beast.bone.left_bicep] run data modify entity @s {} merge value {transformation:[-3.3259663170406326f,-0.47118759258912074f,1.2945772709657937f,4.3875f,0f,3.382893434829271f,1.2312725159724076f,-1.8582831250000014f,-1.3776603565143235f,1.1375474764505835f,-3.1253860051055677f,-1.6694874999999996f,0f,0f,0f,1f],start_interpolation:0}
execute if entity @s[tag=aj.beast.bone.left_arm] run data modify entity @s {} merge value {transformation:[-1.2000000000000002f,0f,1.469576158976824e-16f,4.1375f,0f,1.2000000000000002f,0f,-0.5042300000000013f,-1.469576158976824e-16f,0f,-1.2000000000000002f,-1.6526256249999995f,0f,0f,0f,1f],start_interpolation:0}
execute if entity @s[tag=aj.beast.bone.chest] run data modify entity @s {} merge value {transformation:[-6.061547916666667f,0f,7.423255254024141e-16f,8.344437127690384e-19f,0f,6.061547916666667f,0f,0.3544068749999987f,-7.423255254024141e-16f,0f,-6.061547916666667f,-0.006813750000000063f,0f,0f,0f,1f],start_interpolation:0}
execute if entity @s[tag=aj.beast.bone.waist] run data modify entity @s {} merge value {transformation:[-5.023832916666667f,0f,6.152420900846945e-16f,0.000001250000000309162f,0f,5.023832916666667f,0f,-5.0229775f,-6.152420900846945e-16f,0f,-5.023832916666667f,-2.5245f,0f,0f,0f,1f],start_interpolation:0}
execute if entity @s[tag=aj.beast.bone.hip] run data modify entity @s {} merge value {transformation:[-4.393932083333333f,0f,5.381014861525027e-16f,1.314196800122255e-16f,0f,4.393932083333333f,0f,-8.27446125f,-5.381014861525027e-16f,0f,-4.393932083333333f,-1.073123125f,0f,0f,0f,1f],start_interpolation:0}
execute if entity @s[tag=aj.beast.bone.right_foot] run data modify entity @s {} merge value {transformation:[-2.04f,0f,2.4982794702606004e-16f,-2.025f,0f,2.04f,0f,-16.56192f,-2.4982794702606004e-16f,0f,-2.04f,-1.8633325000000005f,0f,0f,0f,1f],start_interpolation:0}
execute if entity @s[tag=aj.beast.bone.right_knee] run data modify entity @s {} merge value {transformation:[-2.85f,0f,3.4902433775699566e-16f,-2.019375f,0f,2.85f,0f,-12.883046875f,-3.4902433775699566e-16f,0f,-2.85f,-0.5058781250000004f,0f,0f,0f,1f],start_interpolation:0}
execute if entity @s[tag=aj.beast.bone.right_thigh] run data modify entity @s {} merge value {transformation:[-3.8249999999999997f,0f,4.684274006738626e-16f,-1.6874999999999998f,0f,3.8249999999999997f,0f,-9.27699625f,-4.684274006738626e-16f,0f,-3.8249999999999997f,-2.3747187500000004f,0f,0f,0f,1f],start_interpolation:0}
execute if entity @s[tag=aj.beast.bone.left_foot] run data modify entity @s {} merge value {transformation:[-2.04f,0f,2.4982794702606004e-16f,2.025f,0f,2.04f,0f,-16.56192f,-2.4982794702606004e-16f,0f,-2.04f,-1.8008324999999996f,0f,0f,0f,1f],start_interpolation:0}
execute if entity @s[tag=aj.beast.bone.left_knee] run data modify entity @s {} merge value {transformation:[-2.85f,0f,3.4902433775699566e-16f,2.019375f,0f,2.85f,0f,-12.883046875f,-3.4902433775699566e-16f,0f,-2.85f,-0.5058781249999995f,0f,0f,0f,1f],start_interpolation:0}
execute if entity @s[tag=aj.beast.bone.left_thigh] run data modify entity @s {} merge value {transformation:[-3.8249999999999997f,0f,4.684274006738626e-16f,1.6875000000000002f,0f,3.8249999999999997f,0f,-9.27699625f,-4.684274006738626e-16f,0f,-3.8249999999999997f,-2.3747187499999995f,0f,0f,0f,1f],start_interpolation:0}