execute if entity @s[tag=aj.beast.bone.right_thumb] run data modify entity @s {} merge value {transformation:[-1.0439709619301836f,0.10326794433386714f,-0.044275979036328295f,-5.494117761201431f,0.1052885146384334f,1.0435787043226985f,-0.04855735340184759f,-13.895613318972437f,0.039229572159284284f,-0.052718303815817276f,-1.0479417069240942f,-0.884463467767554f,0f,0f,0f,1f],start_interpolation:0}
execute if entity @s[tag=aj.beast.bone.right_fingers_2] run data modify entity @s {} merge value {transformation:[-0.6085551101123375f,-0.7923904161105192f,-0.04216759908221739f,-6.039979210387414f,-0.7910569835068839f,0.6099919997112704f,-0.04624509847795005f,-15.694249513123886f,0.062366070913199734f,0.0052142827353017125f,-0.998039720880089f,-1.1162220045197584f,0f,0f,0f,1f],start_interpolation:0}
execute if entity @s[tag=aj.beast.bone.right_fingers] run data modify entity @s {} merge value {transformation:[-0.9890217604125044f,0.1416257427807232f,-0.04216759908221739f,-6.361672470311938f,0.14353196862151374f,0.9885645982182437f,-0.04624509847795005f,-14.785680452098964f,0.03513589922263284f,-0.05178980721542524f,-0.998039720880089f,-1.1449238514401463f,0f,0f,0f,1f],start_interpolation:0}
execute if entity @s[tag=aj.beast.locator_origin.right_hand] at @s on origin run tp @s ^-5.45734 ^-14.90539 ^-0.21602 ~-2.41933 ~-2.65059
execute if entity @s[tag=aj.beast.bone.right_hand] run data modify entity @s {} merge value {transformation:[-0.86236114766024f,0.5973883901504005f,-0.044275979036328246f,-5.590852358925963f,0.5989640067515765f,0.861036759985719f,-0.04855735340184754f,-13.495043197470212f,0.008681567958039902f,-0.0651368502984849f,-1.047941706924093f,-1.174477314838419f,0f,0f,0f,1f],start_interpolation:0}
execute if entity @s[tag=aj.beast.bone.right_forearm] run data modify entity @s {} merge value {transformation:[-4.254786607328619f,0.37405871209565944f,-0.18026648607647938f,-5.064051853327933f,0.3823022510769915f,4.253279390103698f,-0.1976977959932365f,-7.136865803624494f,0.16205219812915192f,-0.21288379371021895f,-4.266619806762381f,-0.8588570632845154f,0f,0f,0f,1f],start_interpolation:0}
execute if entity @s[tag=aj.beast.bone.right_bicep] run data modify entity @s {} merge value {transformation:[-3.5829781956451527f,0.23744244960524094f,-0.256687227295927f,-4.237613814162966f,0.3219387377490455f,3.2714689527041183f,-1.4675988350464082f,-2.6559537240957978f,0.1364650089508648f,-1.483614496632628f,-3.2772344021619135f,-1.6024154688289347f,0f,0f,0f,1f],start_interpolation:0}
execute if entity @s[tag=aj.beast.bone.right_arm] run data modify entity @s {} merge value {transformation:[-1.1948227341354611f,-0.041712798163744076f,-0.10324086624206683f,-4.034309502988617f,-0.038084304485956365f,1.1986056319269542f,-0.043521544834804665f,-1.294928196992804f,0.10463374094852268f,-0.040057228839969664f,-1.1947582176627956f,-1.6526256250000004f,0f,0f,0f,1f],start_interpolation:0}
execute if entity @s[tag=aj.beast.bone.left_thumb] run data modify entity @s {} merge value {transformation:[-0.964515280670421f,-0.24211326849285802f,0.3370332900070345f,7.698150645054895f,-0.1036961256862793f,0.9663333228850246f,0.3974254931426063f,-10.900117321531056f,-0.40181760398334454f,0.33178468063142036f,-0.911570918155791f,-6.420717418554648f,0f,0f,0f,1f],start_interpolation:0}
execute if entity @s[tag=aj.beast.bone.left_fingers_2] run data modify entity @s {} merge value {transformation:[-0.9185859815908766f,-0.2305840652312932f,0.320984085720985f,8.056826842073843f,-0.09875821493931355f,0.9203174503666894f,0.37850046965962475f,-12.6937245398406f,-0.3826834323650898f,0.315985410125162f,-0.8681627791959909f,-7.458831289526751f,0f,0f,0f,1f],start_interpolation:0}
execute if entity @s[tag=aj.beast.bone.left_fingers] run data modify entity @s {} merge value {transformation:[-0.9185859815908766f,-0.2305840652312932f,0.320984085720985f,8.271069949860564f,-0.09875821493931355f,0.9203174503666894f,0.37850046965962475f,-11.863402482380865f,-0.3826834323650898f,0.315985410125162f,-0.8681627791959909f,-7.017840065338632f,0f,0f,0f,1f],start_interpolation:0}
execute if entity @s[tag=aj.beast.bone.left_hand] run data modify entity @s {} merge value {transformation:[-0.96451528067042f,-0.24211326849285777f,0.33703329000703414f,7.99989638237121f,-0.10369612568627919f,0.9663333228850235f,0.39742549314260583f,-10.49764006808387f,-0.4018176039833441f,0.33178468063141997f,-0.9115709181557902f,-6.450442939561367f,0f,0f,0f,1f],start_interpolation:0}
execute if entity @s[tag=aj.beast.bone.left_forearm] run data modify entity @s {} merge value {transformation:[-3.9269550713009975f,-0.9857468788637785f,1.3722069664572112f,6.3832956750979175f,-0.42219136886556546f,3.9343571003175977f,1.618089507794896f,-4.8812455460729005f,-1.635971673360759f,1.3508376282850678f,-3.711395881062862f,-3.8724069790153006f,0f,0f,0f,1f],start_interpolation:0}
execute if entity @s[tag=aj.beast.bone.left_bicep] run data modify entity @s {} merge value {transformation:[-3.3069095337271563f,-0.8301026348326557f,1.1555427085955463f,4.598886715560109f,-0.35552957378152883f,3.3131428213200826f,1.3626016907746492f,-1.3766027331607287f,-1.3776603565143235f,1.1375474764505835f,-3.1253860051055677f,-1.6694874999999996f,0f,0f,0f,1f],start_interpolation:0}
execute if entity @s[tag=aj.beast.bone.left_arm] run data modify entity @s {} merge value {transformation:[-1.193124362126277f,-0.12827414587813535f,1.469576158976824e-16f,4.205577466714639f,-0.12827414587813535f,1.193124362126277f,0f,-0.05703170434307603f,-1.4611559310626727e-16f,-1.570905221630191e-17f,-1.2000000000000002f,-1.6526256249999995f,0f,0f,0f,1f],start_interpolation:0}
execute if entity @s[tag=aj.beast.bone.chest] run data modify entity @s {} merge value {transformation:[-6.026817076308983f,-0.6479499014248394f,7.423255254024141e-16f,8.344437127690384e-19f,-0.6479499014248394f,6.026817076308983f,0f,0.3544068749999987f,-7.380722241548405e-16f,-7.935097727877727e-17f,-6.061547916666667f,-0.006813750000000063f,0f,0f,0f,1f],start_interpolation:0}
execute if entity @s[tag=aj.beast.bone.waist] run data modify entity @s {} merge value {transformation:[-5.023832916666667f,0f,6.152420900846945e-16f,0.30681943181818216f,0f,5.023832916666667f,0f,-4.767295681818181f,-6.152420900846945e-16f,0f,-5.023832916666667f,-2.5245f,0f,0f,0f,1f],start_interpolation:0}
execute if entity @s[tag=aj.beast.bone.hip] run data modify entity @s {} merge value {transformation:[-4.38273684797467f,0.3134595258579012f,5.381014861525027e-16f,1.314196800122255e-16f,0.3134595258579012f,4.38273684797467f,0f,-8.27446125f,-5.367304652377338e-16f,3.8387720500412575e-17f,-4.393932083333333f,-1.073123125f,0f,0f,0f,1f],start_interpolation:0}
execute if entity @s[tag=aj.beast.bone.right_foot] run data modify entity @s {} merge value {transformation:[-2.04f,-8.916942487561242e-18f,2.4966876306804863e-16f,-2.025f,0f,2.038700164340263f,0.07281236103151992f,-15.73640976844409f,-2.4982794702606004e-16f,0.07281236103151992f,-2.038700164340263f,-0.9506220378968422f,0f,0f,0f,1f],start_interpolation:0}
execute if entity @s[tag=aj.beast.bone.right_knee] run data modify entity @s {} merge value {transformation:[-2.85f,-1.2457493181151735e-17f,3.488019484038915e-16f,-2.019375f,0f,2.8481840531224267f,0.101723151441094f,-12.108331441734208f,-3.4902433775699566e-16f,0.101723151441094f,-2.8481840531224267f,0.5372749697323567f,0f,0f,0f,1f],start_interpolation:0}
execute if entity @s[tag=aj.beast.bone.right_thigh] run data modify entity @s {} merge value {transformation:[-3.8249999999999997f,1.4792917996038384e-16f,4.444560579161001e-16f,-1.6874999999999998f,0f,3.6292591319027476f,-1.2079334226274703f,-9.27699625f,-4.684274006738626e-16f,-1.2079334226274703f,-3.6292591319027476f,-2.3747187500000004f,0f,0f,0f,1f],start_interpolation:0}
execute if entity @s[tag=aj.beast.bone.left_foot] run data modify entity @s {} merge value {transformation:[-2.04f,-8.916942487561242e-18f,2.4966876306804863e-16f,2.025f,0f,2.038700164340263f,0.07281236103151992f,-15.738640539309028f,-2.4982794702606004e-16f,0.07281236103151992f,-2.038700164340263f,-0.8881618612932791f,0f,0f,0f,1f],start_interpolation:0}
execute if entity @s[tag=aj.beast.bone.left_knee] run data modify entity @s {} merge value {transformation:[-2.85f,-1.2457493181151735e-17f,3.488019484038915e-16f,2.019375f,0f,2.8481840531224267f,0.101723151441094f,-12.108331441734208f,-3.4902433775699566e-16f,0.101723151441094f,-2.8481840531224267f,0.5372749697323576f,0f,0f,0f,1f],start_interpolation:0}
execute if entity @s[tag=aj.beast.bone.left_thigh] run data modify entity @s {} merge value {transformation:[-3.8249999999999997f,1.4792917996038384e-16f,4.444560579161001e-16f,1.6875000000000002f,0f,3.6292591319027476f,-1.2079334226274703f,-9.27699625f,-4.684274006738626e-16f,-1.2079334226274703f,-3.6292591319027476f,-2.3747187499999995f,0f,0f,0f,1f],start_interpolation:0}