execute if entity @s[tag=aj.beast.bone.right_thumb] run data modify entity @s {} merge value {transformation:[-0.47606133467407413f,-0.8924844111112755f,-0.2816685668506521f,-3.1416449991381046f,0.03172406779771148f,0.30044513637752845f,-1.0055974858508032f,-2.5023875350653664f,0.9353390771002283f,-0.46443976568598166f,-0.10925435871783387f,4.277733827915458f,0f,0f,0f,1f],start_interpolation:0}
execute if entity @s[tag=aj.beast.bone.right_fingers_2] run data modify entity @s {} merge value {transformation:[0.7252334953053567f,-0.6340940110756486f,-0.2682557779530018f,-1.8105170854813255f,-0.2718632016511574f,0.09422490581825274f,-0.9577118912864786f,-3.305023146170878f,0.6325557500135125f,0.7674936170689217f,-0.10405177020746076f,4.989984229278341f,0f,0f,0f,1f],start_interpolation:0}
execute if entity @s[tag=aj.beast.bone.right_fingers] run data modify entity @s {} merge value {transformation:[-0.16464478627055662f,-0.9491738154567647f,-0.2682557779530018f,-2.694952484174862f,-0.060842319880625884f,0.2812225904866465f,-0.9577118912864786f,-3.0922456092032213f,0.9844746347496549f,-0.14136096579759017f,-0.10405177020746076f,5.309840186623204f,0f,0f,0f,1f],start_interpolation:0}
execute if entity @s[tag=aj.beast.locator_origin.consume] at @s on origin run tp @s ^-2.02264 ^-2.20513 ^4.63453 ~-68.79959 ~-73.27796
execute if entity @s[tag=aj.beast.bone.right_hand] run data modify entity @s {} merge value {transformation:[-0.8117470199004111f,-0.6035143694487326f,-0.28166856685065195f,-3.619145612941357f,0.15705227172839792f,0.2580858004530563f,-1.0055974858508026f,-2.6484219490149497f,0.64722589536247f,-0.819549953006773f,-0.1092543587178338f,4.209990563379442f,0f,0f,0f,1f],start_interpolation:0}
execute if entity @s[tag=aj.beast.bone.right_forearm] run data modify entity @s {} merge value {transformation:[-3.740974371417647f,-1.7220919062916893f,-1.1467934507490827f,-6.059511255508243f,0.8425440010587352f,0.8961700896510385f,-4.094218335249695f,-0.7003167895926481f,1.8896707011213016f,-3.8087929369682856f,-0.4448213176368947f,-1.3625363774178227f,0f,0f,0f,1f],start_interpolation:0}
execute if entity @s[tag=aj.beast.bone.right_bicep] run data modify entity @s {} merge value {transformation:[-3.150294207509598f,0.49953101871737315f,-1.669166009560061f,-4.521780110175267f,0.7095107377336719f,3.517755993922651f,-0.2863342107780463f,3.5520554035918526f,1.5913016430495175f,-0.5795356145746777f,-3.176774709082698f,-1.232327382253329f,0f,0f,0f,1f],start_interpolation:0}
execute if entity @s[tag=aj.beast.bone.right_arm] run data modify entity @s {} merge value {transformation:[-1.067951898673494f,0.1400591462697832f,-0.5290200163187201f,-4.133816969552376f,0.2051088227216303f,1.1779153146616863f,-0.10220509932096127f,4.8398938008682855f,0.5073550166909028f,-0.1813806688477033f,-1.072236886143605f,-1.5276256250000004f,0f,0f,0f,1f],start_interpolation:0}
execute if entity @s[tag=aj.beast.bone.left_thumb] run data modify entity @s {} merge value {transformation:[-0.9700048242138132f,-0.14916113868060524f,0.3732848720607843f,6.5934822834966f,-0.011543575313347258f,0.9849720201131672f,0.3635888687283667f,-6.143411705644529f,-0.40181760398334454f,0.3317846806314204f,-0.911570918155791f,-6.2957174185546485f,0f,0f,0f,1f],start_interpolation:0}
execute if entity @s[tag=aj.beast.bone.left_fingers_2] run data modify entity @s {} merge value {transformation:[-0.9238141182988691f,-0.14205822731486203f,0.35550940196265146f,6.780041161509928f,-0.010993881250806905f,0.9380685905839681f,0.3462751130746347f,-7.962991671712107f,-0.3826834323650898f,0.31598541012516207f,-0.8681627791959909f,-7.333831289526752f,0f,0f,0f,1f],start_interpolation:0}
execute if entity @s[tag=aj.beast.bone.left_fingers] run data modify entity @s {} merge value {transformation:[-0.9238141182988691f,-0.14205822731486203f,0.35550940196265146f,7.072241289366719f,-0.010993881250806905f,0.9380685905839681f,0.3462751130746347f,-7.156794478949222f,-0.3826834323650898f,0.31598541012516207f,-0.8681627791959909f,-6.892840065338633f,0f,0f,0f,1f],start_interpolation:0}
execute if entity @s[tag=aj.beast.bone.left_hand] run data modify entity @s {} merge value {transformation:[-0.9700048242138125f,-0.14916113868060515f,0.37328487206078403f,6.932119587983729f,-0.011543575313347251f,0.9849720201131665f,0.3635888687283665f,-5.7714396562367165f,-0.40181760398334426f,0.3317846806314202f,-0.9115709181557905f,-6.325442939561368f,0f,0f,0f,1f],start_interpolation:0}
execute if entity @s[tag=aj.beast.bone.left_forearm] run data modify entity @s {} merge value {transformation:[-3.949305355727665f,-0.6072989217710352f,1.5198026933903348f,5.8567112147790255f,-0.04699884234719951f,4.010243224746463f,1.4803261083940633f,-0.026808936645374537f,-1.6359716733607585f,1.3508376282850676f,-3.711395881062861f,-3.7474069790153006f,0f,0f,0f,1f],start_interpolation:0}
execute if entity @s[tag=aj.beast.bone.left_bicep] run data modify entity @s {} merge value {transformation:[-3.325730825875929f,-0.5114096183335034f,1.2798338470655455f,4.413519676161158f,-0.039577972502904867f,3.3770469261022855f,1.246590407068685f,3.631583437586446f,-1.3776603565143235f,1.1375474764505835f,-3.1253860051055677f,-1.5444874999999996f,0f,0f,0f,1f],start_interpolation:0}
execute if entity @s[tag=aj.beast.bone.left_arm] run data modify entity @s {} merge value {transformation:[-1.1999150354000292f,-0.014279629580177021f,1.469576158976824e-16f,4.147424562905417f,-0.014279629580177021f,1.1999150354000292f,0f,4.982565767605489f,-1.469472107351429e-16f,-1.7487502658373652e-18f,-1.2000000000000002f,-1.5276256249999995f,0f,0f,0f,1f],start_interpolation:0}
execute if entity @s[tag=aj.beast.bone.chest] run data modify entity @s {} merge value {transformation:[-6.06111873583838f,-0.07213054911041143f,7.423255254024141e-16f,-1.447364127657288e-17f,-0.07213054911041143f,6.06111873583838f,0f,5.791906874999999f,-7.422729659096525e-16f,-8.833444608880633e-18f,-6.061547916666667f,0.11818624999999994f,0f,0f,0f,1f],start_interpolation:0}
execute if entity @s[tag=aj.beast.bone.waist] run data modify entity @s {} merge value {transformation:[-5.023832916666667f,0f,6.152420900846945e-16f,0.03409215909090936f,0f,5.023832916666667f,0f,0.44293159090909207f,-6.152420900846945e-16f,0f,-5.023832916666667f,-2.3995f,0f,0f,0f,1f],start_interpolation:0}
execute if entity @s[tag=aj.beast.bone.hip] run data modify entity @s {} merge value {transformation:[-4.3937938125447f,0.03485808069756932f,5.381014861525028e-16f,1.1611159502288358e-16f,0.03485808069756932f,4.3937938125447f,0f,-2.83696125f,-5.380845528646313e-16f,4.268883695069841e-18f,-4.3939320833333335f,-0.948123125f,0f,0f,0f,1f],start_interpolation:0}
execute if entity @s[tag=aj.beast.bone.right_foot] run data modify entity @s {} merge value {transformation:[-2.04f,-9.909792737793363e-19f,2.498259815858527e-16f,-2.025f,0f,2.0399839509627697f,0.00809195985707305f,-11.050005548934747f,-2.4982794702606004e-16f,0.00809195985707305f,-2.0399839509627697f,-1.6253970262216986f,0f,0f,0f,1f],start_interpolation:0}
execute if entity @s[tag=aj.beast.bone.right_knee] run data modify entity @s {} merge value {transformation:[-2.85f,-1.3844563383681905e-18f,3.4902159192141185e-16f,-2.019375f,0f,2.8499775785509285f,0.011304943917969703f,-7.376545908582813f,-3.4902433775699566e-16f,0.011304943917969703f,-2.8499775785509285f,-0.2533605395496583f,0f,0f,0f,1f],start_interpolation:0}
execute if entity @s[tag=aj.beast.bone.right_thigh] run data modify entity @s {} merge value {transformation:[-3.8250000000000006f,1.671926716417735e-17f,4.681289307525911e-16f,-1.6874999999999998f,0f,3.8225628081379934f,-0.13652317693410013f,-3.8394962500000007f,-4.684274006738627e-16f,-0.13652317693410013f,-3.8225628081379934f,-2.2497187500000004f,0f,0f,0f,1f],start_interpolation:0}
execute if entity @s[tag=aj.beast.bone.left_foot] run data modify entity @s {} merge value {transformation:[-2.04f,-9.909792737793363e-19f,2.498259815858527e-16f,2.025f,0f,2.0399839509627697f,0.00809195985707305f,-11.050253464371544f,-2.4982794702606004e-16f,0.00809195985707305f,-2.0399839509627697f,-1.562897517920142f,0f,0f,0f,1f],start_interpolation:0}
execute if entity @s[tag=aj.beast.bone.left_knee] run data modify entity @s {} merge value {transformation:[-2.85f,-1.3844563383681905e-18f,3.4902159192141185e-16f,2.019375f,0f,2.8499775785509285f,0.011304943917969703f,-7.376545908582813f,-3.4902433775699566e-16f,0.011304943917969703f,-2.8499775785509285f,-0.2533605395496572f,0f,0f,0f,1f],start_interpolation:0}
execute if entity @s[tag=aj.beast.bone.left_thigh] run data modify entity @s {} merge value {transformation:[-3.8250000000000006f,1.671926716417735e-17f,4.681289307525911e-16f,1.6875000000000002f,0f,3.8225628081379934f,-0.13652317693410013f,-3.8394962500000007f,-4.684274006738627e-16f,-0.13652317693410013f,-3.8225628081379934f,-2.2497187499999995f,0f,0f,0f,1f],start_interpolation:0}