execute if entity @s[tag=aj.beast.bone.right_thumb] run data modify entity @s {} merge value {transformation:[-1.0320344749095147f,0.03827618989788445f,-0.1895778887031504f,-5.738820101087293f,0.08990129537787354f,1.006219529264785f,-0.28625166552447406f,-5.168595192163357f,0.17123842935399544f,-0.2975856048485144f,-0.9922803072213621f,0.6355231382777777f,0f,0f,0f,1f],start_interpolation:0}
execute if entity @s[tag=aj.beast.bone.right_fingers_2] run data modify entity @s {} merge value {transformation:[-0.32079841072305976f,-0.9297795133796818f,-0.18055037019347656f,-6.048451081222066f,-0.8919545392247196f,0.3606869694971015f,-0.2726206338328324f,-6.947055798376218f,0.31859924612901613f,0.07358645618888901f,-0.9450288640203448f,0.8505949244817601f,0f,0f,0f,1f],start_interpolation:0}
execute if entity @s[tag=aj.beast.bone.right_fingers] run data modify entity @s {} merge value {transformation:[-0.9803412906579219f,-0.07957711765425363f,-0.18055037019347656f,-6.555216712852856f,-0.027856635700509058f,0.9617182528454131f,-0.2726206338328324f,-6.138167217308895f,0.19533295082655525f,-0.26223173814358786f,-0.9450288640203448f,0.7138618042586066f,0f,0f,0f,1f],start_interpolation:0}
execute if entity @s[tag=aj.beast.locator_origin.consume] at @s on origin run tp @s ^-5.52027 ^-5.99798 ^1.4912 ~-10.81617 ~-15.82027
execute if entity @s[tag=aj.beast.bone.right_hand] run data modify entity @s {} merge value {transformation:[-0.9003604609167312f,0.5058767285937037f,-0.1895778887031504f,-5.9100676531432175f,0.5399882044195702f,0.8537989945368837f,-0.28625166552447406f,-4.849449308791308f,0.016241290143957123f,-0.34295190974120443f,-0.9922803072213621f,0.28517728462512615f,0f,0f,0f,1f],start_interpolation:0}
execute if entity @s[tag=aj.beast.bone.right_forearm] run data modify entity @s {} merge value {transformation:[-4.189262553794931f,0.3604822606096757f,-0.7718528325771122f,-5.315236904391501f,0.5652967934401991f,4.074037720919735f,-1.1654532096353585f,1.3875314039126456f,0.6372941163213433f,-1.2441439580325373f,-4.039998393686973f,-0.959733417874602f,0f,0f,0f,1f],start_interpolation:0}
execute if entity @s[tag=aj.beast.bone.right_bicep] run data modify entity @s {} merge value {transformation:[-3.5278000453009954f,0.26664170257435704f,-0.6659797615712881f,-4.320600704188695f,0.4760394050022731f,3.3703419143259463f,-1.1722550342919429f,5.8830776604792945f,0.5366687295337629f,-1.2368094368114961f,-3.338006754300334f,-1.4277680157184731f,0f,0f,0f,1f],start_interpolation:0}
execute if entity @s[tag=aj.beast.bone.right_arm] run data modify entity @s {} merge value {transformation:[-1.185965626759616f,0.0009012007221112316f,-0.18298830558790086f,-4.069936365622682f,0.011490537150346956f,1.1979841131746607f,-0.06857136528551343f,7.233425776851744f,0.18262940535595307f,-0.06952159677669442f,-1.1839819457580216f,-1.5276256250000004f,0f,0f,0f,1f],start_interpolation:0}
execute if entity @s[tag=aj.beast.bone.left_thumb] run data modify entity @s {} merge value {transformation:[-0.9662125005575f,-0.22482660482032746f,0.34407325024097374f,7.496042162158412f,-0.08646396298752261f,0.9705008621651354f,0.3913464700763526f,-2.5982287759659473f,-0.40181760398334426f,0.3317846806314202f,-0.9115709181557905f,-6.2957174185546485f,0f,0f,0f,1f],start_interpolation:0}
execute if entity @s[tag=aj.beast.bone.left_fingers_2] run data modify entity @s {} merge value {transformation:[-0.9202023814833332f,-0.21412057601935947f,0.32768880975330833f,7.822647105953302f,-0.0823466314166882f,0.924286535395367f,0.37271092388224053f,-4.397952276553974f,-0.3826834323650898f,0.31598541012516207f,-0.8681627791959909f,-7.333831289526752f,0f,0f,0f,1f],start_interpolation:0}
execute if entity @s[tag=aj.beast.bone.left_fingers] run data modify entity @s {} merge value {transformation:[-0.9202023814833332f,-0.21412057601935947f,0.32768880975330833f,8.051676510489962f,-0.0823466314166882f,0.924286535395367f,0.37271092388224053f,-3.5715865220627396f,-0.3826834323650898f,0.31598541012516207f,-0.8681627791959909f,-6.892840065338633f,0f,0f,0f,1f],start_interpolation:0}
execute if entity @s[tag=aj.beast.bone.left_hand] run data modify entity @s {} merge value {transformation:[-0.9662125005575f,-0.22482660482032746f,0.34407325024097374f,7.804923650159347f,-0.08646396298752261f,0.9705008621651354f,0.3913464700763526f,-2.2012015024679106f,-0.40181760398334426f,0.3317846806314202f,-0.9115709181557905f,-6.325442939561368f,0f,0f,0f,1f],start_interpolation:0}
execute if entity @s[tag=aj.beast.bone.left_forearm] run data modify entity @s {} merge value {transformation:[-3.933865180841249f,-0.9153654624827616f,1.4008696616953928f,6.288827561637955f,-0.352031849306342f,3.951324938815193f,1.593339199596578f,3.443153015455415f,-1.6359716733607585f,1.3508376282850676f,-3.711395881062861f,-3.7474069790153006f,0f,0f,0f,1f],start_interpolation:0}
execute if entity @s[tag=aj.beast.bone.left_bicep] run data modify entity @s {} merge value {transformation:[-3.3127285733400003f,-0.7708340736696941f,1.17967971511191f,4.567257275586379f,-0.2964478731000776f,3.3274315274233217f,1.341759325976066f,6.979087450814764f,-1.3776603565143235f,1.1375474764505835f,-3.1253860051055677f,-1.5444874999999996f,0f,0f,0f,1f],start_interpolation:0}
execute if entity @s[tag=aj.beast.bone.left_arm] run data modify entity @s {} merge value {transformation:[-1.1952238564896556f,-0.10695762187893114f,1.4695761589768243e-16f,4.197563720361255f,-0.10695762187893114f,1.1952238564896556f,0f,8.30546844455196f,-1.4637270701146118e-16f,-1.3098530927844594e-17f,-1.2000000000000004f,-1.5276256249999995f,0f,0f,0f,1f],start_interpolation:0}
execute if entity @s[tag=aj.beast.bone.chest] run data modify entity @s {} merge value {transformation:[-6.037422231045974f,-0.5402739583932133f,7.423255254024141e-16f,-1.447364127657288e-17f,-0.5402739583932133f,6.037422231045974f,0f,8.791906875000002f,-7.393709810351523e-16f,-6.61644773808919e-17f,-6.061547916666667f,0.11818624999999994f,0f,0f,0f,1f],start_interpolation:0}
execute if entity @s[tag=aj.beast.bone.waist] run data modify entity @s {} merge value {transformation:[-5.023832916666667f,0f,6.152420900846945e-16f,0.25568306818181846f,0f,5.023832916666667f,0f,3.627590681818182f,-6.152420900846945e-16f,0f,-5.023832916666667f,-2.3995f,0f,0f,0f,1f],start_interpolation:0}
execute if entity @s[tag=aj.beast.bone.hip] run data modify entity @s {} merge value {transformation:[-4.386156605003472f,0.2612841161081575f,5.381014861525027e-16f,1.1611159502288358e-16f,0.2612841161081575f,4.386156605003472f,0f,0.16303875000000012f,-5.371492646876524e-16f,3.1998075645990045e-17f,-4.393932083333333f,-0.948123125f,0f,0f,0f,1f],start_interpolation:0}
execute if entity @s[tag=aj.beast.bone.right_foot] run data modify entity @s {} merge value {transformation:[-2.04f,-7.431267746451121e-18f,2.497173990232487e-16f,-2.025f,0f,2.039097307053035f,0.06068090613248702f,-7.459502261290183f,-2.4982794702606004e-16f,0.06068090613248702f,-2.039097307053035f,-0.9597282078497114f,0f,0f,0f,1f],start_interpolation:0}
execute if entity @s[tag=aj.beast.bone.right_knee] run data modify entity @s {} merge value {transformation:[-2.85f,-1.0381918175189067e-17f,3.488698956942445e-16f,-2.019375f,0f,2.848738884853505f,0.08477479533215099f,-3.822635241354508f,-3.4902433775699566e-16f,0.08477479533215099f,-2.848738884853505f,0.5065555741509336f,0f,0f,0f,1f],start_interpolation:0}
execute if entity @s[tag=aj.beast.bone.right_thigh] run data modify entity @s {} merge value {transformation:[-3.8250000000000006f,1.2392793775352777e-16f,4.517367551420065e-16f,-1.6874999999999998f,0f,3.6887105364299595f,-1.0119484070003795f,-0.8394962499999994f,-4.684274006738627e-16f,-1.0119484070003795f,-3.6887105364299595f,-2.2497187500000004f,0f,0f,0f,1f],start_interpolation:0}
execute if entity @s[tag=aj.beast.bone.left_foot] run data modify entity @s {} merge value {transformation:[-2.04f,-7.431267746451121e-18f,2.497173990232487e-16f,2.025f,0f,2.039097307053035f,0.06068090613248702f,-7.461361357679046f,-2.4982794702606004e-16f,0.06068090613248702f,-2.039097307053035f,-0.8972558638836248f,0f,0f,0f,1f],start_interpolation:0}
execute if entity @s[tag=aj.beast.bone.left_knee] run data modify entity @s {} merge value {transformation:[-2.85f,-1.0381918175189067e-17f,3.488698956942445e-16f,2.019375f,0f,2.848738884853505f,0.08477479533215099f,-3.822635241354508f,-3.4902433775699566e-16f,0.08477479533215099f,-2.848738884853505f,0.5065555741509344f,0f,0f,0f,1f],start_interpolation:0}
execute if entity @s[tag=aj.beast.bone.left_thigh] run data modify entity @s {} merge value {transformation:[-3.8250000000000006f,1.2392793775352777e-16f,4.517367551420065e-16f,1.6875000000000002f,0f,3.6887105364299595f,-1.0119484070003795f,-0.8394962499999994f,-4.684274006738627e-16f,-1.0119484070003795f,-3.6887105364299595f,-2.2497187499999995f,0f,0f,0f,1f],start_interpolation:0}