execute if entity @s[tag=aj.beast.bone.right_thumb] run data modify entity @s {} merge value {transformation:[-1.0370620545897107f,0.15018525577791098f,-0.06668346029632519f,-5.665216063561536f,0.15335549428416403f,1.0376298530964227f,-0.048024788765347215f,-5.454188131377927f,0.05902869897793644f,-0.05717234392623733f,-1.0467793157045815f,-0.6344749327804217f,0f,0f,0f,1f],start_interpolation:0}
execute if entity @s[tag=aj.beast.bone.right_fingers_2] run data modify entity @s {} merge value {transformation:[-0.4334140937607571f,-0.8989543647881331f,-0.06350805742507161f,-6.156807171128861f,-0.8985621837936745f,0.436456237099087f,-0.04573789406223544f,-7.206049208047927f,0.06883476727268324f,0.03724249086285719f,-0.996932681623411f,-0.8613243194473366f,0f,0f,0f,1f],start_interpolation:0}
execute if entity @s[tag=aj.beast.bone.right_fingers] run data modify entity @s {} merge value {transformation:[-0.9963859313252126f,0.056407468470789424f,-0.06350805742507161f,-6.554585895349609f,0.05936812360510574f,0.997187781185851f,-0.04573789406223544f,-6.327783467956863f,0.060749500053894956f,-0.04934294837518613f,-0.996932681623411f,-0.8764724047662982f,0f,0f,0f,1f],start_interpolation:0}
execute if entity @s[tag=aj.beast.locator_origin.consume] at @s on origin run tp @s ^-5.6338 ^-6.46428 ^0.03377 ~-3.64501 ~-2.6215
execute if entity @s[tag=aj.beast.bone.right_hand] run data modify entity @s {} merge value {transformation:[-0.8505374435153386f,0.6120779144041232f,-0.06668346029632519f,-5.760301368441106f,0.6151521304759995f,0.8495772337079678f,-0.048024788765347215f,-5.051948442764651f,0.02595984493850935f,-0.07796890831489403f,-1.0467793157045815f,-0.9227179792365888f,0f,0f,0f,1f],start_interpolation:0}
execute if entity @s[tag=aj.beast.bone.right_forearm] run data modify entity @s {} merge value {transformation:[-4.244977245636025f,0.42671136921905845f,-0.2714969454921811f,-5.1416144404005095f,0.43950564670214476f,4.247849809288749f,-0.1955294971160565f,1.2985885251822786f,0.2502558102208968f,-0.22206846940690345f,-4.261887213940081f,-0.6202921349191683f,0f,0f,0f,1f],start_interpolation:0}
execute if entity @s[tag=aj.beast.bone.right_bicep] run data modify entity @s {} merge value {transformation:[-3.5747176805356005f,0.2444905409126479f,-0.34873755156338115f,-4.27371422403771f,0.37011001827549045f,3.241832081599038f,-1.521033638381272f,5.782720828227565f,0.21074173492286052f,-1.5462047503870546f,-3.2442007938847146f,-1.4607713134827836f,0f,0f,0f,1f],start_interpolation:0}
execute if entity @s[tag=aj.beast.bone.right_arm] run data modify entity @s {} merge value {transformation:[-1.1926676882021656f,-0.0270683602554448f,-0.12965758516795092f,-4.053963228827765f,-0.021485785155482134f,1.1986540086286828f,-0.052601602966478624f,7.1404705066611776f,0.13069868612482474f,-0.04995869765588415f,-1.1918145753319909f,-1.5276256250000004f,0f,0f,0f,1f],start_interpolation:0}
execute if entity @s[tag=aj.beast.bone.left_thumb] run data modify entity @s {} merge value {transformation:[-0.9651151945390893f,-0.23635934691734342f,0.33939198634408413f,7.631050511941816f,-0.0979554715105814f,0.9677567797866949f,0.39541312671435974f,-2.5082217228724386f,-0.40181760398334426f,0.3317846806314202f,-0.9115709181557905f,-6.2957174185546485f,0f,0f,0f,1f],start_interpolation:0}
execute if entity @s[tag=aj.beast.bone.left_fingers_2] run data modify entity @s {} merge value {transformation:[-0.919157328132466f,-0.22510413992127945f,0.323230463184842f,7.979048484967323f,-0.09329092524817276f,0.9216731236063761f,0.3765839302041521f,-4.303931298124023f,-0.3826834323650898f,0.31598541012516207f,-0.8681627791959909f,-7.333831289526752f,0f,0f,0f,1f],start_interpolation:0}
execute if entity @s[tag=aj.beast.bone.left_fingers] run data modify entity @s {} merge value {transformation:[-0.919157328132466f,-0.22510413992127945f,0.323230463184842f,8.19822817595097f,-0.09329092524817276f,0.9216731236063761f,0.3765839302041521f,-3.4748986742794616f,-0.3826834323650898f,0.31598541012516207f,-0.8681627791959909f,-6.892840065338633f,0f,0f,0f,1f],start_interpolation:0}
execute if entity @s[tag=aj.beast.bone.left_hand] run data modify entity @s {} merge value {transformation:[-0.9651151945390893f,-0.23635934691734342f,0.33939198634408413f,7.93518562795038f,-0.0979554715105814f,0.9677567797866949f,0.39541312671435974f,-2.1075469660666046f,-0.40181760398334426f,0.3317846806314202f,-0.9115709181557905f,-6.325442939561368f,0f,0f,0f,1f],start_interpolation:0}
execute if entity @s[tag=aj.beast.bone.left_forearm] run data modify entity @s {} merge value {transformation:[-3.9293975777662915f,-0.9623201981634695f,1.3818102301151993f,6.352030808397768f,-0.3988187054359385f,3.9401526034172574f,1.60989630162275f,3.518366834460263f,-1.6359716733607585f,1.3508376282850676f,-3.711395881062861f,-3.7474069790153006f,0f,0f,0f,1f],start_interpolation:0}
execute if entity @s[tag=aj.beast.bone.left_bicep] run data modify entity @s {} merge value {transformation:[-3.308966381276878f,-0.8103749037166061f,1.1636296674654314f,4.588505887824486f,-0.33584733089342195f,3.3180232449829545f,1.3557021487349477f,7.033564757123045f,-1.3776603565143235f,1.1375474764505835f,-3.1253860051055677f,-1.5444874999999996f,0f,0f,0f,1f],start_interpolation:0}
execute if entity @s[tag=aj.beast.bone.left_arm] run data modify entity @s {} merge value {transformation:[-1.1938664673746138f,-0.12117284381601959f,1.4695761589768243e-16f,4.20305498392626f,-0.12117284381601959f,1.1938664673746138f,0f,8.355452598812462f,-1.4620647478796788e-16f,-1.4839393532287054e-17f,-1.2000000000000004f,-1.5276256249999995f,0f,0f,0f,1f],start_interpolation:0}
execute if entity @s[tag=aj.beast.bone.chest] run data modify entity @s {} merge value {transformation:[-6.030565665077317f,-0.6120791658246406f,7.423255254024141e-16f,-1.447364127657288e-17f,-0.6120791658246406f,6.030565665077317f,0f,8.791906875000002f,-7.385312938784867e-16f,-7.495807912519281e-17f,-6.061547916666667f,0.11818624999999994f,0f,0f,0f,1f],start_interpolation:0}
execute if entity @s[tag=aj.beast.bone.waist] run data modify entity @s {} merge value {transformation:[-5.023832916666667f,0f,6.152420900846945e-16f,0.2897739772727275f,0f,5.023832916666667f,0f,3.6559997727272737f,-6.152420900846945e-16f,0f,-5.023832916666667f,-2.3995f,0f,0f,0f,1f],start_interpolation:0}
execute if entity @s[tag=aj.beast.bone.hip] run data modify entity @s {} merge value {transformation:[-4.383945751500756f,0.29607228989636847f,5.381014861525027e-16f,1.1611159502288358e-16f,0.29607228989636847f,4.383945751500756f,0f,0.16303875000000012f,-5.368785132211037e-16f,3.625839821378149e-17f,-4.393932083333333f,-0.948123125f,0f,0f,0f,1f],start_interpolation:0}
execute if entity @s[tag=aj.beast.bone.right_foot] run data modify entity @s {} merge value {transformation:[-2.04f,-8.421750052243343e-18f,2.4968595723691273e-16f,-2.025f,0f,2.0388405653838624f,0.06876880793798572f,-7.353378776315608f,-2.4982794702606004e-16f,0.06876880793798572f,-2.0388405653838624f,-0.8694238744657234f,0f,0f,0f,1f],start_interpolation:0}
execute if entity @s[tag=aj.beast.bone.right_knee] run data modify entity @s {} merge value {transformation:[-2.85f,-1.1765680220045848e-17f,3.488259696692163e-16f,-2.019375f,0f,2.8483802016392197f,0.0960740699133624f,-3.722356598398184f,-3.4902433775699566e-16f,0.0960740699133624f,-2.8483802016392197f,0.6112745396367965f,0f,0f,0f,1f],start_interpolation:0}
execute if entity @s[tag=aj.beast.bone.right_thigh] run data modify entity @s {} merge value {transformation:[-3.8250000000000006f,1.3997251312307557e-16f,4.47025642745561e-16f,-1.6874999999999998f,0f,3.6502413843468795f,-1.1429623073406134f,-0.8394962499999994f,-4.684274006738627e-16f,-1.1429623073406134f,-3.6502413843468795f,-2.2497187500000004f,0f,0f,0f,1f],start_interpolation:0}
execute if entity @s[tag=aj.beast.bone.left_foot] run data modify entity @s {} merge value {transformation:[-2.04f,-8.421750052243343e-18f,2.4968595723691273e-16f,2.025f,0f,2.0388405653838624f,0.06876880793798572f,-7.355485663813708f,-2.4982794702606004e-16f,0.06876880793798572f,-2.0388405653838624f,-0.8069593963595991f,0f,0f,0f,1f],start_interpolation:0}
execute if entity @s[tag=aj.beast.bone.left_knee] run data modify entity @s {} merge value {transformation:[-2.85f,-1.1765680220045848e-17f,3.488259696692163e-16f,2.019375f,0f,2.8483802016392197f,0.0960740699133624f,-3.722356598398184f,-3.4902433775699566e-16f,0.0960740699133624f,-2.8483802016392197f,0.6112745396367973f,0f,0f,0f,1f],start_interpolation:0}
execute if entity @s[tag=aj.beast.bone.left_thigh] run data modify entity @s {} merge value {transformation:[-3.8250000000000006f,1.3997251312307557e-16f,4.47025642745561e-16f,1.6875000000000002f,0f,3.6502413843468795f,-1.1429623073406134f,-0.8394962499999994f,-4.684274006738627e-16f,-1.1429623073406134f,-3.6502413843468795f,-2.2497187499999995f,0f,0f,0f,1f],start_interpolation:0}