# This file was generated by Animated Java via MC-Build. It is not recommended to edit this file directly.
$data merge entity $(bone_neck) { transformation: [-0.9392964213053916f,-0.31320311901383646f,0.14009296614351868f,-0.334405017726017f,-0.26999691063566916f,0.9266775075951794f,0.26147746588258974f,4.543503379621992f,-0.2117165585637528f,0.20778017989498165f,-0.9549887411235434f,0.5801582015745574f,0f,0f,0f,1f], start_interpolation: 0, interpolation_duration: 1 }
$data merge entity $(bone_right_thumb_2) { transformation: [0.2754140501520815f,-0.939936422682194f,0.20165966947862196f,3.3403941411430074f,0.6171583869706767f,0.012042297149937653f,-0.7867467880271932f,0.5500349669004156f,0.7370635158319665f,0.34113707566717644f,0.5834062643087301f,2.3584850372803627f,0f,0f,0f,1f], start_interpolation: 0, interpolation_duration: 1 }
$data merge entity $(bone_right_thumb) { transformation: [0.2754140501520815f,-0.939936422682194f,0.20165966947862196f,3.1116259119488947f,0.6171583869706767f,0.012042297149937653f,-0.7867467880271932f,0.6445645558848123f,0.7370635158319665f,0.34113707566717644f,0.5834062643087301f,2.5650378005357983f,0f,0f,0f,1f], start_interpolation: 0, interpolation_duration: 1 }
$data merge entity $(bone_right_fingers2) { transformation: [0.3205666866982751f,0.9379864178427397f,-0.13197908668359395f,3.7940985201940185f,-0.6663769895849576f,0.12429784274014412f,-0.7351814429389768f,0.23952603227980412f,-0.673185492365202f,0.32362250575739027f,0.6648983130045741f,2.5066251922505765f,0f,0f,0f,1f], start_interpolation: 0, interpolation_duration: 1 }
$data merge entity $(bone_right_fingers) { transformation: [0.9909698080862706f,-0.023671927247790797f,-0.13197908668359395f,3.735685615163408f,-0.08183846586168253f,0.6729121127335801f,-0.7351814429389768f,0.554979900943547f,0.10621348768808284f,0.7393435793978365f,0.6648983130045741f,2.856049373278419f,0f,0f,0f,1f], start_interpolation: 0, interpolation_duration: 1 }
$data merge entity $(bone_right_hand) { transformation: [0.06278686124640077f,-0.9892620131860871f,-0.13197908668359395f,3.0382498197799404f,0.6632187867094037f,0.14017520078056173f,-0.7351814429389768f,0.6737604343307708f,0.7457872692735724f,-0.041371274492570165f,0.6648983130045741f,2.892939682899878f,0f,0f,0f,1f], start_interpolation: 0, interpolation_duration: 1 }
$data merge entity $(bone_right_forearm) { transformation: [0.14745807860306812f,-1.4278216672539854f,-0.45342838639867017f,0.9765452466918247f,1.1120784557886143f,0.40960866142106905f,-0.9281800216967678f,1.2360118303422372f,1.0037696564664942f,-0.24405313156411315f,1.0949431244353502f,2.5083043113220223f,0f,0f,0f,1f], start_interpolation: 0, interpolation_duration: 1 }
$data merge entity $(bone_right_bicep) { transformation: [0.15466423052711745f,-1.0083567450835298f,-1.2050725324578802f,-0.5464419908431224f,1.1664247919120267f,0.885019473380284f,-0.5908450681821036f,2.424911132135495f,1.0528230329228578f,-0.8323829433780333f,0.8316287963778558f,1.2594169956535897f,0f,0f,0f,1f], start_interpolation: 0, interpolation_duration: 1 }
$data merge entity $(bone_right_shoulder) { transformation: [0.20736919818861635f,-0.6119351815485464f,-0.763238723615199f,-0.7112905452140122f,0.6302022680200369f,0.6803002810741302f,-0.3742146829733718f,2.416121470754662f,0.7482266481655223f,-0.40339417590442095f,0.5267162631069795f,0.8956385555411311f,0f,0f,0f,1f], start_interpolation: 0, interpolation_duration: 1 }
$data merge entity $(bone_right_arm) { transformation: [-0.44104207750513247f,-0.23549048549884097f,-1.374617131681051f,-0.6161510834950477f,-0.6651245737183106f,1.3027125591415492f,-0.0097688941275013f,2.63157459623122f,1.225821083562995f,0.6221176424889098f,-0.49987843682044214f,0.605935547595728f,0f,0f,0f,1f], start_interpolation: 0, interpolation_duration: 1 }
$data merge entity $(bone_left_thumb_2) { transformation: [-0.5907345090616205f,-0.7690898132657907f,0.243995079734238f,1.6990031986111727f,-0.38918955045024156f,0.006703645185823559f,-0.9211332992360888f,3.573761138543007f,0.70679858066076f,-0.6391055626983805f,-0.3032817932285441f,-3.363868494626294f,0f,0f,0f,1f], start_interpolation: 0, interpolation_duration: 1 }
$data merge entity $(bone_left_thumb) { transformation: [-0.5907345090616205f,-0.7690898132657907f,0.243995079734238f,1.5657383303899708f,-0.38918955045024156f,0.006703645185823559f,-0.9211332992360888f,3.6331177303776956f,0.70679858066076f,-0.6391055626983805f,-0.3032817932285441f,-3.6513612072198147f,0f,0f,0f,1f], start_interpolation: 0, interpolation_duration: 1 }
$data merge entity $(bone_left_fingers2) { transformation: [0.021507428466056633f,0.9991983957923368f,-0.0337638322291447f,2.1191239970492637f,0.5031216277225957f,-0.04000087515918377f,-0.8632893823650708f,3.1988480758536846f,-0.8639479488016295f,0.0015798204074431166f,-0.5035786392699129f,-3.279324555112316f,0f,0f,0f,1f], start_interpolation: 0, interpolation_duration: 1 }
$data merge entity $(bone_left_fingers) { transformation: [-0.9464850387554208f,0.320976751565205f,-0.0337638322291447f,2.226255729355011f,0.18944110399629172f,0.4678071295014656f,-0.8632893823650708f,3.4214645205797773f,-0.26130086017618737f,-0.8234867421775819f,-0.5035786392699129f,-3.6842753910006985f,0f,0f,0f,1f], start_interpolation: 0, interpolation_duration: 1 }
$data merge entity $(bone_left_hand) { transformation: [-0.40224694467224364f,-0.9149084102439144f,-0.0337638322291447f,1.6053335266758906f,-0.4495161020131454f,0.2294923012361031f,-0.8632893823650708f,3.586116342786648f,0.7975792559568937f,-0.3320781301716671f,-0.5035786392699129f,-3.982992304485618f,0f,0f,0f,1f], start_interpolation: 0, interpolation_duration: 1 }
$data merge entity $(bone_left_forearm) { transformation: [-0.4807691247678758f,-1.377238314768797f,0.3716067451219052f,-0.39594042172318056f,-1.376846142449288f,0.3454614545761588f,-0.5009660501890347f,4.046739130105003f,0.37305716547173856f,-0.49988689495954064f,-1.3700209281449913f,-4.688276629662624f,0f,0f,0f,1f], start_interpolation: 0, interpolation_duration: 1 }
$data merge entity $(bone_left_bicep) { transformation: [-0.5042639063782841f,0.5189295517028124f,-1.4033296801315347f,0.3440324110250451f,-1.4441314520947393f,0.21847529632940393f,0.5997141419117644f,4.196310836002693f,0.39128815448374776f,1.4750880730680938f,0.4048615996824164f,-2.426922970375804f,0f,0f,0f,1f], start_interpolation: 0, interpolation_duration: 1 }
$data merge entity $(bone_left_shoulder) { transformation: [-0.25745363856636677f,0.379132865756105f,-0.8888058809956773f,0.3714351058676219f,-0.8767242118860682f,0.2950971739496352f,0.37983195523769675f,4.048953061797518f,0.4062908813666524f,0.8770267544553599f,0.25642112176614196f,-2.113661460271743f,0f,0f,0f,1f], start_interpolation: 0, interpolation_duration: 1 }
$data merge entity $(bone_left_arm) { transformation: [-0.44104207750513247f,-0.23549048549884097f,-1.374617131681051f,0.25384770797265765f,-0.6651245737183106f,1.3027125591415492f,-0.0097688941275013f,3.8727604171073584f,1.225821083562995f,0.6221176424889098f,-0.49987843682044214f,-1.810732520452873f,0f,0f,0f,1f], start_interpolation: 0, interpolation_duration: 1 }
$data merge entity $(bone_chest) { transformation: [-0.6227822817656147f,-0.33252904739311157f,-1.9410555987426548f,-0.04846699517638342f,-0.939202449847545f,1.8395213097495349f,-0.013794362228354897f,3.9630128373544165f,1.730945164634266f,0.8784736529166639f,-0.7058633390480543f,-0.1689582094201314f,0f,0f,0f,1f], start_interpolation: 0, interpolation_duration: 1 }
$data merge entity $(bone_left_cheek) { transformation: [-0.8609153245926154f,-0.1251090927490771f,-0.7319145921286673f,0.813259388741749f,-0.4094537881042496f,1.014849108032259f,0.3081482349632831f,-0.5377125020589701f,0.6194342989102641f,0.496946128081716f,-0.8135552510407135f,-2.745563619599844f,0f,0f,0f,1f], start_interpolation: 0, interpolation_duration: 1 }
$data merge entity $(bone_left_foot) { transformation: [-0.6946185732843843f,-0.1320749481626213f,-0.8850663241340775f,0.9040413025012708f,-0.15165625714102612f,1.1215811097317085f,-0.04834611011203615f,-6.669144573523902f,0.8819220882358837f,0.0888435409066472f,-0.7054086814895517f,-6.4104050263284025f,0f,0f,0f,1f], start_interpolation: 0, interpolation_duration: 1 }
$data merge entity $(bone_left_knee) { transformation: [-2.388333131129905f,0.11430849166163755f,-2.0048345925933755f,1.1479802977570372f,-1.0758810237893137f,2.557589788518222f,1.4275075539187712f,-3.4487902220846256f,1.6955554245069844f,1.7838809832999332f,-1.9181824105187655f,-4.08640467659216f,0f,0f,0f,1f], start_interpolation: 0, interpolation_duration: 1 }
$data merge entity $(bone_left_leg) { transformation: [-1.8237541043815821f,-0.10997637212842705f,-1.5294484405723685f,0.8132961795074207f,-0.8215530770758696f,2.0767823569159614f,0.8303083472988813f,-0.5869564806636891f,1.2947423976772172f,1.1628699874106732f,-1.6275017308995392f,-2.5961782208723534f,0f,0f,0f,1f], start_interpolation: 0, interpolation_duration: 1 }
$data merge entity $(bone_right_cheek) { transformation: [-0.9551125614760718f,0.09142336110327055f,-0.6098591766407855f,-0.6346688635596236f,-0.028711991625220337f,1.1165181298767677f,0.2123425029785072f,-0.8910186794744195f,0.6160049251631913f,0.1937923787945362f,-0.9356863242955006f,-1.8871359774055632f,0f,0f,0f,1f], start_interpolation: 0, interpolation_duration: 1 }
$data merge entity $(bone_right_foot) { transformation: [-1.0769432146048048f,-0.10214193602883007f,-0.33621643300254184f,0.43325780474594444f,-0.11742439514581138f,1.1262049617566718f,0.03398599622335407f,-6.56311213649105f,0.3311887322076502f,0.06716071335934332f,-1.0812421628107896f,0.9121674661123876f,0f,0f,0f,1f], start_interpolation: 0, interpolation_duration: 1 }
$data merge entity $(bone_right_knee) { transformation: [-2.984979279920039f,-0.0824521017738869f,-0.9053527873370092f,0.32793696270797484f,-0.05190173614425016f,3.1178741541831294f,-0.11282858077554085f,-2.5856667143549728f,0.9076167849985122f,-0.09287480695903902f,-2.9839854828733774f,0.9109666432167685f,0f,0f,0f,1f], start_interpolation: 0, interpolation_duration: 1 }
$data merge entity $(bone_right_leg) { transformation: [-2.279358830764405f,-0.6327409453378239f,-0.2855671282794409f,-0.47920784175365333f,-0.03963266392106071f,1.0971786052332737f,-2.1147138643829178f,-1.2661121588433994f,0.6930648891779829f,-2.018223072991638f,-1.0601052094378862f,-1.9403793111581735f,0f,0f,0f,1f], start_interpolation: 0, interpolation_duration: 1 }
$data merge entity $(bone_weist) { transformation: [-1.8169010949662185f,-0.10132313862093568f,-1.0264828756819755f,0.2725184369502803f,-0.2844440853440812f,2.047766752343169f,0.3013402589904961f,0.8915172415121324f,0.9914761897297907f,0.40180593693435257f,-1.7946002383876418f,-1.5776052747128708f,0f,0f,0f,1f], start_interpolation: 0, interpolation_duration: 1 }
data modify entity @s data merge value {"locators":{"consume":{"posx":3.7539662845514994,"posy":0.4189604675920136,"posz":2.718612872926389,"roty":191.22700288646107,"rotx":-47.32255001935707}},"cameras":{}}