# This file was generated by Animated Java via MC-Build. It is not recommended to edit this file directly.
$data merge entity $(bone_neck) { transformation: [-0.9395126160323475f,-0.3167648380400885f,0.13029229331580292f,-0.3291757486905935f,-0.27506859481488183f,0.9244533421618284f,0.2640516735648382f,4.5380823757180515f,-0.20409143162470353f,0.21224056056103424f,-0.955667636780757f,0.5998855503069236f,0f,0f,0f,1f], start_interpolation: 0, interpolation_duration: 1 }
$data merge entity $(bone_right_thumb_2) { transformation: [0.2977987583996309f,-0.9131374976480403f,0.2783806923705611f,3.5335033926428205f,0.6316159638790219f,-0.030187412865954444f,-0.7746934840810489f,0.7468238073335439f,0.7158052623925113f,0.4065324470365621f,0.5677624466602667f,2.0949542318679386f,0f,0f,0f,1f], start_interpolation: 0, interpolation_duration: 1 }
$data merge entity $(bone_right_thumb) { transformation: [0.2977987583996309f,-0.9131374976480403f,0.2783806923705611f,3.3157199571331084f,0.6316159638790219f,-0.030187412865954444f,-0.7746934840810489f,0.8313827423074431f,0.7158052623925113f,0.4065324470365621f,0.5677624466602667f,2.3171139753506225f,0f,0f,0f,1f], start_interpolation: 0, interpolation_duration: 1 }
$data merge entity $(bone_right_fingers2) { transformation: [0.30283669723322487f,0.9516919165937727f,-0.050719135431736895f,4.010377519953759f,-0.6530941867846307f,0.16847366721667945f,-0.738298453636932f,0.45805132012283695f,-0.6940878316157066f,0.25670823778101537f,0.6725644672879852f,2.21075787989106f,0f,0f,0f,1f], start_interpolation: 0, interpolation_duration: 1 }
$data merge entity $(bone_right_fingers) { transformation: [0.9987094639062992f,-0.0026412127988507256f,-0.050719135431736895f,3.962190773194169f,-0.03571301740940248f,0.6735280051674394f,-0.738298453636932f,0.7716216661452646f,0.03611076143627232f,0.7391569862012537f,0.6725644672879852f,2.5634222310071286f,0f,0f,0f,1f], start_interpolation: 0, interpolation_duration: 1 }
$data merge entity $(bone_right_hand) { transformation: [0.08441210292912218f,-0.9951392697407433f,-0.050719135431736895f,3.264339528037711f,0.6678524332060364f,0.09427895214782189f,-0.738298453636932f,0.8582405331669716f,0.7394915309453243f,0.028448427052620656f,0.6725644672879852f,2.649371112601643f,0f,0f,0f,1f], start_interpolation: 0, interpolation_duration: 1 }
$data merge entity $(bone_right_forearm) { transformation: [0.16468880307215197f,-1.4576123791731557f,-0.3380231504515536f,1.158762421649793f,1.1149407476392528f,0.3463366312797466f,-0.9502494236277024f,1.3292424203327164f,0.9978981047249492f,-0.14640010222786168f,1.1174892763115825f,2.4056519721561034f,0f,0f,0f,1f], start_interpolation: 0, interpolation_duration: 1 }
$data merge entity $(bone_right_bicep) { transformation: [0.17273700596731079f,-1.093490055010854f,-1.1257644444581874f,-0.4862918533879361f,1.1694269615511328f,0.8450017047511518f,-0.6413398931996795f,2.4578051733836372f,1.0466645434002138f,-0.7636463688150746f,0.9023534313276672f,1.259862398393739f,0f,0f,0f,1f], start_interpolation: 0, interpolation_duration: 1 }
$data merge entity $(bone_right_shoulder) { transformation: [0.22800482493535768f,-0.6630479688608286f,-0.7130085488938587f,-0.673067357260153f,0.6364760119925209f,0.6556700627456763f,-0.40619583328386943f,2.4431057518040733f,0.7368256822100415f,-0.361198227859177f,0.5715100648519642f,0.907036810213798f,0f,0f,0f,1f], start_interpolation: 0, interpolation_duration: 1 }
$data merge entity $(bone_right_arm) { transformation: [-0.4231669955458523f,-0.2444359001545025f,-1.3786685338390503f,-0.5827915020734464f,-0.6449138733252262f,1.3124120540776611f,-0.03473957262073107f,2.653668775075772f,1.2428040599687917f,0.5978058486071168f,-0.48745500048494145f,0.6122269011751142f,0f,0f,0f,1f], start_interpolation: 0, interpolation_duration: 1 }
$data merge entity $(bone_left_thumb_2) { transformation: [-0.5701677775585703f,-0.7812132726315314f,0.2541938789551258f,1.6709117478509394f,-0.3931458680643375f,-0.01221875868602984f,-0.9193949251328892f,3.565853993428381f,0.7213494519703045f,-0.6241446343601017f,-0.30016402772756756f,-3.4135722819177925f,0f,0f,0f,1f], start_interpolation: 0, interpolation_duration: 1 }
$data merge entity $(bone_left_thumb) { transformation: [-0.5701677775585703f,-0.7812132726315314f,0.2541938789551258f,1.5311367865160825f,-0.3931458680643375f,-0.01221875868602984f,-0.9193949251328892f,3.6203707388115824f,0.7213494519703045f,-0.6241446343601017f,-0.30016402772756756f,-3.698924125344968f,0f,0f,0f,1f], start_interpolation: 0, interpolation_duration: 1 }
$data merge entity $(bone_left_fingers2) { transformation: [-0.0038749673650581573f,0.9995912116694904f,-0.02832656317027296f,2.099067013150949f,0.4958225262167778f,-0.022679048625886628f,-0.8681276883324465f,3.1990270958100147f,-0.8684152273676066f,-0.017408914571115403f,-0.4955319591807611f,-3.334010585458673f,0f,0f,0f,1f], start_interpolation: 0, interpolation_duration: 1 }
$data merge entity $(bone_left_fingers) { transformation: [-0.9544923075477145f,0.2968872524228671f,-0.02832656317027296f,2.1944996360332123f,0.170726102259596f,0.4660546263667046f,-0.8681276883324465f,3.419905150980231f,-0.24453431832666078f,-0.8334572842029707f,-0.4955319591807611f,-3.742821016159811f,0f,0f,0f,1f], start_interpolation: 0, interpolation_duration: 1 }
$data merge entity $(bone_left_hand) { transformation: [-0.3789469928059335f,-0.9249847471511625f,-0.02832656317027296f,1.5651756973215154f,-0.4494013875587928f,0.21069577501885134f,-0.8681276883324465f,3.5711554045963325f,0.8089731574678921f,-0.31624438007165484f,-0.4955319591807611f,-4.030850771017451f,0f,0f,0f,1f], start_interpolation: 0, interpolation_duration: 1 }
$data merge entity $(bone_left_forearm) { transformation: [-0.44938016327085467f,-1.3924065186084371f,0.3539455548707365f,-0.45701109403734397f,-1.3816393148878852f,0.3171664954293151f,-0.5064524832109955f,3.9908554799294964f,0.3938859891290335f,-0.47605188911628094f,-1.3726777941141266f,-4.7011560564637325f,0f,0f,0f,1f], start_interpolation: 0, interpolation_duration: 1 }
$data merge entity $(bone_left_bicep) { transformation: [-0.4713409928087248f,0.5469979339185911f,-1.4041136303132027f,0.3291264266013286f,-1.449158862827487f,0.238808174355565f,0.5794940933210196f,4.170705502130257f,0.41313486518457143f,1.4617346114100869f,0.4307617288236861f,-2.457655749145071f,0f,0f,0f,1f], start_interpolation: 0, interpolation_duration: 1 }
$data merge entity $(bone_left_shoulder) { transformation: [-0.23383154632651837f,0.39301914674348587f,-0.8893023997693761f,0.3657762908570954f,-0.8776237443758416f,0.3083323787555371f,0.367025486197729f,4.02632156952729f,0.41844876777244366f,0.8662950389468786f,0.2728250982694753f,-2.143955155469906f,0f,0f,0f,1f], start_interpolation: 0, interpolation_duration: 1 }
$data merge entity $(bone_left_arm) { transformation: [-0.4231669955458523f,-0.2444359001545025f,-1.3786685338390503f,0.2527369736171086f,-0.6449138733252262f,1.3124120540776611f,-0.03473957262073107f,3.855033657856957f,1.2428040599687917f,0.5978058486071168f,-0.48745500048494145f,-1.8365154852255792f,0f,0f,0f,1f], start_interpolation: 0, interpolation_duration: 1 }
$data merge entity $(bone_chest) { transformation: [-0.5975414149704996f,-0.3451605989722863f,-1.9467764621454888f,-0.036442248873770344f,-0.9106635263550584f,1.8532176754624312f,-0.04905470794688381f,3.9752138840475233f,1.7549263159498127f,0.8441436983845091f,-0.6883205774318389f,-0.19429301004752597f,0f,0f,0f,1f], start_interpolation: 0, interpolation_duration: 1 }
$data merge entity $(bone_left_cheek) { transformation: [-0.8450804634494666f,-0.11708113736467586f,-0.7514369361078855f,0.7847407506625136f,-0.41598387943372034f,1.0115591344116233f,0.31021279957064557f,-0.5278573300959903f,0.6366497260857692f,0.505535929721696f,-0.7947559382685438f,-2.773386854496728f,0f,0f,0f,1f], start_interpolation: 0, interpolation_duration: 1 }
$data merge entity $(bone_left_foot) { transformation: [-0.6731539640070489f,-0.13467397366453895f,-0.9011147618139433f,0.7567118665985979f,-0.15128163310259557f,1.1213457791209405f,-0.05457713379670233f,-6.627606227495626f,0.8984757985763494f,0.08790743350283059f,-0.6843205936602645f,-6.477309870047275f,0f,0f,0f,1f], start_interpolation: 0, interpolation_duration: 1 }
$data merge entity $(bone_left_knee) { transformation: [-2.35438419797661f,0.1529729245143396f,-2.0420670049881666f,1.0508967227569779f,-1.0748090232240368f,2.5562652355391777f,1.4306840774076572f,-3.409066013639201f,1.7430501806006626f,1.7828826798522492f,-1.876078020224275f,-4.156615971660293f,0f,0f,0f,1f], start_interpolation: 0, interpolation_duration: 1 }
$data merge entity $(bone_left_leg) { transformation: [-1.7978303731521759f,-0.05652593994398535f,-1.562689071929986f,0.7869812921737028f,-0.820734487154162f,2.0609297234808888f,0.8696838187026509f,-0.5655327177702636f,1.331009849329353f,1.1944705358571552f,-1.574496518891616f,-2.6179321988674946f,0f,0f,0f,1f], start_interpolation: 0, interpolation_duration: 1 }
$data merge entity $(bone_right_cheek) { transformation: [-0.9354841058462561f,0.11389516255788182f,-0.6359432608595854f,-0.6328121334856718f,-0.01854747731048434f,1.113891526962512f,0.22677766341577352f,-0.8781787262701086f,0.6457955792448768f,0.19697718011184578f,-0.9146991372690463f,-1.8686328835313613f,0f,0f,0f,1f], start_interpolation: 0, interpolation_duration: 1 }
$data merge entity $(bone_right_foot) { transformation: [-1.0672164860672329f,-0.11098530917495904f,-0.36333508695644406f,0.5673881916709647f,-0.12202283105627948f,1.1261365706134585f,0.014422393281614114f,-6.518335924903145f,0.3597784776321656f,0.052724167838834574f,-1.0728749981048045f,1.0110459972031935f,0f,0f,0f,1f], start_interpolation: 0, interpolation_duration: 1 }
$data merge entity $(bone_right_knee) { transformation: [-2.961598103358565f,-0.12261030366152674f,-0.9749188211316634f,0.4136388510883682f,-0.06498851695184328f,3.113621830940234f,-0.1941620630673134f,-2.543531720469136f,0.980447085275449f,-0.16397904593631352f,-2.9577690419717473f,0.9190748903348764f,0f,0f,0f,1f], start_interpolation: 0, interpolation_duration: 1 }
$data merge entity $(bone_right_leg) { transformation: [-2.2615047399077057f,-0.6901541790371457f,-0.2943975009693305f,-0.47281923581205954f,-0.049625855364876896f,1.0704240375410825f,-2.1281719907888066f,-1.2610900250760242f,0.7486788055626575f,-2.0137690922884515f,-1.0303399716061985f,-1.9256423311050976f,0f,0f,0f,1f], start_interpolation: 0, interpolation_duration: 1 }
$data merge entity $(bone_weist) { transformation: [-1.7894162774354159f,-0.09440156683564255f,-1.0743094487185392f,0.2841725649103479f,-0.2859693086344511f,2.0482845073955267f,0.29633628306431836f,0.9010242357068887f,1.0398432583548782f,0.40085157143289024f,-1.7672314724199176f,-1.5861523485464744f,0f,0f,0f,1f], start_interpolation: 0, interpolation_duration: 1 }
data modify entity @s data merge value {"locators":{"consume":{"posx":3.977018030128976,"posy":0.6361393900906265,"posz":2.4250424417371397,"roty":184.312601338651,"rotx":-47.58667093923186}},"cameras":{}}