# This file was generated by Animated Java via MC-Build. It is not recommended to edit this file directly.
$data merge entity $(bone_neck) { transformation: [-0.9389524178489044f,-0.3090088103949601f,0.15126768364058465f,-0.3275421375513447f,-0.2641727409159243f,0.9292127434000806f,0.25841137834829164f,4.5496837751581145f,-0.22041125191937072f,0.2026751899004603f,-0.9541182565207251f,0.5576240440944593f,0f,0f,0f,1f], start_interpolation: 0, interpolation_duration: 1 }
$data merge entity $(bone_right_thumb_2) { transformation: [0.26964388235016246f,-0.8693587202780471f,0.41413475124366f,3.442938157682505f,0.6313962833600385f,-0.1650987747449098f,-0.757681415858182f,1.026204573191625f,0.7270700860785443f,0.4657873013020491f,0.504391990296726f,1.9201456261153955f,0f,0f,0f,1f], start_interpolation: 0, interpolation_duration: 1 }
$data merge entity $(bone_right_thumb) { transformation: [0.26964388235016246f,-0.8693587202780471f,0.41413475124366f,3.233547987380287f,0.6313962833600385f,-0.1650987747449098f,-0.757681415858182f,1.0720616135221719f,0.7270700860785443f,0.4657873013020491f,0.504391990296726f,2.160951934844124f,0f,0f,0f,1f], start_interpolation: 0, interpolation_duration: 1 }
$data merge entity $(bone_right_fingers2) { transformation: [0.3289352044292055f,0.9398779191951022f,0.0918211756437575f,3.9593114181314863f,-0.576861623876027f,0.2769620486865626f,-0.7684547419896992f,0.7958254044225201f,-0.7476846248159913f,0.1998037051629103f,0.6332820708159542f,1.9871759330998868f,0f,0f,0f,1f], start_interpolation: 0, interpolation_duration: 1 }
$data merge entity $(bone_right_fingers) { transformation: [0.995290226803327f,-0.03108433903399059f,0.0918211756437575f,3.8990169516619564f,0.09067776473535638f,0.6334468032093493f,-0.7684547419896992f,1.0843440937204554f,-0.034276922446176666f,0.7731616334057683f,0.6332820708159542f,2.358850538440327f,0f,0f,0f,1f], start_interpolation: 0, interpolation_duration: 1 }
$data merge entity $(bone_right_hand) { transformation: [0.055779205227181716f,-0.9942120256603328f,0.0918211756437575f,3.2041992270613884f,0.6389394348165266f,-0.03512418183933197f,-0.7684547419896992f,1.0770354783512182f,0.7672320893318798f,0.10153196483125572f,0.6332820708159542f,2.4969132504959877f,0f,0f,0f,1f], start_interpolation: 0, interpolation_duration: 1 }
$data merge entity $(bone_right_forearm) { transformation: [0.09933043811836877f,-1.4972320858013528f,-0.12018920636855773f,1.0425675473034197f,1.0943217462667658f,0.1546436035418463f,-1.0220377544634098f,1.2724377959450466f,1.0288873989549245f,-0.01993331753329218f,1.0986397421999843f,2.4347588988878544f,0f,0f,0f,1f], start_interpolation: 0, interpolation_duration: 1 }
$data merge entity $(bone_right_bicep) { transformation: [0.10418463284641843f,-1.0751468485827549f,-1.1515680502278935f,-0.5722705907277081f,1.1478003269731958f,0.8423346749433049f,-0.6825912853478474f,2.3969798888623615f,1.0791682583004962f,-0.7921083937285176f,0.8371763977238882f,1.2429560326580256f,0f,0f,0f,1f], start_interpolation: 0, interpolation_duration: 1 }
$data merge entity $(bone_right_shoulder) { transformation: [0.18322904976858584f,-0.6591461617480562f,-0.7293513918364087f,-0.7431156980804323f,0.6232800904580295f,0.6516280307850142f,-0.4323226090940368f,2.387052634412236f,0.7602295996339079f,-0.3753761406217105f,0.5302298642027041f,0.8819844874792757f,0f,0f,0f,1f], start_interpolation: 0, interpolation_duration: 1 }
$data merge entity $(bone_right_arm) { transformation: [-0.4626624529723044f,-0.22586147902322704f,-1.3691151114879472f,-0.6421336532372139f,-0.6870321509106753f,1.2911877474436486f,0.019161577910252203f,2.607779947929505f,1.205602098466266f,0.649127826199432f,-0.5144927473044677f,0.5982919092310288f,0f,0f,0f,1f], start_interpolation: 0, interpolation_duration: 1 }
$data merge entity $(bone_left_thumb_2) { transformation: [-0.5420100580400349f,-0.7618823160182471f,0.3546271753857987f,1.7801086216387645f,-0.4901430274483191f,-0.05618029641557121f,-0.8698296309843986f,3.8187735263123987f,0.6826308736258816f,-0.6452744461338371f,-0.34298101921161045f,-3.3381483408698966f,0f,0f,0f,1f], start_interpolation: 0, interpolation_duration: 1 }
$data merge entity $(bone_left_thumb) { transformation: [-0.5420100580400349f,-0.7618823160182471f,0.3546271753857987f,1.6417190575791802f,-0.4901430274483191f,-0.05618029641557121f,-0.8698296309843986f,3.875004108130644f,0.6826308736258816f,-0.6452744461338371f,-0.34298101921161045f,-3.623842653236112f,0f,0f,0f,1f], start_interpolation: 0, interpolation_duration: 1 }
$data merge entity $(bone_left_fingers2) { transformation: [-0.03622378598350101f,0.9966986266332936f,0.0726614409183319f,2.2421318327937225f,0.5418598577969422f,0.08068221475452755f,-0.8365872786091013f,3.493687504449652f,-0.8396878776291218f,0.009067959506472517f,-0.5429935913738667f,-3.2669964026854372f,0f,0f,0f,1f], start_interpolation: 0, interpolation_duration: 1 }
$data merge entity $(bone_left_fingers) { transformation: [-0.9614610775328905f,0.26516581867383465f,0.0726614409183319f,2.3230878045524967f,0.08599240592279968f,0.5410425412045032f,-0.8365872786091013f,3.7462685372156606f,-0.26114728126653275f,-0.7980977742194301f,-0.5429935913738667f,-3.6602767372299763f,0f,0f,0f,1f], start_interpolation: 0, interpolation_duration: 1 }
$data merge entity $(bone_left_hand) { transformation: [-0.3479536370133744f,-0.9346917039820332f,0.0726614409183319f,1.6879365901037664f,-0.5314889789811511f,0.13282014339320536f,-0.8365872786091013f,3.8486640020175034f,0.7723002859709029f,-0.32971234131614124f,-0.5429935913738667f,-3.9568985542128283f,0f,0f,0f,1f], start_interpolation: 0, interpolation_duration: 1 }
$data merge entity $(bone_left_forearm) { transformation: [-0.3122789894637022f,-1.407018683845521f,0.4345067963409883f,-0.3516915990131139f,-1.4406676803747733f,0.19993803577064104f,-0.3879656126425516f,4.0971867283651715f,0.3049169845719677f,-0.4963256039931426f,-1.3880570692005938f,-4.658931354533898f,0f,0f,0f,1f], start_interpolation: 0, interpolation_duration: 1 }
$data merge entity $(bone_left_bicep) { transformation: [-0.3275398002791036f,0.47875841501073646f,-1.4684727499460033f,0.3496444663522675f,-1.5110718947467368f,0.21150166559963193f,0.4059962221493357f,4.230900533072152f,0.31981802041798113f,1.489617932071655f,0.41431752112472237f,-2.3843104624665945f,0f,0f,0f,1f], start_interpolation: 0, interpolation_duration: 1 }
$data merge entity $(bone_left_shoulder) { transformation: [-0.1516430548985423f,0.33464052143332434f,-0.9300645705088818f,0.3926863742731628f,-0.9192441362941156f,0.2981096638810302f,0.2571397405879238f,4.0736657057016075f,0.36331061337363f,0.893949858613766f,0.26241007696829155f,-2.0776794166798056f,0f,0f,0f,1f], start_interpolation: 0, interpolation_duration: 1 }
$data merge entity $(bone_left_arm) { transformation: [-0.4626624529723044f,-0.22586147902322704f,-1.3691151114879472f,0.2696087568325068f,-0.6870321509106753f,1.2911877474436486f,0.019161577910252203f,3.892173242744215f,1.205602098466266f,0.649127826199432f,-0.5144927473044677f,-1.7801076224163082f,0f,0f,0f,1f], start_interpolation: 0, interpolation_duration: 1 }
$data merge entity $(bone_chest) { transformation: [-0.6533117651252108f,-0.3189322163198928f,-1.9332863611461768f,-0.049381309279085184f,-0.9701374821442275f,1.8232474690159284f,0.02705748911913647f,3.9490597599991712f,1.7023945425603908f,0.9166139227460243f,-0.7264997683002421f,-0.13999426372907942f,0f,0f,0f,1f], start_interpolation: 0, interpolation_duration: 1 }
$data merge entity $(bone_left_cheek) { transformation: [-0.8787961938391916f,-0.13385169040633574f,-0.7087506092038972f,0.85716495397098f,-0.4017220941797613f,1.0186652523466007f,0.3057235909890528f,-0.549340894434339f,0.5990518008647965f,0.48675587311791224f,-0.8347048048523749f,-2.7122616650663507f,0f,0f,0f,1f], start_interpolation: 0, interpolation_duration: 1 }
$data merge entity $(bone_left_foot) { transformation: [-0.7187066494544664f,-0.1290210053488471f,-0.8660805300944643f,1.0808877985797454f,-0.15170230890398448f,1.1218587860096243f,-0.04123622347175327f,-6.716949368366632f,0.8623968424705273f,0.08981980200259307f,-0.7290303434460599f,-6.3256070602378065f,0f,0f,0f,1f], start_interpolation: 0, interpolation_duration: 1 }
$data merge entity $(bone_left_knee) { transformation: [-2.426231703056724f,0.07063422601183343f,-1.9608604869740116f,1.2679966477772706f,-1.0761317384816897f,2.5595881520659587f,1.4237318193444022f,-3.493909541603461f,1.6407021438069203f,1.783278614826369f,-1.965852786296089f,-4.000059692097382f,0f,0f,0f,1f], start_interpolation: 0, interpolation_duration: 1 }
$data merge entity $(bone_left_leg) { transformation: [-1.852693817690771f,-0.16907368803972103f,-1.488733043210733f,0.8553811279804926f,-0.8217445252215614f,2.0943316449076703f,0.7847912234799556f,-0.6119500601380066f,1.252855906001657f,1.123643812422523f,-1.686761106276105f,-2.5693470403446637f,0f,0f,0f,1f], start_interpolation: 0, interpolation_duration: 1 }
$data merge entity $(bone_right_cheek) { transformation: [-0.9765258613127491f,0.06651058098124028f,-0.5783597809173028f,-0.6235442347686252f,-0.03968560314956174f,1.1192171655821592f,0.19571520264576153f,-0.9056314488625858f,0.5808173090291195f,0.18829692047814775f,-0.9590213629781127f,-1.9076282538211127f,0f,0f,0f,1f], start_interpolation: 0, interpolation_duration: 1 }
$data merge entity $(bone_right_foot) { transformation: [-1.0871350701713636f,-0.09273135194683287f,-0.30466274463678333f,0.29722468726696216f,-0.11175840412235817f,1.1258971504907247f,0.05609650635191047f,-6.609980090958568f,0.29820890448061543f,0.08389073419024821f,-1.0896398241646148f,0.795429288287334f,0f,0f,0f,1f], start_interpolation: 0, interpolation_duration: 1 }
$data merge entity $(bone_right_knee) { transformation: [-3.0094590357769855f,-0.04015071284268738f,-0.8234728607648597f,0.2426095007315115f,-0.03604291166671404f,3.120071768580878f,-0.020405577692208503f,-2.6328803529253264f,0.8236628804775791f,-0.010168546631223137f,-3.0096576848805516f,0.8996447523512823f,0f,0f,0f,1f], start_interpolation: 0, interpolation_duration: 1 }
$data merge entity $(bone_right_leg) { transformation: [-2.2980518073163165f,-0.566724815267381f,-0.274166450709802f,-0.4732969689540015f,-0.027522713322213344f,1.1270991344028853f,-2.099113243616002f,-1.2718074688417382f,0.6289568818178559f,-2.02135026480639f,-1.0935916586301946f,-1.95654838585662f,0f,0f,0f,1f], start_interpolation: 0, interpolation_duration: 1 }
$data merge entity $(bone_weist) { transformation: [-1.8467972085061841f,-0.10892749629823636f,-0.9708439280243469f,0.27201078146552976f,-0.28200432866104497f,2.0473023220453235f,0.30674064312059796f,0.8806264535858288f,0.9353484327500519f,0.40218287392155627f,-1.82439998537985f,-1.567845585163079f,0f,0f,0f,1f], start_interpolation: 0, interpolation_duration: 1 }
data modify entity @s data merge value {"locators":{"consume":{"posx":3.9201844491669027,"posy":0.9582849776202366,"posz":2.212613412343798,"roty":171.75003142661924,"rotx":-50.21532810210017}},"cameras":{}}