# This file was generated by Animated Java via MC-Build. It is not recommended to edit this file directly.
$data merge entity $(bone_right_thumb_2) { transformation: [-0.12813215235286418f,0.9908611333145823f,-0.04214695742238206f,-3.393802711481025f,0.24362996058707695f,-0.009747178818861862f,-0.9698192794585043f,4.459009122047789f,-0.9613670442852519f,-0.13453329324600224f,-0.24015453185526905f,-3.2546230641350746f,0f,0f,0f,1f], start_interpolation: 0, interpolation_duration: 1 }
$data merge entity $(bone_right_thumb) { transformation: [-0.42015947654533664f,0.899348235451506f,-0.12099076683537167f,-3.1980292108893784f,0.23528511973466767f,-0.020803849153252105f,-0.9717037163106107f,4.4877686364210465f,-0.8764170963077977f,-0.4367378518638742f,-0.2028623228910111f,-3.509143037201496f,0f,0f,0f,1f], start_interpolation: 0, interpolation_duration: 1 }
$data merge entity $(bone_right_fingers2) { transformation: [-0.6434716037266338f,-0.7654422140642909f,0.0065201323475670425f,-3.974415905713488f,-0.1816877600807449f,0.14445094964101454f,-0.972688789379548f,4.2239208084817275f,0.7435952212288047f,-0.6270822434706351f,-0.23202156556992595f,-3.152652768150845f,0f,0f,0f,1f], start_interpolation: 0, interpolation_duration: 1 }
$data merge entity $(bone_right_fingers) { transformation: [-0.9913044562705218f,0.13142664437767282f,0.0065201323475670425f,-3.8661465375701143f,0.024207932933983684f,0.23084734132844803f,-0.972688789379548f,4.323849854969526f,-0.1293423788294803f,-0.9640728925497342f,-0.23202156556992595f,-3.60355452974187f,0f,0f,0f,1f], start_interpolation: 0, interpolation_duration: 1 }
$data merge entity $(bone_right_hand) { transformation: [-0.21554544431666517f,0.9764720422564599f,0.0065201323475670425f,-3.190945660839951f,0.22520514386608773f,0.05620642482496077f,-0.972688789379548f,4.349103528452155f,-0.9501698819740529f,-0.20819026994529413f,-0.23202156556992595f,-3.8165156219074157f,0f,0f,0f,1f], start_interpolation: 0, interpolation_duration: 1 }
$data merge entity $(bone_right_forearm) { transformation: [-0.32446684407200194f,1.4699118456432145f,0.009814945393319471f,-1.061873480380407f,0.3390078715449846f,0.08460917064307083f,-1.4642168047427235f,4.466714249337036f,-1.4303184366237658f,-0.31339488556485795f,-0.3492688299480719f,-4.226291312748522f,0f,0f,0f,1f], start_interpolation: 0, interpolation_duration: 1 }
$data merge entity $(bone_right_bicep) { transformation: [-0.29463615708136737f,0.18424416447682954f,1.5401778406538003f,-0.7628612453605357f,1.413717601816472f,-0.6132726251427335f,0.3438071954006594f,3.718371158307744f,0.6383543179920154f,1.4432099407748058f,-0.0505271174140577f,-2.068991596285028f,0f,0f,0f,1f], start_interpolation: 0, interpolation_duration: 1 }
$data merge entity $(bone_right_shoulder) { transformation: [-0.19606955581915056f,0.0999838452431358f,0.9754793488184553f,-0.7385117505181806f,0.9258308840873785f,-0.30890328037586134f,0.21775200904472716f,3.34133907811677f,0.32310045396264f,0.9458234476176979f,-0.03200160286153447f,-1.9392188328721898f,0f,0f,0f,1f], start_interpolation: 0, interpolation_duration: 1 }
$data merge entity $(bone_right_arm) { transformation: [-0.8389810080088566f,-4.636261363158332e-17f,1.198189054282339f,-0.5199275925561178f,0.3101141468816473f,1.4128778172222631f,0.2171442633520026f,3.3962524619870718f,-1.1573617523081854f,0.37857947012855275f,-0.8103934234017901f,-1.6160448654736495f,0f,0f,0f,1f], start_interpolation: 0, interpolation_duration: 1 }
$data merge entity $(bone_left_thumb_2) { transformation: [-0.4179429669336134f,0.8997592396335744f,-0.12552683810540677f,-1.0725864568940462f,-0.2930233326104468f,-0.2643008968836392f,-0.9188483892636324f,1.2944110682477912f,-0.8599191839566063f,-0.34724392953731587f,0.3741131519512346f,2.905120142144856f,0f,0f,0f,1f], start_interpolation: 0, interpolation_duration: 1 }
$data merge entity $(bone_left_thumb) { transformation: [-0.4179429669336134f,0.851262372645121f,-0.31729489329223076f,-0.7669117313268045f,-0.2930233326104468f,-0.4569111009455825f,-0.8398628295016773f,1.2066904951117876f,-0.8599191839566063f,-0.25803995572642496f,0.4404025185124497f,2.9580621206563116f,0f,0f,0f,1f], start_interpolation: 0, interpolation_duration: 1 }
$data merge entity $(bone_left_fingers2) { transformation: [0.9711562614196108f,0.17246586246447593f,-0.1646543111791175f,-1.720391323006733f,-0.21792598318023892f,0.3617531677588801f,-0.9064452059950133f,1.3037391300145256f,-0.09676663557451753f,0.9161823900844197f,0.3889036466000139f,3.214786364147987f,0f,0f,0f,1f], start_interpolation: 0, interpolation_duration: 1 }
$data merge entity $(bone_left_fingers) { transformation: [0.45437610542016815f,0.875460628831092f,-0.1646543111791175f,-1.2873431916804599f,-0.41966301694137575f,0.04732906866103323f,-0.9064452059950133f,1.299162270032682f,-0.7857641548421911f,0.48096636745862825f,0.3889036466000139f,3.4083550530507774f,0f,0f,0f,1f], start_interpolation: 0, interpolation_duration: 1 }
$data merge entity $(bone_left_hand) { transformation: [-0.4179429669336134f,0.8934274644317015f,-0.1646543111791175f,-0.6361084341100731f,-0.2930233326104468f,-0.3041289448153952f,-0.9064452059950133f,1.0765303208438994f,-0.8599191839566063f,-0.3305948437659237f,0.3889036466000139f,3.2403827205952984f,0f,0f,0f,1f], start_interpolation: 0, interpolation_duration: 1 }
$data merge entity $(bone_left_forearm) { transformation: [-0.6291417381283706f,1.3449024205100866f,-0.24785893703533501f,1.2863298035047306f,-0.44109656909237344f,-0.4578141710581716f,-1.3644984065694687f,0.4086073276472235f,-1.2944614285860785f,-0.49765406067045487f,0.5854280022500269f,2.483542680828765f,0f,0f,0f,1f], start_interpolation: 0, interpolation_duration: 1 }
$data merge entity $(bone_left_bicep) { transformation: [-0.6071816597833697f,0.12146705405289544f,1.4524050209383288f,1.3778057477198966f,-0.6544871614201812f,1.3831160363642911f,-0.38928234423427216f,2.4180504774112177f,-1.302260014591291f,-0.7517579017051215f,-0.48154238615624106f,1.203924675220463f,0f,0f,0f,1f], start_interpolation: 0, interpolation_duration: 1 }
$data merge entity $(bone_left_shoulder) { transformation: [-0.3653601299593561f,0.14254141210785318f,0.9198879938722875f,1.3211245165700634f,-0.2561087839564716f,0.9346761226095615f,-0.2465539223048246f,2.580031804462932f,-0.8949414875936972f,-0.32567236858206927f,-0.30498728190815577f,0.9020185925756772f,0f,0f,0f,1f], start_interpolation: 0, interpolation_duration: 1 }
$data merge entity $(bone_left_arm) { transformation: [-0.8389810080088566f,-4.636261363158332e-17f,1.198189054282339f,1.11590380027052f,0.3101141468816473f,1.4128778172222631f,0.2171442633520026f,2.731226626520994f,-1.1573617523081854f,0.37857947012855275f,-0.8103934234017901f,0.6243838842594248f,0f,0f,0f,1f], start_interpolation: 0, interpolation_duration: 1 }
$data merge entity $(bone_chest) { transformation: [-1.1846999031961767f,-6.546725534540192e-17f,1.6919268053371965f,0.07061863077404396f,0.4379028801407316f,1.9950823645743017f,0.30662289767828327f,3.791482240958474f,-1.6342757974659547f,0.5345807084212588f,-1.144332232899346f,-0.1360104305221257f,0f,0f,0f,1f], start_interpolation: 0, interpolation_duration: 1 }
$data merge entity $(bone_weist) { transformation: [-1.762075257298307f,0.09783805117781863f,1.1182940421627088f,0.23161239892104468f,0.2905413938568607f,2.0501517845960704f,0.278435665730951f,0.3533497549409248f,-1.0843152435756844f,0.3903439985923338f,-1.7426861670106095f,-1.3188794787830131f,0f,0f,0f,1f], start_interpolation: 0, interpolation_duration: 1 }
$data merge entity $(bone_right_foot) { transformation: [0.1014822571001662f,-0.003606691855777992f,1.128259498372477f,-2.3270795867687886f,0.16574203908893498f,1.1205723794704612f,-0.011325689672203881f,-6.788551890106481f,-1.116025125332086f,0.16608939322475283f,0.10091276175853932f,-3.3279131526105945f,0f,0f,0f,1f], start_interpolation: 0, interpolation_duration: 1 }
$data merge entity $(bone_right_knee) { transformation: [0.2795323375896552f,-0.5494448496594492f,3.0588454275432326f,-3.1342239428447356f,0.456535565401118f,3.0451353339235596f,0.5052617101977033f,-2.9204455288112134f,-3.074085273694164f,0.40227412973087284f,0.35318348600086663f,-2.8616115613884805f,0f,0f,0f,1f], start_interpolation: 0, interpolation_duration: 1 }
$data merge entity $(bone_right_thigh) { transformation: [0.21345357619576688f,1.9396065640910864f,1.367388136334542f,-0.39476789608535395f,0.3486149399948044f,1.3323860597128254f,-1.9443768615008241f,-1.2803643642193308f,-2.3474010229328313f,0.3742460854332962f,-0.16442224033322608f,-2.2885539261584045f,0f,0f,0f,1f], start_interpolation: 0, interpolation_duration: 1 }
$data merge entity $(bone_right_leg) { transformation: [-0.958846112135031f,-3.6035188824684315e-17f,0.6108523427321153f,-0.37344499999999975f,0.15810022004456378f,1.0981546324025333f,0.24816763514305332f,-1.275591852130347f,-0.5900380538941316f,0.2942496469167552f,-0.9261742231480905f,-2.2701429652683887f,0f,0f,0f,1f], start_interpolation: 0, interpolation_duration: 1 }
$data merge entity $(bone_left_foot) { transformation: [-1.066861135628505f,-0.22935481179612482f,-0.30411320259308255f,2.6348004517006607f,-0.20158326905019813f,1.1073696210828199f,-0.12797601471341288f,-6.630656148418425f,0.3231913602256295f,-0.06640816974481685f,-1.0837058881756856f,0.7667747773402473f,0f,0f,0f,1f], start_interpolation: 0, interpolation_duration: 1 }
$data merge entity $(bone_left_knee) { transformation: [-2.92765271807345f,-0.5174435890427451f,-0.9474518534962476f,2.0414518446315615f,-0.5985163491326535f,3.0571246197445543f,0.17980700584351741f,-2.7340168263412563f,0.8984381238325945f,0.350434746690526f,-2.967586181753428f,1.310194902055545f,0f,0f,0f,1f], start_interpolation: 0, interpolation_duration: 1 }
$data merge entity $(bone_left_thigh) { transformation: [-2.2355837178644977f,-0.8167076809327397f,0.11198380404799248f,0.8667194327267069f,-0.45703282931629946f,0.9585741959761316f,-2.132989186981569f,-1.6207633289984806f,0.6860559754063305f,-2.0227482400829384f,-1.0560317816690408f,-1.501130607903303f,0f,0f,0f,1f], start_interpolation: 0, interpolation_duration: 1 }
$data merge entity $(bone_left_leg) { transformation: [-0.9845785080598365f,-3.6035188824684315e-17f,0.5684466666666668f,0.8109450000000001f,0.14712482345837757f,1.0981546324025333f,0.25482766928451145f,-1.5020585165950529f,-0.5490773162012668f,0.2942496469167552f,-0.9510298089441557f,-1.4249578672654537f,0f,0f,0f,1f], start_interpolation: 0, interpolation_duration: 1 }
data modify entity @s data merge value {"locators":{"consume":{"posx":-3.855540618213391,"posy":4.272905207008891,"posz":-3.4164277864091006,"roty":1.6096683716539246,"rotx":-76.5784857030357}},"cameras":{}}