# This file was generated by Animated Java via MC-Build. It is not recommended to edit this file directly.
$data merge entity $(bone_left_fingers_2) { transformation: [-0.9608477707203751f,0.24689788762681636f,0.1257497299683049f,2.622504193828536f,0.22600538359565944f,0.9609296206667703f,-0.1597993451519606f,5.089602180915909f,-0.16029076107955997f,-0.12512272859329993f,-0.9791073356388986f,2.0511174190645907f,0f,0f,0f,1f], start_interpolation: 0, interpolation_duration: 1 }
$data merge entity $(bone_left_fingers) { transformation: [-0.9608477707203751f,0.24689788762681636f,0.1257497299683049f,2.7096163208007598f,0.22600538359565944f,0.9609296206667703f,-0.1597993451519606f,4.999957125944263f,-0.16029076107955997f,-0.12512272859329993f,-0.9791073356388986f,1.4883166847445635f,0f,0f,0f,1f], start_interpolation: 0, interpolation_duration: 1 }
$data merge entity $(bone_left_index_finger_2) { transformation: [-0.9608477707203751f,0.21087700444139773f,0.17972882489881353f,2.2507770668244795f,0.22600538359565944f,0.9717431508794384f,0.06809416498261556f,5.389791827262019f,-0.16029076107955997f,0.10604780863706487f,-0.981356578515583f,1.9147568304645026f,0f,0f,0f,1f], start_interpolation: 0, interpolation_duration: 1 }
$data merge entity $(bone_left_index_finger) { transformation: [-0.9608477707203751f,0.27590786055930105f,0.025424672726997624f,2.2670258164126866f,0.22600538359565944f,0.8335195797809032f,-0.5041494587001409f,5.104060855763014f,-0.16029076107955997f,-0.47866477058945517f,-0.8632420919470271f,1.4144827529222912f,0f,0f,0f,1f], start_interpolation: 0, interpolation_duration: 1 }
$data merge entity $(bone_left_thumb) { transformation: [-0.6043063519011524f,0.6834460275186216f,0.4095306588290262f,2.047131172921227f,0.6496455225695748f,0.7202376329616577f,-0.2433484067568398f,4.789839036596848f,-0.46127489424119417f,0.11899277093506136f,-0.8792418281724154f,0.652882901748945f,0f,0f,0f,1f], start_interpolation: 0, interpolation_duration: 1 }
$data merge entity $(bone_left_hand) { transformation: [-0.9608477707203751f,0.24689788762681636f,0.1257497299683049f,2.6584427603806695f,0.22600538359565944f,0.9609296206667703f,-0.1597993451519606f,4.799868700640856f,-0.16029076107955997f,-0.12512272859329993f,-0.9791073356388986f,0.7838090817877716f,0f,0f,0f,1f], start_interpolation: 0, interpolation_duration: 1 }
$data merge entity $(bone_left_forearm) { transformation: [0.05118210169549897f,-1.5059563753715342f,1.3171158723872998f,3.324009004355826f,-1.888364899193291f,-0.47159388859191886f,-0.4658279135991736f,3.9178852528774417f,0.6608909390447402f,-1.2308586568210338f,-1.4330138055748027f,-1.1719770768989002f,0f,0f,0f,1f], start_interpolation: 0, interpolation_duration: 1 }
$data merge entity $(bone_left_bicep) { transformation: [0.03299445199184058f,-0.9708121332065578f,0.8490764345262459f,1.9147608658036752f,-1.2173311166506702f,-0.30401217225043825f,-0.30029514659533474f,2.7756328152446414f,0.4260421834547632f,-0.7934708719629311f,-0.9237898336605549f,-1.5904370531667988f,0f,0f,0f,1f], start_interpolation: 0, interpolation_duration: 1 }
$data merge entity $(bone_left_shoulder) { transformation: [-0.5721226995790878f,-0.7308767401422251f,0.8113156705149907f,1.458392485443276f,-1.077782179082065f,0.5251563657360669f,-0.2869401956118715f,2.2311382508541446f,-0.17549786596203873f,-0.8424774727692951f,-0.8827063593272737f,-1.7970270947738283f,0f,0f,0f,1f], start_interpolation: 0, interpolation_duration: 1 }
$data merge entity $(bone_right_fingers_2) { transformation: [-0.9608477707203751f,-0.24689788762681622f,-0.1257497299683047f,-2.6225041152349555f,-0.22600538359565944f,0.9609296206667703f,-0.1597993451519606f,5.089602280790501f,0.1602907610795597f,-0.1251227285933f,-0.9791073356388986f,2.051118031006675f,0f,0f,0f,1f], start_interpolation: 0, interpolation_duration: 1 }
$data merge entity $(bone_right_fingers) { transformation: [-0.9608477707203751f,-0.24689788762681622f,-0.1257497299683047f,-2.7096167137686664f,-0.22600538359565944f,0.9609296206667703f,-0.1597993451519606f,4.9999566265713105f,0.1602907610795597f,-0.1251227285933f,-0.9791073356388986f,1.4883136250341389f,0f,0f,0f,1f], start_interpolation: 0, interpolation_duration: 1 }
$data merge entity $(bone_right_index_finger_2) { transformation: [-0.9608477707203751f,-0.21087700444139762f,-0.17972882489881328f,-2.25077706682448f,-0.22600538359565944f,0.9717431508794384f,0.06809416498261556f,5.3897918272620196f,0.1602907610795597f,0.10604780863706481f,-0.9813565785155831f,1.9147568304645017f,0f,0f,0f,1f], start_interpolation: 0, interpolation_duration: 1 }
$data merge entity $(bone_right_index_finger) { transformation: [-0.9608477707203751f,-0.27590786055930083f,-0.02542467272699747f,-2.267025816412687f,-0.22600538359565944f,0.8335195797809032f,-0.5041494587001409f,5.104060855763015f,0.1602907610795597f,-0.4786647705894552f,-0.8632420919470271f,1.4144827529222903f,0f,0f,0f,1f], start_interpolation: 0, interpolation_duration: 1 }
$data merge entity $(bone_right_thumb) { transformation: [-0.6043063519011527f,-0.6834460275186215f,-0.40953065882902595f,-2.047131172921228f,-0.6496455225695748f,0.7202376329616577f,-0.2433484067568398f,4.789839036596849f,0.46127489424119394f,0.11899277093506114f,-0.8792418281724155f,0.6528829017489446f,0f,0f,0f,1f], start_interpolation: 0, interpolation_duration: 1 }
$data merge entity $(bone_right_hand) { transformation: [-0.9608477707203751f,-0.24689788762681622f,-0.1257497299683047f,-2.65844276038067f,-0.22600538359565944f,0.9609296206667703f,-0.1597993451519606f,4.7998687006408565f,0.1602907610795597f,-0.1251227285933f,-0.9791073356388986f,0.783809081787771f,0f,0f,0f,1f], start_interpolation: 0, interpolation_duration: 1 }
$data merge entity $(bone_right_forearm) { transformation: [0.05118215497478004f,1.5059579430342493f,-1.3171172434717997f,-3.324013412476649f,1.8883668649336625f,-0.47159437950929717f,-0.46582839851431695f,3.9178852618807944f,-0.6608916270155876f,-1.2308599381139413f,-1.433015297306137f,-1.1719773925565402f,0f,0f,0f,1f], start_interpolation: 0, interpolation_duration: 1 }
$data merge entity $(bone_right_bicep) { transformation: [0.03299445199184079f,0.9708121332065579f,-0.8490764345262455f,-1.9147608658036748f,1.21733111665067f,-0.3040121722504382f,-0.3002951465953347f,2.7756328152446414f,-0.42604218345476313f,-0.7934708719629306f,-0.9237898336605549f,-1.5904370531667993f,0f,0f,0f,1f], start_interpolation: 0, interpolation_duration: 1 }
$data merge entity $(bone_right_shoulder) { transformation: [-0.5721226995790878f,0.7308767401422254f,-0.8113156705149903f,-1.4583924854432755f,1.077782179082065f,0.5251563657360669f,-0.2869401956118715f,2.2311382508541446f,0.1754978659620386f,-0.8424774727692947f,-0.8827063593272738f,-1.7970270947738287f,0f,0f,0f,1f], start_interpolation: 0, interpolation_duration: 1 }
$data merge entity $(bone_chest) { transformation: [-4.0674850000000005f,1.326997096557617e-17f,4.979464616296026e-16f,1.6765306575852148e-16f,0f,4.066041424974877f,-0.10835753602438897f,1.9628409388271173f,-4.981232485829872e-16f,-0.10835753602438897f,-4.066041424974877f,-1.3689911725997086f,0f,0f,0f,1f], start_interpolation: 0, interpolation_duration: 1 }
$data merge entity $(bone_right_fingers2) { transformation: [-1f,-1.221319979015777e-16f,9.020693719864116e-18f,0.7059684447783633f,0f,0.07365955413548347f,0.99728344520731f,0.8948486302291729f,-1.2246467991473532e-16f,0.99728344520731f,-0.07365955413548347f,-8.6907457113981f,0f,0f,0f,1f], start_interpolation: 0, interpolation_duration: 1 }
$data merge entity $(bone_left_foot) { transformation: [-1f,-7.533562421456564e-17f,9.655123795591814e-17f,0.7107946947783632f,0f,0.7884006884527104f,0.6151620554352262f,1.5407202389517165f,-1.2246467991473532e-16f,0.6151620554352262f,-0.7884006884527104f,-7.932683262794766f,0f,0f,0f,1f], start_interpolation: 0, interpolation_duration: 1 }
$data merge entity $(bone_left_knee) { transformation: [-1.5850141666666666f,-5.951394759275546e-17f,1.84759583681161e-16f,0.726850319778363f,0f,1.508676491946885f,0.4859682614954075f,0.37431785539148477f,-1.9410825258115427e-16f,0.4859682614954075f,-1.508676491946885f,-6.213255562753172f,0f,0f,0f,1f], start_interpolation: 0, interpolation_duration: 1 }
$data merge entity $(bone_left_thigh) { transformation: [-1.6036533333333332f,-1.8402210412220442e-16f,6.859480824506366e-17f,0.6965084447783627f,0f,0.560119115918337f,1.5026545143491803f,1.9680925402270328f,-1.9639089216086498e-16f,1.5026545143491803f,-0.560119115918337f,-4.835905002610193f,0f,0f,0f,1f], start_interpolation: 0, interpolation_duration: 1 }
$data merge entity $(bone_left_fingers2) { transformation: [-0.9998144417700907f,-0.014445225625299249f,0.012744311852593058f,-0.7214326901696098f,0.01918811247245814f,-0.8052716958719309f,0.5925954034307798f,1.5093024587877544f,0.0017024593111855128f,0.5927299817658785f,0.8053994476954371f,-8.576600138869939f,0f,0f,0f,1f], start_interpolation: 0, interpolation_duration: 1 }
$data merge entity $(bone_right_foot) { transformation: [-0.9998144417700907f,0.014491637159072646f,0.012691512140471317f,-0.7146635515980193f,0.01918811247245814f,0.6909760207448506f,0.7226229688401524f,2.0386964645367947f,0.0017024593111855128f,0.7227324063635595f,-0.6911258716212498f,-7.7330787881826115f,0f,0f,0f,1f], start_interpolation: 0, interpolation_duration: 1 }
$data merge entity $(bone_right_knee) { transformation: [-1.5847200542435187f,0.02742393929264293f,0.013423329174240434f,-0.7571915566607919f,0.03041343010043951f,1.3562050399996222f,0.8197882783275057f,0.5330824316461444f,0.002698422126402613f,0.8198937282156289f,-1.356479598624591f,-6.308432251346053f,0f,0f,0f,1f], start_interpolation: 0, interpolation_duration: 1 }
$data merge entity $(bone_right_thigh) { transformation: [-1.6033557622594117f,0.010847893434995867f,0.02892466678588626f,-0.6965084447783616f,0.0307710805268324f,0.42812342015900035f,1.5451431944081044f,1.9815422907368347f,0.002730154549247018f,1.5454114901315097f,-0.428252128934293f,-4.818372590675284f,0f,0f,0f,1f], start_interpolation: 0, interpolation_duration: 1 }