# This file was generated by Animated Java via MC-Build. It is not recommended to edit this file directly.
$data merge entity $(bone_left_fingers_2) { transformation: [-0.9592476240948868f,0.2500180900640623f,0.13166225848372004f,2.5993697335632193f,0.22340686438932403f,0.956349129395075f,-0.18837652626857004f,5.135630429758345f,-0.17301262558566588f,-0.15128548293210903f,-0.973231387719258f,2.026573964028011f,0f,0f,0f,1f], start_interpolation: 0, interpolation_duration: 1 }
$data merge entity $(bone_left_fingers) { transformation: [-0.9592476240948868f,0.2500180900640623f,0.13166225848372004f,2.6898854264603105f,0.22340686438932403f,0.956349129395075f,-0.18837652626857004f,5.029524954543247f,-0.17301262558566588f,-0.15128548293210903f,-0.973231387719258f,1.4671832574852641f,0f,0f,0f,1f], start_interpolation: 0, interpolation_duration: 1 }
$data merge entity $(bone_left_index_finger_2) { transformation: [-0.9592476240948868f,0.2171941249279846f,0.18075040183933888f,2.2304367593196224f,0.22340686438932403f,0.9746173866285117f,0.014502504098988345f,5.436033694766929f,-0.17301262558566588f,0.05429237311241808f,-0.9834220709389108f,1.8770775360584793f,0f,0f,0f,1f], start_interpolation: 0, interpolation_duration: 1 }
$data merge entity $(bone_left_index_finger) { transformation: [-0.9592476240948868f,0.28120503411401343f,0.027707841078872017f,2.248031989611603f,0.22340686438932403f,0.8147982663173763f,-0.5349702404339229f,5.13243174145258f,-0.17301262558566588f,-0.5069788102032817f,-0.8444164360034799f,1.3874893168248668f,0f,0f,0f,1f], start_interpolation: 0, interpolation_duration: 1 }
$data merge entity $(bone_left_thumb) { transformation: [-0.6021262025194927f,0.680570207483293f,0.4174544632958227f,2.0322852368535815f,0.636042746104506f,0.7249311024492616f,-0.2644324523002768f,4.796769072928116f,-0.4825905732267207f,0.10629717488177547f,-0.8693717554906291f,0.6338931047742756f,0f,0f,0f,1f], start_interpolation: 0, interpolation_duration: 1 }
$data merge entity $(bone_left_hand) { transformation: [-0.9592476240948868f,0.2500180900640623f,0.13166225848372004f,2.6427639762329975f,0.22340686438932403f,0.956349129395075f,-0.18837652626857004f,4.809225581903641f,-0.17301262558566588f,-0.15128548293210903f,-0.973231387719258f,0.7684466624843571f,0f,0f,0f,1f], start_interpolation: 0, interpolation_duration: 1 }
$data merge entity $(bone_left_forearm) { transformation: [0.03249763422532172f,-1.4977190452150342f,1.3270644290013276f,3.3203357154783877f,-1.883281372625604f,-0.4715232920398399f,-0.4860406258082021f,3.9071499975742796f,0.6763975226461684f,-1.2408955959365697f,-1.4170331487633046f,-1.1740076880966344f,0f,0f,0f,1f], start_interpolation: 0, interpolation_duration: 1 }
$data merge entity $(bone_left_bicep) { transformation: [0.020949542843608303f,-0.9655019527843756f,0.8554897540796811f,1.9073844983380004f,-1.214054030174529f,-0.3039666623070949f,-0.31332523603115664f,2.770904245724174f,0.436038475346774f,-0.7999411671407803f,-0.9134879313060562f,-1.59631580832758f,0f,0f,0f,1f], start_interpolation: 0, interpolation_duration: 1 }
$data merge entity $(bone_left_shoulder) { transformation: [-0.5776777695598675f,-0.719591817540146f,0.8174437721111977f,1.449302327667168f,-1.0753554770608376f,0.5231768878947264f,-0.2993908011376186f,2.2277922636648477f,-0.1721548790751309f,-0.8533533089991717f,-0.8728626109008041f,-1.8027521771966664f,0f,0f,0f,1f], start_interpolation: 0, interpolation_duration: 1 }
$data merge entity $(bone_right_fingers_2) { transformation: [-0.9592476240948868f,-0.25001809006406217f,-0.13166225848371976f,-2.5993696512743085f,-0.22340686438932403f,0.956349129395075f,-0.18837652626857004f,5.135630547493674f,0.1730126255856657f,-0.15128548293210925f,-0.973231387719258f,2.026574572297628f,0f,0f,0f,1f], start_interpolation: 0, interpolation_duration: 1 }
$data merge entity $(bone_right_fingers) { transformation: [-0.9592476240948868f,-0.25001809006406217f,-0.13166225848371976f,-2.689885837904869f,-0.22340686438932403f,0.956349129395075f,-0.18837652626857004f,5.029524365866603f,0.1730126255856657f,-0.15128548293210925f,-0.973231387719258f,1.467180216137177f,0f,0f,0f,1f], start_interpolation: 0, interpolation_duration: 1 }
$data merge entity $(bone_right_index_finger_2) { transformation: [-0.9592476240948868f,-0.21719412492798457f,-0.1807504018393386f,-2.230436759319623f,-0.22340686438932403f,0.9746173866285117f,0.014502504098988345f,5.436033694766929f,0.1730126255856657f,0.05429237311241786f,-0.9834220709389108f,1.8770775360584786f,0f,0f,0f,1f], start_interpolation: 0, interpolation_duration: 1 }
$data merge entity $(bone_right_index_finger) { transformation: [-0.9592476240948868f,-0.2812050341140132f,-0.02770784107887181f,-2.2480319896116034f,-0.22340686438932403f,0.8147982663173763f,-0.5349702404339229f,5.13243174145258f,0.1730126255856657f,-0.506978810203282f,-0.8444164360034798f,1.387489316824866f,0f,0f,0f,1f], start_interpolation: 0, interpolation_duration: 1 }
$data merge entity $(bone_right_thumb) { transformation: [-0.6021262025194928f,-0.680570207483293f,-0.4174544632958225f,-2.032285236853582f,-0.636042746104506f,0.7249311024492616f,-0.2644324523002768f,4.796769072928116f,0.4825905732267207f,0.10629717488177522f,-0.8693717554906292f,0.6338931047742751f,0f,0f,0f,1f], start_interpolation: 0, interpolation_duration: 1 }
$data merge entity $(bone_right_hand) { transformation: [-0.9592476240948868f,-0.25001809006406217f,-0.13166225848371976f,-2.642763976232998f,-0.22340686438932403f,0.956349129395075f,-0.18837652626857004f,4.809225581903641f,0.1730126255856657f,-0.15128548293210925f,-0.973231387719258f,0.7684466624843564f,0f,0f,0f,1f], start_interpolation: 0, interpolation_duration: 1 }
$data merge entity $(bone_right_forearm) { transformation: [0.03249766805454191f,1.4977206043028957f,-1.3270658104420248f,-3.320340126271226f,1.8832833330741519f,-0.47152378288372904f,-0.4860411317642706f,3.9071499749060106f,-0.6763982267589796f,-1.2408968876776785f,-1.4170346238591771f,-1.1740079631287796f,0f,0f,0f,1f], start_interpolation: 0, interpolation_duration: 1 }
$data merge entity $(bone_right_bicep) { transformation: [0.02094954284360844f,0.9655019527843756f,-0.8554897540796806f,-1.907384498338f,1.2140540301745288f,-0.30396666230709485f,-0.3133252360311566f,2.770904245724174f,-0.43603847534677403f,-0.7999411671407799f,-0.9134879313060562f,-1.5963158083275801f,0f,0f,0f,1f], start_interpolation: 0, interpolation_duration: 1 }
$data merge entity $(bone_right_shoulder) { transformation: [-0.5776777695598675f,0.7195918175401462f,-0.8174437721111975f,-1.4493023276671675f,1.0753554770608376f,0.5231768878947264f,-0.2993908011376186f,2.2277922636648477f,0.17215487907513075f,-0.8533533089991715f,-0.8728626109008043f,-1.8027521771966666f,0f,0f,0f,1f], start_interpolation: 0, interpolation_duration: 1 }
$data merge entity $(bone_chest) { transformation: [-4.0674850000000005f,1.4409599488978316e-17f,4.979147861044456e-16f,1.6765306575852148e-16f,0f,4.065782774683387f,-0.11766330911909335f,1.9628409388271173f,-4.981232485829872e-16f,-0.11766330911909335f,-4.065782774683387f,-1.3689911725997086f,0f,0f,0f,1f], start_interpolation: 0, interpolation_duration: 1 }
$data merge entity $(bone_right_fingers2) { transformation: [-1f,-1.224428370963888e-16f,2.3128922166351024e-18f,0.7105135236664173f,0f,0.018886198194005388f,0.9998216398527173f,0.9222912328491599f,-1.2246467991473532e-16f,0.9998216398527173f,-0.018886198194005388f,-8.663431404214803f,0f,0f,0f,1f], start_interpolation: 0, interpolation_duration: 1 }
$data merge entity $(bone_left_foot) { transformation: [-1f,-7.395315850499978e-17f,9.761418018788535e-17f,0.7153397736664172f,0f,0.7970802704571488f,0.6038733662349737f,1.5788916839818596f,-1.2246467991473532e-16f,0.6038733662349737f,-0.7970802704571488f,-7.9146426098884834f,0f,0f,0f,1f], start_interpolation: 0, interpolation_duration: 1 }
$data merge entity $(bone_left_knee) { transformation: [-1.5850141666666666f,-6.311594383218153e-17f,1.835603207511963e-16f,0.731395398666417f,0f,1.4988837669685513f,0.5153807928630958f,0.3790852069056574f,-1.9410825258115427e-16f,0.5153807928630958f,-1.4988837669685513f,-6.218355324782771f,0f,0f,0f,1f], start_interpolation: 0, interpolation_duration: 1 }
$data merge entity $(bone_left_thigh) { transformation: [-1.6036533333333332f,-1.8427946695509362e-16f,6.790037247679175e-17f,0.7010535236664167f,0f,0.5544486175448026f,1.5047560413614454f,1.9676545654868893f,-1.9639089216086498e-16f,1.5047560413614454f,-0.5544486175448026f,-4.835004427676169f,0f,0f,0f,1f], start_interpolation: 0, interpolation_duration: 1 }
$data merge entity $(bone_left_fingers2) { transformation: [-0.9997460493262464f,-0.016746449130537536f,0.015079565579977045f,-0.7313651604265754f,0.022447058607975818f,-0.7991647621840564f,0.6006927770858831f,1.3797095028799355f,0.001991586406011178f,0.6008787226427798f,0.7993377222793682f,-8.505182707504396f,0f,0f,0f,1f], start_interpolation: 0, interpolation_duration: 1 }
$data merge entity $(bone_right_foot) { transformation: [-0.9997460493262464f,0.017854016137386065f,0.013750307790317558f,-0.721527687538868f,0.022447058607975818f,0.7350459894304304f,0.6776455732771293f,1.9611219442994812f,0.001991586406011178f,0.6777821386920764f,-0.7352600941527984f,-7.696668699762331f,0f,0f,0f,1f], start_interpolation: 0, interpolation_duration: 1 }
$data merge entity $(bone_right_knee) { transformation: [-1.5846116512511328f,0.03230507649433006f,0.015238283560886653f,-0.768042919597326f,0.035578905893638615f,1.3678042952245861f,0.8000721592172867f,0.4763774080392824f,0.0031566926676684687f,0.8002110349975783f,-1.3681820943476541f,-6.2504080049343544f,0f,0f,0f,1f], start_interpolation: 0, interpolation_duration: 1 }
$data merge entity $(bone_right_thigh) { transformation: [-1.603246084488866f,0.013988042773561018f,0.03332177578694899f,-0.7010535236664156f,0.03599730036020911f,0.4874547386447989f,1.527349365944353f,1.981104315996691f,0.0031938141786211783f,1.527709470397826f,-0.48764493960144467f,-4.817472015741259f,0f,0f,0f,1f], start_interpolation: 0, interpolation_duration: 1 }