# This file was generated by Animated Java via MC-Build. It is not recommended to edit this file directly.
$data merge entity $(bone_left_fingers_2) { transformation: [-0.9587682990306701f,0.25093814871957437f,0.13339188240304728f,2.593572340072588f,0.22225862286543047f,0.9546070669991131f,-0.19830898163551106f,5.150597225302437f,-0.17710012234834283f,-0.16048486892085456f,-0.9710201612282096f,2.0178708158559933f,0f,0f,0f,1f], start_interpolation: 0, interpolation_duration: 1 }
$data merge entity $(bone_left_fingers) { transformation: [-0.9587682990306701f,0.25093814871957437f,0.13339188240304728f,2.685083584314563f,0.22225862286543047f,0.9546070669991131f,-0.19830898163551106f,5.038773170365691f,-0.17710012234834283f,-0.16048486892085456f,-0.9710201612282096f,1.4597574778927749f,0f,0f,0f,1f], start_interpolation: 0, interpolation_duration: 1 }
$data merge entity $(bone_left_index_finger_2) { transformation: [-0.9587682990306701f,0.21930780183264376f,0.18074135340084585f,2.225503160985373f,0.22225862286543047f,0.974979469678176f,-0.0040172463236969325f,5.450801836271935f,-0.17710012234834283f,0.03631971587714794f,-0.9835224577521375f,1.863952933318414f,0f,0f,0f,1f], start_interpolation: 0, interpolation_duration: 1 }
$data merge entity $(bone_left_index_finger) { transformation: [-0.9587682990306701f,0.282775961211473f,0.028303790113041627f,2.24345093657356f,0.22225862286543047f,0.8081712052662768f,-0.5453993101759627f,5.14115104852308f,-0.17710012234834283f,-0.5166208074975117f,-0.837698327517025f,1.3781807340360697f,0f,0f,0f,1f], start_interpolation: 0, interpolation_duration: 1 }
$data merge entity $(bone_left_thumb) { transformation: [-0.6017668377047013f,0.6794460255546911f,0.4197972979865612f,2.028918631681486f,0.6309688901394321f,0.7266856908373958f,-0.2716729033385375f,4.798011125208542f,-0.48964776392330933f,0.10139529126202633f,-0.8660046548343674f,0.6276114684989168f,0f,0f,0f,1f], start_interpolation: 0, interpolation_duration: 1 }
$data merge entity $(bone_left_hand) { transformation: [-0.9587682990306701f,0.25093814871957437f,0.13339188240304728f,2.639147980734922f,0.22225862286543047f,0.9546070669991131f,-0.19830898163551106f,4.811438034115314f,-0.17710012234834283f,-0.16048486892085456f,-0.9710201612282096f,0.7631989878862377f,0f,0f,0f,1f], start_interpolation: 0, interpolation_duration: 1 }
$data merge entity $(bone_left_forearm) { transformation: [0.02573812053924052f,-1.4954613892668993f,1.3297560737645524f,3.319807876046868f,-1.8816194026400088f,-0.4708378718476318f,-0.4930908186058074f,3.9026434324664994f,0.6812961221895071f,-1.2438751404367734f,-1.4120653887988446f,-1.175039182382346f,0f,0f,0f,1f], start_interpolation: 0, interpolation_duration: 1 }
$data merge entity $(bone_left_bicep) { transformation: [0.016592034214313215f,-0.9640465588414305f,0.8572249181502709f,1.9051083023213815f,-1.2129826441414224f,-0.3035248073836571f,-0.3178701304393178f,2.7689666016708507f,0.43919634894136594f,-0.8018619252713158f,-0.9102854735674211f,-1.5983967835270136f,0f,0f,0f,1f], start_interpolation: 0, interpolation_duration: 1 }
$data merge entity $(bone_left_shoulder) { transformation: [-0.5799734582510784f,-0.7158501171151769f,0.8191017686638515f,1.446201651483847f,-1.0742998600636269f,0.5228422687890117f,-0.3037335715929481f,2.2265104658515487f,-0.1710231220313039f,-0.8566988278686529f,-0.8698025752645938f,-1.8047263768088144f,0f,0f,0f,1f], start_interpolation: 0, interpolation_duration: 1 }
$data merge entity $(bone_right_fingers_2) { transformation: [-0.9587682990306702f,-0.25093814871957437f,-0.133391882403047f,-2.5935722567026622f,-0.22225862286543047f,0.9546070669991131f,-0.19830898163551106f,5.150597349245549f,0.1771001223483426f,-0.16048486892085467f,-0.9710201612282097f,2.0178714227435934f,0f,0f,0f,1f], start_interpolation: 0, interpolation_duration: 1 }
$data merge entity $(bone_right_fingers) { transformation: [-0.9587682990306702f,-0.25093814871957437f,-0.133391882403047f,-2.685084001164196f,-0.22225862286543047f,0.9546070669991131f,-0.19830898163551106f,5.0387725506501235f,0.1771001223483426f,-0.16048486892085467f,-0.9710201612282097f,1.4597544434547705f,0f,0f,0f,1f], start_interpolation: 0, interpolation_duration: 1 }
$data merge entity $(bone_right_index_finger_2) { transformation: [-0.9587682990306702f,-0.2193078018326438f,-0.1807413534008456f,-2.225503160985374f,-0.22225862286543047f,0.974979469678176f,-0.0040172463236969325f,5.450801836271935f,0.1771001223483426f,0.03631971587714783f,-0.9835224577521376f,1.8639529333184133f,0f,0f,0f,1f], start_interpolation: 0, interpolation_duration: 1 }
$data merge entity $(bone_right_index_finger) { transformation: [-0.9587682990306702f,-0.2827759612114729f,-0.028303790113041377f,-2.243450936573561f,-0.22225862286543047f,0.8081712052662768f,-0.5453993101759627f,5.14115104852308f,0.1771001223483426f,-0.5166208074975118f,-0.837698327517025f,1.378180734036069f,0f,0f,0f,1f], start_interpolation: 0, interpolation_duration: 1 }
$data merge entity $(bone_right_thumb) { transformation: [-0.6017668377047015f,-0.6794460255546911f,-0.41979729798656096f,-2.0289186316814867f,-0.6309688901394321f,0.7266856908373958f,-0.2716729033385375f,4.798011125208542f,0.48964776392330916f,0.10139529126202614f,-0.8660046548343676f,0.6276114684989162f,0f,0f,0f,1f], start_interpolation: 0, interpolation_duration: 1 }
$data merge entity $(bone_right_hand) { transformation: [-0.9587682990306702f,-0.25093814871957437f,-0.133391882403047f,-2.6391479807349225f,-0.22225862286543047f,0.9546070669991131f,-0.19830898163551106f,4.811438034115314f,0.1771001223483426f,-0.16048486892085467f,-0.9710201612282097f,0.7631989878862371f,0f,0f,0f,1f], start_interpolation: 0, interpolation_duration: 1 }
$data merge entity $(bone_right_forearm) { transformation: [0.02573814733197696f,1.495462946004598f,-1.329757458007184f,-3.319812287517364f,1.8816213613584878f,-0.47083836197801576f,-0.4930913319009493f,3.9026433977193626f,-0.6812968314016371f,-1.2438764352795133f,-1.4120668587234042f,-1.1750394450050756f,0f,0f,0f,1f], start_interpolation: 0, interpolation_duration: 1 }
$data merge entity $(bone_right_bicep) { transformation: [0.016592034214313357f,0.9640465588414306f,-0.8572249181502705f,-1.905108302321381f,1.2129826441414222f,-0.30352480738365706f,-0.3178701304393177f,2.7689666016708507f,-0.43919634894136594f,-0.8018619252713154f,-0.9102854735674212f,-1.5983967835270143f,0f,0f,0f,1f], start_interpolation: 0, interpolation_duration: 1 }
$data merge entity $(bone_right_shoulder) { transformation: [-0.5799734582510784f,0.7158501171151771f,-0.8191017686638513f,-1.4462016514838465f,1.0742998600636269f,0.5228422687890117f,-0.3037335715929481f,2.2265104658515487f,0.17102312203130376f,-0.8566988278686528f,-0.8698025752645941f,-1.8047263768088149f,0f,0f,0f,1f], start_interpolation: 0, interpolation_duration: 1 }
$data merge entity $(bone_chest) { transformation: [-4.0674850000000005f,1.4766216038091972e-17f,4.979043378429082e-16f,1.6765306575852148e-16f,0f,4.065697458153393f,-0.12057530422953618f,1.9628409388271173f,-4.981232485829872e-16f,-0.12057530422953618f,-4.065697458153393f,-1.3689911725997086f,0f,0f,0f,1f], start_interpolation: 0, interpolation_duration: 1 }
$data merge entity $(bone_right_fingers2) { transformation: [-1f,-1.224646397286905e-16f,9.921058724332811e-20f,0.7120638617580778f,0f,0.0008101159233209754f,0.9999996718560415f,0.9305602456233296f,-1.2246467991473532e-16f,0.9999996718560415f,-0.0008101159233209754f,-8.653355282564172f,0f,0f,0f,1f], start_interpolation: 0, interpolation_duration: 1 }
$data merge entity $(bone_left_foot) { transformation: [-1f,-7.346709901059116e-17f,9.798052454231185e-17f,0.7168901117580777f,0f,0.8000716991260639f,0.5999043892634334f,1.5908740955391878f,-1.2246467991473532e-16f,0.5999043892634334f,-0.8000716991260639f,-7.9078390650707995f,0f,0f,0f,1f], start_interpolation: 0, interpolation_duration: 1 }
$data merge entity $(bone_left_knee) { transformation: [-1.5850141666666666f,-6.430372288577667e-17f,1.83147604251703e-16f,0.7329457367580775f,0f,1.4955136809994318f,0.5250797448745828f,0.3801042477935108f,-1.9410825258115427e-16f,0.5250797448745828f,-1.4955136809994318f,-6.219359716119435f,0f,0f,0f,1f], start_interpolation: 0, interpolation_duration: 1 }
$data merge entity $(bone_left_thigh) { transformation: [-1.6036533333333332f,-1.8433828684187074e-16f,6.774052352871713e-17f,0.7026038617580772f,0f,0.553143351829121f,1.5052363421862878f,1.9674732449835557f,-1.9639089216086498e-16f,1.5052363421862878f,-0.553143351829121f,-4.834631591790078f,0f,0f,0f,1f], start_interpolation: 0, interpolation_duration: 1 }
$data merge entity $(bone_left_fingers2) { transformation: [-0.9997206940182889f,-0.01749528284210048f,0.015888644683097437f,-0.7349093951794504f,0.023540849711020717f,-0.7965929016903356f,0.6040575944158428f,1.3357586838748914f,0.002088623104811319f,0.604262909713021f,0.7967822623519423f,-8.479221932544801f,0f,0f,0f,1f], start_interpolation: 0, interpolation_duration: 1 }
$data merge entity $(bone_right_foot) { transformation: [-0.9997206940182889f,0.019029565643378196f,0.014014620330753739f,-0.7239779607339463f,0.023540849711020717f,0.7494186567475576f,0.6616777956933191f,1.9343964756845755f,0.002088623104811319f,0.6618229011979795f,-0.7496573117787988f,-7.683391924576027f,0f,0f,0f,1f], start_interpolation: 0, interpolation_duration: 1 }
$data merge entity $(bone_right_knee) { transformation: [-1.5845714627288197f,0.03396011696265626f,0.015808178116371117f,-0.7717877377811273f,0.03731258028733874f,1.371822411467875f,0.7930831931650002f,0.4570813640852798f,0.0033104972099532583f,0.7932338182303967f,-1.3722387032720933f,-6.2295850981952565f,0f,0f,0f,1f], start_interpolation: 0, interpolation_duration: 1 }
$data merge entity $(bone_right_thigh) { transformation: [-1.6032054233647421f,0.01513969363632302f,0.034744405040043516f,-0.7026038617580761f,0.03775136210857741f,0.5079973019082523f,1.5205977737140068f,1.9809229954933576f,0.0033494274041076873f,1.520990974477378f,-0.5082118164756999f,-4.817099179855169f,0f,0f,0f,1f], start_interpolation: 0, interpolation_duration: 1 }