# This file was generated by Animated Java via MC-Build. It is not recommended to edit this file directly.
$data merge entity $(bone_left_fingers_2) { transformation: [-0.9574809300123083f,0.2533959864091519f,0.1379157088025092f,2.5810969105802446f,0.21810351528938654f,0.9487039782138235f,-0.22889215438646593f,5.194208885526206f,-0.18884153484119426f,-0.18907997195101942f,-0.9636325227626058f,1.990427356664171f,0f,0f,0f,1f], start_interpolation: 0, interpolation_duration: 1 }
$data merge entity $(bone_left_fingers) { transformation: [-0.9574809300123083f,0.2533959864091519f,0.1379157088025092f,2.675211850665815f,0.21810351528938654f,0.9487039782138235f,-0.22889215438646593f,5.06478206617616f,-0.18884153484119426f,-0.18907997195101942f,-0.9636325227626058f,1.4365677159759582f,0f,0f,0f,1f], start_interpolation: 0, interpolation_duration: 1 }
$data merge entity $(bone_left_index_finger_2) { transformation: [-0.9574809300123083f,0.22562109849029238f,0.17979262659742024f,2.215431154541838f,0.21810351528938654f,0.9740297740377858f,-0.060801775519407464f,5.493082245989205f,-0.18884153484119426f,-0.01900313668671233f,-0.9818236886095631f,1.823241248386079f,0f,0f,0f,1f], start_interpolation: 0, interpolation_duration: 1 }
$data merge entity $(bone_left_index_finger) { transformation: [-0.9574809300123083f,0.2869701207293316f,0.029638125301011356f,2.2341721972788955f,0.21810351528938654f,0.7872720826033708f,-0.5767438985995117f,5.165245997906334f,-0.18884153484119426f,-0.5457571050952468f,-0.816387197937889f,1.3495825839897333f,0f,0f,0f,1f], start_interpolation: 0, interpolation_duration: 1 }
$data merge entity $(bone_left_thumb) { transformation: [-0.6016155153695861f,0.6757073931720642f,0.4260026883473874f,2.0228116977549027f,0.6144239483956133f,0.7322508601761135f,-0.29375481172107965f,4.799060881301763f,-0.5104331330395124f,0.08501880135567483f,-0.8557042830975616f,0.609070235138035f,0f,0f,0f,1f], start_interpolation: 0, interpolation_duration: 1 }
$data merge entity $(bone_left_hand) { transformation: [-0.9574809300123083f,0.2533959864091519f,0.1379157088025092f,2.632375759393361f,0.21810351528938654f,0.9487039782138235f,-0.22889215438646593f,4.815773536042381f,-0.18884153484119426f,-0.18907997195101942f,-0.9636325227626058f,0.7472601684650495f,0f,0f,0f,1f], start_interpolation: 0, interpolation_duration: 1 }
$data merge entity $(bone_left_forearm) { transformation: [0.004287509886978958f,-1.4899355885393435f,1.3361856130843446f,3.3199337824116615f,-1.8766860924459474f,-0.46716718047994404f,-0.5149005430693138f,3.886877392637495f,0.6952333140965153f,-1.2518646895080299f,-1.398143008237725f,-1.1789767446660688f,0f,0f,0f,1f], start_interpolation: 0, interpolation_duration: 1 }
$data merge entity $(bone_left_bicep) { transformation: [0.0027639357205784623f,-0.9604843611046804f,0.8613697093837107f,1.8987686203778948f,-1.2098023943867875f,-0.30115850263852223f,-0.33192973102093504f,2.762282949065732f,0.44818093523312613f,-0.8070123740519529f,-0.9013104353837821f,-1.6048953034750986f,0f,0f,0f,1f], start_interpolation: 0, interpolation_duration: 1 }
$data merge entity $(bone_left_shoulder) { transformation: [-0.5879073934906827f,-0.7047494396652221f,0.823062229632927f,1.436782417824944f,-1.0705186055646108f,0.5226210350514631f,-0.3171679030726721f,2.2222744228551257f,-0.16761002862827232f,-0.865987177093905f,-0.8612266817104174f,-1.8107724872651385f,0f,0f,0f,1f], start_interpolation: 0, interpolation_duration: 1 }
$data merge entity $(bone_right_fingers_2) { transformation: [-0.9574809300123084f,-0.2533959864091518f,-0.13791570880250886f,-2.5810968243829278f,-0.21810351528938654f,0.9487039782138235f,-0.22889215438646593f,5.194209028583803f,0.18884153484119398f,-0.18907997195101953f,-0.9636325227626058f,1.990427958934497f,0f,0f,0f,1f], start_interpolation: 0, interpolation_duration: 1 }
$data merge entity $(bone_right_fingers) { transformation: [-0.9574809300123084f,-0.2533959864091518f,-0.13791570880250886f,-2.6752122816524064f,-0.21810351528938654f,0.9487039782138235f,-0.22889215438646593f,5.064781350888178f,0.18884153484119398f,-0.18907997195101953f,-0.9636325227626058f,1.436564704624324f,0f,0f,0f,1f], start_interpolation: 0, interpolation_duration: 1 }
$data merge entity $(bone_right_index_finger_2) { transformation: [-0.9574809300123084f,-0.22562109849029235f,-0.1797926265974199f,-2.215431154541839f,-0.21810351528938654f,0.9740297740377858f,-0.060801775519407464f,5.493082245989205f,0.18884153484119398f,-0.01900313668671233f,-0.9818236886095631f,1.8232412483860783f,0f,0f,0f,1f], start_interpolation: 0, interpolation_duration: 1 }
$data merge entity $(bone_right_index_finger) { transformation: [-0.9574809300123084f,-0.28697012072933137f,-0.029638125301011092f,-2.2341721972788964f,-0.21810351528938654f,0.7872720826033708f,-0.5767438985995117f,5.165245997906334f,0.18884153484119398f,-0.5457571050952468f,-0.816387197937889f,1.3495825839897326f,0f,0f,0f,1f], start_interpolation: 0, interpolation_duration: 1 }
$data merge entity $(bone_right_thumb) { transformation: [-0.6016155153695861f,-0.6757073931720642f,-0.4260026883473871f,-2.0228116977549035f,-0.6144239483956133f,0.7322508601761135f,-0.29375481172107965f,4.799060881301763f,0.5104331330395122f,0.0850188013556746f,-0.8557042830975617f,0.6090702351380346f,0f,0f,0f,1f], start_interpolation: 0, interpolation_duration: 1 }
$data merge entity $(bone_right_hand) { transformation: [-0.9574809300123084f,-0.2533959864091518f,-0.13791570880250886f,-2.632375759393362f,-0.21810351528938654f,0.9487039782138235f,-0.22889215438646593f,4.815773536042381f,0.18884153484119398f,-0.18907997195101953f,-0.9636325227626058f,0.7472601684650488f,0f,0f,0f,1f], start_interpolation: 0, interpolation_duration: 1 }
$data merge entity $(bone_right_forearm) { transformation: [0.004287514350169262f,1.4899371395248227f,-1.3361870040199648f,-3.319938195293312f,1.8766880460289748f,-0.4671676667892306f,-0.5149010790678303f,3.8868773181036502f,-0.6952340378169115f,-1.2518659926676892f,-1.3981444636694365f,-1.1789769730741466f,0f,0f,0f,1f], start_interpolation: 0, interpolation_duration: 1 }
$data merge entity $(bone_right_bicep) { transformation: [0.002763935720578677f,0.9604843611046805f,-0.8613697093837104f,-1.8987686203778944f,1.2098023943867873f,-0.3011585026385222f,-0.331929731020935f,2.762282949065732f,-0.448180935233126f,-0.8070123740519525f,-0.9013104353837822f,-1.604895303475099f,0f,0f,0f,1f], start_interpolation: 0, interpolation_duration: 1 }
$data merge entity $(bone_right_shoulder) { transformation: [-0.5879073934906827f,0.7047494396652224f,-0.8230622296329267f,-1.4367824178249435f,1.0705186055646108f,0.5226210350514631f,-0.3171679030726721f,2.2222744228551257f,0.16761002862827218f,-0.8659871770939049f,-0.8612266817104177f,-1.8107724872651387f,0f,0f,0f,1f], start_interpolation: 0, interpolation_duration: 1 }
$data merge entity $(bone_chest) { transformation: [-4.0674850000000005f,1.5771778469422648e-17f,4.978734997795926e-16f,1.6765306575852148e-16f,0f,4.065445646256793f,-0.12878634460485738f,1.9628409388271173f,-4.981232485829872e-16f,-0.12878634460485738f,-4.065445646256793f,-1.3689911725997086f,0f,0f,0f,1f], start_interpolation: 0, interpolation_duration: 1 }
$data merge entity $(bone_right_fingers2) { transformation: [-1f,-1.222954145285869e-16f,-6.436568332556824e-18f,0.7167734785875293f,0f,-0.05255856902609146f,0.9986178432322995f,0.9530078188770541f,-1.2246467991473532e-16f,0.9986178432322995f,0.05255856902609146f,-8.620826032993518f,0f,0f,0f,1f], start_interpolation: 0, interpolation_duration: 1 }
$data merge entity $(bone_left_foot) { transformation: [-1f,-7.195239874008763e-17f,9.909818435352897e-17f,0.7215997285875292f,0f,0.8091980840722809f,0.5875359229304619f,1.6247027078491223f,-1.2246467991473532e-16f,0.5875359229304619f,-0.8091980840722809f,-7.885547319127049f,0f,0f,0f,1f], start_interpolation: 0, interpolation_duration: 1 }
$data merge entity $(bone_left_knee) { transformation: [-1.5850141666666666f,-6.781003223918506e-17f,1.8187856731300109e-16f,0.737655353587529f,0f,1.485151208002438f,0.5537109335230127f,0.38172141990034514f,-1.9410825258115427e-16f,0.5537109335230127f,-1.485151208002438f,-6.220637815924394f,0f,0f,0f,1f], start_interpolation: 0, interpolation_duration: 1 }
$data merge entity $(bone_left_thigh) { transformation: [-1.6036533333333332f,-1.8444778251427234e-16f,6.744181232223956e-17f,0.7073134785875287f,0f,0.5507041897238876f,1.5061304422033526f,1.966845117509257f,-1.9639089216086498e-16f,1.5061304422033526f,-0.5507041897238876f,-4.833340019909609f,0f,0f,0f,1f], start_interpolation: 0, interpolation_duration: 1 }
$data merge entity $(bone_left_fingers2) { transformation: [-0.9996374385966057f,-0.019663300206049675f,0.018394183347572767f,-0.7461316821025112f,0.026820310755929538f,-0.7875329841376164f,0.6156886143386568f,1.203797740576614f,0.002379556045300682f,0.6159587271240717f,0.7877748308956817f,-8.395565811346085f,0f,0f,0f,1f], start_interpolation: 0, interpolation_duration: 1 }
$data merge entity $(bone_right_foot) { transformation: [-0.9996374385966057f,0.022676158307136988f,0.014518374580062979f,-0.7317433829899265f,0.026820310755929538f,0.7909250484297449f,0.6113249861549588f,1.85303012032326f,0.002379556045300682f,0.6114927306279567f,-0.7912464711467546f,-7.640501312404078f,0f,0f,0f,1f], start_interpolation: 0, interpolation_duration: 1 }
$data merge entity $(bone_right_knee) { transformation: [-1.584439501706f,0.0389717910199419f,0.017394639184750614f,-0.7832975403176714f,0.04251057250255069f,1.384106247125623f,0.7711761513606059f,0.39910861304820155f,0.0037716300421788895f,0.7713630822813267f,-1.3846496591680884f,-6.163425003705873f,0f,0f,0f,1f], start_interpolation: 0, interpolation_duration: 1 }
$data merge entity $(bone_right_thigh) { transformation: [-1.6030719105302418f,0.01888501620675633f,0.03883064952973681f,-0.7073134785875276f,0.043010480744782253f,0.5709290944670056f,1.497963311015426f,1.9802948680190589f,0.003815982983899923f,1.4984616574223932f,-0.5712285996165729f,-4.815807607974699f,0f,0f,0f,1f], start_interpolation: 0, interpolation_duration: 1 }