# This file was generated by Animated Java via MC-Build. It is not recommended to edit this file directly.
$data merge entity $(bone_left_fingers_2) { transformation: [-0.9516424752456564f,0.26609909727980907f,0.1535183042350029f,2.5704985729475074f,0.18273599056487816f,0.8920193720912196f,-0.4134114144121557f,5.427662673510171f,-0.24694970552845985f,-0.3653665423117681f,-0.8975094053538101f,1.794712038311551f,0f,0f,0f,1f], start_interpolation: 0, interpolation_duration: 1 }
$data merge entity $(bone_left_fingers) { transformation: [-0.9516424752456564f,0.26609909727980907f,0.1535183042350029f,2.6735988308915f,0.18273599056487816f,0.8920193720912196f,-0.4134114144121557f,5.192051786694928f,-0.24694970552845985f,-0.3653665423117681f,-0.8975094053538101f,1.2787398763457398f,0f,0f,0f,1f], start_interpolation: 0, interpolation_duration: 1 }
$data merge entity $(bone_left_index_finger_2) { transformation: [-0.9516424752456564f,0.26357974087876984f,0.15780468784735371f,2.2172232018292544f,0.18273599056487816f,0.8985931073632643f,-0.3989210262088296f,5.703904933473028f,-0.24694970552845985f,-0.35079359685934036f,-0.9033048739721786f,1.5509225255981347f,0f,0f,0f,1f], start_interpolation: 0, interpolation_duration: 1 }
$data merge entity $(bone_left_index_finger) { transformation: [-0.9516424752456564f,0.30591013881251f,0.028206139048637266f,2.2352485157314694f,0.18273599056487816f,0.6374786384369581f,-0.7484841636860695f,5.276224552348875f,-0.24694970552845985f,-0.7071350454533227f,-0.6625525416381209f,1.1649886682366932f,0f,0f,0f,1f], start_interpolation: 0, interpolation_duration: 1 }
$data merge entity $(bone_left_thumb) { transformation: [-0.6113892922535871f,0.651425685419544f,0.44927464839820985f,2.034091601560295f,0.4956474911655076f,0.7578225457161348f,-0.42430950225708475f,4.7737956435517095f,-0.6168765661126998f,-0.036736433958592773f,-0.7862020965381673f,0.5060315932541011f,0f,0f,0f,1f], start_interpolation: 0, interpolation_duration: 1 }
$data merge entity $(bone_left_hand) { transformation: [-0.9516424752456564f,0.26609909727980907f,0.1535183042350029f,2.641122914954988f,0.18273599056487816f,0.8920193720912196f,-0.4134114144121557f,4.813536222748669f,-0.24694970552845985f,-0.3653665423117681f,-0.8975094053538101f,0.650523069355573f,0f,0f,0f,1f], start_interpolation: 0, interpolation_duration: 1 }
$data merge entity $(bone_left_forearm) { transformation: [-0.13442803252682728f,-1.4708397186344617f,1.3505102959655506f,3.3378945607366335f,-1.8434111944108835f,-0.4288608773194325f,-0.6505627944911557f,3.766900913668239f,0.7675172348177606f,-1.2876440903226325f,-1.3259745187090113f,-1.2109377895343076f,0f,0f,0f,1f], start_interpolation: 0, interpolation_duration: 1 }
$data merge entity $(bone_left_bicep) { transformation: [-0.0866587951380285f,-0.9481742420992614f,0.8706040910516262f,1.8666539898093104f,-1.188351789792958f,-0.2764644115647761f,-0.41938416320257804f,2.7122397128615994f,0.494778637809081f,-0.8300775019651749f,-0.8547871453234172f,-1.6456453153484447f,0f,0f,0f,1f], start_interpolation: 0, interpolation_duration: 1 }
$data merge entity $(bone_left_shoulder) { transformation: [-0.6458018283954258f,-0.6408151862066725f,0.831885932953437f,1.380125017374155f,-1.0396501331876662f,0.5275215410137374f,-0.40073299615471814f,2.192646596513086f,-0.14766823924517622f,-0.9114906641163019f,-0.8167724102985053f,-1.8474829405802067f,0f,0f,0f,1f], start_interpolation: 0, interpolation_duration: 1 }
$data merge entity $(bone_right_fingers_2) { transformation: [-0.9516424752456566f,-0.266099097279809f,-0.15351830423500257f,-2.570498476998568f,-0.18273599056487816f,0.8920193720912196f,-0.4134114144121557f,5.427662931892304f,0.24694970552845952f,-0.3653665423117682f,-0.8975094053538102f,1.7947125992549287f,0f,0f,0f,1f], start_interpolation: 0, interpolation_duration: 1 }
$data merge entity $(bone_right_fingers) { transformation: [-0.9516424752456566f,-0.266099097279809f,-0.15351830423500257f,-2.6735993106362015f,-0.18273599056487816f,0.8920193720912196f,-0.4134114144121557f,5.192050494784258f,0.24694970552845952f,-0.3653665423117682f,-0.8975094053538102f,1.2787370716288473f,0f,0f,0f,1f], start_interpolation: 0, interpolation_duration: 1 }
$data merge entity $(bone_right_index_finger_2) { transformation: [-0.9516424752456566f,-0.2635797408787698f,-0.15780468784735338f,-2.2172232018292553f,-0.18273599056487816f,0.8985931073632643f,-0.3989210262088296f,5.703904933473028f,0.24694970552845952f,-0.3507935968593404f,-0.9033048739721787f,1.5509225255981338f,0f,0f,0f,1f], start_interpolation: 0, interpolation_duration: 1 }
$data merge entity $(bone_right_index_finger) { transformation: [-0.9516424752456566f,-0.30591013881250984f,-0.02820613904863699f,-2.23524851573147f,-0.18273599056487816f,0.6374786384369581f,-0.7484841636860695f,5.276224552348875f,0.24694970552845952f,-0.7071350454533228f,-0.662552541638121f,1.1649886682366923f,0f,0f,0f,1f], start_interpolation: 0, interpolation_duration: 1 }
$data merge entity $(bone_right_thumb) { transformation: [-0.6113892922535875f,-0.6514256854195442f,-0.44927464839820963f,-2.034091601560295f,-0.4956474911655076f,0.7578225457161348f,-0.42430950225708475f,4.7737956435517095f,0.6168765661126996f,-0.03673643395859294f,-0.7862020965381675f,0.5060315932541004f,0f,0f,0f,1f], start_interpolation: 0, interpolation_duration: 1 }
$data merge entity $(bone_right_hand) { transformation: [-0.9516424752456566f,-0.266099097279809f,-0.15351830423500257f,-2.6411229149549884f,-0.18273599056487816f,0.8920193720912196f,-0.4134114144121557f,4.813536222748669f,0.24694970552845952f,-0.3653665423117682f,-0.8975094053538102f,0.6505230693555721f,0f,0f,0f,1f], start_interpolation: 0, interpolation_duration: 1 }
$data merge entity $(bone_right_forearm) { transformation: [-0.13442817246302832f,1.4708412497416206f,-1.3505117018128057f,-3.3378989661682543f,1.8434131133555787f,-0.4288613237528208f,-0.6505634717106644f,3.766900567489058f,-0.7675180337839005f,-1.2876454307277483f,-1.32597589901514f,-1.210937849385827f,0f,0f,0f,1f], start_interpolation: 0, interpolation_duration: 1 }
$data merge entity $(bone_right_bicep) { transformation: [-0.08665879513802835f,0.9481742420992615f,-0.8706040910516257f,-1.86665398980931f,1.1883517897929579f,-0.276464411564776f,-0.419384163202578f,2.7122397128615994f,-0.49477863780908093f,-0.8300775019651745f,-0.8547871453234173f,-1.6456453153484452f,0f,0f,0f,1f], start_interpolation: 0, interpolation_duration: 1 }
$data merge entity $(bone_right_shoulder) { transformation: [-0.6458018283954258f,0.6408151862066728f,-0.8318859329534368f,-1.3801250173741546f,1.0396501331876662f,0.5275215410137374f,-0.40073299615471814f,2.192646596513086f,0.14766823924517608f,-0.9114906641163016f,-0.8167724102985056f,-1.8474829405802071f,0f,0f,0f,1f], start_interpolation: 0, interpolation_duration: 1 }
$data merge entity $(bone_chest) { transformation: [-4.0674850000000005f,2.0934025763160438e-17f,4.976831696413049e-16f,1.6765306575852148e-16f,0f,4.063891482734543f,-0.17093929268206576f,1.9628409388271173f,-4.981232485829872e-16f,-0.17093929268206576f,-4.063891482734543f,-1.3689911725997086f,0f,0f,0f,1f], start_interpolation: 0, interpolation_duration: 1 }
$data merge entity $(bone_right_fingers2) { transformation: [-1f,-1.1476840346629723e-16f,-4.27295143011922e-17f,0.7451021788129237f,0f,-0.3489129627492772f,0.9371551335960987f,1.054331891531525f,-1.2246467991473532e-16f,0.9371551335960987f,0.3489129627492772f,-8.394093277354527f,0f,0f,0f,1f], start_interpolation: 0, interpolation_duration: 1 }
$data merge entity $(bone_left_foot) { transformation: [-1f,-6.216761597708009e-17f,1.0551201519421791e-16f,0.7499284288129237f,0f,0.8615709873873797f,0.5076371082696137f,1.7931255073409544f,-1.2246467991473532e-16f,0.5076371082696137f,-0.8615709873873797f,-7.726266350542231f,0f,0f,0f,1f], start_interpolation: 0, interpolation_duration: 1 }
$data merge entity $(bone_left_knee) { transformation: [-1.5850141666666666f,-8.740466397073546e-17f,1.733160074438365e-16f,0.7659840538129234f,0f,1.4152326006527423f,0.7137132439458461f,0.37455157702690345f,-1.9410825258115427e-16f,0.7137132439458461f,-1.4152326006527423f,-6.208183961381925f,0f,0f,0f,1f], start_interpolation: 0, interpolation_duration: 1 }
$data merge entity $(bone_left_thigh) { transformation: [-1.6036533333333332f,-1.843252790865564e-16f,6.777591027351517e-17f,0.7356421788129232f,0f,0.5534323065287348f,1.5051301258035448f,1.9621863755224611f,-1.9639089216086498e-16f,1.5051301258035448f,-0.5534323065287348f,-4.823760594721713f,0f,0f,0f,1f], start_interpolation: 0, interpolation_duration: 1 }
$data merge entity $(bone_left_fingers2) { transformation: [-0.9989308350752985f,-0.030084157150205907f,0.035101712555496545f,-0.8246078493903027f,0.04604887361914723f,-0.7146095757162801f,0.6980062002110048f,0.5137414253208896f,0.004085091697232256f,0.6988763107897987f,0.7152308817736167f,-7.76624675312398f,0f,0f,0f,1f], start_interpolation: 0, interpolation_duration: 1 }
$data merge entity $(bone_right_foot) { transformation: [-0.9989308350752985f,0.04551012615414743f,0.008124970966137405f,-0.7866598999233818f,0.04604887361914723f,0.9640047467346697f,0.26186704548574435f,1.4019230755854795f,0.004085091697232256f,0.26196121218695456f,-0.9650697567198789f,-7.317330933743647f,0f,0f,0f,1f], start_interpolation: 0, interpolation_duration: 1 }
$data merge entity $(bone_right_knee) { transformation: [-1.5833195251145116f,0.06955721343031601f,0.02304308974497428f,-0.8559769972935302f,0.0729881170453913f,1.4530661150164146f,0.6289209081397269f,0.10364059168494855f,0.006474928212245504f,0.6293095962917933f,-1.4547155790235196f,-5.702413680698925f,0f,0f,0f,1f], start_interpolation: 0, interpolation_duration: 1 }
$data merge entity $(bone_right_thigh) { transformation: [-1.6019387634379525f,0.048446490658722086f,0.05611728119616124f,-0.735642178812922f,0.07384642967559084f,0.9354713118401623f,1.3004399805678553f,1.975636126032263f,0.006551070917238831f,1.3016337333436045f,-0.936702045051113f,-4.806228182786803f,0f,0f,0f,1f], start_interpolation: 0, interpolation_duration: 1 }
execute on vehicle unless entity @s[tag=aj.transforms_only] at @s run function animated_java:jaw/animations/charge_init/zzz/frames/zzz/6