# This file was generated by Animated Java via MC-Build. It is not recommended to edit this file directly.
$data merge entity $(bone_left_fingers_2) { transformation: [-0.9818818023460845f,0.18477550718625355f,0.04202544664447905f,3.178781160645217f,0.18171649452036429f,0.9810192484159329f,-0.067678282016239f,4.6867693370427785f,-0.053733060966555835f,-0.058815356680904075f,-0.9968217052099451f,2.123571747944158f,0f,0f,0f,1f], start_interpolation: 0, interpolation_duration: 1 }
$data merge entity $(bone_left_fingers) { transformation: [-0.9818818023460845f,0.18477550718625355f,0.04202544664447905f,3.2175710304597147f,0.18171649452036429f,0.9810192484159329f,-0.067678282016239f,4.650940844069802f,-0.053733060966555835f,-0.058815356680904075f,-0.9968217052099451f,1.5494802132663543f,0f,0f,0f,1f], start_interpolation: 0, interpolation_duration: 1 }
$data merge entity $(bone_left_index_finger_2) { transformation: [-0.9818818023460845f,0.15928792551509732f,0.10264250097645713f,2.7735504229550734f,0.18171649452036429f,0.9450814379858649f,0.271661906040949f,4.938642923503353f,-0.053733060966555835f,0.2853917173985042f,-0.9569035091374138f,2.0637067847535504f,0f,0f,0f,1f], start_interpolation: 0, interpolation_duration: 1 }
$data merge entity $(bone_left_index_finger) { transformation: [-0.9818818023460845f,0.18879851174276033f,-0.016224924817205937f,2.765291725254049f,0.18171649452036429f,0.9138430972061848f,-0.3631389669366796f,4.734644004358245f,-0.053733060966555835f,-0.3595078798195211f,-0.9315937110708924f,1.5247294220586345f,0f,0f,0f,1f], start_interpolation: 0, interpolation_duration: 1 }
$data merge entity $(bone_left_thumb) { transformation: [-0.7031831246933605f,0.6445918554595006f,0.3000580494200423f,2.491768201373358f,0.6299513936347912f,0.7605063125728735f,-0.15745281894712568f,4.474332774903688f,-0.3296888454347021f,0.07830382118447494f,-0.9408367428963662f,0.76017315539977f,0f,0f,0f,1f], start_interpolation: 0, interpolation_duration: 1 }
$data merge entity $(bone_left_hand) { transformation: [-0.9818818023460845f,0.18477550718625355f,0.04202544664447905f,3.1113019726688713f,0.18171649452036429f,0.9810192484159329f,-0.067678282016239f,4.509227307602066f,-0.053733060966555835f,-0.058815356680904075f,-0.9968217052099451f,0.837013207161198f,0f,0f,0f,1f], start_interpolation: 0, interpolation_duration: 1 }
$data merge entity $(bone_left_forearm) { transformation: [0.03791952809698574f,-1.659340962806519f,1.1182433151563802f,3.5027033639603866f,-1.9380004633712502f,-0.3088307355003182f,-0.3925509064234185f,3.771025303094179f,0.4980308692364531f,-1.0754206522628074f,-1.61268537146119f,-1.2481331851081328f,0f,0f,0f,1f], start_interpolation: 0, interpolation_duration: 1 }
$data merge entity $(bone_left_bicep) { transformation: [0.024444757208148656f,-1.069691238181978f,0.7208735896902122f,2.001808995122916f,-1.2493285959472582f,-0.19908719139148134f,-0.2530572525801535f,2.722173693484609f,0.321054725404562f,-0.693268035244428f,-1.0396147931396722f,-1.5843713352938174f,0f,0f,0f,1f], start_interpolation: 0, interpolation_duration: 1 }
$data merge entity $(bone_left_shoulder) { transformation: [-0.6391125266457535f,-0.7980026737706575f,0.688814358747798f,1.4992271961870778f,-1.0367585406211066f,0.6216118554563581f,-0.24180310064818109f,2.2146746433104774f,-0.19080151103031595f,-0.7046479572728234f,-0.9933802643386686f,-1.7774571296587471f,0f,0f,0f,1f], start_interpolation: 0, interpolation_duration: 1 }
$data merge entity $(bone_right_fingers_2) { transformation: [-0.9818818023460847f,-0.18477550718625346f,-0.042025446644478714f,-3.178781134379314f,-0.18171649452036429f,0.9810192484159329f,-0.067678282016239f,4.686769379341705f,0.05373306096655567f,-0.05881535668090415f,-0.9968217052099451f,2.1235723709577234f,0f,0f,0f,1f], start_interpolation: 0, interpolation_duration: 1 }
$data merge entity $(bone_right_fingers) { transformation: [-0.9818818023460847f,-0.18477550718625346f,-0.042025446644478714f,-3.2175711617892366f,-0.18171649452036429f,0.9810192484159329f,-0.067678282016239f,4.65094063257517f,0.05373306096655567f,-0.05881535668090415f,-0.9968217052099451f,1.549477098198525f,0f,0f,0f,1f], start_interpolation: 0, interpolation_duration: 1 }
$data merge entity $(bone_right_index_finger_2) { transformation: [-0.9818818023460847f,-0.15928792551509735f,-0.10264250097645677f,-2.7735504229550743f,-0.18171649452036429f,0.9450814379858649f,0.271661906040949f,4.938642923503353f,0.05373306096655567f,0.28539171739850416f,-0.956903509137414f,2.06370678475355f,0f,0f,0f,1f], start_interpolation: 0, interpolation_duration: 1 }
$data merge entity $(bone_right_index_finger) { transformation: [-0.9818818023460847f,-0.18879851174276013f,0.016224924817206228f,-2.76529172525405f,-0.18171649452036429f,0.9138430972061848f,-0.3631389669366796f,4.734644004358245f,0.05373306096655567f,-0.35950787981952115f,-0.9315937110708924f,1.524729422058634f,0f,0f,0f,1f], start_interpolation: 0, interpolation_duration: 1 }
$data merge entity $(bone_right_thumb) { transformation: [-0.7031831246933608f,-0.6445918554595007f,-0.30005804942004205f,-2.491768201373359f,-0.6299513936347912f,0.7605063125728735f,-0.15745281894712568f,4.474332774903688f,0.329688845434702f,0.07830382118447479f,-0.9408367428963663f,0.7601731553997697f,0f,0f,0f,1f], start_interpolation: 0, interpolation_duration: 1 }
$data merge entity $(bone_right_hand) { transformation: [-0.9818818023460847f,-0.18477550718625346f,-0.042025446644478714f,-3.111301972668872f,-0.18171649452036429f,0.9810192484159329f,-0.067678282016239f,4.509227307602066f,0.05373306096655567f,-0.05881535668090415f,-0.9968217052099451f,0.8370132071611975f,0f,0f,0f,1f], start_interpolation: 0, interpolation_duration: 1 }
$data merge entity $(bone_right_forearm) { transformation: [0.03791956757026122f,1.6593426901387325f,-1.1182444792195492f,-3.5027077010534615f,1.9380024807809957f,-0.30883105698534735f,-0.3925513150590402f,3.77102517236829f,-0.4980313876740636f,-1.0754217717486612f,-1.612687050226106f,-1.248134024026726f,0f,0f,0f,1f], start_interpolation: 0, interpolation_duration: 1 }
$data merge entity $(bone_right_bicep) { transformation: [0.024444757208148867f,1.0696912381819783f,-0.7208735896902118f,-2.001808995122916f,1.249328595947258f,-0.19908719139148132f,-0.25305725258015344f,2.722173693484609f,-0.3210547254045619f,-0.6932680352444276f,-1.0396147931396722f,-1.5843713352938178f,0f,0f,0f,1f], start_interpolation: 0, interpolation_duration: 1 }
$data merge entity $(bone_right_shoulder) { transformation: [-0.6391125266457535f,0.7980026737706577f,-0.6888143587477977f,-1.4992271961870773f,1.0367585406211066f,0.6216118554563581f,-0.24180310064818109f,2.2146746433104774f,0.19080151103031578f,-0.7046479572728233f,-0.9933802643386687f,-1.7774571296587476f,0f,0f,0f,1f], start_interpolation: 0, interpolation_duration: 1 }
$data merge entity $(bone_chest) { transformation: [-4.0674850000000005f,7.796411558591566e-19f,4.981226384521553e-16f,1.6765306575852148e-16f,0f,4.067480017903673f,-0.006366253162969101f,1.9628409388271173f,-4.981232485829872e-16f,-0.006366253162969101f,-4.067480017903673f,-1.3689911725997086f,0f,0f,0f,1f], start_interpolation: 0, interpolation_duration: 1 }
$data merge entity $(bone_right_fingers2) { transformation: [-1f,-1.0949781083383821e-16f,5.484366188736453e-17f,0.6855510894064623f,0f,0.4478324846441343f,0.8941174786891606f,0.5366099654797465f,-1.2246467991473532e-16f,0.8941174786891606f,-0.4478324846441343f,-8.653849173338553f,0f,0f,0f,1f], start_interpolation: 0, interpolation_duration: 1 }
$data merge entity $(bone_left_foot) { transformation: [-1f,-7.895624340103682e-17f,9.361361789085394e-17f,0.6903773394064622f,0f,0.764413200247054f,0.6447266547057425f,1.1531578861454403f,-1.2246467991473532e-16f,0.6447266547057425f,-0.764413200247054f,-7.871751051323714f,0f,0f,0f,1f], start_interpolation: 0, interpolation_duration: 1 }
$data merge entity $(bone_left_knee) { transformation: [-1.5850141666666666f,-3.463100209711394e-17f,1.9099399837130714e-16f,0.706432964406462f,0f,1.5595843512128118f,0.28278359214448945f,0.2236725336764187f,-1.9410825258115427e-16f,0.28278359214448945f,-1.5595843512128118f,-6.0135306350138364f,0f,0f,0f,1f], start_interpolation: 0, interpolation_duration: 1 }
$data merge entity $(bone_left_thigh) { transformation: [-1.6036533333333332f,-1.7510328619145484e-16f,8.892818275830203e-17f,0.6760910894064618f,0f,0.7261537189352659f,1.4298268391618592f,1.9627318956614301f,-1.9639089216086498e-16f,1.4298268391618592f,-0.7261537189352659f,-4.824882307272989f,0f,0f,0f,1f], start_interpolation: 0, interpolation_duration: 1 }
$data merge entity $(bone_left_fingers2) { transformation: [-0.9999998926188164f,-0.0003039419934838294f,0.0003498308452659344f,-0.685721955905261f,0.0004616111316827637f,-0.7200107179128818f,0.6939627893523832f,1.9584118057177717f,0.000040957524448633604f,0.6939628763196498f,0.7200107809002861f,-8.778847456640683f,0f,0f,0f,1f], start_interpolation: 0, interpolation_duration: 1 }
$data merge entity $(bone_right_foot) { transformation: [-0.9999998926188164f,0.00024973090287445823f,0.0003903803681691873f,-0.6903827929733659f,0.0004616111316827637f,0.46232282429104316f,0.8867115613629477f,2.2317820942256503f,0.000040957524448633604f,0.8867116463507341f,-0.46232288992483583f,-7.821205004791176f,0f,0f,0f,1f], start_interpolation: 0, interpolation_duration: 1 }
$data merge entity $(bone_right_knee) { transformation: [-1.5850139964659693f,0.0006506840941080444f,0.0003408096439243178f,-0.7070947287116973f,0.0007316601832082127f,1.3335869246534233f,0.8566301930242881f,0.6872966645320067f,0.00006491825648268061f,0.8566302583598493f,-1.3335870818143019f,-6.438242434495007f,0f,0f,0f,1f], start_interpolation: 0, interpolation_duration: 1 }
$data merge entity $(bone_right_thigh) { transformation: [-1.6036531611311402f,0.00018824554783470178f,0.0007189358982770173f,-0.6760910894064608f,0.0007402642300268363f,0.2675068273516497f,1.5811842279887043f,1.976181646171232f,0.00006568167060713277f,1.5811843900680838f,-0.2675068855226903f,-4.8073498953380795f,0f,0f,0f,1f], start_interpolation: 0, interpolation_duration: 1 }