# This file was generated by Animated Java via MC-Build. It is not recommended to edit this file directly.
$data merge entity $(bone_right_thumb) { transformation: [-0.5276001018628245f,0.893381900564005f,-0.161266587546784f,-15.837875455956297f,0.7440249105935105f,0.5324026985118953f,0.5152419810473251f,8.236445618294917f,0.5201586920648903f,0.1446241555270055f,-0.9005658158665834f,-0.9805466095270822f,0f,0f,0f,1f], start_interpolation: 0, interpolation_duration: 1 }
$data merge entity $(bone_right_fingers_2) { transformation: [0.11931727551143115f,0.9809048637365185f,-0.15358722623503226f,-17.972142303379474f,0.8708389291747134f,-0.029095436710963426f,0.49070664861649976f,7.984781093252309f,0.47686785087523786f,-0.19229951601769585f,-0.8576817293967455f,-1.1358458609310889f,0f,0f,0f,1f], start_interpolation: 0, interpolation_duration: 1 }
$data merge entity $(bone_right_fingers) { transformation: [0.0764172426838225f,0.9851758061168729f,-0.15358722623503226f,-17.096526418868326f,0.8712792086007058f,0.008917716282250715f,0.49070664861649976f,8.38244419555415f,0.48480196542581144f,-0.1713158059791287f,-0.8576817293967455f,-1.0653549536546802f,0f,0f,0f,1f], start_interpolation: 0, interpolation_duration: 1 }
$data merge entity $(bone_right_hand) { transformation: [-0.10060857487264527f,1.0326524112222422f,-0.16126658754678388f,-15.622767935945546f,0.8993186732113002f,0.16808219709384764f,0.5152419810473248f,8.679745900983518f,0.5325446823277483f,-0.08875456392205498f,-0.9005658158665828f,-1.0860722004190977f,0f,0f,0f,1f], start_interpolation: 0, interpolation_duration: 1 }
$data merge entity $(bone_right_forearm) { transformation: [0.9152964424854771f,4.142377114857752f,-0.5277966091935276f,-9.373728972025589f,3.502667232068607f,-0.4673979468684954f,2.405927351491718f,7.675625477917281f,2.273583005690857f,-0.9475631892205767f,-3.4940763183805608f,-1.9490953118659866f,0f,0f,0f,1f], start_interpolation: 0, interpolation_duration: 1 }
$data merge entity $(bone_right_bicep) { transformation: [0.7707759515667177f,3.5125019098757884f,0.16803203743739364f,-5.29654266950721f,2.94961451121567f,-0.7394374922135947f,1.9269163008119525f,5.796716213133649f,1.914596215318617f,-0.2748863914925781f,-3.036240900202061f,-1.541980289706989f,0f,0f,0f,1f], start_interpolation: 0, interpolation_duration: 1 }
$data merge entity $(bone_right_arm) { transformation: [-0.7352729975831477f,0.9481172831130253f,-0.021147966509060326f,-3.95f,0.9347174949101218f,0.7290423597969019f,0.18654876662875933f,5.9381536378007755f,0.16023989432734692f,0.09783074713064577f,-1.1852224775044644f,-1.3368351861809504f,0f,0f,0f,1f], start_interpolation: 0, interpolation_duration: 1 }
$data merge entity $(bone_left_thumb) { transformation: [-0.5276001018628245f,-0.8933819005640051f,0.16126658754678422f,15.837875455956297f,-0.7440249105935105f,0.5324026985118953f,0.5152419810473251f,8.236445618294917f,-0.5201586920648904f,0.14462415552700522f,-0.9005658158665831f,-0.9805466095270777f,0f,0f,0f,1f], start_interpolation: 0, interpolation_duration: 1 }
$data merge entity $(bone_left_fingers_2) { transformation: [0.11931727551143122f,-0.9809048637365186f,0.1535872262350325f,17.972142303379474f,-0.8708389291747134f,-0.029095436710963426f,0.49070664861649976f,7.984781093252309f,-0.4768678508752378f,-0.19229951601769613f,-0.8576817293967453f,-1.135845860931084f,0f,0f,0f,1f], start_interpolation: 0, interpolation_duration: 1 }
$data merge entity $(bone_left_fingers) { transformation: [0.07641724268382256f,-0.985175806116873f,0.1535872262350325f,17.096526418868326f,-0.8712792086007058f,0.008917716282250715f,0.49070664861649976f,8.38244419555415f,-0.4848019654258114f,-0.171315805979129f,-0.8576817293967453f,-1.0653549536546756f,0f,0f,0f,1f], start_interpolation: 0, interpolation_duration: 1 }
$data merge entity $(bone_left_hand) { transformation: [-0.10060857487264518f,-1.0326524112222422f,0.1612665875467841f,15.622767935945546f,-0.8993186732113002f,0.16808219709384764f,0.5152419810473248f,8.679745900983518f,-0.5325446823277483f,-0.08875456392205527f,-0.9005658158665826f,-1.0860722004190932f,0f,0f,0f,1f], start_interpolation: 0, interpolation_duration: 1 }
$data merge entity $(bone_left_forearm) { transformation: [0.9152964424854775f,-4.142377114857752f,0.5277966091935284f,9.373728972025589f,-3.502667232068607f,-0.4673979468684954f,2.405927351491718f,7.675625477917281f,-2.2735830056908566f,-0.9475631892205777f,-3.4940763183805603f,-1.949095311865984f,0f,0f,0f,1f], start_interpolation: 0, interpolation_duration: 1 }
$data merge entity $(bone_left_bicep) { transformation: [0.7707759515667181f,-3.5125019098757884f,-0.16803203743739284f,5.29654266950721f,-2.94961451121567f,-0.7394374922135947f,1.9269163008119525f,5.796716213133649f,-1.9145962153186165f,-0.274886391492579f,-3.036240900202061f,-1.5419802897069874f,0f,0f,0f,1f], start_interpolation: 0, interpolation_duration: 1 }
$data merge entity $(bone_left_arm) { transformation: [-0.7352729975831477f,-0.9481172831130253f,0.021147966509060617f,3.95f,-0.9347174949101218f,0.7290423597969019f,0.18654876662875933f,5.9381536378007755f,-0.16023989432734714f,0.09783074713064553f,-1.1852224775044644f,-1.3368351861809493f,0f,0f,0f,1f], start_interpolation: 0, interpolation_duration: 1 }
$data merge entity $(bone_right_foot) { transformation: [-2.0397613613039303f,0.02656405597544074f,-0.016368868674150855f,-0.7114767371622096f,0.015254458584142256f,1.7825521417612344f,0.9919048156933921f,-10.65140566446994f,0.02721930243122767f,0.9916663818203029f,-1.7825422566499194f,-2.600323953986954f,0f,0f,0f,1f], start_interpolation: 0, interpolation_duration: 1 }
$data merge entity $(bone_right_knee) { transformation: [-2.8229464980725334f,-0.39029500451008753f,-0.033806485686795736f,-1.1936086553949612f,-0.3902780419191475f,2.780457017697974f,0.4891235250218972f,-7.294500035467792f,-0.034001750186966315f,0.4891099898678835f,-2.8075105162395495f,-0.6316810452618076f,0f,0f,0f,1f], start_interpolation: 0, interpolation_duration: 1 }
$data merge entity $(bone_right_thigh) { transformation: [-3.7886913526762953f,-0.5193057942284591f,0.08224552411297426f,-1.4999999999999996f,-0.5237942141546453f,3.7798609984144407f,-0.26251753062131317f,-3.8394962500000007f,-0.04563392788250743f,-0.2712882687219335f,-3.815094392001314f,-2.7497187500000004f,0f,0f,0f,1f], start_interpolation: 0, interpolation_duration: 1 }
$data merge entity $(bone_left_foot) { transformation: [-2.038846951898844f,0.0037557953312885584f,-0.06847627862422162f,0.30349402844338325f,0.0005645216451515925f,2.037788551264601f,0.09496052680051073f,-11.51516050451998f,0.06857687692002833f,0.09488790405709165f,-2.0366377924450747f,-2.7850890396098213f,0f,0f,0f,1f], start_interpolation: 0, interpolation_duration: 1 }
$data merge entity $(bone_left_knee) { transformation: [-2.8067021046452205f,0.4856205925050199f,-0.09537261617028478f,0.9681438649134084f,0.49301403443519987f,2.79147976110603f,-0.2950896561815568f,-7.77677428790677f,0.04313302250038366f,-0.30710484117072345f,-2.8330771537145765f,-1.8941597303373883f,0f,0f,0f,1f], start_interpolation: 0, interpolation_duration: 1 }
$data merge entity $(bone_left_thigh) { transformation: [-3.766889666760691f,0.6535465638166226f,0.11850792114884383f,1.5000000000000004f,0.6616767304261894f,3.6328628984646314f,0.9975550437803762f,-3.8394962500000007f,0.05788905651367281f,1.0029003190161252f,-3.690726867062004f,-2.7497187499999995f,0f,0f,0f,1f], start_interpolation: 0, interpolation_duration: 1 }
data modify entity @s data merge value {"locators":{"consume":{"posx":-17.1340424164123,"posy":7.180846227698802,"posz":-0.6271833938199467,"roty":349.8475077105387,"rotx":29.387038124569425}},"cameras":{}}