# This file was generated by Animated Java via MC-Build. It is not recommended to edit this file directly.
$data merge entity $(bone_right_thumb) { transformation: [-0.5437306283003716f,0.8802416941870026f,-0.17897363957544066f,-15.890644874434036f,0.7343029726061159f,0.5560718889020948f,0.5040666610624831f,7.935611432461689f,0.5173549538468794f,0.13586248263465978f,-0.9035403906535897f,-0.9345507408111866f,0f,0f,0f,1f], start_interpolation: 0, interpolation_duration: 1 }
$data merge entity $(bone_right_fingers_2) { transformation: [0.09951112518627156f,0.9803284977398262f,-0.17045108530994338f,-18.018566854505895f,0.8772160322118691f,-0.005575082310968503f,0.48006348672617405f,7.628495480608119f,0.46966963793141636f,-0.1972940824667615f,-0.860514657765323f,-1.0765919513994378f,0f,0f,0f,1f], start_interpolation: 0, interpolation_duration: 1 }
$data merge entity $(bone_right_fingers) { transformation: [0.05665508415676282f,0.983736056549648f,-0.17045108530994338f,-17.15302872429582f,0.8766242985992772f,0.03269384984418702f,0.48006348672617405f,8.04885610871515f,0.47782846351438274f,-0.17661960034637492f,-0.860514657765323f,-1.013752667196604f,0f,0f,0f,1f], start_interpolation: 0, interpolation_duration: 1 }
$data merge entity $(bone_right_hand) { transformation: [-0.12078108776995757f,1.0275603949034948f,-0.17897363957544055f,-15.687458484507086f,0.9005106372077527f,0.19364243719032223f,0.5040666610624828f,8.383426166922703f,0.526300789580249f,-0.09551042531978413f,-0.9035403906535892f,-1.0445475165736764f,0f,0f,0f,1f], start_interpolation: 0, interpolation_duration: 1 }
$data merge entity $(bone_right_forearm) { transformation: [0.8373090585895194f,4.148035794977326f,-0.6069082171059734f,-9.419350421719146f,3.542123445727151f,-0.36898523871684685f,2.364917839765071f,7.532204560811941f,2.2422979364112052f,-0.9660610421686039f,-3.509195210752767f,-1.9332531922633547f,0f,0f,0f,1f], start_interpolation: 0, interpolation_duration: 1 }
$data merge entity $(bone_right_bicep) { transformation: [0.7051023651280166f,3.528763213959889f,0.10325131715556252f,-5.293531642400662f,2.982840796401812f,-0.6518258501411617f,1.9072975238301875f,5.760905465138803f,1.888250893819963f,-0.28801604276712206f,-3.051484117785456f,-1.5337413327507121f,0f,0f,0f,1f], start_interpolation: 0, interpolation_duration: 1 }
$data merge entity $(bone_right_arm) { transformation: [-0.7580433991455632f,0.9297029397095578f,-0.03197888220759878f,-3.95f,0.9168872430145661f,0.7536781501373556f,0.1768813998211293f,5.9381536378007755f,0.15712411848277416f,0.08730229035335123f,-1.1864612600039122f,-1.3368351861809504f,0f,0f,0f,1f], start_interpolation: 0, interpolation_duration: 1 }
$data merge entity $(bone_left_thumb) { transformation: [-0.5437306283003714f,-0.8802416941870027f,0.17897363957544093f,15.890644874434033f,-0.7343029726061159f,0.5560718889020948f,0.5040666610624831f,7.935611432461689f,-0.5173549538468795f,0.13586248263465947f,-0.9035403906535897f,-0.9345507408111825f,0f,0f,0f,1f], start_interpolation: 0, interpolation_duration: 1 }
$data merge entity $(bone_left_fingers_2) { transformation: [0.09951112518627166f,-0.9803284977398262f,0.17045108530994363f,18.01856685450589f,-0.8772160322118691f,-0.005575082310968503f,0.48006348672617405f,7.628495480608119f,-0.4696696379314163f,-0.19729408246676178f,-0.860514657765323f,-1.076591951399433f,0f,0f,0f,1f], start_interpolation: 0, interpolation_duration: 1 }
$data merge entity $(bone_left_fingers) { transformation: [0.05665508415676292f,-0.983736056549648f,0.17045108530994363f,17.153028724295815f,-0.8766242985992772f,0.03269384984418702f,0.48006348672617405f,8.04885610871515f,-0.4778284635143827f,-0.1766196003463752f,-0.860514657765323f,-1.0137526671965995f,0f,0f,0f,1f], start_interpolation: 0, interpolation_duration: 1 }
$data merge entity $(bone_left_hand) { transformation: [-0.12078108776995747f,-1.0275603949034948f,0.17897363957544082f,15.687458484507083f,-0.9005106372077527f,0.19364243719032223f,0.5040666610624828f,8.383426166922703f,-0.526300789580249f,-0.09551042531978442f,-0.9035403906535892f,-1.0445475165736724f,0f,0f,0f,1f], start_interpolation: 0, interpolation_duration: 1 }
$data merge entity $(bone_left_forearm) { transformation: [0.83730905858952f,-4.148035794977326f,0.6069082171059743f,9.419350421719145f,-3.542123445727151f,-0.36898523871684685f,2.364917839765071f,7.532204560811941f,-2.242297936411205f,-0.9660610421686051f,-3.509195210752767f,-1.9332531922633522f,0f,0f,0f,1f], start_interpolation: 0, interpolation_duration: 1 }
$data merge entity $(bone_left_bicep) { transformation: [0.7051023651280169f,-3.528763213959889f,-0.10325131715556171f,5.293531642400662f,-2.982840796401812f,-0.6518258501411617f,1.9072975238301875f,5.760905465138803f,-1.8882508938199625f,-0.28801604276712295f,-3.051484117785456f,-1.5337413327507106f,0f,0f,0f,1f], start_interpolation: 0, interpolation_duration: 1 }
$data merge entity $(bone_left_arm) { transformation: [-0.7580433991455632f,-0.9297029397095578f,0.03197888220759907f,3.95f,-0.9168872430145661f,0.7536781501373556f,0.1768813998211293f,5.9381536378007755f,-0.15712411848277436f,0.087302290353351f,-1.1864612600039122f,-1.3368351861809493f,0f,0f,0f,1f], start_interpolation: 0, interpolation_duration: 1 }
$data merge entity $(bone_right_foot) { transformation: [-2.0398721089618026f,0.021687294110518035f,-0.007172193101938217f,-0.6893269240856135f,0.017108270258071982f,1.8749525448287818f,0.8036543173086621f,-10.811347510314812f,0.015135592770168117f,0.80354378593468f,-1.8750168793686248f,-2.6034398771286993f,0f,0f,0f,1f], start_interpolation: 0, interpolation_duration: 1 }
$data merge entity $(bone_right_knee) { transformation: [-2.8229464980725334f,-0.3913510147833596f,-0.017817189678944252f,-1.1804376730668185f,-0.3902780419191476f,2.798133636869772f,0.37500826686047767f,-7.377271251257413f,-0.03400175018696633f,0.3738883970464687f,-2.8251639505590194f,-0.7751204384385202f,0f,0f,0f,1f], start_interpolation: 0, interpolation_duration: 1 }
$data merge entity $(bone_right_thigh) { transformation: [-3.7886913526762953f,-0.5222347840355549f,0.06093984328176411f,-1.4999999999999996f,-0.5237942141546456f,3.7874345812615906f,-0.10772146435116478f,-3.8394962500000007f,-0.04563392788250745f,-0.11504400465552016f,-3.8229971778198895f,-2.7497187500000004f,0f,0f,0f,1f], start_interpolation: 0, interpolation_duration: 1 }
$data merge entity $(bone_left_foot) { transformation: [-2.0389861941461116f,0.00312678786492225f,-0.06423023648722043f,0.299891873427896f,0.00014546364485317398f,2.0378061092000084f,0.09458456611651886f,-11.52320777463353f,0.06430613440321621f,0.09453298104243764f,-2.0367936165879317f,-2.9275033338620084f,0f,0f,0f,1f], start_interpolation: 0, interpolation_duration: 1 }
$data merge entity $(bone_left_knee) { transformation: [-2.8067021046452205f,0.4867408438820649f,-0.08947986743992387f,0.9633102789979557f,0.4930140344351997f,2.7948512256658846f,-0.26123512061709653f,-7.795852045241952f,0.04313302250038366f,-0.27274526080369704f,-2.836591187513475f,-1.9906248841543779f,0f,0f,0f,1f], start_interpolation: 0, interpolation_duration: 1 }
$data merge entity $(bone_left_thigh) { transformation: [-3.766889666760691f,0.6504821259779174f,0.13431396887436498f,1.5000000000000004f,0.6616767304261891f,3.607616547554988f,1.0853164286142276f,-3.8394962500000007f,0.05788905651367281f,1.0920626582713475f,-3.665333955800655f,-2.7497187499999995f,0f,0f,0f,1f], start_interpolation: 0, interpolation_duration: 1 }
data modify entity @s data merge value {"locators":{"consume":{"posx":-17.15763587106924,"posy":6.850078076131998,"posz":-0.5663720182314225,"roty":348.7958613945798,"rotx":28.68954851377974}},"cameras":{}}