execute if entity @s[tag=aj.armor.bone.right_thumb_2] run data modify entity @s {} merge value {transformation:[-0.958829665577696f,0.2839620934366187f,0.0033469238499039683f,-2.1306622665288164f,0.18802599534849712f,0.6259702224687943f,0.7568404756985287f,4.199737118771353f,0.21281893121001f,0.7263104088979183f,-0.6535910743310132f,-6.4839093918442f,0f,0f,0f,1f],start_interpolation:0}
execute if entity @s[tag=aj.armor.bone.right_thumb] run data modify entity @s {} merge value {transformation:[-0.958829665577696f,0.2839620934366187f,0.0033469238499039683f,-2.253048561286716f,0.18802599534849712f,0.6259702224687943f,0.7568404756985287f,4.4007454368368f,0.21281893121001f,0.7263104088979183f,-0.6535910743310132f,-6.187186607412526f,0f,0f,0f,1f],start_interpolation:0}
execute if entity @s[tag=aj.armor.bone.right_fingers_2] run data modify entity @s {} merge value {transformation:[0.9695064105330339f,-0.22361592554813828f,0.10026583554033638f,-2.1427243648896463f,-0.1734803406304305f,-0.3372530072245203f,0.9252918353323818f,4.299511436583743f,-0.17309503560212847f,-0.9144705172717527f,-0.36576191941019615f,-7.008188207700365f,0f,0f,0f,1f],start_interpolation:0}
execute if entity @s[tag=aj.armor.bone.right_fingers] run data modify entity @s {} merge value {transformation:[-0.3482488404058569f,-0.9320244135103835f,0.10026583554033638f,-2.5688811161887073f,-0.31172403270808774f,0.21601654311519664f,0.9252918353323818f,4.387917107939774f,-0.8840536593375897f,0.29097653809402946f,-0.36576191941019615f,-6.924446348482081f,0f,0f,0f,1f],start_interpolation:0}
execute if entity @s[tag=aj.armor.bone.right_hand] run data modify entity @s {} merge value {transformation:[-0.9783376449327806f,0.18111381706203122f,0.10026583554033638f,-2.393391530279613f,0.1586044562239955f,0.34449912326901977f,0.9252918353323818f,4.647534840355487f,0.13304164375589844f,0.9211504433783322f,-0.36576191941019615f,-6.196039729495648f,0f,0f,0f,1f],start_interpolation:0}
execute if entity @s[tag=aj.armor.bone.right_forearm] run data modify entity @s {} merge value {transformation:[-1.8123007017254238f,0.09460089633271318f,0.18288083161472046f,-2.1642976398138964f,0.2047967616989134f,0.6607365112693102f,1.6876949104345864f,5.678806847208113f,0.021284138617360154f,1.6974411609013773f,-0.6671349581266216f,-3.7270966537689603f,0f,0f,0f,1f],start_interpolation:0}
execute if entity @s[tag=aj.armor.bone.right_bicep] run data modify entity @s {} merge value {transformation:[-1.5674767843749688f,-0.013616034086760377f,0.23014275992253788f,-2.183827055740997f,0.20369668872290556f,-0.8225237973822919f,1.3386922042152354f,4.377414286009444f,0.10797567009441739f,1.3540324081199349f,0.8155194959730263f,-1.6250247087003495f,0f,0f,0f,1f],start_interpolation:0}
execute if entity @s[tag=aj.armor.bone.right_shoulder] run data modify entity @s {} merge value {transformation:[-1.0032082951728458f,-0.0965095046738977f,0.10330542420817697f,-1.764876018380594f,0.13828000180939998f,-0.5158812655665702f,0.8609054185007006f,4.186170689243355f,-0.029406398331397635f,0.8665826065712795f,0.5240065156008484f,-1.4332476019329758f,0f,0f,0f,1f],start_interpolation:0}
execute if entity @s[tag=aj.armor.bone.right_arm] run data modify entity @s {} merge value {transformation:[-1.2678546581035708f,-0.01917944520397136f,0.3992925570468282f,-1.6299308291101324f,0.24335410749537867f,1.0164249866579127f,0.8215332349752135f,4.055094855591476f,-0.3171453540515049f,0.8566038913554965f,-0.9658708138381735f,-1.2228848752971806f,0f,0f,0f,1f],start_interpolation:0}
execute if entity @s[tag=aj.armor.bone.left_thumb_2] run data modify entity @s {} merge value {transformation:[0.3216429288110451f,0.773924341874074f,-0.5455152971279854f,-0.10001311547807724f,-0.03356048791499418f,-0.5664501389027257f,-0.82341237165104f,1.7042721222332546f,-0.9462660936527107f,0.2831525263737977f,-0.15622140317951133f,-0.4297058451252982f,0f,0f,0f,1f],start_interpolation:0}
execute if entity @s[tag=aj.armor.bone.left_thumb] run data modify entity @s {} merge value {transformation:[0.3216429288110451f,0.773924341874074f,-0.5455152971279854f,0.09007708929252876f,-0.03356048791499418f,-0.5664501389027257f,-0.82341237165104f,1.5726922702838155f,-0.9462660936527107f,0.2831525263737977f,-0.15622140317951133f,-0.12973981956875943f,0f,0f,0f,1f],start_interpolation:0}
execute if entity @s[tag=aj.armor.bone.left_fingers_2] run data modify entity @s {} merge value {transformation:[-0.36119742283068323f,-0.8989285837393581f,-0.24791898490600556f,-0.5509962102160028f,0.04446241687014588f,0.24896293236310926f,-0.9674918871986613f,1.5395064673986323f,0.931428749409496f,-0.360478653522665f,-0.04995623212321556f,-0.6630193953422912f,0f,0f,0f,1f],start_interpolation:0}
execute if entity @s[tag=aj.armor.bone.left_fingers] run data modify entity @s {} merge value {transformation:[0.9383838493322085f,-0.2407736036936826f,-0.24791898490600556f,-0.7031201290037188f,-0.252636529934921f,0.011585851164871555f,-0.9674918871986613f,1.5482717200594456f,0.23581886068529076f,0.9705121533588041f,-0.04995623212321556f,-0.24682314107097275f,0f,0f,0f,1f],start_interpolation:0}
execute if entity @s[tag=aj.armor.bone.left_hand] run data modify entity @s {} merge value {transformation:[0.40006435702684495f,0.882317792612091f,-0.24791898490600556f,0.011423422229075442f,-0.055279709087707005f,-0.24678655143251074f,-0.9674918871986613f,1.359237257827893f,-0.9148183776028309f,0.40076390914374516f,-0.04995623212321556f,0.04034867128345032f,0f,0f,0f,1f],start_interpolation:0}
execute if entity @s[tag=aj.armor.bone.left_forearm] run data modify entity @s {} merge value {transformation:[-0.3253271937368351f,1.7368106334686157f,-0.45219420840958086f,2.5331796416445185f,0.17558978749128482f,-0.42655638033291976f,-1.7646660994532506f,0.6679990282328299f,-1.7861016222985715f,-0.3582834625001955f,-0.09111814832836353f,-0.5717143595647857f,0f,0f,0f,1f],start_interpolation:0}
execute if entity @s[tag=aj.armor.bone.left_bicep] run data modify entity @s {} merge value {transformation:[-0.2205652169316234f,-0.13834116576958466f,1.5628010950907745f,2.2964858538751867f,0.22230627716488435f,1.5594903837598408f,0.16942319196963973f,3.100001438988326f,-1.5530825670570456f,0.24287037838650485f,-0.19769439822463447f,-0.19481810913891276f,0f,0f,0f,1f],start_interpolation:0}
execute if entity @s[tag=aj.armor.bone.left_shoulder] run data modify entity @s {} merge value {transformation:[-0.8606564159239308f,-0.013503711940383356f,0.5343230878032927f,1.903344383831747f,0.09526572802874807f,0.9927044292963981f,0.1785366510980467f,3.3554053290550137f,-0.52593531299863f,0.20191221975399157f,-0.8420430397087131f,-0.36535016231467055f,0f,0f,0f,1f],start_interpolation:0}
execute if entity @s[tag=aj.armor.bone.left_arm] run data modify entity @s {} merge value {transformation:[-1.2678546581035708f,-0.01917944520397136f,0.3992925570468282f,1.7076273602201648f,0.24335410749537867f,1.0164249866579127f,0.8215332349752135f,3.414478449612221f,-0.3171453540515049f,0.8566038913554965f,-0.9658708138381735f,-0.3880170402048488f,0f,0f,0f,1f],start_interpolation:0}
execute if entity @s[tag=aj.armor.bone.chest] run data modify entity @s {} merge value {transformation:[-2.5106817958414775f,-0.03798028710954689f,0.7907030571563924f,1.0840363484542409e-16f,0.48190439158522697f,2.012785688430205f,1.6268493589132935f,4.251964713247415f,-0.6280302414504106f,1.6962983749968041f,-1.9126752849300155f,-0.2533010586503106f,0f,0f,0f,1f],start_interpolation:0}
execute if entity @s[tag=aj.armor.bone.weist] run data modify entity @s {} merge value {transformation:[-1.9031861480095595f,0.018404162838492683f,0.42152463076798924f,3.6551675421743136e-16f,0.2109631055148478f,1.7281263217356455f,0.8770480179359051f,0.9548077947616802f,-0.3653988172742306f,0.9018757921376883f,-1.6891545226591766f,-2.352789005305782f,0f,0f,0f,1f],start_interpolation:0}
execute if entity @s[tag=aj.armor.bone.right_foot] run data modify entity @s {} merge value {transformation:[-1.1732607014422463f,0.028346053935572185f,0.09081146708479222f,-1.1679017100753093f,0.036944882061275025f,1.1712137191946443f,0.1117335873239996f,-6.269654396034307f,-0.0876658258233454f,0.11421830007968503f,-1.168272133445877f,-1.603388149073144f,0f,0f,0f,1f],start_interpolation:0}
execute if entity @s[tag=aj.armor.bone.right_knee] run data modify entity @s {} merge value {transformation:[-2.895137554857244f,0.06994670935453957f,0.22408633345144585f,-1.1382903227802472f,0.09116517359175708f,2.8900864224261715f,0.27571374750981215f,-2.6716240421537556f,-0.21632415055473056f,0.2818450235366789f,-2.882827766816535f,-1.3570773831303775f,0f,0f,0f,1f],start_interpolation:0}
execute if entity @s[tag=aj.armor.bone.right_thigh] run data modify entity @s {} merge value {transformation:[-2.4658441595788725f,0.22146484928394208f,-0.02405460748931847f,-0.7769943673799611f,0.17510329069915403f,1.7616412116805187f,-1.730887576312853f,-0.18199774605883462f,-0.13771035253804217f,-1.7255683946976708f,-1.7701588338235112f,-3.737936699527214f,0f,0f,0f,1f],start_interpolation:0}
execute if entity @s[tag=aj.armor.bone.right_leg] run data modify entity @s {} merge value {transformation:[-0.984807739992225f,-0.022665657342361464f,0.1721626650253903f,-0.8089787499999994f,0.06645229348709669f,0.8667842730008223f,0.49423589182569566f,-0.2115431249999995f,-0.16043007181233465f,0.4981679355956931f,-0.852109676040951f,-3.8100468750000003f,0f,0f,0f,1f],start_interpolation:0}
execute if entity @s[tag=aj.armor.bone.left_foot] run data modify entity @s {} merge value {transformation:[-1.1768363304018832f,-0.025423575996922205f,0.000887753524716527f,1.3023340191325972f,-0.018306184434977762f,0.874869882626272f,0.7873109087022029f,-5.631137801722203f,-0.017664369058205887f,0.7871132225630468f,-0.8750609349118229f,-8.221779949703794f,0f,0f,0f,1f],start_interpolation:0}
execute if entity @s[tag=aj.armor.bone.left_knee] run data modify entity @s {} merge value {transformation:[-2.9039607751957033f,-0.06116452814668649f,-0.014121089029758586f,1.2910014708955297f,-0.04517233209865261f,1.582442847221221f,2.4353157463099504f,-3.5830347468880444f,-0.04358858877690582f,2.4349665756040704f,-1.5830244783810035f,-5.2531921058647075f,0f,0f,0f,1f],start_interpolation:0}
execute if entity @s[tag=aj.armor.bone.left_thigh] run data modify entity @s {} merge value {transformation:[-2.4706354726633633f,-0.1574509467750099f,0.03438434987306464f,1.0132588726553948f,-0.12472485625584212f,2.202558212085447f,1.1239189274791939f,-0.5249670473602476f,-0.10206269832068827f,1.1198032169420105f,-2.205818823901203f,-3.5121557084358304f,0f,0f,0f,1f],start_interpolation:0}
execute if entity @s[tag=aj.armor.bone.left_leg] run data modify entity @s {} merge value {transformation:[-0.9848077467473787f,-0.015134400543989289f,0.1729874326837791f,0.9339781250000005f,0.07338693632779675f,0.8665850029453301f,0.4936038798942551f,-0.28029312500000003f,-0.15737871369016462f,0.4987999424522986f,-0.8523089568265799f,-3.4350468750000003f,0f,0f,0f,1f],start_interpolation:0}