execute if entity @s[tag=aj.armor.bone.right_thumb_2] run data modify entity @s {} merge value {transformation:[-0.9616924440357973f,0.27412869390779965f,0.0010498861169853657f,-2.091163016609248f,0.17294503566688763f,0.6037416825465387f,0.7781940602407947f,4.389801771516565f,0.21269146132986566f,0.7485649203190583f,-0.6280230109996671f,-6.495974188058338f,0f,0f,0f,1f],start_interpolation:0}
execute if entity @s[tag=aj.armor.bone.right_thumb] run data modify entity @s {} merge value {transformation:[-0.9616924440357973f,0.27412869390779965f,0.0010498861169853657f,-2.217092035283948f,0.17294503566688763f,0.6037416825465387f,0.7781940602407947f,4.579801705675978f,0.21269146132986566f,0.7485649203190583f,-0.6280230109996671f,-6.193535653555872f,0f,0f,0f,1f],start_interpolation:0}
execute if entity @s[tag=aj.armor.bone.right_fingers_2] run data modify entity @s {} merge value {transformation:[0.9719976736899808f,-0.2150443601446721f,0.09474410541682071f,-2.1007890072665845f,-0.15964342413958288f,-0.3084306659403185f,0.937755032743947f,4.506882372953909f,-0.17243694346123842f,-0.926620983723971f,-0.3341243077840424f,-7.0167122782133315f,0f,0f,0f,1f],start_interpolation:0}
execute if entity @s[tag=aj.armor.bone.right_fingers] run data modify entity @s {} merge value {transformation:[-0.3400757810263552f,-0.935613177359148f,0.09474410541682071f,-2.528191126218419f,-0.28495435057072077f,0.19853593290439359f,0.937755032743947f,4.588943696587688f,-0.8961860751262167f,0.29191003014233907f,-0.3341243077840424f,-6.9328599898130205f,0f,0f,0f,1f],start_interpolation:0}
execute if entity @s[tag=aj.armor.bone.right_hand] run data modify entity @s {} merge value {transformation:[-0.9804526505275598f,0.17244174251685387f,0.09474410541682071f,-2.3594529148273766f,0.14603792228088902f,0.3151006566468565f,0.937755032743947f,4.825587168693422f,0.13185418207005642f,0.9332606397027954f,-0.3341243077840424f,-6.195092107985163f,0f,0f,0f,1f],start_interpolation:0}
execute if entity @s[tag=aj.armor.bone.right_forearm] run data modify entity @s {} merge value {transformation:[-1.814060783617082f,0.07841517498141705f,0.1728094190393537f,-2.154498487794892f,0.18907102795101466f,0.6045818654127231f,1.710427278792386f,5.775892454170581f,0.01625365699256003f,1.719057994943804f,-0.6094292332073203f,-3.691774425153183f,0f,0f,0f,1f],start_interpolation:0}
execute if entity @s[tag=aj.armor.bone.right_bicep] run data modify entity @s {} merge value {transformation:[-1.5697829008030046f,-0.015142356608069504f,0.21374496313683028f,-2.1761912613107475f,0.1870961591165327f,-0.8672554103037439f,1.312630045529293f,4.405083783907278f,0.10445682109777189f,1.3258104382673814f,0.8610749155508531f,-1.6343188431824895f,0f,0f,0f,1f],start_interpolation:0}
execute if entity @s[tag=aj.armor.bone.right_shoulder] run data modify entity @s {} merge value {transformation:[-1.0041352460527444f,-0.09757035096986492f,0.09276536483543905f,-1.756849313100957f,0.13093229202513687f,-0.5452373929785658f,0.8437925686268052f,4.211008084640341f,-0.03133881309939794f,0.84829781950468f,0.5530114527602177f,-1.446277631967714f,0f,0f,0f,1f],start_interpolation:0}
execute if entity @s[tag=aj.armor.bone.right_arm] run data modify entity @s {} merge value {transformation:[-1.2678546581035708f,-0.033102870882153315f,0.3983799658249475f,-1.622121075147858f,0.2433541074953787f,0.9871347115939123f,0.856505499595759f,4.074111241716825f,-0.31714535405150496f,0.8897904766921327f,-0.9353873867536286f,-1.2395142132301402f,0f,0f,0f,1f],start_interpolation:0}
execute if entity @s[tag=aj.armor.bone.left_thumb_2] run data modify entity @s {} merge value {transformation:[0.327822391643505f,0.776888410575487f,-0.5375656955671804f,-0.07742246043422907f,0.0006239320231024981f,-0.5691874323952814f,-0.8222075635215829f,1.7108262374225474f,-0.9447391651910929f,0.26920264544903844f,-0.18707711093898216f,-0.5149875496469705f,0f,0f,0f,1f],start_interpolation:0}
execute if entity @s[tag=aj.armor.bone.left_thumb] run data modify entity @s {} merge value {transformation:[0.327822391643505f,0.776888410575487f,-0.5375656955671804f,0.11189198204245021f,0.0006239320231024981f,-0.5691874323952814f,-0.8222075635215829f,1.5708941744849687f,-0.9447391651910929f,0.26920264544903844f,-0.18707711093898216f,-0.21832912736853458f,0f,0f,0f,1f],start_interpolation:0}
execute if entity @s[tag=aj.armor.bone.left_fingers_2] run data modify entity @s {} merge value {transformation:[-0.3673739000583794f,-0.8987253657891623f,-0.23943503177904452f,-0.5255331623072784f,0.010440705527692447f,0.25343547858695414f,-0.967295947402596f,1.550222616189194f,0.930014736025177f,-0.3578591553677752f,-0.08372225328717899f,-0.7565904494245033f,0f,0f,0f,1f],start_interpolation:0}
execute if entity @s[tag=aj.armor.bone.left_fingers] run data modify entity @s {} merge value {transformation:[0.9389885619936131f,-0.24692376556770412f,-0.23943503177904452f,-0.680323851038883f,-0.2526300884714686f,-0.02272858414887362f,-0.967295947402596f,1.5438684797874045f,0.23340633848305042f,0.968768323935322f,-0.08372225328717899f,-0.34133473781586293f,0f,0f,0f,1f],start_interpolation:0}
execute if entity @s[tag=aj.armor.bone.left_hand] run data modify entity @s {} merge value {transformation:[0.4062260913743265f,0.8818453539276065f,-0.23943503177904452f,0.03397948103117132f,-0.021485468602104846f,-0.25273884698926374f,-0.967295947402596f,1.3512525521205498f,-0.913519970950655f,0.3980852257731151f,-0.08372225328717899f,-0.05595075344896894f,0f,0f,0f,1f],start_interpolation:0}
execute if entity @s[tag=aj.armor.bone.left_forearm] run data modify entity @s {} merge value {transformation:[-0.3156266890688223f,1.7425510474307933f,-0.4367198207991094f,2.565250852500519f,0.2323089436638193f,-0.40009483989261835f,-1.7643087131844608f,0.7015371516769151f,-1.7813592870262756f,-0.360927316537074f,-0.15270600622141078f,-0.6741910112382605f,0f,0f,0f,1f],start_interpolation:0}
execute if entity @s[tag=aj.armor.bone.left_bicep] run data modify entity @s {} merge value {transformation:[-0.21272078115995177f,-0.15300140128816025f,1.56252199867716f,2.305707399811568f,0.27209695544461476f,1.5493449091907947f,0.18875421872330994f,3.1176074658143125f,-1.5462366157816785f,0.2936928318020977f,-0.18174543858813533f,-0.21817358614954785f,0f,0f,0f,1f],start_interpolation:0}
execute if entity @s[tag=aj.armor.bone.left_shoulder] run data modify entity @s {} merge value {transformation:[-0.8581251939957142f,-0.023135591242755285f,0.5380509962025037f,1.9114998036492257f,0.10565484344867498f,0.9852831048839856f,0.21087255855812453f,3.375310133857229f,-0.5280825542966691f,0.23472308432461828f,-0.8321339244373372f,-0.3826796641555681f,0f,0f,0f,1f],start_interpolation:0}
execute if entity @s[tag=aj.armor.bone.left_arm] run data modify entity @s {} merge value {transformation:[-1.2678546581035708f,-0.033102870882153315f,0.3983799658249475f,1.7154371141824392f,0.2433541074953787f,0.9871347115939123f,0.856505499595759f,3.4334948357375694f,-0.31714535405150496f,0.8897904766921327f,-0.9353873867536286f,-0.4046463781378082f,0f,0f,0f,1f],start_interpolation:0}
execute if entity @s[tag=aj.armor.bone.chest] run data modify entity @s {} merge value {transformation:[-2.490812692170795f,-0.06503351974420316f,0.782652703005873f,1.0840363484542409e-16f,0.4780906831608367f,1.9393135110598911f,1.6826808622514262f,4.251964713247415f,-0.6230601181968903f,1.7480721457714725f,-1.8376513113162243f,-0.2533010586503106f,0f,0f,0f,1f],start_interpolation:0}
execute if entity @s[tag=aj.armor.bone.weist] run data modify entity @s {} merge value {transformation:[-1.8996983305241235f,0.018370434996883477f,0.4207521361913173f,3.716400125863302e-16f,0.21057649025445085f,1.724959322433819f,0.8754407219729101f,0.9548079096670694f,-0.3647291800002417f,0.9002229962927842f,-1.6860589438657436f,-2.402789204327754f,0f,0f,0f,1f],start_interpolation:0}
execute if entity @s[tag=aj.armor.bone.right_foot] run data modify entity @s {} merge value {transformation:[-1.1732607014422463f,0.028346053935572185f,0.09081146708479222f,-1.1679017100753093f,0.036944882061275025f,1.1712137191946443f,0.1117335873239996f,-6.169654396034307f,-0.0876658258233454f,0.11421830007968503f,-1.168272133445877f,-1.653388149073144f,0f,0f,0f,1f],start_interpolation:0}
execute if entity @s[tag=aj.armor.bone.right_knee] run data modify entity @s {} merge value {transformation:[-2.895137554857244f,0.06994670935453957f,0.22408633345144585f,-1.1382903227802472f,0.09116517359175708f,2.8900864224261715f,0.27571374750981215f,-2.571624042153756f,-0.21632415055473056f,0.2818450235366789f,-2.882827766816535f,-1.4070773831303773f,0f,0f,0f,1f],start_interpolation:0}
execute if entity @s[tag=aj.armor.bone.right_thigh] run data modify entity @s {} merge value {transformation:[-2.4658441595788725f,0.22146484928394208f,-0.02405460748931847f,-0.7769943673799611f,0.17510329069915403f,1.7616412116805187f,-1.730887576312853f,-0.08199774605883499f,-0.13771035253804217f,-1.7255683946976708f,-1.7701588338235112f,-3.7879366995272137f,0f,0f,0f,1f],start_interpolation:0}
execute if entity @s[tag=aj.armor.bone.right_leg] run data modify entity @s {} merge value {transformation:[-0.984807739992225f,-0.022665657342361464f,0.1721626650253903f,-0.8089787499999994f,0.06645229348709669f,0.8667842730008223f,0.49423589182569566f,-0.11154312499999985f,-0.16043007181233465f,0.4981679355956931f,-0.852109676040951f,-3.860046875f,0f,0f,0f,1f],start_interpolation:0}
execute if entity @s[tag=aj.armor.bone.left_foot] run data modify entity @s {} merge value {transformation:[-1.1768363304018832f,-0.025423575996922205f,0.000887753524716527f,1.3023340191325972f,-0.018306184434977762f,0.874869882626272f,0.7873109087022029f,-5.581137801722202f,-0.017664369058205887f,0.7871132225630468f,-0.8750609349118229f,-8.271779949703795f,0f,0f,0f,1f],start_interpolation:0}
execute if entity @s[tag=aj.armor.bone.left_knee] run data modify entity @s {} merge value {transformation:[-2.9039607751957033f,-0.06116452814668649f,-0.014121089029758586f,1.2910014708955297f,-0.04517233209865261f,1.582442847221221f,2.4353157463099504f,-3.5330347468880436f,-0.04358858877690582f,2.4349665756040704f,-1.5830244783810035f,-5.303192105864707f,0f,0f,0f,1f],start_interpolation:0}
execute if entity @s[tag=aj.armor.bone.left_thigh] run data modify entity @s {} merge value {transformation:[-2.4706354726633633f,-0.1574509467750099f,0.03438434987306464f,1.0132588726553948f,-0.12472485625584212f,2.202558212085447f,1.1239189274791939f,-0.47496704736024686f,-0.10206269832068827f,1.1198032169420105f,-2.205818823901203f,-3.56215570843583f,0f,0f,0f,1f],start_interpolation:0}
execute if entity @s[tag=aj.armor.bone.left_leg] run data modify entity @s {} merge value {transformation:[-0.9848077467473787f,-0.015134400543989289f,0.1729874326837791f,0.9339781250000005f,0.07338693632779675f,0.8665850029453301f,0.4936038798942551f,-0.23029312499999932f,-0.15737871369016462f,0.4987999424522986f,-0.8523089568265799f,-3.485046875f,0f,0f,0f,1f],start_interpolation:0}