execute if entity @s[tag=aj.armor.bone.neck] run data modify entity @s {} merge value {transformation:[-1.2033625000000001f,0f,1.473694033838957e-16f,1.1102230246251565e-16f,0f,1.2033625000000001f,0f,3.7483843749999997f,-1.473694033838957e-16f,0f,-1.2033625000000001f,-0.42924750000000006f,0f,0f,0f,1f],start_interpolation:0}
execute if entity @s[tag=aj.armor.bone.right_thumb_2] run data modify entity @s {} merge value {transformation:[-0.9627335164823568f,0.24009674240141007f,-0.12448988123436587f,-2.4571244130687404f,0.2627023224099739f,0.9395880222472102f,-0.21945805578739125f,-2.2786667186668614f,0.06427803701048838f,-0.2439834066853862f,-0.9676468525346795f,-1.2475435739779168f,0f,0f,0f,1f],start_interpolation:0}
execute if entity @s[tag=aj.armor.bone.right_thumb] run data modify entity @s {} merge value {transformation:[-0.9627335164823568f,0.24009674240141007f,-0.12448988123436587f,-2.5884148695970284f,0.2627023224099739f,0.9395880222472102f,-0.21945805578739125f,-1.923993523215881f,0.06427803701048838f,-0.2439834066853862f,-0.9676468525346795f,-1.2674659315225776f,0f,0f,0f,1f],start_interpolation:0}
execute if entity @s[tag=aj.armor.bone.right_fingers_2] run data modify entity @s {} merge value {transformation:[0.9735157171251052f,-0.22594607555857182f,-0.03486430051029131f,-2.5082085429265857f,-0.2206656561470104f,-0.96853013359108f,0.11513491444063861f,-2.6940955010523293f,-0.059781407708426264f,-0.10439229504960605f,-0.9927378465771691f,-1.578871242472008f,0f,0f,0f,1f],start_interpolation:0}
execute if entity @s[tag=aj.armor.bone.right_fingers] run data modify entity @s {} merge value {transformation:[-0.3510823751828372f,-0.9356952743206013f,-0.03486430051029131f,-2.9372563651778094f,-0.9314415761839582f,0.3451963812566548f,0.11513491444063861f,-2.584620174289444f,-0.09569616498021531f,0.0728958982481491f,-0.9927378465771691f,-1.5596109869530075f,0f,0f,0f,1f],start_interpolation:0}
execute if entity @s[tag=aj.armor.bone.right_hand] run data modify entity @s {} merge value {transformation:[-0.9824447752692904f,0.1832668657886678f,-0.03486430051029131f,-2.7587602558328883f,0.17820894026575393f,0.9772336082463104f,0.11513491444063861f,-1.8174410027407193f,0.055170981099037945f,0.1069005650962365f,-0.9927378465771691f,-1.4682358151555936f,0f,0f,0f,1f],start_interpolation:0}
execute if entity @s[tag=aj.armor.bone.right_forearm] run data modify entity @s {} merge value {transformation:[-1.8202404388655606f,0.09751657053187802f,-0.06359107503195906f,-2.5350360623269577f,0.08961068980012375f,1.8096126339815086f,0.21000143057026618f,0.8490622876038425f,0.07431844068308341f,0.20644901317205094f,-1.810713709002124f,-1.241534333539223f,0f,0f,0f,1f],start_interpolation:0}
execute if entity @s[tag=aj.armor.bone.right_bicep] run data modify entity @s {} merge value {transformation:[-1.5764076464182406f,0.1557315914152906f,0.028655883041203638f,-2.2876795385357407f,0.15752481394760653f,1.5131734821127893f,0.44229684817431647f,3.2041336106560836f,0.016106557310055284f,0.44293141720747636f,-1.5210808309704325f,-0.5307852412787322f,0f,0f,0f,1f],start_interpolation:0}
execute if entity @s[tag=aj.armor.bone.right_shoulder] run data modify entity @s {} merge value {transformation:[-1.0129612136607922f,0.011341707751306811f,0.01392565800883261f,-1.8390318357894042f,0.014784030155024826f,0.9726016503653273f,0.2832674369317039f,3.4045095020932754f,-0.010197584913612312f,0.28342613506655573f,-0.9726143191882403f,-0.4445455483256695f,0f,0f,0f,1f],start_interpolation:0}
execute if entity @s[tag=aj.armor.bone.right_arm] run data modify entity @s {} merge value {transformation:[-1.328762121958171f,0.004915461015013551f,0.04030995904833044f,-1.7488999578112348f,0.007563886232609777f,1.326472847794002f,0.08758083692554788f,3.547942263508225f,-0.03989789694367776f,0.0877693204629565f,-1.325881795452065f,-0.40770543269158976f,0f,0f,0f,1f],start_interpolation:0}
execute if entity @s[tag=aj.armor.bone.left_thumb_2] run data modify entity @s {} merge value {transformation:[-0.9336800075021405f,0.02498343905384122f,0.35723587636720583f,2.2072938082181643f,-0.21883457314673424f,0.7498315865149866f,-0.6243909203857028f,-2.0056109717387987f,-0.2834661764417215f,-0.6611568797475085f,-0.6946355211015699f,0.4932137284324725f,0f,0f,0f,1f],start_interpolation:0}
execute if entity @s[tag=aj.armor.bone.left_thumb] run data modify entity @s {} merge value {transformation:[-0.9336800075021405f,0.02498343905384122f,0.35723587636720583f,2.403686682292137f,-0.21883457314673424f,0.7498315865149866f,-0.6243909203857028f,-1.7015964368278604f,-0.2834661764417215f,-0.6611568797475085f,-0.6946355211015699f,0.38171412550580763f,0f,0f,0f,1f],start_interpolation:0}
execute if entity @s[tag=aj.armor.bone.left_fingers_2] run data modify entity @s {} merge value {transformation:[0.9370968075505749f,0.05788461699726631f,0.34423675630821327f,2.272766405492613f,0.17857647535203758f,-0.9268370206880303f,-0.3302780336821972f,-2.5257370444935523f,0.2999333521457116f,0.37097507759580733f,-0.878872844086914f,0.39246208867316235f,0f,0f,0f,1f],start_interpolation:0}
execute if entity @s[tag=aj.armor.bone.left_fingers] run data modify entity @s {} merge value {transformation:[-0.17970508410567343f,0.921524355811051f,0.34423675630821327f,2.690158090597569f,0.8955988941443805f,0.29802523596901f,-0.3302780336821972f,-2.439130112475994f,-0.4069504927554893f,0.24894541645236862f,-0.878872844086914f,0.513793283848874f,0f,0f,0f,1f],start_interpolation:0}
execute if entity @s[tag=aj.armor.bone.left_hand] run data modify entity @s {} merge value {transformation:[-0.9387297905647363f,-0.016953935020697024f,0.34423675630821327f,2.642220662306691f,-0.13797844708688395f,0.9337442736673214f,-0.3302780336821972f,-1.7012179928796125f,-0.3158295876667957f,-0.35753908245225535f,-0.878872844086914f,0.2275034463552923f,0f,0f,0f,1f],start_interpolation:0}
execute if entity @s[tag=aj.armor.bone.left_forearm] run data modify entity @s {} merge value {transformation:[-1.7112045352684269f,0.06619612812109676f,0.6278739306039468f,2.687231345663426f,-0.15470819083309822f,1.7146403615123271f,-0.6024137846991331f,0.7895838858495585f,-0.6121053633153561f,-0.618429514923212f,-1.6030285465037493f,-0.77527564858452f,0f,0f,0f,1f],start_interpolation:0}
execute if entity @s[tag=aj.armor.bone.left_bicep] run data modify entity @s {} merge value {transformation:[-1.5154997682146512f,-0.24221447934973975f,0.393353726839063f,2.299660334859453f,-0.16434465643552776f,1.5435235448242932f,0.31727032063784844f,3.193607597433045f,-0.43172426654745044f,0.2626818768965406f,-1.5015814813414834f,-0.3472929802403885f,0f,0f,0f,1f],start_interpolation:0}
execute if entity @s[tag=aj.armor.bone.left_shoulder] run data modify entity @s {} merge value {transformation:[-1.0097092152484854f,-0.06713970980001407f,0.04891358376870399f,1.838968405097868f,-0.05763141554056048f,0.9958320593693951f,0.17722897094363904f,3.38233423862261f,-0.05982390201181609f,0.17384978448913851f,-0.996298314686922f,-0.3153908729854566f,0f,0f,0f,1f],start_interpolation:0}
execute if entity @s[tag=aj.armor.bone.left_arm] run data modify entity @s {} merge value {transformation:[-1.328762121958171f,0.004915461015013551f,0.04030995904833044f,1.7489938058532093f,0.007563886232609777f,1.326472847794002f,0.08758083692554788f,3.528030745829558f,-0.03989789694367776f,0.0877693204629565f,-1.325881795452065f,-0.3026763965711498f,0f,0f,0f,1f],start_interpolation:0}
execute if entity @s[tag=aj.armor.bone.chest] run data modify entity @s {} merge value {transformation:[-2.6312944068795203f,0.009733890560470571f,0.07982419729808748f,1.2327764919620776e-16f,0.014978460936867109f,2.6267610489485205f,0.1734328233351583f,4.281970261854557f,-0.07900820721728825f,0.17380606973462767f,-2.625590611670236f,-0.21257250043216358f,0f,0f,0f,1f],start_interpolation:0}
execute if entity @s[tag=aj.armor.bone.weist] run data modify entity @s {} merge value {transformation:[-1.9489306802119282f,0.00018555329967294206f,0.04252541390726866f,1.481286204937722e-16f,0.00222562938785156f,1.9471495282490303f,0.09350402527563235f,0.3448136626841243f,-0.04246753856582072f,0.09353032523674418f,-1.9466863712366738f,-0.4154960806421201f,0f,0f,0f,1f],start_interpolation:0}
execute if entity @s[tag=aj.armor.bone.right_foot] run data modify entity @s {} merge value {transformation:[-1.141476713342035f,0.024865125188697854f,0.28636259064999864f,-1.7604959681812031f,0.03180783628056085f,1.1764234034775907f,0.02464005231149715f,-8.386431929919091f,-0.2856747614431092f,0.031632201569202524f,-1.1414815939711294f,-0.46478892222628954f,0f,0f,0f,1f],start_interpolation:0}
execute if entity @s[tag=aj.armor.bone.right_knee] run data modify entity @s {} merge value {transformation:[-2.805390734665979f,0.2544606117054896f,0.708492280462369f,-1.4833254841481849f,0.3056463544234218f,2.8832239879678787f,0.1747238671970665f,-4.795567402507898f,-0.6879620777426414f,0.24330622850863073f,-2.81148340690301f,-0.2744294630876578f,0f,0f,0f,1f],start_interpolation:0}
execute if entity @s[tag=aj.armor.bone.right_thigh] run data modify entity @s {} merge value {transformation:[-2.3927378080623916f,0.4008730553576595f,0.49408430282296806f,-0.8813476589582829f,0.2666960435230034f,2.3775117974063553f,-0.637435170430561f,-1.4648627968922237f,-0.577660562248298f,-0.5628065117079553f,-2.3408481001853074f,-1.0101566368278319f,0f,0f,0f,1f],start_interpolation:0}
execute if entity @s[tag=aj.armor.bone.right_leg] run data modify entity @s {} merge value {transformation:[-0.9998475001807999f,0.005876082140797447f,0.01644530452377979f,-0.8089787499999999f,0.006736603880827611f,0.9985839818620988f,0.05276977673430292f,-1.4115431249999997f,-0.016111938131648504f,0.052872514855167994f,-0.9984712828231626f,-1.047546875f,0f,0f,0f,1f],start_interpolation:0}
execute if entity @s[tag=aj.armor.bone.left_foot] run data modify entity @s {} merge value {transformation:[-1.1717072423269788f,0.019017833047523386f,-0.11104663516399448f,1.5944157788072355f,0.01203807135081198f,1.1747110625257058f,0.07416130591111847f,-8.452449421649682f,0.11201838238977352f,0.07268518750382535f,-1.1695125653026883f,-1.6455133717504413f,0f,0f,0f,1f],start_interpolation:0}
execute if entity @s[tag=aj.armor.bone.left_knee] run data modify entity @s {} merge value {transformation:[-2.880863469901934f,-0.2425284907898713f,-0.28059630694968507f,1.3483806916056689f,-0.3047192510840423f,2.8005124146985247f,0.7079583897887229f,-4.946009891040815f,0.21142500877946044f,0.7316001878134314f,-2.8030321652432f,-0.8382235288136292f,0f,0f,0f,1f],start_interpolation:0}
execute if entity @s[tag=aj.armor.bone.left_thigh] run data modify entity @s {} merge value {transformation:[-2.4545463727217336f,-0.2831864287828942f,-0.15817798092918797f,0.9041469196566363f,-0.27043252913231014f,2.453283570260864f,-0.19564941608466221f,-1.5096743780888338f,0.17911190436357374f,-0.17668586072563325f,-2.4630699858660043f,-1.0280864044423605f,0f,0f,0f,1f],start_interpolation:0}
execute if entity @s[tag=aj.armor.bone.left_leg] run data modify entity @s {} merge value {transformation:[-0.9998474666412213f,0.006591327718716327f,0.016173986831836504f,0.8214781250000001f,0.007437159529670547f,0.9985771196440872f,0.05280553741274144f,-1.4240431249999999f,-0.01580291458124638f,0.05291777132705691f,-0.9984738240777848f,-1.066296875f,0f,0f,0f,1f],start_interpolation:0}