execute if entity @s[tag=aj.armor.bone.right_thumb_2] run data modify entity @s {} merge value {transformation:[-0.9546016688279648f,0.2978705392455872f,0.0029657579819807878f,-2.1919666303514913f,0.21121866694179464f,0.6698161973286854f,0.7118517658413661f,3.8760866427701277f,0.21005315662040377f,0.6801613070777276f,-0.702323477998651f,-6.4349537143233055f,0f,0f,0f,1f],start_interpolation:0}
execute if entity @s[tag=aj.armor.bone.right_thumb] run data modify entity @s {} merge value {transformation:[-0.9546016688279648f,0.2978705392455872f,0.0029657579819807878f,-2.3091497817573945f,0.21121866694179464f,0.6698161973286854f,0.7118517658413661f,4.097499363966248f,0.21005315662040377f,0.6801613070777276f,-0.702323477998651f,-6.150926117431624f,0f,0f,0f,1f],start_interpolation:0}
execute if entity @s[tag=aj.armor.bone.right_fingers_2] run data modify entity @s {} merge value {transformation:[0.9658582151341665f,-0.23698781497025395f,0.1046646254159742f,-2.2090067981751957f,-0.19418256984872784f,-0.39479958138783355f,0.8980124832667614f,3.941057282308599f,-0.17149646592506068f,-0.8876767801917631f,-0.42733932194872815f,-6.964535751543072f,0f,0f,0f,1f],start_interpolation:0}
execute if entity @s[tag=aj.armor.bone.right_fingers] run data modify entity @s {} merge value {transformation:[-0.3610301464063834f,-0.9266620471198326f,0.1046646254159742f,-2.6333618693168157f,-0.3660761048016405f,0.24405299709350636f,0.8980124832667614f,4.039042319166208f,-0.8576978016055792f,0.2858943599257564f,-0.42733932194872815f,-6.882319302219235f,0f,0f,0f,1f],start_interpolation:0}
execute if entity @s[tag=aj.armor.bone.right_hand] run data modify entity @s {} merge value {transformation:[-0.9752761954320689f,0.19463211145667275f,0.1046646254159742f,-2.4473039036840034f,0.1767768351973378f,0.4028939444006053f,0.8980124832667614f,4.344544171066662f,0.13261332195960626f,0.8943124793690623f,-0.42733932194872815f,-6.174629245598089f,0f,0f,0f,1f],start_interpolation:0}
execute if entity @s[tag=aj.armor.bone.right_forearm] run data modify entity @s {} merge value {transformation:[-1.8099828742906396f,0.1197756294652526f,0.1909040465634597f,-2.180955851036238f,0.223756562755789f,0.7706614788627464f,1.6379384748073742f,5.534636282361286f,0.026899015443241196f,1.6488066124372485f,-0.7794496516035514f,-3.7820521088206007f,0f,0f,0f,1f],start_interpolation:0}
execute if entity @s[tag=aj.armor.bone.right_bicep] run data modify entity @s {} merge value {transformation:[-1.5643695310013783f,-0.008615874452332159f,0.25061582764353924f,-2.1929560855684986f,0.22469571513567263f,-0.7511356307087171f,1.3767503970447925f,4.344088442871928f,0.11132996882108255f,1.3949392771266953f,0.7428893639399188f,-1.6152197906813741f,0f,0f,0f,1f],start_interpolation:0}
execute if entity @s[tag=aj.armor.bone.right_shoulder] run data modify entity @s {} merge value {transformation:[-1.0020783292130122f,-0.09320103586475029f,0.11647131707950832f,-1.7740474027116455f,0.1466080329390006f,-0.4693284912955757f,0.8858046232679168f,4.158846469936523f,-0.02753335188920402f,0.8930046544328852f,0.4777003039163665f,-1.4175496852542049f,0f,0f,0f,1f],start_interpolation:0}
execute if entity @s[tag=aj.armor.bone.right_arm] run data modify entity @s {} merge value {transformation:[-1.2678546581035708f,-0.003488506323170176f,0.3997376984410652f,-1.6387729014286028f,0.24335410749537867f,1.0478946032742542f,0.7809952049149024f,4.034455714062826f,-0.3171453540515049f,0.8180235706008573f,-0.998756273397679f,-1.2033738131578917f,0f,0f,0f,1f],start_interpolation:0}
execute if entity @s[tag=aj.armor.bone.left_thumb_2] run data modify entity @s {} merge value {transformation:[0.3143440589721864f,0.7707258658716702f,-0.5542287003261871f,-0.12482378597746205f,-0.07199024640618278f,-0.5627883707952961f,-0.8234601715444126f,1.700521529291693f,-0.9465755210289708f,0.2987488734270644f,-0.12142443582241691f,-0.3333979485244084f,0f,0f,0f,1f],start_interpolation:0}
execute if entity @s[tag=aj.armor.bone.left_thumb] run data modify entity @s {} merge value {transformation:[0.3143440589721864f,0.7707258658716702f,-0.5542287003261871f,0.0662469143111232f,-0.07199024640618278f,-0.5627883707952961f,-0.8234601715444126f,1.5784551943298597f,-0.9465755210289708f,0.2987488734270644f,-0.12142443582241691f,-0.03005168229195851f,0f,0f,0f,1f],start_interpolation:0}
execute if entity @s[tag=aj.armor.bone.left_fingers_2] run data modify entity @s {} merge value {transformation:[-0.35390439088064035f,-0.8992215552825302f,-0.2572008488140538f,-0.579014177318437f,0.08270479409311685f,0.24383265541440732f,-0.9662844059528095f,1.5314352338317228f,0.9316177323073116f,-0.36324403734793165f,-0.011923513817510667f,-0.5572050050898605f,0f,0f,0f,1f],start_interpolation:0}
execute if entity @s[tag=aj.armor.bone.left_fingers] run data modify entity @s {} merge value {transformation:[0.9377223827730371f,-0.23350472418301843f,-0.2572008488140538f,-0.7279824396895731f,-0.2525417750970631f,0.050170695064453354f,-0.9662844059528095f,1.5572087523355713f,0.23853591905053106f,0.9710604745024698f,-0.011923513817510667f,-0.14057324808966326f,0f,0f,0f,1f],start_interpolation:0}
execute if entity @s[tag=aj.armor.bone.left_hand] run data modify entity @s {} merge value {transformation:[0.39279104566644363f,0.8829286028969681f,-0.2572008488140538f,-0.013119538117377427f,-0.09326190850386183f,-0.23999304830482754f,-0.9662844059528095f,1.3722693490968227f,-0.9148865562825147f,0.40353490425459426f,-0.011923513817510667f,0.14846414294468968f,0f,0f,0f,1f],start_interpolation:0}
execute if entity @s[tag=aj.armor.bone.left_forearm] run data modify entity @s {} merge value {transformation:[-0.3368332674997528f,1.7301140506414465f,-0.46912395303586124f,2.497573593364395f,0.11173334621680514f,-0.45614243222536066f,-1.762463702463184f,0.6346911328473976f,-1.789102448403149f,-0.35421464527893926f,-0.021748007294455998f,-0.4549297983489584f,0f,0f,0f,1f],start_interpolation:0}
execute if entity @s[tag=aj.armor.bone.left_bicep] run data modify entity @s {} merge value {transformation:[-0.22993179145470122f,-0.12214708734167584f,1.5628006962552468f,2.286122026052184f,0.16613674824862307f,1.568728252628277f,0.1470537526577032f,3.081229478021842f,-1.5587381140022567f,0.1852196381145482f,-0.214857472518203f,-0.16779077462261385f,0f,0f,0f,1f],start_interpolation:0}
execute if entity @s[tag=aj.armor.bone.left_shoulder] run data modify entity @s {} merge value {transformation:[-0.8635890354197138f,-0.0028521389511581337f,0.5297346712016237f,1.8941102154551557f,0.08369678264940826f,0.999646382062057f,0.14182714151818046f,3.3337987121961667f,-0.5230887163224099f,0.16465708244859525f,-0.8518680758911736f,-0.34501398413673934f,0f,0f,0f,1f],start_interpolation:0}
execute if entity @s[tag=aj.armor.bone.left_arm] run data modify entity @s {} merge value {transformation:[-1.2678546581035708f,-0.003488506323170176f,0.3997376984410652f,1.6987852879016945f,0.24335410749537867f,1.0478946032742542f,0.7809952049149024f,3.3938393080835714f,-0.3171453540515049f,0.8180235706008573f,-0.998756273397679f,-0.36850597806555974f,0f,0f,0f,1f],start_interpolation:0}
execute if entity @s[tag=aj.armor.bone.chest] run data modify entity @s {} merge value {transformation:[-2.490812692170795f,-0.006853479435464223f,0.785320088901555f,1.0840363484542409e-16f,0.4780906831608366f,2.058681696052555f,1.53433420502341f,4.251964713247415f,-0.6230601181968903f,1.6070797067506146f,-1.962145097834173f,-0.2533010586503106f,0f,0f,0f,1f],start_interpolation:0}
execute if entity @s[tag=aj.armor.bone.weist] run data modify entity @s {} merge value {transformation:[-1.8996983305241235f,0.018370434996883477f,0.4207521361913173f,3.5250486666796495e-16f,0.21057649025445085f,1.724959322433819f,0.8754407219729101f,0.9048080345784586f,-0.3647291800002417f,0.9002229962927842f,-1.6860589438657436f,-2.2465388803021833f,0f,0f,0f,1f],start_interpolation:0}
execute if entity @s[tag=aj.armor.bone.right_foot] run data modify entity @s {} merge value {transformation:[-1.1732607014422463f,0.028346053935572185f,0.09081146708479222f,-1.1679017100753093f,0.036944882061275025f,1.1712137191946443f,0.1117335873239996f,-6.332154396034307f,-0.0876658258233454f,0.11421830007968503f,-1.168272133445877f,-1.597138149073144f,0f,0f,0f,1f],start_interpolation:0}
execute if entity @s[tag=aj.armor.bone.right_knee] run data modify entity @s {} merge value {transformation:[-2.895137554857244f,0.06994670935453957f,0.22408633345144585f,-1.1382903227802472f,0.09116517359175708f,2.8900864224261715f,0.27571374750981215f,-2.7341240421537556f,-0.21632415055473056f,0.2818450235366789f,-2.882827766816535f,-1.3508273831303774f,0f,0f,0f,1f],start_interpolation:0}
execute if entity @s[tag=aj.armor.bone.right_thigh] run data modify entity @s {} merge value {transformation:[-2.4658441595788725f,0.22146484928394208f,-0.02405460748931847f,-0.7769943673799611f,0.17510329069915403f,1.7616412116805187f,-1.730887576312853f,-0.24449774605883462f,-0.13771035253804217f,-1.7255683946976708f,-1.7701588338235112f,-3.7316866995272138f,0f,0f,0f,1f],start_interpolation:0}
execute if entity @s[tag=aj.armor.bone.right_leg] run data modify entity @s {} merge value {transformation:[-0.984807739992225f,-0.022665657342361464f,0.1721626650253903f,-0.8089787499999994f,0.06645229348709669f,0.8667842730008223f,0.49423589182569566f,-0.2740431249999995f,-0.16043007181233465f,0.4981679355956931f,-0.852109676040951f,-3.803796875f,0f,0f,0f,1f],start_interpolation:0}
execute if entity @s[tag=aj.armor.bone.left_foot] run data modify entity @s {} merge value {transformation:[-1.1768363304018832f,-0.025423575996922205f,0.000887753524716527f,1.3023340191325972f,-0.018306184434977762f,0.874869882626272f,0.7873109087022029f,-5.737387801722202f,-0.017664369058205887f,0.7871132225630468f,-0.8750609349118229f,-8.215529949703795f,0f,0f,0f,1f],start_interpolation:0}
execute if entity @s[tag=aj.armor.bone.left_knee] run data modify entity @s {} merge value {transformation:[-2.9039607751957033f,-0.06116452814668649f,-0.014121089029758586f,1.2910014708955297f,-0.04517233209865261f,1.582442847221221f,2.4353157463099504f,-3.6892847468880436f,-0.04358858877690582f,2.4349665756040704f,-1.5830244783810035f,-5.246942105864708f,0f,0f,0f,1f],start_interpolation:0}
execute if entity @s[tag=aj.armor.bone.left_thigh] run data modify entity @s {} merge value {transformation:[-2.4706354726633633f,-0.1574509467750099f,0.03438434987306464f,1.0132588726553948f,-0.12472485625584212f,2.202558212085447f,1.1239189274791939f,-0.6312170473602469f,-0.10206269832068827f,1.1198032169420105f,-2.205818823901203f,-3.5059057084358303f,0f,0f,0f,1f],start_interpolation:0}
execute if entity @s[tag=aj.armor.bone.left_leg] run data modify entity @s {} merge value {transformation:[-0.9848077467473787f,-0.015134400543989289f,0.1729874326837791f,0.9339781250000005f,0.07338693632779675f,0.8665850029453301f,0.4936038798942551f,-0.3865431249999993f,-0.15737871369016462f,0.4987999424522986f,-0.8523089568265799f,-3.428796875f,0f,0f,0f,1f],start_interpolation:0}