execute if entity @s[tag=aj.armor.bone.right_thumb_2] run data modify entity @s {} merge value {transformation:[-0.9606337321797074f,0.2778111323069333f,0.0019512469925399983f,-2.0514352906042177f,0.17860260230939473f,0.6121736725784475f,0.7702885855639612f,4.494732205981169f,0.21280024212109924f,0.7403136965963519f,-0.63769247101173f,-6.437296025150627f,0f,0f,0f,1f],start_interpolation:0}
execute if entity @s[tag=aj.armor.bone.right_thumb] run data modify entity @s {} merge value {transformation:[-0.9606337321797074f,0.2778111323069333f,0.0019512469925399983f,-2.1760422718522188f,0.17860260230939473f,0.6121736725784475f,0.7702885855639612f,4.688885975294526f,0.21280024212109924f,0.7403136965963519f,-0.63769247101173f,-6.136955262078697f,0f,0f,0f,1f],start_interpolation:0}
execute if entity @s[tag=aj.armor.bone.right_fingers_2] run data modify entity @s {} merge value {transformation:[0.9710774611438318f,-0.21823961704305653f,0.09685057568930416f,-2.0619552664445826f,-0.1648320492635524f,-0.3192946410801207f,0.9332102269655507f,4.6053344903429805f,-0.17273957275050622f,-0.9221834967783887f,-0.34603271272461456f,-6.959431209053802f,0f,0f,0f,1f],start_interpolation:0}
execute if entity @s[tag=aj.armor.bone.right_fingers] run data modify entity @s {} merge value {transformation:[-0.34312359021934574f,-0.9342837726427858f,0.09685057568930416f,-2.4888964887211387f,-0.29504813141688147f,0.2050982019285199f,0.9332102269655507f,4.689776552811752f,-0.8917470504478234f,0.2916308621220518f,-0.34603271272461456f,-6.8755946466359905f,0f,0f,0f,1f],start_interpolation:0}
execute if entity @s[tag=aj.armor.bone.right_hand] run data modify entity @s {} merge value {transformation:[-0.9796726889682347f,0.1756740973461909f,0.09685057568930416f,-2.317641962675525f,0.15074772904349532f,0.32618061633876133f,0.9332102269655507f,4.935078346404522f,0.13235008378530597f,0.9288405767657154f,-0.34603271272461456f,-6.141242495621553f,0f,0f,0f,1f],start_interpolation:0}
execute if entity @s[tag=aj.armor.bone.right_forearm] run data modify entity @s {} merge value {transformation:[-1.8134198772107606f,0.08444611010795985f,0.17665153567985667f,-2.1036886552767036f,0.1949501763825352f,0.6257396547548284f,1.7021377367384911f,5.915903336960301f,0.01820272778557547f,1.711183012009075f,-0.631149682520891f,-3.6504811272645443f,0f,0f,0f,1f],start_interpolation:0}
execute if entity @s[tag=aj.armor.bone.right_bicep] run data modify entity @s {} merge value {transformation:[-1.5689369564441296f,-0.01463478220814585f,0.2199027188032428f,-2.124671336487012f,0.19330978112446404f,-0.8505899367471985f,1.322596931763232f,4.570953340331302f,0.10584286045336132f,1.336569167135627f,0.8441058619847001f,-1.5760222358108957f,0f,0f,0f,1f],start_interpolation:0}
execute if entity @s[tag=aj.armor.bone.right_shoulder] run data modify entity @s {} merge value {transformation:[-1.0037962627170887f,-0.09721488103996943f,0.09672284387066989f,-1.705481538961401f,0.13368100500412325f,-0.5342993205196233f,0.8503332309513704f,4.377924706003606f,-0.030584808698649286f,0.8552698297400028f,0.5422094304604205f,-1.386569329606016f,0f,0f,0f,1f],start_interpolation:0}
execute if entity @s[tag=aj.armor.bone.right_arm] run data modify entity @s {} merge value {transformation:[-1.2678546581035708f,-0.02788540224252293f,0.3987791388389059f,-1.6250435809134745f,0.24335410749537867f,0.998261451962729f,0.8435109265425321f,4.066907711084187f,-0.3171453540515049f,0.877470403588227f,-0.946954247330096f,-1.3583583488751705f,0f,0f,0f,1f],start_interpolation:0}
execute if entity @s[tag=aj.armor.bone.left_thumb_2] run data modify entity @s {} merge value {transformation:[0.3255396340034704f,0.7757637849135233f,-0.5405686789941971f,-0.08595128763224234f,-0.012195095499334905f,-0.5682182800877774f,-0.8227874973648116f,1.7080137203703307f,-0.9454497481826566f,0.27444222741905583f,-0.17551705749191046f,-0.6080499047005501f,0f,0f,0f,1f],start_interpolation:0}
execute if entity @s[tag=aj.armor.bone.left_thumb] run data modify entity @s {} merge value {transformation:[0.3255396340034704f,0.7757637849135233f,-0.5405686789941971f,0.10364343326947272f,-0.012195095499334905f,-0.5682182800877774f,-0.8227874973648116f,1.5712015397049877f,-0.9454497481826566f,0.27444222741905583f,-0.17551705749191046f,-0.3101179847846949f,0f,0f,0f,1f],start_interpolation:0}
execute if entity @s[tag=aj.armor.bone.left_fingers_2] run data modify entity @s {} merge value {transformation:[-0.3650920186592245f,-0.8987952449537339f,-0.24264155777584706f,-0.5351412653692578f,0.023199155906051948f,0.2517683217058203f,-0.9675094373445051f,1.545814218197018f,0.9306823395104148f,-0.35885905288008524f,-0.07106731379072304f,-0.8465627363526119f,0f,0f,0f,1f],start_interpolation:0}
execute if entity @s[tag=aj.armor.bone.left_fingers] run data modify entity @s {} merge value {transformation:[0.9387599980421152f,-0.2446522849189805f,-0.24264155777584706f,-0.688947390634377f,-0.2526425062950802f,-0.00986167644262849f,-0.9675094373445051f,1.545128695833638f,0.23431054199268975f,0.9695607287950884f,-0.07106731379072304f,-0.4308933433477443f,0f,0f,0f,1f],start_interpolation:0}
execute if entity @s[tag=aj.armor.bone.left_hand] run data modify entity @s {} merge value {transformation:[0.40394942990698834f,0.8820147008513687f,-0.24264155777584706f,0.02544118823067487f,-0.034159055400948324f,-0.25051676108283394f,-0.9675094373445051f,1.3538490558268017f,-0.9141433241083885f,0.3991132920595816f,-0.07106731379072304f,-0.14482478157190848f,0f,0f,0f,1f],start_interpolation:0}
execute if entity @s[tag=aj.armor.bone.left_forearm] run data modify entity @s {} merge value {transformation:[-0.3192054168761797f,1.7404222704716588f,-0.44256839462018494f,2.5531803308739813f,0.21104863245976055f,-0.41003367689958964f,-1.7646981102099513f,0.6885294558979571f,-1.783366181749356f,-0.36004342222568936f,-0.12962390805034643f,-0.7609177377438792f,0f,0f,0f,1f],start_interpolation:0}
execute if entity @s[tag=aj.armor.bone.left_bicep] run data modify entity @s {} merge value {transformation:[-0.21560868044109432f,-0.14747574343929287f,1.5626574665930422f,2.302249067292656f,0.25344480058389085f,1.5533619865995305f,0.1815676940649348f,3.1109051925138154f,-1.5490039334549635f,0.27468527366441353f,-0.1878014122855958f,-0.33449101451176944f,0f,0f,0f,1f],start_interpolation:0}
execute if entity @s[tag=aj.armor.bone.left_shoulder] run data modify entity @s {} merge value {transformation:[-0.8590658563079139f,-0.0195063663037491f,0.5366920298145065f,1.9084480179473067f,0.10174813953871867f,0.988203464903212f,0.19878180681474866f,3.3677703825627066f,-0.527319778970219f,0.2224553714652684f,-0.8359787300403577f,-0.5012649674094011f,0f,0f,0f,1f],start_interpolation:0}
execute if entity @s[tag=aj.armor.bone.left_arm] run data modify entity @s {} merge value {transformation:[-1.2678546581035708f,-0.02788540224252293f,0.3987791388389059f,1.7125146084168228f,0.24335410749537867f,0.998261451962729f,0.8435109265425321f,3.4262913051049315f,-0.3171453540515049f,0.877470403588227f,-0.946954247330096f,-0.5234905137828386f,0f,0f,0f,1f],start_interpolation:0}
execute if entity @s[tag=aj.armor.bone.chest] run data modify entity @s {} merge value {transformation:[-2.5106817958414775f,-0.05522034511806022f,0.7896863556440817f,1.0840363484542409e-16f,0.48190439158522697f,1.9768171682091689f,1.6703709012131194f,4.251964713247415f,-0.6280302414504106f,1.737619493368355f,-1.875215565972407f,-0.3783010586503106f,0f,0f,0f,1f],start_interpolation:0}
execute if entity @s[tag=aj.armor.bone.weist] run data modify entity @s {} merge value {transformation:[-1.9031861480095595f,0.018404162838492683f,0.42152463076798924f,3.693437906979931e-16f,0.2109631055148478f,1.7281263217356455f,0.8770480179359051f,0.9548078665775483f,-0.3653988172742306f,0.9018757921376883f,-1.6891545226591766f,-2.5090391296945147f,0f,0f,0f,1f],start_interpolation:0}
execute if entity @s[tag=aj.armor.bone.right_foot] run data modify entity @s {} merge value {transformation:[-1.1732607014422463f,0.028346053935572185f,0.09081146708479222f,-1.1679017100753093f,0.036944882061275025f,1.1712137191946443f,0.1117335873239996f,-6.207154396034307f,-0.0876658258233454f,0.11421830007968503f,-1.168272133445877f,-1.759638149073144f,0f,0f,0f,1f],start_interpolation:0}
execute if entity @s[tag=aj.armor.bone.right_knee] run data modify entity @s {} merge value {transformation:[-2.895137554857244f,0.06994670935453957f,0.22408633345144585f,-1.1382903227802472f,0.09116517359175708f,2.8900864224261715f,0.27571374750981215f,-2.6091240421537556f,-0.21632415055473056f,0.2818450235366789f,-2.882827766816535f,-1.5133273831303775f,0f,0f,0f,1f],start_interpolation:0}
execute if entity @s[tag=aj.armor.bone.right_thigh] run data modify entity @s {} merge value {transformation:[-2.4658441595788725f,0.22146484928394208f,-0.02405460748931847f,-0.7769943673799611f,0.17510329069915403f,1.7616412116805187f,-1.730887576312853f,-0.11949774605883463f,-0.13771035253804217f,-1.7255683946976708f,-1.7701588338235112f,-3.894186699527214f,0f,0f,0f,1f],start_interpolation:0}
execute if entity @s[tag=aj.armor.bone.right_leg] run data modify entity @s {} merge value {transformation:[-0.984807739992225f,-0.022665657342361464f,0.1721626650253903f,-0.8089787499999994f,0.06645229348709669f,0.8667842730008223f,0.49423589182569566f,-0.1490431249999995f,-0.16043007181233465f,0.4981679355956931f,-0.852109676040951f,-3.9662968750000003f,0f,0f,0f,1f],start_interpolation:0}
execute if entity @s[tag=aj.armor.bone.left_foot] run data modify entity @s {} merge value {transformation:[-1.1768363304018832f,-0.025423575996922205f,0.000887753524716527f,1.3023340191325972f,-0.018306184434977762f,0.874869882626272f,0.7873109087022029f,-5.599887801722203f,-0.017664369058205887f,0.7871132225630468f,-0.8750609349118229f,-8.378029949703794f,0f,0f,0f,1f],start_interpolation:0}
execute if entity @s[tag=aj.armor.bone.left_knee] run data modify entity @s {} merge value {transformation:[-2.9039607751957033f,-0.06116452814668649f,-0.014121089029758586f,1.2910014708955297f,-0.04517233209865261f,1.582442847221221f,2.4353157463099504f,-3.5517847468880444f,-0.04358858877690582f,2.4349665756040704f,-1.5830244783810035f,-5.4094421058647075f,0f,0f,0f,1f],start_interpolation:0}
execute if entity @s[tag=aj.armor.bone.left_thigh] run data modify entity @s {} merge value {transformation:[-2.4706354726633633f,-0.1574509467750099f,0.03438434987306464f,1.0132588726553948f,-0.12472485625584212f,2.202558212085447f,1.1239189274791939f,-0.4937170473602476f,-0.10206269832068827f,1.1198032169420105f,-2.205818823901203f,-3.6684057084358304f,0f,0f,0f,1f],start_interpolation:0}
execute if entity @s[tag=aj.armor.bone.left_leg] run data modify entity @s {} merge value {transformation:[-0.9848077467473787f,-0.015134400543989289f,0.1729874326837791f,0.9339781250000005f,0.07338693632779675f,0.8665850029453301f,0.4936038798942551f,-0.24904312500000003f,-0.15737871369016462f,0.4987999424522986f,-0.8523089568265799f,-3.5912968750000003f,0f,0f,0f,1f],start_interpolation:0}