# This file was generated by Animated Java via MC-Build. It is not recommended to edit this file directly.
$data merge entity $(bone_neck) { transformation: [-1f,-2.0971013734404988e-17f,1.2065576823993942e-16f,-5.413015574645384e-17f,0f,0.9852291152350593f,0.17124132238785766f,4.734654161146361f,-1.2246467991473532e-16f,0.17124132238785766f,-0.9852291152350593f,0.44200626486054084f,0f,0f,0f,1f], start_interpolation: 0, interpolation_duration: 1 }
$data merge entity $(bone_right_thumb_2) { transformation: [-0.3559490030138163f,-0.35499081916024533f,-0.8644546405482523f,-4.051732109431152f,0.906934070151083f,0.09181655109283374f,-0.4111451244324895f,1.720857197421504f,0.22532398818736618f,-0.9303500627491542f,0.2892712586656072f,2.333374229324588f,0f,0f,0f,1f], start_interpolation: 0, interpolation_duration: 1 }
$data merge entity $(bone_right_thumb) { transformation: [-0.3559490030138163f,-0.8457437758248246f,-0.3975144939584452f,-4.346676209772119f,0.906934070151083f,-0.21007135771069685f,-0.36515834519941437f,1.7944866358202178f,0.22532398818736618f,-0.49049718686568744f,0.8418085352526349f,2.2260361029864955f,0f,0f,0f,1f], start_interpolation: 0, interpolation_duration: 1 }
$data merge entity $(bone_right_fingers2) { transformation: [-0.7117248174400969f,-0.24649196000698398f,-0.6577913786997942f,-4.858758940122704f,0.5885752785104051f,0.3018916028121321f,-0.7499604000731774f,1.9292382762603733f,0.38344090257334246f,-0.9209251727493594f,-0.06978467188647672f,3.184971055629273f,0f,0f,0f,1f], start_interpolation: 0, interpolation_duration: 1 }
$data merge entity $(bone_right_fingers) { transformation: [-0.7531077744688705f,0.01179754816767914f,-0.6577913786997942f,-4.823449173204068f,0.6563328552558598f,0.08238071032571681f,-0.7499604000731774f,1.9314512261812502f,0.04534162707970629f,-0.9965311015836193f,-0.06978467188647672f,2.7119289938326343f,0f,0f,0f,1f], start_interpolation: 0, interpolation_duration: 1 }
$data merge entity $(bone_right_hand) { transformation: [-0.6625672529986297f,0.35821102350719686f,-0.6577913786997942f,-4.631535954117342f,0.6202135315329582f,-0.2299882032311557f,-0.7499604000731774f,1.7861203040051017f,-0.41992833978819044f,-0.9048703161295717f,-0.06978467188647672f,2.0456447916057683f,0f,0f,0f,1f], start_interpolation: 0, interpolation_duration: 1 }
$data merge entity $(bone_right_forearm) { transformation: [-0.6678640351184669f,0.28353939752215174f,-1.3189309840417787f,-4.198756798138202f,1.3455960780529694f,0.24546354823467129f,-0.6285974397290143f,2.103887051152364f,0.09666811956951354f,-1.4578645192740582f,-0.3623564793377841f,-0.05826187092362145f,0f,0f,0f,1f], start_interpolation: 0, interpolation_duration: 1 }
$data merge entity $(bone_right_bicep) { transformation: [-0.7005019871877282f,1.3794583962510651f,-0.31511213401411103f,-2.1574122784147356f,1.4113542234100382f,0.7063505838638822f,-0.04530195119687418f,3.0373480807023854f,0.10139220903568123f,-0.301773994459489f,-1.5464657235966381f,-0.5624981854059382f,0f,0f,0f,1f], start_interpolation: 0, interpolation_duration: 1 }
$data merge entity $(bone_right_shoulder) { transformation: [-0.4436664418037918f,0.8736868837990313f,-0.19957784820640895f,-1.795433125f,0.8938882656692272f,0.4473706797992785f,-0.028692217669469444f,2.8684304697412464f,0.06421726338005601f,-0.19113007072009658f,-0.9794618109709574f,-0.5674972569545602f,0f,0f,0f,1f], start_interpolation: 0, interpolation_duration: 1 }
$data merge entity $(bone_right_arm) { transformation: [-1.46271875f,-6.085505501185208e-17f,1.6847763899918054e-16f,-1.4259925f,0f,1.3757243240784305f,0.49691923462521387f,3.0389466271311285f,-1.7913138352403177e-16f,0.49691923462521387f,-1.3757243240784305f,-0.5145785557705314f,0f,0f,0f,1f], start_interpolation: 0, interpolation_duration: 1 }
$data merge entity $(bone_left_thumb_2) { transformation: [-0.20755323800602554f,0.45601224439498494f,0.8654331206714141f,3.8739387016844535f,-0.8594607364245439f,0.33749907622976255f,-0.3839552266718574f,1.2891676067742026f,-0.46717116342706166f,-0.8234969377635266f,0.32187559329079324f,2.3337815226124943f,0f,0f,0f,1f], start_interpolation: 0, interpolation_duration: 1 }
$data merge entity $(bone_left_thumb) { transformation: [-0.20755323800602554f,0.9208856347722112f,0.329986819529804f,4.168520928612455f,-0.8594607364245439f,-0.010565971203801594f,-0.5110925579551133f,1.4129750881592935f,-0.46717116342706166f,-0.3896896302478446f,0.7936580473601359f,2.2910286394132955f,0f,0f,0f,1f], start_interpolation: 0, interpolation_duration: 1 }
$data merge entity $(bone_left_fingers2) { transformation: [-0.5775148005379845f,0.3216544770216315f,0.7503432898157432f,4.533493775828943f,-0.5479771738141762f,0.5285592393562488f,-0.6483410734094915f,1.369602758933191f,-0.6051426874202479f,-0.7855975610343278f,-0.12899147242634235f,3.322947547359468f,0f,0f,0f,1f], start_interpolation: 0, interpolation_duration: 1 }
$data merge entity $(bone_left_fingers) { transformation: [-0.6526987067924712f,0.10473464364728127f,0.7503432898157432f,4.558617057920827f,-0.6957080133930291f,0.3092639853441603f,-0.6483410734094915f,1.4778958569027263f,-0.29995792747010397f,-0.9451912196953185f,-0.12899147242634235f,2.8617947585300954f,0f,0f,0f,1f], start_interpolation: 0, interpolation_duration: 1 }
$data merge entity $(bone_left_hand) { transformation: [-0.6273119001881353f,-0.2084819591975245f,0.7503432898157432f,4.472777087637073f,-0.7599027609647221f,-0.046921705088590615f,-0.6483410734094915f,1.4733426871329156f,0.17037480377257413f,-0.9769000083328595f,-0.12899147242634235f,2.1585898332880844f,0f,0f,0f,1f], start_interpolation: 0, interpolation_duration: 1 }
$data merge entity $(bone_left_forearm) { transformation: [-0.4756542682340572f,-0.12447624911409921f,1.422770037825709f,4.274513906947654f,-1.343263061976676f,0.5484393891381018f,-0.4010916139589966f,2.2272887727732567f,-0.4851940472193884f,-1.396329402349486f,-0.2843709491044385f,0.1320277791657225f,0f,0f,0f,1f], start_interpolation: 0, interpolation_duration: 1 }
$data merge entity $(bone_left_bicep) { transformation: [-0.49889909111991415f,-1.4076595004343897f,0.5123461581401504f,2.08967903786609f,-1.4089071948059377f,0.6243844189180359f,0.3435531572855855f,2.995431362900087f,-0.5089050710576883f,-0.34863015689070176f,-1.4534018028069795f,-0.43375081433093843f,0f,0f,0f,1f], start_interpolation: 0, interpolation_duration: 1 }
$data merge entity $(bone_left_shoulder) { transformation: [-0.31598023792186564f,-0.8915481943688763f,0.3244970051640498f,1.795433125f,-0.8923384278477359f,0.395456998732046f,0.21759111273228435f,2.8684304697412464f,-0.322317575426895f,-0.22080665585855608f,-0.9205193106608297f,-0.5674972569545599f,0f,0f,0f,1f], start_interpolation: 0, interpolation_duration: 1 }
$data merge entity $(bone_left_arm) { transformation: [-1.46271875f,-6.085505501185208e-17f,1.6847763899918054e-16f,1.4259925f,0f,1.3757243240784305f,0.49691923462521387f,2.9801637816559463f,-1.7913138352403177e-16f,0.49691923462521387f,-1.3757243240784305f,-0.5358112446685683f,0f,0f,0f,1f], start_interpolation: 0, interpolation_duration: 1 }
$data merge entity $(bone_chest) { transformation: [-2.06546125f,-8.593159689352362e-17f,2.3790221793786136e-16f,-2.5147281024801186e-18f,0f,1.942619031899632f,0.7016847384352168f,3.7033715369070865f,-2.529460508575391e-16f,0.7016847384352168f,-1.942619031899632f,0.020534313274904736f,0f,0f,0f,1f], start_interpolation: 0, interpolation_duration: 1 }
$data merge entity $(bone_left_cheek) { transformation: [-1.1326639020824434f,-0.097821982777628f,0.005458569648231115f,0.7969913131251837f,-0.09767169808362199f,1.1323866182254536f,0.026215217625667028f,-1.4056887190017386f,-0.007692573731395161f,0.025648741239147125f,-1.136577941788425f,-1.1766967842196223f,0f,0f,0f,1f], start_interpolation: 0, interpolation_duration: 1 }
$data merge entity $(bone_left_foot) { transformation: [-1.0009999548325947f,0.08944002557631664f,-0.5227625891837052f,2.0120490552582333f,0.04294541928546224f,1.1265978241963248f,0.1105178079700433f,-6.727755126230558f,0.5286170010390693f,0.07783942921820122f,-0.9988925076660878f,1.5371878994537707f,0f,0f,0f,1f], start_interpolation: 0, interpolation_duration: 1 }
$data merge entity $(bone_left_knee) { transformation: [-2.7572490531552853f,0.056303643993999494f,-1.4597845316090508f,2.166521672050624f,0.11829292907610606f,3.116394220984795f,-0.10323353389740735f,-2.753269350378436f,1.4560727186451417f,-0.146561520404739f,-2.755891013616426f,1.4334235702027234f,0f,0f,0f,1f], start_interpolation: 0, interpolation_duration: 1 }
$data merge entity $(bone_left_leg) { transformation: [-2.1054618436395476f,-0.9361084087002091f,-0.6067271546446265f,0.7753200000000001f,0.09032961612846861f,1.1486174198665933f,-2.0856425751488525f,-1.3597768930013479f,1.1118711047025576f,-1.8659489376679672f,-0.9794710698064247f,-1.1444859299131755f,0f,0f,0f,1f], start_interpolation: 0, interpolation_duration: 1 }
$data merge entity $(bone_right_cheek) { transformation: [-1.1314717760374173f,0.044377650706776434f,-0.10163019003356444f,-0.7426246352344805f,0.033641482949931696f,1.1301526805629296f,0.11895217786628476f,-1.4797941935763181f,0.10567081921439106f,0.11537761529841958f,-1.1260764340098708f,-1.199962428861351f,0f,0f,0f,1f], start_interpolation: 0, interpolation_duration: 1 }
$data merge entity $(bone_right_foot) { transformation: [-0.9895580835476618f,-0.06337538949381981f,0.5477586253925955f,-2.1820366630305337f,0.21817432301462192f,0.988482209813804f,0.5085115908794314f,-7.381672994243024f,-0.5064147672240518f,0.5496977654021575f,-0.851268231904189f,-1.090602601806769f,0f,0f,0f,1f], start_interpolation: 0, interpolation_duration: 1 }
$data merge entity $(bone_right_knee) { transformation: [-2.725732479538674f,0.023863959616292684f,1.5186758316366138f,-2.2360998212721497f,0.6009600126859801f,2.882302379900033f,1.0333166862839518f,-3.738497241780351f,-1.394916783653489f,1.1951262788642094f,-2.5223884840420134f,0.5079947894720445f,0f,0f,0f,1f], start_interpolation: 0, interpolation_duration: 1 }
$data merge entity $(bone_right_leg) { transformation: [-2.08139548550041f,0.9878514240002195f,0.6077242508602853f,-0.7753199999999999f,0.4588988342621834f,1.848050071633167f,-1.432309031143035f,-1.3597768930013479f,-1.0651718457111814f,-1.134128240051287f,-1.8045909348843712f,-1.1444859299131758f,0f,0f,0f,1f], start_interpolation: 0, interpolation_duration: 1 }
$data merge entity $(bone_weist) { transformation: [-2.0892733333333333f,-2.167698302475053e-17f,2.5494228501627e-16f,7.736200360286063e-17f,0f,2.0817617389256298f,0.1770059991161769f,0.30678864401729755f,-2.5586219002105877e-16f,0.1770059991161769f,-2.0817617389256298f,-0.6317086988405398f,0f,0f,0f,1f], start_interpolation: 0, interpolation_duration: 1 }
data modify entity @s data merge value {"locators":{"consume":{"posx":-4.71187966737007,"posy":1.8152254213460965,"posz":2.820409722120846,"roty":276.05582151678175,"rotx":-48.58694773966402}},"cameras":{}}