# This file was generated by Animated Java via MC-Build. It is not recommended to edit this file directly.
$data merge entity $(bone_neck) { transformation: [-1.2033625000000001f,-9.959218727135358e-18f,1.470324964627563e-16f,1.1102230246251565e-16f,0f,1.2006114462155624f,0.08132319240183662f,-2.2863144491835694f,-1.473694033838957e-16f,0.08132319240183662f,-1.2006114462155624f,-0.5651403763645196f,0f,0f,0f,1f], start_interpolation: 0, interpolation_duration: 1 }
$data merge entity $(bone_right_thumb_2) { transformation: [-0.961212134825787f,0.22136497587137266f,-0.16452592294565518f,-2.437481075543189f,0.25389217633799577f,0.9432010252550915f,-0.2142675634623677f,-8.392051352767925f,0.10774968518751732f,-0.24772842674027212f,-0.9628191065443084f,-1.2351558911641476f,0f,0f,0f,1f], start_interpolation: 0, interpolation_duration: 1 }
$data merge entity $(bone_right_thumb) { transformation: [-0.961212134825787f,0.22136497587137266f,-0.16452592294565518f,-2.5724922359046225f,0.25389217633799577f,0.9432010252550915f,-0.2142675634623677f,-8.038412747227552f,0.10774968518751732f,-0.24772842674027212f,-0.9628191065443084f,-1.2469407596942927f,0f,0f,0f,1f], start_interpolation: 0, interpolation_duration: 1 }
$data merge entity $(bone_right_fingers_2) { transformation: [0.9617864299293919f,-0.26218854721229634f,-0.07889251494521307f,-2.501885834779705f,-0.25179804508972625f,-0.9601544887940884f,0.12124810158330081f,-8.815051973901063f,-0.10753886596327558f,-0.09674979772210243f,-0.9894821215909182f,-1.567733037269664f,0f,0f,0f,1f], start_interpolation: 0, interpolation_duration: 1 }
$data merge entity $(bone_right_fingers) { transformation: [-0.367359547392753f,-0.9267270008071478f,-0.07889251494521307f,-2.928115539770079f,-0.9262588634509896f,0.35685209224681025f,0.12124810158330081f,-8.700146273476065f,-0.08421093051304068f,0.11761653894781518f,-0.9894821215909182f,-1.5282013160236192f,0f,0f,0f,1f], start_interpolation: 0, interpolation_duration: 1 }
$data merge entity $(bone_right_hand) { transformation: [-0.9805884937404344f,0.17950536768989783f,-0.07889251494521307f,-2.752282752267043f,0.16929113941582066f,0.9780794487043157f,0.12124810158330081f,-7.93204997422243f,0.09892783258092348f,0.10553868955400132f,-0.9894821215909182f,-1.439403398017329f,0f,0f,0f,1f], start_interpolation: 0, interpolation_duration: 1 }
$data merge entity $(bone_right_forearm) { transformation: [-1.8180451074328807f,0.10270339267030228f,-0.10484542005677552f,-2.522705556884071f,0.08983534132160413f,1.809090013096662f,0.21436300426392374f,-5.266148397105107f,0.1160610202544458f,0.20850395507383981f,-1.8082821964310682f,-1.2114802389729418f,0f,0f,0f,1f], start_interpolation: 0, interpolation_duration: 1 }
$data merge entity $(bone_right_bicep) { transformation: [-1.576691606186677f,0.15518329676227957f,-0.009812200057766767f,-2.2757075802599833f,0.1494081611545761f,1.5396654101053895f,0.3424064575747891f,-2.8684247235937885f,0.04307361424807032f,0.3398280818509529f,-1.546866540598967f,-0.6613678470917863f,0f,0f,0f,1f], start_interpolation: 0, interpolation_duration: 1 }
$data merge entity $(bone_right_shoulder) { transformation: [-1.0130817417608677f,0.006586014995895381f,-0.005915030353273347f,-1.827643125f,0.005167963336549543f,0.9896435427600203f,0.21677621893369065f,-2.6587326074049393f,0.007187164431010573f,0.21673777092770227f,-0.989639359558608f,-0.5970249840044988f,0f,0f,0f,1f], start_interpolation: 0, interpolation_duration: 1 }
$data merge entity $(bone_right_arm) { transformation: [-1.3293824999999997f,-2.6870146735697956e-17f,1.6056966533027129e-16f,-1.74976375f,0f,1.311150818685568f,0.21941139889808225f,-2.5145372943348248f,-1.628024023467506e-16f,0.21941139889808225f,-1.311150818685568f,-0.5464085944711383f,0f,0f,0f,1f], start_interpolation: 0, interpolation_duration: 1 }
$data merge entity $(bone_left_thumb_2) { transformation: [-0.9331381036845993f,-0.13875914848045923f,0.33166124007017755f,2.4487289384768576f,-0.27001879474132134f,0.8795744664400341f,-0.3917124053092692f,-8.250763747640777f,-0.2373670784636197f,-0.45507653938618614f,-0.8582320276952724f,-0.8746628187605814f,0f,0f,0f,1f], start_interpolation: 0, interpolation_duration: 1 }
$data merge entity $(bone_left_thumb) { transformation: [-0.9331381036845993f,-0.13875914848045923f,0.33166124007017755f,2.5958821001315897f,-0.27001879474132134f,0.8795744664400341f,-0.3917124053092692f,-7.905621188831804f,-0.2373670784636197f,-0.45507653938618614f,-0.8582320276952724f,-0.9261382594169264f,0f,0f,0f,1f], start_interpolation: 0, interpolation_duration: 1 }
$data merge entity $(bone_left_fingers_2) { transformation: [0.9336678278764083f,0.24178940257520112f,0.2642011960436151f,2.558525320010077f,0.267922660960896f,-0.9610899718835302f,-0.06725707166200012f,-8.728808400514257f,0.23765907290104055f,0.1335812514810444f,-0.9621196465723875f,-1.1051039632298547f,0f,0f,0f,1f], start_interpolation: 0, interpolation_duration: 1 }
$data merge entity $(bone_left_fingers) { transformation: [-0.3439643839854707f,0.9010472965159037f,0.2642011960436151f,2.973908349960629f,0.9253981602466778f,0.37298087259739776f,-0.06725707166200012f,-8.608346671120739f,-0.15914379523424543f,0.22135726353084667f,-0.9621196465723875f,-1.0082342126797643f,0f,0f,0f,1f], start_interpolation: 0, interpolation_duration: 1 }
$data merge entity $(bone_left_hand) { transformation: [-0.950838047803728f,-0.16156959756686476f,0.2642011960436151f,2.811689178385336f,-0.18527792463982323f,0.9803818526230543f,-0.06725707166200012f,-7.837341422983425f,-0.24815136004051094f,-0.11290123201041186f,-0.9621196465723875f,-1.0977328833325393f,0f,0f,0f,1f], start_interpolation: 0, interpolation_duration: 1 }
$data merge entity $(bone_left_forearm) { transformation: [-1.767472056898391f,-0.07605630227701836f,0.4439442854692742f,2.6373994251500066f,-0.11079905297411681f,1.8159426438813597f,-0.13001709743999462f,-5.176314157581925f,-0.436571482780216f,-0.15295853899220235f,-1.7643235495242817f,-1.414344393944982f,0f,0f,0f,1f], start_interpolation: 0, interpolation_duration: 1 }
$data merge entity $(bone_left_bicep) { transformation: [-1.5551988059781485f,-0.22147651613593974f,0.20600820995274574f,2.2844870453302732f,-0.14826747373515228f,1.498713629891194f,0.4919438664055714f,-2.844419576921337f,-0.2636436724062302f,0.4636163977494256f,-1.4918734549624204f,-0.6724340384909221f,0f,0f,0f,1f], start_interpolation: 0, interpolation_duration: 1 }
$data merge entity $(bone_left_shoulder) { transformation: [-1.0119102627036227f,-0.04899197977806211f,0.007098226493401608f,1.827643125f,-0.04473451488442523f,0.9671877021654409f,0.2982612120689339f,-2.6587326074049393f,-0.021199577353825043f,0.2975915209884185f,-0.9681956637078369f,-0.5970249840044983f,0f,0f,0f,1f], start_interpolation: 0, interpolation_duration: 1 }
$data merge entity $(bone_left_arm) { transformation: [-1.3293824999999997f,-2.6870146735697956e-17f,1.6056966533027129e-16f,1.749763125f,0f,1.311150818685568f,0.21941139889808225f,-2.5145372943348248f,-1.628024023467506e-16f,0.21941139889808225f,-1.311150818685568f,-0.5464085944711379f,0f,0f,0f,1f], start_interpolation: 0, interpolation_duration: 1 }
$data merge entity $(bone_chest) { transformation: [-2.632522916666667f,-5.3209875303699964e-17f,3.1796967667577725e-16f,1.524745121662138e-17f,0f,2.59641944842513f,0.43449160476920157f,-1.78846352310457f,-3.2239107635778877e-16f,0.43449160476920157f,-2.59641944842513f,-0.3303791428724331f,0f,0f,0f,1f], start_interpolation: 0, interpolation_duration: 1 }
$data merge entity $(bone_weist) { transformation: [-1.9493945833333333f,-5.208319799562434e-19f,2.387314155356539e-16f,2.8328908395178126e-17f,0f,1.9493899441199531f,0.004252915863732048f,-5.728183702029476f,-2.387319836754355e-16f,0.004252915863732048f,-1.9493899441199531f,-0.4371973470082261f,0f,0f,0f,1f], start_interpolation: 0, interpolation_duration: 1 }
$data merge entity $(bone_right_foot) { transformation: [-1.133963697041489f,-0.046692477691421125f,0.31230920767021403f,-1.516671385184288f,0.010982991346229059f,1.157636062007696f,0.2129530857183451f,-14.40370149922051f,-0.31558929413028153f,0.20806118173006788f,-1.1147667186295078f,-0.9736635016391628f,0f,0f,0f,1f], start_interpolation: 0, interpolation_duration: 1 }
$data merge entity $(bone_right_knee) { transformation: [-2.799904865014586f,0.09515586407193538f,0.7670767868567026f,-1.435069067539752f,0.2622278947464316f,2.82853181411943f,0.606277985964463f,-10.866920276596996f,-0.7271161988420654f,0.6536679788554695f,-2.735132335982026f,-0.27231629791235035f,0f,0f,0f,1f], start_interpolation: 0, interpolation_duration: 1 }
$data merge entity $(bone_right_thigh) { transformation: [-2.386611747218534f,0.3589270984322122f,0.5525110215992002f,-0.8928749999999999f,0.22352051381108576f,2.394192865674568f,-0.5898235539529512f,-7.5127919149030395f,-0.6197867946989407f,-0.5186757974911638f,-2.340267606311889f,-0.9454533363186799f,0f,0f,0f,1f], start_interpolation: 0, interpolation_duration: 1 }
$data merge entity $(bone_right_leg) { transformation: [-1f,-2.671762732948877e-19f,1.2246438847051644e-16f,-0.8089787499999999f,0f,0.9999976201773517f,0.0021816598343367827f,-7.464113894424265f,-1.2246467991473532e-16f,0.0021816598343367827f,-0.9999976201773517f,-0.9960591328694071f,0f,0f,0f,1f], start_interpolation: 0, interpolation_duration: 1 }
$data merge entity $(bone_left_foot) { transformation: [-1.1686652132367825f,0.027456303079685853f,-0.13805312625212232f,1.628536630554898f,0.006129232355912739f,1.16333154719486f,0.17947991165727395f,-14.343118802443755f,0.14062342179564263f,0.17747325882783604f,-1.155127348182907f,-1.4798508666524404f,0f,0f,0f,1f], start_interpolation: 0, interpolation_duration: 1 }
$data merge entity $(bone_left_knee) { transformation: [-2.874001360837492f,-0.2377646665939117f,-0.34714957836320753f,1.3859831611336841f,-0.3330778345006626f,2.7499044206440613f,0.874078670384206f,-10.893165549979178f,0.2571070255800412f,0.9046669714186308f,-2.7481634479695067f,-0.4569341023257516f,0f,0f,0f,1f], start_interpolation: 0, interpolation_duration: 1 }
$data merge entity $(bone_left_thigh) { transformation: [-2.4497708815049615f,-0.3182270420501622f,-0.16542944350226807f,0.8928750000000001f,-0.28391231519691323f,2.4184333109630014f,-0.4478692227013611f,-7.508779354640559f,0.21915553460726098f,-0.42417519148530736f,-2.429415357965465f,-1.004692596823348f,0f,0f,0f,1f], start_interpolation: 0, interpolation_duration: 1 }
$data merge entity $(bone_left_leg) { transformation: [-1f,-2.671762732948877e-19f,1.2246438847051644e-16f,0.8089781250000001f,0f,0.9999976201773517f,0.0021816598343367827f,-7.460101334161784f,-1.2246467991473532e-16f,0.0021816598343367827f,-0.9999976201773517f,-1.0552983933740752f,0f,0f,0f,1f], start_interpolation: 0, interpolation_duration: 1 }
data modify entity @s data merge value {"locators":{"consume":{"posx":2.7452171435800583,"posy":-8.705927073068722,"posz":-0.8974261575527065,"rotx":15.355116039623198,"roty":-3.856457540119677}},"cameras":{}}