# This file was generated by Animated Java via MC-Build. It is not recommended to edit this file directly.
$data merge entity $(bone_neck) { transformation: [-1.2033625000000001f,-1.4139166975703842e-16f,4.1546802248090774e-17f,1.1102230246251565e-16f,0f,0.33925538593672294f,1.1545506006750745f,-2.40534454817987f,-1.473694033838957e-16f,1.1545506006750745f,-0.33925538593672294f,-0.6677427751630233f,0f,0f,0f,1f], start_interpolation: 0, interpolation_duration: 1 }
$data merge entity $(bone_right_thumb_2) { transformation: [-0.7245361689908775f,-0.04366748960653627f,-0.6878520845178024f,-2.7606331113391844f,0.30496312686671484f,0.8746732438918682f,-0.3767548376216993f,-8.645849402157973f,0.6180977520390274f,-0.48274202921554266f,-0.6204154270754083f,-1.140187153086368f,0f,0f,0f,1f], start_interpolation: 0, interpolation_duration: 1 }
$data merge entity $(bone_right_thumb) { transformation: [-0.7245361689908775f,-0.04366748960653627f,-0.6878520845178024f,-2.903143545871515f,0.30496312686671484f,0.8746732438918682f,-0.3767548376216993f,-8.295212879587043f,0.6180977520390274f,-0.48274202921554266f,-0.6204154270754083f,-1.1270736117750164f,0f,0f,0f,1f], start_interpolation: 0, interpolation_duration: 1 }
$data merge entity $(bone_right_fingers_2) { transformation: [0.4015861518809025f,-0.6335650486215665f,-0.6613046890674836f,-3.0349057483943294f,-0.8682590027370293f,-0.49306665195877497f,-0.05487787251947965f,-9.269485207388616f,-0.29129858699209055f,0.5962219434835629f,-0.7481072966661231f,-1.2301081903293989f,0f,0f,0f,1f], start_interpolation: 0, interpolation_duration: 1 }
$data merge entity $(bone_right_fingers) { transformation: [-0.5187762339551866f,-0.5418000805653619f,-0.6613046890674836f,-3.3035225038014526f,-0.6868919482228892f,0.7246846697525069f,-0.05487787251947965f,-8.982773395482639f,0.5089702059549631f,0.4257755302093673f,-0.7481072966661231f,-1.0249760036322442f,0f,0f,0f,1f], start_interpolation: 0, interpolation_duration: 1 }
$data merge entity $(bone_right_hand) { transformation: [-0.7387069361166839f,0.13033867710875616f,-0.6613046890674836f,-3.1697552167350755f,0.22093656166723588f,0.9737430127227594f,-0.05487787251947965f,-8.218332167204572f,0.636788110953527f,-0.1866450492864569f,-0.7481072966661231f,-1.18779518478143f,0f,0f,0f,1f], start_interpolation: 0, interpolation_duration: 1 }
$data merge entity $(bone_right_forearm) { transformation: [-1.7205740611476164f,0.2264762794380787f,-0.5613928718744039f,-2.7810986023755353f,0.31690740354558655f,1.7781801247162994f,-0.2539167250801527f,-5.627274858946924f,0.5157743298357338f,-0.3370645346952422f,-1.7167390313517914f,-1.7769080223469795f,0f,0f,0f,1f], start_interpolation: 0, interpolation_duration: 1 }
$data merge entity $(bone_right_bicep) { transformation: [-1.5299717520148366f,0.317627087531821f,-0.2615989816230388f,-2.2775054188906916f,0.25789581300419956f,1.5250364619360748f,0.3433483584989306f,-3.2527155879116334f,0.32064114451370884f,0.2889833540449349f,-1.524405600033464f,-1.307256414703428f,0f,0f,0f,1f], start_interpolation: 0, interpolation_duration: 1 }
$data merge entity $(bone_right_shoulder) { transformation: [-0.9992226143905764f,0.027962663322421578f,-0.16487945601929435f,-1.827643125f,-0.0013969175682107314f,0.9974270607150194f,0.17762400131047937f,-3.0376321812623526f,0.16722797068256598f,0.1754147276603492f,-0.9837059813826875f,-1.3226053042071788f,0f,0f,0f,1f], start_interpolation: 0, interpolation_duration: 1 }
$data merge entity $(bone_right_arm) { transformation: [-1.3293824999999997f,-1.1611888659719965e-16f,1.141097120551093e-16f,-1.74976375f,0f,0.9317765100480965f,0.9481826652227087f,-2.7466205897062377f,-1.628024023467506e-16f,0.9481826652227087f,-0.9317765100480965f,-1.036013610220755f,0f,0f,0f,1f], start_interpolation: 0, interpolation_duration: 1 }
$data merge entity $(bone_left_thumb_2) { transformation: [-0.7172175246840171f,0.05196418113221013f,0.6949091639670539f,2.751936025124755f,-0.3086720795470873f,0.8703577280474692f,-0.3836651828562558f,-8.63617483231753f,-0.6247564082057965f,-0.489670449493643f,-0.6081959234477703f,-1.1237819743657318f,0f,0f,0f,1f], start_interpolation: 0, interpolation_duration: 1 }
$data merge entity $(bone_left_thumb) { transformation: [-0.7172175246840171f,0.05196418113221013f,0.6949091639670539f,2.8950946036009864f,-0.3086720795470873f,0.8703577280474692f,-0.3836651828562558f,-8.285760040986913f,-0.6247564082057965f,-0.489670449493643f,-0.6081959234477703f,-1.1118548916402986f,0f,0f,0f,1f], start_interpolation: 0, interpolation_duration: 1 }
$data merge entity $(bone_left_fingers_2) { transformation: [0.3998462139851941f,0.6246483016426437f,0.6707738101749849f,3.025870029002208f,0.8698423870761944f,-0.4893101446182949f,-0.06284746629110093f,-9.26118298229791f,0.2889588669816072f,0.6085968136858619f,-0.7389943785741013f,-1.2047626135301943f,0f,0f,0f,1f], start_interpolation: 0, interpolation_duration: 1 }
$data merge entity $(bone_left_fingers) { transformation: [-0.510536911753485f,0.5379726362191176f,0.6707738101749849f,3.2924944049277434f,0.6836247538609365f,0.7271226800818159f,-0.06284746629110093f,-8.973311174426676f,-0.5215450677034421f,0.42647162952544687f,-0.7389943785741013f,-0.998658021668971f,0f,0f,0f,1f], start_interpolation: 0, interpolation_duration: 1 }
$data merge entity $(bone_left_hand) { transformation: [-0.7309470102944797f,-0.12561434521938414f,0.6707738101749849f,3.162648974109116f,-0.2247788491035264f,0.972380925860068f,-0.06284746629110093f,-8.210009512377798f,-0.6443531152537836f,-0.19671393264998374f,-0.7389943785741013f,-1.1697863394291046f,0f,0f,0f,1f], start_interpolation: 0, interpolation_duration: 1 }
$data merge entity $(bone_left_forearm) { transformation: [-1.7145186210977386f,-0.21789873777643454f,0.5829018782076892f,2.787760503633069f,-0.31748390332766985f,1.7756994533532204f,-0.2700444113889568f,-5.623283323249147f,-0.5352181150432429f,-0.3553029032670828f,-1.7070822996836f,-1.7862213571928685f,0f,0f,0f,1f], start_interpolation: 0, interpolation_duration: 1 }
$data merge entity $(bone_left_bicep) { transformation: [-1.5270410871867943f,-0.32155018318835454f,0.27365224943057864f,2.2778987725934314f,-0.2576052749561133f,1.5230737730279549f,0.3521652454639464f,-3.2518996102095508f,-0.33454386295621275f,0.2949344291354132f,-1.5202725552190997f,-1.3073782101958364f,0f,0f,0f,1f], start_interpolation: 0, interpolation_duration: 1 }
$data merge entity $(bone_left_shoulder) { transformation: [-0.9989216229347249f,-0.030236757923293167f,0.16629584592100943f,1.827643125f,0.00016789297927904842f,0.9965994837236904f,0.18221531088375015f,-3.0376321812623526f,-0.16902231128535505f,0.17968913762050948f,-0.9826272186214847f,-1.3226053042071784f,0f,0f,0f,1f], start_interpolation: 0, interpolation_duration: 1 }
$data merge entity $(bone_left_arm) { transformation: [-1.3293824999999997f,-1.1611888659719965e-16f,1.141097120551093e-16f,1.749763125f,0f,0.9317765100480965f,0.9481826652227087f,-2.7466205897062377f,-1.628024023467506e-16f,0.9481826652227087f,-0.9317765100480965f,-1.0360136102207547f,0f,0f,0f,1f], start_interpolation: 0, interpolation_duration: 1 }
$data merge entity $(bone_chest) { transformation: [-2.632522916666667f,-2.2994558001549296e-16f,2.2596689214677483e-16f,4.710162544574215e-17f,0f,1.8451597007733314f,1.8776481527211766f,-2.286193495321603f,-3.2239107635778877e-16f,1.8776481527211766f,-1.8451597007733314f,-0.4344666577863794f,0f,0f,0f,1f], start_interpolation: 0, interpolation_duration: 1 }
$data merge entity $(bone_weist) { transformation: [-1.9493945833333333f,-9.892981827206478e-18f,2.3852691449850053e-16f,2.9546361941548386e-16f,0f,1.9477200664270893f,0.0807823270684603f,-5.655195670063371f,-2.387319836754355e-16f,0.0807823270684603f,-1.9477200664270893f,-2.4624962426647374f,0f,0f,0f,1f], start_interpolation: 0, interpolation_duration: 1 }
$data merge entity $(bone_right_foot) { transformation: [-1.1640463276932842f,-0.17345798541479743f,-0.02234656922620578f,-0.8319659162448152f,0.05041671585936284f,-0.47683315322374575f,1.075025206041802f,-8.748107540722204f,-0.16746700159224787f,1.0621362276841435f,0.47897007432110233f,-3.6482897141185324f,0f,0f,0f,1f], start_interpolation: 0, interpolation_duration: 1 }
$data merge entity $(bone_right_knee) { transformation: [-2.8742426826454f,-0.4160033769058417f,0.05097921337501445f,-1.410864991545322f,0.12225295487204241f,-0.4942288251046008f,2.859671444763333f,-9.260883103489551f,-0.4008888933588125f,2.831891196245486f,0.5065659249721446f,-0.12560532036885919f,0f,0f,0f,1f], start_interpolation: 0, interpolation_duration: 1 }
$data merge entity $(bone_right_thigh) { transformation: [-2.449976581873145f,0.33549806175910396f,0.1227539073436237f,-0.8928749999999996f,0.10420723285120395f,1.4848660251462975f,-1.97846568404074f,-7.152739949413665f,-0.3417138039847636f,-1.9525948532302297f,-1.4834479223229047f,-2.8246206513092718f,0f,0f,0f,1f], start_interpolation: 0, interpolation_duration: 1 }
$data merge entity $(bone_right_leg) { transformation: [-1f,-5.0748996184703204e-18f,1.2235948357393894e-16f,-0.8089787499999996f,0f,0.9991410066896869f,0.041439700181339245f,-7.3761281424015035f,-1.2246467991473532e-16f,0.041439700181339245f,-0.9991410066896869f,-3.0535363030642224f,0f,0f,0f,1f], start_interpolation: 0, interpolation_duration: 1 }
$data merge entity $(bone_left_foot) { transformation: [-1.1650686262935426f,0.16701809868630102f,0.0176336500547394f,0.839851164176318f,-0.05143121584823756f,-0.47246752312869006f,1.0769030432223579f,-8.742920660229226f,0.1598775185553366f,1.0651151530123009f,0.47493134741848125f,-3.653938568393445f,0f,0f,0f,1f], start_interpolation: 0, interpolation_duration: 1 }
$data merge entity $(bone_left_knee) { transformation: [-2.8775147228087294f,0.3919352013763329f,-0.05678473804745792f,1.3887573052381694f,-0.12473026710107278f,-0.5016307952217018f,2.85827528315384f,-9.264874198429856f,0.37587241056230797f,2.8340222355763838f,0.5137767878862796f,-0.12780259700433882f,0f,0f,0f,1f], start_interpolation: 0, interpolation_duration: 1 }
$data merge entity $(bone_left_thigh) { transformation: [-2.4527656371688265f,-0.319485217206981f,-0.10900755959597841f,0.8928750000000002f,-0.10631886976473216f,1.4899417165076658f,-1.974533540429537f,-7.149741708545176f,0.3203899967146487f,-1.9514137440162354f,-1.4897474190643152f,-2.82550166021644f,0f,0f,0f,1f], start_interpolation: 0, interpolation_duration: 1 }
$data merge entity $(bone_left_leg) { transformation: [-1f,-5.0748996184703204e-18f,1.2235948357393894e-16f,0.8089781250000002f,0f,0.9991410066896869f,0.041439700181339245f,-7.373129901533014f,-1.2246467991473532e-16f,0.041439700181339245f,-0.9991410066896869f,-3.0544173119713904f,0f,0f,0f,1f], start_interpolation: 0, interpolation_duration: 1 }
data modify entity @s data merge value {"locators":{"consume":{"posx":3.041744343181563,"posy":-9.07924669847435,"posz":-1.0001068419489678,"roty":42.22954178738888,"rotx":-3.6032692661155705}},"cameras":{}}