# This file was generated by Animated Java via MC-Build. It is not recommended to edit this file directly.
$data merge entity $(bone_right_thumb_2) { transformation: [-0.6929313557615577f,-0.1036173987693729f,-0.7135191454156771f,-2.6947870441215884f,0.2827183818025223f,0.871317455863406f,-0.40109376422313653f,-8.639138942241727f,0.663261979004837f,-0.47965542400768324f,-0.5744686426834773f,-1.5163196670086208f,0f,0f,0f,1f], start_interpolation: 0, interpolation_duration: 1 }
$data merge entity $(bone_right_thumb) { transformation: [-0.6929313557615577f,-0.1036173987693729f,-0.7135191454156771f,-2.8476946842297934f,0.2827183818025223f,0.871317455863406f,-0.40109376422313653f,-8.293359635883709f,0.663261979004837f,-0.47965542400768324f,-0.5744686426834773f,-1.494340477577234f,0f,0f,0f,1f], start_interpolation: 0, interpolation_duration: 1 }
$data merge entity $(bone_right_fingers_2) { transformation: [0.38626552235352973f,-0.5936873987580413f,-0.7059279133147132f,-2.9574234892297024f,-0.8758727430724228f,-0.47604857319512073f,-0.07889672934716524f,-9.279157550855908f,-0.2892159818954425f,0.648778104219617f,-0.7038757612686025f,-1.583056442529331f,0f,0f,0f,1f], start_interpolation: 0, interpolation_duration: 1 }
$data merge entity $(bone_right_fingers) { transformation: [-0.4734851175512017f,-0.5267614494822676f,-0.7059279133147132f,-3.2176697206749987f,-0.6865201584105589f,0.7228176659395242f,-0.07889672934716524f,-8.99345381154449f,0.5518169221340226f,0.44727731570590445f,-0.7038757612686025f,-1.3660700126471592f,0f,0f,0f,1f], start_interpolation: 0, interpolation_duration: 1 }
$data merge entity $(bone_right_hand) { transformation: [-0.7030776245863063f,0.08571834698132974f,-0.7059279133147132f,-3.120063625733362f,0.19832578275827456f,0.976955572168785f,-0.07889672934716524f,-8.225501123646966f,0.6828973112404197f,-0.1954742310360894f,-0.7038757612686025f,-1.537813669623714f,0f,0f,0f,1f], start_interpolation: 0, interpolation_duration: 1 }
$data merge entity $(bone_right_forearm) { transformation: [-1.7063921712165915f,0.15634680044408827f,-0.6249879979928651f,-2.837802525871165f,0.2670295118299892f,1.7819274783481553f,-0.28329889402030806f,-5.6278553333682035f,0.5863015942806834f,-0.35653709699298936f,-1.6899586683245384f,-2.15769341094208f,0f,0f,0f,1f], start_interpolation: 0, interpolation_duration: 1 }
$data merge entity $(bone_right_bicep) { transformation: [-1.5213330723823784f,0.3518216657592704f,-0.26814502468155504f,-2.2807914452854794f,0.2318805671497201f,1.4521180254943231f,0.5896771985555318f,-3.3701819921689298f,0.37671161561255806f,0.5269813198020857f,-1.4458608519237717f,-1.3178361616329524f,0f,0f,0f,1f], start_interpolation: 0, interpolation_duration: 1 }
$data merge entity $(bone_right_shoulder) { transformation: [-0.9977288372130784f,0.045533206363037794f,-0.1699319663235246f,-1.827643125f,-0.0134203008707972f,0.9560487693229958f,0.334968095297691f,-3.162045759090065f,0.17541391502619105f,0.33213017999141053f,-0.9409210809737965f,-1.3033982950439464f,0f,0f,0f,1f], start_interpolation: 0, interpolation_duration: 1 }
$data merge entity $(bone_right_arm) { transformation: [-1.3293824999999997f,-1.235649527376668e-16f,1.0600153142672721e-16f,-1.74976375f,0f,0.8655681907675717f,1.0089844094125549f,-2.8124238616423325f,-1.628024023467506e-16f,1.0089844094125549f,-0.8655681907675717f,-0.9829138044955298f,0f,0f,0f,1f], start_interpolation: 0, interpolation_duration: 1 }
$data merge entity $(bone_left_thumb_2) { transformation: [-0.6929313557615575f,0.10361739876937304f,0.7135191454156773f,2.6947870441215884f,-0.2827183818025223f,0.871317455863406f,-0.40109376422313653f,-8.639138942241727f,-0.6632619790048372f,-0.47965542400768324f,-0.5744686426834772f,-1.51631966700862f,0f,0f,0f,1f], start_interpolation: 0, interpolation_duration: 1 }
$data merge entity $(bone_left_thumb) { transformation: [-0.6929313557615575f,0.10361739876937304f,0.7135191454156773f,2.8476946842297934f,-0.2827183818025223f,0.871317455863406f,-0.40109376422313653f,-8.293359635883709f,-0.6632619790048372f,-0.47965542400768324f,-0.5744686426834772f,-1.4943404775772333f,0f,0f,0f,1f], start_interpolation: 0, interpolation_duration: 1 }
$data merge entity $(bone_left_fingers_2) { transformation: [0.3862655223535296f,0.593687398758041f,0.7059279133147134f,2.9574234892297024f,0.8758727430724228f,-0.47604857319512073f,-0.07889672934716524f,-9.279157550855908f,0.2892159818954425f,0.6487781042196173f,-0.7038757612686024f,-1.5830564425293303f,0f,0f,0f,1f], start_interpolation: 0, interpolation_duration: 1 }
$data merge entity $(bone_left_fingers) { transformation: [-0.47348511755120143f,0.5267614494822672f,0.7059279133147134f,3.2176697206749982f,0.6865201584105589f,0.7228176659395242f,-0.07889672934716524f,-8.99345381154449f,-0.5518169221340228f,0.4472773157059045f,-0.7038757612686024f,-1.3660700126471585f,0f,0f,0f,1f], start_interpolation: 0, interpolation_duration: 1 }
$data merge entity $(bone_left_hand) { transformation: [-0.703077624586306f,-0.08571834698132968f,0.7059279133147134f,3.120063625733362f,-0.19832578275827456f,0.976955572168785f,-0.07889672934716524f,-8.225501123646966f,-0.68289731124042f,-0.19547423103608946f,-0.7038757612686024f,-1.5378136696237132f,0f,0f,0f,1f], start_interpolation: 0, interpolation_duration: 1 }
$data merge entity $(bone_left_forearm) { transformation: [-1.7063921712165913f,-0.1563468004440882f,0.6249879979928656f,2.837802525871165f,-0.2670295118299892f,1.7819274783481553f,-0.28329889402030806f,-5.6278553333682035f,-0.5863015942806837f,-0.35653709699298947f,-1.6899586683245384f,-2.1576934109420796f,0f,0f,0f,1f], start_interpolation: 0, interpolation_duration: 1 }
$data merge entity $(bone_left_bicep) { transformation: [-1.5213330723823784f,-0.3518216657592705f,0.2681450246815554f,2.2807914452854794f,-0.2318805671497201f,1.4521180254943231f,0.5896771985555318f,-3.3701819921689298f,-0.3767116156125584f,0.5269813198020856f,-1.4458608519237717f,-1.317836161632952f,0f,0f,0f,1f], start_interpolation: 0, interpolation_duration: 1 }
$data merge entity $(bone_left_shoulder) { transformation: [-0.9977288372130786f,-0.045533206363037884f,0.1699319663235249f,1.827643125f,0.013420300870797201f,0.956048769322996f,0.33496809529769106f,-3.162045759090065f,-0.17541391502619133f,0.3321301799914106f,-0.9409210809737966f,-1.303398295043946f,0f,0f,0f,1f], start_interpolation: 0, interpolation_duration: 1 }
$data merge entity $(bone_left_arm) { transformation: [-1.3293824999999997f,-1.235649527376668e-16f,1.0600153142672721e-16f,1.749763125f,0f,0.8655681907675717f,1.0089844094125549f,-2.8124238616423325f,-1.628024023467506e-16f,1.0089844094125549f,-0.8655681907675717f,-0.9829138044955293f,0f,0f,0f,1f], start_interpolation: 0, interpolation_duration: 1 }
$data merge entity $(bone_chest) { transformation: [-2.632522916666667f,-2.4469072654314427e-16f,2.0991058681953562e-16f,2.684376996523418e-17f,0f,1.714050018059767f,1.998051411341682f,-2.393701887910887f,-3.2239107635778877e-16f,1.998051411341682f,-1.714050018059767f,-0.3516264262429585f,0f,0f,0f,1f], start_interpolation: 0, interpolation_duration: 1 }
$data merge entity $(bone_weist) { transformation: [-1.9493945833333333f,-2.599000498995486e-17f,2.37313041508954e-16f,2.9895286031659047e-16f,0f,1.9378080412587577f,0.21222449614084704f,-5.60420317207016f,-2.387319836754355e-16f,0.21222449614084704f,-1.9378080412587577f,-2.57356576859709f,0f,0f,0f,1f], start_interpolation: 0, interpolation_duration: 1 }
data modify entity @s data merge value {"locators":{"consume":{"posx":2.964234564359665,"posy":-9.091636730277756,"posz":-1.381260924851874,"rotx":45.08340137725298,"roty":-4.525152530187474}},"cameras":{}}