execute if entity @s[tag=aj.attack.bone.right_thumb_2] run data modify entity @s {} merge value {transformation:[-0.8976795445788054f,-0.42904916251181885f,-0.10044028769719565f,-0.9364257567020049f,0.33245057836879316f,-0.5098256671984771f,-0.7934446433166481f,-2.367747459556541f,0.2892197230256669f,-0.7456504577974422f,0.6002977149710151f,0.9634607272481974f,0f,0f,0f,1f],start_interpolation:0}
execute if entity @s[tag=aj.attack.bone.right_thumb] run data modify entity @s {} merge value {transformation:[-0.8976795445788054f,-0.42904916251181885f,-0.10044028769719565f,-1.1918797627319626f,0.33245057836879316f,-0.5098256671984771f,-0.7934446433166481f,-2.4648163435975587f,0.2892197230256669f,-0.7456504577974422f,0.6002977149710151f,0.7924178307429552f,0f,0f,0f,1f],start_interpolation:0}
execute if entity @s[tag=aj.attack.bone.right_fingers2] run data modify entity @s {} merge value {transformation:[0.9768140790440212f,-0.18906613548884296f,-0.10044028769719565f,-0.6445275894109552f,0.03601324588244381f,0.6075760397786668f,-0.7934446433166481f,-2.290349964576071f,0.21103862466949425f,0.771430717756421f,0.6002977149710151f,1.3959048416022097f,0f,0f,0f,1f],start_interpolation:0}
execute if entity @s[tag=aj.attack.bone.right_fingers] run data modify entity @s {} merge value {transformation:[0.25827559109608045f,-0.9608358172191932f,-0.10044028769719565f,-1.1108907479983867f,0.5618728951241755f,0.23397531433229185f,-0.7934446433166481f,-2.2125369586103343f,0.7858705801649202f,0.14849270901909753f,0.6002977149710151f,1.4342585823708174f,0f,0f,0f,1f],start_interpolation:0}
execute if entity @s[tag=aj.attack.locator_origin.right_hand] at @s on origin run tp @s ^-0.92605 ^-2.2651 ^1.40604 ~-170.5014 ~-52.50859
execute if entity @s[tag=aj.attack.bone.right_hand] run data modify entity @s {} merge value {transformation:[-0.8976795445788054f,-0.42904916251181885f,-0.10044028769719565f,-1.47244355911764f,0.33245057836879316f,-0.5098256671984771f,-0.7934446433166481f,-2.574430155091969f,0.2892197230256669f,-0.7456504577974422f,0.6002977149710151f,0.9441572889120449f,0f,0f,0f,1f],start_interpolation:0}
execute if entity @s[tag=aj.attack.bone.right_forearm] run data modify entity @s {} merge value {transformation:[-1.3756177481540492f,-0.5923103687440606f,-0.15119569457897983f,-2.286736343425694f,0.469931565724998f,-0.7865112451051351f,-1.1943953637199807f,-3.717821339952739f,0.3909680735254441f,-1.138676595183553f,0.9036456590292227f,-0.7124297471004459f,0f,0f,0f,1f],start_interpolation:0}
execute if entity @s[tag=aj.attack.bone.right_bicep] run data modify entity @s {} merge value {transformation:[-1.575194765827536f,0.05500701332207089f,-0.09295071941283782f,-2.10680464713674f,0.03963585035447189f,1.558384649359272f,0.25054030025626944f,-1.4433203543672852f,0.10047192205117059f,0.2476200136725811f,-1.5561149956711358f,-0.41753815010638756f,0f,0f,0f,1f],start_interpolation:0}
execute if entity @s[tag=aj.attack.bone.right_shoulder] run data modify entity @s {} merge value {transformation:[-0.9982656101847159f,-1.9466574858387655e-17f,-0.05887080365118891f,-1.795433125f,-0.009357905536904283f,0.9872855637909503f,0.1586809539105045f,-1.2018307377546733f,0.05812229457359037f,0.15895664669961201f,-0.9855732257643344f,-0.39725643946455735f,0f,0f,0f,1f],start_interpolation:0}
execute if entity @s[tag=aj.attack.bone.right_arm] run data modify entity @s {} merge value {transformation:[-1.4627187500000003f,-2.8474124043642225e-17f,1.7685382897517668e-16f,-1.4259925f,0f,1.4441211057613443f,0.23250886756464817f,-1.0244492997411f,-1.791313835240318e-16f,0.23250886756464817f,-1.4441211057613443f,-0.3769592890672121f,0f,0f,0f,1f],start_interpolation:0}
execute if entity @s[tag=aj.attack.bone.left_thumb_2] run data modify entity @s {} merge value {transformation:[-0.8976795445788054f,0.42904916251181907f,0.10044028769719551f,0.9649807785431368f,-0.33245057836879316f,-0.5098256671984771f,-0.7934446433166481f,-2.430335049549125f,-0.2892197230256671f,-0.7456504577974421f,0.6002977149710153f,0.8731968594062859f,0f,0f,0f,1f],start_interpolation:0}
execute if entity @s[tag=aj.attack.bone.left_thumb] run data modify entity @s {} merge value {transformation:[-0.8976795445788054f,0.42904916251181907f,0.10044028769719551f,1.2204347845730943f,-0.33245057836879316f,-0.5098256671984771f,-0.7934446433166481f,-2.527403933590143f,-0.2892197230256671f,-0.7456504577974421f,0.6002977149710153f,0.7021539629010437f,0f,0f,0f,1f],start_interpolation:0}
execute if entity @s[tag=aj.attack.bone.left_fingers2] run data modify entity @s {} merge value {transformation:[0.9768140790440212f,0.18906613548884277f,0.10044028769719551f,0.6730826112520871f,-0.03601324588244381f,0.6075760397786668f,-0.7934446433166481f,-2.3529375545686557f,-0.21103862466949405f,0.771430717756421f,0.6002977149710153f,1.3056409737602983f,0f,0f,0f,1f],start_interpolation:0}
execute if entity @s[tag=aj.attack.bone.left_fingers] run data modify entity @s {} merge value {transformation:[0.25827559109608067f,0.9608358172191932f,0.10044028769719551f,1.1394457698395186f,-0.5618728951241755f,0.23397531433229185f,-0.7934446433166481f,-2.2751245486029186f,-0.7858705801649202f,0.14849270901909775f,0.6002977149710153f,1.343994714528906f,0f,0f,0f,1f],start_interpolation:0}
execute if entity @s[tag=aj.attack.bone.left_hand] run data modify entity @s {} merge value {transformation:[-0.8976795445788054f,0.42904916251181907f,0.10044028769719551f,1.5009985809587718f,-0.33245057836879316f,-0.5098256671984771f,-0.7934446433166481f,-2.6370177450845533f,-0.2892197230256671f,-0.7456504577974421f,0.6002977149710153f,0.8538934210701334f,0f,0f,0f,1f],start_interpolation:0}
execute if entity @s[tag=aj.attack.bone.left_forearm] run data modify entity @s {} merge value {transformation:[-1.3756177481540492f,0.592310368744061f,0.1511956945789796f,2.315291365266826f,-0.469931565724998f,-0.7865112451051351f,-1.1943953637199807f,-3.780408929945323f,-0.39096807352544444f,-1.1386765951835527f,0.9036456590292228f,-0.8026936149423567f,0f,0f,0f,1f],start_interpolation:0}
execute if entity @s[tag=aj.attack.bone.left_bicep] run data modify entity @s {} merge value {transformation:[-1.575194765827536f,-0.055007013322070954f,0.0929507194128382f,2.0444130465001953f,-0.03963585035447189f,1.558384649359272f,0.25054030025626944f,-1.4427354852712286f,-0.10047192205117099f,0.2476200136725811f,-1.5561149956711358f,-0.4211707935172366f,0f,0f,0f,1f],start_interpolation:0}
execute if entity @s[tag=aj.attack.bone.left_shoulder] run data modify entity @s {} merge value {transformation:[-0.9982656101847159f,-1.9466574858387655e-17f,0.058870803651189144f,1.795433125f,0.009357905536904283f,0.9872855637909503f,0.1586809539105045f,-1.2018307377546733f,-0.05812229457359062f,0.15895664669961201f,-0.9855732257643344f,-0.397256439464557f,0f,0f,0f,1f],start_interpolation:0}
execute if entity @s[tag=aj.attack.bone.left_arm] run data modify entity @s {} merge value {transformation:[-1.4627187500000003f,-2.8474124043642225e-17f,1.7685382897517668e-16f,1.4259925f,0f,1.4441211057613443f,0.23250886756464817f,-1.0861546474780344f,-1.791313835240318e-16f,0.23250886756464817f,-1.4441211057613443f,-0.38689407948593757f,0f,0f,0f,1f],start_interpolation:0}
execute if entity @s[tag=aj.attack.bone.chest] run data modify entity @s {} merge value {transformation:[-2.0654612500000002f,-4.0207456040223945e-17f,2.4972998442957993e-16f,-3.099410553758377e-18f,0f,2.039200074694611f,0.32831879418798904f,-0.2721283692227856f,-2.5294605085753915e-16f,0.32831879418798904f,-2.039200074694611f,0.025308607803623873f,0f,0f,0f,1f],start_interpolation:0}
execute if entity @s[tag=aj.attack.bone.weist] run data modify entity @s {} merge value {transformation:[-2.0892733333333333f,1.0697885016594442e-16f,2.3242415085258413e-16f,5.083945938330455e-17f,0f,1.8978872195183696f,-0.8735486038948311f,-3.875056014313097f,-2.5586219002105877e-16f,-0.8735486038948311f,-1.8978872195183696f,-0.4151356898879004f,0f,0f,0f,1f],start_interpolation:0}
execute if entity @s[tag=aj.attack.bone.right_foot] run data modify entity @s {} merge value {transformation:[-1.1328200000000002f,-9.223813101615588e-17f,1.0362558472125154e-16f,-0.8202675000000003f,0f,0.8461671135987922f,0.7531814975581178f,-8.153313967569419f,-1.387304387010105e-16f,0.7531814975581178f,-0.8461671135987922f,0.96882753505776f,0f,0f,0f,1f],start_interpolation:0}
execute if entity @s[tag=aj.attack.bone.right_knee] run data modify entity @s {} merge value {transformation:[-3.1203466666666664f,-1.5164000713668467e-16f,3.507568518575489e-16f,-0.8545118750000005f,0f,2.864147051229461f,1.2382346260347261f,-4.54723646593128f,-3.821322557563446e-16f,1.2382346260347261f,-2.864147051229461f,2.6499576260306577f,0f,0f,0f,1f],start_interpolation:0}
execute if entity @s[tag=aj.attack.bone.right_thigh] run data modify entity @s {} merge value {transformation:[-2.3827266666666667f,2.825296014532527e-16f,-7.29669908720611e-17f,-0.77532f,0f,-0.5958206964070257f,-2.3070292728479824f,-5.544739783739444f,-2.9179985855763755e-16f,-2.3070292728479824f,0.5958206964070257f,-0.4357507998849841f,0f,0f,0f,1f],start_interpolation:0}
execute if entity @s[tag=aj.attack.bone.right_leg] run data modify entity @s {} merge value {transformation:[-1.136893333333333f,3.0857596421836966e-17f,1.357667140395517e-16f,-0.748445f,0f,1.1086193515883747f,-0.25197139651466227f,-5.656935167682927f,-1.3922927816386314e-16f,-0.25197139651466227f,-1.1086193515883747f,-0.4076868292682928f,0f,0f,0f,1f],start_interpolation:0}
execute if entity @s[tag=aj.attack.bone.left_foot] run data modify entity @s {} merge value {transformation:[-1.1328200000000002f,-9.223813101615588e-17f,1.0362558472125154e-16f,0.8202674999999998f,0f,0.8461671135987922f,0.7531814975581178f,-8.153313967569419f,-1.387304387010105e-16f,0.7531814975581178f,-0.8461671135987922f,0.9688275350577604f,0f,0f,0f,1f],start_interpolation:0}
execute if entity @s[tag=aj.attack.bone.left_knee] run data modify entity @s {} merge value {transformation:[-3.1203466666666664f,-1.5164000713668467e-16f,3.507568518575489e-16f,0.8545118749999996f,0f,2.864147051229461f,1.2382346260347261f,-4.54723646593128f,-3.821322557563446e-16f,1.2382346260347261f,-2.864147051229461f,2.649957626030658f,0f,0f,0f,1f],start_interpolation:0}
execute if entity @s[tag=aj.attack.bone.left_thigh] run data modify entity @s {} merge value {transformation:[-2.3827266666666667f,2.825296014532527e-16f,-7.29669908720611e-17f,0.77532f,0f,-0.5958206964070257f,-2.3070292728479824f,-5.544739783739444f,-2.9179985855763755e-16f,-2.3070292728479824f,0.5958206964070257f,-0.4357507998849839f,0f,0f,0f,1f],start_interpolation:0}
execute if entity @s[tag=aj.attack.bone.left_leg] run data modify entity @s {} merge value {transformation:[-1.136893333333333f,3.0857596421836966e-17f,1.357667140395517e-16f,0.748445f,0f,1.1086193515883747f,-0.25197139651466227f,-5.656935167682927f,-1.3922927816386314e-16f,-0.25197139651466227f,-1.1086193515883747f,-0.4076868292682926f,0f,0f,0f,1f],start_interpolation:0}