execute if entity @s[tag=aj.attack.bone.right_thumb_2] run data modify entity @s {} merge value {transformation:[-0.9005736050622601f,0.4295658857502915f,-0.06663581367952259f,-3.732290119731714f,0.43431717832238714f,0.882677279156598f,-0.1795812057949971f,-1.8517940957672323f,-0.018324041018406304f,-0.19066717247673476f,-0.9814837027992277f,0.121794474878748f,0f,0f,0f,1f],start_interpolation:0}
execute if entity @s[tag=aj.attack.bone.right_thumb] run data modify entity @s {} merge value {transformation:[-0.9005736050622601f,0.4295658857502915f,-0.06663581367952259f,-3.742067462340535f,0.43431717832238714f,0.882677279156598f,-0.1795812057949971f,-1.5346985101017763f,-0.018324041018406304f,-0.19066717247673476f,-0.9814837027992277f,0.06443958830736449f,0f,0f,0f,1f],start_interpolation:0}
execute if entity @s[tag=aj.attack.bone.right_fingers2] run data modify entity @s {} merge value {transformation:[-0.9659990346818804f,-0.24981099521226702f,-0.06663581367952259f,-4.215713272390637f,-0.23466775738870876f,0.9553437256649405f,-0.1795812057949971f,-2.5125326986057837f,0.10852146624437707f,-0.1578379944870299f,-0.9814837027992277f,0.10345823576782175f,0f,0f,0f,1f],start_interpolation:0}
execute if entity @s[tag=aj.attack.bone.right_fingers] run data modify entity @s {} merge value {transformation:[-0.9947025628367971f,-0.07827183287221379f,-0.06663581367952259f,-4.206857666157207f,-0.06520892985113552f,0.9815795362541361f,-0.1795812057949971f,-2.0476482930158952f,0.07946450121643943f,-0.1742846355418046f,-0.9814837027992277f,0.009519230591112177f,0f,0f,0f,1f],start_interpolation:0}
execute if entity @s[tag=aj.attack.locator_origin.right_hand] at @s on origin run tp @s ^-4.04827 ^-2.15973 ^0.01294 ~-3.88402 ~-10.34537
execute if entity @s[tag=aj.attack.bone.right_hand] run data modify entity @s {} merge value {transformation:[-0.9005736050622601f,0.4295658857502915f,-0.06663581367952259f,-3.9622183264790873f,0.43431717832238714f,0.882677279156598f,-0.1795812057949971f,-1.4034063987520073f,-0.018324041018406304f,-0.19066717247673476f,-0.9814837027992277f,-0.15476824274456985f,0f,0f,0f,1f],start_interpolation:0}
execute if entity @s[tag=aj.attack.bone.right_forearm] run data modify entity @s {} merge value {transformation:[-1.3556597144303681f,0.6466380568249149f,-0.10030883387635103f,-2.990524129866981f,0.6537903161130573f,1.3287198530684028f,-0.2703288268683782f,0.4950702337013029f,-0.027583713396203385f,-0.2870168558550928f,-1.4774560444316762f,-0.5625593809234396f,0f,0f,0f,1f],start_interpolation:0}
execute if entity @s[tag=aj.attack.bone.right_bicep] run data modify entity @s {} merge value {transformation:[-1.4836744143413987f,0.5400133241626093f,1.9215272215988864e-16f,-2.107345625f,0.5366453545569171f,1.4744209939003496f,0.17606434682476f,2.6119524360965514f,0.06021755313554446f,0.16544636749471792f,-1.5690460489805946f,-0.38508636196142165f,0f,0f,0f,1f],start_interpolation:0}
execute if entity @s[tag=aj.attack.bone.right_shoulder] run data modify entity @s {} merge value {transformation:[-1f,-1.3656187801344728e-17f,1.2170088890946106e-16f,-1.795433125f,0f,0.9937631731385241f,0.11151123581797379f,2.85208847476366f,-1.2246467991473532e-16f,0.11151123581797379f,-0.9937631731385241f,-0.35814043846575455f,0f,0f,0f,1f],start_interpolation:0}
execute if entity @s[tag=aj.attack.bone.right_arm] run data modify entity @s {} merge value {transformation:[-1.4627187500000005f,-1.9975161950548216e-17f,1.780141720995358e-16f,-1.4259925f,0f,1.453596026409216f,0.16310957546662191f,3.0302382043125125f,-1.7913138352403182e-16f,0.16310957546662191f,-1.453596026409216f,-0.34635813276242355f,0f,0f,0f,1f],start_interpolation:0}
execute if entity @s[tag=aj.attack.bone.left_thumb_2] run data modify entity @s {} merge value {transformation:[-0.9005736050622601f,-0.42956588575029137f,0.06663581367952282f,3.7754374567966895f,-0.43431717832238714f,0.882677279156598f,-0.1795812057949971f,-1.8882399583888299f,0.018324041018406075f,-0.19066717247673487f,-0.9814837027992277f,0.036487054083865565f,0f,0f,0f,1f],start_interpolation:0}
execute if entity @s[tag=aj.attack.bone.left_thumb] run data modify entity @s {} merge value {transformation:[-0.9005736050622601f,-0.42956588575029137f,0.06663581367952282f,3.78521479940551f,-0.43431717832238714f,0.882677279156598f,-0.1795812057949971f,-1.5711443727233738f,0.018324041018406075f,-0.19066717247673487f,-0.9814837027992277f,-0.020867832487517946f,0f,0f,0f,1f],start_interpolation:0}
execute if entity @s[tag=aj.attack.bone.left_fingers2] run data modify entity @s {} merge value {transformation:[-0.9659990346818804f,0.24981099521226707f,0.06663581367952282f,4.2588606094556125f,0.23466775738870876f,0.9553437256649405f,-0.1795812057949971f,-2.548978561227381f,-0.10852146624437731f,-0.15783799448702984f,-0.9814837027992277f,0.018150814972939452f,0f,0f,0f,1f],start_interpolation:0}
execute if entity @s[tag=aj.attack.bone.left_fingers] run data modify entity @s {} merge value {transformation:[-0.9947025628367971f,0.07827183287221384f,0.06663581367952282f,4.250005003222182f,0.06520892985113552f,0.9815795362541361f,-0.1795812057949971f,-2.0840941556374926f,-0.07946450121643968f,-0.17428463554180457f,-0.9814837027992277f,-0.07578819020377009f,0f,0f,0f,1f],start_interpolation:0}
execute if entity @s[tag=aj.attack.bone.left_hand] run data modify entity @s {} merge value {transformation:[-0.9005736050622601f,-0.42956588575029137f,0.06663581367952282f,4.005365663544063f,-0.43431717832238714f,0.882677279156598f,-0.1795812057949971f,-1.439852261373605f,0.018324041018406075f,-0.19066717247673487f,-0.9814837027992277f,-0.2400756635394522f,0f,0f,0f,1f],start_interpolation:0}
execute if entity @s[tag=aj.attack.bone.left_forearm] run data modify entity @s {} merge value {transformation:[-1.3556597144303681f,-0.6466380568249148f,0.10030883387635137f,3.033671466931956f,-0.6537903161130573f,1.3287198530684028f,-0.2703288268683782f,0.45862437107970466f,0.027583713396203042f,-0.28701685585509296f,-1.4774560444316762f,-0.6478668017183221f,0f,0f,0f,1f],start_interpolation:0}
execute if entity @s[tag=aj.attack.bone.left_bicep] run data modify entity @s {} merge value {transformation:[-1.4836744143413991f,-0.5400133241626095f,1.921527221598887e-16f,2.044845625f,-0.5366453545569172f,1.47442099390035f,0.17606434682476005f,2.611952436096552f,-0.060217553135544846f,0.16544636749471783f,-1.569046048980595f,-0.38508636196142115f,0f,0f,0f,1f],start_interpolation:0}
execute if entity @s[tag=aj.attack.bone.left_shoulder] run data modify entity @s {} merge value {transformation:[-1f,-1.3656187801344728e-17f,1.2170088890946106e-16f,1.795433125f,0f,0.9937631731385241f,0.11151123581797379f,2.8520884747636606f,-1.2246467991473532e-16f,0.11151123581797379f,-0.9937631731385241f,-0.3581404384657541f,0f,0f,0f,1f],start_interpolation:0}
execute if entity @s[tag=aj.attack.bone.left_arm] run data modify entity @s {} merge value {transformation:[-1.4627187500000005f,-1.9975161950548216e-17f,1.780141720995358e-16f,1.4259925f,0f,1.453596026409216f,0.16310957546662191f,2.968128005991355f,-1.7913138352403182e-16f,0.16310957546662191f,-1.453596026409216f,-0.35332758500104655f,0f,0f,0f,1f],start_interpolation:0}
execute if entity @s[tag=aj.attack.bone.chest] run data modify entity @s {} merge value {transformation:[-2.0654612500000002f,-2.8206326726400233e-17f,2.513684701330466e-16f,-2.3799271838157196e-18f,0f,2.0525793257946625f,0.23032213652163694f,3.8009538886260104f,-2.5294605085753915e-16f,0.23032213652163694f,-2.0525793257946625f,0.019433580241035336f,0f,0f,0f,1f],start_interpolation:0}
execute if entity @s[tag=aj.attack.bone.weist] run data modify entity @s {} merge value {transformation:[-2.0892733333333333f,1.1427701973217376e-16f,2.2892405518753323e-16f,3.0374548226572937e-17f,0f,1.8693067694858556f,-0.9331426809079799f,0.1810721739140304f,-2.5586219002105877e-16f,-0.9331426809079799f,-1.8693067694858556f,-0.24802700866666932f,0f,0f,0f,1f],start_interpolation:0}
execute if entity @s[tag=aj.attack.bone.right_foot] run data modify entity @s {} merge value {transformation:[-1.1328200000000002f,-8.72120749405606e-17f,1.0788970574960741e-16f,-0.8202675000000003f,0f,0.8809863041713286f,0.7121406351715533f,-4.376708359072453f,-1.387304387010105e-16f,0.7121406351715533f,-0.8809863041713286f,0.9530304920790222f,0f,0f,0f,1f],start_interpolation:0}
execute if entity @s[tag=aj.attack.bone.right_knee] run data modify entity @s {} merge value {transformation:[-3.1203466666666664f,-1.6838609936218202e-16f,3.430323343812092e-16f,-0.8545118750000005f,0f,2.8010715793324383f,1.3749768462173662f,-0.8559383438288982f,-3.821322557563446e-16f,1.3749768462173662f,-2.8010715793324383f,2.8061823558929935f,0f,0f,0f,1f],start_interpolation:0}
execute if entity @s[tag=aj.attack.bone.right_thigh] run data modify entity @s {} merge value {transformation:[-2.3827266666666667f,2.8901654857481385e-16f,-4.020686638075099e-17f,-0.77532f,0f,-0.3283139792529943f,-2.35999921590485f,-1.4943311985243004f,-2.9179985855763755e-16f,-2.35999921590485f,0.3283139792529943f,-0.37329306025334613f,0f,0f,0f,1f],start_interpolation:0}
execute if entity @s[tag=aj.attack.bone.right_leg] run data modify entity @s {} merge value {transformation:[-1.136893333333333f,2.1692444974047066e-17f,1.3752901413548457e-16f,-0.748445f,0f,1.1230096239277938f,-0.17713225551359127f,-1.608154679878049f,-1.3922927816386314e-16f,-0.17713225551359127f,-1.1230096239277938f,-0.352808780487805f,0f,0f,0f,1f],start_interpolation:0}
execute if entity @s[tag=aj.attack.bone.left_foot] run data modify entity @s {} merge value {transformation:[-1.1328200000000002f,-8.72120749405606e-17f,1.0788970574960741e-16f,0.8202674999999998f,0f,0.8809863041713286f,0.7121406351715533f,-4.376708359072453f,-1.387304387010105e-16f,0.7121406351715533f,-0.8809863041713286f,0.9530304920790227f,0f,0f,0f,1f],start_interpolation:0}
execute if entity @s[tag=aj.attack.bone.left_knee] run data modify entity @s {} merge value {transformation:[-3.1203466666666664f,-1.6838609936218202e-16f,3.430323343812092e-16f,0.8545118749999996f,0f,2.8010715793324383f,1.3749768462173662f,-0.8559383438288982f,-3.821322557563446e-16f,1.3749768462173662f,-2.8010715793324383f,2.806182355892994f,0f,0f,0f,1f],start_interpolation:0}
execute if entity @s[tag=aj.attack.bone.left_thigh] run data modify entity @s {} merge value {transformation:[-2.3827266666666667f,2.8901654857481385e-16f,-4.020686638075099e-17f,0.77532f,0f,-0.3283139792529943f,-2.35999921590485f,-1.4943311985243004f,-2.9179985855763755e-16f,-2.35999921590485f,0.3283139792529943f,-0.3732930602533459f,0f,0f,0f,1f],start_interpolation:0}
execute if entity @s[tag=aj.attack.bone.left_leg] run data modify entity @s {} merge value {transformation:[-1.136893333333333f,2.1692444974047066e-17f,1.3752901413548457e-16f,0.748445f,0f,1.1230096239277938f,-0.17713225551359127f,-1.608154679878049f,-1.3922927816386314e-16f,-0.17713225551359127f,-1.1230096239277938f,-0.3528087804878048f,0f,0f,0f,1f],start_interpolation:0}