execute if entity @s[tag=aj.attack.bone.right_thumb_2] run data modify entity @s {} merge value {transformation:[-0.8915378943730622f,-0.4496855198121361f,-0.05425049463493771f,-0.8791345373255477f,0.3234821333916498f,-0.5482923082367777f,-0.7711905433190774f,1.8058503996913446f,0.317048091420266f,-0.7050946588931701f,0.6342886012905254f,0.7405811100630929f,0f,0f,0f,1f],start_interpolation:0}
execute if entity @s[tag=aj.attack.bone.right_thumb] run data modify entity @s {} merge value {transformation:[-0.8915378943730622f,-0.4496855198121361f,-0.05425049463493771f,-1.1395971549468733f,0.3234821333916498f,-0.5482923082367777f,-0.7711905433190774f,1.696432340934762f,0.317048091420266f,-0.7050946588931701f,0.6342886012905254f,0.5852694777543272f,0f,0f,0f,1f],start_interpolation:0}
execute if entity @s[tag=aj.attack.bone.right_fingers2] run data modify entity @s {} merge value {transformation:[0.9919147362098939f,-0.11472593395358044f,-0.05425049463493771f,-0.572512770132697f,0.03136245406052737f,0.6358313788816403f,-0.7711905433190774f,1.8991127794598288f,0.12296972214719395f,0.7632538356981584f,0.6342886012905254f,1.1464274351226689f,0f,0f,0f,1f],start_interpolation:0}
execute if entity @s[tag=aj.attack.bone.right_fingers] run data modify entity @s {} merge value {transformation:[0.3046818912835669f,-0.9509078971991627f,-0.05425049463493771f,-1.0359766409159659f,0.592145674570656f,0.2337277176170799f,-0.7711905433190774f,1.9755793823055159f,0.7460110221780455f,0.20284359753706094f,0.6342886012905254f,1.2125679532930387f,0f,0f,0f,1f],start_interpolation:0}
execute if entity @s[tag=aj.attack.locator_origin.right_hand] at @s on origin run tp @s ^-0.85138 ^1.92608 ^1.17796 ~-175.11141 ~-50.46092
execute if entity @s[tag=aj.attack.bone.right_hand] run data modify entity @s {} merge value {transformation:[-0.8915378943730622f,-0.4496855198121361f,-0.05425049463493771f,-1.410344636789747f,0.3234821333916498f,-0.5482923082367777f,-0.7711905433190774f,1.5866548917992136f,0.317048091420266f,-0.7050946588931701f,0.6342886012905254f,0.7537948687645837f,0f,0f,0f,1f],start_interpolation:0}
execute if entity @s[tag=aj.attack.bone.right_forearm] run data modify entity @s {} merge value {transformation:[-1.3683405069462946f,-0.622086014177079f,-0.08166485188006524f,-2.2680376665745516f,0.45316368394455686f,-0.8443813947945777f,-1.1608956179157206f,0.36016530562051985f,0.4339387429362763f,-1.0798356130019975f,0.9548131316068321f,-0.8193493425942815f,0f,0f,0f,1f],start_interpolation:0}
execute if entity @s[tag=aj.attack.bone.right_bicep] run data modify entity @s {} merge value {transformation:[-1.5735189453086098f,0.03995489128905349f,-0.12387854318405599f,-2.111287796341024f,0.01782799969787616f,1.5546621381672288f,0.2749762837419207f,2.6316049873037564f,0.12893583375499862f,0.2726415244525761f,-1.5498213793732885f,-0.4896791234466339f,0f,0f,0f,1f],start_interpolation:0}
execute if entity @s[tag=aj.attack.bone.right_shoulder] run data modify entity @s {} merge value {transformation:[-0.996917333733128f,-2.1394106416349467e-17f,-0.07845909572784482f,-1.795433125f,-0.013706500882546258f,0.9846223946041767f,0.17415760643019204f,2.862922598235533f,0.07725258271402889f,0.174696136316568f,-0.9815871323627237f,-0.41021185357479173f,0f,0f,0f,1f],start_interpolation:0}
execute if entity @s[tag=aj.attack.bone.right_arm] run data modify entity @s {} merge value {transformation:[-1.46271875f,-3.129356059468967e-17f,1.7637677179419132e-16f,-1.4259925f,0f,1.440225638257428f,0.25553131414279995f,3.0399574384160912f,-1.7913138352403177e-16f,0.25553131414279995f,-1.440225638257428f,-0.38708580271737797f,0f,0f,0f,1f],start_interpolation:0}
execute if entity @s[tag=aj.attack.bone.left_thumb_2] run data modify entity @s {} merge value {transformation:[-0.8915378943730622f,0.4496855198121363f,0.05425049463493755f,0.9036082067168041f,-0.3234821333916498f,-0.5482923082367777f,-0.7711905433190774f,1.7329302185306834f,-0.31704809142026624f,-0.7050946588931701f,0.6342886012905254f,0.7110466232243806f,0f,0f,0f,1f],start_interpolation:0}
execute if entity @s[tag=aj.attack.bone.left_thumb] run data modify entity @s {} merge value {transformation:[-0.8915378943730622f,0.4496855198121363f,0.05425049463493755f,1.1640708243381295f,-0.3234821333916498f,-0.5482923082367777f,-0.7711905433190774f,1.6235121597741007f,-0.31704809142026624f,-0.7050946588931701f,0.6342886012905254f,0.5557349909156151f,0f,0f,0f,1f],start_interpolation:0}
execute if entity @s[tag=aj.attack.bone.left_fingers2] run data modify entity @s {} merge value {transformation:[0.9919147362098939f,0.11472593395358033f,0.05425049463493755f,0.5969864395239534f,-0.03136245406052737f,0.6358313788816403f,-0.7711905433190774f,1.8261925982991678f,-0.12296972214719376f,0.7632538356981585f,0.6342886012905254f,1.1168929482839565f,0f,0f,0f,1f],start_interpolation:0}
execute if entity @s[tag=aj.attack.bone.left_fingers] run data modify entity @s {} merge value {transformation:[0.30468189128356704f,0.9509078971991627f,0.05425049463493755f,1.0604503103072223f,-0.592145674570656f,0.2337277176170799f,-0.7711905433190774f,1.9026592011448549f,-0.7460110221780455f,0.20284359753706116f,0.6342886012905254f,1.1830334664543263f,0f,0f,0f,1f],start_interpolation:0}
execute if entity @s[tag=aj.attack.bone.left_hand] run data modify entity @s {} merge value {transformation:[-0.8915378943730622f,0.4496855198121363f,0.05425049463493755f,1.4348183061810034f,-0.3234821333916498f,-0.5482923082367777f,-0.7711905433190774f,1.5137347106385524f,-0.31704809142026624f,-0.7050946588931701f,0.6342886012905254f,0.7242603819258715f,0f,0f,0f,1f],start_interpolation:0}
execute if entity @s[tag=aj.attack.bone.left_forearm] run data modify entity @s {} merge value {transformation:[-1.368340506946295f,0.6220860141770795f,0.08166485188006503f,2.292511335965808f,-0.4531636839445571f,-0.8443813947945782f,-1.160895617915721f,0.2872451244598584f,-0.4339387429362768f,-1.0798356130019982f,0.9548131316068325f,-0.8488838294329937f,0f,0f,0f,1f],start_interpolation:0}
execute if entity @s[tag=aj.attack.bone.left_bicep] run data modify entity @s {} merge value {transformation:[-1.5735189453086098f,-0.03995489128905355f,0.12387854318405639f,2.0440767694997137f,-0.01782799969787616f,1.5546621381672288f,0.2749762837419207f,2.621576793207028f,-0.128935833754999f,0.2726415244525761f,-1.5498213793732885f,-0.43315821409358995f,0f,0f,0f,1f],start_interpolation:0}
execute if entity @s[tag=aj.attack.bone.left_shoulder] run data modify entity @s {} merge value {transformation:[-0.996917333733128f,-2.1394106416349467e-17f,0.07845909572784507f,1.795433125f,0.013706500882546258f,0.9846223946041767f,0.17415760643019204f,2.8629225982355324f,-0.07725258271402914f,0.174696136316568f,-0.9815871323627237f,-0.4102118535747913f,0f,0f,0f,1f],start_interpolation:0}
execute if entity @s[tag=aj.attack.bone.left_arm] run data modify entity @s {} merge value {transformation:[-1.46271875f,-3.129356059468967e-17f,1.7637677179419132e-16f,1.4259925f,0f,1.440225638257428f,0.25553131414279995f,2.97841853875333f,-1.7913138352403177e-16f,0.25553131414279995f,-1.440225638257428f,-0.3980043112371631f,0f,0f,0f,1f],start_interpolation:0}
execute if entity @s[tag=aj.attack.bone.chest] run data modify entity @s {} merge value {transformation:[-2.06546125f,-4.4188697781346185e-17f,2.4905634630102e-16f,-3.3236807834813985e-18f,0f,2.033699401937136f,0.3608281000865889f,3.785761232733323f,-2.529460508575391e-16f,0.3608281000865889f,-2.033699401937136f,0.02713991320432535f,0f,0f,0f,1f],start_interpolation:0}
execute if entity @s[tag=aj.attack.bone.weist] run data modify entity @s {} merge value {transformation:[-2.0892733333333333f,1.0452197246393873e-16f,2.3353932764016433e-16f,5.765156055830802e-17f,0f,1.9069933290379193f,-0.8534866749883395f,0.1903233237593922f,-2.5586219002105877e-16f,-0.8534866749883395f,-1.9069933290379193f,-0.47076071728148305f,0f,0f,0f,1f],start_interpolation:0}
execute if entity @s[tag=aj.attack.bone.right_foot] run data modify entity @s {} merge value {transformation:[-1.1328200000000002f,-9.386776165854459e-17f,1.0215173979619478e-16f,-0.8202675000000001f,0f,0.8341322564784949f,0.7664884415971934f,-3.9964467510244175f,-1.387304387010105e-16f,0.7664884415971934f,-0.8341322564784949f,0.9659517696232525f,0f,0f,0f,1f],start_interpolation:0}
execute if entity @s[tag=aj.attack.bone.right_knee] run data modify entity @s {} merge value {transformation:[-3.1203466666666664f,-1.4597754192955556e-16f,3.5315098490820765e-16f,-0.8545118750000004f,0f,2.8836966311763126f,1.1919970887213427f,-0.3637905543453399f,-3.821322557563446e-16f,1.1919970887213427f,-2.8836966311763126f,2.588851115647029f,0f,0f,0f,1f],start_interpolation:0}
execute if entity @s[tag=aj.attack.bone.right_thigh] run data modify entity @s {} merge value {transformation:[-2.3827266666666667f,2.795392937603221e-16f,-8.369552376464122e-17f,-0.77532f,0f,-0.6834258156957035f,-2.282611557511507f,-1.4783217725551887f,-2.9179985855763755e-16f,-2.282611557511507f,0.6834258156957035f,-0.45654369002936274f,0f,0f,0f,1f],start_interpolation:0}
execute if entity @s[tag=aj.attack.bone.right_leg] run data modify entity @s {} merge value {transformation:[-1.1368933333333335f,3.388385140752092e-17f,1.3504323941546808e-16f,-0.748445f,0f,1.102711732962438f,-0.276682643772165f,-1.5898619969512195f,-1.3922927816386319e-16f,-0.276682643772165f,-1.102711732962438f,-0.42597951219512203f,0f,0f,0f,1f],start_interpolation:0}
execute if entity @s[tag=aj.attack.bone.left_foot] run data modify entity @s {} merge value {transformation:[-1.1328200000000002f,-9.386776165854459e-17f,1.0215173979619478e-16f,0.8202674999999999f,0f,0.8341322564784949f,0.7664884415971934f,-3.9964467510244175f,-1.387304387010105e-16f,0.7664884415971934f,-0.8341322564784949f,0.9659517696232529f,0f,0f,0f,1f],start_interpolation:0}
execute if entity @s[tag=aj.attack.bone.left_knee] run data modify entity @s {} merge value {transformation:[-3.1203466666666664f,-1.4597754192955556e-16f,3.5315098490820765e-16f,0.8545118749999997f,0f,2.8836966311763126f,1.1919970887213427f,-0.3637905543453399f,-3.821322557563446e-16f,1.1919970887213427f,-2.8836966311763126f,2.5888511156470293f,0f,0f,0f,1f],start_interpolation:0}
execute if entity @s[tag=aj.attack.bone.left_thigh] run data modify entity @s {} merge value {transformation:[-2.3827266666666667f,2.795392937603221e-16f,-8.369552376464122e-17f,0.77532f,0f,-0.6834258156957035f,-2.282611557511507f,-1.4783217725551887f,-2.9179985855763755e-16f,-2.282611557511507f,0.6834258156957035f,-0.4565436900293625f,0f,0f,0f,1f],start_interpolation:0}
execute if entity @s[tag=aj.attack.bone.left_leg] run data modify entity @s {} merge value {transformation:[-1.1368933333333335f,3.388385140752092e-17f,1.3504323941546808e-16f,0.748445f,0f,1.102711732962438f,-0.276682643772165f,-1.5898619969512195f,-1.3922927816386319e-16f,-0.276682643772165f,-1.102711732962438f,-0.4259795121951218f,0f,0f,0f,1f],start_interpolation:0}