execute if entity @s[tag=aj.attack.bone.right_thumb_2] run data modify entity @s {} merge value {transformation:[-0.8976795445788054f,-0.42904916251181885f,-0.10044028769719565f,-0.9364257567020049f,0.33245057836879316f,-0.5098256671984771f,-0.7934446433166481f,1.6947525404434598f,0.2892197230256669f,-0.7456504577974422f,0.6002977149710151f,0.9634607272481975f,0f,0f,0f,1f],start_interpolation:0}
execute if entity @s[tag=aj.attack.bone.right_thumb] run data modify entity @s {} merge value {transformation:[-0.8976795445788054f,-0.42904916251181885f,-0.10044028769719565f,-1.1918797627319626f,0.33245057836879316f,-0.5098256671984771f,-0.7934446433166481f,1.597683656402442f,0.2892197230256669f,-0.7456504577974422f,0.6002977149710151f,0.7924178307429554f,0f,0f,0f,1f],start_interpolation:0}
execute if entity @s[tag=aj.attack.bone.right_fingers2] run data modify entity @s {} merge value {transformation:[0.9768140790440212f,-0.18906613548884296f,-0.10044028769719565f,-0.6445275894109552f,0.03601324588244381f,0.6075760397786668f,-0.7934446433166481f,1.7721500354239292f,0.21103862466949425f,0.771430717756421f,0.6002977149710151f,1.39590484160221f,0f,0f,0f,1f],start_interpolation:0}
execute if entity @s[tag=aj.attack.bone.right_fingers] run data modify entity @s {} merge value {transformation:[0.25827559109608045f,-0.9608358172191932f,-0.10044028769719565f,-1.1108907479983867f,0.5618728951241755f,0.23397531433229185f,-0.7934446433166481f,1.8499630413896662f,0.7858705801649202f,0.14849270901909753f,0.6002977149710151f,1.4342585823708176f,0f,0f,0f,1f],start_interpolation:0}
execute if entity @s[tag=aj.attack.locator_origin.right_hand] at @s on origin run tp @s ^-0.92605 ^1.7974 ^1.40604 ~-170.5014 ~-52.50859
execute if entity @s[tag=aj.attack.bone.right_hand] run data modify entity @s {} merge value {transformation:[-0.8976795445788054f,-0.42904916251181885f,-0.10044028769719565f,-1.47244355911764f,0.33245057836879316f,-0.5098256671984771f,-0.7934446433166481f,1.4880698449080314f,0.2892197230256669f,-0.7456504577974422f,0.6002977149710151f,0.944157288912045f,0f,0f,0f,1f],start_interpolation:0}
execute if entity @s[tag=aj.attack.bone.right_forearm] run data modify entity @s {} merge value {transformation:[-1.3756177481540492f,-0.5923103687440606f,-0.15119569457897983f,-2.286736343425694f,0.469931565724998f,-0.7865112451051351f,-1.1943953637199807f,0.34467866004726133f,0.3909680735254441f,-1.138676595183553f,0.9036456590292227f,-0.7124297471004458f,0f,0f,0f,1f],start_interpolation:0}
execute if entity @s[tag=aj.attack.bone.right_bicep] run data modify entity @s {} merge value {transformation:[-1.5751947658275358f,0.055007013322070884f,-0.0929507194128378f,-2.10680464713674f,0.03963585035447188f,1.5583846493592717f,0.25054030025626944f,2.619179645632715f,0.10047192205117057f,0.24762001367258107f,-1.5561149956711355f,-0.4175381501063875f,0f,0f,0f,1f],start_interpolation:0}
execute if entity @s[tag=aj.attack.bone.right_shoulder] run data modify entity @s {} merge value {transformation:[-0.9982656101847159f,-1.9466574858387655e-17f,-0.05887080365118891f,-1.795433125f,-0.009357905536904283f,0.9872855637909503f,0.1586809539105045f,2.8606692622453265f,0.05812229457359037f,0.15895664669961201f,-0.9855732257643344f,-0.3972564394645574f,0f,0f,0f,1f],start_interpolation:0}
execute if entity @s[tag=aj.attack.bone.right_arm] run data modify entity @s {} merge value {transformation:[-1.4627187500000005f,-2.847412404364223e-17f,1.768538289751767e-16f,-1.4259925f,0f,1.4441211057613446f,0.2325088675646482f,3.038050700258901f,-1.7913138352403182e-16f,0.2325088675646482f,-1.4441211057613446f,-0.376959289067212f,0f,0f,0f,1f],start_interpolation:0}
execute if entity @s[tag=aj.attack.bone.left_thumb_2] run data modify entity @s {} merge value {transformation:[-0.8976795445788054f,0.42904916251181907f,0.10044028769719551f,0.9649807785431368f,-0.33245057836879316f,-0.5098256671984771f,-0.7934446433166481f,1.6321649504508748f,-0.2892197230256671f,-0.7456504577974421f,0.6002977149710153f,0.873196859406286f,0f,0f,0f,1f],start_interpolation:0}
execute if entity @s[tag=aj.attack.bone.left_thumb] run data modify entity @s {} merge value {transformation:[-0.8976795445788054f,0.42904916251181907f,0.10044028769719551f,1.2204347845730943f,-0.33245057836879316f,-0.5098256671984771f,-0.7934446433166481f,1.5350960664098567f,-0.2892197230256671f,-0.7456504577974421f,0.6002977149710153f,0.7021539629010438f,0f,0f,0f,1f],start_interpolation:0}
execute if entity @s[tag=aj.attack.bone.left_fingers2] run data modify entity @s {} merge value {transformation:[0.9768140790440212f,0.18906613548884277f,0.10044028769719551f,0.6730826112520871f,-0.03601324588244381f,0.6075760397786668f,-0.7934446433166481f,1.7095624454313443f,-0.21103862466949405f,0.771430717756421f,0.6002977149710153f,1.3056409737602985f,0f,0f,0f,1f],start_interpolation:0}
execute if entity @s[tag=aj.attack.bone.left_fingers] run data modify entity @s {} merge value {transformation:[0.25827559109608067f,0.9608358172191932f,0.10044028769719551f,1.1394457698395186f,-0.5618728951241755f,0.23397531433229185f,-0.7934446433166481f,1.7873754513970812f,-0.7858705801649202f,0.14849270901909775f,0.6002977149710153f,1.3439947145289062f,0f,0f,0f,1f],start_interpolation:0}
execute if entity @s[tag=aj.attack.bone.left_hand] run data modify entity @s {} merge value {transformation:[-0.8976795445788054f,0.42904916251181907f,0.10044028769719551f,1.5009985809587718f,-0.33245057836879316f,-0.5098256671984771f,-0.7934446433166481f,1.4254822549154464f,-0.2892197230256671f,-0.7456504577974421f,0.6002977149710153f,0.8538934210701336f,0f,0f,0f,1f],start_interpolation:0}
execute if entity @s[tag=aj.attack.bone.left_forearm] run data modify entity @s {} merge value {transformation:[-1.3756177481540492f,0.592310368744061f,0.1511956945789796f,2.315291365266826f,-0.469931565724998f,-0.7865112451051351f,-1.1943953637199807f,0.2820910700546766f,-0.39096807352544444f,-1.1386765951835527f,0.9036456590292228f,-0.8026936149423566f,0f,0f,0f,1f],start_interpolation:0}
execute if entity @s[tag=aj.attack.bone.left_bicep] run data modify entity @s {} merge value {transformation:[-1.5751947658275363f,-0.05500701332207096f,0.09295071941283821f,2.0444130465001953f,-0.039635850354471897f,1.5583846493592721f,0.2505403002562695f,2.6197645147287716f,-0.100471922051171f,0.24762001367258113f,-1.556114995671136f,-0.4211707935172364f,0f,0f,0f,1f],start_interpolation:0}
execute if entity @s[tag=aj.attack.bone.left_shoulder] run data modify entity @s {} merge value {transformation:[-0.9982656101847159f,-1.9466574858387655e-17f,0.058870803651189144f,1.795433125f,0.009357905536904283f,0.9872855637909503f,0.1586809539105045f,2.8606692622453265f,-0.05812229457359062f,0.15895664669961201f,-0.9855732257643344f,-0.39725643946455697f,0f,0f,0f,1f],start_interpolation:0}
execute if entity @s[tag=aj.attack.bone.left_arm] run data modify entity @s {} merge value {transformation:[-1.4627187500000005f,-2.847412404364223e-17f,1.768538289751767e-16f,1.4259925f,0f,1.4441211057613446f,0.2325088675646482f,2.976345352521966f,-1.7913138352403182e-16f,0.2325088675646482f,-1.4441211057613446f,-0.3868940794859374f,0f,0f,0f,1f],start_interpolation:0}
execute if entity @s[tag=aj.attack.bone.chest] run data modify entity @s {} merge value {transformation:[-2.0654612500000002f,-4.0207456040223945e-17f,2.4972998442957993e-16f,-3.0994105537583956e-18f,0f,2.039200074694611f,0.32831879418798904f,3.790371630777215f,-2.5294605085753915e-16f,0.32831879418798904f,-2.039200074694611f,0.025308607803623984f,0f,0f,0f,1f],start_interpolation:0}
execute if entity @s[tag=aj.attack.bone.weist] run data modify entity @s {} merge value {transformation:[-2.0892733333333333f,1.0697885016594442e-16f,2.3242415085258413e-16f,5.083945938330454e-17f,0f,1.8978872195183696f,-0.8735486038948311f,0.18744398568690301f,-2.5586219002105877e-16f,-0.8735486038948311f,-1.8978872195183696f,-0.41513568988790034f,0f,0f,0f,1f],start_interpolation:0}
execute if entity @s[tag=aj.attack.bone.right_foot] run data modify entity @s {} merge value {transformation:[-1.1328200000000002f,-9.223813101615588e-17f,1.0362558472125154e-16f,-0.8202675000000003f,0f,0.8461671135987922f,0.7531814975581178f,-4.090813967569419f,-1.387304387010105e-16f,0.7531814975581178f,-0.8461671135987922f,0.96882753505776f,0f,0f,0f,1f],start_interpolation:0}
execute if entity @s[tag=aj.attack.bone.right_knee] run data modify entity @s {} merge value {transformation:[-3.1203466666666664f,-1.5164000713668467e-16f,3.507568518575489e-16f,-0.8545118750000005f,0f,2.864147051229461f,1.2382346260347261f,-0.48473646593128006f,-3.821322557563446e-16f,1.2382346260347261f,-2.864147051229461f,2.6499576260306577f,0f,0f,0f,1f],start_interpolation:0}
execute if entity @s[tag=aj.attack.bone.right_thigh] run data modify entity @s {} merge value {transformation:[-2.3827266666666667f,2.825296014532527e-16f,-7.29669908720611e-17f,-0.77532f,0f,-0.5958206964070257f,-2.3070292728479824f,-1.4822397837394439f,-2.9179985855763755e-16f,-2.3070292728479824f,0.5958206964070257f,-0.4357507998849841f,0f,0f,0f,1f],start_interpolation:0}
execute if entity @s[tag=aj.attack.bone.right_leg] run data modify entity @s {} merge value {transformation:[-1.136893333333333f,3.0857596421836966e-17f,1.357667140395517e-16f,-0.748445f,0f,1.1086193515883747f,-0.25197139651466227f,-1.5944351676829271f,-1.3922927816386314e-16f,-0.25197139651466227f,-1.1086193515883747f,-0.4076868292682928f,0f,0f,0f,1f],start_interpolation:0}
execute if entity @s[tag=aj.attack.bone.left_foot] run data modify entity @s {} merge value {transformation:[-1.1328200000000002f,-9.223813101615588e-17f,1.0362558472125154e-16f,0.8202674999999998f,0f,0.8461671135987922f,0.7531814975581178f,-4.090813967569419f,-1.387304387010105e-16f,0.7531814975581178f,-0.8461671135987922f,0.9688275350577604f,0f,0f,0f,1f],start_interpolation:0}
execute if entity @s[tag=aj.attack.bone.left_knee] run data modify entity @s {} merge value {transformation:[-3.1203466666666664f,-1.5164000713668467e-16f,3.507568518575489e-16f,0.8545118749999996f,0f,2.864147051229461f,1.2382346260347261f,-0.48473646593128006f,-3.821322557563446e-16f,1.2382346260347261f,-2.864147051229461f,2.649957626030658f,0f,0f,0f,1f],start_interpolation:0}
execute if entity @s[tag=aj.attack.bone.left_thigh] run data modify entity @s {} merge value {transformation:[-2.3827266666666667f,2.825296014532527e-16f,-7.29669908720611e-17f,0.77532f,0f,-0.5958206964070257f,-2.3070292728479824f,-1.4822397837394439f,-2.9179985855763755e-16f,-2.3070292728479824f,0.5958206964070257f,-0.4357507998849839f,0f,0f,0f,1f],start_interpolation:0}
execute if entity @s[tag=aj.attack.bone.left_leg] run data modify entity @s {} merge value {transformation:[-1.136893333333333f,3.0857596421836966e-17f,1.357667140395517e-16f,0.748445f,0f,1.1086193515883747f,-0.25197139651466227f,-1.5944351676829271f,-1.3922927816386314e-16f,-0.25197139651466227f,-1.1086193515883747f,-0.4076868292682926f,0f,0f,0f,1f],start_interpolation:0}