execute if entity @s[tag=aj.attack.bone.right_thumb_2] run data modify entity @s {} merge value {transformation:[-0.9491064266798529f,0.31494584576371143f,-0.0024708442244374806f,-3.2364889720269283f,0.31187458056433753f,0.9386985358215665f,-0.14689896134508873f,-2.0424444520779064f,-0.043945839766917086f,-0.14019334179135523f,-0.989148416611255f,0.09104721064039584f,0f,0f,0f,1f],start_interpolation:0}
execute if entity @s[tag=aj.attack.bone.right_thumb] run data modify entity @s {} merge value {transformation:[-0.9491064266798529f,0.31494584576371143f,-0.0024708442244374806f,-3.286282005238296f,0.31187458056433753f,0.9386985358215665f,-0.14689896134508873f,-1.727361183058533f,-0.043945839766917086f,-0.14019334179135523f,-0.989148416611255f,0.04437840608851443f,0f,0f,0f,1f],start_interpolation:0}
execute if entity @s[tag=aj.attack.bone.right_fingers2] run data modify entity @s {} merge value {transformation:[-0.9295009914657727f,-0.36881133631297736f,-0.0024708442244374806f,-3.6260447303213637f,-0.36447399866562613f,0.9195539132929745f,-0.14689896134508873f,-2.7599845728852226f,0.05645007671238939f,-0.13564217174099158f,-0.989148416611255f,0.027863750115219674f,0f,0f,0f,1f],start_interpolation:0}
execute if entity @s[tag=aj.attack.bone.right_fingers] run data modify entity @s {} merge value {transformation:[-0.9794231992816811f,-0.20180211009217663f,-0.0024708442244374806f,-3.6756859114581597f,-0.1992579583474503f,0.9688740687989023f,-0.14689896134508873f,-2.2945865118023336f,0.03203845726688699f,-0.14338391531620678f,-0.989148416611255f,-0.04934290045095327f,0f,0f,0f,1f],start_interpolation:0}
execute if entity @s[tag=aj.attack.locator_origin.consume] at @s on origin run tp @s ^-3.5038 ^-2.38478 ^-0.04265 ~-0.14312 ~-8.44726
execute if entity @s[tag=aj.attack.bone.right_hand] run data modify entity @s {} merge value {transformation:[-0.9491064266798529f,0.31494584576371143f,-0.0024708442244374806f,-3.513018271005442f,0.31187458056433753f,0.9386985358215665f,-0.14689896134508873f,-1.6175423817981094f,-0.043945839766917086f,-0.14019334179135523f,-0.989148416611255f,-0.17986831373993423f,0f,0f,0f,1f],start_interpolation:0}
execute if entity @s[tag=aj.attack.bone.right_forearm] run data modify entity @s {} merge value {transformation:[-1.4287175863519606f,0.4740971675486162f,-0.003719433877335618f,-2.7884116719480447f,0.4694739024654303f,1.4130502846794986f,-0.22113129106580126f,0.40764652499813625f,-0.06615295435480015f,-0.2110371263709959f,-1.4889939616870729f,-0.4769405549036379f,0f,0f,0f,1f],start_interpolation:0}
execute if entity @s[tag=aj.attack.bone.right_bicep] run data modify entity @s {} merge value {transformation:[-1.5276114341789901f,0.39913339149970006f,1.9296461279487457e-16f,-2.107345625f,0.3983199805015568f,1.5244982495446961f,0.10074938368467092f,2.603630095600106f,0.025468752291626387f,0.09747707920095271f,-1.5756756391248814f,-0.39634030628668293f,0f,0f,0f,1f],start_interpolation:0}
execute if entity @s[tag=aj.attack.bone.right_shoulder] run data modify entity @s {} merge value {transformation:[-1f,-7.814486744650313e-18f,1.222151039091988e-16f,-1.795433125f,0f,0.9979620572583844f,0.06381012672462838f,2.8407926328271618f,-1.2246467991473532e-16f,0.06381012672462838f,-0.9979620572583844f,-0.3185483992796486f,0f,0f,0f,1f],start_interpolation:0}
execute if entity @s[tag=aj.attack.bone.right_arm] run data modify entity @s {} merge value {transformation:[-1.46271875f,-1.1430396283026475e-17f,1.7876632402118338e-16f,-1.4259925f,0f,1.4597378129404126f,0.09333626879999002f,3.0193021518717647f,-1.7913138352403177e-16f,0.09333626879999002f,-1.4597378129404126f,-0.3153079554087938f,0f,0f,0f,1f],start_interpolation:0}
execute if entity @s[tag=aj.attack.bone.left_thumb_2] run data modify entity @s {} merge value {transformation:[-0.9491064266798529f,-0.31494584576371143f,0.00247084422443772f,3.2749052114228254f,-0.31187458056433753f,0.9386985358215665f,-0.14689896134508873f,-2.0965646556898725f,0.04394583976691686f,-0.14019334179135529f,-0.989148416611255f,0.06933830207691885f,0f,0f,0f,1f],start_interpolation:0}
execute if entity @s[tag=aj.attack.bone.left_thumb] run data modify entity @s {} merge value {transformation:[-0.9491064266798529f,-0.31494584576371143f,0.00247084422443772f,3.3246982446341926f,-0.31187458056433753f,0.9386985358215665f,-0.14689896134508873f,-1.7814813866704993f,0.04394583976691686f,-0.14019334179135529f,-0.989148416611255f,0.022669497525037496f,0f,0f,0f,1f],start_interpolation:0}
execute if entity @s[tag=aj.attack.bone.left_fingers2] run data modify entity @s {} merge value {transformation:[-0.9295009914657727f,0.36881133631297736f,0.00247084422443772f,3.6644609697172603f,0.36447399866562613f,0.9195539132929745f,-0.14689896134508873f,-2.8141047764971883f,-0.056450076712389594f,-0.13564217174099144f,-0.989148416611255f,0.006154841551742785f,0f,0f,0f,1f],start_interpolation:0}
execute if entity @s[tag=aj.attack.bone.left_fingers] run data modify entity @s {} merge value {transformation:[-0.9794231992816811f,0.20180211009217663f,0.00247084422443772f,3.7141021508540564f,0.1992579583474503f,0.9688740687989023f,-0.14689896134508873f,-2.3487067154142993f,-0.03203845726688721f,-0.1433839153162067f,-0.989148416611255f,-0.07105180901443012f,0f,0f,0f,1f],start_interpolation:0}
execute if entity @s[tag=aj.attack.bone.left_hand] run data modify entity @s {} merge value {transformation:[-0.9491064266798529f,-0.31494584576371143f,0.00247084422443772f,3.5514345104013385f,-0.31187458056433753f,0.9386985358215665f,-0.14689896134508873f,-1.6716625854100755f,0.04394583976691686f,-0.14019334179135529f,-0.989148416611255f,-0.20157722230341113f,0f,0f,0f,1f],start_interpolation:0}
execute if entity @s[tag=aj.attack.bone.left_forearm] run data modify entity @s {} merge value {transformation:[-1.428717586351961f,-0.47409716754861636f,0.00371943387733598f,2.8268279113439414f,-0.4694739024654305f,1.4130502846794992f,-0.22113129106580134f,0.35352632138617013f,0.06615295435479983f,-0.2110371263709961f,-1.4889939616870735f,-0.4986494634671149f,0f,0f,0f,1f],start_interpolation:0}
execute if entity @s[tag=aj.attack.bone.left_bicep] run data modify entity @s {} merge value {transformation:[-1.5276114341789901f,-0.39913339149970006f,1.9296461279487457e-16f,2.044845625f,-0.3983199805015568f,1.5244982495446961f,0.10074938368467092f,2.599641962679817f,-0.025468752291626758f,0.09747707920095262f,-1.5756756391248814f,-0.33396767770803343f,0f,0f,0f,1f],start_interpolation:0}
execute if entity @s[tag=aj.attack.bone.left_shoulder] run data modify entity @s {} merge value {transformation:[-1f,-7.814486744650313e-18f,1.222151039091988e-16f,1.795433125f,0f,0.9979620572583844f,0.06381012672462838f,2.8407926328271618f,-1.2246467991473532e-16f,0.06381012672462838f,-0.9979620572583844f,-0.31854839927964823f,0f,0f,0f,1f],start_interpolation:0}
execute if entity @s[tag=aj.attack.bone.left_arm] run data modify entity @s {} merge value {transformation:[-1.46271875f,-1.1430396283026475e-17f,1.7876632402118338e-16f,1.4259925f,0f,1.4597378129404126f,0.09333626879999002f,2.9569295232931156f,-1.7913138352403177e-16f,0.09333626879999002f,-1.4597378129404126f,-0.31929608832908274f,0f,0f,0f,1f],start_interpolation:0}
execute if entity @s[tag=aj.attack.bone.chest] run data modify entity @s {} merge value {transformation:[-2.06546125f,-1.6140519559713865e-17f,2.524305612891736e-16f,-1.6127133249700216e-18f,0f,2.061251958237474f,0.13179734410730934f,3.8066453185412223f,-2.529460508575391e-16f,0.13179734410730934f,-2.061251958237474f,0.013168803659086473f,0f,0f,0f,1f],start_interpolation:0}
execute if entity @s[tag=aj.attack.bone.weist] run data modify entity @s {} merge value {transformation:[-2.0892733333333333f,8.296889441978571e-17f,2.4203640809004507e-16f,9.882260680711773e-18f,0f,1.976377256353099f,-0.6774924368197581f,0.17811001867672793f,-2.5586219002105877e-16f,-0.6774924368197581f,-1.976377256353099f,-0.08069478226368769f,0f,0f,0f,1f],start_interpolation:0}
execute if entity @s[tag=aj.attack.bone.right_foot] run data modify entity @s {} merge value {transformation:[-1.1328200000000002f,-5.942276822003042e-17f,1.2535975925010133e-16f,-0.8202675000000001f,0f,1.023640116786176f,0.48522372541538394f,-6.5075092107086885f,-1.387304387010105e-16f,0.48522372541538394f,-1.023640116786176f,1.341459854206347f,0f,0f,0f,1f],start_interpolation:0}
execute if entity @s[tag=aj.attack.bone.right_knee] run data modify entity @s {} merge value {transformation:[-3.1203466666666664f,-1.183689569688037e-16f,3.633371036868514e-16f,-0.8545118750000004f,0f,2.966872603103367f,0.9665558841228082f,-2.760739008587012f,-3.821322557563446e-16f,0.9665558841228082f,-2.966872603103367f,2.680006223626695f,0f,0f,0f,1f],start_interpolation:0}
execute if entity @s[tag=aj.attack.bone.right_thigh] run data modify entity @s {} merge value {transformation:[-2.3827266666666667f,2.6186920414523637e-16f,1.2873102724129014e-16f,-0.77532f,0f,1.0511686090301116f,-2.138324326063318f,-1.5069340799464048f,-2.9179985855763755e-16f,-2.138324326063318f,-1.0511686090301116f,-0.3107432743623289f,0f,0f,0f,1f],start_interpolation:0}
execute if entity @s[tag=aj.attack.bone.right_leg] run data modify entity @s {} merge value {transformation:[-1.1368933333333335f,1.2429818367769669e-17f,1.386733266110489e-16f,-0.748445f,0f,1.1323536443944384f,-0.10149716944039533f,-1.6218741920731707f,-1.3922927816386319e-16f,-0.10149716944039533f,-1.1323536443944384f,-0.29793073170731715f,0f,0f,0f,1f],start_interpolation:0}
execute if entity @s[tag=aj.attack.bone.left_foot] run data modify entity @s {} merge value {transformation:[-1.1328200000000002f,-5.942276822003042e-17f,1.2535975925010133e-16f,0.8202674999999999f,0f,1.023640116786176f,0.48522372541538394f,-6.5075092107086885f,-1.387304387010105e-16f,0.48522372541538394f,-1.023640116786176f,1.341459854206347f,0f,0f,0f,1f],start_interpolation:0}
execute if entity @s[tag=aj.attack.bone.left_knee] run data modify entity @s {} merge value {transformation:[-3.1203466666666664f,-1.183689569688037e-16f,3.633371036868514e-16f,0.8545118749999997f,0f,2.966872603103367f,0.9665558841228082f,-2.760739008587012f,-3.821322557563446e-16f,0.9665558841228082f,-2.966872603103367f,2.680006223626695f,0f,0f,0f,1f],start_interpolation:0}
execute if entity @s[tag=aj.attack.bone.left_thigh] run data modify entity @s {} merge value {transformation:[-2.3827266666666667f,2.6186920414523637e-16f,1.2873102724129014e-16f,0.77532f,0f,1.0511686090301116f,-2.138324326063318f,-1.5069340799464048f,-2.9179985855763755e-16f,-2.138324326063318f,-1.0511686090301116f,-0.3107432743623287f,0f,0f,0f,1f],start_interpolation:0}
execute if entity @s[tag=aj.attack.bone.left_leg] run data modify entity @s {} merge value {transformation:[-1.1368933333333335f,1.2429818367769669e-17f,1.386733266110489e-16f,0.748445f,0f,1.1323536443944384f,-0.10149716944039533f,-1.6218741920731707f,-1.3922927816386319e-16f,-0.10149716944039533f,-1.1323536443944384f,-0.29793073170731693f,0f,0f,0f,1f],start_interpolation:0}