execute if entity @s[tag=aj.attack.bone.right_thumb_2] run data modify entity @s {} merge value {transformation:[-0.9130458772617961f,0.29532857428705694f,-0.2812974568402838f,-3.212295932457499f,0.4047918002641371f,0.7405627271195978f,-0.5363864704111234f,-5.518908211619823f,0.04990816019606419f,-0.6036123593919847f,-0.7957143301054f,1.0741034410933077f,0f,0f,0f,1f],start_interpolation:0}
execute if entity @s[tag=aj.attack.bone.right_thumb] run data modify entity @s {} merge value {transformation:[-0.9130458772617961f,0.29532857428705694f,-0.2812974568402838f,-3.262390159014574f,0.4047918002641371f,0.7405627271195978f,-0.5363864704111234f,-5.2469039869352105f,0.04990816019606419f,-0.6036123593919847f,-0.7957143301054f,0.9084560441623666f,0f,0f,0f,1f],start_interpolation:0}
execute if entity @s[tag=aj.attack.bone.right_fingers2] run data modify entity @s {} merge value {transformation:[-0.6776538405722327f,-0.6794534664956031f,-0.2812974568402838f,-3.5427671041064577f,-0.47607458974190503f,0.6968805775468088f,-0.5363864704111234f,-6.130781916287061f,0.5604803808874848f,-0.22956578034440275f,-0.7957143301054f,1.3911710335473735f,0f,0f,0f,1f],start_interpolation:0}
execute if entity @s[tag=aj.attack.bone.right_fingers] run data modify entity @s {} merge value {transformation:[-0.8828374484323003f,-0.3761246873321852f,-0.2812974568402838f,-3.6814537569618313f,-0.18035261400567815f,0.8244771003376721f,-0.5363864704111234f,-5.737584574874397f,0.433671505020637f,-0.42280933125706927f,-0.7957143301054f,1.1649359079770911f,0f,0f,0f,1f],start_interpolation:0}
execute if entity @s[tag=aj.attack.locator_origin.right_hand] at @s on origin run tp @s ^-3.51759 ^-5.84176 ^1.16943 ~-19.4693 ~-32.43799
execute if entity @s[tag=aj.attack.bone.right_hand] run data modify entity @s {} merge value {transformation:[-0.9130458772617961f,0.29532857428705694f,-0.2812974568402838f,-3.5385195724503378f,0.4047918002641371f,0.7405627271195978f,-0.5363864704111234f,-5.205825366755494f,0.04990816019606419f,-0.6036123593919847f,-0.7957143301054f,0.7191911803395309f,0f,0f,0f,1f],start_interpolation:0}
execute if entity @s[tag=aj.attack.bone.right_forearm] run data modify entity @s {} merge value {transformation:[-1.3705027280552502f,0.45654384112192414f,-0.4234452662908371f,-2.839376155652392f,0.619049961758468f,1.109430755136456f,-0.8074381985152512f,-3.6206601937737624f,0.06719611043295506f,-0.9092563008901036f,-1.1978119894422872f,-0.5896810843188708f,0f,0f,0f,1f],start_interpolation:0}
execute if entity @s[tag=aj.attack.bone.right_bicep] run data modify entity @s {} merge value {transformation:[-1.5175996557217348f,0.4351646987073629f,-0.020667075183625067f,-2.1073189026994275f,0.42952144502922224f,1.5070727999863267f,0.19273573058939156f,-1.448603370718139f,0.0728475892375608f,0.17963134076421006f,-1.5669492551457982f,-0.39231710950887644f,0f,0f,0f,1f],start_interpolation:0}
execute if entity @s[tag=aj.attack.bone.right_shoulder] run data modify entity @s {} merge value {transformation:[-0.999914327574007f,-1.4950561499827662e-17f,-0.013089595571344318f,-1.795433125f,-0.001597985670101033f,0.992520189874713f,0.1220701402180799f,-1.2082692587058943f,0.012991687881853863f,0.12208059915917654f,-0.9924351582621994f,-0.3668694418726294f,0f,0f,0f,1f],start_interpolation:0}
execute if entity @s[tag=aj.attack.bone.right_arm] run data modify entity @s {} merge value {transformation:[-1.4627187500000003f,-2.1868466628826048e-17f,1.7779151478779208e-16f,-1.4259925f,0f,1.4517778914833033f,0.1785695814013618f,-1.030255005353998f,-1.791313835240318e-16f,0.1785695814013618f,-1.4517778914833033f,-0.3531919249348766f,0f,0f,0f,1f],start_interpolation:0}
execute if entity @s[tag=aj.attack.bone.left_thumb_2] run data modify entity @s {} merge value {transformation:[-0.9130458772617961f,-0.2953285742870568f,0.28129745684028395f,3.2530489406803342f,-0.4047918002641371f,0.7405627271195978f,-0.5363864704111234f,-5.561712345268044f,-0.049908160196064415f,-0.6036123593919848f,-0.7957143301054f,0.9880495407559364f,0f,0f,0f,1f],start_interpolation:0}
execute if entity @s[tag=aj.attack.bone.left_thumb] run data modify entity @s {} merge value {transformation:[-0.9130458772617961f,-0.2953285742870568f,0.28129745684028395f,3.303143167237409f,-0.4047918002641371f,0.7405627271195978f,-0.5363864704111234f,-5.289708120583432f,-0.049908160196064415f,-0.6036123593919848f,-0.7957143301054f,0.8224021438249954f,0f,0f,0f,1f],start_interpolation:0}
execute if entity @s[tag=aj.attack.bone.left_fingers2] run data modify entity @s {} merge value {transformation:[-0.6776538405722327f,0.6794534664956031f,0.28129745684028395f,3.583520112329293f,0.47607458974190503f,0.6968805775468088f,-0.5363864704111234f,-6.173586049935283f,-0.560480380887485f,-0.22956578034440261f,-0.7957143301054f,1.3051171332100027f,0f,0f,0f,1f],start_interpolation:0}
execute if entity @s[tag=aj.attack.bone.left_fingers] run data modify entity @s {} merge value {transformation:[-0.8828374484323003f,0.3761246873321853f,0.28129745684028395f,3.7222067651846666f,0.18035261400567815f,0.8244771003376721f,-0.5363864704111234f,-5.780388708522619f,-0.4336715050206372f,-0.4228093312570692f,-0.7957143301054f,1.0788820076397203f,0f,0f,0f,1f],start_interpolation:0}
execute if entity @s[tag=aj.attack.bone.left_hand] run data modify entity @s {} merge value {transformation:[-0.9130458772617961f,-0.2953285742870568f,0.28129745684028395f,3.579272580673173f,-0.4047918002641371f,0.7405627271195978f,-0.5363864704111234f,-5.248629500403716f,-0.049908160196064415f,-0.6036123593919848f,-0.7957143301054f,0.6331372800021599f,0f,0f,0f,1f],start_interpolation:0}
execute if entity @s[tag=aj.attack.bone.left_forearm] run data modify entity @s {} merge value {transformation:[-1.3705027280552502f,-0.4565438411219239f,0.4234452662908374f,2.8801291638752273f,-0.619049961758468f,1.109430755136456f,-0.8074381985152512f,-3.6634643274219845f,-0.0671961104329554f,-0.9092563008901038f,-1.1978119894422872f,-0.675734984656242f,0f,0f,0f,1f],start_interpolation:0}
execute if entity @s[tag=aj.attack.bone.left_bicep] run data modify entity @s {} merge value {transformation:[-1.5175996557217348f,-0.4351646987073629f,0.02066707518362545f,2.0448242572260518f,-0.42952144502922224f,1.5070727999863267f,0.19273573058939156f,-1.4485034966137578f,-0.07284758923756117f,0.17963134076420995f,-1.5669492551457982f,-0.3931290900014918f,0f,0f,0f,1f],start_interpolation:0}
execute if entity @s[tag=aj.attack.bone.left_shoulder] run data modify entity @s {} merge value {transformation:[-0.999914327574007f,-1.4950561499827662e-17f,0.013089595571344561f,1.795433125f,0.001597985670101033f,0.992520189874713f,0.1220701402180799f,-1.2082692587058945f,-0.012991687881854109f,0.12208059915917654f,-0.9924351582621994f,-0.36686944187262893f,0f,0f,0f,1f],start_interpolation:0}
execute if entity @s[tag=aj.attack.bone.left_arm] run data modify entity @s {} merge value {transformation:[-1.4627187500000003f,-2.1868466628826048e-17f,1.7779151478779208e-16f,1.4259925f,0f,1.4517778914833033f,0.1785695814013618f,-1.092287517221168f,-1.791313835240318e-16f,0.1785695814013618f,-1.4517778914833033f,-0.3608219623823248f,0f,0f,0f,1f],start_interpolation:0}
execute if entity @s[tag=aj.attack.bone.chest] run data modify entity @s {} merge value {transformation:[-2.0654612500000002f,-3.087980544363592e-17f,2.5105406242518356e-16f,-2.5449469981526014e-18f,0f,2.050011992028862f,0.2521527469400618f,-0.26347573923904477f,-2.5294605085753915e-16f,0.2521527469400618f,-2.050011992028862f,0.020781069284013076f,0f,0f,0f,1f],start_interpolation:0}
execute if entity @s[tag=aj.attack.bone.weist] run data modify entity @s {} merge value {transformation:[-2.0892733333333333f,1.1266483197532344e-16f,2.2972177937310283e-16f,3.4925376108866333e-17f,0f,1.8758206817920404f,-0.9199781688382729f,-3.8803061373423917f,-2.5586219002105877e-16f,-0.9199781688382729f,-1.8758206817920404f,-0.2851873383671336f,0f,0f,0f,1f],start_interpolation:0}
execute if entity @s[tag=aj.attack.bone.right_foot] run data modify entity @s {} merge value {transformation:[-1.1328200000000002f,-8.834639566155216e-17f,1.0696283932182857e-16f,-0.8202675000000003f,0f,0.8734178654310797f,0.7214030667704545f,-8.375457830942748f,-1.387304387010105e-16f,0.7214030667704545f,-0.8734178654310797f,0.9597370369781353f,0f,0f,0f,1f],start_interpolation:0}
execute if entity @s[tag=aj.attack.bone.right_knee] run data modify entity @s {} merge value {transformation:[-3.1203466666666664f,-1.646972780789922e-16f,3.448186008364449e-16f,-0.8545118750000005f,0f,2.8156575518469573f,1.344855334563899f,-4.8350146524910596f,-3.821322557563446e-16f,1.344855334563899f,-2.8156575518469573f,2.77502088000385f,0f,0f,0f,1f],start_interpolation:0}
execute if entity @s[tag=aj.attack.bone.right_thigh] run data modify entity @s {} merge value {transformation:[-2.3827266666666667f,2.8789994306045847e-16f,-4.7547662824181815e-17f,-0.77532f,0f,-0.38825613113337126f,-2.3508814399458324f,-5.5541002384499505f,-2.9179985855763755e-16f,-2.3508814399458324f,0.38825613113337126f,-0.38718171927268f,0f,0f,0f,1f],start_interpolation:0}
execute if entity @s[tag=aj.attack.bone.right_leg] run data modify entity @s {} merge value {transformation:[-1.136893333333333f,2.373902722019208e-17f,1.3719056266620292e-16f,-0.748445f,0f,1.1202459579506543f,-0.19384386777248847f,-5.667605899390244f,-1.3922927816386314e-16f,-0.19384386777248847f,-1.1202459579506543f,-0.36500390243902453f,0f,0f,0f,1f],start_interpolation:0}
execute if entity @s[tag=aj.attack.bone.left_foot] run data modify entity @s {} merge value {transformation:[-1.1328200000000002f,-8.834639566155216e-17f,1.0696283932182857e-16f,0.8202674999999998f,0f,0.8734178654310797f,0.7214030667704545f,-8.375457830942748f,-1.387304387010105e-16f,0.7214030667704545f,-0.8734178654310797f,0.9597370369781357f,0f,0f,0f,1f],start_interpolation:0}
execute if entity @s[tag=aj.attack.bone.left_knee] run data modify entity @s {} merge value {transformation:[-3.1203466666666664f,-1.646972780789922e-16f,3.448186008364449e-16f,0.8545118749999996f,0f,2.8156575518469573f,1.344855334563899f,-4.8350146524910596f,-3.821322557563446e-16f,1.344855334563899f,-2.8156575518469573f,2.7750208800038503f,0f,0f,0f,1f],start_interpolation:0}
execute if entity @s[tag=aj.attack.bone.left_thigh] run data modify entity @s {} merge value {transformation:[-2.3827266666666667f,2.8789994306045847e-16f,-4.7547662824181815e-17f,0.77532f,0f,-0.38825613113337126f,-2.3508814399458324f,-5.5541002384499505f,-2.9179985855763755e-16f,-2.3508814399458324f,0.38825613113337126f,-0.3871817192726798f,0f,0f,0f,1f],start_interpolation:0}
execute if entity @s[tag=aj.attack.bone.left_leg] run data modify entity @s {} merge value {transformation:[-1.136893333333333f,2.373902722019208e-17f,1.3719056266620292e-16f,0.748445f,0f,1.1202459579506543f,-0.19384386777248847f,-5.667605899390244f,-1.3922927816386314e-16f,-0.19384386777248847f,-1.1202459579506543f,-0.3650039024390243f,0f,0f,0f,1f],start_interpolation:0}