execute if entity @s[tag=aj.attack.bone.right_thumb_2] run data modify entity @s {} merge value {transformation:[-0.889374922729521f,-0.4555633911485472f,-0.03839587823053475f,-0.8561073067063216f,0.32032636376590334f,-0.5610246030600367f,-0.763310169877123f,-2.2343142928327957f,0.3261951371439687f,-0.6911681354103095f,0.6448901775473584f,0.7470950936455156f,0f,0f,0f,1f],start_interpolation:0}
execute if entity @s[tag=aj.attack.bone.right_thumb] run data modify entity @s {} merge value {transformation:[-0.889374922729521f,-0.4555633911485472f,-0.03839587823053475f,-1.1179354879974535f,0.32032636376590334f,-0.5610246030600367f,-0.763310169877123f,-2.3478475099864324f,0.3261951371439687f,-0.6911681354103095f,0.6448901775473584f,0.5971250900609704f,0f,0f,0f,1f],start_interpolation:0}
execute if entity @s[tag=aj.attack.bone.right_fingers2] run data modify entity @s {} merge value {transformation:[0.9951573822208625f,-0.09048503271937158f,-0.03839587823053475f,-0.5451746905194181f,0.029229963833367206f,0.6453705863892911f,-0.763310169877123f,-2.135888338391321f,0.09384771614493251f,0.7584914403454509f,0.6448901775473584f,1.1439600510983041f,0f,0f,0f,1f],start_interpolation:0}
execute if entity @s[tag=aj.attack.bone.right_fingers] run data modify entity @s {} merge value {transformation:[0.31910143701076954f,-0.9469424636336505f,-0.03839587823053475f,-1.0073098375002612f,0.6022094833602264f,0.23388313900999072f,-0.763310169877123f,-2.059753202595829f,0.7317909613056661f,0.2204510101003522f,0.6448901775473584f,1.219159891779064f,0f,0f,0f,1f],start_interpolation:0}
execute if entity @s[tag=aj.attack.locator_origin.right_hand] at @s on origin run tp @s ^-0.82284 ^-2.1082 ^1.18242 ~-176.59271 ~-49.75689
execute if entity @s[tag=aj.attack.bone.right_hand] run data modify entity @s {} merge value {transformation:[-0.889374922729521f,-0.4555633911485472f,-0.03839587823053475f,-1.3852232145333252f,0.32032636376590334f,-0.5610246030600367f,-0.763310169877123f,-2.457621594849283f,0.3261951371439687f,-0.6911681354103095f,0.6448901775473584f,0.7710877763299905f,0f,0f,0f,1f],start_interpolation:0}
execute if entity @s[tag=aj.attack.bone.right_forearm] run data modify entity @s {} merge value {transformation:[-1.3656952960944575f,-0.6305169300743908f,-0.0577984353802057f,-2.255236768959143f,0.4472993521591967f,-0.8635173490837649f,-1.1490330619293216f,-3.711583066159185f,0.44812447802011107f,-1.0596235599203498f,0.970771993558884f,-0.773371284850909f,0f,0f,0f,1f],start_interpolation:0}
execute if entity @s[tag=aj.attack.bone.right_bicep] run data modify entity @s {} merge value {transformation:[-1.5727935302673615f,0.03494265269324963f,-0.13417779330549878f,-2.1062172726443404f,0.010360095478934711f,1.553277112979058f,0.28306719478165326f,-1.4413626483471778f,0.13826546067345086f,0.28109318626150653f,-1.5475055544541856f,-0.43192780928887214f,0f,0f,0f,1f],start_interpolation:0}
execute if entity @s[tag=aj.attack.bone.right_shoulder] run data modify entity @s {} merge value {transformation:[-0.9963824715083254f,-2.203542965675177e-17f,-0.08498217737244154f,-1.795433125f,-0.015291092851194567f,0.9836788794251924f,0.17928202545769606f,-1.1988939269274277f,0.08359517300883623f,0.1799329379874564f,-0.9801203930522132f,-0.4145226312642705f,0f,0f,0f,1f],start_interpolation:0}
execute if entity @s[tag=aj.attack.bone.right_arm] run data modify entity @s {} merge value {transformation:[-1.4627187500000003f,-3.2231636123236884e-17f,1.7620775861480395e-16f,-1.4259925f,0f,1.4388455409142185f,0.2631912821368398f,-1.0219846491011997f,-1.791313835240318e-16f,0.2631912821368398f,-1.4388455409142185f,-0.39045488760147407f,0f,0f,0f,1f],start_interpolation:0}
execute if entity @s[tag=aj.attack.bone.left_thumb_2] run data modify entity @s {} merge value {transformation:[-0.889374922729521f,0.45556339114854744f,0.038395878230534586f,0.8857550319751456f,-0.32032636376590334f,-0.5610246030600367f,-0.763310169877123f,-2.2961631744892266f,-0.3261951371439689f,-0.6911681354103094f,0.6448901775473584f,0.6560041264938739f,0f,0f,0f,1f],start_interpolation:0}
execute if entity @s[tag=aj.attack.bone.left_thumb] run data modify entity @s {} merge value {transformation:[-0.889374922729521f,0.45556339114854744f,0.038395878230534586f,1.1475832132662773f,-0.32032636376590334f,-0.5610246030600367f,-0.763310169877123f,-2.4096963916428633f,-0.3261951371439689f,-0.6911681354103094f,0.6448901775473584f,0.5060341229093286f,0f,0f,0f,1f],start_interpolation:0}
execute if entity @s[tag=aj.attack.bone.left_fingers2] run data modify entity @s {} merge value {transformation:[0.9951573822208626f,0.09048503271937136f,0.038395878230534586f,0.5748224157882422f,-0.029229963833367206f,0.6453705863892911f,-0.763310169877123f,-2.1977372200477525f,-0.09384771614493223f,0.7584914403454509f,0.6448901775473584f,1.052869083946662f,0f,0f,0f,1f],start_interpolation:0}
execute if entity @s[tag=aj.attack.bone.left_fingers] run data modify entity @s {} merge value {transformation:[0.31910143701076976f,0.9469424636336505f,0.038395878230534586f,1.0369575627690852f,-0.6022094833602264f,0.23388313900999072f,-0.763310169877123f,-2.12160208425226f,-0.731790961305666f,0.22045101010035245f,0.6448901775473584f,1.128068924627422f,0f,0f,0f,1f],start_interpolation:0}
execute if entity @s[tag=aj.attack.bone.left_hand] run data modify entity @s {} merge value {transformation:[-0.889374922729521f,0.45556339114854744f,0.038395878230534586f,1.4148709398021493f,-0.32032636376590334f,-0.5610246030600367f,-0.763310169877123f,-2.519470476505714f,-0.3261951371439689f,-0.6911681354103094f,0.6448901775473584f,0.6799968091783488f,0f,0f,0f,1f],start_interpolation:0}
execute if entity @s[tag=aj.attack.bone.left_forearm] run data modify entity @s {} merge value {transformation:[-1.3656952960944575f,0.6305169300743911f,0.05779843538020545f,2.284884494227967f,-0.4472993521591967f,-0.8635173490837649f,-1.1490330619293216f,-3.7734319478156158f,-0.4481244780201114f,-1.0596235599203498f,0.970771993558884f,-0.8644622520025504f,0f,0f,0f,1f],start_interpolation:0}
execute if entity @s[tag=aj.attack.bone.left_bicep] run data modify entity @s {} merge value {transformation:[-1.5727935302673615f,-0.0349426526932497f,0.1341777933054992f,2.04394336817507f,-0.010360095478934711f,1.553277112979058f,0.28306719478165326f,-1.4404069550439782f,-0.13826546067345125f,0.28109318626150653f,-1.5475055544541856f,-0.4371525076019239f,0f,0f,0f,1f],start_interpolation:0}
execute if entity @s[tag=aj.attack.bone.left_shoulder] run data modify entity @s {} merge value {transformation:[-0.9963824715083254f,-2.203542965675177e-17f,0.08498217737244179f,1.795433125f,0.015291092851194567f,0.9836788794251924f,0.17928202545769606f,-1.1988939269274277f,-0.08359517300883648f,0.1799329379874564f,-0.9801203930522132f,-0.41452263126427014f,0f,0f,0f,1f],start_interpolation:0}
execute if entity @s[tag=aj.attack.bone.left_arm] run data modify entity @s {} merge value {transformation:[-1.4627187500000003f,-3.2231636123236884e-17f,1.7620775861480395e-16f,1.4259925f,0f,1.4388455409142185f,0.2631912821368398f,-1.0834645790652742f,-1.791313835240318e-16f,0.2631912821368398f,-1.4388455409142185f,-0.40170069622568977f,0f,0f,0f,1f],start_interpolation:0}
execute if entity @s[tag=aj.attack.bone.chest] run data modify entity @s {} merge value {transformation:[-2.0654612500000002f,-4.551332608312159e-17f,2.488176878625718e-16f,-3.3963694392808956e-18f,0f,2.0317506078961576f,0.3716445110117442f,-0.2783955499742432f,-2.5294605085753915e-16f,0.3716445110117442f,-2.0317506078961576f,0.027733461122387115f,0f,0f,0f,1f],start_interpolation:0}
execute if entity @s[tag=aj.attack.bone.weist] run data modify entity @s {} merge value {transformation:[-2.0892733333333333f,1.0370041680817793e-16f,2.3390528817489905e-16f,5.992096459383123e-17f,0f,1.9099816235812075f,-0.8467781639602389f,-3.871133178399382f,-2.5586219002105877e-16f,-0.8467781639602389f,-1.9099816235812075f,-0.4892918075281015f,0f,0f,0f,1f],start_interpolation:0}
execute if entity @s[tag=aj.attack.bone.right_foot] run data modify entity @s {} merge value {transformation:[-1.1328200000000002f,-9.440575926079592e-17f,1.0165474529291528e-16f,-0.8202675000000001f,0f,0.8300739883833549f,0.7708815254040992f,-8.027647261089855f,-1.387304387010105e-16f,0.7708815254040992f,-0.8300739883833549f,0.9641016134013614f,0f,0f,0f,1f],start_interpolation:0}
execute if entity @s[tag=aj.attack.bone.right_knee] run data modify entity @s {} merge value {transformation:[-3.1203466666666664f,-1.4408158462491666e-16f,3.5392874687061713e-16f,-0.8545118750000004f,0f,2.8900475395602725f,1.1765154224485939f,-4.3863401074287705f,-3.821322557563446e-16f,1.1765154224485939f,-2.8900475395602725f,2.567496618785846f,0f,0f,0f,1f],start_interpolation:0}
execute if entity @s[tag=aj.attack.bone.right_thigh] run data modify entity @s {} merge value {transformation:[-2.3827266666666667f,2.7845179534544405e-16f,-8.724537307591894e-17f,-0.77532f,0f,-0.7124125350808297f,-2.2737314590567093f,-5.5395281653873445f,-2.9179985855763755e-16f,-2.2737314590567093f,0.7124125350808297f,-0.4634713226128785f,0f,0f,0f,1f],start_interpolation:0}
execute if entity @s[tag=aj.attack.bone.right_leg] run data modify entity @s {} merge value {transformation:[-1.136893333333333f,3.488891678019495e-17f,1.34787074246513e-16f,-0.748445f,0f,1.1006199856183596f,-0.284889625355539f,-5.650837606707317f,-1.3922927816386314e-16f,-0.284889625355539f,-1.1006199856183596f,-0.4320770731707318f,0f,0f,0f,1f],start_interpolation:0}
execute if entity @s[tag=aj.attack.bone.left_foot] run data modify entity @s {} merge value {transformation:[-1.1328200000000002f,-9.440575926079592e-17f,1.0165474529291528e-16f,0.8202674999999999f,0f,0.8300739883833549f,0.7708815254040992f,-8.027647261089855f,-1.387304387010105e-16f,0.7708815254040992f,-0.8300739883833549f,0.9641016134013614f,0f,0f,0f,1f],start_interpolation:0}
execute if entity @s[tag=aj.attack.bone.left_knee] run data modify entity @s {} merge value {transformation:[-3.1203466666666664f,-1.4408158462491666e-16f,3.5392874687061713e-16f,0.8545118749999997f,0f,2.8900475395602725f,1.1765154224485939f,-4.3863401074287705f,-3.821322557563446e-16f,1.1765154224485939f,-2.8900475395602725f,2.567496618785846f,0f,0f,0f,1f],start_interpolation:0}
execute if entity @s[tag=aj.attack.bone.left_thigh] run data modify entity @s {} merge value {transformation:[-2.3827266666666667f,2.7845179534544405e-16f,-8.724537307591894e-17f,0.77532f,0f,-0.7124125350808297f,-2.2737314590567093f,-5.5395281653873445f,-2.9179985855763755e-16f,-2.2737314590567093f,0.7124125350808297f,-0.4634713226128782f,0f,0f,0f,1f],start_interpolation:0}
execute if entity @s[tag=aj.attack.bone.left_leg] run data modify entity @s {} merge value {transformation:[-1.136893333333333f,3.488891678019495e-17f,1.34787074246513e-16f,0.748445f,0f,1.1006199856183596f,-0.284889625355539f,-5.650837606707317f,-1.3922927816386314e-16f,-0.284889625355539f,-1.1006199856183596f,-0.4320770731707316f,0f,0f,0f,1f],start_interpolation:0}