execute if entity @s[tag=aj.attack.bone.right_thumb_2] run data modify entity @s {} merge value {transformation:[-0.9577124483830386f,0.2875908959688987f,0.008851145009079036f,-3.1208942267468607f,0.2836786993586767f,0.9489326051881758f,-0.13803371450827287f,-2.0811680184962724f,-0.04809637972171306f,-0.12968572537711281f,-0.9903879799811167f,0.16278287813461187f,0f,0f,0f,1f],start_interpolation:0}
execute if entity @s[tag=aj.attack.bone.right_thumb] run data modify entity @s {} merge value {transformation:[-0.9577124483830386f,0.2875908959688987f,0.008851145009079036f,-3.1797980194346027f,0.2836786993586767f,0.9489326051881758f,-0.13803371450827287f,-1.7673124133807108f,-0.04809637972171306f,-0.12968572537711281f,-0.9903879799811167f,0.11851333741902026f,0f,0f,0f,1f],start_interpolation:0}
execute if entity @s[tag=aj.attack.bone.right_fingers2] run data modify entity @s {} merge value {transformation:[-0.9185101637771564f,-0.3952982877145935f,0.008851145009079036f,-3.48827912996966f,-0.3926516297675945f,0.9092697021785673f,-0.13803371450827287f,-2.8094626545169836f,0.046516413005660714f,-0.13026078623288717f,-0.9903879799811167f,0.09049927349358317f,0f,0f,0f,1f],start_interpolation:0}
execute if entity @s[tag=aj.attack.bone.right_fingers] run data modify entity @s {} merge value {transformation:[-0.9731987578047537f,-0.22979520238532525f,0.008851145009079036f,-3.5513310445638817f,-0.2287933424369455f,0.9636390922516476f,-0.13803371450827287f,-2.3450874740679657f,0.023190176019490152f,-0.13635932254564848f,-0.9903879799811167f,0.01701038409552255f,0f,0f,0f,1f],start_interpolation:0}
execute if entity @s[tag=aj.attack.locator_origin.right_hand] at @s on origin run tp @s ^-3.37686 ^-2.43014 ^0.02416 ~0.51204 ~-7.93408
execute if entity @s[tag=aj.attack.bone.right_hand] run data modify entity @s {} merge value {transformation:[-0.9577124483830386f,0.2875908959688987f,0.008851145009079036f,-3.4081572838312044f,0.2836786993586767f,0.9489326051881758f,-0.13803371450827287f,-1.6623305364845096f,-0.04809637972171306f,-0.12968572537711281f,-0.9903879799811167f,-0.10640208349675151f,0f,0f,0f,1f],start_interpolation:0}
execute if entity @s[tag=aj.attack.bone.right_forearm] run data modify entity @s {} merge value {transformation:[-1.441672481830733f,0.4329189637697824f,0.013323886740562774f,-2.742626520501255f,0.4270298201066807f,1.428455927790746f,-0.20778617643264302f,0.3862416587081787f,-0.0724008832061699f,-0.19521970491049148f,-1.4908599125816582f,-0.38047782525984564f,0f,0f,0f,1f],start_interpolation:0}
execute if entity @s[tag=aj.attack.bone.right_bicep] run data modify entity @s {} merge value {transformation:[-1.5355741892227208f,0.36730922590839926f,1.9308498973741492e-16f,-2.107345625f,0.3667893419542882f,1.5334007606099498f,0.08397525846349875f,2.5966151121600975f,0.019535763772316382f,0.08167127994493333f,-1.5766585914554971f,-0.3225245438817485f,0f,0f,0f,1f],start_interpolation:0}
execute if entity @s[tag=aj.attack.bone.right_shoulder] run data modify entity @s {} merge value {transformation:[-1f,-6.513424897917662e-18f,1.2229134524862242e-16f,-1.795433125f,0f,0.9985846150397519f,0.05318615050847773f,2.8379162191152245f,-1.2246467991473532e-16f,0.05318615050847773f,-0.9985846150397519f,-0.30967247626615957f,0f,0f,0f,1f],start_interpolation:0}
execute if entity @s[tag=aj.attack.bone.right_arm] run data modify entity @s {} merge value {transformation:[-1.4627187500000005f,-9.527308724901004e-18f,1.7887784365788348e-16f,-1.4259925f,0f,1.4606484398801776f,0.07779637958907243f,3.0164501144505316f,-1.7913138352403182e-16f,0.07779637958907243f,-1.4606484398801776f,-0.3083319232393986f,0f,0f,0f,1f],start_interpolation:0}
execute if entity @s[tag=aj.attack.bone.left_thumb_2] run data modify entity @s {} merge value {transformation:[-0.9577124483830386f,-0.2875908959688987f,-0.008851145009078796f,3.1581377806723476f,-0.2836786993586767f,0.9489326051881758f,-0.13803371450827287f,-2.13427380204116f,0.04809637972171282f,-0.12968572537711287f,-0.9903879799811167f,0.07912873311940655f,0f,0f,0f,1f],start_interpolation:0}
execute if entity @s[tag=aj.attack.bone.left_thumb] run data modify entity @s {} merge value {transformation:[-0.9577124483830386f,-0.2875908959688987f,-0.008851145009078796f,3.2170415733600897f,-0.2836786993586767f,0.9489326051881758f,-0.13803371450827287f,-1.8204181969255988f,0.04809637972171282f,-0.12968572537711287f,-0.9903879799811167f,0.034859192403814965f,0f,0f,0f,1f],start_interpolation:0}
execute if entity @s[tag=aj.attack.bone.left_fingers2] run data modify entity @s {} merge value {transformation:[-0.9185101637771564f,0.3952982877145935f,-0.008851145009078796f,3.525522683895147f,0.3926516297675945f,0.9092697021785673f,-0.13803371450827287f,-2.8625684380618717f,-0.04651641300566093f,-0.1302607862328871f,-0.9903879799811167f,0.006845128478377913f,0f,0f,0f,1f],start_interpolation:0}
execute if entity @s[tag=aj.attack.bone.left_fingers] run data modify entity @s {} merge value {transformation:[-0.9731987578047537f,0.22979520238532525f,-0.008851145009078796f,3.5885745984893687f,0.2287933424369455f,0.9636390922516476f,-0.13803371450827287f,-2.3981932576128537f,-0.02319017601949038f,-0.13635932254564842f,-0.9903879799811167f,-0.06664376091968266f,0f,0f,0f,1f],start_interpolation:0}
execute if entity @s[tag=aj.attack.bone.left_hand] run data modify entity @s {} merge value {transformation:[-0.9577124483830386f,-0.2875908959688987f,-0.008851145009078796f,3.4454008377566914f,-0.2836786993586767f,0.9489326051881758f,-0.13803371450827287f,-1.7154363200293976f,0.04809637972171282f,-0.12968572537711287f,-0.9903879799811167f,-0.19005622851195675f,0f,0f,0f,1f],start_interpolation:0}
execute if entity @s[tag=aj.attack.bone.left_forearm] run data modify entity @s {} merge value {transformation:[-1.441672481830733f,-0.4329189637697824f,-0.013323886740562414f,2.7798700744267415f,-0.4270298201066807f,1.428455927790746f,-0.20778617643264302f,0.33313587516329024f,0.07240088320616955f,-0.19521970491049156f,-1.4908599125816582f,-0.46413197027505093f,0f,0f,0f,1f],start_interpolation:0}
execute if entity @s[tag=aj.attack.bone.left_bicep] run data modify entity @s {} merge value {transformation:[-1.5355741892227213f,-0.3673092259083994f,1.9308498973741496e-16f,2.044845625f,-0.3667893419542883f,1.5334007606099502f,0.08397525846349876f,2.596615112160098f,-0.019535763772316764f,0.08167127994493326f,-1.5766585914554976f,-0.32252454388174795f,0f,0f,0f,1f],start_interpolation:0}
execute if entity @s[tag=aj.attack.bone.left_shoulder] run data modify entity @s {} merge value {transformation:[-1f,-6.513424897917662e-18f,1.2229134524862242e-16f,1.795433125f,0f,0.9985846150397519f,0.05318615050847773f,2.837916219115225f,-1.2246467991473532e-16f,0.05318615050847773f,-0.9985846150397519f,-0.3096724762661591f,0f,0f,0f,1f],start_interpolation:0}
execute if entity @s[tag=aj.attack.bone.left_arm] run data modify entity @s {} merge value {transformation:[-1.4627187500000005f,-9.527308724901004e-18f,1.7887784365788348e-16f,1.4259925f,0f,1.4606484398801776f,0.07779637958907243f,2.9540385760105474f,-1.7913138352403182e-16f,0.07779637958907243f,-1.4606484398801776f,-0.3116560576461781f,0f,0f,0f,1f],start_interpolation:0}
execute if entity @s[tag=aj.attack.bone.chest] run data modify entity @s {} merge value {transformation:[-2.0654612500000002f,-1.3453226731434139e-17f,2.5258803482140124e-16f,-1.4386279765676052e-18f,0f,2.0625378272107753f,0.10985393291192855f,3.8072443615824128f,-2.5294605085753915e-16f,0.10985393291192855f,-2.0625378272107753f,0.011747288912764345f,0f,0f,0f,1f],start_interpolation:0}
execute if entity @s[tag=aj.attack.bone.weist] run data modify entity @s {} merge value {transformation:[-2.0892733333333333f,7.131703039649284e-17f,2.4572208174642775e-16f,5.326714560715157e-18f,0f,2.006473065683175f,-0.5823477466821171f,0.17791563819342593f,-2.5586219002105877e-16f,-0.5823477466821171f,-2.006473065683175f,-0.04349592522859508f,0f,0f,0f,1f],start_interpolation:0}
execute if entity @s[tag=aj.attack.bone.right_foot] run data modify entity @s {} merge value {transformation:[-1.1328200000000002f,-5.002117168105424e-17f,1.2939867466797844e-16f,-0.8202675000000003f,0f,1.056620363994507f,0.4084538637252872f,-7.105952829888538f,-1.387304387010105e-16f,0.4084538637252872f,-1.056620363994507f,1.2709632356516942f,0f,0f,0f,1f],start_interpolation:0}
execute if entity @s[tag=aj.attack.bone.right_knee] run data modify entity @s {} merge value {transformation:[-3.1203466666666664f,-9.914313983630709e-17f,3.690470142310202e-16f,-0.8545118750000004f,0f,3.0134975609944448f,0.8095651734470246f,-3.294115011306638f,-3.821322557563446e-16f,0.8095651734470246f,-3.0134975609944448f,2.4110885688603236f,0f,0f,0f,1f],start_interpolation:0}
execute if entity @s[tag=aj.attack.bone.right_thigh] run data modify entity @s {} merge value {transformation:[-2.3827266666666667f,2.3360740749690627e-16f,1.748563313604391e-16f,-0.77532f,0f,1.4278102999344864f,-1.9075492432557113f,-1.5098047287134981f,-2.9179985855763755e-16f,-1.9075492432557113f,-1.4278102999344864f,-0.29683428348194285f,0f,0f,0f,1f],start_interpolation:0}
execute if entity @s[tag=aj.attack.bone.right_leg] run data modify entity @s {} merge value {transformation:[-1.136893333333333f,1.0362400225986082e-17f,1.388431221184069e-16f,-0.748445f,0f,1.1337401299303187f,-0.08461541918209224f,-1.624922972560976f,-1.3922927816386314e-16f,-0.08461541918209224f,-1.1337401299303187f,-0.28573560975609763f,0f,0f,0f,1f],start_interpolation:0}
execute if entity @s[tag=aj.attack.bone.left_foot] run data modify entity @s {} merge value {transformation:[-1.1328200000000002f,-5.002117168105424e-17f,1.2939867466797844e-16f,0.8202674999999998f,0f,1.056620363994507f,0.4084538637252872f,-7.105952829888538f,-1.387304387010105e-16f,0.4084538637252872f,-1.056620363994507f,1.2709632356516942f,0f,0f,0f,1f],start_interpolation:0}
execute if entity @s[tag=aj.attack.bone.left_knee] run data modify entity @s {} merge value {transformation:[-3.1203466666666664f,-9.914313983630709e-17f,3.690470142310202e-16f,0.8545118749999997f,0f,3.0134975609944448f,0.8095651734470246f,-3.294115011306638f,-3.821322557563446e-16f,0.8095651734470246f,-3.0134975609944448f,2.4110885688603236f,0f,0f,0f,1f],start_interpolation:0}
execute if entity @s[tag=aj.attack.bone.left_thigh] run data modify entity @s {} merge value {transformation:[-2.3827266666666667f,2.3360740749690627e-16f,1.748563313604391e-16f,0.77532f,0f,1.4278102999344864f,-1.9075492432557113f,-1.5098047287134981f,-2.9179985855763755e-16f,-1.9075492432557113f,-1.4278102999344864f,-0.29683428348194263f,0f,0f,0f,1f],start_interpolation:0}
execute if entity @s[tag=aj.attack.bone.left_leg] run data modify entity @s {} merge value {transformation:[-1.136893333333333f,1.0362400225986082e-17f,1.388431221184069e-16f,0.748445f,0f,1.1337401299303187f,-0.08461541918209224f,-1.624922972560976f,-1.3922927816386314e-16f,-0.08461541918209224f,-1.1337401299303187f,-0.2857356097560974f,0f,0f,0f,1f],start_interpolation:0}