execute if entity @s[tag=aj.attack.bone.right_thumb_2] run data modify entity @s {} merge value {transformation:[-0.9617122934047156f,0.2736986945483388f,0.014088623665121829f,-3.0624767728773667f,0.26947018159611086f,0.9537219617880256f,-0.13341754320087995f,-6.159801024582926f,-0.04995283720472063f,-0.1245128274746613f,-0.990959772064166f,0.16772004664935716f,0f,0f,0f,1f],start_interpolation:0}
execute if entity @s[tag=aj.attack.bone.right_thumb] run data modify entity @s {} merge value {transformation:[-0.9617122934047156f,0.2736986945483388f,0.014088623665121829f,-3.1259527520219126f,0.26947018159611086f,0.9537219617880256f,-0.13341754320087995f,-5.846669491941303f,-0.04995283720472063f,-0.1245128274746613f,-0.990959772064166f,0.12465923815979615f,0f,0f,0f,1f],start_interpolation:0}
execute if entity @s[tag=aj.attack.bone.right_fingers2] run data modify entity @s {} merge value {transformation:[-0.9126444878849436f,-0.4085113822361034f,0.014088623665121829f,-3.41863360565364f,-0.40661452492531924f,0.903805503018209f,-0.13341754320087995f,-6.893200359859928f,0.04176920938904681f,-0.12749142440787953f,-0.990959772064166f,0.09099072399829891f,0f,0f,0f,1f],start_interpolation:0}
execute if entity @s[tag=aj.attack.bone.right_fingers] run data modify entity @s {} merge value {transformation:[-0.9697166244944468f,-0.24382612424085892f,0.014088623665121829f,-3.4884277869115206f,-0.24349295806937482f,0.9606825378536172f,-0.13341754320087995f,-6.429498339164373f,0.01899598772693413f,-0.13280769029244602f,-0.990959772064166f,0.019368958581522225f,0f,0f,0f,1f],start_interpolation:0}
execute if entity @s[tag=aj.attack.locator_origin.right_hand] at @s on origin run tp @s ^-3.31273 ^-6.51196 ^0.02671 ~0.81453 ~-7.66712
execute if entity @s[tag=aj.attack.bone.right_hand] run data modify entity @s {} merge value {transformation:[-0.9617122934047156f,0.2736986945483388f,0.014088623665121829f,-3.3551458033802293f,0.26947018159611086f,0.9537219617880256f,-0.13341754320087995f,-5.744117576279132f,-0.04995283720472063f,-0.1245128274746613f,-0.990959772064166f,-0.10052900416472632f,0f,0f,0f,1f],start_interpolation:0}
execute if entity @s[tag=aj.attack.bone.right_forearm] run data modify entity @s {} merge value {transformation:[-1.4476935652040097f,0.4120066277822055f,0.021208016121298127f,-2.7196298610380367f,0.405641323903589f,1.4356654859700675f,-0.20083731912529468f,-3.684561329729659f,-0.07519546280201779f,-0.18743279082174238f,-1.4917206478815412f,-0.363291829553113f,0f,0f,0f,1f],start_interpolation:0}
execute if entity @s[tag=aj.attack.bone.right_bicep] run data modify entity @s {} merge value {transformation:[-1.5393071810244667f,0.35133681915073167f,1.9313697841894885e-16f,-2.107345625f,0.3509340068435021f,1.537542344994408f,0.07558451054486193f,-1.4674377726610197f,0.016819135879073376f,0.07368944905878731f,-1.577083111256391f,-0.31679075723269084f,0f,0f,0f,1f],start_interpolation:0}
execute if entity @s[tag=aj.attack.bone.right_shoulder] run data modify entity @s {} merge value {transformation:[-1f,-5.862608128724203e-18f,1.2232427254043899e-16f,-1.795433125f,0f,0.9988534867817064f,0.047871828292091884f,-1.2260716946979417f,-1.2246467991473532e-16f,0.047871828292091884f,-0.9988534867817064f,-0.3052228590447263f,0f,0f,0f,1f],start_interpolation:0}
execute if entity @s[tag=aj.attack.bone.right_arm] run data modify entity @s {} merge value {transformation:[-1.4627187500000003f,-8.575346833787307e-18f,1.7892600702501027e-16f,-1.4259925f,0f,1.4610417236184794f,0.07002302083962329f,-1.0475331936773076f,-1.791313835240318e-16f,0.07002302083962329f,-1.4610417236184794f,-0.30483232182425346f,0f,0f,0f,1f],start_interpolation:0}
execute if entity @s[tag=aj.attack.bone.left_thumb_2] run data modify entity @s {} merge value {transformation:[-0.9617122934047156f,-0.2736986945483388f,-0.01408862366512159f,3.0991178045200587f,-0.26947018159611086f,0.9537219617880256f,-0.13341754320087995f,-6.214383105768656f,0.04995283720472039f,-0.12451282747466139f,-0.990959772064166f,0.08430021068641012f,0f,0f,0f,1f],start_interpolation:0}
execute if entity @s[tag=aj.attack.bone.left_thumb] run data modify entity @s {} merge value {transformation:[-0.9617122934047156f,-0.2736986945483388f,-0.01408862366512159f,3.162593783664604f,-0.26947018159611086f,0.9537219617880256f,-0.13341754320087995f,-5.901251573127033f,0.04995283720472039f,-0.12451282747466139f,-0.990959772064166f,0.04123940219684913f,0f,0f,0f,1f],start_interpolation:0}
execute if entity @s[tag=aj.attack.bone.left_fingers2] run data modify entity @s {} merge value {transformation:[-0.9126444878849436f,0.4085113822361034f,-0.01408862366512159f,3.4552746372963323f,0.40661452492531924f,0.903805503018209f,-0.13341754320087995f,-6.947782441045658f,-0.041769209389047046f,-0.12749142440787944f,-0.990959772064166f,0.007570888035351983f,0f,0f,0f,1f],start_interpolation:0}
execute if entity @s[tag=aj.attack.bone.left_fingers] run data modify entity @s {} merge value {transformation:[-0.9697166244944468f,0.24382612424085892f,-0.01408862366512159f,3.525068818554213f,0.24349295806937482f,0.9606825378536172f,-0.13341754320087995f,-6.484080420350103f,-0.018995987726934373f,-0.132807690292446f,-0.990959772064166f,-0.06405087738142468f,0f,0f,0f,1f],start_interpolation:0}
execute if entity @s[tag=aj.attack.bone.left_hand] run data modify entity @s {} merge value {transformation:[-0.9617122934047156f,-0.2736986945483388f,-0.01408862366512159f,3.391786835022921f,-0.26947018159611086f,0.9537219617880256f,-0.13341754320087995f,-5.798699657464862f,0.04995283720472039f,-0.12451282747466139f,-0.990959772064166f,-0.18394884012767326f,0f,0f,0f,1f],start_interpolation:0}
execute if entity @s[tag=aj.attack.bone.left_forearm] run data modify entity @s {} merge value {transformation:[-1.4476935652040097f,-0.4120066277822055f,-0.021208016121297767f,2.7562708926807282f,-0.405641323903589f,1.4356654859700675f,-0.20083731912529468f,-3.73914341091539f,0.07519546280201743f,-0.18743279082174252f,-1.4917206478815412f,-0.44671166551606006f,0f,0f,0f,1f],start_interpolation:0}
execute if entity @s[tag=aj.attack.bone.left_bicep] run data modify entity @s {} merge value {transformation:[-1.5393071810244667f,-0.35133681915073167f,1.9313697841894885e-16f,2.044845625f,-0.3509340068435021f,1.537542344994408f,0.07558451054486193f,-1.4674377726610197f,-0.016819135879073754f,0.07368944905878723f,-1.577083111256391f,-0.31679075723269035f,0f,0f,0f,1f],start_interpolation:0}
execute if entity @s[tag=aj.attack.bone.left_shoulder] run data modify entity @s {} merge value {transformation:[-1f,-5.862608128724203e-18f,1.2232427254043899e-16f,1.795433125f,0f,0.9988534867817064f,0.047871828292091884f,-1.2260716946979417f,-1.2246467991473532e-16f,0.047871828292091884f,-0.9988534867817064f,-0.30522285904472585f,0f,0f,0f,1f],start_interpolation:0}
execute if entity @s[tag=aj.attack.bone.left_arm] run data modify entity @s {} merge value {transformation:[-1.4627187500000003f,-8.575346833787307e-18f,1.7892600702501027e-16f,1.4259925f,0f,1.4610417236184794f,0.07002302083962329f,-1.1099615366011641f,-1.791313835240318e-16f,0.07002302083962329f,-1.4610417236184794f,-0.30782431109250885f,0f,0f,0f,1f],start_interpolation:0}
execute if entity @s[tag=aj.attack.bone.chest] run data modify entity @s {} merge value {transformation:[-2.0654612500000002f,-1.2108989913814855e-17f,2.526560448667158e-16f,-1.3513319950068472e-18f,0f,2.063093171375002f,0.09887740630396948f,-0.25504696823693607f,-2.5294605085753915e-16f,0.09887740630396948f,-2.063093171375002f,0.011034463128043917f,0f,0f,0f,1f],start_interpolation:0}
execute if entity @s[tag=aj.attack.bone.weist] run data modify entity @s {} merge value {transformation:[-2.0892733333333333f,6.542840942114617e-17f,2.4735517686717467e-16f,3.0488739931449497e-18f,0f,2.019808299334902f,-0.5342635073778004f,-3.8846182653549555f,-2.5586219002105877e-16f,-0.5342635073778004f,-2.019808299334902f,-0.024895945469891365f,0f,0f,0f,1f],start_interpolation:0}
execute if entity @s[tag=aj.attack.bone.right_foot] run data modify entity @s {} merge value {transformation:[-1.1328200000000002f,-4.521506862727468e-17f,1.3115537423684042e-16f,-0.8202675000000003f,0f,1.0709649045598775f,0.36920905406158877f,-11.441825210372498f,-1.387304387010105e-16f,0.36920905406158877f,-1.0709649045598775f,1.201292023313387f,0f,0f,0f,1f],start_interpolation:0}
execute if entity @s[tag=aj.attack.bone.right_knee] run data modify entity @s {} merge value {transformation:[-3.1203466666666664f,-8.942447925881726e-17f,3.7152163247746656e-16f,-0.8545118750000004f,0f,3.0337043524396945f,0.7302062874052996f,-7.6013809852956715f,-3.821322557563446e-16f,0.7302062874052996f,-3.0337043524396945f,2.2409946176495543f,0f,0f,0f,1f],start_interpolation:0}
execute if entity @s[tag=aj.attack.bone.right_thigh] run data modify entity @s {} merge value {transformation:[-2.3827266666666667f,2.1639390123654476e-16f,1.9575708661983555e-16f,-0.77532f,0f,1.5984779183363662f,-1.7669902978328662f,-5.573749633604712f,-2.9179985855763755e-16f,-1.7669902978328662f,-1.5984779183363662f,-0.28987884035757683f,0f,0f,0f,1f],start_interpolation:0}
execute if entity @s[tag=aj.attack.bone.right_leg] run data modify entity @s {} merge value {transformation:[-1.136893333333333f,9.327799856487448e-18f,1.3891646427932034e-16f,-0.748445f,0f,1.1343390141225975f,-0.07616726604749896f,-5.688947362804878f,-1.3922927816386314e-16f,-0.07616726604749896f,-1.1343390141225975f,-0.27963804878048787f,0f,0f,0f,1f],start_interpolation:0}
execute if entity @s[tag=aj.attack.bone.left_foot] run data modify entity @s {} merge value {transformation:[-1.1328200000000002f,-4.521506862727468e-17f,1.3115537423684042e-16f,0.8202674999999998f,0f,1.0709649045598775f,0.36920905406158877f,-11.441825210372498f,-1.387304387010105e-16f,0.36920905406158877f,-1.0709649045598775f,1.201292023313387f,0f,0f,0f,1f],start_interpolation:0}
execute if entity @s[tag=aj.attack.bone.left_knee] run data modify entity @s {} merge value {transformation:[-3.1203466666666664f,-8.942447925881726e-17f,3.7152163247746656e-16f,0.8545118749999997f,0f,3.0337043524396945f,0.7302062874052996f,-7.6013809852956715f,-3.821322557563446e-16f,0.7302062874052996f,-3.0337043524396945f,2.2409946176495543f,0f,0f,0f,1f],start_interpolation:0}
execute if entity @s[tag=aj.attack.bone.left_thigh] run data modify entity @s {} merge value {transformation:[-2.3827266666666667f,2.1639390123654476e-16f,1.9575708661983555e-16f,0.77532f,0f,1.5984779183363662f,-1.7669902978328662f,-5.573749633604712f,-2.9179985855763755e-16f,-1.7669902978328662f,-1.5984779183363662f,-0.2898788403575766f,0f,0f,0f,1f],start_interpolation:0}
execute if entity @s[tag=aj.attack.bone.left_leg] run data modify entity @s {} merge value {transformation:[-1.136893333333333f,9.327799856487448e-18f,1.3891646427932034e-16f,0.748445f,0f,1.1343390141225975f,-0.07616726604749896f,-5.688947362804878f,-1.3922927816386314e-16f,-0.07616726604749896f,-1.1343390141225975f,-0.27963804878048765f,0f,0f,0f,1f],start_interpolation:0}