execute if entity @s[tag=aj.attack.bone.right_thumb_2] run data modify entity @s {} merge value {transformation:[-0.9067436013153666f,0.41760541088348413f,-0.058495831257241615f,-3.6794241254336795f,0.4211231107982315f,0.8896436396960741f,-0.17660554889340846f,-1.869697365659718f,-0.02171098858319529f,-0.18476989784366432f,-0.9825419674627554f,0.06218347333095019f,0f,0f,0f,1f],start_interpolation:0}
execute if entity @s[tag=aj.attack.bone.right_thumb] run data modify entity @s {} merge value {transformation:[-0.9067436013153666f,0.41760541088348413f,-0.058495831257241615f,-3.693540228912527f,0.4211231107982315f,0.8896436396960741f,-0.17660554889340846f,-1.5525521517882444f,-0.02171098858319529f,-0.18476989784366432f,-0.9825419674627554f,0.006019082195492215f,0f,0f,0f,1f],start_interpolation:0}
execute if entity @s[tag=aj.attack.bone.right_fingers2] run data modify entity @s {} merge value {transformation:[-0.9630374809752866f,-0.26293924766435817f,-0.058495831257241615f,-4.152972838664303f,-0.24925288973710924f,0.9521992843190746f,-0.17660554889340846f,-2.537380962263768f,0.1021362188181787f,-0.15549750795412415f,-0.9825419674627554f,0.038521383483092836f,0f,0f,0f,1f],start_interpolation:0}
execute if entity @s[tag=aj.attack.bone.right_fingers] run data modify entity @s {} merge value {transformation:[-0.9940656988998385f,-0.09171490607474747f,-0.058495831257241615f,-4.15042589592199f,-0.08011850777603963f,0.981015547691166f,-0.17660554889340846f,-2.072043972783213f,0.07358268126751111f,-0.17087091967886653f,-0.9825419674627554f,-0.05354092324369303f,0f,0f,0f,1f],start_interpolation:0}
execute if entity @s[tag=aj.attack.locator_origin.consume] at @s on origin run tp @s ^-3.99023 ^-2.1818 ^-0.04966 ~-3.40709 ~-10.1721
execute if entity @s[tag=aj.attack.bone.right_hand] run data modify entity @s {} merge value {transformation:[-0.9067436013153666f,0.41760541088348413f,-0.058495831257241615f,-3.9143670660134746f,0.4211231107982315f,0.8896436396960741f,-0.17660554889340846f,-1.4236278935956697f,-0.02171098858319529f,-0.18476989784366432f,-0.9825419674627554f,-0.21391303993224686f,0f,0f,0f,1f],start_interpolation:0}
execute if entity @s[tag=aj.attack.bone.right_forearm] run data modify entity @s {} merge value {transformation:[-1.3649475897483927f,0.628633605160726f,-0.08805548091993745f,-2.968416426718565f,0.633928901441976f,1.3392065187739912f,-0.26584948374442374f,0.49052408408287596f,-0.03268218435145088f,-0.2781395163460883f,-1.4790490810957364f,-0.6087501486808902f,0f,0f,0f,1f],start_interpolation:0}
execute if entity @s[tag=aj.attack.bone.right_bicep] run data modify entity @s {} merge value {transformation:[-1.4892043740683396f,0.5245707676759814f,1.9226473360760568e-16f,-2.107345625f,0.5216029911359041f,1.480779150862859f,0.16771280229127325f,2.6173298757776404f,0.0557208214067805f,0.15818588468679934f,-1.5699606918620772f,-0.4415813669730557f,0f,0f,0f,1f],start_interpolation:0}
execute if entity @s[tag=aj.attack.bone.right_shoulder] run data modify entity @s {} merge value {transformation:[-1f,-1.3008411788554897e-17f,1.2177183192084267e-16f,-1.795433125f,0f,0.9943424667881791f,0.10622174326190914f,2.8509670378186756f,-1.2246467991473532e-16f,0.10622174326190914f,-0.9943424667881791f,-0.35376720881403906f,0f,0f,0f,1f],start_interpolation:0}
execute if entity @s[tag=aj.attack.bone.right_arm] run data modify entity @s {} merge value {transformation:[-1.46271875f,-1.9027647830840282e-17f,1.7811794177246512e-16f,-1.4259925f,0f,1.4544433700923218f,0.15537253552688066f,3.0291769401085835f,-1.7913138352403177e-16f,0.15537253552688066f,-1.4544433700923218f,-0.3429330225577022f,0f,0f,0f,1f],start_interpolation:0}
execute if entity @s[tag=aj.attack.bone.left_thumb_2] run data modify entity @s {} merge value {transformation:[-0.9067436013153666f,-0.417605410883484f,0.05849583125724185f,3.7220906737158534f,-0.4211231107982315f,0.8896436396960741f,-0.17660554889340846f,-1.9143243735569384f,0.02171098858319507f,-0.18476989784366443f,-0.9825419674627554f,0.03910127646014688f,0f,0f,0f,1f],start_interpolation:0}
execute if entity @s[tag=aj.attack.bone.left_thumb] run data modify entity @s {} merge value {transformation:[-0.9067436013153666f,-0.417605410883484f,0.05849583125724185f,3.7362067771947007f,-0.4211231107982315f,0.8896436396960741f,-0.17660554889340846f,-1.597179159685465f,0.02171098858319507f,-0.18476989784366443f,-0.9825419674627554f,-0.017063114675311047f,0f,0f,0f,1f],start_interpolation:0}
execute if entity @s[tag=aj.attack.bone.left_fingers2] run data modify entity @s {} merge value {transformation:[-0.9630374809752864f,0.2629392476643582f,0.05849583125724185f,4.1956393869464765f,0.24925288973710924f,0.9521992843190746f,-0.17660554889340846f,-2.582007970160988f,-0.10213621881817894f,-0.15549750795412412f,-0.9825419674627554f,0.015439186612289671f,0f,0f,0f,1f],start_interpolation:0}
execute if entity @s[tag=aj.attack.bone.left_fingers] run data modify entity @s {} merge value {transformation:[-0.9940656988998384f,0.09171490607474753f,0.05849583125724185f,4.193092444204164f,0.08011850777603963f,0.981015547691166f,-0.17660554889340846f,-2.116670980680433f,-0.07358268126751136f,-0.17087091967886653f,-0.9825419674627554f,-0.07662312011449618f,0f,0f,0f,1f],start_interpolation:0}
execute if entity @s[tag=aj.attack.bone.left_hand] run data modify entity @s {} merge value {transformation:[-0.9067436013153666f,-0.417605410883484f,0.05849583125724185f,3.9570336142956486f,-0.4211231107982315f,0.8896436396960741f,-0.17660554889340846f,-1.4682549014928898f,0.02171098858319507f,-0.18476989784366443f,-0.9825419674627554f,-0.23699523680305012f,0f,0f,0f,1f],start_interpolation:0}
execute if entity @s[tag=aj.attack.bone.left_forearm] run data modify entity @s {} merge value {transformation:[-1.3649475897483934f,-0.6286336051607261f,0.08805548091993785f,3.011082975000739f,-0.6339289014419763f,1.3392065187739919f,-0.26584948374442385f,0.44589707618565555f,0.03268218435145056f,-0.2781395163460886f,-1.479049081095737f,-0.6318323455516937f,0f,0f,0f,1f],start_interpolation:0}
execute if entity @s[tag=aj.attack.bone.left_bicep] run data modify entity @s {} merge value {transformation:[-1.4892043740683396f,-0.5245707676759814f,1.9226473360760568e-16f,2.044845625f,-0.5216029911359041f,1.480779150862859f,0.16771280229127325f,2.6106910168237714f,-0.05572082140678088f,0.15818588468679923f,-1.5699606918620772f,-0.37943496279879396f,0f,0f,0f,1f],start_interpolation:0}
execute if entity @s[tag=aj.attack.bone.left_shoulder] run data modify entity @s {} merge value {transformation:[-1f,-1.3008411788554897e-17f,1.2177183192084267e-16f,1.795433125f,0f,0.9943424667881791f,0.10622174326190914f,2.8509670378186756f,-1.2246467991473532e-16f,0.10622174326190914f,-0.9943424667881791f,-0.35376720881403856f,0f,0f,0f,1f],start_interpolation:0}
execute if entity @s[tag=aj.attack.bone.left_arm] run data modify entity @s {} merge value {transformation:[-1.46271875f,-1.9027647830840282e-17f,1.7811794177246512e-16f,1.4259925f,0f,1.4544433700923218f,0.15537253552688066f,2.9670305359343225f,-1.7913138352403177e-16f,0.15537253552688066f,-1.4544433700923218f,-0.34957188151157115f,0f,0f,0f,1f],start_interpolation:0}
execute if entity @s[tag=aj.attack.bone.chest] run data modify entity @s {} merge value {transformation:[-2.06546125f,-2.686837047330333e-17f,2.515150001740136e-16f,-2.2965135388843642e-18f,0f,2.053775834380396f,0.2193968946149219f,3.8018281278042636f,-2.529460508575391e-16f,0.2193968946149219f,-2.053775834380396f,0.0187524561406871f,0f,0f,0f,1f],start_interpolation:0}
execute if entity @s[tag=aj.attack.bone.weist] run data modify entity @s {} merge value {transformation:[-2.0892733333333333f,1.1508100060324872e-16f,2.285209477980682e-16f,2.8098613503969783e-17f,0f,1.8660151478546585f,-0.939707682928438f,0.18057447560805295f,-2.5586219002105877e-16f,-0.939707682928438f,-1.8660151478546585f,-0.22944259131312908f,0f,0f,0f,1f],start_interpolation:0}
execute if entity @s[tag=aj.attack.bone.right_foot] run data modify entity @s {} merge value {transformation:[-1.1328200000000002f,-8.664126038293571e-17f,1.0834863460806123e-16f,-0.8202675000000003f,0f,0.8847337426880777f,0.7074795805881232f,-4.408599359745956f,-1.387304387010105e-16f,0.7074795805881232f,-0.8847337426880777f,0.9489872315008725f,0f,0f,0f,1f],start_interpolation:0}
execute if entity @s[tag=aj.attack.bone.right_knee] run data modify entity @s {} merge value {transformation:[-3.1203466666666664f,-1.7022327251034654e-16f,3.421243902227678e-16f,-0.8545118750000005f,0f,2.7936576526470174f,1.3899785034253354f,-0.8978179502151638f,-3.821322557563446e-16f,1.3899785034253354f,-2.7936576526470174f,2.8209934347727255f,0f,0f,0f,1f],start_interpolation:0}
execute if entity @s[tag=aj.attack.bone.right_thigh] run data modify entity @s {} merge value {transformation:[-2.3827266666666667f,2.89504713286541e-16f,-3.6526407421685376e-17f,-0.77532f,0f,-0.2982607511579378f,-2.3639853832803506f,-1.4957061493489867f,-2.9179985855763755e-16f,-2.3639853832803506f,0.2982607511579378f,-0.366347002040009f,0f,0f,0f,1f],start_interpolation:0}
execute if entity @s[tag=aj.attack.bone.right_leg] run data modify entity @s {} merge value {transformation:[-1.1368933333333335f,2.0667319675723497e-17f,1.3768679600982746e-16f,-0.748445f,0f,1.1242980107055387f,-0.16876147220662227f,-1.6096790701219512f,-1.3922927816386319e-16f,-0.16876147220662227f,-1.1242980107055387f,-0.34671121951219525f,0f,0f,0f,1f],start_interpolation:0}
execute if entity @s[tag=aj.attack.bone.left_foot] run data modify entity @s {} merge value {transformation:[-1.1328200000000002f,-8.664126038293571e-17f,1.0834863460806123e-16f,0.8202674999999998f,0f,0.8847337426880777f,0.7074795805881232f,-4.408599359745956f,-1.387304387010105e-16f,0.7074795805881232f,-0.8847337426880777f,0.9489872315008725f,0f,0f,0f,1f],start_interpolation:0}
execute if entity @s[tag=aj.attack.bone.left_knee] run data modify entity @s {} merge value {transformation:[-3.1203466666666664f,-1.7022327251034654e-16f,3.421243902227678e-16f,0.8545118749999996f,0f,2.7936576526470174f,1.3899785034253354f,-0.8978179502151638f,-3.821322557563446e-16f,1.3899785034253354f,-2.7936576526470174f,2.8209934347727255f,0f,0f,0f,1f],start_interpolation:0}
execute if entity @s[tag=aj.attack.bone.left_thigh] run data modify entity @s {} merge value {transformation:[-2.3827266666666667f,2.89504713286541e-16f,-3.6526407421685376e-17f,0.77532f,0f,-0.2982607511579378f,-2.3639853832803506f,-1.4957061493489867f,-2.9179985855763755e-16f,-2.3639853832803506f,0.2982607511579378f,-0.36634700204000875f,0f,0f,0f,1f],start_interpolation:0}
execute if entity @s[tag=aj.attack.bone.left_leg] run data modify entity @s {} merge value {transformation:[-1.1368933333333335f,2.0667319675723497e-17f,1.3768679600982746e-16f,0.748445f,0f,1.1242980107055387f,-0.16876147220662227f,-1.6096790701219512f,-1.3922927816386319e-16f,-0.16876147220662227f,-1.1242980107055387f,-0.346711219512195f,0f,0f,0f,1f],start_interpolation:0}