execute if entity @s[tag=aj.attack.bone.neck] run data modify entity @s {} merge value {transformation:[-1.0489695833333332f,0f,1.2846172426320994e-16f,-3.0248775938939622e-18f,0f,1.0489695833333332f,0f,4.5573875f,-1.2846172426320994e-16f,0f,-1.0489695833333332f,0.0247f,0f,0f,0f,1f],start_interpolation:0}
execute if entity @s[tag=aj.attack.bone.right_thumb_2] run data modify entity @s {} merge value {transformation:[-0.8777364436289741f,-0.4771538311483818f,0.043622894745562954f,-0.7930176297123359f,0.30331641717652924f,-0.623811874482574f,-0.7203179133727902f,2.0052196508862963f,0.3709149317522208f,-0.6190177434249833f,0.6922710067078403f,0.4061752359712534f,0f,0f,0f,1f],start_interpolation:0}
execute if entity @s[tag=aj.attack.bone.right_thumb] run data modify entity @s {} merge value {transformation:[-0.8777364436289741f,-0.4771538311483818f,0.043622894745562954f,-1.0593166887312082f,0.30331641717652924f,-0.623811874482574f,-0.7203179133727902f,1.8711795324785472f,0.3709149317522208f,-0.6190177434249833f,0.6922710067078403f,0.2834851886425285f,0f,0f,0f,1f],start_interpolation:0}
execute if entity @s[tag=aj.attack.bone.right_fingers2] run data modify entity @s {} merge value {transformation:[0.9987332523900354f,0.025078549089604385f,0.043622894745562954f,-0.46498114501319415f,0.014048128887865302f,0.6935018051519541f,-0.7203179133727902f,2.1284710483488243f,-0.04831708440264254f,0.720018272425458f,0.6922710067078403f,0.7576799733326564f,0f,0f,0f,1f],start_interpolation:0}
execute if entity @s[tag=aj.attack.bone.right_fingers] run data modify entity @s {} merge value {transformation:[0.3827914909293698f,-0.9228042682639086f,0.043622894745562954f,-0.9180238614423051f,0.6520997667349581f,0.23644872149893803f,-0.7203179133727902f,2.20384215640505f,0.6543978672766921f,0.3041780474909883f,0.6922710067078403f,0.8763895440374841f,0f,0f,0f,1f],start_interpolation:0}
execute if entity @s[tag=aj.attack.locator_origin.right_hand] at @s on origin run tp @s ^-0.7346 ^2.1609 ^0.82911 ~176.39432 ~-46.08073
execute if entity @s[tag=aj.attack.bone.right_hand] run data modify entity @s {} merge value {transformation:[-0.8777364436289741f,-0.4771538311483818f,0.043622894745562954f,-1.3080335694467422f,0.30331641717652924f,-0.623811874482574f,-0.7203179133727902f,1.761898705288579f,0.3709149317522208f,-0.6190177434249833f,0.6922710067078403f,0.4833694269754596f,0f,0f,0f,1f],start_interpolation:0}
execute if entity @s[tag=aj.attack.bone.right_forearm] run data modify entity @s {} merge value {transformation:[-1.3508313653694568f,-0.6610282835513207f,0.06566681579492598f,-2.2229203375063875f,0.415955962248455f,-0.9577349813824577f,-1.0843155642725342f,0.37272473507850856f,0.5179296861750752f,-0.9548828272614904f,1.0420957376350073f,-0.9122933654634198f,0f,0f,0f,1f],start_interpolation:0}
execute if entity @s[tag=aj.attack.bone.right_bicep] run data modify entity @s {} merge value {transformation:[-1.5679175878478593f,0.009951160632284897f,-0.18557901326352993f,-2.112529677421068f,-0.02842986066858261f,1.545228282304053f,0.3230564294894544f,2.6352913350023126f,0.18365821186148998f,0.3241522605415244f,-1.534307378345716f,-0.510674782960701f,0f,0f,0f,1f],start_interpolation:0}
execute if entity @s[tag=aj.attack.bone.right_shoulder] run data modify entity @s {} merge value {transformation:[-0.9930684569549263f,-2.52323245446505e-17f,-0.11753739745783752f,-1.795433125f,-0.02421711926128091f,0.978544082545143f,0.20460940753193443f,2.866515319299617f,0.11501552476012344f,0.20603756578809684f,-0.9717612621154792f,-0.43602692268079674f,0f,0f,0f,1f],start_interpolation:0}
execute if entity @s[tag=aj.attack.bone.right_arm] run data modify entity @s {} merge value {transformation:[-1.46271875f,-3.69077942175455e-17f,1.752879553455658e-16f,-1.4259925f,0f,1.4313347772403284f,0.3013750106826078f,3.0427217254511874f,-1.7913138352403177e-16f,0.3013750106826078f,-1.4313347772403284f,-0.4072614694918856f,0f,0f,0f,1f],start_interpolation:0}
execute if entity @s[tag=aj.attack.bone.left_thumb_2] run data modify entity @s {} merge value {transformation:[-0.877736443628974f,0.47715383114838195f,-0.043622894745563134f,0.8166435421209227f,-0.30331641717652924f,-0.623811874482574f,-0.7203179133727902f,1.9315333019706853f,-0.370914931752221f,-0.6190177434249832f,0.6922710067078404f,0.37477735757535957f,0f,0f,0f,1f],start_interpolation:0}
execute if entity @s[tag=aj.attack.bone.left_thumb] run data modify entity @s {} merge value {transformation:[-0.877736443628974f,0.47715383114838195f,-0.043622894745563134f,1.0829426011397947f,-0.30331641717652924f,-0.623811874482574f,-0.7203179133727902f,1.7974931835629362f,-0.370914931752221f,-0.6190177434249832f,0.6922710067078404f,0.2520873102466348f,0f,0f,0f,1f],start_interpolation:0}
execute if entity @s[tag=aj.attack.bone.left_fingers2] run data modify entity @s {} merge value {transformation:[0.9987332523900354f,-0.02507854908960455f,-0.043622894745563134f,0.4886070574217806f,-0.014048128887865302f,0.6935018051519541f,-0.7203179133727902f,2.0547846994332133f,0.04831708440264282f,0.720018272425458f,0.6922710067078404f,0.7262820949367624f,0f,0f,0f,1f],start_interpolation:0}
execute if entity @s[tag=aj.attack.bone.left_fingers] run data modify entity @s {} merge value {transformation:[0.38279149092937f,0.9228042682639086f,-0.043622894745563134f,0.9416497738508915f,-0.6520997667349581f,0.23644872149893803f,-0.7203179133727902f,2.130155807489439f,-0.654397867276692f,0.30417804749098853f,0.6922710067078404f,0.8449916656415903f,0f,0f,0f,1f],start_interpolation:0}
execute if entity @s[tag=aj.attack.bone.left_hand] run data modify entity @s {} merge value {transformation:[-0.877736443628974f,0.47715383114838195f,-0.043622894745563134f,1.331659481855329f,-0.30331641717652924f,-0.623811874482574f,-0.7203179133727902f,1.688212356372968f,-0.370914931752221f,-0.6190177434249832f,0.6922710067078404f,0.4519715485795659f,0f,0f,0f,1f],start_interpolation:0}
execute if entity @s[tag=aj.attack.bone.left_forearm] run data modify entity @s {} merge value {transformation:[-1.3508313653694572f,0.6610282835513211f,-0.06566681579492628f,2.246546249914974f,-0.4159559622484552f,-0.9577349813824582f,-1.0843155642725346f,0.2990383861628976f,-0.5179296861750757f,-0.9548828272614908f,1.042095737635008f,-0.9436912438593135f,0f,0f,0f,1f],start_interpolation:0}
execute if entity @s[tag=aj.attack.bone.left_bicep] run data modify entity @s {} merge value {transformation:[-1.5679175878478593f,-0.009951160632284975f,0.18557901326353032f,2.0431168115202705f,0.02842986066858261f,1.545228282304053f,0.3230564294894544f,2.624016816985397f,-0.1836582118614904f,0.3241522605415244f,-1.534307378345716f,-0.4571281743759908f,0f,0f,0f,1f],start_interpolation:0}
execute if entity @s[tag=aj.attack.bone.left_shoulder] run data modify entity @s {} merge value {transformation:[-0.9930684569549263f,-2.52323245446505e-17f,0.11753739745783777f,1.795433125f,0.02421711926128091f,0.978544082545143f,0.20460940753193443f,2.866515319299617f,-0.1150155247601237f,0.20603756578809684f,-0.9717612621154792f,-0.43602692268079635f,0f,0f,0f,1f],start_interpolation:0}
execute if entity @s[tag=aj.attack.bone.left_arm] run data modify entity @s {} merge value {transformation:[-1.46271875f,-3.69077942175455e-17f,1.752879553455658e-16f,1.4259925f,0f,1.4313347772403284f,0.3013750106826078f,2.981562720292116f,-1.7913138352403177e-16f,0.3013750106826078f,-1.4313347772403284f,-0.42013881735364134f,0f,0f,0f,1f],start_interpolation:0}
execute if entity @s[tag=aj.attack.bone.chest] run data modify entity @s {} merge value {transformation:[-2.06546125f,-5.21163885943995e-17f,2.475188612698077e-16f,-3.742545150834856e-18f,0f,2.021144883913794f,0.4255626081796397f,3.7749228103918417f,-2.529460508575391e-16f,0.4255626081796397f,-2.021144883913794f,0.03056020032421236f,0f,0f,0f,1f],start_interpolation:0}
execute if entity @s[tag=aj.attack.bone.weist] run data modify entity @s {} merge value {transformation:[-2.0892733333333333f,9.957362251336556e-17f,2.3569165021684193e-16f,7.125703605817705e-17f,0f,1.9245683766204236f,-0.8130803312652481f,0.1972108432625015f,-2.5586219002105877e-16f,-0.8130803312652481f,-1.9245683766204236f,-0.5818578557326811f,0f,0f,0f,1f],start_interpolation:0}
execute if entity @s[tag=aj.attack.bone.right_foot] run data modify entity @s {} merge value {transformation:[-1.1328200000000002f,-9.70559795490804e-17f,9.912755144733133e-17f,-0.8202675f,0f,0.809437884591278f,0.7925222163374335f,-3.8100908592035534f,-1.387304387010105e-16f,0.7925222163374335f,-0.809437884591278f,0.9482477445410464f,0f,0f,0f,1f],start_interpolation:0}
execute if entity @s[tag=aj.attack.bone.right_knee] run data modify entity @s {} merge value {transformation:[-3.1203466666666664f,-1.3454073764144893e-16f,3.576644388310462e-16f,-0.8545118750000003f,0f,2.92055177933806f,1.0986084945889822f,-0.12710460861844308f,-3.821322557563446e-16f,1.0986084945889822f,-2.92055177933806f,2.453440625402613f,0f,0f,0f,1f],start_interpolation:0}
execute if entity @s[tag=aj.attack.bone.right_thigh] run data modify entity @s {} merge value {transformation:[-2.3827266666666667f,2.723419197821649e-16f,-1.0477135192227943e-16f,-0.7753199999999999f,0f,-0.8555230128003056f,-2.223840538935634f,-1.4706525197243392f,-2.9179985855763755e-16f,-2.223840538935634f,0.8555230128003056f,-0.49808243386154605f,0f,0f,0f,1f],start_interpolation:0}
execute if entity @s[tag=aj.attack.bone.right_leg] run data modify entity @s {} merge value {transformation:[-1.1368933333333335f,3.988408903677697e-17f,1.3339434523148585e-16f,-0.7484449999999999f,0f,1.0892474901690854f,-0.32567830222188004f,-1.580715655487805f,-1.3922927816386319e-16f,-0.32567830222188004f,-1.0892474901690854f,-0.4625648780487806f,0f,0f,0f,1f],start_interpolation:0}
execute if entity @s[tag=aj.attack.bone.left_foot] run data modify entity @s {} merge value {transformation:[-1.1328200000000002f,-9.70559795490804e-17f,9.912755144733133e-17f,0.8202675f,0f,0.809437884591278f,0.7925222163374335f,-3.8100908592035534f,-1.387304387010105e-16f,0.7925222163374335f,-0.809437884591278f,0.9482477445410464f,0f,0f,0f,1f],start_interpolation:0}
execute if entity @s[tag=aj.attack.bone.left_knee] run data modify entity @s {} merge value {transformation:[-3.1203466666666664f,-1.3454073764144893e-16f,3.576644388310462e-16f,0.8545118749999998f,0f,2.92055177933806f,1.0986084945889822f,-0.12710460861844308f,-3.821322557563446e-16f,1.0986084945889822f,-2.92055177933806f,2.453440625402613f,0f,0f,0f,1f],start_interpolation:0}
execute if entity @s[tag=aj.attack.bone.left_thigh] run data modify entity @s {} merge value {transformation:[-2.3827266666666667f,2.723419197821649e-16f,-1.0477135192227943e-16f,0.7753200000000001f,0f,-0.8555230128003056f,-2.223840538935634f,-1.4706525197243392f,-2.9179985855763755e-16f,-2.223840538935634f,0.8555230128003056f,-0.4980824338615458f,0f,0f,0f,1f],start_interpolation:0}
execute if entity @s[tag=aj.attack.bone.left_leg] run data modify entity @s {} merge value {transformation:[-1.1368933333333335f,3.988408903677697e-17f,1.3339434523148585e-16f,0.7484450000000001f,0f,1.0892474901690854f,-0.32567830222188004f,-1.580715655487805f,-1.3922927816386319e-16f,-0.32567830222188004f,-1.0892474901690854f,-0.4625648780487804f,0f,0f,0f,1f],start_interpolation:0}