# This file was generated by Animated Java via MC-Build. It is not recommended to edit this file directly.
$data merge entity $(bone_right_thumb) { transformation: [-0.067535162421883f,-0.6941975316762011f,0.7848750147961909f,0.01109722782255243f,0.5610134269253697f,-0.6882319343112867f,-0.5604469104238141f,4.323870429988228f,0.8849875347405206f,0.3833100463186634f,0.4151752301680361f,3.2521652932469625f,0f,0f,0f,1f], start_interpolation: 0, interpolation_duration: 1 }
$data merge entity $(bone_right_fingers_2) { transformation: [0.6576393626053941f,-0.09356386954916836f,0.7475000140916099f,1.4144934271740137f,0.6784997291654121f,0.5047172353684075f,-0.533758962308394f,5.330115494635721f,-0.32733558663004125f,0.8581994608697081f,0.39540498111241507f,2.81098127789551f,0f,0f,0f,1f], start_interpolation: 0, interpolation_duration: 1 }
$data merge entity $(bone_right_fingers) { transformation: [0.07721890794564246f,-0.6597582657221699f,0.7475000140916099f,0.8856952486337987f,0.6610425451349599f,-0.5273747469086482f,-0.533758962308394f,5.175435781974521f,0.7463645180320249f,0.53534559597919f,0.39540498111241507f,3.602343875579288f,0f,0f,0f,1f], start_interpolation: 0, interpolation_duration: 1 }
$data merge entity $(bone_right_hand) { transformation: [-0.35458819774341754f,-0.6006150357506502f,0.7848750147961905f,-0.05323177533669021f,0.21759145370150385f,-0.8608444806540074f,-0.5604469104238138f,4.001471657627199f,0.9640649196486414f,-0.02661501376624198f,0.4151752301680358f,3.6340590573525287f,0f,0f,0f,1f], start_interpolation: 0, interpolation_duration: 1 }
$data merge entity $(bone_right_forearm) { transformation: [-1.7944152700597642f,-3.683750177460453f,1.2188861590142122f,-5.733979099851682f,2.7755286223038818f,-2.1570280761779013f,-2.432960284376252f,1.1900845126707829f,2.7114829347329943f,-0.22986845942917097f,3.297066239251406f,2.8411108599968826f,0f,0f,0f,1f], start_interpolation: 0, interpolation_duration: 1 }
$data merge entity $(bone_right_bicep) { transformation: [-1.7096054981387283f,-0.2470395889171173f,-3.158515550419452f,-4.800965504885905f,2.190743044081693f,2.50050098341504f,-1.3813543161506754f,4.370447872734928f,2.2886445673239675f,-2.5780741404094814f,-1.0371305467540761f,-0.21409213515275616f,0f,0f,0f,1f], start_interpolation: 0, interpolation_duration: 1 }
$data merge entity $(bone_right_arm) { transformation: [-0.9678901536736584f,-0.24521203019406249f,-0.6656273061328604f,-4.575f,0.29043537027041627f,0.8903254659557407f,-0.7503118420807309f,5.178546253072873f,0.6471753596340551f,-0.7662842977112344f,-0.6587658377327504f,-0.9051576375728458f,0f,0f,0f,1f], start_interpolation: 0, interpolation_duration: 1 }
$data merge entity $(bone_left_thumb) { transformation: [0.0006944206034075034f,0.6544413105467216f,-0.821100535153836f,0.06384601290238145f,-0.519998717730386f,-0.7131234058227939f,-0.568820131171932f,4.298908041210094f,-0.9121956212012756f,0.4070154531680444f,0.32363184259839334f,3.553828372643364f,0f,0f,0f,1f], start_interpolation: 0, interpolation_duration: 1 }
$data merge entity $(bone_left_fingers_2) { transformation: [0.6081281279142252f,0.13658470966729674f,-0.7820005096703194f,-1.341574815591465f,-0.771537326397438f,0.3335491180894589f,-0.5417334582589824f,5.363100386974125f,0.1868430732326783f,0.9327859362720067f,0.3082208024746601f,2.953508073123035f,0f,0f,0f,1f], start_interpolation: 0, interpolation_duration: 1 }
$data merge entity $(bone_left_fingers) { transformation: [0.10983850129757955f,0.6135231914997685f,-0.7820005096703194f,-0.8668722448502444f,-0.6065564403836076f,-0.5819056150544775f,-0.5417334582589824f,5.137458104830887f,-0.7874165278058802f,0.5338306366817172f,0.3082208024746601f,3.761933158081489f,0f,0f,0f,1f], start_interpolation: 0, interpolation_duration: 1 }
$data merge entity $(bone_left_hand) { transformation: [-0.21934045065944469f,0.6165903647273416f,-0.8211005351538354f,0.08376412954743095f,-0.2500172472596731f,-0.8464248545773224f,-0.5688201311719316f,3.987754533672419f,-0.9959322982900026f,0.0766895539116096f,0.3236318425983931f,3.949692995344602f,0f,0f,0f,1f], start_interpolation: 0, interpolation_duration: 1 }
$data merge entity $(bone_left_forearm) { transformation: [-1.9117201680142923f,3.6537684926400433f,-1.1273538935925556f,5.707961178933252f,-2.686847632668725f,-2.1803963640769464f,-2.510447468947017f,1.1518974003265314f,-2.7206250748733947f,-0.41409237823331607f,3.271444895494833f,2.886736478627643f,0f,0f,0f,1f], start_interpolation: 0, interpolation_duration: 1 }
$data merge entity $(bone_left_bicep) { transformation: [-1.7105911525228386f,0.2172743188450045f,3.1601692643402868f,4.73846685153163f,-2.191388415402387f,2.5122026671524287f,-1.3589166906004355f,4.339042025420018f,-2.2872898202350314f,-2.5693636623729748f,-1.0614497862482886f,-0.1499855534119311f,0f,0f,0f,1f], start_interpolation: 0, interpolation_duration: 1 }
$data merge entity $(bone_left_arm) { transformation: [-0.9678901536736582f,0.24521203019406268f,0.6656273061328606f,4.575f,-0.29043537027041627f,0.8903254659557407f,-0.7503118420807309f,5.178546253072873f,-0.6471753596340553f,-0.7662842977112344f,-0.6587658377327503f,-0.9051576375728447f,0f,0f,0f,1f], start_interpolation: 0, interpolation_duration: 1 }
$data merge entity $(bone_chest) { transformation: [-6.061547916666667f,-3.0539114555620467e-18f,7.423192435123798e-16f,-1.447364127657288e-17f,0f,6.061496621141797f,0.024937079472124528f,5.791906874999999f,-7.423255254024141e-16f,0.024937079472124528f,-6.061496621141797f,0.11818624999999994f,0f,0f,0f,1f], start_interpolation: 0, interpolation_duration: 1 }
$data merge entity $(bone_waist) { transformation: [-5.023832916666667f,0f,6.152420900846945e-16f,0.0000012500000002892837f,0f,5.023832916666667f,0f,0.8245225000000005f,-6.152420900846945e-16f,0f,-5.023832916666667f,-2.3621785714285717f,0f,0f,0f,1f], start_interpolation: 0, interpolation_duration: 1 }
$data merge entity $(bone_hip) { transformation: [-4.3939320833333335f,0f,5.381014861525028e-16f,1.7200390533280639e-16f,0f,4.3939320833333335f,0f,-2.3718449709302316f,-5.381014861525028e-16f,0f,-4.3939320833333335f,-1.4045184738372094f,0f,0f,0f,1f], start_interpolation: 0, interpolation_duration: 1 }
$data merge entity $(bone_right_foot) { transformation: [-2.038496349477667f,0.07830617111879871f,-0.0008813234013516696f,-1.9837499999999995f,0.07825712809520624f,2.0378140837842564f,0.052816492053349214f,-10.456100570000412f,0.002907760051111428f,0.05274375313953712f,-2.039315973907977f,-2.5459652626256317f,0f,0f,0f,1f], start_interpolation: 0, interpolation_duration: 1 }
$data merge entity $(bone_right_knee) { transformation: [-2.85f,-1.2959575723351738e-17f,3.4878365463963493e-16f,-1.978125f,0f,2.848034673201054f,0.10582296652695868f,-6.8301678088004065f,-3.4902433775699566e-16f,0.10582296652695868f,-2.848034673201054f,-1.0528472293441338f,0f,0f,0f,1f], start_interpolation: 0, interpolation_duration: 1 }
$data merge entity $(bone_right_thigh) { transformation: [-3.8250000000000006f,-4.554496385684035e-17f,4.662079857417187e-16f,-1.6874999999999996f,0f,3.806877101759551f,0.37190285303934595f,-3.0594962500000014f,-4.684274006738627e-16f,0.37190285303934595f,-3.806877101759551f,-2.5622187500000004f,0f,0f,0f,1f], start_interpolation: 0, interpolation_duration: 1 }
$data merge entity $(bone_right_leg) { transformation: [-1.7250000000000003f,0f,2.1125157285291847e-16f,-1.6701387499999996f,0f,1.7250000000000003f,0f,-3.0670943750000017f,-2.1125157285291847e-16f,0f,-1.7250000000000003f,-2.5151250000000003f,0f,0f,0f,1f], start_interpolation: 0, interpolation_duration: 1 }
$data merge entity $(bone_left_foot) { transformation: [-2.038496349477667f,-0.07825340868935508f,-0.0030061927285411076f,1.9837500000000003f,-0.07739640625369136f,2.001266030093149f,0.38800009419357107f,-10.036454943363658f,-0.01193438164455658f,0.3878281588844514f,-2.0027598182785322f,-2.408740311159491f,0f,0f,0f,1f], start_interpolation: 0, interpolation_duration: 1 }
$data merge entity $(bone_left_knee) { transformation: [-2.85f,-5.31902632663505e-17f,3.4494750939869927e-16f,1.9781250000000004f,0f,2.8167101701393835f,0.43433146033112263f,-6.59790058508856f,-3.4902433775699566e-16f,0.43433146033112263f,-2.8167101701393835f,-0.5682625937268031f,0f,0f,0f,1f], start_interpolation: 0, interpolation_duration: 1 }
$data merge entity $(bone_left_thigh) { transformation: [-3.8250000000000006f,1.6401412067069617e-17f,4.681401749308402e-16f,1.6875000000000004f,0f,3.822654623821151f,-0.13392769309885036f,-3.0594962500000014f,-4.684274006738627e-16f,-0.13392769309885036f,-3.822654623821151f,-2.5622187499999995f,0f,0f,0f,1f], start_interpolation: 0, interpolation_duration: 1 }
$data merge entity $(bone_left_leg) { transformation: [-1.7250000000000003f,0f,2.1125157285291847e-16f,1.6701387500000004f,0f,1.7250000000000003f,0f,-3.0670943750000017f,-2.1125157285291847e-16f,0f,-1.7250000000000003f,-2.5151249999999994f,0f,0f,0f,1f], start_interpolation: 0, interpolation_duration: 1 }
data modify entity @s data merge value {"locators":{"consume":{"posx":0.5919389834428653,"posy":5.739513259906111,"posz":2.4920451329765427,"rotx":117.87749120903175,"roty":-32.25978638101306}},"cameras":{}}