# This file was generated by Animated Java via MC-Build. It is not recommended to edit this file directly.
$data merge entity $(bone_right_thumb) { transformation: [0.04411766380363369f,-0.6245139561230627f,0.8429329453450211f,0.13611397776311845f,0.5002571133765606f,-0.7290532645699761f,-0.5663251344731335f,4.546135861626925f,0.9221152055229659f,0.4253982322805102f,0.26690802107834233f,2.9788920390709577f,0f,0f,0f,1f], start_interpolation: 0, interpolation_duration: 1 }
$data merge entity $(bone_right_fingers_2) { transformation: [0.5962027227108451f,-0.00807842573187334f,0.8027932812809719f,1.458160606289722f,0.7318930218371705f,0.4164448809680058f,-0.5393572709267934f,5.629890150551661f,-0.3299619948088414f,0.9091250739877533f,0.2541981153127068f,2.4308966492534383f,0f,0f,0f,1f], start_interpolation: 0, interpolation_duration: 1 }
$data merge entity $(bone_right_fingers) { transformation: [0.15545105932874947f,-0.5756369651817888f,0.8027932812809719f,1.036235345152187f,0.6009034279194383f,-0.5899227107113862f,-0.5393572709267934f,5.394870809440128f,0.7840599712191905f,0.5662448937546635f,0.2541981153127068f,3.265494199852972f,0f,0f,0f,1f], start_interpolation: 0, interpolation_duration: 1 }
$data merge entity $(bone_right_hand) { transformation: [-0.2239468203184379f,-0.5846467919361483f,0.8429329453450206f,0.12943961633920686f,0.14527569398470752f,-0.8721644425228818f,-0.5663251344731332f,4.198011589433243f,1.01550125278432f,-0.004160994775331712f,0.26690802107834216f,3.3431542799624334f,0f,0f,0f,1f], start_interpolation: 0, interpolation_duration: 1 }
$data merge entity $(bone_right_forearm) { transformation: [-1.7395205265063287f,-3.6061197696181866f,1.4985304618298603f,-5.476453756592181f,2.684132476480546f,-2.295646080781954f,-2.4085404128834673f,1.1757129196003597f,2.836393165018833f,-0.03916987310827984f,3.198275243701693f,2.8499758851088925f,0f,0f,0f,1f], start_interpolation: 0, interpolation_duration: 1 }
$data merge entity $(bone_right_bicep) { transformation: [-1.6773660707576956f,-0.4052782061158907f,-3.159460814809764f,-4.737620541386575f,2.0953616820702696f,2.5490315580634246f,-1.4394087457384734f,4.445096233169187f,2.399146199376467f,-2.5096190331690265f,-0.9517929514202214f,-0.16411585886099644f,0f,0f,0f,1f], start_interpolation: 0, interpolation_duration: 1 }
$data merge entity $(bone_right_arm) { transformation: [-0.9267650028739239f,-0.31408953167207204f,-0.6945893718896904f,-4.575f,0.3047814206581935f,0.8495400660939498f,-0.7908160100318284f,5.223571433224214f,0.6987237759441635f,-0.7871654477904286f,-0.57632945676516f,-0.9051866063316434f,0f,0f,0f,1f], start_interpolation: 0, interpolation_duration: 1 }
$data merge entity $(bone_left_thumb) { transformation: [0.13126322728503553f,0.578194538389798f,-0.866580083396178f,-0.045846467955711456f,-0.5341669380334679f,-0.7125173980878234f,-0.5563134365931749f,4.560508471625714f,-0.8943912161211488f,0.5104018350264501f,0.20507149808534125f,3.2236220883485784f,0f,0f,0f,1f], start_interpolation: 0, interpolation_duration: 1 }
$data merge entity $(bone_left_fingers_2) { transformation: [0.5645521997591008f,-0.011705231395067517f,-0.8253143651392165f,-1.3305611279580605f,-0.7670405076855161f,0.3618524121803528f,-0.5298223205649281f,5.637715722856171f,0.30484368669320633f,0.9321619061929358f,0.19530618865270583f,2.4450240343002405f,0f,0f,0f,1f], start_interpolation: 0, interpolation_duration: 1 }
$data merge entity $(bone_left_fingers) { transformation: [0.21548551908437044f,0.5219407914311652f,-0.8253143651392165f,-0.9813715696947456f,-0.6152102872861244f,-0.5837847300576802f,-0.5298223205649281f,5.414343917747258f,-0.7583418051790783f,0.6219109254480822f,0.19530618865270583f,3.315644374765287f,0f,0f,0f,1f], start_interpolation: 0, interpolation_duration: 1 }
$data merge entity $(bone_left_hand) { transformation: [-0.08904869249642645f,0.5861819593144699f,-0.8665800833961774f,-0.08419490217962178f,-0.2369301439127265f,-0.8584168376560344f,-0.5563134365931744f,4.245493681673426f,-1.0190360333521928f,0.14836186640394583f,0.20507149808534111f,3.615051668010065f,0f,0f,0f,1f], start_interpolation: 0, interpolation_duration: 1 }
$data merge entity $(bone_left_forearm) { transformation: [-1.8646255133157688f,3.5665828595651825f,-1.4416252637033455f,5.456156778276037f,-2.5842792455851447f,-2.3480530339255323f,-2.4665305047193247f,1.152523153434612f,-2.8496135660699284f,-0.2043493472681883f,3.180183779019898f,2.8791228291823927f,0f,0f,0f,1f], start_interpolation: 0, interpolation_duration: 1 }
$data merge entity $(bone_left_bicep) { transformation: [-1.678124408233644f,0.38548258778279626f,3.1615346977388628f,4.6927353947591195f,-2.0957442326336744f,2.5572407374944226f,-1.4242106311503484f,4.426847253789925f,-2.398281589362095f,-2.5043807587935305f,-0.9676375525534152f,-0.12345611049967087f,0f,0f,0f,1f], start_interpolation: 0, interpolation_duration: 1 }
$data merge entity $(bone_left_arm) { transformation: [-0.9267650028739236f,0.3140895316720722f,0.6945893718896906f,4.575f,-0.3047814206581935f,0.8495400660939498f,-0.7908160100318284f,5.223571433224214f,-0.6987237759441638f,-0.7871654477904285f,-0.5763294567651598f,-0.9051866063316423f,0f,0f,0f,1f], start_interpolation: 0, interpolation_duration: 1 }
$data merge entity $(bone_chest) { transformation: [-6.061547916666667f,-3.3315379833679262e-18f,7.42318049436113e-16f,-1.447364127657288e-17f,0f,6.061486870769137f,0.027204072110321706f,5.791906874999999f,-7.423255254024141e-16f,0.027204072110321706f,-6.061486870769137f,0.11818624999999994f,0f,0f,0f,1f], start_interpolation: 0, interpolation_duration: 1 }
$data merge entity $(bone_waist) { transformation: [-5.023832916666667f,0f,6.152420900846945e-16f,0.000001250000000288868f,0f,5.023832916666667f,0f,0.822022500000001f,-6.152420900846945e-16f,0f,-5.023832916666667f,-2.3587857142857143f,0f,0f,0f,1f], start_interpolation: 0, interpolation_duration: 1 }
$data merge entity $(bone_hip) { transformation: [-4.3939320833333335f,0f,5.381014861525028e-16f,1.7360591422703984e-16f,0f,4.3939320833333335f,0f,-2.386379854651162f,-5.381014861525028e-16f,0f,-4.3939320833333335f,-1.4175998691860465f,0f,0f,0f,1f], start_interpolation: 0, interpolation_duration: 1 }
$data merge entity $(bone_right_foot) { transformation: [-2.0382105734016713f,0.08541989524557983f,-0.001048794482030928f,-1.9799999999999993f,0.08535622855549926f,2.0373988854733343f,0.05762027176956342f,-10.48425326001323f,0.003460161905567815f,0.057525846088963724f,-2.0391858189756364f,-2.591639589232817f,0f,0f,0f,1f], start_interpolation: 0, interpolation_duration: 1 }
$data merge entity $(bone_right_knee) { transformation: [-2.85f,-1.41371011328982e-17f,3.4873791121452168e-16f,-1.9743749999999998f,0f,2.8476611497888746f,0.11543819118084493f,-6.86338238443275f,-3.4902433775699566e-16f,0.11543819118084493f,-2.8476611497888746f,-1.0862878189057081f,0f,0f,0f,1f], start_interpolation: 0, interpolation_duration: 1 }
$data merge entity $(bone_right_thigh) { transformation: [-3.8250000000000006f,-4.967047943052033e-17f,4.657865102975973e-16f,-1.6874999999999996f,0f,3.8034354935798307f,0.4055902441838974f,-3.079496250000001f,-4.684274006738627e-16f,0.4055902441838974f,-3.8034354935798307f,-2.5622187500000004f,0f,0f,0f,1f], start_interpolation: 0, interpolation_duration: 1 }
$data merge entity $(bone_right_leg) { transformation: [-1.7250000000000003f,0f,2.1125157285291847e-16f,-1.6701387499999996f,0f,1.7250000000000003f,0f,-3.0870943750000013f,-2.1125157285291847e-16f,0f,-1.7250000000000003f,-2.5151250000000003f,0f,0f,0f,1f], start_interpolation: 0, interpolation_duration: 1 }
$data merge entity $(bone_left_foot) { transformation: [-2.0382105734016713f,-0.08535140019896184f,-0.00357728356550533f,1.9800000000000004f,-0.08423926857464656f,1.9939333550612082f,0.42276887445075934f,-10.024158838301119f,-0.014191691359381397f,0.4225457538047566f,-1.9957088168963755f,-2.4451306127209658f,0f,0f,0f,1f], start_interpolation: 0, interpolation_duration: 1 }
$data merge entity $(bone_left_knee) { transformation: [-2.85f,-5.79826555721562e-17f,3.4417437440854033e-16f,1.9743750000000004f,0f,2.8103970438510752f,0.47346431324138505f,-6.611534462383621f,-3.4902433775699566e-16f,0.47346431324138505f,-2.8103970438510752f,-0.5570074249833059f,0f,0f,0f,1f], start_interpolation: 0, interpolation_duration: 1 }
$data merge entity $(bone_left_thigh) { transformation: [-3.8250000000000006f,1.789175426823132e-17f,4.680855849428358e-16f,1.6875000000000004f,0f,3.8222088627409567f,-0.1460972607015203f,-3.079496250000001f,-4.684274006738627e-16f,-0.1460972607015203f,-3.8222088627409567f,-2.5622187499999995f,0f,0f,0f,1f], start_interpolation: 0, interpolation_duration: 1 }
$data merge entity $(bone_left_leg) { transformation: [-1.7250000000000003f,0f,2.1125157285291847e-16f,1.6701387500000004f,0f,1.7250000000000003f,0f,-3.0870943750000013f,-2.1125157285291847e-16f,0f,-1.7250000000000003f,-2.5151249999999994f,0f,0f,0f,1f], start_interpolation: 0, interpolation_duration: 1 }
data modify entity @s data merge value {"locators":{"consume":{"posx":0.585414611559527,"posy":6.022518903577733,"posz":2.245661871299775,"rotx":107.56997720729593,"roty":-32.639896205958486}},"cameras":{}}