# This file was generated by Animated Java via MC-Build. It is not recommended to edit this file directly.
$data merge entity $(bone_right_thumb) { transformation: [-0.08513527062985114f,-0.4938068874201018f,0.922717044185949f,-0.1824770472054403f,0.6358340226073997f,-0.7597193719053266f,-0.34791029252764355f,5.1050244021582705f,0.8312442970569338f,0.5305480504989617f,0.3606267942375839f,2.697430457082839f,0f,0f,0f,1f], start_interpolation: 0, interpolation_duration: 1 }
$data merge entity $(bone_right_fingers_2) { transformation: [0.44769582189287405f,-0.1652798730279697f,0.8787781373199508f,0.9474765772736069f,0.8216274631148168f,0.46383190732536744f,-0.3313431357406127f,6.375199310615219f,-0.3528409881450487f,0.8703691890909109f,0.3434540897500797f,2.014326626695567f,0f,0f,0f,1f], start_interpolation: 0, interpolation_duration: 1 }
$data merge entity $(bone_right_fingers) { transformation: [-0.017846112652411733f,-0.47689674105793095f,0.8787781373199508f,0.532339411815791f,0.6963620779907174f,-0.6366251508808212f,-0.3313431357406127f,6.143055107803309f,0.7174687258686943f,0.6060345828699025f,0.3434540897500797f,2.8531223653028217f,0f,0f,0f,1f], start_interpolation: 0, interpolation_duration: 1 }
$data merge entity $(bone_right_hand) { transformation: [-0.2858505671203752f,-0.41156130727475665f,0.9227170441859484f,-0.13822835543359346f,0.2551900455865585f,-0.9572546521103255f,-0.34791029252764333f,4.822471792976479f,0.9775824742242928f,0.12954080966025167f,0.3606267942375837f,3.1123137086743196f,0f,0f,0f,1f], start_interpolation: 0, interpolation_duration: 1 }
$data merge entity $(bone_right_forearm) { transformation: [-1.8132060777266934f,-3.51133392598788f,1.6304731766887544f,-5.623642461098476f,2.960621240804538f,-2.4177546649299613f,-1.9143691516283914f,1.549285215853581f,2.4945201118034652f,0.3172088277711541f,3.45722041116734f,3.106279786629866f,0f,0f,0f,1f], start_interpolation: 0, interpolation_duration: 1 }
$data merge entity $(bone_right_bicep) { transformation: [-1.6900214126901356f,-0.22466288621228309f,-3.170702479295024f,-4.662221790178302f,2.2867481944309462f,2.40832948507705f,-1.3895077497356128f,4.609335456668966f,2.207851969656401f,-2.666360005488247f,-0.9878835969976775f,-0.06093565113465249f,0f,0f,0f,1f], start_interpolation: 0, interpolation_duration: 1 }
$data merge entity $(bone_right_arm) { transformation: [-0.8602738417744535f,-0.40339865310073103f,-0.732938226479653f,-4.535763888888889f,0.3220647220769867f,0.8105846821228133f,-0.8241521630750791f,5.334685239290088f,0.7721419765510072f,-0.7875417447884107f,-0.4728369362301659f,-0.9114758862137888f,0f,0f,0f,1f], start_interpolation: 0, interpolation_duration: 1 }
$data merge entity $(bone_left_thumb) { transformation: [0.1505652483619768f,0.5880591260410312f,-0.8567476701255488f,0.28138260611040355f,-0.7173876970280934f,-0.5674769663808251f,-0.5155819864773653f,4.938736976234503f,-0.7517878677781562f,0.6592847312861689f,0.32040387787056945f,3.0849293150486794f,0f,0f,0f,1f], start_interpolation: 0, interpolation_duration: 1 }
$data merge entity $(bone_left_fingers_2) { transformation: [0.5767969992640025f,-0.0391223047954595f,-0.8159501620243316f,-1.0192452991452923f,-0.6557233793721325f,0.5735119299932766f,-0.4910304633117762f,5.836887477030524f,0.48716739565043987f,0.8182624954272795f,0.3051465503529231f,2.158396496079621f,0f,0f,0f,1f], start_interpolation: 0, interpolation_duration: 1 }
$data merge entity $(bone_left_fingers) { transformation: [0.21657071961953403f,0.5360246789989653f,-0.8159501620243316f,-0.658510493360367f,-0.7490052332111596f,-0.4448373238860686f,-0.4910304633117762f,5.792080465898019f,-0.6261695329747161f,0.7174937621902624f,0.3051465503529231f,3.051520686658905f,0f,0f,0f,1f], start_interpolation: 0, interpolation_duration: 1 }
$data merge entity $(bone_left_hand) { transformation: [-0.1120660686006486f,0.5965941887102483f,-0.8567476701255482f,0.25519742632924913f,-0.41034792703110007f,-0.8174899351070528f,-0.515581986477365f,4.696214434448882f,-0.9599769658953666f,0.2797956039608687f,0.3204038778705693f,3.525859229225239f,0f,0f,0f,1f], start_interpolation: 0, interpolation_duration: 1 }
$data merge entity $(bone_left_forearm) { transformation: [-1.9187744392939634f,3.556016527809464f,-1.3959498934625296f,5.773806663135662f,-2.857747326676726f,-2.3727814813795094f,-2.1163206889539414f,1.5183626054451933f,-2.5351942465981105f,-0.016718120958271132f,3.442112089465922f,3.0260947528637816f,0f,0f,0f,1f], start_interpolation: 0, interpolation_duration: 1 }
$data merge entity $(bone_left_bicep) { transformation: [-1.6846438603902782f,0.10179433435870125f,3.179876251859781f,4.662221790178302f,-2.288773447671895f,2.4604904738819955f,-1.291318215300964f,4.609335456668966f,-2.2098622511101125f,-2.62595212093222f,-1.086685000214011f,-0.0609356511346516f,0f,0f,0f,1f], start_interpolation: 0, interpolation_duration: 1 }
$data merge entity $(bone_left_arm) { transformation: [-0.8602738417744533f,0.40339865310073114f,0.732938226479653f,4.535763888888889f,-0.3220647220769867f,0.8105846821228133f,-0.8241521630750791f,5.334685239290088f,-0.7721419765510074f,-0.7875417447884105f,-0.4728369362301657f,-0.9114758862137877f,0f,0f,0f,1f], start_interpolation: 0, interpolation_duration: 1 }
$data merge entity $(bone_chest) { transformation: [-6.061547916666667f,-2.072961232146809e-18f,7.423226310006318e-16f,-1.447364127657288e-17f,0f,6.061524282082521f,0.016927013026042166f,5.791906874999999f,-7.423255254024141e-16f,0.016927013026042166f,-6.061524282082521f,0.11818624999999994f,0f,0f,0f,1f], start_interpolation: 0, interpolation_duration: 1 }
$data merge entity $(bone_waist) { transformation: [-5.023832916666667f,0f,6.152420900846945e-16f,0.0000012500000002903588f,0f,5.023832916666667f,0f,0.7411891666666666f,-6.152420900846945e-16f,0f,-5.023832916666667f,-2.3709583333333333f,0f,0f,0f,1f], start_interpolation: 0, interpolation_duration: 1 }
$data merge entity $(bone_hip) { transformation: [-4.3939320833333335f,0f,5.381014861525028e-16f,1.8802399427514095e-16f,0f,4.3939320833333335f,0f,-2.5171938081395346f,-5.381014861525028e-16f,0f,-4.3939320833333335f,-1.5353324273255815f,0f,0f,0f,1f], start_interpolation: 0, interpolation_duration: 1 }
$data merge entity $(bone_right_foot) { transformation: [-2.0345215335378946f,0.14937143824797294f,-0.0032098296443722075f,-1.9462499999999994f,0.14903053540592373f,2.0320461967587375f,0.10088683638102797f,-10.722315146704496f,0.010584379397849054f,0.10038141099865347f,-2.0375012989538637f,-3.0068077110052345f,0f,0f,0f,1f], start_interpolation: 0, interpolation_duration: 1 }
$data merge entity $(bone_right_knee) { transformation: [-2.85f,-2.4725967732606952e-17f,3.481474039345912e-16f,-1.9406249999999998f,0f,2.8428392919247005f,0.20190284864029473f,-7.1488515801978f,-3.4902433775699566e-16f,0.20190284864029473f,-2.8428392919247005f,-1.392141185402143f,0f,0f,0f,1f], start_interpolation: 0, interpolation_duration: 1 }
$data merge entity $(bone_right_thigh) { transformation: [-3.8250000000000006f,-8.658624809886625e-17f,4.603553533328716e-16f,-1.6874999999999996f,0f,3.759086731401976f,0.707030371198871f,-3.2594962500000007f,-4.684274006738627e-16f,0.707030371198871f,-3.759086731401976f,-2.5622187500000004f,0f,0f,0f,1f], start_interpolation: 0, interpolation_duration: 1 }
$data merge entity $(bone_right_leg) { transformation: [-1.7250000000000003f,0f,2.1125157285291847e-16f,-1.6701387499999996f,0f,1.7250000000000003f,0f,-3.267094375000001f,-2.1125157285291847e-16f,0f,-1.7250000000000003f,-2.5151250000000003f,0f,0f,0f,1f], start_interpolation: 0, interpolation_duration: 1 }
$data merge entity $(bone_left_foot) { transformation: [-2.0345215335378946f,-0.14900468913365997f,-0.010942220377751676f,1.9462500000000003f,-0.14307822934830444f,1.9001020599789902f,0.7285195824067815f,-9.882827717367794f,-0.043020342364605973f,0.7273305742781468f,-1.9054499431533365f,-2.7560537628159922f,0f,0f,0f,1f], start_interpolation: 0, interpolation_duration: 1 }
$data merge entity $(bone_left_knee) { transformation: [-2.85f,-1.0049900491748132e-16f,3.3424233477718743e-16f,1.9406250000000003f,0f,2.7292957856085525f,0.8206366520326729f,-6.73263617595867f,-3.4902433775699566e-16f,0.8206366520326729f,-2.7292957856085525f,-0.45663915130868205f,0f,0f,0f,1f], start_interpolation: 0, interpolation_duration: 1 }
$data merge entity $(bone_left_thigh) { transformation: [-3.8250000000000006f,3.129486116450128e-17f,4.673808525889418e-16f,1.6875000000000004f,0f,3.816454286365264f,-0.25554193410124443f,-3.2594962500000007f,-4.684274006738627e-16f,-0.25554193410124443f,-3.816454286365264f,-2.5622187499999995f,0f,0f,0f,1f], start_interpolation: 0, interpolation_duration: 1 }
$data merge entity $(bone_left_leg) { transformation: [-1.7250000000000003f,0f,2.1125157285291847e-16f,1.6701387500000004f,0f,1.7250000000000003f,0f,-3.267094375000001f,-2.1125157285291847e-16f,0f,-1.7250000000000003f,-2.5151249999999994f,0f,0f,0f,1f], start_interpolation: 0, interpolation_duration: 1 }
data modify entity @s data merge value {"locators":{"consume":{"posx":0.012063522204766697,"posy":6.508561872600876,"posz":1.7427362856663284,"roty":111.3471188347622,"rotx":-19.350318646850322}},"cameras":{}}