# This file was generated by Animated Java via MC-Build. It is not recommended to edit this file directly.
$data merge entity $(bone_right_thumb) { transformation: [0.8884102679949327f,-0.5528953672189475f,-0.08679809115988191f,-7.268257091247111f,0.20836916192089716f,0.17562497324725762f,1.014020789299847f,4.8282754676948105f,-0.519431889742589f,-0.8751928825577404f,0.25831749890148353f,7.407323054892773f,0f,0f,0f,1f], start_interpolation: 0, interpolation_duration: 1 }
$data merge entity $(bone_right_fingers_2) { transformation: [0.7318502579942212f,-0.6764330880872704f,-0.082664848723697f,-5.621052005850405f,0.2263860785318318f,0.1269134367374089f,0.9657340850474726f,4.973995294051778f,-0.6427632093708944f,-0.7254869102307905f,0.24601666562046032f,8.760643388624715f,0f,0f,0f,1f], start_interpolation: 0, interpolation_duration: 1 }
$data merge entity $(bone_right_fingers) { transformation: [0.4512861053494035f,-0.8885422746859353f,-0.082664848723697f,-6.17799852155277f,0.25637533330029294f,0.0403653992013544f,0.9657340850474726f,5.123402544419632f,-0.8547587610511702f,-0.45701560218799925f,0.24601666562046032f,7.987794024043408f,0f,0f,0f,1f], start_interpolation: 0, interpolation_duration: 1 }
$data merge entity $(bone_right_hand) { transformation: [0.5715094649485669f,-0.8765517798996272f,-0.08679809115988185f,-7.367973900902786f,0.2630689149392224f,0.07110966784071697f,1.0140207892998463f,5.190142945985855f,-0.8406376612232549f,-0.5736727222854324f,0.25831749890148337f,7.071122932707411f,0f,0f,0f,1f], start_interpolation: 0, interpolation_duration: 1 }
$data merge entity $(bone_right_forearm) { transformation: [0.9054820785680749f,-1.823274054345334f,-3.7591752989376777f,-9.511897394132884f,4.177450022998625f,0.45780007341728457f,0.7841909194372997f,5.809991545414508f,0.06810661304768915f,-3.8394942135039423f,1.878635322176425f,1.0858965830642828f,0f,0f,0f,1f], start_interpolation: 0, interpolation_duration: 1 }
$data merge entity $(bone_right_bicep) { transformation: [0.5631028830026968f,2.901705792896482f,-2.054998451246389f,-5.428362856025761f,3.5098720426609304f,-0.12068714725055794f,0.7913487579036913f,4.971283955587531f,0.5689581595348154f,-2.127331216327051f,-2.8479375886313294f,-0.6289812746426893f,0f,0f,0f,1f], start_interpolation: 0, interpolation_duration: 1 }
$data merge entity $(bone_right_arm) { transformation: [-1.0306124966563677f,0.36827609737856476f,-0.4921489589904087f,-4.15390625f,0.4578113939886862f,1.1010149231111117f,-0.13481419295003372f,5.625448844018392f,0.41017875282596605f,-0.30354382745535596f,-1.0861006102308794f,-1.104873147416989f,0f,0f,0f,1f], start_interpolation: 0, interpolation_duration: 1 }
$data merge entity $(bone_left_thumb) { transformation: [0.8884102679949327f,0.5528953672189477f,0.08679809115988191f,7.26825709124711f,-0.20836916192089716f,0.17562497324725762f,1.014020789299847f,4.8282754676948105f,0.519431889742589f,-0.8751928825577404f,0.2583174989014834f,7.407323054892775f,0f,0f,0f,1f], start_interpolation: 0, interpolation_duration: 1 }
$data merge entity $(bone_left_fingers_2) { transformation: [0.7318502579942211f,0.6764330880872707f,0.082664848723697f,5.6210520058504025f,-0.2263860785318318f,0.1269134367374089f,0.9657340850474726f,4.973995294051778f,0.6427632093708944f,-0.7254869102307905f,0.24601666562046026f,8.760643388624716f,0f,0f,0f,1f], start_interpolation: 0, interpolation_duration: 1 }
$data merge entity $(bone_left_fingers) { transformation: [0.4512861053494034f,0.8885422746859354f,0.082664848723697f,6.177998521552768f,-0.25637533330029294f,0.0403653992013544f,0.9657340850474726f,5.123402544419632f,0.8547587610511702f,-0.45701560218799925f,0.24601666562046026f,7.98779402404341f,0f,0f,0f,1f], start_interpolation: 0, interpolation_duration: 1 }
$data merge entity $(bone_left_hand) { transformation: [0.5715094649485668f,0.8765517798996274f,0.08679809115988185f,7.3679739009027845f,-0.2630689149392224f,0.07110966784071697f,1.0140207892998463f,5.190142945985855f,0.8406376612232549f,-0.5736727222854324f,0.2583174989014833f,7.0711229327074125f,0f,0f,0f,1f], start_interpolation: 0, interpolation_duration: 1 }
$data merge entity $(bone_left_forearm) { transformation: [0.9054820785680748f,1.8232740543453352f,3.759175298937677f,9.511897394132884f,-4.177450022998625f,0.45780007341728457f,0.7841909194372997f,5.809991545414508f,-0.06810661304768892f,-3.8394942135039423f,1.878635322176425f,1.0858965830642848f,0f,0f,0f,1f], start_interpolation: 0, interpolation_duration: 1 }
$data merge entity $(bone_left_bicep) { transformation: [0.5631028830026968f,-2.9017057928964816f,2.05499845124639f,5.428362856025761f,-3.5098720426609304f,-0.12068714725055794f,0.7913487579036913f,4.971283955587531f,-0.5689581595348152f,-2.1273312163270512f,-2.847937588631329f,-0.628981274642688f,0f,0f,0f,1f], start_interpolation: 0, interpolation_duration: 1 }
$data merge entity $(bone_left_arm) { transformation: [-1.0306124966563677f,-0.36827609737856465f,0.49214895899040895f,4.15390625f,-0.4578113939886862f,1.1010149231111117f,-0.13481419295003372f,5.625448844018392f,-0.41017875282596633f,-0.303543827455356f,-1.0861006102308792f,-1.1048731474169882f,0f,0f,0f,1f], start_interpolation: 0, interpolation_duration: 1 }
$data merge entity $(bone_chest) { transformation: [-6.061547916666667f,-3.930314834524521e-17f,7.412843234509427e-16f,-1.447364127657288e-17f,0f,6.0530458575244195f,0.320934561480172f,5.791906874999999f,-7.423255254024141e-16f,0.320934561480172f,-6.0530458575244195f,0.11818624999999994f,0f,0f,0f,1f], start_interpolation: 0, interpolation_duration: 1 }
$data merge entity $(bone_waist) { transformation: [-5.023832916666667f,-1.1504329665162852e-17f,6.151345217192241e-16f,0.0000012500000003018799f,0f,5.022954554305002f,0.09393998067992025f,0.6648796428571426f,-6.152420900846945e-16f,0.09393998067992025f,-5.022954554305002f,-2.4650357142857144f,0f,0f,0f,1f], start_interpolation: 0, interpolation_duration: 1 }
$data merge entity $(bone_hip) { transformation: [-4.3939320833333335f,0f,5.381014861525028e-16f,2.0404408321747551e-16f,0f,4.3939320833333335f,0f,-2.6625426453488377f,-5.381014861525028e-16f,0f,-4.3939320833333335f,-1.6661463808139536f,0f,0f,0f,1f], start_interpolation: 0, interpolation_duration: 1 }
$data merge entity $(bone_right_foot) { transformation: [-2.026531547406322f,0.2308158809857927f,-0.038651215397327875f,-1.9049999999999994f,0.23167388715118511f,2.02626724264286f,-0.046564701274273576f,-10.971281027957211f,0.03312246034337111f,-0.05064672227553115f,-2.0391022073803824f,-4.056139667031946f,0f,0f,0f,1f], start_interpolation: 0, interpolation_duration: 1 }
$data merge entity $(bone_right_knee) { transformation: [-2.85f,-4.9397773745668537e-17f,3.455109959113909e-16f,-1.8993749999999998f,0f,2.8213113866949153f,0.4033634332777515f,-7.521562017237736f,-3.4902433775699566e-16f,0.4033634332777515f,-2.8213113866949153f,-2.191674972505778f,0f,0f,0f,1f], start_interpolation: 0, interpolation_duration: 1 }
$data merge entity $(bone_right_thigh) { transformation: [-3.8250000000000006f,-1.7381804905039063e-16f,4.349845003289054e-16f,-1.6874999999999996f,0f,3.551917994900722f,1.4193320814736912f,-3.4794962500000013f,-4.684274006738627e-16f,1.4193320814736912f,-3.551917994900722f,-2.5890044642857144f,0f,0f,0f,1f], start_interpolation: 0, interpolation_duration: 1 }
$data merge entity $(bone_right_leg) { transformation: [-1.7250000000000003f,0f,2.1125157285291847e-16f,-1.6701387499999996f,0f,1.7250000000000003f,0f,-3.4870943750000016f,-2.1125157285291847e-16f,0f,-1.7250000000000003f,-2.5419107142857142f,0f,0f,0f,1f], start_interpolation: 0, interpolation_duration: 1 }
$data merge entity $(bone_left_foot) { transformation: [-2.027062332033913f,-0.228440461915607f,-0.020814836271689036f,1.9050000000000002f,-0.22890254678927202f,2.0024162768714366f,0.31548800007879885f,-10.401820861802161f,-0.014897185056856738f,0.3158227500990376f,-2.0153496134411175f,-1.500523212953962f,0f,0f,0f,1f], start_interpolation: 0, interpolation_duration: 1 }
$data merge entity $(bone_left_knee) { transformation: [-2.85f,-2.2666867692469134e-17f,3.4828752698843745e-16f,1.8993750000000003f,0f,2.8439834834903315f,0.1850890208364622f,-6.8148129431846804f,-3.4902433775699566e-16f,0.1850890208364622f,-2.8439834834903315f,0.03061639366406288f,0f,0f,0f,1f], start_interpolation: 0, interpolation_duration: 1 }
$data merge entity $(bone_left_thigh) { transformation: [-3.8250000000000006f,1.082499770517422e-16f,4.557479261284343e-16f,1.6875000000000004f,0f,3.721464233162931f,-0.8839281426049539f,-3.7382462500000004f,-4.684274006738627e-16f,-0.8839281426049539f,-3.721464233162931f,-2.62096875f,0f,0f,0f,1f], start_interpolation: 0, interpolation_duration: 1 }
$data merge entity $(bone_left_leg) { transformation: [-1.7250000000000003f,0f,2.1125157285291847e-16f,1.6701387500000004f,0f,1.7250000000000003f,0f,-3.745844375000001f,-2.1125157285291847e-16f,0f,-1.7250000000000003f,-2.5738749999999997f,0f,0f,0f,1f], start_interpolation: 0, interpolation_duration: 1 }
execute on vehicle unless entity @s[tag=aj.transforms_only] positioned ^0 ^0 ^0 rotated ~0 ~0 run function animated_java:beast/animations/throw_area/zzz/frames/zzz/3
data modify entity @s data merge value {"locators":{"consume":{"posx":-6.313619547609162,"posy":3.977302991573394,"posz":8.540335601239995,"rotx":198.57302843626445,"roty":74.95761200789747}},"cameras":{}}