# This file was generated by Animated Java via MC-Build. It is not recommended to edit this file directly.
$data merge entity $(bone_right_thumb) { transformation: [-0.12149358861427438f,1.0342220756213907f,-0.13462542933268426f,-15.30249776243009f,0.48068247581389206f,0.17580886900675377f,0.9168072856516765f,9.65443491030243f,0.9255720746495402f,0.04445154525942059f,-0.493801979292304f,-3.99237165282662f,0f,0f,0f,1f], start_interpolation: 0, interpolation_duration: 1 }
$data merge entity $(bone_right_fingers_2) { transformation: [0.2978171471370996f,0.9459735403060134f,-0.12821469460255636f,-17.37553954982808f,0.4862133082808475f,-0.034728271515240175f,0.8731497958587389f,9.978983140349204f,0.8215239288795628f,-0.32237867205891785f,-0.4702875993260035f,-3.5422776235887903f,0f,0f,0f,1f], start_interpolation: 0, interpolation_duration: 1 }
$data merge entity $(bone_right_fingers) { transformation: [0.440798025517646f,0.8884019882844242f,-0.12821469460255636f,-16.419490865173273f,0.47495992691014194f,-0.10964716969149421f,0.8731497958587389f,10.098076004161083f,0.7616496363350131f,-0.445779547972904f,-0.4702875993260035f,-3.5822262219136074f,0f,0f,0f,1f], start_interpolation: 0, interpolation_duration: 1 }
$data merge entity $(bone_right_hand) { transformation: [0.326970550416826f,0.9886689298936772f,-0.13462542933268418f,-14.968194488998774f,0.5099463095404189f,-0.04380824536675559f,0.9168072856516758f,10.030787047288f,0.8576392135077696f,-0.3508768796896964f,-0.4938019792923037f,-3.9695150019437873f,0f,0f,0f,1f], start_interpolation: 0, interpolation_duration: 1 }
$data merge entity $(bone_right_forearm) { transformation: [0.6998662716171024f,4.174032019207288f,0.602717931112977f,-8.841856990554394f,3.378306817119617f,-0.9205920255404435f,2.4525860580037673f,8.344312602143358f,2.524451475322094f,0.07477984450152521f,-3.4492285693471265f,-3.315796799253714f,0f,0f,0f,1f], start_interpolation: 0, interpolation_duration: 1 }
$data merge entity $(bone_right_bicep) { transformation: [0.5893610708354547f,3.373438503959233f,1.110209974819622f,-5.212633095754472f,2.844889951258626f,-1.122099590448098f,1.8993403260984874f,6.0268009499841275f,2.1258538739554482f,0.566396653522519f,-2.8495508659202957f,-1.9826184632760147f,0f,0f,0f,1f], start_interpolation: 0, interpolation_duration: 1 }
$data merge entity $(bone_right_arm) { transformation: [-0.6480387736412371f,0.9676183718295539f,0.2894139498287621f,-3.95f,1.009969460731909f,0.6199315634586862f,0.1888029263983111f,6.018671765268655f,0.00272694819507553f,0.34554238976657076f,-1.1491705794302032f,-1.4525639365883152f,0f,0f,0f,1f], start_interpolation: 0, interpolation_duration: 1 }
$data merge entity $(bone_left_thumb) { transformation: [-0.12149358861427426f,-1.0342220756213905f,0.13462542933268432f,15.302497762430088f,-0.48068247581389206f,0.17580886900675377f,0.9168072856516765f,9.65443491030243f,-0.9255720746495404f,0.04445154525942048f,-0.493801979292304f,-3.9923716528266167f,0f,0f,0f,1f], start_interpolation: 0, interpolation_duration: 1 }
$data merge entity $(bone_left_fingers_2) { transformation: [0.29781714713709967f,-0.9459735403060132f,0.1282146946025564f,17.375539549828076f,-0.4862133082808475f,-0.034728271515240175f,0.8731497958587389f,9.978983140349204f,-0.8215239288795629f,-0.32237867205891796f,-0.4702875993260035f,-3.5422776235887863f,0f,0f,0f,1f], start_interpolation: 0, interpolation_duration: 1 }
$data merge entity $(bone_left_fingers) { transformation: [0.440798025517646f,-0.888401988284424f,0.1282146946025564f,16.41949086517327f,-0.47495992691014194f,-0.10964716969149421f,0.8731497958587389f,10.098076004161083f,-0.7616496363350131f,-0.4457795479729041f,-0.4702875993260035f,-3.5822262219136034f,0f,0f,0f,1f], start_interpolation: 0, interpolation_duration: 1 }
$data merge entity $(bone_left_hand) { transformation: [0.32697055041682604f,-0.9886689298936769f,0.13462542933268423f,14.968194488998773f,-0.5099463095404189f,-0.04380824536675559f,0.9168072856516758f,10.030787047288f,-0.8576392135077696f,-0.35087687968969655f,-0.4938019792923037f,-3.9695150019437837f,0f,0f,0f,1f], start_interpolation: 0, interpolation_duration: 1 }
$data merge entity $(bone_left_forearm) { transformation: [0.6998662716171028f,-4.174032019207288f,-0.6027179311129763f,8.841856990554394f,-3.378306817119617f,-0.9205920255404435f,2.4525860580037673f,8.344312602143358f,-2.5244514753220937f,0.07477984450152438f,-3.4492285693471265f,-3.315796799253712f,0f,0f,0f,1f], start_interpolation: 0, interpolation_duration: 1 }
$data merge entity $(bone_left_bicep) { transformation: [0.5893610708354551f,-3.373438503959233f,-1.1102099748196215f,5.212633095754472f,-2.844889951258626f,-1.122099590448098f,1.8993403260984874f,6.0268009499841275f,-2.125853873955448f,0.5663966535225182f,-2.849550865920296f,-1.9826184632760135f,0f,0f,0f,1f], start_interpolation: 0, interpolation_duration: 1 }
$data merge entity $(bone_left_arm) { transformation: [-0.6480387736412371f,-0.9676183718295539f,-0.2894139498287619f,3.95f,-1.009969460731909f,0.6199315634586862f,0.1888029263983111f,6.018671765268655f,-0.002726948195075663f,0.3455423897665705f,-1.1491705794302032f,-1.4525639365883143f,0f,0f,0f,1f], start_interpolation: 0, interpolation_duration: 1 }
$data merge entity $(bone_chest) { transformation: [-6.061547916666667f,-1.5611189922487658e-16f,7.257246451543258e-16f,-1.447364127657288e-17f,0f,5.925991442264035f,1.274750396061687f,5.791906874999999f,-7.423255254024141e-16f,1.274750396061687f,-5.925991442264035f,0.11818624999999994f,0f,0f,0f,1f], start_interpolation: 0, interpolation_duration: 1 }
$data merge entity $(bone_waist) { transformation: [-5.023832916666667f,-4.597709897033649e-17f,6.13521748418143e-16f,0.0000012500000003284833f,0f,5.009785260903803f,0.3754315040250588f,0.6959510714285724f,-6.152420900846945e-16f,0.3754315040250588f,-5.009785260903803f,-2.6822678571428575f,0f,0f,0f,1f], start_interpolation: 0, interpolation_duration: 1 }
$data merge entity $(bone_hip) { transformation: [-4.3939320833333335f,0f,5.381014861525028e-16f,2.1365613658287626e-16f,0f,4.3939320833333335f,0f,-2.7497519476744188f,-5.381014861525028e-16f,0f,-4.3939320833333335f,-1.7446347529069768f,0f,0f,0f,1f], start_interpolation: 0, interpolation_duration: 1 }
$data merge entity $(bone_right_foot) { transformation: [-2.0361749540203102f,0.12395177756590418f,0.015083549271952882f,-1.1955956941543708f,0.11893367538122374f,1.8501777306835696f,0.8510564879859092f,-10.839159418105316f,0.03803074388833991f,0.85034012119907f,-1.8539350961666512f,-3.2972430703036615f,0f,0f,0f,1f], start_interpolation: 0, interpolation_duration: 1 }
$data merge entity $(bone_right_knee) { transformation: [-2.841156488470151f,-0.22327482931463766f,-0.02186683832841946f,-1.467783423435286f,-0.22350008436376811f,2.792944289776619f,0.5215456897468954f,-7.481906647246842f,-0.019429881969542262f,0.5216421616383168f,-2.8017872750956583f,-1.289361310022216f,0f,0f,0f,1f], start_interpolation: 0, interpolation_duration: 1 }
$data merge entity $(bone_right_thigh) { transformation: [-3.8131310766309925f,-0.30079135058783085f,-0.013451982847202703f,-1.5803571428571423f,-0.29996063954084673f,3.7802094381869407f,0.5006647762411728f,-3.659496250000001f,-0.02607694685385936f,0.5001661392516752f,-3.792067882566036f,-2.669361607142857f,0f,0f,0f,1f], start_interpolation: 0, interpolation_duration: 1 }
$data merge entity $(bone_right_leg) { transformation: [-1.7250000000000003f,0f,2.1125157285291847e-16f,-1.6701387499999996f,0f,1.7250000000000003f,0f,-3.6670943750000013f,-2.1125157285291847e-16f,0f,-1.7250000000000003f,-2.622267857142857f,0f,0f,0f,1f], start_interpolation: 0, interpolation_duration: 1 }
$data merge entity $(bone_left_foot) { transformation: [-2.0341843636867276f,-0.14974103237666742f,-0.03565946936220249f,1.2846015415408025f,-0.15212295884810187f,2.027807135971442f,0.16265554000585922f,-11.189086925689548f,0.023507018605572312f,0.16485097065552506f,-2.0331924595448925f,-2.1184387945631373f,0f,0f,0f,1f], start_interpolation: 0, interpolation_duration: 1 }
$data merge entity $(bone_left_knee) { transformation: [-2.8430571017851918f,0.19725698033048525f,-0.024819341241931258f,1.5448931632898524f,0.1980621712361515f,2.841050491413798f,-0.10818263059584833f,-7.472220269502681f,0.017253762314529873f,-0.1096439188843363f,-2.847837867354404f,-0.9659647273592742f,0f,0f,0f,1f], start_interpolation: 0, interpolation_duration: 1 }
$data merge entity $(bone_left_thigh) { transformation: [-3.815681899764337f,0.2665452026781784f,-0.012259475521920126f,1.6125000000000005f,0.26582028244851913f,3.812523063027713f,0.15694735206679894f,-3.7888712500000006f,0.023156365211605887f,0.15571303352975632f,-3.821759049696769f,-2.6853437499999995f,0f,0f,0f,1f], start_interpolation: 0, interpolation_duration: 1 }
$data merge entity $(bone_left_leg) { transformation: [-1.7250000000000003f,0f,2.1125157285291847e-16f,1.6701387500000004f,0f,1.7250000000000003f,0f,-3.796469375000001f,-2.1125157285291847e-16f,0f,-1.7250000000000003f,-2.6382499999999993f,0f,0f,0f,1f], start_interpolation: 0, interpolation_duration: 1 }
data modify entity @s data merge value {"locators":{"consume":{"posx":-16.79733367984816,"posy":8.881090904390073,"posz":-3.6980774912538075,"roty":344.75004775872253,"rotx":60.82675516888219}},"cameras":{}}