# This file was generated by Animated Java via MC-Build. It is not recommended to edit this file directly.
$data merge entity $(bone_right_thumb) { transformation: [-0.51784463186637f,0.9009480693395358f,-0.15043109253258988f,-15.802414326205685f,0.7497162149779577f,0.5180145929802159f,0.5216190932650641f,8.416649471074978f,0.5217878249310828f,0.14984477906455657f,-0.8987680501335066f,-1.0081963598342583f,0f,0f,0f,1f], start_interpolation: 0, interpolation_duration: 1 }
$data merge entity $(bone_right_fingers_2) { transformation: [0.13107491972448956f,0.9809657127037387f,-0.14326770717389503f,-17.939765138180093f,0.8667973021840676f,-0.04326638735288739f,0.49678008882387015f,8.198389124828765f,0.4811255577763885f,-0.18929947233174277f,-0.85596957155572f,-1.1714195030158052f,0f,0f,0f,1f], start_interpolation: 0, interpolation_duration: 1 }
$data merge entity $(bone_right_fingers) { transformation: [0.08816104203019878f,0.9857494584067925f,-0.14326770717389503f,-17.058401217759425f,0.8678595565287891f,-0.005416040047978882f,0.49678008882387015f,8.582280356057463f,0.4889247598657722f,-0.16813289910340004f,-0.85596957155572f,-1.0963645197326155f,0f,0f,0f,1f], start_interpolation: 0, interpolation_duration: 1 }
$data merge entity $(bone_right_hand) { transformation: [-0.08856951535270458f,1.035386849129174f,-0.1504310925325898f,-15.580206584606447f,0.8983960705437803f,0.15263689584378934f,0.5216190932650637f,8.857064498724055f,0.5362275089751383f,-0.08471157345684056f,-0.898768050133506f,-1.1110572324939176f,0f,0f,0f,1f], start_interpolation: 0, interpolation_duration: 1 }
$data merge entity $(bone_right_forearm) { transformation: [0.9613769482541372f,4.13780351458243f,-0.47954294705986217f,-9.34448669496074f,3.478174669789199f,-0.5266006953151194f,2.429118703178259f,7.761172211986661f,2.292090820583328f,-0.9364287385609912f,-3.4849743023148263f,-1.9586256611452049f,0f,0f,0f,1f], start_interpolation: 0, interpolation_duration: 1 }
$data merge entity $(bone_right_bicep) { transformation: [0.8095805880034842f,3.5016528340816127f,0.2073805706814176f,-5.297874147066644f,2.928989195611958f,-0.7919263020054831f,1.9374919417072016f,5.818261972232878f,1.9301817436491189f,-0.2669834484760039f,-3.027064299733904f,-1.546900632167439f,0f,0f,0f,1f], start_interpolation: 0, interpolation_duration: 1 }
$data merge entity $(bone_right_arm) { transformation: [-0.721402513005691f,0.9588379034935102f,-0.014432222740950768f,-3.95f,0.9451528917623722f,0.7139974048011014f,0.19207737277076167f,5.9381536378007755f,0.16206302916550733f,0.10410370195849168f,-1.184439949434431f,-1.3368351861809504f,0f,0f,0f,1f], start_interpolation: 0, interpolation_duration: 1 }
$data merge entity $(bone_left_thumb) { transformation: [-0.5178446318663699f,-0.9009480693395358f,0.15043109253259015f,15.802414326205685f,-0.7497162149779577f,0.5180145929802159f,0.5216190932650641f,8.416649471074978f,-0.521787824931083f,0.1498447790645564f,-0.8987680501335065f,-1.0081963598342545f,0f,0f,0f,1f], start_interpolation: 0, interpolation_duration: 1 }
$data merge entity $(bone_left_fingers_2) { transformation: [0.13107491972448962f,-0.9809657127037387f,0.14326770717389528f,17.939765138180093f,-0.8667973021840676f,-0.04326638735288739f,0.49678008882387015f,8.198389124828765f,-0.48112555777638855f,-0.18929947233174302f,-0.8559695715557198f,-1.1714195030158008f,0f,0f,0f,1f], start_interpolation: 0, interpolation_duration: 1 }
$data merge entity $(bone_left_fingers) { transformation: [0.08816104203019885f,-0.9857494584067925f,0.14326770717389528f,17.058401217759425f,-0.8678595565287891f,-0.005416040047978882f,0.49678008882387015f,8.582280356057463f,-0.4889247598657723f,-0.1681328991034003f,-0.8559695715557198f,-1.0963645197326113f,0f,0f,0f,1f], start_interpolation: 0, interpolation_duration: 1 }
$data merge entity $(bone_left_hand) { transformation: [-0.0885695153527045f,-1.035386849129174f,0.15043109253259004f,15.580206584606447f,-0.8983960705437803f,0.15263689584378934f,0.5216190932650637f,8.857064498724055f,-0.5362275089751385f,-0.08471157345684079f,-0.8987680501335059f,-1.1110572324939139f,0f,0f,0f,1f], start_interpolation: 0, interpolation_duration: 1 }
$data merge entity $(bone_left_forearm) { transformation: [0.9613769482541376f,-4.137803514582429f,0.47954294705986317f,9.34448669496074f,-3.478174669789199f,-0.5266006953151194f,2.429118703178259f,7.761172211986661f,-2.292090820583328f,-0.9364287385609921f,-3.484974302314826f,-1.9586256611452026f,0f,0f,0f,1f], start_interpolation: 0, interpolation_duration: 1 }
$data merge entity $(bone_left_bicep) { transformation: [0.8095805880034845f,-3.5016528340816127f,-0.2073805706814168f,5.297874147066644f,-2.928989195611958f,-0.7919263020054831f,1.9374919417072016f,5.818261972232878f,-1.9301817436491189f,-0.26698344847600486f,-3.027064299733904f,-1.5469006321674377f,0f,0f,0f,1f], start_interpolation: 0, interpolation_duration: 1 }
$data merge entity $(bone_left_arm) { transformation: [-0.721402513005691f,-0.9588379034935102f,0.014432222740951059f,3.95f,-0.9451528917623722f,0.7139974048011014f,0.19207737277076167f,5.9381536378007755f,-0.16206302916550752f,0.10410370195849145f,-1.184439949434431f,-1.3368351861809493f,0f,0f,0f,1f], start_interpolation: 0, interpolation_duration: 1 }
$data merge entity $(bone_right_foot) { transformation: [-2.0396620247413257f,0.03027603462577035f,-0.02149852449481442f,-0.7255216709690476f,0.013907764028293957f,1.7180021936490073f,1.0999431970410707f,-10.54996863278616f,0.03442962282465885f,1.0996143980252977f,-1.7179239729183635f,-2.598575496871917f,0f,0f,0f,1f], start_interpolation: 0, interpolation_duration: 1 }
$data merge entity $(bone_right_knee) { transformation: [-2.8229464980725334f,-0.389347802260968f,-0.043374622702393006f,-1.2018736080261334f,-0.3902780419191476f,2.76761590382474f,0.5572120412303752f,-7.242069278499014f,-0.03400175018696633f,0.55786243624295f,-2.794661586527661f,-0.5473046262535197f,0f,0f,0f,1f], start_interpolation: 0, interpolation_duration: 1 }
$data merge entity $(bone_right_thigh) { transformation: [-3.7886913526762953f,-0.5171309828300416f,0.09496515546822362f,-1.4999999999999996f,-0.5237942141546456f,3.7722800722405228f,-0.3552008977961035f,-3.8394962500000007f,-0.04563392788250745f,-0.3648336650780406f,-3.807287609499937f,-2.7497187500000004f,0f,0f,0f,1f], start_interpolation: 0, interpolation_duration: 1 }
$data merge entity $(bone_left_foot) { transformation: [-2.0387591490236456f,0.004158242791244418f,-0.0710200062607026f,0.3058928638004974f,0.000840426286720184f,2.037777911513946f,0.09518653806877801f,-11.508964511618126f,0.07113667096538717f,0.09509938150561979f,-2.0365401252323045f,-2.6998155165776536f,0f,0f,0f,1f], start_interpolation: 0, interpolation_duration: 1 }
$data merge entity $(bone_left_knee) { transformation: [-2.8067021046452205f,0.4849141884230672f,-0.09890159577119584f,0.9712343131059611f,0.4930140344351997f,2.7892600141490793f,-0.31538188806430845f,-7.764223436397598f,0.04313302250038365f,-0.32769925745274175f,-2.8307689307032646f,-1.8365189399620458f,0f,0f,0f,1f], start_interpolation: 0, interpolation_duration: 1 }
$data merge entity $(bone_left_thigh) { transformation: [-3.766889666760691f,0.6552010065321126f,0.10899027245970888f,1.5000000000000004f,0.6616767304261891f,3.6469869960153405f,0.9446135481282899f,-3.8394962500000007f,0.0578890565136728f,0.9491166903675836f,-3.7049225855882124f,-2.7497187499999995f,0f,0f,0f,1f], start_interpolation: 0, interpolation_duration: 1 }
execute on vehicle unless entity @s[tag=aj.transforms_only] positioned ^0 ^0 ^0 rotated ~0 ~0 run function animated_java:beast/animations/throw_area/zzz/frames/zzz/4
data modify entity @s data merge value {"locators":{"consume":{"posx":-17.115724960382995,"posy":7.379476664805871,"posz":-0.6636790553164874,"roty":350.49820771536656,"rotx":29.7872000567304}},"cameras":{}}