# This file was generated by Animated Java via MC-Build. It is not recommended to edit this file directly.
$data merge entity $(bone_neck) { transformation: [-1.2033625000000001f,-2.3439300655330507e-17f,1.4549343709774123e-16f,0.04118075801749277f,0f,1.1880440727811434f,0.19139641463685578f,3.892113845309293f,-1.473694033838957e-16f,0.19139641463685578f,-1.1880440727811434f,-0.6044567821153755f,0f,0f,0f,1f], start_interpolation: 0, interpolation_duration: 1 }
$data merge entity $(bone_right_thumb_2) { transformation: [-0.8268403833617856f,0.1578133070734456f,-0.5398425145842792f,-3.551456022678803f,0.4756291164580284f,0.7084785989898729f,-0.521377999488569f,-1.4167848595295232f,0.30018648207321186f,-0.6878612032117306f,-0.6608593202010699f,-0.24654841422777704f,0f,0f,0f,1f], start_interpolation: 0, interpolation_duration: 1 }
$data merge entity $(bone_right_thumb) { transformation: [-0.8268403833617856f,0.1578133070734456f,-0.5398425145842792f,-3.660775557038942f,0.4756291164580284f,0.7084785989898729f,-0.521377999488569f,-1.0737412506324815f,0.30018648207321186f,-0.6878612032117306f,-0.6608593202010699f,-0.3640110962979949f,0f,0f,0f,1f], start_interpolation: 0, interpolation_duration: 1 }
$data merge entity $(bone_right_fingers_2) { transformation: [0.8405757486484284f,-0.2965498649012554f,-0.45331069743739866f,-3.7607804072250204f,-0.4383584369759355f,-0.8640171689290602f,-0.24762110678984212f,-1.9013965182214674f,-0.3182362196798919f,0.4068568660141535f,-0.8562670138811801f,-0.32594317325836597f,0f,0f,0f,1f], start_interpolation: 0, interpolation_duration: 1 }
$data merge entity $(bone_right_fingers) { transformation: [-0.4037299914410456f,-0.7946769819239967f,-0.45331069743739866f,-4.133685762770935f,-0.7994081246674622f,0.5473850908527056f,-0.24762110678984212f,-1.699707240175266f,0.44491431110570545f,0.262408187205245f,-0.8562670138811801f,-0.1967113299789628f,0f,0f,0f,1f], start_interpolation: 0, interpolation_duration: 1 }
$data merge entity $(bone_right_hand) { transformation: [-0.8527110302223174f,0.25960221594973576f,-0.45331069743739866f,-3.8954757326013305f,0.40025331729439306f,0.8823157425020862f,-0.24762110678984212f,-1.0120610513040937f,0.3356801765550478f,-0.3925883594899108f,-0.8562670138811801f,-0.5116285648010934f,0f,0f,0f,1f], start_interpolation: 0, interpolation_duration: 1 }
$data merge entity $(bone_right_forearm) { transformation: [-1.6038092263825827f,0.2664443062450704f,-0.8268203908184604f,-3.464129822175277f,0.5137433516748028f,1.6908305069150735f,-0.45165089076493925f,1.4335011688016108f,0.7004943223278464f,-0.6300223727681477f,-1.5617964258607948f,-1.5338085915555262f,0f,0f,0f,1f], start_interpolation: 0, interpolation_duration: 1 }
$data merge entity $(bone_right_bicep) { transformation: [-1.3934576454398138f,0.7262939944603941f,-0.2022557288671992f,-2.3240016901404257f,0.5291262553639179f,1.2448835764153665f,0.8248786837707418f,3.3638707913391865f,0.5370621492279969f,0.6579486839150591f,-1.3374611519907986f,-0.49145959932639877f,0f,0f,0f,1f], start_interpolation: 0, interpolation_duration: 1 }
$data merge entity $(bone_right_shoulder) { transformation: [-0.9281461865686383f,0.3850068810183392f,-0.1293342050405248f,-1.8281234247217926f,0.26768641596730586f,0.8225120691653348f,0.5274759306838354f,3.4150014214408517f,0.30545313508214755f,0.4490618847249565f,-0.8552512991060567f,-0.510510799820527f,0f,0f,0f,1f], start_interpolation: 0, interpolation_duration: 1 }
$data merge entity $(bone_right_arm) { transformation: [-1.3223654253220594f,-0.00005148226164413008f,-0.1364093492713563f,-1.7500650311180201f,-0.06305464098835088f,1.1790630471781902f,0.610812798109994f,3.5565006631782126f,0.12096125606527207f,0.6140587589430728f,-1.1728418676030687f,-0.4393109231831883f,0f,0f,0f,1f], start_interpolation: 0, interpolation_duration: 1 }
$data merge entity $(bone_left_thumb_2) { transformation: [-0.7642844154896126f,-0.4018766942974868f,0.5043455708343492f,4.388171920743996f,-0.46246394530843005f,0.8866199800508331f,0.005666591958229994f,-0.4144301262269183f,-0.44944013119598303f,-0.22891075456427176f,-0.863483314786889f,-3.0611354895441343f,0f,0f,0f,1f], start_interpolation: 0, interpolation_duration: 1 }
$data merge entity $(bone_left_thumb) { transformation: [-0.7642844154896126f,-0.4018766942974868f,0.5043455708343492f,4.41050835931698f,-0.46246394530843005f,0.8866199800508331f,0.005666591958229994f,-0.04189340407796727f,-0.44944013119598303f,-0.22891075456427176f,-0.863483314786889f,-2.9967566573137834f,0f,0f,0f,1f], start_interpolation: 0, interpolation_duration: 1 }
$data merge entity $(bone_left_fingers_2) { transformation: [0.7875536209943119f,0.5162756821065302f,0.3364798866562222f,4.666265938804672f,0.425766816737399f,-0.8505934282756158f,0.308566747300541f,-0.7349138710376804f,0.44551308827468694f,-0.09975088891719722f,-0.8897009881618545f,-3.3850530282762543f,0f,0f,0f,1f], start_interpolation: 0, interpolation_duration: 1 }
$data merge entity $(bone_left_fingers) { transformation: [-0.6146552473942791f,0.7134284916699732f,0.3364798866562222f,5.012257724877782f,0.7877427622198072f,0.5331490439179944f,0.308566747300541f,-0.534255976307974f,0.040746379237734554f,0.45472176574564227f,-0.8897009881618545f,-3.194097715065029f,0f,0f,0f,1f], start_interpolation: 0, interpolation_duration: 1 }
$data merge entity $(bone_left_hand) { transformation: [-0.8093236734198281f,-0.4814316955893651f,0.3364798866562222f,4.6007791202919925f,-0.3882592168317035f,0.8683555395145446f,0.308566747300541f,0.13794772216299034f,-0.44073798586855134f,0.11908895614771632f,-0.8897009881618545f,-3.1069099288759228f,0f,0f,0f,1f], start_interpolation: 0, interpolation_duration: 1 }
$data merge entity $(bone_left_forearm) { transformation: [-1.5781614095829266f,-0.6779202571667132f,0.6137257138655302f,3.5566324828586406f,-0.49537732419435637f,1.6627300096075057f,0.5628132758368167f,2.584251223580293f,-0.768658853855712f,0.3202836269732605f,-1.622778643658951f,-2.7367169353774217f,0f,0f,0f,1f], start_interpolation: 0, interpolation_duration: 1 }
$data merge entity $(bone_left_bicep) { transformation: [-1.3571000306916183f,-0.8079964714549877f,-0.12472275131909437f,2.293337228756506f,-0.5444747554432342f,0.7129091012391559f,1.3059258822532447f,3.678244826003193f,-0.6098863035561182f,1.1614804653416155f,-0.8883334853803422f,-0.9146374756679913f,0f,0f,0f,1f], start_interpolation: 0, interpolation_duration: 1 }
$data merge entity $(bone_left_shoulder) { transformation: [-0.8917724537421879f,-0.44063410674742537f,-0.1923446214074528f,1.8078685916129542f,-0.4127305599793375f,0.4937266134867957f,0.7824963224583507f,3.588377227278077f,-0.24659350006157962f,0.7671301022464179f,-0.6140977370269501f,-0.8431073369933257f,0f,0f,0f,1f], start_interpolation: 0, interpolation_duration: 1 }
$data merge entity $(bone_left_arm) { transformation: [-1.3223654253220594f,-0.00005148226164413008f,-0.1364093492713563f,1.7309897777766008f,-0.06305464098835088f,1.1790630471781902f,0.610812798109994f,3.7224885641263676f,0.12096125606527207f,0.6140587589430728f,-1.1728418676030687f,-0.7577348278413107f,0f,0f,0f,1f], start_interpolation: 0, interpolation_duration: 1 }
$data merge entity $(bone_chest) { transformation: [-2.6186272847491114f,-0.00010194826062476513f,-0.27012597051972104f,4.260476579348395e-17f,-0.12486457991136717f,2.3348513252517f,1.2095681181434612f,4.263423124327538f,0.2395347303132196f,1.2159959643650584f,-2.3225317725268777f,-0.16901840234495258f,0f,0f,0f,1f], start_interpolation: 0, interpolation_duration: 1 }
$data merge entity $(bone_weist) { transformation: [-1.9493945833333333f,-8.158356618524312e-17f,2.243592693830733e-16f,2.0707072247000208e-16f,0f,1.8320324647015038f,0.6661803733292307f,0.5510708647105242f,-2.387319836754355e-16f,0.6661803733292307f,-1.8320324647015038f,-1.5119848543131913f,0f,0f,0f,1f], start_interpolation: 0, interpolation_duration: 1 }
$data merge entity $(bone_right_cheek) { transformation: [-0.9998989301226956f,0.009474184408792302f,0.010600441937815092f,-0.8983597143454458f,0.010917588461024946f,0.9892767711834902f,0.14564434853081015f,-0.8826250655985086f,-0.009106909557280538f,0.145745359536956f,-0.9892802203479856f,-2.565582905915008f,0f,0f,0f,1f], start_interpolation: 0, interpolation_duration: 1 }
$data merge entity $(bone_right_foot) { transformation: [-1.1388389721381853f,0.035610626390139996f,0.2955817546871022f,-2.138825778875526f,0.037852788922520496f,1.1764953184345088f,0.004102066434548438f,-7.538917216587917f,-0.29530299149617756f,0.013473821519828913f,-1.1393882104987847f,-1.313746970908737f,0f,0f,0f,1f], start_interpolation: 0, interpolation_duration: 1 }
$data merge entity $(bone_right_knee) { transformation: [-2.789223407937825f,0.3147312052928388f,0.7470647479038531f,-1.7851787511779058f,0.41794805783979816f,2.8519111239680983f,0.3589582851376838f,-3.978093895923619f,-0.6946084437247158f,0.4521901126030541f,-2.7838771345920406f,-0.8633701132255527f,0f,0f,0f,1f], start_interpolation: 0, interpolation_duration: 1 }
$data merge entity $(bone_right_leg) { transformation: [-2.377506976818889f,0.6066933279537875f,0.33075142317596884f,-0.8928749999999996f,0.3562548703105444f,2.091681959991491f,-1.275916050751472f,-1.0382667680316873f,-0.5920774995695987f,-1.177625792432203f,-2.0958660382860588f,-2.46289361096294f,0f,0f,0f,1f], start_interpolation: 0, interpolation_duration: 1 }
$data merge entity $(bone_left_cheek) { transformation: [-0.9995400941910573f,0.019146328155080092f,-0.023516339483652907f,0.8592466279098573f,0.013802132809208528f,0.9777335557942286f,0.20939578554472182f,-0.8932098557435532f,0.0270018746469462f,0.2089749075658418f,-0.9775481506163257f,-2.5876977020234873f,0f,0f,0f,1f], start_interpolation: 0, interpolation_duration: 1 }
$data merge entity $(bone_left_foot) { transformation: [-1.1566263988684218f,-0.01818600825765462f,-0.2178888189441616f,2.014036607515056f,-0.01739516308473585f,1.1769679442989898f,-0.005895868928999542f,-7.562779687785921f,0.21795338175510048f,-0.0025733388476872903f,-1.1567543370073237f,-1.4965910413689507f,0f,0f,0f,1f], start_interpolation: 0, interpolation_duration: 1 }
$data merge entity $(bone_left_knee) { transformation: [-2.8322065962769845f,-0.3214005851291015f,-0.5587809485100885f,1.6595168508003373f,-0.417943526667725f,2.8324832814704015f,0.4891731362628529f,-4.021611981030405f,0.4907725471699775f,0.5573767241313206f,-2.8080958286488293f,-0.9119412733962027f,0f,0f,0f,1f], start_interpolation: 0, interpolation_duration: 1 }
$data merge entity $(bone_left_leg) { transformation: [-2.4141454296123945f,-0.5146416427013957f,-0.1925059667081968f,0.8928750000000004f,-0.35625100798342263f,2.1264254752303686f,-1.217132959269922f,-1.0341803543052626f,0.41832975860132615f,-1.1590821372223676f,-2.1474500076089424f,-2.4882589743414583f,0f,0f,0f,1f], start_interpolation: 0, interpolation_duration: 1 }
data modify entity @s data merge value {"locators":{"consume":{"posx":4.824190193959804,"posy":-0.7263911626927103,"posz":-3.151498398538939,"roty":20.7163347726746,"rotx":17.972877243544023}},"cameras":{}}
execute on vehicle unless entity @s[tag=aj.transforms_only] at @s run function animated_java:armor/animations/jump_end/zzz/frames/zzz/1