# This file was generated by Animated Java via MC-Build. It is not recommended to edit this file directly.
$data merge entity $(bone_neck) { transformation: [-1.2033625000000001f,-9.66513329907124e-18f,1.4705212086888294e-16f,0.01694606413994182f,0f,1.2007716916523714f,0.0789218026438356f,3.834780648425861f,-1.473694033838957e-16f,0.0789218026438356f,-1.2007716916523714f,-0.5643555401266762f,0f,0f,0f,1f], start_interpolation: 0, interpolation_duration: 1 }
$data merge entity $(bone_right_thumb_2) { transformation: [-0.9143407712730884f,0.28081990304473137f,-0.2917552673760684f,-3.119987087938086f,0.3755828081816523f,0.8574469799619456f,-0.3517417102825918f,-2.0342495822754563f,0.15138859992125442f,-0.43119004929159277f,-0.8894698607630255f,-0.8665400672861058f,0f,0f,0f,1f], start_interpolation: 0, interpolation_duration: 1 }
$data merge entity $(bone_right_thumb) { transformation: [-0.9143407712730884f,0.28081990304473137f,-0.2917552673760684f,-3.2211678524691054f,0.3755828081816523f,0.8574469799619456f,-0.3517417102825918f,-1.6745346573641535f,0.15138859992125442f,-0.43119004929159277f,-0.8894698607630255f,-0.9281418981186981f,0f,0f,0f,1f], start_interpolation: 0, interpolation_duration: 1 }
$data merge entity $(bone_right_fingers_2) { transformation: [0.9293336088838334f,-0.32344145093993826f,-0.17811420834065175f,-3.2580460110528042f,-0.33483206744959293f,-0.9415406576800738f,-0.03726495059442003f,-2.4877330753799223f,-0.15564873917375865f,0.09426991964163794f,-0.9833039470297972f,-1.1120215140341483f,0f,0f,0f,1f], start_interpolation: 0, interpolation_duration: 1 }
$data merge entity $(bone_right_fingers) { transformation: [-0.44197674175941626f,-0.8791654500325367f,-0.17811420834065175f,-3.667648716069967f,-0.8897812920340645f,0.45486324956341073f,-0.03726495059442003f,-2.3292689484001876f,0.11377966465902661f,0.14201244898142235f,-0.9833039470297972f,-1.0524179663696969f,0f,0f,0f,1f], start_interpolation: 0, interpolation_duration: 1 }
$data merge entity $(bone_right_hand) { transformation: [-0.9425574071501994f,0.2825966436698708f,-0.17811420834065175f,-3.410571762727423f,0.2934439548465315f,0.955249689254711f,-0.03726495059442003f,-1.5820660605879064f,0.1596125922047498f,-0.08739089291969661f,-0.9833039470297972f,-1.1185500224058718f,0f,0f,0f,1f], start_interpolation: 0, interpolation_duration: 1 }
$data merge entity $(bone_right_forearm) { transformation: [-1.7717577902030206f,0.28663627158680194f,-0.3248731172307617f,-2.921470813527013f,0.3032303561485905f,1.7972924147055291f,-0.06796976375913562f,1.0452887224029324f,0.3094418291026828f,-0.12003410134745422f,-1.793506657514491f,-1.3821272970934562f,0f,0f,0f,1f], start_interpolation: 0, interpolation_duration: 1 }
$data merge entity $(bone_right_bicep) { transformation: [-1.533429110494368f,0.3901840511094603f,-0.08053648385525572f,-2.306980525380977f,0.3398375437425618f,1.4481495037069858f,0.5454429527088412f,3.2970171445728784f,0.20794269122760753f,0.5106407514647916f,-1.4853081888927964f,-0.5667554449667952f,0f,0f,0f,1f], start_interpolation: 0, interpolation_duration: 1 }
$data merge entity $(bone_right_shoulder) { transformation: [-0.998579324345736f,0.16309532813604358f,-0.05149976306984002f,-1.8301614588877324f,0.13577616719675617f,0.9414481062963637f,0.34878829429782887f,3.435923412136171f,0.10400550022672789f,0.33688032854119976f,-0.9497933874435014f,-0.5196261510022273f,0f,0f,0f,1f], start_interpolation: 0, interpolation_duration: 1 }
$data merge entity $(bone_right_arm) { transformation: [-1.3281968700875906f,-0.000049113334467520265f,-0.056132906424466236f,-1.752112040752631f,-0.0152696363207422f,1.2795668511440936f,0.36018515095166015f,3.587692887723192f,0.05401614390540828f,0.36050867166729617f,-1.2784262142010858f,-0.47425121005202386f,0f,0f,0f,1f], start_interpolation: 0, interpolation_duration: 1 }
$data merge entity $(bone_left_thumb_2) { transformation: [-0.8828797098035605f,-0.25836691566700454f,0.39213512327500016f,3.296070159593758f,-0.3711885287817399f,0.8954528187970613f,-0.24573018823344586f,-1.6818723741198784f,-0.287649950665784f,-0.3625062567696124f,-0.886479960114641f,-1.8584634951377985f,0f,0f,0f,1f], start_interpolation: 0, interpolation_duration: 1 }
$data merge entity $(bone_left_thumb) { transformation: [-0.8828797098035605f,-0.25836691566700454f,0.39213512327500016f,3.3930296083466773f,-0.3711885287817399f,0.8954528187970613f,-0.24573018823344586f,-1.315939802994845f,-0.287649950665784f,-0.3625062567696124f,-0.886479960114641f,-1.8693895449411675f,0f,0f,0f,1f], start_interpolation: 0, interpolation_duration: 1 }
$data merge entity $(bone_left_fingers_2) { transformation: [0.8984797078671941f,0.3380341944065212f,0.28011979216545035f,3.4714333917363023f,0.330465711139338f,-0.9408052302635741f,0.07535205683904361f,-2.102900212248369f,0.2890097374000614f,0.024867692306222856f,-0.957003118891109f,-2.135865697365367f,0f,0f,0f,1f], start_interpolation: 0, interpolation_duration: 1 }
$data merge entity $(bone_left_fingers) { transformation: [-0.45241740006786996f,0.8466707731775164f,0.28011979216545035f,3.868067230347817f,0.889622080164116f,0.4504382554963514f,0.07535205683904361f,-1.9454277468802834f,-0.06237828628857662f,0.28329133384625416f,-0.957003118891109f,-2.0161917273041747f,0f,0f,0f,1f], start_interpolation: 0, interpolation_duration: 1 }
$data merge entity $(bone_left_hand) { transformation: [-0.9123693987406551f,-0.2985213263383374f,0.28011979216545035f,3.598511432542365f,-0.28911383323333795f,0.9543245040148823f,0.07535205683904361f,-1.1997814191493483f,-0.28981937767295823f,-0.012237596085369295f,-0.957003118891109f,-2.027389501248388f,0f,0f,0f,1f], start_interpolation: 0, interpolation_duration: 1 }
$data merge entity $(bone_left_forearm) { transformation: [-1.7209584043519492f,-0.32262075177011096f,0.5109271794015148f,3.066351578765966f,-0.29562022054877785f,1.794588459487131f,0.13743910619545163f,1.432292933773064f,-0.527009883518887f,0.04686868076232978f,-1.7455350099813276f,-2.053396513034809f,0f,0f,0f,1f], start_interpolation: 0, interpolation_duration: 1 }
$data merge entity $(bone_left_bicep) { transformation: [-1.5041557214800818f,-0.48428111153033176f,0.11455097746063679f,2.3046753177403394f,-0.3418469071397887f,1.2705345886715333f,0.8826194576099737f,3.4025050844327587f,-0.3616501258138886f,0.8132331891208757f,-1.3107232821975028f,-0.7685526262309926f,0f,0f,0f,1f], start_interpolation: 0, interpolation_duration: 1 }
$data merge entity $(bone_left_shoulder) { transformation: [-0.9865030283059425f,-0.22455290436441888f,-0.05292208377935838f,1.8218647687211063f,-0.21848058696463843f,0.8346725382831368f,0.5310376310793923f,3.477908989414124f,-0.0741011938475511f,0.5284985578450804f,-0.8611685468553052f,-0.6681495956056128f,0f,0f,0f,1f], start_interpolation: 0, interpolation_duration: 1 }
$data merge entity $(bone_left_arm) { transformation: [-1.3281968700875906f,-0.000049113334467520265f,-0.056132906424466236f,1.7442937282133422f,-0.0152696363207422f,1.2795668511440936f,0.36018515095166015f,3.627889371937414f,0.05401614390540828f,0.36050867166729617f,-1.2784262142010858f,-0.6164457607406659f,0f,0f,0f,1f], start_interpolation: 0, interpolation_duration: 1 }
$data merge entity $(bone_chest) { transformation: [-2.6301750612412325f,-0.0000972571690237099f,-0.11115774620285206f,-1.2727682025202744e-17f,-0.03023784918450449f,2.5338749825906635f,0.7132602273034948f,4.306131535463518f,0.10696600617275452f,0.7139008824181275f,-2.531616224940352f,-0.25182294718211f,0f,0f,0f,1f], start_interpolation: 0, interpolation_duration: 1 }
$data merge entity $(bone_weist) { transformation: [-1.9493945833333333f,-3.410683820607287e-17f,2.3628305825258223e-16f,5.555136303392e-17f,0f,1.9293975897139621f,0.2785034691620424f,0.3979009200810151f,-2.387319836754355e-16f,0.2785034691620424f,-1.9293975897139621f,-0.8093636610161827f,0f,0f,0f,1f], start_interpolation: 0, interpolation_duration: 1 }
$data merge entity $(bone_right_cheek) { transformation: [-0.9998110686107979f,-0.01230954074504767f,0.015043347033830201f,-0.860231537871775f,-0.011367122175592291f,0.9980606286480924f,0.061202696640094756f,-1.3127782384676494f,-0.01576754948555409f,0.061020133965932144f,-0.9980119877205884f,-1.6281234013155956f,0f,0f,0f,1f], start_interpolation: 0, interpolation_duration: 1 }
$data merge entity $(bone_right_foot) { transformation: [-1.1369166961126345f,0.016126174946507713f,0.30455092752853197f,-1.8708392209556044f,0.019731684484243978f,1.1768911977462158f,0.011343023029800402f,-8.21368250741163f,-0.3043385969677667f,0.016060822694836125f,-1.1369744778343172f,-0.7997678520090498f,0f,0f,0f,1f], start_interpolation: 0, interpolation_duration: 1 }
$data merge entity $(bone_right_knee) { transformation: [-2.792364816427772f,0.25665101555955616f,0.7574679377521979f,-1.588983428110324f,0.3310479753688327f,2.8751909777024087f,0.24619660492559128f,-4.629773020452923f,-0.7280347921044129f,0.32301050522380736f,-2.7933059702679484f,-0.51077242566187f,0f,0f,0f,1f], start_interpolation: 0, interpolation_duration: 1 }
$data merge entity $(bone_right_leg) { transformation: [-2.380184682943336f,0.46837188868643054f,0.49533965307584465f,-0.8928749999999999f,0.282182082963041f,2.3145508220590423f,-0.8326106455598029f,-1.3841603859264877f,-0.6205697946852002f,-0.7439724382886631f,-2.278466779202683f,-1.5000633985235843f,0f,0f,0f,1f], start_interpolation: 0, interpolation_duration: 1 }
$data merge entity $(bone_left_cheek) { transformation: [-0.9966671743797154f,0.00854017403098805f,-0.08112711594451162f,0.892979170771246f,-0.0019181357608926922f,0.9917764242236553f,0.12796814099354126f,-1.3045808141797202f,0.0815528311535325f,0.12769725831692902f,-0.9884546251341955f,-1.6817343326632996f,0f,0f,0f,1f], start_interpolation: 0, interpolation_duration: 1 }
$data merge entity $(bone_left_foot) { transformation: [-1.1661592630912263f,0.0029424946337125242f,-0.160171188758843f,1.7966227777966277f,0.004362471434109881f,1.177059506107579f,-0.010138185307603116f,-8.223049562900092f,0.16013880487276316f,-0.010637466036387471f,-1.1661189057582466f,-1.1839883614673623f,0f,0f,0f,1f], start_interpolation: 0, interpolation_duration: 1 }
$data merge entity $(bone_left_knee) { transformation: [-2.8600909685965252f,-0.2982212672097324f,-0.4097223641326348f,1.476591543246872f,-0.36494537238994157f,2.8414778894033033f,0.4793192753659502f,-4.672243999707213f,0.35160093153713473f,0.5234464331237669f,-2.8353675784854158f,-0.6392607251473205f,0f,0f,0f,1f], start_interpolation: 0, interpolation_duration: 1 }
$data merge entity $(bone_left_leg) { transformation: [-2.437913798092759f,-0.3835828140745499f,-0.19862844900630217f,0.8928750000000001f,-0.3110758953713021f,2.348946079561747f,-0.7181203419828055f,-1.3810532534663844f,0.299701223432509f,-0.682150469469316f,-2.3611147021301f,-1.547337492314167f,0f,0f,0f,1f], start_interpolation: 0, interpolation_duration: 1 }
data modify entity @s data merge value {"locators":{"consume":{"posx":3.6545788974686797,"posy":-2.08563743373672,"posz":-1.9220428917443098,"roty":16.315028040870743,"rotx":4.321450917138114}},"cameras":{}}