# This file was generated by Animated Java via MC-Build. It is not recommended to edit this file directly.
$data merge entity $(bone_right_thumb_2) { transformation: [-0.7707220496901985f,-0.45594826636408126f,-0.44508280187053717f,-2.9574803609985914f,0.0389497416569611f,0.6635090951725579f,-0.7471536644145897f,1.8586431884702912f,0.6359799051433899f,-0.5931836638199692f,-0.49362202263566246f,-1.8214736463710466f,0f,0f,0f,1f], start_interpolation: 0, interpolation_duration: 1 }
$data merge entity $(bone_right_thumb) { transformation: [-0.7707220496901985f,-0.45594826636408126f,-0.44508280187053717f,-3.2467200440425152f,0.0389497416569611f,0.6635090951725579f,-0.7471536644145897f,2.102107645864838f,0.6359799051433899f,-0.5931836638199692f,-0.49362202263566246f,-1.8436687723040643f,0f,0f,0f,1f], start_interpolation: 0, interpolation_duration: 1 }
$data merge entity $(bone_right_fingers_2) { transformation: [0.7579397741398969f,0.30957945732889236f,-0.5741845159673935f,-2.93425882205737f,-0.0005696494453257817f,-0.879898520128796f,-0.47516130921473787f,1.329576279931208f,-0.6523242861309632f,0.3604707392772718f,-0.6667337338462977f,-1.8886871263094835f,0f,0f,0f,1f], start_interpolation: 0, interpolation_duration: 1 }
$data merge entity $(bone_right_fingers) { transformation: [0.20799996950501684f,-0.7918637220565176f,-0.5741845159673935f,-3.278304935044652f,-0.8722965121391165f,0.11541457938782246f,-0.47516130921473787f,1.3355831663794617f,0.44253226729340744f,0.5996926884292736f,-0.6667337338462977f,-1.6093414124627243f,0f,0f,0f,1f], start_interpolation: 0, interpolation_duration: 1 }
$data merge entity $(bone_right_hand) { transformation: [-0.7437147171510395f,-0.34234567489051054f,-0.5741845159673935f,-3.5195766838024585f,-0.03781152712640662f,0.8790858994670003f,-0.47516130921473787f,2.0373491671644284f,0.6674269307641985f,-0.33167366528269276f,-0.6667337338462977f,-1.88878118723377f,0f,0f,0f,1f], start_interpolation: 0, interpolation_duration: 1 }
$data merge entity $(bone_right_forearm) { transformation: [-1.4862966152359445f,0.1446926034746069f,-1.0472893505003387f,-3.2816468120190336f,0.7488722193676335f,1.4194693953059905f,-0.8666750235714344f,4.056147812635118f,0.7462850207736159f,-1.1362214783759776f,-1.2160953833805708f,-3.6436393806796525f,0f,0f,0f,1f], start_interpolation: 0, interpolation_duration: 1 }
$data merge entity $(bone_right_bicep) { transformation: [-1.3424204248248177f,0.6518868280025032f,0.5320578186376902f,-2.267252552712768f,0.5872397172890198f,0.008309861775327266f,1.4714669607296977f,4.048378982640149f,0.6026536927083201f,1.4439906736394166f,-0.2486644666833519f,-1.3889433056750364f,0f,0f,0f,1f], start_interpolation: 0, interpolation_duration: 1 }
$data merge entity $(bone_right_shoulder) { transformation: [-0.9520086669257559f,0.06585338680139917f,0.3402290525688105f,-1.8401852473514695f,0.3463224270470915f,0.14526176822927328f,0.9409424923351888f,3.9083692552991156f,0.012379551255882476f,1.0004875455519322f,-0.15901068068847699f,-1.1724177029607574f,0f,0f,0f,1f], start_interpolation: 0, interpolation_duration: 1 }
$data merge entity $(bone_right_arm) { transformation: [-1.3164493281723821f,0.0020269505082469753f,0.18497267131219777f,-1.7209148714675608f,0.0904579547399619f,1.166579463509216f,0.6310051862299251f,3.784798303672402f,-0.16135785101753258f,0.6374528046031616f,-1.1553680786333056f,-0.9552371706080591f,0f,0f,0f,1f], start_interpolation: 0, interpolation_duration: 1 }
$data merge entity $(bone_left_thumb_2) { transformation: [-0.9383368954738188f,0.20174999041474945f,0.2807504442742774f,2.218776620086726f,-0.24701999296787658f,0.17690315752813107f,-0.9527257716314426f,-0.24304866998843783f,-0.24187805536407359f,-0.9633287155609063f,-0.1161584784209419f,0.943985966127111f,0f,0f,0f,1f], start_interpolation: 0, interpolation_duration: 1 }
$data merge entity $(bone_left_thumb) { transformation: [-0.9383368954738188f,0.20174999041474945f,0.2807504442742774f,2.4736087592045886f,-0.24701999296787658f,0.17690315752813107f,-0.9527257716314426f,-0.09467253924301555f,-0.24187805536407359f,-0.9633287155609063f,-0.1161584784209419f,0.7063470287145208f,0f,0f,0f,1f], start_interpolation: 0, interpolation_duration: 1 }
$data merge entity $(bone_left_fingers_2) { transformation: [0.9333627475588225f,-0.13440130154325539f,0.3328216814045088f,2.1950133097704043f,0.22532039496320072f,-0.5023925006150882f,-0.8347649339420923f,-0.7184090806821736f,0.27940061038421615f,0.8541300050163305f,-0.43863109037975173f,1.1857223318134282f,0f,0f,0f,1f], start_interpolation: 0, interpolation_duration: 1 }
$data merge entity $(bone_left_fingers) { transformation: [0.011423194378114593f,0.9429205899847958f,0.3328216814045088f,2.6127886595516427f,0.4686842499435036f,0.28896812785417997f,-0.8347649339420923f,-0.620064973477102f,-0.8832919021960377f,0.1655239622144624f,-0.43863109037975173f,1.2963118072811075f,0f,0f,0f,1f], start_interpolation: 0, interpolation_duration: 1 }
$data merge entity $(bone_left_hand) { transformation: [-0.9266118906049776f,0.1749860925232195f,0.3328216814045088f,2.717410354616937f,-0.20319188678033787f,0.5117426718647768f,-0.8347649339420923f,-0.21430983560333505f,-0.316391310462401f,-0.8411297790568077f,-0.43863109037975173f,0.6231170112961908f,0f,0f,0f,1f], start_interpolation: 0, interpolation_duration: 1 }
$data merge entity $(bone_left_forearm) { transformation: [-1.6726491628823072f,0.4006989345641516f,0.6070532953388673f,3.2554025816186742f,-0.3249436366348535f,0.9502620416524443f,-1.5225775010942961f,1.1068892958460088f,-0.6507572301197586f,-1.5044171554682524f,-0.8000453808460977f,-1.6521155246632713f,0f,0f,0f,1f], start_interpolation: 0, interpolation_duration: 1 }
$data merge entity $(bone_left_bicep) { transformation: [-1.4517605209833446f,-0.5327585235713753f,0.3445203929518886f,2.415269533319415f,-0.2998572142177718f,1.334343463988482f,0.799842313882107f,3.1778659507608493f,-0.5591168005696417f,0.6677053478569526f,-1.323515216250837f,-0.5947874702604047f,0f,0f,0f,1f], start_interpolation: 0, interpolation_duration: 1 }
$data merge entity $(bone_left_shoulder) { transformation: [-0.988215350545933f,-0.03617185899566883f,0.22030659597256028f,1.9673366784484763f,0.08215378334837345f,0.8706698897996498f,0.5114662037169755f,3.394039501398744f,-0.2075913184450833f,0.5167576978429093f,-0.8463334478166208f,-0.5560873769629859f,0f,0f,0f,1f], start_interpolation: 0, interpolation_duration: 1 }
$data merge entity $(bone_left_arm) { transformation: [-1.3164493281723821f,0.0020269505082469753f,0.18497267131219777f,1.7445661345746781f,0.0904579547399619f,1.166579463509216f,0.6310051862299251f,3.546672674916171f,-0.16135785101753258f,0.6374528046031616f,-1.1553680786333056f,-0.5304714345402972f,0f,0f,0f,1f], start_interpolation: 0, interpolation_duration: 1 }
$data merge entity $(bone_chest) { transformation: [-2.6069118745313964f,0.004013888902486162f,0.366293971965489f,1.3693153383659465e-16f,0.17913026450080838f,2.3101305845388493f,1.2495542955363081f,4.28118834784051f,-0.31953048922168037f,1.262322255943088f,-2.2879291281382996f,-0.30134577652705774f,0f,0f,0f,1f], start_interpolation: 0, interpolation_duration: 1 }
$data merge entity $(bone_weist) { transformation: [-1.9325640602274323f,-0.0285946349563588f,0.2540034281231538f,0.025000000000000307f,0.032518711209079454f,1.893913062534943f,0.4606246698887877f,0.6520084940201545f,-0.2535309213249975f,0.4608849096472641f,-1.8770845515108985f,-1.7305398177073164f,0f,0f,0f,1f], start_interpolation: 0, interpolation_duration: 1 }
$data merge entity $(bone_right_cheek) { transformation: [-0.9935176714291436f,-0.0264696429122913f,0.11055313004211174f,-0.704273923196225f,-0.0009655023829407139f,0.9744428966708574f,0.22463327654837195f,-0.9540466441857385f,-0.11367367489071874f,0.22307039053133998f,-0.9681517941444071f,-2.833300942550537f,0f,0f,0f,1f], start_interpolation: 0, interpolation_duration: 1 }
$data merge entity $(bone_right_foot) { transformation: [-1.1750604061169105f,0.03626560759577594f,0.059234639854001965f,-1.1137950738170004f,0.051651230515818464f,1.1274409818160664f,0.33436488718821566f,-6.74106648614835f,-0.046433686469263956f,0.3363815290765763f,-1.127067999072612f,-1.5945321540867938f,0f,0f,0f,1f], start_interpolation: 0, interpolation_duration: 1 }
$data merge entity $(bone_right_knee) { transformation: [-2.899578505265681f,0.08209191238380767f,0.15044633015276704f,-1.071730046218007f,0.1274545521188204f,2.7374877250896863f,0.9627278850544995f,-3.3080962981598216f,-0.11457974288440799f,0.9676520869808982f,-2.736320450827366f,-0.48985370451074095f,0f,0f,0f,1f], start_interpolation: 0, interpolation_duration: 1 }
$data merge entity $(bone_right_leg) { transformation: [-2.463733918585838f,0.24288900894018353f,-0.03213768325171469f,-0.6803749999999996f,0.19982423267540242f,1.8041147118135452f,-1.6838209838319145f,-0.7603682734583472f,-0.1417680407723078f,-1.6781501002273445f,-1.8148627459567286f,-2.8035494680068744f,0f,0f,0f,1f], start_interpolation: 0, interpolation_duration: 1 }
$data merge entity $(bone_left_cheek) { transformation: [-0.9979848889116144f,-0.026348316742691235f,0.057722852570707084f,1.0405053091866645f,-0.013970354588710232f,0.9786267584014102f,0.20516943469584703f,-0.8888653966018276f,-0.06189499734823867f,0.20394958677470898f,-0.9770228120968757f,-2.6361588910716063f,0f,0f,0f,1f], start_interpolation: 0, interpolation_duration: 1 }
$data merge entity $(bone_left_foot) { transformation: [-1.1768992901100965f,-0.0192499732382343f,-0.011331122858772892f,1.1774114437930356f,-0.016986783874983192f,0.3835373371640798f,1.112745008998573f,-5.342057929905658f,-0.014505343446397725f,1.1127081577880056f,-0.3837460690092965f,-6.242623655548055f,0f,0f,0f,1f], start_interpolation: 0, interpolation_duration: 1 }
$data merge entity $(bone_left_knee) { transformation: [-2.904116134542068f,-0.046496475012397356f,-0.02960140939016096f,1.1837557121615356f,-0.04191657989759077f,0.850012667080289f,2.77716584932675f,-4.19127029786697f,-0.03579337866353624f,2.7770929462566607f,-0.850530593470554f,-2.8245809535524486f,0f,0f,0f,1f], start_interpolation: 0, interpolation_duration: 1 }
$data merge entity $(bone_left_leg) { transformation: [-2.4718992614586237f,-0.10314701913680281f,0.09532815209876173f,0.9866250000000003f,-0.09358155984128884f,2.462641291140017f,0.23801908698455707f,-0.7526790771842222f,-0.10473421502567291f,0.2340326612985523f,-2.462574299506014f,-2.457845564701375f,0f,0f,0f,1f], start_interpolation: 0, interpolation_duration: 1 }
data modify entity @s data merge value {"locators":{"consume":{"posx":2.3541540251034387,"posy":-0.5648317762345869,"posz":1.360790079492646,"roty":37.19026603531063,"rotx":-56.591369439264554}},"cameras":{}}