# This file was generated by Animated Java via MC-Build. It is not recommended to edit this file directly.
$data merge entity $(bone_right_thumb_2) { transformation: [-0.9354655267951296f,-0.23097410793404977f,-0.2674980553985031f,-2.335293187164417f,0.21685977933001044f,0.22250842299937712f,-0.950506095616051f,-0.15477102437859527f,0.27906286798291485f,-0.9471752547223771f,-0.15805996505994174f,0.46742438708441975f,0f,0f,0f,1f], start_interpolation: 0, interpolation_duration: 1 }
$data merge entity $(bone_right_thumb) { transformation: [-0.9354655267951296f,-0.23097410793404977f,-0.2674980553985031f,-2.599017642519362f,0.21685977933001044f,0.22250842299937712f,-0.950506095616051f,0.0009096039477909101f,0.27906286798291485f,-0.9471752547223771f,-0.15805996505994174f,0.2446237733316918f,0f,0f,0f,1f], start_interpolation: 0, interpolation_duration: 1 }
$data merge entity $(bone_right_fingers_2) { transformation: [0.9290985412637706f,0.16623987426801623f,-0.3303637462326756f,-2.29681875522966f,-0.19335269601191163f,-0.5431326222632824f,-0.8170812013370127f,-0.6414266513000928f,-0.3152628039690992f,0.8230256732549505f,-0.4724807991831799f,0.6834213878512773f,0f,0f,0f,1f], start_interpolation: 0, interpolation_duration: 1 }
$data merge entity $(bone_right_fingers) { transformation: [0.043545974310089f,-0.9428486322292128f,-0.3303637462326756f,-2.713037717202116f,-0.5132484562214983f,0.2625915699482999f,-0.8170812013370127f,-0.5566425579451726f,0.8571346278780444f,0.2051392797481497f,-0.4724807991831799f,0.8099570413232177f,0f,0f,0f,1f], start_interpolation: 0, interpolation_duration: 1 }
$data merge entity $(bone_right_hand) { transformation: [-0.9209629638526069f,-0.20660835991540688f,-0.3303637462326756f,-2.8429213485164686f,0.16947755484750476f,0.551049606500699f,-0.8170812013370127f,-0.11876798478233863f,0.35086261928956314f,-0.8084907648133591f,-0.4724807991831799f,0.16175162262901077f,0f,0f,0f,1f], start_interpolation: 0, interpolation_duration: 1 }
$data merge entity $(bone_right_forearm) { transformation: [-1.6641909888882227f,-0.4406882838274456f,-0.60257012092699f,-3.439942972516709f,0.27053077289292066f,1.0161588248380462f,-1.490323087540157f,1.3031572794785784f,0.6957801485057657f,-1.4491527320591464f,-0.8617858816111532f,-2.0367432255064024f,0f,0f,0f,1f], start_interpolation: 0, interpolation_duration: 1 }
$data merge entity $(bone_right_bicep) { transformation: [-1.4415885177090635f,0.5761727084777059f,-0.3161994805472583f,-2.5324595248959776f,0.28043833723851336f,1.2286136219314272f,0.9602069896095031f,3.2071362237834036f,0.5944000677151621f,0.8177213057597991f,-1.2198995784449662f,-0.746763213795953f,0f,0f,0f,1f], start_interpolation: 0, interpolation_duration: 1 }
$data merge entity $(bone_right_shoulder) { transformation: [-0.9907130281554355f,0.06338165321702402f,-0.20219653940016902f,-2.077844880401978f,-0.07397758331629219f,0.8024515994824054f,0.6140128063173032f,3.4027057249387838f,0.19856482990854207f,0.6151968588918882f,-0.7800755167288522f,-0.683909105585887f,0f,0f,0f,1f], start_interpolation: 0, interpolation_duration: 1 }
$data merge entity $(bone_right_arm) { transformation: [-1.3179994551735814f,-0.010083737664071045f,-0.17330200721028458f,-1.7412324528465715f,-0.09223401686954401f,1.1649929310192246f,0.6336735658946124f,3.54418148672422f,0.1470651338710165f,0.640271520697436f,-1.15571711828178f,-0.542293141708545f,0f,0f,0f,1f], start_interpolation: 0, interpolation_duration: 1 }
$data merge entity $(bone_left_thumb_2) { transformation: [-0.7847749779129516f,0.4255908051717928f,0.4505559905216569f,3.13172686945395f,-0.021632852970162313f,0.7077078715152401f,-0.7061739079488418f,1.7817423767826213f,-0.6194031431257818f,-0.5639344245110359f,-0.5461846859234601f,-1.8892393896311472f,0f,0f,0f,1f], start_interpolation: 0, interpolation_duration: 1 }
$data merge entity $(bone_left_thumb) { transformation: [-0.7847749779129516f,0.4255908051717928f,0.4505559905216569f,3.41449598892564f,-0.021632852970162313f,0.7077078715152401f,-0.7061739079488418f,2.0332474923731865f,-0.6194031431257818f,-0.5639344245110359f,-0.5461846859234601f,-1.9038668221445705f,0f,0f,0f,1f], start_interpolation: 0, interpolation_duration: 1 }
$data merge entity $(bone_left_fingers_2) { transformation: [0.7733052964023964f,-0.2798227471669115f,0.56894476772703f,3.119419834510154f,-0.01793104786405217f,-0.9066343394192405f,-0.4215360626427277f,1.2569962886253885f,0.6337802427328405f,0.31577429400411827f,-0.7061226516460875f,-1.9864955736088734f,0f,0f,0f,1f], start_interpolation: 0, interpolation_duration: 1 }
$data merge entity $(bone_left_fingers) { transformation: [0.1764922290111346f,0.8032137600755584f,0.56894476772703f,3.4698982668840124f,0.9012184283624555f,0.10056188279647253f,-0.4215360626427277f,1.2555569584441226f,-0.39579772293254334f,0.5871413487003886f,-0.7061226516460875f,-1.7152012036702264f,0f,0f,0f,1f], start_interpolation: 0, interpolation_duration: 1 }
$data merge entity $(bone_left_hand) { transformation: [-0.7603635843083395f,0.3132875211906954f,0.56894476772703f,3.6876359652385418f,0.057460815929524456f,0.9049892830991864f,-0.4215360626427277f,1.9780422565916402f,-0.646950905626144f,-0.2878286409338202f,-0.7061226516460875f,-1.9588801994955396f,0f,0f,0f,1f], start_interpolation: 0, interpolation_duration: 1 }
$data merge entity $(bone_left_forearm) { transformation: [-1.487839563545965f,-0.19045668341668817f,1.0377322614830737f,3.381925710884283f,-0.7264735958124565f,1.4859043327194432f,-0.7688647411778035f,4.099566562607191f,-0.7651131350121884f,-1.040501382690579f,-1.2879391774786262f,-3.5767064365535246f,0f,0f,0f,1f], start_interpolation: 0, interpolation_duration: 1 }
$data merge entity $(bone_left_bicep) { transformation: [-1.3432703115296918f,-0.6762664959268687f,-0.49842055789586537f,2.329051518299607f,-0.5663584514084778f,0.034729276245734575f,1.4792452595067342f,4.132986284585512f,-0.6204816923686164f,1.4323379698038272f,-0.2711917505698433f,-1.3399566706104769f,0f,0f,0f,1f], start_interpolation: 0, interpolation_duration: 1 }
$data merge entity $(bone_left_shoulder) { transformation: [-0.9582409787655384f,-0.08127202956051482f,-0.3187194102850003f,1.8954288702671873f,-0.3278124724209265f,0.1555446473495734f,0.9459163939128113f,4.00328174161704f,-0.026947879445011452f,0.9978044390354516f,-0.17341595053917488f,-1.1301456262487823f,0f,0f,0f,1f], start_interpolation: 0, interpolation_duration: 1 }
$data merge entity $(bone_left_arm) { transformation: [-1.3179994551735814f,-0.010083737664071045f,-0.17330200721028458f,1.7283291779220806f,-0.09223401686954401f,1.1649929310192246f,0.6336735658946124f,3.786982502101038f,0.1470651338710165f,0.640271520697436f,-1.15571711828178f,-0.9294340799690495f,0f,0f,0f,1f], start_interpolation: 0, interpolation_duration: 1 }
$data merge entity $(bone_chest) { transformation: [-2.6099815289419226f,-0.019968421794571416f,-0.34318302331000006f,1.362988107470036e-16f,-0.18264732919629573f,2.3069888377970815f,1.2548383809050088f,4.279950571002333f,0.2912271939476428f,1.267904046521612f,-2.288620317373478f,-0.29273668353708515f,0f,0f,0f,1f], start_interpolation: 0, interpolation_duration: 1 }
$data merge entity $(bone_weist) { transformation: [-1.9158021401594056f,-0.05042320894639561f,-0.356789715784422f,0.01562500000000031f,-0.1334344132065246f,1.8922685841557332f,0.44905913231870426f,0.6232393329327914f,0.33471877548504947f,0.4657427905466119f,-1.8631119762164012f,-1.7068115656164846f,0f,0f,0f,1f], start_interpolation: 0, interpolation_duration: 1 }
$data merge entity $(bone_right_cheek) { transformation: [-0.9931069968581961f,0.0010397589237712739f,-0.1172067049817339f,-0.9525693577185864f,-0.028050358284577016f,0.9687956423979195f,0.24626851335668062f,-1.047316644564236f,0.11380540493052879f,0.24785867378847798f,-0.9620885653807633f,-2.631421507894573f,0f,0f,0f,1f], start_interpolation: 0, interpolation_duration: 1 }
$data merge entity $(bone_right_foot) { transformation: [-1.1745054377917483f,0.04394571070872f,0.06478152502435791f,-1.3685945712160072f,0.05579208030390536f,-0.213367956232551f,1.1562665150842473f,-3.7520924058120584f,0.054910065102297886f,1.156777327163708f,0.21081270119945747f,-7.081114267176485f,0f,0f,0f,1f], start_interpolation: 0, interpolation_duration: 1 }
$data merge entity $(bone_right_knee) { transformation: [-2.8982090656876247f,0.11530997491137912f,0.15497260979291844f,-1.285120887005525f,0.13767251110762502f,-0.40155059654729114f,2.873452990155201f,-4.149038740359531f,0.13549605081112845f,2.8744372347700478f,0.3951962703722498f,-3.4974242684940773f,0f,0f,0f,1f], start_interpolation: 0, interpolation_duration: 1 }
$data merge entity $(bone_right_leg) { transformation: [-2.462940080881719f,0.1855512922463795f,-0.17178358149459758f,-0.9716249999999996f,0.1187353289489542f,2.3337038131603687f,0.8183771484097057f,-0.9011111643634075f,0.2232505377032629f,0.8058597603339654f,-2.3303995294860385f,-2.335550034343022f,0f,0f,0f,1f], start_interpolation: 0, interpolation_duration: 1 }
$data merge entity $(bone_left_cheek) { transformation: [-0.9832136297044224f,-0.0007110242141014581f,-0.18245671488882464f,0.7160265450284429f,-0.04516405161838279f,0.9698210114722666f,0.23959844354319493f,-0.9491159550175268f,0.1767799954883667f,0.24381693983699432f,-0.9535733495875693f,-2.861051058374841f,0f,0f,0f,1f], start_interpolation: 0, interpolation_duration: 1 }
$data merge entity $(bone_left_foot) { transformation: [-1.1744414605973985f,-0.05088933188786525f,-0.06073241643816057f,1.2319145902709812f,-0.03654494067127751f,1.1484427538475965f,-0.2556063444495148f,-6.897929606315918f,0.07030375393778247f,-0.25314109091871634f,-1.147417912160735f,-0.2479500763548914f,0f,0f,0f,1f], start_interpolation: 0, interpolation_duration: 1 }
$data merge entity $(bone_left_knee) { transformation: [-2.8980511955929487f,-0.097643246875804f,-0.16939230382711273f,1.1698689225901164f,-0.09017827840597246f,2.9003693651818057f,-0.12905081228976603f,-3.3010055771677647f,0.17348151013880705f,-0.1234991108812698f,-2.8968225392290634f,-0.5041847346632666f,0f,0f,0f,1f], start_interpolation: 0, interpolation_duration: 1 }
$data merge entity $(bone_left_leg) { transformation: [-2.4616264368270095f,-0.262548667809175f,-0.038421419612609614f,0.7522500000000005f,-0.16778538393739517f,1.8178860258074419f,-1.6724685901535092f,-0.7335426801705642f,0.20556282103143472f,-1.6602323081860302f,-1.8252082983604767f,-2.79132129685341f,0f,0f,0f,1f], start_interpolation: 0, interpolation_duration: 1 }
data modify entity @s data merge value {"locators":{"consume":{"posx":3.1981073639964817,"posy":1.2706941109434673,"posz":-1.7159754923530603,"roty":38.85946305597986,"rotx":-24.931603585878765}},"cameras":{}}
execute on vehicle unless entity @s[tag=aj.transforms_only] at @s run function animated_java:armor/animations/run/zzz/frames/zzz/1