# This file was generated by Animated Java via MC-Build. It is not recommended to edit this file directly.
$data merge entity $(bone_right_thumb_2) { transformation: [-0.7855055464975377f,-0.3751681331230571f,-0.4921685771263391f,-3.2166364528144413f,0.16669973101279678f,0.6376211468423425f,-0.7520973825108804f,1.4466588839189383f,0.5959800635104047f,-0.6728210348884884f,-0.43831452053259434f,-1.223979498547597f,0f,0f,0f,1f], start_interpolation: 0, interpolation_duration: 1 }
$data merge entity $(bone_right_thumb) { transformation: [-0.7855055464975377f,-0.3751681331230571f,-0.4921685771263391f,-3.482349590321221f,0.16669973101279678f,0.6376211468423425f,-0.7520973825108804f,1.710281802574682f,0.5959800635104047f,-0.6728210348884884f,-0.43831452053259434f,-1.2816565753865254f,0f,0f,0f,1f], start_interpolation: 0, interpolation_duration: 1 }
$data merge entity $(bone_right_fingers_2) { transformation: [0.7767227413713292f,0.21829910146543696f,-0.5908022387702926f,-3.2378937412233313f,-0.12918541158799945f,-0.862856577884819f,-0.48866108442737577f,0.9134747064058018f,-0.6164518736036463f,0.45587720748056976f,-0.6419992673128779f,-1.2391928481615824f,0f,0f,0f,1f], start_interpolation: 0, interpolation_duration: 1 }
$data merge entity $(bone_right_fingers) { transformation: [0.11504886054850835f,-0.7985715211241258f,-0.5908022387702926f,-3.5893877544020305f,-0.8386126403815333f,0.2407055960267122f,-0.48866108442737577f,0.9761544364297216f,0.5324402305224536f,0.5516741263562438f,-0.6419992673128779f,-0.9765884907440477f,0f,0f,0f,1f], start_interpolation: 0, interpolation_duration: 1 }
$data merge entity $(bone_right_hand) { transformation: [-0.7664614003608862f,-0.2519714992233046f,-0.5908022387702926f,-3.758158280504843f,0.0914251803898245f,0.8676703181260437f,-0.48866108442737577f,1.6646505017895736f,0.6357502325186499f,-0.42855406032636195f,-0.6419992673128779f,-1.3319247284590485f,0f,0f,0f,1f], start_interpolation: 0, interpolation_duration: 1 }
$data merge entity $(bone_right_forearm) { transformation: [-1.4674544958650677f,0.11038743579998803f,-1.0775994052598634f,-3.5727832286697545f,0.7596954150565378f,1.3983129807221262f,-0.8912980679433711f,3.6508331266076386f,0.772184395427013f,-1.1659176572961811f,-1.1709807161083021f,-3.1298125294558954f,0f,0f,0f,1f], start_interpolation: 0, interpolation_duration: 1 }
$data merge entity $(bone_right_bicep) { transformation: [-1.3247296985467423f,0.7783448407402264f,0.38652954681995066f,-2.359231973812315f,0.5869424211064888f,0.2816698282081279f,1.4444013493715533f,4.0699817296349385f,0.6408778167306289f,1.3509167156615476f,-0.523864684104881f,-1.016919191142667f,0f,0f,0f,1f], start_interpolation: 0, interpolation_duration: 1 }
$data merge entity $(bone_right_shoulder) { transformation: [-0.969294632959815f,0.16058649759617452f,0.24716971896235868f,-1.9019412483028293f,0.2856932426233222f,0.30280432825126724f,0.9236351490596871f,3.9914909494951587f,0.0725276795541472f,0.9533805610819494f,-0.334989880617905f,-0.8336245281393222f,0f,0f,0f,1f], start_interpolation: 0, interpolation_duration: 1 }
$data merge entity $(bone_right_arm) { transformation: [-1.326512179129532f,0.010072284197051758f,0.08672842105286928f,-1.7455993951784199f,0.05288150204390434f,1.143436012863893f,0.6760291876344932f,3.7324156694666213f,-0.0694752953851259f,0.6780195165946376f,-1.1413678415629962f,-0.7318412202141888f,0f,0f,0f,1f], start_interpolation: 0, interpolation_duration: 1 }
$data merge entity $(bone_left_thumb_2) { transformation: [-0.8908096405367765f,0.2507237006622224f,0.3789403782298467f,2.840651993657765f,-0.2869893644073146f,0.33610534278675247f,-0.8970341706241102f,0.3514801970669264f,-0.3522716126000285f,-0.9078385453793203f,-0.22745084409545596f,-0.12678875320101196f,0f,0f,0f,1f], start_interpolation: 0, interpolation_duration: 1 }
$data merge entity $(bone_left_thumb) { transformation: [-0.8908096405367765f,0.2507237006622224f,0.3789403782298467f,3.095979018222591f,-0.2869893644073146f,0.33610534278675247f,-0.8970341706241102f,0.555039317530212f,-0.3522716126000285f,-0.9078385453793203f,-0.22745084409545596f,-0.3186192900819783f,0f,0f,0f,1f], start_interpolation: 0, interpolation_duration: 1 }
$data merge entity $(bone_left_fingers_2) { transformation: [0.885338220681098f,-0.14475365309455826f,0.4418400331760434f,2.846049425995746f,0.25955706206640083f,-0.6345651514780748f,-0.7279815932158358f,-0.15506571785052198f,0.38575428258502226f,0.759192629340794f,-0.5242329491952278f,0.041588172985261435f,0f,0f,0f,1f], start_interpolation: 0, interpolation_duration: 1 }
$data merge entity $(bone_left_fingers) { transformation: [0.027955438753307915f,0.8966581726204823f,0.4418400331760434f,3.2435855046604996f,0.5952573636644801f,0.3401638883569894f,-0.7279815932158358f,-0.039186468296232735f,-0.8030486687912028f,0.28335957815247864f,-0.5242329491952278f,0.19962267578006598f,0f,0f,0f,1f], start_interpolation: 0, interpolation_duration: 1 }
$data merge entity $(bone_left_hand) { transformation: [-0.8781815092030184f,0.18323379048882238f,0.4418400331760434f,3.355430215612616f,-0.23163067810558402f,0.6452829060956758f,-0.7279815932158358f,0.4704838388624999f,-0.4185026473682766f,-0.7416436807010613f,-0.5242329491952278f,-0.3974544573972394f,0f,0f,0f,1f], start_interpolation: 0, interpolation_duration: 1 }
$data merge entity $(bone_left_forearm) { transformation: [-1.6248007807827751f,0.19333601117875499f,0.8058983628117623f,3.598641624994015f,-0.5234570015254635f,1.1356692210238855f,-1.327809003436292f,2.0633096163288f,-0.6425291837381095f,-1.414109319972822f,-0.9561797115837322f,-2.545811999085984f,0f,0f,0f,1f], start_interpolation: 0, interpolation_duration: 1 }
$data merge entity $(bone_left_bicep) { transformation: [-1.4181811575571868f,-0.70561702514468f,0.031644494927815806f,2.492905865477262f,-0.4323649216768957f,0.9233709739890344f,1.2126752140541919f,3.487258674205428f,-0.5585314089078575f,1.0768589573867229f,-1.0190937184787718f,-0.8539408546508096f,0f,0f,0f,1f], start_interpolation: 0, interpolation_duration: 1 }
$data merge entity $(bone_left_shoulder) { transformation: [-1.0042939465332714f,-0.1318983631717193f,0.020235350653949827f,2.0210248160038713f,-0.06951511662075686f,0.6482660547371704f,0.7754558333674116f,3.5825913221586947f,-0.11390476805063796f,0.767311490031894f,-0.6516684431113765f,-0.7231260807467768f,0f,0f,0f,1f], start_interpolation: 0, interpolation_duration: 1 }
$data merge entity $(bone_left_arm) { transformation: [-1.326512179129532f,0.010072284197051758f,0.08672842105286928f,1.746371516789063f,0.05288150204390434f,1.143436012863893f,0.6760291876344932f,3.5932080015508707f,-0.0694752953851259f,0.6780195165946376f,-1.1413678415629962f,-0.5489512969988527f,0f,0f,0f,1f], start_interpolation: 0, interpolation_duration: 1 }
$data merge entity $(bone_chest) { transformation: [-2.6268389352168637f,0.019945740952598875f,0.1717448183257973f,1.2780787494789328e-16f,0.10471912034221408f,2.26430053623104f,1.338713522092666f,4.262019439788983f,-0.13757914463559576f,1.3426548908103118f,-2.260205019443958f,-0.17692895322624513f,0f,0f,0f,1f], start_interpolation: 0, interpolation_duration: 1 }
$data merge entity $(bone_weist) { transformation: [-1.929923481377893f,0.082105667035157f,0.2622846869267937f,-0.03906249999999967f,0.1496807460091611f,1.8742655283789682f,0.5146490502602604f,0.7059340734611561f,-0.23050004735295662f,0.529647647120573f,-1.8618491720865216f,-1.7107507760455256f,0f,0f,0f,1f], start_interpolation: 0, interpolation_duration: 1 }
$data merge entity $(bone_right_cheek) { transformation: [-0.9915131128195528f,0.028524274675803762f,0.12683892486575407f,-0.9054699064315781f,0.05555353636237067f,0.9750334700701094f,0.21499659727697068f,-0.7752034001029207f,-0.1175395750567266f,0.22021829623639477f,-0.9683430953428767f,-2.7740050600928425f,0f,0f,0f,1f], start_interpolation: 0, interpolation_duration: 1 }
$data merge entity $(bone_right_foot) { transformation: [-1.1765755374368028f,0.03272732992999439f,0.01377757081328005f,-1.2172391210290099f,0.02953650865701186f,1.1555192150748443f,-0.22247209516191507f,-7.143065169834895f,-0.019710257182896332f,-0.22202513448938896f,-1.1558145354222344f,-1.088979574533684f,0f,0f,0f,1f], start_interpolation: 0, interpolation_duration: 1 }
$data merge entity $(bone_right_knee) { transformation: [-2.9033172425977742f,0.06679696642544296f,0.05670840012591345f,-1.197445028279827f,0.07288427486505264f,2.884468173015722f,0.3338561514646165f,-3.550427714639414f,-0.048637021350797276f,0.3351271589557131f,-2.884831522986814f,-0.772858451320712f,0f,0f,0f,1f], start_interpolation: 0, interpolation_duration: 1 }
$data merge entity $(bone_right_leg) { transformation: [-2.46918156445472f,0.1808997316919716f,-0.020746367628456268f,-0.8928749999999996f,0.1596959460757903f,2.0159396043291684f,-1.4284598137305704f,-0.709893467197845f,-0.0874775942911135f,-1.4259297043367847f,-2.022148578054073f,-2.7313954647709853f,0f,0f,0f,1f], start_interpolation: 0, interpolation_duration: 1 }
$data merge entity $(bone_left_cheek) { transformation: [-0.9951858124598625f,0.0015701339503936323f,0.09799353732762842f,0.866881171661581f,0.025873448377324616f,0.9686084521977864f,0.2472412404921039f,-1.0073834677555609f,-0.09452916665066607f,0.24858640552207653f,-0.9639860142356549f,-2.712544900616834f,0f,0f,0f,1f], start_interpolation: 0, interpolation_duration: 1 }
$data merge entity $(bone_left_foot) { transformation: [-1.175382223627f,-0.02328192455516835f,-0.059375712603886105f,1.1730812150281889f,-0.06103456634822495f,0.09271445500307861f,1.1718659080375742f,-4.05478937799048f,-0.01850148558618901f,1.1732232850992397f,-0.0937854637383345f,-6.525168230761848f,0f,0f,0f,1f], start_interpolation: 0, interpolation_duration: 1 }
$data merge entity $(bone_left_knee) { transformation: [-2.9003726220021617f,-0.03616628172150644f,-0.153164428444636f,1.187934696941307f,-0.15060886720398728f,-0.18220695984245946f,2.8950036755483612f,-4.178506319200047f,-0.04565425712749188f,2.8986930352118057f,0.18006405792030786f,-2.92074846761098f,0f,0f,0f,1f], start_interpolation: 0, interpolation_duration: 1 }
$data merge entity $(bone_left_leg) { transformation: [-2.4670125301631303f,-0.1752331734149074f,0.11469626799558279f,0.8897500000000005f,-0.1570490435338913f,2.444920068101976f,0.3573712096075754f,-0.7680322494751115f,-0.13855503196298385f,0.34881502041373275f,-2.4472726263313134f,-2.394423993248073f,0f,0f,0f,1f], start_interpolation: 0, interpolation_duration: 1 }
data modify entity @s data merge value {"locators":{"consume":{"posx":2.9769444444729314,"posy":-0.01651638662596666,"posz":0.2495089486443014,"roty":40.12524395198517,"rotx":-46.71744970820742}},"cameras":{}}