# This file was generated by Animated Java via MC-Build. It is not recommended to edit this file directly.
$data merge entity $(bone_right_thumb_2) { transformation: [-0.9279435523714519f,-0.2218644985226625f,-0.2994944204948362f,-2.535670704657028f,0.23822116718465466f,0.2649519170710607f,-0.9343720656920085f,-0.044565592186932235f,0.28665561065053474f,-0.9383904442904655f,-0.1930076033396399f,0.21687672577091038f,0f,0f,0f,1f], start_interpolation: 0, interpolation_duration: 1 }
$data merge entity $(bone_right_thumb) { transformation: [-0.9279435523714519f,-0.2218644985226625f,-0.2994944204948362f,-2.7936096273553193f,0.23822116718465466f,0.2649519170710607f,-0.9343720656920085f,0.12810948756937274f,0.28665561065053474f,-0.9383904442904655f,-0.1930076033396399f,-0.00009790146774146802f,0f,0f,0f,1f], start_interpolation: 0, interpolation_duration: 1 }
$data merge entity $(bone_right_fingers_2) { transformation: [0.9224344626646477f,0.14642669937163597f,-0.35731482448914814f,-2.514117392714362f,-0.21319474287079043f,-0.5783973593595204f,-0.7874036425482114f,-0.5398671754940354f,-0.3219668673960716f,0.8025058980450313f,-0.5023162548654962f,0.41481732742987965f,0f,0f,0f,1f], start_interpolation: 0, interpolation_duration: 1 }
$data merge entity $(bone_right_fingers) { transformation: [0.024772140675770854f,-0.9336554274713068f,-0.35731482448914814f,-2.9273918361952354f,-0.5456215917809206f,0.28686683719848677f,-0.7874036425482114f,-0.44565122165434073f,0.8376654580611487f,0.21446435710650774f,-0.5023162548654962f,0.5442987036917423f,0f,0f,0f,1f], start_interpolation: 0, interpolation_duration: 1 }
$data merge entity $(bone_right_hand) { transformation: [-0.9151694665304139f,-0.1865233597454397f,-0.35731482448914814f,-3.041327004648075f,0.1877624902466739f,0.587146277309306f,-0.7874036425482114f,0.019949083607192053f,0.35666524191012083f,-0.787698092743087f,-0.5023162548654962f,-0.08737312365253569f,0f,0f,0f,1f], start_interpolation: 0, interpolation_duration: 1 }
$data merge entity $(bone_right_forearm) { transformation: [-1.6667139174949128f,-0.3523409650646832f,-0.6517277983940498f,-3.510268261574487f,0.33467417578979053f,1.0733932602112393f,-1.4361924197773845f,1.5253503825343169f,0.6609738836910968f,-1.4319606541046728f,-0.916204546926031f,-2.2612054310502607f,0f,0f,0f,1f], start_interpolation: 0, interpolation_duration: 1 }
$data merge entity $(bone_right_bicep) { transformation: [-1.4431599975704683f,0.6135158403386906f,-0.2258807007015487f,-2.5456726466274997f,0.32114328773018486f,1.1420431778304676f,1.050113767455813f,3.2929581704666866f,0.5694653334855072f,0.910752573154698f,-1.1646345093349426f,-0.8266921106728942f,0f,0f,0f,1f], start_interpolation: 0, interpolation_duration: 1 }
$data merge entity $(bone_right_shoulder) { transformation: [-0.9994019695630146f,0.08213016222455141f,-0.14444140110569353f,-2.084303587786375f,-0.0347742742099864f,0.7578162398543463f,0.6715044863089364f,3.4603211078885625f,0.16247901942581894f,0.6673695840633049f,-0.7447357821270814f,-0.7372450178692207f,0f,0f,0f,1f], start_interpolation: 0, interpolation_duration: 1 }
$data merge entity $(bone_right_arm) { transformation: [-1.3214664612769937f,-0.010080817595542503f,-0.14450813175359456f,-1.7437781338793217f,-0.07926689317763247f,1.1603200445205444f,0.6439192381316596f,3.5608217757211333f,0.12124760893425751f,0.6487014742596909f,-1.154011804934108f,-0.5551198674532924f,0f,0f,0f,1f], start_interpolation: 0, interpolation_duration: 1 }
$data merge entity $(bone_left_thumb_2) { transformation: [-0.7818412289087731f,0.4177333397409868f,0.4628424674198124f,3.1640109308674385f,-0.055207537982423456f,0.693055544717008f,-0.7187670969701726f,1.711439206953971f,-0.6210285182890866f,-0.587514143494309f,-0.5187973695633099f,-1.7285120114325572f,0f,0f,0f,1f], start_interpolation: 0, interpolation_duration: 1 }
$data merge entity $(bone_left_thumb) { transformation: [-0.7818412289087731f,0.4177333397409868f,0.4628424674198124f,3.44321200113215f,-0.055207537982423456f,0.693055544717008f,-0.7187670969701726f,1.966312783641654f,-0.6210285182890866f,-0.587514143494309f,-0.5187973695633099f,-1.751169949256208f,0f,0f,0f,1f], start_interpolation: 0, interpolation_duration: 1 }
$data merge entity $(bone_left_fingers_2) { transformation: [0.7708797062602906f,-0.2681199810976527f,0.5778028679508624f,3.1596079007910935f,0.01602438889714633f,-0.8986462928625312f,-0.43838118034982015f,1.1834139848749554f,0.6367791590783423f,0.3471980934000398f,-0.6884517314255632f,-1.806861635821499f,0f,0f,0f,1f], start_interpolation: 0, interpolation_duration: 1 }
$data merge entity $(bone_left_fingers) { transformation: [0.16520618477304377f,0.7992814036999062f,0.5778028679508624f,3.508956706438164f,0.8888666467857832f,0.1331841767887424f,-0.43838118034982015f,1.1967858224447054f,-0.42734412449983605f,0.5860129800205898f,-0.6884517314255632f,-1.5344383542466877f,0f,0f,0f,1f], start_interpolation: 0, interpolation_duration: 1 }
$data merge entity $(bone_left_hand) { transformation: [-0.7584507702770029f,0.3014900908056159f,0.5778028679508624f,3.7173366012158313f,0.023189263523164416f,0.8984899547420386f,-0.43838118034982015f,1.913115724795106f,-0.6513176545461314f,-0.3190917209419101f,-0.6884517314255632f,-1.8031825723827843f,0f,0f,0f,1f], start_interpolation: 0, interpolation_duration: 1 }
$data merge entity $(bone_left_forearm) { transformation: [-1.4798571324016423f,-0.16176909470936213f,1.05388907827646f,3.454847657268604f,-0.7298947895153148f,1.4679028242099645f,-0.7995895550520328f,4.0067539314329865f,-0.777241935018877f,-1.0704768191356724f,-1.255708133196082f,-3.4643461669624687f,0f,0f,0f,1f], start_interpolation: 0, interpolation_duration: 1 }
$data merge entity $(bone_left_bicep) { transformation: [-1.3363932006802328f,-0.7100296723161105f,-0.46909021892363656f,2.3489295939788644f,-0.5671714609769171f,0.09205875061810319f,1.4764742720993986f,4.129667345105889f,-0.634432268183498f,1.4133356313165024f,-0.3318322561509529f,-1.2565083131555004f,0f,0f,0f,1f], start_interpolation: 0, interpolation_duration: 1 }
$data merge entity $(bone_left_shoulder) { transformation: [-0.961823425615441f,-0.1064441407035841f,-0.2999638670141687f,1.907842983337136f,-0.31532399823815166f,0.1886133355783589f,0.9441444616391877f,4.012733186084055f,-0.0433526555048754f,0.9897007796393418f,-0.21219305527937218f,-1.0549108229531132f,0f,0f,0f,1f], start_interpolation: 0, interpolation_duration: 1 }
$data merge entity $(bone_left_arm) { transformation: [-1.3214664612769937f,-0.010080817595542503f,-0.14450813175359456f,1.7349102012311433f,-0.07926689317763247f,1.1603200445205444f,0.6439192381316596f,3.7694875457104926f,0.12124760893425751f,0.6487014742596909f,-1.154011804934108f,-0.8742975804101912f,0f,0f,0f,1f], start_interpolation: 0, interpolation_duration: 1 }
$data merge entity $(bone_chest) { transformation: [-2.616847102258448f,-0.01996263929982696f,-0.286163665074592f,1.3440367944280837e-16f,-0.15696905354409751f,2.2977353078350444f,1.275127475248196f,4.276162165680828f,0.24010178342987898f,1.2845975459012653f,-2.2852433536569823f,-0.2669342114305018f,0f,0f,0f,1f], start_interpolation: 0, interpolation_duration: 1 }
$data merge entity $(bone_weist) { transformation: [-1.9193874760152918f,-0.05743145511372889f,-0.3358460754698605f,0.02083333333333364f,-0.1375880493212505f,1.8885144814617185f,0.4633808622749646f,0.6414669572532778f,0.311705770124585f,0.47995200051904807f,-1.863498009550357f,-1.7080511858008673f,0f,0f,0f,1f], start_interpolation: 0, interpolation_duration: 1 }
$data merge entity $(bone_right_cheek) { transformation: [-0.9929846898266543f,-0.0005617274256831117f,-0.11824166030702501f,-0.9179758392180205f,-0.031233326972203962f,0.9657180748221834f,0.25770735194786937f,-1.0336647423932566f,0.11404334726808948f,0.25959253537810917f,-0.9589608076036553f,-2.6626811143762543f,0f,0f,0f,1f], start_interpolation: 0, interpolation_duration: 1 }
$data merge entity $(bone_right_foot) { transformation: [-1.1744488907691486f,0.04438046867088207f,0.06550627335020373f,-1.3375352573233326f,0.05983859792581703f,-0.13942184423591739f,1.167292502513698f,-3.7585689449089177f,0.05176910319825099f,1.1679823706832957f,0.13685041689246105f,-6.9095239232702035f,0f,0f,0f,1f], start_interpolation: 0, interpolation_duration: 1 }
$data merge entity $(bone_right_knee) { transformation: [-2.898069530281263f,0.10596093352950144f,0.16399380096491575f,-1.2653519023131028f,0.14765769608755916f,-0.4067912280653577f,2.872219836657567f,-4.161837324286009f,0.12774541469453154f,2.8740601708851994f,0.40048462104041826f,-3.3262945931021366f,0f,0f,0f,1f], start_interpolation: 0, interpolation_duration: 1 }
$data merge entity $(bone_right_leg) { transformation: [-2.4628251022008945f,0.18796413627302852f,-0.17080609586121318f,-0.9484999999999997f,0.13291635409652813f,2.372739186669783f,0.6945896038628601f,-0.8575150155415896f,0.21642199916344443f,0.681755790922096f,-2.370312908196162f,-2.3371920210682493f,0f,0f,0f,1f], start_interpolation: 0, interpolation_duration: 1 }
$data merge entity $(bone_left_cheek) { transformation: [-0.9849206569039977f,-0.002311479187089631f,-0.17299120401848508f,0.7703659172850972f,-0.04455019737640905f,0.9695790932528935f,0.24068997037811846f,-0.9104114680714114f,0.1671723048758989f,0.24476731601842655f,-0.9550614543010388f,-2.8442252069010783f,0f,0f,0f,1f], start_interpolation: 0, interpolation_duration: 1 }
$data merge entity $(bone_left_foot) { transformation: [-1.1752387108716222f,-0.05293567294777617f,-0.04003350940070113f,1.2560183049183251f,-0.04028853584013444f,1.133253917434065f,-0.3157582736473679f,-7.023637469015552f,0.05274183562626687f,-0.31388575632939125f,-1.1332629551983335f,-0.4208581067446417f,0f,0f,0f,1f], start_interpolation: 0, interpolation_duration: 1 }
$data merge entity $(bone_left_knee) { transformation: [-2.9000184899945145f,-0.10340042943099488f,-0.12700313939995528f,1.18832207302939f,-0.09941597208327438f,2.9014738356420744f,-0.09216688186777464f,-3.4238742257617965f,0.13014572877623087f,-0.08767337573047254f,-2.900397241241853f,-0.6317849878361819f,0f,0f,0f,1f], start_interpolation: 0, interpolation_duration: 1 }
$data merge entity $(bone_left_leg) { transformation: [-2.4640043425460165f,-0.24189318038882426f,-0.013528197766673225f,0.7991250000000005f,-0.17876822599523873f,1.9086241283484668f,-1.5669105210571634f,-0.7315032084171254f,0.16351527215507966f,-1.5584140492521543f,-1.9169301316961491f,-2.7758299708944443f,0f,0f,0f,1f], start_interpolation: 0, interpolation_duration: 1 }
data modify entity @s data merge value {"locators":{"consume":{"posx":3.2369825788144597,"posy":1.207959473779575,"posz":-1.5367299083795256,"roty":40.00601991508711,"rotx":-26.00063961510591}},"cameras":{}}