# This file was generated by Animated Java via MC-Build. It is not recommended to edit this file directly.
$data merge entity $(bone_right_thumb_2) { transformation: [-0.9185643205489981f,-0.2234587037583285f,-0.32604569730178196f,-2.7048922722535416f,0.25318374107493624f,0.30081798699513357f,-0.9194599131857215f,0.11584559785861342f,0.30354173068897344f,-0.9271325398317343f,-0.21974455923981268f,-0.021997587636980148f,0f,0f,0f,1f], start_interpolation: 0, interpolation_duration: 1 }
$data merge entity $(bone_right_thumb) { transformation: [-0.9185643205489981f,-0.2234587037583285f,-0.32604569730178196f,-2.960151727026157f,0.25318374107493624f,0.30081798699513357f,-0.9194599131857215f,0.3021533683908463f,0.30354173068897344f,-0.9271325398317343f,-0.21974455923981268f,-0.23070596136800514f,0f,0f,0f,1f], start_interpolation: 0, interpolation_duration: 1 }
$data merge entity $(bone_right_fingers_2) { transformation: [0.9133949239822708f,0.13844179176649854f,-0.3828101136802721f,-2.6946901477222425f,-0.22689543801553697f,-0.6076256188215174f,-0.7611238845020597f,-0.3859766023573527f,-0.33797658654285356f,0.7820645610461123f,-0.5235903449306449f,0.1597689700483936f,0f,0f,0f,1f], start_interpolation: 0, interpolation_duration: 1 }
$data merge entity $(bone_right_fingers) { transformation: [0.018035441625749188f,-0.923650983710547f,-0.3828101136802721f,-3.1040867516460353f,-0.5728114998634065f,0.30426537440978896f,-0.7611238845020597f,-0.28514505325719447f,0.8194886872127021f,0.23300524076897836f,-0.5235903449306449f,0.2963898242132791f,0f,0f,0f,1f], start_interpolation: 0, interpolation_duration: 1 }
$data merge entity $(bone_right_hand) { transformation: [-0.9064868282637698f,-0.17815175286364116f,-0.3828101136802721f,-3.211462346330616f,0.20017522659398068f,0.6169443338734404f,-0.7611238845020597f,0.20341782570268552f,0.3717680847549171f,-0.766577877226488f,-0.5235903449306449f,-0.31887512627474823f,0f,0f,0f,1f], start_interpolation: 0, interpolation_duration: 1 }
$data merge entity $(bone_right_forearm) { transformation: [-1.6634687196949065f,-0.2686540569756204f,-0.6982301754440551f,-3.5593335832089084f,0.40308259214869524f,1.1122451933614625f,-1.388259203241425f,1.764807337814808f,0.6302577283435599f,-1.4204098666048357f,-0.9550076273770554f,-2.475894891590854f,0f,0f,0f,1f], start_interpolation: 0, interpolation_duration: 1 }
$data merge entity $(bone_right_bicep) { transformation: [-1.442769861632338f,0.6410075477227725f,-0.13288719280408237f,-2.553038925523342f,0.3602423857389632f,1.0459527363064525f,1.1341705571974836f,3.3812686491273305f,0.5466032434645918f,1.0026099705563418f,-1.098240728191459f,-0.8988297852564617f,0f,0f,0f,1f], start_interpolation: 0, interpolation_duration: 1 }
$data merge entity $(bone_right_shoulder) { transformation: [-1.005162447574061f,0.09402410179959701f,-0.08497588442929996f,-2.087739613059812f,0.004856987380310187f,0.7073853830981829f,0.7252553399455011f,3.5190453318893176f,0.12664060299663069f,0.719151143172738f,-0.7022796947177341f,-0.7831289676382529f,0f,0f,0f,1f], start_interpolation: 0, interpolation_duration: 1 }
$data merge entity $(bone_right_arm) { transformation: [-1.3243046410523764f,-0.01006946434414658f,-0.11564451946031594f,-1.7454960176041632f,-0.06611243473734477f,1.1540182464842421f,0.6566040390225938f,3.5773632541791245f,0.09541590520707624f,0.6598471974446095f,-1.150111000018806f,-0.5608052535594072f,0f,0f,0f,1f], start_interpolation: 0, interpolation_duration: 1 }
$data merge entity $(bone_left_thumb_2) { transformation: [-0.7820094386663058f,0.4017527289211776f,0.4765039167112857f,3.198915134747597f,-0.1014433166264947f,0.6722881720684311f,-0.7333061210768013f,1.6202382760870382f,-0.6149556824264866f,-0.6217904458105432f,-0.4849805667757215f,-1.5335309511106634f,0f,0f,0f,1f], start_interpolation: 0, interpolation_duration: 1 }
$data merge entity $(bone_left_thumb) { transformation: [-0.7820094386663058f,0.4017527289211776f,0.4765039167112857f,3.4726768070521925f,-0.1014433166264947f,0.6722881720684311f,-0.7333061210768013f,1.8794514715777144f,-0.6149556824264866f,-0.6217904458105432f,-0.4849805667757215f,-1.5694506662745809f,0f,0f,0f,1f], start_interpolation: 0, interpolation_duration: 1 }
$data merge entity $(bone_left_fingers_2) { transformation: [0.7719065934308612f,-0.24845670529765773f,0.5851747402362779f,3.205352691307803f,0.06285048787867929f,-0.8861346025337703f,-0.45914625378601137f,1.0890591393863904f,0.6326215513175111f,0.39119653856463116f,-0.6683975172183664f,-1.5862184075573769f,0f,0f,0f,1f], start_interpolation: 0, interpolation_duration: 1 }
$data merge entity $(bone_left_fingers) { transformation: [0.1455770953511485f,0.7977329331916333f,0.5851747402362779f,3.5550003937481867f,0.8703499633056542f,0.17797656870531509f,-0.45914625378601137f,1.122860463704431f,-0.4704234801569417f,0.5761479916595691f,-0.6683975172183664f,-1.3159559554048021f,0f,0f,0f,1f], start_interpolation: 0, interpolation_duration: 1 }
$data merge entity $(bone_left_hand) { transformation: [-0.7603343801225184f,0.2818903222764309f,0.5851747402362779f,3.747726739650061f,-0.02413801965499751f,0.8880326985203904f,-0.45914625378601137f,1.8294945448564364f,-0.649083189129745f,-0.36322964163939475f,-0.6683975172183664f,-1.6197634524818836f,0f,0f,0f,1f], start_interpolation: 0, interpolation_duration: 1 }
$data merge entity $(bone_left_forearm) { transformation: [-1.4729430608060932f,-0.13439917456347328f,1.067335075378553f,3.526361900459192f,-0.7384509527345259f,1.4422802950313924f,-0.8374642097445942f,3.8835112728692347f,-0.7822771194801463f,-1.1084191328528767f,-1.2191300570066461f,-3.3354845145892744f,0f,0f,0f,1f], start_interpolation: 0, interpolation_duration: 1 }
$data merge entity $(bone_left_bicep) { transformation: [-1.3301720648514443f,-0.7432876126430071f,-0.4339358923433391f,2.36811128309964f,-0.572012549704674f,0.1666033969010677f,1.4680529646456528f,4.122842813585896f,-0.6431006738860634f,1.3892089075858933f,-0.40823362210235314f,-1.1643358831780979f,0f,0f,0f,1f], start_interpolation: 0, interpolation_duration: 1 }
$data merge entity $(bone_left_shoulder) { transformation: [-0.9653479225356736f,-0.13235908829271958f,-0.2774841236345234f,1.919348110428924f,-0.30173275569099123f,0.23259652741484504f,0.9387593825067829f,4.0216249063467675f,-0.05893819870016356f,0.9771350499535445f,-0.26104858082951676f,-0.9713615486201129f,0f,0f,0f,1f], start_interpolation: 0, interpolation_duration: 1 }
$data merge entity $(bone_left_arm) { transformation: [-1.3243046410523764f,-0.01006946434414658f,-0.11564451946031594f,1.7406636708602337f,-0.06611243473734477f,1.1540182464842421f,0.6566040390225938f,3.7514006302804512f,0.09541590520707624f,0.6598471974446095f,-1.150111000018806f,-0.8119824163207763f,0f,0f,0f,1f], start_interpolation: 0, interpolation_duration: 1 }
$data merge entity $(bone_chest) { transformation: [-2.6224674359850577f,-0.019940156910839252f,-0.22900620977497904f,1.3188406478464654e-16f,-0.13091980639333642f,2.2852561096006982f,1.3002466783659878f,4.270936162542095f,0.18894829522136977f,1.3066689750852067f,-2.2775187459289743f,-0.23258992888129093f,0f,0f,0f,1f], start_interpolation: 0, interpolation_duration: 1 }
$data merge entity $(bone_weist) { transformation: [-1.9237710527277239f,-0.06680404392367391f,-0.30786587653010244f,0.027777777777778095f,-0.14264750294719206f,1.8832903805025967f,0.48270930604107426f,0.6659052798596203f,0.2808840830647676f,0.49889257756672284f,-1.8634241517859094f,-1.7093809612611854f,0f,0f,0f,1f], start_interpolation: 0, interpolation_duration: 1 }
$data merge entity $(bone_right_cheek) { transformation: [-0.9927411563373569f,-0.0017367261414191508f,-0.12025797394051307f,-0.8835636890194475f,-0.034279709419191874f,0.9625070019959266f,0.2690820927355613f,-1.0235346578115805f,0.11528182005894587f,0.2712512762939985f,-0.9555798486117074f,-2.6915111770348674f,0f,0f,0f,1f], start_interpolation: 0, interpolation_duration: 1 }
$data merge entity $(bone_right_foot) { transformation: [-1.1743635415655318f,0.04524244195452215f,0.06644011261441551f,-1.3076971279677254f,0.0638951425245128f,-0.06491236296501164f,1.1735819914997982f,-3.755896723314687f,0.04877066618364688f,1.1744489778005909f,0.06230502018066442f,-6.735033318858865f,0f,0f,0f,1f], start_interpolation: 0, interpolation_duration: 1 }
$data merge entity $(bone_right_knee) { transformation: [-2.897858922626575f,0.0969264296730446f,0.17305380758137112f,-1.246410845597579f,0.15766762363068804f,-0.411965154088911f,2.8709500728520467f,-4.165405064927492f,0.1203464729280654f,2.873642056273077f,0.4057422179246797f,-3.1523087739258573f,0f,0f,0f,1f], start_interpolation: 0, interpolation_duration: 1 }
$data merge entity $(bone_right_leg) { transformation: [-2.462609541798131f,0.19096120793801546f,-0.17058952091707105f,-0.9253749999999996f,0.1470986362558307f,2.4051518449591085f,0.5688754844783988f,-0.8139188667197699f,0.20959236339985435f,0.5556897899833251f,-2.4035999295747645f,-2.3388340077934773f,0f,0f,0f,1f], start_interpolation: 0, interpolation_duration: 1 }
$data merge entity $(bone_left_cheek) { transformation: [-0.9863669708426215f,-0.004449893234163376f,-0.16450044766187008f,0.8245855841360985f,-0.04470052637117114f,0.9692934209833076f,0.24181010520781854f,-0.8726899707074092f,0.15837317251634303f,0.24586675759175053f,-0.9562779280828497f,-2.8233564766679895f,0f,0f,0f,1f], start_interpolation: 0, interpolation_duration: 1 }
$data merge entity $(bone_left_foot) { transformation: [-1.1757548001007554f,-0.053071390597927766f,-0.019364204517555487f,1.286900681126897f,-0.044151553945045774f,1.1149366909846021f,-0.37491026960741697f,-7.1402712599961395f,0.03524464783244749f,-0.37375191969121785f,-1.1156425109338828f,-0.6013811963859882f,0f,0f,0f,1f], start_interpolation: 0, interpolation_duration: 1 }
$data merge entity $(bone_left_knee) { transformation: [-2.901291991533503f,-0.11052910359345318f,-0.08495166658998517f,1.2118247896223422f,-0.10894835374139539f,2.9020740070557074f,-0.05500365735743271f,-3.538278475694563f,0.08696967640866604f,-0.05175387294185614f,-2.9028755571940925f,-0.7668500116169397f,0f,0f,0f,1f], start_interpolation: 0, interpolation_duration: 1 }
$data merge entity $(bone_left_leg) { transformation: [-2.4656199677035255f,-0.2248341435106522f,0.01343524144033865f,0.8460000000000003f,-0.1897058087942927f,1.9933723144688122f,-1.4561906622959833f,-0.7294637366636874f,0.12141912497803635f,-1.4511819826472978f,-2.0023338813166216f,-2.7603386449354783f,0f,0f,0f,1f], start_interpolation: 0, interpolation_duration: 1 }
data modify entity @s data merge value {"locators":{"consume":{"posx":3.282847497330741,"posy":1.1282655608217307,"posz":-1.317856928292426,"roty":41.20179293300484,"rotx":-27.33203053065702}},"cameras":{}}