# This file was generated by Animated Java via MC-Build. It is not recommended to edit this file directly.
$data merge entity $(bone_left_fingers_2) { transformation: [-0.9988543139288162f,-0.010985002495530423f,0.046576703038826495f,2.3052618580285857f,-0.013074729890827873f,0.9989103335905427f,-0.0448017509067726f,-1.4637970059099479f,-0.046033802624546816f,-0.04535939997623206f,-0.9979095218754657f,0.7165383550615813f,0f,0f,0f,1f], start_interpolation: 0, interpolation_duration: 1 }
$data merge entity $(bone_left_fingers) { transformation: [-0.9988543139288162f,-0.010985002495530423f,0.046576703038826495f,2.3457757362979517f,-0.013074729890827873f,0.9989103335905427f,-0.0448017509067726f,-1.4836593854989604f,-0.046033802624546816f,-0.04535939997623206f,-0.9979095218754657f,0.14179185734080957f,0f,0f,0f,1f], start_interpolation: 0, interpolation_duration: 1 }
$data merge entity $(bone_left_index_finger_2) { transformation: [-0.887457556972474f,0.09724931076054918f,0.45051265923284134f,1.6319458381044651f,0.07912385952975817f,0.9951205137320611f,-0.05894555117015962f,-1.4484726256102303f,-0.4540468031222807f,-0.016665374470348687f,-0.8908219608138318f,0.575606120536921f,0f,0f,0f,1f], start_interpolation: 0, interpolation_duration: 1 }
$data merge entity $(bone_left_index_finger) { transformation: [-0.887457556972474f,0.09724931076054918f,0.45051265923284134f,1.8921486650667028f,0.07912385952975817f,0.9951205137320611f,-0.05894555117015962f,-1.4766880859619063f,-0.4540468031222807f,-0.016665374470348687f,-0.8908219608138318f,0.06210953901406513f,0f,0f,0f,1f], start_interpolation: 0, interpolation_duration: 1 }
$data merge entity $(bone_left_thumb) { transformation: [-0.8650556080752179f,-0.011054802093123026f,0.5015541708412931f,1.7719655675269999f,0.0011879802007588175f,0.9997092409038176f,0.024083653264303007f,-1.5622495097413411f,-0.5016745794244091f,0.021429535743791805f,-0.8647909524024565f,-0.7777467612005562f,0f,0f,0f,1f], start_interpolation: 0, interpolation_duration: 1 }
$data merge entity $(bone_left_hand) { transformation: [-0.984807753012208f,-0.022665635416815447f,0.17216259343480467f,2.356475308148997f,0.015134435901338625f,0.9764688357507457f,0.2151268501548131f,-1.442012625609975f,-0.17298739392508958f,0.21446417364850273f,-0.9612910484157599f,-0.5911038653942493f,0f,0f,0f,1f], start_interpolation: 0, interpolation_duration: 1 }
$data merge entity $(bone_left_forearm) { transformation: [-1.970924479662795f,-0.026552882199530434f,0.3465112887966767f,2.682625f,0.030288987990396116f,1.9747608965019727f,0.32360533401651054f,-0.21353631265896178f,-0.34620471692793797f,0.3239332947449483f,-1.9443579783268368f,-2.4321192245865575f,0f,0f,0f,1f], start_interpolation: 0, interpolation_duration: 1 }
$data merge entity $(bone_left_bicep) { transformation: [-1.2901533333333335f,-1.3770451781791179e-17f,1.573969840985263e-16f,1.7790731250000003f,0f,1.2852439103920592f,0.11244427202503371f,1.3358290292331916f,-1.579982150075955e-16f,0.11244427202503371f,-1.2852439103920592f,-1.9332297122130242f,0f,0f,0f,1f], start_interpolation: 0, interpolation_duration: 1 }
$data merge entity $(bone_left_shoulder) { transformation: [-1.2327766666666666f,-1.3158041922187999e-17f,1.503971073725352e-16f,1.3743293750000003f,0f,1.2280855792645484f,0.10744356602531556f,1.4504428812958463f,-1.5097159988968769e-16f,0.10744356602531556f,-1.2280855792645484f,-1.8974198143346022f,0f,0f,0f,1f], start_interpolation: 0, interpolation_duration: 1 }
$data merge entity $(bone_right_fingers_2) { transformation: [-0.9988543139288162f,0.01098500249553043f,-0.046576703038826286f,-2.3052616388484246f,0.013074729890827873f,0.9989103335905427f,-0.0448017509067726f,-1.4637964281615843f,0.046033802624546594f,-0.04535939997623206f,-0.9979095218754657f,0.7165392495688927f,0f,0f,0f,1f], start_interpolation: 0, interpolation_duration: 1 }
$data merge entity $(bone_right_fingers) { transformation: [-0.9988543139288162f,0.01098500249553043f,-0.046576703038826286f,-2.3457756917804264f,0.013074729890827873f,0.9989103335905427f,-0.0448017509067726f,-1.4836589757571628f,0.046033802624546594f,-0.04535939997623206f,-0.9979095218754657f,0.14178900968741381f,0f,0f,0f,1f], start_interpolation: 0, interpolation_duration: 1 }
$data merge entity $(bone_right_index_finger_2) { transformation: [-0.8874575569724741f,-0.09724931076054918f,-0.4505126592328411f,-1.6319452555788354f,-0.07912385952975817f,0.9951205137320611f,-0.05894555117015962f,-1.4484728881398394f,0.4540468031222805f,-0.016665374470348715f,-0.8908219608138318f,0.5756062769180518f,0f,0f,0f,1f], start_interpolation: 0, interpolation_duration: 1 }
$data merge entity $(bone_right_index_finger) { transformation: [-0.8874575569724741f,-0.09724931076054918f,-0.4505126592328411f,-1.892148082541073f,-0.07912385952975817f,0.9951205137320611f,-0.05894555117015962f,-1.4766883484915154f,0.4540468031222805f,-0.016665374470348715f,-0.8908219608138318f,0.06210969539519584f,0f,0f,0f,1f], start_interpolation: 0, interpolation_duration: 1 }
$data merge entity $(bone_right_thumb) { transformation: [-0.865055608075218f,0.011054802093123019f,-0.5015541708412928f,-1.77196498500137f,-0.0011879802007588175f,0.9997092409038176f,0.024083653264303007f,-1.5622497722709503f,0.5016745794244089f,0.021429535743791805f,-0.8647909524024566f,-0.7777466048194253f,0f,0f,0f,1f], start_interpolation: 0, interpolation_duration: 1 }
$data merge entity $(bone_right_hand) { transformation: [-0.984807753012208f,0.022665635416815398f,-0.17216259343480445f,-2.356474725623367f,-0.015134435901338625f,0.9764688357507457f,0.2151268501548131f,-1.4420128881395842f,0.17298739392508936f,0.21446417364850273f,-0.9612910484157599f,-0.5911037090131186f,0f,0f,0f,1f], start_interpolation: 0, interpolation_duration: 1 }
$data merge entity $(bone_right_forearm) { transformation: [-1.9709265313456132f,0.026552909840412975f,-0.34651164950621377f,-2.682625f,-0.030289019520470903f,1.9747629521784047f,0.3236056708815252f,-0.21353915340569718f,0.34620507731834144f,0.3239336319513619f,-1.9443600023545953f,-2.4321226100566857f,0f,0f,0f,1f], start_interpolation: 0, interpolation_duration: 1 }
$data merge entity $(bone_right_bicep) { transformation: [-1.2901533333333333f,-1.3770451781791175e-17f,1.5739698409852627e-16f,-1.7790731249999998f,0f,1.285243910392059f,0.11244427202503368f,1.3358290292331916f,-1.5799821500759548e-16f,0.11244427202503368f,-1.285243910392059f,-1.9332297122130246f,0f,0f,0f,1f], start_interpolation: 0, interpolation_duration: 1 }
$data merge entity $(bone_right_shoulder) { transformation: [-1.2327766666666666f,-1.3158041922187999e-17f,1.503971073725352e-16f,-1.3743293749999999f,0f,1.2280855792645484f,0.10744356602531556f,1.4504428812958463f,-1.5097159988968769e-16f,0.10744356602531556f,-1.2280855792645484f,-1.8974198143346026f,0f,0f,0f,1f], start_interpolation: 0, interpolation_duration: 1 }
$data merge entity $(bone_chest) { transformation: [-4.0674850000000005f,3.805920618573917e-17f,4.966671597794441e-16f,1.599767500604035e-16f,0f,4.055595132614916f,-0.3107770029059601f,1.696776254824078f,-4.981232485829872e-16f,-0.3107770029059601f,-4.055595132614916f,-1.3063092980913804f,0f,0f,0f,1f], start_interpolation: 0, interpolation_duration: 1 }
$data merge entity $(bone_weist) { transformation: [-1.0999999999999999f,1.4527509380822142e-17f,1.3374056838123958e-16f,4.838544898726595e-16f,0f,0.9828671550598874f,-0.13180679605777637f,1.677100904095687f,-1.3471114790620883e-16f,-0.11862611645199872f,-1.0920746167332083f,-3.950971743114324f,0f,0f,0f,1f], start_interpolation: 0, interpolation_duration: 1 }
$data merge entity $(bone_right_fingers2) { transformation: [-0.9761391457631039f,-0.03374187089406671f,-0.21450840136797905f,1.0721840242568434f,-0.044274275871424046f,0.998028472493761f,0.044485464905195414f,-1.4819717448869199f,0.21258446934086903f,0.052921207850336105f,-0.9757085574876971f,-5.792238777408802f,0f,0f,0f,1f], start_interpolation: 0, interpolation_duration: 1 }
$data merge entity $(bone_left_foot) { transformation: [-0.9761391457631039f,-0.04306648116195084f,-0.21283243716408734f,1.0775212918611063f,-0.044274275871424046f,0.9990189992587767f,0.0009097340564376832f,-0.5073604508184955f,0.21258446934086903f,0.010311029062113064f,-0.9770882898053489f,-5.587454884794706f,0f,0f,0f,1f], start_interpolation: 0, interpolation_duration: 1 }
$data merge entity $(bone_left_knee) { transformation: [-1.547194374672418f,-0.15490558410237262f,-0.3073495331539583f,1.5368776008025606f,-0.07017535447511529f,1.5276523149868457f,-0.41668181226644696f,-0.5443334634413033f,0.33694939551859304f,-0.39313175026097974f,-1.4980595583388603f,-3.5614221365616645f,0f,0f,0f,1f], start_interpolation: 0, interpolation_duration: 1 }
$data merge entity $(bone_left_thigh) { transformation: [-1.5219808394500185f,-0.3831325221354002f,-0.3293748750896081f,0.8588237306146026f,-0.3457732716414551f,1.5521015667191767f,-0.20766700440212535f,1.1059224401231385f,0.36840084483683305f,-0.12607224350012552f,-1.5556640448546284f,-4.6817039505715075f,0f,0f,0f,1f], start_interpolation: 0, interpolation_duration: 1 }
$data merge entity $(bone_left_leg) { transformation: [-0.9490709792536325f,-0.22972591828113345f,-0.21561604487709424f,0.5257450000000006f,-0.2156159716406633f,0.9725809094982439f,-0.08715576431321803f,1.3188193872890606f,0.22972598701932656f,-0.0362267435668531f,-0.972580893262117f,-4.931638125f,0f,0f,0f,1f], start_interpolation: 0, interpolation_duration: 1 }
$data merge entity $(bone_left_fingers2) { transformation: [-0.9761391457631039f,0.03374187089406669f,0.21450840136797925f,-1.0656338811267594f,0.044274275871424046f,0.998028472493761f,0.044485464905195414f,-1.4746521696685182f,-0.21258446934086925f,0.052921207850336105f,-0.9757085574876971f,-5.788808331836742f,0f,0f,0f,1f], start_interpolation: 0, interpolation_duration: 1 }
$data merge entity $(bone_right_foot) { transformation: [-0.9761391457631039f,0.043066481161950824f,0.21283243716408753f,-1.0709711487310223f,0.044274275871424046f,0.9990189992587767f,0.0009097340564376832f,-0.5000408756000938f,-0.21258446934086925f,0.010311029062113064f,-0.9770882898053489f,-5.584024439222645f,0f,0f,0f,1f], start_interpolation: 0, interpolation_duration: 1 }
$data merge entity $(bone_right_knee) { transformation: [-1.547194374672418f,0.1549055841023727f,0.30734953315395863f,-1.528090404890446f,0.07017535447511529f,1.5276523149868457f,-0.41668181226644696f,-0.5060803925974504f,-0.33694939551859343f,-0.39313175026097974f,-1.4980595583388603f,-3.5618213059902386f,0f,0f,0f,1f], start_interpolation: 0, interpolation_duration: 1 }
$data merge entity $(bone_right_thigh) { transformation: [-1.5219808394500185f,0.3831325221354002f,0.3293748750896085f,-0.8586040988588446f,0.3457732716414551f,1.5521015667191767f,-0.20766700440212535f,1.1224791654792954f,-0.36840084483683344f,-0.1260722435001254f,-1.5556640448546284f,-4.6670715254682f,0f,0f,0f,1f], start_interpolation: 0, interpolation_duration: 1 }
$data merge entity $(bone_right_leg) { transformation: [-0.9490709792536325f,0.22972591828113345f,0.21561604487709446f,-0.5257449999999995f,0.2156159716406633f,0.9725809094982439f,-0.08715576431321803f,1.3188193872890606f,-0.22972598701932678f,-0.03622674356685304f,-0.972580893262117f,-4.931638125f,0f,0f,0f,1f], start_interpolation: 0, interpolation_duration: 1 }