# This file was generated by Animated Java via MC-Build. It is not recommended to edit this file directly.
$data merge entity $(bone_left_fingers_2) { transformation: [-0.9988543139288162f,-0.010985002495530416f,0.046576703038826495f,2.313711525493311f,-0.01307472989082787f,0.9989103335905428f,-0.044801750906772686f,-1.460108897030429f,-0.04603380262454679f,-0.04535939997623209f,-0.9979095218754657f,0.7147415894010946f,0f,0f,0f,1f], start_interpolation: 0, interpolation_duration: 1 }
$data merge entity $(bone_left_fingers) { transformation: [-0.9988543139288162f,-0.010985002495530416f,0.046576703038826495f,2.354225403762677f,-0.01307472989082787f,0.9989103335905428f,-0.044801750906772686f,-1.4799712766194415f,-0.04603380262454679f,-0.04535939997623209f,-0.9979095218754657f,0.13999509168032287f,0f,0f,0f,1f], start_interpolation: 0, interpolation_duration: 1 }
$data merge entity $(bone_left_index_finger_2) { transformation: [-0.887457556972474f,0.09724931076054918f,0.45051265923284134f,1.6403955055691906f,0.07912385952975817f,0.9951205137320612f,-0.058945551170159705f,-1.4447845167307114f,-0.45404680312228074f,-0.016665374470348715f,-0.8908219608138319f,0.5738093548764345f,0f,0f,0f,1f], start_interpolation: 0, interpolation_duration: 1 }
$data merge entity $(bone_left_index_finger) { transformation: [-0.887457556972474f,0.09724931076054918f,0.45051265923284134f,1.9005983325314282f,0.07912385952975817f,0.9951205137320612f,-0.058945551170159705f,-1.4729999770823874f,-0.45404680312228074f,-0.016665374470348715f,-0.8908219608138319f,0.06031277335357843f,0f,0f,0f,1f], start_interpolation: 0, interpolation_duration: 1 }
$data merge entity $(bone_left_thumb) { transformation: [-0.8650556080752179f,-0.011054802093123019f,0.5015541708412931f,1.7804152349917253f,0.0011879802007588036f,0.9997092409038177f,0.02408365326430295f,-1.5585614008618225f,-0.5016745794244091f,0.021429535743791778f,-0.8647909524024566f,-0.7795435268610429f,0f,0f,0f,1f], start_interpolation: 0, interpolation_duration: 1 }
$data merge entity $(bone_left_hand) { transformation: [-0.984807753012208f,-0.022665635416815443f,0.17216259343480467f,2.3649249756137225f,0.015134435901338625f,0.9764688357507458f,0.21512685015481306f,-1.4383245167304561f,-0.17298739392508958f,0.21446417364850273f,-0.96129104841576f,-0.592900631054736f,0f,0f,0f,1f], start_interpolation: 0, interpolation_duration: 1 }
$data merge entity $(bone_left_forearm) { transformation: [-1.970924479662795f,-0.041763538466686394f,0.34500860231504027f,2.682625f,0.030288987990396116f,1.958621803731428f,0.41012393310444684f,-0.12883443290954677f,-0.34620471692793797f,0.40911473959426686f,-1.9282338699375283f,-2.378724709915213f,0f,0f,0f,1f], start_interpolation: 0, interpolation_duration: 1 }
$data merge entity $(bone_left_bicep) { transformation: [-2.46898625f,-2.635272508089252e-17f,3.0121302599489206e-16f,1.8165731250000001f,0f,2.459591011911421f,0.21518633045250526f,3.720816407979669f,-3.0236361082013267e-16f,0.21518633045250526f,-2.459591011911421f,-1.886371980778649f,0f,0f,0f,1f], start_interpolation: 0, interpolation_duration: 1 }
$data merge entity $(bone_left_shoulder) { transformation: [-1.2327766666666666f,-1.3158041922188e-17f,1.503971073725352e-16f,1.3743293750000003f,0f,1.2280855792645484f,0.10744356602531556f,1.5351447610452613f,-1.5097159988968769e-16f,0.10744356602531556f,-1.2280855792645484f,-1.844025299663258f,0f,0f,0f,1f], start_interpolation: 0, interpolation_duration: 1 }
$data merge entity $(bone_right_fingers_2) { transformation: [-0.9988543139288162f,0.01098500249553043f,-0.046576703038826286f,-2.3137112849086723f,0.01307472989082787f,0.9989103335905428f,-0.044801750906772686f,-1.4601084795781785f,0.046033802624546566f,-0.04535939997623209f,-0.9979095218754657f,0.7147425917388314f,0f,0f,0f,1f], start_interpolation: 0, interpolation_duration: 1 }
$data merge entity $(bone_right_fingers) { transformation: [-0.9988543139288162f,0.01098500249553043f,-0.046576703038826286f,-2.354225337840674f,0.01307472989082787f,0.9989103335905428f,-0.044801750906772686f,-1.479971027173757f,0.046033802624546566f,-0.04535939997623209f,-0.9979095218754657f,0.13999235185735248f,0f,0f,0f,1f], start_interpolation: 0, interpolation_duration: 1 }
$data merge entity $(bone_right_index_finger_2) { transformation: [-0.8874575569724741f,-0.09724931076054918f,-0.4505126592328411f,-1.640394901639083f,-0.07912385952975817f,0.9951205137320612f,-0.058945551170159705f,-1.4447849395564336f,0.4540468031222805f,-0.016665374470348743f,-0.8908219608138319f,0.5738096190879904f,0f,0f,0f,1f], start_interpolation: 0, interpolation_duration: 1 }
$data merge entity $(bone_right_index_finger) { transformation: [-0.8874575569724741f,-0.09724931076054918f,-0.4505126592328411f,-1.9005977286013207f,-0.07912385952975817f,0.9951205137320612f,-0.058945551170159705f,-1.4730003999081096f,0.4540468031222805f,-0.016665374470348743f,-0.8908219608138319f,0.0603130375651344f,0f,0f,0f,1f], start_interpolation: 0, interpolation_duration: 1 }
$data merge entity $(bone_right_thumb) { transformation: [-0.865055608075218f,0.011054802093123019f,-0.5015541708412928f,-1.7804146310616176f,-0.0011879802007588036f,0.9997092409038177f,0.02408365326430295f,-1.5585618236875445f,0.5016745794244089f,0.021429535743791778f,-0.8647909524024567f,-0.7795432626494867f,0f,0f,0f,1f], start_interpolation: 0, interpolation_duration: 1 }
$data merge entity $(bone_right_hand) { transformation: [-0.984807753012208f,0.022665635416815395f,-0.17216259343480445f,-2.364924371683615f,-0.015134435901338625f,0.9764688357507458f,0.21512685015481306f,-1.4383249395561784f,0.17298739392508936f,0.21446417364850273f,-0.96129104841576f,-0.59290036684318f,0f,0f,0f,1f], start_interpolation: 0, interpolation_duration: 1 }
$data merge entity $(bone_right_forearm) { transformation: [-1.9709265313456132f,0.04176358194147956f,-0.34500896146031856f,-2.682625f,-0.030289019520470903f,1.9586238426074702f,0.4101243600331474f,-0.12883727365628195f,0.34620507731834144f,0.4091151654724223f,-1.9282358771804957f,-2.3787280953853416f,0f,0f,0f,1f], start_interpolation: 0, interpolation_duration: 1 }
$data merge entity $(bone_right_bicep) { transformation: [-2.46898625f,-2.635272508089252e-17f,3.0121302599489206e-16f,-1.8165731249999997f,0f,2.459591011911421f,0.21518633045250526f,3.720816407979669f,-3.0236361082013267e-16f,0.21518633045250526f,-2.459591011911421f,-1.8863719807786496f,0f,0f,0f,1f], start_interpolation: 0, interpolation_duration: 1 }
$data merge entity $(bone_right_shoulder) { transformation: [-1.2327766666666666f,-1.3158041922188e-17f,1.503971073725352e-16f,-1.3743293749999999f,0f,1.2280855792645484f,0.10744356602531556f,1.5351447610452613f,-1.5097159988968769e-16f,0.10744356602531556f,-1.2280855792645484f,-1.8440252996632585f,0f,0f,0f,1f], start_interpolation: 0, interpolation_duration: 1 }
$data merge entity $(bone_chest) { transformation: [-4.0674850000000005f,5.986118981757001e-17f,4.945133049094769e-16f,1.5988372904454852e-16f,0f,4.038007572908176f,-0.4888037094388986f,1.7546425802219303f,-4.981232485829872e-16f,-0.4888037094388986f,-4.038007572908176f,-1.3055497238539777f,0f,0f,0f,1f], start_interpolation: 0, interpolation_duration: 1 }
$data merge entity $(bone_weist) { transformation: [-1.0999999999999999f,1.6188703535311622e-17f,1.33734884185295e-16f,4.833422724642096e-16f,0f,1.0920282017509573f,-0.13219079612654708f,1.6186986481114192f,-1.3471114790620883e-16f,-0.13219079612654708f,-1.0920282017509573f,-3.94678917056519f,0f,0f,0f,1f], start_interpolation: 0, interpolation_duration: 1 }
$data merge entity $(bone_right_fingers2) { transformation: [-0.9761391457631039f,-0.03374187089406675f,-0.21450840136797905f,1.0704915746616634f,-0.044274275871424046f,0.9980284724937611f,0.044485464905195476f,-1.4835954789519952f,0.21258446934086903f,0.05292120785033604f,-0.9757085574876969f,-5.790507109838122f,0f,0f,0f,1f], start_interpolation: 0, interpolation_duration: 1 }
$data merge entity $(bone_left_foot) { transformation: [-0.9761391457631039f,-0.04306648116195088f,-0.21283243716408734f,1.0758288422659263f,-0.044274275871424046f,0.9990189992587768f,0.0009097340564377387f,-0.5089841848835708f,0.21258446934086903f,0.010311029062113009f,-0.9770882898053487f,-5.585723217224025f,0f,0f,0f,1f], start_interpolation: 0, interpolation_duration: 1 }
$data merge entity $(bone_left_knee) { transformation: [-1.547194374672418f,-0.1481093055375896f,-0.3106816845731758f,1.5368776008025606f,-0.07017535447511529f,1.5364459998908655f,-0.3829869678953564f,-0.5915862200914321f,0.33694939551859304f,-0.360093365068783f,-1.5063425180971033f,-3.5614221365616645f,0f,0f,0f,1f], start_interpolation: 0, interpolation_duration: 1 }
$data merge entity $(bone_left_thigh) { transformation: [-1.5219808394500185f,-0.3831325221354002f,-0.3293748750896081f,0.8588237306146026f,-0.3457732716414551f,1.5521015667191767f,-0.20766700440212535f,1.0586696834730096f,0.36840084483683305f,-0.12607224350012552f,-1.5556640448546284f,-4.6817039505715075f,0f,0f,0f,1f], start_interpolation: 0, interpolation_duration: 1 }
$data merge entity $(bone_left_leg) { transformation: [-0.9490709792536325f,-0.22972591828113345f,-0.21561604487709424f,0.5257450000000006f,-0.2156159716406633f,0.9725809094982439f,-0.08715576431321803f,1.2715666306389317f,0.22972598701932656f,-0.0362267435668531f,-0.972580893262117f,-4.931638125f,0f,0f,0f,1f], start_interpolation: 0, interpolation_duration: 1 }
$data merge entity $(bone_left_fingers2) { transformation: [-0.9761391457631039f,0.0337418708940667f,0.21450840136797925f,-1.0638000090017694f,0.044274275871424046f,0.9980284724937611f,0.044485464905195476f,-1.4763610875123256f,-0.21258446934086925f,0.0529212078503361f,-0.9757085574876969f,-5.78774378504868f,0f,0f,0f,1f], start_interpolation: 0, interpolation_duration: 1 }
$data merge entity $(bone_right_foot) { transformation: [-0.9761391457631039f,0.04306648116195084f,0.21283243716408753f,-1.0691372766060323f,0.044274275871424046f,0.9990189992587768f,0.0009097340564377387f,-0.501749793443901f,-0.21258446934086925f,0.010311029062113064f,-0.9770882898053487f,-5.582959892434584f,0f,0f,0f,1f], start_interpolation: 0, interpolation_duration: 1 }
$data merge entity $(bone_right_knee) { transformation: [-1.547194374672418f,0.14810930553758964f,0.31068168457317613f,-1.528090404890446f,0.07017535447511529f,1.5364459998908655f,-0.3829869678953564f,-0.5533331492475793f,-0.33694939551859343f,-0.36009336506878287f,-1.5063425180971033f,-3.5618213059902386f,0f,0f,0f,1f], start_interpolation: 0, interpolation_duration: 1 }
$data merge entity $(bone_right_thigh) { transformation: [-1.5219808394500185f,0.3831325221354002f,0.3293748750896085f,-0.8586040988588446f,0.3457732716414551f,1.5521015667191767f,-0.20766700440212535f,1.0752264088291665f,-0.36840084483683344f,-0.1260722435001254f,-1.5556640448546284f,-4.6670715254682f,0f,0f,0f,1f], start_interpolation: 0, interpolation_duration: 1 }
$data merge entity $(bone_right_leg) { transformation: [-0.9490709792536325f,0.22972591828113345f,0.21561604487709446f,-0.5257449999999995f,0.2156159716406633f,0.9725809094982439f,-0.08715576431321803f,1.2715666306389317f,-0.22972598701932678f,-0.03622674356685304f,-0.972580893262117f,-4.931638125f,0f,0f,0f,1f], start_interpolation: 0, interpolation_duration: 1 }