# This file was generated by Animated Java via MC-Build. It is not recommended to edit this file directly.
$data merge entity $(bone_left_fingers_2) { transformation: [-0.9988543139288162f,-0.010985002495530423f,0.046576703038826495f,2.3020913573572277f,-0.013074729890827879f,0.9989103335905427f,-0.0448017509067726f,-1.4633958455252232f,-0.04603380262454679f,-0.04535939997623206f,-0.9979095218754656f,0.7146317769365593f,0f,0f,0f,1f], start_interpolation: 0, interpolation_duration: 1 }
$data merge entity $(bone_left_fingers) { transformation: [-0.9988543139288162f,-0.010985002495530423f,0.046576703038826495f,2.3426052356265936f,-0.013074729890827879f,0.9989103335905427f,-0.0448017509067726f,-1.4832582251142357f,-0.04603380262454679f,-0.04535939997623206f,-0.9979095218754656f,0.13988527921578764f,0f,0f,0f,1f], start_interpolation: 0, interpolation_duration: 1 }
$data merge entity $(bone_left_index_finger_2) { transformation: [-0.887457556972474f,0.09724931076054918f,0.45051265923284134f,1.628775337433107f,0.07912385952975817f,0.9951205137320611f,-0.05894555117015962f,-1.4480714652255056f,-0.45404680312228063f,-0.016665374470348687f,-0.8908219608138317f,0.5736995424118989f,0f,0f,0f,1f], start_interpolation: 0, interpolation_duration: 1 }
$data merge entity $(bone_left_index_finger) { transformation: [-0.887457556972474f,0.09724931076054918f,0.45051265923284134f,1.8889781643953447f,0.07912385952975817f,0.9951205137320611f,-0.05894555117015962f,-1.4762869255771816f,-0.45404680312228063f,-0.016665374470348687f,-0.8908219608138317f,0.0602029608890432f,0f,0f,0f,1f], start_interpolation: 0, interpolation_duration: 1 }
$data merge entity $(bone_left_thumb) { transformation: [-0.8650556080752179f,-0.011054802093123026f,0.5015541708412931f,1.7687950668556418f,0.0011879802007588175f,0.9997092409038176f,0.024083653264303007f,-1.5618483493566164f,-0.501674579424409f,0.021429535743791833f,-0.8647909524024564f,-0.779653339325578f,0f,0f,0f,1f], start_interpolation: 0, interpolation_duration: 1 }
$data merge entity $(bone_left_hand) { transformation: [-0.984807753012208f,-0.022665635416815447f,0.17216259343480467f,2.353304807477639f,0.01513443590133862f,0.9764688357507457f,0.2151268501548131f,-1.4416114652252503f,-0.17298739392508955f,0.2144641736485027f,-0.9612910484157597f,-0.5930104435192711f,0f,0f,0f,1f], start_interpolation: 0, interpolation_duration: 1 }
$data merge entity $(bone_left_forearm) { transformation: [-1.970924479662795f,-0.02050138221977315f,0.34692192514125536f,2.682625f,0.030288987990396105f,1.9801078226669955f,0.2890917175745154f,-0.24594889876574832f,-0.3462047169279379f,0.28995023243781765f,-1.9497152587074855f,-2.4549461200996183f,0f,0f,0f,1f], start_interpolation: 0, interpolation_duration: 1 }
$data merge entity $(bone_left_bicep) { transformation: [-1.2901533333333335f,-1.3770451781791174e-17f,1.573969840985263e-16f,1.7790731250000003f,0f,1.2852439103920592f,0.11244427202503368f,1.303416443126405f,-1.579982150075955e-16f,0.11244427202503368f,-1.2852439103920592f,-1.9560566077260855f,0f,0f,0f,1f], start_interpolation: 0, interpolation_duration: 1 }
$data merge entity $(bone_left_shoulder) { transformation: [-1.2327766666666666f,-1.3158041922187994e-17f,1.503971073725352e-16f,1.3743293750000003f,0f,1.2280855792645484f,0.10744356602531553f,1.4180302951890598f,-1.5097159988968769e-16f,0.10744356602531553f,-1.2280855792645484f,-1.9202467098476634f,0f,0f,0f,1f], start_interpolation: 0, interpolation_duration: 1 }
$data merge entity $(bone_right_fingers_2) { transformation: [-0.9988543139288162f,0.010985002495530423f,-0.046576703038826314f,-2.302091146985062f,0.013074729890827879f,0.9989103335905427f,-0.0448017509067726f,-1.463395205536126f,0.046033802624546566f,-0.04535939997623206f,-0.9979095218754656f,0.7146326267457919f,0f,0f,0f,1f], start_interpolation: 0, interpolation_duration: 1 }
$data merge entity $(bone_right_fingers) { transformation: [-0.9988543139288162f,0.010985002495530423f,-0.046576703038826314f,-2.3426051999170636f,0.013074729890827879f,0.9989103335905427f,-0.0448017509067726f,-1.4832577531317044f,0.046033802624546566f,-0.04535939997623206f,-0.9979095218754656f,0.13988238686431298f,0f,0f,0f,1f], start_interpolation: 0, interpolation_duration: 1 }
$data merge entity $(bone_right_index_finger_2) { transformation: [-0.8874575569724741f,-0.09724931076054918f,-0.4505126592328412f,-1.628774763715473f,-0.07912385952975817f,0.9951205137320611f,-0.05894555117015962f,-1.448071665514381f,0.45404680312228046f,-0.016665374470348715f,-0.8908219608138317f,0.5736996540949508f,0f,0f,0f,1f], start_interpolation: 0, interpolation_duration: 1 }
$data merge entity $(bone_right_index_finger) { transformation: [-0.8874575569724741f,-0.09724931076054918f,-0.4505126592328412f,-1.8889775906777106f,-0.07912385952975817f,0.9951205137320611f,-0.05894555117015962f,-1.476287125866057f,0.45404680312228046f,-0.016665374470348715f,-0.8908219608138317f,0.06020307257209501f,0f,0f,0f,1f], start_interpolation: 0, interpolation_duration: 1 }
$data merge entity $(bone_right_thumb) { transformation: [-0.865055608075218f,0.011054802093123012f,-0.501554170841293f,-1.7687944931380075f,-0.0011879802007588175f,0.9997092409038176f,0.024083653264303007f,-1.561848549645492f,0.5016745794244087f,0.021429535743791833f,-0.8647909524024565f,-0.7796532276425261f,0f,0f,0f,1f], start_interpolation: 0, interpolation_duration: 1 }
$data merge entity $(bone_right_hand) { transformation: [-0.984807753012208f,0.022665635416815398f,-0.17216259343480447f,-2.3533042337600047f,-0.01513443590133862f,0.9764688357507457f,0.2151268501548131f,-1.4416116655141258f,0.17298739392508933f,0.2144641736485027f,-0.9612910484157597f,-0.5930103318362194f,0f,0f,0f,1f], start_interpolation: 0, interpolation_duration: 1 }
$data merge entity $(bone_right_forearm) { transformation: [-1.9709265313456132f,0.0205014035611964f,-0.34692228627825455f,-2.682625f,-0.030289019520470892f,1.9801098839094429f,0.2890920185117233f,-0.24595173951248372f,0.3462050773183414f,0.289950534268718f,-1.9497172883120382f,-2.454949505569747f,0f,0f,0f,1f], start_interpolation: 0, interpolation_duration: 1 }
$data merge entity $(bone_right_bicep) { transformation: [-1.2901533333333333f,-1.3770451781791172e-17f,1.5739698409852627e-16f,-1.7790731249999998f,0f,1.285243910392059f,0.11244427202503367f,1.303416443126405f,-1.5799821500759548e-16f,0.11244427202503367f,-1.285243910392059f,-1.956056607726086f,0f,0f,0f,1f], start_interpolation: 0, interpolation_duration: 1 }
$data merge entity $(bone_right_shoulder) { transformation: [-1.2327766666666666f,-1.3158041922187994e-17f,1.503971073725352e-16f,-1.3743293749999999f,0f,1.2280855792645484f,0.10744356602531553f,1.4180302951890598f,-1.5097159988968769e-16f,0.10744356602531553f,-1.2280855792645484f,-1.9202467098476639f,0f,0f,0f,1f], start_interpolation: 0, interpolation_duration: 1 }
$data merge entity $(bone_chest) { transformation: [-4.0674850000000005f,2.9385372447771094e-17f,4.972557397003822e-16f,1.6010001954547814e-16f,0f,4.060401252398577f,-0.2399497754636711f,1.6738332990503808f,-4.981232485829872e-16f,-0.2399497754636711f,-4.060401252398577f,-1.30731586982423f,0f,0f,0f,1f], start_interpolation: 0, interpolation_duration: 1 }
$data merge entity $(bone_weist) { transformation: [-1.0999999999999999f,1.2424611489889439e-17f,1.3400191015403876e-16f,4.839704834026037e-16f,0f,0.9847877708299447f,-0.11272739117324765f,1.700316668853166f,-1.3471114790620883e-16f,-0.10145465205592287f,-1.094208634255494f,-3.9519189021647936f,0f,0f,0f,1f], start_interpolation: 0, interpolation_duration: 1 }
$data merge entity $(bone_right_fingers2) { transformation: [-0.9761391457631039f,-0.03374187089406675f,-0.21450840136797905f,1.0729151089016575f,-0.044274275871424046f,0.9980284724937611f,0.044485464905195476f,-1.481333724476329f,0.21258446934086903f,0.05292120785033604f,-0.9757085574876969f,-5.792653927398468f,0f,0f,0f,1f], start_interpolation: 0, interpolation_duration: 1 }
$data merge entity $(bone_left_foot) { transformation: [-0.9761391457631039f,-0.04306648116195088f,-0.21283243716408734f,1.0782523765059204f,-0.044274275871424046f,0.9990189992587768f,0.0009097340564377387f,-0.5067224304079043f,0.21258446934086903f,0.010311029062113009f,-0.9770882898053487f,-5.5878700347843715f,0f,0f,0f,1f], start_interpolation: 0, interpolation_duration: 1 }
$data merge entity $(bone_left_knee) { transformation: [-1.547194374672418f,-0.157581782383864f,-0.30598604114694167f,1.5368776008025606f,-0.07017535447511529f,1.5239579580414098f,-0.4299970584557261f,-0.5255834634413032f,0.33694939551859304f,-0.4061896509230753f,-1.4945718386469993f,-3.5614221365616645f,0f,0f,0f,1f], start_interpolation: 0, interpolation_duration: 1 }
$data merge entity $(bone_left_thigh) { transformation: [-1.5219808394500185f,-0.3831325221354002f,-0.3293748750896081f,0.8588237306146026f,-0.3457732716414551f,1.5521015667191767f,-0.20766700440212535f,1.1246724401231385f,0.36840084483683305f,-0.12607224350012552f,-1.5556640448546284f,-4.6817039505715075f,0f,0f,0f,1f], start_interpolation: 0, interpolation_duration: 1 }
$data merge entity $(bone_left_leg) { transformation: [-0.9490709792536325f,-0.22972591828113345f,-0.21561604487709424f,0.5257450000000006f,-0.2156159716406633f,0.9725809094982439f,-0.08715576431321803f,1.3375693872890606f,0.22972598701932656f,-0.0362267435668531f,-0.972580893262117f,-4.931638125f,0f,0f,0f,1f], start_interpolation: 0, interpolation_duration: 1 }
$data merge entity $(bone_left_fingers2) { transformation: [-0.9761391457631039f,0.03374187089406673f,0.21450840136797927f,-1.066420786506896f,0.044274275871424046f,0.9980284724937611f,0.044485464905195476f,-1.4739761995317149f,-0.21258446934086925f,0.0529212078503361f,-0.975708557487697f,-5.78895926214133f,0f,0f,0f,1f], start_interpolation: 0, interpolation_duration: 1 }
$data merge entity $(bone_right_foot) { transformation: [-0.9761391457631039f,0.043066481161950866f,0.21283243716408756f,-1.0717580541111589f,0.044274275871424046f,0.9990189992587768f,0.0009097340564377387f,-0.4993649054632904f,-0.21258446934086925f,0.010311029062113064f,-0.9770882898053488f,-5.584175369527234f,0f,0f,0f,1f], start_interpolation: 0, interpolation_duration: 1 }
$data merge entity $(bone_right_knee) { transformation: [-1.547194374672418f,0.15758178238386406f,0.30598604114694206f,-1.528090404890446f,0.07017535447511529f,1.5239579580414098f,-0.4299970584557261f,-0.48733039259745037f,-0.33694939551859343f,-0.4061896509230753f,-1.4945718386469995f,-3.5618213059902386f,0f,0f,0f,1f], start_interpolation: 0, interpolation_duration: 1 }
$data merge entity $(bone_right_thigh) { transformation: [-1.5219808394500185f,0.3831325221354002f,0.3293748750896085f,-0.8586040988588446f,0.3457732716414551f,1.5521015667191767f,-0.20766700440212535f,1.1412291654792954f,-0.36840084483683344f,-0.1260722435001254f,-1.5556640448546284f,-4.6670715254682f,0f,0f,0f,1f], start_interpolation: 0, interpolation_duration: 1 }
$data merge entity $(bone_right_leg) { transformation: [-0.9490709792536325f,0.22972591828113345f,0.21561604487709446f,-0.5257449999999995f,0.2156159716406633f,0.9725809094982439f,-0.08715576431321803f,1.3375693872890606f,-0.22972598701932678f,-0.03622674356685304f,-0.972580893262117f,-4.931638125f,0f,0f,0f,1f], start_interpolation: 0, interpolation_duration: 1 }