# This file was generated by Animated Java via MC-Build. It is not recommended to edit this file directly.
$data merge entity $(bone_neck) {transformation: [-1f,0f,0f,0f,0f,0.9592f,0.2828f,2.0045f,0f,0.2828f,-0.9592f,-1.4482f,0f,0f,0f,1f],start_interpolation: 0,interpolation_duration: 1}
$data merge entity $(bone_left_fingers_2) {transformation: [-1f,0f,0f,2.8016f,0f,0.9994f,-0.0354f,-2.0775f,0f,-0.0354f,-0.9994f,0.027f,0f,0f,0f,1f],start_interpolation: 0,interpolation_duration: 1}
$data merge entity $(bone_left_fingers) {transformation: [-1f,0f,0f,2.8154f,0f,0.9994f,-0.0354f,-2.0922f,0f,-0.0354f,-0.9994f,-0.5492f,0f,0f,0f,1f],start_interpolation: 0,interpolation_duration: 1}
$data merge entity $(bone_left_index_finger_2) {transformation: [-1f,0f,0f,2.3547f,0f,0.9994f,-0.0354f,-2.0775f,0f,-0.0354f,-0.9994f,0.027f,0f,0f,0f,1f],start_interpolation: 0,interpolation_duration: 1}
$data merge entity $(bone_left_index_finger) {transformation: [-1f,0f,0f,2.3547f,0f,0.9994f,-0.0354f,-2.0922f,0f,-0.0354f,-0.9994f,-0.5492f,0f,0f,0f,1f],start_interpolation: 0,interpolation_duration: 1}
$data merge entity $(bone_left_thumb) {transformation: [-1f,0f,0f,2.0924f,0f,0.9925f,-0.1224f,-2.3802f,0f,-0.1224f,-0.9925f,-1.3077f,0f,0f,0f,1f],start_interpolation: 0,interpolation_duration: 1}
$data merge entity $(bone_left_hand) {transformation: [-1f,0f,0f,2.6985f,0f,0.9994f,-0.0354f,-2.2342f,0f,-0.0354f,-0.9994f,-1.2599f,0f,0f,0f,1f],start_interpolation: 0,interpolation_duration: 1}
$data merge entity $(bone_left_forearm) {transformation: [-2.0013f,0f,0f,2.6826f,0f,1.6791f,1.0891f,-0.3587f,0f,1.0891f,-1.6791f,-2.4794f,0f,0f,0f,1f],start_interpolation: 0,interpolation_duration: 1}
$data merge entity $(bone_left_bicep) {transformation: [-1.2902f,0f,0f,1.7791f,0f,1.2687f,0.2344f,1.1361f,0f,0.2344f,-1.2687f,-1.8352f,0f,0f,0f,1f],start_interpolation: 0,interpolation_duration: 1}
$data merge entity $(bone_left_shoulder) {transformation: [-1.2328f,0f,0f,1.3743f,0f,1.2123f,0.224f,1.2467f,0f,0.224f,-1.2123f,-1.7886f,0f,0f,0f,1f],start_interpolation: 0,interpolation_duration: 1}
$data merge entity $(bone_right_fingers_2) {transformation: [-1f,0f,0f,-2.8016f,0f,0.9994f,-0.0354f,-2.0775f,0f,-0.0354f,-0.9994f,0.027f,0f,0f,0f,1f],start_interpolation: 0,interpolation_duration: 1}
$data merge entity $(bone_right_fingers) {transformation: [-1f,0f,0f,-2.8154f,0f,0.9994f,-0.0354f,-2.0922f,0f,-0.0354f,-0.9994f,-0.5492f,0f,0f,0f,1f],start_interpolation: 0,interpolation_duration: 1}
$data merge entity $(bone_right_index_finger_2) {transformation: [-1f,0f,0f,-2.3547f,0f,0.9994f,-0.0354f,-2.0775f,0f,-0.0354f,-0.9994f,0.027f,0f,0f,0f,1f],start_interpolation: 0,interpolation_duration: 1}
$data merge entity $(bone_right_index_finger) {transformation: [-1f,0f,0f,-2.3547f,0f,0.9994f,-0.0354f,-2.0922f,0f,-0.0354f,-0.9994f,-0.5492f,0f,0f,0f,1f],start_interpolation: 0,interpolation_duration: 1}
$data merge entity $(bone_right_thumb) {transformation: [-1f,0f,0f,-2.0924f,0f,0.9925f,-0.1224f,-2.3802f,0f,-0.1224f,-0.9925f,-1.3077f,0f,0f,0f,1f],start_interpolation: 0,interpolation_duration: 1}
$data merge entity $(bone_right_hand) {transformation: [-1f,0f,0f,-2.6985f,0f,0.9994f,-0.0354f,-2.2342f,0f,-0.0354f,-0.9994f,-1.2599f,0f,0f,0f,1f],start_interpolation: 0,interpolation_duration: 1}
$data merge entity $(bone_right_forearm) {transformation: [-2.0013f,0f,0f,-2.6826f,0f,1.6791f,1.0891f,-0.3587f,0f,1.0891f,-1.6791f,-2.4794f,0f,0f,0f,1f],start_interpolation: 0,interpolation_duration: 1}
$data merge entity $(bone_right_bicep) {transformation: [-1.2902f,0f,0f,-1.7791f,0f,1.2687f,0.2344f,1.1361f,0f,0.2344f,-1.2687f,-1.8352f,0f,0f,0f,1f],start_interpolation: 0,interpolation_duration: 1}
$data merge entity $(bone_right_shoulder) {transformation: [-1.2328f,0f,0f,-1.3743f,0f,1.2123f,0.224f,1.2467f,0f,0.224f,-1.2123f,-1.7886f,0f,0f,0f,1f],start_interpolation: 0,interpolation_duration: 1}
$data merge entity $(bone_chest) {transformation: [-4.0675f,0f,0f,0f,0f,3.9781f,-0.8478f,1.5558f,0f,-0.8478f,-3.9781f,-1.2444f,0f,0f,0f,1f],start_interpolation: 0,interpolation_duration: 1}
$data merge entity $(bone_weist) {transformation: [-1.1f,0f,0f,0f,0f,1.0758f,-0.2293f,1.1843f,0f,-0.2293f,-1.0758f,-3.8629f,0f,0f,0f,1f],start_interpolation: 0,interpolation_duration: 1}
$data merge entity $(bone_right_fingers2) {transformation: [-0.9988f,-0.0455f,0.0181f,1.1824f,-0.0462f,0.9982f,-0.0374f,-2.2688f,-0.0164f,-0.0382f,-0.9991f,-5.6401f,0f,0f,0f,1f],start_interpolation: 0,interpolation_duration: 1}
$data merge entity $(bone_left_foot) {transformation: [-0.9896f,-0.1429f,0.0145f,1.055f,-0.1434f,0.9883f,-0.0516f,-1.3631f,-0.007f,-0.0531f,-0.9986f,-5.4881f,0f,0f,0f,1f],start_interpolation: 0,interpolation_duration: 1}
$data merge entity $(bone_left_knee) {transformation: [-1.5686f,-0.2128f,0.0808f,1.0474f,-0.2273f,1.492f,-0.4844f,-1.3001f,-0.0111f,-0.491f,-1.507f,-3.4113f,0f,0f,0f,1f],start_interpolation: 0,interpolation_duration: 1}
$data merge entity $(bone_left_thigh) {transformation: [-1.587f,-0.2285f,0.0283f,0.772f,-0.23f,1.5827f,-0.1173f,0.4447f,-0.0112f,-0.1201f,-1.5991f,-4.5593f,0f,0f,0f,1f],start_interpolation: 0,interpolation_duration: 1}
$data merge entity $(bone_left_leg) {transformation: [-0.9896f,-0.1435f,0.0044f,0.5257f,-0.1434f,0.9895f,0.0186f,0.6744f,-0.007f,0.0178f,-0.9998f,-4.8525f,0f,0f,0f,1f],start_interpolation: 0,interpolation_duration: 1}
$data merge entity $(bone_left_fingers2) {transformation: [-0.9988f,0.0455f,-0.0181f,-1.1813f,0.0462f,0.9982f,-0.0374f,-2.2611f,0.0164f,-0.0382f,-0.9991f,-5.6338f,0f,0f,0f,1f],start_interpolation: 0,interpolation_duration: 1}
$data merge entity $(bone_right_foot) {transformation: [-0.9896f,0.1429f,-0.0145f,-1.0538f,0.1434f,0.9883f,-0.0516f,-1.3554f,0.007f,-0.0531f,-0.9986f,-5.4818f,0f,0f,0f,1f],start_interpolation: 0,interpolation_duration: 1}
$data merge entity $(bone_right_knee) {transformation: [-1.5686f,0.2128f,-0.0808f,-1.0419f,0.2273f,1.492f,-0.4844f,-1.2621f,0.0111f,-0.491f,-1.507f,-3.4107f,0f,0f,0f,1f],start_interpolation: 0,interpolation_duration: 1}
$data merge entity $(bone_right_thigh) {transformation: [-1.587f,0.2285f,-0.0283f,-0.7697f,0.23f,1.5827f,-0.1173f,0.4598f,0.0112f,-0.1201f,-1.5991f,-4.5434f,0f,0f,0f,1f],start_interpolation: 0,interpolation_duration: 1}
$data merge entity $(bone_right_leg) {transformation: [-0.9896f,0.1435f,-0.0044f,-0.5257f,0.1434f,0.9895f,0.0186f,0.6744f,0.007f,0.0178f,-0.9998f,-4.8525f,0f,0f,0f,1f],start_interpolation: 0,interpolation_duration: 1}
execute on vehicle unless entity @s[tag=aj.transforms_only] at @s run function animated_java:jaw/animations/bite/zzz/frames/2_root_commands