# This file was generated by Animated Java via MC-Build. It is not recommended to edit this file directly.
$data merge entity $(bone_neck) {transformation: [-1f,0f,0f,0f,0f,1f,0f,2.1099f,0f,0f,-1f,-1.3851f,0f,0f,0f,1f],start_interpolation: 0,interpolation_duration: 1}
$data merge entity $(bone_left_fingers_2) {transformation: [-0.9336f,-0.243f,-0.2635f,3.5108f,-0.1468f,0.9299f,-0.3373f,0.4397f,0.3269f,-0.2762f,-0.9038f,1.0399f,0f,0f,0f,1f],start_interpolation: 0,interpolation_duration: 1}
$data merge entity $(bone_left_fingers) {transformation: [-0.9336f,-0.243f,-0.2635f,3.3704f,-0.1468f,0.9299f,-0.3373f,0.2527f,0.3269f,-0.2762f,-0.9038f,0.5129f,0f,0f,0f,1f],start_interpolation: 0,interpolation_duration: 1}
$data merge entity $(bone_left_index_finger_2) {transformation: [-0.901f,-0.243f,0.3593f,2.7179f,-0.3218f,0.9299f,-0.1782f,0.2445f,-0.2908f,-0.2762f,-0.9161f,1.0802f,0f,0f,0f,1f],start_interpolation: 0,interpolation_duration: 1}
$data merge entity $(bone_left_index_finger) {transformation: [-0.901f,-0.243f,0.3593f,2.9236f,-0.3218f,0.9299f,-0.1782f,0.1472f,-0.2908f,-0.2762f,-0.9161f,0.5506f,0f,0f,0f,1f],start_interpolation: 0,interpolation_duration: 1}
$data merge entity $(bone_left_thumb) {transformation: [-0.9474f,0.1132f,0.2995f,2.7226f,0.0241f,0.958f,-0.2858f,-0.3766f,-0.3193f,-0.2636f,-0.9103f,-0.0915f,0f,0f,0f,1f],start_interpolation: 0,interpolation_duration: 1}
$data merge entity $(bone_left_hand) {transformation: [-0.97f,-0.243f,-0.0129f,3.2762f,-0.2291f,0.9299f,-0.2878f,-0.0885f,0.0819f,-0.2762f,-0.9576f,-0.1303f,0f,0f,0f,1f],start_interpolation: 0,interpolation_duration: 1}
$data merge entity $(bone_left_forearm) {transformation: [-1.9412f,-0.4869f,-0.0045f,3.0348f,-0.4585f,1.8341f,-0.6566f,0.0712f,0.1639f,-0.6358f,-1.8905f,-2.3486f,0f,0f,0f,1f],start_interpolation: 0,interpolation_duration: 1}
$data merge entity $(bone_left_bicep) {transformation: [-1.2514f,-0.309f,-0.0554f,1.7939f,-0.2956f,1.2365f,-0.2195f,1.4468f,0.1057f,-0.2002f,-1.2701f,-2.1646f,0f,0f,0f,1f],start_interpolation: 0,interpolation_duration: 1}
$data merge entity $(bone_left_shoulder) {transformation: [-1.1957f,-0.2952f,-0.0529f,1.3743f,-0.2824f,1.1815f,-0.2098f,1.4708f,0.101f,-0.1913f,-1.2136f,-2.1244f,0f,0f,0f,1f],start_interpolation: 0,interpolation_duration: 1}
$data merge entity $(bone_right_fingers_2) {transformation: [-0.9336f,0.243f,0.2635f,-3.5108f,0.1468f,0.9299f,-0.3373f,0.4397f,-0.3269f,-0.2762f,-0.9038f,1.0399f,0f,0f,0f,1f],start_interpolation: 0,interpolation_duration: 1}
$data merge entity $(bone_right_fingers) {transformation: [-0.9336f,0.243f,0.2635f,-3.3704f,0.1468f,0.9299f,-0.3373f,0.2527f,-0.3269f,-0.2762f,-0.9038f,0.5129f,0f,0f,0f,1f],start_interpolation: 0,interpolation_duration: 1}
$data merge entity $(bone_right_index_finger_2) {transformation: [-0.901f,0.243f,-0.3593f,-2.7179f,0.3218f,0.9299f,-0.1782f,0.2445f,0.2908f,-0.2762f,-0.9161f,1.0802f,0f,0f,0f,1f],start_interpolation: 0,interpolation_duration: 1}
$data merge entity $(bone_right_index_finger) {transformation: [-0.901f,0.243f,-0.3593f,-2.9236f,0.3218f,0.9299f,-0.1782f,0.1472f,0.2908f,-0.2762f,-0.9161f,0.5506f,0f,0f,0f,1f],start_interpolation: 0,interpolation_duration: 1}
$data merge entity $(bone_right_thumb) {transformation: [-0.9474f,-0.1132f,-0.2995f,-2.7226f,-0.0241f,0.958f,-0.2858f,-0.3766f,0.3193f,-0.2636f,-0.9103f,-0.0915f,0f,0f,0f,1f],start_interpolation: 0,interpolation_duration: 1}
$data merge entity $(bone_right_hand) {transformation: [-0.97f,0.243f,0.0129f,-3.2762f,0.2291f,0.9299f,-0.2878f,-0.0885f,-0.0819f,-0.2762f,-0.9576f,-0.1303f,0f,0f,0f,1f],start_interpolation: 0,interpolation_duration: 1}
$data merge entity $(bone_right_forearm) {transformation: [-1.9412f,0.4869f,0.0045f,-3.0348f,0.4585f,1.8341f,-0.6566f,0.0712f,-0.1639f,-0.6358f,-1.8906f,-2.3486f,0f,0f,0f,1f],start_interpolation: 0,interpolation_duration: 1}
$data merge entity $(bone_right_bicep) {transformation: [-1.2514f,0.309f,0.0554f,-1.7939f,0.2956f,1.2365f,-0.2195f,1.4468f,-0.1057f,-0.2002f,-1.2701f,-2.1646f,0f,0f,0f,1f],start_interpolation: 0,interpolation_duration: 1}
$data merge entity $(bone_right_shoulder) {transformation: [-1.1957f,0.2952f,0.0529f,-1.3743f,0.2824f,1.1815f,-0.2098f,1.4708f,-0.101f,-0.1913f,-1.2136f,-2.1244f,0f,0f,0f,1f],start_interpolation: 0,interpolation_duration: 1}
$data merge entity $(bone_chest) {transformation: [-4.0675f,0f,0f,0f,0f,4.052f,-0.3545f,1.711f,0f,-0.3545f,-4.052f,-1.5465f,0f,0f,0f,1f],start_interpolation: 0,interpolation_duration: 1}
$data merge entity $(bone_weist) {transformation: [-1.1f,0f,0f,0f,0f,1.0958f,-0.0959f,1.6628f,0f,-0.0959f,-1.0958f,-4.1908f,0f,0f,0f,1f],start_interpolation: 0,interpolation_duration: 1}
$data merge entity $(bone_right_fingers2) {transformation: [-0.9239f,-0.0167f,0.3823f,1.9815f,0f,0.999f,0.0436f,-1.3946f,-0.3827f,0.0403f,-0.923f,-8.2935f,0f,0f,0f,1f],start_interpolation: 0,interpolation_duration: 1}
$data merge entity $(bone_left_foot) {transformation: [-0.9239f,-0.1151f,0.365f,1.8006f,0f,0.9537f,0.3007f,-0.5244f,-0.3827f,0.2778f,-0.8811f,-7.8441f,0f,0f,0f,1f],start_interpolation: 0,interpolation_duration: 1}
$data merge entity $(bone_left_knee) {transformation: [-1.4644f,-0.0265f,0.606f,1.0627f,0f,1.5835f,0.0691f,-1.1939f,-0.6066f,0.0639f,-1.463f,-6.0207f,0f,0f,0f,1f],start_interpolation: 0,interpolation_duration: 1}
$data merge entity $(bone_left_thigh) {transformation: [-1.4816f,-0.4701f,0.3945f,0.7421f,0f,1.0308f,1.2285f,0.769f,-0.6137f,1.135f,-0.9523f,-5.3261f,0f,0f,0f,1f],start_interpolation: 0,interpolation_duration: 1}
$data merge entity $(bone_left_leg) {transformation: [-0.9239f,-0.3036f,0.233f,0.5257f,0f,0.6088f,0.7934f,1.1822f,-0.3827f,0.733f,-0.5624f,-5.3598f,0f,0f,0f,1f],start_interpolation: 0,interpolation_duration: 1}
$data merge entity $(bone_left_fingers2) {transformation: [-0.9239f,0.0167f,-0.3823f,-1.9714f,0f,0.999f,0.0436f,-1.4023f,0.3827f,0.0403f,-0.923f,-8.2691f,0f,0f,0f,1f],start_interpolation: 0,interpolation_duration: 1}
$data merge entity $(bone_right_foot) {transformation: [-0.9239f,0.1151f,-0.365f,-1.7905f,0f,0.9537f,0.3007f,-0.5321f,0.3827f,0.2778f,-0.8811f,-7.8197f,0f,0f,0f,1f],start_interpolation: 0,interpolation_duration: 1}
$data merge entity $(bone_right_knee) {transformation: [-1.4644f,0.0265f,-0.606f,-1.0505f,0f,1.5835f,0.0691f,-1.1709f,0.6066f,0.0639f,-1.463f,-5.9914f,0f,0f,0f,1f],start_interpolation: 0,interpolation_duration: 1}
$data merge entity $(bone_right_thigh) {transformation: [-1.4816f,0.4701f,-0.3945f,-0.7338f,0f,1.0308f,1.2285f,0.7661f,0.6137f,1.135f,-0.9523f,-5.3059f,0f,0f,0f,1f],start_interpolation: 0,interpolation_duration: 1}
$data merge entity $(bone_right_leg) {transformation: [-0.9239f,0.3036f,-0.233f,-0.5257f,0f,0.6088f,0.7934f,1.1822f,0.3827f,0.733f,-0.5624f,-5.3598f,0f,0f,0f,1f],start_interpolation: 0,interpolation_duration: 1}
execute on vehicle unless entity @s[tag=aj.transforms_only] at @s run function animated_java:jaw/animations/bite/zzz/frames/6_root_commands