# This file was generated by Animated Java via MC-Build. It is not recommended to edit this file directly.
$data merge entity $(bone_neck) {transformation: [-1f,0f,0f,0f,0f,0.9999f,0.0126f,2.1189f,0f,0.0126f,-0.9999f,-1.386f,0f,0f,0f,1f],start_interpolation: 0,interpolation_duration: 1}
$data merge entity $(bone_left_fingers_2) {transformation: [-0.9671f,0.0128f,-0.2539f,2.8454f,-0.0418f,0.9771f,0.2085f,-1.5427f,0.2508f,0.2123f,-0.9445f,0.4105f,0f,0f,0f,1f],start_interpolation: 0,interpolation_duration: 1}
$data merge entity $(bone_left_fingers) {transformation: [-0.9671f,0.0128f,-0.2539f,2.7124f,-0.0418f,0.9771f,0.2085f,-1.4163f,0.2508f,0.2123f,-0.9445f,-0.136f,0f,0f,0f,1f],start_interpolation: 0,interpolation_duration: 1}
$data merge entity $(bone_left_index_finger_2) {transformation: [-0.9219f,0.0128f,0.3873f,2.0285f,0.0938f,0.9771f,0.1909f,-1.5257f,-0.376f,0.2123f,-0.902f,0.3816f,0f,0f,0f,1f],start_interpolation: 0,interpolation_duration: 1}
$data merge entity $(bone_left_index_finger) {transformation: [-0.9219f,0.0128f,0.3873f,2.2518f,0.0938f,0.9771f,0.1909f,-1.41f,-0.376f,0.2123f,-0.902f,-0.137f,0f,0f,0f,1f],start_interpolation: 0,interpolation_duration: 1}
$data merge entity $(bone_left_thumb) {transformation: [-0.8812f,0.3627f,0.3032f,1.99f,0.411f,0.9047f,0.1124f,-1.4984f,-0.2335f,0.2236f,-0.9463f,-0.9437f,0f,0f,0f,1f],start_interpolation: 0,interpolation_duration: 1}
$data merge entity $(bone_left_hand) {transformation: [-0.9999f,0.0128f,0.005f,2.5976f,0.0136f,0.9771f,0.2122f,-1.377f,-0.0022f,0.2123f,-0.9772f,-0.8601f,0f,0f,0f,1f],start_interpolation: 0,interpolation_duration: 1}
$data merge entity $(bone_left_forearm) {transformation: [-2.0003f,0.0577f,0.0294f,2.638f,0.0613f,1.9807f,0.2801f,-0.19f,-0.021f,0.2808f,-1.9814f,-2.756f,0f,0f,0f,1f],start_interpolation: 0,interpolation_duration: 1}
$data merge entity $(bone_left_bicep) {transformation: [-1.2895f,0.0375f,0.0185f,1.7758f,0.0395f,1.279f,0.1646f,1.3647f,-0.0135f,0.1651f,-1.2795f,-2.2034f,0f,0f,0f,1f],start_interpolation: 0,interpolation_duration: 1}
$data merge entity $(bone_left_shoulder) {transformation: [-1.2321f,0.0358f,0.0177f,1.3743f,0.0378f,1.2221f,0.1573f,1.4901f,-0.0129f,0.1578f,-1.2226f,-2.1672f,0f,0f,0f,1f],start_interpolation: 0,interpolation_duration: 1}
$data merge entity $(bone_right_fingers_2) {transformation: [-0.9671f,-0.0128f,0.2539f,-2.8454f,0.0418f,0.9771f,0.2085f,-1.5427f,-0.2508f,0.2123f,-0.9445f,0.4105f,0f,0f,0f,1f],start_interpolation: 0,interpolation_duration: 1}
$data merge entity $(bone_right_fingers) {transformation: [-0.9671f,-0.0128f,0.2539f,-2.7124f,0.0418f,0.9771f,0.2085f,-1.4163f,-0.2508f,0.2123f,-0.9445f,-0.136f,0f,0f,0f,1f],start_interpolation: 0,interpolation_duration: 1}
$data merge entity $(bone_right_index_finger_2) {transformation: [-0.9219f,-0.0128f,-0.3873f,-2.0285f,-0.0938f,0.9771f,0.1909f,-1.5257f,0.376f,0.2123f,-0.902f,0.3816f,0f,0f,0f,1f],start_interpolation: 0,interpolation_duration: 1}
$data merge entity $(bone_right_index_finger) {transformation: [-0.9219f,-0.0128f,-0.3873f,-2.2518f,-0.0938f,0.9771f,0.1909f,-1.41f,0.376f,0.2123f,-0.902f,-0.137f,0f,0f,0f,1f],start_interpolation: 0,interpolation_duration: 1}
$data merge entity $(bone_right_thumb) {transformation: [-0.8812f,-0.3627f,-0.3032f,-1.99f,-0.411f,0.9047f,0.1124f,-1.4984f,0.2335f,0.2236f,-0.9463f,-0.9437f,0f,0f,0f,1f],start_interpolation: 0,interpolation_duration: 1}
$data merge entity $(bone_right_hand) {transformation: [-0.9999f,-0.0128f,-0.005f,-2.5976f,-0.0136f,0.9771f,0.2122f,-1.377f,0.0022f,0.2123f,-0.9772f,-0.8601f,0f,0f,0f,1f],start_interpolation: 0,interpolation_duration: 1}
$data merge entity $(bone_right_forearm) {transformation: [-2.0003f,-0.0577f,-0.0294f,-2.638f,-0.0613f,1.9807f,0.2801f,-0.19f,0.021f,0.2808f,-1.9814f,-2.756f,0f,0f,0f,1f],start_interpolation: 0,interpolation_duration: 1}
$data merge entity $(bone_right_bicep) {transformation: [-1.2895f,-0.0375f,-0.0185f,-1.7758f,-0.0395f,1.279f,0.1646f,1.3647f,0.0135f,0.1651f,-1.2795f,-2.2034f,0f,0f,0f,1f],start_interpolation: 0,interpolation_duration: 1}
$data merge entity $(bone_right_shoulder) {transformation: [-1.2321f,-0.0358f,-0.0177f,-1.3743f,-0.0378f,1.2221f,0.1573f,1.4901f,0.0129f,0.1578f,-1.2226f,-2.1672f,0f,0f,0f,1f],start_interpolation: 0,interpolation_duration: 1}
$data merge entity $(bone_chest) {transformation: [-4.0675f,0f,0f,0f,0f,4.0555f,-0.3121f,1.7242f,0f,-0.3121f,-4.0555f,-1.5868f,0f,0f,0f,1f],start_interpolation: 0,interpolation_duration: 1}
$data merge entity $(bone_weist) {transformation: [-1.1f,0f,0f,0f,0f,1.0968f,-0.0844f,1.7037f,0f,-0.0844f,-1.0968f,-4.2314f,0f,0f,0f,1f],start_interpolation: 0,interpolation_duration: 1}
$data merge entity $(bone_right_fingers2) {transformation: [-0.9049f,-0.0154f,0.4253f,2.1932f,0.0031f,0.9991f,0.0429f,-1.1918f,-0.4256f,0.0401f,-0.904f,-8.5286f,0f,0f,0f,1f],start_interpolation: 0,interpolation_duration: 1}
$data merge entity $(bone_left_foot) {transformation: [-0.9059f,-0.1306f,0.4029f,1.9887f,0.0111f,0.9436f,0.3309f,-0.3319f,-0.4233f,0.3042f,-0.8534f,-8.057f,0f,0f,0f,1f],start_interpolation: 0,interpolation_duration: 1}
$data merge entity $(bone_left_knee) {transformation: [-1.4359f,-0.0346f,0.6703f,1.1725f,0.0176f,1.5804f,0.1194f,-1.0637f,-0.671f,0.1157f,-1.4313f,-6.2919f,0f,0f,0f,1f],start_interpolation: 0,interpolation_duration: 1}
$data merge entity $(bone_left_thigh) {transformation: [-1.4528f,-0.554f,0.3928f,0.7549f,0.0178f,0.8962f,1.3297f,0.8084f,-0.6789f,1.209f,-0.8057f,-5.4206f,0f,0f,0f,1f],start_interpolation: 0,interpolation_duration: 1}
$data merge entity $(bone_left_leg) {transformation: [-0.9059f,-0.3548f,0.2312f,0.5257f,0.0111f,0.5257f,0.8506f,1.2182f,-0.4233f,0.7731f,-0.4723f,-5.4221f,0f,0f,0f,1f],start_interpolation: 0,interpolation_duration: 1}
$data merge entity $(bone_left_fingers2) {transformation: [-0.9049f,0.0154f,-0.4253f,-2.1814f,-0.0031f,0.9991f,0.0429f,-1.2027f,0.4256f,0.0401f,-0.904f,-8.5036f,0f,0f,0f,1f],start_interpolation: 0,interpolation_duration: 1}
$data merge entity $(bone_right_foot) {transformation: [-0.9059f,0.1306f,-0.4029f,-1.9769f,-0.0111f,0.9436f,0.3309f,-0.3428f,0.4233f,0.3042f,-0.8534f,-8.032f,0f,0f,0f,1f],start_interpolation: 0,interpolation_duration: 1}
$data merge entity $(bone_right_knee) {transformation: [-1.4359f,0.0346f,-0.6703f,-1.1583f,-0.0176f,1.5804f,0.1194f,-1.044f,0.671f,0.1157f,-1.4313f,-6.2609f,0f,0f,0f,1f],start_interpolation: 0,interpolation_duration: 1}
$data merge entity $(bone_right_thigh) {transformation: [-1.4528f,0.554f,-0.3928f,-0.7458f,-0.0178f,0.8962f,1.3297f,0.8033f,0.6789f,1.209f,-0.8057f,-5.4012f,0f,0f,0f,1f],start_interpolation: 0,interpolation_duration: 1}
$data merge entity $(bone_right_leg) {transformation: [-0.9059f,0.3548f,-0.2312f,-0.5257f,-0.0111f,0.5257f,0.8506f,1.2182f,0.4233f,0.7731f,-0.4723f,-5.4221f,0f,0f,0f,1f],start_interpolation: 0,interpolation_duration: 1}