execute if entity @s[tag=aj.beast.bone.right_thumb] run data modify entity @s {} merge value {transformation:[-0.3801930014037442f,-0.9774683120942562f,0.050089724846718156f,-1.666766016372011f,0.512191492062379f,-0.15290788925610874f,0.9037582933849942f,-0.6542931239857341f,-0.8340342661680802f,0.3516743895350484f,0.5321766310188983f,4.006174663987882f,0f,0f,0f,1f],start_interpolation:0}
execute if entity @s[tag=aj.beast.bone.right_fingers_2] run data modify entity @s {} merge value {transformation:[0.7946676012701981f,-0.6051674844083638f,0.04770449985401726f,-0.010392499115786324f,0.27471586253517055f,0.42858898322114636f,0.8607221841761844f,0.010157274744730369f,-0.5413267020598804f,-0.6708828506351288f,0.5068348866846647f,3.3877806328777647f,0f,0f,0f,1f],start_interpolation:0}
execute if entity @s[tag=aj.beast.bone.right_fingers] run data modify entity @s {} merge value {transformation:[-0.32800740796676114f,-0.943469883468786f,0.04770449985401726f,-0.963009801381217f,0.4927729539662431f,-0.12779725156028093f,0.8607221841761844f,0.12171807547715885f,-0.8059689548353024f,0.3058307399216657f,0.5068348866846647f,3.288369610784188f,0f,0f,0f,1f],start_interpolation:0}
execute if entity @s[tag=aj.beast.locator_origin.right_hand] at @s on origin run tp @s ^-0.67687 ^-1.13131 ^3.49588 ~174.62303 ~59.39777
execute if entity @s[tag=aj.beast.bone.right_hand] run data modify entity @s {} merge value {transformation:[-0.7576678367129386f,-0.7252106374533643f,0.0500897248467181f,-2.0754182282210616f,0.3995814713461982f,-0.3550430887859266f,0.9037582933849932f,-0.3998607696221388f,-0.6072677308795046f,0.6712033495371077f,0.5321766310188978f,4.155136346758837f,0f,0f,0f,1f],start_interpolation:0}
execute if entity @s[tag=aj.beast.bone.right_forearm] run data modify entity @s {} merge value {transformation:[-0.7792505025809423f,-4.181428436555764f,-0.4290103544090402f,-8.239447363754874f,4.201660901323827f,-0.7873376391802782f,0.04207270156142047f,-1.52143500031239f,-0.12016374042946293f,-0.4139814873793832f,4.25321114025546f,2.9099974995446574f,0f,0f,0f,1f],start_interpolation:0}
execute if entity @s[tag=aj.beast.bone.right_bicep] run data modify entity @s {} merge value {transformation:[-0.7470675106309084f,1.779767497169845f,-3.038802032146472f,-5.025835356073838f,3.468401339980545f,0.9099144656953121f,-0.31976211460956216f,-0.7568960553941578f,0.6099854747294412f,-2.994074701996629f,-1.9035320852254884f,-0.1571948448955106f,0f,0f,0f,1f],start_interpolation:0}
execute if entity @s[tag=aj.beast.bone.right_arm] run data modify entity @s {} merge value {transformation:[-0.9672139762784882f,-0.1322992890557486f,-0.6978495698980549f,-4.339583333333334f,0.28935778776378085f,1.0033354893900106f,-0.5912613351056869f,0.013136739448369794f,0.6486672450124237f,-0.6448370289040883f,-0.7767985655252854f,-1.0734002536730336f,0f,0f,0f,1f],start_interpolation:0}
execute if entity @s[tag=aj.beast.bone.left_thumb] run data modify entity @s {} merge value {transformation:[-0.20460468133196372f,1.0291210724202995f,0.03932864957686036f,1.9307956240961412f,-0.8732783123273979f,-0.19462234770696665f,0.5495517546070084f,-0.6131527025142045f,0.5459138334899186f,0.07437714752208795f,0.8938378635584981f,4.788469452045486f,0f,0f,0f,1f],start_interpolation:0}
execute if entity @s[tag=aj.beast.bone.left_fingers_2] run data modify entity @s {} merge value {transformation:[0.8881432244669482f,0.45803784955976545f,0.03745585673986698f,0.17631269682094686f,-0.4078989748819503f,0.748123690158448f,0.5233826234352458f,0.08490902555630808f,0.21170743757295318f,-0.4801169363752665f,0.8512741557699977f,4.832946642340342f,0f,0f,0f,1f],start_interpolation:0}
execute if entity @s[tag=aj.beast.bone.left_fingers] run data modify entity @s {} merge value {transformation:[-0.1591026540521766f,0.9865512679376758f,0.03745585673986698f,1.0901472233547087f,-0.8378820892552561f,-0.1549975289844544f,0.5233826234352458f,0.32763024846887534f,0.5221493560072639f,0.051887972973293395f,0.8512741557699977f,4.643735241489707f,0f,0f,0f,1f],start_interpolation:0}
execute if entity @s[tag=aj.beast.bone.left_hand] run data modify entity @s {} merge value {transformation:[-0.6203601747023018f,0.8462307669695006f,0.03932864957686032f,2.356500304619444f,-0.7092079764287316f,-0.5454511116298344f,0.5495517546070079f,-0.4142361949447271f,0.46333281754392547f,0.29812174334655267f,0.8938378635584971f,4.970485341810618f,0f,0f,0f,1f],start_interpolation:0}
execute if entity @s[tag=aj.beast.bone.left_forearm] run data modify entity @s {} merge value {transformation:[-0.8147154086517567f,4.077724345535326f,0.9919818368971809f,8.283675644620434f,-4.196539679519955f,-0.7989049190757425f,-0.1625750549473437f,-1.522858073650383f,0.030307113355654263f,-1.0047587233286817f,4.155137348725667f,2.8626180057480997f,0f,0f,0f,1f],start_interpolation:0}
execute if entity @s[tag=aj.beast.bone.left_bicep] run data modify entity @s {} merge value {transformation:[-0.7456528982515644f,-1.823537380597147f,3.0130903034748138f,5.025835356073838f,-3.468391046153522f,0.915191063317458f,-0.3044484662236682f,-0.7568960553941578f,-0.6117722666900858f,-2.965996753064434f,-1.9464321088905505f,-0.15719484489550972f,0f,0f,0f,1f],start_interpolation:0}
execute if entity @s[tag=aj.beast.bone.left_arm] run data modify entity @s {} merge value {transformation:[-0.9672139762784879f,0.13229928905574875f,0.6978495698980552f,4.339583333333334f,-0.28935778776378085f,1.0033354893900106f,-0.5912613351056869f,0.013136739448369794f,-0.6486672450124238f,-0.6448370289040883f,-0.776798565525285f,-1.0734002536730327f,0f,0f,0f,1f],start_interpolation:0}
execute if entity @s[tag=aj.beast.bone.chest] run data modify entity @s {} merge value {transformation:[-6.061547916666667f,-7.773613303134354e-19f,7.423251183769362e-16f,8.344437127690384e-19f,0f,6.061544593051416f,0.00634763697463354f,0.3544068749999987f,-7.423255254024141e-16f,0.00634763697463354f,-6.061544593051416f,-0.006813750000000063f,0f,0f,0f,1f],start_interpolation:0}
execute if entity @s[tag=aj.beast.bone.waist] run data modify entity @s {} merge value {transformation:[-5.023832916666667f,0f,6.152420900846945e-16f,0.0000012500000003073253f,0f,5.023832916666667f,0f,-4.750477499999999f,-6.152420900846945e-16f,0f,-5.023832916666667f,-2.5095f,0f,0f,0f,1f],start_interpolation:0}
execute if entity @s[tag=aj.beast.bone.hip] run data modify entity @s {} merge value {transformation:[-4.393932083333333f,0f,5.381014861525027e-16f,2.1134212373565016e-16f,0f,4.393932083333333f,0f,-8.027368226744185f,-5.381014861525027e-16f,0f,-4.393932083333333f,-1.7257394040697673f,0f,0f,0f,1f],start_interpolation:0}
execute if entity @s[tag=aj.beast.bone.right_foot] run data modify entity @s {} merge value {transformation:[-2.0316041731765795f,0.18482505088716383f,-0.004917732817458058f,-1.9274999999999993f,0.18417853447095142f,2.0278224476021944f,0.12495754655393533f,-16.28001616159766f,0.0162095950485871f,0.123999280502766f,-2.0361634088312157f,-3.3651532266494675f,0f,0f,0f,1f],start_interpolation:0}
execute if entity @s[tag=aj.beast.bone.right_knee] run data modify entity @s {} merge value {transformation:[-2.85f,-3.0599432046835153e-17f,3.476804036829234e-16f,-1.9218749999999998f,0f,2.8390259454807047f,0.2498633244143509f,-12.734318551377179f,-3.4902433775699566e-16f,0.2498633244143509f,-2.8390259454807047f,-1.6903940478626582f,0f,0f,0f,1f],start_interpolation:0}
execute if entity @s[tag=aj.beast.bone.right_thigh] run data modify entity @s {} merge value {transformation:[-3.8249999999999997f,-1.068724829329725e-16f,4.560729131332105e-16f,-1.6874999999999996f,0f,3.72411795344377f,0.8726800495243304f,-8.79699625f,-4.684274006738626e-16f,0.8726800495243304f,-3.72411795344377f,-2.6872187500000004f,0f,0f,0f,1f],start_interpolation:0}
execute if entity @s[tag=aj.beast.bone.right_leg] run data modify entity @s {} merge value {transformation:[-1.7250000000000003f,0f,2.1125157285291847e-16f,-1.6701387499999996f,0f,1.7250000000000003f,0f,-8.804594374999999f,-2.1125157285291847e-16f,0f,-1.7250000000000003f,-2.6401250000000003f,0f,0f,0f,1f],start_interpolation:0}
execute if entity @s[tag=aj.beast.bone.left_foot] run data modify entity @s {} merge value {transformation:[-2.0316041731765795f,-0.18412952815557132f,-0.01675709977034616f,1.9275000000000004f,-0.1729326444701575f,1.8269769400953395f,0.8909823571970588f,-15.21897906595597f,-0.06541241478545776f,0.8887359434731307f,-1.835066657854929f,-3.039372588391989f,0f,0f,0f,1f],start_interpolation:0}
execute if entity @s[tag=aj.beast.bone.left_knee] run data modify entity @s {} merge value {transformation:[-2.85f,-1.234813538060248e-16f,3.264511351013207e-16f,1.9218750000000004f,0f,2.665675812230993f,1.008301772331396f,-12.236179657472338f,-3.4902433775699566e-16f,1.008301772331396f,-2.665675812230993f,-0.5266207120761837f,0f,0f,0f,1f],start_interpolation:0}
execute if entity @s[tag=aj.beast.bone.left_thigh] run data modify entity @s {} merge value {transformation:[-3.8249999999999997f,3.873063379708757e-17f,4.668234866710835e-16f,1.6875000000000004f,0f,3.8119030482593366f,-0.31625962542059755f,-8.79699625f,-4.684274006738626e-16f,-0.31625962542059755f,-3.8119030482593366f,-2.6872187499999995f,0f,0f,0f,1f],start_interpolation:0}
execute if entity @s[tag=aj.beast.bone.left_leg] run data modify entity @s {} merge value {transformation:[-1.7250000000000003f,0f,2.1125157285291847e-16f,1.6701387500000004f,0f,1.7250000000000003f,0f,-8.804594374999999f,-2.1125157285291847e-16f,0f,-1.7250000000000003f,-2.6401249999999994f,0f,0f,0f,1f],start_interpolation:0}