execute if entity @s[tag=aj.beast.bone.right_thumb] run data modify entity @s {} merge value {transformation:[-0.4325810550780289f,-0.953531810262228f,-0.07842651085964197f,-0.7524945631282282f,0.8467089748841559f,-0.341462271262287f,-0.518639980289818f,4.34164544375195f,0.44548573786172024f,-0.27691262904107244f,0.9095943344367091f,4.240140433022228f,0f,0f,0f,1f],start_interpolation:0}
execute if entity @s[tag=aj.beast.bone.right_fingers_2] run data modify entity @s {} merge value {transformation:[0.985650212735509f,-0.15137627275263332f,-0.07469191510442093f,0.7254292824255846f,0.09530184137077977f,0.8642557673820216f,-0.4939428383712552f,4.679099670104948f,0.13932414423130118f,0.47973658667484725f,0.8662803185111515f,4.949578299328976f,0f,0f,0f,1f],start_interpolation:0}
execute if entity @s[tag=aj.beast.bone.right_fingers] run data modify entity @s {} merge value {transformation:[-0.05017572937639092f,-0.9959435295234269f,-0.07469191510442093f,-0.1476829034004703f,0.8694680981609668f,-0.006760081515755356f,-0.4939428383712552f,5.062370917297555f,0.4914342503956134f,-0.08972617955936385f,0.8662803185111515f,5.093057741015555f,0f,0f,0f,1f],start_interpolation:0}
execute if entity @s[tag=aj.beast.locator_origin.consume] at @s on origin run tp @s ^0.29948 ^4.83173 ^3.89228 ~-175.07206 ~-29.60006
execute if entity @s[tag=aj.beast.bone.right_hand] run data modify entity @s {} merge value {transformation:[-0.7950315349092328f,-0.6813766512687764f,-0.07842651085964197f,-1.1935122038381092f,0.6230707457604308f,-0.6673045905900231f,-0.518639980289818f,4.2019099128526225f,0.28671885929845964f,-0.43923848019410827f,0.9095943344367091f,4.439888920168067f,0f,0f,0f,1f],start_interpolation:0}
execute if entity @s[tag=aj.beast.bone.right_forearm] run data modify entity @s {} merge value {transformation:[-1.852197754789028f,-3.825485039175074f,-0.45896916258302145f,-6.838003693915984f,2.56110559141393f,-0.8419663638183107f,-3.317748602867143f,3.47363910467877f,2.878493812184209f,-1.7124198834533106f,2.65659867423948f,1.5393903189099578f,0f,0f,0f,1f],start_interpolation:0}
execute if entity @s[tag=aj.beast.bone.right_bicep] run data modify entity @s {} merge value {transformation:[-1.6186258598376946f,0.49874010733463103f,-3.176682016066532f,-5.012900862400338f,2.1262340654090583f,2.83399198314909f,-0.6384497932811651f,6.8243306108878725f,2.4122974578104492f,-2.1632724619849744f,-1.5687808101384697f,-0.8608923512379831f,0f,0f,0f,1f],start_interpolation:0}
execute if entity @s[tag=aj.beast.bone.right_arm] run data modify entity @s {} merge value {transformation:[-1.1817985464230065f,0.05027721992781864f,-0.20205048089227562f,-4.575f,0.09476765981666056f,1.1667650681147566f,-0.2639666010692305f,7.818344532953103f,0.1853949468711156f,-0.27591933057235823f,-1.1530382633248382f,-0.9037186023909967f,0f,0f,0f,1f],start_interpolation:0}
execute if entity @s[tag=aj.beast.bone.left_thumb] run data modify entity @s {} merge value {transformation:[-0.8094225632043237f,0.619848024666917f,-0.2512439859822793f,0.9774650677008028f,-0.35009661023904837f,-0.7287354790973213f,-0.6699828094838896f,4.039570974621543f,-0.5698837404899971f,-0.4327043191618482f,0.7684396492268021f,4.590195735049821f,0f,0f,0f,1f],start_interpolation:0}
execute if entity @s[tag=aj.beast.bone.left_fingers_2] run data modify entity @s {} merge value {transformation:[0.2642700818332239f,0.9342946065544515f,-0.2392799866497898f,-0.47760746158849177f,-0.7680863099081633f,0.053840329422450706f,-0.6380788661751329f,5.040583936143687f,-0.5832707299183817f,0.3524128361608647f,0.7318472849779067f,5.44837406408578f,0f,0f,0f,1f],start_interpolation:0}
execute if entity @s[tag=aj.beast.bone.left_fingers] run data modify entity @s {} merge value {transformation:[-0.6096517441256177f,0.7556916294848506f,-0.2392799866497898f,0.4406435271204038f,-0.48790446976519114f,-0.5956547564855037f,-0.6380788661751329f,4.750075669600081f,-0.624719120299467f,-0.2722601186415784f,0.7318472849779067f,5.495577421531884f,0f,0f,0f,1f],start_interpolation:0}
execute if entity @s[tag=aj.beast.bone.left_hand] run data modify entity @s {} merge value {transformation:[-0.8637583176203191f,0.5415699661626856f,-0.2512439859822793f,1.313335541416695f,-0.28053004194633185f,-0.758238702890893f,-0.6699828094838896f,3.735278558933043f,-0.5269956966686781f,-0.48402070326472985f,0.7684396492268021f,4.810466447516088f,0f,0f,0f,1f],start_interpolation:0}
execute if entity @s[tag=aj.beast.bone.left_forearm] run data modify entity @s {} merge value {transformation:[-1.886570786185863f,3.779712000176843f,0.6559366314128363f,6.861137648847729f,-2.546138245882806f,-0.686948975460658f,-3.3646554263351223f,3.24422349201682f,-2.86943473554686f,-1.8755008133383242f,2.5543034270823033f,1.682478054708388f,0f,0f,0f,1f],start_interpolation:0}
execute if entity @s[tag=aj.beast.bone.left_bicep] run data modify entity @s {} merge value {transformation:[-1.6185017412402356f,-0.6093836385214352f,3.157388746211766f,4.909090705424837f,-2.130584268547875f,2.8507723709961006f,-0.541947934198103f,6.583506408076774f,-2.4085395550454733f,-2.112285129869462f,-1.6423120111336047f,-0.6322990726160242f,0f,0f,0f,1f],start_interpolation:0}
execute if entity @s[tag=aj.beast.bone.left_arm] run data modify entity @s {} merge value {transformation:[-1.1817985464230065f,-0.05027721992781857f,0.2020504808922759f,4.575f,-0.09476765981666056f,1.1667650681147566f,-0.2639666010692305f,7.818344532953103f,-0.18539494687111588f,-0.27591933057235823f,-1.153038263324838f,-0.9037186023909956f,0f,0f,0f,1f],start_interpolation:0}
execute if entity @s[tag=aj.beast.bone.chest] run data modify entity @s {} merge value {transformation:[-6.061547916666667f,-8.328871170981312e-19f,7.42325058153785e-16f,-1.447364127657288e-17f,0f,6.061544101292068f,0.00680103943176122f,8.791906875000002f,-7.423255254024141e-16f,0.00680103943176122f,-6.061544101292068f,0.11818624999999994f,0f,0f,0f,1f],start_interpolation:0}
execute if entity @s[tag=aj.beast.bone.waist] run data modify entity @s {} merge value {transformation:[-5.023832916666667f,0f,6.152420900846945e-16f,0.0000012500000002926076f,0f,5.023832916666667f,0f,3.8445225f,-6.152420900846945e-16f,0f,-5.023832916666667f,-2.389321428571429f,0f,0f,0f,1f],start_interpolation:0}
execute if entity @s[tag=aj.beast.bone.hip] run data modify entity @s {} merge value {transformation:[-4.393932083333333f,0f,5.381014861525027e-16f,1.5918783417893875e-16f,0f,4.393932083333333f,0f,0.7444340988372087f,-5.381014861525027e-16f,0f,-4.393932083333333f,-1.2998673110465115f,0f,0f,0f,1f],start_interpolation:0}
execute if entity @s[tag=aj.beast.bone.right_foot] run data modify entity @s {} merge value {transformation:[-2.039888145505645f,0.021362338968964945f,-0.00006556917383307635f,-2.0137499999999995f,0.021361343764808305f,2.0398373179052722f,0.01440171773039481f,-7.218839091826295f,0.00021637491352008504f,0.01440024148406285f,-2.0399491626575155f,-2.1844465457770976f,0f,0f,0f,1f],start_interpolation:0}
execute if entity @s[tag=aj.beast.bone.right_knee] run data modify entity @s {} merge value {transformation:[-2.85f,-3.535181951258398e-18f,3.4900643380213057e-16f,-2.0081249999999997f,0f,2.849853803113864f,0.028866951301548583f,-3.5539040051184223f,-3.4902433775699566e-16f,0.028866951301548583f,-2.849853803113864f,-0.7897994003415696f,0f,0f,0f,1f],start_interpolation:0}
execute if entity @s[tag=aj.beast.bone.right_thigh] run data modify entity @s {} merge value {transformation:[-3.8250000000000006f,-1.2439545977807372e-17f,4.682621994117586e-16f,-1.6874999999999996f,0f,3.8236510293235644f,0.10157660140432546f,0.10050375000000011f,-4.684274006738627e-16f,0.10157660140432546f,-3.8236510293235644f,-2.5622187500000004f,0f,0f,0f,1f],start_interpolation:0}
execute if entity @s[tag=aj.beast.bone.right_leg] run data modify entity @s {} merge value {transformation:[-1.7250000000000003f,0f,2.1125157285291847e-16f,-1.6701387499999996f,0f,1.7250000000000003f,0f,0.09290562500000021f,-2.1125157285291847e-16f,0f,-1.7250000000000003f,-2.5151250000000003f,0f,0f,0f,1f],start_interpolation:0}
execute if entity @s[tag=aj.beast.bone.left_foot] run data modify entity @s {} merge value {transformation:[-2.039888145505645f,-0.021361268281024106f,-0.00022370285565735616f,2.0137500000000004f,-0.02134384618989135f,2.03710982195293f,0.1064331411390451f,-7.109187357418882f,-0.0008910978418650623f,0.1064296458714758f,-2.037221621823288f,-2.1063071210484767f,0f,0f,0f,1f],start_interpolation:0}
execute if entity @s[tag=aj.beast.bone.left_knee] run data modify entity @s {} merge value {transformation:[-2.85f,-1.4558956748328136e-17f,3.4872055449185917e-16f,2.0081250000000006f,0f,2.8475194213927804f,0.1188829036948829f,-3.4875330640767563f,-3.4902433775699566e-16f,0.1188829036948829f,-2.8475194213927804f,-0.659021909801067f,0f,0f,0f,1f],start_interpolation:0}
execute if entity @s[tag=aj.beast.bone.left_thigh] run data modify entity @s {} merge value {transformation:[-3.8250000000000006f,4.4739588426880825e-18f,4.684060347544056e-16f,1.6875000000000004f,0f,3.8248255340276733f,-0.03653264635814201f,0.10050375000000011f,-4.684274006738627e-16f,-0.03653264635814201f,-3.8248255340276733f,-2.5622187499999995f,0f,0f,0f,1f],start_interpolation:0}
execute if entity @s[tag=aj.beast.bone.left_leg] run data modify entity @s {} merge value {transformation:[-1.7250000000000003f,0f,2.1125157285291847e-16f,1.6701387500000004f,0f,1.7250000000000003f,0f,0.09290562500000021f,-2.1125157285291847e-16f,0f,-1.7250000000000003f,-2.5151249999999994f,0f,0f,0f,1f],start_interpolation:0}