execute if entity @s[tag=aj.beast.bone.right_thumb] run data modify entity @s {} merge value {transformation:[0.3007038730157448f,-0.4698906286379636f,0.8895391941176912f,0.28622760291702654f,0.39110516749318563f,-0.8007909696513599f,-0.555221190954527f,5.00583241503935f,0.9268839888106057f,0.490343369531041f,-0.05430885050787504f,2.31075058962566f,0f,0f,0f,1f],start_interpolation:0}
execute if entity @s[tag=aj.beast.bone.right_fingers_2] run data modify entity @s {} merge value {transformation:[0.48817004011919685f,0.2097039491447215f,0.847180184873991f,1.4056300572922573f,0.8131257502399002f,0.24334341816257551f,-0.5287820866233587f,6.23373526030415f,-0.31704341378874396f,0.946999595855279f,-0.051722714769404765f,1.5672194231869423f,0f,0f,0f,1f],start_interpolation:0}
execute if entity @s[tag=aj.beast.bone.right_fingers] run data modify entity @s {} merge value {transformation:[0.3511290359092025f,-0.39874068578255745f,0.847180184873991f,1.222379505488302f,0.4841641219323645f,-0.6971187903791642f,-0.5287820866233587f,5.8549131308386055f,0.8014321575622833f,0.5958449946101303f,-0.051722714769404765f,2.434814442559433f,0f,0f,0f,1f],start_interpolation:0}
execute if entity @s[tag=aj.beast.locator_origin.consume] at @s on origin run tp @s ^0.16388 ^6.0457 ^1.70121 ~86.50627 ~-31.9232
execute if entity @s[tag=aj.beast.bone.right_hand] run data modify entity @s {} merge value {transformation:[0.0739459010230287f,-0.5529484839027429f,0.8895391941176907f,0.3872450833900887f,0.016032771237640433f,-0.8910512776274317f,-0.5552211909545266f,4.617764198745222f,1.0472702392259285f,0.05268391394134782f,-0.054308850507875005f,2.615907212151283f,0f,0f,0f,1f],start_interpolation:0}
execute if entity @s[tag=aj.beast.bone.right_forearm] run data modify entity @s {} merge value {transformation:[-1.5539216422885276f,-3.3893510557111295f,2.09123216089873f,-4.981424166156093f,2.515589325506151f,-2.575603755435203f,-2.305146555077915f,1.1617277758136773f,3.087517267162539f,0.39266998374961193f,2.9306436850690734f,2.807629458768011f,0f,0f,0f,1f],start_interpolation:0}
execute if entity @s[tag=aj.beast.bone.right_bicep] run data modify entity @s {} merge value {transformation:[-1.5489378838700498f,-0.689537790031978f,-3.17574071171278f,-4.5955368953915725f,1.917649483397209f,2.6462874792951085f,-1.509895041303322f,4.59306933605193f,2.623625714681611f,-2.3413031014893733f,-0.7712897615148606f,-0.09003803824478585f,0f,0f,0f,1f],start_interpolation:0}
execute if entity @s[tag=aj.beast.bone.right_arm] run data modify entity @s {} merge value {transformation:[-0.837172188186476f,-0.4609889258570255f,-0.725694107433879f,-4.575f,0.3254623013054707f,0.767591949314598f,-0.8630625062974078f,5.312550197209859f,0.7957493435473353f,-0.7989316676566288f,-0.41047676263021665f,-0.9046425169296273f,0f,0f,0f,1f],start_interpolation:0}
execute if entity @s[tag=aj.beast.bone.left_thumb] run data modify entity @s {} merge value {transformation:[0.3785879093405308f,0.38994345787413537f,-0.8983959564481183f,-0.10969137559030515f,-0.5648348130730491f,-0.6999225477058049f,-0.5418210600869532f,4.991973519433397f,-0.8000830137191393f,0.6786402042866146f,-0.04259864180842238f,2.5090652669072204f,0f,0f,0f,1f],start_interpolation:0}
execute if entity @s[tag=aj.beast.bone.left_fingers_2] run data modify entity @s {} merge value {transformation:[0.4251222038414517f,-0.2952858735507046f,-0.8556151966172549f,-1.1050773506224643f,-0.7452802502873506f,0.4222329322452719f,-0.5160200572256693f,6.072861119943015f,0.5136423467088845f,0.8570446918387373f,-0.04057013505564033f,1.4345725477554168f,0f,0f,0f,1f],start_interpolation:0}
execute if entity @s[tag=aj.beast.bone.left_fingers] run data modify entity @s {} merge value {transformation:[0.41285832110005427f,0.3122028859829135f,-0.8556151966172549f,-1.0233685293084611f,-0.6330815019441278f,-0.5770018305317443f,-0.5160200572256693f,5.863283776002399f,-0.6547944857698569f,0.7547173282408157f,-0.04057013505564033f,2.372234050418019f,0f,0f,0f,1f],start_interpolation:0}
execute if entity @s[tag=aj.beast.bone.left_hand] run data modify entity @s {} merge value {transformation:[0.1783199439693235f,0.5134069565368671f,-0.8983959564481178f,-0.25437659760548303f,-0.21611413901294577f,-0.8730547621798664f,-0.5418210600869529f,4.670633979367838f,-1.0119272090923683f,0.2769272092348587f,-0.04259864180842235f,2.8692445592755504f,0f,0f,0f,1f],start_interpolation:0}
execute if entity @s[tag=aj.beast.bone.left_forearm] run data modify entity @s {} merge value {transformation:[-1.6887150964472968f,3.364639195378894f,-2.0256034675994834f,5.069632828996723f,-2.3935783593215656f,-2.6298459487274237f,-2.3728290970378425f,1.1423366316762094f,-3.11362312440322f,0.19682065664459206f,2.9227106713288444f,2.771284673490413f,0f,0f,0f,1f],start_interpolation:0}
execute if entity @s[tag=aj.beast.bone.left_bicep] run data modify entity @s {} merge value {transformation:[-1.5459064416883295f,0.6201462264660931f,3.1914874167614062f,4.5955368953915725f,-1.9190508496119816f,2.6785524822463573f,-1.4500346328468883f,4.59306933605193f,-2.6243889022303954f,-2.3239568106253055f,-0.8196387205337469f,-0.09003803824478462f,0f,0f,0f,1f],start_interpolation:0}
execute if entity @s[tag=aj.beast.bone.left_arm] run data modify entity @s {} merge value {transformation:[-0.8371721881864757f,0.4609889258570256f,0.725694107433879f,4.575f,-0.3254623013054707f,0.767591949314598f,-0.8630625062974078f,5.312550197209859f,-0.7957493435473354f,-0.7989316676566286f,-0.41047676263021643f,-0.9046425169296262f,0f,0f,0f,1f],start_interpolation:0}
execute if entity @s[tag=aj.beast.bone.chest] run data modify entity @s {} merge value {transformation:[-6.061547916666667f,-3.1094367965392354e-18f,7.42319013003694e-16f,-1.447364127657288e-17f,0f,6.0614947388955365f,0.025390478288957654f,5.791906874999999f,-7.423255254024141e-16f,0.025390478288957654f,-6.0614947388955365f,0.11818624999999994f,0f,0f,0f,1f],start_interpolation:0}
execute if entity @s[tag=aj.beast.bone.waist] run data modify entity @s {} merge value {transformation:[-5.023832916666667f,0f,6.152420900846945e-16f,0.000001250000000289032f,0f,5.023832916666667f,0f,0.7845224999999996f,-6.152420900846945e-16f,0f,-5.023832916666667f,-2.360125f,0f,0f,0f,1f],start_interpolation:0}
execute if entity @s[tag=aj.beast.bone.hip] run data modify entity @s {} merge value {transformation:[-4.3939320833333335f,0f,5.381014861525028e-16f,1.816159586982071e-16f,0f,4.3939320833333335f,0f,-2.4590542732558145f,-5.381014861525028e-16f,0f,-4.3939320833333335f,-1.4830068459302326f,0f,0f,0f,1f],start_interpolation:0}
execute if entity @s[tag=aj.beast.bone.right_foot] run data modify entity @s {} merge value {transformation:[-2.0364092489644814f,0.12096670235084951f,-0.0021041992013252483f,-1.9612499999999995f,0.12078576756382896f,2.034783583347094f,0.08164904956688662f,-10.619930373494824f,0.006940395228988243f,0.08138074627035687f,-2.038364296452071f,-2.8214334616725476f,0f,0f,0f,1f],start_interpolation:0}
execute if entity @s[tag=aj.beast.bone.right_knee] run data modify entity @s {} merge value {transformation:[-2.85f,-2.0022042456702145e-17f,3.484495747774295e-16f,-1.955625f,0f,2.8453067041046745f,0.1634923838501213f,-7.024986894766231f,-3.4902433775699566e-16f,0.1634923838501213f,-2.8453067041046745f,-1.2551731912191735f,0f,0f,0f,1f],start_interpolation:0}
execute if entity @s[tag=aj.beast.bone.right_thigh] run data modify entity @s {} merge value {transformation:[-3.8250000000000006f,-7.02332073545722e-17f,4.631322989025503e-16f,-1.6874999999999996f,0f,3.7817622127865844f,0.57349765992506f,-3.1794962500000006f,-4.684274006738627e-16f,0.57349765992506f,-3.7817622127865844f,-2.5622187500000004f,0f,0f,0f,1f],start_interpolation:0}
execute if entity @s[tag=aj.beast.bone.right_leg] run data modify entity @s {} merge value {transformation:[-1.7250000000000003f,0f,2.1125157285291847e-16f,-1.6701387499999996f,0f,1.7250000000000003f,0f,-3.187094375000001f,-2.1125157285291847e-16f,0f,-1.7250000000000003f,-2.5151250000000003f,0f,0f,0f,1f],start_interpolation:0}
execute if entity @s[tag=aj.beast.bone.left_foot] run data modify entity @s {} merge value {transformation:[-2.0364092489644814f,-0.120772047672631f,-0.007175181731332057f,1.9612500000000004f,-0.11761884970003565f,1.9479253808583463f,0.5944346194520533f,-9.952345176100957f,-0.028340376270584704f,0.5938020066561133f,-1.9514599662724357f,-2.621728800658416f,0f,0f,0f,1f],start_interpolation:0}
execute if entity @s[tag=aj.beast.bone.left_knee] run data modify entity @s {} merge value {transformation:[-2.85f,-8.175791121498634e-17f,3.3931347202914273e-16f,1.9556250000000004f,0f,2.770704763735846f,0.6676040085346191f,-6.679168137154348f,-3.4902433775699566e-16f,0.6676040085346191f,-2.770704763735846f,-0.5010387302116244f,0f,0f,0f,1f],start_interpolation:0}
execute if entity @s[tag=aj.beast.bone.left_thigh] run data modify entity @s {} merge value {transformation:[-3.8250000000000006f,2.5340442935425332e-17f,4.677414795096837e-16f,1.6875000000000004f,0f,3.8193990286451864f,-0.20692041944720987f,-3.1794962500000006f,-4.684274006738627e-16f,-0.20692041944720987f,-3.8193990286451864f,-2.5622187499999995f,0f,0f,0f,1f],start_interpolation:0}
execute if entity @s[tag=aj.beast.bone.left_leg] run data modify entity @s {} merge value {transformation:[-1.7250000000000003f,0f,2.1125157285291847e-16f,1.6701387500000004f,0f,1.7250000000000003f,0f,-3.187094375000001f,-2.1125157285291847e-16f,0f,-1.7250000000000003f,-2.5151249999999994f,0f,0f,0f,1f],start_interpolation:0}