execute if entity @s[tag=aj.beast.bone.right_thumb] run data modify entity @s {} merge value {transformation:[-0.3968512606013845f,-0.5554777074083145f,0.7977804168638739f,-0.5322077025708851f,0.7874789630775505f,-0.6889401788952647f,-0.08796767937184549f,-0.3568813930490714f,0.5699876837874648f,0.5650716295091844f,0.6769845595391654f,2.9401135105504363f,0f,0f,0f,1f],start_interpolation:0}
execute if entity @s[tag=aj.beast.bone.right_fingers_2] run data modify entity @s {} merge value {transformation:[0.4422877302457865f,-0.47654946508248897f,0.7597908732036889f,0.6222801177440508f,0.7934547265879177f,0.6028355656402575f,-0.08377874225890042f,0.9140745360476109f,-0.41810424600728824f,0.639913969318364f,0.6447471995611095f,2.268237432315779f,0f,0f,0f,1f],start_interpolation:0}
execute if entity @s[tag=aj.beast.bone.right_fingers] run data modify entity @s {} merge value {transformation:[-0.315360943411572f,-0.568564248231402f,0.7597908732036889f,-0.004330130497654405f,0.8197102072902454f,-0.5666183004542826f,-0.08377874225890042f,0.7969774636018168f,0.4781450108855536f,0.5963877909744305f,0.6447471995611095f,2.9917399966321123f,0f,0f,0f,1f],start_interpolation:0}
execute if entity @s[tag=aj.beast.locator_origin.right_hand] at @s on origin run tp @s ^-0.3934 ^0.22709 ^1.88772 ~130.31744 ~-4.8058
execute if entity @s[tag=aj.beast.bone.right_hand] run data modify entity @s {} merge value {transformation:[-0.5944244109189558f,-0.3357171818244584f,0.797780416863873f,-0.5894248789480097f,0.42253961551668695f,-0.957194839468403f,-0.08796767937184541f,-0.5226381688380033f,0.7553938661537184f,0.27124161392179663f,0.6769845595391647f,3.412525324688869f,0f,0f,0f,1f],start_interpolation:0}
execute if entity @s[tag=aj.beast.bone.right_forearm] run data modify entity @s {} merge value {transformation:[-1.8938875466578284f,-3.6658417704358786f,1.118221388966399f,-6.229989833244523f,3.312638283812786f,-2.1930172592313517f,-1.5788375158106989f,-3.506588781392226f,1.9274964490842195f,0.16704614584288532f,3.812148741054941f,3.123353359071067f,0f,0f,0f,1f],start_interpolation:0}
execute if entity @s[tag=aj.beast.bone.right_bicep] run data modify entity @s {} merge value {transformation:[-1.7044633988194797f,0.22213722972181058f,-3.163140776705373f,-4.73143286461858f,2.5862325073178143f,2.1752543715872332f,-1.2408343309979983f,-0.812355666923386f,1.8347223060118294f,-2.859881723089638f,-1.1894833289123832f,-0.16525208224945565f,0f,0f,0f,1f],start_interpolation:0}
execute if entity @s[tag=aj.beast.bone.right_arm] run data modify entity @s {} merge value {transformation:[-0.8828456328987418f,-0.3463442696498123f,-0.7352749386130052f,-4.496527777777778f,0.31703994576064737f,0.8528447582933295f,-0.7823947156286775f,-0.07961406072382632f,0.7483777530523646f,-0.7698710704607177f,-0.5359377516129679f,-1.0438281217890795f,0f,0f,0f,1f],start_interpolation:0}
execute if entity @s[tag=aj.beast.bone.left_thumb] run data modify entity @s {} merge value {transformation:[-0.034415495661390336f,0.7642808488380883f,-0.7191594800582924f,0.5973794931918284f,-0.8425310929069848f,-0.44911004716637953f,-0.43696856067590967f,-0.5503827891154902f,-0.6256651909314953f,0.5627387934322148f,0.62798735594207f,3.503510926771516f,0f,0f,0f,1f],start_interpolation:0}
execute if entity @s[tag=aj.beast.bone.left_fingers_2] run data modify entity @s {} merge value {transformation:[0.7064531792786078f,0.1783732183558858f,-0.6849137905317066f,-0.9435381524154842f,-0.5802397187665413f,0.7000944784282022f,-0.41616053397705655f,0.2038051991507046f,0.4052724691523861f,0.6914121175158179f,0.5980831961353044f,2.827965330030236f,0f,0f,0f,1f],start_interpolation:0}
execute if entity @s[tag=aj.beast.bone.left_fingers] run data modify entity @s {} merge value {transformation:[0.05018553812553039f,0.7268937414110404f,-0.6849137905317066f,-0.3452879546872818f,-0.8458341644178906f,-0.33372889635663905f,-0.41616053397705655f,0.2972479650099289f,-0.5310800109837878f,0.6002087240569225f,0.5980831961353044f,3.5784140215315015f,0f,0f,0f,1f],start_interpolation:0}
execute if entity @s[tag=aj.beast.bone.left_hand] run data modify entity @s {} merge value {transformation:[-0.35419007553030285f,0.6781290678315781f,-0.7191594800582917f,0.700318519109425f,-0.57379038285836f,-0.7631009589301277f,-0.4369685606759092f,-0.7096579402474292f,-0.804868925313367f,0.24559701513209342f,0.6279873559420693f,3.9703695984325575f,0f,0f,0f,1f],start_interpolation:0}
execute if entity @s[tag=aj.beast.bone.left_forearm] run data modify entity @s {} merge value {transformation:[-1.978576383493453f,3.7089394550871937f,-0.7775786861658964f,6.355777672001052f,-3.228861053428628f,-2.109139846710181f,-1.8443455220405796f,-3.5307932865885077f,-1.9837632903987679f,-0.266312270684008f,3.7774840809921866f,3.0427210577128823f,0f,0f,0f,1f],start_interpolation:0}
execute if entity @s[tag=aj.beast.bone.left_bicep] run data modify entity @s {} merge value {transformation:[-1.6998671934301173f,-0.3289538987194689f,3.156301769035603f,4.73143286461858f,-2.5876235181577556f,2.216431509914067f,-1.1625987657558121f,-0.812355666923386f,-1.8370236941795013f,-2.817662274719473f,-1.2830133485844124f,-0.16525208224945453f,0f,0f,0f,1f],start_interpolation:0}
execute if entity @s[tag=aj.beast.bone.left_arm] run data modify entity @s {} merge value {transformation:[-0.8828456328987416f,0.34634426964981246f,0.7352749386130052f,4.496527777777778f,-0.31703994576064737f,0.8528447582933295f,-0.7823947156286775f,-0.07961406072382632f,-0.7483777530523649f,-0.7698710704607176f,-0.5359377516129676f,-1.0438281217890784f,0f,0f,0f,1f],start_interpolation:0}
execute if entity @s[tag=aj.beast.bone.chest] run data modify entity @s {} merge value {transformation:[-6.061547916666667f,-1.8138416306563844e-18f,7.42323309375712e-16f,8.344437127690384e-19f,0f,6.061529821435425f,0.014811140909519804f,0.3544068749999987f,-7.423255254024141e-16f,0.014811140909519804f,-6.061529821435425f,-0.006813750000000063f,0f,0f,0f,1f],start_interpolation:0}
execute if entity @s[tag=aj.beast.bone.waist] run data modify entity @s {} merge value {transformation:[-5.023832916666667f,0f,6.152420900846945e-16f,0.0000012500000003059984f,0f,5.023832916666667f,0f,-4.707144166666666f,-6.152420900846945e-16f,0f,-5.023832916666667f,-2.498666666666667f,0f,0f,0f,1f],start_interpolation:0}
execute if entity @s[tag=aj.beast.bone.hip] run data modify entity @s {} merge value {transformation:[-4.393932083333333f,0f,5.381014861525027e-16f,2.0493408815871632e-16f,0f,4.393932083333333f,0f,-7.969228691860465f,-5.381014861525027e-16f,0f,-4.393932083333333f,-1.6734138226744186f,0f,0f,0f,1f],start_interpolation:0}
execute if entity @s[tag=aj.beast.bone.right_foot] run data modify entity @s {} merge value {transformation:[-2.033987614542917f,0.1564671725202177f,-0.003522472078144639f,-1.9424999999999994f,0.15607526511458156f,2.0312725787725268f,0.10569873389129304f,-16.184549359215406f,0.011614452437629711f,0.10511771806093267f,-2.037256824714115f,-3.1783415942496624f,0f,0f,0f,1f],start_interpolation:0}
execute if entity @s[tag=aj.beast.bone.right_knee] run data modify entity @s {} merge value {transformation:[-2.85f,-2.5901277901810808e-17f,3.4806193723210035e-16f,-1.936875f,0f,2.842141403337147f,0.2114999844840511f,-12.616557763799086f,-3.4902433775699566e-16f,0.2114999844840511f,-2.842141403337147f,-1.5516191762900335f,0f,0f,0f,1f],start_interpolation:0}
execute if entity @s[tag=aj.beast.bone.right_thigh] run data modify entity @s {} merge value {transformation:[-3.8249999999999997f,-9.065834248735783e-17f,4.595707721771656e-16f,-1.6874999999999996f,0f,3.7526801400790557f,0.740281545262501f,-8.71699625f,-4.684274006738626e-16f,0.740281545262501f,-3.7526801400790557f,-2.6872187500000004f,0f,0f,0f,1f],start_interpolation:0}
execute if entity @s[tag=aj.beast.bone.right_leg] run data modify entity @s {} merge value {transformation:[-1.7250000000000003f,0f,2.1125157285291847e-16f,-1.6701387499999996f,0f,1.7250000000000003f,0f,-8.724594374999999f,-2.1125157285291847e-16f,0f,-1.7250000000000003f,-2.6401250000000003f,0f,0f,0f,1f],start_interpolation:0}
execute if entity @s[tag=aj.beast.bone.left_foot] run data modify entity @s {} merge value {transformation:[-2.033987614542917f,-0.15604555300971895f,-0.012007050924515894f,1.9425000000000003f,-0.14923712369211936f,1.8866481522456944f,0.7615031388904517f,-15.301321552935839f,-0.047145146071636994f,0.7601371817072222f,-1.892503315766735f,-2.913597468620014f,0f,0f,0f,1f],start_interpolation:0}
execute if entity @s[tag=aj.beast.bone.left_knee] run data modify entity @s {} merge value {transformation:[-2.85f,-1.0513793368050575e-16f,3.32812264269367e-16f,1.9368750000000003f,0f,2.717618373730972f,0.8585163800183602f,-12.183415006686316f,-3.4902433775699566e-16f,0.8585163800183602f,-2.717618373730972f,-0.5705923316147015f,0f,0f,0f,1f],start_interpolation:0}
execute if entity @s[tag=aj.beast.bone.left_thigh] run data modify entity @s {} merge value {transformation:[-3.8249999999999997f,3.2782710418499177e-17f,4.672788499383299e-16f,1.6875000000000004f,0f,3.8156213715143634f,-0.26769114524550075f,-8.71699625f,-4.684274006738626e-16f,-0.26769114524550075f,-3.8156213715143634f,-2.6872187499999995f,0f,0f,0f,1f],start_interpolation:0}
execute if entity @s[tag=aj.beast.bone.left_leg] run data modify entity @s {} merge value {transformation:[-1.7250000000000003f,0f,2.1125157285291847e-16f,1.6701387500000004f,0f,1.7250000000000003f,0f,-8.724594374999999f,-2.1125157285291847e-16f,0f,-1.7250000000000003f,-2.6401249999999994f,0f,0f,0f,1f],start_interpolation:0}