execute if entity @s[tag=aj.beast.bone.right_thumb] run data modify entity @s {} merge value {transformation:[-0.3408070882907448f,0.978127336441688f,-0.17209718846126815f,-15.640436889294435f,0.7242878620683243f,0.3692757653817862f,0.6644866454355515f,12.136765913815562f,0.6795274986571778f,0.09696557537180343f,-0.7945691006838451f,-2.03912053993126f,0f,0f,0f,1f],start_interpolation:0}
execute if entity @s[tag=aj.beast.bone.right_fingers_2] run data modify entity @s {} merge value {transformation:[0.23612165366970955f,0.9578009560692515f,-0.1639020842488268f,-17.789171093616247f,0.7699752273177712f,-0.08152351835585323f,0.6328444242243347f,12.215180420171171f,0.5927771199913411f,-0.27562881654085186f,-0.7567324768417573f,-1.9541417664829168f,0f,0f,0f,1f],start_interpolation:0}
execute if entity @s[tag=aj.beast.bone.right_fingers] run data modify entity @s {} merge value {transformation:[0.25786753009558555f,0.9521766872284224f,-0.1639020842488268f,-16.860531709818208f,0.7679195166322805f,-0.09903307883437337f,0.6328444242243347f,12.474409822797895f,0.5863479793583734f,-0.2890536379208744f,-0.7567324768417573f,-1.9387437204311422f,0f,0f,0f,1f],start_interpolation:0}
execute if entity @s[tag=aj.beast.locator_origin.consume] at @s on origin run tp @s ^-16.43113 ^11.25523 ^-1.78314 ~-12.22103 ~39.26029
execute if entity @s[tag=aj.beast.bone.right_hand] run data modify entity @s {} merge value {transformation:[0.1044983566928574f,1.0305157209728628f,-0.17209718846126815f,-15.369072528074007f,0.8124904115172663f,0.0285802244622291f,0.6644866454355515f,12.555166970572543f,0.6568404864508552f,-0.1993000742535473f,-0.7945691006838451f,-2.1113976130191285f,0f,0f,0f,1f],start_interpolation:0}
execute if entity @s[tag=aj.beast.bone.right_forearm] run data modify entity @s {} merge value {transformation:[0.9581382200792787f,4.166087802963403f,-0.03617415130822223f,-9.156809181763151f,3.3980878331441158f,-0.7599746453196076f,2.4801335884805207f,11.103697794800208f,2.4105176268721293f,-0.5846160761310745f,-3.481846322580573f,-2.4347797946021923f,0f,0f,0f,1f],start_interpolation:0}
execute if entity @s[tag=aj.beast.bone.right_bicep] run data modify entity @s {} merge value {transformation:[0.8068532379614981f,3.4602754892979184f,0.5792075539520395f,-5.279339024461349f,2.8615476489634664f,-0.9929259796325389f,1.945672904596872f,8.924662927636678f,2.029909580523899f,0.024321536440388997f,-2.9730246480247136f,-1.7023024646319418f,0f,0f,0f,1f],start_interpolation:0}
execute if entity @s[tag=aj.beast.bone.right_arm] run data modify entity @s {} merge value {transformation:[-0.6771635622828914f,0.985719593236566f,0.09902723577826646f,-3.95f,0.984367644121143f,0.6559573614788633f,0.20184221840110617f,8.964002511270035f,0.11166848760387292f,0.19513283534871295f,-1.1787507478025356f,-1.3758420924510526f,0f,0f,0f,1f],start_interpolation:0}
execute if entity @s[tag=aj.beast.bone.left_thumb] run data modify entity @s {} merge value {transformation:[-0.3408070882907447f,-0.9781273364416881f,0.17209718846126834f,15.640436889294435f,-0.7242878620683243f,0.3692757653817862f,0.6644866454355515f,12.136765913815562f,-0.6795274986571779f,0.09696557537180317f,-0.7945691006838452f,-2.0391205399312566f,0f,0f,0f,1f],start_interpolation:0}
execute if entity @s[tag=aj.beast.bone.left_fingers_2] run data modify entity @s {} merge value {transformation:[0.23612165366970966f,-0.9578009560692515f,0.163902084248827f,17.789171093616247f,-0.7699752273177712f,-0.08152351835585323f,0.6328444242243347f,12.215180420171171f,-0.592777119991341f,-0.27562881654085214f,-0.7567324768417574f,-1.9541417664829124f,0f,0f,0f,1f],start_interpolation:0}
execute if entity @s[tag=aj.beast.bone.left_fingers] run data modify entity @s {} merge value {transformation:[0.25786753009558566f,-0.9521766872284224f,0.163902084248827f,16.860531709818208f,-0.7679195166322805f,-0.09903307883437337f,0.6328444242243347f,12.474409822797895f,-0.5863479793583732f,-0.2890536379208747f,-0.7567324768417574f,-1.9387437204311382f,0f,0f,0f,1f],start_interpolation:0}
execute if entity @s[tag=aj.beast.bone.left_hand] run data modify entity @s {} merge value {transformation:[0.10449835669285754f,-1.0305157209728628f,0.17209718846126834f,15.369072528074007f,-0.8124904115172663f,0.0285802244622291f,0.6644866454355515f,12.555166970572543f,-0.6568404864508552f,-0.19930007425354757f,-0.7945691006838452f,-2.111397613019125f,0f,0f,0f,1f],start_interpolation:0}
execute if entity @s[tag=aj.beast.bone.left_forearm] run data modify entity @s {} merge value {transformation:[0.9581382200792792f,-4.166087802963403f,0.03617415130822318f,9.156809181763151f,-3.3980878331441158f,-0.7599746453196076f,2.4801335884805207f,11.103697794800208f,-2.410517626872129f,-0.5846160761310755f,-3.4818463225805734f,-2.43477979460219f,0f,0f,0f,1f],start_interpolation:0}
execute if entity @s[tag=aj.beast.bone.left_bicep] run data modify entity @s {} merge value {transformation:[0.8068532379614985f,-3.4602754892979184f,-0.5792075539520387f,5.279339024461349f,-2.8615476489634664f,-0.9929259796325389f,1.945672904596872f,8.924662927636678f,-2.0299095805238987f,0.024321536440388248f,-2.973024648024714f,-1.7023024646319405f,0f,0f,0f,1f],start_interpolation:0}
execute if entity @s[tag=aj.beast.bone.left_arm] run data modify entity @s {} merge value {transformation:[-0.6771635622828914f,-0.985719593236566f,-0.09902723577826616f,3.95f,-0.984367644121143f,0.6559573614788633f,0.20184221840110617f,8.964002511270035f,-0.11166848760387306f,0.1951328353487127f,-1.1787507478025356f,-1.3758420924510515f,0f,0f,0f,1f],start_interpolation:0}
execute if entity @s[tag=aj.beast.bone.chest] run data modify entity @s {} merge value {transformation:[-6.061547916666667f,-1.3799480748908694e-16f,7.29386467361453e-16f,-1.447364127657288e-17f,0f,5.955892489730756f,1.126813115301198f,8.791906875000002f,-7.423255254024141e-16f,1.126813115301198f,-5.955892489730756f,0.11818624999999994f,0f,0f,0f,1f],start_interpolation:0}
execute if entity @s[tag=aj.beast.bone.waist] run data modify entity @s {} merge value {transformation:[-5.023832916666667f,-6.888525829303695e-17f,6.113735769573992e-16f,0.0000012500000003462187f,0f,4.992244109755248f,0.5624908205451363f,3.7166653571428583f,-6.152420900846945e-16f,0.5624908205451363f,-4.992244109755248f,-2.827089285714286f,0f,0f,0f,1f],start_interpolation:0}
execute if entity @s[tag=aj.beast.bone.hip] run data modify entity @s {} merge value {transformation:[-4.393932083333333f,0f,5.381014861525027e-16f,2.2006417215981008e-16f,0f,4.393932083333333f,0f,0.19210851744186108f,-5.381014861525027e-16f,0f,-4.393932083333333f,-1.7969603343023255f,0f,0f,0f,1f],start_interpolation:0}
execute if entity @s[tag=aj.beast.bone.right_foot] run data modify entity @s {} merge value {transformation:[-2.039441842577908f,0.039108228009930905f,-0.027340761590533717f,-0.7490024109008919f,0.011275197504549899f,1.5307134047355688f,1.348476674801636f,-7.392292760897387f,0.04636637427770839f,1.34795660874702f,-1.530510744905626f,-2.68644198252613f,0f,0f,0f,1f],start_interpolation:0}
execute if entity @s[tag=aj.beast.bone.right_knee] run data modify entity @s {} merge value {transformation:[-2.8229464980725334f,-0.38724830299365137f,-0.05926061802375977f,-1.21507774961387f,-0.39027804191914756f,2.7425136366748086f,0.6699268636563791f,-4.170482278478305f,-0.034001750186966315f,0.6716827409434115f,-2.76951009684077f,-0.5002277924941887f,0f,0f,0f,1f],start_interpolation:0}
execute if entity @s[tag=aj.beast.bone.right_thigh] run data modify entity @s {} merge value {transformation:[-3.7886913526762953f,-0.51655192922291f,0.09806599090387186f,-1.4999999999999996f,-0.5237942141546454f,3.7700811415321396f,-0.37782642507088066f,-0.7794962499999989f,-0.04563392788250743f,-0.38766904787436174f,-3.805030256640045f,-2.722933035714286f,0f,0f,0f,1f],start_interpolation:0}
execute if entity @s[tag=aj.beast.bone.right_leg] run data modify entity @s {} merge value {transformation:[-1.7250000000000003f,0f,2.1125157285291847e-16f,-1.6701387499999996f,0f,1.7250000000000003f,0f,-0.7870943749999988f,-2.1125157285291847e-16f,0f,-1.7250000000000003f,-2.675839285714286f,0f,0f,0f,1f],start_interpolation:0}
execute if entity @s[tag=aj.beast.bone.left_foot] run data modify entity @s {} merge value {transformation:[-2.0385590344456324f,-0.046664977900450454f,-0.060823045941836205f,0.6413196733705248f,-0.05009664759955877f,2.0360282619041032f,0.11695829439181478f,-8.417753761899366f,0.05802920798509894f,0.11836932273738511f,-2.0357360620805722f,-2.370121261071281f,0f,0f,0f,1f],start_interpolation:0}
execute if entity @s[tag=aj.beast.bone.left_knee] run data modify entity @s {} merge value {transformation:[-2.8222632433726003f,0.3897162730882131f,-0.07383367523159094f,1.1723557201982076f,0.3951448588733415f,2.8085763031973094f,-0.27974933355506615f,-4.664462114683204f,0.034506892267165135f,-0.28726359951927427f,-2.835275806474088f,-1.4525982522530159f,0f,0f,0f,1f],start_interpolation:0}
execute if entity @s[tag=aj.beast.bone.left_thigh] run data modify entity @s {} merge value {transformation:[-3.787774352947438f,0.530969811256471f,0.03822970949262968f,1.5375000000000005f,0.5303259948036952f,3.7397740207203287f,0.6028844111276908f,-0.8226212499999987f,0.0463118817269848f,0.6023174690141231f,-3.776995350292522f,-2.728260416666666f,0f,0f,0f,1f],start_interpolation:0}
execute if entity @s[tag=aj.beast.bone.left_leg] run data modify entity @s {} merge value {transformation:[-1.7250000000000003f,0f,2.1125157285291847e-16f,1.6701387500000004f,0f,1.7250000000000003f,0f,-0.8302193749999986f,-2.1125157285291847e-16f,0f,-1.7250000000000003f,-2.681166666666666f,0f,0f,0f,1f],start_interpolation:0}