execute if entity @s[tag=aj.beast.bone.right_thumb] run data modify entity @s {} merge value {transformation:[-0.5438289218495743f,-0.8825444380936547f,0.16692938192506657f,-1.4035024983996456f,0.6989502760963938f,-0.29326154759408235f,0.7266128104069587f,7.885813085257139f,-0.5641086910380874f,0.4874556179722199f,0.7393702761151658f,3.9107617806914314f,0f,0f,0f,1f],start_interpolation:0}
execute if entity @s[tag=aj.beast.bone.right_fingers_2] run data modify entity @s {} merge value {transformation:[0.6787598935621553f,-0.7169450821626258f,0.15898036373815863f,0.09039573770736176f,0.44132530572275186f,0.5712714670307454f,0.6920122003875797f,8.765016560953825f,-0.5869556894861919f,-0.399548069848129f,0.7041621677287293f,3.1887405758186063f,0f,0f,0f,1f],start_interpolation:0}
execute if entity @s[tag=aj.beast.bone.right_fingers] run data modify entity @s {} merge value {transformation:[-0.4702898926306823f,-0.868074110220495f,0.15898036373815863f,-0.8614842664426962f,0.680196321347216f,-0.24176864755475505f,0.6920122003875797f,8.863084617442754f,-0.5622814075844371f,0.4335842020005348f,0.7041621677287293f,3.307547992022267f,0f,0f,0f,1f],start_interpolation:0}
execute if entity @s[tag=aj.beast.locator_origin.consume] at @s on origin run tp @s ^-0.54635 ^7.61743 ^3.09769 ~167.2775 ~43.7896
execute if entity @s[tag=aj.beast.bone.right_hand] run data modify entity @s {} merge value {transformation:[-0.8658557830240776f,-0.5700248630137782f,0.16692938192506657f,-1.7699636283393652f,0.5095263924979797f,-0.5611743749499758f,0.7266128104069587f,8.068630906228703f,-0.3052484534797122f,0.6801874568423232f,0.7393702761151658f,4.204370228643105f,0f,0f,0f,1f],start_interpolation:0}
execute if entity @s[tag=aj.beast.bone.right_forearm] run data modify entity @s {} merge value {transformation:[-1.2353593115550392f,-4.089179111871907f,-0.1677097563791042f,-7.84141787568357f,4.080934557566282f,-1.21757131478053f,-0.37298556310519054f,6.367066470205197f,0.3090072947610526f,-0.2678792348318378f,4.255394248166714f,3.18178698999403f,0f,0f,0f,1f],start_interpolation:0}
execute if entity @s[tag=aj.beast.bone.right_bicep] run data modify entity @s {} merge value {transformation:[-1.1167379598224616f,1.4579646468831764f,-3.0963261161464217f,-4.950400772112453f,3.3165993480113896f,1.2646453471052128f,-0.6007003502708842f,7.6679589018565615f,0.8444318171776771f,-3.0389161282411123f,-1.7354894616949008f,-0.022770670609419064f,0f,0f,0f,1f],start_interpolation:0}
execute if entity @s[tag=aj.beast.bone.right_arm] run data modify entity @s {} merge value {transformation:[-0.9470697465339579f,-0.18283112255231665f,-0.7138849177748228f,-4.378819444444445f,0.29737700245975873f,0.9688091412421436f,-0.6426319057234166f,8.427456856503467f,0.6742594557054089f,-0.6840918275143485f,-0.7193000472125145f,-0.9409827477314956f,0f,0f,0f,1f],start_interpolation:0}
execute if entity @s[tag=aj.beast.bone.left_thumb] run data modify entity @s {} merge value {transformation:[-0.20873903118777398f,1.0290254577728577f,-0.005884225875206275f,1.6807520889250434f,-1.0283452733441447f,-0.20837328675032576f,0.03983179834784587f,7.814785830463666f,0.03786839908877159f,0.013681397013003577f,1.0492277177649407f,5.016603878452486f,0f,0f,0f,1f],start_interpolation:0}
execute if entity @s[tag=aj.beast.bone.left_fingers_2] run data modify entity @s {} merge value {transformation:[0.8957560506397007f,0.44451062152682697f,-0.005604024643053596f,-0.08121227321561308f,-0.44400719716582193f,0.8952198283921509f,0.037935046045567494f,8.387333144411592f,0.02187936487462378f,-0.03149231975200229f,0.9992644931094674f,5.322735339828237f,0f,0f,0f,1f],start_interpolation:0}
execute if entity @s[tag=aj.beast.bone.left_fingers] run data modify entity @s {} merge value {transformation:[-0.14387862737597545f,0.9895794740657293f,-0.005604024643053596f,0.8283866244295119f,-0.9889132754602754f,-0.14356693874270177f,0.037935046045567494f,8.707319044159984f,0.036735190251790006f,0.010999936720002868f,0.9992644931094674f,5.315882784523403f,0f,0f,0f,1f],start_interpolation:0}
execute if entity @s[tag=aj.beast.bone.left_hand] run data modify entity @s {} merge value {transformation:[-0.6240667596748584f,0.8443968589204798f,-0.005884225875206275f,2.095184908452385f,-0.8439349727545117f,-0.6234478242822079f,0.03983179834784587f,7.897761413196435f,0.028538416752945304f,0.028403433648224844f,1.0492277177649407f,5.290980493525369f,0f,0f,0f,1f],start_interpolation:0}
execute if entity @s[tag=aj.beast.bone.left_forearm] run data modify entity @s {} merge value {transformation:[-1.2756977651398533f,3.9831623208061124f,0.8846683774882259f,7.903672999124556f,-4.057379639100261f,-1.1404352057573213f,-0.7160328244458487f,6.361230898234063f,-0.431150410218784f,-1.0533045464535526f,4.120713998348884f,3.1220879732263467f,0f,0f,0f,1f],start_interpolation:0}
execute if entity @s[tag=aj.beast.bone.left_bicep] run data modify entity @s {} merge value {transformation:[-1.1146007062361458f,-1.5173719410024546f,3.0684275546794866f,4.950400772112452f,-3.3167689399815687f,1.276808564504981f,-0.5734140636401224f,7.6679589018565615f,-0.8465867140650348f,-3.0045535911787593f,-1.7933066255672492f,-0.02277067060941773f,0f,0f,0f,1f],start_interpolation:0}
execute if entity @s[tag=aj.beast.bone.left_arm] run data modify entity @s {} merge value {transformation:[-0.9470697465339577f,0.18283112255231684f,0.7138849177748231f,4.378819444444445f,-0.29737700245975873f,0.9688091412421436f,-0.6426319057234166f,8.427456856503467f,-0.6742594557054091f,-0.6840918275143485f,-0.7193000472125142f,-0.9409827477314945f,0f,0f,0f,1f],start_interpolation:0}
execute if entity @s[tag=aj.beast.bone.chest] run data modify entity @s {} merge value {transformation:[-6.061547916666667f,-1.0364816264103883e-18f,7.423248018016159e-16f,-1.447364127657288e-17f,0f,6.061542008017751f,0.008463514763048637f,8.791906875000002f,-7.423255254024141e-16f,0.008463514763048637f,-6.061542008017751f,0.11818624999999994f,0f,0f,0f,1f],start_interpolation:0}
execute if entity @s[tag=aj.beast.bone.waist] run data modify entity @s {} merge value {transformation:[-5.023832916666667f,0f,6.152420900846945e-16f,0.0000012500000002916854f,0f,5.023832916666667f,0f,3.6978558333333336f,-6.152420900846945e-16f,0f,-5.023832916666667f,-2.381791666666667f,0f,0f,0f,1f],start_interpolation:0}
execute if entity @s[tag=aj.beast.bone.hip] run data modify entity @s {} merge value {transformation:[-4.393932083333333f,0f,5.381014861525027e-16f,1.944320298520748e-16f,0f,4.393932083333333f,0f,0.42466665697674344f,-5.381014861525027e-16f,0f,-4.393932083333333f,-1.5876580087209302f,0f,0f,0f,1f],start_interpolation:0}
execute if entity @s[tag=aj.beast.bone.right_foot] run data modify entity @s {} merge value {transformation:[-2.032237184107161f,0.17773955725361665f,-0.00454723206861003f,-1.9312499999999995f,0.17716471654067256f,2.028738225450836f,0.12014106628316416f,-7.8191713454034435f,0.014989687964084342f,0.11928898684237711f,-2.0364541357155233f,-3.1933546094692122f,0f,0f,0f,1f],start_interpolation:0}
execute if entity @s[tag=aj.beast.bone.right_knee] run data modify entity @s {} merge value {transformation:[-2.85f,-2.94253832722759e-17f,3.4778173495166347e-16f,-1.925625f,0f,2.8398533780825836f,0.2402764886395244f,-4.267839450366559f,-3.4902433775699566e-16f,0.2402764886395244f,-2.8398533780825836f,-1.530576325587792f,0f,0f,0f,1f],start_interpolation:0}
execute if entity @s[tag=aj.beast.bone.right_thigh] run data modify entity @s {} merge value {transformation:[-3.8250000000000006f,-1.0283071940158745e-16f,4.570011737943607e-16f,-1.6874999999999996f,0f,3.73169777696347f,0.8396765457042977f,-0.3394962499999994f,-4.684274006738627e-16f,0.8396765457042977f,-3.73169777696347f,-2.5622187500000004f,0f,0f,0f,1f],start_interpolation:0}
execute if entity @s[tag=aj.beast.bone.right_leg] run data modify entity @s {} merge value {transformation:[-1.7250000000000003f,0f,2.1125157285291847e-16f,-1.6701387499999996f,0f,1.7250000000000003f,0f,-0.3470943749999993f,-2.1125157285291847e-16f,0f,-1.7250000000000003f,-2.5151250000000003f,0f,0f,0f,1f],start_interpolation:0}
execute if entity @s[tag=aj.beast.bone.left_foot] run data modify entity @s {} merge value {transformation:[-2.032237184107161f,-0.17712114122026912f,-0.015496091927547556f,1.9312500000000004f,-0.16715739324122486f,1.8427631681645205f,0.8590007636440481f,-6.802999270366255f,-0.06058410201526482f,0.8570017546009394f,-1.8502641863241898f,-2.8836050505186304f,0f,0f,0f,1f],start_interpolation:0}
execute if entity @s[tag=aj.beast.bone.left_knee] run data modify entity @s {} merge value {transformation:[-2.85f,-1.1892912155858153e-16f,3.2813694152291595e-16f,1.9256250000000004f,0f,2.679441466318106f,0.971129975119231f,-3.7855409579192436f,-3.4902433775699566e-16f,0.971129975119231f,-2.679441466318106f,-0.41258104500526027f,0f,0f,0f,1f],start_interpolation:0}
execute if entity @s[tag=aj.beast.bone.left_thigh] run data modify entity @s {} merge value {transformation:[-3.8250000000000006f,3.724420414607763e-17f,4.669444281277985e-16f,1.6875000000000004f,0f,3.812890610198005f,-0.3041220062144326f,-0.3394962499999994f,-4.684274006738627e-16f,-0.3041220062144326f,-3.812890610198005f,-2.5622187499999995f,0f,0f,0f,1f],start_interpolation:0}
execute if entity @s[tag=aj.beast.bone.left_leg] run data modify entity @s {} merge value {transformation:[-1.7250000000000003f,0f,2.1125157285291847e-16f,1.6701387500000004f,0f,1.7250000000000003f,0f,-0.3470943749999993f,-2.1125157285291847e-16f,0f,-1.7250000000000003f,-2.5151249999999994f,0f,0f,0f,1f],start_interpolation:0}