execute if entity @s[tag=aj.beast.bone.right_thumb] run data modify entity @s {} merge value {transformation:[-0.39493093812750735f,-0.9334646160559397f,0.27417761520821565f,-0.5747512172684137f,0.7761780547079293f,-0.48071390223621224f,-0.5186152442675092f,5.687734672922195f,0.5865809249366548f,0.007612802924741215f,0.870841468771491f,4.188177747254586f,0f,0f,0f,1f],start_interpolation:0}
execute if entity @s[tag=aj.beast.bone.right_fingers_2] run data modify entity @s {} merge value {transformation:[0.9362607144054715f,-0.2350136525825099f,0.2611215382935387f,1.007358940234187f,0.3387647457990163f,0.8008009687783461f,-0.4939192802547706f,6.29401823308612f,-0.09302860670075977f,0.5508959897326263f,0.82937282740142f,4.458058908289076f,0f,0f,0f,1f],start_interpolation:0}
execute if entity @s[tag=aj.beast.bone.right_fingers] run data modify entity @s {} merge value {transformation:[-0.08239594624835389f,-0.9617829538316089f,0.2611215382935387f,0.1490680174402257f,0.8446412007779893f,-0.20645819562547302f,-0.4939192802547706f,6.495614629536951f,0.5289538259528472f,0.17985706318635247f,0.82937282740142f,4.848576094769709f,0f,0f,0f,1f],start_interpolation:0}
execute if entity @s[tag=aj.beast.locator_origin.consume] at @s on origin run tp @s ^0.24214 ^6.32595 ^3.56111 ~162.5238 ~-29.59851
execute if entity @s[tag=aj.beast.bone.right_hand] run data modify entity @s {} merge value {transformation:[-0.75242817800066f,-0.6791012238756039f,0.27417761520821565f,-0.9103909415211682f,0.5002977413510988f,-0.7637017732153967f,-0.5186152442675092f,5.485522615636751f,0.5348401695362797f,-0.24100026829511245f,0.870841468771491f,4.505003086395887f,0f,0f,0f,1f],start_interpolation:0}
execute if entity @s[tag=aj.beast.bone.right_forearm] run data modify entity @s {} merge value {transformation:[-1.8270256932421882f,-3.8649169122339826f,-0.0044020177912494065f,-6.680301946176467f,2.878204081209242f,-1.3573348575627984f,-2.8546818301441994f,3.9267757610082152f,2.5794463326736143f,-1.2229817439245416f,3.182200067702207f,2.2506761515784612f,0f,0f,0f,1f],start_interpolation:0}
execute if entity @s[tag=aj.beast.bone.right_bicep] run data modify entity @s {} merge value {transformation:[-1.6550622629087592f,0.37191133249002706f,-3.1752875250378247f,-5.003743494834295f,2.357478269112229f,2.557091482218474f,-0.9292897084490608f,7.00890070645321f,2.1594131417028453f,-2.5065843517287076f,-1.419144027613065f,-0.5793677335759035f,0f,0f,0f,1f],start_interpolation:0}
execute if entity @s[tag=aj.beast.bone.right_arm] run data modify entity @s {} merge value {transformation:[-1.1281135273652136f,0.006342398417465499f,-0.409047238540893f,-4.575f,0.18167903835751067f,1.0828115500239872f,-0.48426426066368083f,7.953419954303045f,0.3665413979308562f,-0.5171836435125973f,-1.0189055316789333f,-0.9045097585691964f,0f,0f,0f,1f],start_interpolation:0}
execute if entity @s[tag=aj.beast.bone.left_thumb] run data modify entity @s {} merge value {transformation:[-0.591172957484297f,0.7449495116587783f,-0.445044671261905f,0.7283484229429038f,-0.4108969217037807f,-0.7146194474045295f,-0.6503712517674823f,5.442314986181082f,-0.7643155461415313f,-0.19201372469329406f,0.6938677651078633f,4.674111852587636f,0f,0f,0f,1f],start_interpolation:0}
execute if entity @s[tag=aj.beast.bone.left_fingers_2] run data modify entity @s {} merge value {transformation:[0.49679082897171867f,0.7573297147301201f,-0.42385206786848095f,-0.8641810850996934f,-0.7690481673736552f,0.15781976875728754f,-0.619401192159507f,6.441209770440446f,-0.4021986928233538f,0.6336754877507821f,0.6608264429598698f,5.0996694223288515f,0f,0f,0f,1f],start_interpolation:0}
execute if entity @s[tag=aj.beast.bone.left_fingers] run data modify entity @s {} merge value {transformation:[-0.39865399482946084f,0.8132800360085847f,-0.42385206786848095f,0.008786176419406266f,-0.5275514587744926f,-0.5814048688274688f,-0.619401192159507f,6.180620512639634f,-0.7501762797845699f,-0.023322982947915294f,0.6608264429598698f,5.4156274688854875f,0f,0f,0f,1f],start_interpolation:0}
execute if entity @s[tag=aj.beast.bone.left_hand] run data modify entity @s {} merge value {transformation:[-0.7193614888739502f,0.6220564997702672f,-0.445044671261905f,0.9937815474308804f,-0.2708774892440484f,-0.778551617232434f,-0.6503712517674823f,5.134712002124033f,-0.7152932504545911f,-0.33076137984705034f,0.6938677651078633f,4.972185160271882f,0f,0f,0f,1f],start_interpolation:0}
execute if entity @s[tag=aj.beast.bone.left_forearm] run data modify entity @s {} merge value {transformation:[-1.8962643832611077f,3.824262049930559f,0.23414987131383308f,6.670231470275955f,-2.839327322006722f,-1.2272073645030495f,-2.950899429498676f,3.7831402164190995f,-2.5725525742502335f,-1.464447628961306f,3.084313763991611f,2.3731998449962255f,0f,0f,0f,1f],start_interpolation:0}
execute if entity @s[tag=aj.beast.bone.left_bicep] run data modify entity @s {} merge value {transformation:[-1.6557705572248886f,-0.45220667750683136f,3.1644798913321317f,4.900420369045098f,-2.3601496382085863f,2.57652389032575f,-0.8667285202671869f,6.868183035254557f,-2.1559493377839534f,-2.4732637876698274f,-1.4815021733058773f,-0.3962351666826157f,0f,0f,0f,1f],start_interpolation:0}
execute if entity @s[tag=aj.beast.bone.left_arm] run data modify entity @s {} merge value {transformation:[-1.1281135273652136f,-0.006342398417465372f,0.40904723854089325f,4.575f,-0.18167903835751067f,1.0828115500239872f,-0.48426426066368083f,7.953419954303045f,-0.36654139793085644f,-0.5171836435125973f,-1.018905531678933f,-0.9045097585691952f,0f,0f,0f,1f],start_interpolation:0}
execute if entity @s[tag=aj.beast.bone.chest] run data modify entity @s {} merge value {transformation:[-6.061547916666667f,-1.6657731856930106e-18f,7.42323656408486e-16f,-1.447364127657288e-17f,0f,6.061532655173072f,0.013602070301843655f,8.791906875000002f,-7.423255254024141e-16f,0.013602070301843655f,-6.061532655173072f,0.11818624999999994f,0f,0f,0f,1f],start_interpolation:0}
execute if entity @s[tag=aj.beast.bone.waist] run data modify entity @s {} merge value {transformation:[-5.023832916666667f,0f,6.152420900846945e-16f,0.000001250000000291361f,0f,5.023832916666667f,0f,3.8370225f,-6.152420900846945e-16f,0f,-5.023832916666667f,-2.3791428571428574f,0f,0f,0f,1f],start_interpolation:0}
execute if entity @s[tag=aj.beast.bone.hip] run data modify entity @s {} merge value {transformation:[-4.393932083333333f,0f,5.381014861525027e-16f,1.6399386086163912e-16f,0f,4.393932083333333f,0f,0.700829447674419f,-5.381014861525027e-16f,0f,-4.393932083333333f,-1.3391114970930231f,0f,0f,0f,1f],start_interpolation:0}
execute if entity @s[tag=aj.beast.bone.right_foot] run data modify entity @s {} merge value {transformation:[-2.039552594288685f,0.04272173158267242f,-0.00026226107914383674f,-2.0024999999999995f,0.04271377060890474f,2.0393493615903835f,0.02880477705635233f,-7.310304567068771f,0.0008654078029520558f,0.02879296843804725f,-2.0397966114389594f,-2.319167674308064f,0f,0f,0f,1f],start_interpolation:0}
execute if entity @s[tag=aj.beast.bone.right_knee] run data modify entity @s {} merge value {transformation:[-2.85f,-7.070001212977702e-18f,3.4895272377437874e-16f,-1.996875f,0f,2.849415227454424f,0.05773094101826024f,-3.659683520125002f,-3.4902433775699566e-16f,0.05773094101826024f,-2.849415227454424f,-0.887470841293093f,0f,0f,0f,1f],start_interpolation:0}
execute if entity @s[tag=aj.beast.bone.right_thigh] run data modify entity @s {} merge value {transformation:[-3.8250000000000006f,-2.4870317794698533e-17f,4.677667121491889e-16f,-1.6874999999999996f,0f,3.8196050687828227f,0.2030815563476279f,0.04050375000000139f,-4.684274006738627e-16f,0.2030815563476279f,-3.8196050687828227f,-2.5622187500000004f,0f,0f,0f,1f],start_interpolation:0}
execute if entity @s[tag=aj.beast.bone.right_leg] run data modify entity @s {} merge value {transformation:[-1.7250000000000003f,0f,2.1125157285291847e-16f,-1.6701387499999996f,0f,1.7250000000000003f,0f,0.03290562500000149f,-2.1125157285291847e-16f,0f,-1.7250000000000003f,-2.5151250000000003f,0f,0f,0f,1f],start_interpolation:0}
execute if entity @s[tag=aj.beast.bone.left_foot] run data modify entity @s {} merge value {transformation:[-2.039552594288685f,-0.04271316680378365f,-0.0008947132991642342f,2.0025000000000004f,-0.04257386218960939f,2.028448109188271f,0.21256936418211542f,-7.087322979868366f,-0.0035610937302596266f,0.21254141646305275f,-2.0288946411529905f,-2.221935987654626f,0f,0f,0f,1f],start_interpolation:0}
execute if entity @s[tag=aj.beast.bone.left_knee] run data modify entity @s {} merge value {transformation:[-2.85f,-2.909256989198726e-17f,3.478097335092697e-16f,1.9968750000000004f,0f,2.84008200365549f,0.23755886115280456f,-3.5291919379474908f,-3.4902433775699566e-16f,0.23755886115280456f,-2.84008200365549f,-0.6248393119026605f,0f,0f,0f,1f],start_interpolation:0}
execute if entity @s[tag=aj.beast.bone.left_thigh] run data modify entity @s {} merge value {transformation:[-3.8250000000000006f,8.947509552785503e-18f,4.683419389451197e-16f,1.6875000000000004f,0f,3.8243021520261813f,-0.07306196006077106f,0.04050375000000139f,-4.684274006738627e-16f,-0.07306196006077106f,-3.8243021520261813f,-2.5622187499999995f,0f,0f,0f,1f],start_interpolation:0}
execute if entity @s[tag=aj.beast.bone.left_leg] run data modify entity @s {} merge value {transformation:[-1.7250000000000003f,0f,2.1125157285291847e-16f,1.6701387500000004f,0f,1.7250000000000003f,0f,0.03290562500000149f,-2.1125157285291847e-16f,0f,-1.7250000000000003f,-2.5151249999999994f,0f,0f,0f,1f],start_interpolation:0}