execute if entity @s[tag=aj.beast.bone.right_thumb] run data modify entity @s {} merge value {transformation:[-0.5340718079252873f,0.8882047505159762f,-0.168403162500791f,-15.859932277096952f,0.7401715509717467f,0.5419179109598221f,0.5108532596676089f,11.116176667623726f,0.5190504591188551f,0.14112866095090348f,-0.9017590154507525f,-0.9621362799763199f,0f,0f,0f,1f],start_interpolation:0}
execute if entity @s[tag=aj.beast.bone.right_fingers_2] run data modify entity @s {} merge value {transformation:[0.11142584800336594f,0.9807452596859635f,-0.1603839642864676f,-17.991841338210996f,0.8734440897460012f,-0.019671910721465326f,0.4865269139691513f,10.842296343248716f,0.4740039055582877f,-0.19429809966152217f,-0.8588181099530976f,-1.1121402456616365f,0f,0f,0f,1f],start_interpolation:0}
execute if entity @s[tag=aj.beast.bone.right_fingers] run data modify entity @s {} merge value {transformation:[0.06854028789705406f,0.9846721347406688f,-0.1603839642864676f,-17.120182383777067f,0.8734708412059029f,0.01844590867119711f,0.4865269139691513f,11.249077609640544f,0.48202792294434677f,-0.17343741095434917f,-0.8588181099530976f,-1.0447031889566587f,0f,0f,0f,1f],start_interpolation:0}
execute if entity @s[tag=aj.beast.locator_origin.right_hand] at @s on origin run tp @s ^-16.53101 ^10.15464 ^-0.65729 ~-10.57812 ~29.11256
execute if entity @s[tag=aj.beast.bone.right_hand] run data modify entity @s {} merge value {transformation:[-0.10866189062653639f,1.0306953809856718f,-0.168403162500791f,-15.649580579366395f,0.8998476459246798f,0.17833440837592357f,0.5108532596676089f,11.561327041964928f,0.53006302233723f,-0.0914541983946635f,-0.9017590154507525f,-1.0694458490549352f,0f,0f,0f,1f],start_interpolation:0}
execute if entity @s[tag=aj.beast.bone.right_forearm] run data modify entity @s {} merge value {transformation:[0.8842776623839337f,4.144934127758223f,-0.5596419322691862f,-9.392445576368214f,3.5186569229717124f,-0.42799124594732746f,2.38987488204209f,10.61837887250888f,2.2611349969057675f,-0.9549709785839755f,-3.5001319912012336f,-1.9427527776169624f,0f,0f,0f,1f],start_interpolation:0}
execute if entity @s[tag=aj.beast.bone.right_bicep] run data modify entity @s {} merge value {transformation:[0.7446548735864706f,3.519279213832199f,0.14199624760021484f,-5.295456756987342f,2.9630795140814428f,-0.7044096971358839f,1.9193662422299238f,8.782375827122346f,1.9041136816048574f,-0.2801442372592303f,-3.0423461824479547f,-1.5386906002230847f,0f,0f,0f,1f],start_interpolation:0}
execute if entity @s[tag=aj.beast.bone.right_arm] run data modify entity @s {} merge value {transformation:[-0.7444337574165237f,0.9408327797881474f,-0.025535490886692824f,-3.95f,0.9276506675864008f,0.7389634738830148f,0.1827490716618086f,8.938153637800779f,0.15900509345685104f,0.09363046909449556f,-1.1857279264282863f,-1.3368351861809504f,0f,0f,0f,1f],start_interpolation:0}
execute if entity @s[tag=aj.beast.bone.left_thumb] run data modify entity @s {} merge value {transformation:[-0.5340718079252872f,-0.8882047505159762f,0.1684031625007912f,15.859932277096954f,-0.7401715509717467f,0.5419179109598221f,0.5108532596676089f,11.116176667623726f,-0.5190504591188553f,0.14112866095090332f,-0.9017590154507524f,-0.9621362799763163f,0f,0f,0f,1f],start_interpolation:0}
execute if entity @s[tag=aj.beast.bone.left_fingers_2] run data modify entity @s {} merge value {transformation:[0.11142584800336605f,-0.9807452596859635f,0.1603839642864678f,17.991841338210996f,-0.8734440897460012f,-0.019671910721465326f,0.4865269139691513f,10.842296343248716f,-0.47400390555828775f,-0.19429809966152245f,-0.8588181099530975f,-1.1121402456616323f,0f,0f,0f,1f],start_interpolation:0}
execute if entity @s[tag=aj.beast.bone.left_fingers] run data modify entity @s {} merge value {transformation:[0.06854028789705417f,-0.9846721347406688f,0.1603839642864678f,17.120182383777067f,-0.8734708412059029f,0.01844590867119711f,0.4865269139691513f,11.249077609640544f,-0.4820279229443468f,-0.17343741095434945f,-0.8588181099530975f,-1.0447031889566547f,0f,0f,0f,1f],start_interpolation:0}
execute if entity @s[tag=aj.beast.bone.left_hand] run data modify entity @s {} merge value {transformation:[-0.10866189062653626f,-1.0306953809856718f,0.1684031625007912f,15.649580579366397f,-0.8998476459246798f,0.17833440837592357f,0.5108532596676089f,11.561327041964928f,-0.5300630223372301f,-0.09145419839466376f,-0.9017590154507524f,-1.0694458490549317f,0f,0f,0f,1f],start_interpolation:0}
execute if entity @s[tag=aj.beast.bone.left_forearm] run data modify entity @s {} merge value {transformation:[0.884277662383934f,-4.144934127758222f,0.5596419322691871f,9.392445576368216f,-3.5186569229717124f,-0.42799124594732746f,2.38987488204209f,10.61837887250888f,-2.2611349969057675f,-0.9549709785839765f,-3.500131991201233f,-1.9427527776169602f,0f,0f,0f,1f],start_interpolation:0}
execute if entity @s[tag=aj.beast.bone.left_bicep] run data modify entity @s {} merge value {transformation:[0.744654873586471f,-3.519279213832199f,-0.14199624760021404f,5.295456756987342f,-2.9630795140814428f,-0.7044096971358839f,1.9193662422299238f,8.782375827122346f,-1.9041136816048574f,-0.2801442372592312f,-3.0423461824479547f,-1.5386906002230836f,0f,0f,0f,1f],start_interpolation:0}
execute if entity @s[tag=aj.beast.bone.left_arm] run data modify entity @s {} merge value {transformation:[-0.7444337574165237f,-0.9408327797881474f,0.025535490886693116f,3.95f,-0.9276506675864008f,0.7389634738830148f,0.1827490716618086f,8.938153637800779f,-0.15900509345685127f,0.09363046909449532f,-1.1857279264282863f,-1.3368351861809495f,0f,0f,0f,1f],start_interpolation:0}
execute if entity @s[tag=aj.beast.bone.right_foot] run data modify entity @s {} merge value {transformation:[-2.039813891148537f,0.02441299017828164f,-0.012778708386218697f,-0.7024265361282895f,0.016054719044122336f,1.8218313782881332f,0.917754147406142f,-7.716761319401657f,0.022394987695446268f,0.9175698529241877f,-1.8218573021866467f,-2.6015402525667195f,0f,0f,0f,1f],start_interpolation:0}
execute if entity @s[tag=aj.beast.bone.right_knee] run data modify entity @s {} merge value {transformation:[-2.8229464980725334f,-0.39079589145093835f,-0.027416058160998815f,-1.1882487748201194f,-0.3902780419191476f,2.7880877277578207f,0.4435649584017992f,-4.328306185227221f,-0.03400175018696633f,0.4431087829769348f,-2.8151373834029707f,-0.6886445296486423f,0f,0f,0f,1f],start_interpolation:0}
execute if entity @s[tag=aj.beast.bone.right_thigh] run data modify entity @s {} merge value {transformation:[-3.7886913526762953f,-0.5205819580622832f,0.0737377725179417f,-1.4999999999999996f,-0.5237942141546456f,3.7836502597029007f,-0.20063731823440603f,-0.8394962499999994f,-0.04563392788250745f,-0.20883040293553076f,-3.819022441337024f,-2.7497187500000004f,0f,0f,0f,1f],start_interpolation:0}
execute if entity @s[tag=aj.beast.bone.left_foot] run data modify entity @s {} merge value {transformation:[-2.038903714013308f,0.0034979274288009813f,-0.066778810160423f,0.30199367150165213f,0.000390778432360435f,2.037795599171296f,0.09481003791959354f,-8.518721721076911f,0.0668692176936128f,0.09474629545159416f,-2.0367011678749645f,-2.8420135281226315f,0f,0f,0f,1f],start_interpolation:0}
execute if entity @s[tag=aj.beast.bone.left_knee] run data modify entity @s {} merge value {transformation:[-2.8067021046452205f,0.48607726307835586f,-0.09301714948516629f,0.9661627399752433f,0.4930140344351997f,2.7928775845195513f,-0.28155276545998514f,-4.784681904770474f,0.04313302250038366f,-0.2933661401840585f,-2.8345327392999873f,-1.9326884803399293f,0f,0f,0f,1f],start_interpolation:0}
execute if entity @s[tag=aj.beast.bone.left_thigh] run data modify entity @s {} merge value {transformation:[-3.766889666760691f,0.6523667743534883f,0.12483921728030786f,1.5000000000000004f,0.6616767304261891f,3.623019707962365f,1.0327328309532986f,-0.8394962499999994f,0.05788905651367281f,1.0386389109964687f,-3.6808291280226566f,-2.7497187499999995f,0f,0f,0f,1f],start_interpolation:0}