execute if entity @s[tag=aj.beast.bone.right_thumb] run data modify entity @s {} merge value {transformation:[0.7653367893425436f,0.36662453271839673f,-0.6183413708364208f,-13.805712377439836f,0.5496898440048429f,0.283557178665898f,0.848490661012228f,8.411323821480725f,0.46325012064410565f,-0.942168657107661f,0.014749484301775667f,4.719101385813071f,0f,0f,0f,1f],start_interpolation:0}
execute if entity @s[tag=aj.beast.bone.right_fingers_2] run data modify entity @s {} merge value {transformation:[0.7951745143904222f,0.14456262496455152f,-0.5888965436537341f,-14.135667676636405f,0.576203107261167f,0.12241911661301466f,0.8080863438211695f,8.551847727843768f,0.18891127771134314f,-0.9818936843421733f,0.014047127906453016f,6.828786385329012f,0f,0f,0f,1f],start_interpolation:0}
execute if entity @s[tag=aj.beast.bone.right_fingers] run data modify entity @s {} merge value {transformation:[0.8034518212610352f,-0.08755587807229744f,-0.5888965436537341f,-13.850969339709348f,0.5872251333462932f,-0.04650917862275035f,0.8080863438211695f,8.775100125224654f,-0.09814180393060676f,-0.9950732960535249f,0.014047127906453016f,5.934966877730373f,0f,0f,0f,1f],start_interpolation:0}
execute if entity @s[tag=aj.beast.locator_origin.consume] at @s on origin run tp @s ^-13.93202 ^7.53519 ^5.5463 ~-91.36643 ~53.90938
execute if entity @s[tag=aj.beast.bone.right_hand] run data modify entity @s {} merge value {transformation:[0.8485729146157205f,0.008829365363202306f,-0.6183413708364208f,-13.71827202954806f,0.6180246280284293f,0.02468111272520307f,0.848490661012228f,8.820244284916045f,0.0216695115520117f,-1.0496727513763178f,0.014749484301775667f,4.437924793127112f,0f,0f,0f,1f],start_interpolation:0}
execute if entity @s[tag=aj.beast.bone.right_forearm] run data modify entity @s {} merge value {transformation:[0.5081977682088721f,2.2308328256835557f,-3.611197160532811f,-9.861456712519011f,4.1905411530663095f,0.3153789675524579f,0.7845546196940199f,9.228453734900476f,0.6758142295373809f,-3.633117946155652f,-2.149268274663852f,-0.6376929370386957f,0f,0f,0f,1f],start_interpolation:0}
execute if entity @s[tag=aj.beast.bone.right_bicep] run data modify entity @s {} merge value {transformation:[0.42795601533378713f,3.372473111424937f,-1.1846006760319843f,-5.474576547710837f,3.528876760476893f,-0.20866885100490673f,0.6807981492236925f,8.31705999097572f,0.5691067196104261f,-1.2421281831341315f,-3.330650855066944f,-1.131792800576633f,0f,0f,0f,1f],start_interpolation:0}
execute if entity @s[tag=aj.beast.bone.right_arm] run data modify entity @s {} merge value {transformation:[-0.9642239293282373f,0.6645181040547135f,-0.26208377190193277f,-4.0859375f,0.664473425103804f,0.9959755215794632f,0.08067110849205182f,8.74406022728536f,0.2621970279038923f,-0.08030224030527554f,-1.1682483763140097f,-1.2305594065349907f,0f,0f,0f,1f],start_interpolation:0}
execute if entity @s[tag=aj.beast.bone.left_thumb] run data modify entity @s {} merge value {transformation:[0.7653367893425437f,-0.3666245327183966f,0.6183413708364208f,13.805712377439836f,-0.5496898440048429f,0.283557178665898f,0.848490661012228f,8.411323821480725f,-0.46325012064410553f,-0.9421686571076611f,0.014749484301775726f,4.719101385813074f,0f,0f,0f,1f],start_interpolation:0}
execute if entity @s[tag=aj.beast.bone.left_fingers_2] run data modify entity @s {} merge value {transformation:[0.7951745143904222f,-0.1445626249645514f,0.5888965436537341f,14.135667676636405f,-0.576203107261167f,0.12241911661301466f,0.8080863438211695f,8.551847727843768f,-0.18891127771134303f,-0.9818936843421733f,0.014047127906453072f,6.828786385329016f,0f,0f,0f,1f],start_interpolation:0}
execute if entity @s[tag=aj.beast.bone.left_fingers] run data modify entity @s {} merge value {transformation:[0.8034518212610352f,0.08755587807229753f,0.5888965436537341f,13.850969339709348f,-0.5872251333462932f,-0.04650917862275035f,0.8080863438211695f,8.775100125224654f,0.09814180393060687f,-0.9950732960535249f,0.014047127906453072f,5.934966877730377f,0f,0f,0f,1f],start_interpolation:0}
execute if entity @s[tag=aj.beast.bone.left_hand] run data modify entity @s {} merge value {transformation:[0.8485729146157205f,-0.008829365363202188f,0.6183413708364208f,13.71827202954806f,-0.6180246280284293f,0.02468111272520307f,0.848490661012228f,8.820244284916045f,-0.02166951155201158f,-1.0496727513763178f,0.014749484301775726f,4.437924793127116f,0f,0f,0f,1f],start_interpolation:0}
execute if entity @s[tag=aj.beast.bone.left_forearm] run data modify entity @s {} merge value {transformation:[0.5081977682088722f,-2.2308328256835552f,3.6111971605328113f,9.861456712519011f,-4.1905411530663095f,0.3153789675524579f,0.7845546196940199f,9.228453734900476f,-0.6758142295373808f,-3.6331179461556524f,-2.1492682746638514f,-0.637692937038693f,0f,0f,0f,1f],start_interpolation:0}
execute if entity @s[tag=aj.beast.bone.left_bicep] run data modify entity @s {} merge value {transformation:[0.42795601533378724f,-3.372473111424937f,1.1846006760319852f,5.474576547710837f,-3.528876760476893f,-0.20866885100490673f,0.6807981492236925f,8.31705999097572f,-0.569106719610426f,-1.2421281831341324f,-3.330650855066944f,-1.1317928005766313f,0f,0f,0f,1f],start_interpolation:0}
execute if entity @s[tag=aj.beast.bone.left_arm] run data modify entity @s {} merge value {transformation:[-0.9642239293282373f,-0.6645181040547135f,0.26208377190193305f,4.0859375f,-0.664473425103804f,0.9959755215794632f,0.08067110849205182f,8.74406022728536f,-0.26219702790389254f,-0.0803022403052757f,-1.1682483763140097f,-1.2305594065349896f,0f,0f,0f,1f],start_interpolation:0}
execute if entity @s[tag=aj.beast.bone.chest] run data modify entity @s {} merge value {transformation:[-6.061547916666667f,-7.849604178652793e-17f,7.381636384216022e-16f,-1.447364127657288e-17f,0f,6.0275635304443735f,0.6409688233471067f,8.791906875000002f,-7.423255254024141e-16f,0.6409688233471067f,-6.0275635304443735f,0.11818624999999994f,0f,0f,0f,1f],start_interpolation:0}
execute if entity @s[tag=aj.beast.bone.waist] run data modify entity @s {} merge value {transformation:[-5.023832916666667f,-2.3004636517329437e-17f,6.148118542371227e-16f,0.0000012500000003107477f,0f,5.0203197743641566f,0.1878471125988829f,3.6752367857142865f,-6.152420900846945e-16f,0.1878471125988829f,-5.0203197743641566f,-2.5374464285714287f,0f,0f,0f,1f],start_interpolation:0}
execute if entity @s[tag=aj.beast.bone.hip] run data modify entity @s {} merge value {transformation:[-4.393932083333333f,0f,5.381014861525027e-16f,2.0724810100594242e-16f,0f,4.393932083333333f,0f,0.30838758720930315f,-5.381014861525027e-16f,0f,-4.393932083333333f,-1.6923091715116279f,0f,0f,0f,1f],start_interpolation:0}
execute if entity @s[tag=aj.beast.bone.right_foot] run data modify entity @s {} merge value {transformation:[-2.0231236219500115f,0.2608619134247786f,-0.022844527402212815f,-1.8937499999999992f,0.26021193864477715f,2.02266082577799f,0.05227744111781386f,-8.09993118506306f,0.029335256852358726f,0.04893103296950806f,-2.0392020980564785f,-4.180310315810622f,0f,0f,0f,1f],start_interpolation:0}
execute if entity @s[tag=aj.beast.bone.right_knee] run data modify entity @s {} merge value {transformation:[-2.85f,-3.909992875686399e-17f,3.4682731137832494e-16f,-1.8881249999999996f,0f,2.8320599181723223f,0.3192751476106161f,-4.596286386676725f,-3.4902433775699566e-16f,0.3192751476106161f,-2.8320599181723223f,-2.4192700048596514f,0f,0f,0f,1f],start_interpolation:0}
execute if entity @s[tag=aj.beast.bone.right_thigh] run data modify entity @s {} merge value {transformation:[-3.8250000000000006f,-1.9516189372892462e-16f,4.2583572529581334e-16f,-1.6874999999999996f,0f,3.47721257747374f,1.5936177995549732f,-0.5394962499999987f,-4.684274006738627e-16f,1.5936177995549732f,-3.47721257747374f,-2.615790178571429f,0f,0f,0f,1f],start_interpolation:0}
execute if entity @s[tag=aj.beast.bone.right_leg] run data modify entity @s {} merge value {transformation:[-1.7250000000000003f,0f,2.1125157285291847e-16f,-1.6701387499999996f,0f,1.7250000000000003f,0f,-0.5470943749999986f,-2.1125157285291847e-16f,0f,-1.7250000000000003f,-2.5686964285714287f,0f,0f,0f,1f],start_interpolation:0}
execute if entity @s[tag=aj.beast.bone.left_foot] run data modify entity @s {} merge value {transformation:[-2.0243020951661035f,-0.2517706085574366f,-0.0203122665584544f,1.8937500000000003f,-0.25251585239068053f,2.0132261701906913f,0.2115564509787621f,-7.854103756366849f,-0.0060639753901004165f,0.21244281189520006f,-2.0288990314642392f,-1.8856831294288705f,0f,0f,0f,1f],start_interpolation:0}
execute if entity @s[tag=aj.beast.bone.left_knee] run data modify entity @s {} merge value {transformation:[-2.85f,-8.379137271322588e-18f,3.489237429658488e-16f,1.8881250000000003f,0f,2.849178581194048f,0.06842084817562474f,-4.207379323386435f,-3.4902433775699566e-16f,0.06842084817562474f,-2.849178581194048f,-0.5027821159493842f,0f,0f,0f,1f],start_interpolation:0}
execute if entity @s[tag=aj.beast.bone.left_thigh] run data modify entity @s {} merge value {transformation:[-3.8250000000000006f,3.5891238750171665e-17f,4.67050370605837e-16f,1.6875000000000004f,0f,3.8137556961812633f,-0.29307420535586703f,-0.7551212499999997f,-4.684274006738627e-16f,-0.29307420535586703f,-3.8137556961812633f,-2.6424270833333328f,0f,0f,0f,1f],start_interpolation:0}
execute if entity @s[tag=aj.beast.bone.left_leg] run data modify entity @s {} merge value {transformation:[-1.7250000000000003f,0f,2.1125157285291847e-16f,1.6701387500000004f,0f,1.7250000000000003f,0f,-0.7627193749999996f,-2.1125157285291847e-16f,0f,-1.7250000000000003f,-2.5953333333333326f,0f,0f,0f,1f],start_interpolation:0}