execute if entity @s[tag=aj.beast.bone.right_thumb] run data modify entity @s {} merge value {transformation:[-0.3968512606013842f,-0.5554777074083141f,0.7977804168638734f,-0.5322077025708853f,0.78747896307755f,-0.6889401788952644f,-0.08796767937184544f,8.080618606950932f,0.5699876837874644f,0.5650716295091841f,0.676984559539165f,3.065113510550437f,0f,0f,0f,1f],start_interpolation:0}
execute if entity @s[tag=aj.beast.bone.right_fingers_2] run data modify entity @s {} merge value {transformation:[0.4422877302457865f,-0.47654946508248897f,0.7597908732036889f,0.6222801177440515f,0.7934547265879177f,0.6028355656402575f,-0.08377874225890042f,9.351574536047613f,-0.41810424600728824f,0.639913969318364f,0.6447471995611095f,2.393237432315778f,0f,0f,0f,1f],start_interpolation:0}
execute if entity @s[tag=aj.beast.bone.right_fingers] run data modify entity @s {} merge value {transformation:[-0.315360943411572f,-0.568564248231402f,0.7597908732036889f,-0.004330130497654738f,0.8197102072902454f,-0.5666183004542826f,-0.08377874225890042f,9.234477463601818f,0.4781450108855536f,0.5963877909744305f,0.6447471995611095f,3.1167399966321123f,0f,0f,0f,1f],start_interpolation:0}
execute if entity @s[tag=aj.beast.locator_origin.right_hand] at @s on origin run tp @s ^-0.3934 ^8.66459 ^2.01272 ~130.31744 ~-4.8058
execute if entity @s[tag=aj.beast.bone.right_hand] run data modify entity @s {} merge value {transformation:[-0.594424410918956f,-0.3357171818244586f,0.7977804168638734f,-0.5894248789480097f,0.4225396155166871f,-0.9571948394684034f,-0.08796767937184544f,7.914861831162f,0.7553938661537187f,0.27124161392179674f,0.676984559539165f,3.537525324688869f,0f,0f,0f,1f],start_interpolation:0}
execute if entity @s[tag=aj.beast.bone.right_forearm] run data modify entity @s {} merge value {transformation:[-1.893887546657828f,-3.6658417704358777f,1.1182213889663988f,-6.229989833244523f,3.3126382838127855f,-2.1930172592313513f,-1.5788375158106986f,4.930911218607777f,1.9274964490842192f,0.16704614584288527f,3.8121487410549406f,3.248353359071067f,0f,0f,0f,1f],start_interpolation:0}
execute if entity @s[tag=aj.beast.bone.right_bicep] run data modify entity @s {} merge value {transformation:[-1.7044633988194797f,0.22213722972181058f,-3.163140776705373f,-4.73143286461858f,2.5862325073178143f,2.1752543715872332f,-1.2408343309979983f,7.625144333076617f,1.8347223060118294f,-2.859881723089638f,-1.1894833289123832f,-0.040252082249455645f,0f,0f,0f,1f],start_interpolation:0}
execute if entity @s[tag=aj.beast.bone.right_arm] run data modify entity @s {} merge value {transformation:[-0.8828456328987421f,-0.34634426964981235f,-0.7352749386130053f,-4.496527777777778f,0.3170399457606474f,0.8528447582933296f,-0.7823947156286777f,8.357885939276176f,0.7483777530523648f,-0.7698710704607178f,-0.535937751612968f,-0.9188281217890795f,0f,0f,0f,1f],start_interpolation:0}
execute if entity @s[tag=aj.beast.bone.left_thumb] run data modify entity @s {} merge value {transformation:[-0.034415495661390315f,0.7642808488380878f,-0.719159480058292f,0.5973794931918289f,-0.8425310929069842f,-0.44911004716637926f,-0.4369685606759094f,7.887117210884512f,-0.6256651909314949f,0.5627387934322144f,0.6279873559420696f,3.628510926771516f,0f,0f,0f,1f],start_interpolation:0}
execute if entity @s[tag=aj.beast.bone.left_fingers_2] run data modify entity @s {} merge value {transformation:[0.7064531792786078f,0.1783732183558858f,-0.6849137905317066f,-0.9435381524154851f,-0.5802397187665413f,0.7000944784282022f,-0.41616053397705655f,8.641305199150706f,0.4052724691523861f,0.6914121175158179f,0.5980831961353044f,2.9529653300302354f,0f,0f,0f,1f],start_interpolation:0}
execute if entity @s[tag=aj.beast.bone.left_fingers] run data modify entity @s {} merge value {transformation:[0.05018553812553039f,0.7268937414110404f,-0.6849137905317066f,-0.34528795468728135f,-0.8458341644178906f,-0.33372889635663905f,-0.41616053397705655f,8.73474796500993f,-0.5310800109837878f,0.6002087240569225f,0.5980831961353044f,3.703414021531502f,0f,0f,0f,1f],start_interpolation:0}
execute if entity @s[tag=aj.beast.bone.left_hand] run data modify entity @s {} merge value {transformation:[-0.354190075530303f,0.6781290678315783f,-0.719159480058292f,0.700318519109425f,-0.5737903828583603f,-0.7631009589301281f,-0.4369685606759094f,7.727842059752573f,-0.8048689253133673f,0.24559701513209353f,0.6279873559420696f,4.0953695984325575f,0f,0f,0f,1f],start_interpolation:0}
execute if entity @s[tag=aj.beast.bone.left_forearm] run data modify entity @s {} merge value {transformation:[-1.9785763834934527f,3.708939455087193f,-0.7775786861658963f,6.355777672001052f,-3.228861053428627f,-2.1091398467101805f,-1.844345522040579f,4.906706713411495f,-1.9837632903987674f,-0.2663122706840079f,3.777484080992186f,3.1677210577128823f,0f,0f,0f,1f],start_interpolation:0}
execute if entity @s[tag=aj.beast.bone.left_bicep] run data modify entity @s {} merge value {transformation:[-1.6998671934301173f,-0.3289538987194689f,3.156301769035603f,4.73143286461858f,-2.5876235181577556f,2.216431509914067f,-1.1625987657558121f,7.625144333076617f,-1.8370236941795013f,-2.817662274719473f,-1.2830133485844124f,-0.040252082249454535f,0f,0f,0f,1f],start_interpolation:0}
execute if entity @s[tag=aj.beast.bone.left_arm] run data modify entity @s {} merge value {transformation:[-0.8828456328987417f,0.3463442696498125f,0.7352749386130053f,4.496527777777778f,-0.3170399457606474f,0.8528447582933296f,-0.7823947156286777f,8.357885939276176f,-0.748377753052365f,-0.7698710704607177f,-0.5359377516129677f,-0.9188281217890784f,0f,0f,0f,1f],start_interpolation:0}
execute if entity @s[tag=aj.beast.bone.chest] run data modify entity @s {} merge value {transformation:[-6.061547916666667f,-1.8138416306563844e-18f,7.42323309375712e-16f,-1.447364127657288e-17f,0f,6.061529821435425f,0.014811140909519804f,8.791906875000002f,-7.423255254024141e-16f,0.014811140909519804f,-6.061529821435425f,0.11818624999999994f,0f,0f,0f,1f],start_interpolation:0}
execute if entity @s[tag=aj.beast.bone.waist] run data modify entity @s {} merge value {transformation:[-5.023832916666667f,0f,6.152420900846945e-16f,0.0000012500000002906904f,0f,5.023832916666667f,0f,3.730355833333334f,-6.152420900846945e-16f,0f,-5.023832916666667f,-2.373666666666667f,0f,0f,0f,1f],start_interpolation:0}
execute if entity @s[tag=aj.beast.bone.hip] run data modify entity @s {} merge value {transformation:[-4.393932083333333f,0f,5.381014861525027e-16f,1.896260031693744e-16f,0f,4.393932083333333f,0f,0.4682713081395349f,-5.381014861525027e-16f,0f,-4.393932083333333f,-1.5484138226744186f,0f,0f,0f,1f],start_interpolation:0}
execute if entity @s[tag=aj.beast.bone.right_foot] run data modify entity @s {} merge value {transformation:[-2.033987614542917f,0.1564671725202177f,-0.003522472078144639f,-1.9424999999999994f,0.15607526511458156f,2.0312725787725268f,0.10569873389129304f,-7.747049359215405f,0.011614452437629711f,0.10511771806093267f,-2.037256824714115f,-3.0533415942496624f,0f,0f,0f,1f],start_interpolation:0}
execute if entity @s[tag=aj.beast.bone.right_knee] run data modify entity @s {} merge value {transformation:[-2.85f,-2.5901277901810808e-17f,3.4806193723210035e-16f,-1.936875f,0f,2.842141403337147f,0.2114999844840511f,-4.179057763799085f,-3.4902433775699566e-16f,0.2114999844840511f,-2.842141403337147f,-1.4266191762900335f,0f,0f,0f,1f],start_interpolation:0}
execute if entity @s[tag=aj.beast.bone.right_thigh] run data modify entity @s {} merge value {transformation:[-3.8250000000000006f,-9.065834248735786e-17f,4.595707721771657e-16f,-1.6874999999999996f,0f,3.7526801400790566f,0.7402815452625011f,-0.2794962499999989f,-4.684274006738627e-16f,0.7402815452625011f,-3.7526801400790566f,-2.5622187500000004f,0f,0f,0f,1f],start_interpolation:0}
execute if entity @s[tag=aj.beast.bone.right_leg] run data modify entity @s {} merge value {transformation:[-1.7250000000000003f,0f,2.1125157285291847e-16f,-1.6701387499999996f,0f,1.7250000000000003f,0f,-0.2870943749999988f,-2.1125157285291847e-16f,0f,-1.7250000000000003f,-2.5151250000000003f,0f,0f,0f,1f],start_interpolation:0}
execute if entity @s[tag=aj.beast.bone.left_foot] run data modify entity @s {} merge value {transformation:[-2.033987614542917f,-0.15604555300971895f,-0.012007050924515894f,1.9425000000000003f,-0.14923712369211936f,1.8866481522456944f,0.7615031388904517f,-6.863821552935839f,-0.047145146071636994f,0.7601371817072222f,-1.892503315766735f,-2.788597468620014f,0f,0f,0f,1f],start_interpolation:0}
execute if entity @s[tag=aj.beast.bone.left_knee] run data modify entity @s {} merge value {transformation:[-2.85f,-1.0513793368050575e-16f,3.32812264269367e-16f,1.9368750000000003f,0f,2.717618373730972f,0.8585163800183602f,-3.745915006686315f,-3.4902433775699566e-16f,0.8585163800183602f,-2.717618373730972f,-0.44559233161470146f,0f,0f,0f,1f],start_interpolation:0}
execute if entity @s[tag=aj.beast.bone.left_thigh] run data modify entity @s {} merge value {transformation:[-3.8250000000000006f,3.278271041849918e-17f,4.6727884993833e-16f,1.6875000000000004f,0f,3.8156213715143643f,-0.2676911452455008f,-0.2794962499999989f,-4.684274006738627e-16f,-0.2676911452455008f,-3.8156213715143643f,-2.5622187499999995f,0f,0f,0f,1f],start_interpolation:0}
execute if entity @s[tag=aj.beast.bone.left_leg] run data modify entity @s {} merge value {transformation:[-1.7250000000000003f,0f,2.1125157285291847e-16f,1.6701387500000004f,0f,1.7250000000000003f,0f,-0.2870943749999988f,-2.1125157285291847e-16f,0f,-1.7250000000000003f,-2.5151249999999994f,0f,0f,0f,1f],start_interpolation:0}