execute if entity @s[tag=aj.beast.bone.right_thumb] run data modify entity @s {} merge value {transformation:[-0.5437306283003716f,0.8802416941870026f,-0.17897363957544066f,-15.890644874434036f,0.7343029726061159f,0.5560718889020948f,0.5040666610624831f,2.4981114324616884f,0.5173549538468794f,0.13586248263465978f,-0.9035403906535897f,-1.0595507408111864f,0f,0f,0f,1f],start_interpolation:0}
execute if entity @s[tag=aj.beast.bone.right_fingers_2] run data modify entity @s {} merge value {transformation:[0.09951112518627156f,0.9803284977398262f,-0.17045108530994338f,-18.018566854505895f,0.8772160322118691f,-0.005575082310968503f,0.48006348672617405f,2.1909954806081178f,0.46966963793141636f,-0.1972940824667615f,-0.860514657765323f,-1.2015919513994378f,0f,0f,0f,1f],start_interpolation:0}
execute if entity @s[tag=aj.beast.bone.right_fingers] run data modify entity @s {} merge value {transformation:[0.05665508415676282f,0.983736056549648f,-0.17045108530994338f,-17.15302872429582f,0.8766242985992772f,0.03269384984418702f,0.48006348672617405f,2.6113561087151487f,0.47782846351438274f,-0.17661960034637492f,-0.860514657765323f,-1.138752667196604f,0f,0f,0f,1f],start_interpolation:0}
execute if entity @s[tag=aj.beast.locator_origin.right_hand] at @s on origin run tp @s ^-16.54599 ^1.52784 ^-0.74822 ~-11.20414 ~28.68955
execute if entity @s[tag=aj.beast.bone.right_hand] run data modify entity @s {} merge value {transformation:[-0.12078108776995752f,1.0275603949034944f,-0.1789736395754405f,-15.687458484507086f,0.9005106372077524f,0.19364243719032215f,0.5040666610624825f,2.9459261669227024f,0.5263007895802487f,-0.09551042531978408f,-0.9035403906535888f,-1.1695475165736764f,0f,0f,0f,1f],start_interpolation:0}
execute if entity @s[tag=aj.beast.bone.right_forearm] run data modify entity @s {} merge value {transformation:[0.8373090585895197f,4.148035794977327f,-0.6069082171059735f,-9.419350421719146f,3.5421234457271518f,-0.3689852387168469f,2.3649178397650714f,2.094704560811941f,2.2422979364112057f,-0.9660610421686041f,-3.5091952107527677f,-2.0582531922633547f,0f,0f,0f,1f],start_interpolation:0}
execute if entity @s[tag=aj.beast.bone.right_bicep] run data modify entity @s {} merge value {transformation:[0.7051023651280166f,3.528763213959889f,0.10325131715556252f,-5.293531642400662f,2.982840796401812f,-0.6518258501411617f,1.9072975238301875f,0.32340546513880286f,1.888250893819963f,-0.28801604276712206f,-3.051484117785456f,-1.6587413327507121f,0f,0f,0f,1f],start_interpolation:0}
execute if entity @s[tag=aj.beast.bone.right_arm] run data modify entity @s {} merge value {transformation:[-0.7580433991455632f,0.9297029397095578f,-0.03197888220759878f,-3.95f,0.9168872430145661f,0.7536781501373556f,0.1768813998211293f,0.5006536378007749f,0.15712411848277416f,0.08730229035335123f,-1.1864612600039122f,-1.4618351861809504f,0f,0f,0f,1f],start_interpolation:0}
execute if entity @s[tag=aj.beast.bone.left_thumb] run data modify entity @s {} merge value {transformation:[-0.5437306283003714f,-0.8802416941870027f,0.17897363957544093f,15.890644874434033f,-0.7343029726061159f,0.5560718889020948f,0.5040666610624831f,2.4981114324616884f,-0.5173549538468795f,0.13586248263465947f,-0.9035403906535897f,-1.0595507408111824f,0f,0f,0f,1f],start_interpolation:0}
execute if entity @s[tag=aj.beast.bone.left_fingers_2] run data modify entity @s {} merge value {transformation:[0.09951112518627166f,-0.9803284977398262f,0.17045108530994363f,18.01856685450589f,-0.8772160322118691f,-0.005575082310968503f,0.48006348672617405f,2.1909954806081178f,-0.4696696379314163f,-0.19729408246676178f,-0.860514657765323f,-1.201591951399433f,0f,0f,0f,1f],start_interpolation:0}
execute if entity @s[tag=aj.beast.bone.left_fingers] run data modify entity @s {} merge value {transformation:[0.05665508415676292f,-0.983736056549648f,0.17045108530994363f,17.153028724295815f,-0.8766242985992772f,0.03269384984418702f,0.48006348672617405f,2.6113561087151487f,-0.4778284635143827f,-0.1766196003463752f,-0.860514657765323f,-1.1387526671965995f,0f,0f,0f,1f],start_interpolation:0}
execute if entity @s[tag=aj.beast.bone.left_hand] run data modify entity @s {} merge value {transformation:[-0.12078108776995741f,-1.0275603949034944f,0.17897363957544074f,15.687458484507083f,-0.9005106372077524f,0.19364243719032215f,0.5040666610624825f,2.9459261669227024f,-0.5263007895802487f,-0.09551042531978438f,-0.9035403906535888f,-1.1695475165736724f,0f,0f,0f,1f],start_interpolation:0}
execute if entity @s[tag=aj.beast.bone.left_forearm] run data modify entity @s {} merge value {transformation:[0.8373090585895201f,-4.148035794977327f,0.6069082171059744f,9.419350421719145f,-3.5421234457271518f,-0.3689852387168469f,2.3649178397650714f,2.094704560811941f,-2.2422979364112052f,-0.9660610421686053f,-3.5091952107527677f,-2.0582531922633525f,0f,0f,0f,1f],start_interpolation:0}
execute if entity @s[tag=aj.beast.bone.left_bicep] run data modify entity @s {} merge value {transformation:[0.7051023651280169f,-3.528763213959889f,-0.10325131715556171f,5.293531642400662f,-2.982840796401812f,-0.6518258501411617f,1.9072975238301875f,0.32340546513880286f,-1.8882508938199625f,-0.28801604276712295f,-3.051484117785456f,-1.6587413327507108f,0f,0f,0f,1f],start_interpolation:0}
execute if entity @s[tag=aj.beast.bone.left_arm] run data modify entity @s {} merge value {transformation:[-0.7580433991455632f,-0.9297029397095578f,0.03197888220759907f,3.95f,-0.9168872430145661f,0.7536781501373556f,0.1768813998211293f,0.5006536378007749f,-0.15712411848277436f,0.087302290353351f,-1.1864612600039122f,-1.4618351861809495f,0f,0f,0f,1f],start_interpolation:0}
execute if entity @s[tag=aj.beast.bone.right_foot] run data modify entity @s {} merge value {transformation:[-2.0398721089618026f,0.021687294110518035f,-0.007172193101938217f,-0.6893269240856135f,0.017108270258071982f,1.8749525448287818f,0.8036543173086621f,-16.24884751031481f,0.015135592770168117f,0.80354378593468f,-1.8750168793686248f,-2.7284398771286993f,0f,0f,0f,1f],start_interpolation:0}
execute if entity @s[tag=aj.beast.bone.right_knee] run data modify entity @s {} merge value {transformation:[-2.8229464980725334f,-0.3913510147833596f,-0.017817189678944252f,-1.1804376730668185f,-0.3902780419191476f,2.798133636869772f,0.37500826686047767f,-12.814771251257412f,-0.03400175018696633f,0.3738883970464687f,-2.8251639505590194f,-0.9001204384385202f,0f,0f,0f,1f],start_interpolation:0}
execute if entity @s[tag=aj.beast.bone.right_thigh] run data modify entity @s {} merge value {transformation:[-3.7886913526762944f,-0.5222347840355547f,0.0609398432817641f,-1.4999999999999996f,-0.5237942141546454f,3.78743458126159f,-0.10772146435116475f,-9.27699625f,-0.04563392788250743f,-0.11504400465552013f,-3.8229971778198886f,-2.8747187500000004f,0f,0f,0f,1f],start_interpolation:0}
execute if entity @s[tag=aj.beast.bone.left_foot] run data modify entity @s {} merge value {transformation:[-2.0389861941461116f,0.00312678786492225f,-0.06423023648722043f,0.299891873427896f,0.00014546364485317398f,2.0378061092000084f,0.09458456611651886f,-16.96070777463353f,0.06430613440321621f,0.09453298104243764f,-2.0367936165879317f,-3.052503333862008f,0f,0f,0f,1f],start_interpolation:0}
execute if entity @s[tag=aj.beast.bone.left_knee] run data modify entity @s {} merge value {transformation:[-2.8067021046452205f,0.4867408438820649f,-0.08947986743992387f,0.9633102789979557f,0.4930140344351997f,2.7948512256658846f,-0.26123512061709653f,-13.233352045241952f,0.04313302250038366f,-0.27274526080369704f,-2.836591187513475f,-2.1156248841543777f,0f,0f,0f,1f],start_interpolation:0}
execute if entity @s[tag=aj.beast.bone.left_thigh] run data modify entity @s {} merge value {transformation:[-3.76688966676069f,0.6504821259779173f,0.13431396887436495f,1.5000000000000004f,0.661676730426189f,3.6076165475549873f,1.0853164286142274f,-9.27699625f,0.05788905651367279f,1.0920626582713473f,-3.665333955800654f,-2.8747187499999995f,0f,0f,0f,1f],start_interpolation:0}