execute if entity @s[tag=aj.beast.bone.right_thumb] run data modify entity @s {} merge value {transformation:[0.04411766380363369f,-0.6245139561230627f,0.8429329453450211f,0.13611397776311895f,0.5002571133765606f,-0.7290532645699761f,-0.5663251344731335f,-0.8913641383730744f,0.9221152055229659f,0.4253982322805102f,0.26690802107834233f,2.8538920390709577f,0f,0f,0f,1f],start_interpolation:0}
execute if entity @s[tag=aj.beast.bone.right_fingers_2] run data modify entity @s {} merge value {transformation:[0.5962027227108451f,-0.00807842573187334f,0.8027932812809719f,1.458160606289722f,0.7318930218371705f,0.4164448809680058f,-0.5393572709267934f,0.1923901505516608f,-0.3299619948088414f,0.9091250739877533f,0.2541981153127068f,2.3058966492534383f,0f,0f,0f,1f],start_interpolation:0}
execute if entity @s[tag=aj.beast.bone.right_fingers] run data modify entity @s {} merge value {transformation:[0.15545105932874947f,-0.5756369651817888f,0.8027932812809719f,1.036235345152187f,0.6009034279194383f,-0.5899227107113862f,-0.5393572709267934f,-0.04262919055987213f,0.7840599712191905f,0.5662448937546635f,0.2541981153127068f,3.140494199852972f,0f,0f,0f,1f],start_interpolation:0}
execute if entity @s[tag=aj.beast.locator_origin.right_hand] at @s on origin run tp @s ^0.23741 ^0.06587 ^2.11819 ~107.56998 ~-32.6399
execute if entity @s[tag=aj.beast.bone.right_hand] run data modify entity @s {} merge value {transformation:[-0.2239468203184378f,-0.5846467919361481f,0.8429329453450202f,0.12943961633920686f,0.14527569398470747f,-0.8721644425228815f,-0.5663251344731329f,-1.2394884105667576f,1.0155012527843195f,-0.004160994775331711f,0.26690802107834205f,3.2181542799624334f,0f,0f,0f,1f],start_interpolation:0}
execute if entity @s[tag=aj.beast.bone.right_forearm] run data modify entity @s {} merge value {transformation:[-1.739520526506329f,-3.6061197696181875f,1.4985304618298607f,-5.476453756592181f,2.6841324764805465f,-2.2956460807819545f,-2.4085404128834678f,-4.261787080399641f,2.836393165018834f,-0.039169873108279844f,3.1982752437016932f,2.7249758851088925f,0f,0f,0f,1f],start_interpolation:0}
execute if entity @s[tag=aj.beast.bone.right_bicep] run data modify entity @s {} merge value {transformation:[-1.6773660707576956f,-0.4052782061158907f,-3.159460814809764f,-4.737620541386575f,2.0953616820702696f,2.5490315580634246f,-1.4394087457384734f,-0.9924037668308143f,2.399146199376467f,-2.5096190331690265f,-0.9517929514202214f,-0.28911585886099644f,0f,0f,0f,1f],start_interpolation:0}
execute if entity @s[tag=aj.beast.bone.right_arm] run data modify entity @s {} merge value {transformation:[-0.9267650028739239f,-0.31408953167207204f,-0.6945893718896904f,-4.575f,0.3047814206581935f,0.8495400660939498f,-0.7908160100318284f,-0.21392856677578687f,0.6987237759441635f,-0.7871654477904286f,-0.57632945676516f,-1.0301866063316434f,0f,0f,0f,1f],start_interpolation:0}
execute if entity @s[tag=aj.beast.bone.left_thumb] run data modify entity @s {} merge value {transformation:[0.13126322728503553f,0.578194538389798f,-0.866580083396178f,-0.045846467955711956f,-0.5341669380334679f,-0.7125173980878234f,-0.5563134365931749f,-0.8769915283742853f,-0.8943912161211488f,0.5104018350264501f,0.20507149808534125f,3.0986220883485784f,0f,0f,0f,1f],start_interpolation:0}
execute if entity @s[tag=aj.beast.bone.left_fingers_2] run data modify entity @s {} merge value {transformation:[0.5645521997591008f,-0.011705231395067517f,-0.8253143651392165f,-1.3305611279580605f,-0.7670405076855161f,0.3618524121803528f,-0.5298223205649281f,0.20021572285617206f,0.30484368669320633f,0.9321619061929358f,0.19530618865270583f,2.3200240343002405f,0f,0f,0f,1f],start_interpolation:0}
execute if entity @s[tag=aj.beast.bone.left_fingers] run data modify entity @s {} merge value {transformation:[0.21548551908437044f,0.5219407914311652f,-0.8253143651392165f,-0.9813715696947456f,-0.6152102872861244f,-0.5837847300576802f,-0.5298223205649281f,-0.02315608225274146f,-0.7583418051790783f,0.6219109254480822f,0.19530618865270583f,3.190644374765287f,0f,0f,0f,1f],start_interpolation:0}
execute if entity @s[tag=aj.beast.bone.left_hand] run data modify entity @s {} merge value {transformation:[-0.08904869249642643f,0.5861819593144697f,-0.866580083396177f,-0.08419490217962178f,-0.23693014391272638f,-0.8584168376560339f,-0.5563134365931742f,-1.192006318326574f,-1.0190360333521924f,0.14836186640394577f,0.20507149808534103f,3.490051668010065f,0f,0f,0f,1f],start_interpolation:0}
execute if entity @s[tag=aj.beast.bone.left_forearm] run data modify entity @s {} merge value {transformation:[-1.8646255133157692f,3.566582859565183f,-1.4416252637033458f,5.456156778276037f,-2.5842792455851455f,-2.3480530339255328f,-2.466530504719325f,-4.284976846565388f,-2.849613566069929f,-0.20434934726818832f,3.180183779019899f,2.7541228291823927f,0f,0f,0f,1f],start_interpolation:0}
execute if entity @s[tag=aj.beast.bone.left_bicep] run data modify entity @s {} merge value {transformation:[-1.678124408233644f,0.38548258778279626f,3.1615346977388628f,4.6927353947591195f,-2.0957442326336744f,2.5572407374944226f,-1.4242106311503484f,-1.0106527462100754f,-2.398281589362095f,-2.5043807587935305f,-0.9676375525534152f,-0.24845611049967087f,0f,0f,0f,1f],start_interpolation:0}
execute if entity @s[tag=aj.beast.bone.left_arm] run data modify entity @s {} merge value {transformation:[-0.9267650028739236f,0.3140895316720722f,0.6945893718896906f,4.575f,-0.3047814206581935f,0.8495400660939498f,-0.7908160100318284f,-0.21392856677578687f,-0.6987237759441638f,-0.7871654477904285f,-0.5763294567651598f,-1.0301866063316423f,0f,0f,0f,1f],start_interpolation:0}
execute if entity @s[tag=aj.beast.bone.chest] run data modify entity @s {} merge value {transformation:[-6.061547916666667f,-3.3315379833679262e-18f,7.42318049436113e-16f,8.344437127690384e-19f,0f,6.061486870769137f,0.027204072110321706f,0.3544068749999987f,-7.423255254024141e-16f,0.027204072110321706f,-6.061486870769137f,-0.006813750000000063f,0f,0f,0f,1f],start_interpolation:0}
execute if entity @s[tag=aj.beast.bone.waist] run data modify entity @s {} merge value {transformation:[-5.023832916666667f,0f,6.152420900846945e-16f,0.000001250000000304176f,0f,5.023832916666667f,0f,-4.615477499999999f,-6.152420900846945e-16f,0f,-5.023832916666667f,-2.4837857142857143f,0f,0f,0f,1f],start_interpolation:0}
execute if entity @s[tag=aj.beast.bone.hip] run data modify entity @s {} merge value {transformation:[-4.393932083333333f,0f,5.381014861525027e-16f,1.8891399921638176e-16f,0f,4.393932083333333f,0f,-7.823879854651162f,-5.381014861525027e-16f,0f,-4.393932083333333f,-1.5425998691860465f,0f,0f,0f,1f],start_interpolation:0}
execute if entity @s[tag=aj.beast.bone.right_foot] run data modify entity @s {} merge value {transformation:[-2.0382105734016713f,0.08541989524557983f,-0.001048794482030928f,-1.9799999999999993f,0.08535622855549926f,2.0373988854733343f,0.05762027176956342f,-15.92175326001323f,0.003460161905567815f,0.057525846088963724f,-2.0391858189756364f,-2.716639589232817f,0f,0f,0f,1f],start_interpolation:0}
execute if entity @s[tag=aj.beast.bone.right_knee] run data modify entity @s {} merge value {transformation:[-2.85f,-1.41371011328982e-17f,3.4873791121452168e-16f,-1.9743749999999998f,0f,2.8476611497888746f,0.11543819118084493f,-12.30088238443275f,-3.4902433775699566e-16f,0.11543819118084493f,-2.8476611497888746f,-1.2112878189057081f,0f,0f,0f,1f],start_interpolation:0}
execute if entity @s[tag=aj.beast.bone.right_thigh] run data modify entity @s {} merge value {transformation:[-3.8249999999999997f,-4.9670479430520315e-17f,4.657865102975971e-16f,-1.6874999999999996f,0f,3.80343549357983f,0.4055902441838973f,-8.51699625f,-4.684274006738626e-16f,0.4055902441838973f,-3.80343549357983f,-2.6872187500000004f,0f,0f,0f,1f],start_interpolation:0}
execute if entity @s[tag=aj.beast.bone.right_leg] run data modify entity @s {} merge value {transformation:[-1.7250000000000003f,0f,2.1125157285291847e-16f,-1.6701387499999996f,0f,1.7250000000000003f,0f,-8.524594375f,-2.1125157285291847e-16f,0f,-1.7250000000000003f,-2.6401250000000003f,0f,0f,0f,1f],start_interpolation:0}
execute if entity @s[tag=aj.beast.bone.left_foot] run data modify entity @s {} merge value {transformation:[-2.0382105734016713f,-0.08535140019896184f,-0.00357728356550533f,1.9800000000000004f,-0.08423926857464656f,1.9939333550612082f,0.42276887445075934f,-15.461658838301117f,-0.014191691359381397f,0.4225457538047566f,-1.9957088168963755f,-2.5701306127209658f,0f,0f,0f,1f],start_interpolation:0}
execute if entity @s[tag=aj.beast.bone.left_knee] run data modify entity @s {} merge value {transformation:[-2.85f,-5.79826555721562e-17f,3.4417437440854033e-16f,1.9743750000000004f,0f,2.8103970438510752f,0.47346431324138505f,-12.04903446238362f,-3.4902433775699566e-16f,0.47346431324138505f,-2.8103970438510752f,-0.6820074249833059f,0f,0f,0f,1f],start_interpolation:0}
execute if entity @s[tag=aj.beast.bone.left_thigh] run data modify entity @s {} merge value {transformation:[-3.8249999999999997f,1.7891754268231317e-17f,4.680855849428357e-16f,1.6875000000000004f,0f,3.822208862740956f,-0.14609726070152027f,-8.51699625f,-4.684274006738626e-16f,-0.14609726070152027f,-3.822208862740956f,-2.6872187499999995f,0f,0f,0f,1f],start_interpolation:0}
execute if entity @s[tag=aj.beast.bone.left_leg] run data modify entity @s {} merge value {transformation:[-1.7250000000000003f,0f,2.1125157285291847e-16f,1.6701387500000004f,0f,1.7250000000000003f,0f,-8.524594375f,-2.1125157285291847e-16f,0f,-1.7250000000000003f,-2.6401249999999994f,0f,0f,0f,1f],start_interpolation:0}