execute if entity @s[tag=aj.beast.bone.right_thumb] run data modify entity @s {} merge value {transformation:[0.03303337396718545f,-1.048832200971329f,0.036875607249019116f,-2.2014194665710307f,0.0643640734644015f,0.0388490882966812f,1.0473051200035197f,4.499025033764995f,-1.047504683641756f,-0.030688149897908627f,0.06551469456870192f,4.446977887729341f,0f,0f,0f,1f],start_interpolation:0}
execute if entity @s[tag=aj.beast.bone.right_fingers_2] run data modify entity @s {} merge value {transformation:[0.9584512190587364f,-0.28308633410649237f,0.035119625951446756f,-0.3200737430992968f,-0.015930548680055875f,0.06980497964219229f,0.997433447622399f,4.781927910293875f,-0.2848113029772072f,-0.956550778714492f,0.062394947208287505f,4.274705130829749f,0f,0f,0f,1f],start_interpolation:0}
execute if entity @s[tag=aj.beast.bone.right_fingers] run data modify entity @s {} merge value {transformation:[0.029038893716427594f,-0.9989611376448819f,0.035119625951446756f,-1.1602885637710105f,0.06138862582350319f,0.036850429897036845f,0.997433447622399f,4.8410705309603195f,-0.9976914248760629f,-0.02680841829812214f,0.062394947208287505f,3.805291354196039f,0f,0f,0f,1f],start_interpolation:0}
execute if entity @s[tag=aj.beast.locator_origin.consume] at @s on origin run tp @s ^-0.63317 ^3.82463 ^4.37646 ~150.62658 ~85.89413
execute if entity @s[tag=aj.beast.bone.right_hand] run data modify entity @s {} merge value {transformation:[-0.41331723757362077f,-0.9645252981205457f,0.036875607249019095f,-2.5797496578389767f,0.07475199515234039f,0.008007798396480512f,1.047305120003519f,4.797294827112788f,-0.9623310243077776f,0.4148816993436974f,0.06551469456870188f,4.299250324690137f,0f,0f,0f,1f],start_interpolation:0}
execute if entity @s[tag=aj.beast.bone.right_forearm] run data modify entity @s {} merge value {transformation:[0.3267114784890415f,-4.214525159256342f,-0.637700785493326f,-8.747620862988793f,4.198981498696481f,0.20822176357583905f,0.7751277770651801f,5.047681466822311f,-0.733102300793105f,-0.6855992846908959f,4.155495113389401f,2.656622547365416f,0f,0f,0f,1f],start_interpolation:0}
execute if entity @s[tag=aj.beast.bone.right_bicep] run data modify entity @s {} merge value {transformation:[0.15226266283858433f,2.2262150983007962f,-2.825027861385243f,-5.177893035485986f,3.580579208764641f,0.17424013105125963f,0.33029215324257544f,4.703510221541616f,0.34098183421947975f,-2.8237575520622897f,-2.2068358969129322f,-0.07432604304686086f,0f,0f,0f,1f],start_interpolation:0}
execute if entity @s[tag=aj.beast.bone.right_arm] run data modify entity @s {} merge value {transformation:[-1.005435735743763f,-0.03956622316458076f,-0.6538604555055221f,-4.261111111111111f,0.27125050331382494f,1.0651430046608399f,-0.4815532619286001f,5.496980819758328f,0.5962567783609634f,-0.5512756965498923f,-0.8835004021798952f,-0.9632841950546895f,0f,0f,0f,1f],start_interpolation:0}
execute if entity @s[tag=aj.beast.bone.left_thumb] run data modify entity @s {} merge value {transformation:[0.05226395249122115f,1.048687380752305f,-0.004822522251643654f,2.2890724926077266f,-0.17438827068125082f,0.013452170297668946f,1.0353297881173356f,4.558693016664239f,1.0340972924820953f,-0.050732795755356525f,0.1748398499085579f,4.689885560265127f,0f,0f,0f,1f],start_interpolation:0}
execute if entity @s[tag=aj.beast.bone.left_fingers_2] run data modify entity @s {} merge value {transformation:[0.9640584817928269f,0.2656504265983979f,-0.0045928783348987146f,0.4137373279261479f,-0.03986945440562601f,0.1617358367191489f,0.9860283696355571f,4.908854069896184f,0.2626816900522526f,-0.9504058974821474f,0.16651414277005502f,4.591504014985057f,0f,0f,0f,1f],start_interpolation:0}
execute if entity @s[tag=aj.beast.bone.left_fingers] run data modify entity @s {} merge value {transformation:[0.04735401093296315f,0.9988676104054842f,-0.0045928783348987146f,1.2456810328116745f,-0.1661146354937583f,0.01240895437260156f,0.9860283696355571f,4.993990248349336f,0.9849687941875809f,-0.04592945388546499f,0.16651414277005502f,4.111473191840383f,0f,0f,0f,1f],start_interpolation:0}
execute if entity @s[tag=aj.beast.bone.left_hand] run data modify entity @s {} merge value {transformation:[-0.39582721083883865f,0.97252124009642f,-0.0048225222516436505f,2.672927250786465f,-0.16373458051411335f,-0.06150786112995628f,1.035329788117335f,4.860425854204674f,0.9586510346854132f,0.391048872368327f,0.17483984990855778f,4.565246659823021f,0f,0f,0f,1f],start_interpolation:0}
execute if entity @s[tag=aj.beast.bone.left_forearm] run data modify entity @s {} merge value {transformation:[0.31422971018002605f,4.1803030031892225f,0.8378254536401674f,8.760529174813017f,-4.20475271570674f,0.16495545475887932f,0.7539690296703747f,5.049682579255015f,0.7049392094336734f,-0.8794779698619315f,4.123736680673315f,2.63941193324043f,0f,0f,0f,1f],start_interpolation:0}
execute if entity @s[tag=aj.beast.bone.left_bicep] run data modify entity @s {} merge value {transformation:[0.1525853783989771f,-2.2398701851647855f,2.8141960230070535f,5.177893035485985f,-3.580500404757538f,0.17297472921875032f,0.33180806889346887f,4.703510221541616f,-0.34166438771103125f,-2.8130164053310422f,-2.2204063027987635f,-0.07432604304685952f,0f,0f,0f,1f],start_interpolation:0}
execute if entity @s[tag=aj.beast.bone.left_arm] run data modify entity @s {} merge value {transformation:[-1.0054357357437629f,0.0395662231645809f,0.6538604555055224f,4.261111111111111f,-0.27125050331382494f,1.0651430046608399f,-0.4815532619286001f,5.496980819758328f,-0.5962567783609636f,-0.5512756965498923f,-0.8835004021798951f,-0.9632841950546887f,0f,0f,0f,1f],start_interpolation:0}
execute if entity @s[tag=aj.beast.bone.chest] run data modify entity @s {} merge value {transformation:[-6.061547916666667f,-2.5912048553520453e-19f,7.423254801773572e-16f,-1.447364127657288e-17f,0f,6.061547547376053f,0.0021158793352958117f,5.791906874999999f,-7.423255254024141e-16f,0.0021158793352958117f,-6.061547547376053f,0.11818624999999994f,0f,0f,0f,1f],start_interpolation:0}
execute if entity @s[tag=aj.beast.bone.waist] run data modify entity @s {} merge value {transformation:[-5.023832916666667f,0f,6.152420900846945e-16f,0.0000012500000002926805f,0f,5.023832916666667f,0f,0.6653558333333329f,-6.152420900846945e-16f,0f,-5.023832916666667f,-2.3899166666666667f,0f,0f,0f,1f],start_interpolation:0}
execute if entity @s[tag=aj.beast.bone.hip] run data modify entity @s {} merge value {transformation:[-4.3939320833333335f,0f,5.381014861525028e-16f,1.9923805653477515e-16f,0f,4.3939320833333335f,0f,-2.6189379941860462f,-5.381014861525028e-16f,0f,-4.3939320833333335f,-1.6269021947674418f,0f,0f,0f,1f],start_interpolation:0}
execute if entity @s[tag=aj.beast.bone.right_foot] run data modify entity @s {} merge value {transformation:[-2.0302638959629355f,0.19898743530076884f,-0.005702047160843661f,-1.9199999999999993f,0.19818021952419987f,2.0258847361785857f,0.1345943398065561f,-10.888158151285992f,0.018791310192269803f,0.13339803713340415f,-2.0355470641452174f,-3.333924696047914f,0f,0f,0f,1f],start_interpolation:0}
execute if entity @s[tag=aj.beast.bone.right_knee] run data modify entity @s {} merge value {transformation:[-2.85f,-3.2946469765963574e-17f,3.4746585224546867e-16f,-1.9143749999999997f,0f,2.8372740000413823f,0.2690283417953829f,-7.353850303059904f,-3.4902433775699566e-16f,0.2690283417953829f,-2.8372740000413823f,-1.6352611378288704f,0f,0f,0f,1f],start_interpolation:0}
execute if entity @s[tag=aj.beast.bone.right_thigh] run data modify entity @s {} merge value {transformation:[-3.8250000000000006f,-1.1493056527000808e-16f,4.54109232309571e-16f,-1.6874999999999996f,0f,3.708083282671702f,0.9384792852112724f,-3.399496250000001f,-4.684274006738627e-16f,0.9384792852112724f,-3.708083282671702f,-2.5622187500000004f,0f,0f,0f,1f],start_interpolation:0}
execute if entity @s[tag=aj.beast.bone.right_leg] run data modify entity @s {} merge value {transformation:[-1.7250000000000003f,0f,2.1125157285291847e-16f,-1.6701387499999996f,0f,1.7250000000000003f,0f,-3.4070943750000016f,-2.1125157285291847e-16f,0f,-1.7250000000000003f,-2.5151250000000003f,0f,0f,0f,1f],start_interpolation:0}
execute if entity @s[tag=aj.beast.bone.left_foot] run data modify entity @s {} merge value {transformation:[-2.0302638959629355f,-0.19811903824437152f,-0.019425741543824367f,1.9200000000000004f,-0.18416340006878903f,1.7936994224454124f,0.9541101739286179f,-9.736609964253718f,-0.07558012188734127f,0.9513102693675285f,-1.8030242418146727f,-2.9745072789180136f,0f,0f,0f,1f],start_interpolation:0}
execute if entity @s[tag=aj.beast.bone.left_knee] run data modify entity @s {} merge value {transformation:[-2.85f,-1.325132827456301e-16f,3.2289041212567163e-16f,1.9143750000000004f,0f,2.63660030263812f,1.0820530689982697f,-6.8248525470394155f,-3.4902433775699566e-16f,1.0820530689982697f,-2.63660030263812f,-0.3797658570271145f,0f,0f,0f,1f],start_interpolation:0}
execute if entity @s[tag=aj.beast.bone.left_thigh] run data modify entity @s {} merge value {transformation:[-3.8250000000000006f,4.1702300306968566e-17f,4.665674097610964e-16f,1.6875000000000004f,0f,3.809812021604424f,-0.3405251239459682f,-3.399496250000001f,-4.684274006738627e-16f,-0.3405251239459682f,-3.809812021604424f,-2.5622187499999995f,0f,0f,0f,1f],start_interpolation:0}
execute if entity @s[tag=aj.beast.bone.left_leg] run data modify entity @s {} merge value {transformation:[-1.7250000000000003f,0f,2.1125157285291847e-16f,1.6701387500000004f,0f,1.7250000000000003f,0f,-3.4070943750000016f,-2.1125157285291847e-16f,0f,-1.7250000000000003f,-2.5151249999999994f,0f,0f,0f,1f],start_interpolation:0}