execute if entity @s[tag=aj.beast.bone.right_thumb] run data modify entity @s {} merge value {transformation:[0.3001508974023397f,-0.4628099560421279f,0.8934295626275487f,0.22827224141796812f,0.41066228477568645f,-0.7947996860046427f,-0.5496816778734162f,8.074475272312611f,0.9185673228737142f,0.5065574041658105f,-0.04619166194685365f,2.2691871528178735f,0f,0f,0f,1f],start_interpolation:0}
execute if entity @s[tag=aj.beast.bone.right_fingers_2] run data modify entity @s {} merge value {transformation:[0.4814307747448928f,0.21028223704714988f,0.8508852977405226f,1.3368263909813223f,0.8105283566921284f,0.2626497176159369f,-0.5235063598794439f,9.296240438891676f,-0.33356887163896043f,0.9416987345317578f,-0.04399205899700348f,1.499743572718394f,0f,0f,0f,1f],start_interpolation:0}
execute if entity @s[tag=aj.beast.bone.right_fingers] run data modify entity @s {} merge value {transformation:[0.34958267809558596f,-0.3921557869833613f,0.8508852977405226f,1.1585086653449501f,0.501705157762617f,-0.6886457912745575f,-0.5235063598794439f,8.932506866679681f,0.7912546276957279f,0.6099022978275279f,-0.04399205899700348f,2.3747914373058077f,0f,0f,0f,1f],start_interpolation:0}
execute if entity @s[tag=aj.beast.locator_origin.right_hand] at @s on origin run tp @s ^0.09681 ^9.10176 ^1.64051 ~87.04036 ~-31.56775
execute if entity @s[tag=aj.beast.bone.right_hand] run data modify entity @s {} merge value {transformation:[0.07643715646296546f,-0.546297517599158f,0.8934295626275487f,0.33287961883329764f,0.03628956480313108f,-0.8938865255146566f,-0.5496816778734162f,7.692965697295297f,1.0465851272582918f,0.07089359469184868f,-0.04619166194685365f,2.5813245855145515f,0f,0f,0f,1f],start_interpolation:0}
execute if entity @s[tag=aj.beast.bone.right_forearm] run data modify entity @s {} merge value {transformation:[-1.5645389995305927f,-3.369473826977512f,2.1152987609936607f,-5.009928726038436f,2.5619601570242603f,-2.5922570317191997f,-2.2343206205293327f,4.202320409032511f,3.0437153074438537f,0.4499717889111129f,2.9679871152712387f,2.8521550657005186f,0f,0f,0f,1f],start_interpolation:0}
execute if entity @s[tag=aj.beast.bone.right_bicep] run data modify entity @s {} merge value {transformation:[-1.558657817222428f,-0.666886222854f,-3.175822503632554f,-4.5955368953915725f,1.9577860112958998f,2.616502240582767f,-1.510294659660643f,7.592924260236668f,2.587983721507056f,-2.3810037359888563f,-0.7701697646763349f,-0.0892010410797317f,0f,0f,0f,1f],start_interpolation:0}
execute if entity @s[tag=aj.beast.bone.right_arm] run data modify entity @s {} merge value {transformation:[-0.8371721881864761f,-0.46098892585702556f,-0.7256941074338791f,-4.575f,0.3260177597897771f,0.7670340027784478f,-0.8633488627914724f,8.311836244897496f,0.7955219340965549f,-0.7994673531913978f,-0.4098741313530512f,-0.9043076136068995f,0f,0f,0f,1f],start_interpolation:0}
execute if entity @s[tag=aj.beast.bone.left_thumb] run data modify entity @s {} merge value {transformation:[0.3764626218412159f,0.39597555174653126f,-0.8966489038500342f,-0.03781824517143595f,-0.5739565096012901f,-0.689565676543294f,-0.5455026148605463f,7.998188423298114f,-0.7945752446702212f,0.6857131617173606f,-0.030783768528872754f,2.504912133740613f,0f,0f,0f,1f],start_interpolation:0}
execute if entity @s[tag=aj.beast.bone.left_fingers_2] run data modify entity @s {} merge value {transformation:[0.4304608649845662f,-0.2923534808285954f,-0.8539513370000325f,-1.042649050047037f,-0.7369625480220541f,0.43241025260642385f,-0.5195262998671869f,9.061345885929533f,0.5211426354939503f,0.8529658936254443f,-0.02931787478940262f,1.4215575699155576f,0f,0f,0f,1f],start_interpolation:0}
execute if entity @s[tag=aj.beast.bone.left_fingers] run data modify entity @s {} merge value {transformation:[0.41173172127403856f,0.3181887863086541f,-0.8539513370000325f,-0.9553230920908219f,-0.640167227131849f,-0.5659313960654855f,-0.5195262998671869f,8.864394483453982f,-0.6485853151305825f,0.7605771172042953f,-0.02931787478940262f,2.3614471433651f,0f,0f,0f,1f],start_interpolation:0}
execute if entity @s[tag=aj.beast.bone.left_hand] run data modify entity @s {} merge value {transformation:[0.17384450633199422f,0.5179757048768961f,-0.8966489038500342f,-0.179475451272884f,-0.22875820649524864f,-0.8675232447268394f,-0.5455026148605463f,7.681099431487246f,-1.009924636088883f,0.2856651694132458f,-0.030783768528872754f,2.870028339025967f,0f,0f,0f,1f],start_interpolation:0}
execute if entity @s[tag=aj.beast.bone.left_forearm] run data modify entity @s {} merge value {transformation:[-1.6962194049037347f,3.375058622525087f,-2.001860141205441f,5.156618800209422f,-2.440223067695411f,-2.6151370632890862f,-2.341365951768097f,4.170639746359813f,-3.0730727473190766f,0.21368770374258775f,2.9641502078933177f,2.7904945355681576f,0f,0f,0f,1f],start_interpolation:0}
execute if entity @s[tag=aj.beast.bone.left_bicep] run data modify entity @s {} merge value {transformation:[-1.5536000427998335f,0.5510608708207138f,3.2004154142333885f,4.5955368953915725f,-1.960099130271978f,2.6695748587929127f,-1.4111631630707482f,7.592924260236668f,-2.589273702511844f,-2.3515318390255993f,-0.8520326892376197f,-0.08920104107973059f,0f,0f,0f,1f],start_interpolation:0}
execute if entity @s[tag=aj.beast.bone.left_arm] run data modify entity @s {} merge value {transformation:[-0.8371721881864759f,0.4609889258570257f,0.7256941074338791f,4.575f,-0.3260177597897771f,0.7670340027784478f,-0.8633488627914724f,8.311836244897496f,-0.7955219340965552f,-0.7994673531913976f,-0.409874131353051f,-0.9043076136068984f,0f,0f,0f,1f],start_interpolation:0}
execute if entity @s[tag=aj.beast.bone.chest] run data modify entity @s {} merge value {transformation:[-6.061547916666667f,-2.5911996458026374e-18f,7.423210029012824e-16f,-1.447364127657288e-17f,0f,6.061510987642439f,0.021158750813758967f,8.791906875000002f,-7.423255254024141e-16f,0.021158750813758967f,-6.061510987642439f,0.11818624999999994f,0f,0f,0f,1f],start_interpolation:0}
execute if entity @s[tag=aj.beast.bone.waist] run data modify entity @s {} merge value {transformation:[-5.023832916666667f,0f,6.152420900846945e-16f,0.0000012500000002896955f,0f,5.023832916666667f,0f,3.762855833333333f,-6.152420900846945e-16f,0f,-5.023832916666667f,-2.365541666666667f,0f,0f,0f,1f],start_interpolation:0}
execute if entity @s[tag=aj.beast.bone.hip] run data modify entity @s {} merge value {transformation:[-4.393932083333333f,0f,5.381014861525027e-16f,1.8481997648667404e-16f,0f,4.393932083333333f,0f,0.5118759593023263f,-5.381014861525027e-16f,0f,-4.393932083333333f,-1.5091696366279068f,0f,0f,0f,1f],start_interpolation:0}
execute if entity @s[tag=aj.beast.bone.right_foot] run data modify entity @s {} merge value {transformation:[-2.035514995315782f,0.1351732125863327f,-0.002628011355012762f,-1.9537499999999994f,0.13492066678089898f,2.033486394528966f,0.09126607771228963f,-7.671810784525567f,0.008667036401769692f,0.09089161603073283f,-2.0379557396114696f,-2.91396267508235f,0f,0f,0f,1f],start_interpolation:0}
execute if entity @s[tag=aj.beast.bone.right_knee] run data modify entity @s {} merge value {transformation:[-2.85f,-2.2374515207713293e-17f,3.4830643033962093e-16f,-1.9481249999999999f,0f,2.8441378410667095f,0.1827017816344378f,-4.087525544351575f,-3.4902433775699566e-16f,0.1827017816344378f,-2.8441378410667095f,-1.3234630155021356f,0f,0f,0f,1f],start_interpolation:0}
execute if entity @s[tag=aj.beast.bone.right_thigh] run data modify entity @s {} merge value {transformation:[-3.8250000000000006f,-7.84220202421009e-17f,4.618162150068131e-16f,-1.6874999999999996f,0f,3.7710155722314997f,0.640364391567441f,-0.21949625000000017f,-4.684274006738627e-16f,0.640364391567441f,-3.7710155722314997f,-2.5622187500000004f,0f,0f,0f,1f],start_interpolation:0}
execute if entity @s[tag=aj.beast.bone.right_leg] run data modify entity @s {} merge value {transformation:[-1.7250000000000003f,0f,2.1125157285291847e-16f,-1.6701387499999996f,0f,1.7250000000000003f,0f,-0.22709437500000007f,-2.1125157285291847e-16f,0f,-1.7250000000000003f,-2.5151250000000003f,0f,0f,0f,1f],start_interpolation:0}
execute if entity @s[tag=aj.beast.bone.left_foot] run data modify entity @s {} merge value {transformation:[-2.035514995315782f,-0.13490151806226497f,-0.008960148943427204f,1.9537500000000003f,-0.1305054419424285f,1.9252205936134525f,0.6618866938910887f,-6.918900097401641f,-0.035313361040878274f,0.6610047249083479f,-1.9296180244237031f,-2.689704371530213f,0f,0f,0f,1f],start_interpolation:0}
execute if entity @s[tag=aj.beast.bone.left_knee] run data modify entity @s {} merge value {transformation:[-2.85f,-9.116372621710009e-17f,3.369082417646131e-16f,1.9481250000000003f,0f,2.7510645681610546f,0.7444083165903167f,-3.7059728347376346f,-3.4902433775699566e-16f,0.7444083165903167f,-2.7510645681610546f,-0.47879670543258124f,0f,0f,0f,1f],start_interpolation:0}
execute if entity @s[tag=aj.beast.bone.left_thigh] run data modify entity @s {} merge value {transformation:[-3.8250000000000006f,2.83182261197057e-17f,4.67570644685383e-16f,1.6875000000000004f,0f,3.8180040564424282f,-0.23123586440941138f,-0.21949625000000017f,-4.684274006738627e-16f,-0.23123586440941138f,-3.8180040564424282f,-2.5622187499999995f,0f,0f,0f,1f],start_interpolation:0}
execute if entity @s[tag=aj.beast.bone.left_leg] run data modify entity @s {} merge value {transformation:[-1.7250000000000003f,0f,2.1125157285291847e-16f,1.6701387500000004f,0f,1.7250000000000003f,0f,-0.22709437500000007f,-2.1125157285291847e-16f,0f,-1.7250000000000003f,-2.5151249999999994f,0f,0f,0f,1f],start_interpolation:0}