execute if entity @s[tag=aj.beast.bone.right_thumb] run data modify entity @s {} merge value {transformation:[-0.17606060838783763f,-1.0350762496392405f,0.0109462142712295f,-1.9308193635598996f,0.290103564300975f,-0.03868100861629665f,1.008386682554018f,4.656836216615153f,-0.9936511380529768f,0.17210734152032336f,0.29246620119397104f,4.31279554651415f,0f,0f,0f,1f],start_interpolation:0}
execute if entity @s[tag=aj.beast.bone.right_fingers_2] run data modify entity @s {} merge value {transformation:[0.8925288446229305f,-0.450869805598609f,0.010424965972599516f,-0.13759695886064727f,0.1166617853255453f,0.2531458385048513f,0.9603682690990641f,5.113364794242411f,-0.43564009154428585f,-0.8559401864891892f,0.2785392392323532f,3.8833054582589455f,0f,0f,0f,1f],start_interpolation:0}
execute if entity @s[tag=aj.beast.bone.right_fingers] run data modify entity @s {} merge value {transformation:[-0.15092612942170908f,-0.988490072556246f,0.010424965972599516f,-1.0494186517209096f,0.2768744066932489f,-0.03214577150931808f,0.9603682690990641f,5.210013409927619f,-0.9489793814283021f,0.14783107194300898f,0.2785392392323532f,3.584895784044459f,0f,0f,0f,1f],start_interpolation:0}
execute if entity @s[tag=aj.beast.locator_origin.consume] at @s on origin run tp @s ^-0.89773 ^4.04585 ^4.14769 ~177.85658 ~73.81532
execute if entity @s[tag=aj.beast.bone.right_hand] run data modify entity @s {} merge value {transformation:[-0.5970072257639251f,-0.8636912369468566f,0.010946214271229493f,-2.3414073669406426f,0.24657581874926468f,-0.1576599633890406f,1.0083866825540173f,4.948931657515737f,-0.8278180585091097f,0.5759173405666617f,0.2924662011939709f,4.308347961215811f,0f,0f,0f,1f],start_interpolation:0}
execute if entity @s[tag=aj.beast.bone.right_forearm] run data modify entity @s {} merge value {transformation:[-0.24881499131864557f,-4.227405936298184f,-0.5854529441773989f,-8.543717929477491f,4.241897274700805f,-0.3094256617820417f,0.43149538898651757f,4.480964030545463f,-0.46906674469736465f,-0.5558055501536736f,4.212681044113996f,2.8537330041045887f,0f,0f,0f,1f],start_interpolation:0}
execute if entity @s[tag=aj.beast.bone.right_bicep] run data modify entity @s {} merge value {transformation:[-0.3175418280248113f,2.0375840172828146f,-2.950833536472076f,-5.101805647042942f,3.5587740984849408f,0.5431987237194795f,-0.007877975769794411f,4.692442544571521f,0.44078804816755424f,-2.9177365403790594f,-2.0621637610843324f,-0.04937007538334326f,0f,0f,0f,1f],start_interpolation:0}
execute if entity @s[tag=aj.beast.bone.right_arm] run data modify entity @s {} merge value {transformation:[-0.9866784217326242f,-0.08442213320404145f,-0.6777452290591927f,-4.300347222222222f,0.2806413509559965f,1.0355091979008297f,-0.5375510517117178f,5.473811396720769f,0.6226605208464815f,-0.6004944666589859f,-0.8316851996345306f,-0.9558340703625681f,0f,0f,0f,1f],start_interpolation:0}
execute if entity @s[tag=aj.beast.bone.left_thumb] run data modify entity @s {} merge value {transformation:[-0.10226408289733976f,1.0439233219944686f,0.04760415050391728f,2.1183464289469374f,-0.5464349681653758f,-0.09418971701220422f,0.8916485421819891f,4.732959912606611f,0.8907585996863976f,0.06206766473127898f,0.5524461259521466f,4.8095624760154925f,0f,0f,0f,1f],start_interpolation:0}
execute if entity @s[tag=aj.beast.bone.left_fingers_2] run data modify entity @s {} merge value {transformation:[0.9213019509102549f,0.38619586446452536f,0.045337286194206905f,0.312016338429592f,-0.23915440466588211f,0.470832309748672f,0.84918908779237f,5.306639355730306f,0.3066070546772609f,-0.793202174963753f,0.5261391675734726f,4.680759636589953f,0f,0f,0f,1f],start_interpolation:0}
execute if entity @s[tag=aj.beast.bone.left_fingers] run data modify entity @s {} merge value {transformation:[-0.0805108762679031f,0.995722114489338f,0.045337286194206905f,1.1985105801913845f,-0.5218614116806166f,-0.08086136390808635f,0.84918908779237f,5.471305012258921f,0.849222388895446f,0.044709177400227784f,0.5261391675734726f,4.338968371294303f,0f,0f,0f,1f],start_interpolation:0}
execute if entity @s[tag=aj.beast.bone.left_hand] run data modify entity @s {} merge value {transformation:[-0.533863794395899f,0.9028971668401741f,0.04760415050391725f,2.5367761329473018f,-0.45543197227985766f,-0.3162982703873245f,0.8916485421819885f,5.011227208189409f,0.781070526686606f,0.4327032588991828f,0.5524461259521463f,4.8470582244315565f,0f,0f,0f,1f],start_interpolation:0}
execute if entity @s[tag=aj.beast.bone.left_forearm] run data modify entity @s {} merge value {transformation:[-0.27404577944739755f,4.153178652101994f,0.9755157581973319f,8.57145743356839f,-4.246376180581642f,-0.35968848664167163f,0.33843540826320423f,4.482326942803548f,0.4108688887661438f,-0.94728890857102f,4.148428073372178f,2.820622734042356f,0f,0f,0f,1f],start_interpolation:0}
execute if entity @s[tag=aj.beast.bone.left_bicep] run data modify entity @s {} merge value {transformation:[-0.31674117095805987f,-2.06599142434587f,2.931101237615214f,5.101805647042941f,-3.558685738371278f,0.5438329554260997f,-0.0012377824450128918f,4.692442544571521f,-0.44207561133021617f,-2.8975722857457473f,-2.090130140145628f,-0.04937007538334193f,0f,0f,0f,1f],start_interpolation:0}
execute if entity @s[tag=aj.beast.bone.left_arm] run data modify entity @s {} merge value {transformation:[-0.986678421732624f,0.08442213320404159f,0.6777452290591929f,4.300347222222222f,-0.2806413509559965f,1.0355091979008297f,-0.5375510517117178f,5.473811396720769f,-0.6226605208464818f,-0.6004944666589859f,-0.8316851996345305f,-0.955834070362567f,0f,0f,0f,1f],start_interpolation:0}
execute if entity @s[tag=aj.beast.bone.chest] run data modify entity @s {} merge value {transformation:[-6.061547916666667f,-5.182409394973633e-19f,7.423253445021924e-16f,-1.447364127657288e-17f,0f,6.061546439504258f,0.004231758412778139f,5.791906874999999f,-7.423255254024141e-16f,0.004231758412778139f,-6.061546439504258f,0.11818624999999994f,0f,0f,0f,1f],start_interpolation:0}
execute if entity @s[tag=aj.beast.bone.waist] run data modify entity @s {} merge value {transformation:[-5.023832916666667f,0f,6.152420900846945e-16f,0.0000012500000002923489f,0f,5.023832916666667f,0f,0.6761891666666671f,-6.152420900846945e-16f,0f,-5.023832916666667f,-2.3872083333333336f,0f,0f,0f,1f],start_interpolation:0}
execute if entity @s[tag=aj.beast.bone.hip] run data modify entity @s {} merge value {transformation:[-4.3939320833333335f,0f,5.381014861525028e-16f,1.976360476405417e-16f,0f,4.3939320833333335f,0f,-2.6044031104651157f,-5.381014861525028e-16f,0f,-4.3939320833333335f,-1.6138207994186047f,0f,0f,0f,1f],start_interpolation:0}
execute if entity @s[tag=aj.beast.bone.right_foot] run data modify entity @s {} merge value {transformation:[-2.030946407790283f,0.19190771304471899f,-0.005302674578963568f,-1.9237499999999994f,0.19118381041072333f,2.026871265027306f,0.12977528903240718f,-10.865511968514692f,0.017476822382264067f,0.12870238801418568f,-2.035861060091986f,-3.287010879290191f,0f,0f,0f,1f],start_interpolation:0}
execute if entity @s[tag=aj.beast.bone.right_knee] run data modify entity @s {} merge value {transformation:[-2.85f,-3.177313200457727e-17f,3.475751090474246e-16f,-1.9181249999999999f,0f,2.838166149533236f,0.25944731188371195f,-7.325489062127315f,-3.4902433775699566e-16f,0.25944731188371195f,-2.838166149533236f,-1.6002898969381638f,0f,0f,0f,1f],start_interpolation:0}
execute if entity @s[tag=aj.beast.bone.right_thigh] run data modify entity @s {} merge value {transformation:[-3.8250000000000006f,-1.109058702622531e-16f,4.55108907453418e-16f,-1.6874999999999996f,0f,3.7162462496965047f,0.905615156463644f,-3.3794962500000016f,-4.684274006738627e-16f,0.905615156463644f,-3.7162462496965047f,-2.5622187500000004f,0f,0f,0f,1f],start_interpolation:0}
execute if entity @s[tag=aj.beast.bone.right_leg] run data modify entity @s {} merge value {transformation:[-1.7250000000000003f,0f,2.1125157285291847e-16f,-1.6701387499999996f,0f,1.7250000000000003f,0f,-3.387094375000002f,-2.1125157285291847e-16f,0f,-1.7250000000000003f,-2.5151250000000003f,0f,0f,0f,1f],start_interpolation:0}
execute if entity @s[tag=aj.beast.bone.left_foot] run data modify entity @s {} merge value {transformation:[-2.030946407790283f,-0.19112894087743926f,-0.018067004256737323f,1.9237500000000003f,-0.17860254733794823f,1.810620511643727f,0.9226887302332268f,-9.759347001912754f,-0.07041178003814842f,0.92017557605822f,-1.8193183037769347f,-2.9446759535380744f,0f,0f,0f,1f],start_interpolation:0}
execute if entity @s[tag=aj.beast.bone.left_knee] run data modify entity @s {} merge value {transformation:[-2.85f,-1.280096995263671e-16f,3.2470217919484096e-16f,1.9181250000000003f,0f,2.651394503467541f,1.0452785212478606f,-6.811783497212401f,-3.4902433775699566e-16f,1.0452785212478606f,-2.651394503467541f,-0.3906822791258846f,0f,0f,0f,1f],start_interpolation:0}
execute if entity @s[tag=aj.beast.bone.left_thigh] run data modify entity @s {} merge value {transformation:[-3.8250000000000006f,4.0216670871577845e-17f,4.66697813457572e-16f,1.6875000000000004f,0f,3.8108768485942655f,-0.328394038996209f,-3.3794962500000016f,-4.684274006738627e-16f,-0.328394038996209f,-3.8108768485942655f,-2.5622187499999995f,0f,0f,0f,1f],start_interpolation:0}
execute if entity @s[tag=aj.beast.bone.left_leg] run data modify entity @s {} merge value {transformation:[-1.7250000000000003f,0f,2.1125157285291847e-16f,1.6701387500000004f,0f,1.7250000000000003f,0f,-3.387094375000002f,-2.1125157285291847e-16f,0f,-1.7250000000000003f,-2.5151249999999994f,0f,0f,0f,1f],start_interpolation:0}