execute if entity @s[tag=aj.beast.bone.right_thumb] run data modify entity @s {} merge value {transformation:[-0.3597529308345114f,-0.9049706448817066f,0.392563320571813f,-0.4736480762429361f,0.7439468112887314f,-0.5233021509745845f,-0.5245931764317024f,3.0844913051293608f,0.6477815764046628f,0.09840218842973855f,0.8204852458045359f,4.072214230533971f,0f,0f,0f,1f],start_interpolation:0}
execute if entity @s[tag=aj.beast.bone.right_fingers_2] run data modify entity @s {} merge value {transformation:[0.8953973604278219f,-0.2418365518602441f,0.37386982911601213f,1.1082005371013932f,0.41410959847631207f,0.7608551382154973f,-0.49961254898257346f,3.773627061176862f,-0.16363620439461496f,0.6021748424132517f,0.7814145198138431f,4.187895982822136f,0f,0f,0f,1f],start_interpolation:0}
execute if entity @s[tag=aj.beast.bone.right_fingers] run data modify entity @s {} merge value {transformation:[-0.07767902746588051f,-0.924222548723368f,0.37386982911601213f,0.28412312558351416f,0.8226850546321596f,-0.27125007241292387f,-0.49961254898257346f,3.9100565142016084f,0.5631654016155787f,0.26876770387690685f,0.7814145198138431f,4.669654752667146f,0f,0f,0f,1f],start_interpolation:0}
execute if entity @s[tag=aj.beast.locator_origin.consume] at @s on origin run tp @s ^0.63683 ^4.24289 ^3.48557 ~154.43109 ~-29.97437
execute if entity @s[tag=aj.beast.bone.right_hand] run data modify entity @s {} merge value {transformation:[-0.7085040034908413f,-0.6681437842104659f,0.39256332057181276f,-0.7624586786100709f,0.45308774280201414f,-0.7886783226156739f,-0.5245931764317021f,2.860042955638459f,0.628676048820079f,-0.18458165417246872f,0.8204852458045353f,4.418816900029203f,0f,0f,0f,1f],start_interpolation:0}
execute if entity @s[tag=aj.beast.bone.right_forearm] run data modify entity @s {} merge value {transformation:[-1.8326931641298545f,-3.856885461670347f,0.20321245460750226f,-6.551159279357542f,2.9129553837433413f,-1.5280252814067932f,-2.7304678485018594f,1.0296221076292036f,2.5360504132355866f,-1.0320844320779141f,3.2831197094516686f,2.4328512503819266f,0f,0f,0f,1f],start_interpolation:0}
execute if entity @s[tag=aj.beast.bone.right_bicep] run data modify entity @s {} merge value {transformation:[-1.6779158082825818f,0.28199462017129334f,-3.172550641756544f,-4.98084809087639f,2.3727523530979697f,2.502817360167513f,-1.03244928810677f,4.0777184097491785f,2.1247693548202977f,-2.5722333284207664f,-1.3523945034559868f,-0.49336174875778616f,0f,0f,0f,1f],start_interpolation:0}
execute if entity @s[tag=aj.beast.bone.right_arm] run data modify entity @s {} merge value {transformation:[-1.102752125980369f,-0.028113924429917753f,-0.4723847540923878f,-4.575f,0.20767351342147955f,1.0476160140138078f,-0.5471493388509215f,4.9984452045030165f,0.42521695693957856f,-0.5845599151797622f,-0.9578518910019826f,-0.9047064058187422f,0f,0f,0f,1f],start_interpolation:0}
execute if entity @s[tag=aj.beast.bone.left_thumb] run data modify entity @s {} merge value {transformation:[-0.5004292246613453f,0.7708216406075188f,-0.5078430756404776f,0.5922068934095084f,-0.42167199707720343f,-0.7047711583041932f,-0.6542097074359959f,2.856069613713431f,-0.8211353834696015f,-0.1078499550009249f,0.645449509427756f,4.5927065207316105f,0f,0f,0f,1f],start_interpolation:0}
execute if entity @s[tag=aj.beast.bone.left_fingers_2] run data modify entity @s {} merge value {transformation:[0.5605267533481681f,0.6722222054474452f,-0.48366007203854977f,-1.02379615914939f,-0.7598985891874037f,0.1853490709267419f,-0.6230568642247576f,3.844618284631274f,-0.32918671439162933f,0.7167726476435655f,0.6147138185026244f,4.872228270607054f,0f,0f,0f,1f],start_interpolation:0}
execute if entity @s[tag=aj.beast.bone.left_fingers] run data modify entity @s {} merge value {transformation:[-0.31533518511588465f,0.8164782028588369f,-0.48366007203854977f,-0.18539923583278717f,-0.531117696271846f,-0.5742073986368514f,-0.6230568642247576f,3.591771830260587f,-0.7864335405708598f,0.0604086716217532f,0.6147138185026244f,5.275920427621088f,0f,0f,0f,1f],start_interpolation:0}
execute if entity @s[tag=aj.beast.bone.left_hand] run data modify entity @s {} merge value {transformation:[-0.6554033921912216f,0.6442373817377107f,-0.5078430756404773f,0.8287373850359021f,-0.25913628964269264f,-0.7793317920415724f,-0.6542097074359955f,2.5438280657682824f,-0.7783281935626248f,-0.2830197058245439f,0.6454495094277557f,4.909693237169179f,0f,0f,0f,1f],start_interpolation:0}
execute if entity @s[tag=aj.beast.bone.left_forearm] run data modify entity @s {} merge value {transformation:[-1.9127678453089383f,3.8230328794263135f,0.036929294300752626f,6.5326986281060275f,-2.8651632993361535f,-1.4060453901386403f,-2.8442047445651752f,0.9109376960666902f,-2.5313599977263936f,-1.2973361028257977f,3.191357171833859f,2.542828250400877f,0f,0f,0f,1f],start_interpolation:0}
execute if entity @s[tag=aj.beast.bone.left_bicep] run data modify entity @s {} merge value {transformation:[-1.678835317030635f,-0.35214910091745666f,3.1650439158112293f,4.880251369163261f,-2.374928545402481f,2.522110252262747f,-0.9791191345610641f,3.964817089218553f,-2.121609385000715f,-2.544592479387255f,-1.4084824213751186f,-0.33166814383859744f,0f,0f,0f,1f],start_interpolation:0}
execute if entity @s[tag=aj.beast.bone.left_arm] run data modify entity @s {} merge value {transformation:[-1.102752125980369f,0.028113924429917895f,0.472384754092388f,4.575f,-0.20767351342147955f,1.0476160140138078f,-0.5471493388509215f,4.9984452045030165f,-0.42521695693957884f,-0.5845599151797622f,-0.9578518910019825f,-0.9047064058187411f,0f,0f,0f,1f],start_interpolation:0}
execute if entity @s[tag=aj.beast.bone.chest] run data modify entity @s {} merge value {transformation:[-6.061547916666667f,-1.943401461001294e-18f,7.423229814943975e-16f,-1.447364127657288e-17f,0f,6.061527144081311f,0.01586907720948086f,5.791906874999999f,-7.423255254024141e-16f,0.01586907720948086f,-6.061527144081311f,0.11818624999999994f,0f,0f,0f,1f],start_interpolation:0}
execute if entity @s[tag=aj.beast.bone.waist] run data modify entity @s {} merge value {transformation:[-5.023832916666667f,0f,6.152420900846945e-16f,0.0000012500000002909455f,0f,5.023832916666667f,0f,0.8345225000000003f,-6.152420900846945e-16f,0f,-5.023832916666667f,-2.37575f,0f,0f,0f,1f],start_interpolation:0}
execute if entity @s[tag=aj.beast.bone.hip] run data modify entity @s {} merge value {transformation:[-4.3939320833333335f,0f,5.381014861525028e-16f,1.6559586975587257e-16f,0f,4.3939320833333335f,0f,-2.3137054360465115f,-5.381014861525028e-16f,0f,-4.3939320833333335f,-1.3521928924418605f,0f,0f,0f,1f],start_interpolation:0}
execute if entity @s[tag=aj.beast.bone.right_foot] run data modify entity @s {} merge value {transformation:[-2.0393910391536134f,0.04984036518917477f,-0.00035695623506549665f,-1.9987499999999996f,0.04982772396188389f,2.0391144677878956f,0.033606326530366375f,-10.340131318429176f,0.0011778559854065018f,0.033587575915760885f,-2.0397231398891815f,-2.3643081953490577f,0f,0f,0f,1f],start_interpolation:0}
execute if entity @s[tag=aj.beast.bone.right_knee] run data modify entity @s {} merge value {transformation:[-2.85f,-8.248131020106196e-18f,3.489268643733018e-16f,-1.993125f,0f,2.849204069420165f,0.0673511009529349f,-6.6943649212429115f,-3.4902433775699566e-16f,0.0673511009529349f,-2.849204069420165f,-0.920293920072875f,0f,0f,0f,1f],start_interpolation:0}
execute if entity @s[tag=aj.beast.bone.right_thigh] run data modify entity @s {} merge value {transformation:[-3.8250000000000006f,-2.901044283773748e-17f,4.675282065377765e-16f,-1.6874999999999996f,0f,3.817657522669294f,0.23688824286264157f,-2.9794962500000013f,-4.684274006738627e-16f,0.23688824286264157f,-3.817657522669294f,-2.5622187500000004f,0f,0f,0f,1f],start_interpolation:0}
execute if entity @s[tag=aj.beast.bone.right_leg] run data modify entity @s {} merge value {transformation:[-1.7250000000000003f,0f,2.1125157285291847e-16f,-1.6701387499999996f,0f,1.7250000000000003f,0f,-2.9870943750000016f,-2.1125157285291847e-16f,0f,-1.7250000000000003f,-2.5151250000000003f,0f,0f,0f,1f],start_interpolation:0}
execute if entity @s[tag=aj.beast.bone.left_foot] run data modify entity @s {} merge value {transformation:[-2.0393910391536134f,-0.04982676519152555f,-0.001217739911737035f,1.9987500000000005f,-0.04960560974396227f,2.0242823714323706f,0.24783091855147527f,-10.078580223264758f,-0.004844884092914491f,0.24778654963231328f,-2.024889713767009f,-2.259912994741874f,0f,0f,0f,1f],start_interpolation:0}
execute if entity @s[tag=aj.beast.bone.left_knee] run data modify entity @s {} merge value {transformation:[-2.85f,-3.392710082615501e-17f,3.473714728878025e-16f,1.9931250000000005f,0f,2.8365033341013595f,0.2770358020759649f,-6.543005780854764f,-3.4902433775699566e-16f,0.2770358020759649f,-2.8365033341013595f,-0.6134842336482849f,0f,0f,0f,1f],start_interpolation:0}
execute if entity @s[tag=aj.beast.bone.left_thigh] run data modify entity @s {} merge value {transformation:[-3.8250000000000006f,1.0438531889898884e-17f,4.683110790426115e-16f,1.6875000000000004f,0f,3.8240501617990414f,-0.08523708139495076f,-2.9794962500000013f,-4.684274006738627e-16f,-0.08523708139495076f,-3.8240501617990414f,-2.5622187499999995f,0f,0f,0f,1f],start_interpolation:0}
execute if entity @s[tag=aj.beast.bone.left_leg] run data modify entity @s {} merge value {transformation:[-1.7250000000000003f,0f,2.1125157285291847e-16f,1.6701387500000004f,0f,1.7250000000000003f,0f,-2.9870943750000016f,-2.1125157285291847e-16f,0f,-1.7250000000000003f,-2.5151249999999994f,0f,0f,0f,1f],start_interpolation:0}