execute if entity @s[tag=aj.beast.bone.right_thumb] run data modify entity @s {} merge value {transformation:[0.2999182333032757f,-0.4593004865449608f,0.8953167687426643f,0.19932377819455793f,0.4203600324886325f,-0.791627291295433f,-0.54692200062021f,5.107898693356436f,0.9142464090268002f,0.5146545392161808f,-0.04223989637514228f,2.247532318080954f,0f,0f,0f,1f],start_interpolation:0}
execute if entity @s[tag=aj.beast.bone.right_fingers_2] run data modify entity @s {} merge value {transformation:[0.4780969419359534f,0.21060777489102012f,0.8526826368977749f,1.3024926778356463f,0.8090510395899893f,0.272254338118148f,-0.5208780958287711f,6.326282002181729f,-0.3418475236854096f,0.9388939985596365f,-0.040228472738230714f,1.4650961613390767f,0f,0f,0f,1f],start_interpolation:0}
execute if entity @s[tag=aj.beast.bone.right_fingers] run data modify entity @s {} merge value {transformation:[0.34885522226318405f,-0.3888860432475837f,0.8526826368977749f,1.1266424254544434f,0.5103740007647183f,-0.684254622658268f,-0.5208780958287711f,5.970179304639493f,0.7860142576589308f,0.6168980926684969f,-0.040228472738230714f,2.3437745130069816f,0f,0f,0f,1f],start_interpolation:0}
execute if entity @s[tag=aj.beast.locator_origin.consume] at @s on origin run tp @s ^0.06337 ^6.12874 ^1.60939 ~87.29886 ~-31.39117
execute if entity @s[tag=aj.beast.bone.right_hand] run data modify entity @s {} merge value {transformation:[0.07770945707674458f,-0.5430185299683916f,0.8953167687426636f,0.30570577597052306f,0.04641942100965264f,-0.8951098047673904f,-0.5469220006202097f,4.729720165847594f,1.0460910465317856f,0.08005818833980062f,-0.04223989637514225f,2.5631046679636973f,0f,0f,0f,1f],start_interpolation:0}
execute if entity @s[tag=aj.beast.bone.right_forearm] run data modify entity @s {} merge value {transformation:[-1.569564861350793f,-3.359624552973216f,2.1272080314516444f,-5.024282915992247f,2.5849617035203583f,-2.599830261147519f,-2.198745234117574f,1.2228642424419371f,3.0215995991107083f,0.4789890147812773f,2.985989013103174f,2.8741300102168186f,0f,0f,0f,1f],start_interpolation:0}
execute if entity @s[tag=aj.beast.bone.right_bicep] run data modify entity @s {} merge value {transformation:[-1.56328668136522f,-0.6554681017247783f,-3.175924482648704f,-4.5955368953915725f,1.9777136962252229f,2.601417884905113f,-1.5103885340729328f,4.59285194146321f,2.569977293212781f,-2.400622118476194f,-0.7695649138660009f,-0.0887825045674393f,0f,0f,0f,1f],start_interpolation:0}
execute if entity @s[tag=aj.beast.bone.right_arm] run data modify entity @s {} merge value {transformation:[-0.837172188186476f,-0.4609889258570255f,-0.725694107433879f,-4.575f,0.3262954294624366f,0.7667548893022237f,-0.863491883252564f,5.311479356462288f,0.7954080839663326f,-0.799735049856089f,-0.4095727407832302f,-0.9041399750536667f,0f,0f,0f,1f],start_interpolation:0}
execute if entity @s[tag=aj.beast.bone.left_thumb] run data modify entity @s {} merge value {transformation:[0.3754509989406293f,0.3990029376844151f,-0.8957305415769247f,-0.0020135053706080153f,-0.5784717642365824f,-0.6843410434100177f,-0.547309559833834f,5.001442219832482f,-0.7917745672699399f,0.6891835691771065f,-0.024880566729982526f,2.5023344650319097f,0f,0f,0f,1f],start_interpolation:0}
execute if entity @s[tag=aj.beast.bone.left_fingers_2] run data modify entity @s {} merge value {transformation:[0.4331487616360675f,-0.2909334692388511f,-0.8530767062637372f,-1.0115774947903884f,-0.7327532166672421f,0.4374632328790019f,-0.5212471998417463f,6.055661687866126f,0.5248379499969014f,0.8508722796963704f,-0.02369577783807858f,1.4146544972922805f,0f,0f,0f,1f],start_interpolation:0}
execute if entity @s[tag=aj.beast.bone.left_fingers] run data modify entity @s {} merge value {transformation:[0.41121808990463543f,0.3211850179653397f,-0.8530767062637372f,-0.9214623872439416f,-0.6436604795200868f,-0.5603592988084611f,-0.5212471998417463f,5.865032558165203f,-0.6454462561973342f,0.7634380397081963f,-0.02369577783807858f,2.3555837669244766f,0f,0f,0f,1f],start_interpolation:0}
execute if entity @s[tag=aj.beast.bone.left_hand] run data modify entity @s {} merge value {transformation:[0.1716482360369611f,0.5202919180149822f,-0.8957305415769241f,-0.1421481851835571f,-0.2350584423046853f,-0.8646963480990248f,-0.5473095598338337f,4.686497989116099f,-1.0088530179201995f,0.2899940441328067f,-0.02488056672998251f,2.869886419430557f,0f,0f,0f,1f],start_interpolation:0}
execute if entity @s[tag=aj.beast.bone.left_forearm] run data modify entity @s {} merge value {transformation:[-1.699714736084278f,3.380357215383973f,-1.9899195743394869f,5.200107074580402f,-2.4633684391610946f,-2.6075866128832867f,-2.3254962888073782f,1.1852258485016147f,-3.0526072051416944f,0.22204088072551373f,2.984612554152321f,2.799481700972572f,0f,0f,0f,1f],start_interpolation:0}
execute if entity @s[tag=aj.beast.bone.left_bicep] run data modify entity @s {} merge value {transformation:[-1.5572142568378282f,0.5163804115754417f,3.2044398931548383f,4.5955368953915725f,-1.9804759376214185f,2.664684088218032f,-1.3918239006786046f,4.59285194146321f,-2.571536276003817f,-2.364912256414351f,-0.8685569645438396f,-0.08878250456743808f,0f,0f,0f,1f],start_interpolation:0}
execute if entity @s[tag=aj.beast.bone.left_arm] run data modify entity @s {} merge value {transformation:[-0.8371721881864757f,0.4609889258570256f,0.725694107433879f,4.575f,-0.3262954294624366f,0.7667548893022237f,-0.863491883252564f,5.311479356462288f,-0.7954080839663328f,-0.7997350498560889f,-0.40957274078323f,-0.9041399750536656f,0f,0f,0f,1f],start_interpolation:0}
execute if entity @s[tag=aj.beast.bone.chest] run data modify entity @s {} merge value {transformation:[-6.061547916666667f,-2.3320805810531954e-18f,7.4232186217579085e-16f,-1.447364127657288e-17f,0f,6.061518004151272f,0.019042883080059334f,5.791906874999999f,-7.423255254024141e-16f,0.019042883080059334f,-6.061518004151272f,0.11818624999999994f,0f,0f,0f,1f],start_interpolation:0}
execute if entity @s[tag=aj.beast.bone.waist] run data modify entity @s {} merge value {transformation:[-5.023832916666667f,0f,6.152420900846945e-16f,0.0000012500000002900271f,0f,5.023832916666667f,0f,0.7520225000000007f,-6.152420900846945e-16f,0f,-5.023832916666667f,-2.36825f,0f,0f,0f,1f],start_interpolation:0}
execute if entity @s[tag=aj.beast.bone.hip] run data modify entity @s {} merge value {transformation:[-4.3939320833333335f,0f,5.381014861525028e-16f,1.864219853809075e-16f,0f,4.3939320833333335f,0f,-2.502658924418604f,-5.381014861525028e-16f,0f,-4.3939320833333335f,-1.5222510319767442f,0f,0f,0f,1f],start_interpolation:0}
execute if entity @s[tag=aj.beast.bone.right_foot] run data modify entity @s {} merge value {transformation:[-2.0350306625300414f,0.14227341536746949f,-0.0029116734391026744f,-1.9499999999999995f,0.14197889362064206f,2.032784150460427f,0.09607596683426878f,-10.697235367843001f,0.009601891938513562f,0.09563928542474899f,-2.0377342640184084f,-2.9603471270533146f,0f,0f,0f,1f],start_interpolation:0}
execute if entity @s[tag=aj.beast.bone.right_knee] run data modify entity @s {} merge value {transformation:[-2.85f,-2.355037570087203e-17f,3.482289019467757e-16f,-1.944375f,0f,2.843504773696598f,0.19230341121430858f,-7.118340565779374f,-3.4902433775699566e-16f,0.19230341121430858f,-2.843504773696598f,-1.3577549001234988f,0f,0f,0f,1f],start_interpolation:0}
execute if entity @s[tag=aj.beast.bone.right_thigh] run data modify entity @s {} merge value {transformation:[-3.8250000000000006f,-8.250736745545062e-17f,4.611038538308292e-16f,-1.6874999999999996f,0f,3.765198701796042f,0.673723783158503f,-3.239496250000001f,-4.684274006738627e-16f,0.673723783158503f,-3.765198701796042f,-2.5622187500000004f,0f,0f,0f,1f],start_interpolation:0}
execute if entity @s[tag=aj.beast.bone.right_leg] run data modify entity @s {} merge value {transformation:[-1.7250000000000003f,0f,2.1125157285291847e-16f,-1.6701387499999996f,0f,1.7250000000000003f,0f,-3.2470943750000014f,-2.1125157285291847e-16f,0f,-1.7250000000000003f,-2.5151250000000003f,0f,0f,0f,1f],start_interpolation:0}
execute if entity @s[tag=aj.beast.bone.left_foot] run data modify entity @s {} merge value {transformation:[-2.0350306625300414f,-0.14195656297926687f,-0.009926569883598045f,1.9500000000000004f,-0.13683303303582495f,1.9129609930570457f,0.6953106932245612f,-9.90118929724831f,-0.03907587021113344f,0.6942827761577528f,-1.917822854983725f,-2.723086595082278f,0f,0f,0f,1f],start_interpolation:0}
execute if entity @s[tag=aj.beast.bone.left_knee] run data modify entity @s {} merge value {transformation:[-2.85f,-9.584063538764814e-17f,3.356077486519065e-16f,1.9443750000000004f,0f,2.7404452360106584f,0.782598178139004f,-6.719322141232253f,-3.4902433775699566e-16f,0.782598178139004f,-2.7404452360106584f,-0.46770731331054005f,0f,0f,0f,1f],start_interpolation:0}
execute if entity @s[tag=aj.beast.bone.left_thigh] run data modify entity @s {} merge value {transformation:[-3.8250000000000006f,2.980669470351566e-17f,4.674781178332553e-16f,1.6875000000000004f,0f,3.81724851735808f,-0.24339013276536745f,-3.239496250000001f,-4.684274006738627e-16f,-0.24339013276536745f,-3.81724851735808f,-2.5622187499999995f,0f,0f,0f,1f],start_interpolation:0}
execute if entity @s[tag=aj.beast.bone.left_leg] run data modify entity @s {} merge value {transformation:[-1.7250000000000003f,0f,2.1125157285291847e-16f,1.6701387500000004f,0f,1.7250000000000003f,0f,-3.2470943750000014f,-2.1125157285291847e-16f,0f,-1.7250000000000003f,-2.5151249999999994f,0f,0f,0f,1f],start_interpolation:0}