execute if entity @s[tag=aj.beast.bone.right_thumb] run data modify entity @s {} merge value {transformation:[-0.5080326557337748f,0.908272183563974f,-0.13944339809406484f,-15.764099000853037f,0.7553008066239665f,0.503492459787008f,0.5277461837387507f,3.159068330482196f,0.5233770268375131f,0.15503865163745553f,-0.8969612613023855f,-1.1608924116130106f,0f,0f,0f,1f],start_interpolation:0}
execute if entity @s[tag=aj.beast.bone.right_fingers_2] run data modify entity @s {} merge value {transformation:[0.14273492189700798f,0.9808109106777907f,-0.13280323628006166f,-17.903987912008798f,0.8625973401665166f,-0.05747673675083043f,0.5026154130845242f,2.9742995628367535f,0.4853375843767988f,-0.18629649011153843f,-0.8542488202879857f,-1.3320175619464332f,0f,0f,0f,1f],start_interpolation:0}
execute if entity @s[tag=aj.beast.bone.right_fingers] run data modify entity @s {} merge value {transformation:[0.09981669883382868f,0.9861034058695156f,-0.13280323628006166f,-17.017103027964637f,0.864283438679429f,-0.019796064112213962f,0.5026154130845242f,3.3443093312087484f,0.49300178930545335f,-0.1649490490369866f,-0.8542488202879857f,-1.252418178076351f,0f,0f,0f,1f],start_interpolation:0}
execute if entity @s[tag=aj.beast.locator_origin.right_hand] at @s on origin run tp @s ^-16.47649 ^2.22228 ^-0.87321 ~-8.83658 ~30.17319
execute if entity @s[tag=aj.beast.bone.right_hand] run data modify entity @s {} merge value {transformation:[-0.07658154055519341f,1.0378780305865292f,-0.1394433980940647f,-15.534833559511487f,0.8973201107530971f,0.13711522303243368f,0.5277461837387502f,3.5964667964464425f,0.5398628404365706f,-0.08067595204639673f,-0.8969612613023846f,-1.261102069374456f,0f,0f,0f,1f],start_interpolation:0}
execute if entity @s[tag=aj.beast.bone.right_forearm] run data modify entity @s {} merge value {transformation:[1.0069118459585928f,4.13233937753823f,-0.4307259027678937f,-9.3138472002285f,3.4530845869331652f,-0.5859009247280275f,2.4512347790220876f,2.408808621231185f,2.310402642387876f,-0.9252655701201677f,-3.475852162390875f,-2.093178666785627f,0f,0f,0f,1f],start_interpolation:0}
execute if entity @s[tag=aj.beast.bone.right_bicep] run data modify entity @s {} merge value {transformation:[0.8479257650177625f,3.489982842245793f,0.2470661001615215f,-5.298847493102147f,2.9078607047858234f,-0.8443387162780379f,1.947161589020402f,0.4023438692752689f,1.9456022251687377f,-0.25905963217748834f,-3.0178668109104025f,-1.676804600668911f,0f,0f,0f,1f],start_interpolation:0}
execute if entity @s[tag=aj.beast.bone.right_arm] run data modify entity @s {} merge value {transformation:[-0.7073794252098431f,0.969307590701908f,-0.007559325198389949f,-3.95f,0.9553885171030354f,0.6987610321189106f,0.19739757186900234f,0.5006536378007749f,0.1638509388970823f,0.11034407369577014f,-1.1836287657972693f,-1.4618351861809504f,0f,0f,0f,1f],start_interpolation:0}
execute if entity @s[tag=aj.beast.bone.left_thumb] run data modify entity @s {} merge value {transformation:[-0.5080326557337748f,-0.908272183563974f,0.13944339809406509f,15.764099000853038f,-0.7553008066239665f,0.503492459787008f,0.5277461837387507f,3.159068330482196f,-0.523377026837513f,0.15503865163745514f,-0.8969612613023854f,-1.1608924116130068f,0f,0f,0f,1f],start_interpolation:0}
execute if entity @s[tag=aj.beast.bone.left_fingers_2] run data modify entity @s {} merge value {transformation:[0.142734921897008f,-0.9808109106777907f,0.1328032362800619f,17.9039879120088f,-0.8625973401665166f,-0.05747673675083043f,0.5026154130845242f,2.9742995628367535f,-0.4853375843767985f,-0.18629649011153868f,-0.8542488202879855f,-1.3320175619464285f,0f,0f,0f,1f],start_interpolation:0}
execute if entity @s[tag=aj.beast.bone.left_fingers] run data modify entity @s {} merge value {transformation:[0.09981669883382871f,-0.9861034058695156f,0.1328032362800619f,17.01710302796464f,-0.864283438679429f,-0.019796064112213962f,0.5026154130845242f,3.3443093312087484f,-0.4930017893054531f,-0.16494904903698684f,-0.8542488202879855f,-1.2524181780763468f,0f,0f,0f,1f],start_interpolation:0}
execute if entity @s[tag=aj.beast.bone.left_hand] run data modify entity @s {} merge value {transformation:[-0.07658154055519337f,-1.0378780305865292f,0.13944339809406495f,15.534833559511489f,-0.8973201107530971f,0.13711522303243368f,0.5277461837387502f,3.5964667964464425f,-0.5398628404365704f,-0.08067595204639702f,-0.8969612613023845f,-1.2611020693744521f,0f,0f,0f,1f],start_interpolation:0}
execute if entity @s[tag=aj.beast.bone.left_forearm] run data modify entity @s {} merge value {transformation:[1.0069118459585933f,-4.13233937753823f,0.43072590276789463f,9.313847200228501f,-3.4530845869331652f,-0.5859009247280275f,2.4512347790220876f,2.408808621231185f,-2.3104026423878756f,-0.9252655701201689f,-3.475852162390875f,-2.093178666785625f,0f,0f,0f,1f],start_interpolation:0}
execute if entity @s[tag=aj.beast.bone.left_bicep] run data modify entity @s {} merge value {transformation:[0.8479257650177628f,-3.489982842245793f,-0.2470661001615207f,5.298847493102147f,-2.9078607047858234f,-0.8443387162780379f,1.947161589020402f,0.4023438692752689f,-1.9456022251687373f,-0.25905963217748923f,-3.0178668109104025f,-1.67680460066891f,0f,0f,0f,1f],start_interpolation:0}
execute if entity @s[tag=aj.beast.bone.left_arm] run data modify entity @s {} merge value {transformation:[-0.7073794252098431f,-0.969307590701908f,0.007559325198390238f,3.95f,-0.9553885171030354f,0.6987610321189106f,0.19739757186900234f,0.5006536378007749f,-0.16385093889708252f,0.1103440736957699f,-1.1836287657972693f,-1.4618351861809495f,0f,0f,0f,1f],start_interpolation:0}
execute if entity @s[tag=aj.beast.bone.right_foot] run data modify entity @s {} merge value {transformation:[-2.039538092311525f,0.034549247200786656f,-0.026281543488233222f,-0.7401226182676672f,0.012386233727062823f,1.646915849352105f,1.2037918285014624f,-15.882001836559661f,0.04160470194970194f,1.2033596863243736f,-1.6467527179588872f,-2.7219191607684756f,0f,0f,0f,1f],start_interpolation:0}
execute if entity @s[tag=aj.beast.bone.right_knee] run data modify entity @s {} merge value {transformation:[-2.8229464980725334f,-0.38816607145441845f,-0.05291663246715588f,-1.2104042814276759f,-0.3902780419191476f,2.753107681618868f,0.624964913740716f,-12.625100847876968f,-0.03400175018696632f,0.6262788471462436f,-2.7801292571751763f,-0.5892558967035479f,0f,0f,0f,1f],start_interpolation:0}
execute if entity @s[tag=aj.beast.bone.right_thigh] run data modify entity @s {} merge value {transformation:[-3.7886913526762944f,-0.5146446710643398f,0.10762758336479478f,-1.4999999999999996f,-0.5237942141546454f,3.762426865605724f,-0.44767030523187845f,-9.27699625f,-0.045633927882507426f,-0.4581592992763141f,-3.7971874593062496f,-2.8747187500000004f,0f,0f,0f,1f],start_interpolation:0}
execute if entity @s[tag=aj.beast.bone.left_foot] run data modify entity @s {} merge value {transformation:[-2.0386681586442386f,0.004579444080092159f,-0.07356063908115314f,0.308469108128849f,0.0011346656733748502f,2.0377671826233357f,0.0954129024669216f,-16.93924559199835f,0.07369431093320587f,0.09530969580934529f,-2.036439346118811f,-2.7396899798169483f,0f,0f,0f,1f],start_interpolation:0}
execute if entity @s[tag=aj.beast.bone.left_knee] run data modify entity @s {} merge value {transformation:[-2.8067021046452205f,0.48418213978244945f,-0.10242534498735971f,0.9744666909057909f,0.49301403443519987f,2.7868927579136344f,-0.3356574410592825f,-13.188347646352621f,0.04313302250038366f,-0.3482763434461588f,-2.82831100322538f,-1.904071786567276f,0f,0f,0f,1f],start_interpolation:0}
execute if entity @s[tag=aj.beast.bone.left_thigh] run data modify entity @s {} merge value {transformation:[-3.76688966676069f,0.6567168505519667f,0.09944956838840982f,1.5000000000000004f,0.6616767304261892f,3.6603396239931834f,0.8914722325669762f,-9.27699625f,0.0578890565136728f,0.8951322892324614f,-3.718334579070233f,-2.8747187499999995f,0f,0f,0f,1f],start_interpolation:0}