execute if entity @s[tag=aj.beast.bone.right_thumb] run data modify entity @s {} merge value {transformation:[-0.5340718079252876f,0.8882047505159768f,-0.16840316250079107f,-15.859932277096952f,0.7401715509717471f,0.5419179109598224f,0.5108532596676092f,2.6786766676237224f,0.5190504591188554f,0.14112866095090357f,-0.9017590154507531f,-1.0871362799763198f,0f,0f,0f,1f],start_interpolation:0}
execute if entity @s[tag=aj.beast.bone.right_fingers_2] run data modify entity @s {} merge value {transformation:[0.11142584800336594f,0.9807452596859635f,-0.1603839642864676f,-17.991841338210993f,0.8734440897460012f,-0.019671910721465326f,0.4865269139691513f,2.4047963432487114f,0.4740039055582877f,-0.19429809966152217f,-0.8588181099530976f,-1.2371402456616365f,0f,0f,0f,1f],start_interpolation:0}
execute if entity @s[tag=aj.beast.bone.right_fingers] run data modify entity @s {} merge value {transformation:[0.06854028789705406f,0.9846721347406688f,-0.1603839642864676f,-17.120182383777067f,0.8734708412059029f,0.01844590867119711f,0.4865269139691513f,2.8115776096405396f,0.48202792294434677f,-0.17343741095434917f,-0.8588181099530976f,-1.1697031889566585f,0f,0f,0f,1f],start_interpolation:0}
execute if entity @s[tag=aj.beast.locator_origin.right_hand] at @s on origin run tp @s ^-16.53101 ^1.71714 ^-0.78229 ~-10.57812 ~29.11256
execute if entity @s[tag=aj.beast.bone.right_hand] run data modify entity @s {} merge value {transformation:[-0.10866189062653633f,1.0306953809856714f,-0.1684031625007909f,-15.649580579366395f,0.8998476459246794f,0.17833440837592351f,0.5108532596676086f,3.1238270419649243f,0.5300630223372298f,-0.09145419839466347f,-0.9017590154507521f,-1.1944458490549352f,0f,0f,0f,1f],start_interpolation:0}
execute if entity @s[tag=aj.beast.bone.right_forearm] run data modify entity @s {} merge value {transformation:[0.8842776623839338f,4.144934127758224f,-0.5596419322691863f,-9.392445576368214f,3.518656922971713f,-0.42799124594732757f,2.3898748820420903f,2.1808788725088752f,2.261134996905768f,-0.9549709785839757f,-3.500131991201234f,-2.0677527776169624f,0f,0f,0f,1f],start_interpolation:0}
execute if entity @s[tag=aj.beast.bone.right_bicep] run data modify entity @s {} merge value {transformation:[0.7446548735864706f,3.519279213832199f,0.14199624760021484f,-5.295456756987342f,2.9630795140814428f,-0.7044096971358839f,1.9193662422299238f,0.3448758271223419f,1.9041136816048574f,-0.2801442372592303f,-3.0423461824479547f,-1.6636906002230847f,0f,0f,0f,1f],start_interpolation:0}
execute if entity @s[tag=aj.beast.bone.right_arm] run data modify entity @s {} merge value {transformation:[-0.7444337574165236f,0.9408327797881473f,-0.02553549088669282f,-3.95f,0.9276506675864007f,0.7389634738830145f,0.18274907166180857f,0.5006536378007749f,0.15900509345685102f,0.09363046909449554f,-1.185727926428286f,-1.4618351861809504f,0f,0f,0f,1f],start_interpolation:0}
execute if entity @s[tag=aj.beast.bone.left_thumb] run data modify entity @s {} merge value {transformation:[-0.5340718079252875f,-0.8882047505159768f,0.16840316250079132f,15.859932277096954f,-0.7401715509717471f,0.5419179109598224f,0.5108532596676092f,2.6786766676237224f,-0.5190504591188556f,0.1411286609509034f,-0.901759015450753f,-1.0871362799763162f,0f,0f,0f,1f],start_interpolation:0}
execute if entity @s[tag=aj.beast.bone.left_fingers_2] run data modify entity @s {} merge value {transformation:[0.11142584800336605f,-0.9807452596859635f,0.1603839642864678f,17.991841338210996f,-0.8734440897460012f,-0.019671910721465326f,0.4865269139691513f,2.4047963432487114f,-0.47400390555828775f,-0.19429809966152245f,-0.8588181099530975f,-1.2371402456616325f,0f,0f,0f,1f],start_interpolation:0}
execute if entity @s[tag=aj.beast.bone.left_fingers] run data modify entity @s {} merge value {transformation:[0.06854028789705417f,-0.9846721347406688f,0.1603839642864678f,17.12018238377707f,-0.8734708412059029f,0.01844590867119711f,0.4865269139691513f,2.8115776096405396f,-0.4820279229443468f,-0.17343741095434945f,-0.8588181099530975f,-1.1697031889566547f,0f,0f,0f,1f],start_interpolation:0}
execute if entity @s[tag=aj.beast.bone.left_hand] run data modify entity @s {} merge value {transformation:[-0.10866189062653622f,-1.0306953809856714f,0.16840316250079113f,15.649580579366397f,-0.8998476459246794f,0.17833440837592351f,0.5108532596676086f,3.1238270419649243f,-0.5300630223372299f,-0.09145419839466372f,-0.901759015450752f,-1.1944458490549317f,0f,0f,0f,1f],start_interpolation:0}
execute if entity @s[tag=aj.beast.bone.left_forearm] run data modify entity @s {} merge value {transformation:[0.8842776623839342f,-4.144934127758223f,0.5596419322691872f,9.392445576368216f,-3.518656922971713f,-0.42799124594732757f,2.3898748820420903f,2.1808788725088752f,-2.261134996905768f,-0.9549709785839767f,-3.5001319912012336f,-2.06775277761696f,0f,0f,0f,1f],start_interpolation:0}
execute if entity @s[tag=aj.beast.bone.left_bicep] run data modify entity @s {} merge value {transformation:[0.744654873586471f,-3.519279213832199f,-0.14199624760021404f,5.295456756987342f,-2.9630795140814428f,-0.7044096971358839f,1.9193662422299238f,0.3448758271223419f,-1.9041136816048574f,-0.2801442372592312f,-3.0423461824479547f,-1.6636906002230836f,0f,0f,0f,1f],start_interpolation:0}
execute if entity @s[tag=aj.beast.bone.left_arm] run data modify entity @s {} merge value {transformation:[-0.7444337574165236f,-0.9408327797881473f,0.025535490886693112f,3.95f,-0.9276506675864007f,0.7389634738830145f,0.18274907166180857f,0.5006536378007749f,-0.1590050934568512f,0.09363046909449531f,-1.185727926428286f,-1.4618351861809495f,0f,0f,0f,1f],start_interpolation:0}
execute if entity @s[tag=aj.beast.bone.right_foot] run data modify entity @s {} merge value {transformation:[-2.039813891148537f,0.02441299017828164f,-0.012778708386218697f,-0.7024265361282895f,0.016054719044122336f,1.8218313782881332f,0.917754147406142f,-16.15426131940166f,0.022394987695446268f,0.9175698529241877f,-1.8218573021866467f,-2.7265402525667195f,0f,0f,0f,1f],start_interpolation:0}
execute if entity @s[tag=aj.beast.bone.right_knee] run data modify entity @s {} merge value {transformation:[-2.8229464980725334f,-0.39079589145093835f,-0.027416058160998815f,-1.1882487748201194f,-0.3902780419191476f,2.7880877277578207f,0.4435649584017992f,-12.765806185227222f,-0.03400175018696633f,0.4431087829769348f,-2.8151373834029707f,-0.8136445296486423f,0f,0f,0f,1f],start_interpolation:0}
execute if entity @s[tag=aj.beast.bone.right_thigh] run data modify entity @s {} merge value {transformation:[-3.7886913526762944f,-0.5205819580622831f,0.07373777251794168f,-1.4999999999999996f,-0.5237942141546454f,3.7836502597029f,-0.200637318234406f,-9.27699625f,-0.04563392788250743f,-0.20883040293553073f,-3.8190224413370233f,-2.8747187500000004f,0f,0f,0f,1f],start_interpolation:0}
execute if entity @s[tag=aj.beast.bone.left_foot] run data modify entity @s {} merge value {transformation:[-2.038903714013308f,0.0034979274288009813f,-0.066778810160423f,0.30199367150165213f,0.000390778432360435f,2.037795599171296f,0.09481003791959354f,-16.956221721076915f,0.0668692176936128f,0.09474629545159416f,-2.0367011678749645f,-2.9670135281226315f,0f,0f,0f,1f],start_interpolation:0}
execute if entity @s[tag=aj.beast.bone.left_knee] run data modify entity @s {} merge value {transformation:[-2.8067021046452205f,0.48607726307835586f,-0.09301714948516629f,0.9661627399752433f,0.4930140344351997f,2.7928775845195513f,-0.28155276545998514f,-13.222181904770475f,0.04313302250038366f,-0.2933661401840585f,-2.8345327392999873f,-2.0576884803399293f,0f,0f,0f,1f],start_interpolation:0}
execute if entity @s[tag=aj.beast.bone.left_thigh] run data modify entity @s {} merge value {transformation:[-3.76688966676069f,0.6523667743534882f,0.12483921728030783f,1.5000000000000004f,0.661676730426189f,3.623019707962364f,1.0327328309532984f,-9.27699625f,0.05788905651367279f,1.0386389109964684f,-3.6808291280226557f,-2.8747187499999995f,0f,0f,0f,1f],start_interpolation:0}