# This file was generated by Animated Java via MC-Build. It is not recommended to edit this file directly.
$data merge entity $(bone_neck) { transformation: [-1.0470974912568731f,-0.05600350214959702f,0.02806489460250075f,-0.27510808025163597f,-0.050672073817485896f,1.0335503249013067f,0.17188151032017818f,4.523834905603687f,-0.03682894917187641f,0.17021903654377316f,-1.0344110860095765f,0.23701155972848564f,0f,0f,0f,1f], start_interpolation: 0, interpolation_duration: 1 }
$data merge entity $(bone_right_thumb_2) { transformation: [-0.9915266127502845f,-0.12499610121303462f,0.035368784110971385f,-2.2440493411047293f,-0.09203379549458574f,0.8680847322614296f,0.48781008405060905f,1.6576676744690086f,-0.09167746012411368f,0.4804215568603704f,-0.8722329797760738f,-4.795435882781813f,0f,0f,0f,1f], start_interpolation: 0, interpolation_duration: 1 }
$data merge entity $(bone_right_thumb) { transformation: [-0.9915266127502845f,-0.12499610121303462f,0.035368784110971385f,-2.4262025966351843f,-0.09203379549458574f,0.8680847322614296f,0.48781008405060905f,1.892903713758829f,-0.09167746012411368f,0.4804215568603704f,-0.8722329797760738f,-4.671262668240512f,0f,0f,0f,1f], start_interpolation: 0, interpolation_duration: 1 }
$data merge entity $(bone_right_fingers2) { transformation: [0.8682172064157745f,0.4949221470030421f,0.035368784110971385f,-2.064216888314226f,0.41722978488231116f,-0.7667859078684205f,0.48781008405060905f,1.4389647764991058f,0.268548299362795f,-0.4087681982496941f,-0.8722329797760738f,-5.104059014540744f,0f,0f,0f,1f], start_interpolation: 0, interpolation_duration: 1 }
$data merge entity $(bone_right_fingers) { transformation: [0.21093769169888515f,-0.9768594265969174f,0.035368784110971385f,-2.534834357845148f,-0.856760133969012f,-0.16734214872511333f,0.48781008405060905f,1.4038575874501287f,-0.4706031906629471f,-0.13320009733031143f,-0.8722329797760738f,-5.152091833169328f,0f,0f,0f,1f], start_interpolation: 0, interpolation_duration: 1 }
$data merge entity $(bone_right_hand) { transformation: [-0.9915266127502845f,-0.12499610121303462f,0.035368784110971385f,-2.6839013134116327f,-0.09203379549458574f,0.8680847322614296f,0.48781008405060905f,2.024434964918721f,-0.09167746012411368f,0.4804215568603704f,-0.8722329797760738f,-4.84460336172652f,0f,0f,0f,1f], start_interpolation: 0, interpolation_duration: 1 }
$data merge entity $(bone_right_forearm) { transformation: [-1.48007394349185f,0.269373991335696f,0.05324166231178178f,-2.253271489135808f,0.26081923629197323f,1.2879328700954893f,0.7343147473154998f,3.8717035281496464f,0.0858507297226828f,0.7312198540362744f,-1.3129977445855006f,-3.7877904370226982f,0f,0f,0f,1f], start_interpolation: 0, interpolation_duration: 1 }
$data merge entity $(bone_right_bicep) { transformation: [-1.539467948688078f,0.045963753026200815f,0.34760599306443546f,-2.0721888575461445f,0.33404885559569f,-0.28341389430935315f,1.5169021341642512f,3.4947209913395376f,0.1065549392650364f,1.5525682129827973f,0.2666123534236008f,-1.5255383621616534f,0f,0f,0f,1f], start_interpolation: 0, interpolation_duration: 1 }
$data merge entity $(bone_right_shoulder) { transformation: [-0.9750297351867203f,0.029111373172475752f,0.22015799657002508f,-1.774790206868905f,0.2115715156580284f,-0.17950160933988774f,0.9607375635450893f,3.3253077634168653f,0.06748710442654121f,0.9833268531858584f,0.16886026927527348f,-1.3195280267505545f,0f,0f,0f,1f], start_interpolation: 0, interpolation_duration: 1 }
$data merge entity $(bone_right_arm) { transformation: [-1.3830826460919732f,-0.11018820434643212f,0.46312751516585265f,-1.4363162188015175f,0.15773346552434384f,1.2365471399283896f,0.7652564708580796f,3.4405111988435864f,-0.44916443485038837f,0.7735346611234633f,-1.1573424644882357f,-1.1182171921339208f,0f,0f,0f,1f], start_interpolation: 0, interpolation_duration: 1 }
$data merge entity $(bone_left_thumb_2) { transformation: [-0.34876591096955617f,0.9063022349505439f,0.2387019025253569f,-0.46813128039594853f,-0.48078378406211186f,0.04561260558986176f,-0.8756520103295714f,1.3893223900415508f,-0.8044931897340659f,-0.42016157503388274f,0.4198272960832288f,2.934219175945511f,0f,0f,0f,1f], start_interpolation: 0, interpolation_duration: 1 }
$data merge entity $(bone_left_thumb) { transformation: [-0.34876591096955617f,0.9063022349505439f,0.2387019025253569f,-0.1568894384011471f,-0.48078378406211186f,0.04561260558986176f,-0.8756520103295714f,1.473348542078712f,-0.8044931897340659f,-0.42016157503388274f,0.4198272960832288f,2.93251287698701f,0f,0f,0f,1f], start_interpolation: 0, interpolation_duration: 1 }
$data merge entity $(bone_left_fingers2) { transformation: [-0.024609163248599575f,-0.97078102104181f,0.2387019025253569f,-0.799935454415683f,0.4267311091920681f,-0.22612854143934838f,-0.8756520103295714f,1.1625589268247791f,0.9040436657219113f,0.08031246435973771f,0.4198272960832288f,3.0521311260048276f,0f,0f,0f,1f], start_interpolation: 0, interpolation_duration: 1 }
$data merge entity $(bone_left_fingers) { transformation: [0.9332504333420466f,0.2684493069420322f,0.2387019025253569f,-0.6278095407361819f,0.08734210365573336f,0.47497885609232215f,-0.8756520103295714f,1.3837033791593036f,-0.3484465319039257f,0.8380513444100972f,0.4198272960832288f,3.434868986762913f,0f,0f,0f,1f], start_interpolation: 0, interpolation_duration: 1 }
$data merge entity $(bone_left_hand) { transformation: [-0.34876591096955617f,0.9063022349505439f,0.2387019025253569f,0.039977442583758904f,-0.48078378406211186f,0.04561260558986176f,-0.8756520103295714f,1.420299652692168f,-0.8044931897340659f,-0.42016157503388274f,0.4198272960832288f,3.2011861752216024f,0f,0f,0f,1f], start_interpolation: 0, interpolation_duration: 1 }
$data merge entity $(bone_left_forearm) { transformation: [-0.9109564170521449f,1.143267202630302f,0.35932493601024346f,1.6613714682106997f,-0.7108881155768714f,-0.15214807021800955f,-1.3181445109994054f,1.185304676149864f,-0.9647861905004887f,-0.967371163585199f,0.6319782737568869f,1.7762105534163486f,0f,0f,0f,1f], start_interpolation: 0, interpolation_duration: 1 }
$data merge entity $(bone_left_bicep) { transformation: [-1.2283274801362978f,0.1880917423232509f,0.9740314451065024f,1.7858234208981523f,-0.5635518136049572f,1.143511831595189f,-0.931501048001999f,2.852096399163313f,-0.8164098927432353f,-1.0723368619589944f,-0.8224796043424781f,0.07621969333897582f,0f,0f,0f,1f], start_interpolation: 0, interpolation_duration: 1 }
$data merge entity $(bone_left_shoulder) { transformation: [-0.7779673611915716f,0.11912884699193374f,0.6169076938529745f,1.6205753032897372f,-0.35692836349824597f,0.7242489454186408f,-0.5899708538482644f,2.938083782151222f,-0.517077294271453f,-0.679169921944692f,-0.5209215765108546f,-0.21686258966322425f,0f,0f,0f,1f], start_interpolation: 0, interpolation_duration: 1 }
$data merge entity $(bone_left_arm) { transformation: [-1.3830826460919732f,-0.11018820434643212f,0.46312751516585265f,1.2651038068775602f,0.15773346552434384f,1.2365471399283896f,0.7652564708580796f,3.0801290857962416f,-0.44916443485038837f,0.7735346611234633f,-1.1573424644882357f,-0.27549584573252384f,0f,0f,0f,1f], start_interpolation: 0, interpolation_duration: 1 }
$data merge entity $(bone_chest) { transformation: [-1.9530094975882646f,-0.155593456557959f,0.653968465491986f,-0.2366133118789145f,0.2227306930117243f,1.746091106933863f,1.0805956967934658f,3.8234860161623483f,-0.6342516188171011f,1.0922850808348459f,-1.6342485617142404f,-0.0341027711311398f,0f,0f,0f,1f], start_interpolation: 0, interpolation_duration: 1 }
$data merge entity $(bone_weist) { transformation: [-2.082872042886226f,-0.12221101297580751f,0.10849692460233608f,0.021845364494123484f,-0.06631757604312462f,1.8998134896945502f,0.866818172894499f,0.6759572329926824f,-0.14936228924498443f,0.8607184406412008f,-1.8978718960639716f,-1.8543982050788765f,0f,0f,0f,1f], start_interpolation: 0, interpolation_duration: 1 }
$data merge entity $(bone_right_foot) { transformation: [-1.1259862354039607f,0.04840751286267f,0.11442404808110711f,-1.0946660990372743f,0.03843927623066715f,1.127841698885016f,-0.09887707873427533f,-6.454146028643034f,-0.11814640123033598f,-0.09439792028753634f,-1.1226805480285604f,-0.5808991693396213f,0f,0f,0f,1f], start_interpolation: 0, interpolation_duration: 1 }
$data merge entity $(bone_right_knee) { transformation: [-3.1015230984227826f,0.08711682435889602f,0.3309508257148513f,-1.029558091937199f,0.1058807819913503f,3.1137683778667262f,0.17262406894721966f,-2.4904584168352586f,-0.3254336339910501f,0.18281265844742672f,-3.0979405743100594f,-0.24015370535296698f,0f,0f,0f,1f], start_interpolation: 0, interpolation_duration: 1 }
$data merge entity $(bone_right_thigh) { transformation: [-2.368352809269458f,0.24833918010927028f,0.08135717849438308f,-0.6068255581455109f,0.08085158147117526f,1.4017336889043064f,-1.925095336654468f,-0.7456924335854871f,-0.24850424673136154f,-1.9107215090268455f,-1.4017044347304812f,-2.941999293176152f,0f,0f,0f,1f], start_interpolation: 0, interpolation_duration: 1 }
$data merge entity $(bone_right_leg) { transformation: [-1.1256036579778277f,-0.0665020146935182f,0.14532838183374644f,-0.5737735807077203f,0f,1.0337973766048498f,0.4730638809956946f,-0.8518725630955188f,-0.15982132687696005f,0.4683662216091291f,-1.0235314735310557f,-2.983604618973274f,0f,0f,0f,1f], start_interpolation: 0, interpolation_duration: 1 }
$data merge entity $(bone_left_foot) { transformation: [-1.130560490239019f,-0.06366555659237412f,-0.032570342557188f,1.3811594311044686f,-0.06502779746796725f,0.7005312905877445f,0.8878673599496348f,-5.583885419627935f,-0.029757618637491764f,0.8879660805522094f,-0.7027886427097221f,-7.603862214500902f,0f,0f,0f,1f], start_interpolation: 0, interpolation_duration: 1 }
$data merge entity $(bone_left_knee) { transformation: [-3.1141228590441155f,-0.17310139745838948f,-0.09401087785269274f,1.198082776621251f,-0.17911872236528897f,1.8687312182052749f,2.4924532969708846f,-3.289637191886352f,-0.08196720231231376f,2.492878428740712f,-1.8749404890401484f,-4.35823838911659f,0f,0f,0f,1f], start_interpolation: 0, interpolation_duration: 1 }
$data merge entity $(bone_left_thigh) { transformation: [-2.3779741074241714f,-0.14765755148548415f,-0.028683792531167474f,0.9161071632208977f,-0.13677677574683064f,1.9335713033707795f,1.385633608296858f,-0.5543449671882188f,-0.06259094248340302f,1.384516388604621f,-1.9381906798993496f,-2.6373238326017905f,0f,0f,0f,1f], start_interpolation: 0, interpolation_duration: 1 }
$data merge entity $(bone_left_leg) { transformation: [-1.1256036579778277f,-0.0665020146935182f,0.14532838183374644f,0.9082518742664462f,0f,1.0337973766048498f,0.4730638809956946f,-0.8518725630955188f,-0.15982132687696005f,0.4683662216091291f,-1.0235314735310557f,-2.7731759543179684f,0f,0f,0f,1f], start_interpolation: 0, interpolation_duration: 1 }
data modify entity @s data merge value {"locators":{"consume":{"posx":-2.340743814868361,"posy":1.3972002718282441,"posz":-5.155058654237249,"roty":2.322054425310455,"rotx":29.196746103326404}},"cameras":{}}