# This file was generated by Animated Java via MC-Build. It is not recommended to edit this file directly.
$data merge entity $(bone_neck) { transformation: [-1.0486191619049827f,0.0254752839016485f,-0.009276311461394099f,0.06290177960356651f,0.0245033466672231f,1.044135673464309f,0.09755751206261155f,4.638135856404011f,0.011602846474217846f,0.09730823227184385f,-1.0443819553421685f,-0.04497558081309072f,0f,0f,0f,1f], start_interpolation: 0, interpolation_duration: 1 }
$data merge entity $(bone_right_thumb_2) { transformation: [-0.6351511538498531f,-0.5434929059918026f,-0.548815518093089f,-1.5768896070891516f,0.15068373857410786f,0.6097013843866209f,-0.7781764792168725f,-0.43887129914766654f,0.7575469772182648f,-0.5769572627271654f,-0.3053569948336643f,1.7544849672788125f,0f,0f,0f,1f], start_interpolation: 0, interpolation_duration: 1 }
$data merge entity $(bone_right_thumb) { transformation: [-0.6351511538498531f,-0.5434929059918026f,-0.548815518093089f,-1.826403524835784f,0.15068373857410786f,0.6097013843866209f,-0.7781764792168725f,-0.2418760123929127f,0.7575469772182648f,-0.5769572627271654f,-0.3053569948336643f,1.7009083703566106f,0f,0f,0f,1f], start_interpolation: 0, interpolation_duration: 1 }
$data merge entity $(bone_right_fingers2) { transformation: [0.37881742036178656f,0.7451837955368164f,-0.548815518093089f,-1.391084607193173f,0.09410899654391938f,-0.6209548002577392f,-0.7781764792168725f,-0.8097093204294997f,-0.9206741327961475f,0.24313832874768118f,-0.3053569948336643f,1.8125760173571428f,0f,0f,0f,1f], start_interpolation: 0, interpolation_duration: 1 }
$data merge entity $(bone_right_fingers) { transformation: [0.5967818219703254f,-0.5853656840522794f,-0.548815518093089f,-1.6996392822700366f,-0.6205142397005695f,0.09697136444567739f,-0.7781764792168725f,-0.741352925341327f,0.5087371966886272f,0.8049494210269057f,-0.3053569948336643f,2.1663300063873394f,0f,0f,0f,1f], start_interpolation: 0, interpolation_duration: 1 }
$data merge entity $(bone_right_hand) { transformation: [-0.6351511538498531f,-0.5434929059918026f,-0.548815518093089f,-2.138589966200582f,0.15068373857410786f,0.6097013843866209f,-0.7781764792168725f,-0.3248143175446987f,0.7575469772182648f,-0.5769572627271654f,-0.3053569948336643f,1.7979493825352646f,0f,0f,0f,1f], start_interpolation: 0, interpolation_duration: 1 }
$data merge entity $(bone_right_forearm) { transformation: [-1.157877955610908f,-0.49276161708863014f,-0.8261480065048045f,-2.813109686948453f,0.49231847286901415f,0.8071139516556992f,-1.171411750979135f,0.8293077600111491f,0.8264121618173261f,-1.171225408614533f,-0.45966279056879744f,0.0868906095825317f,0f,0f,0f,1f], start_interpolation: 0, interpolation_duration: 1 }
$data merge entity $(bone_right_bicep) { transformation: [-1.3358634125449114f,0.4096179612628401f,-0.7352456915067118f,-2.1571706539078175f,0.5237370751686825f,1.4842719328997f,-0.12466139476352206f,2.9500026690291827f,0.6588418453332044f,-0.3493624379659428f,-1.391681525285464f,-0.5173347544456904f,0f,0f,0f,1f], start_interpolation: 0, interpolation_duration: 1 }
$data merge entity $(bone_right_shoulder) { transformation: [-0.8460757825385574f,0.2594335871936716f,-0.465671540935874f,-1.8014742273388291f,0.3317114995114822f,0.9400710621572705f,-0.07895491869633714f,3.078634097538081f,0.41728078232002447f,-0.22127044974493282f,-0.8814284637882213f,-0.6458690504208422f,0f,0f,0f,1f], start_interpolation: 0, interpolation_duration: 1 }
$data merge entity $(bone_right_arm) { transformation: [-1.4374714718059685f,0.051392459603654135f,-0.2656703303747572f,-1.4336254574101932f,-0.08072097439810279f,1.2892682428639701f,0.6861615435422144f,3.2600515815609805f,0.2582751123081097f,0.6889792120520766f,-1.264178687260585f,-0.6341428737550847f,0f,0f,0f,1f], start_interpolation: 0, interpolation_duration: 1 }
$data merge entity $(bone_left_thumb_2) { transformation: [-0.9359000363864551f,0.22488189225636102f,0.27114434610928284f,2.5466920035210023f,0.07628845462362224f,0.8808390909232653f,-0.4672286031404919f,0.09476385947138338f,-0.343905791726414f,-0.41659408353536925f,-0.8415332292787698f,-2.118154258061953f,0f,0f,0f,1f], start_interpolation: 0, interpolation_duration: 1 }
$data merge entity $(bone_left_thumb) { transformation: [-0.9359000363864551f,0.22488189225636102f,0.27114434610928284f,2.7492662369408545f,0.07628845462362224f,0.8808390909232653f,-0.4672286031404919f,0.33597930300220574f,-0.343905791726414f,-0.41659408353536925f,-0.8415332292787698f,-2.186809772386826f,0f,0f,0f,1f], start_interpolation: 0, interpolation_duration: 1 }
$data merge entity $(bone_left_fingers2) { transformation: [0.778600313688594f,-0.5659172157630414f,0.27114434610928284f,2.3898255957448207f,-0.4075638684695413f,-0.784594879874657f,-0.4672286031404919f,-0.2918571768476295f,0.4771511758784274f,0.2532756983555271f,-0.8415332292787698f,-2.1547057354709733f,0f,0f,0f,1f], start_interpolation: 0, interpolation_duration: 1 }
$data merge entity $(bone_left_fingers) { transformation: [0.305595211571448f,0.9127389058419563f,0.27114434610928284f,2.837078515030454f,0.870838255323917f,-0.15276833923225455f,-0.4672286031404919f,-0.32718934387195764f,-0.3850354525611875f,0.3789056931357029f,-0.8415332292787698f,-2.0006377855921635f,0f,0f,0f,1f], start_interpolation: 0, interpolation_duration: 1 }
$data merge entity $(bone_left_hand) { transformation: [-0.9359000363864551f,0.22488189225636102f,0.27114434610928284f,3.062060855752679f,0.07628845462362224f,0.8808390909232653f,-0.4672286031404919f,0.27542995943390514f,-0.343905791726414f,-0.41659408353536925f,-0.8415332292787698f,-2.297486771415252f,0f,0f,0f,1f], start_interpolation: 0, interpolation_duration: 1 }
$data merge entity $(bone_left_forearm) { transformation: [-1.4454276304029667f,-0.10079216866365276f,0.40816149257506507f,2.87387410497979f,-0.28919756340601377f,1.2991164613528325f,-0.7033328438083076f,2.1432103527307076f,-0.30515509926109985f,-0.7537594169199708f,-1.2667845147525199f,-3.3886691105903823f,0f,0f,0f,1f], start_interpolation: 0, interpolation_duration: 1 }
$data merge entity $(bone_left_bicep) { transformation: [-1.4956265059529554f,-0.44385659460226556f,-0.24289264328809773f,2.0316013660358005f,-0.44014821546402716f,0.7675104450446657f,1.3077084626229254f,3.2288625417671386f,-0.24954971680855756f,1.3064544378660372f,-0.850767828884796f,-1.4404422710122333f,0f,0f,0f,1f], start_interpolation: 0, interpolation_duration: 1 }
$data merge entity $(bone_left_shoulder) { transformation: [-0.9472625378659454f,-0.28111879709137977f,-0.15383727206910605f,1.7274118236849088f,-0.2787700765920606f,0.48610658417583563f,0.8282437040012787f,3.2767981141224456f,-0.15805356292290648f,0.8274494611411605f,-0.5388380651963798f,-1.2799153317050267f,0f,0f,0f,1f], start_interpolation: 0, interpolation_duration: 1 }
$data merge entity $(bone_left_arm) { transformation: [-1.4374714718059685f,0.051392459603654135f,-0.2656703303747572f,1.3669368836367894f,-0.08072097439810279f,1.2892682428639701f,0.6861615435422144f,3.3623513182600386f,0.2582751123081097f,0.6889792120520766f,-1.264178687260585f,-1.1671625994742627f,0f,0f,0f,1f], start_interpolation: 0, interpolation_duration: 1 }
$data merge entity $(bone_chest) { transformation: [-2.029810326144855f,0.07256974989452891f,-0.37514510063110823f,0.04651079849225191f,-0.11398366547329987f,1.820536994204196f,0.9689081236065589f,3.919578827404557f,0.36470253513315426f,0.9728868687497831f,-1.7851087856859744f,-0.2660649888473431f,0f,0f,0f,1f], start_interpolation: 0, interpolation_duration: 1 }
$data merge entity $(bone_weist) { transformation: [-2.087345696173313f,0.053793119757955525f,-0.07181438791238551f,-0.07197623366968904f,0.025455670999177494f,1.9584923586443674f,0.7271332417950521f,0.6456057322266029f,0.08604077439508524f,0.7255873777679063f,-1.9573407990800082f,-1.8642748594167053f,0f,0f,0f,1f], start_interpolation: 0, interpolation_duration: 1 }
$data merge entity $(bone_right_foot) { transformation: [-1.1315469339529125f,0.02904904968336375f,0.0451535311382946f,-1.1148820282142105f,0.04411694705657975f,1.046028680998809f,0.432618591729827f,-6.881776454014816f,-0.030600386340214985f,0.4338908890958479f,-1.0459844478363167f,-5.505349780664068f,0f,0f,0f,1f], start_interpolation: 0, interpolation_duration: 1 }
$data merge entity $(bone_right_knee) { transformation: [-3.116840013009001f,0.046002390787023124f,0.1405540235130418f,-1.0955045637802905f,0.12151989609250226f,2.486818953127394f,1.880831658973714f,-3.7783863308430234f,-0.08428860146837275f,1.8841917616277877f,-2.485815793105808f,-3.015418001460806f,0f,0f,0f,1f], start_interpolation: 0, interpolation_duration: 1 }
$data merge entity $(bone_right_thigh) { transformation: [-2.380048952273538f,0.07878582850606806f,0.0809082570118137f,-0.9027707618827443f,0.0927937591176304f,2.33729112603423f,0.45370241180194676f,-0.5691066855388835f,-0.06436358516192567f,0.4563434599429432f,-2.3377327356900426f,-2.5838411812842104f,0f,0f,0f,1f], start_interpolation: 0, interpolation_duration: 1 }
$data merge entity $(bone_right_leg) { transformation: [-1.1337817748375187f,0.02927191873666822f,-0.07879399214113952f,-0.886344093505437f,0f,1.0657279114239355f,0.39591725169504066f,-0.9540089883291847f,0.08405556747809191f,0.394833667464197f,-1.062811125266614f,-2.7257681406013536f,0f,0f,0f,1f], start_interpolation: 0, interpolation_duration: 1 }
$data merge entity $(bone_left_foot) { transformation: [-1.1311238572027997f,-0.0032541731706268087f,-0.0618820040370068f,0.80254550874566f,-0.01779500502308473f,1.1006667877728578f,0.2673894397503537f,-6.190860122355506f,0.05935747520648887f,0.2679611633254999f,-1.099069905641291f,-2.0884700337346866f,0f,0f,0f,1f], start_interpolation: 0, interpolation_duration: 1 }
$data merge entity $(bone_left_knee) { transformation: [-3.115674650350363f,0.031832636309153464f,-0.16769459325669603f,0.8833369090331535f,-0.049016246718012586f,2.7696216413942083f,1.4364388922805955f,-2.711845772411364f,0.16349984984579793f,1.4369223942037492f,-2.764974710971864f,-0.15945528253738894f,0f,0f,0f,1f], start_interpolation: 0, interpolation_duration: 1 }
$data merge entity $(bone_left_thigh) { transformation: [-2.3791590701611636f,-0.12088990673339585f,-0.04872491523135179f,0.6360542846117122f,-0.037429276497564716f,1.4868970859076813f,-1.8614839438535475f,-0.8447510841391432f,0.12485005476642937f,-1.8579313912019677f,-1.4865698024161476f,-2.8006083338685674f,0f,0f,0f,1f], start_interpolation: 0, interpolation_duration: 1 }
$data merge entity $(bone_left_leg) { transformation: [-1.1337817748375187f,0.02927191873666822f,-0.07879399214113952f,0.6064490746632567f,0f,1.0657279114239355f,0.39591725169504066f,-0.9540089883291847f,0.08405556747809191f,0.394833667464197f,-1.062811125266614f,-2.8364398586185358f,0f,0f,0f,1f], start_interpolation: 0, interpolation_duration: 1 }
data modify entity @s data merge value {"locators":{"consume":{"posx":-1.564273329302352,"posy":-0.7942309297705219,"posz":2.0374725806164546,"roty":299.0912471936357,"rotx":-51.09391744668506}},"cameras":{}}