# This file was generated by Animated Java via MC-Build. It is not recommended to edit this file directly.
$data merge entity $(bone_neck) { transformation: [-1f,-1.8777605351422403e-17f,1.2101652516860997e-16f,-5.1550616068712844e-17f,0f,0.9881749191102805f,0.15333078373696077f,4.73855982949899f,-1.2246467991473532e-16f,0.15333078373696077f,-0.9881749191102805f,0.4209427249114144f,0f,0f,0f,1f], start_interpolation: 0, interpolation_duration: 1 }
$data merge entity $(bone_right_thumb_2) { transformation: [-0.7058768845826751f,-0.06002666200181522f,-0.7057865283928114f,-3.8077072050730103f,0.5888418273896485f,0.5040902878941005f,-0.6317897466461941f,0.1876648084170243f,0.39370436386745367f,-0.8615624071997121f,-0.32047947262182175f,1.7007502779917807f,0f,0f,0f,1f], start_interpolation: 0, interpolation_duration: 1 }
$data merge entity $(bone_right_thumb) { transformation: [-0.7058768845826751f,-0.5745136906698372f,-0.4143330098420589f,-4.076550009675986f,0.5888418273896485f,-0.15081941774969632f,-0.7940521428382785f,0.23133469596101275f,0.39370436386745367f,-0.8044796594461324f,0.4447576322101267f,1.5282646924325045f,0f,0f,0f,1f], start_interpolation: 0, interpolation_duration: 1 }
$data merge entity $(bone_right_fingers2) { transformation: [-0.683942206926322f,-0.6298581324749913f,-0.3681056784944622f,-4.5173444862883585f,-0.08392441839222806f,0.5691543541865203f,-0.8179364358604224f,-0.22526219496431943f,0.7246928656902027f,-0.5285281960933028f,-0.4421291625216329f,2.358022067824983f,0f,0f,0f,1f], start_interpolation: 0, interpolation_duration: 1 }
$data merge entity $(bone_right_fingers) { transformation: [-0.9040079431183239f,-0.2174117021669001f,-0.3681056784944622f,-4.580837633293913f,0.20365690298450823f,0.5380556223651114f,-0.8179364358604224f,0.012566331997292068f,0.37589028272321157f,-0.8143882974369064f,-0.4421291625216329f,1.9525264685114807f,0f,0f,0f,1f], start_interpolation: 0, interpolation_duration: 1 }
$data merge entity $(bone_right_hand) { transformation: [-0.8235465541258047f,0.43158925223833433f,-0.3681056784944622f,-4.338775480203774f,0.5075515364121918f,0.27087160201389215f,-0.8179364358604224f,0.21134727200082293f,-0.2533031998872821f,-0.8604413359287097f,-0.4421291625216329f,1.3170908300156774f,0f,0f,0f,1f], start_interpolation: 0, interpolation_duration: 1 }
$data merge entity $(bone_right_forearm) { transformation: [-1.0188361351847692f,0.30166312355991926f,-1.0662964829460875f,-3.870730670283729f,1.0163659553207816f,0.8315714170993006f,-0.7358703167988879f,1.3841731171544962f,0.44157567247754687f,-1.2179918875611992f,-0.7665002200446315f,-0.44929257709745707f,0f,0f,0f,1f], start_interpolation: 0, interpolation_duration: 1 }
$data merge entity $(bone_right_bicep) { transformation: [-1.0686257977478886f,1.1152207581159788f,-0.3274533907281373f,-2.1901836739814984f,1.0660349022774842f,1.1176701022968512f,0.3275473822249612f,2.952916100533052f,0.46315510313324537f,0.0006009520878006843f,-1.5094340486893305f,-0.5358861568619335f,0f,0f,0f,1f], start_interpolation: 0, interpolation_duration: 1 }
$data merge entity $(bone_right_shoulder) { transformation: [-0.6768195008410249f,0.7063306523446669f,-0.20739424495309203f,-1.795433125f,0.6751785442192533f,0.7078819567483033f,0.2074537749383289f,2.9004084200853937f,0.2933416041192853f,0.0003806160144662618f,-0.9560076142082623f,-0.567540620825613f,0f,0f,0f,1f], start_interpolation: 0, interpolation_duration: 1 }
$data merge entity $(bone_right_arm) { transformation: [-1.46271875f,-5.85559050095346e-17f,1.6929045617443445e-16f,-1.4259925f,0f,1.38236147999816f,0.4781452501268406f,3.0716291669982914f,-1.7913138352403177e-16f,0.4781452501268406f,-1.38236147999816f,-0.5169480848879371f,0f,0f,0f,1f], start_interpolation: 0, interpolation_duration: 1 }
$data merge entity $(bone_left_thumb_2) { transformation: [-0.7296492349675674f,0.034783774272109214f,0.68293636816224f,3.9233920341734225f,-0.5891268464913599f,0.47508899227362417f,-0.6536206913520854f,0.3067429540436735f,-0.3471909455247785f,-0.8792499863337044f,-0.32615626450796725f,1.738468436477856f,0f,0f,0f,1f], start_interpolation: 0, interpolation_duration: 1 }
$data merge entity $(bone_left_thumb) { transformation: [-0.7296492349675674f,0.5407323189945683f,0.41859354164392004f,4.186060360763319f,-0.5891268464913599f,-0.18627648527787322f,-0.786276433435257f,0.3402918886936039f,-0.3471909455247785f,-0.8203106912793949f,0.45447642086067774f,1.5545809461993083f,0f,0f,0f,1f], start_interpolation: 0, interpolation_duration: 1 }
$data merge entity $(bone_left_fingers2) { transformation: [-0.7098844310058655f,0.6179447806156594f,0.3379472484358219f,4.651189735115701f,0.07220131143686295f,0.5411416216942901f,-0.837826184776336f,-0.096843522516256f,-0.7006076400113517f,-0.5703595299282187f,-0.42876443576605755f,2.381530213575377f,0f,0f,0f,1f], start_interpolation: 0, interpolation_duration: 1 }
$data merge entity $(bone_left_fingers) { transformation: [-0.920873614734142f,0.1943796361791324f,0.3379472484358219f,4.7027809697133565f,-0.2002661113552612f,0.5078786949122509f,-0.837826184776336f,0.12673786110193586f,-0.33449255646294623f,-0.8392114085813521f,-0.42876443576605755f,1.9663553366523143f,0f,0f,0f,1f], start_interpolation: 0, interpolation_duration: 1 }
$data merge entity $(bone_left_hand) { transformation: [-0.8210754849904252f,-0.4600290264998449f,0.3379472484358219f,4.439630191309619f,-0.4851301776596981f,0.25039168282312974f,-0.837826184776336f,0.309095901603865f,0.30080518391744515f,-0.851866949676184f,-0.42876443576605755f,1.334387290286286f,0f,0f,0f,1f], start_interpolation: 0, interpolation_duration: 1 }
$data merge entity $(bone_left_forearm) { transformation: [-1.0508947520849243f,-0.33514723937314067f,1.0243595306328195f,3.9225307971529477f,-1.0126017966752985f,0.7970445371690051f,-0.7780575217529652f,1.4323891711270698f,-0.36915270746357115f,-1.2322387080947308f,-0.7818759139804129f,-0.45041443407549764f,0f,0f,0f,1f], start_interpolation: 0, interpolation_duration: 1 }
$data merge entity $(bone_left_bicep) { transformation: [-1.1022510922152948f,-1.0966775387211334f,0.27430833713030145f,2.137394026798958f,-1.0620867923739716f,1.1358533571544502f,0.27333670545716465f,3.0124779229614855f,-0.3871928889060361f,0.006299615064895707f,-1.5306685270413958f,-0.4664801813956022f,0f,0f,0f,1f], start_interpolation: 0, interpolation_duration: 1 }
$data merge entity $(bone_left_shoulder) { transformation: [-0.6981162494924471f,-0.6945862114737328f,0.17373455909854674f,1.795433125f,-0.6726779890391403f,0.7193984122768164f,0.17311917131228918f,3.0185413044828695f,-0.2452305553083823f,0.003989892750763641f,-0.9694565774179779f,-0.5266796171187447f,0f,0f,0f,1f], start_interpolation: 0, interpolation_duration: 1 }
$data merge entity $(bone_left_arm) { transformation: [-1.46271875f,-5.85559050095346e-17f,1.6929045617443445e-16f,1.4259925f,0f,1.38236147999816f,0.4781452501268406f,3.0125627247995537f,-1.7913138352403177e-16f,0.4781452501268406f,-1.38236147999816f,-0.5373785867413706f,0f,0f,0f,1f], start_interpolation: 0, interpolation_duration: 1 }
$data merge entity $(bone_chest) { transformation: [-2.06546125f,-8.268503617381986e-17f,2.3904997267801313e-16f,-1.1107894856053254e-18f,0f,1.951991160589723f,0.6751745583411348f,3.743277079550766f,-2.529460508575391e-16f,0.6751745583411348f,-1.951991160589723f,0.009070284480216628f,0f,0f,0f,1f], start_interpolation: 0, interpolation_duration: 1 }
$data merge entity $(bone_left_cheek) { transformation: [-1.1360320118293707f,-0.014701439058876348f,0.041732327592508375f,0.7927680211500652f,-0.01175297739746197f,1.1340450173646035f,0.07956266392340576f,-1.3359172645000035f,-0.04265661729421402f,0.07907096596028283f,-1.1333378343287146f,-1.7238277029428042f,0f,0f,0f,1f], start_interpolation: 0, interpolation_duration: 1 }
$data merge entity $(bone_left_foot) { transformation: [-1.0417691884915585f,0.15475141354731736f,-0.41719313311072953f,1.5384352606132738f,0.009835025879334488f,1.0698536737103796f,0.3722869075247719f,-7.411967924537562f,0.44486108233424126f,0.3387421869999548f,-0.9852073388738513f,0.17016620483708783f,0f,0f,0f,1f], start_interpolation: 0, interpolation_duration: 1 }
$data merge entity $(bone_left_knee) { transformation: [-2.869293950376065f,0.12415678946858562f,-1.2199592772473782f,1.7720044709136622f,0.03360648363483745f,3.1111074472662557f,0.2375802517043873f,-3.455536543603444f,1.2258002083417974f,0.20532623644111314f,-2.86213527039445f,0.5212533162123916f,0f,0f,0f,1f], start_interpolation: 0, interpolation_duration: 1 }
$data merge entity $(bone_left_leg) { transformation: [-2.1910204026688467f,-0.6389585745971977f,-0.6845055902489083f,0.7753200000000001f,0.025662233489961845f,1.7001669214869528f,-1.6691795160791811f,-1.2809280375138608f,0.9360328054644217f,-1.5422550849566812f,-1.5564954892527345f,-1.6697689617559268f,0f,0f,0f,1f], start_interpolation: 0, interpolation_duration: 1 }
$data merge entity $(bone_right_cheek) { transformation: [-1.1345596007556351f,-0.0040247390584234035f,-0.07269639046406523f,-0.7477287265378963f,-0.013205490737982488f,1.1277026656546756f,0.14366197919938922f,-1.3877535522142062f,0.07160013076357673f,0.14421147918466246f,-1.125434548040795f,-1.7204783029836113f,0f,0f,0f,1f], start_interpolation: 0, interpolation_duration: 1 }
$data merge entity $(bone_right_foot) { transformation: [-1.0302891452920555f,-0.07621351854729778f,0.4647331805283614f,-2.061698922798051f,0.2193155314252588f,0.911620908587361f,0.6357115455157402f,-7.584507185110409f,-0.4167566762140976f,0.6681466687913631f,-0.8143556067308572f,-1.8951714293271915f,0f,0f,0f,1f], start_interpolation: 0, interpolation_duration: 1 }
$data merge entity $(bone_right_knee) { transformation: [-2.838180465014835f,0.11853915725767608f,1.2912178113635946f,-1.9881530634677111f,0.5980798886703813f,2.8766743428998636f,1.0505277206468364f,-3.9491547806799447f,-1.1504761687901128f,1.2030197476667015f,-2.6392634184460904f,-0.27963129983753565f,0f,0f,0f,1f], start_interpolation: 0, interpolation_duration: 1 }
$data merge entity $(bone_right_leg) { transformation: [-2.167261846590736f,0.8051307150893927f,0.5763045965253099f,-0.7753199999999999f,0.45669954391775347f,2.0433910127973656f,-1.1372620909221922f,-1.2809280375138608f,-0.8785146458323123f,-0.9239610751990818f,-2.012931771476502f,-1.669768961755927f,0f,0f,0f,1f], start_interpolation: 0, interpolation_duration: 1 }
$data merge entity $(bone_weist) { transformation: [-2.0892733333333333f,-3.0295098638085384e-17f,2.5406232951951193e-16f,1.348173902689115e-16f,0f,2.0745763570067717f,0.24737825354361767f,0.36732326135098203f,-2.5586219002105877e-16f,0.24737825354361767f,-2.0745763570067717f,-1.100867534727373f,0f,0f,0f,1f], start_interpolation: 0, interpolation_duration: 1 }
data modify entity @s data merge value {"locators":{"consume":{"posx":-4.438942077509118,"posy":-0.09825914529912888,"posz":2.0253799212924384,"roty":320.2200813706092,"rotx":-54.87875339269797}},"cameras":{}}