# This file was generated by Animated Java via MC-Build. It is not recommended to edit this file directly.
$data merge entity $(bone_neck) { transformation: [-1f,-2.8049688140569127e-17f,1.1920911383713662e-16f,-0.030092592592592726f,0f,0.9734162855782958f,0.22904308540306f,4.808773840519204f,-1.2246467991473532e-16f,0.22904308540306f,-0.9734162855782958f,0.5745176538347804f,0f,0f,0f,1f], start_interpolation: 0, interpolation_duration: 1 }
$data merge entity $(bone_right_thumb_2) { transformation: [-0.43220422589183827f,-0.09308206605185537f,-0.8969588820568948f,-3.4063994852997714f,0.9004819689486843f,0.008713166257797694f,-0.4348060536975821f,3.0617522612775794f,0.04828799767579506f,-0.9956203140320519f,0.08005285483466795f,2.724081032098552f,0f,0f,0f,1f], start_interpolation: 0, interpolation_duration: 1 }
$data merge entity $(bone_right_thumb) { transformation: [-0.43220422589183827f,-0.7944255378103278f,-0.4267172037731875f,-3.697887763061694f,0.9004819689486843f,-0.3548684317556208f,-0.25139733439638345f,3.092926518439069f,0.04828799767579506f,-0.49290613814201734f,0.8687415083109502f,2.5899261234725808f,0f,0f,0f,1f], start_interpolation: 0, interpolation_duration: 1 }
$data merge entity $(bone_right_fingers2) { transformation: [0.014184439291943574f,-0.7602158394055385f,-0.649515726675579f,-3.6981100126448103f,0.39103932028309174f,0.6020641752746534f,-0.6961371839252585f,3.275220239626103f,0.9202646639279979f,-0.24411187264814427f,0.30581422785361906f,3.556602315060436f,0f,0f,0f,1f], start_interpolation: 0, interpolation_duration: 1 }
$data merge entity $(bone_right_fingers) { transformation: [-0.45449736084675557f,-0.6095584219616922f,-0.649515726675579f,-3.9699247232306694f,0.6778994542599028f,0.23631620991954166f,-0.6961371839252585f,3.3495233115762417f,0.5778273781134466f,-0.7566988695279216f,0.30581422785361906f,3.175005295124596f,0f,0f,0f,1f], start_interpolation: 0, interpolation_duration: 1 }
$data merge entity $(bone_right_hand) { transformation: [-0.7602593889501925f,0.011618188936925511f,-0.649515726675579f,-4.028247626310191f,0.5884493670831997f,-0.4112424631965826f,-0.6961371839252585f,3.075984403836574f,-0.2751963006518463f,-0.9114519483493538f,0.30581422785361906f,2.5241125976184273f,0f,0f,0f,1f], start_interpolation: 0, interpolation_duration: 1 }
$data merge entity $(bone_right_forearm) { transformation: [-0.4245878213638352f,-0.1162794703708176f,-1.4395208114984492f,-4.178589353982f,1.4359615353119783f,-0.1941197299035692f,-0.40785769526146226f,2.7564256671422855f,-0.15412835907560465f,-1.488224618547149f,0.16567387753117266f,0.38168959391418045f,0f,0f,0f,1f], start_interpolation: 0, interpolation_duration: 1 }
$data merge entity $(bone_right_bicep) { transformation: [-0.4453370700644435f,1.4158565442613262f,-0.5384508316858991f,-2.109474968148495f,1.5061357643442421f,0.35397874535848145f,-0.3148940539960477f,3.160730739979803f,-0.16166048198012842f,-0.6024561825985809f,-1.4504539271066632f,-0.5391764490861125f,0f,0f,0f,1f], start_interpolation: 0, interpolation_duration: 1 }
$data merge entity $(bone_right_shoulder) { transformation: [-0.28205646363979214f,0.8967398331286848f,-0.3410305308903488f,-1.7834926076636082f,0.9539186293000005f,0.2241942111511532f,-0.19943972613479127f,2.9298315681911653f,-0.10238847588192262f,-0.38156864043924077f,-0.9186522588226331f,-0.5420278761039172f,0f,0f,0f,1f], start_interpolation: 0, interpolation_duration: 1 }
$data merge entity $(bone_right_arm) { transformation: [-1.4607156382964697f,-0.07649814230919803f,-0.001999965235043105f,-1.423896649816692f,-0.0731313572874202f,1.3842168945891442f,0.4670562438474066f,3.119687586263406f,-0.022533757320948256f,0.4665166283840159f,-1.386145954372689f,-0.4871829696100777f,0f,0f,0f,1f], start_interpolation: 0, interpolation_duration: 1 }
$data merge entity $(bone_left_thumb_2) { transformation: [-0.3025498034009009f,-0.2694316096177596f,0.9142593856236092f,4.5204081151413495f,-0.9007549708834025f,0.39442811654325555f,-0.18184318328983617f,2.581748858244334f,-0.31161530593171616f,-0.8785403056314054f,-0.36202601079226276f,1.9324871271588497f,0f,0f,0f,1f], start_interpolation: 0, interpolation_duration: 1 }
$data merge entity $(bone_left_thumb) { transformation: [-0.3025498034009009f,0.605151659203039f,0.7363797157892694f,4.738511144203285f,-0.9007549708834025f,0.0710532582504671f,-0.42847627346310946f,2.735044805611924f,-0.31161530593171616f,-0.7929331017531058f,0.5235962158508038f,1.75119672166174f,0f,0f,0f,1f], start_interpolation: 0, interpolation_duration: 1 }
$data merge entity $(bone_left_fingers2) { transformation: [-0.2646982303357093f,0.5401214239200014f,0.7988765200453535f,5.059671982593983f,-0.010952605526361403f,0.8266880807782566f,-0.5625538707815875f,2.5463638588379056f,-0.964269094853365f,-0.1576567934527186f,-0.21290713512909593f,2.6616631547445504f,0f,0f,0f,1f], start_interpolation: 0, interpolation_duration: 1 }
$data merge entity $(bone_left_fingers) { transformation: [-0.5400942196558547f,0.2647537339010715f,0.7988765200453535f,5.165964639703553f,-0.5150864281096497f,0.6466986269089305f,-0.5625538707815875f,2.8230379496402445f,-0.6655705863930408f,-0.71532254706499f,-0.21290713512909593f,2.291293356381749f,0f,0f,0f,1f], start_interpolation: 0, interpolation_duration: 1 }
$data merge entity $(bone_left_hand) { transformation: [-0.5308290918147077f,-0.2828723758223815f,0.7988765200453535f,5.023063593336977f,-0.8258404443027743f,-0.03899619240964025f,-0.5625538707815875f,2.8307032069339213f,0.19028409244329708f,-0.9583645005811472f,-0.21290713512909593f,1.5974584094989546f,0f,0f,0f,1f], start_interpolation: 0, interpolation_duration: 1 }
$data merge entity $(bone_left_forearm) { transformation: [-0.17075559355499992f,-0.39256614689849373f,1.4431736720146722f,4.446825882035537f,-1.4503069314840171f,0.3982757716514462f,-0.06326226538958316f,3.3638082768158943f,-0.3653330422730149f,-1.3975994168724017f,-0.4233952505624361f,-0.4270034529766857f,0f,0f,0f,1f], start_interpolation: 0, interpolation_duration: 1 }
$data merge entity $(bone_left_bicep) { transformation: [-0.17910027538386603f,-1.5686968020062535f,0.004194374473184121f,2.0642932858739904f,-1.5211822079272168f,0.17470544186951165f,0.385210146428285f,3.4412131975544438f,-0.3831865598994115f,0.039654886218178184f,-1.5311759233856577f,-0.39238023455825066f,0f,0f,0f,1f], start_interpolation: 0, interpolation_duration: 1 }
$data merge entity $(bone_left_shoulder) { transformation: [-0.11343405637526667f,-0.9935419758182441f,0.00265652807864419f,1.7959188264328994f,-0.9634483696981115f,0.1106505665589685f,0.24397477543022858f,3.2276550797334433f,-0.24269312676774335f,0.025115620783868566f,-0.9697779394337328f,-0.4468419169456815f,0f,0f,0f,1f], start_interpolation: 0, interpolation_duration: 1 }
$data merge entity $(bone_left_arm) { transformation: [-1.4607156382964697f,-0.07649814230919803f,-0.001999965235043105f,1.42745137835433f,-0.0731313572874202f,1.3842168945891442f,0.4670562438474066f,3.2031321842775777f,-0.022533757320948256f,0.4665166283840159f,-1.386145954372689f,-0.4631806461292419f,0f,0f,0f,1f], start_interpolation: 0, interpolation_duration: 1 }
$data merge entity $(bone_chest) { transformation: [-2.0626327160777653f,-0.10802073100972694f,-0.0028240908885106414f,-0.041666666666666755f,-0.10326659491927037f,1.954611135851791f,0.6595161053602199f,3.865758191803031f,-0.03181924246429632f,0.6587541305584788f,-1.9573351032801465f,0.055108260851835955f,0f,0f,0f,1f], start_interpolation: 0, interpolation_duration: 1 }
$data merge entity $(bone_left_cheek) { transformation: [-1.1328819036983653f,-0.09486349706375519f,-0.010293715334179283f,0.8746698435000752f,-0.0937623732473978f,1.129464624856041f,-0.08969241851793808f,-1.0509974003016707f,0.017710477508014025f,-0.0885269987146081f,-1.1333030313481034f,-1.3535713391213222f,0f,0f,0f,1f], start_interpolation: 0, interpolation_duration: 1 }
$data merge entity $(bone_left_foot) { transformation: [-0.9922542616892255f,-0.007280558194175888f,-0.5464975992920295f,2.5175829018132747f,0.05236461910952723f,1.1262421582745463f,-0.11008042510186195f,-5.8766738671137855f,0.5440317814476323f,-0.12168297661330334f,-0.986156086214268f,1.6374274829438153f,0f,0f,0f,1f], start_interpolation: 0, interpolation_duration: 1 }
$data merge entity $(bone_left_knee) { transformation: [-2.7294771729587146f,-0.14789313994475187f,-1.5048738490758486f,2.413106893214778f,0.024023267162174455f,3.100753403183201f,-0.3483023621229561f,-1.9122836044721934f,1.5119327250608516f,-0.3162582362292849f,-2.7111996391053514f,1.3151533497678702f,0f,0f,0f,1f], start_interpolation: 0, interpolation_duration: 1 }
$data merge entity $(bone_left_leg) { transformation: [-2.0842549693410164f,-1.084792854063169f,-0.39559076656970577f,0.8378200000000002f,0.0183443974027792f,0.7851105292013096f,-2.249589142058081f,-1.0283974656908472f,1.154526341798078f,-1.970840503124281f,-0.6784121206048902f,-1.3793034061677365f,0f,0f,0f,1f], start_interpolation: 0, interpolation_duration: 1 }
$data merge entity $(bone_right_cheek) { transformation: [-1.1342999054186407f,0.05688474655472651f,-0.05151991415409634f,-0.7122838045173512f,0.05373023830233457f,1.1335477934952365f,0.06862151799423656f,-1.1655341318075116f,0.054801801403013f,0.06603012077274678f,-1.133650403383468f,-1.4397446853189577f,0f,0f,0f,1f], start_interpolation: 0, interpolation_duration: 1 }
$data merge entity $(bone_right_foot) { transformation: [-0.9857739760991464f,-0.03907167796238032f,0.55678022991741f,-1.7385804828112046f,0.13571085740012948f,1.0793501310125044f,0.3160174208283641f,-7.00029504985638f,-0.5413994677032862f,0.34169847975151085f,-0.9345640254718267f,-1.5379235870002401f,0f,0f,0f,1f], start_interpolation: 0, interpolation_duration: 1 }
$data merge entity $(bone_right_knee) { transformation: [-2.725732479538674f,-0.21594696039322425f,1.5034336302153999f,-2.0977527359546997f,0.4829479736803566f,2.805129524801508f,1.278504174409563f,-3.465586496744879f,-1.4400371609384828f,1.349510496276916f,-2.4169562916470877f,0.2531645584986557f,0f,0f,0f,1f], start_interpolation: 0, interpolation_duration: 1 }
$data merge entity $(bone_right_leg) { transformation: [-2.08139548550041f,0.9266362322325081f,0.6975130780830545f,-0.7128199999999998f,0.36878370848778036f,1.8873558977595735f,-1.4068662550472233f,-1.0283974656908472f,-1.0996261989135017f,-1.1209903551550033f,-1.7920907383157105f,-1.3793034061677367f,0f,0f,0f,1f], start_interpolation: 0, interpolation_duration: 1 }
$data merge entity $(bone_weist) { transformation: [-2.0892733333333333f,-4.134847873597632e-19f,2.5586185591584965e-16f,0.06250000000000028f,0f,2.089270605157264f,0.003376359515638712f,0.6750196677600786f,-2.5586219002105877e-16f,0.003376359515638712f,-2.089270605157264f,-1.0068101211939045f,0f,0f,0f,1f], start_interpolation: 0, interpolation_duration: 1 }
data modify entity @s data merge value {"locators":{"consume":{"posx":-3.8286842957580567,"posy":3.2454194281342996,"posz":3.258298655311483,"roty":244.78733902245932,"rotx":-44.117905477684616}},"cameras":{}}