# This file was generated by Animated Java via MC-Build. It is not recommended to edit this file directly.
$data merge entity $(bone_neck) { transformation: [-1f,-5.3008033999336666e-17f,1.1039812570032042e-16f,-0.07407407407407429f,0f,0.9014691074780409f,0.43284344544274245f,4.66101602766357f,-1.2246467991473532e-16f,0.43284344544274245f,-0.9014691074780409f,0.6892148055398171f,0f,0f,0f,1f], start_interpolation: 0, interpolation_duration: 1 }
$data merge entity $(bone_right_thumb_2) { transformation: [-0.6572808474296673f,-0.034001392644552014f,-0.752878338711089f,-1.9287013588661783f,0.3742722699749814f,0.8523602111543982f,-0.3652428484838607f,1.589131160167095f,0.6541423052592708f,-0.5218486138134895f,-0.5475142634955057f,2.2666054573853445f,0f,0f,0f,1f], start_interpolation: 0, interpolation_duration: 1 }
$data merge entity $(bone_right_thumb) { transformation: [-0.6572808474296673f,-0.733590641094869f,-0.1727039631860172f,-2.235968569995392f,0.3742722699749814f,-0.11882736743464478f,-0.9196740317505581f,1.6103055184554074f,0.6541423052592708f,-0.6691224312833717f,0.3526655872402581f,2.171351599686149f,0f,0f,0f,1f], start_interpolation: 0, interpolation_duration: 1 }
$data merge entity $(bone_right_fingers2) { transformation: [0.9559103148930503f,0.0781668904107381f,-0.283064316233228f,-1.7157287422369427f,-0.28577787415373485f,0.025803815376672548f,-0.9579484170643943f,1.302454965651751f,-0.06757570958000653f,0.9966062915492363f,0.047004501052945735f,2.6228537089665167f,0f,0f,0f,1f], start_interpolation: 0, interpolation_duration: 1 }
$data merge entity $(bone_right_fingers) { transformation: [0.5146548861122339f,-0.8093237554132577f,-0.283064316233228f,-2.124006258527453f,-0.11035469625703595f,0.2648710464694823f,-0.9579484170643943f,1.4248319870802582f,0.8502659520496044f,0.5242503101247941f,0.047004501052945735f,2.8310694704591435f,0f,0f,0f,1f], start_interpolation: 0, interpolation_duration: 1 }
$data merge entity $(bone_right_hand) { transformation: [-0.816723242788806f,-0.5028297301909982f,-0.283064316233228f,-2.5378615645859237f,0.26644801897706627f,0.10649076686275782f,-0.9579484170643943f,1.4885485086158452f,0.5118286801965419f,-0.8578006639126768f,0.047004501052945735f,2.2596235943969f,0f,0f,0f,1f], start_interpolation: 0, interpolation_duration: 1 }
$data merge entity $(bone_right_forearm) { transformation: [-0.526794349421684f,-0.8317822254407979f,-1.1387018674242604f,-3.7182241058740257f,1.230994239902681f,0.3216928017731941f,-0.8044767384027293f,1.92016326116279f,0.6878639362266099f,-1.2127110005048298f,0.567618828537927f,0.4889881930265738f,0f,0f,0f,1f], start_interpolation: 0, interpolation_duration: 1 }
$data merge entity $(bone_right_bicep) { transformation: [-0.5525383449397729f,1.1247047710713776f,-0.9605439674189522f,-2.0816894288058947f,1.2911518900931926f,0.8669614108273136f,0.27241304463908195f,3.107233673169547f,0.7214792665935986f,-0.690160306095648f,-1.2231314638296116f,-0.6088775958692927f,0f,0f,0f,1f], start_interpolation: 0, interpolation_duration: 1 }
$data merge entity $(bone_right_shoulder) { transformation: [-0.34995292796205757f,0.7123373994473202f,-0.6083653323122644f,-1.7623804676365895f,0.8177575158717875f,0.5490943514195472f,0.17253416610732536f,2.974066371615348f,0.45695250677284427f,-0.4371164862914413f,-0.7746764382413072f,-0.8086157109844792f,0f,0f,0f,1f], start_interpolation: 0, interpolation_duration: 1 }
$data merge entity $(bone_right_arm) { transformation: [-1.4515107728920602f,-0.18041286549444985f,0.010668446182002285f,-1.4177092977891204f,-0.15933087711020463f,1.3181824683522887f,0.6136406059979431f,3.1784596134646392f,-0.08530116868571959f,0.6077765376306588f,-1.3277339840977564f,-0.7203676989461312f,0f,0f,0f,1f], start_interpolation: 0, interpolation_duration: 1 }
$data merge entity $(bone_left_thumb_2) { transformation: [-0.8471590202517859f,-0.5176711833063883f,-0.11974197417864041f,4.7133081914871315f,-0.5182958070520742f,0.8547323128437528f,-0.028321895646452294f,1.9445211722334206f,0.11700876376696517f,0.03806861377740517f,-0.9924009924656432f,0.08049252521015077f,0f,0f,0f,1f], start_interpolation: 0, interpolation_duration: 1 }
$data merge entity $(bone_left_thumb) { transformation: [-0.8471590202517859f,-0.2564402986917921f,0.4653600408424631f,4.764825580585909f,-0.5182958070520742f,0.2059578147622322f,-0.8300306228872556f,2.0800427548269194f,0.11700876376696517f,-0.9443620872023775f,-0.3073909521383087f,-0.20745651396592207f,0f,0f,0f,1f], start_interpolation: 0, interpolation_duration: 1 }
$data merge entity $(bone_left_fingers2) { transformation: [0.46641517925645914f,0.8496710808362126f,0.24599986778408556f,4.957743150065781f,0.5934541593645222f,-0.09434669716826219f,-0.7993189985646462f,1.5702944674364605f,-0.6559489624140842f,0.5188041587382108f,-0.5482455686859893f,0.31428584661135683f,0f,0f,0f,1f], start_interpolation: 0, interpolation_duration: 1 }
$data merge entity $(bone_left_fingers) { transformation: [-0.534386740706311f,0.808650033331786f,0.24599986778408556f,5.316528638449761f,0.36004981855662627f,0.4810959017607114f,-0.7993189985646462f,1.8076513121573219f,-0.7647188630566312f,-0.3385732666669797f,-0.5482455686859893f,0.11439795151702858f,0f,0f,0f,1f], start_interpolation: 0, interpolation_duration: 1 }
$data merge entity $(bone_left_hand) { transformation: [-0.8007924379129193f,-0.5460911429712956f,0.24599986778408556f,4.988740838470267f,-0.48628154488486497f,0.3530147272253675f,-0.7993189985646462f,2.0635641423636044f,0.3496594493015635f,-0.7597138052782137f,-0.5482455686859893f,-0.4591438344570229f,0f,0f,0f,1f], start_interpolation: 0, interpolation_duration: 1 }
$data merge entity $(bone_left_forearm) { transformation: [-0.7737455548110221f,-0.7283713269567769f,1.0662124209062518f,3.9123339571925024f,-1.259513565717199f,0.6996233477781173f,-0.4360833051556199f,3.038061847583512f,-0.28453346763059917f,-1.1162518897311333f,-0.9690398982947724f,-2.0735784712686645f,0f,0f,0f,1f], start_interpolation: 0, interpolation_duration: 1 }
$data merge entity $(bone_left_bicep) { transformation: [-0.8115578474391861f,-1.152879852968848f,-0.7107362822614635f,2.09019602611979f,-1.3210649313049119f,0.4912699312132572f,0.7115795528305427f,3.6113575681050847f,-0.2984383781966859f,0.9604301418368196f,-1.2171329570408824f,-0.6471152793992863f,0f,0f,0f,1f], start_interpolation: 0, interpolation_duration: 1 }
$data merge entity $(bone_left_shoulder) { transformation: [-0.5140042270783668f,-0.7301822286720961f,-0.4501483838436184f,1.7855534312778172f,-0.8367030903322022f,0.3111482712870136f,0.4506824734817696f,3.477860199199746f,-0.1890174414547864f,0.6082932403097653f,-0.7708772539252488f,-0.5472687125113005f,0f,0f,0f,1f], start_interpolation: 0, interpolation_duration: 1 }
$data merge entity $(bone_left_arm) { transformation: [-1.4515107728920602f,-0.18041286549444985f,0.010668446182002285f,1.4201313709792025f,-0.15933087711020463f,1.3181824683522887f,0.6136406059979431f,3.432796181778355f,-0.08530116868571959f,0.6077765376306588f,-1.3277339840977564f,-0.5800183529271334f,0f,0f,0f,1f], start_interpolation: 0, interpolation_duration: 1 }
$data merge entity $(bone_chest) { transformation: [-2.0496348018825223f,-0.2547555930900921f,0.015064592688537127f,-0.10416666666666691f,-0.2249863499730482f,1.861365904286797f,0.8665034840876067f,3.944331029202848f,-0.12045122037306707f,0.8582230091296035f,-1.8748533130255094f,-0.05006360065630955f,0f,0f,0f,1f], start_interpolation: 0, interpolation_duration: 1 }
$data merge entity $(bone_left_cheek) { transformation: [-1.1339991671448488f,-0.07824283895618392f,-0.02122259278797445f,0.971188074940412f,-0.07798864539172343f,1.1341281223827258f,-0.014057901279181094f,-0.6650726675592781f,0.02213846161167361f,-0.012566286264757871f,-1.1366083003149146f,-1.7643952328545938f,0f,0f,0f,1f], start_interpolation: 0, interpolation_duration: 1 }
$data merge entity $(bone_left_foot) { transformation: [-0.9666871239426018f,-0.0458289914632924f,-0.5888096979033538f,2.7038489253932667f,-0.003254815563535668f,1.1298004462091749f,-0.08259243501191194f,-5.878068603635065f,0.5905815464262568f,-0.06878813623734097f,-0.9642420763137048f,0.12639223704489144f,0f,0f,0f,1f], start_interpolation: 0, interpolation_duration: 1 }
$data merge entity $(bone_left_knee) { transformation: [-2.6615785817122384f,-0.13523880321105203f,-1.6230444355144713f,2.619002506103498f,-0.29519597290505595f,3.0981246866086227f,0.2259338044309312f,-1.9341577988961036f,1.6016935134816164f,0.34626176876756054f,-2.655417857238038f,0.6455595099073395f,0f,0f,0f,1f], start_interpolation: 0, interpolation_duration: 1 }
$data merge entity $(bone_left_leg) { transformation: [-2.032406953311148f,-1.175675878177552f,-0.40557930623785937f,0.9211533333333337f,-0.2254144784767999f,1.112408607906033f,-2.095023095336669f,-0.6011162945019561f,1.2230685414440086f,-1.748633662770006f,-1.0600801971558675f,-1.775842820552708f,0f,0f,0f,1f], start_interpolation: 0, interpolation_duration: 1 }
$data merge entity $(bone_right_cheek) { transformation: [-1.1340581004454229f,0.08002111678201333f,0.005941132960655012f,-0.6704345542309501f,0.08007894586937056f,1.1233031610534825f,0.15589683182631497f,-0.7559868890177373f,0.0051028051449358335f,0.15592652312544947f,-1.1261382384696113f,-1.8661521810744508f,0f,0f,0f,1f], start_interpolation: 0, interpolation_duration: 1 }
$data merge entity $(bone_right_foot) { transformation: [-0.9675324710783751f,0.006408561055044689f,0.5891697549553755f,-1.131133882496611f,0.10447790595356356f,1.1166685148233675f,0.15942693489411777f,-6.337848720899547f,-0.5798676029720335f,0.19050330901949877f,-0.954328667009479f,-2.9764585200944724f,0f,0f,0f,1f], start_interpolation: 0, interpolation_duration: 1 }
$data merge entity $(bone_right_knee) { transformation: [-2.725732479538674f,-0.5339335579244148f,1.421921490760971f,-1.8926748383426932f,0.5130923294287459f,2.4257726505024686f,1.8944462593943872f,-3.308458466516732f,-1.4295740735082987f,1.888678194922093f,-2.031200621444491f,-0.5119066202485998f,0f,0f,0f,1f], start_interpolation: 0, interpolation_duration: 1 }
$data merge entity $(bone_right_leg) { transformation: [-2.08139548550041f,0.8302867384285371f,0.8098167280148375f,-0.6294866666666663f,0.3918022278909153f,2.0692307051784034f,-1.1145230688554844f,-0.6011162945019561f,-1.091636484917333f,-0.8404133440046235f,-1.9440734461590536f,-1.7758428205527084f,0f,0f,0f,1f], start_interpolation: 0, interpolation_duration: 1 }
$data merge entity $(bone_weist) { transformation: [-2.0892733333333333f,-5.7882956999473044e-18f,2.557967081790975e-16f,0.14583333333333376f,0f,2.0887386335161544f,0.04726502126145548f,1.0940999577267727f,-2.5586219002105877e-16f,0.04726502126145548f,-2.0887386335161544f,-1.3676479699429187f,0f,0f,0f,1f], start_interpolation: 0, interpolation_duration: 1 }
data modify entity @s data merge value {"locators":{"consume":{"posx":-1.9534886098565432,"posy":1.3644960695977664,"posz":2.7603052895138895,"roty":260.5717294707641,"rotx":-73.32512554141293}},"cameras":{}}