# This file was generated by Animated Java via MC-Build. It is not recommended to edit this file directly.
$data merge entity $(bone_neck) { transformation: [-1f,-5.863761676565663e-17f,1.0751384899938501e-16f,-0.16656796647230315f,0f,0.8779172008961306f,0.47881247725044007f,4.737620494122891f,-1.2246467991473532e-16f,0.47881247725044007f,-0.8779172008961306f,0.5548343788145653f,0f,0f,0f,1f], start_interpolation: 0, interpolation_duration: 1 }
$data merge entity $(bone_right_thumb_2) { transformation: [-0.19365567163497308f,0.49514199807900827f,-0.8469544749170024f,-1.923395020919485f,0.6605949085570575f,0.7040733238117023f,0.26056692323707303f,-0.4635913514659956f,0.7253356792769131f,-0.5090335513844542f,-0.4634360753467843f,1.9167545155369543f,0f,0f,0f,1f], start_interpolation: 0, interpolation_duration: 1 }
$data merge entity $(bone_right_thumb) { transformation: [-0.19365567163497308f,-0.5768708169111031f,-0.7935474412030602f,-2.117321759893314f,0.6605949085570575f,0.5213420095815016f,-0.5402007736332988f,-0.21667162356321823f,0.7253356792769131f,-0.6288263429929111f,0.2801170875295931f,1.8435571264167145f,0f,0f,0f,1f], start_interpolation: 0, interpolation_duration: 1 }
$data merge entity $(bone_right_fingers2) { transformation: [0.15051668957274544f,0.5222773707473182f,-0.8393873207079855f,-1.9390693026541195f,-0.6110392710616451f,-0.6183105119860817f,-0.4942905218471859f,-0.7608774752992349f,-0.7771587581572481f,0.5872975896194181f,0.22606593252125962f,2.062490193830929f,0f,0f,0f,1f], start_interpolation: 0, interpolation_duration: 1 }
$data merge entity $(bone_right_fingers) { transformation: [0.5420308551150324f,-0.040391557755757035f,-0.8393873207079855f,-1.9902063411275452f,-0.730321496792575f,0.47149484762263316f,-0.4942905218471859f,-0.5083237085286009f,0.41573196103489585f,0.880943318680251f,0.22606593252125962f,2.4607640533825537f,0f,0f,0f,1f], start_interpolation: 0, interpolation_duration: 1 }
$data merge entity $(bone_right_hand) { transformation: [-0.22018480472839005f,-0.4969382030005246f,-0.8393873207079855f,-2.378896499929735f,0.6894915136927121f,0.5294131964333431f,-0.4942905218471859f,-0.10641479339433157f,0.6900145681885665f,-0.6875856963614356f,0.22606593252125962f,2.0257059157459683f,0f,0f,0f,1f], start_interpolation: 0, interpolation_duration: 1 }
$data merge entity $(bone_right_forearm) { transformation: [-0.7382852633936192f,-0.7480555710076104f,-1.0776658260136365f,-3.4326827971495044f,0.7260521821698782f,0.7969411258093405f,-1.0505945796440508f,1.0259126726061873f,1.0926110921272645f,-1.0350428033156793f,-0.03005489448073963f,0.5018733469869134f,0f,0f,0f,1f], start_interpolation: 0, interpolation_duration: 1 }
$data merge entity $(bone_right_bicep) { transformation: [-0.7743646414901035f,0.7230027473792815f,-1.1706966248077935f,-2.374054331463867f,0.7615337399052631f,1.3440504079634188f,0.3263418788383059f,2.944008861522703f,1.1460060746087921f,-0.4045981786659746f,-1.0079060218216627f,-0.20019786339016932f,0f,0f,0f,1f], start_interpolation: 0, interpolation_duration: 1 }
$data merge entity $(bone_right_shoulder) { transformation: [-0.5093442782454913f,0.4368017070466803f,-0.7414665703453432f,-2.0632916941329422f,0.4459497129799811f,0.8708662288418434f,0.20669026333104998f,3.0024322672089525f,0.7360008557818751f,-0.2253803012330326f,-0.6383623266644545f,-0.4443296852060963f,0f,0f,0f,1f], start_interpolation: 0, interpolation_duration: 1 }
$data merge entity $(bone_right_arm) { transformation: [-1.4261786403599013f,-0.16766874936158618f,-0.2782944804883262f,-1.7216089288093113f,-0.282948699924446f,1.256760553225538f,0.6928485308268095f,3.20501143784972f,0.15968926261277436f,0.7293738711698714f,-1.2577993628009307f,-0.41782542700002445f,0f,0f,0f,1f], start_interpolation: 0, interpolation_duration: 1 }
$data merge entity $(bone_left_thumb_2) { transformation: [-0.8386091007123221f,-0.11117484960522844f,-0.5332681586385271f,3.4518903261049103f,-0.5440367712839216f,0.12142999398615564f,0.830228130125382f,0.9843456884175968f,-0.027545738208234836f,0.9863543528447459f,-0.16231550428343675f,-3.856920265706732f,0f,0f,0f,1f], start_interpolation: 0, interpolation_duration: 1 }
$data merge entity $(bone_left_thumb) { transformation: [-0.8386091007123221f,-0.5330322461999415f,-0.11230049293531788f,3.422866745965926f,-0.5440367712839216f,0.809120308920469f,0.22214481129076785f,1.2965497377312734f,-0.027545738208234836f,0.24738825801458256f,-0.9685247968447035f,-3.7819465817990814f,0f,0f,0f,1f], start_interpolation: 0, interpolation_duration: 1 }
$data merge entity $(bone_left_fingers2) { transformation: [0.8792871062230008f,0.4497174435432164f,-0.1568706658458996f,3.481018169232548f,0.4762921212511293f,-0.8302218223952317f,0.28961619577095526f,0.7919341796779226f,0.000008005091889556892f,-0.32937204889257793f,-0.9442002188859226f,-4.125235361291657f,0f,0f,0f,1f], start_interpolation: 0, interpolation_duration: 1 }
$data merge entity $(bone_left_fingers) { transformation: [-0.26015576197253243f,0.9527384602867439f,-0.1568706658458996f,3.9173159791696466f,0.910153826607337f,0.2962135565081069f,0.28961619577095526f,0.9765024701835989f,0.3223957062749329f,-0.06743111471170737f,-0.9442002188859226f,-4.149714662750631f,0f,0f,0f,1f], start_interpolation: 0, interpolation_duration: 1 }
$data merge entity $(bone_left_hand) { transformation: [-0.8099140062954879f,-0.5651821800123005f,-0.1568706658458996f,3.5648537846869868f,-0.5848331950082766f,0.7576889818148149f,0.28961619577095526f,1.5557500625617018f,-0.04482673781130605f,0.326307386114646f,-0.9442002188859226f,-3.944461095369868f,0f,0f,0f,1f], start_interpolation: 0, interpolation_duration: 1 }
$data merge entity $(bone_left_forearm) { transformation: [-1.1929184817323424f,-0.8507852200527665f,-0.3451462085820019f,2.305015968364754f,-0.916100939235372f,1.1405713235878108f,0.35478447677228087f,3.1731254619913485f,0.060995615341059614f,0.49120002561713844f,-1.4216251157602173f,-3.229197338450545f,0f,0f,0f,1f], start_interpolation: 0, interpolation_duration: 1 }
$data merge entity $(bone_left_bicep) { transformation: [-1.2512154017370398f,-0.3317156020280416f,-0.9040624623728364f,1.6693338136367015f,-0.960870019427069f,0.5285172543787199f,1.1359148188287043f,3.839561855296219f,0.06397641961446753f,1.450358034845051f,-0.6207034288113449f,-1.0302379043955263f,0f,0f,0f,1f], start_interpolation: 0, interpolation_duration: 1 }
$data merge entity $(bone_left_shoulder) { transformation: [-0.8006273294341644f,-0.17644750435507425f,-0.5725924882235045f,1.4270100234833918f,-0.5938960256757586f,0.3601352877123472f,0.7194373393360145f,3.7784609791379498f,0.0792678374226061f,0.9160615987755469f,-0.39312562521302574f,-0.7891075274737412f,0f,0f,0f,1f], start_interpolation: 0, interpolation_duration: 1 }
$data merge entity $(bone_left_arm) { transformation: [-1.4261786403599013f,-0.16766874936158618f,-0.2782944804883262f,1.0662950250177194f,-0.282948699924446f,1.256760553225538f,0.6928485308268095f,3.703000482823284f,0.15968926261277436f,0.7293738711698714f,-1.2577993628009307f,-0.7603500911439758f,0f,0f,0f,1f], start_interpolation: 0, interpolation_duration: 1 }
$data merge entity $(bone_chest) { transformation: [-2.0138640577630262f,-0.2367600091557714f,-0.3929712841498195f,-0.3697385204081631f,-0.3995433677402584f,1.7746338612367625f,0.9783506176715143f,4.033785467780927f,0.22549241538591006f,1.0299269546273755f,-1.7761007330630125f,0.06237760564271988f,0f,0f,0f,1f], start_interpolation: 0, interpolation_duration: 1 }
$data merge entity $(bone_left_cheek) { transformation: [-1.1328704080636758f,-0.0774280258176869f,0.05599991722667458f,0.8384607754265365f,-0.07525266751987351f,1.1335113879335599f,0.044893438650387515f,-0.4996410273226365f,-0.058890796756048164f,0.04102786395473636f,-1.134625506418099f,-1.984647513052076f,0f,0f,0f,1f], start_interpolation: 0, interpolation_duration: 1 }
$data merge entity $(bone_left_foot) { transformation: [-0.9936658010098612f,0.008503585285515168f,-0.5439091076096473f,2.043184614520855f,-0.06575870176918042f,1.1224972789509726f,0.13768371105288557f,-5.4250600775587365f,0.5399863159794541f,0.15234401919653578f,-0.9841174882959773f,-1.446251742612109f,0f,0f,0f,1f], start_interpolation: 0, interpolation_duration: 1 }
$data merge entity $(bone_left_knee) { transformation: [-2.7708616632519223f,0.19965609200200635f,-1.4209244906838125f,2.3791236784034755f,-0.4906806126202061f,2.771859277993355f,1.3463253691357786f,-1.9351088602373079f,1.3483773580482674f,1.418977416348272f,-2.4300092412116734f,0.4348520434371328f,0f,0f,0f,1f], start_interpolation: 0, interpolation_duration: 1 }
$data merge entity $(bone_left_leg) { transformation: [-2.115856563375878f,-1.0604513445858974f,-0.27564527391128285f,0.8456325000000002f,-0.3746884258073361f,1.2635695899611854f,-1.9850407660639586f,-0.39270092326705375f,1.029633893590185f,-1.7193665127411693f,-1.2888053414224474f,-1.9718600859212958f,0f,0f,0f,1f], start_interpolation: 0, interpolation_duration: 1 }
$data merge entity $(bone_right_cheek) { transformation: [-1.1256000581898102f,0.1515100375540855f,0.050947707516957534f,-0.7874056704878627f,0.1557893699248023f,1.1209390752946446f,0.10840531847560798f,-0.5112370263660717f,-0.03578592739202025f,0.114309883106075f,-1.1305658182532967f,-2.089821071746116f,0f,0f,0f,1f], start_interpolation: 0, interpolation_duration: 1 }
$data merge entity $(bone_right_foot) { transformation: [-1.012053357486646f,0.06689595107907377f,0.5045335328094994f,-1.3465428123947456f,0.07560861639969783f,1.1302925510519672f,0.0017996006667071603f,-6.202239805030652f,-0.5033015906254731f,0.03528219332272916f,-1.0142602368762201f,-3.0580806947072707f,0f,0f,0f,1f], start_interpolation: 0, interpolation_duration: 1 }
$data merge entity $(bone_right_knee) { transformation: [-2.84751128811404f,-0.32670897711331687f,1.2334926138872773f,-1.8385269563509838f,0.5090750701158302f,2.475030319802018f,1.8307459706974798f,-3.1078223521742876f,-1.170079209809088f,1.8719106497138334f,-2.2053182270226324f,-0.6057964050361038f,0f,0f,0f,1f], start_interpolation: 0, interpolation_duration: 1 }
$data merge entity $(bone_right_leg) { transformation: [-2.1743869526752393f,0.7433575130903378f,0.6299582175130987f,-0.7050074999999998f,0.38873461011816796f,2.0743709415212086f,-1.1060094791244484f,-0.39270092326705375f,-0.893483716122688f,-0.906526984015923f,-2.0142696056682756f,-1.971860085921296f,0f,0f,0f,1f], start_interpolation: 0, interpolation_duration: 1 }
$data merge entity $(bone_weist) { transformation: [-2.0892733333333333f,-1.2331057272637031e-17f,2.555648749513738e-16f,0.07031250000000024f,0f,2.086845571550165f,0.10069072389869778f,1.2915165628060288f,-2.5586219002105877e-16f,0.10069072389869778f,-2.086845571550165f,-1.5204261068164535f,0f,0f,0f,1f], start_interpolation: 0, interpolation_duration: 1 }
data modify entity @s data merge value {"locators":{"consume":{"posx":-1.9375997024703506,"posy":-0.6601286236698057,"posz":2.3516216232294487,"roty":254.92660878690987,"rotx":-29.622977421358474}},"cameras":{}}