# This file was generated by Animated Java via MC-Build. It is not recommended to edit this file directly.
$data merge entity $(bone_neck) { transformation: [-1.0486097639819558f,0.019090652355002947f,-0.01975592652533293f,-0.007580287573701258f,0.014238623512283125f,1.0227653199914184f,0.2325629991676102f,4.5727730666140936f,0.02349491946548f,0.23221505974854179f,-1.0226736241557217f,0.19391837317320837f,0f,0f,0f,1f], start_interpolation: 0, interpolation_duration: 1 }
$data merge entity $(bone_right_thumb_2) { transformation: [-0.6354090029436825f,-0.7095816711529274f,-0.3045476168712114f,-1.6453332526083777f,0.06159005626658701f,0.34657237992142836f,-0.9359990654080141f,0.4719581597860695f,0.7697155734082519f,-0.6134993377660779f,-0.17651203532164628f,0.37842856335791986f,0f,0f,0f,1f], start_interpolation: 0, interpolation_duration: 1 }
$data merge entity $(bone_right_thumb) { transformation: [-0.6354090029436825f,-0.7095816711529274f,-0.3045476168712114f,-1.94249103790452f,0.06159005626658701f,0.34657237992142836f,-0.9359990654080141f,0.5803849973685855f,0.7697155734082519f,-0.6134993377660779f,-0.17651203532164628f,0.31617375293839084f,0f,0f,0f,1f], start_interpolation: 0, interpolation_duration: 1 }
$data merge entity $(bone_right_fingers2) { transformation: [0.3154962231329136f,0.898728480825512f,-0.3045476168712114f,-1.358354513851298f,0.0757257155203519f,-0.3437606224747899f,-0.9359990654080141f,0.18092569891855292f,-0.9459004964571052f,0.2722420837945751f,-0.17651203532164628f,0.46987371815885154f,0f,0f,0f,1f], start_interpolation: 0, interpolation_duration: 1 }
$data merge entity $(bone_right_fingers) { transformation: [0.7622610422657324f,-0.5711469622628008f,-0.3045476168712114f,-1.6659226421461248f,-0.35062149448254953f,0.031149914320070533f,-0.9359990654080141f,0.2043582640838259f,0.5440796550605279f,0.8202565637261473f,-0.17651203532164628f,0.8302530049706879f,0f,0f,0f,1f], start_interpolation: 0, interpolation_duration: 1 }
$data merge entity $(bone_right_hand) { transformation: [-0.6354090029436825f,-0.7095816711529274f,-0.3045476168712114f,-2.214848914991927f,0.06159005626658701f,0.34657237992142836f,-0.9359990654080141f,0.42518767445624217f,0.7697155734082519f,-0.6134993377660779f,-0.17651203532164628f,0.4406368897597308f,0f,0f,0f,1f], start_interpolation: 0, interpolation_duration: 1 }
$data merge entity $(bone_right_forearm) { transformation: [-1.2334300802119893f,-0.7310915537034215f,-0.45844441031505984f,-3.232241902753711f,0.24530212651950395f,0.4696799605273179f,-1.4089866931314246f,1.1006072886986222f,0.8273409236648548f,-1.2291955803695094f,-0.265708715037371f,-1.3547507010484354f,0f,0f,0f,1f], start_interpolation: 0, interpolation_duration: 1 }
$data merge entity $(bone_right_bicep) { transformation: [-1.3845265047001811f,0.6249586879809117f,-0.4306009221359385f,-2.2482454387778006f,0.40807162889610354f,1.3683237244625395f,0.6738485651891599f,3.0903645724077715f,0.6398969147583257f,0.47960502649011755f,-1.3614018933043375f,-0.7503434595749212f,0f,0f,0f,1f], start_interpolation: 0, interpolation_duration: 1 }
$data merge entity $(bone_right_shoulder) { transformation: [-0.8768967956671221f,0.3958207149190435f,-0.2727232505484465f,-1.86203780934723f,0.25845420984493583f,0.8666346836576714f,0.42678536349668544f,3.1924917016533962f,0.40528191566138666f,0.30376024546103025f,-0.8622507072280611f,-0.7494637109279292f,0f,0f,0f,1f], start_interpolation: 0, interpolation_duration: 1 }
$data merge entity $(bone_right_arm) { transformation: [-1.4562170657755777f,0.04119041281879552f,-0.13145854417780034f,-1.4899499660037854f,-0.04328639291634618f,1.188297648639496f,0.8518339791459949f,3.353066598037703f,0.13078335954478754f,0.851937902508877f,-1.181796795027181f,-0.6852074757939015f,0f,0f,0f,1f], start_interpolation: 0, interpolation_duration: 1 }
$data merge entity $(bone_left_thumb_2) { transformation: [-0.9752513104232938f,-0.004392079083190004f,0.22105562910492713f,3.334692011206117f,0.028808339172220643f,0.9887552657717267f,0.1467416232799017f,-0.8079521795334274f,-0.21921441812021947f,0.14947820593654876f,-0.9641583401279089f,-2.6908849126859926f,0f,0f,0f,1f], start_interpolation: 0, interpolation_duration: 1 }
$data merge entity $(bone_left_thumb) { transformation: [-0.9752513104232938f,-0.004392079083190004f,0.22105562910492713f,3.4773570462684567f,0.028808339172220643f,0.9887552657717267f,0.1467416232799017f,-0.5287979203131242f,-0.21921441812021947f,0.14947820593654876f,-0.9641583401279089f,-2.615689319594043f,0f,0f,0f,1f], start_interpolation: 0, interpolation_duration: 1 }
$data merge entity $(bone_left_fingers2) { transformation: [0.9026955006536665f,-0.3691547669212076f,0.22105562910492713f,3.2469323394181706f,-0.40499569380143885f,-0.902466278594093f,0.1467416232799017f,-1.1359760023684022f,0.1453248812210679f,-0.22198958097144605f,-0.9641583401279089f,-2.936073651771159f,0f,0f,0f,1f], start_interpolation: 0, interpolation_duration: 1 }
$data merge entity $(bone_left_fingers) { transformation: [0.08062338642929577f,0.9719229796654142f,0.22105562910492713f,3.711232155211615f,0.9824819412742076f,-0.11487441432818812f,0.1467416232799017f,-1.1432324587518323f,0.1680151916665194f,0.20535235701364235f,-0.9641583401279089f,-2.8391536130230004f,0f,0f,0f,1f], start_interpolation: 0, interpolation_duration: 1 }
$data merge entity $(bone_left_hand) { transformation: [-0.9752513104232938f,-0.004392079083190004f,0.22105562910492713f,3.775554513320156f,0.028808339172220643f,0.9887552657717267f,0.1467416232799017f,-0.4435984942594464f,-0.21921441812021947f,0.14947820593654876f,-0.9641583401279089f,-2.748261651255667f,0f,0f,0f,1f], start_interpolation: 0, interpolation_duration: 1 }
$data merge entity $(bone_left_forearm) { transformation: [-1.398139166108589f,-0.44776396201632396f,0.33276148594749577f,3.088609958974013f,-0.4062122346224268f,1.432554768381753f,0.2208944454872484f,1.6099312498397538f,-0.3823799061844072f,0.1153697097314036f,-1.451375670679462f,-2.5875771235867635f,0f,0f,0f,1f], start_interpolation: 0, interpolation_duration: 1 }
$data merge entity $(bone_left_bicep) { transformation: [-1.4664650478601255f,-0.5849028418191279f,0.016525346621224755f,2.034036839023341f,-0.42606348389834026f,1.0979355894415288f,1.051623272455748f,3.198025893460434f,-0.40106648967154085f,0.9722809599668379f,-1.1775905756216618f,-1.1559756432992923f,0f,0f,0f,1f], start_interpolation: 0, interpolation_duration: 1 }
$data merge entity $(bone_left_shoulder) { transformation: [-0.9287929823379196f,-0.3704511441468251f,0.010466411043953627f,1.7128672871845207f,-0.26984944131649613f,0.6953830041980008f,0.6660508662960648f,3.2987565918843766f,-0.25401746983427687f,0.6157990153230773f,-0.7458328886192408f,-1.0705271770597424f,0f,0f,0f,1f], start_interpolation: 0, interpolation_duration: 1 }
$data merge entity $(bone_left_arm) { transformation: [-1.4562170657755777f,0.04119041281879552f,-0.13145854417780034f,1.3475981460545214f,-0.04328639291634618f,1.188297648639496f,0.8518339791459949f,3.386691339814998f,0.13078335954478754f,0.851937902508877f,-1.181796795027181f,-0.9766088805944798f,0f,0f,0f,1f], start_interpolation: 0, interpolation_duration: 1 }
$data merge entity $(bone_chest) { transformation: [-2.056280416825283f,0.058163745797833934f,-0.18562866510097015f,-0.022633432322673702f,-0.06112341639224048f,1.6779594482746556f,1.202849198015244f,3.888975092972778f,0.18467525714329996f,1.2029959450771812f,-1.6687797879823683f,-0.11859903211559875f,0f,0f,0f,1f], start_interpolation: 0, interpolation_duration: 1 }
$data merge entity $(bone_weist) { transformation: [-2.0875863450881567f,0.04691214739857988f,-0.06961008264399127f,-0.11948537901943507f,0.009011229398039848f,1.8477832199317588f,0.9750277079453358f,0.850098795239348f,0.08345724009326742f,0.973940184992309f,-1.8464935598346772f,-2.12933629556401f,0f,0f,0f,1f], start_interpolation: 0, interpolation_duration: 1 }
$data merge entity $(bone_right_foot) { transformation: [-1.1315081563826954f,0.04775883714063759f,-0.026259053951129676f,-1.0916883359499243f,-1.965129448056047e-18f,0.5457946403332656f,0.9926678009200671f,-4.599254563512308f,0.0545017838188282f,0.9915182582577369f,-0.5451625918036841f,-5.263915278228504f,0f,0f,0f,1f], start_interpolation: 0, interpolation_duration: 1 }
$data merge entity $(bone_right_knee) { transformation: [-3.1167332003980226f,0.14052078808083523f,-0.05283356728081908f,-0.94489061743238f,-5.412938615852643e-18f,1.0981461063001279f,2.9207256717116805f,-3.3045275571917383f,0.15012487373675235f,2.9173433732615f,-1.0968744162166035f,-1.5044873407948476f,0f,0f,0f,1f], start_interpolation: 0, interpolation_duration: 1 }
$data merge entity $(bone_right_thigh) { transformation: [-2.379967389138508f,-0.05236381298827745f,-0.10197855544675473f,-0.9452424470003107f,-4.133371885502631e-18f,2.119625067047512f,-1.0883822596809796f,-0.5135683880600137f,0.11463679462405657f,-1.0871218764598585f,-2.117170470010661f,-3.157795389625012f,0f,0f,0f,1f], start_interpolation: 0, interpolation_duration: 1 }
$data merge entity $(bone_right_leg) { transformation: [-1.1355767726591843f,0.025527587405092752f,-0.04837547990464686f,-0.9208884145159411f,-1.972195555014859e-18f,1.005484725559581f,0.530591102492449f,-0.6169955484641482f,0.05469775840680807f,0.5299766601704531f,-1.0043203404679308f,-3.2107799141816007f,0f,0f,0f,1f], start_interpolation: 0, interpolation_duration: 1 }
$data merge entity $(bone_left_foot) { transformation: [-1.1257264396149567f,-0.03228051678806815f,-0.122389148978694f,0.9927597364775689f,-0.03546328431677119f,1.1319273714822882f,0.027639347942134754f,-7.184758071693592f,0.12150510695975521f,0.031297704789549456f,-1.1258499522838756f,-1.9930637032356993f,0f,0f,0f,1f], start_interpolation: 0, interpolation_duration: 1 }
$data merge entity $(bone_left_knee) { transformation: [-3.100807492303335f,-0.06552258074491753f,-0.34243686610206797f,0.9555800280861908f,-0.0976834280882128f,3.105271111382821f,0.290366308076556f,-3.236221283503349f,0.33468517106411333f,0.29926816803930256f,-3.0878775429161633f,-1.504350178349532f,0f,0f,0f,1f], start_interpolation: 0, interpolation_duration: 1 }
$data merge entity $(bone_left_thigh) { transformation: [-2.3678063655675925f,-0.18996298899386935f,-0.1865300137633323f,0.6036018597856414f,-0.07459200334488487f,2.0759029392718364f,-1.1672400729087358f,-0.5135683880600137f,0.25556880924524134f,-1.1540915984355442f,-2.0688507762054527f,-3.232399162564074f,0f,0f,0f,1f], start_interpolation: 0, interpolation_duration: 1 }
$data merge entity $(bone_left_leg) { transformation: [-1.1355767726591843f,0.025527587405092752f,-0.04837547990464686f,0.5742681365757527f,-1.972195555014859e-18f,1.005484725559581f,0.530591102492449f,-0.6169955484641482f,0.05469775840680807f,0.5299766601704531f,-1.0043203404679308f,-3.2827976885681456f,0f,0f,0f,1f], start_interpolation: 0, interpolation_duration: 1 }
data modify entity @s data merge value {"locators":{"consume":{"posx":-1.5237656299608386,"posy":0.1758472217827437,"posz":0.7010138270677753,"roty":300.0960508949413,"rotx":-69.39015493750397}},"cameras":{}}