# This file was generated by Animated Java via MC-Build. It is not recommended to edit this file directly.
$data merge entity $(bone_neck) { transformation: [-1f,-2.2655273533642628e-18f,1.2244372263382773e-16f,-7.566383506006338e-17f,0f,0.9998288708146529f,0.018499434734501552f,4.8302344741593f,-1.2246467991473532e-16f,0.018499434734501552f,-0.9998288708146529f,0.6178421003732957f,0f,0f,0f,1f], start_interpolation: 0, interpolation_duration: 1 }
$data merge entity $(bone_right_thumb_2) { transformation: [-0.9283315260863951f,0.13109735953472695f,0.34787075185638583f,-4.5459298897602185f,0.17486634532824274f,0.9797606415467025f,0.0974209759114398f,2.8175608682231714f,-0.32805843830886044f,0.1512698502644071f,-0.9324672077104563f,2.2154264806826744f,0f,0f,0f,1f], start_interpolation: 0, interpolation_duration: 1 }
$data merge entity $(bone_right_thumb) { transformation: [-0.9283315260863951f,0.3323780005587132f,-0.16650958656695006f,-4.587660484309183f,0.17486634532824274f,-0.0048382151394385925f,-0.9845802927876464f,2.84198021616027f,-0.32805843830886044f,-0.9431338486232249f,-0.05363025858128148f,1.8966835704626321f,0f,0f,0f,1f], start_interpolation: 0, interpolation_duration: 1 }
$data merge entity $(bone_right_fingers2) { transformation: [0.9586748373316646f,0.1900229800046856f,-0.21173998993398896f,-4.531620875044896f,-0.2092888316555819f,-0.033112259224684915f,-0.9772930794972805f,2.6608439488349163f,-0.19271933273895567f,0.9812210991204664f,0.00802579774698392f,2.358800348807882f,0f,0f,0f,1f], start_interpolation: 0, interpolation_duration: 1 }
$data merge entity $(bone_right_fingers) { transformation: [0.2986261899575835f,-0.9305850715190803f,-0.21173998993398896f,-4.986489850486134f,-0.05687663205107775f,0.20411586291429568f,-0.9772930794972805f,2.751895905503123f,0.9526738410379197f,0.303888366300161f,0.00802579774698392f,2.4579175793177477f,0f,0f,0f,1f], start_interpolation: 0, interpolation_duration: 1 }
$data merge entity $(bone_right_hand) { transformation: [-0.9377141635843996f,0.27542389888309265f,-0.21173998993398896f,-4.857097079890289f,0.20083688118759058f,-0.06754838207953495f,-0.9772930794972805f,2.6882360080314953f,-0.28347256404818344f,-0.958946761818649f,0.00802579774698392f,1.7643101059516344f,0f,0f,0f,1f], start_interpolation: 0, interpolation_duration: 1 }
$data merge entity $(bone_right_forearm) { transformation: [-0.7337781706481221f,0.43006503910669186f,-1.24202639200454f,-4.211398926515669f,1.2714446209855434f,-0.12833782342206163f,-0.7955965553366693f,2.4696524358571224f,-0.3331877429687084f,-1.4368679011081034f,-0.3006866520448999f,-0.2972407337761223f,0f,0f,0f,1f], start_interpolation: 0, interpolation_duration: 1 }
$data merge entity $(bone_right_bicep) { transformation: [-0.7696372909237564f,1.3775165581195912f,-0.05487012457011047f,-2.1585031631399065f,1.3335790471806677f,0.7279784488483233f,-0.42955612087075923f,3.4251633872835714f,-0.34947034693187745f,-0.25573358825775516f,-1.5183461286862654f,-0.703822840064997f,0f,0f,0f,1f], start_interpolation: 0, interpolation_duration: 1 }
$data merge entity $(bone_right_shoulder) { transformation: [-0.47645181577985174f,0.8785134871448685f,-0.03475226819424817f,-1.795433125f,0.8503560888265659f,0.450418751046607f,-0.2720615204346246f,3.2857711333161186f,-0.22335664179886713f,-0.15917600827441686f,-0.9616521247073471f,-0.6125156418001546f,0f,0f,0f,1f], start_interpolation: 0, interpolation_duration: 1 }
$data merge entity $(bone_right_arm) { transformation: [-1.46271875f,-5.961842547424069e-17f,1.689191993445569e-16f,-1.4259925f,0f,1.3793299379230406f,0.48682138814023235f,3.4651575351142174f,-1.7913138352403177e-16f,0.48682138814023235f,-1.3793299379230406f,-0.5578529240123729f,0f,0f,0f,1f], start_interpolation: 0, interpolation_duration: 1 }
$data merge entity $(bone_left_thumb_2) { transformation: [-0.9283315260863951f,-0.131097359534727f,-0.3478707518563856f,4.626570065789682f,-0.17486634532824274f,0.9797606415467025f,0.0974209759114398f,2.919986596237032f,0.3280584383088602f,0.15126985026440706f,-0.9324672077104565f,2.250772484753831f,0f,0f,0f,1f], start_interpolation: 0, interpolation_duration: 1 }
$data merge entity $(bone_left_thumb) { transformation: [-0.9283315260863951f,-0.33237800055871297f,0.16650958656695009f,4.668300660338646f,-0.17486634532824274f,-0.0048382151394385925f,-0.9845802927876464f,2.9444059441741306f,0.3280584383088602f,-0.9431338486232251f,-0.05363025858128143f,1.932029574533789f,0f,0f,0f,1f], start_interpolation: 0, interpolation_duration: 1 }
$data merge entity $(bone_left_fingers2) { transformation: [0.9586748373316645f,-0.19002298000468576f,0.21173998993398896f,4.61226105107436f,0.2092888316555819f,-0.033112259224684915f,-0.9772930794972805f,2.763269676848777f,0.19271933273895595f,0.9812210991204665f,0.008025797746983976f,2.394146352879039f,0f,0f,0f,1f], start_interpolation: 0, interpolation_duration: 1 }
$data merge entity $(bone_left_fingers) { transformation: [0.29862618995758367f,0.9305850715190802f,0.21173998993398896f,5.067130026515597f,0.05687663205107775f,0.20411586291429568f,-0.9772930794972805f,2.8543216335169834f,-0.9526738410379197f,0.30388836630016125f,0.008025797746983976f,2.4932635833889045f,0f,0f,0f,1f], start_interpolation: 0, interpolation_duration: 1 }
$data merge entity $(bone_left_hand) { transformation: [-0.9377141635843996f,-0.27542389888309243f,0.21173998993398896f,4.937737255919752f,-0.20083688118759058f,-0.06754838207953495f,-0.9772930794972805f,2.790661736045356f,0.2834725640481832f,-0.9589467618186491f,0.008025797746983976f,1.799656110022791f,0f,0f,0f,1f], start_interpolation: 0, interpolation_duration: 1 }
$data merge entity $(bone_left_forearm) { transformation: [-0.7337781706481225f,-0.4300650391066917f,1.2420263920045405f,4.292039102545132f,-1.2714446209855441f,-0.12833782342206168f,-0.7955965553366697f,2.5720781638709824f,0.3331877429687084f,-1.4368679011081043f,-0.30068665204489975f,-0.26189472970496563f,0f,0f,0f,1f], start_interpolation: 0, interpolation_duration: 1 }
$data merge entity $(bone_left_bicep) { transformation: [-0.7696372909237564f,-1.3775165581195912f,0.05487012457011084f,2.1265529078915257f,-1.3335790471806677f,0.7279784488483233f,-0.42955612087075923f,3.5153807085687188f,0.3494703469318773f,-0.2557335882577555f,-1.5183461286862654f,-0.5851619731922778f,0f,0f,0f,1f], start_interpolation: 0, interpolation_duration: 1 }
$data merge entity $(bone_left_shoulder) { transformation: [-0.47645181577985174f,-0.8785134871448685f,0.034752268194248405f,1.795433125f,-0.8503560888265659f,0.450418751046607f,-0.2720615204346246f,3.412131865125762f,0.22335664179886702f,-0.15917600827441708f,-0.9616521247073471f,-0.5679178228340739f,0f,0f,0f,1f], start_interpolation: 0, interpolation_duration: 1 }
$data merge entity $(bone_left_arm) { transformation: [-1.46271875f,-5.961842547424069e-17f,1.689191993445569e-16f,1.4259925f,0f,1.3793299379230406f,0.48682138814023235f,3.406220626620913f,-1.7913138352403177e-16f,0.48682138814023235f,-1.3793299379230406f,-0.5786541455450591f,0f,0f,0f,1f], start_interpolation: 0, interpolation_duration: 1 }
$data merge entity $(bone_chest) { transformation: [-2.06546125f,-8.418538943529437e-17f,2.385257320501345e-16f,3.2601844557261767e-18f,0f,1.947710411003445f,0.6874258724548785f,4.136330257234369f,-2.529460508575391e-16f,0.6874258724548785f,-1.947710411003445f,-0.026621426341015608f,0f,0f,0f,1f], start_interpolation: 0, interpolation_duration: 1 }
$data merge entity $(bone_left_cheek) { transformation: [-1.1325143631329917f,0.08968451895872763f,-0.04352419711371766f,0.7555294005812776f,0.09227347064355293f,1.1309405457363582f,-0.0706083564652211f,-0.75813773346357f,0.03772632092645021f,-0.07386894101358127f,-1.1338635524791616f,-1.517105926394285f,0f,0f,0f,1f], start_interpolation: 0, interpolation_duration: 1 }
$data merge entity $(bone_left_foot) { transformation: [-1.0659521313546467f,0.06570980004911177f,-0.37776901439635313f,1.8651135460651176f,-0.08719186875093202f,1.0452867148594127f,0.4278485878931207f,-6.801053923728903f,0.37339628290089677f,0.43167008040391563f,-0.9785281344958205f,-1.4984127052121619f,0f,0f,0f,1f], start_interpolation: 0, interpolation_duration: 1 }
$data merge entity $(bone_left_knee) { transformation: [-2.93998243067176f,-0.09734690563661957f,-1.040956390768662f,1.810704139683291f,-0.49341340382832066f,2.8682315622981522f,1.1253240591656373f,-3.180298559142398f,0.9217428277137254f,1.224881465766158f,-2.717833489115665f,0.15032505869381252f,0f,0f,0f,1f], start_interpolation: 0, interpolation_duration: 1 }
$data merge entity $(bone_left_leg) { transformation: [-2.2449988047566576f,-0.6823227524105308f,-0.4144905261022729f,0.7753200000000001f,-0.3767752114057333f,1.9961596743205625f,-1.2453005110137203f,-0.5823885281999372f,0.7038516709902637f,-1.1077764143561577f,-1.9886705632368753f,-1.4933670859281434f,0f,0f,0f,1f], start_interpolation: 0, interpolation_duration: 1 }
$data merge entity $(bone_right_cheek) { transformation: [-1.1316881884691012f,-0.09952472736500612f,0.043624810603870724f,-0.7545486762412227f,-0.10217355948763725f,1.129959153898295f,-0.07265896806901075f,-0.7600278875984267f,-0.03699809723389378f,-0.07624690513160831f,-1.1337301273392626f,-1.5132850765848938f,0f,0f,0f,1f], start_interpolation: 0, interpolation_duration: 1 }
$data merge entity $(bone_right_foot) { transformation: [-1.0682158546191485f,-0.06750281256802937f,0.3709978579933962f,-1.7713576308540755f,0.07518941444341425f,1.0540128895602896f,0.40827017157321843f,-6.805634309861807f,-0.36951670097025274f,0.40961121973912545f,-0.9894226643694225f,-1.5071542578023271f,0f,0f,0f,1f], start_interpolation: 0, interpolation_duration: 1 }
$data merge entity $(bone_right_knee) { transformation: [-2.9484142436766336f,0.05407285894799475f,1.0200455351540496f,-1.771445406325564f,0.45139039580686985f,2.8641982562114197f,1.1528999869314578f,-3.1914716756890407f,-0.9163315330358545f,1.2369348387115742f,-2.714201917051034f,0.15687532542607308f,0f,0f,0f,1f], start_interpolation: 0, interpolation_duration: 1 }
$data merge entity $(bone_right_leg) { transformation: [-2.251437418103591f,0.6524939768652819f,0.42739622197910143f,-0.7753199999999999f,0.344686039104496f,2.003453605079839f,-1.242880346124877f,-0.5823885281999372f,-0.699719554431584f,-1.1125698317371224f,-1.9874524604877826f,-1.4933670859281434f,0f,0f,0f,1f], start_interpolation: 0, interpolation_duration: 1 }
$data merge entity $(bone_weist) { transformation: [-2.0892733333333333f,-7.769015202741021e-18f,2.5574421339524375e-16f,1.312890804023959e-16f,0f,2.088309981076199f,0.06343882340728882f,1.109615826145671f,-2.5586219002105877e-16f,0.06343882340728882f,-2.088309981076199f,-1.0720566982562196f,0f,0f,0f,1f], start_interpolation: 0, interpolation_duration: 1 }
data modify entity @s data merge value {"locators":{"consume":{"posx":-4.816840212783099,"posy":2.7094846477805783,"posz":2.5424429979631666,"roty":267.8292985366104,"rotx":-77.7667462716448}},"cameras":{}}