# This file was generated by Animated Java via MC-Build. It is not recommended to edit this file directly.
$data merge entity $(bone_right_thumb_2) { transformation: [-0.9622584434711885f,0.20002026870457995f,-0.18452799266169131f,-3.8503021323836646f,0.27057641799868337f,0.6306824337099289f,-0.727343158236003f,-0.36005362542881325f,-0.029104810451319754f,-0.7498210185884826f,-0.6610002648195565f,-0.8019612750446274f,0f,0f,0f,1f], start_interpolation: 0, interpolation_duration: 1 }
$data merge entity $(bone_right_thumb) { transformation: [-0.9622584434711885f,0.14544538446764893f,-0.2300094087324763f,-4.006053196545623f,0.27057641799868337f,0.4209421892307697f,-0.8657921663705495f,-0.13538643488517904f,-0.029104810451319754f,-0.8953509443021017f,-0.44440926694425253f,-1.0640555698749445f,0f,0f,0f,1f], start_interpolation: 0, interpolation_duration: 1 }
$data merge entity $(bone_right_fingers_2) { transformation: [0.9601691640197639f,-0.2436063832506923f,-0.13686163269925072f,-3.9549558091848693f,-0.27731311137012654f,-0.7707679799331814f,-0.5735975587220915f,-0.884078965142689f,0.034243462555756776f,0.588704213632993f,-0.8076228910345178f,-0.8105052272564831f,0f,0f,0f,1f], start_interpolation: 0, interpolation_duration: 1 }
$data merge entity $(bone_right_fingers) { transformation: [-0.2686572040007165f,-0.9534632663261929f,-0.13686163269925072f,-4.388835262042791f,-0.7632446460153868f,0.2973944366609841f,-0.5735975587220915f,-0.7936076437741754f,0.587606090052992f,-0.049642207945286405f,-0.8076228910345178f,-0.81168793117579f,0f,0f,0f,1f], start_interpolation: 0, interpolation_duration: 1 }
$data merge entity $(bone_right_hand) { transformation: [-0.9698812569273646f,0.20149253325096347f,-0.13686163269925072f,-4.195445315530126f,0.2434287436501534f,0.782130607630826f,-0.5735975587220915f,-0.1772524657355239f,-0.008531953229070605f,-0.5896375765257375f,-0.8076228910345178f,-1.2715583340321164f,0f,0f,0f,1f], start_interpolation: 0, interpolation_duration: 1 }
$data merge entity $(bone_right_forearm) { transformation: [-1.6136264910461429f,0.8128486506819316f,-0.24963008655244506f,-2.9363946548024744f,0.7980997941394163f,1.2630485254524904f,-1.0462187642077632f,1.6019019139855726f,-0.2933851182698933f,-1.0348014568362192f,-1.4730715118217812f,-2.8403435330908735f,0f,0f,0f,1f], start_interpolation: 0, interpolation_duration: 1 }
$data merge entity $(bone_right_bicep) { transformation: [-1.4153614697272647f,0.5075547892484449f,0.49927407483860997f,-2.1465838855592265f,0.7098541405991083f,1.0914078360536161f,0.9028125998005183f,3.2912331036243705f,-0.05471348069063615f,1.0302192131751553f,-1.2024098152123452f,-1.2170538056622882f,0f,0f,0f,1f], start_interpolation: 0, interpolation_duration: 1 }
$data merge entity $(bone_right_shoulder) { transformation: [-0.958883513756919f,0.07088806874455308f,0.3192651992023118f,-1.7149595146725352f,0.2509050936414412f,0.7938331639058827f,0.5773114588632342f,3.3424761812800394f,-0.2097665838421458f,0.6254732354463167f,-0.7688915337746622f,-0.9722128508804221f,0f,0f,0f,1f], start_interpolation: 0, interpolation_duration: 1 }
$data merge entity $(bone_right_arm) { transformation: [-1.2643178892737417f,0.010753537078283904f,0.4106610130131005f,-1.6414056036511382f,1.1530555156513686e-18f,1.3289269538193185f,-0.03479917698389117f,3.5009583863407263f,-0.41080178452465366f,-0.03309598403223803f,-1.2638846391101315f,-0.9465655603806313f,0f,0f,0f,1f], start_interpolation: 0, interpolation_duration: 1 }
$data merge entity $(bone_left_thumb_2) { transformation: [-0.7002414827152397f,0.5505790352644752f,0.4544497681944641f,2.2477845814103756f,-0.48880523115204527f,0.0941908428725302f,-0.8672932209566482f,0.3420471544662141f,-0.5203184715951935f,-0.829452114980848f,0.2031695771286633f,2.9355798902972023f,0f,0f,0f,1f], start_interpolation: 0, interpolation_duration: 1 }
$data merge entity $(bone_left_thumb) { transformation: [-0.7002414827152397f,0.5845375017114849f,0.4098509179905032f,2.562549818096106f,-0.48880523115204527f,0.02585344209141016f,-0.8720097737585406f,0.49348583400825813f,-0.5203184715951935f,-0.8109546896250873f,0.2676213360177399f,2.7892366909687354f,0f,0f,0f,1f], start_interpolation: 0, interpolation_duration: 1 }
$data merge entity $(bone_left_fingers_2) { transformation: [0.8007731533620662f,-0.21143499732875998f,0.5604084213849391f,2.311068249898434f,0.49801644756985486f,-0.2847911710591667f,-0.8190687436574844f,-0.017247178208122993f,0.332779168224927f,0.9349808718852677f,-0.12275501783711379f,3.2756622894614975f,0f,0f,0f,1f], start_interpolation: 0, interpolation_duration: 1 }
$data merge entity $(bone_left_fingers) { transformation: [0.3141480121565781f,0.7663246229235431f,0.5604084213849391f,2.6387745379971443f,0.34735893367549064f,0.45658314068652994f,-0.8190687436574844f,0.16076964234823377f,-0.883545583234898f,0.4519716893146223f,-0.12275501783711379f,3.5151543326082084f,0f,0f,0f,1f], start_interpolation: 0, interpolation_duration: 1 }
$data merge entity $(bone_left_hand) { transformation: [-0.7768214061830122f,0.2872122980248023f,0.5604084213849391f,2.835376033879606f,-0.4684276545340793f,0.3312128101856129f,-0.8190687436574844f,0.41446232592558463f,-0.4208610642047428f,-0.8987809356190534f,-0.12275501783711379f,2.7900598294939116f,0f,0f,0f,1f], start_interpolation: 0, interpolation_duration: 1 }
$data merge entity $(bone_left_forearm) { transformation: [-1.430118466230886f,0.48659422995851154f,1.0221623107657645f,3.527641277634506f,-0.8699143164626048f,0.5815463585791332f,-1.493948284402862f,1.1696163331366627f,-0.7244576013765912f,-1.6588726442460673f,-0.22390019118625795f,0.3076825149771737f,0f,0f,0f,1f], start_interpolation: 0, interpolation_duration: 1 }
$data merge entity $(bone_left_bicep) { transformation: [-1.2562069376927685f,-0.8162414002151404f,0.515585746652184f,2.2435225131607908f,-0.7703278489085146f,1.3574484482098692f,0.272145680715504f,3.2820474923815652f,-0.5819567774088068f,-0.03490333667361367f,-1.4731743353047226f,0.27047962729417974f,0f,0f,0f,1f], start_interpolation: 0, interpolation_duration: 1 }
$data merge entity $(bone_left_shoulder) { transformation: [-0.9039843754353262f,-0.35600521166589155f,0.2872029193834342f,1.7614242923140404f,-0.3261920191155136f,0.9476843537470855f,0.14800713156856257f,3.3424761812800394f,-0.3206618067387946f,0.03959335293370807f,-0.9602194284481643f,0.1573327196746513f,0f,0f,0f,1f], start_interpolation: 0, interpolation_duration: 1 }
$data merge entity $(bone_left_arm) { transformation: [-1.2643178892737417f,0.010753537078283904f,0.4106610130131005f,1.686842234767627f,1.1530555156513686e-18f,1.3289269538193185f,-0.03479917698389117f,3.5009583863407263f,-0.41080178452465366f,-0.03309598403223803f,-1.2638846391101315f,0.13484771626622166f,0f,0f,0f,1f], start_interpolation: 0, interpolation_duration: 1 }
$data merge entity $(bone_chest) { transformation: [-2.5036780741921567f,0.021294798745889236f,0.8132155551457428f,2.6597874209406523e-17f,2.2833496522943014e-18f,2.631620816811852f,-0.0689114163088748f,4.2549125f,-0.813494319331504f,-0.0655386515276835f,-2.5028201262468865f,-0.335938125f,0f,0f,0f,1f], start_interpolation: 0, interpolation_duration: 1 }
$data merge entity $(bone_weist) { transformation: [-1.8375802167603492f,0.0849361713017559f,0.6451542724844402f,-0.37500000000000006f,0f,1.9327172424357735f,-0.25444705209689394f,0.4571187499999998f,-0.6507212832698257f,-0.23985234859262533f,-1.8218594632692207f,0.1205962499999999f,0f,0f,0f,1f], start_interpolation: 0, interpolation_duration: 1 }
$data merge entity $(bone_right_foot) { transformation: [-0.9380202465672941f,-0.3936420191590062f,0.5922456185222615f,-0.7005761933675121f,0.23092798685526872f,0.7585824308223226f,0.8699516396968461f,-7.228913909531112f,-0.6725928759609102f,0.809437799510672f,-0.5272761769760845f,-3.222894638562055f,0f,0f,0f,1f], start_interpolation: 0, interpolation_duration: 1 }
$data merge entity $(bone_right_knee) { transformation: [-2.3453473182698685f,-0.8384154422978091f,1.4944344051630138f,-1.7424602387696106f,0.637393071199026f,1.924583538337043f,2.0800569620285794f,-4.755104009034056f,-1.5905988551504227f,2.00747763091215f,-1.3700209968885626f,-0.8141376007390295f,0f,0f,0f,1f], start_interpolation: 0, interpolation_duration: 1 }
$data merge entity $(bone_right_thigh) { transformation: [-1.9991513036858826f,0.46844963889426205f,1.3834600549816878f,-1.0691313457628846f,0.5433076710309478f,2.4153172290957214f,-0.03274416545515649f,-1.3874601618219198f,-1.355811034956209f,0.27714678708630713f,-2.053041358287205f,-0.36372882390834876f,0f,0f,0f,1f], start_interpolation: 0, interpolation_duration: 1 }
$data merge entity $(bone_right_leg) { transformation: [-0.9426975539041402f,-0.012965408757754069f,0.3333964907417219f,-0.9589787499999999f,0.005093261865704222f,0.998569039018745f,0.05323469730117125f,-1.5365431249999997f,-0.3336096229827881f,0.0518822945610959f,-0.9412825542653798f,-0.5662968750000001f,0f,0f,0f,1f], start_interpolation: 0, interpolation_duration: 1 }
$data merge entity $(bone_left_foot) { transformation: [-1.1745482614612623f,0.04450035820344163f,0.06361599244415071f,1.2247063753782934f,0.04431217616936353f,1.1762675930460285f,-0.004677121914251006f,-7.879565111312388f,-0.06374721498249278f,-0.0022721236830008057f,-1.1753816507469f,1.9694882536334686f,0f,0f,0f,1f], start_interpolation: 0, interpolation_duration: 1 }
$data merge entity $(bone_left_knee) { transformation: [-2.888785942059181f,-0.2703773832044566f,0.13689609251832932f,0.9585692680685756f,-0.2687988545161271f,2.8919055752262817f,0.03947161410423585f,-4.283378637989708f,-0.13997015862709583f,0.02658765052964111f,-2.9011429023864443f,1.906383375346868f,0f,0f,0f,1f], start_interpolation: 0, interpolation_duration: 1 }
$data merge entity $(bone_left_thigh) { transformation: [-2.462373115124497f,-0.1316770448788557f,0.22224428159823173f,0.7195885684565437f,-0.2291215361789561f,2.0970646859389936f,-1.2960847763883527f,-1.3330464378245699f,-0.11930920547106813f,-1.3095776348802777f,-2.0978046750472985f,0.10758013987301361f,0f,0f,0f,1f], start_interpolation: 0, interpolation_duration: 1 }
$data merge entity $(bone_left_leg) { transformation: [-0.9611877561914584f,-0.0732731562828406f,0.26598710855223806f,0.6589781250000002f,-0.07236006878546587f,0.9972906238380721f,0.013245076444918097f,-1.4615431249999995f,-0.2662369579772731f,-0.006515840162211963f,-0.9638855876264507f,0.0462031249999999f,0f,0f,0f,1f], start_interpolation: 0, interpolation_duration: 1 }
execute on vehicle unless entity @s[tag=aj.transforms_only] positioned ^0 ^0 ^0 rotated ~0 ~0 run function animated_java:armor/animations/punch_1/zzz/frames/zzz/0
data modify entity @s data merge value {"locators":{"consume":{"posx":2.366786972291787,"posy":0.171165516719558,"posz":3.511317967283915,"roty":77.64474867456696,"rotx":-54.99167978411961}},"cameras":{}}