# This file was generated by Animated Java via MC-Build. It is not recommended to edit this file directly.
$data merge entity $(bone_right_thumb_2) { transformation: [-0.9341472591720079f,0.11962292124018269f,-0.3362428510695662f,-3.808711237049959f,0.3464342104140846f,0.5302993334157129f,-0.7737996865039554f,0.7262384662118111f,0.08574518083364917f,-0.8393288829134948f,-0.5368191411183003f,-0.9839974326920171f,0f,0f,0f,1f], start_interpolation: 0, interpolation_duration: 1 }
$data merge entity $(bone_right_thumb) { transformation: [-0.9341472591720079f,-0.0025930517487909033f,-0.35687837460968896f,-3.9983566423808767f,0.3464342104140846f,0.23366329073499126f,-0.9085069093945648f,0.9118509500609253f,0.08574518083364917f,-0.9723141172715343f,-0.21737760077404916f,-1.2542006635261198f,0f,0f,0f,1f], start_interpolation: 0, interpolation_duration: 1 }
$data merge entity $(bone_right_fingers_2) { transformation: [0.9292149410845777f,-0.20058628600719897f,-0.3103622643476855f,-3.960835729631289f,-0.36350358922012166f,-0.647318205522812f,-0.6699584176818848f,0.21794987055251897f,-0.06651867323747146f,0.7353531686642577f,-0.6744115831198055f,-0.9049214923052357f,0f,0f,0f,1f], start_interpolation: 0, interpolation_duration: 1 }
$data merge entity $(bone_right_fingers) { transformation: [-0.1924698211270643f,-0.9309299827722239f,-0.3103622643476855f,-4.382683663425836f,-0.6504656846041554f,0.35784090281804276f,-0.6699584176818848f,0.3395236513102591f,0.7347446911055315f,0.0729332259404098f,-0.6744115831198055f,-0.8440776349607529f,0f,0f,0f,1f], start_interpolation: 0, interpolation_duration: 1 }
$data merge entity $(bone_right_hand) { transformation: [-0.9370799852673604f,0.15986358584837562f,-0.3103622643476855f,-4.2218810527231f,0.3349219907936508f,0.6625579058920075f,-0.6699584176818848f,0.8589088687572712f,0.09853101691417435f,-0.731751771613637f,-0.6744115831198055f,-1.4212740318822623f,0f,0f,0f,1f], start_interpolation: 0, interpolation_duration: 1 }
$data merge entity $(bone_right_forearm) { transformation: [-1.4675065781874457f,0.9234701535969706f,-0.5660882263619943f,-2.8196166183426934f,1.0268482169954158f,0.8827136147831597f,-1.2219770763657098f,2.0610106278142926f,-0.34472560662564156f,-1.3018633228282994f,-1.2300994701423742f,-3.3707077165427908f,0f,0f,0f,1f], start_interpolation: 0, interpolation_duration: 1 }
$data merge entity $(bone_right_bicep) { transformation: [-1.339224212286587f,0.49260315223340245f,0.6884440424018445f,-2.055805008449732f,0.8456278841098746f,0.8379442525415957f,1.0454173650422445f,3.3525765271234045f,-0.03907104714150862f,1.2511299372670008f,-0.9712270019068889f,-1.4057243041423737f,0f,0f,0f,1f], start_interpolation: 0, interpolation_duration: 1 }
$data merge entity $(bone_right_shoulder) { transformation: [-0.9122757514455168f,0.019028168001530777f,0.4402315990633375f,-1.6585208626516033f,0.33683422336434315f,0.6826870848306695f,0.6685013304719608f,3.339791943164971f,-0.28409265735301464f,0.7483242958068032f,-0.6210596501224298f,-1.1042704841302298f,0f,0f,0f,1f], start_interpolation: 0, interpolation_duration: 1 }
$data merge entity $(bone_right_arm) { transformation: [-1.2144513443445646f,0.04242350587925133f,0.5390417513280786f,-1.5846762297839765f,0f,1.3252844574114797f,-0.10430214882642183f,3.498143968378072f,-0.540708575413715f,-0.09528475428274019f,-1.2107075961525962f,-1.0786545327526884f,0f,0f,0f,1f], start_interpolation: 0, interpolation_duration: 1 }
$data merge entity $(bone_left_thumb_2) { transformation: [-0.502190589693093f,0.8093639572953001f,0.3045235561578046f,1.6713361252287238f,-0.660888314550158f,-0.13210404462143388f,-0.7387659690901511f,1.5141055695653614f,-0.5577017548069536f,-0.5722573774325243f,0.6012405896638174f,3.2042789415988766f,0f,0f,0f,1f], start_interpolation: 0, interpolation_duration: 1 }
$data merge entity $(bone_left_thumb) { transformation: [-0.502190589693093f,0.8367615562060644f,0.21825377357404224f,2.0282848543971728f,-0.660888314550158f,-0.20860243630615566f,-0.7209102990373963f,1.624849242004779f,-0.5577017548069536f,-0.5062757367509747f,0.6577641150613973f,3.1430367695553127f,0f,0f,0f,1f], start_interpolation: 0, interpolation_duration: 1 }
$data merge entity $(bone_left_fingers_2) { transformation: [0.7159366690282973f,-0.4821347723744276f,0.5049561834536986f,1.6277762071697437f,0.597204572089265f,0.048275129925059404f,-0.8006348798961964f,1.3034135897917591f,0.36163709021109036f,0.8747660104840483f,0.3224950261406806f,3.6471332205477793f,0f,0f,0f,1f], start_interpolation: 0, interpolation_duration: 1 }
$data merge entity $(bone_left_fingers) { transformation: [0.6256633094114479f,0.5946130473242157f,0.5049561834536986f,1.8647646425566464f,0.08212791043603909f,0.5934970896483095f,-0.8006348798961964f,1.5543351313377036f,-0.7757579710088228f,0.5423988647949007f,0.3224950261406806f,3.925184834231444f,0f,0f,0f,1f], start_interpolation: 0, interpolation_duration: 1 }
$data merge entity $(bone_left_hand) { transformation: [-0.6567553190913168f,0.5600818722625628f,0.5049561834536986f,2.282043506613273f,-0.5988305547618534f,0.019640666414722802f,-0.8006348798961964f,1.5566617300701067f,-0.45833875848423933f,-0.8282044074898712f,0.3224950261406806f,3.2509095930424925f,0f,0f,0f,1f], start_interpolation: 0, interpolation_duration: 1 }
$data merge entity $(bone_left_forearm) { transformation: [-1.2743536465457987f,0.9244317782780344f,0.9210196699737984f,3.6213715568837133f,-1.091686410854412f,-0.04998302787778195f,-1.4603256619375997f,1.3740713964851567f,-0.7148930867792365f,-1.571545782300786f,0.5882178935066282f,0.9304469198272047f,0f,0f,0f,1f], start_interpolation: 0, interpolation_duration: 1 }
$data merge entity $(bone_left_bicep) { transformation: [-1.1152684501754406f,-0.9354017780325142f,0.6255672254685251f,2.150310469639067f,-0.9537385479536716f,1.2531621145575493f,0.17349943132005002f,3.3244919175438192f,-0.5972383293744634f,-0.2544460339144028f,-1.4452329049792416f,0.550250224283866f,0f,0f,0f,1f], start_interpolation: 0, interpolation_duration: 1 }
$data merge entity $(bone_left_shoulder) { transformation: [-0.8394093572095161f,-0.4200918012871508f,0.38121881929839785f,1.680749287419353f,-0.4166080382094992f,0.9186057616545641f,0.09494301354555344f,3.339791943164971f,-0.38502292424631024f,-0.07809809097023891f,-0.9338474257920643f,0.38246837467590095f,0f,0f,0f,1f], start_interpolation: 0, interpolation_duration: 1 }
$data merge entity $(bone_left_arm) { transformation: [-1.2144513443445646f,0.04242350587925133f,0.5390417513280786f,1.6123006507704793f,0f,1.3252844574114797f,-0.10430214882642183f,3.498143968378072f,-0.540708575413715f,-0.09528475428274019f,-1.2107075961525962f,0.34473128073835757f,0f,0f,0f,1f], start_interpolation: 0, interpolation_duration: 1 }
$data merge entity $(bone_chest) { transformation: [-2.4049293526608846f,0.08400956942977075f,1.0674427889725508f,2.6597874209406523e-17f,0f,2.624407727074691f,-0.20654536752449562f,4.2549125f,-1.0707435339451148f,-0.18868858229912455f,-2.3975157580712265f,-0.335938125f,0f,0f,0f,1f], start_interpolation: 0, interpolation_duration: 1 }
$data merge entity $(bone_weist) { transformation: [-1.7521042453878455f,0.14839249828441806f,0.8415756776880725f,-0.5f,1.3526642190601438e-17f,1.9197788993466693f,-0.3385088169496183f,0.5071187499999998f,-0.8545583390402492f,-0.30424970929409145f,-1.7254858449435544f,0.27059625000000004f,0f,0f,0f,1f], start_interpolation: 0, interpolation_duration: 1 }
$data merge entity $(bone_right_foot) { transformation: [-0.8549199142865238f,-0.6115794162350097f,0.5297862329945258f,-0.01641993458834201f,0.29719276288021435f,0.4795081865626928f,1.0331211233865778f,-6.388991445910938f,-0.7525817541799096f,0.8841003401953678f,-0.1938509391736021f,-3.6327843950762375f,0f,0f,0f,1f], start_interpolation: 0, interpolation_duration: 1 }
$data merge entity $(bone_right_knee) { transformation: [-2.13417469902786f,-1.3894746102456645f,1.3969922512476673f,-1.7407631623591175f,0.7565689627873794f,1.323657680070931f,2.4723394667945766f,-4.644834159277213f,-1.8192939419209297f,2.180417240347802f,-0.6106381083898266f,-0.988559736041722f,0f,0f,0f,1f], start_interpolation: 0, interpolation_duration: 1 }
$data merge entity $(bone_right_thigh) { transformation: [-1.819149811466875f,0.4107018895963766f,1.6285056475987612f,-1.1560746784145892f,0.6448920449873554f,2.3874963455466363f,0.11827160797310492f,-1.3207586999127872f,-1.5507485085245512f,0.5110752203174038f,-1.861180782574723f,-0.21014682295294468f,0f,0f,0f,1f], start_interpolation: 0, interpolation_duration: 1 }
$data merge entity $(bone_right_leg) { transformation: [-0.8988929811906085f,-0.024951639765435882f,0.4374572253824096f,-1.0089787499999998f,0.006475504926877412f,0.9975117829650243f,0.07020192790714648f,-1.5365431249999997f,-0.4381203900781181f,0.06593677668004498f,-0.8964947658959552f,-0.46629687500000017f,0f,0f,0f,1f], start_interpolation: 0, interpolation_duration: 1 }
$data merge entity $(bone_left_foot) { transformation: [-1.1694340392268523f,0.05256063664440512f,0.12350021153693125f,0.9507970648399631f,0.053955841938784777f,1.1758272035588762f,0.0104904417520465f,-7.542771807144856f,-0.12289707032638661f,0.016082963750845794f,-1.1705676158423068f,2.8145938204493737f,0f,0f,0f,1f], start_interpolation: 0, interpolation_duration: 1 }
$data merge entity $(bone_left_knee) { transformation: [-2.881648474668236f,-0.23593324763558535f,0.27814790963870495f,0.7320763640786915f,-0.24411986247630174f,2.8933944586872626f,-0.0748511036419636f,-3.949200991309872f,-0.2709912355055178f,-0.09763553467869202f,-2.8903217366205487f,2.6006349853961206f,0f,0f,0f,1f], start_interpolation: 0, interpolation_duration: 1 }
$data merge entity $(bone_left_thigh) { transformation: [-2.456289207155528f,-0.015217477808867457f,0.31052291722104575f,0.6546263932926146f,-0.20808540275609672f,1.9178080174461116f,-1.5520069575611795f,-1.2448436088444896f,-0.2309903004677139f,-1.5658204110074736f,-1.9039072048031342f,0.4378318052616552f,0f,0f,0f,1f], start_interpolation: 0, interpolation_duration: 1 }
$data merge entity $(bone_left_leg) { transformation: [-0.9314432999573404f,-0.09686194644264863f,0.35075795400235965f,0.6089781249999999f,-0.0936319247570067f,0.9952620624168543f,0.026200949983691046f,-1.436543125f,-0.35163395972357137f,-0.008437443042244145f,-0.9360995502210386f,0.3712031250000002f,0f,0f,0f,1f], start_interpolation: 0, interpolation_duration: 1 }
data modify entity @s data merge value {"locators":{"consume":{"posx":1.607217169582623,"posy":1.556837471456403,"posz":3.837076575482353,"roty":122.56471979926462,"rotx":-53.1907717575183}},"cameras":{}}