# This file was generated by Animated Java via MC-Build. It is not recommended to edit this file directly.
$data merge entity $(bone_neck) {transformation: [-0.7071f,0.7064f,0.0308f,-0.018f,0.7071f,0.7064f,0.0308f,1.5445f,0f,0.0436f,-0.999f,-1.457f,0f,0f,0f,1f],start_interpolation: 0,interpolation_duration: 1}
$data merge entity $(bone_left_fingers_2) {transformation: [-0.872f,0.3851f,0.3023f,1.694f,0.4768f,0.5281f,0.7027f,-1.361f,0.111f,0.7569f,-0.6441f,1.4891f,0f,0f,0f,1f],start_interpolation: 0,interpolation_duration: 1}
$data merge entity $(bone_left_fingers) {transformation: [-0.872f,0.4872f,0.048f,1.7365f,0.4768f,0.8229f,0.3089f,-1.1848f,0.111f,0.2923f,-0.9499f,0.9419f,0f,0f,0f,1f],start_interpolation: 0,interpolation_duration: 1}
$data merge entity $(bone_left_index_finger_2) {transformation: [-0.8059f,0.1164f,0.5805f,1.0909f,0.4357f,0.7804f,0.4485f,-0.9506f,-0.4008f,0.6144f,-0.6796f,1.3727f,0f,0f,0f,1f],start_interpolation: 0,interpolation_duration: 1}
$data merge entity $(bone_left_index_finger) {transformation: [-0.8059f,0.4101f,0.427f,1.3393f,0.4357f,0.8991f,-0.041f,-0.969f,-0.4008f,0.153f,-0.9033f,0.853f,0f,0f,0f,1f],start_interpolation: 0,interpolation_duration: 1}
$data merge entity $(bone_left_thumb) {transformation: [0.2228f,0.7551f,0.6166f,1.242f,0.971f,-0.1154f,-0.2095f,-1.2937f,-0.087f,0.6454f,-0.7589f,0.112f,0f,0f,0f,1f],start_interpolation: 0,interpolation_duration: 1}
$data merge entity $(bone_left_hand) {transformation: [-0.8622f,0.4912f,0.1241f,1.6671f,0.4684f,0.8662f,-0.174f,-1.3557f,-0.193f,-0.0919f,-0.9769f,0.2312f,0f,0f,0f,1f],start_interpolation: 0,interpolation_duration: 1}
$data merge entity $(bone_left_forearm) {transformation: [-1.6772f,1.0627f,0.2508f,2.3931f,1.0245f,1.6906f,-0.3125f,-0.898f,-0.3778f,-0.1335f,-1.9608f,-1.8348f,0f,0f,0f,1f],start_interpolation: 0,interpolation_duration: 1}
$data merge entity $(bone_left_bicep) {transformation: [-1.2612f,-0.1525f,0.2252f,1.4604f,-0.1223f,1.2721f,0.1766f,0.5926f,-0.2429f,0.1513f,-1.258f,-1.7763f,0f,0f,0f,1f],start_interpolation: 0,interpolation_duration: 1}
$data merge entity $(bone_left_shoulder) {transformation: [-1.2051f,-0.1457f,0.2152f,1.0464f,-0.1169f,1.2156f,0.1687f,0.6664f,-0.2321f,0.1445f,-1.2021f,-1.8137f,0f,0f,0f,1f],start_interpolation: 0,interpolation_duration: 1}
$data merge entity $(bone_right_fingers_2) {transformation: [-0.9969f,-0.0551f,-0.0562f,-1.9526f,0.0177f,0.5383f,-0.8426f,5.1152f,0.0767f,-0.8409f,-0.5357f,1.4161f,0f,0f,0f,1f],start_interpolation: 0,interpolation_duration: 1}
$data merge entity $(bone_right_fingers) {transformation: [-0.9969f,-0.0767f,-0.0177f,-1.977f,0.0177f,0.0013f,-0.9998f,4.5392f,0.0767f,-0.9971f,0.0001f,1.4114f,0f,0f,0f,1f],start_interpolation: 0,interpolation_duration: 1}
$data merge entity $(bone_right_index_finger_2) {transformation: [-0.8365f,-0.0323f,-0.5469f,-1.2888f,0.4484f,0.5333f,-0.7173f,4.9249f,0.3149f,-0.8453f,-0.4316f,1.2625f,0f,0f,0f,1f],start_interpolation: 0,interpolation_duration: 1}
$data merge entity $(bone_right_index_finger) {transformation: [-0.8365f,-0.3211f,-0.4439f,-1.5465f,0.4484f,0.0644f,-0.8915f,4.4115f,0.3149f,-0.9448f,0.0901f,1.3089f,0f,0f,0f,1f],start_interpolation: 0,interpolation_duration: 1}
$data merge entity $(bone_right_thumb) {transformation: [-0.1972f,-0.2356f,-0.9516f,-1.7295f,-0.3812f,0.9127f,-0.147f,3.6717f,0.9032f,0.3338f,-0.2698f,1.1258f,0f,0f,0f,1f],start_interpolation: 0,interpolation_duration: 1}
$data merge entity $(bone_right_hand) {transformation: [-0.9346f,-0.0871f,-0.3447f,-2.1042f,0.2773f,0.4281f,-0.8601f,3.8416f,0.2225f,-0.8995f,-0.3759f,1.2215f,0f,0f,0f,1f],start_interpolation: 0,interpolation_duration: 1}
$data merge entity $(bone_right_forearm) {transformation: [-1.6342f,0.4171f,-1.0774f,-3.0019f,1.1407f,0.8791f,-1.3898f,2.813f,0.1837f,-1.7489f,-0.9555f,-0.5507f,0f,0f,0f,1f],start_interpolation: 0,interpolation_duration: 1}
$data merge entity $(bone_right_bicep) {transformation: [-0.5294f,0.946f,-0.6995f,-1.443f,1.1726f,0.4869f,-0.2289f,2.6476f,0.0962f,-0.7297f,-1.0596f,-1.4459f,0f,0f,0f,1f],start_interpolation: 0,interpolation_duration: 1}
$data merge entity $(bone_right_shoulder) {transformation: [-0.5058f,0.9039f,-0.6684f,-1.1769f,1.1205f,0.4653f,-0.2187f,2.3286f,0.0919f,-0.6972f,-1.0125f,-1.5213f,0f,0f,0f,1f],start_interpolation: 0,interpolation_duration: 1}
$data merge entity $(bone_chest) {transformation: [-2.8858f,2.8226f,0.4994f,-0.135f,2.8665f,2.8422f,0.4994f,1.4275f,-0.0024f,0.7063f,-4.0057f,-1.4215f,0f,0f,0f,1f],start_interpolation: 0,interpolation_duration: 1}
$data merge entity $(bone_weist) {transformation: [-0.7433f,0.8082f,-0.0663f,0.3007f,0.8109f,0.7403f,-0.0664f,1.8632f,-0.0042f,-0.0937f,-1.096f,-3.8651f,0f,0f,0f,1f],start_interpolation: 0,interpolation_duration: 1}
$data merge entity $(bone_right_fingers2) {transformation: [-0.7068f,0.5834f,0.4001f,-0.6125f,0.7074f,0.5809f,0.4026f,-0.1034f,0.0025f,0.5676f,-0.8233f,-5.5829f,0f,0f,0f,1f],start_interpolation: 0,interpolation_duration: 1}
$data merge entity $(bone_left_foot) {transformation: [-0.7068f,0.6211f,0.3387f,-0.0711f,0.7074f,0.6188f,0.3415f,0.4284f,0.0025f,0.481f,-0.8767f,-4.938f,0f,0f,0f,1f],start_interpolation: 0,interpolation_duration: 1}
$data merge entity $(bone_left_knee) {transformation: [-1.1203f,1.0282f,-0.4472f,0.1248f,1.1213f,1.0295f,-0.4417f,0.5941f,0.004f,-0.6286f,-1.455f,-2.8761f,0f,0f,0f,1f],start_interpolation: 0,interpolation_duration: 1}
$data merge entity $(bone_left_thigh) {transformation: [-1.1334f,0.8752f,-0.7218f,0.4783f,1.1345f,0.878f,-0.7168f,0.9964f,0.004f,-1.0173f,-1.2397f,-4.6241f,0f,0f,0f,1f],start_interpolation: 0,interpolation_duration: 1}
$data merge entity $(bone_left_leg) {transformation: [-0.7071f,0.7044f,-0.0616f,0.4932f,0.7071f,0.7044f,-0.0616f,1.3122f,0f,-0.0872f,-0.9962f,-4.9421f,0f,0f,0f,1f],start_interpolation: 0,interpolation_duration: 1}
$data merge entity $(bone_left_fingers2) {transformation: [-0.8308f,0.5542f,0.0514f,-1.3128f,0.5559f,0.8308f,0.028f,0.8867f,-0.0272f,0.0518f,-0.9983f,-9.2554f,0f,0f,0f,1f],start_interpolation: 0,interpolation_duration: 1}
$data merge entity $(bone_right_foot) {transformation: [-0.8198f,0.4076f,0.4023f,-0.9997f,0.5726f,0.591f,0.5682f,1.3522f,-0.0061f,0.6962f,-0.7179f,-8.4325f,0f,0f,0f,1f],start_interpolation: 0,interpolation_duration: 1}
$data merge entity $(bone_right_knee) {transformation: [-1.2994f,0.9035f,-0.0871f,-1.2177f,0.9076f,1.2917f,-0.1415f,1.0898f,-0.0097f,-0.1658f,-1.5763f,-6.3875f,0f,0f,0f,1f],start_interpolation: 0,interpolation_duration: 1}
$data merge entity $(bone_right_thigh) {transformation: [-1.3147f,0.0711f,0.9156f,-0.5418f,0.9183f,0.1189f,1.3093f,2.0231f,-0.0098f,1.5977f,-0.1382f,-4.6572f,0f,0f,0f,1f],start_interpolation: 0,interpolation_duration: 1}
$data merge entity $(bone_right_leg) {transformation: [-0.8192f,0.5714f,-0.05f,-0.2797f,0.5736f,0.816f,-0.0714f,2.0263f,0f,-0.0872f,-0.9962f,-4.9837f,0f,0f,0f,1f],start_interpolation: 0,interpolation_duration: 1}