# This file was generated by Animated Java via MC-Build. It is not recommended to edit this file directly.
$data merge entity $(bone_neck) {transformation: [-0.7071f,0.7064f,0.0308f,-0.0141f,0.7071f,0.7064f,0.0308f,1.5484f,0f,0.0436f,-0.999f,-1.457f,0f,0f,0f,1f],start_interpolation: 0,interpolation_duration: 1}
$data merge entity $(bone_left_fingers_2) {transformation: [-0.7089f,0.6566f,0.2574f,2.2287f,0.567f,0.3137f,0.7616f,-1.5846f,0.4194f,0.6859f,-0.5947f,-1.2419f,0f,0f,0f,1f],start_interpolation: 0,interpolation_duration: 1}
$data merge entity $(bone_left_fingers) {transformation: [-0.7089f,0.6921f,-0.1358f,2.1642f,0.567f,0.6738f,0.4738f,-1.3154f,0.4194f,0.2589f,-0.8701f,-1.7477f,0f,0f,0f,1f],start_interpolation: 0,interpolation_duration: 1}
$data merge entity $(bone_left_index_finger_2) {transformation: [-0.7833f,0.4136f,0.4642f,1.7048f,0.615f,0.6243f,0.4816f,-1.0773f,-0.0906f,0.6627f,-0.7434f,-1.1235f,0f,0f,0f,1f],start_interpolation: 0,interpolation_duration: 1}
$data merge entity $(bone_left_index_finger) {transformation: [-0.7833f,0.5982f,0.1693f,1.8058f,0.615f,0.7853f,0.0707f,-1.032f,-0.0906f,0.1595f,-0.983f,-1.6891f,0f,0f,0f,1f],start_interpolation: 0,interpolation_duration: 1}
$data merge entity $(bone_left_thumb) {transformation: [0.3735f,0.8575f,0.3537f,1.4648f,0.9276f,-0.3432f,-0.1475f,-1.1924f,-0.0051f,0.3832f,-0.9236f,-2.4115f,0f,0f,0f,1f],start_interpolation: 0,interpolation_duration: 1}
$data merge entity $(bone_left_hand) {transformation: [-0.778f,0.607f,-0.1619f,1.8866f,0.6153f,0.7883f,-0.001f,-1.3363f,0.127f,-0.1004f,-0.9868f,-2.427f,0f,0f,0f,1f],start_interpolation: 0,interpolation_duration: 1}
$data merge entity $(bone_left_forearm) {transformation: [-1.8148f,0.7961f,0.2793f,2.5193f,0.7847f,1.3495f,1.2524f,0.5624f,0.3098f,1.2452f,-1.5359f,-3.4268f,0f,0f,0f,1f],start_interpolation: 0,interpolation_duration: 1}
$data merge entity $(bone_left_bicep) {transformation: [-1.0787f,-0.3249f,-0.6288f,1.5147f,-0.6965f,0.6912f,0.8377f,1.0345f,0.126f,1.0398f,-0.7532f,-2.0855f,0f,0f,0f,1f],start_interpolation: 0,interpolation_duration: 1}
$data merge entity $(bone_left_shoulder) {transformation: [-1.0307f,-0.3104f,-0.6009f,1.1593f,-0.6655f,0.6604f,0.8004f,0.8621f,0.1204f,0.9936f,-0.7197f,-1.9364f,0f,0f,0f,1f],start_interpolation: 0,interpolation_duration: 1}
$data merge entity $(bone_right_fingers_2) {transformation: [-0.7808f,0.1777f,0.599f,-3.5004f,0.5641f,0.6126f,0.5536f,2.1456f,-0.2686f,0.7701f,-0.5786f,3.2978f,0f,0f,0f,1f],start_interpolation: 0,interpolation_duration: 1}
$data merge entity $(bone_right_fingers) {transformation: [-0.7808f,0.4717f,0.4098f,-3.2722f,0.5641f,0.8141f,0.1377f,2.2374f,-0.2686f,0.3387f,-0.9017f,2.7764f,0f,0f,0f,1f],start_interpolation: 0,interpolation_duration: 1}
$data merge entity $(bone_right_index_finger_2) {transformation: [-0.8001f,0.5408f,0.2594f,-2.857f,0.546f,0.4777f,0.6883f,1.7826f,0.2483f,0.6923f,-0.6775f,3.3036f,0f,0f,0f,1f],start_interpolation: 0,interpolation_duration: 1}
$data merge entity $(bone_right_index_finger) {transformation: [-0.8001f,0.5955f,-0.0718f,-2.8949f,0.546f,0.7727f,0.3238f,1.9737f,0.2483f,0.2199f,-0.9434f,2.7612f,0f,0f,0f,1f],start_interpolation: 0,interpolation_duration: 1}
$data merge entity $(bone_right_thumb) {transformation: [-0.7795f,-0.5343f,-0.3268f,-3.0189f,-0.6262f,0.6535f,0.4253f,1.7095f,-0.0137f,0.5362f,-0.844f,2.0004f,0f,0f,0f,1f],start_interpolation: 0,interpolation_duration: 1}
$data merge entity $(bone_right_hand) {transformation: [-0.8192f,0.5716f,-0.047f,-3.2768f,0.5726f,0.8198f,-0.0096f,2.0679f,0.0331f,-0.0348f,-0.9988f,2.0621f,0f,0f,0f,1f],start_interpolation: 0,interpolation_duration: 1}
$data merge entity $(bone_right_forearm) {transformation: [-1.6394f,1.1103f,-0.2913f,-3.0565f,1.146f,1.6124f,-0.3038f,2.4817f,0.0662f,-0.4156f,-1.9566f,-0.1254f,0f,0f,0f,1f],start_interpolation: 0,interpolation_duration: 1}
$data merge entity $(bone_right_bicep) {transformation: [-0.7754f,0.5893f,-0.8462f,-1.7152f,1.0288f,0.3704f,-0.6848f,2.2761f,-0.0699f,-1.0863f,-0.6925f,-1.3526f,0f,0f,0f,1f],start_interpolation: 0,interpolation_duration: 1}
$data merge entity $(bone_right_shoulder) {transformation: [-0.7409f,0.5631f,-0.8086f,-1.4015f,0.9831f,0.3539f,-0.6543f,2.0007f,-0.0668f,-1.038f,-0.6617f,-1.4157f,0f,0f,0f,1f],start_interpolation: 0,interpolation_duration: 1}
$data merge entity $(bone_chest) {transformation: [-3.421f,2.1428f,0.4994f,-0.135f,2.1949f,3.3878f,0.4994f,1.4275f,-0.1529f,0.6896f,-4.0057f,-1.4215f,0f,0f,0f,1f],start_interpolation: 0,interpolation_duration: 1}
$data merge entity $(bone_weist) {transformation: [-0.7945f,0.7578f,-0.0662f,0.3007f,0.7607f,0.7918f,-0.0662f,1.8632f,0.0021f,-0.0936f,-1.096f,-3.8651f,0f,0f,0f,1f],start_interpolation: 0,interpolation_duration: 1}
$data merge entity $(bone_right_fingers2) {transformation: [-0.7071f,0.7064f,0.0308f,-0.553f,0.7071f,0.7064f,0.0308f,-0.0483f,0f,0.0436f,-0.999f,-5.5901f,0f,0f,0f,1f],start_interpolation: 0,interpolation_duration: 1}
$data merge entity $(bone_left_foot) {transformation: [-0.7071f,0.5417f,0.4545f,-0.1122f,0.7071f,0.5417f,0.4545f,0.3856f,0f,0.6428f,-0.766f,-4.8096f,0f,0f,0f,1f],start_interpolation: 0,interpolation_duration: 1}
$data merge entity $(bone_left_knee) {transformation: [-1.1208f,1.0826f,-0.2901f,-0.1341f,1.1208f,1.0826f,-0.2901f,0.341f,0f,-0.4102f,-1.531f,-2.7324f,0f,0f,0f,1f],start_interpolation: 0,interpolation_duration: 1}
$data merge entity $(bone_left_thigh) {transformation: [-1.134f,0.9289f,-0.6504f,0.5038f,1.134f,0.9289f,-0.6504f,1.0219f,0f,-0.9198f,-1.3136f,-4.6212f,0f,0f,0f,1f],start_interpolation: 0,interpolation_duration: 1}
$data merge entity $(bone_left_leg) {transformation: [-0.7071f,0.7044f,-0.0616f,0.4972f,0.7071f,0.7044f,-0.0616f,1.3162f,0f,-0.0872f,-0.9962f,-4.9364f,0f,0f,0f,1f],start_interpolation: 0,interpolation_duration: 1}
$data merge entity $(bone_left_fingers2) {transformation: [-0.8199f,0.5725f,-0.0043f,-1.3443f,0.5724f,0.8197f,-0.0191f,0.8317f,-0.0074f,-0.0181f,-0.9998f,-9.3517f,0f,0f,0f,1f],start_interpolation: 0,interpolation_duration: 1}
$data merge entity $(bone_right_foot) {transformation: [-0.8199f,0.5098f,0.2605f,-0.9031f,0.5724f,0.7359f,0.3616f,1.4799f,-0.0074f,0.4456f,-0.8952f,-8.7376f,0f,0f,0f,1f],start_interpolation: 0,interpolation_duration: 1}
$data merge entity $(bone_right_knee) {transformation: [-1.2996f,0.8747f,-0.2415f,-0.9165f,0.9073f,1.2472f,-0.3654f,1.5154f,-0.0117f,-0.4379f,-1.5233f,-6.6648f,0f,0f,0f,1f],start_interpolation: 0,interpolation_duration: 1}
$data merge entity $(bone_right_thigh) {transformation: [-1.3148f,-0.2309f,0.8886f,-0.6007f,0.918f,-0.3107f,1.2777f,1.9406f,-0.0118f,1.5562f,0.3869f,-4.6544f,0f,0f,0f,1f],start_interpolation: 0,interpolation_duration: 1}
$data merge entity $(bone_right_leg) {transformation: [-0.8192f,0.5714f,-0.05f,-0.2837f,0.5736f,0.816f,-0.0714f,2.0223f,0f,-0.0872f,-0.9962f,-4.9893f,0f,0f,0f,1f],start_interpolation: 0,interpolation_duration: 1}
execute on vehicle unless entity @s[tag=aj.transforms_only] at @s run function animated_java:jaw/animations/walk.right/zzz/frames/13_root_commands