# This file was generated by Animated Java via MC-Build. It is not recommended to edit this file directly.
$data merge entity $(bone_neck) {transformation: [-0.7071f,0.7064f,0.0308f,-0.0438f,0.7071f,0.7064f,0.0308f,1.5187f,0f,0.0436f,-0.999f,-1.457f,0f,0f,0f,1f],start_interpolation: 0,interpolation_duration: 1}
$data merge entity $(bone_left_fingers_2) {transformation: [-0.8035f,0.5193f,0.291f,1.2736f,0.5659f,0.5149f,0.6439f,-0.9822f,0.1845f,0.682f,-0.7077f,3.2985f,0f,0f,0f,1f],start_interpolation: 0,interpolation_duration: 1}
$data merge entity $(bone_left_fingers) {transformation: [-0.8035f,0.5943f,-0.0336f,1.2687f,0.5659f,0.7802f,0.2663f,-0.832f,0.1845f,0.195f,-0.9633f,2.7419f,0f,0f,0f,1f],start_interpolation: 0,interpolation_duration: 1}
$data merge entity $(bone_left_index_finger_2) {transformation: [-0.8017f,0.2612f,0.5376f,0.703f,0.4991f,0.7874f,0.3618f,-0.5179f,-0.3288f,0.5584f,-0.7617f,3.2304f,0f,0f,0f,1f],start_interpolation: 0,interpolation_duration: 1}
$data merge entity $(bone_left_index_finger) {transformation: [-0.8017f,0.5091f,0.3131f,0.8864f,0.4991f,0.8585f,-0.1179f,-0.5809f,-0.3288f,0.0617f,-0.9424f,2.6876f,0f,0f,0f,1f],start_interpolation: 0,interpolation_duration: 1}
$data merge entity $(bone_left_thumb) {transformation: [0.3029f,0.8106f,0.5012f,0.6729f,0.9397f,-0.1662f,-0.299f,-0.9219f,-0.159f,0.5615f,-0.812f,1.9791f,0f,0f,0f,1f],start_interpolation: 0,interpolation_duration: 1}
$data merge entity $(bone_left_hand) {transformation: [-0.83f,0.5577f,-0.0077f,1.1011f,0.5451f,0.8083f,-0.2225f,-1.0218f,-0.1179f,-0.1888f,-0.9749f,2.0528f,0f,0f,0f,1f],start_interpolation: 0,interpolation_duration: 1}
$data merge entity $(bone_left_forearm) {transformation: [-1.6443f,1.131f,-0.1498f,1.4494f,1.1153f,1.5382f,-0.6289f,-0.9558f,-0.2403f,-0.6001f,-1.8941f,-0.1561f,0f,0f,0f,1f],start_interpolation: 0,interpolation_duration: 1}
$data merge entity $(bone_left_bicep) {transformation: [-1.1007f,0.5498f,-0.3881f,1.4167f,0.6587f,0.7278f,-0.8372f,0.4326f,-0.1378f,-0.9124f,-0.9017f,-1.3122f,0f,0f,0f,1f],start_interpolation: 0,interpolation_duration: 1}
$data merge entity $(bone_left_shoulder) {transformation: [-1.0518f,0.5253f,-0.3708f,1.1291f,0.6294f,0.6955f,-0.7999f,0.7221f,-0.1317f,-0.8718f,-0.8616f,-1.4204f,0f,0f,0f,1f],start_interpolation: 0,interpolation_duration: 1}
$data merge entity $(bone_right_fingers_2) {transformation: [-0.2498f,0.1895f,0.9496f,-3.9638f,0.77f,0.6335f,0.0761f,4.5239f,-0.5871f,0.7502f,-0.3041f,0.0634f,0f,0f,0f,1f],start_interpolation: 0,interpolation_duration: 1}
$data merge entity $(bone_right_fingers) {transformation: [-0.2498f,0.67f,0.6991f,-3.5605f,0.77f,0.5752f,-0.2761f,4.3786f,-0.5871f,0.4693f,-0.6596f,-0.3221f,0f,0f,0f,1f],start_interpolation: 0,interpolation_duration: 1}
$data merge entity $(bone_right_index_finger_2) {transformation: [-0.6524f,0.2725f,0.7072f,-3.5929f,0.7091f,0.5488f,0.4427f,3.9793f,-0.2675f,0.7903f,-0.5512f,0.3796f,0f,0f,0f,1f],start_interpolation: 0,interpolation_duration: 1}
$data merge entity $(bone_right_index_finger) {transformation: [-0.6524f,0.6098f,0.4501f,-3.33f,0.7091f,0.7007f,0.0785f,4.0286f,-0.2675f,0.3704f,-0.8895f,-0.1309f,0f,0f,0f,1f],start_interpolation: 0,interpolation_duration: 1}
$data merge entity $(bone_right_thumb) {transformation: [-0.5629f,-0.7968f,0.2197f,-2.8216f,-0.3983f,0.4944f,0.7726f,3.9385f,-0.7242f,0.3474f,-0.5957f,-0.7286f,0f,0f,0f,1f],start_interpolation: 0,interpolation_duration: 1}
$data merge entity $(bone_right_hand) {transformation: [-0.5004f,0.4835f,0.7182f,-3.0447f,0.7598f,0.6429f,0.0966f,4.2839f,-0.415f,0.5941f,-0.6891f,-0.8359f,0f,0f,0f,1f],start_interpolation: 0,interpolation_duration: 1}
$data merge entity $(bone_right_forearm) {transformation: [-0.6809f,1.8818f,0.0249f,-2.1584f,1.7752f,0.651f,-0.6559f,3.8959f,-0.6248f,-0.2011f,-1.8906f,-2.853f,0f,0f,0f,1f],start_interpolation: 0,interpolation_duration: 1}
$data merge entity $(bone_right_bicep) {transformation: [0.1982f,1.0604f,0.7076f,-0.9731f,1.2748f,-0.1617f,-0.1146f,2.9593f,-0.0055f,0.7168f,-1.0727f,-1.9616f,0f,0f,0f,1f],start_interpolation: 0,interpolation_duration: 1}
$data merge entity $(bone_right_shoulder) {transformation: [0.1894f,1.0133f,0.6762f,-0.9529f,1.2181f,-0.1546f,-0.1095f,2.5469f,-0.0052f,0.685f,-1.025f,-1.8734f,0f,0f,0f,1f],start_interpolation: 0,interpolation_duration: 1}
$data merge entity $(bone_chest) {transformation: [-2.7499f,2.9552f,0.4994f,-0.135f,2.997f,2.7043f,0.4994f,1.4275f,0.0308f,0.7056f,-4.0057f,-1.4215f,0f,0f,0f,1f],start_interpolation: 0,interpolation_duration: 1}
$data merge entity $(bone_weist) {transformation: [-0.7255f,0.8241f,-0.0674f,0.3007f,0.8268f,0.7224f,-0.0674f,1.8632f,-0.0062f,-0.0951f,-1.0959f,-3.8651f,0f,0f,0f,1f],start_interpolation: 0,interpolation_duration: 1}
$data merge entity $(bone_right_fingers2) {transformation: [-0.7063f,-0.4247f,0.5664f,-0.1149f,0.7079f,-0.4306f,0.5599f,0.4228f,0.0061f,0.7964f,0.6048f,-8.328f,0f,0f,0f,1f],start_interpolation: 0,interpolation_duration: 1}
$data merge entity $(bone_left_foot) {transformation: [-0.7063f,0.3063f,0.6382f,0.0594f,0.7079f,0.2978f,0.6405f,0.5815f,0.0061f,0.9042f,-0.4271f,-7.3604f,0f,0f,0f,1f],start_interpolation: 0,interpolation_duration: 1}
$data merge entity $(bone_left_knee) {transformation: [-1.1195f,1.0611f,0.3649f,-0.7787f,1.122f,1.0541f,0.377f,-0.292f,0.0097f,0.5246f,-1.4956f,-5.6716f,0f,0f,0f,1f],start_interpolation: 0,interpolation_duration: 1}
$data merge entity $(bone_left_thigh) {transformation: [-1.1326f,0.557f,0.9892f,0.4225f,1.1352f,0.5436f,0.9937f,0.9406f,0.0098f,1.4021f,-0.7782f,-4.6569f,0f,0f,0f,1f],start_interpolation: 0,interpolation_duration: 1}
$data merge entity $(bone_left_leg) {transformation: [-0.7071f,0.7044f,-0.0616f,0.4675f,0.7071f,0.7044f,-0.0616f,1.2865f,0f,-0.0872f,-0.9962f,-4.9785f,0f,0f,0f,1f],start_interpolation: 0,interpolation_duration: 1}
$data merge entity $(bone_left_fingers2) {transformation: [-0.8243f,0.5387f,0.1742f,-1.3535f,0.5659f,0.7937f,0.2233f,0.8663f,-0.018f,0.2826f,-0.9591f,-6.1615f,0f,0f,0f,1f],start_interpolation: 0,interpolation_duration: 1}
$data merge entity $(bone_right_foot) {transformation: [-0.8192f,0.2889f,0.4954f,-1.1749f,0.5734f,0.4141f,0.7069f,1.1314f,-0.0009f,0.8632f,-0.5049f,-5.2182f,0f,0f,0f,1f],start_interpolation: 0,interpolation_duration: 1}
$data merge entity $(bone_right_knee) {transformation: [-1.2985f,0.8997f,-0.1291f,-1.3387f,0.9089f,1.285f,-0.187f,0.9287f,-0.0015f,-0.2272f,-1.5686f,-3.1614f,0f,0f,0f,1f],start_interpolation: 0,interpolation_duration: 1}
$data merge entity $(bone_right_thigh) {transformation: [-1.3138f,0.8836f,-0.2547f,-0.468f,0.9196f,1.2617f,-0.3664f,2.1174f,-0.0015f,-0.4462f,-1.5403f,-4.628f,0f,0f,0f,1f],start_interpolation: 0,interpolation_duration: 1}
$data merge entity $(bone_right_leg) {transformation: [-0.8192f,0.5714f,-0.05f,-0.2539f,0.5736f,0.816f,-0.0714f,2.0521f,0f,-0.0872f,-0.9962f,-4.9473f,0f,0f,0f,1f],start_interpolation: 0,interpolation_duration: 1}