# This file was generated by Animated Java via MC-Build. It is not recommended to edit this file directly.
$data merge entity $(bone_neck) {transformation: [-0.7071f,0.7064f,0.0308f,-0.0364f,0.7071f,0.7064f,0.0308f,1.5261f,0f,0.0436f,-0.999f,-1.457f,0f,0f,0f,1f],start_interpolation: 0,interpolation_duration: 1}
$data merge entity $(bone_left_fingers_2) {transformation: [-0.8113f,0.4937f,0.3131f,1.1874f,0.5735f,0.5681f,0.5902f,-0.8595f,0.1136f,0.6584f,-0.7441f,2.953f,0f,0f,0f,1f],start_interpolation: 0,interpolation_duration: 1}
$data merge entity $(bone_left_fingers) {transformation: [-0.8113f,0.5846f,-0.0013f,1.2012f,0.5735f,0.7963f,0.1925f,-0.7518f,0.1136f,0.1555f,-0.9813f,2.3868f,0f,0f,0f,1f],start_interpolation: 0,interpolation_duration: 1}
$data merge entity $(bone_left_index_finger_2) {transformation: [-0.7916f,0.2391f,0.5623f,0.618f,0.468f,0.8289f,0.3063f,-0.405f,-0.3928f,0.5057f,-0.7681f,2.8305f,0f,0f,0f,1f],start_interpolation: 0,interpolation_duration: 1}
$data merge entity $(bone_left_index_finger) {transformation: [-0.7916f,0.5038f,0.3457f,0.8201f,0.468f,0.8637f,-0.187f,-0.5078f,-0.3928f,0.0138f,-0.9195f,2.3007f,0f,0f,0f,1f],start_interpolation: 0,interpolation_duration: 1}
$data merge entity $(bone_left_thumb) {transformation: [0.305f,0.7913f,0.5299f,0.6323f,0.9267f,-0.1185f,-0.3566f,-0.9027f,-0.2194f,0.5999f,-0.7694f,1.6132f,0f,0f,0f,1f],start_interpolation: 0,interpolation_duration: 1}
$data merge entity $(bone_left_hand) {transformation: [-0.8273f,0.5611f,0.0267f,1.0581f,0.5297f,0.795f,-0.2956f,-0.9942f,-0.1871f,-0.2304f,-0.9549f,1.7088f,0f,0f,0f,1f],start_interpolation: 0,interpolation_duration: 1}
$data merge entity $(bone_left_forearm) {transformation: [-1.6274f,1.1641f,-0.042f,1.5315f,1.1005f,1.5127f,-0.7113f,-1.0241f,-0.382f,-0.6015f,-1.8702f,-0.4775f,0f,0f,0f,1f],start_interpolation: 0,interpolation_duration: 1}
$data merge entity $(bone_left_bicep) {transformation: [-1.1409f,0.5889f,-0.1264f,1.5269f,0.5578f,0.9309f,-0.6976f,0.5151f,-0.2272f,-0.6716f,-1.0779f,-1.3967f,0f,0f,0f,1f],start_interpolation: 0,interpolation_duration: 1}
$data merge entity $(bone_left_shoulder) {transformation: [-1.0902f,0.5627f,-0.1208f,1.225f,0.533f,0.8895f,-0.6666f,0.7886f,-0.2171f,-0.6417f,-1.0299f,-1.5075f,0f,0f,0f,1f],start_interpolation: 0,interpolation_duration: 1}
$data merge entity $(bone_right_fingers_2) {transformation: [-0.7167f,0.5219f,0.4626f,-2.5243f,0.4596f,0.8523f,-0.2496f,5.3104f,-0.5245f,0.0338f,-0.8507f,1.0003f,0f,0f,0f,1f],start_interpolation: 0,interpolation_duration: 1}
$data merge entity $(bone_right_fingers) {transformation: [-0.7167f,0.6887f,0.1097f,-2.4669f,0.4596f,0.5847f,-0.6684f,4.9349f,-0.5245f,-0.4286f,-0.7356f,0.5667f,0f,0f,0f,1f],start_interpolation: 0,interpolation_duration: 1}
$data merge entity $(bone_right_index_finger_2) {transformation: [-0.8399f,0.5408f,0.0464f,-1.9492f,0.542f,0.8401f,0.0193f,4.9396f,-0.0285f,0.0414f,-0.9987f,1.1803f,0f,0f,0f,1f],start_interpolation: 0,interpolation_duration: 1}
$data merge entity $(bone_right_index_finger) {transformation: [-0.8399f,0.4811f,-0.2514f,-2.0914f,0.542f,0.7189f,-0.4351f,4.693f,-0.0285f,-0.5017f,-0.8646f,0.6792f,0f,0f,0f,1f],start_interpolation: 0,interpolation_duration: 1}
$data merge entity $(bone_right_thumb) {transformation: [-0.7536f,-0.5138f,-0.4099f,-1.9864f,-0.6561f,0.551f,0.5157f,4.3823f,-0.0391f,0.6575f,-0.7524f,-0.0327f,0f,0f,0f,1f],start_interpolation: 0,interpolation_duration: 1}
$data merge entity $(bone_right_hand) {transformation: [-0.8153f,0.5577f,0.1558f,-2.3253f,0.525f,0.8255f,-0.2072f,4.6289f,-0.2442f,-0.0871f,-0.9658f,-0.0855f,0f,0f,0f,1f],start_interpolation: 0,interpolation_duration: 1}
$data merge entity $(bone_right_forearm) {transformation: [-0.8941f,1.4553f,-1.043f,-2.7217f,1.6611f,0.239f,-1.0905f,3.6108f,-0.6684f,-1.3529f,-1.3147f,-2.0377f,0f,0f,0f,1f],start_interpolation: 0,interpolation_duration: 1}
$data merge entity $(bone_right_bicep) {transformation: [-0.0957f,1.2635f,0.2428f,-1.1151f,1.281f,0.071f,0.1358f,2.922f,0.1197f,0.2512f,-1.2598f,-1.773f,0f,0f,0f,1f],start_interpolation: 0,interpolation_duration: 1}
$data merge entity $(bone_right_shoulder) {transformation: [-0.0915f,1.2073f,0.232f,-0.975f,1.224f,0.0678f,0.1298f,2.5239f,0.1143f,0.24f,-1.2038f,-1.7626f,0f,0f,0f,1f],start_interpolation: 0,interpolation_duration: 1}
$data merge entity $(bone_chest) {transformation: [-2.6627f,3.0339f,0.4994f,-0.135f,3.0743f,2.616f,0.4994f,1.4275f,0.0513f,0.7044f,-4.0057f,-1.4215f,0f,0f,0f,1f],start_interpolation: 0,interpolation_duration: 1}
$data merge entity $(bone_weist) {transformation: [-0.6888f,0.855f,-0.0676f,0.3007f,0.8576f,0.6856f,-0.0676f,1.8632f,-0.0104f,-0.095f,-1.0958f,-3.8651f,0f,0f,0f,1f],start_interpolation: 0,interpolation_duration: 1}
$data merge entity $(bone_right_fingers2) {transformation: [-0.7064f,-0.6303f,0.322f,0.071f,0.7078f,-0.6325f,0.3147f,0.595f,0.0053f,0.4502f,0.8929f,-7.1351f,0f,0f,0f,1f],start_interpolation: 0,interpolation_duration: 1}
$data merge entity $(bone_left_foot) {transformation: [-0.7064f,0.1846f,0.6833f,0.1176f,0.7078f,0.177f,0.6839f,0.6273f,0.0053f,0.9668f,-0.2556f,-6.1408f,0f,0f,0f,1f],start_interpolation: 0,interpolation_duration: 1}
$data merge entity $(bone_left_knee) {transformation: [-1.1197f,0.9944f,0.5194f,-0.8903f,1.1219f,0.9869f,0.5289f,-0.4125f,0.0084f,0.7412f,-1.401f,-4.6508f,0f,0f,0f,1f],start_interpolation: 0,interpolation_duration: 1}
$data merge entity $(bone_left_thigh) {transformation: [-1.1328f,0.9626f,0.6015f,0.4332f,1.1351f,0.9543f,0.6105f,0.9512f,0.0085f,0.8571f,-1.3554f,-4.6469f,0f,0f,0f,1f],start_interpolation: 0,interpolation_duration: 1}
$data merge entity $(bone_left_leg) {transformation: [-0.7071f,0.7044f,-0.0616f,0.4748f,0.7071f,0.7044f,-0.0616f,1.2938f,0f,-0.0872f,-0.9962f,-4.9681f,0f,0f,0f,1f],start_interpolation: 0,interpolation_duration: 1}
$data merge entity $(bone_left_fingers2) {transformation: [-0.8253f,0.5131f,0.2359f,-1.1852f,0.5633f,0.7771f,0.2807f,1.1026f,-0.0393f,0.3645f,-0.9304f,-6.9334f,0f,0f,0f,1f],start_interpolation: 0,interpolation_duration: 1}
$data merge entity $(bone_right_foot) {transformation: [-0.8194f,0.1904f,0.5407f,-1.1118f,0.5732f,0.2759f,0.7715f,1.2199f,-0.0023f,0.9421f,-0.3352f,-5.9472f,0f,0f,0f,1f],start_interpolation: 0,interpolation_duration: 1}
$data merge entity $(bone_right_knee) {transformation: [-1.2988f,0.9002f,0.1228f,-1.5933f,0.9086f,1.2877f,0.1692f,0.5673f,-0.0036f,0.2091f,-1.5712f,-4.0392f,0f,0f,0f,1f],start_interpolation: 0,interpolation_duration: 1}
$data merge entity $(bone_right_thigh) {transformation: [-1.314f,0.8994f,0.1901f,-0.4276f,0.9193f,1.2869f,0.2655f,2.1782f,-0.0037f,0.3265f,-1.5701f,-4.6457f,0f,0f,0f,1f],start_interpolation: 0,interpolation_duration: 1}
$data merge entity $(bone_right_leg) {transformation: [-0.8192f,0.5714f,-0.05f,-0.2613f,0.5736f,0.816f,-0.0714f,2.0447f,0f,-0.0872f,-0.9962f,-4.9577f,0f,0f,0f,1f],start_interpolation: 0,interpolation_duration: 1}