execute if entity @s[tag=aj.armor.bone.right_thumb_2] run data modify entity @s {} merge value {transformation:[0.11679390647570304f,-0.909979256405061f,-0.3978654751579201f,-0.5025866091068747f,0.6713503065894312f,0.3675545557328047f,-0.6435778231125879f,1.9234332633516575f,0.7318797368778709f,-0.19194114064617118f,0.6538429851845361f,3.608531576969426f,0f,0f,0f,1f],start_interpolation:0}
execute if entity @s[tag=aj.armor.bone.right_thumb] run data modify entity @s {} merge value {transformation:[0.11679390647570304f,-0.9928665016396048f,0.02398527323334132f,-0.7825020789992342f,0.6713503065894312f,0.06112981512273202f,-0.7386148600897071f,2.119903928790521f,0.7318797368778709f,0.10236823542971676f,0.673700820188446f,3.771239189618322f,0f,0f,0f,1f],start_interpolation:0}
execute if entity @s[tag=aj.armor.bone.right_fingers_2] run data modify entity @s {} merge value {transformation:[-0.07959481990723129f,0.8545476094851646f,-0.5132378082011559f,-0.3312728491959394f,-0.6902708667652027f,-0.41870315850941864f,-0.5900964290261826f,1.524675564507345f,-0.7191597841503313f,0.3073044877274454f,0.6231959215876026f,3.9285374649860643f,0f,0f,0f,1f],start_interpolation:0}
execute if entity @s[tag=aj.armor.bone.right_fingers] run data modify entity @s {} merge value {transformation:[0.8502623922313739f,0.11679390647570284f,-0.5132378082011559f,-0.24433264155610546f,-0.4484138382039789f,0.6713503065894313f,-0.5900964290261826f,1.7945319712509271f,0.2756426927458035f,0.7318797368778708f,0.6231959215876026f,4.269208506352953f,0f,0f,0f,1f],start_interpolation:0}
execute if entity @s[tag=aj.armor.bone.right_hand] run data modify entity @s {} merge value {transformation:[0.11679390647570304f,-0.8502623922313739f,-0.5132378082011559f,-0.9174131026671888f,0.6713503065894312f,0.44841383820397906f,-0.5900964290261826f,2.132281291600556f,0.7318797368778709f,-0.27564269274580333f,0.6231959215876026f,4.020889651240571f,0f,0f,0f,1f],start_interpolation:0}
execute if entity @s[tag=aj.armor.bone.right_forearm] run data modify entity @s {} merge value {transformation:[-0.5909350095454481f,-1.449584190486507f,-0.9361250187974937f,-3.0609938865016146f,1.4694061709453583f,0.09605449407747049f,-1.076312036813084f,2.162938825837986f,0.904693252387089f,-1.1028634414525704f,1.1366841734739563f,2.4035438586793187f,0f,0f,0f,1f],start_interpolation:0}
execute if entity @s[tag=aj.armor.bone.right_bicep] run data modify entity @s {} merge value {transformation:[-0.3498669503268728f,0.5812245056608168f,-1.4317491913641225f,-2.1345019826207525f,1.332814872958299f,0.8563049499225307f,0.021929501654895666f,3.494901140536996f,0.7818773480371674f,-1.199605961406085f,-0.6780471265840267f,0.5380145496254273f,0f,0f,0f,1f],start_interpolation:0}
execute if entity @s[tag=aj.armor.bone.right_shoulder] run data modify entity @s {} merge value {transformation:[-0.43476141322078327f,0.4649839972995331f,-0.7881531415254621f,-1.8251951567980378f,0.5863866462046031f,0.8114528831846867f,0.1552671832391403f,3.4107184851428523f,0.7025284288867071f,-0.38954727478631773f,-0.6173489337314579f,0.1557644852438493f,0f,0f,0f,1f],start_interpolation:0}
execute if entity @s[tag=aj.armor.bone.right_arm] run data modify entity @s {} merge value {transformation:[-1.2467403186569204f,0.11371421943457347f,-0.44717500538365884f,-1.736654591051372f,0.0177465793365503f,1.299242529795457f,0.28091233329777765f,3.5632444491308584f,0.46106557891838035f,0.2574796232235395f,-1.2199920519690166f,0.16476277309275028f,0f,0f,0f,1f],start_interpolation:0}
execute if entity @s[tag=aj.armor.bone.left_thumb_2] run data modify entity @s {} merge value {transformation:[-0.4573556464260925f,0.2438521724615616f,0.8551970127800654f,3.615644732483804f,-0.8034152377721516f,0.29897762432879654f,-0.514913911121292f,2.1624334140756436f,-0.38124764707167397f,-0.9225770960393964f,0.05917544647762697f,-0.44660028269338137f,0f,0f,0f,1f],start_interpolation:0}
execute if entity @s[tag=aj.armor.bone.left_thumb] run data modify entity @s {} merge value {transformation:[-0.4573556464260925f,0.3533915929980002f,0.8160515882470338f,3.7893771461953634f,-0.8034152377721516f,0.22921007716673852f,-0.5495331620937308f,2.431281655492949f,-0.38124764707167397f,-0.9069603753877858f,0.17908966770519946f,-0.648997988682681f,0f,0f,0f,1f],start_interpolation:0}
execute if entity @s[tag=aj.armor.bone.left_fingers_2] run data modify entity @s {} merge value {transformation:[0.5053065392233218f,0.24709672205043448f,0.8268062114970349f,3.964328646205645f,0.8628957607174198f,-0.1543761677768473f,-0.48122645912131634f,1.9810619614961489f,0.00872969381219102f,0.9566144514769077f,-0.2912260010223683f,-0.1558183255215065f,0f,0f,0f,1f],start_interpolation:0}
execute if entity @s[tag=aj.armor.bone.left_fingers] run data modify entity @s {} merge value {transformation:[-0.08371172542193614f,0.5562228291402669f,0.8268062114970349f,4.22032916388871f,0.4067089276157112f,0.7765365047692465f,-0.48122645912131634f,2.300140609871119f,-0.9097143481470216f,0.29598517041223377f,-0.2912260010223683f,0.014740724335779776f,0f,0f,0f,1f],start_interpolation:0}
execute if entity @s[tag=aj.armor.bone.left_hand] run data modify entity @s {} merge value {transformation:[-0.5332361659708459f,-0.17902703687050353f,0.8268062114970349f,4.053471478455425f,-0.8353634345150952f,0.26568595619020613f,-0.48122645912131634f,2.48668579636461f,-0.13351825184541774f,-0.947291028540154f,-0.2912260010223683f,-0.7376777566562969f,0f,0f,0f,1f],start_interpolation:0}
execute if entity @s[tag=aj.armor.bone.left_forearm] run data modify entity @s {} merge value {transformation:[-0.9216587047373789f,-0.45069443419414273f,1.5080611130195436f,3.4098299492316455f,-1.5738869921782448f,0.28157589065485533f,-0.8777376118678915f,2.7935730667718f,-0.015922608688311825f,-1.7448260963264657f,-0.5311844554805918f,-3.3267377519182473f,0f,0f,0f,1f],start_interpolation:0}
execute if entity @s[tag=aj.armor.bone.left_bicep] run data modify entity @s {} merge value {transformation:[-0.8005775728974691f,-0.9387008186556036f,-0.9940074842335962f,1.9554524386590528f,-1.3671206290749371f,0.5379885414317821f,0.5930295698608613f,3.6213460714565873f,-0.013830806731779416f,1.157386563870045f,-1.0818500850125883f,-1.5067684202727922f,0f,0f,0f,1f],start_interpolation:0}
execute if entity @s[tag=aj.armor.bone.left_shoulder] run data modify entity @s {} merge value {transformation:[-0.6388995817952039f,-0.521327394621853f,-0.588589883251101f,1.5718486350917666f,-0.7857679762280353f,0.45043837003496745f,0.45396799556970957f,3.364281905628697f,0.02808897618731838f,0.7427893382944272f,-0.6883952258693516f,-1.3179863230671127f,0f,0f,0f,1f],start_interpolation:0}
execute if entity @s[tag=aj.armor.bone.left_arm] run data modify entity @s {} merge value {transformation:[-1.2467403186569204f,0.11371421943457347f,-0.44717500538365884f,1.5453212520832849f,0.0177465793365503f,1.299242529795457f,0.28091233329777765f,3.5165275476163753f,0.46106557891838035f,0.2574796232235395f,-1.2199920519690166f,-1.0489671989523954f,0f,0f,0f,1f],start_interpolation:0}
execute if entity @s[tag=aj.armor.bone.chest] run data modify entity @s {} merge value {transformation:[-2.4688699151648574f,0.22518371395168568f,-0.8855227516783336f,2.6597874209406526e-17f,0.03514284022537668f,2.572837940919574f,0.5562794417563829f,4.2549125f,0.913029698065696f,0.5098765845877066f,-2.4159013940379297f,-0.21093812500000003f,0f,0f,0f,1f],start_interpolation:0}
execute if entity @s[tag=aj.armor.bone.weist] run data modify entity @s {} merge value {transformation:[-1.8453923882772367f,0.06609944424118287f,-0.6247375755377474f,-0.21874999999999994f,0.1299085399992022f,1.9368247399578162f,-0.17880978567168304f,0.5258687499999999f,0.6146461958338728f,-0.21090289634731027f,-1.8378980558748637f,-0.57940375f,0f,0f,0f,1f],start_interpolation:0}
execute if entity @s[tag=aj.armor.bone.right_foot] run data modify entity @s {} merge value {transformation:[-1.1723681009178222f,0.09093824124155742f,0.053611259142027946f,-1.7072622302624776f,0.10548827018629926f,0.986436492375381f,0.6335662287715622f,-6.599866948897243f,0.004019412892912529f,0.6358177236178695f,-0.9906112060389531f,0.49500571526970627f,0f,0f,0f,1f],start_interpolation:0}
execute if entity @s[tag=aj.armor.bone.right_knee] run data modify entity @s {} merge value {transformation:[-2.8929349742231456f,0.23507518537812014f,0.11223003461637296f,-1.476505469766859f,0.26030280587925775f,2.5611258427153074f,1.345290138059896f,-3.3696975764399832f,0.009918301363408684f,1.349926947478741f,-2.5718723825848775f,2.0824959980265145f,0f,0f,0f,1f],start_interpolation:0}
execute if entity @s[tag=aj.armor.bone.right_thigh] run data modify entity @s {} merge value {transformation:[-2.4659097098944964f,0.14054876921461537f,-0.17189551785709134f,-1.2258921057962664f,0.22187958673451066f,1.632736902547607f,-1.8479589765438058f,-1.059366447010047f,0.008454263872369626f,-1.855917286268589f,-1.638753268460775f,-0.48593308611341357f,0f,0f,0f,1f],start_interpolation:0}
execute if entity @s[tag=aj.armor.bone.right_leg] run data modify entity @s {} merge value {transformation:[-0.9514846516255807f,0.024150370537324134f,-0.30674699236318065f,-1.3089787499999999f,0.040286438384931934f,0.9981111277160555f,-0.04638081081267318f,-1.3802931249999997f,0.3050474727041749f,-0.05648837342581078f,-0.9506603510531517f,-0.6787968750000002f,0f,0f,0f,1f],start_interpolation:0}
execute if entity @s[tag=aj.armor.bone.left_foot] run data modify entity @s {} merge value {transformation:[-1.0127975354277121f,-0.0010625847354705537f,-0.5998590818032139f,1.2653033358023755f,-0.012336445856370719f,1.1768973484584295f,0.018744016957753837f,-7.394926604674483f,0.5997331566719887f,0.022414213833183514f,-1.0126246287164136f,0.3062850655546844f,0f,0f,0f,1f],start_interpolation:0}
execute if entity @s[tag=aj.armor.bone.left_knee] run data modify entity @s {} merge value {transformation:[-2.499178721898039f,0.2862033814424406f,-1.4522816631070654f,1.626788392285428f,-0.030441407990856505f,2.839286198695939f,0.6119280113774189f,-3.849798523729597f,1.47990125522808f,0.5417288942632662f,-2.439948927422186f,0.8619502346045649f,0f,0f,0f,1f],start_interpolation:0}
execute if entity @s[tag=aj.armor.bone.left_thigh] run data modify entity @s {} merge value {transformation:[-2.130275699938608f,-0.9129653881403506f,-0.870880224398209f,0.32033673528605655f,-0.025947960882760853f,1.7402760177865313f,-1.7609028389386339f,-1.3864572928071164f,1.2614534745745334f,-1.5059702204605019f,-1.5069178974015291f,-1.1928974468624691f,0f,0f,0f,1f],start_interpolation:0}
execute if entity @s[tag=aj.armor.bone.left_leg] run data modify entity @s {} merge value {transformation:[-0.9650064789340802f,0.043619387365336f,-0.2585727067211878f,0.21522812500000021f,0.04213309278308513f,0.9990482215818578f,0.01128952818585322f,-1.5052931249999997f,0.25881904510252063f,3.607110835795916e-18f,-0.9659258262890683f,-1.241296875f,0f,0f,0f,1f],start_interpolation:0}