execute if entity @s[tag=aj.armor.bone.right_thumb_2] run data modify entity @s {} merge value {transformation:[0.023003679560552104f,-0.916275780945113f,-0.3998868889824958f,-0.15872608219636525f,0.6735652405381236f,0.3097854692966933f,-0.6710758748095831f,2.149542930766211f,0.7387697188336129f,-0.2539126941805998f,0.6242977224597686f,3.8381254926746458f,0f,0f,0f,1f],start_interpolation:0}
execute if entity @s[tag=aj.armor.bone.right_thumb] run data modify entity @s {} merge value {transformation:[0.023003679560552104f,-0.999427377258322f,0.02481427639942929f,-0.46116154072489174f,0.6735652405381236f,-0.002847936573749099f,-0.7391222875790526f,2.3269038969343807f,0.7387697188336129f,0.033716566311291885f,0.6731140287430364f,3.9813143224816057f,0f,0f,0f,1f],start_interpolation:0}
execute if entity @s[tag=aj.armor.bone.right_fingers_2] run data modify entity @s {} merge value {transformation:[0.014366931499506425f,0.8564296561947946f,-0.5160637899226745f,0.01534033259037259f,-0.6901419575153386f,-0.3649719933767052f,-0.6248996099594966f,1.7608402096971936f,-0.7235313882314888f,0.3651351640703754f,0.5858145117723825f,4.168838287958685f,0f,0f,0f,1f],start_interpolation:0}
execute if entity @s[tag=aj.armor.bone.right_fingers] run data modify entity @s {} merge value {transformation:[0.8562412016816997f,0.023003679560551913f,-0.5160637899226745f,0.06120770056199065f,-0.39472819029211564f,0.6735652405381237f,-0.6248996099594966f,2.033892268142216f,0.33322764040725983f,0.7387697188336128f,0.5858145117723825f,4.514925843824694f,0f,0f,0f,1f],start_interpolation:0}
execute if entity @s[tag=aj.armor.bone.right_hand] run data modify entity @s {} merge value {transformation:[0.023003679560552104f,-0.8562412016816997f,-0.5160637899226745f,-0.6134331719703212f,0.6735652405381236f,0.3947281902921158f,-0.6248996099594966f,2.3293372281729408f,0.7387697188336129f,-0.33322764040725966f,0.5858145117723825f,4.221078718550764f,0f,0f,0f,1f],start_interpolation:0}
execute if entity @s[tag=aj.armor.bone.right_forearm] run data modify entity @s {} merge value {transformation:[-0.7445381678126279f,-1.373493498398511f,-0.9412794952407824f,-2.6382977192394583f,1.4239446442791035f,0.009232920097534389f,-1.139791632206886f,2.231763863556848f,0.863060327168721f,-1.2001078804328382f,1.0685019928029749f,2.4598039308826496f,0f,0f,0f,1f],start_interpolation:0}
execute if entity @s[tag=aj.armor.bone.right_bicep] run data modify entity @s {} merge value {transformation:[-0.4446289669576625f,0.32465830491874553f,-1.485609848739889f,-2.111189171426071f,1.3420567673163297f,0.8116081506601034f,-0.22429979707087683f,3.497127044739938f,0.7150687176251745f,-1.321371919904794f,-0.5027798069180135f,0.4022026436546085f,0f,0f,0f,1f],start_interpolation:0}
execute if entity @s[tag=aj.armor.bone.right_shoulder] run data modify entity @s {} merge value {transformation:[-0.43351143067756026f,0.3036202349613241f,-0.8638840032439339f,-1.8361742967797743f,0.5868165697524177f,0.8258580353662228f,-0.004218714482955776f,3.419147337833131f,0.7029417697097968f,-0.5021814781629378f,-0.5292443764974609f,-0.006647607321788988f,0f,0f,0f,1f],start_interpolation:0}
execute if entity @s[tag=aj.armor.bone.right_arm] run data modify entity @s {} merge value {transformation:[-1.2561969955004488f,0.11373203580045463f,-0.41987136581884055f,-1.7471969487635364f,0.023912657248447846f,1.299256335912569f,0.2803907803773384f,3.5713159982818534f,0.4343444769134434f,0.25740207639018503f,-1.2297751330023947f,0.003949608098334889f,0f,0f,0f,1f],start_interpolation:0}
execute if entity @s[tag=aj.armor.bone.left_thumb_2] run data modify entity @s {} merge value {transformation:[-0.37786287558431486f,0.2328416153141293f,0.8961051441840178f,3.7265561201735746f,-0.8072042168137432f,0.39119854937439674f,-0.4420238085504889f,2.2502496149519366f,-0.45347657008192166f,-0.890364238469445f,0.040131324940266486f,-0.6149364852745266f,0f,0f,0f,1f],start_interpolation:0}
execute if entity @s[tag=aj.armor.bone.left_thumb] run data modify entity @s {} merge value {transformation:[-0.37786287558431486f,0.3478148153163112f,0.8580469110145625f,3.8794534708130826f,-0.8072042168137432f,0.3301561069534341f,-0.48930389064411106f,2.548330990106841f,-0.45347657008192166f,-0.8775088599483386f,0.15600384962847247f,-0.791563362703003f,0f,0f,0f,1f],start_interpolation:0}
execute if entity @s[tag=aj.armor.bone.left_fingers_2] run data modify entity @s {} merge value {transformation:[0.4269756030746431f,0.24275514861138764f,0.8710693268630849f,4.084671506538976f,0.8999731046746642f,-0.207802247453582f,-0.38323183168349484f,2.0772476996907137f,0.08797866355708678f,0.9475696089343005f,-0.3071995946983094f,-0.33058823140228943f,0f,0f,0f,1f],start_interpolation:0}
execute if entity @s[tag=aj.armor.bone.left_fingers] run data modify entity @s {} merge value {transformation:[-0.1031256600207055f,0.4802117512551998f,0.8710693268630849f,4.308460168092557f,0.46881165777359657f,0.7958322641864213f,-0.38323183168349484f,2.402748858951031f,-0.8772575036902597f,0.36884641957910935f,-0.3071995946983094f,-0.12957711561198793f,0f,0f,0f,1f],start_interpolation:0}
execute if entity @s[tag=aj.armor.locator_origin.consume] at @s on origin run tp @s ^4.0872 ^2.26123 ^-0.05806 ~70.57381 ~-22.53401
execute if entity @s[tag=aj.armor.bone.left_hand] run data modify entity @s {} merge value {transformation:[-0.45500867279039575f,-0.18494684502260253f,0.8710693268630849f,4.139160624099587f,-0.8651500739094451f,0.3234945328734248f,-0.38323183168349484f,2.6332454094067206f,-0.21090864681184682f,-0.9279794996211878f,-0.3071995946983094f,-0.869160220450294f,0f,0f,0f,1f],start_interpolation:0}
execute if entity @s[tag=aj.armor.bone.left_forearm] run data modify entity @s {} merge value {transformation:[-0.7787862430775248f,-0.4427755797132478f,1.5887952464796395f,3.5169539321983807f,-1.6415145690136066f,0.37902290068116595f,-0.6989993720374974f,3.0876710192808945f,-0.16046952652380786f,-1.7283286690911366f,-0.5603196447460972f,-3.441715773123386f,0f,0f,0f,1f],start_interpolation:0}
execute if entity @s[tag=aj.armor.bone.left_bicep] run data modify entity @s {} merge value {transformation:[-0.6764747048817813f,-1.0028725770318885f,-1.0231144235988625f,1.9631854194005176f,-1.4258637636490508f,0.3612096175344107f,0.5887059500265948f,3.6394676367269043f,-0.13938815247781164f,1.1721385422899335f,-1.056786041027586f,-1.5994252530676378f,0f,0f,0f,1f],start_interpolation:0}
execute if entity @s[tag=aj.armor.bone.left_shoulder] run data modify entity @s {} merge value {transformation:[-0.6092838844674838f,-0.5437555235125429f,-0.5995965789134013f,1.5879544677996253f,-0.8087090287984242f,0.3771391070209713f,0.47975908471041423f,3.3557417542617296f,-0.03429042920355071f,0.7671434046329705f,-0.6608541002823629f,-1.433371345346381f,0f,0f,0f,1f],start_interpolation:0}
execute if entity @s[tag=aj.armor.bone.left_arm] run data modify entity @s {} merge value {transformation:[-1.2561969955004488f,0.11373203580045463f,-0.41987136581884055f,1.559673080026579f,0.023912657248447846f,1.299256335912569f,0.2803907803773384f,3.5083672332021214f,0.4343444769134434f,0.25740207639018503f,-1.2297751330023947f,-1.1394385213274796f,0f,0f,0f,1f],start_interpolation:0}
execute if entity @s[tag=aj.armor.bone.chest] run data modify entity @s {} merge value {transformation:[-2.4875965935332727f,0.22521899498741005f,-0.8314544478885734f,2.6597874209406523e-17f,0.047353277333599814f,2.5728652806202907f,0.5552466313987087f,4.2549125f,0.8601149700723728f,0.5097230216997337f,-2.435274437549466f,-0.335938125f,0f,0f,0f,1f],start_interpolation:0}
execute if entity @s[tag=aj.armor.bone.weist] run data modify entity @s {} merge value {transformation:[-1.8789765054330845f,0.11390358661296027f,-0.5065693501550573f,-0.24999999999999994f,0.17659035919167015f,1.9287214682245843f,-0.22133364990326262f,0.5362854166666666f,0.4882646604049593f,-0.25922714459648505f,-1.8693683827521321f,-0.6835704166666666f,0f,0f,0f,1f],start_interpolation:0}
execute if entity @s[tag=aj.armor.bone.right_foot] run data modify entity @s {} merge value {transformation:[-1.1674741364217984f,0.12263614722412083f,0.08692186754069572f,-1.8891560838000727f,0.14895674178544227f,0.8525253388336825f,0.797874257386302f,-6.131098998243807f,0.02017237565096291f,0.8023414590541247f,-0.8610645464888552f,-0.06045738694504177f,0f,0f,0f,1f],start_interpolation:0}
execute if entity @s[tag=aj.armor.bone.right_knee] run data modify entity @s {} merge value {transformation:[-2.8808586297353784f,0.32015924280400354f,0.18729736586612883f,-1.549972931589626f,0.36756558594529515f,2.267281147142558f,1.7779933712965992f,-3.2483830403361615f,0.04977734466517065f,1.7871382004739087f,-2.2892330499315685f,2.080166762784155f,0f,0f,0f,1f],start_interpolation:0}
execute if entity @s[tag=aj.armor.bone.right_thigh] run data modify entity @s {} merge value {transformation:[-2.455615950996437f,0.1636026107902316f,-0.27054982885514056f,-1.26566211753907f,0.3133093399892125f,1.5434916661435916f,-1.9103621271789981f,-1.063723484877134f,0.04242972574092199f,-1.9289583679351308f,-1.5515579448043986f,-0.592602388082603f,0f,0f,0f,1f],start_interpolation:0}
execute if entity @s[tag=aj.armor.bone.right_leg] run data modify entity @s {} merge value {transformation:[-0.9665429742876125f,0.03643309319783412f,-0.2539041326471344f,-1.3506454166666666f,0.05459072189101104f,0.9964015579621881f,-0.06483662833570647f,-1.3698764583333327f,0.2506282744198547f,-0.07652819748669232f,-0.9650538342759765f,-0.8246302083333337f,0f,0f,0f,1f],start_interpolation:0}
execute if entity @s[tag=aj.armor.bone.left_foot] run data modify entity @s {} merge value {transformation:[-1.0873408738998247f,-0.004311969823736987f,-0.45084601111639794f,1.152805337047989f,-0.013146810954019827f,1.1768601412986346f,0.02045150510008761f,-7.364116685492104f,0.4506749163033898f,0.023927173158541384f,-1.0871570747027017f,0.7319142934095157f,0f,0f,0f,1f],start_interpolation:0}
execute if entity @s[tag=aj.armor.bone.left_knee] run data modify entity @s {} merge value {transformation:[-2.6831218288390253f,0.13466216918267762f,-1.1043785765454543f,1.3422508068002101f,-0.032441064524536954f,2.8725880902437155f,0.4290849911806496f,-3.7838708829409944f,1.1120852114267428f,0.4086960392700167f,-2.6520110705924584f,1.123473667917748f,0f,0f,0f,1f],start_interpolation:0}
execute if entity @s[tag=aj.armor.bone.left_thigh] run data modify entity @s {} merge value {transformation:[-2.2870670200047445f,-0.7322625202522407f,-0.6026016680855744f,0.28077375448763775f,-0.027652448714942678f,1.6240823097311263f,-1.8685836123217865f,-1.4812702774058146f,0.9479306467383295f,-1.7193489976125573f,-1.5084028759989838f,-1.2363063779493162f,0f,0f,0f,1f],start_interpolation:0}
execute if entity @s[tag=aj.armor.bone.left_leg] run data modify entity @s {} merge value {transformation:[-0.9831416141608834f,0.058144828910475836f,-0.17335439243383508f,0.18397812500000021f,0.057261478308604986f,0.9983081582712682f,0.010096743581059574f,-1.5365431249999997f,0.17364817766693022f,7.120687861218472e-18f,-0.984807753012208f,-1.2829635416666667f,0f,0f,0f,1f],start_interpolation:0}