# This file was generated by Animated Java via MC-Build. It is not recommended to edit this file directly.
$data merge entity $(bone_left_fingers_2) {transformation: [-0.9755f,0.2094f,0.0679f,2.9802f,0.2051f,0.9766f,-0.065f,4.7964f,-0.0799f,-0.0494f,-0.9956f,2.1291f,0f,0f,0f,1f],start_interpolation: 0,interpolation_duration: 1}
$data merge entity $(bone_left_fingers) {transformation: [-0.9755f,0.2094f,0.0679f,3.034f,0.2051f,0.9766f,-0.065f,4.7618f,-0.0799f,-0.0494f,-0.9956f,1.5561f,0f,0f,0f,1f],start_interpolation: 0,interpolation_duration: 1}
$data merge entity $(bone_left_index_finger_2) {transformation: [-0.9755f,0.1748f,0.1337f,2.5852f,0.2051f,0.9425f,0.2638f,5.0677f,-0.0799f,0.2848f,-0.9553f,2.0554f,0f,0f,0f,1f],start_interpolation: 0,interpolation_duration: 1}
$data merge entity $(bone_left_index_finger) {transformation: [-0.9755f,0.2201f,-0.0031f,2.5847f,0.2051f,0.9036f,-0.3761f,4.8562f,-0.0799f,-0.3675f,-0.9266f,1.5193f,0f,0f,0f,1f],start_interpolation: 0,interpolation_duration: 1}
$data merge entity $(bone_left_thumb) {transformation: [-0.6638f,0.6691f,0.3341f,2.3263f,0.6585f,0.7347f,-0.1629f,4.6053f,-0.3545f,0.1119f,-0.9283f,0.7464f,0f,0f,0f,1f],start_interpolation: 0,interpolation_duration: 1}
$data merge entity $(bone_left_hand) {transformation: [-0.9755f,0.2094f,0.0679f,2.9442f,0.2051f,0.9766f,-0.065f,4.6252f,-0.0799f,-0.0494f,-0.9956f,0.8404f,0f,0f,0f,1f],start_interpolation: 0,interpolation_duration: 1}
$data merge entity $(bone_left_forearm) {transformation: [0.074f,-1.6088f,1.1881f,3.4336f,-1.9244f,-0.3809f,-0.3959f,3.8522f,0.5444f,-1.1278f,-1.5611f,-1.2112f,0f,0f,0f,1f],start_interpolation: 0,interpolation_duration: 1}
$data merge entity $(bone_left_bicep) {transformation: [0.0477f,-1.0371f,0.7659f,1.9764f,-1.2406f,-0.2455f,-0.2552f,2.7529f,0.3509f,-0.7271f,-1.0063f,-1.5774f,0f,0f,0f,1f],start_interpolation: 0,interpolation_duration: 1}
$data merge entity $(bone_left_shoulder) {transformation: [-0.6021f,-0.7884f,0.7319f,1.4959f,-1.0589f,0.5822f,-0.2439f,2.2269f,-0.1897f,-0.7477f,-0.9616f,-1.7768f,0f,0f,0f,1f],start_interpolation: 0,interpolation_duration: 1}
$data merge entity $(bone_right_fingers_2) {transformation: [-0.9755f,-0.2094f,-0.0679f,-2.9802f,-0.2051f,0.9766f,-0.065f,4.7964f,0.0799f,-0.0494f,-0.9956f,2.1291f,0f,0f,0f,1f],start_interpolation: 0,interpolation_duration: 1}
$data merge entity $(bone_right_fingers) {transformation: [-0.9755f,-0.2094f,-0.0679f,-3.034f,-0.2051f,0.9766f,-0.065f,4.7618f,0.0799f,-0.0494f,-0.9956f,1.5561f,0f,0f,0f,1f],start_interpolation: 0,interpolation_duration: 1}
$data merge entity $(bone_right_index_finger_2) {transformation: [-0.9755f,-0.1748f,-0.1337f,-2.5852f,-0.2051f,0.9425f,0.2638f,5.0677f,0.0799f,0.2848f,-0.9553f,2.0554f,0f,0f,0f,1f],start_interpolation: 0,interpolation_duration: 1}
$data merge entity $(bone_right_index_finger) {transformation: [-0.9755f,-0.2201f,0.0031f,-2.5847f,-0.2051f,0.9036f,-0.3761f,4.8562f,0.0799f,-0.3675f,-0.9266f,1.5193f,0f,0f,0f,1f],start_interpolation: 0,interpolation_duration: 1}
$data merge entity $(bone_right_thumb) {transformation: [-0.6638f,-0.6691f,-0.3341f,-2.3263f,-0.6585f,0.7347f,-0.1629f,4.6053f,0.3545f,0.1119f,-0.9283f,0.7464f,0f,0f,0f,1f],start_interpolation: 0,interpolation_duration: 1}
$data merge entity $(bone_right_hand) {transformation: [-0.9755f,-0.2094f,-0.0679f,-2.9442f,-0.2051f,0.9766f,-0.065f,4.6252f,0.0799f,-0.0494f,-0.9956f,0.8404f,0f,0f,0f,1f],start_interpolation: 0,interpolation_duration: 1}
$data merge entity $(bone_right_forearm) {transformation: [0.074f,1.6088f,-1.1881f,-3.4336f,1.9244f,-0.3809f,-0.3959f,3.8522f,-0.5444f,-1.1278f,-1.5611f,-1.2112f,0f,0f,0f,1f],start_interpolation: 0,interpolation_duration: 1}
$data merge entity $(bone_right_bicep) {transformation: [0.0477f,1.0371f,-0.7659f,-1.9764f,1.2406f,-0.2455f,-0.2552f,2.7529f,-0.3509f,-0.7271f,-1.0063f,-1.5774f,0f,0f,0f,1f],start_interpolation: 0,interpolation_duration: 1}
$data merge entity $(bone_right_shoulder) {transformation: [-0.6021f,0.7884f,-0.7319f,-1.4959f,1.0589f,0.5822f,-0.2439f,2.2269f,0.1897f,-0.7477f,-0.9616f,-1.7768f,0f,0f,0f,1f],start_interpolation: 0,interpolation_duration: 1}
$data merge entity $(bone_chest) {transformation: [-4.0675f,0f,0f,0f,0f,4.0673f,-0.0357f,1.9628f,0f,-0.0357f,-4.0673f,-1.369f,0f,0f,0f,1f],start_interpolation: 0,interpolation_duration: 1}
$data merge entity $(bone_right_fingers2) {transformation: [-1f,0f,0f,0.6872f,0f,0.3728f,0.9279f,0.6451f,0f,0.9279f,-0.3728f,-8.7116f,0f,0f,0f,1f],start_interpolation: 0,interpolation_duration: 1}
$data merge entity $(bone_left_foot) {transformation: [-1f,0f,0f,0.6921f,0f,0.7606f,0.6492f,1.2571f,0f,0.6492f,-0.7606f,-7.9259f,0f,0f,0f,1f],start_interpolation: 0,interpolation_duration: 1}
$data merge entity $(bone_left_knee) {transformation: [-1.585f,0f,0f,0.7081f,0f,1.5516f,0.3237f,0.279f,0f,0.3237f,-1.5516f,-6.0928f,0f,0f,0f,1f],start_interpolation: 0,interpolation_duration: 1}
$data merge entity $(bone_left_thigh) {transformation: [-1.6037f,0f,0f,0.6778f,0f,0.6644f,1.4595f,1.9657f,0f,1.4595f,-0.6644f,-4.831f,0f,0f,0f,1f],start_interpolation: 0,interpolation_duration: 1}
$data merge entity $(bone_left_fingers2) {transformation: [-1f,-0.0024f,0.0024f,-0.6884f,0.0034f,-0.7685f,0.6398f,1.9806f,0.0003f,0.6398f,0.7685f,-8.7822f,0f,0f,0f,1f],start_interpolation: 0,interpolation_duration: 1}
$data merge entity $(bone_right_foot) {transformation: [-1f,0.0019f,0.0029f,-0.692f,0.0034f,0.4827f,0.8758f,2.276f,0.0003f,0.8758f,-0.4827f,-7.8311f,0f,0f,0f,1f],start_interpolation: 0,interpolation_duration: 1}
$data merge entity $(bone_right_knee) {transformation: [-1.585f,0.0048f,0.0026f,-0.7129f,0.0054f,1.3243f,0.871f,0.7168f,0.0005f,0.871f,-1.3243f,-6.4649f,0f,0f,0f,1f],start_interpolation: 0,interpolation_duration: 1}
$data merge entity $(bone_right_thigh) {transformation: [-1.6036f,0.0013f,0.0054f,-0.6778f,0.0055f,0.242f,1.5853f,1.9792f,0.0005f,1.5853f,-0.242f,-4.8135f,0f,0f,0f,1f],start_interpolation: 0,interpolation_duration: 1}