# This file was generated by Animated Java via MC-Build. It is not recommended to edit this file directly.
$data merge entity $(bone_left_fingers_2) {transformation: [-0.9673f,0.2328f,0.1007f,2.7567f,0.224f,0.9703f,-0.0919f,4.9428f,-0.1191f,-0.0663f,-0.9907f,2.1074f,0f,0f,0f,1f],start_interpolation: 0,interpolation_duration: 1}
$data merge entity $(bone_left_fingers) {transformation: [-0.9673f,0.2328f,0.1007f,2.8294f,0.224f,0.9703f,-0.0919f,4.8923f,-0.1191f,-0.0663f,-0.9907f,1.5377f,0f,0f,0f,1f],start_interpolation: 0,interpolation_duration: 1}
$data merge entity $(bone_left_index_finger_2) {transformation: [-0.9673f,0.1925f,0.1652f,2.3745f,0.224f,0.9538f,0.2001f,5.2341f,-0.1191f,0.2305f,-0.9658f,2.0075f,0f,0f,0f,1f],start_interpolation: 0,interpolation_duration: 1}
$data merge entity $(bone_left_index_finger) {transformation: [-0.9673f,0.2533f,0.0137f,2.3838f,0.224f,0.8781f,-0.4228f,4.9955f,-0.1191f,-0.4059f,-0.9061f,1.4829f,0f,0f,0f,1f],start_interpolation: 0,interpolation_duration: 1}
$data merge entity $(bone_left_thumb) {transformation: [-0.6238f,0.6848f,0.3767f,2.1466f,0.6714f,0.7162f,-0.1902f,4.7305f,-0.4001f,0.1342f,-0.9066f,0.7079f,0f,0f,0f,1f],start_interpolation: 0,interpolation_duration: 1}
$data merge entity $(bone_left_hand) {transformation: [-0.9673f,0.2328f,0.1007f,2.7612f,0.224f,0.9703f,-0.0919f,4.7395f,-0.1191f,-0.0663f,-0.9907f,0.8229f,0f,0f,0f,1f],start_interpolation: 0,interpolation_duration: 1}
$data merge entity $(bone_left_forearm) {transformation: [0.0856f,-1.5471f,1.2667f,3.36f,-1.9054f,-0.4474f,-0.4177f,3.9159f,0.6061f,-1.1881f,-1.4921f,-1.1794f,0f,0f,0f,1f],start_interpolation: 0,interpolation_duration: 1}
$data merge entity $(bone_left_bicep) {transformation: [0.0552f,-0.9973f,0.8165f,1.9427f,-1.2283f,-0.2884f,-0.2693f,2.7765f,0.3907f,-0.7659f,-0.9619f,-1.578f,0f,0f,0f,1f],start_interpolation: 0,interpolation_duration: 1}
$data merge entity $(bone_left_shoulder) {transformation: [-0.5722f,-0.7639f,0.7802f,1.4822f,-1.0763f,0.5433f,-0.2573f,2.2349f,-0.1844f,-0.8006f,-0.9191f,-1.7829f,0f,0f,0f,1f],start_interpolation: 0,interpolation_duration: 1}
$data merge entity $(bone_right_fingers_2) {transformation: [-0.9673f,-0.2328f,-0.1007f,-2.7567f,-0.224f,0.9703f,-0.0919f,4.9428f,0.1191f,-0.0663f,-0.9907f,2.1074f,0f,0f,0f,1f],start_interpolation: 0,interpolation_duration: 1}
$data merge entity $(bone_right_fingers) {transformation: [-0.9673f,-0.2328f,-0.1007f,-2.8294f,-0.224f,0.9703f,-0.0919f,4.8923f,0.1191f,-0.0663f,-0.9907f,1.5377f,0f,0f,0f,1f],start_interpolation: 0,interpolation_duration: 1}
$data merge entity $(bone_right_index_finger_2) {transformation: [-0.9673f,-0.1925f,-0.1652f,-2.3745f,-0.224f,0.9538f,0.2001f,5.2341f,0.1191f,0.2305f,-0.9658f,2.0075f,0f,0f,0f,1f],start_interpolation: 0,interpolation_duration: 1}
$data merge entity $(bone_right_index_finger) {transformation: [-0.9673f,-0.2533f,-0.0137f,-2.3838f,-0.224f,0.8781f,-0.4228f,4.9955f,0.1191f,-0.4059f,-0.9061f,1.4829f,0f,0f,0f,1f],start_interpolation: 0,interpolation_duration: 1}
$data merge entity $(bone_right_thumb) {transformation: [-0.6238f,-0.6848f,-0.3767f,-2.1466f,-0.6714f,0.7162f,-0.1902f,4.7305f,0.4001f,0.1342f,-0.9066f,0.7079f,0f,0f,0f,1f],start_interpolation: 0,interpolation_duration: 1}
$data merge entity $(bone_right_hand) {transformation: [-0.9673f,-0.2328f,-0.1007f,-2.7612f,-0.224f,0.9703f,-0.0919f,4.7395f,0.1191f,-0.0663f,-0.9907f,0.8229f,0f,0f,0f,1f],start_interpolation: 0,interpolation_duration: 1}
$data merge entity $(bone_right_forearm) {transformation: [0.0856f,1.5471f,-1.2667f,-3.36f,1.9054f,-0.4474f,-0.4177f,3.9159f,-0.6061f,-1.1881f,-1.4921f,-1.1794f,0f,0f,0f,1f],start_interpolation: 0,interpolation_duration: 1}
$data merge entity $(bone_right_bicep) {transformation: [0.0552f,0.9973f,-0.8165f,-1.9427f,1.2283f,-0.2884f,-0.2693f,2.7765f,-0.3907f,-0.7659f,-0.9619f,-1.578f,0f,0f,0f,1f],start_interpolation: 0,interpolation_duration: 1}
$data merge entity $(bone_right_shoulder) {transformation: [-0.5722f,0.7639f,-0.7802f,-1.4822f,1.0763f,0.5433f,-0.2573f,2.2349f,0.1844f,-0.8006f,-0.9191f,-1.7829f,0f,0f,0f,1f],start_interpolation: 0,interpolation_duration: 1}
$data merge entity $(bone_chest) {transformation: [-4.0675f,0f,0f,0f,0f,4.0668f,-0.0746f,1.9628f,0f,-0.0746f,-4.0668f,-1.369f,0f,0f,0f,1f],start_interpolation: 0,interpolation_duration: 1}
$data merge entity $(bone_right_fingers2) {transformation: [-1f,0f,0f,0.6941f,0f,0.2376f,0.9714f,0.7846f,0f,0.9714f,-0.2376f,-8.7364f,0f,0f,0f,1f],start_interpolation: 0,interpolation_duration: 1}
$data merge entity $(bone_left_foot) {transformation: [-1f,0f,0f,0.6989f,0f,0.7676f,0.641f,1.405f,0f,0.641f,-0.7676f,-7.9573f,0f,0f,0f,1f],start_interpolation: 0,interpolation_duration: 1}
$data merge entity $(bone_left_knee) {transformation: [-1.585f,0f,0f,0.715f,0f,1.5344f,0.3975f,0.3404f,0f,0.3975f,-1.5344f,-6.173f,0f,0f,0f,1f],start_interpolation: 0,interpolation_duration: 1}
$data merge entity $(bone_left_thigh) {transformation: [-1.6037f,0f,0f,0.6846f,0f,0.5975f,1.4882f,1.9681f,0f,1.4882f,-0.5975f,-4.8359f,0f,0f,0f,1f],start_interpolation: 0,interpolation_duration: 1}
$data merge entity $(bone_left_fingers2) {transformation: [-0.9999f,-0.0075f,0.0067f,-0.699f,0.01f,-0.8045f,0.5938f,1.839f,0.0009f,0.5939f,0.8046f,-8.7275f,0f,0f,0f,1f],start_interpolation: 0,interpolation_duration: 1}
$data merge entity $(bone_right_foot) {transformation: [-0.9999f,0.0064f,0.0078f,-0.6991f,0.01f,0.5632f,0.8263f,2.2229f,0.0009f,0.8263f,-0.5632f,-7.8085f,0f,0f,0f,1f],start_interpolation: 0,interpolation_duration: 1}
$data merge entity $(bone_right_knee) {transformation: [-1.5849f,0.0141f,0.0075f,-0.7295f,0.0159f,1.3296f,0.8627f,0.6723f,0.0014f,0.8627f,-1.3296f,-6.4327f,0f,0f,0f,1f],start_interpolation: 0,interpolation_duration: 1}
$data merge entity $(bone_right_thigh) {transformation: [-1.6036f,0.0043f,0.0156f,-0.6846f,0.0161f,0.2876f,1.5776f,1.9815f,0.0014f,1.5776f,-0.2877f,-4.8184f,0f,0f,0f,1f],start_interpolation: 0,interpolation_duration: 1}