# This file was generated by Animated Java via MC-Build. It is not recommended to edit this file directly.
$data merge entity $(bone_neck) {transformation: [-1f,0f,0f,0f,0f,0.9962f,0.0872f,2.2152f,0f,0.0872f,-0.9962f,-1.3912f,0f,0f,0f,1f],start_interpolation: 0,interpolation_duration: 1}
$data merge entity $(bone_left_fingers_2) {transformation: [-0.9926f,0.0334f,-0.1167f,4.3623f,0.041f,0.9972f,-0.0633f,0.8787f,0.1142f,-0.0676f,-0.9912f,1.471f,0f,0f,0f,1f],start_interpolation: 0,interpolation_duration: 1}
$data merge entity $(bone_left_fingers) {transformation: [-0.9926f,0.0334f,-0.1167f,4.3089f,0.041f,0.9972f,-0.0633f,0.8474f,0.1142f,-0.0676f,-0.9912f,0.8978f,0f,0f,0f,1f],start_interpolation: 0,interpolation_duration: 1}
$data merge entity $(bone_left_index_finger_2) {transformation: [-0.9926f,0.0502f,-0.1105f,3.9205f,0.041f,0.9956f,0.0844f,0.9591f,0.1142f,0.0793f,-0.9903f,1.515f,0f,0f,0f,1f],start_interpolation: 0,interpolation_duration: 1}
$data merge entity $(bone_left_index_finger) {transformation: [-0.9926f,0.0205f,-0.1196f,3.8517f,0.041f,0.9844f,-0.171f,0.8663f,0.1142f,-0.1746f,-0.978f,0.9504f,0f,0f,0f,1f],start_interpolation: 0,interpolation_duration: 1}
$data merge entity $(bone_left_thumb) {transformation: [-0.9715f,0.2352f,-0.0276f,3.4929f,0.2368f,0.9658f,-0.1056f,0.5682f,0.0018f,-0.1091f,-0.994f,0.2366f,0f,0f,0f,1f],start_interpolation: 0,interpolation_duration: 1}
$data merge entity $(bone_left_hand) {transformation: [-0.9926f,0.0334f,-0.1167f,4.1055f,0.041f,0.9972f,-0.0633f,0.6905f,0.1142f,-0.0676f,-0.9912f,0.21f,0f,0f,0f,1f],start_interpolation: 0,interpolation_duration: 1}
$data merge entity $(bone_left_forearm) {transformation: [-1.5839f,-1.2087f,0.1885f,3.6802f,-1.2233f,1.5637f,-0.2524f,1.0908f,0.0052f,-0.315f,-1.9764f,-1.9512f,0f,0f,0f,1f],start_interpolation: 0,interpolation_duration: 1}
$data merge entity $(bone_left_bicep) {transformation: [-1.0211f,-0.7792f,0.1215f,1.9725f,-0.7886f,1.008f,-0.1627f,1.8241f,0.0033f,-0.2031f,-1.2741f,-1.8412f,0f,0f,0f,1f],start_interpolation: 0,interpolation_duration: 1}
$data merge entity $(bone_left_shoulder) {transformation: [-1.1431f,-0.4468f,0.1161f,1.4273f,-0.4588f,1.1336f,-0.1555f,1.761f,-0.0504f,-0.1874f,-1.2174f,-1.8591f,0f,0f,0f,1f],start_interpolation: 0,interpolation_duration: 1}
$data merge entity $(bone_right_fingers_2) {transformation: [-0.9926f,-0.0334f,0.1167f,-4.3658f,-0.041f,0.9972f,-0.0633f,0.8815f,-0.1142f,-0.0676f,-0.9912f,1.471f,0f,0f,0f,1f],start_interpolation: 0,interpolation_duration: 1}
$data merge entity $(bone_right_fingers) {transformation: [-0.9926f,-0.0334f,0.1167f,-4.3124f,-0.041f,0.9972f,-0.0633f,0.8502f,-0.1142f,-0.0676f,-0.9912f,0.8978f,0f,0f,0f,1f],start_interpolation: 0,interpolation_duration: 1}
$data merge entity $(bone_right_index_finger_2) {transformation: [-0.9926f,-0.0502f,0.1105f,-3.924f,-0.041f,0.9956f,0.0844f,0.9619f,-0.1142f,0.0793f,-0.9903f,1.515f,0f,0f,0f,1f],start_interpolation: 0,interpolation_duration: 1}
$data merge entity $(bone_right_index_finger) {transformation: [-0.9926f,-0.0205f,0.1196f,-3.8552f,-0.041f,0.9844f,-0.171f,0.869f,-0.1142f,-0.1746f,-0.978f,0.9504f,0f,0f,0f,1f],start_interpolation: 0,interpolation_duration: 1}
$data merge entity $(bone_right_thumb) {transformation: [-0.9715f,-0.2352f,0.0276f,-3.4965f,-0.2368f,0.9658f,-0.1056f,0.5709f,-0.0018f,-0.1091f,-0.994f,0.2366f,0f,0f,0f,1f],start_interpolation: 0,interpolation_duration: 1}
$data merge entity $(bone_right_hand) {transformation: [-0.9926f,-0.0334f,0.1167f,-4.1091f,-0.041f,0.9972f,-0.0633f,0.6932f,-0.1142f,-0.0676f,-0.9912f,0.21f,0f,0f,0f,1f],start_interpolation: 0,interpolation_duration: 1}
$data merge entity $(bone_right_forearm) {transformation: [-1.5839f,1.2087f,-0.1885f,-3.6802f,1.2233f,1.5637f,-0.2524f,1.0908f,-0.0052f,-0.315f,-1.9764f,-1.9512f,0f,0f,0f,1f],start_interpolation: 0,interpolation_duration: 1}
$data merge entity $(bone_right_bicep) {transformation: [-1.0211f,0.7792f,-0.1215f,-1.9725f,0.7886f,1.008f,-0.1627f,1.8241f,-0.0033f,-0.2031f,-1.2741f,-1.8412f,0f,0f,0f,1f],start_interpolation: 0,interpolation_duration: 1}
$data merge entity $(bone_right_shoulder) {transformation: [-1.1431f,0.4468f,-0.1161f,-1.4273f,0.4588f,1.1336f,-0.1555f,1.761f,0.0504f,-0.1874f,-1.2174f,-1.8591f,0f,0f,0f,1f],start_interpolation: 0,interpolation_duration: 1}
$data merge entity $(bone_chest) {transformation: [-4.0675f,0f,0f,0f,0f,4.063f,-0.1916f,1.81f,0f,-0.1916f,-4.063f,-1.3377f,0f,0f,0f,1f],start_interpolation: 0,interpolation_duration: 1}
$data merge entity $(bone_weist) {transformation: [-1.1f,0f,0f,0f,0f,1.1f,0f,1.9175f,0f,0f,-1.1f,-3.9262f,0f,0f,0f,1f],start_interpolation: 0,interpolation_duration: 1}
$data merge entity $(bone_right_fingers2) {transformation: [-1f,0f,0f,0.7215f,0f,0.9208f,0.3901f,-1.117f,0f,0.3901f,-0.9208f,-6.8464f,0f,0f,0f,1f],start_interpolation: 0,interpolation_duration: 1}
$data merge entity $(bone_left_foot) {transformation: [-1f,0f,0f,0.7263f,0f,0.9621f,0.2726f,-0.2331f,0f,0.2726f,-0.9621f,-6.3877f,0f,0f,0f,1f],start_interpolation: 0,interpolation_duration: 1}
$data merge entity $(bone_left_knee) {transformation: [-1.585f,0f,0f,0.7424f,0f,1.5759f,-0.1695f,-0.5995f,0f,-0.1695f,-1.5759f,-4.3426f,0f,0f,0f,1f],start_interpolation: 0,interpolation_duration: 1}
$data merge entity $(bone_left_thigh) {transformation: [-1.6037f,0f,0f,0.712f,0f,1.5185f,0.5157f,1.4752f,0f,0.5157f,-1.5185f,-4.707f,0f,0f,0f,1f],start_interpolation: 0,interpolation_duration: 1}
$data merge entity $(bone_left_leg) {transformation: [-1f,0f,0f,0.5257f,0f,1f,0f,1.7444f,0f,0f,-1f,-4.9329f,0f,0f,0f,1f],start_interpolation: 0,interpolation_duration: 1}
$data merge entity $(bone_left_fingers2) {transformation: [-1f,-0.0013f,-0.0019f,-0.7167f,-0.0023f,0.6074f,0.7944f,-0.6968f,0.0001f,0.7944f,-0.6074f,-7.1988f,0f,0f,0f,1f],start_interpolation: 0,interpolation_duration: 1}
$data merge entity $(bone_right_foot) {transformation: [-1f,-0.002f,-0.0011f,-0.7233f,-0.0023f,0.8974f,0.4412f,0.0902f,0.0001f,0.4412f,-0.8974f,-6.5886f,0f,0f,0f,1f],start_interpolation: 0,interpolation_duration: 1}
$data merge entity $(bone_right_knee) {transformation: [-1.585f,-0.0037f,-0.0004f,-0.7376f,-0.0037f,1.5818f,0.1001f,-0.587f,0.0002f,0.1001f,-1.5818f,-4.6292f,0f,0f,0f,1f],start_interpolation: 0,interpolation_duration: 1}
$data merge entity $(bone_right_thigh) {transformation: [-1.6036f,-0.0032f,-0.0018f,-0.712f,-0.0037f,1.4288f,0.7281f,1.4909f,0.0002f,0.7281f,-1.4289f,-4.6914f,0f,0f,0f,1f],start_interpolation: 0,interpolation_duration: 1}
$data merge entity $(bone_right_leg) {transformation: [-1f,0f,0f,-0.5257f,0f,1f,0f,1.7444f,0f,0f,-1f,-4.9329f,0f,0f,0f,1f],start_interpolation: 0,interpolation_duration: 1}