# This file was generated by Animated Java via MC-Build. It is not recommended to edit this file directly.
$data merge entity $(bone_left_fingers_2) {transformation: [-0.9656f,0.2368f,0.1073f,2.7172f,0.2259f,0.9686f,-0.104f,4.9765f,-0.1285f,-0.0762f,-0.9888f,2.0975f,0f,0f,0f,1f],start_interpolation: 0,interpolation_duration: 1}
$data merge entity $(bone_left_fingers) {transformation: [-0.9656f,0.2368f,0.1073f,2.7937f,0.2259f,0.9686f,-0.104f,4.9191f,-0.1285f,-0.0762f,-0.9888f,1.5289f,0f,0f,0f,1f],start_interpolation: 0,interpolation_duration: 1}
$data merge entity $(bone_left_index_finger_2) {transformation: [-0.9656f,0.1965f,0.1701f,2.3376f,0.2259f,0.9582f,0.1755f,5.271f,-0.1285f,0.2079f,-0.9697f,1.99f,0f,0f,0f,1f],start_interpolation: 0,interpolation_duration: 1}
$data merge entity $(bone_left_index_finger) {transformation: [-0.9656f,0.2594f,0.0169f,2.3489f,0.2259f,0.8697f,-0.4387f,5.0231f,-0.1285f,-0.4198f,-0.8985f,1.4697f,0f,0f,0f,1f],start_interpolation: 0,interpolation_duration: 1}
$data merge entity $(bone_left_thumb) {transformation: [-0.6175f,0.6858f,0.3852f,2.1162f,0.6695f,0.7153f,-0.2003f,4.7498f,-0.4129f,0.1342f,-0.9008f,0.6963f,0f,0f,0f,1f],start_interpolation: 0,interpolation_duration: 1}
$data merge entity $(bone_left_hand) {transformation: [-0.9656f,0.2368f,0.1073f,2.7299f,0.2259f,0.9686f,-0.104f,4.758f,-0.1285f,-0.0762f,-0.9888f,0.8155f,0f,0f,0f,1f],start_interpolation: 0,interpolation_duration: 1}
$data merge entity $(bone_left_forearm) {transformation: [0.0815f,-1.5356f,1.2809f,3.3482f,-1.9013f,-0.4566f,-0.4264f,3.9217f,0.6194f,-1.1995f,-1.4774f,-1.1756f,0f,0f,0f,1f],start_interpolation: 0,interpolation_duration: 1}
$data merge entity $(bone_left_bicep) {transformation: [0.0525f,-0.9899f,0.8257f,1.9357f,-1.2257f,-0.2944f,-0.2749f,2.7784f,0.3993f,-0.7733f,-0.9524f,-1.5799f,0f,0f,0f,1f],start_interpolation: 0,interpolation_duration: 1}
$data merge entity $(bone_left_shoulder) {transformation: [-0.5695f,-0.7568f,0.789f,1.4775f,-1.078f,0.5373f,-0.2627f,2.235f,-0.1827f,-0.8113f,-0.9101f,-1.7855f,0f,0f,0f,1f],start_interpolation: 0,interpolation_duration: 1}
$data merge entity $(bone_right_fingers_2) {transformation: [-0.9656f,-0.2368f,-0.1073f,-2.7172f,-0.2259f,0.9686f,-0.104f,4.9765f,0.1285f,-0.0762f,-0.9888f,2.0975f,0f,0f,0f,1f],start_interpolation: 0,interpolation_duration: 1}
$data merge entity $(bone_right_fingers) {transformation: [-0.9656f,-0.2368f,-0.1073f,-2.7937f,-0.2259f,0.9686f,-0.104f,4.9191f,0.1285f,-0.0762f,-0.9888f,1.5289f,0f,0f,0f,1f],start_interpolation: 0,interpolation_duration: 1}
$data merge entity $(bone_right_index_finger_2) {transformation: [-0.9656f,-0.1965f,-0.1701f,-2.3376f,-0.2259f,0.9582f,0.1755f,5.271f,0.1285f,0.2079f,-0.9697f,1.99f,0f,0f,0f,1f],start_interpolation: 0,interpolation_duration: 1}
$data merge entity $(bone_right_index_finger) {transformation: [-0.9656f,-0.2594f,-0.0169f,-2.3489f,-0.2259f,0.8697f,-0.4387f,5.0231f,0.1285f,-0.4198f,-0.8985f,1.4697f,0f,0f,0f,1f],start_interpolation: 0,interpolation_duration: 1}
$data merge entity $(bone_right_thumb) {transformation: [-0.6175f,-0.6858f,-0.3852f,-2.1162f,-0.6695f,0.7153f,-0.2003f,4.7498f,0.4129f,0.1342f,-0.9008f,0.6963f,0f,0f,0f,1f],start_interpolation: 0,interpolation_duration: 1}
$data merge entity $(bone_right_hand) {transformation: [-0.9656f,-0.2368f,-0.1073f,-2.7299f,-0.2259f,0.9686f,-0.104f,4.758f,0.1285f,-0.0762f,-0.9888f,0.8155f,0f,0f,0f,1f],start_interpolation: 0,interpolation_duration: 1}
$data merge entity $(bone_right_forearm) {transformation: [0.0815f,1.5356f,-1.2809f,-3.3482f,1.9013f,-0.4566f,-0.4264f,3.9217f,-0.6194f,-1.1995f,-1.4774f,-1.1756f,0f,0f,0f,1f],start_interpolation: 0,interpolation_duration: 1}
$data merge entity $(bone_right_bicep) {transformation: [0.0525f,0.9899f,-0.8257f,-1.9357f,1.2257f,-0.2944f,-0.2749f,2.7784f,-0.3993f,-0.7733f,-0.9524f,-1.5799f,0f,0f,0f,1f],start_interpolation: 0,interpolation_duration: 1}
$data merge entity $(bone_right_shoulder) {transformation: [-0.5695f,0.7568f,-0.789f,-1.4775f,1.078f,0.5373f,-0.2627f,2.235f,0.1827f,-0.8113f,-0.9101f,-1.7855f,0f,0f,0f,1f],start_interpolation: 0,interpolation_duration: 1}
$data merge entity $(bone_chest) {transformation: [-4.0675f,0f,0f,0f,0f,4.0666f,-0.0829f,1.9628f,0f,-0.0829f,-4.0666f,-1.369f,0f,0f,0f,1f],start_interpolation: 0,interpolation_duration: 1}
$data merge entity $(bone_right_fingers2) {transformation: [-1f,0f,0f,0.6964f,0f,0.2017f,0.9794f,0.8131f,0f,0.9794f,-0.2017f,-8.732f,0f,0f,0f,1f],start_interpolation: 0,interpolation_duration: 1}
$data merge entity $(bone_left_foot) {transformation: [-1f,0f,0f,0.7012f,0f,0.7713f,0.6365f,1.438f,0f,0.6365f,-0.7713f,-7.9565f,0f,0f,0f,1f],start_interpolation: 0,interpolation_duration: 1}
$data merge entity $(bone_left_knee) {transformation: [-1.585f,0f,0f,0.7173f,0f,1.5292f,0.4169f,0.3509f,0f,0.4169f,-1.5292f,-6.1858f,0f,0f,0f,1f],start_interpolation: 0,interpolation_duration: 1}
$data merge entity $(bone_left_thigh) {transformation: [-1.6037f,0f,0f,0.687f,0f,0.5861f,1.4927f,1.9683f,0f,1.4927f,-0.5861f,-4.8363f,0f,0f,0f,1f],start_interpolation: 0,interpolation_duration: 1}
$data merge entity $(bone_left_fingers2) {transformation: [-0.9999f,-0.009f,0.0079f,-0.703f,0.0119f,-0.8077f,0.5895f,1.7773f,0.0011f,0.5896f,0.8077f,-8.7023f,0f,0f,0f,1f],start_interpolation: 0,interpolation_duration: 1}
$data merge entity $(bone_right_foot) {transformation: [-0.9999f,0.0079f,0.009f,-0.7019f,0.0119f,0.5896f,0.8076f,2.1908f,0.0011f,0.8076f,-0.5897f,-7.7963f,0f,0f,0f,1f],start_interpolation: 0,interpolation_duration: 1}
$data merge entity $(bone_right_knee) {transformation: [-1.5849f,0.0168f,0.0088f,-0.7349f,0.0189f,1.334f,0.8558f,0.6475f,0.0017f,0.8558f,-1.3341f,-6.4123f,0f,0f,0f,1f],start_interpolation: 0,interpolation_duration: 1}
$data merge entity $(bone_right_thigh) {transformation: [-1.6035f,0.0054f,0.0184f,-0.687f,0.0191f,0.3123f,1.5728f,1.9817f,0.0017f,1.5729f,-0.3124f,-4.8188f,0f,0f,0f,1f],start_interpolation: 0,interpolation_duration: 1}