# This file was generated by Animated Java via MC-Build. It is not recommended to edit this file directly.
$data merge entity $(bone_left_fingers_2) {transformation: [-0.9567f,0.2548f,0.1404f,2.5763f,0.2148f,0.9442f,-0.2496f,5.2221f,-0.1962f,-0.2087f,-0.9581f,1.9712f,0f,0f,0f,1f],start_interpolation: 0,interpolation_duration: 1}
$data merge entity $(bone_left_fingers) {transformation: [-0.9567f,0.2548f,0.1404f,2.6718f,0.2148f,0.9442f,-0.2496f,5.0807f,-0.1962f,-0.2087f,-0.9581f,1.4205f,0f,0f,0f,1f],start_interpolation: 0,interpolation_duration: 1}
$data merge entity $(bone_left_index_finger_2) {transformation: [-0.9567f,0.2298f,0.1785f,2.2121f,0.2148f,0.9716f,-0.0991f,5.5195f,-0.1962f,-0.0565f,-0.9789f,1.7953f,0f,0f,0f,1f],start_interpolation: 0,interpolation_duration: 1}
$data merge entity $(bone_left_index_finger) {transformation: [-0.9567f,0.2894f,0.0302f,2.2311f,0.2148f,0.7726f,-0.5974f,5.1797f,-0.1962f,-0.5651f,-0.8014f,1.3301f,0f,0f,0f,1f],start_interpolation: 0,interpolation_duration: 1}
$data merge entity $(bone_left_thumb) {transformation: [-0.6022f,0.673f,0.4295f,2.0215f,0.6025f,0.736f,-0.3086f,4.7979f,-0.5238f,0.073f,-0.8487f,0.5971f,0f,0f,0f,1f],start_interpolation: 0,interpolation_duration: 1}
$data merge entity $(bone_left_hand) {transformation: [-0.9567f,0.2548f,0.1404f,2.6307f,0.2148f,0.9442f,-0.2496f,4.817f,-0.1962f,-0.2087f,-0.9581f,0.7366f,0f,0f,0f,1f],start_interpolation: 0,interpolation_duration: 1}
$data merge entity $(bone_left_forearm) {transformation: [-0.0107f,-1.4871f,1.3393f,3.3212f,-1.8734f,-0.4636f,-0.5298f,3.8749f,0.7039f,-1.2565f,-1.3896f,-1.1822f,0f,0f,0f,1f],start_interpolation: 0,interpolation_duration: 1}
$data merge entity $(bone_left_bicep) {transformation: [-0.0069f,-0.9587f,0.8634f,1.8949f,-1.2077f,-0.2989f,-0.3415f,2.7573f,0.4538f,-0.81f,-0.8958f,-1.6094f,0f,0f,0f,1f],start_interpolation: 0,interpolation_duration: 1}
$data merge entity $(bone_left_shoulder) {transformation: [-0.5939f,-0.6975f,0.825f,1.4305f,-1.0676f,0.523f,-0.3263f,2.2192f,-0.1653f,-0.8716f,-0.856f,-1.8149f,0f,0f,0f,1f],start_interpolation: 0,interpolation_duration: 1}
$data merge entity $(bone_right_fingers_2) {transformation: [-0.9567f,-0.2548f,-0.1404f,-2.5763f,-0.2148f,0.9442f,-0.2496f,5.2221f,0.1962f,-0.2087f,-0.9581f,1.9712f,0f,0f,0f,1f],start_interpolation: 0,interpolation_duration: 1}
$data merge entity $(bone_right_fingers) {transformation: [-0.9567f,-0.2548f,-0.1404f,-2.6718f,-0.2148f,0.9442f,-0.2496f,5.0807f,0.1962f,-0.2087f,-0.9581f,1.4205f,0f,0f,0f,1f],start_interpolation: 0,interpolation_duration: 1}
$data merge entity $(bone_right_index_finger_2) {transformation: [-0.9567f,-0.2298f,-0.1785f,-2.2121f,-0.2148f,0.9716f,-0.0991f,5.5195f,0.1962f,-0.0565f,-0.9789f,1.7953f,0f,0f,0f,1f],start_interpolation: 0,interpolation_duration: 1}
$data merge entity $(bone_right_index_finger) {transformation: [-0.9567f,-0.2894f,-0.0302f,-2.2311f,-0.2148f,0.7726f,-0.5974f,5.1797f,0.1962f,-0.5651f,-0.8014f,1.3301f,0f,0f,0f,1f],start_interpolation: 0,interpolation_duration: 1}
$data merge entity $(bone_right_thumb) {transformation: [-0.6022f,-0.673f,-0.4295f,-2.0215f,-0.6025f,0.736f,-0.3086f,4.7979f,0.5238f,0.073f,-0.8487f,0.5971f,0f,0f,0f,1f],start_interpolation: 0,interpolation_duration: 1}
$data merge entity $(bone_right_hand) {transformation: [-0.9567f,-0.2548f,-0.1404f,-2.6307f,-0.2148f,0.9442f,-0.2496f,4.817f,0.1962f,-0.2087f,-0.9581f,0.7366f,0f,0f,0f,1f],start_interpolation: 0,interpolation_duration: 1}
$data merge entity $(bone_right_forearm) {transformation: [-0.0107f,1.4871f,-1.3393f,-3.3212f,1.8734f,-0.4636f,-0.5298f,3.8749f,-0.7039f,-1.2565f,-1.3896f,-1.1822f,0f,0f,0f,1f],start_interpolation: 0,interpolation_duration: 1}
$data merge entity $(bone_right_bicep) {transformation: [-0.0069f,0.9587f,-0.8634f,-1.8949f,1.2077f,-0.2989f,-0.3415f,2.7573f,-0.4538f,-0.81f,-0.8958f,-1.6094f,0f,0f,0f,1f],start_interpolation: 0,interpolation_duration: 1}
$data merge entity $(bone_right_shoulder) {transformation: [-0.5939f,0.6975f,-0.825f,-1.4305f,1.0676f,0.523f,-0.3263f,2.2192f,0.1653f,-0.8716f,-0.856f,-1.8149f,0f,0f,0f,1f],start_interpolation: 0,interpolation_duration: 1}
$data merge entity $(bone_chest) {transformation: [-4.0675f,0f,0f,0f,0f,4.0653f,-0.1339f,1.9628f,0f,-0.1339f,-4.0653f,-1.369f,0f,0f,0f,1f],start_interpolation: 0,interpolation_duration: 1}
$data merge entity $(bone_right_fingers2) {transformation: [-1f,0f,0f,0.7199f,0f,-0.0872f,0.9962f,0.9662f,0f,0.9962f,0.0872f,-8.5977f,0f,0f,0f,1f],start_interpolation: 0,interpolation_duration: 1}
$data merge entity $(bone_left_foot) {transformation: [-1f,0f,0f,0.7248f,0f,0.8153f,0.579f,1.6456f,0f,0.579f,-0.8153f,-7.8695f,0f,0f,0f,1f],start_interpolation: 0,interpolation_duration: 1}
$data merge entity $(bone_left_knee) {transformation: [-1.585f,0f,0f,0.7408f,0f,1.4781f,0.5723f,0.3818f,0f,0.5723f,-1.4781f,-6.2203f,0f,0f,0f,1f],start_interpolation: 0,interpolation_duration: 1}
$data merge entity $(bone_left_thigh) {transformation: [-1.6037f,0f,0f,0.7105f,0f,0.5501f,1.5063f,1.9664f,0f,1.5063f,-0.5501f,-4.8324f,0f,0f,0f,1f],start_interpolation: 0,interpolation_duration: 1}
$data merge entity $(bone_left_fingers2) {transformation: [-0.9996f,-0.021f,0.0201f,-0.754f,0.029f,-0.7806f,0.6244f,1.1172f,0.0026f,0.6247f,0.7808f,-8.3356f,0f,0f,0f,1f],start_interpolation: 0,interpolation_duration: 1}
$data merge entity $(bone_right_foot) {transformation: [-0.9996f,0.0252f,0.0146f,-0.7372f,0.029f,0.8168f,0.5761f,1.7987f,0.0026f,0.5763f,-0.8172f,-7.6097f,0f,0f,0f,1f],start_interpolation: 0,interpolation_duration: 1}
$data merge entity $(bone_right_knee) {transformation: [-1.5843f,0.0423f,0.0183f,-0.7911f,0.0459f,1.3923f,0.756f,0.3611f,0.0041f,0.7562f,-1.393f,-6.1169f,0f,0f,0f,1f],start_interpolation: 0,interpolation_duration: 1}
$data merge entity $(bone_right_thigh) {transformation: [-1.603f,0.0216f,0.0414f,-0.7105f,0.0465f,0.6133f,1.481f,1.9798f,0.0041f,1.4816f,-0.6136f,-4.8148f,0f,0f,0f,1f],start_interpolation: 0,interpolation_duration: 1}