# This file was generated by Animated Java via MC-Build. It is not recommended to edit this file directly.
$data merge entity $(bone_neck) {transformation: [-1f,0f,0f,0f,0f,0.9848f,0.1736f,2.3198f,0f,0.1736f,-0.9848f,-1.3788f,0f,0f,0f,1f],start_interpolation: 0,interpolation_duration: 1}
$data merge entity $(bone_left_fingers_2) {transformation: [-0.9829f,0.1822f,-0.0252f,3.9074f,0.1839f,0.9778f,-0.1003f,3.7966f,0.0064f,-0.1032f,-0.9946f,2.06f,0f,0f,0f,1f],start_interpolation: 0,interpolation_duration: 1}
$data merge entity $(bone_left_fingers) {transformation: [-0.9829f,0.1822f,-0.0252f,3.9074f,0.1839f,0.9778f,-0.1003f,3.7419f,0.0064f,-0.1032f,-0.9946f,1.4861f,0f,0f,0f,1f],start_interpolation: 0,interpolation_duration: 1}
$data merge entity $(bone_left_index_finger_2) {transformation: [-0.9829f,0.181f,0.0331f,3.4938f,0.1839f,0.9601f,0.2108f,4.017f,0.0064f,0.2133f,-0.977f,2.0316f,0f,0f,0f,1f],start_interpolation: 0,interpolation_duration: 1}
$data merge entity $(bone_left_index_finger) {transformation: [-0.9829f,0.1703f,-0.0696f,3.4547f,0.1839f,0.9224f,-0.3397f,3.8266f,0.0064f,-0.3467f,-0.938f,1.4891f,0f,0f,0f,1f],start_interpolation: 0,interpolation_duration: 1}
$data merge entity $(bone_left_thumb) {transformation: [-0.7836f,0.5917f,0.1891f,3.1298f,0.5666f,0.8056f,-0.1731f,3.5426f,-0.2547f,-0.0285f,-0.9666f,0.7535f,0f,0f,0f,1f],start_interpolation: 0,interpolation_duration: 1}
$data merge entity $(bone_left_hand) {transformation: [-0.9829f,0.1822f,-0.0252f,3.7532f,0.1839f,0.9778f,-0.1003f,3.5775f,0.0064f,-0.1032f,-0.9946f,0.7874f,0f,0f,0f,1f],start_interpolation: 0,interpolation_duration: 1}
$data merge entity $(bone_left_forearm) {transformation: [-0.4321f,-1.7626f,0.8437f,3.7757f,-1.9313f,0.2535f,-0.4595f,3.0547f,0.2978f,-0.9134f,-1.7556f,-1.3947f,0f,0f,0f,1f],start_interpolation: 0,interpolation_duration: 1}
$data merge entity $(bone_left_bicep) {transformation: [-0.2786f,-1.1362f,0.5439f,2.0304f,-1.245f,0.1634f,-0.2962f,2.4669f,0.192f,-0.5888f,-1.1318f,-1.667f,0f,0f,0f,1f],start_interpolation: 0,interpolation_duration: 1}
$data merge entity $(bone_left_shoulder) {transformation: [-0.8011f,-0.7797f,0.5197f,1.4883f,-0.9261f,0.7628f,-0.2831f,2.0845f,-0.1426f,-0.5744f,-1.0814f,-1.7981f,0f,0f,0f,1f],start_interpolation: 0,interpolation_duration: 1}
$data merge entity $(bone_right_fingers_2) {transformation: [-0.9829f,-0.1822f,0.0252f,-3.9054f,-0.1839f,0.9778f,-0.1003f,3.7879f,-0.0064f,-0.1032f,-0.9946f,2.0614f,0f,0f,0f,1f],start_interpolation: 0,interpolation_duration: 1}
$data merge entity $(bone_right_fingers) {transformation: [-0.9829f,-0.1822f,0.0252f,-3.9055f,-0.1839f,0.9778f,-0.1003f,3.7332f,-0.0064f,-0.1032f,-0.9946f,1.4874f,0f,0f,0f,1f],start_interpolation: 0,interpolation_duration: 1}
$data merge entity $(bone_right_index_finger_2) {transformation: [-0.9829f,-0.181f,-0.0331f,-3.4919f,-0.1839f,0.9601f,0.2108f,4.0083f,-0.0064f,0.2133f,-0.977f,2.033f,0f,0f,0f,1f],start_interpolation: 0,interpolation_duration: 1}
$data merge entity $(bone_right_index_finger) {transformation: [-0.9829f,-0.1703f,0.0696f,-3.4527f,-0.1839f,0.9224f,-0.3397f,3.8179f,-0.0064f,-0.3467f,-0.938f,1.4904f,0f,0f,0f,1f],start_interpolation: 0,interpolation_duration: 1}
$data merge entity $(bone_right_thumb) {transformation: [-0.7836f,-0.5917f,-0.1891f,-3.1279f,-0.5666f,0.8056f,-0.1731f,3.5339f,0.2547f,-0.0285f,-0.9666f,0.7549f,0f,0f,0f,1f],start_interpolation: 0,interpolation_duration: 1}
$data merge entity $(bone_right_hand) {transformation: [-0.9829f,-0.1822f,0.0252f,-3.7513f,-0.1839f,0.9778f,-0.1003f,3.5688f,-0.0064f,-0.1032f,-0.9946f,0.7888f,0f,0f,0f,1f],start_interpolation: 0,interpolation_duration: 1}
$data merge entity $(bone_right_forearm) {transformation: [-0.4321f,1.7626f,-0.8437f,-3.7758f,1.9313f,0.2535f,-0.4595f,3.0547f,-0.2978f,-0.9134f,-1.7556f,-1.3947f,0f,0f,0f,1f],start_interpolation: 0,interpolation_duration: 1}
$data merge entity $(bone_right_bicep) {transformation: [-0.2786f,1.1362f,-0.5439f,-2.0304f,1.245f,0.1634f,-0.2962f,2.4669f,-0.192f,-0.5888f,-1.1318f,-1.667f,0f,0f,0f,1f],start_interpolation: 0,interpolation_duration: 1}
$data merge entity $(bone_right_shoulder) {transformation: [-0.8011f,0.7797f,-0.5197f,-1.4883f,0.9261f,0.7628f,-0.2831f,2.0845f,0.1426f,-0.5744f,-1.0814f,-1.7981f,0f,0f,0f,1f],start_interpolation: 0,interpolation_duration: 1}
$data merge entity $(bone_chest) {transformation: [-4.0675f,0f,0f,0f,0f,4.0666f,-0.0852f,1.9115f,0f,-0.0852f,-4.0666f,-1.3608f,0f,0f,0f,1f],start_interpolation: 0,interpolation_duration: 1}
$data merge entity $(bone_weist) {transformation: [-1.1f,0f,0f,0f,0f,1.0958f,0.0959f,2.165f,0f,0.0959f,-1.0958f,-3.8867f,0f,0f,0f,1f],start_interpolation: 0,interpolation_duration: 1}
$data merge entity $(bone_right_fingers2) {transformation: [-1f,0f,0f,0.691f,0f,0.6484f,0.7613f,-0.1109f,0f,0.7613f,-0.6484f,-8.2449f,0f,0f,0f,1f],start_interpolation: 0,interpolation_duration: 1}
$data merge entity $(bone_left_foot) {transformation: [-1f,0f,0f,0.6958f,0f,0.8294f,0.5586f,0.5863f,0f,0.5586f,-0.8294f,-7.5338f,0f,0f,0f,1f],start_interpolation: 0,interpolation_duration: 1}
$data merge entity $(bone_left_knee) {transformation: [-1.585f,0f,0f,0.7119f,0f,1.5802f,0.1238f,-0.1507f,0f,0.1238f,-1.5802f,-5.5912f,0f,0f,0f,1f],start_interpolation: 0,interpolation_duration: 1}
$data merge entity $(bone_left_thigh) {transformation: [-1.6037f,0f,0f,0.6815f,0f,1.014f,1.2424f,1.8016f,0f,1.2424f,-1.014f,-4.8002f,0f,0f,0f,1f],start_interpolation: 0,interpolation_duration: 1}
$data merge entity $(bone_left_leg) {transformation: [-1f,0f,0f,0.5257f,0f,0.9962f,0.0872f,2.0522f,0f,0.0872f,-0.9962f,-4.9161f,0f,0f,0f,1f],start_interpolation: 0,interpolation_duration: 1}
$data merge entity $(bone_left_fingers2) {transformation: [-1f,0.0011f,-0.0029f,-0.6885f,-0.0031f,-0.4105f,0.9119f,1.1697f,-0.0001f,0.9119f,0.4105f,-8.5835f,0f,0f,0f,1f],start_interpolation: 0,interpolation_duration: 1}
$data merge entity $(bone_right_foot) {transformation: [-1f,-0.0019f,-0.0025f,-0.6946f,-0.0031f,0.5653f,0.8249f,1.5559f,-0.0001f,0.8249f,-0.5653f,-7.6656f,0f,0f,0f,1f],start_interpolation: 0,interpolation_duration: 1}
$data merge entity $(bone_right_knee) {transformation: [-1.585f,-0.0045f,-0.0019f,-0.7067f,-0.0049f,1.433f,0.6772f,0.2029f,-0.0002f,0.6772f,-1.433f,-6.0948f,0f,0f,0f,1f],start_interpolation: 0,interpolation_duration: 1}
$data merge entity $(bone_right_thigh) {transformation: [-1.6036f,-0.0021f,-0.0045f,-0.6815f,-0.005f,0.605f,1.4851f,1.8158f,-0.0002f,1.4851f,-0.605f,-4.7832f,0f,0f,0f,1f],start_interpolation: 0,interpolation_duration: 1}
$data merge entity $(bone_right_leg) {transformation: [-1f,0f,0f,-0.5257f,0f,0.9962f,0.0872f,2.0522f,0f,0.0872f,-0.9962f,-4.9161f,0f,0f,0f,1f],start_interpolation: 0,interpolation_duration: 1}
execute on vehicle unless entity @s[tag=aj.transforms_only] at @s run function animated_java:jaw/animations/charge.init/zzz/frames/4_root_commands