# This file was generated by Animated Java via MC-Build. It is not recommended to edit this file directly.
$data merge entity $(bone_left_fingers_2) {transformation: [-0.9538f,0.2609f,0.1491f,2.5761f,0.1941f,0.9137f,-0.357f,5.3547f,-0.2294f,-0.3115f,-0.9221f,1.8617f,0f,0f,0f,1f],start_interpolation: 0,interpolation_duration: 1}
$data merge entity $(bone_left_fingers) {transformation: [-0.9538f,0.2609f,0.1491f,2.6767f,0.1941f,0.9137f,-0.357f,5.1516f,-0.2294f,-0.3115f,-0.9221f,1.3316f,0f,0f,0f,1f],start_interpolation: 0,interpolation_duration: 1}
$data merge entity $(bone_left_index_finger_2) {transformation: [-0.9538f,0.2505f,0.166f,2.2184f,0.1941f,0.9352f,-0.2961f,5.6395f,-0.2294f,-0.2502f,-0.9406f,1.6419f,0f,0f,0f,1f],start_interpolation: 0,interpolation_duration: 1}
$data merge entity $(bone_left_index_finger) {transformation: [-0.9538f,0.299f,0.0298f,2.2374f,0.1941f,0.6889f,-0.6984f,5.241f,-0.2294f,-0.6603f,-0.7151f,1.226f,0f,0f,0f,1f],start_interpolation: 0,interpolation_duration: 1}
$data merge entity $(bone_left_thumb) {transformation: [-0.6094f,0.658f,0.4424f,2.0336f,0.534f,0.753f,-0.3844f,4.7792f,-0.5861f,0.002f,-0.8103f,0.5386f,0f,0f,0f,1f],start_interpolation: 0,interpolation_duration: 1}
$data merge entity $(bone_left_hand) {transformation: [-0.9538f,0.2609f,0.1491f,2.6414f,0.1941f,0.9137f,-0.357f,4.8122f,-0.2294f,-0.3115f,-0.9221f,0.6816f,0f,0f,0f,1f],start_interpolation: 0,interpolation_duration: 1}
$data merge entity $(bone_left_forearm) {transformation: [-0.0918f,-1.4783f,1.3459f,3.3344f,-1.8555f,-0.4387f,-0.6084f,3.803f,0.7444f,-1.2757f,-1.3504f,-1.2018f,0f,0f,0f,1f],start_interpolation: 0,interpolation_duration: 1}
$data merge entity $(bone_left_bicep) {transformation: [-0.0592f,-0.953f,0.8676f,1.8774f,-1.1961f,-0.2828f,-0.3922f,2.7274f,0.4799f,-0.8224f,-0.8706f,-1.6331f,0f,0f,0f,1f],start_interpolation: 0,interpolation_duration: 1}
$data merge entity $(bone_left_shoulder) {transformation: [-0.6286f,-0.6612f,0.8291f,1.3979f,-1.0492f,0.5277f,-0.3747f,2.2018f,-0.1539f,-0.8967f,-0.8318f,-1.8361f,0f,0f,0f,1f],start_interpolation: 0,interpolation_duration: 1}
$data merge entity $(bone_right_fingers_2) {transformation: [-0.9538f,-0.2609f,-0.1491f,-2.5761f,-0.1941f,0.9137f,-0.357f,5.3547f,0.2294f,-0.3115f,-0.9221f,1.8617f,0f,0f,0f,1f],start_interpolation: 0,interpolation_duration: 1}
$data merge entity $(bone_right_fingers) {transformation: [-0.9538f,-0.2609f,-0.1491f,-2.6767f,-0.1941f,0.9137f,-0.357f,5.1516f,0.2294f,-0.3115f,-0.9221f,1.3316f,0f,0f,0f,1f],start_interpolation: 0,interpolation_duration: 1}
$data merge entity $(bone_right_index_finger_2) {transformation: [-0.9538f,-0.2505f,-0.166f,-2.2184f,-0.1941f,0.9352f,-0.2961f,5.6395f,0.2294f,-0.2502f,-0.9406f,1.6419f,0f,0f,0f,1f],start_interpolation: 0,interpolation_duration: 1}
$data merge entity $(bone_right_index_finger) {transformation: [-0.9538f,-0.299f,-0.0298f,-2.2374f,-0.1941f,0.6889f,-0.6984f,5.241f,0.2294f,-0.6603f,-0.7151f,1.226f,0f,0f,0f,1f],start_interpolation: 0,interpolation_duration: 1}
$data merge entity $(bone_right_thumb) {transformation: [-0.6094f,-0.658f,-0.4424f,-2.0336f,-0.534f,0.753f,-0.3844f,4.7792f,0.5861f,0.002f,-0.8103f,0.5386f,0f,0f,0f,1f],start_interpolation: 0,interpolation_duration: 1}
$data merge entity $(bone_right_hand) {transformation: [-0.9538f,-0.2609f,-0.1491f,-2.6414f,-0.1941f,0.9137f,-0.357f,4.8122f,0.2294f,-0.3115f,-0.9221f,0.6816f,0f,0f,0f,1f],start_interpolation: 0,interpolation_duration: 1}
$data merge entity $(bone_right_forearm) {transformation: [-0.0918f,1.4783f,-1.3459f,-3.3344f,1.8555f,-0.4387f,-0.6084f,3.803f,-0.7444f,-1.2757f,-1.3504f,-1.2018f,0f,0f,0f,1f],start_interpolation: 0,interpolation_duration: 1}
$data merge entity $(bone_right_bicep) {transformation: [-0.0592f,0.953f,-0.8676f,-1.8774f,1.1961f,-0.2828f,-0.3922f,2.7274f,-0.4799f,-0.8224f,-0.8706f,-1.6331f,0f,0f,0f,1f],start_interpolation: 0,interpolation_duration: 1}
$data merge entity $(bone_right_shoulder) {transformation: [-0.6286f,0.6612f,-0.8291f,-1.3979f,1.0492f,0.5277f,-0.3747f,2.2018f,0.1539f,-0.8967f,-0.8318f,-1.8361f,0f,0f,0f,1f],start_interpolation: 0,interpolation_duration: 1}
$data merge entity $(bone_chest) {transformation: [-4.0675f,0f,0f,0f,0f,4.0644f,-0.1572f,1.9628f,0f,-0.1572f,-4.0644f,-1.369f,0f,0f,0f,1f],start_interpolation: 0,interpolation_duration: 1}
$data merge entity $(bone_right_fingers2) {transformation: [-1f,0f,0f,0.7362f,0f,-0.2568f,0.9665f,1.0215f,0f,0.9665f,0.2568f,-8.4669f,0f,0f,0f,1f],start_interpolation: 0,interpolation_duration: 1}
$data merge entity $(bone_left_foot) {transformation: [-1f,0f,0f,0.741f,0f,0.8461f,0.5331f,1.7401f,0f,0.5331f,-0.8461f,-7.7774f,0f,0f,0f,1f],start_interpolation: 0,interpolation_duration: 1}
$data merge entity $(bone_left_knee) {transformation: [-1.585f,0f,0f,0.7571f,0f,1.4394f,0.6637f,0.3755f,0f,0.6637f,-1.4394f,-6.2106f,0f,0f,0f,1f],start_interpolation: 0,interpolation_duration: 1}
$data merge entity $(bone_left_thigh) {transformation: [-1.6037f,0f,0f,0.7267f,0f,0.5539f,1.505f,1.9636f,0f,1.505f,-0.5539f,-4.8266f,0f,0f,0f,1f],start_interpolation: 0,interpolation_duration: 1}
$data merge entity $(bone_left_fingers2) {transformation: [-0.9992f,-0.0271f,0.0296f,-0.7984f,0.04f,-0.7374f,0.6743f,0.7045f,0.0035f,0.6749f,0.7379f,-7.9826f,0f,0f,0f,1f],start_interpolation: 0,interpolation_duration: 1}
$data merge entity $(bone_right_foot) {transformation: [-0.9992f,0.0383f,0.0119f,-0.7682f,0.04f,0.9247f,0.3786f,1.531f,0.0035f,0.3788f,-0.9255f,-7.4277f,0f,0f,0f,1f],start_interpolation: 0,interpolation_duration: 1}
$data merge entity $(bone_right_knee) {transformation: [-1.5837f,0.0597f,0.0219f,-0.8326f,0.0634f,1.4332f,0.6739f,0.1828f,0.0056f,0.6742f,-1.4345f,-5.8539f,0f,0f,0f,1f],start_interpolation: 0,interpolation_duration: 1}
$data merge entity $(bone_right_thigh) {transformation: [-1.6024f,0.038f,0.052f,-0.7267f,0.0641f,0.8276f,1.3721f,1.977f,0.0057f,1.3731f,-0.8285f,-4.8091f,0f,0f,0f,1f],start_interpolation: 0,interpolation_duration: 1}