# This file was generated by Animated Java via MC-Build. It is not recommended to edit this file directly.
$data merge entity $(bone_left_fingers_2) {transformation: [-0.9533f,0.262f,0.1502f,2.5768f,0.1907f,0.9078f,-0.3735f,5.3747f,-0.2342f,-0.3274f,-0.9154f,1.8431f,0f,0f,0f,1f],start_interpolation: 0,interpolation_duration: 1}
$data merge entity $(bone_left_fingers) {transformation: [-0.9533f,0.262f,0.1502f,2.678f,0.1907f,0.9078f,-0.3735f,5.1621f,-0.2342f,-0.3274f,-0.9154f,1.3168f,0f,0f,0f,1f],start_interpolation: 0,interpolation_duration: 1}
$data merge entity $(bone_left_index_finger_2) {transformation: [-0.9533f,0.2539f,0.1635f,2.2202f,0.1907f,0.9259f,-0.3261f,5.657f,-0.2342f,-0.2797f,-0.9311f,1.6165f,0f,0f,0f,1f],start_interpolation: 0,interpolation_duration: 1}
$data merge entity $(bone_left_index_finger) {transformation: [-0.9533f,0.3006f,0.0294f,2.2389f,0.1907f,0.6746f,-0.7131f,5.25f,-0.2342f,-0.6742f,-0.7004f,1.2089f,0f,0f,0f,1f],start_interpolation: 0,interpolation_duration: 1}
$data merge entity $(bone_left_thumb) {transformation: [-0.6105f,0.6558f,0.4441f,2.0358f,0.5228f,0.7549f,-0.396f,4.7762f,-0.5949f,-0.0096f,-0.8037f,0.5297f,0f,0f,0f,1f],start_interpolation: 0,interpolation_duration: 1}
$data merge entity $(bone_left_hand) {transformation: [-0.9533f,0.262f,0.1502f,2.6434f,0.1907f,0.9078f,-0.3735f,4.8113f,-0.2342f,-0.3274f,-0.9154f,0.6729f,0f,0f,0f,1f],start_interpolation: 0,interpolation_duration: 1}
$data merge entity $(bone_left_forearm) {transformation: [-0.1044f,-1.4769f,1.3465f,3.3364f,-1.8523f,-0.4349f,-0.6206f,3.7915f,0.7506f,-1.2787f,-1.3442f,-1.2049f,0f,0f,0f,1f],start_interpolation: 0,interpolation_duration: 1}
$data merge entity $(bone_left_bicep) {transformation: [-0.0673f,-0.9521f,0.868f,1.8746f,-1.1941f,-0.2803f,-0.4001f,2.7227f,0.4839f,-0.8243f,-0.8666f,-1.6368f,0f,0f,0f,1f],start_interpolation: 0,interpolation_duration: 1}
$data merge entity $(bone_left_shoulder) {transformation: [-0.6341f,-0.6555f,0.8294f,1.3928f,-1.0462f,0.5282f,-0.3823f,2.199f,-0.1521f,-0.9006f,-0.828f,-1.8394f,0f,0f,0f,1f],start_interpolation: 0,interpolation_duration: 1}
$data merge entity $(bone_right_fingers_2) {transformation: [-0.9533f,-0.262f,-0.1502f,-2.5768f,-0.1907f,0.9078f,-0.3735f,5.3747f,0.2342f,-0.3274f,-0.9154f,1.8431f,0f,0f,0f,1f],start_interpolation: 0,interpolation_duration: 1}
$data merge entity $(bone_right_fingers) {transformation: [-0.9533f,-0.262f,-0.1502f,-2.678f,-0.1907f,0.9078f,-0.3735f,5.1621f,0.2342f,-0.3274f,-0.9154f,1.3168f,0f,0f,0f,1f],start_interpolation: 0,interpolation_duration: 1}
$data merge entity $(bone_right_index_finger_2) {transformation: [-0.9533f,-0.2539f,-0.1635f,-2.2202f,-0.1907f,0.9259f,-0.3261f,5.657f,0.2342f,-0.2797f,-0.9311f,1.6165f,0f,0f,0f,1f],start_interpolation: 0,interpolation_duration: 1}
$data merge entity $(bone_right_index_finger) {transformation: [-0.9533f,-0.3006f,-0.0294f,-2.2389f,-0.1907f,0.6746f,-0.7131f,5.25f,0.2342f,-0.6742f,-0.7004f,1.2089f,0f,0f,0f,1f],start_interpolation: 0,interpolation_duration: 1}
$data merge entity $(bone_right_thumb) {transformation: [-0.6105f,-0.6558f,-0.4441f,-2.0358f,-0.5228f,0.7549f,-0.396f,4.7762f,0.5949f,-0.0096f,-0.8037f,0.5297f,0f,0f,0f,1f],start_interpolation: 0,interpolation_duration: 1}
$data merge entity $(bone_right_hand) {transformation: [-0.9533f,-0.262f,-0.1502f,-2.6434f,-0.1907f,0.9078f,-0.3735f,4.8113f,0.2342f,-0.3274f,-0.9154f,0.6729f,0f,0f,0f,1f],start_interpolation: 0,interpolation_duration: 1}
$data merge entity $(bone_right_forearm) {transformation: [-0.1044f,1.4769f,-1.3465f,-3.3364f,1.8523f,-0.4349f,-0.6206f,3.7915f,-0.7506f,-1.2787f,-1.3442f,-1.2049f,0f,0f,0f,1f],start_interpolation: 0,interpolation_duration: 1}
$data merge entity $(bone_right_bicep) {transformation: [-0.0673f,0.9521f,-0.868f,-1.8746f,1.1941f,-0.2803f,-0.4001f,2.7227f,-0.4839f,-0.8243f,-0.8666f,-1.6368f,0f,0f,0f,1f],start_interpolation: 0,interpolation_duration: 1}
$data merge entity $(bone_right_shoulder) {transformation: [-0.6341f,0.6555f,-0.8294f,-1.3928f,1.0462f,0.5282f,-0.3823f,2.199f,0.1521f,-0.9006f,-0.828f,-1.8394f,0f,0f,0f,1f],start_interpolation: 0,interpolation_duration: 1}
$data merge entity $(bone_chest) {transformation: [-4.0675f,0f,0f,0f,0f,4.0643f,-0.1608f,1.9628f,0f,-0.1608f,-4.0643f,-1.369f,0f,0f,0f,1f],start_interpolation: 0,interpolation_duration: 1}
$data merge entity $(bone_right_fingers2) {transformation: [-1f,0f,0f,0.7387f,0f,-0.2826f,0.9592f,1.0298f,0f,0.9592f,0.2826f,-8.4457f,0f,0f,0f,1f],start_interpolation: 0,interpolation_duration: 1}
$data merge entity $(bone_left_foot) {transformation: [-1f,0f,0f,0.7436f,0f,0.8507f,0.5257f,1.7543f,0f,0.5257f,-0.8507f,-7.7624f,0f,0f,0f,1f],start_interpolation: 0,interpolation_duration: 1}
$data merge entity $(bone_left_knee) {transformation: [-1.585f,0f,0f,0.7596f,0f,1.4328f,0.6778f,0.3745f,0f,0.6778f,-1.4328f,-6.209f,0f,0f,0f,1f],start_interpolation: 0,interpolation_duration: 1}
$data merge entity $(bone_left_thigh) {transformation: [-1.6037f,0f,0f,0.7293f,0f,0.5546f,1.5047f,1.9631f,0f,1.5047f,-0.5546f,-4.8257f,0f,0f,0f,1f],start_interpolation: 0,interpolation_duration: 1}
$data merge entity $(bone_left_fingers2) {transformation: [-0.9991f,-0.0279f,0.0312f,-0.8058f,0.0417f,-0.7303f,0.6818f,0.6468f,0.0037f,0.6825f,0.7308f,-7.9218f,0f,0f,0f,1f],start_interpolation: 0,interpolation_duration: 1}
$data merge entity $(bone_right_foot) {transformation: [-0.9991f,0.0404f,0.011f,-0.7734f,0.0417f,0.9374f,0.3457f,1.4922f,0.0037f,0.3459f,-0.9383f,-7.3964f,0f,0f,0f,1f],start_interpolation: 0,interpolation_duration: 1}
$data merge entity $(bone_right_knee) {transformation: [-1.5836f,0.0625f,0.0222f,-0.8392f,0.0661f,1.4392f,0.6608f,0.1585f,0.0059f,0.6611f,-1.4405f,-5.8105f,0f,0f,0f,1f],start_interpolation: 0,interpolation_duration: 1}
$data merge entity $(bone_right_thigh) {transformation: [-1.6022f,0.0409f,0.0532f,-0.7293f,0.0669f,0.8596f,1.3522f,1.9766f,0.0059f,1.3532f,-0.8605f,-4.8082f,0f,0f,0f,1f],start_interpolation: 0,interpolation_duration: 1}