# This file was generated by Animated Java via MC-Build. It is not recommended to edit this file directly.
$data merge entity $(bone_left_fingers_2) {transformation: [-0.9531f,0.2626f,0.1507f,2.5768f,0.1891f,0.905f,-0.3812f,5.3843f,-0.2365f,-0.3348f,-0.9121f,1.8341f,0f,0f,0f,1f],start_interpolation: 0,interpolation_duration: 1}
$data merge entity $(bone_left_fingers) {transformation: [-0.9531f,0.2626f,0.1507f,2.6783f,0.1891f,0.905f,-0.3812f,5.1673f,-0.2365f,-0.3348f,-0.9121f,1.3098f,0f,0f,0f,1f],start_interpolation: 0,interpolation_duration: 1}
$data merge entity $(bone_left_index_finger_2) {transformation: [-0.9531f,0.2555f,0.1624f,2.2207f,0.1891f,0.9212f,-0.3401f,5.6654f,-0.2365f,-0.2935f,-0.9263f,1.6044f,0f,0f,0f,1f],start_interpolation: 0,interpolation_duration: 1}
$data merge entity $(bone_left_index_finger) {transformation: [-0.9531f,0.3013f,0.0292f,2.2392f,0.1891f,0.6677f,-0.72f,5.2543f,-0.2365f,-0.6807f,-0.6934f,1.2008f,0f,0f,0f,1f],start_interpolation: 0,interpolation_duration: 1}
$data merge entity $(bone_left_thumb) {transformation: [-0.611f,0.6548f,0.4449f,2.0365f,0.5175f,0.7557f,-0.4014f,4.775f,-0.599f,-0.015f,-0.8006f,0.5254f,0f,0f,0f,1f],start_interpolation: 0,interpolation_duration: 1}
$data merge entity $(bone_left_hand) {transformation: [-0.9531f,0.2626f,0.1507f,2.644f,0.1891f,0.905f,-0.3812f,4.811f,-0.2365f,-0.3348f,-0.9121f,0.6687f,0f,0f,0f,1f],start_interpolation: 0,interpolation_duration: 1}
$data merge entity $(bone_left_forearm) {transformation: [-0.1103f,-1.4761f,1.3469f,3.3372f,-1.8507f,-0.4332f,-0.6264f,3.7863f,0.7536f,-1.2801f,-1.3412f,-1.2062f,0f,0f,0f,1f],start_interpolation: 0,interpolation_duration: 1}
$data merge entity $(bone_left_bicep) {transformation: [-0.0711f,-0.9516f,0.8683f,1.8733f,-1.1931f,-0.2793f,-0.4038f,2.7205f,0.4858f,-0.8252f,-0.8646f,-1.6385f,0f,0f,0f,1f],start_interpolation: 0,interpolation_duration: 1}
$data merge entity $(bone_left_shoulder) {transformation: [-0.6365f,-0.6528f,0.8297f,1.3904f,-1.0448f,0.5284f,-0.3859f,2.1977f,-0.1513f,-0.9024f,-0.8261f,-1.8409f,0f,0f,0f,1f],start_interpolation: 0,interpolation_duration: 1}
$data merge entity $(bone_right_fingers_2) {transformation: [-0.9531f,-0.2626f,-0.1507f,-2.5768f,-0.1891f,0.905f,-0.3812f,5.3843f,0.2365f,-0.3348f,-0.9121f,1.8341f,0f,0f,0f,1f],start_interpolation: 0,interpolation_duration: 1}
$data merge entity $(bone_right_fingers) {transformation: [-0.9531f,-0.2626f,-0.1507f,-2.6783f,-0.1891f,0.905f,-0.3812f,5.1673f,0.2365f,-0.3348f,-0.9121f,1.3097f,0f,0f,0f,1f],start_interpolation: 0,interpolation_duration: 1}
$data merge entity $(bone_right_index_finger_2) {transformation: [-0.9531f,-0.2555f,-0.1624f,-2.2207f,-0.1891f,0.9212f,-0.3401f,5.6654f,0.2365f,-0.2935f,-0.9263f,1.6044f,0f,0f,0f,1f],start_interpolation: 0,interpolation_duration: 1}
$data merge entity $(bone_right_index_finger) {transformation: [-0.9531f,-0.3013f,-0.0292f,-2.2392f,-0.1891f,0.6677f,-0.72f,5.2543f,0.2365f,-0.6807f,-0.6934f,1.2008f,0f,0f,0f,1f],start_interpolation: 0,interpolation_duration: 1}
$data merge entity $(bone_right_thumb) {transformation: [-0.611f,-0.6548f,-0.4449f,-2.0365f,-0.5175f,0.7557f,-0.4014f,4.775f,0.599f,-0.015f,-0.8006f,0.5254f,0f,0f,0f,1f],start_interpolation: 0,interpolation_duration: 1}
$data merge entity $(bone_right_hand) {transformation: [-0.9531f,-0.2626f,-0.1507f,-2.644f,-0.1891f,0.905f,-0.3812f,4.811f,0.2365f,-0.3348f,-0.9121f,0.6687f,0f,0f,0f,1f],start_interpolation: 0,interpolation_duration: 1}
$data merge entity $(bone_right_forearm) {transformation: [-0.1103f,1.4761f,-1.3469f,-3.3372f,1.8507f,-0.4332f,-0.6264f,3.7863f,-0.7536f,-1.2801f,-1.3412f,-1.2062f,0f,0f,0f,1f],start_interpolation: 0,interpolation_duration: 1}
$data merge entity $(bone_right_bicep) {transformation: [-0.0711f,0.9516f,-0.8683f,-1.8733f,1.1931f,-0.2793f,-0.4038f,2.7205f,-0.4858f,-0.8252f,-0.8646f,-1.6385f,0f,0f,0f,1f],start_interpolation: 0,interpolation_duration: 1}
$data merge entity $(bone_right_shoulder) {transformation: [-0.6365f,0.6528f,-0.8297f,-1.3904f,1.0448f,0.5284f,-0.3859f,2.1977f,0.1513f,-0.9024f,-0.8261f,-1.8409f,0f,0f,0f,1f],start_interpolation: 0,interpolation_duration: 1}
$data merge entity $(bone_chest) {transformation: [-4.0675f,0f,0f,0f,0f,4.0642f,-0.1625f,1.9628f,0f,-0.1625f,-4.0642f,-1.369f,0f,0f,0f,1f],start_interpolation: 0,interpolation_duration: 1}
$data merge entity $(bone_right_fingers2) {transformation: [-1f,0f,0f,0.74f,0f,-0.2949f,0.9555f,1.0338f,0f,0.9555f,0.2949f,-8.4357f,0f,0f,0f,1f],start_interpolation: 0,interpolation_duration: 1}
$data merge entity $(bone_left_foot) {transformation: [-1f,0f,0f,0.7448f,0f,0.8528f,0.5223f,1.7611f,0f,0.5223f,-0.8528f,-7.7553f,0f,0f,0f,1f],start_interpolation: 0,interpolation_duration: 1}
$data merge entity $(bone_left_knee) {transformation: [-1.585f,0f,0f,0.7608f,0f,1.4296f,0.6844f,0.3741f,0f,0.6844f,-1.4296f,-6.2084f,0f,0f,0f,1f],start_interpolation: 0,interpolation_duration: 1}
$data merge entity $(bone_left_thigh) {transformation: [-1.6037f,0f,0f,0.7305f,0f,0.5547f,1.5046f,1.9629f,0f,1.5046f,-0.5547f,-4.8253f,0f,0f,0f,1f],start_interpolation: 0,interpolation_duration: 1}
$data merge entity $(bone_left_fingers2) {transformation: [-0.9991f,-0.0283f,0.0319f,-0.8093f,0.0425f,-0.727f,0.6853f,0.6203f,0.0038f,0.686f,0.7276f,-7.8927f,0f,0f,0f,1f],start_interpolation: 0,interpolation_duration: 1}
$data merge entity $(bone_right_foot) {transformation: [-0.9991f,0.0414f,0.0105f,-0.7759f,0.0425f,0.943f,0.33f,1.4743f,0.0038f,0.3302f,-0.9439f,-7.3815f,0f,0f,0f,1f],start_interpolation: 0,interpolation_duration: 1}
$data merge entity $(bone_right_knee) {transformation: [-1.5836f,0.0638f,0.0224f,-0.8424f,0.0674f,1.4419f,0.6546f,0.1475f,0.006f,0.655f,-1.4433f,-5.7899f,0f,0f,0f,1f],start_interpolation: 0,interpolation_duration: 1}
$data merge entity $(bone_right_thigh) {transformation: [-1.6022f,0.0423f,0.0538f,-0.7305f,0.0682f,0.8744f,1.3426f,1.9764f,0.006f,1.3436f,-0.8754f,-4.8078f,0f,0f,0f,1f],start_interpolation: 0,interpolation_duration: 1}