# This file was generated by Animated Java via MC-Build. It is not recommended to edit this file directly.
$data merge entity $(bone_left_fingers_2) {transformation: [-0.9525f,0.2638f,0.1518f,2.5757f,0.1861f,0.8994f,-0.3954f,5.4025f,-0.2408f,-0.3484f,-0.9059f,1.8172f,0f,0f,0f,1f],start_interpolation: 0,interpolation_duration: 1}
$data merge entity $(bone_left_fingers) {transformation: [-0.9525f,0.2638f,0.1518f,2.6778f,0.1861f,0.8994f,-0.3954f,5.1773f,-0.2408f,-0.3484f,-0.9059f,1.2964f,0f,0f,0f,1f],start_interpolation: 0,interpolation_duration: 1}
$data merge entity $(bone_left_index_finger_2) {transformation: [-0.9525f,0.2588f,0.1603f,2.2207f,0.1861f,0.9118f,-0.366f,5.6814f,-0.2408f,-0.3188f,-0.9167f,1.5814f,0f,0f,0f,1f],start_interpolation: 0,interpolation_duration: 1}
$data merge entity $(bone_left_index_finger) {transformation: [-0.9525f,0.303f,0.0288f,2.239f,0.1861f,0.6548f,-0.7326f,5.263f,-0.2408f,-0.6924f,-0.6801f,1.1855f,0f,0f,0f,1f],start_interpolation: 0,interpolation_duration: 1}
$data merge entity $(bone_left_thumb) {transformation: [-0.6116f,0.6531f,0.4466f,2.0369f,0.5078f,0.7569f,-0.4115f,4.7734f,-0.6067f,-0.0249f,-0.7945f,0.5172f,0f,0f,0f,1f],start_interpolation: 0,interpolation_duration: 1}
$data merge entity $(bone_left_hand) {transformation: [-0.9525f,0.2638f,0.1518f,2.6442f,0.1861f,0.8994f,-0.3954f,4.8112f,-0.2408f,-0.3484f,-0.9059f,0.6609f,0f,0f,0f,1f],start_interpolation: 0,interpolation_duration: 1}
$data merge entity $(bone_left_forearm) {transformation: [-0.1211f,-1.4743f,1.348f,3.3381f,-1.8477f,-0.4306f,-0.6371f,3.7771f,0.7594f,-1.2831f,-1.3351f,-1.2086f,0f,0f,0f,1f],start_interpolation: 0,interpolation_duration: 1}
$data merge entity $(bone_left_bicep) {transformation: [-0.0781f,-0.9504f,0.869f,1.8706f,-1.1911f,-0.2776f,-0.4107f,2.7166f,0.4895f,-0.8271f,-0.8607f,-1.6417f,0f,0f,0f,1f],start_interpolation: 0,interpolation_duration: 1}
$data merge entity $(bone_left_shoulder) {transformation: [-0.6409f,-0.6477f,0.8303f,1.3859f,-1.0424f,0.5284f,-0.3924f,2.1954f,-0.1497f,-0.9061f,-0.8224f,-1.8438f,0f,0f,0f,1f],start_interpolation: 0,interpolation_duration: 1}
$data merge entity $(bone_right_fingers_2) {transformation: [-0.9525f,-0.2638f,-0.1518f,-2.5757f,-0.1861f,0.8994f,-0.3954f,5.4025f,0.2408f,-0.3484f,-0.9059f,1.8172f,0f,0f,0f,1f],start_interpolation: 0,interpolation_duration: 1}
$data merge entity $(bone_right_fingers) {transformation: [-0.9525f,-0.2638f,-0.1518f,-2.6778f,-0.1861f,0.8994f,-0.3954f,5.1773f,0.2408f,-0.3484f,-0.9059f,1.2964f,0f,0f,0f,1f],start_interpolation: 0,interpolation_duration: 1}
$data merge entity $(bone_right_index_finger_2) {transformation: [-0.9525f,-0.2588f,-0.1603f,-2.2207f,-0.1861f,0.9118f,-0.366f,5.6814f,0.2408f,-0.3188f,-0.9167f,1.5814f,0f,0f,0f,1f],start_interpolation: 0,interpolation_duration: 1}
$data merge entity $(bone_right_index_finger) {transformation: [-0.9525f,-0.303f,-0.0288f,-2.239f,-0.1861f,0.6548f,-0.7326f,5.263f,0.2408f,-0.6924f,-0.6801f,1.1855f,0f,0f,0f,1f],start_interpolation: 0,interpolation_duration: 1}
$data merge entity $(bone_right_thumb) {transformation: [-0.6116f,-0.6531f,-0.4466f,-2.0369f,-0.5078f,0.7569f,-0.4115f,4.7734f,0.6067f,-0.0249f,-0.7945f,0.5172f,0f,0f,0f,1f],start_interpolation: 0,interpolation_duration: 1}
$data merge entity $(bone_right_hand) {transformation: [-0.9525f,-0.2638f,-0.1518f,-2.6442f,-0.1861f,0.8994f,-0.3954f,4.8112f,0.2408f,-0.3484f,-0.9059f,0.6609f,0f,0f,0f,1f],start_interpolation: 0,interpolation_duration: 1}
$data merge entity $(bone_right_forearm) {transformation: [-0.1211f,1.4743f,-1.348f,-3.3382f,1.8477f,-0.4306f,-0.6371f,3.7771f,-0.7594f,-1.2831f,-1.3351f,-1.2086f,0f,0f,0f,1f],start_interpolation: 0,interpolation_duration: 1}
$data merge entity $(bone_right_bicep) {transformation: [-0.0781f,0.9504f,-0.869f,-1.8706f,1.1911f,-0.2776f,-0.4107f,2.7166f,-0.4895f,-0.8271f,-0.8607f,-1.6417f,0f,0f,0f,1f],start_interpolation: 0,interpolation_duration: 1}
$data merge entity $(bone_right_shoulder) {transformation: [-0.6409f,0.6477f,-0.8303f,-1.3859f,1.0424f,0.5284f,-0.3924f,2.1954f,0.1497f,-0.9061f,-0.8224f,-1.8438f,0f,0f,0f,1f],start_interpolation: 0,interpolation_duration: 1}
$data merge entity $(bone_chest) {transformation: [-4.0675f,0f,0f,0f,0f,4.0641f,-0.166f,1.9628f,0f,-0.166f,-4.0641f,-1.369f,0f,0f,0f,1f],start_interpolation: 0,interpolation_duration: 1}
$data merge entity $(bone_right_fingers2) {transformation: [-1f,0f,0f,0.7422f,0f,-0.318f,0.9481f,1.0419f,0f,0.9481f,0.318f,-8.4172f,0f,0f,0f,1f],start_interpolation: 0,interpolation_duration: 1}
$data merge entity $(bone_left_foot) {transformation: [-1f,0f,0f,0.747f,0f,0.8567f,0.5158f,1.7743f,0f,0.5158f,-0.8567f,-7.7424f,0f,0f,0f,1f],start_interpolation: 0,interpolation_duration: 1}
$data merge entity $(bone_left_knee) {transformation: [-1.585f,0f,0f,0.7631f,0f,1.4236f,0.697f,0.3738f,0f,0.697f,-1.4236f,-6.2076f,0f,0f,0f,1f],start_interpolation: 0,interpolation_duration: 1}
$data merge entity $(bone_left_thigh) {transformation: [-1.6037f,0f,0f,0.7327f,0f,0.5547f,1.5047f,1.9626f,0f,1.5047f,-0.5547f,-4.8246f,0f,0f,0f,1f],start_interpolation: 0,interpolation_duration: 1}
$data merge entity $(bone_left_fingers2) {transformation: [-0.999f,-0.0291f,0.0333f,-0.8159f,0.044f,-0.7212f,0.6913f,0.5725f,0.0039f,0.6921f,0.7218f,-7.838f,0f,0f,0f,1f],start_interpolation: 0,interpolation_duration: 1}
$data merge entity $(bone_right_foot) {transformation: [-0.999f,0.0432f,0.0095f,-0.7805f,0.044f,0.9527f,0.3006f,1.4419f,0.0039f,0.3007f,-0.9537f,-7.3535f,0f,0f,0f,1f],start_interpolation: 0,interpolation_duration: 1}
$data merge entity $(bone_right_knee) {transformation: [-1.5835f,0.0663f,0.0227f,-0.8483f,0.0698f,1.4469f,0.6433f,0.1276f,0.0062f,0.6436f,-1.4484f,-5.7515f,0f,0f,0f,1f],start_interpolation: 0,interpolation_duration: 1}
$data merge entity $(bone_right_thigh) {transformation: [-1.6021f,0.0449f,0.0548f,-0.7327f,0.0706f,0.9016f,1.3243f,1.976f,0.0063f,1.3255f,-0.9027f,-4.807f,0f,0f,0f,1f],start_interpolation: 0,interpolation_duration: 1}