execute if entity @s[tag=aj.armor.bone.right_thumb_2] run data modify entity @s {} merge value {transformation:[-0.2904694064023934f,-0.9503996267127377f,0.11121184059501221f,-0.5647389275536783f,-0.38670883661270317f,0.010283775739389267f,-0.9221445221017106f,0.4608248434829934f,0.8752621319524175f,-0.3108613734461572f,-0.37051505619782577f,-0.6289880059675561f,0f,0f,0f,1f],start_interpolation:0}
execute if entity @s[tag=aj.armor.bone.right_thumb] run data modify entity @s {} merge value {transformation:[-0.2904694064023934f,-0.9503996267127377f,0.11121184059501221f,-0.9242186142122782f,-0.38670883661270317f,0.010283775739389267f,-0.9221445221017106f,0.4184899595507153f,0.8752621319524175f,-0.3108613734461572f,-0.37051505619782577f,-0.5175910923692495f,0f,0f,0f,1f],start_interpolation:0}
execute if entity @s[tag=aj.armor.bone.right_fingers_2] run data modify entity @s {} merge value {transformation:[0.24957805095502583f,0.9429040831186419f,-0.22055087059380085f,-0.18883704977679378f,0.4005195011743294f,-0.30787820635546004f,-0.8630151442648105f,0.10335376703914054f,-0.8816433097690681f,0.12705471297648882f,-0.45449111569964196f,-0.7550074221589558f,0f,0f,0f,1f],start_interpolation:0}
execute if entity @s[tag=aj.armor.bone.right_fingers] run data modify entity @s {} merge value {transformation:[0.9022609353235005f,-0.3705165557292664f,-0.22055087059380085f,-0.3117259318226797f,-0.357522551018266f,-0.3569068313761734f,-0.8630151442648105f,-0.07794266131319638f,0.24104528641430373f,0.8575167611467086f,-0.45449111569964196f,-0.36969227046204467f,0f,0f,0f,1f],start_interpolation:0}
execute if entity @s[tag=aj.armor.bone.right_hand] run data modify entity @s {} merge value {transformation:[-0.20821160950257528f,-0.9528930890444447f,-0.22055087059380085f,-1.0577073425555623f,-0.4135677541014305f,0.2901147592541401f,-0.8630151442648105f,0.17320839138859156f,0.8863462294362436f,-0.08847704399588008f,-0.45449111569964196f,-0.4656560547675379f,0f,0f,0f,1f],start_interpolation:0}
execute if entity @s[tag=aj.armor.bone.right_forearm] run data modify entity @s {} merge value {transformation:[-1.0632190539274011f,-1.4263828119305708f,-0.40227587403207293f,-3.1239558203409308f,-0.4687056405940581f,0.7933081635476119f,-1.5741047429436004f,1.297551215376069f,1.4059547743347023f,-0.8142007081250066f,-0.8289734260202207f,-1.7610927827256546f,0f,0f,0f,1f],start_interpolation:0}
execute if entity @s[tag=aj.armor.bone.right_bicep] run data modify entity @s {} merge value {transformation:[-0.9064386226731974f,0.4513268519662896f,-1.218526836759873f,-2.401250364070953f,-0.4505171529510954f,1.284399146030833f,0.8108561428857853f,3.2926931449878905f,1.218826433134211f,0.8104057392769208f,-0.6064975016633386f,-0.49230755154717015f,0f,0f,0f,1f],start_interpolation:0}
execute if entity @s[tag=aj.armor.bone.right_shoulder] run data modify entity @s {} merge value {transformation:[-0.9174648419697137f,0.2094395768259741f,-0.3752416635653415f,-1.9434660668940986f,-0.05541195153635515f,0.8196097252740008f,0.592943835898519f,3.484259942136764f,0.4261464044706476f,0.5574835787375929f,-0.7307696491107889f,-0.5433785137259726f,0f,0f,0f,1f],start_interpolation:0}
execute if entity @s[tag=aj.armor.bone.right_arm] run data modify entity @s {} merge value {transformation:[-1.303833347128468f,-0.0002019854943204143f,-0.2593769330990805f,-1.7342113285166918f,-0.1582273698059849f,1.0539944690903291f,0.7945549634087782f,3.503386409992423f,0.20552501956283795f,0.8101564352858679f,-1.0337619880827693f,-0.5134291386049232f,0f,0f,0f,1f],start_interpolation:0}
execute if entity @s[tag=aj.armor.bone.left_thumb_2] run data modify entity @s {} merge value {transformation:[-0.9865658187276597f,-0.056050251206024616f,0.15344788906323933f,2.6093771958860703f,-0.04114976281809857f,0.9942744223687581f,0.09861576974950165f,1.2877603298726146f,-0.15809674992939254f,0.09097660338248531f,-0.9832236140872275f,-4.884745443777745f,0f,0f,0f,1f],start_interpolation:0}
execute if entity @s[tag=aj.armor.bone.left_thumb] run data modify entity @s {} merge value {transformation:[-0.9865658187276597f,-0.056050251206024616f,0.15344788906323933f,2.8010734879668258f,-0.04114976281809857f,0.9942744223687581f,0.09861576974950165f,1.597409619648442f,-0.15809674992939254f,0.09097660338248531f,-0.9832236140872275f,-4.780836787637995f,0f,0f,0f,1f],start_interpolation:0}
execute if entity @s[tag=aj.armor.bone.left_fingers_2] run data modify entity @s {} merge value {transformation:[0.9902135045526573f,0.06201879818609224f,0.12502353407697642f,2.611414802618711f,0.0018276855654007357f,-0.9015215292919275f,0.432730391570338f,1.0057354297659213f,0.1395488264623466f,-0.4282669738547402f,-0.8928121438120592f,-5.337985434672137f,0f,0f,0f,1f],start_interpolation:0}
execute if entity @s[tag=aj.armor.bone.left_fingers] run data modify entity @s {} merge value {transformation:[-0.1907370170043112f,0.9736470131783901f,0.12502353407697642f,3.050440253783981f,0.8935703267969135f,0.11948422188489627f,0.432730391570338f,1.0202044899246192f,0.40638831357748745f,0.1942550242577026f,-0.8928121438120592f,-5.278950377983163f,0f,0f,0f,1f],start_interpolation:0}
execute if entity @s[tag=aj.armor.bone.left_hand] run data modify entity @s {} merge value {transformation:[-0.9919762626916832f,-0.01876726360298967f,0.12502353407697642f,3.0011635368503873f,0.03749787079065084f,0.9007432030815163f,0.432730391570338f,1.7313037559242317f,-0.12073526387269225f,0.4339463929096615f,-0.8928121438120592f,-4.931554633343814f,0f,0f,0f,1f],start_interpolation:0}
execute if entity @s[tag=aj.armor.bone.left_forearm] run data modify entity @s {} merge value {transformation:[-1.8047680357715536f,-0.13281425794256602f,0.2280378731219027f,2.732904237459715f,-0.02127002470541029f,1.6442046395125454f,0.7892827447043038f,4.181143674350462f,-0.2630370406232298f,0.7783187251544793f,-1.6284532658223836f,-3.8647804321554364f,0f,0f,0f,1f],start_interpolation:0}
execute if entity @s[tag=aj.armor.bone.left_bicep] run data modify entity @s {} merge value {transformation:[-1.561844241201999f,-0.25862220534013347f,-0.062383307163571794f,2.325469564210371f,-0.05146733522534999f,-0.0707656875113913f,1.5819222126132968f,4.050157679528307f,-0.26101386076693345f,1.5614868966019384f,0.06135953154558701f,-1.429713674370577f,0f,0f,0f,1f],start_interpolation:0}
execute if entity @s[tag=aj.armor.bone.left_shoulder] run data modify entity @s {} merge value {transformation:[-1.0034176006175426f,-0.07822229745933632f,-0.11596279411068695f,1.8684799407423949f,-0.11350766572697435f,-0.03549396172166062f,1.0061158815809217f,3.9719124282371854f,-0.08174415733853957f,1.0094723520376003f,0.02639018528786202f,-1.2455650702964765f,0f,0f,0f,1f],start_interpolation:0}
execute if entity @s[tag=aj.armor.bone.left_arm] run data modify entity @s {} merge value {transformation:[-1.303833347128468f,-0.0002019854943204143f,-0.2593769330990805f,1.6980651584536528f,-0.1582273698059849f,1.0539944690903291f,0.7945549634087782f,3.8867109344264743f,0.20552501956283795f,0.8101564352858679f,-1.0337619880827693f,-1.0799821285627782f,0f,0f,0f,1f],start_interpolation:0}
execute if entity @s[tag=aj.armor.bone.chest] run data modify entity @s {} merge value {transformation:[-2.581928952600097f,-0.0003999837839242924f,-0.5136337513379682f,1.0840363484542409e-16f,-0.3133313226690939f,2.0871830296549025f,1.5734253683381976f,4.251964713247415f,0.4069929639870662f,1.604320338183347f,-2.0471174579225955f,-0.2533010586503106f,0f,0f,0f,1f],start_interpolation:0}
execute if entity @s[tag=aj.armor.bone.weist] run data modify entity @s {} merge value {transformation:[-1.9327172424357735f,-1.1936599183771773e-16f,-0.25444705209689383f,3.5192898741020255e-16f,-0.127223526048447f,1.6882252311664476f,0.9663586212178866f,0.8415265993459817f,0.22035761103397256f,0.9746972916666665f,-1.6737822302815875f,-2.241836469303654f,0f,0f,0f,1f],start_interpolation:0}
execute if entity @s[tag=aj.armor.bone.right_foot] run data modify entity @s {} merge value {transformation:[-1.1770896267588067f,-0.004037845126583265f,0.005882283579530697f,-0.855454057934276f,-0.0040489583416701575f,1.177102201880674f,-0.0022152066672618672f,-6.461840032436132f,-0.005874639539895937f,-0.0022353995090335886f,-1.177094467948887f,-3.476053468534795f,0f,0f,0f,1f],start_interpolation:0}
execute if entity @s[tag=aj.armor.bone.right_knee] run data modify entity @s {} merge value {transformation:[-2.9045858091668713f,-0.01588645079456466f,0.007588570459044582f,-0.9399775306787715f,-0.009991207698861814f,2.518205092759436f,1.4475745145253074f,-3.287491107401505f,-0.014496257764616879f,1.4475218202208955f,-2.518213479240636f,-1.7661607994443127f,0f,0f,0f,1f],start_interpolation:0}
execute if entity @s[tag=aj.armor.bone.right_thigh] run data modify entity @s {} merge value {transformation:[-2.4741220601019536f,0.035120710065487656f,-0.0865984432909948f,-0.8334889755963236f,0.07125179037763031f,2.1935013723082877f,-1.146074881929056f,-0.07507575196590233f,0.06046434506310222f,-1.1477504033304509f,-2.192949109662588f,-3.29621046389316f,0f,0f,0f,1f],start_interpolation:0}
execute if entity @s[tag=aj.armor.bone.right_leg] run data modify entity @s {} merge value {transformation:[-0.9914448653235695f,3.7522513403161833e-8f,-0.13052616221864402f,-0.8714787499999995f,-0.06526304705146027f,0.8660254119250579f,0.4957224229239512f,-0.4115431249999997f,0.11303899200314936f,0.49999998590003225f,-0.8586164454439942f,-3.460046875f,0f,0f,0f,1f],start_interpolation:0}
execute if entity @s[tag=aj.armor.bone.left_foot] run data modify entity @s {} merge value {transformation:[-1.1719838725166003f,0.10606560326681873f,0.02819193574767595f,0.8886333512392144f,-0.030397778652144675f,-0.6042640476008776f,1.009718688896359f,-3.415213245803705f,0.10545459919117088f,1.0045924265378539f,0.6043709779008083f,-6.247887193797259f,0f,0f,0f,1f],start_interpolation:0}
execute if entity @s[tag=aj.armor.bone.left_knee] run data modify entity @s {} merge value {transformation:[-2.8919868524010712f,0.2666056445178988f,-0.0475622159341221f,1.2941201892609686f,-0.07500954429981302f,-0.2983911532417329f,2.88829793762088f,-3.6978772604129206f,0.2602197193475212f,2.876945053092306f,0.3039762288147428f,-2.5492619040110807f,0f,0f,0f,1f],start_interpolation:0}
execute if entity @s[tag=aj.armor.bone.left_thigh] run data modify entity @s {} merge value {transformation:[-2.4580879773817275f,-0.24668663743114333f,-0.16420085658541883f,0.8967194788123395f,-0.16963166716979497f,2.296207431887527f,-0.9103127210891583f,-0.3123896380589326f,0.24298418854663273f,-0.8925188264661243f,-2.296602175270878f,-3.682962051335055f,0f,0f,0f,1f],start_interpolation:0}
execute if entity @s[tag=aj.armor.bone.left_leg] run data modify entity @s {} merge value {transformation:[-0.9928113528566701f,-0.008039146333647138f,-0.11941938605241093f,0.8089781250000005f,-0.06851351396688558f,0.8562760730716052f,0.5119542802721552f,-0.3490431249999997f,0.0981402875623356f,0.5164558633719799f,-0.8506713966896294f,-3.741296875f,0f,0f,0f,1f],start_interpolation:0}