execute if entity @s[tag=aj.armor.bone.right_thumb_2] run data modify entity @s {} merge value {transformation:[-0.3979184383636134f,-0.9162426821630547f,-0.04647863802774421f,-0.8581959452861971f,-0.45757858303543764f,0.2421243014446872f,-0.855568619689387f,0.03186918025948142f,0.795162094643315f,-0.3191788997295608f,-0.5155987521415103f,-1.0220084411336714f,0f,0f,0f,1f],start_interpolation:0}
execute if entity @s[tag=aj.armor.bone.right_thumb] run data modify entity @s {} merge value {transformation:[-0.3979184383636134f,-0.9162426821630547f,-0.04647863802774421f,-1.224002035000531f,-0.45757858303543764f,0.2421243014446872f,-0.855568619689387f,0.04233250415989362f,0.795162094643315f,-0.3191788997295608f,-0.5155987521415103f,-0.9245221166680467f,0f,0f,0f,1f],start_interpolation:0}
execute if entity @s[tag=aj.armor.bone.right_fingers_2] run data modify entity @s {} merge value {transformation:[0.36067740635787066f,0.8616424770535426f,-0.35704908665335366f,-0.5504902347634948f,0.479831437528794f,-0.49968976189913217f,-0.721160130215363f,-0.36660251667536725f,-0.7997959740471379f,0.08878278881755965f,-0.5936699557058334f,-1.1995082662629282f,0f,0f,0f,1f],start_interpolation:0}
execute if entity @s[tag=aj.armor.bone.right_fingers] run data modify entity @s {} merge value {transformation:[0.8071931577444393f,-0.4700586727319963f,-0.35704908665335366f,-0.7228458808051775f,-0.5580454171641043f,-0.4105038111514937f,-0.721160130215363f,-0.5797070818146102f,0.19241756279690547f,0.7813651292574634f,-0.5936699557058334f,-0.8512011977366296f,0f,0f,0f,1f],start_interpolation:0}
execute if entity @s[tag=aj.armor.bone.right_hand] run data modify entity @s {} merge value {transformation:[-0.32274980440956114f,-0.8765549118415774f,-0.35704908665335366f,-1.403329170930245f,-0.5011709056089791f,0.4782842146243551f,-0.721160130215363f,-0.17776637403241113f,0.8029073963569309f,-0.053811676870061775f,-0.5936699557058334f,-0.9157017684207476f,0f,0f,0f,1f],start_interpolation:0}
execute if entity @s[tag=aj.armor.bone.right_forearm] run data modify entity @s {} merge value {transformation:[-1.150233275680882f,-1.2568509830229389f,-0.6512431033217981f,-3.2263473420540487f,-0.5157287964911523f,1.1535433272848907f,-1.3153669306242257f,1.4891625908707398f,1.3182624100002711f,-0.6453618831200689f,-1.0828300050467303f,-1.9690955445864526f,0f,0f,0f,1f],start_interpolation:0}
execute if entity @s[tag=aj.armor.bone.right_bicep] run data modify entity @s {} merge value {transformation:[-0.9869648706121198f,0.5141495287632931f,-1.1276901888965745f,-2.406540515512343f,-0.4866331303291605f,1.1650381889260641f,0.957083471121211f,3.2962682707706374f,1.1398346794720497f,0.942587309642914f,-0.5678385536897698f,-0.494308682865965f,0f,0f,0f,1f],start_interpolation:0}
execute if entity @s[tag=aj.armor.bone.right_shoulder] run data modify entity @s {} merge value {transformation:[-0.913426160252802f,0.2501188814868523f,-0.3598696619005669f,-1.941954580895601f,-0.06733295083087264f,0.7419488044530951f,0.6865793646548591f,3.474205265116118f,0.4330495377726083f,0.6429350630983107f,-0.6523155533486394f,-0.5313340672534023f,0f,0f,0f,1f],start_interpolation:0}
execute if entity @s[tag=aj.armor.bone.right_arm] run data modify entity @s {} merge value {transformation:[-1.3003189884546713f,-0.000496177850763577f,-0.2764563498601722f,-1.730617066712572f,-0.16903787673349277f,1.0533492075209774f,0.7931831280042525f,3.489426063546556f,0.21875684172135526f,0.8109950876107195f,-1.0303835418802207f,-0.49625044053095657f,0f,0f,0f,1f],start_interpolation:0}
execute if entity @s[tag=aj.armor.bone.left_thumb_2] run data modify entity @s {} merge value {transformation:[-0.9885318834994584f,-0.002409838616405903f,0.1509930726320117f,2.553214511997415f,-0.008439930560938322f,0.9991914937359516f,-0.03930809608520702f,0.972435671579778f,-0.1507762676190773f,-0.04013167730808426f,-0.9877529881500234f,-4.49710671775018f,0f,0f,0f,1f],start_interpolation:0}
execute if entity @s[tag=aj.armor.bone.left_thumb] run data modify entity @s {} merge value {transformation:[-0.9885318834994584f,-0.002409838616405903f,0.1509930726320117f,2.7618889504869086f,-0.008439930560938322f,0.9991914937359516f,-0.03930809608520702f,1.2822744955450356f,-0.1507762676190773f,-0.04013167730808426f,-0.9877529881500234f,-4.434800684640425f,0f,0f,0f,1f],start_interpolation:0}
execute if entity @s[tag=aj.armor.bone.left_fingers_2] run data modify entity @s {} merge value {transformation:[0.9899424183492737f,0.010736717068138585f,0.14106286279311722f,2.5368066618463105f,-0.03311020514988408f,-0.9518387267661538f,0.3048060900689467f,0.6338153139255893f,0.13754171246470523f,-0.30641109825654983f,-0.9419100361486183f,-4.909460596479245f,0f,0f,0f,1f],start_interpolation:0}
execute if entity @s[tag=aj.armor.bone.left_fingers] run data modify entity @s {} merge value {transformation:[-0.1398582773494701f,0.9800719009325023f,0.14106286279311722f,2.9764166207023326f,0.9480173635107328f,0.0914129418574825f,0.3048060900689467f,0.6322855852758346f,0.28583691283491897f,0.1763596979570776f,-0.9419100361486183f,-4.853081678470118f,0f,0f,0f,1f],start_interpolation:0}
execute if entity @s[tag=aj.armor.bone.left_hand] run data modify entity @s {} merge value {transformation:[-0.9894685415411126f,0.03245418372280366f,0.14106286279311722f,2.967663453025292f,0.07459731370334387f,0.9494885403442875f,0.3048060900689467f,1.3843481285813901f,-0.12404533884329634f,0.3121189480210398f,-0.9419100361486183f,-4.601885585063262f,0f,0f,0f,1f],start_interpolation:0}
execute if entity @s[tag=aj.armor.bone.left_forearm] run data modify entity @s {} merge value {transformation:[-1.8025960183974306f,-0.10619081220721563f,0.25729296044394123f,2.73985700764475f,-0.022973438109497205f,1.7370135131442905f,0.5559539890396185f,3.9611518201194342f,-0.2773957051445908f,0.5462015453936461f,-1.7180058370711189f,-3.880863510044539f,0f,0f,0f,1f],start_interpolation:0}
execute if entity @s[tag=aj.armor.bone.left_bicep] run data modify entity @s {} merge value {transformation:[-1.5613392554341332f,-0.2665097302441475f,-0.0364259386850016f,2.31978085169616f,-0.048562884561488995f,0.06826312204699278f,1.5821239990262996f,4.047120870696889f,-0.26456744237898816f,1.5602715358991512f,-0.07544109344019105f,-1.445939321446363f,0f,0f,0f,1f],start_interpolation:0}
execute if entity @s[tag=aj.armor.bone.left_shoulder] run data modify entity @s {} merge value {transformation:[-1.0021369521335974f,-0.08339735316386652f,-0.12320466436172492f,1.862371425678072f,-0.12795053208240903f,0.0550124164061647f,1.0035015067491544f,3.9823517408459264f,-0.07591553974682913f,1.0081822723065788f,-0.06494855886416218f,-1.2576466755527824f,0f,0f,0f,1f],start_interpolation:0}
execute if entity @s[tag=aj.armor.bone.left_arm] run data modify entity @s {} merge value {transformation:[-1.3003189884546713f,-0.000496177850763577f,-0.2764563498601722f,1.6924173297966634f,-0.16903787673349277f,1.0533492075209774f,0.7931831280042525f,3.9012289829146494f,0.21875684172135526f,0.8109950876107195f,-1.0303835418802207f,-1.0976618973447052f,0f,0f,0f,1f],start_interpolation:0}
execute if entity @s[tag=aj.armor.bone.chest] run data modify entity @s {} merge value {transformation:[-2.574969608885134f,-0.0009825611235874778f,-0.5474554362381943f,1.0840363484542409e-16f,-0.33473893652548836f,2.0859052440149064f,1.5707087776351392f,4.251964713247415f,0.433195411410253f,1.6059810877902414f,-2.0404272562305055f,-0.2533010586503106f,0f,0f,0f,1f],start_interpolation:0}
execute if entity @s[tag=aj.armor.bone.weist] run data modify entity @s {} merge value {transformation:[-1.9327172424357735f,-1.1936599183771773e-16f,-0.2544470520968938f,3.522840907267399e-16f,-0.12722352604844697f,1.6882252311664476f,0.9663586212178866f,0.8432007064888387f,0.2203576110339725f,0.9746972916666665f,-1.6737822302815875f,-2.2447361079323964f,0f,0f,0f,1f],start_interpolation:0}
execute if entity @s[tag=aj.armor.bone.right_foot] run data modify entity @s {} merge value {transformation:[-1.1770896267588067f,-0.004037845126583265f,0.005882283579530697f,-0.8678241101902471f,-0.0040489583416701575f,1.177102201880674f,-0.0022152066672618672f,-6.464484102035399f,-0.005874639539895937f,-0.0022353995090335886f,-1.177094467948887f,-3.4863703783812356f,0f,0f,0f,1f],start_interpolation:0}
execute if entity @s[tag=aj.armor.bone.right_knee] run data modify entity @s {} merge value {transformation:[-2.9045858091668713f,-0.01588645079456466f,0.007588570459044582f,-0.9523475829347426f,-0.009991207698861814f,2.518205092759436f,1.4475745145253074f,-3.290135177000773f,-0.014496257764616879f,1.4475218202208955f,-2.518213479240636f,-1.7764777092907538f,0f,0f,0f,1f],start_interpolation:0}
execute if entity @s[tag=aj.armor.bone.right_thigh] run data modify entity @s {} merge value {transformation:[-2.4741220601019536f,0.035120710065487656f,-0.0865984432909948f,-0.8459889755963236f,0.07125179037763031f,2.1935013723082877f,-1.146074881929056f,-0.07507575196590233f,0.06046434506310222f,-1.1477504033304509f,-2.192949109662588f,-3.31496046389316f,0f,0f,0f,1f],start_interpolation:0}
execute if entity @s[tag=aj.armor.bone.right_leg] run data modify entity @s {} merge value {transformation:[-0.9914448653235695f,3.7522513403161833e-8f,-0.13052616221864402f,-0.8839787499999995f,-0.06526304705146027f,0.8660254119250579f,0.4957224229239512f,-0.4115431249999997f,0.11303899200314936f,0.49999998590003225f,-0.8586164454439942f,-3.478796875f,0f,0f,0f,1f],start_interpolation:0}
execute if entity @s[tag=aj.armor.bone.left_foot] run data modify entity @s {} merge value {transformation:[-1.1719838725166003f,0.10606560326681873f,0.02819193574767595f,0.8261333512392144f,-0.030397778652144675f,-0.6042640476008776f,1.009718688896359f,-3.415213245803705f,0.10545459919117088f,1.0045924265378539f,0.6043709779008083f,-6.247887193797259f,0f,0f,0f,1f],start_interpolation:0}
execute if entity @s[tag=aj.armor.bone.left_knee] run data modify entity @s {} merge value {transformation:[-2.8919868524010712f,0.2666056445178988f,-0.0475622159341221f,1.2316201892609686f,-0.07500954429981302f,-0.2983911532417329f,2.88829793762088f,-3.6978772604129206f,0.2602197193475212f,2.876945053092306f,0.3039762288147428f,-2.5492619040110807f,0f,0f,0f,1f],start_interpolation:0}
execute if entity @s[tag=aj.armor.bone.left_thigh] run data modify entity @s {} merge value {transformation:[-2.4580879773817275f,-0.24668663743114333f,-0.16420085658541883f,0.8342194788123395f,-0.16963166716979497f,2.296207431887527f,-0.9103127210891583f,-0.3123896380589326f,0.24298418854663273f,-0.8925188264661243f,-2.296602175270878f,-3.682962051335055f,0f,0f,0f,1f],start_interpolation:0}
execute if entity @s[tag=aj.armor.bone.left_leg] run data modify entity @s {} merge value {transformation:[-0.9928113528566701f,-0.008039146333647138f,-0.11941938605241093f,0.7464781250000005f,-0.06851351396688558f,0.8562760730716052f,0.5119542802721552f,-0.3490431249999997f,0.0981402875623356f,0.5164558633719799f,-0.8506713966896294f,-3.741296875f,0f,0f,0f,1f],start_interpolation:0}