execute if entity @s[tag=aj.armor.bone.right_thumb_2] run data modify entity @s {} merge value {transformation:[-0.9796349700780594f,0.02684140426915453f,-0.19898458336519387f,-2.7070698883470614f,0.008481443962564048f,0.9956716890345796f,0.09255243250902662f,1.2315949774747144f,0.20060755346813303f,0.08897992285840589f,-0.9756224591611461f,-4.743655501039831f,0f,0f,0f,1f],start_interpolation:0}
execute if entity @s[tag=aj.armor.bone.right_thumb] run data modify entity @s {} merge value {transformation:[-0.9796349700780594f,0.02684140426915453f,-0.19898458336519387f,-2.904285960853366f,0.008481443962564048f,0.9956716890345796f,0.09255243250902662f,1.5347974167130438f,0.20060755346813303f,0.08897992285840589f,-0.9756224591611461f,-4.631400160578593f,0f,0f,0f,1f],start_interpolation:0}
execute if entity @s[tag=aj.armor.bone.right_fingers_2] run data modify entity @s {} merge value {transformation:[0.9827713651664896f,-0.05045954668418465f,-0.17780404370323263f,-2.7193130035013717f,0.030957269760737594f,-0.9034801184158212f,0.4275106116534356f,0.9492395170802732f,-0.1822144101265193f,-0.4256495151832787f,-0.8863522995775913f,-5.196528756580603f,0f,0f,0f,1f],start_interpolation:0}
execute if entity @s[tag=aj.armor.bone.right_fingers] run data modify entity @s {} merge value {transformation:[-0.17830526238537006f,-0.9677773274098043f,-0.17780404370323263f,-3.1556155309693006f,-0.8997914553001659f,0.08723539357689193f,0.4275106116534356f,0.9491627208591235f,-0.39822427145327816f,0.2362139510253818f,-0.8863522995775913f,-5.118567631534509f,0f,0f,0f,1f],start_interpolation:0}
execute if entity @s[tag=aj.armor.bone.right_hand] run data modify entity @s {} merge value {transformation:[-0.9840369991042528f,0.007543635507903566f,-0.17780404370323263f,-3.1150426768585424f,-0.07033705456155467f,0.9012698683964259f,0.4275106116534356f,1.6618276264952483f,0.1634744112988392f,0.43319247209988965f,-0.8863522995775913f,-4.773260898159051f,0f,0f,0f,1f],start_interpolation:0}
execute if entity @s[tag=aj.armor.bone.right_forearm] run data modify entity @s {} merge value {transformation:[-1.7914246638326001f,0.11158383656363367f,-0.32430738946793f,-2.8825357489370904f,-0.03848588311442809f,1.6484291011590455f,0.7797620771019789f,4.120214988651323f,0.3408006341641193f,0.7726959994093604f,-1.6166707710240853f,-3.717818820162754f,0f,0f,0f,1f],start_interpolation:0}
execute if entity @s[tag=aj.armor.bone.right_bicep] run data modify entity @s {} merge value {transformation:[-1.5499535874195634f,0.3280639678704603f,0.012347700750454906f,-2.3661300952661337f,-0.000232797684254118f,-0.06068764499796196f,1.5831776626245542f,4.005093760590843f,0.3282961750218412f,1.5488142556850377f,0.059418673296680644f,-1.3027033441697864f,0f,0f,0f,1f],start_interpolation:0}
execute if entity @s[tag=aj.armor.bone.right_shoulder] run data modify entity @s {} merge value {transformation:[-1.0021666583825237f,0.12290650708697436f,0.08348028515119975f,-1.8992614935131416f,0.08016866463100866f,-0.03194163651435998f,1.0094383070474915f,3.942251424884748f,0.12509177712594446f,1.0051301910893453f,0.021870640662975827f,-1.13851718997382f,0f,0f,0f,1f],start_interpolation:0}
execute if entity @s[tag=aj.armor.bone.right_arm] run data modify entity @s {} merge value {transformation:[-1.3160356058347835f,0.00016729823945944017f,0.18790446373788722f,-1.7191130721604286f,0.11461293950396818f,1.0541669260414153f,0.8017816395034887f,3.862914369480354f,-0.14890261777276997f,0.8099320313198765f,-1.0435975979124925f,-0.980497800380146f,0f,0f,0f,1f],start_interpolation:0}
execute if entity @s[tag=aj.armor.bone.left_thumb_2] run data modify entity @s {} merge value {transformation:[-0.3407153959069864f,0.9352114192590119f,-0.09639823794806149f,0.6737039842484749f,0.37603160292795873f,0.041580404021867745f,-0.9256734324808124f,0.4481391598826092f,-0.8616920868798643f,-0.3516399739633192f,-0.36583613287878053f,-0.6805036889201861f,0f,0f,0f,1f],start_interpolation:0}
execute if entity @s[tag=aj.armor.bone.left_thumb] run data modify entity @s {} merge value {transformation:[-0.3407153959069864f,0.9352114192590119f,-0.09639823794806149f,1.0388700850588377f,0.37603160292795873f,0.041580404021867745f,-0.9256734324808124f,0.41787906128714447f,-0.8616920868798643f,-0.3516399739633192f,-0.36583613287878053f,-0.5847686110808588f,0f,0f,0f,1f],start_interpolation:0}
execute if entity @s[tag=aj.armor.bone.left_fingers_2] run data modify entity @s {} merge value {transformation:[0.3006197638873245f,-0.9257753916802728f,0.22927643079821178f,0.304800628896016f,-0.3911878883891837f,-0.3389309700247311f,-0.8556271580166837f,0.07825502341657986f,0.8698274504394193f,0.1675282713971965f,-0.4640414687770119f,-0.7903432331099415f,0f,0f,0f,1f],start_interpolation:0}
execute if entity @s[tag=aj.armor.bone.left_fingers] run data modify entity @s {} merge value {transformation:[0.8786165017814299f,0.41888585686054847f,0.22927643079821178f,0.45018421799580677f,0.3870916341055032f,-0.34360185283235145f,-0.8556271580166837f,-0.0985005288321894f,-0.27963030880592027f,0.8405191286653618f,-0.4640414687770119f,-0.4107922811144141f,0f,0f,0f,1f],start_interpolation:0}
execute if entity @s[tag=aj.armor.bone.left_hand] run data modify entity @s {} merge value {transformation:[-0.25995188506099143f,0.9380071085731018f,0.22927643079821178f,1.1825593241905115f,0.4055995254711944f,0.3215450068059457f,-0.8556271580166837f,0.17721803391924484f,-0.8763070480093031f,-0.12942748110233182f,-0.4640414687770119f,-0.5387772111298179f,0f,0f,0f,1f],start_interpolation:0}
execute if entity @s[tag=aj.armor.bone.left_forearm] run data modify entity @s {} merge value {transformation:[-1.1379736662956281f,1.362703500944971f,0.4181909431868602f,3.1523760620141807f,0.4318079316955135f,0.8395275392991879f,-1.5606293546247945f,1.3684204936634794f,-1.3584500015002527f,-0.8746777926208483f,-0.8463928840399066f,-1.9217250023476657f,0f,0f,0f,1f],start_interpolation:0}
execute if entity @s[tag=aj.armor.bone.left_bicep] run data modify entity @s {} merge value {transformation:[-0.972735679861672f,-0.45833944029284457f,1.1635483704941538f,2.4192386849774974f,0.41901349918001146f,1.2694364346381035f,0.8503489764806736f,3.339610099255005f,-1.1782816049283298f,0.8298136247187368f,-0.6581765444029266f,-0.6218667085810277f,0f,0f,0f,1f],start_interpolation:0}
execute if entity @s[tag=aj.armor.bone.left_shoulder] run data modify entity @s {} merge value {transformation:[-0.936356782991045f,-0.21228813659846335f,0.32339248703866635f,1.9535594266417395f,0.024492707248512748f,0.8127102228603666f,0.6044130869006166f,3.5158078652257596f,-0.3860687256242604f,0.5664351855107924f,-0.7459993956948318f,-0.6530070250891606f,0f,0f,0f,1f],start_interpolation:0}
execute if entity @s[tag=aj.armor.bone.left_arm] run data modify entity @s {} merge value {transformation:[-1.3160356058347835f,0.00016729823945944017f,0.18790446373788722f,1.7452735625831122f,0.11461293950396818f,1.0541669260414153f,0.8017816395034887f,3.527996238660315f,-0.14890261777276997f,0.8099320313198765f,-1.0435975979124925f,-0.6140323106944149f,0f,0f,0f,1f],start_interpolation:0}
execute if entity @s[tag=aj.armor.bone.chest] run data modify entity @s {} merge value {transformation:[-2.6060925967577946f,0.0003312940025124176f,0.37209968307387f,1.0840363484542409e-16f,0.22696341330710057f,2.087524539247419f,1.5877360655458503f,4.251964713247415f,-0.2948658897183274f,1.6038759599979386f,-2.0665945221055058f,-0.2533010586503106f,0f,0f,0f,1f],start_interpolation:0}
execute if entity @s[tag=aj.armor.bone.weist] run data modify entity @s {} merge value {transformation:[-1.9353777871484221f,-1.1936599183771773e-16f,0.23334965725669457f,3.5441471062596405e-16f,0.11667482862834716f,1.6882252311664476f,0.967688893574211f,0.8532453493459817f,-0.20208673114868936f,0.9746972916666665f,-1.6760863295906459f,-2.2621339397048517f,0f,0f,0f,1f],start_interpolation:0}
execute if entity @s[tag=aj.armor.bone.right_foot] run data modify entity @s {} merge value {transformation:[-1.1769661162953962f,-0.018218468304321344f,-0.0031214390494465937f,-0.772267750499373f,-0.008796456140246569f,0.3772412464781315f,1.1149899368117906f,-4.435108490807181f,-0.016256639519522168f,1.1148757887068999f,-0.37733087907466856f,-4.053496715876041f,0f,0f,0f,1f],start_interpolation:0}
execute if entity @s[tag=aj.armor.bone.right_knee] run data modify entity @s {} merge value {transformation:[-2.9042810348054715f,-0.045594744814327515f,0.0012159969588953095f,-0.8938699539688246f,-0.021706131032921204f,1.4497552107786897f,2.516876508935161f,-2.5503773264747256f,-0.04011487602958961f,2.5165570998090576f,-1.4499171868268121f,-0.9809782704589836f,0f,0f,0f,1f],start_interpolation:0}
execute if entity @s[tag=aj.armor.bone.right_thigh] run data modify entity @s {} merge value {transformation:[-2.4745065432870623f,0.050813137394339764f,-0.06517756697454344f,-0.7703945374010246f,0.08254904670212053f,1.6134240316671344f,-1.8761826328656288f,-0.26369456096820865f,0.003968004176947618f,-1.8773102146545135f,-1.6142191102312404f,-3.579651142812949f,0f,0f,0f,1f],start_interpolation:0}
execute if entity @s[tag=aj.armor.bone.right_leg] run data modify entity @s {} merge value {transformation:[-0.9990470677483795f,-0.005604893262615886f,0.04328442670152418f,-0.8089787499999994f,0.016829364130156326f,0.865561568918824f,0.5005196728538835f,-0.3490431249999997f,-0.04027069562770855f,0.5007711608931754f,-0.8646424205944107f,-3.678796875f,0f,0f,0f,1f],start_interpolation:0}
execute if entity @s[tag=aj.armor.bone.left_foot] run data modify entity @s {} merge value {transformation:[-1.176756256833909f,0.02372107354579336f,0.016520216361931468f,0.9346120892486128f,0.019695742350491124f,0.16554826705838518f,1.1652453578040083f,-5.855277181508308f,0.021158558837336625f,1.1651703638611666f,-0.1658952484073199f,-8.674334874694244f,0f,0f,0f,1f],start_interpolation:0}
execute if entity @s[tag=aj.armor.bone.left_knee] run data modify entity @s {} merge value {transformation:[-2.903763185697045f,0.0710746652402627f,0.006036711485515822f,1.0903656302498623f,0.04860120455718345f,1.7914567371842602f,2.2858804365597822f,-3.497182068079115f,0.05221084983186515f,2.285292068706347f,-1.792105710163808f,-5.8270288964914805f,0f,0f,0f,1f],start_interpolation:0}
execute if entity @s[tag=aj.armor.bone.left_thigh] run data modify entity @s {} merge value {transformation:[-2.47543308219244f,-0.04705424084777193f,0.00544765495776731f,0.9707829928429669f,-0.035743648204469854f,2.042381138672482f,1.3990762663082354f,-0.6452240900080453f,-0.031083277487004388f,1.3987415435855894f,-2.0426866247781454f,-3.671829998391036f,0f,0f,0f,1f],start_interpolation:0}
execute if entity @s[tag=aj.armor.bone.left_leg] run data modify entity @s {} merge value {transformation:[-0.9990468692966118f,-0.006543451298374275f,0.043157110581507174f,0.8871031250000005f,0.018579810121477323f,0.8309156265614396f,0.5560881334751356f,-0.4115431249999997f,-0.039498653198412774f,0.5563599597213266f,-0.8300020792831759f,-3.569421875f,0f,0f,0f,1f],start_interpolation:0}