# This file was generated by Animated Java via MC-Build. It is not recommended to edit this file directly.
$data merge entity $(bone_right_thumb_2) { transformation: [-0.9880400219339242f,-0.1296449488715683f,-0.08348114930269583f,-2.462105352468361f,-0.02144095999184542f,0.6516410478415356f,-0.7582243929092581f,-1.3358823487614193f,0.1526997062585211f,-0.7473661298186276f,-0.6466271473642964f,0.8133644577465352f,0f,0f,0f,1f], start_interpolation: 0, interpolation_duration: 1 }
$data merge entity $(bone_right_thumb) { transformation: [-0.9880400219339242f,-0.1296449488715683f,-0.08348114930269583f,-2.645076563394159f,-0.02144095999184542f,0.6516410478415356f,-0.7582243929092581f,-1.1522674662419063f,0.1526997062585211f,-0.7473661298186276f,-0.6466271473642964f,0.6216826881900184f,0f,0f,0f,1f], start_interpolation: 0, interpolation_duration: 1 }
$data merge entity $(bone_right_fingers2) { transformation: [0.862854868190991f,-0.4903107500714059f,-0.12278780396897274f,-2.4901351596694683f,-0.4824061379051824f,-0.7263285372822703f,-0.4896235023370542f,-1.9043247429875299f,0.15088338063058374f,0.4817076128667812f,-0.8632450296153887f,0.8305848502695161f,0f,0f,0f,1f], start_interpolation: 0, interpolation_duration: 1 }
$data merge entity $(bone_right_fingers) { transformation: [-0.20815221048165095f,-0.9703585999351371f,-0.12278780396897274f,-2.9394446485451553f,-0.8377741612028131f,0.24166770735892473f,-0.4896235023370542f,-1.7552054487267192f,0.5047842232999411f,0.0009522351608159535f,-0.8632450296153887f,0.8005034889066707f,0f,0f,0f,1f], start_interpolation: 0, interpolation_duration: 1 }
$data merge entity $(bone_right_hand) { transformation: [-0.984807753012208f,0.12278780396897289f,-0.12278780396897274f,-2.9180126026877296f,0.1677312594965206f,0.8556489061214927f,-0.4896235023370542f,-1.1557508234318983f,0.04494345552754766f,-0.5027803741690497f,-0.8632450296153887f,0.4235668651077866f,0f,0f,0f,1f], start_interpolation: 0, interpolation_duration: 1 }
$data merge entity $(bone_right_forearm) { transformation: [-1.4824598341687394f,0.18483606262544394f,-0.18483606262544372f,-2.608370001000596f,0.2524907570818477f,1.2880332548111113f,-0.7370445387534524f,0.6972180325986557f,0.0676546944564037f,-0.7568499616642503f,-1.2994679210600748f,-0.6651592831404156f,0f,0f,0f,1f], start_interpolation: 0, interpolation_duration: 1 }
$data merge entity $(bone_right_bicep) { transformation: [-1.554906395845955f,0.27417195006379846f,1.8677012988899726e-16f,-2.107345625f,0.2648297674106597f,1.501924245209661f,0.40864766485206927f,2.8807568799603236f,0.07096092230940815f,0.4024393885966522f,-1.525093847622301f,-0.14187744755655024f,0f,0f,0f,1f], start_interpolation: 0, interpolation_duration: 1 }
$data merge entity $(bone_right_shoulder) { transformation: [-1f,-3.169619151431765e-17f,1.1829179713786698e-16f,-1.795433125f,0f,0.9659258262890682f,0.25881904510252074f,3.0979900248241137f,-1.2246467991473532e-16f,0.25881904510252074f,-0.9659258262890682f,-0.018965240545394377f,0f,0f,0f,1f], start_interpolation: 0, interpolation_duration: 1 }
$data merge entity $(bone_right_arm) { transformation: [-1.46271875f,-1.5612328780452606e-17f,1.7844973452847951e-16f,-1.4259925f,0f,1.4571526635493854f,0.12748433908717616f,3.151850420953178f,-1.7913138352403177e-16f,0.12748433908717616f,-1.4571526635493854f,-0.02244109940844702f,0f,0f,0f,1f], start_interpolation: 0, interpolation_duration: 1 }
$data merge entity $(bone_left_thumb_2) { transformation: [-0.9880400219339242f,0.12964494887156847f,0.08348114930269598f,2.4957065135762124f,0.02144095999184542f,0.6516410478415356f,-0.7582243929092581f,-1.3923912396774247f,-0.15269970625852133f,-0.7473661298186276f,-0.6466271473642964f,0.7793692727199204f,0f,0f,0f,1f], start_interpolation: 0, interpolation_duration: 1 }
$data merge entity $(bone_left_thumb) { transformation: [-0.9880400219339242f,0.12964494887156847f,0.08348114930269598f,2.6786777245020104f,0.02144095999184542f,0.6516410478415356f,-0.7582243929092581f,-1.208776357157912f,-0.15269970625852133f,-0.7473661298186276f,-0.6466271473642964f,0.5876875031634037f,0f,0f,0f,1f], start_interpolation: 0, interpolation_duration: 1 }
$data merge entity $(bone_left_fingers2) { transformation: [0.862854868190991f,0.4903107500714058f,0.12278780396897294f,2.5237363207773202f,0.4824061379051824f,-0.7263285372822703f,-0.4896235023370542f,-1.9608336339035353f,-0.1508833806305835f,0.48170761286678127f,-0.8632450296153887f,0.7965896652429013f,0f,0f,0f,1f], start_interpolation: 0, interpolation_duration: 1 }
$data merge entity $(bone_left_fingers) { transformation: [-0.20815221048165083f,0.9703585999351371f,0.12278780396897294f,2.9730458096530072f,0.8377741612028131f,0.24166770735892473f,-0.4896235023370542f,-1.8117143396427247f,-0.5047842232999411f,0.0009522351608161894f,-0.8632450296153887f,0.766508303880056f,0f,0f,0f,1f], start_interpolation: 0, interpolation_duration: 1 }
$data merge entity $(bone_left_hand) { transformation: [-0.984807753012208f,-0.12278780396897276f,0.12278780396897294f,2.9516137637955815f,-0.1677312594965206f,0.8556489061214927f,-0.4896235023370542f,-1.2122597143479037f,-0.044943455527547894f,-0.5027803741690497f,-0.8632450296153887f,0.3895716800811718f,0f,0f,0f,1f], start_interpolation: 0, interpolation_duration: 1 }
$data merge entity $(bone_left_forearm) { transformation: [-1.48245983416874f,-0.18483606262544383f,0.1848360626254441f,2.6419711621084474f,-0.2524907570818478f,1.2880332548111117f,-0.7370445387534527f,0.6407091416826503f,-0.06765469445640408f,-0.7568499616642507f,-1.2994679210600755f,-0.6991544681670304f,0f,0f,0f,1f], start_interpolation: 0, interpolation_duration: 1 }
$data merge entity $(bone_left_bicep) { transformation: [-1.554906395845955f,-0.2741719500637986f,1.8677012988899726e-16f,2.044845625f,-0.2648297674106597f,1.501924245209661f,0.40864766485206927f,2.864580689641416f,-0.07096092230940852f,0.4024393885966522f,-1.525093847622301f,-0.08150708341348291f,0f,0f,0f,1f], start_interpolation: 0, interpolation_duration: 1 }
$data merge entity $(bone_left_shoulder) { transformation: [-1f,-3.169619151431765e-17f,1.1829179713786698e-16f,1.795433125f,0f,0.9659258262890682f,0.25881904510252074f,3.0979900248241137f,-1.2246467991473532e-16f,0.25881904510252074f,-0.9659258262890682f,-0.01896524054539389f,0f,0f,0f,1f], start_interpolation: 0, interpolation_duration: 1 }
$data merge entity $(bone_left_arm) { transformation: [-1.46271875f,-1.5612328780452606e-17f,1.7844973452847951e-16f,1.4259925f,0f,1.4571526635493854f,0.12748433908717616f,3.0895882523224443f,-1.7913138352403177e-16f,0.12748433908717616f,-1.4571526635493854f,-0.027888333330175263f,0f,0f,0f,1f], start_interpolation: 0, interpolation_duration: 1 }
$data merge entity $(bone_chest) { transformation: [-2.06546125f,-2.204570093757574e-17f,2.5198351476752546e-16f,-3.883538697116129e-17f,0f,2.057601546363949f,0.1800168093602565f,3.8482716666666663f,-2.529460508575391e-16f,0.1800168093602565f,-2.057601546363949f,0.317115f,0f,0f,0f,1f], start_interpolation: 0, interpolation_duration: 1 }
$data merge entity $(bone_weist) { transformation: [-2.0892733333333333f,2.2299859212327835e-17f,2.548885571411215e-16f,5.513359889761386e-18f,0f,2.081323017531135f,-0.1820921691695423f,0.2211416666666668f,-2.5586219002105877e-16f,-0.1820921691695423f,-2.081323017531135f,-0.045020000000000004f,0f,0f,0f,1f], start_interpolation: 0, interpolation_duration: 1 }
data modify entity @s data merge value {"locators":{"consume":{"posx":-2.755419060943957,"posy":-1.817297365123061,"posz":0.8023576134509599,"roty":351.9045641206511,"rotx":-29.3158384812938}},"cameras":{}}