# This file was generated by Animated Java via MC-Build. It is not recommended to edit this file directly.
$data merge entity $(bone_right_thumb_2) { transformation: [-0.9893174005090642f,0.0518470622742909f,0.14347679200280622f,-0.9627413277673822f,-0.012724127348999248f,-0.9661917513504192f,0.2614081537854541f,4.036462088235173f,0.15202566984919735f,0.25653071632036384f,0.9555641338764066f,1.402428113714444f,0f,0f,0f,1f], start_interpolation: 0, interpolation_duration: 1 }
$data merge entity $(bone_right_thumb) { transformation: [-0.9362271994139363f,-0.3249585497381201f,0.14107869679557666f,-1.1940486899181435f,0.3532745651662112f,-0.8861299935748711f,0.303304043417701f,3.8346066913869103f,0.026426111028014766f,0.3334639442263585f,0.9434649358703471f,1.501908333585713f,0f,0f,0f,1f], start_interpolation: 0, interpolation_duration: 1 }
$data merge entity $(bone_right_fingers2) { transformation: [0.9633731712991304f,0.26940331615404955f,0.036832224018660514f,-0.7185092868181958f,-0.27032436756671097f,0.9635493977074318f,0.02280177925528959f,4.330522811307347f,-0.029317158467650695f,-0.03189103451991492f,1.0000730437305743f,1.6422829397597651f,0f,0f,0f,1f], start_interpolation: 0, interpolation_duration: 1 }
$data merge entity $(bone_right_fingers) { transformation: [0.39284396517462716f,-0.9199671912408717f,0.036832224018660514f,-1.1707364030187868f,0.9200216886740868f,0.39378013902681563f,0.02280177925528959f,4.473710215949794f,-0.03544485936015873f,0.024903730810991266f,1.0000730437305743f,1.6638144037213425f,0f,0f,0f,1f], start_interpolation: 0, interpolation_duration: 1 }
$data merge entity $(bone_right_hand) { transformation: [-0.901955973231763f,-0.4325984700450122f,0.036832224018660514f,-1.4476341297371083f,0.43353613001178226f,-0.9019695834655975f,0.02280177925528959f,3.894798009014532f,0.023333944926933525f,0.03649740918907232f,1.0000730437305743f,1.7165187032839646f,0f,0f,0f,1f], start_interpolation: 0, interpolation_duration: 1 }
$data merge entity $(bone_right_forearm) { transformation: [-1.3848287185757604f,-0.5920540360999256f,-0.048173049873399244f,-2.261666017849555f,0.5928325185165381f,-1.3698371452774636f,-0.20662769561684627f,1.9030810222999f,0.037392905552464675f,-0.20884783442587448f,1.4918389848969849f,1.4088689846385236f,0f,0f,0f,1f], start_interpolation: 0, interpolation_duration: 1 }
$data merge entity $(bone_right_bicep) { transformation: [-1.5538921778804597f,0.2678556833486861f,-0.10779056023056272f,-2.2322934933846152f,0.2839851770058063f,1.311315591910725f,-0.835314437866301f,2.981670499455163f,-0.05213339829697509f,-0.8406254360681231f,-1.3373770438707158f,0.07072306820306135f,0f,0f,0f,1f], start_interpolation: 0, interpolation_duration: 1 }
$data merge entity $(bone_right_shoulder) { transformation: [-1.000999034702051f,0.004853780057949953f,-0.0000021481061145852284f,-1.7312090461285794f,0.004629881204603897f,0.9546910047931694f,-0.30094231378611935f,3.2288616913273125f,-0.0014571840983788212f,-0.3009387858785586f,-0.9547022312890787f,0.058399904958759616f,0f,0f,0f,1f], start_interpolation: 0, interpolation_duration: 1 }
$data merge entity $(bone_right_arm) { transformation: [-1.4641972697241512f,-1.562810976093285e-17f,1.7863011196075755e-16f,-1.4274338967399691f,0f,1.458625557059609f,0.1276132005719016f,3.090866442292687f,-1.7931244996879757e-16f,0.1276132005719016f,-1.458625557059609f,-0.024671580693085116f,0f,0f,0f,1f], start_interpolation: 0, interpolation_duration: 1 }
$data merge entity $(bone_left_thumb_2) { transformation: [-0.9831661034886217f,-0.09048743227619085f,-0.1649820117799685f,1.047814187619716f,0.052637741724946396f,-0.9748869667000998f,0.22101424606635664f,3.723052964158891f,-0.1806552179069338f,0.20839878458917194f,0.9622662134173982f,1.3258224802687948f,0f,0f,0f,1f], start_interpolation: 0, interpolation_duration: 1 }
$data merge entity $(bone_left_thumb) { transformation: [-0.9456760715365662f,0.2860728407648086f,-0.16087797910162482f,1.2693702167291803f,-0.32039781352091207f,-0.9110577945419576f,0.26332786171475775f,3.5092007151591886f,-0.07116625235383153f,0.3002643026418564f,0.9522601218914997f,1.4223893106535839f,0f,0f,0f,1f], start_interpolation: 0, interpolation_duration: 1 }
$data merge entity $(bone_left_fingers2) { transformation: [0.9752431191872042f,-0.21554907684847138f,-0.06679880693311205f,0.8121970964292965f,0.21435727097948162f,0.9774801830794426f,-0.024618666192779387f,4.020008234310253f,0.07052974915696553f,0.009680589685250755f,0.9984760724860183f,1.573864732400505f,0f,0f,0f,1f], start_interpolation: 0, interpolation_duration: 1 }
$data merge entity $(bone_left_fingers) { transformation: [0.3481136220765574f,0.9361503363119386f,-0.06679880693311205f,1.2697352758017053f,-0.9385305060320127f,0.3472420440875298f,-0.024618666192779387f,4.139982075925418f,0.00014843159112176577f,0.07119085124411297f,0.9984760724860183f,1.6155863474261964f,0f,0f,0f,1f], start_interpolation: 0, interpolation_duration: 1 }
$data merge entity $(bone_left_hand) { transformation: [-0.9193359270862552f,0.3903613700414932f,-0.06679880693311205f,1.5186161602223303f,-0.38959902776238214f,-0.9217532996965069f,-0.024618666192779387f,3.5469703860574824f,-0.07111031848448822f,0.003388500823862467f,0.9984760724860183f,1.6469691236386148f,0f,0f,0f,1f], start_interpolation: 0, interpolation_duration: 1 }
$data merge entity $(bone_left_forearm) { transformation: [-1.408198876100068f,0.5362081894255784f,-0.00747710719125572f,2.2516427721000047f,-0.5254623205751004f,-1.3839045945638537f,-0.28159656778694725f,1.5371645567389205f,-0.10707230825398695f,-0.2605533629153561f,1.4802860095492234f,1.262800756733672f,0f,0f,0f,1f], start_interpolation: 0, interpolation_duration: 1 }
$data merge entity $(bone_left_bicep) { transformation: [-1.564096923174978f,-0.21218086785682497f,0.08078655015025706f,2.1732066514121224f,-0.22651606685931824f,1.4201713758758356f,-0.655553283152948f,2.875539819722468f,0.015416187085018154f,-0.6603324275798889f,-1.435851593555998f,0.11957755166632464f,0f,0f,0f,1f], start_interpolation: 0, interpolation_duration: 1 }
$data merge entity $(bone_left_shoulder) { transformation: [-1.000999034702051f,-0.004853780057949879f,0.0000021481061148190637f,1.734684778081597f,-0.004629881204603897f,0.9546910047931694f,-0.30094231378611935f,3.104211484558273f,0.001457184098378576f,-0.3009387858785586f,-0.9547022312890787f,0.047494424960306716f,0f,0f,0f,1f], start_interpolation: 0, interpolation_duration: 1 }
$data merge entity $(bone_left_arm) { transformation: [-1.4641972697241512f,-1.562810976093285e-17f,1.7863011196075755e-16f,1.4274338967399691f,0f,1.458625557059609f,0.1276132005719016f,3.028541338908167f,-1.7931244996879757e-16f,0.1276132005719016f,-1.458625557059609f,-0.030124320692311413f,0f,0f,0f,1f], start_interpolation: 0, interpolation_duration: 1 }
$data merge entity $(bone_chest) { transformation: [-2.067549023331404f,-2.2067984786517272e-17f,2.52238220326434e-16f,-3.8826853982366406e-17f,0f,2.0596813750875116f,0.18019877079564378f,3.8087666667824074f,-2.5320172935030406e-16f,0.18019877079564378f,-2.0596813750875116f,0.3170453228587963f,0f,0f,0f,1f], start_interpolation: 0, interpolation_duration: 1 }
$data merge entity $(bone_left_cheek) { transformation: [-1.1379720533441098f,-0.0005342292744833259f,0.012651886967463328f,0.7440823733095765f,-0.002757375709706179f,1.1202000907758982f,-0.20071099457137243f,-1.5987302297431687f,-0.012359309202002582f,-0.2007292232379639f,-1.1201320351866102f,-0.2518135911065128f,0f,0f,0f,1f], start_interpolation: 0, interpolation_duration: 1 }
$data merge entity $(bone_left_foot) { transformation: [-1.1339596330184691f,0.001049096528628729f,0.0033468122277886007f,0.8069431399704666f,0.002134835446149107f,1.064973220750159f,0.3894922754479822f,-7.902311995374573f,-0.0027828462466190063f,0.38949671314723894f,-1.064970101592181f,0.631476136078089f,0f,0f,0f,1f], start_interpolation: 0, interpolation_duration: 1 }
$data merge entity $(bone_left_knee) { transformation: [-3.1234857797564803f,0.003703844374165689f,0.008922887475802627f,0.8456221902892209f,0.005880392885253801f,3.017767940080592f,0.8057908125104534f,-4.084960185156295f,-0.007665335189600694f,0.8058037565583775f,-3.017760477784451f,1.7670445551215563f,0f,0f,0f,1f], start_interpolation: 0, interpolation_duration: 1 }
$data merge entity $(bone_left_leg) { transformation: [-2.3851237235541864f,0.007048159515745157f,0.002178957887547741f,0.7761036953703704f,0.0044903244526797795f,1.9459283703467851f,-1.379207096681581f,-1.5535356290279554f,-0.0058533235298214616f,-1.3791963971813324f,-1.9459323312172776f,-0.2654960881209256f,0f,0f,0f,1f], start_interpolation: 0, interpolation_duration: 1 }
$data merge entity $(bone_right_cheek) { transformation: [-1.1378617327596343f,0.020180136473799196f,-0.0020467169091242256f,-0.7599541974645783f,0.020283404840560144f,1.1314611889803377f,-0.1205193393453506f,-1.6516650615241408f,-0.00010220705062224813f,-0.12053667392152759f,-1.1316411311147272f,-0.31822787631019134f,0f,0f,0f,1f], start_interpolation: 0, interpolation_duration: 1 }
$data merge entity $(bone_right_foot) { transformation: [-1.1295295409674377f,-0.0968191360348516f,0.025803527866358505f,-0.8062110188838508f,-0.09528239605833137f,1.12823078270619f,0.062396450432352146f,-8.331048449414448f,-0.03100051861289286f,0.0599842222808515f,-1.131953007855931f,-0.7757501539413778f,0f,0f,0f,1f], start_interpolation: 0, interpolation_duration: 1 }
$data merge entity $(bone_right_knee) { transformation: [-3.123474110197965f,-0.0035021610648038846f,-0.012408485641373314f,-0.8445076436466484f,-0.007642130819770268f,2.923981771899469f,1.098421116039371f,-4.643767556137127f,0.010384290277602673f,1.0984421173610015f,-2.923965429694393f,0.7294672817943999f,0f,0f,0f,1f], start_interpolation: 0, interpolation_duration: 1 }
$data merge entity $(bone_right_leg) { transformation: [-2.3851148125672883f,-0.007625418719119604f,-0.006227755011966523f,-0.7761036953703704f,-0.005835604450281746f,2.3100825372459353f,-0.5935943209828619f,-1.5535356290279554f,0.007929543734088721f,-0.5935740266990825f,-2.3100815133313866f,-0.2654960881209258f,0f,0f,0f,1f], start_interpolation: 0, interpolation_duration: 1 }
$data merge entity $(bone_weist) { transformation: [-2.0913851759773663f,2.2322399965081036e-17f,2.551461991240342e-16f,5.566720701386371e-18f,0f,2.0834268239763243f,-0.18227622838374916f,0.1779703548225311f,-2.5612081615449055e-16f,-0.18227622838374916f,-2.0834268239763243f,-0.04545572409336418f,0f,0f,0f,1f], start_interpolation: 0, interpolation_duration: 1 }
data modify entity @s data merge value {"locators":{"consume":{"posx":-0.9007066818267434,"posy":4.448460541789461,"posz":1.6606621266876715,"roty":177.89077646464276,"rotx":1.305239383521606}},"cameras":{}}