execute if entity @s[tag=aj.attack.bone.right_thumb_2] run data modify entity @s {} merge value {transformation:[-0.31917403297654007f,0.4670740871255188f,0.8246027733456601f,-2.132612336292803f,-0.2499718013503267f,0.7978068675778756f,-0.5486513470094203f,0.033807881197475825f,-0.9141345826535411f,-0.3812427037746978f,-0.13788388453838557f,-2.4858022434996623f,0f,0f,0f,1f],start_interpolation:0}
execute if entity @s[tag=aj.attack.bone.right_thumb] run data modify entity @s {} merge value {transformation:[-0.31917403297654007f,0.5707104636603623f,0.756582780230997f,-2.016132816365967f,-0.2499718013503267f,0.7193681480472789f,-0.6480922512302562f,0.20310957321305625f,-0.9141345826535411f,-0.3959785780109867f,-0.08694211035645379f,-2.734205642045054f,0f,0f,0f,1f],start_interpolation:0}
execute if entity @s[tag=aj.attack.bone.right_fingers2] run data modify entity @s {} merge value {transformation:[0.29377150692715737f,-0.3042876405983707f,0.9061497301753304f,-1.9541784756963438f,0.17078561897882086f,-0.9160162107098039f,-0.3629691089705476f,-0.3698079059686313f,0.9404948559496583f,0.26138732466577075f,-0.21713150954272586f,-2.295646511618795f,0f,0f,0f,1f],start_interpolation:0}
execute if entity @s[tag=aj.attack.bone.right_fingers] run data modify entity @s {} merge value {transformation:[-0.24865194077869887f,-0.34214745191242113f,0.9061497301753304f,-2.0967253787428413f,-0.8724432546844884f,-0.32725554737645624f,-0.3629691089705476f,-0.4865761529360564f,0.4207314817107508f,-0.880817193213878f,-0.21713150954272586f,-2.732757511192155f,0f,0f,0f,1f],start_interpolation:0}
execute if entity @s[tag=aj.attack.locator_origin.right_hand] at @s on origin run tp @s ^-2.03869 ^-0.46919 ^-2.54822 ~76.52486 ~-21.28265
execute if entity @s[tag=aj.attack.bone.right_hand] run data modify entity @s {} merge value {transformation:[-0.31917403297654007f,0.2775258603746083f,0.9061497301753304f,-1.8944935443682587f,-0.2499718013503267f,0.8976455450024803f,-0.3629691089705476f,0.12008726848552431f,-0.9141345826535411f,-0.34236219470107093f,-0.21713150954272586f,-3.037631545856382f,0f,0f,0f,1f],start_interpolation:0}
execute if entity @s[tag=aj.attack.bone.right_forearm] run data modify entity @s {} merge value {transformation:[-0.4804619810822144f,0.4177677721261589f,1.3640536182000553f,-1.2831953350730916f,-0.37628984341685295f,1.3512520202206297f,-0.5463879863323772f,2.0815276291605467f,-1.3760734495270364f,-0.5153677972475343f,-0.326854394317027f,-3.7403142330671084f,0f,0f,0f,1f],start_interpolation:0}
execute if entity @s[tag=aj.attack.bone.right_bicep] run data modify entity @s {} merge value {transformation:[-1.1031521028717748f,-0.21616193285135432f,1.1087080836541203f,-1.4834047514889757f,0.934097872887823f,0.6968190771385859f,1.06527390639526f,3.0744341030381714f,-0.6351541229028349f,1.4002218933319606f,-0.35897360298193914f,-1.6747043651475535f,0f,0f,0f,1f],start_interpolation:0}
execute if entity @s[tag=aj.attack.bone.right_shoulder] run data modify entity @s {} merge value {transformation:[-0.7014829197511516f,-0.18236976055749318f,0.6889578969223027f,-1.308671859128709f,0.16375730917230313f,0.8995951521927811f,0.4048606005082412f,3.2407371351516794f,-0.693617514910088f,0.3968246874697309f,-0.6011862526908816f,-1.3624664344708268f,0f,0f,0f,1f],start_interpolation:0}
execute if entity @s[tag=aj.attack.bone.right_arm] run data modify entity @s {} merge value {transformation:[-1.2102440202475113f,0.00011937874492724412f,0.8214959152700767f,-0.998408538129598f,0.21293451141228978f,1.412772638948368f,0.31349402879486815f,3.3006008066740873f,-0.793419464663122f,0.3789717641053795f,-1.1689363099442613f,-1.1385742187935812f,0f,0f,0f,1f],start_interpolation:0}
execute if entity @s[tag=aj.attack.bone.left_thumb_2] run data modify entity @s {} merge value {transformation:[-0.3642118345601113f,0.9312423082261534f,-0.011726164589713636f,1.0200296596908958f,-0.8217165989347325f,-0.32725102466674405f,-0.4665711070026758f,1.5165848977860743f,-0.43832815401419783f,-0.1602951347489781f,0.8844059583552755f,2.6604140700804657f,0f,0f,0f,1f],start_interpolation:0}
execute if entity @s[tag=aj.attack.bone.left_thumb] run data modify entity @s {} merge value {transformation:[-0.3642118345601113f,0.9266766475092153f,-0.09284465804471792f,1.3393908455706545f,-0.8217165989347325f,-0.3666700870935168f,-0.4362738569590998f,1.53275256329361f,-0.43832815401419783f,-0.08260410517592542f,0.8950111682021576f,2.7014241839078594f,0f,0f,0f,1f],start_interpolation:0}
execute if entity @s[tag=aj.attack.bone.left_fingers2] run data modify entity @s {} merge value {transformation:[0.7795089919730049f,-0.5457278893359532f,0.3074846373953606f,0.6686342771026115f,0.6135413684231614f,0.5662782038692782f,-0.5503598686823187f,1.3206204605730534f,0.1262248813295729f,0.6176650116555985f,0.7762455878842889f,3.0342629118464663f,0f,0f,0f,1f],start_interpolation:0}
execute if entity @s[tag=aj.attack.bone.left_fingers] run data modify entity @s {} merge value {transformation:[0.8623687117051008f,0.4022106448590457f,0.3074846373953606f,0.9011521554919243f,-0.1836406259486375f,0.8144815132617645f,-0.5503598686823187f,1.6920285884627886f,-0.4718011504577732f,0.4181464596488855f,0.7762455878842889f,3.2159547052296293f,0f,0f,0f,1f],start_interpolation:0}
execute if entity @s[tag=aj.attack.bone.left_hand] run data modify entity @s {} merge value {transformation:[-0.3642118345601113f,0.8790921096973869f,0.3074846373953606f,1.552731344012651f,-0.8217165989347325f,-0.14793865613529558f,-0.5503598686823187f,1.6229806489942786f,-0.43832815401419783f,-0.4531128079062443f,0.7762455878842889f,2.9465788676351714f,0f,0f,0f,1f],start_interpolation:0}
execute if entity @s[tag=aj.attack.bone.left_forearm] run data modify entity @s {} merge value {transformation:[-0.5482586974085104f,1.3233229929140098f,0.46286559297316043f,3.443794638942703f,-1.2369539631105888f,-0.2226963739579311f,-0.8284727624903311f,1.2694240863821067f,-0.6598281548087309f,-0.6820839255315003f,1.1685051239385336f,1.9398146848792064f,0f,0f,0f,1f],start_interpolation:0}
execute if entity @s[tag=aj.attack.bone.left_bicep] run data modify entity @s {} merge value {transformation:[-0.4610403820048278f,-1.0201239500068393f,1.1134150397887268f,1.8387738029674239f,-1.2254851220947038f,0.932971581774647f,0.34735342400772035f,2.523764191881934f,-0.8823446830631534f,-0.7627681903880119f,-1.0642164751810725f,0.7011900942140729f,0f,0f,0f,1f],start_interpolation:0}
execute if entity @s[tag=aj.attack.bone.left_shoulder] run data modify entity @s {} merge value {transformation:[-0.7090188213102211f,0.001902079836985697f,0.7051869915987949f,1.6623952707131973f,0.22135777254626704f,0.9500534737711002f,0.21999803069305104f,2.8085474776462833f,-0.6695468972082689f,0.3120813661014692f,-0.6740268343107868f,0.6096090452731435f,0f,0f,0f,1f],start_interpolation:0}
execute if entity @s[tag=aj.attack.bone.left_arm] run data modify entity @s {} merge value {transformation:[-1.2102440202475113f,0.00011937874492724412f,0.8214959152700767f,1.3613002786979977f,0.21293451141228978f,1.412772638948368f,0.31349402879486815f,2.825058722822047f,-0.793419464663122f,0.3789717641053795f,-1.1689363099442613f,0.39222907245476507f,0f,0f,0f,1f],start_interpolation:0}
execute if entity @s[tag=aj.attack.bone.chest] run data modify entity @s {} merge value {transformation:[-1.7089492610014396f,0.00016857114309969484f,1.1600097284755708f,0.025626427375786052f,0.3006784333008428f,1.9949338454901833f,0.44267550995855093f,3.812676930470961f,-1.120363815160927f,0.5351346549730098f,-1.65061988294596f,0.0657477009042356f,0f,0f,0f,1f],start_interpolation:0}
execute if entity @s[tag=aj.attack.bone.weist] run data modify entity @s {} merge value {transformation:[-1.9416418804659987f,0.00017051454925514083f,0.7714206636609028f,-0.025573378090540434f,0.2000183068333163f,2.0179328395276164f,0.5029938304445912f,0.27620811770828735f,-0.745038620696788f,0.541304061926915f,-1.875358746370792f,-0.7502459947835293f,0f,0f,0f,1f],start_interpolation:0}
execute if entity @s[tag=aj.attack.bone.right_foot] run data modify entity @s {} merge value {transformation:[-1.0011249464422858f,-0.0006226087861056657f,0.5301222560591381f,-2.0276566370080236f,0.0007347512152512816f,1.1328165010031497f,0.002718013177372057f,-6.935620264579212f,-0.5301221124906815f,0.0027458720436583026f,-1.0011214503920778f,0.6059146600712961f,0f,0f,0f,1f],start_interpolation:0}
execute if entity @s[tag=aj.attack.bone.right_knee] run data modify entity @s {} merge value {transformation:[-2.7070091312644036f,0.039857375372016016f,1.5514755148107784f,-2.0623080137809535f,-0.022328654055813378f,3.117994455765472f,-0.11906017470844084f,-2.9574730575973893f,-1.5518267669546661f,-0.11439092456136113f,-2.7046832941989347f,0.5402633883021817f,0f,0f,0f,1f],start_interpolation:0}
execute if entity @s[tag=aj.attack.bone.right_thigh] run data modify entity @s {} merge value {transformation:[-2.0753845322183753f,0.9916536021309512f,0.6219232628338239f,-0.5954051258599493f,0.08529693029653454f,1.390728219022053f,-1.932869841076263f,-1.2284402386371316f,-1.1674287323666266f,-1.6612900174987215f,-1.2468408080618767f,-1.779547410068768f,0f,0f,0f,1f],start_interpolation:0}
execute if entity @s[tag=aj.attack.bone.right_leg] run data modify entity @s {} merge value {transformation:[-1.0565586007364236f,0.00009278673651341672f,0.41977418450672915f,-0.5713616666666665f,0.10884142153894898f,1.0980728829353825f,0.27370776404248337f,-1.3432918750000002f,-0.4054182032729275f,0.29455455611885634f,-1.0204901495371486f,-1.7976766666666666f,0f,0f,0f,1f],start_interpolation:0}
execute if entity @s[tag=aj.attack.bone.left_foot] run data modify entity @s {} merge value {transformation:[-1.0340019861052363f,-0.1646429931565816f,-0.43245084106158116f,3.3254074315817443f,-0.45983083776953604f,0.24722977654861633f,1.0053428224361518f,-5.408159115162514f,-0.05173630994373159f,1.0931840077462547f,-0.2924948407087604f,-5.248280294645962f,0f,0f,0f,1f],start_interpolation:0}
execute if entity @s[tag=aj.attack.bone.left_knee] run data modify entity @s {} merge value {transformation:[-2.6600777127486097f,-0.92003194252871f,-1.346881994475667f,2.230345179172537f,-1.600965760672406f,0.9795374940774045f,2.492785239652417f,-4.231661829832316f,-0.3121834644412284f,2.81613402426113f,-1.3070937082344427f,-1.608519477123251f,0f,0f,0f,1f],start_interpolation:0}
execute if entity @s[tag=aj.attack.bone.left_thigh] run data modify entity @s {} merge value {transformation:[-2.142351300374681f,-0.9713258621589982f,-0.37979381686441144f,0.8085683217537436f,-1.011935504994464f,2.1459277213413803f,0.21992525219863576f,-1.331966285734618f,0.2523961322186977f,0.35903572569329817f,-2.3419598434134974f,-1.3032375891583805f,0f,0f,0f,1f],start_interpolation:0}
execute if entity @s[tag=aj.attack.bone.left_leg] run data modify entity @s {} merge value {transformation:[-1.0565586007364236f,0.00009278673651341672f,0.41977418450672915f,0.8057366666666669f,0.10884142153894898f,1.0980728829353825f,0.27370776404248337f,-1.4266252083333337f,-0.4054182032729275f,0.29455455611885634f,-1.0204901495371486f,-1.396635f,0f,0f,0f,1f],start_interpolation:0}