execute if entity @s[tag=aj.attack.bone.right_thumb_2] run data modify entity @s {} merge value {transformation:[0.00034080049519741307f,0.8356757557988903f,-0.5492230102835964f,-4.656644312502746f,0.8805317667176609f,-0.26057538052500395f,-0.3959346901514491f,2.4802617326544603f,-0.4739870163370481f,-0.48347337282853786f,-0.7359278538754326f,-2.3505584392662655f,0f,0f,0f,1f],start_interpolation:0}
execute if entity @s[tag=aj.attack.bone.right_thumb] run data modify entity @s {} merge value {transformation:[0.00034080049519741307f,0.7568384456495331f,-0.6536019056289699f,-4.439662360815198f,0.8805317667176609f,-0.310025969495335f,-0.3585355017840663f,2.5213449526885414f,-0.4739870163370481f,-0.575395051616953f,-0.6665259506715597f,-2.5854324300871285f,0f,0f,0f,1f],start_interpolation:0}
execute if entity @s[tag=aj.attack.bone.right_fingers2] run data modify entity @s {} merge value {transformation:[-0.0818075079385695f,-0.9311538473405357f,-0.35533089399572115f,-5.104751448241566f,-0.8624776638444513f,0.24480418731600706f,-0.4429482918377338f,2.311420194718181f,0.49943949685051725f,0.2702284634442989f,-0.8231262154312878f,-2.3905093915888798f,0f,0f,0f,1f],start_interpolation:0}
execute if entity @s[tag=aj.attack.bone.right_fingers] run data modify entity @s {} merge value {transformation:[-0.9312132527811113f,-0.08112850064572429f,-0.35533089399572115f,-5.10254768463784f,0.0913173870336361f,0.8918844911665313f,-0.4429482918377338f,2.724536413835806f,0.35284984436750266f,-0.44492720842806843f,-0.8231262154312878f,-2.623641547122931f,0f,0f,0f,1f],start_interpolation:0}
execute if entity @s[tag=aj.attack.locator_origin.right_hand] at @s on origin run tp @s ^-5.13423 ^2.55842 ^-2.52811 ~-23.34911 ~-26.29215
execute if entity @s[tag=aj.attack.bone.right_hand] run data modify entity @s {} merge value {transformation:[0.00034080049519741307f,0.9347405199450934f,-0.35533089399572115f,-4.4538617306457535f,0.8805317667176609f,-0.16870275207923657f,-0.4429482918377338f,2.647666056871679f,-0.4739870163370481f,-0.3127291828622132f,-0.8231262154312878f,-2.897838337861762f,0f,0f,0f,1f],start_interpolation:0}
execute if entity @s[tag=aj.attack.bone.right_forearm] run data modify entity @s {} merge value {transformation:[0.000513016925435109f,1.407092167938514f,-0.5348899585495005f,-2.422714045259291f,1.325490150616624f,-0.25395317320181043f,-0.6667829830285192f,2.2459152776842f,-0.7135064803134682f,-0.4707603602303229f,-1.2390758999366673f,-3.551850676927007f,0f,0f,0f,1f],start_interpolation:0}
execute if entity @s[tag=aj.attack.bone.right_bicep] run data modify entity @s {} merge value {transformation:[0.6730785459334323f,0.6465172793947285f,1.273532424594136f,-1.4779946589976367f,1.1266479024990317f,0.6249361589230733f,-0.9127011882919029f,3.04680646241894f,-0.8778006224895909f,1.2978344897401044f,-0.19492527399589035f,-1.6130959750186105f,0f,0f,0f,1f],start_interpolation:0}
execute if entity @s[tag=aj.attack.bone.right_shoulder] run data modify entity @s {} merge value {transformation:[-0.6856995013309488f,-0.33626296786386267f,0.645556667007533f,-1.3857193393531164f,0.03977334741464647f,0.8682597406414072f,0.4945129964083351f,3.2133025929582275f,-0.7267972720848104f,0.36476326463160047f,-0.5819909673400224f,-1.2618818502799238f,0f,0f,0f,1f],start_interpolation:0}
execute if entity @s[tag=aj.attack.bone.left_thumb_2] run data modify entity @s {} merge value {transformation:[-0.6738693376662968f,0.27237449888077064f,0.6868131100325876f,3.1688715937083884f,-0.737395870034752f,-0.3062327470926409f,-0.6020538476446988f,2.98545864227688f,0.046340550373054845f,-0.9121587783755323f,0.4072086890325139f,4.826891045056218f,0f,0f,0f,1f],start_interpolation:0}
execute if entity @s[tag=aj.attack.bone.left_thumb] run data modify entity @s {} merge value {transformation:[-0.6738693376662968f,0.331197738414139f,0.6604605770388917f,3.363249497315636f,-0.737395870034752f,-0.35753988930131847f,-0.5730729084628696f,2.991799547996521f,0.046340550373054845f,-0.8731971630896199f,0.4851590128641967f,4.569768869049303f,0f,0f,0f,1f],start_interpolation:0}
execute if entity @s[tag=aj.attack.bone.left_fingers2] run data modify entity @s {} merge value {transformation:[0.5796427766055857f,0.34432107408218626f,0.7385507765021011f,3.2892676089922444f,0.5779353372280018f,0.4652341942939136f,-0.6704833259991253f,2.7355157950120366f,-0.5744606144133145f,0.8154754088276254f,0.07067432408799046f,5.3008922102987475f,0f,0f,0f,1f],start_interpolation:0}
execute if entity @s[tag=aj.attack.bone.left_fingers] run data modify entity @s {} merge value {transformation:[-0.00836940891072405f,0.6741459067016786f,0.7385507765021011f,3.613075286946007f,-0.11393696235371353f,0.7331237809311328f,-0.6704833259991253f,3.0707944331435333f,-0.9934527274128817f,-0.08975978114173463f,0.07067432408799046f,5.212816722636761f,0f,0f,0f,1f],start_interpolation:0}
execute if entity @s[tag=aj.attack.bone.left_hand] run data modify entity @s {} merge value {transformation:[-0.6738693376662968f,0.021044388357225885f,0.7385507765021011f,3.691632510814609f,-0.737395870034752f,-0.08185010942474186f,-0.6704833259991253f,3.03955992992681f,0.046340550373054845f,-0.9964224472109346f,0.07067432408799046f,4.509439464598976f,0f,0f,0f,1f],start_interpolation:0}
execute if entity @s[tag=aj.attack.bone.left_forearm] run data modify entity @s {} merge value {transformation:[-1.0143951685114254f,0.03167873158879255f,1.1117620249329276f,3.7042773735440093f,-1.1100235105428553f,-0.12321135701192217f,-1.0092981063901585f,2.833760135979877f,0.06975778207594535f,-1.4999437721079973f,0.10638812138410463f,2.3479160896765396f,0f,0f,0f,1f],start_interpolation:0}
execute if entity @s[tag=aj.attack.bone.left_bicep] run data modify entity @s {} merge value {transformation:[-0.10985455767051519f,-1.139970674174003f,1.0868776362713184f,1.9608704864251278f,-1.574373160129232f,0.11180956569371152f,-0.04185608353064766f,2.8158696033713286f,-0.04674705197289353f,-1.0866782601520546f,-1.1444864481894013f,0.7219197134290705f,0f,0f,0f,1f],start_interpolation:0}
execute if entity @s[tag=aj.attack.bone.left_shoulder] run data modify entity @s {} merge value {transformation:[-0.6642128083771788f,-0.2944243892995837f,0.6871212587114942f,1.724061879849187f,-0.22692516581366984f,0.9552111267972492f,0.18993860156157832f,2.9900918321668852f,-0.7122684285493353f,-0.029765453604753356f,-0.7012757684845268f,0.5370784467674145f,0f,0f,0f,1f],start_interpolation:0}
execute if entity @s[tag=aj.attack.bone.weist] run data modify entity @s {} merge value {transformation:[-1.5403737427571562f,-1.2540116490248016e-8f,1.411492753790145f,-0.03446624683053231f,0.36532109978569977f,2.018083109707565f,0.39867796244862685f,0.2772458023224702f,-1.3633973331547387f,0.5407435840496139f,-1.487886806727414f,-0.7540582105843711f,0f,0f,0f,1f],start_interpolation:0}
execute if entity @s[tag=aj.attack.bone.right_foot] run data modify entity @s {} merge value {transformation:[-0.8688367676666514f,-0.2689975103082004f,0.6753104197319594f,-2.071196376625524f,0.04037626365996613f,1.0329180495934949f,0.46339099317620713f,-7.549858112956517f,-0.7257916924871946f,0.3794756839007741f,-0.7826274828068673f,-0.3828312752482449f,0f,0f,0f,1f],start_interpolation:0}
execute if entity @s[tag=aj.attack.bone.right_knee] run data modify entity @s {} merge value {transformation:[-2.3256048884693916f,0.17074989557834563f,2.0733956921111383f,-1.9535823641121723f,0.08554317818418648f,3.115037510633605f,-0.16058328739168498f,-3.5728039858342004f,-2.0786552353796415f,-0.06284187046353856f,-2.3263290033705952f,-0.40215540043679243f,0f,0f,0f,1f],start_interpolation:0}
execute if entity @s[tag=aj.attack.bone.right_thigh] run data modify entity @s {} merge value {transformation:[-1.8038025925212418f,1.0480515914934336f,1.1512039075794405f,-0.3759453617938151f,0.15799622543969918f,1.8760702542965058f,-1.4604054100608832f,-1.1483054045109715f,-1.5487800902661748f,-1.0292398314078064f,-1.4897422493448909f,-1.870402256366916f,0f,0f,0f,1f],start_interpolation:0}
execute if entity @s[tag=aj.attack.bone.right_leg] run data modify entity @s {} merge value {transformation:[-0.8382055996245039f,-1.1026538920756332e-7f,0.7680741006803263f,-0.3578199999999998f,0.19879213713807178f,1.0981546282943608f,0.2169436561541512f,-1.265166875f,-0.7419026286164393f,0.2942496622486428f,-0.8096444141080427f,-1.88101f,0f,0f,0f,1f],start_interpolation:0}
execute if entity @s[tag=aj.attack.bone.left_foot] run data modify entity @s {} merge value {transformation:[-0.8581428219017173f,0.25504733571820287f,0.6941346455563244f,-1.9985192562842187f,-0.13852192258787782f,0.9890548118462984f,-0.5346619572461101f,-4.267203752509403f,-0.726418423899832f,-0.4899005900248844f,-0.7180493281886384f,3.9377303938928487f,0f,0f,0f,1f],start_interpolation:0}
execute if entity @s[tag=aj.attack.bone.left_knee] run data modify entity @s {} merge value {transformation:[-2.5965175766215873f,0.6735825982616424f,1.5940345911529124f,-1.1687663557711643f,-0.4738492257017328f,2.487671082758338f,-1.8230531576143352f,-1.0257806556137807f,-1.6643697623349223f,-1.7590742984606498f,-1.967763762980238f,1.7846274147447958f,0f,0f,0f,1f],start_interpolation:0}
execute if entity @s[tag=aj.attack.bone.left_thigh] run data modify entity @s {} merge value {transformation:[-1.9236737265062673f,1.4028109905552992f,0.09480024668319838f,0.6808488974922773f,-0.2123368564327788f,-0.13104095810556948f,-2.3696260664382183f,-1.404005233472474f,-1.3898844633257044f,-1.921545201165062f,0.23080638320849126f,-0.8533169166371085f,0f,0f,0f,1f],start_interpolation:0}
execute if entity @s[tag=aj.attack.bone.left_leg] run data modify entity @s {} merge value {transformation:[-0.8382055996245039f,-1.1026538920756332e-7f,0.7680741006803263f,0.7015700000000001f,0.19879213713807178f,1.0981546282943608f,0.2169436561541512f,-1.499541875f,-0.7419026286164393f,0.2942496622486428f,-0.8096444141080427f,-0.9435099999999998f,0f,0f,0f,1f],start_interpolation:0}