execute if entity @s[tag=aj.attack.bone.right_thumb_2] run data modify entity @s {} merge value {transformation:[-0.5888556687192744f,0.447882114622028f,0.6727931426663598f,-2.3452406077280274f,-0.24999460934567477f,0.6906681226818174f,-0.6785869432941346f,0.02082849497050293f,-0.7686037319160501f,-0.5677844271489614f,-0.2947357249670389f,-1.9365011039348177f,0f,0f,0f,1f],start_interpolation:0}
execute if entity @s[tag=aj.attack.bone.right_thumb] run data modify entity @s {} merge value {transformation:[-0.5888556687192744f,0.5318675481072475f,0.6085769570790214f,-2.2796931886293152f,-0.24999460934567477f,0.596185991349157f,-0.76293181806576f,0.15481927347097305f,-0.7686037319160501f,-0.6013976845560743f,-0.21810348070425822f,-2.222306627004196f,0f,0f,0f,1f],start_interpolation:0}
execute if entity @s[tag=aj.attack.bone.right_fingers2] run data modify entity @s {} merge value {transformation:[0.5611962337094196f,-0.34185878256077334f,0.7537846907814116f,-2.1777807091027857f,0.1774736556666727f,-0.8398332939632032f,-0.5130137813891774f,-0.3939319294558604f,0.8084317465405904f,0.42167832661518345f,-0.410640353653107f,-1.7609034920310458f,0f,0f,0f,1f],start_interpolation:0}
execute if entity @s[tag=aj.attack.bone.right_fingers] run data modify entity @s {} merge value {transformation:[-0.23921447620397865f,-0.6120335565294014f,0.7537846907814116f,-2.4493914932528633f,-0.7962563622423374f,-0.32061295309668414f,-0.5130137813891774f,-0.512333389355091f,0.5556547848827142f,-0.7229261787960064f,-0.410640353653107f,-2.131348015871156f,0f,0f,0f,1f],start_interpolation:0}
execute if entity @s[tag=aj.attack.locator_origin.right_hand] at @s on origin run tp @s ^-2.34109 ^-0.49347 ^-1.97123 ~61.41971 ~-30.86479
execute if entity @s[tag=aj.attack.bone.right_hand] run data modify entity @s {} merge value {transformation:[-0.5888556687192744f,0.29164643210700847f,0.7537846907814116f,-2.2585154381777532f,-0.24999460934567477f,0.8211696264492985f,-0.5130137813891774f,0.03601887620679456f,-0.7686037319160501f,-0.4905331826047769f,-0.410640353653107f,-2.5372575171026517f,0f,0f,0f,1f],start_interpolation:0}
execute if entity @s[tag=aj.attack.bone.right_forearm] run data modify entity @s {} merge value {transformation:[-0.8864216130801283f,0.43902388060494973f,1.1346940804200736f,-1.6041191452943062f,-0.3763241769574836f,1.2361305894749008f,-0.7722546080270861f,1.832254795029623f,-1.1570016152620781f,-0.7384139069927969f,-0.6181489013643371f,-3.5668199308830077f,0f,0f,0f,1f],start_interpolation:0}
execute if entity @s[tag=aj.attack.bone.right_bicep] run data modify entity @s {} merge value {transformation:[-1.197180298315597f,-0.020049813168757f,1.0292043025373145f,-1.5157957106716538f,0.8561516449968565f,0.8570818166368861f,1.0125805046533511f,3.0614869553940243f,-0.5715486437203734f,1.3258630859280895f,-0.639001864847896f,-1.6241726470049869f,0f,0f,0f,1f],start_interpolation:0}
execute if entity @s[tag=aj.attack.bone.right_shoulder] run data modify entity @s {} merge value {transformation:[-0.7209996659688429f,-0.2676722214931714f,0.6391487021920078f,-1.3555880544374492f,0.1352118126785374f,0.8503021348451025f,0.5086295756147545f,3.2247823659300714f,-0.679615514379271f,0.45314220871462835f,-0.5768751089241302f,-1.3026933734929578f,0f,0f,0f,1f],start_interpolation:0}
execute if entity @s[tag=aj.attack.bone.right_arm] run data modify entity @s {} merge value {transformation:[-1.2449186690685523f,0.00014799151458590442f,0.7679346502826007f,-1.0368633349298053f,0.19911145234602012f,1.4127584679115026f,0.3225124532333075f,3.2881865130166625f,-0.7416726222200782f,0.3790245784173098f,-1.2024176612169075f,-1.092053445954511f,0f,0f,0f,1f],start_interpolation:0}
execute if entity @s[tag=aj.attack.bone.left_thumb_2] run data modify entity @s {} merge value {transformation:[-0.27444219391809765f,0.9615892199428576f,0.0052587343636110034f,0.8117764247585353f,-0.9268713669853614f,-0.2630691382999575f,-0.2677762079364131f,2.180220730959754f,-0.25610730419124866f,-0.07836326029335088f,0.9634667862340078f,3.1862176904113246f,0f,0f,0f,1f],start_interpolation:0}
execute if entity @s[tag=aj.attack.bone.left_thumb] run data modify entity @s {} merge value {transformation:[-0.27444219391809765f,0.9583884115486253f,-0.07856929939055884f,1.1269792469954092f,-0.9268713669853614f,-0.28540631509883124f,-0.2438292524788483f,2.235199276192943f,-0.25610730419124866f,0.005906598937504615f,0.9666303123888068f,3.2257060470316867f,0f,0f,0f,1f],start_interpolation:0}
execute if entity @s[tag=aj.attack.bone.left_fingers2] run data modify entity @s {} merge value {transformation:[0.715998824943372f,-0.6131124704609463f,0.3338244767014328f,0.4690506531548564f,0.6981012089251746f,0.6292555844336188f,-0.341602271005792f,2.035087984862651f,-0.0006203038935760352f,0.47763009539221846f,0.8785608158794128f,3.59009794931901f,0f,0f,0f,1f],start_interpolation:0}
execute if entity @s[tag=aj.attack.bone.left_fingers] run data modify entity @s {} merge value {transformation:[0.8889703872679017f,0.31351693625029403f,0.3338244767014328f,0.6611584344615296f,-0.19590071713015023f,0.9192011735586385f,-0.341602271005792f,2.4570487732331565f,-0.41394994816843395f,0.23827784876620606f,0.8785608158794128f,3.6904182486366652f,0f,0f,0f,1f],start_interpolation:0}
execute if entity @s[tag=aj.attack.bone.left_hand] run data modify entity @s {} merge value {transformation:[-0.27444219391809765f,0.9017997011268274f,0.3338244767014328f,1.3239079164232332f,-0.9268713669853614f,-0.15561927099936157f,-0.341602271005792f,2.395263790577258f,-0.25610730419124866f,-0.403162425755664f,0.8785608158794128f,3.447864875509029f,0f,0f,0f,1f],start_interpolation:0}
execute if entity @s[tag=aj.attack.bone.left_forearm] run data modify entity @s {} merge value {transformation:[-0.41312583906890177f,1.3575053925974965f,0.502515721325904f,3.267990127456523f,-1.3952465024712686f,-0.23425822753074318f,-0.5142238619445898f,2.0193688458080756f,-0.38552579479545895f,-0.6068921583940857f,1.3225232208337436f,2.556829469187255f,0f,0f,0f,1f],start_interpolation:0}
execute if entity @s[tag=aj.attack.bone.left_bicep] run data modify entity @s {} merge value {transformation:[-0.21133500369165795f,-0.8986583503697724f,1.280880495428739f,1.8731910600660935f,-1.4740638909477326f,0.5478300006828616f,0.14114564747200578f,2.6672464677552314f,-0.5247640609484635f,-1.1769450359753173f,-0.9123196921443609f,0.7351703327494417f,0f,0f,0f,1f],start_interpolation:0}
execute if entity @s[tag=aj.attack.bone.left_shoulder] run data modify entity @s {} merge value {transformation:[-0.550890380463223f,-0.14557841266119975f,0.8217826443045211f,1.7006140904808182f,0.05608188109668727f,0.9759859450629733f,0.21049051677496497f,2.917074283645354f,-0.8326911860502323f,0.1620443174152682f,-0.5294969573733898f,0.5666436375574055f,0f,0f,0f,1f],start_interpolation:0}
execute if entity @s[tag=aj.attack.bone.left_arm] run data modify entity @s {} merge value {transformation:[-1.2449186690685523f,0.00014799151458590442f,0.7679346502826007f,1.3904523202047259f,0.19911145234602012f,1.4127584679115026f,0.3225124532333075f,2.8395970082581212f,-0.7416726222200782f,0.3790245784173098f,-1.2024176612169075f,0.3378524449293293f,0f,0f,0f,1f],start_interpolation:0}
execute if entity @s[tag=aj.attack.bone.chest] run data modify entity @s {} merge value {transformation:[-1.7579122919991748f,0.00020897437645206593f,1.0843774735854128f,0.03115527677419087f,0.28115930642984244f,1.9949138349943052f,0.4554101564609285f,3.8120194635507545f,-1.0472936518940912f,0.5352092324779042f,-1.6978978942870253f,0.06820348179627544f,0f,0f,0f,1f],start_interpolation:0}
execute if entity @s[tag=aj.attack.bone.weist] run data modify entity @s {} merge value {transformation:[-1.8670115270874974f,0.00021138357936817384f,0.9377264923298114f,-0.031089512604229284f,0.24316927408524827f,2.017912598336732f,0.4836946464377387f,0.27685928733178966f,-0.9056487858110575f,0.5413794992134981f,-1.8032669175604805f,-0.7526783061584423f,0f,0f,0f,1f],start_interpolation:0}
execute if entity @s[tag=aj.attack.bone.right_foot] run data modify entity @s {} merge value {transformation:[-1.0039444981023193f,0.026624625460881315f,0.5240875179291631f,-2.0212838429697872f,0.029267755774029725f,1.1324409060205518f,-0.0014646649118298407f,-7.007189932170581f,-0.5239465579637246f,0.012242389081383781f,-1.0042964107809733f,0.3956583630131292f,0f,0f,0f,1f],start_interpolation:0}
execute if entity @s[tag=aj.attack.bone.right_knee] run data modify entity @s {} merge value {transformation:[-2.7156760870735264f,0.08792845167339229f,1.5342539873375334f,-1.9941414273902944f,0.05774474150140596f,3.118873434634047f,-0.07653341584388174f,-3.0285716150924085f,-1.5356862489140597f,-0.03821526263309712f,-2.7160211079400547f,0.42768310502618045f,0f,0f,0f,1f],start_interpolation:0}
execute if entity @s[tag=aj.attack.bone.right_thigh] run data modify entity @s {} merge value {transformation:[-2.081405265986043f,0.9891731726017119f,0.6055368868822774f,-0.5317438700483625f,0.14561821782094805f,1.4570703863196053f,-1.8796615631526683f,-1.207076053796967f,-1.1506232317351612f,-1.6049513051678377f,-1.333260610186858f,-1.8231896182375003f,0f,0f,0f,1f],start_interpolation:0}
execute if entity @s[tag=aj.attack.bone.right_leg] run data modify entity @s {} merge value {transformation:[-1.0159479492402117f,0.00011502591754061908f,0.5102707149949169f,-0.5088616666666664f,0.1323223353154804f,1.0980618685436283f,0.26320597220600883f,-1.322458541666667f,-0.4928153968668623f,0.2945956058689454f,-0.9812608547126718f,-1.839343333333333f,0f,0f,0f,1f],start_interpolation:0}
execute if entity @s[tag=aj.attack.bone.left_foot] run data modify entity @s {} merge value {transformation:[-0.9583710361746304f,-0.3189481351262998f,-0.5129114899483357f,4.515227326354264f,-0.6034250793874476f,0.46394541653577415f,0.8389958143171513f,-5.8564468335305335f,-0.02615880325661754f,0.9830096082820875f,-0.5623957498392735f,-2.9420822863984193f,0f,0f,0f,1f],start_interpolation:0}
execute if entity @s[tag=aj.attack.bone.left_knee] run data modify entity @s {} merge value {transformation:[-2.39284930271623f,-1.483872880781557f,-1.3449746497050694f,2.6985068758188753f,-2.0005486558884984f,1.673767115650621f,1.7125630026854772f,-3.762684026477463f,-0.09295488201783796f,2.175589169954985f,-2.2348902598699123f,-0.08781353237013256f,0f,0f,0f,1f],start_interpolation:0}
execute if entity @s[tag=aj.attack.bone.left_thigh] run data modify entity @s {} merge value {transformation:[-1.9263624607506409f,-1.3608542687574507f,0.33851099990961186f,0.8132512652189263f,-1.4014904999693953f,1.8484492823045073f,-0.544468545728705f,-1.3423849012090903f,0.048357174759435274f,-0.6392943594284416f,-2.29485308324884f,-1.1417794420643987f,0f,0f,0f,1f],start_interpolation:0}
execute if entity @s[tag=aj.attack.bone.left_leg] run data modify entity @s {} merge value {transformation:[-1.0159479492402117f,0.00011502591754061908f,0.5102707149949169f,0.8161533333333335f,0.1323223353154804f,1.0980618685436283f,0.26320597220600883f,-1.4370418750000002f,-0.4928153968668623f,0.2945956058689454f,-0.9812608547126718f,-1.2351766666666666f,0f,0f,0f,1f],start_interpolation:0}