execute if entity @s[tag=aj.attack.bone.right_thumb_2] run data modify entity @s {} merge value {transformation:[-0.8021254072760196f,0.4372520348688167f,-0.40670073642096904f,-3.477968260842745f,0.5287037730573285f,0.20339249295018033f,-0.8240775534902374f,0.7583023564415832f,-0.27760971048798744f,-0.8760377570713433f,-0.39432308685668616f,-0.8947437833468217f,0f,0f,0f,1f],start_interpolation:0}
execute if entity @s[tag=aj.attack.bone.right_thumb] run data modify entity @s {} merge value {transformation:[-0.8021254072760196f,0.3804261845978105f,-0.4602941983934101f,-3.487301838719723f,0.5287037730573285f,0.0940887368263687f,-0.843575503412328f,0.8632950136558559f,-0.27760971048798744f,-0.9200126236496817f,-0.27660372551360324f,-1.1994144516851533f,0f,0f,0f,1f],start_interpolation:0}
execute if entity @s[tag=aj.attack.bone.right_fingers2] run data modify entity @s {} merge value {transformation:[0.754195403626427f,-0.5828640001989291f,-0.30242164343987205f,-3.6490774400571837f,-0.5595438850115368f,-0.3294203874086468f,-0.7605214323776368f,0.3442100411460426f,0.34365670936992665f,0.7427999499405205f,-0.5745853291491125f,-0.7210983059339015f,0f,0f,0f,1f],start_interpolation:0}
execute if entity @s[tag=aj.attack.bone.right_fingers] run data modify entity @s {} merge value {transformation:[-0.4430443289031105f,-0.8439507522396784f,-0.30242164343987205f,-4.0292387663917815f,-0.42157952747724853f,0.4938399061500872f,-0.7605214323776368f,0.5907638399343664f,0.7911905109636064f,-0.20944993408390827f,-0.5745853291491125f,-0.861487263044429f,0f,0f,0f,1f],start_interpolation:0}
execute if entity @s[tag=aj.attack.locator_origin.right_hand] at @s on origin run tp @s ^-3.89366 ^0.47291 ^-0.78765 ~-27.75919 ~-49.51019
execute if entity @s[tag=aj.attack.bone.right_hand] run data modify entity @s {} merge value {transformation:[-0.8021254072760196f,0.5149135661267883f,-0.30242164343987205f,-3.7251670075271552f,0.5287037730573285f,0.3769343062779136f,-0.7605214323776368f,0.8673278807647136f,-0.27760971048798744f,-0.7699250276289126f,-0.5745853291491125f,-1.4384960112609995f,0f,0f,0f,1f],start_interpolation:0}
execute if entity @s[tag=aj.attack.bone.right_forearm] run data modify entity @s {} merge value {transformation:[-1.207462770896971f,0.7751144094029996f,-0.4552441205013063f,-2.571148790805621f,0.7958732101099106f,0.5674102051574096f,-1.1448350940331675f,1.6669816633975907f,-0.41789399414745665f,-1.158990600236441f,-0.8649400547069258f,-3.0948451687377396f,0f,0f,0f,1f],start_interpolation:0}
execute if entity @s[tag=aj.attack.bone.right_bicep] run data modify entity @s {} merge value {transformation:[-0.6537094696673046f,0.6803501393960573f,1.2659746344755491f,-1.4903870194644802f,1.2123301103818653f,1.0079946823891381f,0.08430054437047303f,3.0573346078730164f,-0.7718962305732742f,1.0069630411010273f,-0.9397370914930332f,-1.6144520161825142f,0f,0f,0f,1f],start_interpolation:0}
execute if entity @s[tag=aj.attack.bone.right_shoulder] run data modify entity @s {} merge value {transformation:[-0.7051062047317567f,-0.3123446623652744f,0.6366050988962473f,-1.3857193393531164f,0.06873332524641756f,0.863430326993198f,0.49976374461238127f,3.2133025929582275f,-0.7057626867788833f,0.3961425025421306f,-0.5873415936491386f,-1.2618818502799238f,0f,0f,0f,1f],start_interpolation:0}
execute if entity @s[tag=aj.attack.bone.left_thumb_2] run data modify entity @s {} merge value {transformation:[-0.5938928955085631f,0.6434085931030827f,0.48302858195511217f,1.9544521072344871f,-0.804535687967354f,-0.47768945369909166f,-0.35289532812373736f,3.3731141050062163f,0.0036817728544395467f,-0.5981957607220023f,0.8013415479075531f,4.457477415582289f,0f,0f,0f,1f],start_interpolation:0}
execute if entity @s[tag=aj.attack.bone.left_thumb] run data modify entity @s {} merge value {transformation:[-0.5938928955085631f,0.6830589439846061f,0.42511375854833194f,2.23788092494591f,-0.804535687967354f,-0.5066285555441803f,-0.3099190757183466f,3.3466301552376745f,0.0036817728544395467f,-0.5260779274497762f,0.8504283972203635f,4.306145014603559f,0f,0f,0f,1f],start_interpolation:0}
execute if entity @s[tag=aj.attack.bone.left_fingers2] run data modify entity @s {} merge value {transformation:[0.7369740667617553f,-0.05148845775144972f,0.6739570933219835f,1.8781508960395694f,0.5022054125250371f,0.7090642410386532f,-0.49499255116702157f,3.2763429838325573f,-0.4523924718109233f,0.7032615735262779f,0.5484197394789385f,4.992694387775197f,0f,0f,0f,1f],start_interpolation:0}
execute if entity @s[tag=aj.attack.bone.left_fingers] run data modify entity @s {} merge value {transformation:[0.41307734579531497f,0.6124940348702841f,0.6739570933219835f,2.191968480902165f,-0.3629649393920875f,0.7894547656840525f,-0.49499255116702157f,3.628033962790182f,-0.8352386240846361f,-0.04015258630595605f,0.5484197394789385f,4.939286075998369f,0f,0f,0f,1f],start_interpolation:0}
execute if entity @s[tag=aj.attack.bone.left_hand] run data modify entity @s {} merge value {transformation:[-0.5938928955085631f,0.43940080225852796f,0.6739570933219835f,2.5586086301250397f,-0.804535687967354f,-0.32818394396444867f,-0.49499255116702157f,3.4324460526805276f,0.0036817728544395467f,-0.8361950932040331f,0.5484197394789385f,4.365520645587425f,0f,0f,0f,1f],start_interpolation:0}
execute if entity @s[tag=aj.attack.bone.left_forearm] run data modify entity @s {} merge value {transformation:[-0.8940042974851592f,0.6614428434964948f,1.0145272696594705f,3.4832598297679747f,-1.2110910367214907f,-0.49402486288138364f,-0.7451267245544602f,2.6880335315653805f,0.005542280062829439f,-1.258748862823583f,0.8255522294133811f,2.547398838478783f,0f,0f,0f,1f],start_interpolation:0}
execute if entity @s[tag=aj.attack.bone.left_bicep] run data modify entity @s {} merge value {transformation:[-0.271465488638486f,-0.9975817293754758f,1.1933320324783654f,1.9335925692064682f,-1.5551314617485719f,0.1957895948021471f,-0.19009663145728226f,2.8008073881714686f,-0.0278708306740718f,-1.2080568222678478f,-1.016231316686359f,0.7392325575216209f,0f,0f,0f,1f],start_interpolation:0}
execute if entity @s[tag=aj.attack.bone.left_shoulder] run data modify entity @s {} merge value {transformation:[-0.5767982325420841f,-0.2717644053948513f,0.7703557015409899f,1.724061879849187f,-0.17338382661090412f,0.9622807917668212f,0.20965144041093423f,2.9900918321668852f,-0.7982742934644005f,-0.012640639105775425f,-0.6021614124442961f,0.5370784467674145f,0f,0f,0f,1f],start_interpolation:0}
execute if entity @s[tag=aj.attack.bone.weist] run data modify entity @s {} merge value {transformation:[-1.7286801892662145f,-1.2540116490248016e-8f,1.1733404725893934f,-0.03446624683053231f,0.30368276921765136f,2.018083109707565f,0.4474152426673913f,0.2772458023224702f,-1.1333598900157886f,0.5407435840496139f,-1.6697768705399996f,-0.7540582105843711f,0f,0f,0f,1f],start_interpolation:0}
execute if entity @s[tag=aj.attack.bone.right_foot] run data modify entity @s {} merge value {transformation:[-0.9495692240409416f,-0.05969163850786367f,0.614846606436541f,-2.048084470211537f,0.03145947041744779f,1.1213829209914163f,0.15745411595068912f,-7.2193142512458754f,-0.6169357688409208f,0.14905839527180548f,-0.9383245730149329f,0.032583148054080135f,0f,0f,0f,1f],start_interpolation:0}
execute if entity @s[tag=aj.attack.bone.right_knee] run data modify entity @s {} merge value {transformation:[-2.5573897450693246f,0.09794825537952367f,1.785140653074748f,-2.0154482873264747f,0.06367282037173265f,3.1186736139665983f,-0.07989982272948593f,-3.24076460776116f,-1.786691574933385f,-0.02905768391324213f,-2.5580172374801213f,0.06784816909173408f,0f,0f,0f,1f],start_interpolation:0}
execute if entity @s[tag=aj.attack.bone.right_thigh] run data modify entity @s {} merge value {transformation:[-1.9682685338786925f,1.0530544959071757f,0.8332956109551701f,-0.4514597034479176f,0.14731255489059725f,1.6389546610389956f,-1.7232274946374904f,-1.1594717099440948f,-1.334767529481846f,-1.371965821641589f,-1.418975614495433f,-1.8673624899490027f,0f,0f,0f,1f],start_interpolation:0}
execute if entity @s[tag=aj.attack.bone.right_leg] run data modify entity @s {} merge value {transformation:[-0.9404554742937228f,0.00101925804954742f,0.6388027186555921f,-0.43073666666666643f,0.16774390161858932f,1.0973893137426003f,0.2452042596104241f,-1.2755835416666668f,-0.6163861904021861f,0.29708939155471653f,-0.9079275351507444f,-1.88101f,0f,0f,0f,1f],start_interpolation:0}
execute if entity @s[tag=aj.attack.bone.left_foot] run data modify entity @s {} merge value {transformation:[-0.9787359640409444f,-0.5663669986615055f,0.06771623084609374f,3.3709229597565074f,-0.4750230919657482f,0.8837654246574456f,0.5259209909096094f,-6.349836712728425f,-0.31576910423938487f,0.425990902962966f,-1.0010508357724164f,0.7836420667492312f,0f,0f,0f,1f],start_interpolation:0}
execute if entity @s[tag=aj.attack.bone.left_knee] run data modify entity @s {} merge value {transformation:[-2.5606925108278222f,-1.7696003952050867f,0.21893292684765037f,1.135672625839984f,-1.652091800630358f,2.498749340785236f,0.8737320724301385f,-3.178258113676338f,-0.6708277479785838f,0.6011068901560884f,-2.987511332083383f,1.6645002520295378f,0f,0f,0f,1f],start_interpolation:0}
execute if entity @s[tag=aj.attack.bone.left_thigh] run data modify entity @s {} merge value {transformation:[-2.055416753631641f,-0.301622718137642f,1.166907054069891f,0.7526920015928971f,-1.0884918037845248f,1.455110464365285f,-1.5411766600987054f,-1.3631739172692083f,-0.5175267432980848f,-1.862542251988488f,-1.393014284770035f,-0.9966415918554306f,0f,0f,0f,1f],start_interpolation:0}
execute if entity @s[tag=aj.attack.bone.left_leg] run data modify entity @s {} merge value {transformation:[-0.9404554742937228f,0.00101925804954742f,0.6388027186555921f,0.7640700000000001f,0.16774390161858932f,1.0973893137426003f,0.2452042596104241f,-1.4578752083333333f,-0.6163861904021861f,0.29708939155471653f,-0.9079275351507444f,-1.089343333333333f,0f,0f,0f,1f],start_interpolation:0}