execute if entity @s[tag=aj.attack.bone.right_thumb_2] run data modify entity @s {} merge value {transformation:[-0.605095847478878f,0.6781039178996237f,-0.41717393481975595f,-4.482961994584953f,0.7742605270748387f,0.3791719765598095f,-0.5067043007568812f,0.5192831343983175f,-0.18541750612499025f,-0.6296059789431061f,-0.7544644853811755f,-1.4560037848886678f,0f,0f,0f,1f],start_interpolation:0}
execute if entity @s[tag=aj.attack.bone.right_thumb] run data modify entity @s {} merge value {transformation:[-0.605095847478878f,0.6178505196735514f,-0.5021152763090764f,-4.395166048505577f,0.7742605270748387f,0.30978992477785455f,-0.5518612495183222f,0.7223402984087163f,-0.18541750612499025f,-0.7226969889554357f,-0.6658298660897811f,-1.6905127397000062f,0f,0f,0f,1f],start_interpolation:0}
execute if entity @s[tag=aj.attack.bone.right_fingers2] run data modify entity @s {} merge value {transformation:[0.5372239954086633f,-0.8021978742987863f,-0.2605166966389296f,-4.75819207862894f,-0.8131363483320171f,-0.41054772561342145f,-0.41262554939668833f,0.1272570343188809f,0.22405280131795796f,0.43350794163908285f,-0.8728523396070041f,-1.4943115689262276f,0f,0f,0f,1f],start_interpolation:0}
execute if entity @s[tag=aj.attack.bone.right_fingers] run data modify entity @s {} merge value {transformation:[-0.6967227182576957f,-0.6683625547829163f,-0.2605166966389296f,-5.043316897558139f,-0.5455102282482234f,0.7294921156953322f,-0.41262554939668833f,0.4936390290406364f,0.4658283425685669f,-0.14537107175226005f,-0.8728523396070041f,-1.5917207091047285f,0f,0f,0f,1f],start_interpolation:0}
execute if entity @s[tag=aj.attack.locator_origin.right_hand] at @s on origin run tp @s ^-4.95269 ^0.32766 ^-1.54742 ~-16.61857 ~-24.36987
execute if entity @s[tag=aj.attack.bone.right_hand] run data modify entity @s {} merge value {transformation:[-0.605095847478878f,0.752323112855213f,-0.2605166966389296f,-4.558314574019486f,0.7742605270748387f,0.4798549699637107f,-0.41262554939668833f,0.8682926582446304f,-0.18541750612499025f,-0.45138580135508033f,-0.8728523396070041f,-1.9470991032485976f,0f,0f,0f,1f],start_interpolation:0}
execute if entity @s[tag=aj.attack.bone.right_forearm] run data modify entity @s {} merge value {transformation:[-0.9108684278388397f,1.1324939245384102f,-0.39216338185423266f,-2.8976174553073917f,1.1655169540044608f,0.7223396820563308f,-0.6211372744186923f,1.878908662270826f,-0.27911437998054306f,-0.6794842121990085f,-1.3139300850036617f,-2.9142790866982105f,0f,0f,0f,1f],start_interpolation:0}
execute if entity @s[tag=aj.attack.bone.right_bicep] run data modify entity @s {} merge value {transformation:[-0.3576282200583919f,0.7441396866479129f,1.3458314682819148f,-1.7404518092202057f,1.3740863682930962f,0.7750919829253219f,-0.06342892495088912f,2.9141576050043723f,-0.6905743021090481f,1.156889235322415f,-0.8231759158929288f,-1.2166576634058952f,0f,0f,0f,1f],start_interpolation:0}
execute if entity @s[tag=aj.attack.bone.right_shoulder] run data modify entity @s {} merge value {transformation:[-0.7833353067576809f,-0.38337822245417763f,0.48929228047734874f,-1.6193412146117576f,-0.08935908581503367f,0.8484277054585952f,0.521713889399702f,3.114439424854767f,-0.6151428703717137f,0.3649541987128495f,-0.698861704397022f,-0.8929193832674205f,0f,0f,0f,1f],start_interpolation:0}
execute if entity @s[tag=aj.attack.bone.right_arm] run data modify entity @s {} merge value {transformation:[-1.4072223202508478f,-8.779446530437999e-9f,0.3990883147742897f,-1.2616918674711148f,0.10329162067733386f,1.4128778444311878f,0.364215841795621f,3.202286916155616f,-0.38548971982042846f,0.37857936858344904f,-1.3592724080173504f,-0.773150962853584f,0f,0f,0f,1f],start_interpolation:0}
execute if entity @s[tag=aj.attack.bone.left_thumb_2] run data modify entity @s {} merge value {transformation:[-0.5016569166392167f,0.1945357812928475f,0.8429093473113317f,4.256341318979432f,-0.8248037457880092f,-0.40136799370496345f,-0.39824931206886194f,3.804505985150189f,0.2608430925328542f,-0.8950193089682666f,0.3618028712598381f,3.174290221010556f,0f,0f,0f,1f],start_interpolation:0}
execute if entity @s[tag=aj.attack.bone.left_thumb] run data modify entity @s {} merge value {transformation:[-0.5016569166392167f,0.2672599041469329f,0.8227469122539482f,4.406978337774365f,-0.8248037457880092f,-0.4345503819047113f,-0.36175232759519177f,3.8016727961621664f,0.2608430925328542f,-0.8600802923110386f,0.43843217475004614f,2.889272236491407f,0f,0f,0f,1f],start_interpolation:0}
execute if entity @s[tag=aj.attack.bone.left_fingers2] run data modify entity @s {} merge value {transformation:[0.36641441719885776f,0.35850785773669724f,0.8586108494596755f,4.489958526766771f,0.5661683340709692f,0.6463846437763269f,-0.5115078785174817f,3.6612150783368427f,-0.7383724618132267f,0.6735421354534513f,0.033868855969456324f,3.650246572262033f,0f,0f,0f,1f],start_interpolation:0}
execute if entity @s[tag=aj.attack.bone.left_fingers] run data modify entity @s {} merge value {transformation:[-0.1272697036568884f,0.49657812247542915f,0.8586108494596755f,4.725390356864353f,-0.2767013550909693f,0.8135084820119375f,-0.5115078785174817f,4.028144083014875f,-0.9524908307285216f,-0.30267824165838386f,0.033868855969456324f,3.4632828647706932f,0f,0f,0f,1f],start_interpolation:0}
execute if entity @s[tag=aj.attack.bone.left_hand] run data modify entity @s {} merge value {transformation:[-0.5016569166392167f,-0.10548813761825745f,0.8586108494596755f,4.707481694380409f,-0.8248037457880092f,-0.24095325511105795f,-0.5115078785174817f,3.8948436495030516f,0.2608430925328542f,-0.9647869099823115f,0.033868855969456324f,2.767727925911449f,0f,0f,0f,1f],start_interpolation:0}
execute if entity @s[tag=aj.attack.bone.left_forearm] run data modify entity @s {} merge value {transformation:[-0.7551587882770818f,-0.1587943702941102f,1.2924919545080924f,4.4522007852151955f,-1.2416011353106093f,-0.36271396272194967f,-0.7699877285121555f,3.3390172633236146f,0.39265471511323774f,-1.4523218752145817f,0.05098377673245506f,0.6843207564122621f,0f,0f,0f,1f],start_interpolation:0}
execute if entity @s[tag=aj.attack.bone.left_bicep] run data modify entity @s {} merge value {transformation:[0.08474608370976275f,-1.5311159737064788f,0.3760400702068371f,2.1525812302049827f,-1.5679895152879029f,-0.12119300120591896f,-0.14009030819565618f,2.9724718676684994f,0.1647153280284189f,-0.36592388493238226f,-1.527047061878882f,0.173393916327368f,0f,0f,0f,1f],start_interpolation:0}
execute if entity @s[tag=aj.attack.bone.left_shoulder] run data modify entity @s {} merge value {transformation:[-0.8935988377116996f,-0.39074607640866704f,0.22090409912795078f,1.8352854071093343f,-0.37053077603431145f,0.9199133773523706f,0.1283211680883784f,3.102347603723573f,-0.25335362885048707f,0.03281587937854255f,-0.9668169717215882f,0.11813408601435002f,0f,0f,0f,1f],start_interpolation:0}
execute if entity @s[tag=aj.attack.bone.left_arm] run data modify entity @s {} merge value {transformation:[-1.4072223202508478f,-8.779446530437999e-9f,0.3990883147742897f,1.482087105464953f,0.10329162067733386f,1.4128778444311878f,0.364215841795621f,2.9405202449658225f,-0.38548971982042846f,0.37857936858344904f,-1.3592724080173504f,-0.0377056231082645f,0f,0f,0f,1f],start_interpolation:0}
execute if entity @s[tag=aj.attack.bone.chest] run data modify entity @s {} merge value {transformation:[-1.9870964070250796f,-1.2397192970327775e-8f,0.5635406324654674f,0.03446624292913973f,0.14585499772853244f,1.9950824029952074f,0.5142982599115418f,3.811685996856472f,-0.5443384646313256f,0.5345805650324652f,-1.9193877749594899f,0.0693855447766017f,0f,0f,0f,1f],start_interpolation:0}
execute if entity @s[tag=aj.attack.bone.weist] run data modify entity @s {} merge value {transformation:[-1.8532079869717837f,-1.2540116490248016e-8f,0.964719243304375f,-0.03446624683053231f,0.249687635626961f,2.018083109707565f,0.4796453985037695f,0.2772458023224702f,-0.9318472530499751f,0.5407435840496139f,-1.7900614890752138f,-0.7540582105843711f,0f,0f,0f,1f],start_interpolation:0}
execute if entity @s[tag=aj.attack.bone.right_foot] run data modify entity @s {} merge value {transformation:[-1.0281851998121256f,-0.023989279804021244f,0.47491142515397944f,-0.9351388024504543f,-0.009155888493930422f,1.1321665274531758f,0.03736677963786232f,-7.060468947325579f,-0.47542877173472164f,0.030076917546554463f,-1.0277859769610167f,-1.4341603092924597f,0f,0f,0f,1f],start_interpolation:0}
execute if entity @s[tag=aj.attack.bone.right_knee] run data modify entity @s {} merge value {transformation:[-2.786964108449032f,-0.4996327598712201f,1.3113967682048533f,-1.6496617020927773f,0.09017690591570456f,2.846100695872843f,1.2759867847158002f,-3.4777596408130007f,-1.4004508217121139f,1.1775573253109008f,-2.527579783458927f,0.14216994123543603f,0f,0f,0f,1f],start_interpolation:0}
execute if entity @s[tag=aj.attack.bone.right_thigh] run data modify entity @s {} merge value {transformation:[-2.1250125992875977f,0.7273438263139018f,0.7954110756309999f,-0.5260536486952804f,0.035001298665900855f,1.8040395831584863f,-1.5561498833767586f,-1.1548359990517156f,-1.0772570398958232f,-1.3761535193301841f,-1.619600299232647f,-1.823640682593286f,0f,0f,0f,1f],start_interpolation:0}
execute if entity @s[tag=aj.attack.bone.right_leg] run data modify entity @s {} merge value {transformation:[-1.0005823746066604f,0.0006437672756301462f,0.5397786106988398f,-0.5036533333333331f,0.14126122850912418f,1.0975826803351296f,0.26054553637747113f,-1.2703752083333333f,-0.5209670127026929f,0.2963752634243046f,-0.9660649700116366f,-1.839343333333333f,0f,0f,0f,1f],start_interpolation:0}
execute if entity @s[tag=aj.attack.bone.left_foot] run data modify entity @s {} merge value {transformation:[-1.0990472049273874f,-0.10018776774150243f,0.2556145632319733f,1.3769188960892578f,-0.09393381322662267f,1.128267452102416f,0.038342504600366915f,-6.359840182082804f,-0.2579783565999359f,0.016003753350322048f,-1.1029379854754748f,1.6950969053196818f,0f,0f,0f,1f],start_interpolation:0}
execute if entity @s[tag=aj.attack.bone.left_knee] run data modify entity @s {} merge value {transformation:[-3.0137841914339325f,-0.6953221377738126f,0.41254732136126f,0.5089315452510977f,-0.676737632982108f,3.0406887624907406f,0.1811114185966241f,-2.483337999776601f,-0.4423735341840305f,0.08545346430638613f,-3.0876474348392406f,1.9198073794294859f,0f,0f,0f,1f],start_interpolation:0}
execute if entity @s[tag=aj.attack.bone.left_thigh] run data modify entity @s {} merge value {transformation:[-2.3271186385662874f,0.2404488790735689f,0.4517627105396117f,0.7950769033762614f,-0.3265935404346767f,0.9216077094149114f,-2.172869590504177f,-1.41922146221132f,-0.3940074484425087f,-2.1840810274675504f,-0.867141605548113f,-1.1312018864323201f,0f,0f,0f,1f],start_interpolation:0}
execute if entity @s[tag=aj.attack.bone.left_leg] run data modify entity @s {} merge value {transformation:[-1.008398344026468f,0.00023481622808219177f,0.5250325475661429f,0.7796950000000001f,0.13644033126293423f,1.0979508106787372f,0.26156166521977725f,-1.4630835416666668f,-0.5069943462676048f,0.2950091753980223f,-0.973885399141727f,-1.1726766666666666f,0f,0f,0f,1f],start_interpolation:0}