execute if entity @s[tag=aj.attack.bone.right_thumb_2] run data modify entity @s {} merge value {transformation:[-0.31917403297654007f,0.4670740871255188f,0.8246027733456601f,-2.1326123362928024f,-0.2499718013503267f,0.7978068675778756f,-0.5486513470094203f,-4.028692118802525f,-0.9141345826535411f,-0.3812427037746978f,-0.13788388453838557f,-2.4858022434996627f,0f,0f,0f,1f],start_interpolation:0}
execute if entity @s[tag=aj.attack.bone.right_thumb] run data modify entity @s {} merge value {transformation:[-0.31917403297654007f,0.5707104636603623f,0.756582780230997f,-2.0161328163659666f,-0.2499718013503267f,0.7193681480472789f,-0.6480922512302562f,-3.859390426786944f,-0.9141345826535411f,-0.3959785780109867f,-0.08694211035645379f,-2.7342056420450542f,0f,0f,0f,1f],start_interpolation:0}
execute if entity @s[tag=aj.attack.bone.right_fingers2] run data modify entity @s {} merge value {transformation:[0.29377150692715737f,-0.3042876405983707f,0.9061497301753304f,-1.9541784756963434f,0.17078561897882086f,-0.9160162107098039f,-0.3629691089705476f,-4.4323079059686314f,0.9404948559496583f,0.26138732466577075f,-0.21713150954272586f,-2.2956465116187954f,0f,0f,0f,1f],start_interpolation:0}
execute if entity @s[tag=aj.attack.bone.right_fingers] run data modify entity @s {} merge value {transformation:[-0.24865194077869887f,-0.34214745191242113f,0.9061497301753304f,-2.096725378742841f,-0.8724432546844884f,-0.32725554737645624f,-0.3629691089705476f,-4.549076152936056f,0.4207314817107508f,-0.880817193213878f,-0.21713150954272586f,-2.7327575111921556f,0f,0f,0f,1f],start_interpolation:0}
execute if entity @s[tag=aj.attack.locator_origin.right_hand] at @s on origin run tp @s ^-2.03869 ^-4.53169 ^-2.54822 ~76.52486 ~-21.28265
execute if entity @s[tag=aj.attack.bone.right_hand] run data modify entity @s {} merge value {transformation:[-0.31917403297654007f,0.2775258603746083f,0.9061497301753304f,-1.8944935443682585f,-0.2499718013503267f,0.8976455450024803f,-0.3629691089705476f,-3.9424127315144757f,-0.9141345826535411f,-0.34236219470107093f,-0.21713150954272586f,-3.0376315458563825f,0f,0f,0f,1f],start_interpolation:0}
execute if entity @s[tag=aj.attack.bone.right_forearm] run data modify entity @s {} merge value {transformation:[-0.4804619810822144f,0.4177677721261589f,1.3640536182000553f,-1.2831953350730914f,-0.37628984341685295f,1.3512520202206297f,-0.5463879863323772f,-1.9809723708394533f,-1.3760734495270364f,-0.5153677972475343f,-0.326854394317027f,-3.740314233067109f,0f,0f,0f,1f],start_interpolation:0}
execute if entity @s[tag=aj.attack.bone.right_bicep] run data modify entity @s {} merge value {transformation:[-1.103152102871775f,-0.21616193285135435f,1.1087080836541203f,-1.4834047514889754f,0.9340978728878232f,0.696819077138586f,1.0652739063952603f,-0.9880658969618287f,-0.635154122902835f,1.4002218933319606f,-0.3589736029819392f,-1.6747043651475537f,0f,0f,0f,1f],start_interpolation:0}
execute if entity @s[tag=aj.attack.bone.right_shoulder] run data modify entity @s {} merge value {transformation:[-0.7014829197511516f,-0.18236976055749318f,0.6889578969223027f,-1.308671859128709f,0.16375730917230313f,0.8995951521927811f,0.4048606005082412f,-0.8217628648483203f,-0.693617514910088f,0.3968246874697309f,-0.6011862526908816f,-1.3624664344708268f,0f,0f,0f,1f],start_interpolation:0}
execute if entity @s[tag=aj.attack.bone.right_arm] run data modify entity @s {} merge value {transformation:[-1.2102440202475113f,0.00011937874492724411f,0.8214959152700766f,-0.998408538129598f,0.21293451141228975f,1.4127726389483677f,0.3134940287948681f,-0.7618991933259133f,-0.7934194646631219f,0.37897176410537947f,-1.1689363099442611f,-1.1385742187935814f,0f,0f,0f,1f],start_interpolation:0}
execute if entity @s[tag=aj.attack.bone.left_thumb_2] run data modify entity @s {} merge value {transformation:[-0.3642118345601113f,0.9312423082261534f,-0.011726164589713636f,1.0200296596908953f,-0.8217165989347325f,-0.32725102466674405f,-0.4665711070026758f,-2.545915102213926f,-0.43832815401419783f,-0.1602951347489781f,0.8844059583552755f,2.6604140700804657f,0f,0f,0f,1f],start_interpolation:0}
execute if entity @s[tag=aj.attack.bone.left_thumb] run data modify entity @s {} merge value {transformation:[-0.3642118345601113f,0.9266766475092153f,-0.09284465804471792f,1.339390845570654f,-0.8217165989347325f,-0.3666700870935168f,-0.4362738569590998f,-2.52974743670639f,-0.43832815401419783f,-0.08260410517592542f,0.8950111682021576f,2.7014241839078594f,0f,0f,0f,1f],start_interpolation:0}
execute if entity @s[tag=aj.attack.bone.left_fingers2] run data modify entity @s {} merge value {transformation:[0.7795089919730049f,-0.5457278893359532f,0.3074846373953606f,0.668634277102611f,0.6135413684231614f,0.5662782038692782f,-0.5503598686823187f,-2.741879539426947f,0.1262248813295729f,0.6176650116555985f,0.7762455878842889f,3.0342629118464663f,0f,0f,0f,1f],start_interpolation:0}
execute if entity @s[tag=aj.attack.bone.left_fingers] run data modify entity @s {} merge value {transformation:[0.8623687117051008f,0.4022106448590457f,0.3074846373953606f,0.9011521554919238f,-0.1836406259486375f,0.8144815132617645f,-0.5503598686823187f,-2.3704714115372116f,-0.4718011504577732f,0.4181464596488855f,0.7762455878842889f,3.2159547052296293f,0f,0f,0f,1f],start_interpolation:0}
execute if entity @s[tag=aj.attack.bone.left_hand] run data modify entity @s {} merge value {transformation:[-0.3642118345601113f,0.8790921096973869f,0.3074846373953606f,1.5527313440126504f,-0.8217165989347325f,-0.14793865613529558f,-0.5503598686823187f,-2.4395193510057216f,-0.43832815401419783f,-0.4531128079062443f,0.7762455878842889f,2.9465788676351714f,0f,0f,0f,1f],start_interpolation:0}
execute if entity @s[tag=aj.attack.bone.left_forearm] run data modify entity @s {} merge value {transformation:[-0.5482586974085104f,1.3233229929140098f,0.46286559297316043f,3.4437946389427028f,-1.2369539631105888f,-0.2226963739579311f,-0.8284727624903311f,-2.7930759136178933f,-0.6598281548087309f,-0.6820839255315003f,1.1685051239385336f,1.939814684879206f,0f,0f,0f,1f],start_interpolation:0}
execute if entity @s[tag=aj.attack.bone.left_bicep] run data modify entity @s {} merge value {transformation:[-0.4610403820048277f,-1.020123950006839f,1.1134150397887266f,1.8387738029674239f,-1.2254851220947036f,0.9329715817746468f,0.34735342400772035f,-1.5387358081180669f,-0.8823446830631533f,-0.7627681903880118f,-1.0642164751810725f,0.7011900942140724f,0f,0f,0f,1f],start_interpolation:0}
execute if entity @s[tag=aj.attack.bone.left_shoulder] run data modify entity @s {} merge value {transformation:[-0.7090188213102211f,0.001902079836985697f,0.7051869915987949f,1.6623952707131973f,0.22135777254626704f,0.9500534737711002f,0.21999803069305104f,-1.2539525223537167f,-0.6695468972082689f,0.3120813661014692f,-0.6740268343107868f,0.6096090452731433f,0f,0f,0f,1f],start_interpolation:0}
execute if entity @s[tag=aj.attack.bone.left_arm] run data modify entity @s {} merge value {transformation:[-1.2102440202475113f,0.00011937874492724411f,0.8214959152700766f,1.3613002786979977f,0.21293451141228975f,1.4127726389483677f,0.3134940287948681f,-1.237441277177954f,-0.7934194646631219f,0.37897176410537947f,-1.1689363099442611f,0.39222907245476474f,0f,0f,0f,1f],start_interpolation:0}
execute if entity @s[tag=aj.attack.bone.chest] run data modify entity @s {} merge value {transformation:[-1.7089492610014396f,0.00016857114309969484f,1.1600097284755708f,0.025626427375786052f,0.3006784333008428f,1.9949338454901833f,0.44267550995855093f,-0.24982306952903954f,-1.120363815160927f,0.5351346549730098f,-1.65061988294596f,0.06574770090423537f,0f,0f,0f,1f],start_interpolation:0}
execute if entity @s[tag=aj.attack.bone.weist] run data modify entity @s {} merge value {transformation:[-1.9416418804659987f,0.00017051454925514083f,0.7714206636609028f,-0.025573378090540434f,0.2000183068333163f,2.0179328395276164f,0.5029938304445912f,-3.786291882291713f,-0.745038620696788f,0.541304061926915f,-1.875358746370792f,-0.7502459947835294f,0f,0f,0f,1f],start_interpolation:0}
execute if entity @s[tag=aj.attack.bone.right_foot] run data modify entity @s {} merge value {transformation:[-1.0011249464422858f,-0.0006226087861056657f,0.5301222560591381f,-2.0276566370080236f,0.0007347512152512816f,1.1328165010031497f,0.002718013177372057f,-10.998120264579212f,-0.5301221124906815f,0.0027458720436583026f,-1.0011214503920778f,0.6059146600712961f,0f,0f,0f,1f],start_interpolation:0}
execute if entity @s[tag=aj.attack.bone.right_knee] run data modify entity @s {} merge value {transformation:[-2.7070091312644036f,0.039857375372016016f,1.5514755148107784f,-2.0623080137809535f,-0.022328654055813378f,3.117994455765472f,-0.11906017470844084f,-7.019973057597389f,-1.5518267669546661f,-0.11439092456136113f,-2.7046832941989347f,0.5402633883021817f,0f,0f,0f,1f],start_interpolation:0}
execute if entity @s[tag=aj.attack.bone.right_thigh] run data modify entity @s {} merge value {transformation:[-2.0753845322183753f,0.9916536021309512f,0.6219232628338239f,-0.5954051258599493f,0.08529693029653454f,1.390728219022053f,-1.932869841076263f,-5.290940238637131f,-1.1674287323666266f,-1.6612900174987215f,-1.2468408080618767f,-1.779547410068768f,0f,0f,0f,1f],start_interpolation:0}
execute if entity @s[tag=aj.attack.bone.right_leg] run data modify entity @s {} merge value {transformation:[-1.0565586007364236f,0.00009278673651341672f,0.41977418450672915f,-0.5713616666666665f,0.10884142153894898f,1.0980728829353825f,0.27370776404248337f,-5.405791875f,-0.4054182032729275f,0.29455455611885634f,-1.0204901495371486f,-1.7976766666666666f,0f,0f,0f,1f],start_interpolation:0}
execute if entity @s[tag=aj.attack.bone.left_foot] run data modify entity @s {} merge value {transformation:[-1.0340019861052363f,-0.1646429931565816f,-0.43245084106158116f,3.3254074315817443f,-0.45983083776953604f,0.24722977654861633f,1.0053428224361518f,-9.470659115162514f,-0.05173630994373159f,1.0931840077462547f,-0.2924948407087604f,-5.248280294645962f,0f,0f,0f,1f],start_interpolation:0}
execute if entity @s[tag=aj.attack.bone.left_knee] run data modify entity @s {} merge value {transformation:[-2.6600777127486097f,-0.92003194252871f,-1.346881994475667f,2.230345179172537f,-1.600965760672406f,0.9795374940774045f,2.492785239652417f,-8.294161829832316f,-0.3121834644412284f,2.81613402426113f,-1.3070937082344427f,-1.608519477123251f,0f,0f,0f,1f],start_interpolation:0}
execute if entity @s[tag=aj.attack.bone.left_thigh] run data modify entity @s {} merge value {transformation:[-2.142351300374681f,-0.9713258621589982f,-0.37979381686441144f,0.8085683217537436f,-1.011935504994464f,2.1459277213413803f,0.21992525219863576f,-5.394466285734618f,0.2523961322186977f,0.35903572569329817f,-2.3419598434134974f,-1.3032375891583805f,0f,0f,0f,1f],start_interpolation:0}
execute if entity @s[tag=aj.attack.bone.left_leg] run data modify entity @s {} merge value {transformation:[-1.0565586007364236f,0.00009278673651341672f,0.41977418450672915f,0.8057366666666669f,0.10884142153894898f,1.0980728829353825f,0.27370776404248337f,-5.489125208333333f,-0.4054182032729275f,0.29455455611885634f,-1.0204901495371486f,-1.396635f,0f,0f,0f,1f],start_interpolation:0}