execute if entity @s[tag=aj.attack.bone.right_thumb_2] run data modify entity @s {} merge value {transformation:[-0.9886005737783891f,0.09312549797864576f,-0.11830700381325167f,-2.3265517055156324f,0.13010514385647853f,0.13293564622523033f,-0.9825480983161919f,0.5194421787980646f,-0.07577306293878155f,-0.9867399635106044f,-0.1435363624450814f,-0.0844704722953924f,0f,0f,0f,1f],start_interpolation:0}
execute if entity @s[tag=aj.attack.bone.right_thumb] run data modify entity @s {} merge value {transformation:[-0.9886005737783891f,0.07688663371309865f,-0.1294501876449289f,-2.450407751228802f,0.13010514385647853f,0.003550101397145955f,-0.9914938468402892f,0.5396601691599515f,-0.07577306293878155f,-0.9970335211698437f,-0.013512978818072896f,-0.3814312486559228f,0f,0f,0f,1f],start_interpolation:0}
execute if entity @s[tag=aj.attack.bone.right_fingers2] run data modify entity @s {} merge value {transformation:[0.9746828817582883f,-0.2022431809345343f,-0.09534660860690869f,-2.267626374291824f,-0.15945626595793483f,-0.3298043475063586f,-0.9304852452417809f,0.12479171068392754f,0.1567385697718025f,0.9221316544460371f,-0.3537035942911854f,0.1832651472655432f,0f,0f,0f,1f],start_interpolation:0}
execute if entity @s[tag=aj.attack.bone.right_fingers] run data modify entity @s {} merge value {transformation:[-0.02991874635770103f,-0.994994418498689f,-0.09534660860690869f,-2.7366445727229802f,-0.3524831684025633f,0.0997638430506406f,-0.9304852452417809f,0.18074158189617504f,0.9353397696074263f,0.00576912265623003f,-0.3537035942911854f,0.1395386053517259f,0f,0f,0f,1f],start_interpolation:0}
execute if entity @s[tag=aj.attack.locator_origin.right_hand] at @s on origin run tp @s ^-2.55153 ^0.13927 ^0.18119 ~-15.08642 ~-68.51058
execute if entity @s[tag=aj.attack.bone.right_hand] run data modify entity @s {} merge value {transformation:[-0.9886005737783891f,0.11652437406912114f,-0.09534660860690869f,-2.7190630836332326f,0.13010514385647853f,0.342446871688774f,-0.9304852452417809f,0.4031056898147817f,-0.07577306293878155f,-0.9322833315673789f,-0.3537035942911854f,-0.5328686324802594f,0f,0f,0f,1f],start_interpolation:0}
execute if entity @s[tag=aj.attack.bone.right_forearm] run data modify entity @s {} merge value {transformation:[-1.4881692778920113f,0.1754075389138251f,-0.14352803087873073f,-2.4230036977983707f,0.19585106778051967f,0.5154952639868693f,-1.4006865788154395f,1.1459824054421774f,-0.11406340168941695f,-1.4033932906055464f,-0.532440336841355f,-2.5515760836766583f,0f,0f,0f,1f],start_interpolation:0}
execute if entity @s[tag=aj.attack.bone.right_bicep] run data modify entity @s {} merge value {transformation:[-1.2146506046869538f,0.5310232451518959f,0.8576376738963895f,-1.5381439868676123f,0.7997684285653728f,1.325054481187024f,0.3122582914843161f,3.033394951943922f,-0.6147345176969768f,0.6746473842230319f,-1.2883541973220443f,-1.5782373070856588f,0f,0f,0f,1f],start_interpolation:0}
execute if entity @s[tag=aj.attack.bone.right_shoulder] run data modify entity @s {} merge value {transformation:[-0.7176654342725313f,-0.2955770922637879f,0.630547783264126f,-1.3857193393531164f,0.08884226273572504f,0.8591953662652789f,0.5038753565518655f,3.213302592958226f,-0.6906977463423603f,0.4176332184072016f,-0.5903550779661568f,-1.2618818502799238f,0f,0f,0f,1f],start_interpolation:0}
execute if entity @s[tag=aj.attack.bone.right_arm] run data modify entity @s {} merge value {transformation:[-1.2667515254626742f,-8.779446530438002e-9f,0.7313594973332551f,-1.0616959532651737f,0.1892897086097424f,1.4128778444311882f,0.32785933650192417f,3.279226701637727f,-0.7064390423483051f,0.37857936858344915f,-1.2235880363629459f,-1.0602942293074946f,0f,0f,0f,1f],start_interpolation:0}
execute if entity @s[tag=aj.attack.bone.left_thumb_2] run data modify entity @s {} merge value {transformation:[-0.5523634281449427f,0.7693924935200308f,0.320826797763211f,1.4507972708978818f,-0.8336033397729279f,-0.5099725426064801f,-0.21221092739749037f,3.4438511343449743f,0.0003393632090463172f,-0.3846598454511614f,0.9230583340884266f,4.086840099834996f,0f,0f,0f,1f],start_interpolation:0}
execute if entity @s[tag=aj.attack.bone.left_thumb] run data modify entity @s {} merge value {transformation:[-0.5523634281449427f,0.7944266206486478f,0.2525489807002524f,1.760018503503903f,-0.8336033397729279f,-0.5265273441134398f,-0.1669563650187327f,3.4159533147320835f,0.0003393632090463172f,-0.3027462639003444f,0.9530711329837851f,4.000014234696291f,0f,0f,0f,1f],start_interpolation:0}
execute if entity @s[tag=aj.attack.bone.left_fingers2] run data modify entity @s {} merge value {transformation:[0.7953646788927231f,-0.22043630126460095f,0.5646263053158769f,1.2698682881964976f,0.48456801261413057f,0.7908489349676474f,-0.37383392463997983f,3.4138286110574354f,-0.36412754457891217f,0.5709341460670577f,0.7358296896249924f,4.604534105363797f,0f,0f,0f,1f],start_interpolation:0}
execute if entity @s[tag=aj.attack.bone.left_fingers] run data modify entity @s {} merge value {transformation:[0.5885857762577859f,0.5785878665616504f,0.5646263053158769f,1.5749704576618075f,-0.4426112619307847f,0.8150726762689992f,-0.37383392463997983f,3.7748850848214635f,-0.6765072466715034f,-0.029876630789459666f,0.7358296896249924f,4.564893747688037f,0f,0f,0f,1f],start_interpolation:0}
execute if entity @s[tag=aj.attack.bone.left_hand] run data modify entity @s {} merge value {transformation:[-0.5523634281449427f,0.6132632212951541f,0.5646263053158769f,2.0584023740794435f,-0.8336033397729279f,-0.4066370232869738f,-0.37383392463997983f,3.529342831104466f,0.0003393632090463172f,-0.6771665620059811f,0.7358296896249924f,4.108945304806344f,0f,0f,0f,1f],start_interpolation:0}
execute if entity @s[tag=aj.attack.bone.left_forearm] run data modify entity @s {} merge value {transformation:[-0.8314887789865699f,0.9231630138595501f,0.849948445659228f,3.362875098271284f,-1.2548474207909321f,-0.6121225714003944f,-0.5627431102500304f,2.6127054116646917f,0.0005108533366710187f,-1.0193585764789954f,1.107665893491782f,2.6348952713270064f,0f,0f,0f,1f],start_interpolation:0}
execute if entity @s[tag=aj.attack.bone.left_bicep] run data modify entity @s {} merge value {transformation:[-0.35734000572748587f,-0.92020666433343f,1.2322467176939311f,1.9189700833345436f,-1.5376258702586514f,0.23870652454093724f,-0.267637882777003f,2.7931874759573128f,-0.030314377157550153f,-1.260612171963437f,-0.9501800610829618f,0.746452422551943f,0f,0f,0f,1f],start_interpolation:0}
execute if entity @s[tag=aj.attack.bone.left_shoulder] run data modify entity @s {} merge value {transformation:[-0.528908746056389f,-0.2606809147149037f,0.8076515331802814f,1.724061879849187f,-0.14587240719946984f,0.9654185608227401f,0.21607462423149387f,2.990091832166884f,-0.8360483115005317f,-0.003530314766465245f,-0.548644472964742f,0.5370784467674145f,0f,0f,0f,1f],start_interpolation:0}
execute if entity @s[tag=aj.attack.bone.left_arm] run data modify entity @s {} merge value {transformation:[-1.2667515254626742f,-8.779446530438002e-9f,0.7313594973332551f,1.408195370610574f,0.1892897086097424f,1.4128778444311882f,0.32785933650192417f,2.849782370739319f,-0.7064390423483051f,0.37857936858344915f,-1.2235880363629459f,0.3009328293155422f,0f,0f,0f,1f],start_interpolation:0}
execute if entity @s[tag=aj.attack.bone.chest] run data modify entity @s {} merge value {transformation:[-1.7887418132990647f,-1.2397192970327778e-8f,1.032730797743118f,0.03446624292913973f,0.26729031685497584f,1.995082402995208f,0.46296032986207003f,3.8116859968564714f,-0.9975413711334f,0.5345805650324653f,-1.7277919456978694f,0.06938554477660192f,0f,0f,0f,1f],start_interpolation:0}
execute if entity @s[tag=aj.attack.bone.weist] run data modify entity @s {} merge value {transformation:[-1.8093636812329679f,-1.2540116490248016e-8f,1.044636841401288f,-0.03446624683053231f,0.27037182675943117f,2.018083109707565f,0.4682976606663652f,0.27724580232247f,-1.0090417264452587f,0.5407435840496139f,-1.747711140886653f,-0.754058210584371f,0f,0f,0f,1f],start_interpolation:0}
execute if entity @s[tag=aj.attack.bone.right_foot] run data modify entity @s {} merge value {transformation:[-0.9851310803703276f,0.0229976772452287f,0.5588103557824564f,-1.9910327709395186f,0.022873828602885855f,1.1325715977318707f,-0.006286205224427529f,-7.026004282403311f,-0.5588154389898663f,0.005816807750141877f,-0.9853794306226213f,0.2520109174006218f,0f,0f,0f,1f],start_interpolation:0}
execute if entity @s[tag=aj.attack.bone.right_knee] run data modify entity @s {} merge value {transformation:[-2.660436444754034f,0.061799859645707375f,1.6293624584327635f,-2.00000418575243f,0.04096613880886661f,3.119653751665948f,-0.05143505969126681f,-3.0474773125370342f,-1.630019330889478f,-0.02246257425413172f,-2.6606570116913364f,0.3010891363715895f,0f,0f,0f,1f],start_interpolation:0}
execute if entity @s[tag=aj.attack.bone.right_thigh] run data modify entity @s {} merge value {transformation:[-2.0416587046445627f,1.0211214909957715f,0.6828813970376575f,-0.489219431913927f,0.1322819984046702f,1.4996148799748832f,-1.8469009320211054f,-1.1650684592562024f,-1.2212770261867687f,-1.5446204972189557f,-1.3416468659538967f,-1.8661549773659882f,0f,0f,0f,1f],start_interpolation:0}
execute if entity @s[tag=aj.attack.bone.right_leg] run data modify entity @s {} merge value {transformation:[-0.9845784531635652f,-6.82379591484106e-9f,0.5684467617497861f,-0.4671949999999998f,0.14712480289667804f,1.09815465355058f,0.2548275900203832f,-1.2807918750000002f,-0.5490774201480442f,0.2942495679911575f,-0.9510297733501104f,-1.88101f,0f,0f,0f,1f],start_interpolation:0}
execute if entity @s[tag=aj.attack.bone.left_foot] run data modify entity @s {} merge value {transformation:[-0.9474801511834288f,-0.40498591702839115f,-0.4706898368587326f,4.449133906113251f,-0.619279969629183f,0.5536256205540995f,0.7702416139641939f,-5.682973408696579f,-0.04533028490430384f,0.9015354855327448f,-0.6844414408813458f,-1.9954920206420372f,0f,0f,0f,1f],start_interpolation:0}
execute if entity @s[tag=aj.attack.bone.left_knee] run data modify entity @s {} merge value {transformation:[-2.3574214828713815f,-1.6096591099361304f,-1.2602082455189287f,2.468655155017014f,-2.040799780555587f,1.740669068181967f,1.5942931885122513f,-3.4992479568926504f,-0.11943001280473155f,2.028702064141485f,-2.367840308628796f,0.6766256929728514f,0f,0f,0f,1f],start_interpolation:0}
execute if entity @s[tag=aj.attack.bone.left_thigh] run data modify entity @s {} merge value {transformation:[-1.916466866208117f,-1.2316433603002015f,0.6982805681094896f,0.7885944257169676f,-1.4157587152849893f,1.677866237526797f,-0.9261633317653587f,-1.3422832075163473f,-0.012976088219502255f,-1.1598301125770705f,-2.081348625083847f,-1.0691634488432251f,0f,0f,0f,1f],start_interpolation:0}
execute if entity @s[tag=aj.attack.bone.left_leg] run data modify entity @s {} merge value {transformation:[-0.9845784531635652f,-6.82379591484106e-9f,0.5684467617497861f,0.7953200000000001f,0.14712480289667804f,1.09815465355058f,0.2548275900203832f,-1.4370418750000002f,-0.5490774201480442f,0.2942495679911575f,-0.9510297733501104f,-1.16226f,0f,0f,0f,1f],start_interpolation:0}