# This file was generated by Animated Java via MC-Build. It is not recommended to edit this file directly.
$data merge entity $(bone_neck) { transformation: [-1.1874641548981026f,-0.0997550264380859f,-0.167508572732031f,0.07632247613144783f,-0.1000066648636593f,1.1991884555416221f,-0.005198219387206434f,3.71456086286954f,0.16735846026189727f,0.00879142777292637f,-1.191635499212209f,-0.5556501479023178f,0f,0f,0f,1f], start_interpolation: 0, interpolation_duration: 1 }
$data merge entity $(bone_right_thumb_2) { transformation: [-0.8796050130073012f,-0.06396333313455327f,0.4713848885006216f,-1.5460300987168725f,-0.16007551195068453f,-0.8933327191334817f,-0.4199196154019319f,2.5458134230503062f,0.44796300245238074f,-0.4448205761201904f,0.7755409747356681f,2.3675614574690678f,0f,0f,0f,1f], start_interpolation: 0, interpolation_duration: 1 }
$data merge entity $(bone_right_thumb) { transformation: [-0.8796050130073012f,-0.06396333313455327f,0.4713848885006216f,-1.7775487490853696f,-0.16007551195068453f,-0.8933327191334817f,-0.4199196154019319f,2.254714409468531f,0.44796300245238074f,-0.4448205761201904f,0.7755409747356681f,2.2962337720992183f,0f,0f,0f,1f], start_interpolation: 0, interpolation_duration: 1 }
$data merge entity $(bone_right_fingers_2) { transformation: [0.8691135885849186f,0.2594861748999857f,0.4210801529077549f,-1.2568773601982157f,0.1295711632926187f,0.7021573099681209f,-0.7001331485519947f,2.6706733047006406f,-0.47733938008511495f,0.6630550784769736f,0.5766325338773839f,2.7985711896431353f,0f,0f,0f,1f], start_interpolation: 0, interpolation_duration: 1 }
$data merge entity $(bone_right_fingers) { transformation: [0.14382414737744315f,-0.895547943696111f,0.4210801529077549f,-1.6412142543569066f,0.6792378262778433f,-0.2201125840383067f,-0.7001331485519947f,2.599569911611455f,0.719687842042994f,0.38670962089098093f,0.5766325338773839f,3.0075384063798074f,0f,0f,0f,1f], start_interpolation: 0, interpolation_duration: 1 }
$data merge entity $(bone_right_hand) { transformation: [-0.8569677570494776f,-0.2971494038438731f,0.4210801529077549f,-1.8514410181280125f,-0.09882016856088097f,-0.7071408265573905f,-0.7001331485519947f,2.0487231182460364f,0.5058071150776615f,-0.6416027456385774f,0.5766325338773839f,2.477305738238894f,0f,0f,0f,1f], start_interpolation: 0, interpolation_duration: 1 }
$data merge entity $(bone_right_forearm) { transformation: [-1.8060614367788903f,-0.2474186347921323f,-0.061275340645921085f,-2.1356877339060585f,0.2063751287158958f,-1.1620573390908053f,-1.3906331682173418f,0.2733396843103266f,0.14959931303710491f,-1.3839202727961972f,1.178648923859871f,0.48258687558647556f,0f,0f,0f,1f], start_interpolation: 0, interpolation_duration: 1 }
$data merge entity $(bone_right_bicep) { transformation: [-1.5687936045395006f,0.16256662383017564f,-0.15031059528830648f,-1.8753797057389547f,0.17926299486408354f,1.5638915660194217f,-0.17956197896321993f,2.715510875862964f,0.1299459922884369f,-0.19480713137174008f,-1.5669393021232167f,0.19842132472510554f,0f,0f,0f,1f], start_interpolation: 0, interpolation_duration: 1 }
$data merge entity $(bone_right_shoulder) { transformation: [-1.0085292609562344f,0.017355502902750182f,-0.09476547356977687f,-1.4251604269535172f,0.026913403329450282f,1.007625046213104f,-0.10188431494644565f,2.926029843435965f,0.09250609268117313f,-0.10394003766534246f,-1.0035198403887338f,0.1553294578431622f,0f,0f,0f,1f], start_interpolation: 0, interpolation_duration: 1 }
$data merge entity $(bone_right_arm) { transformation: [-1.248015048227762f,-0.25804078509671985f,-0.3783268744485041f,-1.3811374921929331f,-0.26510106892889557f,1.3026069263707147f,-0.013944530470609335f,3.096815539728248f,0.37341356959283467f,0.06235366792705305f,-1.2743359672575474f,0.1464526445384292f,0f,0f,0f,1f], start_interpolation: 0, interpolation_duration: 1 }
$data merge entity $(bone_left_thumb_2) { transformation: [0.21653853384724925f,-0.28495468889796144f,0.9337622227496405f,4.696158424953608f,-0.37790203811276935f,-0.9063583106060766f,-0.1889567738545333f,7.459872333047391f,0.9001672694280203f,-0.3119542243188326f,-0.3039464574232399f,-2.5513409405346734f,0f,0f,0f,1f], start_interpolation: 0, interpolation_duration: 1 }
$data merge entity $(bone_left_thumb) { transformation: [0.21653853384724925f,-0.28495468889796144f,0.9337622227496405f,4.522109654737129f,-0.37790203811276935f,-0.9063583106060766f,-0.1889567738545333f,7.272465516490939f,0.9001672694280203f,-0.3119542243188326f,-0.3039464574232399f,-2.8306487824783986f,0f,0f,0f,1f], start_interpolation: 0, interpolation_duration: 1 }
$data merge entity $(bone_left_fingers_2) { transformation: [-0.19072195472279702f,0.5960217631457183f,0.7799892267482826f,5.195879342909129f,0.4118739223772282f,0.7698382206264298f,-0.4875540853365179f,7.641786276897601f,-0.8910583639988523f,0.22826995404433076f,-0.3923108716672117f,-2.504918891270457f,0f,0f,0f,1f], start_interpolation: 0, interpolation_duration: 1 }
$data merge entity $(bone_left_fingers) { transformation: [-0.5660285038150492f,-0.2668867531847775f,0.7799892267482826f,5.1113604801933725f,-0.8170124826918682f,0.3078662323109511f,-0.4875540853365179f,7.811583119006777f,-0.11001061764468911f,-0.9132304440704692f,-0.3923108716672117f,-2.905497763212053f,0f,0f,0f,1f], start_interpolation: 0, interpolation_duration: 1 }
$data merge entity $(bone_left_hand) { transformation: [0.16454232551760198f,-0.6037736573169411f,0.7799892267482826f,4.631871603994973f,-0.4450617812210598f,-0.7511398170567237f,-0.4875540853365179f,7.205775091516827f,0.8802532783293661f,-0.2669201115729502f,-0.3923108716672117f,-3.0839948661610945f,0f,0f,0f,1f], start_interpolation: 0, interpolation_duration: 1 }
$data merge entity $(bone_left_forearm) { transformation: [0.6266627015506824f,-0.9540103953431124f,1.4226688250242865f,3.3148308592091156f,-0.34716848256282057f,-1.5541832459333318f,-0.8892789463428596f,4.867525291690712f,1.677377853923717f,0.03474428400350451f,-0.7155591740232642f,-2.9856209665110462f,0f,0f,0f,1f], start_interpolation: 0, interpolation_duration: 1 }
$data merge entity $(bone_left_bicep) { transformation: [1.1394011263171835f,-0.954953012216405f,-0.5476900343163578f,1.835135603623484f,-1.0067186622265218f,-0.5849197790433847f,-1.0744863624505367f,3.9656308826289015f,0.4454404161675059f,1.1207444634822685f,-1.027447925250651f,-1.2221587797390598f,0f,0f,0f,1f], start_interpolation: 0, interpolation_duration: 1 }
$data merge entity $(bone_left_shoulder) { transformation: [0.711935659354469f,-0.6752719992617195f,-0.2521275919439152f,2.0063968905078053f,-0.5790760725908556f,-0.3247982483499658f,-0.7652385109809778f,3.6549549587553662f,0.4292219679362966f,0.6818554124949909f,-0.6142106131930796f,-0.8714130233434842f,0f,0f,0f,1f], start_interpolation: 0, interpolation_duration: 1 }
$data merge entity $(bone_left_arm) { transformation: [-1.248015048227762f,-0.25804078509671985f,-0.3783268744485041f,1.9041940069636119f,-0.26510106892889557f,1.3026069263707147f,-0.013944530470609335f,3.7946796347557497f,0.37341356959283467f,0.06235366792705305f,-1.2743359672575474f,-0.8365381969084893f,0f,0f,0f,1f], start_interpolation: 0, interpolation_duration: 1 }
$data merge entity $(bone_chest) { transformation: [-2.4713942110750216f,-0.5109878309679672f,-0.7491855556821007f,0.14213760867918773f,-0.5249690282429228f,2.5795003206974947f,-0.027613795146269566f,4.183355137150493f,0.7394559348776147f,0.12347647103537959f,-2.523516472751881f,-0.22041203942169352f,0f,0f,0f,1f], start_interpolation: 0, interpolation_duration: 1 }
$data merge entity $(bone_weist) { transformation: [-1.9052725934490815f,-0.3783886945605396f,-0.16400482313005713f,0.7321156136756962f,-0.3845570905743663f,1.9101311221409596f,0.060449829171292144f,0.260814678573678f,0.1489678833511753f,0.0914348597999166f,-1.9415425510847246f,-0.0016785870897984f,0f,0f,0f,1f], start_interpolation: 0, interpolation_duration: 1 }
$data merge entity $(bone_right_cheek) { transformation: [-0.9330117613991418f,-0.2476758080341524f,-0.2610474041347683f,0.22399713312331593f,-0.30142683616565386f,0.9341582255972101f,0.1910242706784562f,-1.7075107713986222f,0.1965474892488715f,0.25691458437329273f,-0.9462367467004563f,-0.8430268620316819f,0f,0f,0f,1f], start_interpolation: 0, interpolation_duration: 1 }
$data merge entity $(bone_right_foot) { transformation: [-0.4562552579744169f,0.06232887761375406f,1.0832991948038504f,-0.9922511181640512f,0.17029209298871706f,1.164718560402046f,0.004708821197570565f,-8.32441623974855f,-1.0716448280623498f,0.1585455169563561f,-0.4604688658496047f,-1.8574568058301857f,0f,0f,0f,1f], start_interpolation: 0, interpolation_duration: 1 }
$data merge entity $(bone_right_knee) { transformation: [-1.1213414322332318f,0.11059114257929073f,2.677179799728467f,-0.7885545907599842f,0.6504550034623996f,2.82658811009882f,0.15568118978456533f,-4.796763055464259f,-2.5993134419230555f,0.6596195445596009f,-1.1159750783987652f,-1.1352802406779414f,0f,0f,0f,1f], start_interpolation: 0, interpolation_duration: 1 }
$data merge entity $(bone_right_leg) { transformation: [-0.9558205595663141f,0.7027843698312289f,2.17313458174369f,0.17758550575102516f,0.5544415353885062f,2.3566904929843497f,-0.5182829604108926f,-1.503158157814564f,-2.2156295639581622f,0.28656024277133324f,-1.067183951114549f,-0.6705168189662392f,0f,0f,0f,1f], start_interpolation: 0, interpolation_duration: 1 }
$data merge entity $(bone_left_cheek) { transformation: [-0.9914490747137827f,-0.13032017712137728f,0.006736741366324642f,1.8030736352549588f,-0.13028152212826583f,0.9914595390459117f,0.005891300943841438f,-1.226119393545006f,-0.007446961872204543f,0.004963251950242775f,-0.9999599536426208f,-0.7322171777598714f,0f,0f,0f,1f], start_interpolation: 0, interpolation_duration: 1 }
$data merge entity $(bone_left_foot) { transformation: [-1.173650526503921f,0.02534430922673868f,0.08656213088557448f,2.69224007648132f,0.02691680151306748f,1.1766257685690884f,0.020449484396231152f,-8.321261284446685f,-0.0860861330873795f,0.022368764060292107f,-1.1737460163770694f,1.399374802130362f,0f,0f,0f,1f], start_interpolation: 0, interpolation_duration: 1 }
$data merge entity $(bone_left_knee) { transformation: [-2.8821701493219307f,-0.3127020602720198f,0.17955873800308156f,2.374889727477058f,-0.338546948145765f,2.8445753815689843f,-0.48031817684414546f,-4.800028155924886f,-0.12413654898060372f,-0.49753091221282847f,-2.8590176279858586f,0.6869322802051068f,0f,0f,0f,1f], start_interpolation: 0, interpolation_duration: 1 }
$data merge entity $(bone_left_leg) { transformation: [-2.4567338775699734f,-0.24062319873453156f,0.19123768972100644f,1.9841639476366388f,-0.28857413461634085f,2.3360547841190433f,-0.7678448654279224f,-1.525563035206181f,-0.10581279019804639f,-0.7841946472428617f,-2.346029652754886f,-0.37253762698162923f,0f,0f,0f,1f], start_interpolation: 0, interpolation_duration: 1 }
data modify entity @s data merge value {"locators":{"consume":{"posx":5.063431825091262,"posy":7.8507348702628095,"posz":-2.6404128481473506,"roty":63.29899399935344,"rotx":-29.179945085942812}},"cameras":{}}
execute on vehicle unless entity @s[tag=aj.transforms_only] at @s run function animated_java:armor/animations/jabs/zzz/frames/zzz/3