# This file was generated by Animated Java via MC-Build. It is not recommended to edit this file directly.
$data merge entity $(bone_neck) { transformation: [-1.2022171655432985f,0f,0.052489935028419275f,-0.20782376779560802f,0f,1.2033625000000001f,0f,3.679634375f,-0.052489935028419275f,0f,-1.2022171655432985f,-0.9134971186958234f,0f,0f,0f,1f], start_interpolation: 0, interpolation_duration: 1 }
$data merge entity $(bone_right_thumb_2) { transformation: [-0.4678880240268459f,-0.4426570516088083f,-0.7649415217081961f,-0.858955961782915f,0.8827612557436497f,-0.2757795537339638f,-0.38036588056789566f,2.4222398797687426f,-0.04258359226449259f,-0.8532293785397296f,0.519794445205563f,4.805613060865641f,0f,0f,0f,1f], start_interpolation: 0, interpolation_duration: 1 }
$data merge entity $(bone_right_thumb) { transformation: [-0.4678880240268459f,-0.4426570516088083f,-0.7649415217081961f,-1.0645124929832275f,0.8827612557436497f,-0.2757795537339638f,-0.38036588056789566f,2.5464451817201046f,-0.04258359226449259f,-0.8532293785397296f,0.519794445205563f,4.51278766011458f,0f,0f,0f,1f], start_interpolation: 0, interpolation_duration: 1 }
$data merge entity $(bone_right_fingers_2) { transformation: [0.46071064972845505f,0.17459825118641728f,-0.8702075315172981f,-0.9983612001928706f,-0.8875503722045388f,0.09042688148218807f,-0.45174917366276496f,2.280204284609596f,-0.00018446237900576756f,0.9804786738058362f,0.1966253701473431f,5.300952090903641f,0f,0f,0f,1f], start_interpolation: 0, interpolation_duration: 1 }
$data merge entity $(bone_right_fingers) { transformation: [0.11296973211934624f,-0.4795588511491094f,-0.8702075315172981f,-1.211737702894108f,0.20550183746292153f,0.868154179218399f,-0.45174917366276496f,2.668565912383052f,0.9721146200033444f,-0.12779526356705934f,0.1966253701473431f,5.29181138200577f,0f,0f,0f,1f], start_interpolation: 0, interpolation_duration: 1 }
$data merge entity $(bone_right_hand) { transformation: [-0.45265628652322465f,-0.1945279886329341f,-0.8702075315172981f,-1.3431422142227003f,0.8906499860868714f,-0.05162641163653496f,-0.45174917366276496f,2.6016267529185377f,0.04295216588788281f,-0.979537429228695f,0.1966253701473431f,4.512692541479405f,0f,0f,0f,1f], start_interpolation: 0, interpolation_duration: 1 }
$data merge entity $(bone_right_forearm) { transformation: [-0.7722512668047576f,-0.4595416488975604f,-1.5872233665998197f,-2.0485298998639805f,1.622902604978213f,0.1186821513716783f,-0.8239722345651144f,2.668842549278841f,0.3108756621334081f,-1.7611259414101565f,0.3586367282067104f,1.9224037306301966f,0f,0f,0f,1f], start_interpolation: 0, interpolation_duration: 1 }
$data merge entity $(bone_right_bicep) { transformation: [-0.6707982484923359f,0.033889142125009555f,-1.4349271032875337f,-1.9751326914730465f,1.4096969104335146f,0.31354166990671567f,-0.6515986478115335f,3.1623021196232686f,0.2700349725819325f,-1.5526357277744343f,-0.1629047768008541f,-0.4991290403456851f,0f,0f,0f,1f], start_interpolation: 0, interpolation_duration: 1 }
$data merge entity $(bone_right_shoulder) { transformation: [-0.42920429171291696f,-0.015797021219659427f,-0.9175767590575946f,-1.7707624047549761f,0.880538364054919f,0.27829996954787395f,-0.4166704873685915f,2.8435351957254262f,0.2585514340891196f,-0.9740187676513623f,-0.10417089257667739f,-0.8239258657995892f,0f,0f,0f,1f], start_interpolation: 0, interpolation_duration: 1 }
$data merge entity $(bone_right_arm) { transformation: [-1.3176416447366353f,-0.1739968166125296f,-0.02834493201067399f,-1.714177161241194f,-0.17399681661252958f,1.2492109254519226f,0.4200654744757132f,3.0007250278866153f,-0.02834493201067421f,0.4200654744757132f,-1.260951780715287f,-0.7667066597666063f,0f,0f,0f,1f], start_interpolation: 0, interpolation_duration: 1 }
$data merge entity $(bone_left_thumb_2) { transformation: [-0.7411522872548127f,0.07488025573787208f,0.66714783548895f,3.4080602643218083f,-0.670807018752311f,-0.04312494618547991f,-0.740377054350779f,1.1966921474823828f,-0.026668908669018276f,-0.99625959785446f,0.0821923536180415f,0.6422411368661609f,0f,0f,0f,1f], start_interpolation: 0, interpolation_duration: 1 }
$data merge entity $(bone_left_thumb) { transformation: [-0.7411522872548127f,0.07488025573787208f,0.66714783548895f,3.564641211591865f,-0.670807018752311f,-0.04312494618547991f,-0.740377054350779f,1.3611556611120363f,-0.026668908669018276f,-0.99625959785446f,0.0821923536180415f,0.33915481333183556f,0f,0f,0f,1f], start_interpolation: 0, interpolation_duration: 1 }
$data merge entity $(bone_left_fingers_2) { transformation: [0.7473306059432215f,0.12533476228507795f,0.6525244537819871f,3.602706765318491f,0.6608907297000431f,-0.2417574207822766f,-0.710476454847904f,0.8464854549607349f,0.06870523136618992f,0.9622081619169751f,-0.2635053022678559f,0.9949969980933446f,0f,0f,0f,1f], start_interpolation: 0, interpolation_duration: 1 }
$data merge entity $(bone_left_fingers) { transformation: [-0.22180872434232085f,0.7245776197359066f,0.6525244537819871f,3.937887311182571f,0.1534256021122965f,0.686792393466347f,-0.710476454847904f,1.135940943634717f,-0.9629441699403508f,-0.05747591891056944f,-0.2635053022678559f,1.0125286877374973f,0f,0f,0f,1f], start_interpolation: 0, interpolation_duration: 1 }
$data merge entity $(bone_left_hand) { transformation: [-0.752086338347723f,-0.0926173681726829f,0.6525244537819871f,3.8336285789838547f,-0.6497163975812177f,0.2703549700316965f,-0.710476454847904f,1.3343960537945434f,-0.11061076975050727f,-0.9582954728537155f,-0.2635053022678559f,0.25192376378404546f,0f,0f,0f,1f], start_interpolation: 0, interpolation_duration: 1 }
$data merge entity $(bone_left_forearm) { transformation: [-1.382089191855755f,0.011567464522285072f,1.1901782308350042f,3.8361189033151355f,-1.11055350351905f,0.6435787641058859f,-1.2958803385525268f,2.177901861348106f,-0.4281692926992512f,-1.7066051475927213f,-0.4806230213306025f,-2.2976208278741304f,0f,0f,0f,1f], start_interpolation: 0, interpolation_duration: 1 }
$data merge entity $(bone_left_bicep) { transformation: [-1.15883883894833f,-0.9862756864591035f,-0.4410072238955031f,2.29929846290512f,-1.0436603273346354f,0.8547585504155735f,0.8308402358592993f,3.4978815381484525f,-0.2792851989922771f,0.8982108030271061f,-1.2748928138603466f,-0.880388650196021f,0f,0f,0f,1f], start_interpolation: 0, interpolation_duration: 1 }
$data merge entity $(bone_left_shoulder) { transformation: [-0.7501928837389136f,-0.567458396372894f,-0.376317132536159f,1.8522410471734259f,-0.6805957099858856f,0.6082151411108218f,0.4396325742471684f,3.321958953603652f,-0.020324748538219056f,0.5783409800250084f,-0.8315777739258134f,-0.7459882968637845f,0f,0f,0f,1f], start_interpolation: 0, interpolation_duration: 1 }
$data merge entity $(bone_left_arm) { transformation: [-1.3176416447366353f,-0.1739968166125296f,-0.02834493201067399f,1.7544425530811012f,-0.17399681661252958f,1.2492109254519226f,0.4200654744757132f,3.45876215106222f,-0.02834493201067421f,0.4200654744757132f,-1.260951780715287f,-0.6920901732840461f,0f,0f,0f,1f], start_interpolation: 0, interpolation_duration: 1 }
$data merge entity $(bone_chest) { transformation: [-2.6092729712656455f,-0.3445589265388492f,-0.05613033351157991f,-0.07627506824608052f,-0.3445589265388491f,2.473762358841464f,0.8318388334868045f,3.9067182067341477f,-0.056130333511580345f,0.8318388334868045f,-2.497012304242485f,-0.40341873031588127f,0f,0f,0f,1f], start_interpolation: 0, interpolation_duration: 1 }
$data merge entity $(bone_weist) { transformation: [-1.9100414183782952f,-0.25514737242419594f,0.29458587874132525f,0.2807567716701348f,-0.14430726316923279f,1.831831704958354f,0.6509279991176568f,0.04513685089539465f,-0.36201717556681745f,0.6159802469103527f,-1.8137395462249328f,-1.265369840440628f,0f,0f,0f,1f], start_interpolation: 0, interpolation_duration: 1 }
$data merge entity $(bone_right_cheek) { transformation: [-0.9979155472859149f,-0.04782979238289248f,0.043322874392888455f,-0.21363442735395416f,-0.03288421624933413f,0.9545144052950827f,0.2963458763098314f,-1.4569847534039828f,-0.0555264694242269f,0.29430351857357107f,-0.9540976103882117f,-2.5629173376756142f,0f,0f,0f,1f], start_interpolation: 0, interpolation_duration: 1 }
$data merge entity $(bone_right_foot) { transformation: [-0.46321757694047166f,-0.008676955958161774f,1.0821021586362634f,-1.2580457811182042f,0.0033239481853920114f,1.1770564470626061f,0.010861246400762659f,-8.560458638728372f,-1.0821318416248649f,0.007329784459134681f,-0.46317150870700546f,-3.731987870347357f,0f,0f,0f,1f], start_interpolation: 0, interpolation_duration: 1 }
$data merge entity $(bone_right_knee) { transformation: [-1.1307370550503193f,0.11034405471767277f,2.6732352291668273f,-1.055001292428593f,0.6363167823559839f,2.8299863662905946f,0.1523378076365494f,-5.029019350890731f,-2.5987426485441536f,0.644926387064327f,-1.1258486978452724f,-3.028370256119144f,0f,0f,0f,1f], start_interpolation: 0, interpolation_duration: 1 }
$data merge entity $(bone_right_leg) { transformation: [-0.9638292973159014f,0.680606686081527f,2.176653474358222f,-0.11977493910921766f,0.5423902528613875f,2.363665383417649f,-0.4989103043364825f,-1.7257356250000004f,-2.2151430252188136f,0.2826185008687209f,-1.0692431359285042f,-2.5690955666446063f,0f,0f,0f,1f], start_interpolation: 0, interpolation_duration: 1 }
$data merge entity $(bone_left_cheek) { transformation: [-0.9697582365052239f,-0.13180536541297944f,0.20541740037939626f,1.4234115194672627f,-0.0951255880376042f,0.9791993264936425f,0.17921998073567807f,-1.3531021809911115f,-0.22476673515175288f,0.15425960146048523f,-0.9621246749389989f,-2.1983227195522477f,0f,0f,0f,1f], start_interpolation: 0, interpolation_duration: 1 }
$data merge entity $(bone_left_foot) { transformation: [-1.1754789915266697f,-0.034953557901182625f,0.05116917183279941f,2.5159551084587704f,-0.03559525213941956f,1.1764890282900713f,-0.014051306514959352f,-8.612155326419447f,-0.050724879311211994f,-0.015579152085234346f,-1.175914610639621f,-0.31196987133983134f,0f,0f,0f,1f], start_interpolation: 0, interpolation_duration: 1 }
$data merge entity $(bone_left_knee) { transformation: [-2.866466749726244f,-0.45677648038127033f,0.10794585781022593f,2.0170090521604367f,-0.46234060980376895f,2.863004486483212f,-0.16240430855523125f,-5.0544042545571575f,-0.08085927141748f,-0.17745209461013003f,-2.898085785631326f,-0.6295048773263017f,0f,0f,0f,1f], start_interpolation: 0, interpolation_duration: 1 }
$data merge entity $(bone_left_leg) { transformation: [-2.4433484520811906f,-0.3436629079503288f,0.20483376272146794f,1.4822075070271763f,-0.3940946509866889f,2.28582096393502f,-0.8658664157004344f,-1.8507356250000004f,-0.06892365860276625f,-0.8870913422378564f,-2.3104828938450312f,-1.8327336857347363f,0f,0f,0f,1f], start_interpolation: 0, interpolation_duration: 1 }
data modify entity @s data merge value {"locators":{"consume":{"posx":3.683317790252753,"posy":1.0955323202831617,"posz":1.1000588538150664,"roty":68.0099412499334,"rotx":-45.2736942358899}},"cameras":{}}