# This file was generated by Animated Java via MC-Build. It is not recommended to edit this file directly.
$data merge entity $(bone_neck) { transformation: [-1.2020206748823148f,-0.020324313256161543f,0.053052105070207134f,0.007509568732373462f,-0.01734594286664181f,1.201357901244845f,0.06722810267216099f,3.725006018917581f,-0.05409918509351205f,0.06638841625989311f,-1.2003112774463847f,-0.5659358254446858f,0f,0f,0f,1f], start_interpolation: 0, interpolation_duration: 1 }
$data merge entity $(bone_right_thumb_2) { transformation: [-0.4592886360159557f,-0.5793231339502081f,-0.673378537894335f,0.3678692875591455f,0.8656806558624935f,-0.12198214363269422f,-0.4855073209543348f,1.2406435909194895f,0.19912546520243424f,-0.8059187695449719f,0.5575338429216938f,4.453049724180491f,0f,0f,0f,1f], start_interpolation: 0, interpolation_duration: 1 }
$data merge entity $(bone_right_thumb) { transformation: [-0.4592886360159557f,-0.5793231339502081f,-0.673378537894335f,0.11842493437973733f,0.8656806558624935f,-0.12198214363269422f,-0.4855073209543348f,1.4127107515024298f,0.19912546520243424f,-0.8059187695449719f,0.5575338429216938f,4.2258987462103645f,0f,0f,0f,1f], start_interpolation: 0, interpolation_duration: 1 }
$data merge entity $(bone_right_fingers_2) { transformation: [0.44515166394659017f,0.33381160753030986f,-0.8309090243604365f,0.31002468312007464f,-0.862613480894183f,-0.08913907547710939f,-0.4979479970867504f,1.0065466624301829f,-0.2402872836111023f,0.9384157052719844f,0.24826998496330754f,4.929307338583132f,0f,0f,0f,1f], start_interpolation: 0, interpolation_duration: 1 }
$data merge entity $(bone_right_fingers) { transformation: [0.2728518512974887f,-0.4849144878016337f,-0.8309090243604365f,0.1021053644264297f,0.02421717468940919f,0.8668686870843563f,-0.4979479970867504f,1.3854643933119726f,0.9617512129930459f,0.11574376386105292f,0.24826998496330754f,5.027433525344778f,0f,0f,0f,1f], start_interpolation: 0, interpolation_duration: 1 }
$data merge entity $(bone_right_hand) { transformation: [-0.43016732038413547f,-0.35291113571254773f,-0.8309090243604365f,-0.15586317387990745f,0.8579042721372455f,0.12668090639854196f,-0.4979479970867504f,1.4612771048430004f,0.2809917015183816f,-0.9270413573536638f,0.24826998496330754f,4.281458438398254f,0f,0f,0f,1f], start_interpolation: 0, interpolation_duration: 1 }
$data merge entity $(bone_right_forearm) { transformation: [-0.7176628453807653f,-0.7790008561627387f,-1.4849061479067325f,-1.3295190021615988f,1.4842018820533063f,0.4565516848512475f,-0.9568353536541262f,2.0264306381538173f,0.7803418323420279f,-1.584786038173833f,0.45425587452434574f,1.9330931868941306f,0f,0f,0f,1f], start_interpolation: 0, interpolation_duration: 1 }
$data merge entity $(bone_right_bicep) { transformation: [-0.6198589998670445f,-0.2826582499287777f,-1.4303893490635808f,-1.750292323357371f,1.2894602457194557f,0.619237706358533f,-0.6811545299096597f,2.9976575187705565f,0.6805891939168989f,-1.4306584262690134f,-0.012221798252366543f,-0.3012699476951359f,0f,0f,0f,1f], start_interpolation: 0, interpolation_duration: 1 }
$data merge entity $(bone_right_shoulder) { transformation: [-0.369568717039177f,-0.3236951794188356f,-0.8860323768767508f,-1.6401665879374663f,0.7917618099353514f,0.4108482011093016f,-0.4803435964390354f,2.748293130269416f,0.5127818038705674f,-0.867662471893938f,0.10310012198338088f,-0.7190764433784009f,0f,0f,0f,1f], start_interpolation: 0, interpolation_duration: 1 }
$data merge entity $(bone_right_arm) { transformation: [-1.308140308324715f,-0.20913206971550108f,-0.1108627189765798f,-1.5879633438322194f,-0.23621366633823562f,1.193294207940302f,0.5361994670245628f,2.9019582161183313f,0.015161427288286615f,0.5473303773945746f,-1.2113865693534596f,-0.6494601137325815f,0f,0f,0f,1f], start_interpolation: 0, interpolation_duration: 1 }
$data merge entity $(bone_left_thumb_2) { transformation: [-0.7289689521669012f,-0.044815597873651136f,0.6830782012067999f,3.622004503642277f,-0.6769913032533837f,0.1950430288803867f,-0.7096766814574432f,0.6749038243059053f,-0.10142505654903652f,-0.9797702685182847f,-0.172520082400957f,0.01710117747689449f,0f,0f,0f,1f], start_interpolation: 0, interpolation_duration: 1 }
$data merge entity $(bone_left_thumb) { transformation: [-0.7289689521669012f,-0.044815597873651136f,0.6830782012067999f,3.738556509326098f,-0.6769913032533837f,0.1950430288803867f,-0.7096766814574432f,0.9124400600338185f,-0.10142505654903652f,-0.9797702685182847f,-0.172520082400957f,-0.25385883168358103f,0f,0f,0f,1f], start_interpolation: 0, interpolation_duration: 1 }
$data merge entity $(bone_left_fingers_2) { transformation: [0.7403027185541667f,0.24367976899420968f,0.6265557078857701f,3.8628151516797473f,0.6577649146560436f,-0.4551286995630217f,-0.6001692960170487f,0.26039901888675593f,0.13891436912298719f,0.8564333231589022f,-0.4972170160344088f,0.251972809530538f,0f,0f,0f,1f], start_interpolation: 0, interpolation_duration: 1 }
$data merge entity $(bone_left_fingers) { transformation: [-0.338223949733094f,0.7021627338037151f,0.6265557078857701f,4.193349623457612f,0.36537946075950245f,0.7115438607517424f,-0.6001692960170487f,0.5517692894387679f,-0.8672383810014639f,0.025938956875674324f,-0.4972170160344088f,0.2998075959938499f,0f,0f,0f,1f], start_interpolation: 0, interpolation_duration: 1 }
$data merge entity $(bone_left_hand) { transformation: [-0.7502272766406092f,-0.2111562888009172f,0.6265557078857701f,3.9954710467772925f,-0.6372864331587416f,0.48338682049701015f,-0.6001692960170487f,0.9184553236926707f,-0.17613925029993682f,-0.849558828727955f,-0.4972170160344088f,-0.3748475644433804f,0f,0f,0f,1f], start_interpolation: 0, interpolation_duration: 1 }
$data merge entity $(bone_left_forearm) { transformation: [-1.413608754205083f,-0.15006307445488618f,1.142812287890451f,3.7568330923774527f,-0.9979564582708292f,1.0642261173737546f,-1.0946845390927162f,2.394062652794842f,-0.5767336985678947f,-1.4736798860058575f,-0.9069037413923636f,-2.605838557469827f,0f,0f,0f,1f], start_interpolation: 0, interpolation_duration: 1 }
$data merge entity $(bone_left_bicep) { transformation: [-1.2489511986721633f,-0.8659575407581134f,-0.44763042437152745f,2.4075803779977973f,-0.9050389342019295f,0.7597862388577754f,1.0553501573906634f,3.5633603098834072f,-0.3621601673258798f,1.087647445052864f,-1.0936167538749466f,-0.8955840265474437f,0f,0f,0f,1f], start_interpolation: 0, interpolation_duration: 1 }
$data merge entity $(bone_left_shoulder) { transformation: [-0.7998493123129422f,-0.48588163255227895f,-0.3880374922706391f,1.9567118741229956f,-0.6170065273816941f,0.5416889463300267f,0.5935393914973872f,3.3977890929650596f,-0.07718161327503435f,0.7049149617074659f,-0.7235681543573249f,-0.7607644877879285f,0f,0f,0f,1f], start_interpolation: 0, interpolation_duration: 1 }
$data merge entity $(bone_left_arm) { transformation: [-1.308140308324715f,-0.20913206971550108f,-0.1108627189765798f,1.855644620958296f,-0.23621366633823562f,1.193294207940302f,0.5361994670245628f,3.523777800468914f,0.015161427288286615f,0.5473303773945746f,-1.2113865693534596f,-0.6893717435747957f,0f,0f,0f,1f], start_interpolation: 0, interpolation_duration: 1 }
$data merge entity $(bone_chest) { transformation: [-2.5904578553427715f,-0.4141358609248939f,-0.21953700181085803f,0.02335074014698693f,-0.4677644619703201f,2.363032722883327f,1.061814327213285f,3.8500769950428175f,0.030023567171818404f,1.08385642317319f,-2.3988603015047945f,-0.2749434520716906f,0f,0f,0f,1f], start_interpolation: 0, interpolation_duration: 1 }
$data merge entity $(bone_weist) { transformation: [-1.8972409925706228f,-0.30250367587057253f,0.3303140683104021f,0.48007600471559664f,-0.1309626374278665f,1.7494526757117352f,0.8499431537298991f,0.11144976357259462f,-0.4283277311089192f,0.8050131073834645f,-1.72297083354108f,-1.5383952618114722f,0f,0f,0f,1f], start_interpolation: 0, interpolation_duration: 1 }
$data merge entity $(bone_right_cheek) { transformation: [-0.9946107939432556f,-0.01081100092037221f,0.10311397010428058f,-0.01453903994482142f,0.016787608249911268f,0.9646317935309159f,0.2630659216215125f,-1.3378392087914612f,-0.10231101984055418f,0.26337924209859054f,-0.9592517031784502f,-2.939769139639497f,0f,0f,0f,1f], start_interpolation: 0, interpolation_duration: 1 }
$data merge entity $(bone_right_foot) { transformation: [-0.4730378333979077f,-0.013492287602016737f,1.0777959274491808f,-1.0016399807998435f,0.1101889159707922f,1.1702473798866377f,0.06301085257480425f,-8.463225039932977f,-1.0722334194791532f,0.12621379845439454f,-0.4690164880985727f,-4.638376833365046f,0f,0f,0f,1f], start_interpolation: 0, interpolation_duration: 1 }
$data merge entity $(bone_right_knee) { transformation: [-1.1296435392547697f,0.23873618530176216f,2.665302833934925f,-0.6395094765098841f,0.8331115365479872f,2.780653019689032f,0.10403191961579274f,-4.99025151109729f,-2.542982369271292f,0.8049239134575752f,-1.1498986266856457f,-3.7357780182805476f,0f,0f,0f,1f], start_interpolation: 0, interpolation_duration: 1 }
$data merge entity $(bone_right_leg) { transformation: [-0.9628971950591292f,0.5864528245464574f,2.204294626239379f,0.1635360643379345f,0.710136192380362f,2.350819079818245f,-0.3152284333195275f,-1.7115138869128605f,-2.1676135040541347f,0.5096424839856312f,-1.082464298948549f,-2.9597223520094937f,0f,0f,0f,1f], start_interpolation: 0, interpolation_duration: 1 }
$data merge entity $(bone_left_cheek) { transformation: [-0.9496494995811473f,-0.152612945249118f,0.2736331794349258f,1.6137306504273f,-0.08297172627242602f,0.9646669066580399f,0.25006689472655547f,-1.2507630925260473f,-0.302128318078015f,0.21477208417575655f,-0.9287580046891396f,-2.5956857112805443f,0f,0f,0f,1f], start_interpolation: 0, interpolation_duration: 1 }
$data merge entity $(bone_left_foot) { transformation: [-1.1758071913232058f,-0.030200953523052597f,0.04643539722555658f,2.731960912882279f,-0.028338527403812278f,1.1758243011964606f,0.04717028150224415f,-8.48492439086721f,-0.04759486919595635f,0.04600010868156708f,-1.175248745289297f,-1.2963492542614126f,0f,0f,0f,1f], start_interpolation: 0, interpolation_duration: 1 }
$data merge entity $(bone_left_knee) { transformation: [-2.867469670443268f,-0.45493326573191367f,0.08707526257495472f,2.234610836127282f,-0.4433415163554623f,2.8537900698747736f,0.3102567090230262f,-4.922866235724381f,-0.13414424138829367f,0.2929959886221229f,-2.8867087420950064f,-1.0284818673102856f,0f,0f,0f,1f], start_interpolation: 0, interpolation_duration: 1 }
$data merge entity $(bone_left_leg) { transformation: [-2.4442033319718206f,-0.30960822560408724f,0.24500110521220123f,1.7467466750749634f,-0.3779000080269199f,2.2794955851275827f,-0.8894403770102718f,-1.7273114434414918f,-0.11434325012944772f,-0.915453629061139f,-2.2975819892068463f,-2.272540980032873f,0f,0f,0f,1f], start_interpolation: 0, interpolation_duration: 1 }
data modify entity @s data merge value {"locators":{"consume":{"posx":3.951777157141428,"posy":0.48107210341897194,"posz":0.4034641404470114,"roty":51.56547129093559,"rotx":-36.88202354237345}},"cameras":{}}