# This file was generated by Animated Java via MC-Build. It is not recommended to edit this file directly.
$data merge entity $(bone_neck) { transformation: [-1f,-7.024285468436541e-17f,1.0031719290535249e-16f,-0.12500000000000008f,0f,0.8191520442889919f,0.573576436351046f,4.8183709085769015f,-1.2246467991473532e-16f,0.573576436351046f,-0.8191520442889919f,0.6603650208416336f,0f,0f,0f,1f], start_interpolation: 0, interpolation_duration: 1 }
$data merge entity $(bone_right_thumb_2) { transformation: [-0.5732140494870379f,0.07666934422460758f,-0.815810924863623f,-0.9281633236959665f,-0.17460343168957976f,0.9613186931521749f,0.2130258478176218f,1.120532034243396f,0.8005868442042335f,0.2645527959639869f,-0.5376546503423392f,1.1461890441605265f,0f,0f,0f,1f], start_interpolation: 0, interpolation_duration: 1 }
$data merge entity $(bone_right_thumb) { transformation: [-0.5732140494870379f,-0.8116901838072738f,-0.11218154474594078f,-1.2454098463385272f,-0.17460343168957976f,0.2547552268713057f,-0.95111167379229f,1.1677848867916054f,0.8005868442042335f,-0.5256032913639938f,-0.2877531667843859f,1.1136836340279743f,0f,0f,0f,1f], start_interpolation: 0, interpolation_duration: 1 }
$data merge entity $(bone_right_fingers2) { transformation: [0.30260400973128476f,0.9464914760910224f,-0.11218154474594078f,-0.7471373587595003f,0.24312862663539067f,-0.19046011363646967f,-0.95111167379229f,0.9311228011376754f,-0.9215852018152944f,0.2605356612838634f,-0.2877531667843859f,1.1148264365630103f,0f,0f,0f,1f], start_interpolation: 0, interpolation_duration: 1 }
$data merge entity $(bone_right_fingers) { transformation: [0.9846587786589516f,-0.13365025487546167f,-0.11218154474594078f,-0.8570051603742895f,-0.1453477535948824f,-0.27250800814095266f,-0.95111167379229f,0.801542718258531f,0.09654594830847496f,0.9528257946082139f,-0.2877531667843859f,1.5577243224299253f,0f,0f,0f,1f], start_interpolation: 0, interpolation_duration: 1 }
$data merge entity $(bone_right_hand) { transformation: [-0.5732140494870379f,-0.8116901838072738f,-0.11218154474594078f,-1.4684112538544076f,-0.17460343168957976f,0.2547552268713057f,-0.95111167379229f,0.9424304143516761f,0.8005868442042335f,-0.5256032913639938f,-0.2877531667843859f,1.2287567789201785f,0f,0f,0f,1f], start_interpolation: 0, interpolation_duration: 1 }
$data merge entity $(bone_right_forearm) { transformation: [-0.5220917714947163f,-1.2218609079821168f,-0.707454594797423f,-3.2130163791909494f,0.7734841588730251f,0.3834904733701601f,-1.2331557942223597f,1.4778052263870147f,1.1811682090741171f,-0.7912059645862177f,0.4948238913928822f,0.052141499669684066f,0f,0f,0f,1f], start_interpolation: 0, interpolation_duration: 1 }
$data merge entity $(bone_right_bicep) { transformation: [-0.5476059559960237f,0.7972224536492405f,-1.2479856707509143f,-2.0641971377266906f,0.8112836773021805f,1.2746429452205321f,0.45826664201862033f,3.296627033161848f,1.2388909031650752f,-0.48231305149400194f,-0.8517203816146542f,-0.7632067623497691f,0f,0f,0f,1f], start_interpolation: 0, interpolation_duration: 1 }
$data merge entity $(bone_right_shoulder) { transformation: [-0.34682897472239443f,0.5049248336277142f,-0.79041797466849f,-1.7846041070439052f,0.5138305800490094f,0.8073014929574294f,0.290245472790195f,3.313295365888323f,0.784657758070046f,-0.3054753866594336f,-0.5394413692383616f,-1.0480522667793635f,0f,0f,0f,1f], start_interpolation: 0, interpolation_duration: 1 }
$data merge entity $(bone_right_arm) { transformation: [-1.4404967654763257f,-0.25399844537675037f,1.5513232874686474e-16f,-1.4517467018735706f,-0.21996910621801985f,1.2475067929718129f,0.7313593749999999f,3.5250428986093842f,-0.1269992226883753f,0.7202483827381628f,-1.2667515960918194f,-0.9352185197166119f,0f,0f,0f,1f], start_interpolation: 0, interpolation_duration: 1 }
$data merge entity $(bone_left_thumb_2) { transformation: [-0.7752199573362586f,0.2236931271139991f,-0.5907583284470304f,4.0963827592847615f,-0.31607678524401717f,0.6723500797740174f,0.6693585257974083f,1.9370059242307847f,0.5469273110545648f,0.7056250811229946f,-0.45051499565806985f,-1.6291293373304216f,0f,0f,0f,1f], start_interpolation: 0, interpolation_duration: 1 }
$data merge entity $(bone_left_thumb) { transformation: [-0.7752199573362586f,-0.5804387002571278f,-0.2492487371911546f,4.044416394407281f,-0.31607678524401717f,0.6980489433733321f,-0.642513142655605f,2.183732246987071f,0.5469273110545648f,-0.41930727145995256f,-0.7246046705089838f,-1.8300283380029148f,0f,0f,0f,1f], start_interpolation: 0, interpolation_duration: 1 }
$data merge entity $(bone_left_fingers2) { transformation: [0.9138816972939476f,0.3204610902430244f,-0.2492487371911546f,4.083751889986482f,0.09154042221503567f,-0.7607872321585786f,-0.642513142655605f,1.6734805146477891f,-0.39552571907756656f,0.56436466670473f,-0.7246046705089838f,-1.624160397093714f,0f,0f,0f,1f], start_interpolation: 0, interpolation_duration: 1 }
$data merge entity $(bone_left_fingers) { transformation: [-0.1568986748718198f,0.9556452651648946f,-0.2492487371911546f,4.525481694077372f,0.7651249921229692f,-0.041959598945227106f,-0.642513142655605f,1.6841009034352141f,-0.6244730196351906f,-0.29151589875043515f,-0.7246046705089838f,-1.7967363413496966f,0f,0f,0f,1f], start_interpolation: 0, interpolation_duration: 1 }
$data merge entity $(bone_left_hand) { transformation: [-0.7752199573362586f,-0.5804387002571278f,-0.2492487371911546f,4.157392138683566f,-0.31607678524401717f,0.6980489433733321f,-0.642513142655605f,2.1772359978751137f,0.5469273110545648f,-0.41930727145995256f,-0.7246046705089838f,-2.147755224858308f,0f,0f,0f,1f], start_interpolation: 0, interpolation_duration: 1 }
$data merge entity $(bone_left_forearm) { transformation: [-1.1138564423776742f,-0.8737513049591457f,0.5117600833137564f,2.863599244240775f,-1.004222907011505f,1.0507934342207255f,-0.39164449651353206f,3.6653149843047133f,-0.12990796289864434f,-0.6311954655240843f,-1.360416151585507f,-3.0568303727499035f,0f,0f,0f,1f], start_interpolation: 0, interpolation_duration: 1 }
$data merge entity $(bone_left_bicep) { transformation: [-1.1682896672060052f,-0.49628345923379746f,-0.9389920870992795f,1.9905077461474576f,-1.053298433439697f,0.36231797556053863f,1.119013964498941f,4.0708465610352675f,-0.13625645547131177f,1.4544182928996365f,-0.5991708985471057f,-0.8757968477870095f,0f,0f,0f,1f], start_interpolation: 0, interpolation_duration: 1 }
$data merge entity $(bone_left_shoulder) { transformation: [-0.739942111693848f,-0.314323614367319f,-0.5947153409767683f,1.7300027937776021f,-0.667111837894705f,0.22947590436373494f,0.7087330986042593f,3.9599118044090087f,-0.08629870846540938f,0.9211631097517481f,-0.3794878893320463f,-0.6747280919370081f,0f,0f,0f,1f], start_interpolation: 0, interpolation_duration: 1 }
$data merge entity $(bone_left_arm) { transformation: [-1.4404967654763257f,-0.25399844537675037f,1.5513232874686474e-16f,1.3677632487051348f,-0.21996910621801985f,1.2475067929718129f,0.7313593749999999f,3.90063076663696f,-0.1269992226883753f,0.7202483827381628f,-1.2667515960918194f,-0.7183727630065329f,0f,0f,0f,1f], start_interpolation: 0, interpolation_duration: 1 }
$data merge entity $(bone_chest) { transformation: [-2.0340822525462863f,-0.3586635821041601f,2.1905770582957944e-16f,-0.18749999999999997f,-0.31061177351452834f,1.7615669040921582f,1.0327306249999997f,4.288713515387057f,-0.17933179105208022f,1.017041126273143f,-1.7887419130323614f,-0.17380646354906842f,0f,0f,0f,1f], start_interpolation: 0, interpolation_duration: 1 }
$data merge entity $(bone_left_cheek) { transformation: [-1.134242082886708f,-0.06328528595397052f,-0.044903467219417986f,1.0225499352153409f,-0.06478171199809793f,1.1344251632806583f,0.03754104532409275f,-0.0950135495261413f,0.04271625659156805f,0.040012159091384336f,-1.1353857493933186f,-2.1181552029515442f,0f,0f,0f,1f], start_interpolation: 0, interpolation_duration: 1 }
$data merge entity $(bone_left_foot) { transformation: [-0.9373976658684468f,-0.07779713342571228f,-0.6312799493530034f,2.7971432564897416f,-0.04797181544900792f,1.1297595512291263f,-0.06799421835045666f,-5.447227915421568f,0.6342440171944194f,-0.02953159049738368f,-0.9381596688281694f,-1.0618308752518424f,0f,0f,0f,1f], start_interpolation: 0, interpolation_duration: 1 }
$data merge entity $(bone_left_knee) { transformation: [-2.59169264999875f,-0.09604605841489179f,-1.7350699359919752f,2.765508986963073f,-0.5296809566432199f,3.0109769186114317f,0.6245153320267698f,-1.6261410134134657f,1.6550319067286159f,0.8132382617842979f,-2.517156379222013f,0.04697937366728189f,0f,0f,0f,1f], start_interpolation: 0, interpolation_duration: 1 }
$data merge entity $(bone_left_leg) { transformation: [-1.9790413850243207f,-1.2521294787159376f,-0.43926453639693924f,0.9628200000000002f,-0.4044694628650163f,1.32045503462646f,-1.9416975364829003f,-0.003907026306085415f,1.2637982505191045f,-1.5381666483527179f,-1.3092913014011294f,-2.1074463083247514f,0f,0f,0f,1f], start_interpolation: 0, interpolation_duration: 1 }
$data merge entity $(bone_right_cheek) { transformation: [-1.1314321702751482f,0.10453445382905788f,0.038213131341286524f,-0.6575284347686206f,0.10997218438970509f,1.1100926149177377f,0.2193785685599986f,-0.1712072390753361f,-0.01714100652827918f,0.22202113783497712f,-1.1148718543525251f,-2.2239783060721674f,0f,0f,0f,1f], start_interpolation: 0, interpolation_duration: 1 }
$data merge entity $(bone_right_foot) { transformation: [-0.9460891494330478f,0.06135697956592797f,0.6200256404243286f,-0.7410406205953075f,0.09724725097274407f,1.1280394078970937f,0.03675892829529473f,-5.430015163914424f,-0.6154181065773875f,0.08392596552748614f,-0.9473637837742074f,-3.9890699591580105f,0f,0f,0f,1f], start_interpolation: 0, interpolation_duration: 1 }
$data merge entity $(bone_right_knee) { transformation: [-2.725732479538674f,-0.738671120555711f,1.327143830118913f,-1.7601293832907308f,0.5430102345762015f,2.072363151131026f,2.2687031923893346f,-2.8641901221022374f,-1.418480051079756f,2.2127447357680077f,-1.6817367211301302f,-1.1239057480922912f,0f,0f,0f,1f], start_interpolation: 0, interpolation_duration: 1 }
$data merge entity $(bone_right_leg) { transformation: [-2.08139548550041f,0.7593844411567057f,0.8766495716716421f,-0.5878199999999998f,0.41464782744149287f,2.169165621229879f,-0.8945244853646467f,-0.003907026306085415f,-1.0831649829001149f,-0.6288419087878558f,-2.026992314148104f,-2.107446308324752f,0f,0f,0f,1f], start_interpolation: 0, interpolation_duration: 1 }
$data merge entity $(bone_weist) { transformation: [-2.0892733333333333f,-1.1160551978671747e-17f,2.556186659105781e-16f,0.18750000000000022f,0f,2.0872848080650668f,0.0911328228387333f,1.68236016992368f,-2.5586219002105877e-16f,0.0911328228387333f,-2.0872848080650668f,-1.6637300467293814f,0f,0f,0f,1f], start_interpolation: 0, interpolation_duration: 1 }
data modify entity @s data merge value {"locators":{"consume":{"posx":-0.7223558153886436,"posy":0.8210724487378898,"posz":1.419115504983478,"roty":338.7015083796613,"rotx":-72.01022972973388}},"cameras":{}}
execute on vehicle unless entity @s[tag=aj.transforms_only] at @s run function animated_java:attack/animations/jump_end/zzz/frames/zzz/0