# This file was generated by Animated Java via MC-Build. It is not recommended to edit this file directly.
$data merge entity $(bone_neck) { transformation: [-1f,-7.985902229799879e-17f,9.284467881481581e-17f,0.02499999999999991f,0f,0.7581343361976521f,0.6520984038303922f,4.678799196434957f,-1.2246467991473532e-16f,0.6520984038303922f,-0.7581343361976521f,0.665044162943881f,0f,0f,0f,1f], start_interpolation: 0, interpolation_duration: 1 }
$data merge entity $(bone_right_thumb_2) { transformation: [-0.23905529701402242f,0.5508154451063891f,-0.7996592464304956f,-0.315315275353715f,0.28619608859373297f,0.8269219654336448f,0.48403704605846704f,0.15753550372831804f,0.9278708767081687f,-0.11314772872492314f,-0.35532130198062356f,0.5688667131206642f,0f,0f,0f,1f], start_interpolation: 0, interpolation_duration: 1 }
$data merge entity $(bone_right_thumb) { transformation: [-0.23905529701402242f,-0.852530233297726f,-0.4648061599020201f,-0.5949538347370162f,0.28619608859373297f,0.39555792224156183f,-0.8727117101457885f,0.31314952205234503f,0.9278708767081687f,-0.3416520619947481f,0.14943060159000582f,0.6078711141249911f,0f,0f,0f,1f], start_interpolation: 0, interpolation_duration: 1 }
$data merge entity $(bone_right_fingers2) { transformation: [-0.24747141795216693f,0.8794878428821206f,-0.40652064095110696f,-0.2508042466365721f,-0.09828920711895346f,-0.44019488328630557f,-0.892506412577794f,-0.04474693450711993f,-0.9638968456534505f,-0.1809132359754555f,0.19537981468979307f,0.5533377356515954f,0f,0f,0f,1f], start_interpolation: 0, interpolation_duration: 1 }
$data merge entity $(bone_right_fingers) { transformation: [0.8453366566370857f,0.34662213637668265f,-0.40652064095110696f,-0.12988422830099622f,-0.4485582415440029f,0.04719965519438263f,-0.892506412577794f,-0.008822824430733733f,-0.29017484537531235f,0.936816570692041f,0.19537981468979307f,1.010621319980794f,0f,0f,0f,1f], start_interpolation: 0, interpolation_duration: 1 }
$data merge entity $(bone_right_hand) { transformation: [-0.18784107769355313f,-0.8941234243725112f,-0.40652064095110696f,-0.7839351860541299f,0.2909244975532994f,0.344666853977688f,-0.892506412577794f,0.22626861824927924f,0.9381250802820937f,-0.28591617960076565f,0.19537981468979307f,0.8733778976293772f,0f,0f,0f,1f], start_interpolation: 0, interpolation_duration: 1 }
$data merge entity $(bone_right_forearm) { transformation: [-0.27957262445792813f,-1.3403891115008177f,-0.6254694856194944f,-2.706709994557557f,0.5161035839865806f,0.5081400536275558f,-1.3196388432116384f,0.9490824723638296f,1.3861789705039076f,-0.459528688643912f,0.3651809771377663f,0.16969194767527607f,0f,0f,0f,1f], start_interpolation: 0, interpolation_duration: 1 }
$data merge entity $(bone_right_bicep) { transformation: [-0.29323510280251647f,0.5325338367807924f,-1.457163355706f,-1.9676497251276934f,0.5413251308152552f,1.424882604994854f,0.4118019217723128f,3.002485391929803f,1.4539203675843766f,-0.4231092444169137f,-0.4472116837211478f,-0.5583311088308512f,0f,0f,0f,1f], start_interpolation: 0, interpolation_duration: 1 }
$data merge entity $(bone_right_shoulder) { transformation: [-0.18146894581813636f,0.3395901311539285f,-0.9229017090278423f,-1.7713063152397588f,0.35416421736449455f,0.8980770006020816f,0.2608168095199461f,3.092730227802217f,0.9174076132462872f,-0.2795286100069661f,-0.2832437595876106f,-0.8943254428722975f,0f,0f,0f,1f], start_interpolation: 0, interpolation_duration: 1 }
$data merge entity $(bone_right_arm) { transformation: [-1.4183518198212297f,-0.27477239264658876f,-0.2287452492416785f,-1.4495413541449385f,-0.357069934871698f,1.1358842213650455f,0.8495965153331365f,3.3331434590314f,0.018036585654998397f,0.8796665899616488f,-1.168506531297415f,-0.7927249638970574f,0f,0f,0f,1f], start_interpolation: 0, interpolation_duration: 1 }
$data merge entity $(bone_left_thumb_2) { transformation: [-0.5912082088404407f,0.4665243829430431f,-0.65789653739725f,3.896071150216588f,-0.7686385999581314f,-0.07886038196636765f,0.6348037041562705f,2.307790808087115f,0.24426943413796448f,0.8809858343218305f,0.40521155372248086f,-3.764601757955106f,0f,0f,0f,1f], start_interpolation: 0, interpolation_duration: 1 }
$data merge entity $(bone_left_thumb) { transformation: [-0.5912082088404407f,-0.7027815153378201f,-0.39569052995890036f,3.781882053382092f,-0.7686385999581314f,0.6395607529574275f,0.012519821521549422f,2.604540109443432f,0.24426943413796448f,0.31154483622105733f,-0.9182985672263205f,-3.7113524180598128f,0f,0f,0f,1f], start_interpolation: 0, interpolation_duration: 1 }
$data merge entity $(bone_left_fingers2) { transformation: [0.8852632647431917f,0.32828881241096775f,-0.3294471243492988f,3.878294014844612f,0.3422021519881735f,-0.9394790322220632f,-0.016638364996558436f,2.159214019327272f,-0.3149708546372014f,-0.09800818160180307f,-0.9440274133033526f,-3.9160280373310195f,0f,0f,0f,1f], start_interpolation: 0, interpolation_duration: 1 }
$data merge entity $(bone_left_fingers) { transformation: [-0.22468365315293798f,0.9170506247006368f,-0.3294471243492988f,4.297997561699429f,0.972503598492183f,0.23229273714431148f,-0.016638364996558436f,2.314028123753294f,0.061269951245329635f,-0.32412688257251354f,-0.9440274133033526f,-4.073831696490974f,0f,0f,0f,1f], start_interpolation: 0, interpolation_duration: 1 }
$data merge entity $(bone_left_hand) { transformation: [-0.6326732495628438f,-0.7008488792497063f,-0.3294471243492988f,3.8337553540867493f,-0.7382823572014353f,0.6742865309757665f,-0.016638364996558436f,2.8351037247264f,0.23380273807781632f,0.23269835108804923f,-0.9440274133033526f,-3.951988397621841f,0f,0f,0f,1f], start_interpolation: 0, interpolation_duration: 1 }
$data merge entity $(bone_left_forearm) { transformation: [-1.0262843243474422f,-1.0767372828798047f,-0.2310697065231428f,2.252417444859061f,-1.100623170642574f,0.9921910730938002f,0.26495548821457204f,4.2335387417287755f,-0.03721588183509163f,0.34958489404857f,-1.4637012263469784f,-3.443611895274325f,0f,0f,0f,1f], start_interpolation: 0, interpolation_duration: 1 }
$data merge entity $(bone_left_bicep) { transformation: [-1.0764379736325758f,-0.17048950510636307f,-1.1424179513710497f,1.8833207421488474f,-1.1544096966431519f,0.10601972727611737f,1.0719152148229856f,4.241918927532184f,-0.039034590589686474f,1.566077042843464f,-0.19693439176692976f,-1.0883307533902364f,0f,0f,0f,1f], start_interpolation: 0, interpolation_duration: 1 }
$data merge entity $(bone_left_shoulder) { transformation: [-0.6803566662901857f,-0.11653897232684199f,-0.7235561309003667f,1.6854704436604f,-0.7319372202224796f,0.05795514882643049f,0.678902869619429f,4.073369098865704f,-0.037184839484585175f,0.9914937562352624f,-0.12472938330239519f,-0.8580174674935086f,0f,0f,0f,1f], start_interpolation: 0, interpolation_duration: 1 }
$data merge entity $(bone_left_arm) { transformation: [-1.4183518198212297f,-0.27477239264658876f,-0.2287452492416785f,1.32767838778649f,-0.357069934871698f,1.1358842213650455f,0.8495965153331365f,3.980817753470946f,0.018036585654998397f,0.8796665899616488f,-1.168506531297415f,-0.865479369767546f,0f,0f,0f,1f], start_interpolation: 0, interpolation_duration: 1 }
$data merge entity $(bone_chest) { transformation: [-2.0028120393669195f,-0.38799784960800837f,-0.3230043017020728f,-0.17550000000000004f,-0.5042077391962849f,1.6039480205719132f,1.199689742512444f,4.148816514277286f,0.025468921317037232f,1.2421507924783384f,-1.6500130054166071f,-0.10161684502783752f,0f,0f,0f,1f], start_interpolation: 0, interpolation_duration: 1 }
$data merge entity $(bone_left_cheek) { transformation: [-1.1327247782064724f,-0.08089521244209992f,-0.054009191984547344f,1.2233205851791211f,-0.08362549555921851f,1.1323371850918171f,0.05784226074931796f,0.049295697159567095f,0.04967700380811343f,0.061602883374599585f,-1.1341356759358034f,-2.4099469356795695f,0f,0f,0f,1f], start_interpolation: 0, interpolation_duration: 1 }
$data merge entity $(bone_left_foot) { transformation: [-0.9267002040216571f,-0.10270041295876067f,-0.6433976293430989f,3.1590916019419697f,-0.07323300008192997f,1.1279880385147076f,-0.07457254901599056f,-5.309908781076429f,0.6474139417445531f,-0.019410372120139827f,-0.9293866675872523f,-1.4796335803106844f,0f,0f,0f,1f], start_interpolation: 0, interpolation_duration: 1 }
$data merge entity $(bone_left_knee) { transformation: [-2.554525600180267f,-0.18199778643042755f,-1.7826494562689115f,3.0192071371899734f,-0.636205546503555f,2.994089125659105f,0.6060001075790176f,-1.508512310858369f,1.67517305995516f,0.8595757287883904f,-2.488270103074854f,-0.31302172517241234f,0f,0f,0f,1f], start_interpolation: 0, interpolation_duration: 1 }
$data merge entity $(bone_left_leg) { transformation: [-1.9506602690188894f,-1.3028052319257706f,-0.4183412609131895f,1.1503200000000002f,-0.4858126622048172f,1.3404217537290517f,-1.9090945360080636f,0.14080178174378233f,1.279178228456483f,-1.4776178185989821f,-1.3629875311411184f,-2.3890526989926246f,0f,0f,0f,1f], start_interpolation: 0, interpolation_duration: 1 }
$data merge entity $(bone_right_cheek) { transformation: [-1.1282336769271235f,0.13677695348296331f,0.03012119886724896f,-0.4787990886064586f,0.14003503617985325f,1.1057407886699986f,0.22417392420023902f,-0.04426223203050983f,-0.0023259981488104172f,0.2261765342495693f,-1.1141657042223312f,-2.5050785074443143f,0f,0f,0f,1f], start_interpolation: 0, interpolation_duration: 1 }
$data merge entity $(bone_right_foot) { transformation: [-0.925059723025971f,0.11450673222061836f,0.6437653839026061f,-0.560806651986441f,0.12081994183725883f,1.126042639408643f,-0.026677111688834645f,-5.144135253299535f,-0.6426104596795443f,0.046875739031750095f,-0.9317379538264354f,-4.40884405375221f,0f,0f,0f,1f], start_interpolation: 0, interpolation_duration: 1 }
$data merge entity $(bone_right_knee) { transformation: [-2.6854007501613673f,-0.7931464903666035f,1.376991204049496f,-1.650676689637693f,0.6149974985701062f,1.9744451526992197f,2.3366445463340892f,-2.704765038081031f,-1.465252267687395f,2.282333959783158f,-1.542903369701179f,-1.4604848046190022f,0f,0f,0f,1f], start_interpolation: 0, interpolation_duration: 1 }
$data merge entity $(bone_right_leg) { transformation: [-2.0505977898063126f,0.8163163144852496f,0.8978099727621259f,-0.4003199999999998f,0.469617993228195f,2.1594570299091425f,-0.8908370470836695f,0.14080178174378233f,-1.1188806964651026f,-0.5897112672534317f,-2.019339737735224f,-2.3890526989926246f,0f,0f,0f,1f], start_interpolation: 0, interpolation_duration: 1 }
$data merge entity $(bone_weist) { transformation: [-2.0892733333333333f,-2.1854961018787263e-17f,2.549270895005858e-16f,0.3750000000000002f,0f,2.0816376581237623f,0.17845929972628466f,1.8070089266191498f,-2.5586219002105877e-16f,0.17845929972628466f,-2.0816376581237623f,-1.875112110742347f,0f,0f,0f,1f], start_interpolation: 0, interpolation_duration: 1 }
data modify entity @s data merge value {"locators":{"consume":{"posx":-0.06829002368589276,"posy":-0.0809356296881188,"posz":0.8411215912868941,"roty":244.33037428243136,"rotx":-63.18991116599933}},"cameras":{}}