# This file was generated by Animated Java via MC-Build. It is not recommended to edit this file directly.
$data merge entity $(bone_neck) { transformation: [-1f,-7.871877887341985e-17f,9.381338752702733e-17f,0.021874999999999922f,0f,0.7660444431189782f,0.6427876096865393f,4.68439534754813f,-1.2246467991473532e-16f,0.6427876096865393f,-0.7660444431189782f,0.6386418644704661f,0f,0f,0f,1f], start_interpolation: 0, interpolation_duration: 1 }
$data merge entity $(bone_right_thumb_2) { transformation: [-0.0903278393815051f,0.5914129894461256f,-0.8012936773412512f,-0.4422476086842639f,0.5265262160308947f,0.7113021431656605f,0.4656387064668544f,-0.1557219145936527f,0.8453466893913147f,-0.37984198957242005f,-0.3756448291841763f,0.7629250278902433f,0f,0f,0f,1f], start_interpolation: 0, interpolation_duration: 1 }
$data merge entity $(bone_right_thumb) { transformation: [-0.0903278393815051f,-0.8389146533565106f,-0.5367150881206845f,-0.6960349109390487f,0.5265262160308947f,0.4172156747107416f,-0.7407436969747686f,0.04156685721762321f,0.8453466893913147f,-0.3495043421180716f,0.40402436755195525f,0.7875001295596533f,0f,0f,0f,1f], start_interpolation: 0, interpolation_duration: 1 }
$data merge entity $(bone_right_fingers2) { transformation: [-0.26836241991445414f,0.8204659909175902f,-0.5047941851143639f,-0.38855064047820465f,-0.329685796562766f,-0.5705967421497594f,-0.7521480129554656f,-0.38260486088021683f,-0.9051457822486012f,-0.03542478787089548f,0.42362270628693804f,0.7994036624646024f,0f,0f,0f,1f], start_interpolation: 0, interpolation_duration: 1 }
$data merge entity $(bone_right_fingers) { transformation: [0.7713820280254936f,0.3874952870861805f,-0.5047941851143639f,-0.2456915600719869f,-0.6133126905608377f,0.24108278703418584f,-0.7521480129554656f,-0.24635189971340965f,-0.1697566211854567f,0.8897901394608885f,0.42362270628693804f,1.2307351854660888f,0f,0f,0f,1f], start_interpolation: 0, interpolation_duration: 1 }
$data merge entity $(bone_right_hand) { transformation: [-0.0654432897946127f,-0.8607554858933999f,-0.5047941851143639f,-0.8714404040097836f,0.5226678030013812f,0.401362347901312f,-0.7521480129554656f,0.047303310081474814f,0.8500209076996678f,-0.31306270808188386f,0.42362270628693804f,1.0755211371047246f,0f,0f,0f,1f], start_interpolation: 0, interpolation_duration: 1 }
$data merge entity $(bone_right_forearm) { transformation: [-0.25707170511409577f,-1.2939571866189181f,-0.7249860947937861f,-2.7275378306670865f,0.5494663479562504f,0.6003611114744009f,-1.2663605996359024f,0.9019661231913285f,1.3776852945831681f,-0.4808921241233171f,0.3697862816044046f,0.3412524078771941f,0f,0f,0f,1f], start_interpolation: 0, interpolation_duration: 1 }
$data merge entity $(bone_right_bicep) { transformation: [-0.2696345825093261f,0.513701866019577f,-1.4684385389955785f,-2.01785579304852f,0.5763183049194472f,1.417277782678301f,0.38998084079310524f,2.941181058908968f,1.4450116128855983f,-0.46940200001589943f,-0.4295431981201392f,-0.45287922741004655f,0f,0f,0f,1f], start_interpolation: 0, interpolation_duration: 1 }
$data merge entity $(bone_right_shoulder) { transformation: [-0.16712957752797725f,0.32724288106384625f,-0.9300429028320967f,-1.8285223148565477f,0.37501783963158997f,0.8935068206548986f,0.2469963185985365f,3.024680817444336f,0.9118274640925081f,-0.30750228980644667f,-0.2720533357458004f,-0.7945920920731737f,0f,0f,0f,1f], start_interpolation: 0, interpolation_duration: 1 }
$data merge entity $(bone_right_arm) { transformation: [-1.4084634063389525f,-0.2536079398777474f,-0.30242352328580946f,-1.5067815177040387f,-0.3854514844006301f,1.1248684489572376f,0.851847561078537f,3.270094981317755f,0.08487713342820027f,0.899944513274605f,-1.1499747331352583f,-0.7077882218576996f,0f,0f,0f,1f], start_interpolation: 0, interpolation_duration: 1 }
$data merge entity $(bone_left_thumb_2) { transformation: [-0.6137139491096572f,0.4061617267565559f,-0.6770434553160987f,3.802677739588029f,-0.7881013893791492f,-0.2636103207398707f,0.5562425719576636f,2.418796104979597f,0.047448801111125385f,0.8749527133037279f,0.48187795213680557f,-4.281705900831167f,0f,0f,0f,1f], start_interpolation: 0, interpolation_duration: 1 }
$data merge entity $(bone_left_thumb) { transformation: [-0.6137139491096572f,-0.7025986356314374f,-0.36015322555416857f,3.691862374087579f,-0.7881013893791492f,0.5725690512541776f,0.22596654974695907f,2.699215904093632f,0.047448801111125385f,0.4225160810605125f,-0.9051125745002018f,-4.167602960796869f,0f,0f,0f,1f], start_interpolation: 0, interpolation_duration: 1 }
$data merge entity $(bone_left_fingers2) { transformation: [0.8531717825431359f,0.4054463575942751f,-0.3281937851113325f,3.7969706761284896f,0.48435073074919205f,-0.8493294109685882f,0.20986643677938174f,2.2926328413691217f,-0.19365505181867002f,-0.3380130216090588f,-0.9210021271027675f,-4.481055309740316f,0f,0f,0f,1f], start_interpolation: 0, interpolation_duration: 1 }
$data merge entity $(bone_left_fingers) { transformation: [-0.2739395270624453f,0.9040165789005754f,-0.3281937851113325f,4.208237597936305f,0.9119615326737522f,0.35253686564225567f,0.20986643677938174f,2.5032219846304953f,0.3054231465297678f,-0.2418093948465066f,-0.9210021271027675f,-4.588443394662154f,0f,0f,0f,1f], start_interpolation: 0, interpolation_duration: 1 }
$data merge entity $(bone_left_hand) { transformation: [-0.6335596345127101f,-0.7006361601647588f,-0.3281937851113325f,3.7442374315338767f,-0.772087424850306f,0.5998642238886631f,0.20986643677938174f,2.980562685211756f,0.049831695778326045f,0.38635719738091345f,-0.9210021271027675f,-4.346088077235446f,0f,0f,0f,1f], start_interpolation: 0, interpolation_duration: 1 }
$data merge entity $(bone_left_forearm) { transformation: [-0.9818587133611454f,-1.0615685280473492f,-0.41837976441690267f,2.1867230101312742f,-1.140435907439052f,0.8950532441526884f,0.4053412527399292f,4.237264570111264f,-0.0370851457840455f,0.5813500240031768f,-1.3880463758718742f,-3.5037425734835317f,0f,0f,0f,1f], start_interpolation: 0, interpolation_duration: 1 }
$data merge entity $(bone_left_bicep) { transformation: [-1.0298413205092947f,-0.18701184737286614f,-1.1820988036362714f,1.7988119719610822f,-1.1961680483058041f,0.11015225456099163f,1.0246719665687438f,4.247540903013646f,-0.03889746557809839f,1.5639044752803037f,-0.213527369239361f,-1.1514944394151314f,0f,0f,0f,1f], start_interpolation: 0, interpolation_duration: 1 }
$data merge entity $(bone_left_shoulder) { transformation: [-0.6508914523975602f,-0.12572310946879087f,-0.7486881974101721f,1.6060913825332201f,-0.7583310328774904f,0.061298843421065174f,0.6489811217363706f,4.073216108359241f,-0.03569820402699478f,0.9901697589508267f,-0.13523862868466585f,-0.9211303028936397f,0f,0f,0f,1f], start_interpolation: 0, interpolation_duration: 1 }
$data merge entity $(bone_left_arm) { transformation: [-1.4084634063389525f,-0.2536079398777474f,-0.30242352328580946f,1.2502536294628082f,-0.3854514844006301f,1.1248684489572376f,0.851847561078537f,3.9735778440885396f,0.08487713342820027f,0.899944513274605f,-1.1499747331352583f,-0.9117336785354707f,0f,0f,0f,1f], start_interpolation: 0, interpolation_duration: 1 }
$data merge entity $(bone_chest) { transformation: [-1.9888489074445175f,-0.358112161008271f,-0.4270431813602663f,-0.216625f,-0.5442844735424912f,1.5883929789433389f,1.2028683766545867f,4.1066542169846745f,0.1198524529114208f,1.2707846394385844f,-1.6238448093797708f,-0.07433992392704292f,0f,0f,0f,1f], start_interpolation: 0, interpolation_duration: 1 }
$data merge entity $(bone_left_cheek) { transformation: [-1.1324146277929679f,-0.08840441938366207f,-0.04845844376091796f,1.2075195636996103f,-0.09069570076926443f,1.1319652214521665f,0.054364314237353835f,0.025879216392750745f,0.04402104042687434f,0.05801592396888378f,-1.1345583951227676f,-2.447311778408568f,0f,0f,0f,1f], start_interpolation: 0, interpolation_duration: 1 }
$data merge entity $(bone_left_foot) { transformation: [-0.9320974434928296f,-0.10426019348574954f,-0.6352993942138193f,3.155072146348009f,-0.07454101770727006f,1.127825592411189f,-0.07572464712043969f,-5.318160433022686f,0.6394678607352338f,-0.0205035986271854f,-0.9348484422247487f,-1.4383645445374653f,0f,0f,0f,1f], start_interpolation: 0, interpolation_duration: 1 }
$data merge entity $(bone_left_knee) { transformation: [-2.5659813760655013f,-0.19964126682813177f,-1.7642126466052872f,2.9921630506520227f,-0.6260816933874426f,3.003132245554943f,0.5707729400479801f,-1.5040832339514323f,1.6614224661620187f,0.823348893522765f,-2.509648443237564f,-0.31700744089975874f,0f,0f,0f,1f], start_interpolation: 0, interpolation_duration: 1 }
$data merge entity $(bone_left_leg) { transformation: [-1.9594080094480844f,-1.2952547935954568f,-0.40052670350818126f,1.1346950000000002f,-0.47808199078716146f,1.3188012746311077f,-1.9260288617154198f,0.11473451336066964f,1.2686781430450058f,-1.5034841488169406f,-1.3443874261761448f,-2.4270127142736055f,0f,0f,0f,1f], start_interpolation: 0, interpolation_duration: 1 }
$data merge entity $(bone_right_cheek) { transformation: [-1.1272314988197096f,0.14571904886548157f,0.02532900006293842f,-0.49375296578246386f,0.14789189352161206f,1.1079947327704622f,0.20736950441490287f,-0.06740392409490159f,0.0018940108344677805f,0.2089020878986844f,-1.1175342418791057f,-2.5382793367510543f,0f,0f,0f,1f], start_interpolation: 0, interpolation_duration: 1 }
$data merge entity $(bone_right_foot) { transformation: [-0.9316008519904997f,0.11609828112540359f,0.6339733386273446f,-0.6825240688879513f,0.12360929543405635f,1.1257888182489364f,-0.02452409402933509f,-5.23434917413516f,-0.632551774207354f,0.04900896066425277f,-0.9384868284220821f,-4.326122328390719f,0f,0f,0f,1f], start_interpolation: 0, interpolation_duration: 1 }
$data merge entity $(bone_right_knee) { transformation: [-2.6899725818419338f,-0.7322331663687811f,1.4015867505031447f,-1.6956894613853857f,0.623745887557653f,2.0501131219490762f,2.268157969618717f,-2.695977812759847f,-1.4531179913796852f,2.235494150620738f,-1.620980359488328f,-1.4345254119776434f,0f,0f,0f,1f], start_interpolation: 0, interpolation_duration: 1 }
$data merge entity $(bone_right_leg) { transformation: [-2.054088884362301f,0.839662828069118f,0.8677969568641339f,-0.4159449999999998f,0.47629834703428936f,2.1369293775546736f,-0.9402441640343441f,0.11473451336066964f,-1.1096148466004248f,-0.6370914679598292f,-2.0100387363683194f,-2.4270127142736055f,0f,0f,0f,1f], start_interpolation: 0, interpolation_duration: 1 }
$data merge entity $(bone_weist) { transformation: [-2.0892733333333333f,-2.363414079760892e-17f,2.5476830193556495e-16f,0.3593750000000002f,0f,2.080341059258429f,0.1929874051364355f,1.7773131009189878f,-2.5586219002105877e-16f,0.1929874051364355f,-2.080341059258429f,-1.9014524246042344f,0f,0f,0f,1f], start_interpolation: 0, interpolation_duration: 1 }
data modify entity @s data merge value {"locators":{"consume":{"posx":-0.20920373822981764,"posy":-0.3637707420882113,"posz":1.0803832148633128,"roty":229.9966637307433,"rotx":-48.77678955715538}},"cameras":{}}