# This file was generated by Animated Java via MC-Build. It is not recommended to edit this file directly.
$data merge entity $(bone_right_thumb_2) { transformation: [-0.8008789028997698f,-0.5880599826168265f,-0.11304176102113239f,0.2345384217930811f,0.05865899838048391f,0.11082343034067932f,-0.9921074988107503f,-0.649491475801023f,0.5959463942327863f,-0.8011888816828543f,-0.054261137738884385f,2.0987656007484365f,0f,0f,0f,1f], start_interpolation: 0, interpolation_duration: 1 }
$data merge entity $(bone_right_thumb) { transformation: [-0.5437645677720431f,-0.8315898358571516f,-0.11304176102113239f,-0.08406586916602848f,0.016065245379591545f,0.12435682005571921f,-0.9921074988107503f,-0.6114763872460273f,0.8390840260227679f,-0.5412889489031761f,-0.054261137738884385f,2.067445499930848f,0f,0f,0f,1f], start_interpolation: 0, interpolation_duration: 1 }
$data merge entity $(bone_right_fingers2) { transformation: [0.8262114502715042f,-0.551902346167779f,-0.11304176102113239f,0.5370059332850765f,-0.12419310952702498f,0.017285321792937493f,-0.9921074988107503f,-0.8787935695342818f,0.5495004194595908f,0.83372958322529f,-0.054261137738884385f,2.5490808273222165f,0f,0f,0f,1f], start_interpolation: 0, interpolation_duration: 1 }
$data merge entity $(bone_right_fingers) { transformation: [0.023970586252735515f,-0.993301047648668f,-0.11304176102113239f,0.06613262981794282f,-0.057318375521479996f,0.11152270903746744f,-0.9921074988107503f,-0.8315453686528429f,0.9980681413722607f,0.030260768480047495f,-0.054261137738884385f,2.516424914971902f,0f,0f,0f,1f], start_interpolation: 0, interpolation_duration: 1 }
$data merge entity $(bone_right_hand) { transformation: [-0.79409104170551f,-0.5971942546176237f,-0.11304176102113239f,-0.40786865814817674f,0.05738583760728468f,0.11148801032213002f,-0.9921074988107503f,-0.7783709770247713f,0.6050836992723969f,-0.794310673355277f,-0.054261137738884385f,1.9926103849907884f,0f,0f,0f,1f], start_interpolation: 0, interpolation_duration: 1 }
$data merge entity $(bone_right_forearm) { transformation: [-1.1581902261696824f,-0.8776033473163977f,-0.39296776560098956f,-1.6366720213593757f,0.06267230605972034f,0.5449851689420186f,-1.4018128433224444f,0.018946534619499467f,0.9595225281751006f,-1.0949061285926087f,-0.38277014971411966f,0.3897398189977814f,0f,0f,0f,1f], start_interpolation: 0, interpolation_duration: 1 }
$data merge entity $(bone_right_bicep) { transformation: [-1.4687583439194813f,-0.246046125139742f,-0.5245134788688132f,-2.029251451375514f,-0.07396512719521832f,1.4973718152884858f,-0.4952887690863824f,2.1217138418779413f,0.5746148668198046f,-0.43616867050239533f,-1.404449644432393f,-0.3599416580696457f,0f,0f,0f,1f], start_interpolation: 0, interpolation_duration: 1 }
$data merge entity $(bone_right_shoulder) { transformation: [-0.9861024330017406f,-0.1650117460270565f,0.019316192718801868f,-1.795433125f,-0.16553079067983584f,0.9658973779836713f,-0.19910251766659642f,2.6621050755010507f,0.014196794178829943f,-0.19953290174147012f,-0.9797882792510191f,-0.4013554779174193f,0f,0f,0f,1f], start_interpolation: 0, interpolation_duration: 1 }
data modify entity @s data merge value {"locators":{"consume":{"posx":0.23633899547525983,"posy":-0.8522022687120978,"posz":2.4251706201621115,"roty":295.641455849498,"rotx":-82.79670814168881}},"cameras":{}}