# This file was generated by Animated Java via MC-Build. It is not recommended to edit this file directly.
$data merge entity $(bone_right_thumb_2) { transformation: [-0.6609492770056815f,-0.6972426316677296f,0.2774865146466151f,-0.30010721376391225f,0.2867100116430252f,-0.5763427615439182f,-0.7652623017237865f,3.2259364126717975f,0.6935008453126238f,-0.42624140319892684f,0.5808397745933787f,1.5388844994818243f,0f,0f,0f,1f], start_interpolation: 0, interpolation_duration: 1 }
$data merge entity $(bone_right_thumb) { transformation: [-0.5437391165351136f,-0.7920536644311977f,0.2774865146466151f,-0.607375545329311f,0.3733400072136443f,-0.5243956984702767f,-0.7652623017237865f,3.1307256473534477f,0.7516415449955721f,-0.3125062304770629f,0.5808397745933787f,1.5602356698276247f,0f,0f,0f,1f], start_interpolation: 0, interpolation_duration: 1 }
$data merge entity $(bone_right_fingers2) { transformation: [0.5785922726266752f,-0.7669629823179042f,0.2774865146466151f,0.21028188615683036f,0.6157593682589406f,0.1876539633521325f,-0.7652623017237865f,3.51559296122273f,0.534856412935332f,0.6136397752690608f,0.5808397745933787f,1.967407829822057f,0f,0f,0f,1f], start_interpolation: 0, interpolation_duration: 1 }
$data merge entity $(bone_right_fingers) { transformation: [-0.04139242749478611f,-0.9598374347436984f,0.2774865146466151f,-0.23857840952451104f,0.594497665036984f,-0.2468727117888635f,-0.7652623017237865f,3.3651547535259296f,0.803031252948267f,0.13328902069806847f,0.5808397745933787f,1.997627850368856f,0f,0f,0f,1f], start_interpolation: 0, interpolation_duration: 1 }
data modify entity @s data merge value {"locators":{"consume":{"posx":-0.09761119733598522,"posy":3.3143617253686557,"posz":1.8740455938351128,"roty":154.4646394290877,"rotx":-49.93033318334053}},"cameras":{}}