# This file was generated by Animated Java via MC-Build. It is not recommended to edit this file directly.
$data merge entity $(bone_right_thumb_2) { transformation: [-0.6620892523047868f,-0.6961602230605846f,0.2774865146466151f,-0.3016474343358667f,0.28576658962099083f,-0.5768111179726007f,-0.7652623017237865f,3.225588703146346f,0.6928024814035219f,-0.42737557020896355f,0.5808397745933787f,1.5391622033402308f,0f,0f,0f,1f], start_interpolation: 0, interpolation_duration: 1 }
$data merge entity $(bone_right_thumb) { transformation: [-0.5489114126486055f,-0.7884779611716403f,0.2774865146466151f,-0.6086541746099263f,0.3698998735751417f,-0.5268279539750216f,-0.7652623017237865f,3.129173101451122f,0.7495801121916237f,-0.31741898439933736f,0.5808397745933787f,1.5588010186473984f,0f,0f,0f,1f], start_interpolation: 0, interpolation_duration: 1 }
$data merge entity $(bone_right_fingers2) { transformation: [0.567658313295763f,-0.7750904937718457f,0.2774865146466151f,0.2097781060960302f,0.618358450370887f,0.17890342762319703f,-0.7652623017237865f,3.5176435467053437f,0.5435042467185748f,0.6059936386210572f,0.5808397745933787f,1.9703501695416854f,0f,0f,0f,1f], start_interpolation: 0, interpolation_duration: 1 }
$data merge entity $(bone_right_fingers) { transformation: [-0.04872029111239712f,-0.9594933910263257f,0.2774865146466151f,-0.23857840952451104f,0.5925952776712038f,-0.2514049451426962f,-0.7652623017237865f,3.3651547535259296f,0.8040256028981371f,0.1271533960796994f,0.5808397745933787f,1.997627850368856f,0f,0f,0f,1f], start_interpolation: 0, interpolation_duration: 1 }
data modify entity @s data merge value {"locators":{"consume":{"posx":-0.09761119733598522,"posy":3.3143617253686557,"posz":1.8740455938351128,"roty":154.4646394290877,"rotx":-49.93033318334053}},"cameras":{}}
execute on vehicle unless entity @s[tag=aj.transforms_only] at @s run function animated_java:attack/animations/consume/zzz/frames/zzz/5