# This file was generated by Animated Java via MC-Build. It is not recommended to edit this file directly.
$data merge entity $(bone_right_thumb_2) { transformation: [-0.9599180034994651f,0.28026959920196604f,0.002525533759438023f,-2.0606559417078567f,0.18237302168612216f,0.6177310720681786f,0.764949935330785f,4.448590908711094f,0.2128321111079669f,0.7347498039228512f,-0.644084791092491f,-6.435840001183194f,0f,0f,0f,1f], start_interpolation: 0, interpolation_duration: 1 }
$data merge entity $(bone_right_thumb) { transformation: [-0.9599180034994651f,0.28026959920196604f,0.002525533759438023f,-2.18437719981991f,0.18237302168612216f,0.6177310720681786f,0.764949935330785f,4.645496904995549f,0.2128321111079669f,0.7347498039228512f,-0.644084791092491f,-6.136928243643698f,0f,0f,0f,1f], start_interpolation: 0, interpolation_duration: 1 }
$data merge entity $(bone_right_fingers_2) { transformation: [0.9704546157097355f,-0.22038261039151863f,0.09823107392617376f,-2.0717849734626306f,-0.16829144303906068f,-0.3265005693734722f,0.9300942793064739f,4.554866416230034f,-0.1729041036167155f,-0.9191457355804997f,-0.35394249210384665f,-6.9588604086446315f,0f,0f,0f,1f], start_interpolation: 0, interpolation_duration: 1 }
$data merge entity $(bone_right_fingers) { transformation: [-0.3451669523197825f,-0.9333865389759932f,0.09823107392617376f,-2.498414839006704f,-0.30174087049784615f,0.20946856249225804f,0.9300942793064739f,4.640894641124122f,-0.8887138021306267f,0.2913974780018581f,-0.35394249210384665f,-6.875051454836382f,0f,0f,0f,1f], start_interpolation: 0, interpolation_duration: 1 }
$data merge entity $(bone_right_hand) { transformation: [-0.9791439124019682f,0.17784221917609233f,0.09823107392617376f,-2.325472388993397f,0.15388951206511364f,0.33353058282222375f,0.9300942793064739f,4.891940273177275f,0.13264696333700182f,0.9258128835789609f,-0.35394249210384665f,-6.143039730926924f,0f,0f,0f,1f], start_interpolation: 0, interpolation_duration: 1 }
$data merge entity $(bone_right_forearm) { transformation: [-1.8129798357936993f,0.08849273304825292f,0.17916950866876977f,-2.1054839284880096f,0.19888179694834296f,0.6397789844328415f,1.696454374144553f,5.893007907542812f,0.019460408052140086f,1.7057785462683133f,-0.6455768004216937f,-3.6608724233878913f,0f,0f,0f,1f], start_interpolation: 0, interpolation_duration: 1 }
$data merge entity $(bone_right_bicep) { transformation: [-1.56836039989542f,-0.01425318341529877f,0.2240023631257367f,-2.125925744558192f,0.19746011106454947f,-0.8394065012316868f,1.3291127815621446f,4.565412764199011f,0.10672261457517017f,1.3436249954269288f,0.8327164650021831f,-1.5752589102460333f,0f,0f,0f,1f], start_interpolation: 0, interpolation_duration: 1 }
$data merge entity $(bone_right_shoulder) { transformation: [-1.0035645139668348f,-0.09694965684240588f,0.09935798413560205f,-1.7068336793965833f,0.1355180198844786f,-0.5269599393425194f,0.8546116470547066f,4.373092189197215f,-0.030101682011822638f,0.8598412440870162f,0.5349578510254721f,-1.3848719856976044f,0f,0f,0f,1f], start_interpolation: 0, interpolation_duration: 1 }
$data merge entity $(bone_right_arm) { transformation: [-1.2678546581035708f,-0.024404380140762506f,0.39900729750378233f,-1.626996112336441f,0.24335410749537867f,1.005584369269222f,0.8347674442339004f,4.062153388266801f,-0.3171453540515049f,0.8691733623493161f,-0.9545754668396728f,-1.354200816510633f,0f,0f,0f,1f], start_interpolation: 0, interpolation_duration: 1 }
$data merge entity $(bone_left_thumb_2) { transformation: [0.3239946947626552f,0.775022732467147f,-0.5425561739809169f,-0.09159922021137047f,-0.020741607262373504f,-0.5675339241421338f,-0.823088713733826f,1.7063751135821197f,-0.945831498467791f,0.27792986364726546f,-0.16780276338363748f,-0.5867284637579717f,0f,0f,0f,1f], start_interpolation: 0, interpolation_duration: 1 }
$data merge entity $(bone_left_thumb) { transformation: [0.3239946947626552f,0.775022732467147f,-0.5425561739809169f,0.09818945049503257f,-0.020741607262373504f,-0.5675339241421338f,-0.823088713733826f,1.5716510850511929f,-0.945831498467791f,0.27792986364726546f,-0.16780276338363748f,-0.28796960366366814f,0f,0f,0f,1f], start_interpolation: 0, interpolation_duration: 1 }
$data merge entity $(bone_left_fingers_2) { transformation: [-0.3635478258551275f,-0.8988460518594806f,-0.24476264701263814f,-0.5415073303447288f,0.031704988584023985f,0.2506501319286633f,-0.967558424625113f,1.543135053482248f,0.9310358596825881f,-0.3595139585896032f,-0.06262540669996666f,-0.8231688593805389f,0f,0f,0f,1f], start_interpolation: 0, interpolation_duration: 1 }
$data merge entity $(bone_left_fingers) { transformation: [0.9386088126809677f,-0.24311467126644248f,-0.24476264701263814f,-0.6946467313905682f,-0.25264411673759374f,-0.0012826592885559762f,-0.967558424625113f,1.5462295582981354f,0.23491370125112895f,0.9699967069017081f,-0.06262540669996666f,-0.4072643195179867f,0f,0f,0f,1f], start_interpolation: 0, interpolation_duration: 1 }
$data merge entity $(bone_left_hand) { transformation: [0.4024089229983783f,0.8821328161442878f,-0.24476264701263814f,0.019801905123663754f,-0.042608017657911376f,-0.24902861636412899f,-0.967558424625113f,1.355845327267878f,-0.9144679412218604f,0.39978299477731083f,-0.06262540669996666f,-0.12074877947095675f,0f,0f,0f,1f], start_interpolation: 0, interpolation_duration: 1 }
$data merge entity $(bone_left_forearm) { transformation: [-0.3216306584746243f,1.738987098672889f,-0.4464371756607352f,2.545162146527661f,0.19686816848535332f,-0.4166493768895469f,-1.7647874610298775f,0.6801445259490446f,-1.784551821998988f,-0.3593824272558503f,-0.11422621071055174f,-0.7352973554015688f,0f,0f,0f,1f], start_interpolation: 0, interpolation_duration: 1 }
$data merge entity $(bone_left_bicep) { transformation: [-0.2175698827291071f,-0.14381051010974355f,1.5627272440175621f,2.299943571076503f,0.24099653852831193f,1.5558984759681667f,0.17673470734639365f,3.106503476303882f,-1.5507155027374042f,0.26197905554723067f,-0.19178884197983628f,-0.32865186733992247f,0f,0f,0f,1f], start_interpolation: 0, interpolation_duration: 1 }
$data merge entity $(bone_left_shoulder) { transformation: [-0.8596986919103182f,-0.017098281863323957f,0.5357600083543478f,1.906409065947278f,0.09915073705815128f,0.9900588843165842f,0.19069744516764364f,3.36279394450434f,-0.526782943094548f,0.2142522648887602f,-0.8384561267720112f,-0.4969323857362579f,0f,0f,0f,1f], start_interpolation: 0, interpolation_duration: 1 }
$data merge entity $(bone_left_arm) { transformation: [-1.2678546581035708f,-0.024404380140762506f,0.39900729750378233f,1.7105620769938563f,0.24335410749537867f,1.005584369269222f,0.8347674442339004f,3.421536982287546f,-0.3171453540515049f,0.8691733623493161f,-0.9545754668396728f,-0.5193329814183011f,0f,0f,0f,1f], start_interpolation: 0, interpolation_duration: 1 }
$data merge entity $(bone_chest) { transformation: [-2.5106817958414775f,-0.048327016481413146f,0.7901381691092982f,1.0840363484542409e-16f,0.48190439158522697f,1.991318448033597f,1.6530565334153315f,4.251964713247415f,-0.6280302414504106f,1.72118919493885f,-1.8903075617011815f,-0.3783010586503106f,0f,0f,0f,1f], start_interpolation: 0, interpolation_duration: 1 }
$data merge entity $(bone_weist) { transformation: [-1.9031861480095595f,0.018404162838492683f,0.42152463076798924f,3.589832535425454e-16f,0.2109631055148478f,1.7281263217356455f,0.8770480179359051f,0.9281327217984547f,-0.3653988172742306f,0.9018757921376883f,-1.6891545226591766f,-2.424438923637869f,0f,0f,0f,1f], start_interpolation: 0, interpolation_duration: 1 }
$data merge entity $(bone_right_cheek) { transformation: [-0.9963251311567147f,0.05698125307538898f,0.06394818076781836f,-0.6886093396018856f,0.07749959410283944f,0.9176334351317541f,0.38979827044535703f,-0.3232044592876364f,-0.03646979489180375f,0.39332177097925186f,-0.9186772765962455f,-3.954416442964183f,0f,0f,0f,1f], start_interpolation: 0, interpolation_duration: 1 }
$data merge entity $(bone_right_foot) { transformation: [-1.1744489800952926f,0.038476261531003635f,0.06913801651976854f,-1.1590467029347853f,0.04494095412589849f,1.1709302982145018f,0.11177406784274711f,-6.218056289221064f,-0.0651214148490638f,0.1141608904067368f,-1.1697509937188173f,-1.9151086392203838f,0f,0f,0f,1f], start_interpolation: 0, interpolation_duration: 1 }
$data merge entity $(bone_right_knee) { transformation: [-2.8980697507024136f,0.0949440048507421f,0.17060493703459778f,-1.1003090703374396f,0.1108962772562531f,2.8893870529489214f,0.27581363721882735f,-2.6204484125652536f,-0.16069357264178633f,0.28170335945472325f,-2.8864770017302357f,-1.6678522713274835f,0f,0f,0f,1f], start_interpolation: 0, interpolation_duration: 1 }
$data merge entity $(bone_right_leg) { transformation: [-2.4667876927603563f,0.20026502262064785f,-0.06975043010512483f,-0.7678749999999994f,0.19188017941980123f,1.761072527839514f,-1.7296873334142882f,-0.13198562500000044f,-0.09029506371293713f,-1.7287365893457447f,-1.7701212752422872f,-4.054126666666667f,0f,0f,0f,1f], start_interpolation: 0, interpolation_duration: 1 }
$data merge entity $(bone_left_cheek) { transformation: [-0.981581286373426f,-0.023227682293060006f,0.18962766943877904f,0.9167135553828702f,0.062473904729150154f,0.8989830811388927f,0.433504822411373f,-0.5453459201872934f,-0.1805413788287418f,0.43736700218616814f,-0.8809738452016048f,-3.6313293910103615f,0f,0f,0f,1f], start_interpolation: 0, interpolation_duration: 1 }
$data merge entity $(bone_left_foot) { transformation: [-1.1766158841526457f,0.029022334817920714f,0.01799055635512798f,0.818197456357315f,0.03299826155639276f,0.8069922288588074f,0.8563092619914331f,-5.522066536792616f,0.008778995985101028f,0.8564532337026777f,-0.8074662114208143f,-8.561402451305746f,0f,0f,0f,1f], start_interpolation: 0, interpolation_duration: 1 }
$data merge entity $(bone_left_knee) { transformation: [-2.9034168021348052f,0.057685380487275756f,0.0614162722197033f,0.9569276110735596f,0.08142649469080289f,1.3765886205687192f,2.5564237098370652f,-3.728119224123094f,0.02166304636229911f,2.5570695835531683f,-1.3776264173655923f,-5.4357224740851136f,0f,0f,0f,1f], start_interpolation: 0, interpolation_duration: 1 }
$data merge entity $(bone_left_leg) { transformation: [-2.4753626362207077f,-0.03652461667619615f,0.03547526628776305f,0.8512083333333338f,-0.01530292237910792f,2.178935197001054f,1.175593446211613f,-0.7049022916666674f,-0.04856297672290858f,1.175125560349061f,-2.1787001348614217f,-3.616626666666667f,0f,0f,0f,1f], start_interpolation: 0, interpolation_duration: 1 }
data modify entity @s data merge value {"locators":{"consume":{"posx":-0.6344883124263907,"posy":1.7103656021114855,"posz":-0.6159275686784567,"roty":284.35190399512845,"rotx":-75.36577446083898}},"cameras":{}}