# This file was generated by Animated Java via MC-Build. It is not recommended to edit this file directly.
$data merge entity $(bone_right_thumb_2) { transformation: [-0.9606337321797074f,0.2778111323069333f,0.0019512469925399983f,-2.0514352906042177f,0.17860260230939473f,0.6121736725784475f,0.7702885855639612f,4.494732205981169f,0.21280024212109924f,0.7403136965963519f,-0.63769247101173f,-6.437296025150627f,0f,0f,0f,1f], start_interpolation: 0, interpolation_duration: 1 }
$data merge entity $(bone_right_thumb) { transformation: [-0.9606337321797074f,0.2778111323069333f,0.0019512469925399983f,-2.1760422718522188f,0.17860260230939473f,0.6121736725784475f,0.7702885855639612f,4.688885975294526f,0.21280024212109924f,0.7403136965963519f,-0.63769247101173f,-6.136955262078697f,0f,0f,0f,1f], start_interpolation: 0, interpolation_duration: 1 }
$data merge entity $(bone_right_fingers_2) { transformation: [0.9710774611438318f,-0.21823961704305653f,0.09685057568930416f,-2.0619552664445826f,-0.1648320492635524f,-0.3192946410801207f,0.9332102269655507f,4.6053344903429805f,-0.17273957275050622f,-0.9221834967783887f,-0.34603271272461456f,-6.959431209053802f,0f,0f,0f,1f], start_interpolation: 0, interpolation_duration: 1 }
$data merge entity $(bone_right_fingers) { transformation: [-0.34312359021934574f,-0.9342837726427858f,0.09685057568930416f,-2.4888964887211387f,-0.29504813141688147f,0.2050982019285199f,0.9332102269655507f,4.689776552811752f,-0.8917470504478234f,0.2916308621220518f,-0.34603271272461456f,-6.8755946466359905f,0f,0f,0f,1f], start_interpolation: 0, interpolation_duration: 1 }
$data merge entity $(bone_right_hand) { transformation: [-0.9796726889682347f,0.1756740973461909f,0.09685057568930416f,-2.317641962675525f,0.15074772904349532f,0.32618061633876133f,0.9332102269655507f,4.935078346404522f,0.13235008378530597f,0.9288405767657154f,-0.34603271272461456f,-6.141242495621553f,0f,0f,0f,1f], start_interpolation: 0, interpolation_duration: 1 }
$data merge entity $(bone_right_forearm) { transformation: [-1.8134198772107606f,0.08444611010795985f,0.17665153567985667f,-2.1036886552767036f,0.1949501763825352f,0.6257396547548284f,1.7021377367384911f,5.915903336960301f,0.01820272778557547f,1.711183012009075f,-0.631149682520891f,-3.6504811272645443f,0f,0f,0f,1f], start_interpolation: 0, interpolation_duration: 1 }
$data merge entity $(bone_right_bicep) { transformation: [-1.5689369564441296f,-0.01463478220814585f,0.2199027188032428f,-2.124671336487012f,0.19330978112446404f,-0.8505899367471985f,1.322596931763232f,4.570953340331302f,0.10584286045336132f,1.336569167135627f,0.8441058619847001f,-1.5760222358108957f,0f,0f,0f,1f], start_interpolation: 0, interpolation_duration: 1 }
$data merge entity $(bone_right_shoulder) { transformation: [-1.0037962627170887f,-0.09721488103996943f,0.09672284387066989f,-1.705481538961401f,0.13368100500412325f,-0.5342993205196233f,0.8503332309513704f,4.377924706003606f,-0.030584808698649286f,0.8552698297400028f,0.5422094304604205f,-1.386569329606016f,0f,0f,0f,1f], start_interpolation: 0, interpolation_duration: 1 }
$data merge entity $(bone_right_arm) { transformation: [-1.2678546581035708f,-0.02788540224252293f,0.3987791388389059f,-1.6250435809134745f,0.24335410749537867f,0.998261451962729f,0.8435109265425321f,4.066907711084187f,-0.3171453540515049f,0.877470403588227f,-0.946954247330096f,-1.3583583488751705f,0f,0f,0f,1f], start_interpolation: 0, interpolation_duration: 1 }
$data merge entity $(bone_left_thumb_2) { transformation: [0.3255396340034704f,0.7757637849135233f,-0.5405686789941971f,-0.08595128763224234f,-0.012195095499334905f,-0.5682182800877774f,-0.8227874973648116f,1.7080137203703307f,-0.9454497481826566f,0.27444222741905583f,-0.17551705749191046f,-0.6080499047005501f,0f,0f,0f,1f], start_interpolation: 0, interpolation_duration: 1 }
$data merge entity $(bone_left_thumb) { transformation: [0.3255396340034704f,0.7757637849135233f,-0.5405686789941971f,0.10364343326947272f,-0.012195095499334905f,-0.5682182800877774f,-0.8227874973648116f,1.5712015397049877f,-0.9454497481826566f,0.27444222741905583f,-0.17551705749191046f,-0.3101179847846949f,0f,0f,0f,1f], start_interpolation: 0, interpolation_duration: 1 }
$data merge entity $(bone_left_fingers_2) { transformation: [-0.3650920186592245f,-0.8987952449537339f,-0.24264155777584706f,-0.5351412653692578f,0.023199155906051948f,0.2517683217058203f,-0.9675094373445051f,1.545814218197018f,0.9306823395104148f,-0.35885905288008524f,-0.07106731379072304f,-0.8465627363526119f,0f,0f,0f,1f], start_interpolation: 0, interpolation_duration: 1 }
$data merge entity $(bone_left_fingers) { transformation: [0.9387599980421152f,-0.2446522849189805f,-0.24264155777584706f,-0.688947390634377f,-0.2526425062950802f,-0.00986167644262849f,-0.9675094373445051f,1.545128695833638f,0.23431054199268975f,0.9695607287950884f,-0.07106731379072304f,-0.4308933433477443f,0f,0f,0f,1f], start_interpolation: 0, interpolation_duration: 1 }
$data merge entity $(bone_left_hand) { transformation: [0.40394942990698834f,0.8820147008513687f,-0.24264155777584706f,0.02544118823067487f,-0.034159055400948324f,-0.25051676108283394f,-0.9675094373445051f,1.3538490558268017f,-0.9141433241083885f,0.3991132920595816f,-0.07106731379072304f,-0.14482478157190848f,0f,0f,0f,1f], start_interpolation: 0, interpolation_duration: 1 }
$data merge entity $(bone_left_forearm) { transformation: [-0.3192054168761797f,1.7404222704716588f,-0.44256839462018494f,2.5531803308739813f,0.21104863245976055f,-0.41003367689958964f,-1.7646981102099513f,0.6885294558979571f,-1.783366181749356f,-0.36004342222568936f,-0.12962390805034643f,-0.7609177377438792f,0f,0f,0f,1f], start_interpolation: 0, interpolation_duration: 1 }
$data merge entity $(bone_left_bicep) { transformation: [-0.21560868044109432f,-0.14747574343929287f,1.5626574665930422f,2.302249067292656f,0.25344480058389085f,1.5533619865995305f,0.1815676940649348f,3.1109051925138154f,-1.5490039334549635f,0.27468527366441353f,-0.1878014122855958f,-0.33449101451176944f,0f,0f,0f,1f], start_interpolation: 0, interpolation_duration: 1 }
$data merge entity $(bone_left_shoulder) { transformation: [-0.8590658563079139f,-0.0195063663037491f,0.5366920298145065f,1.9084480179473067f,0.10174813953871867f,0.988203464903212f,0.19878180681474866f,3.3677703825627066f,-0.527319778970219f,0.2224553714652684f,-0.8359787300403577f,-0.5012649674094011f,0f,0f,0f,1f], start_interpolation: 0, interpolation_duration: 1 }
$data merge entity $(bone_left_arm) { transformation: [-1.2678546581035708f,-0.02788540224252293f,0.3987791388389059f,1.7125146084168228f,0.24335410749537867f,0.998261451962729f,0.8435109265425321f,3.4262913051049315f,-0.3171453540515049f,0.877470403588227f,-0.946954247330096f,-0.5234905137828386f,0f,0f,0f,1f], start_interpolation: 0, interpolation_duration: 1 }
$data merge entity $(bone_chest) { transformation: [-2.5106817958414775f,-0.05522034511806022f,0.7896863556440817f,1.0840363484542409e-16f,0.48190439158522697f,1.9768171682091689f,1.6703709012131194f,4.251964713247415f,-0.6280302414504106f,1.737619493368355f,-1.875215565972407f,-0.3783010586503106f,0f,0f,0f,1f], start_interpolation: 0, interpolation_duration: 1 }
$data merge entity $(bone_weist) { transformation: [-1.9031861480095595f,0.018404162838492683f,0.42152463076798924f,3.5992624333372037e-16f,0.2109631055148478f,1.7281263217356455f,0.8770480179359051f,0.9147952643142971f,-0.3653988172742306f,0.9018757921376883f,-1.6891545226591766f,-2.432139019631518f,0f,0f,0f,1f], start_interpolation: 0, interpolation_duration: 1 }
$data merge entity $(bone_right_cheek) { transformation: [-0.9963251311567147f,0.05698125307538898f,0.06394818076781836f,-0.6886093396018856f,0.07749959410283944f,0.9176334351317541f,0.38979827044535703f,-0.3513294592876366f,-0.03646979489180375f,0.39332177097925186f,-0.9186772765962455f,-3.948687276297516f,0f,0f,0f,1f], start_interpolation: 0, interpolation_duration: 1 }
$data merge entity $(bone_right_foot) { transformation: [-1.1744489800952926f,0.038476261531003635f,0.06913801651976854f,-1.1590467029347853f,0.04494095412589849f,1.1709302982145018f,0.11177406784274711f,-6.214931289221064f,-0.0651214148490638f,0.1141608904067368f,-1.1697509937188173f,-1.917191972553717f,0f,0f,0f,1f], start_interpolation: 0, interpolation_duration: 1 }
$data merge entity $(bone_right_knee) { transformation: [-2.8980697507024136f,0.0949440048507421f,0.17060493703459778f,-1.1003090703374396f,0.1108962772562531f,2.8893870529489214f,0.27581363721882735f,-2.617323412565254f,-0.16069357264178633f,0.28170335945472325f,-2.8864770017302357f,-1.6699356046608167f,0f,0f,0f,1f], start_interpolation: 0, interpolation_duration: 1 }
$data merge entity $(bone_right_leg) { transformation: [-2.4667876927603563f,0.20026502262064785f,-0.06975043010512483f,-0.7678749999999994f,0.19188017941980123f,1.761072527839514f,-1.7296873334142882f,-0.12886062500000062f,-0.09029506371293713f,-1.7287365893457447f,-1.7701212752422872f,-4.05621f,0f,0f,0f,1f], start_interpolation: 0, interpolation_duration: 1 }
$data merge entity $(bone_left_cheek) { transformation: [-0.9809257494952147f,-0.02595080523637252f,0.19264275144638837f,0.9131559419947585f,0.06033067521278024f,0.9014608705893302f,0.4286356359715055f,-0.549323481243935f,-0.18478334233805044f,0.4320819997453154f,-0.8827005505212219f,-3.6326028538122412f,0f,0f,0f,1f], start_interpolation: 0, interpolation_duration: 1 }
$data merge entity $(bone_left_foot) { transformation: [-1.176677033570178f,0.0245007548500754f,0.020536955880198868f,0.848183043440021f,0.03172707812722274f,0.8019800293250579f,0.861053029699014f,-5.509969696692246f,0.003930147396451201f,0.8612889413269615f,-0.8023445695995496f,-8.562880467042156f,0f,0f,0f,1f], start_interpolation: 0, interpolation_duration: 1 }
$data merge entity $(bone_left_knee) { transformation: [-2.903567694408737f,0.0452818247409801f,0.06459790142166101f,0.9716327676185166f,0.07828972305907743f,1.3616122891823224f,2.5645294659537514f,-3.7342602706145858f,0.009698029866340318f,2.565324583523463f,-1.362330509795956f,-5.426164901964737f,0f,0f,0f,1f], start_interpolation: 0, interpolation_duration: 1 }
$data merge entity $(bone_left_leg) { transformation: [-2.4751322616965816f,-0.043581247847726504f,0.042821546957830234f,0.8553750000000004f,-0.018361900742966078f,2.1856257029093986f,1.1630631325607241f,-0.7007356250000001f,-0.05827392769439938f,1.1623913646259136f,-2.1852833197856145f,-3.62496f,0f,0f,0f,1f], start_interpolation: 0, interpolation_duration: 1 }
data modify entity @s data merge value {"locators":{"consume":{"posx":-0.628800453284766,"posy":1.7111205175466988,"posz":-0.6380867043731724,"roty":286.3247861583882,"rotx":-75.35466916773755}},"cameras":{}}