# This file was generated by Animated Java via MC-Build. It is not recommended to edit this file directly.
$data merge entity $(bone_neck) { transformation: [-1.2033625000000001f,0f,1.473694033838957e-16f,1.1102230246251565e-16f,0f,1.2033625000000001f,0f,3.792134375f,-1.473694033838957e-16f,0f,-1.2033625000000001f,-0.5542475f,0f,0f,0f,1f], start_interpolation: 0, interpolation_duration: 1 }
$data merge entity $(bone_right_thumb_2) { transformation: [-0.9543659146619207f,0.2974585261974699f,-0.026535374953914004f,-2.331839850280642f,0.23462720751054478f,0.8018058493285274f,0.5495975377295303f,2.329104180175711f,0.18475869242695833f,0.5182912358655003f,-0.8350080361276127f,-6.197372587539329f,0f,0f,0f,1f], start_interpolation: 0, interpolation_duration: 1 }
$data merge entity $(bone_right_thumb) { transformation: [-0.9543659146619207f,0.2974585261974699f,-0.026535374953914004f,-2.4478525023321773f,0.23462720751054478f,0.8018058493285274f,0.5495975377295303f,2.602942173203249f,0.18475869242695833f,0.5182912358655003f,-0.8350080361276127f,-5.9628923580623585f,0f,0f,0f,1f], start_interpolation: 0, interpolation_duration: 1 }
$data merge entity $(bone_right_fingers_2) { transformation: [0.9660459162475894f,-0.2466916795856131f,0.0768017117295206f,-2.3611021146624f,-0.2097381074247872f,-0.5751736969557861f,0.790686502113247f,2.2818595852540526f,-0.1508814567639894f,-0.7799477120637267f,-0.6073848470708945f,-6.728296643880042f,0f,0f,0f,1f], start_interpolation: 0, interpolation_duration: 1 }
$data merge entity $(bone_right_fingers) { transformation: [-0.370675493026359f,-0.9255815339261481f,0.0768017117295206f,-2.78566786465646f,-0.5428766897185939f,0.28301900136934194f,0.790686502113247f,2.3878315178302163f,-0.7535811692378245f,0.25139424997167115f,-0.6073848470708945f,-6.657928243094819f,0f,0f,0f,1f], start_interpolation: 0, interpolation_duration: 1 }
$data merge entity $(bone_right_hand) { transformation: [-0.975886994525221f,0.20431855273554317f,0.0768017117295206f,-2.591676058237914f,0.18444975893081114f,0.583774906797375f,0.790686502113247f,2.8372919105666092f,0.11671700967252781f,0.78578673137294f,-0.6073848470708945f,-6.034128035709324f,0f,0f,0f,1f], start_interpolation: 0, interpolation_duration: 1 }
$data merge entity $(bone_right_forearm) { transformation: [-1.8133935107585963f,0.13714674174669347f,0.14008321812546318f,-2.301684948371503f,0.19456879095426574f,1.0995852635315426f,1.4421802229417686f,4.504620057272921f,0.02399004707614334f,1.4487689881710057f,-1.107845412586409f,-3.9490362196626885f,0f,0f,0f,1f], start_interpolation: 0, interpolation_duration: 1 }
$data merge entity $(bone_right_bicep) { transformation: [-1.564870847983794f,0.06648776581108289f,0.23852287523723797f,-2.196331434882433f,0.23056681379502314f,-0.16525454766634465f,1.5587380904871442f,4.225951505796903f,0.09029246585623579f,1.5742950382175982f,0.1535479050217165f,-1.494661567274023f,0f,0f,0f,1f], start_interpolation: 0, interpolation_duration: 1 }
$data merge entity $(bone_right_shoulder) { transformation: [-1.0052636537804105f,-0.045270581902343114f,0.11750974201793808f,-1.765560363142878f,0.12134384845713729f,-0.09546091860281494f,1.0012871027472379f,4.131239438629236f,-0.0336695039540297f,1.0075965294206652f,0.10014278341328246f,-1.2615554717410336f,0f,0f,0f,1f], start_interpolation: 0, interpolation_duration: 1 }
$data merge entity $(bone_right_arm) { transformation: [-1.2898862626926921f,0.008574105172056392f,0.32152409760922573f,-1.6800780048070219f,0.16846570018481344f,1.1500521194899092f,0.6451800226481422f,3.916903428715587f,-0.27399008829548727f,0.6667566561223931f,-1.116970377556435f,-1.1753121419986208f,0f,0f,0f,1f], start_interpolation: 0, interpolation_duration: 1 }
$data merge entity $(bone_left_thumb_2) { transformation: [-0.04153371506031261f,0.9703714347580409f,-0.23802148877550988f,-0.12446838246163927f,0.06138337583392499f,-0.2352988262364018f,-0.9699827542503028f,0.7551001269253073f,-0.9972497338603405f,-0.05489754983050665f,-0.049791840075329066f,0.1933929576746721f,0f,0f,0f,1f], start_interpolation: 0, interpolation_duration: 1 }
$data merge entity $(bone_left_thumb) { transformation: [-0.04153371506031261f,0.9703714347580409f,-0.23802148877550988f,0.1921471441045396f,0.06138337583392499f,-0.2352988262364018f,-0.9699827542503028f,0.7105082303004563f,-0.9972497338603405f,-0.05489754983050665f,-0.049791840075329066f,0.3963543603343236f,0f,0f,0f,1f], start_interpolation: 0, interpolation_duration: 1 }
$data merge entity $(bone_left_fingers_2) { transformation: [-0.0018311657969027617f,-0.994125333075879f,0.10821954060425737f,-0.5395939221564717f,-0.06615122262727176f,-0.10786225510025002f,-0.9919625747323364f,0.4302114831411572f,0.9978079287000786f,-0.00897530286179081f,-0.06556509255539672f,0.10920958104658934f,0f,0f,0f,1f], start_interpolation: 0, interpolation_duration: 1 }
$data merge entity $(bone_left_fingers) { transformation: [0.9858594681384015f,0.12794389439622186f,0.10821954060425737f,-0.5284575735712265f,0.11557394575557264f,-0.0515064403049001f,-0.9919625747323364f,0.3937294419783968f,-0.12134155159860141f,0.9904430556543098f,-0.06556509255539672f,0.5507782402648381f,0f,0f,0f,1f], start_interpolation: 0, interpolation_duration: 1 }
$data merge entity $(bone_left_hand) { transformation: [0.04519256092594831f,0.9930992717087039f,0.10821954060425737f,0.25885677709571286f,0.07079314680855797f,0.10487411832924388f,-0.9919625747323364f,0.48772539194911657f,-0.9964667394358412f,0.05249053092040362f,-0.06556509255539672f,0.5594407429901807f,0f,0f,0f,1f], start_interpolation: 0, interpolation_duration: 1 }
$data merge entity $(bone_left_forearm) { transformation: [-0.7344617352236393f,1.65783970023111f,0.197388068189066f,2.672227033202383f,0.030205896802774253f,0.22880332575467113f,-1.8092996444910527f,0.7521267736226109f,-1.6692759283366332f,-0.7252896856392848f,-0.11958807889855283f,-0.5883492161286858f,0f,0f,0f,1f], start_interpolation: 0, interpolation_duration: 1 }
$data merge entity $(bone_left_bicep) { transformation: [-0.6178954382335468f,-0.2162559136747684f,1.4427658032731339f,2.3143107415557598f,0.07777781496840021f,1.5597257262017183f,0.26709703556342773f,3.1828044292577498f,-1.4568082903362478f,0.1749959848359978f,-0.5976793173453172f,-0.3119210676990911f,0f,0f,0f,1f], start_interpolation: 0, interpolation_duration: 1 }
$data merge entity $(bone_left_shoulder) { transformation: [-0.9158526614914783f,-0.058688253938459084f,0.4291649682295508f,1.8891011235342787f,0.011292300759393033f,1.000202218868827f,0.1608756786474408f,3.4031964263245778f,-0.433011968713771f,0.15021381057136576f,-0.9035205723895248f,-0.4515516233105849f,0f,0f,0f,1f], start_interpolation: 0, interpolation_duration: 1 }
$data merge entity $(bone_left_arm) { transformation: [-1.2898862626926921f,0.008574105172056392f,0.32152409760922573f,1.715477181143137f,0.16846570018481344f,1.1500521194899092f,0.6451800226481422f,3.4734266676536296f,-0.27399008829548727f,0.6667566561223931f,-1.116970377556435f,-0.45404818864156876f,0f,0f,0f,1f], start_interpolation: 0, interpolation_duration: 1 }
$data merge entity $(bone_chest) { transformation: [-2.554310099938906f,0.016978957038586453f,0.6367012919282878f,2.4138878924993077e-17f,0.3336058782245271f,2.277402147176045f,1.2776241563257784f,4.300277522041501f,-0.5425715972471383f,1.3203514993481835f,-2.2118916987060797f,-0.35929300719183543f,0f,0f,0f,1f], start_interpolation: 0, interpolation_duration: 1 }
$data merge entity $(bone_weist) { transformation: [-1.9197788993466693f,0.01181378734090062f,0.338302606524535f,2.2069092544285046e-16f,0.1376839398576483f,1.8070267920515686f,0.7182176181648798f,0.74085700897806f,-0.3092431920962947f,0.7312002795170565f,-1.7804083916072775f,-1.964262265713595f,0f,0f,0f,1f], start_interpolation: 0, interpolation_duration: 1 }
$data merge entity $(bone_right_cheek) { transformation: [-0.9964691633620382f,0.06760787195211211f,0.049783351822337694f,-0.7257765059809049f,0.08008186076050931f,0.9434589222947349f,0.32167088385427756f,-0.544680951801907f,-0.025221063532179608f,0.32452185996102734f,-0.9455418871534678f,-3.260362212231941f,0f,0f,0f,1f], start_interpolation: 0, interpolation_duration: 1 }
$data merge entity $(bone_right_foot) { transformation: [-1.170378636290194f,0.030324285005861262f,0.12200483732603536f,-1.3343463103289313f,0.04008167627908237f,1.172745881857406f,0.09301317481796044f,-6.8442843325912595f,-0.11915620763824221f,0.09663554833466279f,-1.167070804988238f,-1.4389118488803345f,0f,0f,0f,1f], start_interpolation: 0, interpolation_duration: 1 }
$data merge entity $(bone_right_knee) { transformation: [-2.886325880656903f,0.1225901428952054f,0.30170060664359516f,-1.2365529101293802f,0.14935852940931196f,2.889587521086177f,0.25476396175628063f,-3.2462860683628465f,-0.2893849147361829f,0.26867136688155147f,-2.87767280215718f,-1.2104097775343807f,0f,0f,0f,1f], start_interpolation: 0, interpolation_duration: 1 }
$data merge entity $(bone_right_leg) { transformation: [-2.459602452244002f,0.28118160584902163f,0.03613038038159721f,-0.7928749999999996f,0.2003856534248148f,1.94758476959226f,-1.5155104348346917f,-0.5007356250000008f,-0.2005345101369424f,-1.502618778241338f,-1.9575329985621461f,-3.2749600000000005f,0f,0f,0f,1f], start_interpolation: 0, interpolation_duration: 1 }
$data merge entity $(bone_left_cheek) { transformation: [-0.9939245043422897f,-0.01436364878461574f,0.10912270735976913f,0.9281712476445975f,0.0294299623288064f,0.9206647856266884f,0.38924315000304f,-0.7195953053775623f,-0.10605638587684688f,0.3900897821022185f,-0.9146485690767713f,-3.125105042987299f,0f,0f,0f,1f], start_interpolation: 0, interpolation_duration: 1 }
$data merge entity $(bone_left_foot) { transformation: [-1.1750063826039125f,0.060350621502281494f,-0.036175934002025054f,0.7694429310318996f,0.027630123116504802f,0.9523324491780193f,0.6912961575299872f,-6.4853824925143755f,0.06471067928245927f,0.689210855691817f,-0.9520461224436132f,-7.204355614819376f,0f,0f,0f,1f], start_interpolation: 0, interpolation_duration: 1 }
$data merge entity $(bone_left_knee) { transformation: [-2.9027074991206723f,0.09052261014216297f,-0.05498654504229262f,0.9449261107404264f,0.01614951992886788f,1.8686171475472515f,2.223721618690718f,-4.090752551918851f,0.10467595754854696f,2.2219370606476345f,-1.867877761248276f,-4.513199462214584f,0f,0f,0f,1f], start_interpolation: 0, interpolation_duration: 1 }
$data merge entity $(bone_left_leg) { transformation: [-2.4748088428003627f,-0.03827213226705265f,-0.06220255965732968f,0.8428750000000003f,-0.059149639014756256f,2.2872528232405993f,0.9460383531979001f,-0.9007356250000003f,0.04283963982825317f,0.9471127120932883f,-2.287171834119541f,-3.0374600000000003f,0f,0f,0f,1f], start_interpolation: 0, interpolation_duration: 1 }
data modify entity @s data merge value {"locators":{"consume":{"posx":-0.6071572813341641,"posy":0.5601651032751961,"posz":0.3502650126515525,"roty":58.79031336005451,"rotx":-82.73078661037783}},"cameras":{}}