# This file was generated by Animated Java via MC-Build. It is not recommended to edit this file directly.
$data merge entity $(bone_right_thumb_2) { transformation: [-0.9547372271485493f,0.29743570583404383f,-0.0029711936496679137f,-2.1389582268013436f,0.21489690378624868f,0.6966339583878257f,0.6844855358325643f,3.9486590374633286f,0.2056602728768574f,0.6528653221882083f,-0.729020386027924f,-6.3429003754987665f,0f,0f,0f,1f], start_interpolation: 0, interpolation_duration: 1 }
$data merge entity $(bone_right_thumb) { transformation: [-0.9547372271485493f,0.29743570583404383f,-0.0029711936496679137f,-2.2560536617273086f,0.21489690378624868f,0.6966339583878257f,0.6844855358325643f,4.180251837745473f,0.2056602728768574f,0.6528653221882083f,-0.729020386027924f,-6.0670732668710485f,0f,0f,0f,1f], start_interpolation: 0, interpolation_duration: 1 }
$data merge entity $(bone_right_fingers_2) { transformation: [0.9660643927808266f,-0.23860230556479806f,0.09893699399201222f,-2.158329927129185f,-0.19634980871643848f,-0.4294873842047788f,0.8814688533498812f,3.993259143859938f,-0.16782830994212727f,-0.8709819324119753f,-0.4617619860857646f,-6.874505730252793f,0f,0f,0f,1f], start_interpolation: 0, interpolation_duration: 1 }
$data merge entity $(bone_right_fingers) { transformation: [-0.36265773639321996f,-0.9266557275784628f,0.09893699399201222f,-2.5828067697888506f,-0.40018426721981526f,0.25072936175044347f,0.8814688533498812f,4.092449587687351f,-0.8416245709958121f,0.2800784706153704f,-0.4617619860857646f,-6.7943901619154365f,0f,0f,0f,1f], start_interpolation: 0, interpolation_duration: 1 }
$data merge entity $(bone_right_hand) { transformation: [-0.9755525999339355f,0.1962360720712769f,0.09893699399201222f,-2.395419578678703f,0.17742895062594238f,0.43764326574714046f,0.8814688533498812f,4.425600089934213f,0.12967687628068364f,0.8774735186683494f,-0.4617619860857646f,-6.099644922427622f,0f,0f,0f,1f], start_interpolation: 0, interpolation_duration: 1 }
$data merge entity $(bone_right_forearm) { transformation: [-1.810864573972101f,0.1226103553705332f,0.18045707833792313f,-2.1252860637418176f,0.21666289190772461f,0.833655852299853f,1.6077635624773605f,5.7074567174603805f,0.02559780530688893f,1.6176566948260758f,-0.8422351997401636f,-3.755384411195903f,0f,0f,0f,1f], start_interpolation: 0, interpolation_duration: 1 }
$data merge entity $(bone_right_bicep) { transformation: [-1.5652232332341025f,-0.005010138362955656f,0.24532770846619187f,-2.131588926232883f,0.21938758347461615f,-0.7380728891081348f,1.3846487115742554f,4.537206760869731f,0.10990848122350293f,1.4019122172092877f,0.7298608202102564f,-1.5774987916790701f,0f,0f,0f,1f], start_interpolation: 0, interpolation_duration: 1 }
$data merge entity $(bone_right_shoulder) { transformation: [-1.0026756592051789f,-0.09093876833139501f,0.11306918907761372f,-1.711853174201379f,0.14228234915367918f,-0.4613219471333277f,0.8907024042177419f,4.355522262431473f,-0.028464613533487657f,0.8973991197757684f,0.4693373672198978f,-1.3782873834132805f,0f,0f,0f,1f], start_interpolation: 0, interpolation_duration: 1 }
$data merge entity $(bone_right_arm) { transformation: [-1.2678546581035708f,-0.011626749507218759f,0.3995838033845004f,-1.634181484274283f,0.24335410749537867f,1.0317757108933925f,0.8021692415455802f,4.045055955384533f,-0.3171453540515049f,0.838189437068125f,-0.9818936415402713f,-1.338595111748301f,0f,0f,0f,1f], start_interpolation: 0, interpolation_duration: 1 }
$data merge entity $(bone_left_thumb_2) { transformation: [0.31817388766881727f,0.7723660604632908f,-0.549741799256821f,-0.11204100289121835f,-0.05207074858754765f,-0.5647637275203548f,-0.8236082619903997f,1.7019870039038463f,-0.9466012964005717f,0.2906761096508113f,-0.13947539184754523f,-0.5083752904928163f,0f,0f,0f,1f], start_interpolation: 0, interpolation_duration: 1 }
$data merge entity $(bone_left_thumb) { transformation: [0.31817388766881727f,0.7723660604632908f,-0.549741799256821f,0.07850713183639144f,-0.05207074858754765f,-0.5647637275203548f,-0.8236082619903997f,1.5749730660250092f,-0.9466012964005717f,0.2906761096508113f,-0.13947539184754523f,-0.2067363874758268f,0f,0f,0f,1f], start_interpolation: 0, interpolation_duration: 1 }
$data merge entity $(bone_left_fingers_2) { transformation: [-0.3577308652921014f,-0.8990611623619791f,-0.25242356139966604f,-0.5645718257345109f,0.06288301343850683f,0.2465053914178927f,-0.9670991772423364f,1.5350928493810145f,0.9317050792167316f,-0.3618343797018713f,-0.03164691181624303f,-0.7371347297083761f,0f,0f,0f,1f], start_interpolation: 0, interpolation_duration: 1 }
$data merge entity $(bone_left_fingers) { transformation: [0.9380628171707114f,-0.23731939805261848f,-0.25242356139966604f,-0.7151966399341597f,-0.2526043839216602f,0.03016963043781705f,-0.9670991772423364f,1.5520489012756387f,0.23712692016155945f,0.970963076902097f,-0.03164691181624303f,-0.3206464393057727f,0f,0f,0f,1f], start_interpolation: 0, interpolation_duration: 1 }
$data merge entity $(bone_left_hand) { transformation: [0.39660688188121007f,0.88260145416534f,-0.25242356139966604f,-0.000505791065181338f,-0.07357557689934932f,-0.24352785438451163f,-0.9670991772423364f,1.3649777806309786f,-0.9150353084599475f,0.40213039830893554f,-0.03164691181624303f,-0.03255695547451787f,0f,0f,0f,1f], start_interpolation: 0, interpolation_duration: 1 }
$data merge entity $(bone_left_forearm) { transformation: [-0.33078976922862063f,1.7336173100878807f,-0.4604103738740509f,2.5159701841578723f,0.14484474289064592f,-0.44082833569104607f,-1.7639498123649413f,0.6513742921382573f,-1.7878553327000828f,-0.3564687395116569f,-0.05772268809014138f,-0.6406725705359246f,0f,0f,0f,1f], start_interpolation: 0, interpolation_duration: 1 }
$data merge entity $(bone_left_bicep) { transformation: [-0.2250042731668943f,-0.13050310510152394f,1.5628424656692064f,2.291493574824959f,0.19527724305135916f,1.5642267074514746f,0.15873298940448963f,3.090824629106518f,-1.5560766148510825f,0.2151704048838641f,-0.20606266391371325f,-0.3069020445722671f,0f,0f,0f,1f], start_interpolation: 0, interpolation_duration: 1 }
$data merge entity $(bone_left_shoulder) { transformation: [-0.8620574391450495f,-0.008349875974549437f,0.5321656037858231f,1.8989053331515198f,0.08967877052695751f,0.9962334776710976f,0.1609023143120216f,3.3448962923458065f,-0.5246214524762529f,0.184016619372819f,-0.8469493456300359f,-0.48066799672639776f,0f,0f,0f,1f], start_interpolation: 0, interpolation_duration: 1 }
$data merge entity $(bone_left_arm) { transformation: [-1.2678546581035708f,-0.011626749507218759f,0.3995838033845004f,1.7033767050560142f,0.24335410749537867f,1.0317757108933925f,0.8021692415455802f,3.404439549405278f,-0.3171453540515049f,0.838189437068125f,-0.9818936415402713f,-0.5037272766559691f,0f,0f,0f,1f], start_interpolation: 0, interpolation_duration: 1 }
$data merge entity $(bone_chest) { transformation: [-2.5106817958414775f,-0.023023986342603626f,0.7912798006130856f,1.0840363484542409e-16f,0.48190439158522697f,2.0431841127643082f,1.5885036183445016f,4.251964713247415f,-0.6280302414504106f,1.6598329687578801f,-1.9444046488381261f,-0.3783010586503106f,0f,0f,0f,1f], start_interpolation: 0, interpolation_duration: 1 }
$data merge entity $(bone_weist) { transformation: [-1.9031861480095595f,0.018404162838492683f,0.42152463076798924f,3.596486468157548e-16f,0.2109631055148478f,1.7281263217356455f,0.8770480179359051f,0.9339745529734864f,-0.3653988172742306f,0.9018757921376883f,-1.6891545226591766f,-2.429872272042264f,0f,0f,0f,1f], start_interpolation: 0, interpolation_duration: 1 }
$data merge entity $(bone_right_cheek) { transformation: [-0.9963251311567147f,0.05698125307538898f,0.06394818076781836f,-0.6886093396018855f,0.07749959410283944f,0.9176334351317541f,0.38979827044535703f,-0.2023711259543028f,-0.03646979489180375f,0.39332177097925186f,-0.9186772765962455f,-3.9351456096308497f,0f,0f,0f,1f], start_interpolation: 0, interpolation_duration: 1 }
$data merge entity $(bone_right_foot) { transformation: [-1.1744489800952926f,0.038476261531003635f,0.06913801651976854f,-1.1590467029347853f,0.04494095412589849f,1.1709302982145018f,0.11177406784274711f,-6.25347295588773f,-0.0651214148490638f,0.1141608904067368f,-1.1697509937188173f,-1.8567753058870506f,0f,0f,0f,1f], start_interpolation: 0, interpolation_duration: 1 }
$data merge entity $(bone_right_knee) { transformation: [-2.8980697507024136f,0.0949440048507421f,0.17060493703459778f,-1.1003090703374396f,0.1108962772562531f,2.8893870529489214f,0.27581363721882735f,-2.65586507923192f,-0.16069357264178633f,0.28170335945472325f,-2.8864770017302357f,-1.6095189379941504f,0f,0f,0f,1f], start_interpolation: 0, interpolation_duration: 1 }
$data merge entity $(bone_right_leg) { transformation: [-2.4667876927603563f,0.20026502262064785f,-0.06975043010512483f,-0.7678749999999994f,0.19188017941980123f,1.761072527839514f,-1.7296873334142882f,-0.16740229166666687f,-0.09029506371293713f,-1.7287365893457447f,-1.7701212752422872f,-3.9957933333333338f,0f,0f,0f,1f], start_interpolation: 0, interpolation_duration: 1 }
$data merge entity $(bone_left_cheek) { transformation: [-0.9998580273889384f,0.015653506975219028f,0.00623640804291542f,0.3486076879538429f,0.016772852154843906f,0.8892048808000624f,0.4572016528753355f,-0.68211793838442f,0.0016113647919445973f,0.4572413451129761f,-0.8893411920195665f,-3.5662367186403188f,0f,0f,0f,1f], start_interpolation: 0, interpolation_duration: 1 }
data modify entity @s data merge value {"locators":{"consume":{"posx":-0.6550492702641363,"posy":1.7092772477329157,"posz":-0.5345659774346213,"roty":277.14601605163404,"rotx":-75.26198554790908}},"cameras":{}}