# This file was generated by Animated Java via MC-Build. It is not recommended to edit this file directly.
$data merge entity $(bone_right_thumb_2) { transformation: [-0.9591944017000567f,0.2827306540720323f,0.003078472879724764f,-2.069969975215485f,0.18614207268852842f,0.6232368354763758f,0.7595570917848187f,4.402482682379693f,0.21283145566971298f,0.7291359435341215f,-0.6504333534837505f,-6.4339852853761f,0f,0f,0f,1f], start_interpolation: 0, interpolation_duration: 1 }
$data merge entity $(bone_right_thumb) { transformation: [-0.9591944017000567f,0.2827306540720323f,0.003078472879724764f,-2.192802096964944f,0.18614207268852842f,0.6232368354763758f,0.7595570917848187f,4.6021270637868605f,0.21283145566971298f,0.7291359435341215f,-0.6504333534837505f,-6.136526799674265f,0f,0f,0f,1f], start_interpolation: 0, interpolation_duration: 1 }
$data merge entity $(bone_right_fingers_2) { transformation: [0.9698243292073013f,-0.2225356711229362f,0.09959239707664345f,-2.0817184615222346f,-0.17175077775023445f,-0.3336764796798257f,0.9269097460112653f,4.5044254783701545f,-0.17303884193959745f,-0.9160446943170092f,-0.3618282426702758f,-6.95785389951755f,0f,0f,0f,1f], start_interpolation: 0, interpolation_duration: 1 }
$data merge entity $(bone_right_fingers) { transformation: [-0.3472193244210018f,-0.9324806138430712f,0.09959239707664345f,-2.508033724134557f,-0.30840385610929555f,0.21383494636342426f,0.9269097460112653f,4.592038927317456f,-0.8856217038247989f,0.2911262965116689f,-0.3618282426702758f,-6.8740862517150685f,0f,0f,0f,1f], start_interpolation: 0, interpolation_duration: 1 }
$data merge entity $(bone_right_hand) { transformation: [-0.9786081409826893f,0.18002072338187358f,0.09959239707664345f,-2.3333951953355916f,0.15703254544481643f,0.34085055731281017f,0.9269097460112653f,4.848805186568013f,0.13291683893896408f,0.9227206710227173f,-0.3618282426702758f,-6.144465366117707f,0f,0f,0f,1f], start_interpolation: 0, interpolation_duration: 1 }
$data merge entity $(bone_right_forearm) { transformation: [-1.8125296169756648f,0.09255979630970672f,0.1816525070750825f,-2.1073433979831555f,0.20282281893457318f,0.6537643756082676f,1.6906459141223134f,5.870030604340498f,0.02068461599814227f,1.7002509776283456f,-0.6599600907391084f,-3.6710699054292095f,0f,0f,0f,1f], start_interpolation: 0, interpolation_duration: 1 }
$data merge entity $(bone_right_bicep) { transformation: [-1.567773819545564f,-0.01383704545451944f,0.2280972222630306f,-2.1271904201518703f,0.20161640454755317f,-0.8281655628256914f,1.3355250584883946f,4.559881363416996f,0.10756687244843643f,1.3505868697000583f,0.821266723561211f,-1.5744474976283143f,0f,0f,0f,1f], start_interpolation: 0, interpolation_duration: 1 }
$data merge entity $(bone_right_shoulder) { transformation: [-1.0033281778675964f,-0.09666186056267632f,0.10199034697602795f,-1.7081931174978469f,0.13735850324181598f,-0.5195833435256233f,0.858824061950259f,4.368276797748018f,-0.029634232753639432f,0.8643509776185457f,0.5276667304329572f,-1.383132327103581f,0f,0f,0f,1f], start_interpolation: 0, interpolation_duration: 1 }
$data merge entity $(bone_right_arm) { transformation: [-1.2678546581035708f,-0.02092149955096894f,0.3992050702181343f,-1.6289518257179778f,0.24335410749537867f,1.012830707432717f,0.8259603911524567f,4.057437913030835f,-0.3171453540515049f,0.8608101301937207f,-0.9621239917316606f,-1.3500007548158446f,0f,0f,0f,1f], start_interpolation: 0, interpolation_duration: 1 }
$data merge entity $(bone_left_thumb_2) { transformation: [0.3224314119275978f,0.7742887043338456f,-0.5445318970853686f,-0.09721628887913741f,-0.029287754434712564f,-0.5668190251333307f,-0.8233215776275224f,1.7049257781425864f,-0.9461396366512439f,0.28141285522860393f,-0.16008308114706285f,-0.5653851747692065f,0f,0f,0f,1f], start_interpolation: 0, interpolation_duration: 1 }
$data merge entity $(bone_left_thumb) { transformation: [0.3224314119275978f,0.7742887043338456f,-0.5445318970853686f,0.09277199248033441f,-0.029287754434712564f,-0.5668190251333307f,-0.8233215776275224f,1.5722963007900579f,-0.9461396366512439f,0.28141285522860393f,-0.16008308114706285f,-0.2658170947603f,0f,0f,0f,1f], start_interpolation: 0, interpolation_duration: 1 }
$data merge entity $(bone_left_fingers_2) { transformation: [-0.36198541921281724f,-0.8989002309255434f,-0.24687027184196442f,-0.5478413597160086f,0.04021022482499379f,0.249526639953543f,-0.9675327352462129f,1.5406639429336277f,0.9313161085779864f,-0.360159451903597f,-0.05418002498759395f,-0.7997434058906789f,0f,0f,0f,1f], start_interpolation: 0, interpolation_duration: 1 }
$data merge entity $(bone_left_fingers) { transformation: [0.9384585932478897f,-0.24155855944235644f,-0.24687027184196442f,-0.7003058168267112f,-0.2526403924925318f,0.007296458606826074f,-0.9675327352462129f,1.5475389000183204f,0.235517092459149f,0.9703588120133356f,-0.05418002498759395f,-0.3836362530153196f,0f,0f,0f,1f], start_interpolation: 0, interpolation_duration: 1 }
$data merge entity $(bone_left_hand) { transformation: [0.40085036667866025f,0.8822550948644379f,-0.24687027184196442f,0.014205453191472373f,-0.0510561527669212f,-0.247535200510195f,-0.9675327352462129f,1.3580536388804543f,-0.9147197673595036f,0.4004400980098264f,-0.05418002498759395f,-0.09668129982756613f,0f,0f,0f,1f], start_interpolation: 0, interpolation_duration: 1 }
$data merge entity $(bone_left_forearm) { transformation: [-0.3240872233974921f,1.7375392645144605f,-0.4502813981662561f,2.537167738881472f,0.18268342579537847f,-0.42325633592934897f,-1.7647406046410428f,0.6719898373094484f,-1.7856155239030813f,-0.3586641046992523f,-0.09882217580136145f,-0.7095953550630012f,0f,0f,0f,1f], start_interpolation: 0, interpolation_duration: 1 }
$data merge entity $(bone_left_bicep) { transformation: [-0.21955965997109092f,-0.1401604334434816f,1.5627805874446423f,2.297638326733095f,0.22853858861749848f,1.5583214889313317f,0.17186857342477216f,3.102155324553483f,-1.5523202714355075f,0.2492463558716151f,-0.1957360080787881f,-0.3227726256402934f,0f,0f,0f,1f], start_interpolation: 0, interpolation_duration: 1 }
$data merge entity $(bone_left_shoulder) { transformation: [-0.860336053253855f,-0.014699530555626936f,0.5348072343750268f,1.90436675250247f,0.09655921884444359f,0.9918409482568711f,0.18259471318716278f,3.357857999273141f,-0.5262234994701124f,0.2060301818404176f,-0.8408646570305315f,-0.49255529475829174f,0f,0f,0f,1f], start_interpolation: 0, interpolation_duration: 1 }
$data merge entity $(bone_left_arm) { transformation: [-1.2678546581035708f,-0.02092149955096894f,0.3992050702181343f,1.7086063636123194f,0.24335410749537867f,1.012830707432717f,0.8259603911524567f,3.4168215070515804f,-0.3171453540515049f,0.8608101301937207f,-0.9621239917316606f,-0.5151329197235126f,0f,0f,0f,1f], start_interpolation: 0, interpolation_duration: 1 }
$data merge entity $(bone_chest) { transformation: [-2.5106817958414775f,-0.04143000755535531f,0.7905298104937929f,1.0840363484542409e-16f,0.48190439158522697f,2.0056680812485044f,1.6356162789624558f,4.251964713247415f,-0.6280302414504106f,1.7046278212882953f,-1.9052556031905097f,-0.3783010586503106f,0f,0f,0f,1f], start_interpolation: 0, interpolation_duration: 1 }
$data merge entity $(bone_weist) { transformation: [-1.9031861480095595f,0.018404162838492683f,0.42152463076798924f,3.662821615135437e-16f,0.2109631055148478f,1.7281263217356455f,0.8770480179359051f,0.9548078091248537f,-0.3653988172742306f,0.9018757921376883f,-1.6891545226591766f,-2.4840390301835287f,0f,0f,0f,1f], start_interpolation: 0, interpolation_duration: 1 }
$data merge entity $(bone_right_foot) { transformation: [-1.1732607014422463f,0.028346053935572185f,0.09081146708479222f,-1.1679017100753093f,0.036944882061275025f,1.1712137191946443f,0.1117335873239996f,-6.2571543960343075f,-0.0876658258233454f,0.11421830007968503f,-1.168272133445877f,-1.7346381490731442f,0f,0f,0f,1f], start_interpolation: 0, interpolation_duration: 1 }
$data merge entity $(bone_right_knee) { transformation: [-2.895137554857244f,0.06994670935453957f,0.22408633345144585f,-1.1382903227802472f,0.09116517359175708f,2.8900864224261715f,0.27571374750981215f,-2.6591240421537554f,-0.21632415055473056f,0.2818450235366789f,-2.882827766816535f,-1.4883273831303776f,0f,0f,0f,1f], start_interpolation: 0, interpolation_duration: 1 }
$data merge entity $(bone_right_thigh) { transformation: [-2.4658441595788725f,0.22146484928394208f,-0.02405460748931847f,-0.7769943673799611f,0.17510329069915403f,1.7616412116805187f,-1.730887576312853f,-0.16949774605883444f,-0.13771035253804217f,-1.7255683946976708f,-1.7701588338235112f,-3.869186699527214f,0f,0f,0f,1f], start_interpolation: 0, interpolation_duration: 1 }
$data merge entity $(bone_right_leg) { transformation: [-0.984807739992225f,-0.022665657342361464f,0.1721626650253903f,-0.8089787499999994f,0.06645229348709669f,0.8667842730008223f,0.49423589182569566f,-0.19904312499999932f,-0.16043007181233465f,0.4981679355956931f,-0.852109676040951f,-3.9412968750000004f,0f,0f,0f,1f], start_interpolation: 0, interpolation_duration: 1 }
$data merge entity $(bone_left_foot) { transformation: [-1.1768363304018832f,-0.025423575996922205f,0.000887753524716527f,1.3023340191325972f,-0.018306184434977762f,0.874869882626272f,0.7873109087022029f,-5.624887801722203f,-0.017664369058205887f,0.7871132225630468f,-0.8750609349118229f,-8.353029949703796f,0f,0f,0f,1f], start_interpolation: 0, interpolation_duration: 1 }
$data merge entity $(bone_left_knee) { transformation: [-2.9039607751957033f,-0.06116452814668649f,-0.014121089029758586f,1.2910014708955297f,-0.04517233209865261f,1.582442847221221f,2.4353157463099504f,-3.576784746888044f,-0.04358858877690582f,2.4349665756040704f,-1.5830244783810035f,-5.384442105864707f,0f,0f,0f,1f], start_interpolation: 0, interpolation_duration: 1 }
$data merge entity $(bone_left_thigh) { transformation: [-2.4706354726633633f,-0.1574509467750099f,0.03438434987306464f,1.0132588726553948f,-0.12472485625584212f,2.202558212085447f,1.1239189274791939f,-0.518717047360247f,-0.10206269832068827f,1.1198032169420105f,-2.205818823901203f,-3.6434057084358304f,0f,0f,0f,1f], start_interpolation: 0, interpolation_duration: 1 }
$data merge entity $(bone_left_leg) { transformation: [-0.9848077467473787f,-0.015134400543989289f,0.1729874326837791f,0.9339781250000005f,0.07338693632779675f,0.8665850029453301f,0.4936038798942551f,-0.2740431249999995f,-0.15737871369016462f,0.4987999424522986f,-0.8523089568265799f,-3.5662968750000004f,0f,0f,0f,1f], start_interpolation: 0, interpolation_duration: 1 }
data modify entity @s data merge value {"locators":{"consume":{"posx":-0.6401421282343722,"posy":1.7098069793340431,"posz":-0.5937539077026931,"roty":282.378319013302,"rotx":-75.35994971583358}},"cameras":{}}