# This file was generated by Animated Java via MC-Build. It is not recommended to edit this file directly.
$data merge entity $(bone_neck) { transformation: [-1.2033625000000001f,-2.811940780892192e-17f,1.446618123700962e-16f,1.1102230246251565e-16f,0f,1.1812533415415396f,0.22961238969880743f,3.7298569252999805f,-1.473694033838957e-16f,0.22961238969880743f,-1.1812533415415396f,-0.644461309733872f,0f,0f,0f,1f], start_interpolation: 0, interpolation_duration: 1 }
$data merge entity $(bone_right_thumb_2) { transformation: [-0.9376627334530319f,-0.03568519601072194f,-0.3457096543041062f,-3.4609073494995997f,0.34582300151667045f,0.003142147323373201f,-0.9382945052232798f,0.8839522561571946f,0.03456949399961201f,-0.999358140856357f,0.009394487145992197f,1.1034811523000858f,0f,0f,0f,1f], start_interpolation: 0, interpolation_duration: 1 }
$data merge entity $(bone_right_thumb) { transformation: [-0.9376627334530319f,0.055006990166767356f,-0.34316589184559326f,-3.634239696377095f,0.34582300151667045f,0.24588356911648268f,-0.9055096476904821f,1.0730513472254155f,0.03456949399961201f,-0.9677373101577373f,-0.2495785419728182f,0.82486925169269f,0f,0f,0f,1f], start_interpolation: 0, interpolation_duration: 1 }
$data merge entity $(bone_right_fingers_2) { transformation: [0.8265640783746867f,-0.44612665804054275f,-0.34316589184559326f,-3.663231130272462f,-0.4173369657815527f,-0.07669507762370607f,-0.9055096476904821f,0.5800760733086336f,0.37765285823471795f,0.8916775594652309f,-0.2495785419728182f,1.7811247894747921f,0f,0f,0f,1f], start_interpolation: 0, interpolation_duration: 1 }
$data merge entity $(bone_right_fingers) { transformation: [-0.7536491382067939f,-0.5605801879784686f,-0.34316589184559326f,-3.9484338091562585f,0.10686487696099242f,0.4106484822954678f,-0.9055096476904821f,0.7583878016203797f,0.6485313211806109f,-0.7191089464291579f,-0.2495785419728182f,1.4925035880792614f,0f,0f,0f,1f], start_interpolation: 0, interpolation_duration: 1 }
$data merge entity $(bone_right_hand) { transformation: [-0.9376627334530319f,0.055006990166767356f,-0.34316589184559326f,-3.8703960603217564f,0.34582300151667045f,0.24588356911648268f,-0.9055096476904821f,0.9493469712162168f,0.03456949399961201f,-0.9677373101577373f,-0.2495785419728182f,0.7268542756426997f,0f,0f,0f,1f], start_interpolation: 0, interpolation_duration: 1 }
$data merge entity $(bone_right_forearm) { transformation: [-1.5449238955162958f,0.7404471450381502f,-0.6259207171049f,-2.7362775043427328f,0.7536175443031564f,0.17624885178249372f,-1.6516129997058453f,1.1071689085508902f,-0.6099994390282175f,-1.6575593290388464f,-0.4552211734256823f,-1.7022511586736653f,0f,0f,0f,1f], start_interpolation: 0, interpolation_duration: 1 }
$data merge entity $(bone_right_bicep) { transformation: [-1.341962503284952f,0.4825594570290382f,0.6902228379969267f,-1.9881534415443902f,0.6546124952870563f,1.4146087380545052f,0.283723730268375f,3.3089930644451884f,-0.5298619411457531f,0.5255026589230429f,-1.3975792767043926f,-0.8626135988559286f,0f,0f,0f,1f], start_interpolation: 0, interpolation_duration: 1 }
$data merge entity $(bone_right_shoulder) { transformation: [-0.9853776653364695f,0.05543115417640849f,0.22884759659992068f,-1.546393125f,0.11812825672834912f,0.9681466411041062f,0.27413641667607425f,3.4630327797219733f,-0.20368983844367405f,0.29331288265664057f,-0.9480986136733256f,-0.6894312310077546f,0f,0f,0f,1f], start_interpolation: 0, interpolation_duration: 1 }
$data merge entity $(bone_right_arm) { transformation: [-1.3293824999999997f,-3.106416283667152e-17f,1.5981126367415415e-16f,-1.74976375f,0f,1.3049579991996139f,0.2536581392961595f,3.430282868949927f,-1.628024023467506e-16f,0.2536581392961595f,-1.3049579991996139f,-0.5752721599097719f,0f,0f,0f,1f], start_interpolation: 0, interpolation_duration: 1 }
$data merge entity $(bone_left_thumb_2) { transformation: [-0.937662733453032f,-0.05500699016676708f,0.3431658918455933f,3.429657349499599f,-0.34582300151667045f,0.24588356911648268f,-0.9055096476904821f,0.904742878289045f,-0.03456949399961223f,-0.9677373101577373f,-0.24957854197281815f,1.0947884811703013f,0f,0f,0f,1f], start_interpolation: 0, interpolation_duration: 1 }
$data merge entity $(bone_left_thumb) { transformation: [-0.937662733453032f,-0.05500699016676708f,0.3431658918455933f,3.6029896963770947f,-0.34582300151667045f,0.24588356911648268f,-0.9055096476904821f,1.0938419693572659f,-0.03456949399961223f,-0.9677373101577373f,-0.24957854197281815f,0.8161765805629053f,0f,0f,0f,1f], start_interpolation: 0, interpolation_duration: 1 }
$data merge entity $(bone_left_fingers_2) { transformation: [0.8265640783746868f,0.4461266580405427f,0.3431658918455933f,3.6319811302724614f,0.4173369657815527f,-0.07669507762370607f,-0.9055096476904821f,0.600866695440484f,-0.3776528582347178f,0.8916775594652309f,-0.24957854197281815f,1.7724321183450078f,0f,0f,0f,1f], start_interpolation: 0, interpolation_duration: 1 }
$data merge entity $(bone_left_fingers) { transformation: [-0.7536491382067938f,0.5605801879784689f,0.3431658918455933f,3.917183809156258f,-0.10686487696099242f,0.4106484822954678f,-0.9055096476904821f,0.77917842375223f,-0.648531321180611f,-0.7191089464291578f,-0.24957854197281815f,1.483810916949477f,0f,0f,0f,1f], start_interpolation: 0, interpolation_duration: 1 }
$data merge entity $(bone_left_hand) { transformation: [-0.937662733453032f,-0.05500699016676708f,0.3431658918455933f,3.839146060321756f,-0.34582300151667045f,0.24588356911648268f,-0.9055096476904821f,0.9701375933480672f,-0.03456949399961223f,-0.9677373101577373f,-0.24957854197281815f,0.7181616045129151f,0f,0f,0f,1f], start_interpolation: 0, interpolation_duration: 1 }
$data merge entity $(bone_left_forearm) { transformation: [-1.544923895516296f,-0.7404471450381499f,0.6259207171049002f,2.7050275043427328f,-0.7536175443031564f,0.17624885178249372f,-1.6516129997058453f,1.1279595306827406f,0.6099994390282171f,-1.6575593290388466f,-0.45522117342568225f,-1.7109438298034503f,0f,0f,0f,1f], start_interpolation: 0, interpolation_duration: 1 }
$data merge entity $(bone_left_bicep) { transformation: [-1.341962503284952f,-0.48255945702903824f,-0.6902228379969264f,1.9569034415443902f,-0.6546124952870563f,1.4146087380545052f,0.283723730268375f,3.3297836865770387f,0.5298619411457528f,0.5255026589230428f,-1.3975792767043929f,-0.8713062699857137f,0f,0f,0f,1f], start_interpolation: 0, interpolation_duration: 1 }
$data merge entity $(bone_left_shoulder) { transformation: [-0.9853776653364698f,-0.05543115417640857f,-0.22884759659992052f,1.515143125f,-0.11812825672834915f,0.9681466411041064f,0.2741364166760743f,3.4838234018538237f,0.20368983844367386f,0.2933128826566406f,-0.9480986136733259f,-0.6981239021375398f,0f,0f,0f,1f], start_interpolation: 0, interpolation_duration: 1 }
$data merge entity $(bone_left_arm) { transformation: [-1.3293824999999997f,-3.106416283667152e-17f,1.5981126367415415e-16f,1.749763125f,0f,1.3049579991996139f,0.2536581392961595f,3.430282868949927f,-1.628024023467506e-16f,0.2536581392961595f,-1.3049579991996139f,-0.5752721599097714f,0f,0f,0f,1f], start_interpolation: 0, interpolation_duration: 1 }
$data merge entity $(bone_chest) { transformation: [-2.632522916666667f,-6.151511739819262e-17f,3.16467844253757e-16f,-2.6048597031331508e-17f,0f,2.5841560560489296f,0.5023090530348983f,4.191558479352272f,-3.2239107635778877e-16f,0.5023090530348983f,-2.5841560560489296f,-0.33232021395008393f,0f,0f,0f,1f], start_interpolation: 0, interpolation_duration: 1 }
$data merge entity $(bone_weist) { transformation: [-1.9493945833333333f,3.322507046645809e-17f,2.3640866042111764e-16f,-1.0156896696785696e-17f,0f,1.9304232092527784f,-0.2713032891572548f,0.21419988975762116f,-2.387319836754355e-16f,-0.2713032891572548f,-1.9304232092527784f,-0.46208579489644525f,0f,0f,0f,1f], start_interpolation: 0, interpolation_duration: 1 }
$data merge entity $(bone_right_foot) { transformation: [-1.1247168995270589f,0.10085810033901617f,0.33231074973706065f,-1.8658760246293649f,0.2185791986717768f,1.0808727441756834f,0.4117379502580434f,-6.068254746214178f,-0.2698627886589894f,0.45511828063778775f,-1.0514905234014527f,-0.213170303174691f,0f,0f,0f,1f], start_interpolation: 0, interpolation_duration: 1 }
$data merge entity $(bone_right_knee) { transformation: [-2.7753508920912893f,-0.04285759663391278f,0.8558734373217074f,-1.9519590952933412f,0.539365927800501f,2.1669431696160153f,1.8575172634773625f,-3.3034880102788393f,-0.6659132903239091f,1.9337655531628675f,-2.062532172768397f,2.1011379856954786f,0f,0f,0f,1f], start_interpolation: 0, interpolation_duration: 1 }
$data merge entity $(bone_right_thigh) { transformation: [-2.3656821788778895f,0.7206785851738687f,-0.11909210028550728f,-0.8928749999999999f,0.4597502848838378f,1.1553696131712183f,-2.1409725489713507f,-1.6608470490801324f,-0.5676180291603259f,-2.067790162654674f,-1.2377666739494029f,-0.7584662697493921f,0f,0f,0f,1f], start_interpolation: 0, interpolation_duration: 1 }
$data merge entity $(bone_right_leg) { transformation: [-1f,1.7043789261815563e-17f,1.2127286206821955e-16f,-0.8089787499999999f,0f,0.9902680687415705f,-0.1391731009600655f,-1.6030322471551877f,-1.2246467991473532e-16f,-0.1391731009600655f,-0.9902680687415705f,-0.8083347264068328f,0f,0f,0f,1f], start_interpolation: 0, interpolation_duration: 1 }
$data merge entity $(bone_left_foot) { transformation: [-1.1247168995270589f,-0.10085810033901632f,-0.33231074973706043f,1.8658754274487142f,-0.2185791986717768f,1.0808727441756834f,0.4117379502580434f,-6.068254862271178f,0.2698627886589891f,0.4551182806377877f,-1.0514905234014527f,-0.21317015988811283f,0f,0f,0f,1f], start_interpolation: 0, interpolation_duration: 1 }
$data merge entity $(bone_left_knee) { transformation: [-2.7753508920912893f,0.0428575966339123f,-0.8558734373217071f,1.9519590952933406f,-0.539365927800501f,2.1669431696160153f,1.8575172634773625f,-3.3034880102788393f,0.6659132903239083f,1.9337655531628675f,-2.0625321727683974f,2.1011379856954786f,0f,0f,0f,1f], start_interpolation: 0, interpolation_duration: 1 }
$data merge entity $(bone_left_thigh) { transformation: [-2.3656821788778895f,-0.7206785851738682f,0.11909210028550758f,0.8928750000000001f,-0.4597502848838378f,1.1553696131712183f,-2.1409725489713507f,-1.6608470490801324f,0.5676180291603252f,-2.0677901626546746f,-1.2377666739494029f,-0.7584662697493918f,0f,0f,0f,1f], start_interpolation: 0, interpolation_duration: 1 }
$data merge entity $(bone_left_leg) { transformation: [-1f,1.7043789261815563e-17f,1.2127286206821955e-16f,0.8089781250000001f,0f,0.9902680687415705f,-0.1391731009600655f,-1.6030322471551877f,-1.2246467991473532e-16f,-0.1391731009600655f,-0.9902680687415705f,-0.8083347264068326f,0f,0f,0f,1f], start_interpolation: 0, interpolation_duration: 1 }
data modify entity @s data merge value {"locators":{"consume":{"posx":3.6709720334611347,"posy":0.8350285656996298,"posz":1.585597708600857,"rotx":53.97226101753881,"roty":-64.89201173652427}},"cameras":{}}