# This file was generated by Animated Java via MC-Build. It is not recommended to edit this file directly.
$data merge entity $(bone_neck) { transformation: [-1.2033625000000001f,-2.6855940667128483e-17f,1.449016891019875e-16f,1.1102230246251565e-16f,0f,1.1832120837034295f,0.2192953975450443f,3.7299856436231447f,-1.473694033838957e-16f,0.2192953975450443f,-1.1832120837034295f,-0.6460038108263004f,0f,0f,0f,1f], start_interpolation: 0, interpolation_duration: 1 }
$data merge entity $(bone_right_thumb_2) { transformation: [-0.941778705763581f,0.0545179671918862f,-0.33178405721724885f,-3.590243819568638f,0.3346993758507781f,0.05785575885491581f,-0.9405472018843187f,0.7321049854681867f,-0.03208110308848294f,-0.9968352433680233f,-0.07273445128712994f,0.9164488210970059f,0f,0f,0f,1f], start_interpolation: 0, interpolation_duration: 1 }
$data merge entity $(bone_right_thumb) { transformation: [-0.941778705763581f,0.13853234537663145f,-0.3063685014075761f,-3.7404203794278725f,0.3346993758507781f,0.29931590034306277f,-0.8935246608834707f,0.9346515133698104f,-0.03208110308848294f,-0.9440438448961317f,-0.3282560307722536f,0.6338730528846631f,0f,0f,0f,1f], start_interpolation: 0, interpolation_duration: 1 }
$data merge entity $(bone_right_fingers_2) { transformation: [0.7949950757008974f,-0.5235658229455022f,-0.3063685014075761f,-3.848500338261223f,-0.42983701616420433f,-0.12982226283705084f,-0.8935246608834707f,0.38950294418900033f,0.42804552228282733f,0.8420362279114048f,-0.3282560307722536f,1.5555137298788324f,0f,0f,0f,1f], start_interpolation: 0, interpolation_duration: 1 }
$data merge entity $(bone_right_fingers) { transformation: [-0.8104912193468895f,-0.4992417497634474f,-0.3063685014075761f,-4.109024658690779f,0.06399804486318711f,0.44442989396165533f,-0.8935246608834707f,0.5807947745525901f,0.5822441357500151f,-0.7438008770137096f,-0.3282560307722536f,1.2522442911088154f,0f,0f,0f,1f], start_interpolation: 0, interpolation_duration: 1 }
$data merge entity $(bone_right_hand) { transformation: [-0.941778705763581f,0.13853234537663145f,-0.3063685014075761f,-3.9649970005035327f,0.3346993758507781f,0.29931590034306277f,-0.8935246608834707f,0.8143533532756669f,-0.03208110308848294f,-0.9440438448961317f,-0.3282560307722536f,0.5082815310781652f,0f,0f,0f,1f], start_interpolation: 0, interpolation_duration: 1 }
$data merge entity $(bone_right_forearm) { transformation: [-1.5112602535793604f,0.8547861491214771f,-0.5588037641738203f,-2.6614829022491797f,0.7662107026611898f,0.2892322759914414f,-1.629752868163073f,1.1386959186613583f,-0.6751608450674553f,-1.5850911303229207f,-0.5987257331140136f,-1.8170869923770923f,0f,0f,0f,1f], start_interpolation: 0, interpolation_duration: 1 }
$data merge entity $(bone_right_bicep) { transformation: [-1.3127213572747913f,0.4508774552191751f,0.7639415647896228f,-1.9638356675481448f,0.6655512517937403f,1.4026554927024684f,0.31580635824962117f,3.3214209720113996f,-0.586462893347842f,0.5825818784086777f,-1.3515895033475962f,-0.8888035571773257f,0f,0f,0f,1f], start_interpolation: 0, interpolation_duration: 1 }
$data merge entity $(bone_right_shoulder) { transformation: [-0.9766527008200262f,0.03679499466499318f,0.2668494126195363f,-1.530768125f,0.11828108190529646f,0.9602743453044412f,0.30049250586375575f,3.473136213069389f,-0.24201666535819588f,0.32083062320260186f,-0.9300046363170289f,-0.6930804545259526f,0f,0f,0f,1f], start_interpolation: 0, interpolation_duration: 1 }
$data merge entity $(bone_right_arm) { transformation: [-1.3293824999999997f,-2.966838134304411e-17f,1.60076261070644e-16f,-1.74976375f,0f,1.3071218671546385f,0.24226071846756464f,3.4310267757072537f,-1.628024023467506e-16f,0.24226071846756464f,-1.3071218671546385f,-0.5742030518758876f,0f,0f,0f,1f], start_interpolation: 0, interpolation_duration: 1 }
$data merge entity $(bone_left_thumb_2) { transformation: [-0.9417787057635811f,-0.13853234537663123f,0.3063685014075761f,3.5746188195686375f,-0.3346993758507781f,0.29931590034306277f,-0.8935246608834707f,0.7424619722609247f,0.03208110308848272f,-0.9440438448961317f,-0.32825603077225357f,0.9120119359762204f,0f,0f,0f,1f], start_interpolation: 0, interpolation_duration: 1 }
$data merge entity $(bone_left_thumb) { transformation: [-0.9417787057635811f,-0.13853234537663123f,0.3063685014075761f,3.724795379427872f,-0.3346993758507781f,0.29931590034306277f,-0.8935246608834707f,0.9450085001625484f,0.03208110308848272f,-0.9440438448961317f,-0.32825603077225357f,0.6294361677638778f,0f,0f,0f,1f], start_interpolation: 0, interpolation_duration: 1 }
$data merge entity $(bone_left_fingers_2) { transformation: [0.7949950757008976f,0.523565822945502f,0.3063685014075761f,3.832875338261222f,0.42983701616420433f,-0.12982226283705084f,-0.8935246608834707f,0.39985993098173833f,-0.4280455222828272f,0.8420362279114049f,-0.32825603077225357f,1.5510768447580472f,0f,0f,0f,1f], start_interpolation: 0, interpolation_duration: 1 }
$data merge entity $(bone_left_fingers) { transformation: [-0.8104912193468894f,0.49924174976344754f,0.3063685014075761f,4.093399658690778f,-0.06399804486318711f,0.44442989396165533f,-0.8935246608834707f,0.5911517613453281f,-0.5822441357500153f,-0.7438008770137094f,-0.32825603077225357f,1.2478074059880304f,0f,0f,0f,1f], start_interpolation: 0, interpolation_duration: 1 }
$data merge entity $(bone_left_hand) { transformation: [-0.9417787057635811f,-0.13853234537663123f,0.3063685014075761f,3.949372000503532f,-0.3346993758507781f,0.29931590034306277f,-0.8935246608834707f,0.8247103400684049f,0.03208110308848272f,-0.9440438448961317f,-0.32825603077225357f,0.50384464595738f,0f,0f,0f,1f], start_interpolation: 0, interpolation_duration: 1 }
$data merge entity $(bone_left_forearm) { transformation: [-1.5112602535793607f,-0.8547861491214767f,0.5588037641738203f,2.6458579022491797f,-0.7662107026611898f,0.2892322759914414f,-1.629752868163073f,1.1490529054540963f,0.6751608450674549f,-1.5850911303229207f,-0.5987257331140134f,-1.8215238774978775f,0f,0f,0f,1f], start_interpolation: 0, interpolation_duration: 1 }
$data merge entity $(bone_left_bicep) { transformation: [-1.3127213572747916f,-0.45087745521917516f,-0.7639415647896225f,1.9482106675481448f,-0.6655512517937403f,1.4026554927024684f,0.31580635824962117f,3.3317779588041376f,0.5864628933478416f,0.5825818784086776f,-1.3515895033475962f,-0.8932404422981111f,0f,0f,0f,1f], start_interpolation: 0, interpolation_duration: 1 }
$data merge entity $(bone_left_shoulder) { transformation: [-0.9766527008200264f,-0.03679499466499326f,-0.26684941261953615f,1.515143125f,-0.11828108190529649f,0.9602743453044414f,0.3004925058637558f,3.483493199862127f,0.2420166653581957f,0.3208306232026019f,-0.9300046363170291f,-0.697517339646738f,0f,0f,0f,1f], start_interpolation: 0, interpolation_duration: 1 }
$data merge entity $(bone_left_arm) { transformation: [-1.3293824999999997f,-2.966838134304411e-17f,1.60076261070644e-16f,1.749763125f,0f,1.3071218671546385f,0.24226071846756464f,3.4310267757072537f,-1.628024023467506e-16f,0.24226071846756464f,-1.3071218671546385f,-0.5742030518758872f,0f,0f,0f,1f], start_interpolation: 0, interpolation_duration: 1 }
$data merge entity $(bone_chest) { transformation: [-2.632522916666667f,-5.875110721404067e-17f,3.1699260798362146e-16f,-2.366173809551544e-17f,0f,2.588441077087076f,0.4797391970888707f,4.19439352784785f,-3.2239107635778877e-16f,0.4797391970888707f,-2.588441077087076f,-0.3379036554200777f,0f,0f,0f,1f], start_interpolation: 0, interpolation_duration: 1 }
$data merge entity $(bone_weist) { transformation: [-1.9493945833333333f,3.219323008472373e-17f,2.3655138123951093e-16f,-1.1811989903396833e-17f,0f,1.9315886131757107f,-0.26287767303305665f,0.2068359651739744f,-2.387319836754355e-16f,-0.26287767303305665f,-1.9315886131757107f,-0.4346641924203693f,0f,0f,0f,1f], start_interpolation: 0, interpolation_duration: 1 }
$data merge entity $(bone_right_foot) { transformation: [-1.1186073120632563f,0.11231875394690963f,0.3488453436510127f,-1.8967730355834371f,0.2294103474797599f,1.0883867875955784f,0.3851960383144607f,-6.199201108072015f,-0.28579620141701567f,0.43403869985953225f,-1.0561826703541457f,-0.390694614207755f,0f,0f,0f,1f], start_interpolation: 0, interpolation_duration: 1 }
$data merge entity $(bone_right_knee) { transformation: [-2.760274876940184f,-0.07139101549568899f,0.9015068580844926f,-2.016367032094718f,0.5660928655030016f,2.1216745681777467f,1.9013060203208734f,-3.488515522520718f,-0.7052305721489103f,1.982505747327934f,-2.00231103738961f,1.985278699490346f,0f,0f,0f,1f], start_interpolation: 0, interpolation_duration: 1 }
$data merge entity $(bone_right_thigh) { transformation: [-2.3528315298038947f,0.7674869955843732f,-0.07183471938135684f,-0.8928749999999999f,0.48253206732401854f,1.2864880896415638f,-2.0596416975176703f,-1.6643213000628427f,-0.6011316988012981f,-1.9712749249555055f,-1.37212556782424f,-0.7363652960830136f,0f,0f,0f,1f], start_interpolation: 0, interpolation_duration: 1 }
$data merge entity $(bone_right_leg) { transformation: [-1f,1.651447601217578e-17f,1.213460749619115e-16f,-0.8089787499999999f,0f,0.9908658973868822f,-0.13485093027372302f,-1.6062894569931938f,-1.2246467991473532e-16f,-0.13485093027372302f,-0.9908658973868822f,-0.7859810141666539f,0f,0f,0f,1f], start_interpolation: 0, interpolation_duration: 1 }
$data merge entity $(bone_left_foot) { transformation: [-1.1186073120632563f,-0.11231875394690971f,-0.34884534365101244f,1.8967724416467384f,-0.2294103474797599f,1.0883867875955784f,0.3851960383144607f,-6.19920122987993f,0.28579620141701534f,0.43403869985953225f,-1.0561826703541457f,-0.39069446246115813f,0f,0f,0f,1f], start_interpolation: 0, interpolation_duration: 1 }
$data merge entity $(bone_left_knee) { transformation: [-2.760274876940184f,0.07139101549568849f,-0.901506858084492f,2.0163670320947173f,-0.5660928655030016f,2.1216745681777467f,1.9013060203208734f,-3.488515522520718f,0.7052305721489096f,1.982505747327934f,-2.00231103738961f,1.9852786994903462f,0f,0f,0f,1f], start_interpolation: 0, interpolation_duration: 1 }
$data merge entity $(bone_left_thigh) { transformation: [-2.3528315298038947f,-0.7674869955843726f,0.07183471938135717f,0.8928750000000001f,-0.48253206732401854f,1.2864880896415638f,-2.0596416975176703f,-1.6643213000628427f,0.6011316988012975f,-1.9712749249555057f,-1.37212556782424f,-0.7363652960830133f,0f,0f,0f,1f], start_interpolation: 0, interpolation_duration: 1 }
$data merge entity $(bone_left_leg) { transformation: [-1f,1.651447601217578e-17f,1.213460749619115e-16f,0.8089781250000001f,0f,0.9908658973868822f,-0.13485093027372302f,-1.6062894569931938f,-1.2246467991473532e-16f,-0.13485093027372302f,-0.9908658973868822f,-0.7859810141666537f,0f,0f,0f,1f], start_interpolation: 0, interpolation_duration: 1 }
data modify entity @s data merge value {"locators":{"consume":{"posx":3.858185692986754,"posy":0.6435869317539644,"posz":1.3743971806271187,"rotx":43.02471206686823,"roty":-63.31955147880234}},"cameras":{}}