# This file was generated by Animated Java via MC-Build. It is not recommended to edit this file directly.
$data merge entity $(bone_neck) { transformation: [-1f,4.155280934073556e-18f,1.223941643501744e-16f,1.4979993890841735e-16f,0f,0.9994241967185149f,-0.03393044375706224f,2.068267083333333f,-1.2246467991473532e-16f,-0.03393044375706224f,-0.9994241967185149f,-1.2232093287037036f,0f,0f,0f,1f], start_interpolation: 0, interpolation_duration: 1 }
$data merge entity $(bone_left_fingers_2) { transformation: [-1f,-1.4413833239264653e-17f,1.2161348296126234e-16f,2.80162f,0f,0.9930494494080611f,0.11769788031373724f,-1.779396133001598f,-1.2246467991473532e-16f,0.11769788031373724f,-0.9930494494080611f,0.8287730582100077f,0f,0f,0f,1f], start_interpolation: 0, interpolation_duration: 1 }
$data merge entity $(bone_left_fingers) { transformation: [-1f,-1.4413833239264653e-17f,1.2161348296126234e-16f,2.81537f,0f,0.9930494494080611f,0.11769788031373724f,-1.7058200995267396f,-1.2246467991473532e-16f,0.11769788031373724f,-0.9930494494080611f,0.25713774623587615f,0f,0f,0f,1f], start_interpolation: 0, interpolation_duration: 1 }
$data merge entity $(bone_left_index_finger_2) { transformation: [-1f,-1.4413833239264653e-17f,1.2161348296126234e-16f,2.354745f,0f,0.9930494494080611f,0.11769788031373724f,-1.779396133001598f,-1.2246467991473532e-16f,0.11769788031373724f,-0.9930494494080611f,0.8287730582100077f,0f,0f,0f,1f], start_interpolation: 0, interpolation_duration: 1 }
$data merge entity $(bone_left_index_finger) { transformation: [-1f,-1.4413833239264653e-17f,1.2161348296126234e-16f,2.354745f,0f,0.9930494494080611f,0.11769788031373724f,-1.7058200995267396f,-1.2246467991473532e-16f,0.11769788031373724f,-0.9930494494080611f,0.25713774623587615f,0f,0f,0f,1f], start_interpolation: 0, interpolation_duration: 1 }
$data merge entity $(bone_left_thumb) { transformation: [-1f,-3.759670816515527e-18f,1.2240695528428935e-16f,2.092398125f,0f,0.9995286426218063f,0.030700041996869293f,-1.8745282767061302f,-1.2246467991473532e-16f,0.030700041996869293f,-0.9995286426218063f,-0.5364837046549977f,0f,0f,0f,1f], start_interpolation: 0, interpolation_duration: 1 }
$data merge entity $(bone_left_hand) { transformation: [-1f,-1.4413833239264653e-17f,1.2161348296126234e-16f,2.698495f,0f,0.9930494494080611f,0.11769788031373724f,-1.7375716781681587f,-1.2246467991473532e-16f,0.11769788031373724f,-0.9930494494080611f,-0.46695972336277425f,0f,0f,0f,1f], start_interpolation: 0, interpolation_duration: 1 }
$data merge entity $(bone_left_forearm) { transformation: [-2.001329166666667f,-6.496351244051036e-17f,2.363258282167384e-16f,2.682625f,0f,1.9297468329748437f,0.5304673354451299f,-0.318556869583942f,-2.4509213579985735e-16f,0.5304673354451299f,-1.9297468329748437f,-2.1964134931632f,0f,0f,0f,1f], start_interpolation: 0, interpolation_duration: 1 }
$data merge entity $(bone_left_bicep) { transformation: [-1.2901533333333335f,-1.3770451781791177e-17f,1.573969840985263e-16f,1.7790731250000003f,0f,1.2852439103920592f,0.11244427202503372f,1.2308084723082113f,-1.579982150075955e-16f,0.11244427202503372f,-1.2852439103920592f,-1.697523980789667f,0f,0f,0f,1f], start_interpolation: 0, interpolation_duration: 1 }
$data merge entity $(bone_left_shoulder) { transformation: [-1.2327766666666666f,-1.3158041922187997e-17f,1.503971073725352e-16f,1.3743293750000003f,0f,1.2280855792645484f,0.10744356602531557f,1.345422324370866f,-1.5097159988968769e-16f,0.10744356602531557f,-1.2280855792645484f,-1.661714082911245f,0f,0f,0f,1f], start_interpolation: 0, interpolation_duration: 1 }
$data merge entity $(bone_right_fingers_2) { transformation: [-1f,-1.4413833239264653e-17f,1.2161348296126234e-16f,-2.80162f,0f,0.9930494494080611f,0.11769788031373724f,-1.7793968623873564f,-1.2246467991473532e-16f,0.11769788031373724f,-0.9930494494080611f,0.8287741349274053f,0f,0f,0f,1f], start_interpolation: 0, interpolation_duration: 1 }
$data merge entity $(bone_right_fingers) { transformation: [-1f,-1.4413833239264653e-17f,1.2161348296126234e-16f,-2.81537f,0f,0.9930494494080611f,0.11769788031373724f,-1.705820387545447f,-1.2246467991473532e-16f,0.11769788031373724f,-0.9930494494080611f,0.2571350990178384f,0f,0f,0f,1f], start_interpolation: 0, interpolation_duration: 1 }
$data merge entity $(bone_right_index_finger_2) { transformation: [-1f,-1.4413833239264653e-17f,1.2161348296126234e-16f,-2.354745f,0f,0.9930494494080611f,0.11769788031373724f,-1.7793967888261812f,-1.2246467991473532e-16f,0.11769788031373724f,-0.9930494494080611f,0.8287735142714994f,0f,0f,0f,1f], start_interpolation: 0, interpolation_duration: 1 }
$data merge entity $(bone_right_index_finger) { transformation: [-1f,-1.4413833239264653e-17f,1.2161348296126234e-16f,-2.354745f,0f,0.9930494494080611f,0.11769788031373724f,-1.705820755351323f,-1.2246467991473532e-16f,0.11769788031373724f,-0.9930494494080611f,0.25713820229736783f,0f,0f,0f,1f], start_interpolation: 0, interpolation_duration: 1 }
$data merge entity $(bone_right_thumb) { transformation: [-1f,-3.759670816515527e-18f,1.2240695528428935e-16f,-2.092398125f,0f,0.9995286426218063f,0.030700041996869293f,-1.8745289325307135f,-1.2246467991473532e-16f,0.030700041996869293f,-0.9995286426218063f,-0.5364832485935058f,0f,0f,0f,1f], start_interpolation: 0, interpolation_duration: 1 }
$data merge entity $(bone_right_hand) { transformation: [-1f,-1.4413833239264653e-17f,1.2161348296126234e-16f,-2.698495f,0f,0.9930494494080611f,0.11769788031373724f,-1.737572333992742f,-1.2246467991473532e-16f,0.11769788031373724f,-0.9930494494080611f,-0.46695926730128257f,0f,0f,0f,1f], start_interpolation: 0, interpolation_duration: 1 }
$data merge entity $(bone_right_forearm) { transformation: [-2.00133125f,-6.49635800658931e-17f,2.363260742259824e-16f,-2.682625f,0f,1.9297488417927675f,0.5304678876482859f,-0.3185597103306774f,-2.450923909346071e-16f,0.5304678876482859f,-1.9297488417927675f,-2.1964168786333285f,0f,0f,0f,1f], start_interpolation: 0, interpolation_duration: 1 }
$data merge entity $(bone_right_bicep) { transformation: [-1.2901533333333333f,-1.3770451781791174e-17f,1.5739698409852627e-16f,-1.7790731249999998f,0f,1.285243910392059f,0.11244427202503371f,1.2308084723082113f,-1.5799821500759548e-16f,0.11244427202503371f,-1.285243910392059f,-1.6975239807896674f,0f,0f,0f,1f], start_interpolation: 0, interpolation_duration: 1 }
$data merge entity $(bone_right_shoulder) { transformation: [-1.2327766666666666f,-1.3158041922187997e-17f,1.503971073725352e-16f,-1.3743293749999999f,0f,1.2280855792645484f,0.10744356602531557f,1.345422324370866f,-1.5097159988968769e-16f,0.10744356602531557f,-1.2280855792645484f,-1.6617140829112453f,0f,0f,0f,1f], start_interpolation: 0, interpolation_duration: 1 }
$data merge entity $(bone_chest) { transformation: [-4.0674850000000005f,7.537836011067882e-17f,4.923869145356051e-16f,1.3477830692720936e-16f,0f,4.02064427783116f,-0.615511020509425f,1.6223913596130755f,-4.981232485829872e-16f,-0.615511020509425f,-4.02064427783116f,-1.1005483950233428f,0f,0f,0f,1f], start_interpolation: 0, interpolation_duration: 1 }
$data merge entity $(bone_weist) { transformation: [-1.0999999999999999f,2.038512646555468e-17f,1.3315982873671705e-16f,4.575535622312898e-16f,0f,1.0873325176649147f,-0.1664571897770655f,1.4034779992403856f,-1.3471114790620883e-16f,-0.1664571897770655f,-1.0873325176649147f,-3.736208370853183f,0f,0f,0f,1f], start_interpolation: 0, interpolation_duration: 1 }
$data merge entity $(bone_right_fingers2) { transformation: [-0.9995208248002134f,-0.02432613649742415f,0.019140529611524373f,0.9855816469190941f,-0.024155590144360133f,0.9996668699782814f,0.009091563815084639f,-1.9186246015540727f,-0.01935531594881997f,0.008624856574735261f,-0.9997754665891669f,-5.557874755116507f,0f,0f,0f,1f], start_interpolation: 0, interpolation_duration: 1 }
$data merge entity $(bone_left_foot) { transformation: [-0.9969901845463643f,-0.07556584412727738f,0.017331333461056486f,0.9160026573185218f,-0.075728527159576f,0.9970884860655492f,-0.008929788897404256f,-0.9807027290726728f,-0.016606086006271267f,-0.010215388237500372f,-0.9998099238108759f,-5.367078580300867f,0f,0f,0f,1f], start_interpolation: 0, interpolation_duration: 1 }
$data merge entity $(bone_left_knee) { transformation: [-1.5802435665336019f,-0.10858190467508788f,0.05753389383936662f,0.8995635751248987f,-0.12003078836872938f,1.5228852891222047f,-0.4227090187738928f,-1.0078338498876371f,-0.026320881572825045f,-0.42579369967900654f,-1.5265244331621164f,-3.289537346534517f,0f,0f,0f,1f], start_interpolation: 0, interpolation_duration: 1 }
$data merge entity $(bone_left_thigh) { transformation: [-1.5988266327483922f,-0.11936035260705527f,0.03479250136261829f,0.753783077513802f,-0.1214423050078779f,1.5954463954246512f,-0.1072687251344572f,0.7599734389863924f,-0.026630405177576935f,-0.10958065095224437f,-1.5996833799124346f,-4.426084035785538f,0f,0f,0f,1f], start_interpolation: 0, interpolation_duration: 1 }
$data merge entity $(bone_left_leg) { transformation: [-0.9969901845463643f,-0.07575706254768626f,0.01647541782026392f,0.5257450000000006f,-0.075728527159576f,0.9971257032220379f,0.0023499251472647105f,1.0178793981481482f,-0.016606086006271267f,0.001095193180374368f,-0.999861509639935f,-4.725619606481482f,0f,0f,0f,1f], start_interpolation: 0, interpolation_duration: 1 }
$data merge entity $(bone_left_fingers2) { transformation: [-0.9995208249499834f,0.02432613352542669f,-0.01914052556769772f,-0.9849014666411616f,0.02415558710318993f,0.9996668700030855f,0.009091569167906844f,-1.910740578624644f,0.019355312010008553f,0.008624862082244753f,-0.999775466617909f,-5.552991963601595f,0f,0f,0f,1f], start_interpolation: 0, interpolation_duration: 1 }
$data merge entity $(bone_right_foot) { transformation: [-0.9969901846247866f,0.0755658434537591f,-0.01733133188638049f,-0.9153224779885372f,0.07572852672013465f,0.9970884859639962f,-0.008929803963350524f,-0.972818703222342f,0.016606083301963337f,-0.01021540313193725f,-0.999809923703611f,-5.362195802798923f,0f,0f,0f,1f], start_interpolation: 0, interpolation_duration: 1 }
$data merge entity $(bone_right_knee) { transformation: [-1.5802435666579022f,0.10858190428990952f,-0.05753389115222937f,-0.8966128797656732f,0.12003078767220862f,1.5228852827861954f,-0.42270904179828844f,-0.9690939689883087f,0.026320877286458665f,-0.42579372243847713f,-1.5265244268877207f,-3.2890493826294525f,0f,0f,0f,1f], start_interpolation: 0, interpolation_duration: 1 }
$data merge entity $(bone_right_thigh) { transformation: [-1.5988266328741543f,0.11936035167562209f,-0.03479249877885453f,-0.7523420564879765f,0.12144230430316633f,1.5954463938572592f,-0.1072687492446672f,0.7755149410908726f,0.026630400840804508f,-0.10958067478734541f,-1.599683378351891f,-4.410442211323374f,0f,0f,0f,1f], start_interpolation: 0, interpolation_duration: 1 }
$data merge entity $(bone_right_leg) { transformation: [-0.9969901846247866f,0.0757570618563982f,-0.016475416253307562f,-0.5257449999999995f,0.07572852672013465f,0.9971257032909183f,0.002349910081133576f,1.0178793981481482f,0.016606083301963337f,0.0010951782856770695f,-0.9998615097011639f,-4.725619606481482f,0f,0f,0f,1f], start_interpolation: 0, interpolation_duration: 1 }
execute on vehicle unless entity @s[tag=aj.transforms_only] at @s run function animated_java:jaw/animations/roar/zzz/frames/zzz/1