# This file was generated by Animated Java via MC-Build. It is not recommended to edit this file directly.
$data merge entity $(bone_neck) { transformation: [-1f,3.161806084967825e-17f,1.1831270453643015e-16f,1.819556486641404e-16f,0f,0.9660965481541622f,-0.2581810598099956f,1.82934375f,-1.2246467991473532e-16f,-0.2581810598099956f,-0.9660965481541622f,-1.485780625f,0f,0f,0f,1f], start_interpolation: 0, interpolation_duration: 1 }
$data merge entity $(bone_left_fingers_2) { transformation: [-1f,-1.0709101217935979e-17f,1.2199554490932276e-16f,2.80162f,0f,0.9961692219688222f,0.08744644762385428f,-2.6906143753266827f,-1.2246467991473532e-16f,0.08744644762385428f,-0.9961692219688222f,0.0027916304736226305f,0f,0f,0f,1f], start_interpolation: 0, interpolation_duration: 1 }
$data merge entity $(bone_left_fingers) { transformation: [-1f,-1.0709101217935979e-17f,1.2199554490932276e-16f,2.81537f,0f,0.9961692219688222f,0.08744644762385428f,-2.634454858326688f,-1.2246467991473532e-16f,0.08744644762385428f,-0.9961692219688222f,-0.5708166603032658f,0f,0f,0f,1f], start_interpolation: 0, interpolation_duration: 1 }
$data merge entity $(bone_left_index_finger_2) { transformation: [-1f,-1.0709101217935979e-17f,1.2199554490932276e-16f,2.354745f,0f,0.9961692219688222f,0.08744644762385428f,-2.6906143753266827f,-1.2246467991473532e-16f,0.08744644762385428f,-0.9961692219688222f,0.0027916304736226305f,0f,0f,0f,1f], start_interpolation: 0, interpolation_duration: 1 }
$data merge entity $(bone_left_index_finger) { transformation: [-1f,-1.0709101217935979e-17f,1.2199554490932276e-16f,2.354745f,0f,0.9961692219688222f,0.08744644762385428f,-2.634454858326688f,-1.2246467991473532e-16f,0.08744644762385428f,-0.9961692219688222f,-0.5708166603032658f,0f,0f,0f,1f], start_interpolation: 0, interpolation_duration: 1 }
$data merge entity $(bone_left_thumb) { transformation: [-1f,-3.573752615836253e-20f,1.2246467470028984e-16f,2.092398125f,0f,0.999999957420821f,0.00029181904679169424f,-2.8272177440570845f,-1.2246467991473532e-16f,0.00029181904679169424f,-0.999999957420821f,-1.3589409691824035f,0f,0f,0f,1f], start_interpolation: 0, interpolation_duration: 1 }
$data merge entity $(bone_left_hand) { transformation: [-1f,-1.0709101217935979e-17f,1.2199554490932276e-16f,2.698495f,0f,0.9961692219688222f,0.08744644762385428f,-2.688210369680769f,-1.2246467991473532e-16f,0.08744644762385428f,-0.9961692219688222f,-1.2936137640775214f,0f,0f,0f,1f], start_interpolation: 0, interpolation_duration: 1 }
$data merge entity $(bone_left_forearm) { transformation: [-2.001329166666667f,-1.5680854265294765e-16f,1.883646356989401e-16f,2.682625f,0f,1.5381139756384197f,1.2804389213455163f,-0.681386329834567f,-2.4509213579985735e-16f,1.2804389213455163f,-1.5381139756384197f,-2.2821837625872745f,0f,0f,0f,1f], start_interpolation: 0, interpolation_duration: 1 }
$data merge entity $(bone_left_bicep) { transformation: [-2.46898625f,-2.6352725080892526e-17f,3.0121302599489216e-16f,1.8165731250000001f,0f,2.459591011911421f,0.2151863304525053f,3.168264511054648f,-3.0236361082013267e-16f,0.2151863304525053f,-2.459591011911421f,-1.7898310334507104f,0f,0f,0f,1f], start_interpolation: 0, interpolation_duration: 1 }
$data merge entity $(bone_left_shoulder) { transformation: [-1.2327766666666666f,-1.3158041922188005e-17f,1.5039710737253525e-16f,1.3743293750000003f,0f,1.2280855792645482f,0.10744356602531557f,0.9825928641202405f,-1.5097159988968769e-16f,0.10744356602531557f,-1.2280855792645482f,-1.7474843523353194f,0f,0f,0f,1f], start_interpolation: 0, interpolation_duration: 1 }
$data merge entity $(bone_right_fingers_2) { transformation: [-1f,-1.0709101217935979e-17f,1.2199554490932276e-16f,-2.80162f,0f,0.9961692219688222f,0.08744644762385428f,-2.69061686837757f,-1.2246467991473532e-16f,0.08744644762385428f,-0.9961692219688222f,0.002793268673286109f,0f,0f,0f,1f], start_interpolation: 0, interpolation_duration: 1 }
$data merge entity $(bone_right_fingers) { transformation: [-1f,-1.0709101217935979e-17f,1.2199554490932276e-16f,-2.81537f,0f,0.9961692219688222f,0.08744644762385428f,-2.634457023453397f,-1.2246467991473532e-16f,0.08744644762385428f,-0.9961692219688222f,-0.5708187577381848f,0f,0f,0f,1f], start_interpolation: 0, interpolation_duration: 1 }
$data merge entity $(bone_right_index_finger_2) { transformation: [-1f,-1.0709101217935979e-17f,1.2199554490932276e-16f,-2.354745f,0f,0.9961692219688222f,0.08744644762385428f,-2.6906168137235404f,-1.2246467991473532e-16f,0.08744644762385428f,-0.9961692219688222f,0.0027926460675222753f,0f,0f,0f,1f], start_interpolation: 0, interpolation_duration: 1 }
$data merge entity $(bone_right_index_finger) { transformation: [-1f,-1.0709101217935979e-17f,1.2199554490932276e-16f,-2.354745f,0f,0.9961692219688222f,0.08744644762385428f,-2.6344572967235456f,-1.2246467991473532e-16f,0.08744644762385428f,-0.9961692219688222f,-0.5708156447093662f,0f,0f,0f,1f], start_interpolation: 0, interpolation_duration: 1 }
$data merge entity $(bone_right_thumb) { transformation: [-1f,-3.573752615836253e-20f,1.2246467470028984e-16f,-2.092398125f,0f,0.999999957420821f,0.00029181904679169424f,-2.8272201824539422f,-1.2246467991473532e-16f,0.00029181904679169424f,-0.999999957420821f,-1.3589399535885036f,0f,0f,0f,1f], start_interpolation: 0, interpolation_duration: 1 }
$data merge entity $(bone_right_hand) { transformation: [-1f,-1.0709101217935979e-17f,1.2199554490932276e-16f,-2.698495f,0f,0.9961692219688222f,0.08744644762385428f,-2.6882128080776266f,-1.2246467991473532e-16f,0.08744644762385428f,-0.9961692219688222f,-1.2936127484836217f,0f,0f,0f,1f], start_interpolation: 0, interpolation_duration: 1 }
$data merge entity $(bone_right_forearm) { transformation: [-2.00133125f,-1.5680870588669713e-16f,1.8836483178178887e-16f,-2.682625f,0f,1.5381155767763879f,1.280440254250233f,-0.6813891705813022f,-2.450923909346071e-16f,1.280440254250233f,-1.5381155767763879f,-2.2821871480574027f,0f,0f,0f,1f], start_interpolation: 0, interpolation_duration: 1 }
$data merge entity $(bone_right_bicep) { transformation: [-2.46898625f,-2.6352725080892526e-17f,3.0121302599489216e-16f,-1.8165731249999997f,0f,2.459591011911421f,0.2151863304525053f,3.168264511054648f,-3.0236361082013267e-16f,0.2151863304525053f,-2.459591011911421f,-1.7898310334507106f,0f,0f,0f,1f], start_interpolation: 0, interpolation_duration: 1 }
$data merge entity $(bone_right_shoulder) { transformation: [-1.2327766666666666f,-1.3158041922188005e-17f,1.5039710737253525e-16f,-1.3743293749999999f,0f,1.2280855792645482f,0.10744356602531557f,0.9825928641202405f,-1.5097159988968769e-16f,0.10744356602531557f,-1.2280855792645482f,-1.7474843523353196f,0f,0f,0f,1f], start_interpolation: 0, interpolation_duration: 1 }
$data merge entity $(bone_chest) { transformation: [-4.0674850000000005f,1.4912441943021276e-16f,4.752774750695329e-16f,1.5121590832056906e-16f,0f,3.880935102271444f,-1.2176932935605516f,1.341402570850517f,-4.981232485829872e-16f,-1.2176932935605516f,-3.880935102271444f,-1.2347715963970303f,0f,0f,0f,1f], start_interpolation: 0, interpolation_duration: 1 }
$data merge entity $(bone_weist) { transformation: [-1.0999999999999999f,4.032881777639844e-17f,1.285327966978332e-16f,4.662007689044038e-16f,0f,1.0495499338039567f,-0.3293097879688816f,0.7256079773020898f,-1.3471114790620883e-16f,-0.3293097879688816f,-1.0495499338039567f,-3.8068181718107694f,0f,0f,0f,1f], start_interpolation: 0, interpolation_duration: 1 }
$data merge entity $(bone_right_fingers2) { transformation: [-0.9947700303012557f,-0.0782295685029767f,0.065671313572037f,1.563213413777928f,-0.08041196761323381f,0.9962710913329048f,-0.03127024206672379f,-2.8799393566908997f,-0.06298017369781526f,-0.036387459188315575f,-0.9973512172423574f,-5.990934489810339f,0f,0f,0f,1f], start_interpolation: 0, interpolation_duration: 1 }
$data merge entity $(bone_left_foot) { transformation: [-0.9663589572938892f,-0.25128903028015914f,0.05481048183262403f,1.3429586032658696f,-0.2511013496008373f,0.9679049622660518f,0.010396934615115289f,-2.056773030182719f,-0.05566397296730862f,-0.003715815066728495f,-0.9984426447382367f,-5.793800097343006f,0f,0f,0f,1f], start_interpolation: 0, interpolation_duration: 1 }
$data merge entity $(bone_left_knee) { transformation: [-1.5316926373960427f,-0.36224003736936355f,0.18700194760329228f,1.2564411945397678f,-0.39799919638644643f,1.4861335732230696f,-0.3811476757754166f,-2.119861105389293f,-0.08822818572613453f,-0.4152819119584927f,-1.527097452482192f,-3.7187775548405133f,0f,0f,0f,1f], start_interpolation: 0, interpolation_duration: 1 }
$data merge entity $(bone_left_thigh) { transformation: [-1.5497047630608696f,-0.4088485013742685f,0.054424845260039746f,0.7905173230412251f,-0.40267951629188137f,1.5455431280042105f,0.1443941139694002f,-0.2559947695924644f,-0.08926571579560101f,0.1258703933182319f,-1.5962118561082432f,-4.583098195099936f,0f,0f,0f,1f], start_interpolation: 0, interpolation_duration: 1 }
$data merge entity $(bone_left_leg) { transformation: [-0.9663589572938892f,-0.2571966232597198f,0.0005124857704473638f,0.5257450000000006f,-0.2511013496008373f,0.9438848245749946f,0.21454498401423858f,-0.028268749999999843f,-0.05566397296730862f,0.2071987811760232f,-0.9767139740951111f,-4.836623124999999f,0f,0f,0f,1f], start_interpolation: 0, interpolation_duration: 1 }
$data merge entity $(bone_left_fingers2) { transformation: [-0.9947700170146677f,0.07822963919653539f,-0.06567143062106731f,-1.561031757389465f,0.08041204129175922f,0.9962710860812509f,-0.03127021991891992f,-2.874008036520065f,0.06298028948750681f,-0.03638745099158666f,-0.9973512102295784f,-5.979813999097272f,0f,0f,0f,1f], start_interpolation: 0, interpolation_duration: 1 }
$data merge entity $(bone_right_foot) { transformation: [-0.9663589509593971f,0.25128904062708896f,-0.05481054607802209f,-1.3407769251668498f,0.25110135923804217f,0.9679049595798185f,0.0103969519378532f,-2.0508417157227883f,0.05566403946410479f,-0.0037158150529317258f,-0.9984426410310364f,-5.782679607039967f,0f,0f,0f,1f], start_interpolation: 0, interpolation_duration: 1 }
$data merge entity $(bone_right_knee) { transformation: [-1.531692627355783f,0.3622400268550677f,-0.18700205020802999f,-1.2466974091699536f,0.39799921166155267f,1.4861335762167687f,-0.38114764815222035f,-2.083899344572084f,0.0882282911244985f,-0.41528191041655804f,-1.527097446812106f,-3.7118449347358444f,0f,0f,0f,1f], start_interpolation: 0, interpolation_duration: 1 }
$data merge entity $(bone_right_thigh) { transformation: [-1.54970475290254f,0.4088485263921714f,-0.05442494657175011f,-0.7864910843269203f,0.4026795317466171f,1.5455431214241895f,0.14439414130015604f,-0.24460100834392412f,0.08926582243340984f,0.12587039285087742f,-1.5962118501815366f,-4.5645981022736954f,0f,0f,0f,1f], start_interpolation: 0, interpolation_duration: 1 }
$data merge entity $(bone_right_leg) { transformation: [-0.9663589509593971f,0.2571966469393792f,-0.0005125463823592113f,-0.5257449999999995f,0.25110135923804217f,0.9438848182914679f,0.21454500037915197f,-0.028268749999999843f,0.05566403946410479f,0.20719878040669779f,-0.976713970468589f,-4.836623124999999f,0f,0f,0f,1f], start_interpolation: 0, interpolation_duration: 1 }