# This file was generated by Animated Java via MC-Build. It is not recommended to edit this file directly.
$data merge entity $(bone_neck) { transformation: [-1f,7.009549740800239e-18f,1.2226391143362715e-16f,1.7412632859634148e-16f,0f,0.9983606009402225f,-0.05723731728756863f,2.0396212499999997f,-1.2246467991473532e-16f,-0.05723731728756863f,-0.9983606009402225f,-1.421849375f,0f,0f,0f,1f], start_interpolation: 0, interpolation_duration: 1 }
$data merge entity $(bone_left_fingers_2) { transformation: [-1f,-1.3332346982063384e-17f,1.2173679127761025e-16f,2.80162f,0f,0.9940563382223196f,0.10886687485196456f,-2.057213825958018f,-1.2246467991473532e-16f,0.10886687485196456f,-0.9940563382223196f,0.47403721730485493f,0f,0f,0f,1f], start_interpolation: 0, interpolation_duration: 1 }
$data merge entity $(bone_left_fingers) { transformation: [-1f,-1.3332346982063384e-17f,1.2173679127761025e-16f,2.81537f,0f,0.9940563382223196f,0.10886687485196456f,-1.9887214698865385f,-1.2246467991473532e-16f,0.10886687485196456f,-0.9940563382223196f,-0.09822946856584458f,0f,0f,0f,1f], start_interpolation: 0, interpolation_duration: 1 }
$data merge entity $(bone_left_index_finger_2) { transformation: [-1f,-1.3332346982063384e-17f,1.2173679127761025e-16f,2.354745f,0f,0.9940563382223196f,0.10886687485196456f,-2.057213825958018f,-1.2246467991473532e-16f,0.10886687485196456f,-0.9940563382223196f,0.47403721730485493f,0f,0f,0f,1f], start_interpolation: 0, interpolation_duration: 1 }
$data merge entity $(bone_left_index_finger) { transformation: [-1f,-1.3332346982063384e-17f,1.2173679127761025e-16f,2.354745f,0f,0.9940563382223196f,0.10886687485196456f,-1.9887214698865385f,-1.2246467991473532e-16f,0.10886687485196456f,-0.9940563382223196f,-0.09822946856584458f,0f,0f,0f,1f], start_interpolation: 0, interpolation_duration: 1 }
$data merge entity $(bone_left_thumb) { transformation: [-1f,-2.671552913134272e-18f,1.2243553663724804e-16f,2.092398125f,0f,0.9997620270799091f,0.021814885034561096f,-2.1644767966868996f,-1.2246467991473532e-16f,0.021814885034561096f,-0.9997620270799091f,-0.8903200703675745f,0f,0f,0f,1f], start_interpolation: 0, interpolation_duration: 1 }
$data merge entity $(bone_left_hand) { transformation: [-1f,-1.3332346982063384e-17f,1.2173679127761025e-16f,2.698495f,0f,0.9940563382223196f,0.10886687485196456f,-2.026907669520228f,-1.2246467991473532e-16f,0.10886687485196456f,-0.9940563382223196f,-0.8220161238607089f,0f,0f,0f,1f], start_interpolation: 0, interpolation_duration: 1 }
$data merge entity $(bone_left_forearm) { transformation: [-2.001329166666667f,-9.379269977358008e-17f,2.26435607844965e-16f,2.682625f,0f,1.8489870549012033f,0.7658755147923648f,-0.40421433071215374f,-2.4509213579985735e-16f,0.7658755147923648f,-1.8489870549012033f,-2.361977063964745f,0f,0f,0f,1f], start_interpolation: 0, interpolation_duration: 1 }
$data merge entity $(bone_left_bicep) { transformation: [-2.46898625f,-2.635272508089251e-17f,3.0121302599489216e-16f,1.8165731250000001f,0f,2.459591011911421f,0.21518633045250515f,3.445436510177062f,-3.0236361082013267e-16f,0.21518633045250515f,-2.459591011911421f,-1.8696243348281811f,0f,0f,0f,1f], start_interpolation: 0, interpolation_duration: 1 }
$data merge entity $(bone_left_shoulder) { transformation: [-1.2327766666666666f,-1.3158041922187997e-17f,1.5039710737253525e-16f,1.3743293750000003f,0f,1.2280855792645484f,0.1074435660253155f,1.2597648632426544f,-1.5097159988968769e-16f,0.1074435660253155f,-1.2280855792645484f,-1.8272776537127902f,0f,0f,0f,1f], start_interpolation: 0, interpolation_duration: 1 }
$data merge entity $(bone_right_fingers_2) { transformation: [-1f,-1.3332346982063384e-17f,1.2173679127761025e-16f,-2.80162f,0f,0.9940563382223196f,0.10886687485196456f,-2.057215043508737f,-1.2246467991473532e-16f,0.10886687485196456f,-0.9940563382223196f,0.4740385361292031f,0f,0f,0f,1f], start_interpolation: 0, interpolation_duration: 1 }
$data merge entity $(bone_right_fingers) { transformation: [-1f,-1.3332346982063384e-17f,1.2173679127761025e-16f,-2.81537f,0f,0.9940563382223196f,0.10886687485196456f,-1.988722279186477f,-1.2246467991473532e-16f,0.10886687485196456f,-0.9940563382223196f,-0.09823187745276485f,0f,0f,0f,1f], start_interpolation: 0, interpolation_duration: 1 }
$data merge entity $(bone_right_index_finger_2) { transformation: [-1f,-1.3332346982063384e-17f,1.2173679127761025e-16f,-2.354745f,0f,0.9940563382223196f,0.10886687485196456f,-2.05721497546694f,-1.2246467991473532e-16f,0.10886687485196456f,-0.9940563382223196f,0.4740379148439916f,0f,0f,0f,1f], start_interpolation: 0, interpolation_duration: 1 }
$data merge entity $(bone_right_index_finger) { transformation: [-1f,-1.3332346982063384e-17f,1.2173679127761025e-16f,-2.354745f,0f,0.9940563382223196f,0.10886687485196456f,-1.9887226193954608f,-1.2246467991473532e-16f,0.10886687485196456f,-0.9940563382223196f,-0.0982287710267079f,0f,0f,0f,1f], start_interpolation: 0, interpolation_duration: 1 }
$data merge entity $(bone_right_thumb) { transformation: [-1f,-2.671552913134272e-18f,1.2243553663724804e-16f,-2.092398125f,0f,0.9997620270799091f,0.021814885034561096f,-2.164477946195822f,-1.2246467991473532e-16f,0.021814885034561096f,-0.9997620270799091f,-0.8903193728284378f,0f,0f,0f,1f], start_interpolation: 0, interpolation_duration: 1 }
$data merge entity $(bone_right_hand) { transformation: [-1f,-1.3332346982063384e-17f,1.2173679127761025e-16f,-2.698495f,0f,0.9940563382223196f,0.10886687485196456f,-2.0269088190291504f,-1.2246467991473532e-16f,0.10886687485196456f,-0.9940563382223196f,-0.8220154263215722f,0f,0f,0f,1f], start_interpolation: 0, interpolation_duration: 1 }
$data merge entity $(bone_right_forearm) { transformation: [-2.00133125f,-9.379279740942184e-17f,2.2643584355873835e-16f,-2.682625f,0f,1.848988979650229f,0.7658763120495155f,-0.4042171714588889f,-2.450923909346071e-16f,0.7658763120495155f,-1.848988979650229f,-2.3619804494348737f,0f,0f,0f,1f], start_interpolation: 0, interpolation_duration: 1 }
$data merge entity $(bone_right_bicep) { transformation: [-2.46898625f,-2.635272508089251e-17f,3.0121302599489216e-16f,-1.8165731249999997f,0f,2.459591011911421f,0.21518633045250515f,3.445436510177062f,-3.0236361082013267e-16f,0.21518633045250515f,-2.459591011911421f,-1.8696243348281818f,0f,0f,0f,1f], start_interpolation: 0, interpolation_duration: 1 }
$data merge entity $(bone_right_shoulder) { transformation: [-1.2327766666666666f,-1.3158041922187997e-17f,1.5039710737253525e-16f,-1.3743293749999999f,0f,1.2280855792645484f,0.1074435660253155f,1.2597648632426544f,-1.5097159988968769e-16f,0.1074435660253155f,-1.2280855792645484f,-1.8272776537127906f,0f,0f,0f,1f], start_interpolation: 0, interpolation_duration: 1 }
$data merge entity $(bone_chest) { transformation: [-4.0674850000000005f,9.717902496977489e-17f,4.885519500368333e-16f,1.5662875365093977e-16f,0f,3.9893294162609343f,-0.7935269584457716f,1.5613911316823126f,-4.981232485829872e-16f,-0.7935269584457716f,-3.9893294162609343f,-1.2789708327330853f,0f,0f,0f,1f], start_interpolation: 0, interpolation_duration: 1 }
$data merge entity $(bone_weist) { transformation: [-1.0999999999999999f,2.6280841224184565e-17f,1.321227109726321e-16f,4.778942764962596e-16f,0f,1.0788638084435533f,-0.21459935421774107f,1.2256004333508579f,-1.3471114790620883e-16f,-0.21459935421774107f,-1.0788638084435533f,-3.902302907491271f,0f,0f,0f,1f], start_interpolation: 0, interpolation_duration: 1 }
$data merge entity $(bone_right_fingers2) { transformation: [-0.9986590401744501f,-0.04067956755003155f,0.03202021645442777f,1.1515824420688001f,-0.04068495826903089f,0.9991719073614352f,0.0004834359923013939f,-2.185340645580732f,-0.03201336671600155f,-0.0008199534461562146f,-0.999487104483021f,-5.829612629958832f,0f,0f,0f,1f], start_interpolation: 0, interpolation_duration: 1 }
$data merge entity $(bone_left_foot) { transformation: [-0.9914384141506178f,-0.12748230243997877f,0.028251256805842576f,1.034311436574938f,-0.12753324537396518f,0.9918342963028131f,-0.0000013738654974226883f,-1.27914357659917f,-0.02802039027015608f,-0.003604336569372424f,-0.9996008535845712f,-5.632507004239839f,0f,0f,0f,1f], start_interpolation: 0, interpolation_duration: 1 }
$data merge entity $(bone_left_knee) { transformation: [-1.571443931806263f,-0.1835866196194385f,0.09555014819458903f,0.9975422484572862f,-0.20214200063871093f,1.5185038126907802f,-0.40688412472763097f,-1.323741826407371f,-0.044412715533726214f,-0.415586371858244f,-1.5289164093431171f,-3.55552772122841f,0f,0f,0f,1f], start_interpolation: 0, interpolation_duration: 1 }
$data merge entity $(bone_left_thigh) { transformation: [-1.589923517647352f,-0.20340044046663158f,0.04975421952921233f,0.7645678477892695f,-0.20451911405477716f,1.590179817496521f,-0.03470005077936167f,0.4822366156945841f,-0.044934992258036696f,-0.04074828040324541f,-1.6025056747562736f,-4.614913267771177f,0f,0f,0f,1f], start_interpolation: 0, interpolation_duration: 1 }
$data merge entity $(bone_left_leg) { transformation: [-0.9914384141506178f,-0.12905707364452165f,0.019853027195377227f,0.5257450000000007f,-0.12753324537396518f,0.9897107927949458f,0.06486769573203502f,0.7330125000000001f,-0.02802039027015608f,0.06178040439744956f,-0.9976963663167245f,-4.900388125f,0f,0f,0f,1f], start_interpolation: 0, interpolation_duration: 1 }
$data merge entity $(bone_left_fingers2) { transformation: [-0.9986590405658309f,0.04067956278094413f,-0.03202021030670238f,-1.1504373189875017f,0.040684953209417146f,0.9991719075631805f,0.00048344482879902526f,-2.1778902880253757f,0.03201336093698628f,-0.000819944209188953f,-0.9994871046756992f,-5.823005146346074f,0f,0f,0f,1f], start_interpolation: 0, interpolation_duration: 1 }
$data merge entity $(bone_right_foot) { transformation: [-0.991438414373055f,0.1274823010026716f,-0.02825125548549529f,-1.0331663150715475f,0.1275332446471454f,0.9918342963962342f,-0.000001399401843849013f,-1.2716932138460413f,0.02802038570779938f,-0.003604361698165831f,-0.999600853621852f,-5.625899543585147f,0f,0f,0f,1f], start_interpolation: 0, interpolation_duration: 1 }
$data merge entity $(bone_right_knee) { transformation: [-1.5714439321588292f,0.18358661796056094f,-0.09555014558350007f,-0.9925626544113231f,0.20214199948669132f,1.518503802357986f,-0.40688416386225795f,-1.2855619547867714f,0.04441270830232621f,-0.41558641034587424f,-1.5289163990915628f,-3.5531093943085796f,0f,0f,0f,1f], start_interpolation: 0, interpolation_duration: 1 }
$data merge entity $(bone_right_thigh) { transformation: [-1.589923518004064f,0.20340043820842807f,-0.04975421736205481f,-0.7622413322765704f,0.2045191128892102f,1.5901798167529495f,-0.03470009172433166f,0.4966853191111098f,0.044934984941598165f,-0.04074832069283311f,-1.6025056739369516f,-4.598357182671089f,0f,0f,0f,1f], start_interpolation: 0, interpolation_duration: 1 }
$data merge entity $(bone_right_leg) { transformation: [-0.991438414373055f,0.12905707212393705f,-0.01985302597186128f,-0.5257449999999994f,0.1275332446471454f,0.9897107945583239f,0.06486767025647387f,0.7330125000000001f,0.02802038570779938f,0.061780379324897126f,-0.9976963679974273f,-4.900388125f,0f,0f,0f,1f], start_interpolation: 0, interpolation_duration: 1 }