# This file was generated by Animated Java via MC-Build. It is not recommended to edit this file directly.
$data merge entity $(bone_neck) { transformation: [-1f,3.0866442343628634e-18f,1.224257752844108e-16f,1.7157433024416421e-16f,0f,0.9996823195851113f,-0.025204362894770193f,2.0827981814868806f,-1.2246467991473532e-16f,-0.025204362894770193f,-0.9996823195851113f,-1.4010107270408165f,0f,0f,0f,1f], start_interpolation: 0, interpolation_duration: 1 }
$data merge entity $(bone_left_fingers_2) { transformation: [-1f,-1.5499485378087448e-17f,1.2147989043307963e-16f,2.8016199999999998f,0f,0.9919585836312858f,0.12656290278044896f,-1.4859823926974751f,-1.2246467991473532e-16f,0.12656290278044896f,-0.9919585836312858f,0.7855456133191953f,0f,0f,0f,1f], start_interpolation: 0, interpolation_duration: 1 }
$data merge entity $(bone_left_fingers) { transformation: [-1f,-1.5499485378087448e-17f,1.2147989043307963e-16f,2.8153699999999997f,0f,0.9919585836312858f,0.12656290278044896f,-1.407303562829412f,-1.2246467991473532e-16f,0.12656290278044896f,-0.9919585836312858f,0.21459026976923912f,0f,0f,0f,1f], start_interpolation: 0, interpolation_duration: 1 }
$data merge entity $(bone_left_index_finger_2) { transformation: [-1f,-1.5499485378087448e-17f,1.2147989043307963e-16f,2.3547449999999994f,0f,0.9919585836312858f,0.12656290278044896f,-1.4859823926974751f,-1.2246467991473532e-16f,0.12656290278044896f,-0.9919585836312858f,0.7855456133191953f,0f,0f,0f,1f], start_interpolation: 0, interpolation_duration: 1 }
$data merge entity $(bone_left_index_finger) { transformation: [-1f,-1.5499485378087448e-17f,1.2147989043307963e-16f,2.3547449999999994f,0f,0.9919585836312858f,0.12656290278044896f,-1.407303562829412f,-1.2246467991473532e-16f,0.12656290278044896f,-0.9919585836312858f,0.21459026976923912f,0f,0f,0f,1f], start_interpolation: 0, interpolation_duration: 1 }
$data merge entity $(bone_left_thumb) { transformation: [-1f,-4.85283507720206e-18f,1.2236849193453376e-16f,2.0923981249999994f,0f,0.9992145655362139f,0.03962640559368459f,-1.568916543655282f,-1.2246467991473532e-16f,0.03962640559368459f,-0.9992145655362139f,-0.5805063915178682f,0f,0f,0f,1f], start_interpolation: 0, interpolation_duration: 1 }
$data merge entity $(bone_left_hand) { transformation: [-1f,-1.5499485378087448e-17f,1.2147989043307963e-16f,2.6984949999999994f,0f,0.9919585836312858f,0.12656290278044896f,-1.4325863823967158f,-1.2246467991473532e-16f,0.12656290278044896f,-0.9919585836312858f,-0.509761914779215f,0f,0f,0f,1f], start_interpolation: 0, interpolation_duration: 1 }
$data merge entity $(bone_left_forearm) { transformation: [-2.001329166666667f,-3.503178502035153e-17f,2.4257561515787936e-16f,2.682625f,0f,1.9807802161959671f,0.2860562330685225f,-0.2399580865197457f,-2.4509213579985735e-16f,0.2860562330685225f,-1.9807802161959671f,-2.402445490216958f,0f,0f,0f,1f], start_interpolation: 0, interpolation_duration: 1 }
$data merge entity $(bone_left_bicep) { transformation: [-2.46898625f,-2.6352725080892508e-17f,3.0121302599489216e-16f,1.8165731250000001f,0f,2.459591011911421f,0.21518633045250518f,3.60969275436947f,-3.0236361082013267e-16f,0.21518633045250518f,-2.459591011911421f,-1.910092761080394f,0f,0f,0f,1f], start_interpolation: 0, interpolation_duration: 1 }
$data merge entity $(bone_left_shoulder) { transformation: [-1.2327766666666666f,-1.3158041922187994e-17f,1.5039710737253525e-16f,1.3743293750000003f,0f,1.2280855792645484f,0.10744356602531552f,1.4240211074350626f,-1.5097159988968769e-16f,0.10744356602531552f,-1.2280855792645484f,-1.867746079965003f,0f,0f,0f,1f], start_interpolation: 0, interpolation_duration: 1 }
$data merge entity $(bone_right_fingers_2) { transformation: [-1f,-1.5499485378087448e-17f,1.2147989043307963e-16f,-2.8016200000000007f,0f,0.9919585836312858f,0.12656290278044896f,-1.485982666298453f,-1.2246467991473532e-16f,0.12656290278044896f,-0.9919585836312858f,0.7855463874027884f,0f,0f,0f,1f], start_interpolation: 0, interpolation_duration: 1 }
$data merge entity $(bone_right_fingers) { transformation: [-1f,-1.5499485378087448e-17f,1.2147989043307963e-16f,-2.8153700000000006f,0f,0.9919585836312858f,0.12656290278044896f,-1.4073033618195043f,-1.2246467991473532e-16f,0.12656290278044896f,-0.9919585836312858f,0.21458732400814362f,0f,0f,0f,1f], start_interpolation: 0, interpolation_duration: 1 }
$data merge entity $(bone_right_index_finger_2) { transformation: [-1f,-1.5499485378087448e-17f,1.2147989043307963e-16f,-2.3547450000000003f,0f,0.9919585836312858f,0.12656290278044896f,-1.4859825871966388f,-1.2246467991473532e-16f,0.12656290278044896f,-0.9919585836312858f,0.7855457674286735f,0f,0f,0f,1f], start_interpolation: 0, interpolation_duration: 1 }
$data merge entity $(bone_right_index_finger) { transformation: [-1f,-1.5499485378087448e-17f,1.2147989043307963e-16f,-2.3547450000000003f,0f,0.9919585836312858f,0.12656290278044896f,-1.4073037573285756f,-1.2246467991473532e-16f,0.12656290278044896f,-0.9919585836312858f,0.2145904238787174f,0f,0f,0f,1f], start_interpolation: 0, interpolation_duration: 1 }
$data merge entity $(bone_right_thumb) { transformation: [-1f,-4.85283507720206e-18f,1.2236849193453376e-16f,-2.0923981250000003f,0f,0.9992145655362139f,0.03962640559368459f,-1.5689167381544458f,-1.2246467991473532e-16f,0.03962640559368459f,-0.9992145655362139f,-0.5805062374083898f,0f,0f,0f,1f], start_interpolation: 0, interpolation_duration: 1 }
$data merge entity $(bone_right_hand) { transformation: [-1f,-1.5499485378087448e-17f,1.2147989043307963e-16f,-2.6984950000000003f,0f,0.9919585836312858f,0.12656290278044896f,-1.4325865768958794f,-1.2246467991473532e-16f,0.12656290278044896f,-0.9919585836312858f,-0.5097617606697367f,0f,0f,0f,1f], start_interpolation: 0, interpolation_duration: 1 }
$data merge entity $(bone_right_forearm) { transformation: [-2.00133125f,-3.5031821487558754e-17f,2.4257586767299443e-16f,-2.682625f,0f,1.9807822781383595f,0.28605653084586735f,-0.23996092726648088f,-2.450923909346071e-16f,0.28605653084586735f,-1.9807822781383595f,-2.402448875687086f,0f,0f,0f,1f], start_interpolation: 0, interpolation_duration: 1 }
$data merge entity $(bone_right_bicep) { transformation: [-2.46898625f,-2.6352725080892508e-17f,3.0121302599489216e-16f,-1.8165731249999997f,0f,2.459591011911421f,0.21518633045250518f,3.60969275436947f,-3.0236361082013267e-16f,0.21518633045250518f,-2.459591011911421f,-1.9100927610803944f,0f,0f,0f,1f], start_interpolation: 0, interpolation_duration: 1 }
$data merge entity $(bone_right_shoulder) { transformation: [-1.2327766666666666f,-1.3158041922187994e-17f,1.5039710737253525e-16f,-1.3743293749999999f,0f,1.2280855792645484f,0.10744356602531552f,1.4240211074350626f,-1.5097159988968769e-16f,0.10744356602531552f,-1.2280855792645484f,-1.8677460799650032f,0f,0f,0f,1f], start_interpolation: 0, interpolation_duration: 1 }
$data merge entity $(bone_chest) { transformation: [-4.0674850000000005f,5.335498918366688e-17f,4.952575248374116e-16f,1.5856630254676925e-16f,0f,4.0440845897954345f,-0.43567654952280693f,1.6757005377527885f,-4.981232485829872e-16f,-0.43567654952280693f,-4.0440845897954345f,-1.2947921201212405f,0f,0f,0f,1f], start_interpolation: 0, interpolation_duration: 1 }
$data merge entity $(bone_weist) { transformation: [-1.0999999999999999f,1.4429183660673255e-17f,1.3393614907520312e-16f,4.822157579916821e-16f,0f,1.0936716542961993f,-0.11782322601683534f,1.5744909189857528f,-1.3471114790620883e-16f,-0.11782322601683534f,-1.0936716542961993f,-3.9375904818223457f,0f,0f,0f,1f], start_interpolation: 0, interpolation_duration: 1 }
$data merge entity $(bone_right_fingers2) { transformation: [-0.9999540147274809f,-0.0076583586503947716f,0.005772172309886971f,0.8206057818919802f,-0.00749700647068458f,0.9995943769386779f,0.02747501567888242f,-1.6256710063747768f,-0.005980244507678256f,0.027430478219641806f,-0.9996058250832027f,-5.664988485716103f,0f,0f,0f,1f], start_interpolation: 0, interpolation_duration: 1 }
$data merge entity $(bone_left_foot) { transformation: [-0.9997103294269494f,-0.02346568552441141f,0.005349657926437728f,0.8017361840973611f,-0.023509090953387938f,0.9996899887160544f,-0.008200555069033472f,-0.6601380057187738f,-0.005155567825739724f,-0.008323945204309458f,-0.9999520648794272f,-5.472656868713112f,0f,0f,0f,1f], start_interpolation: 0, interpolation_duration: 1 }
$data merge entity $(bone_left_knee) { transformation: [-1.5845550347047148f,-0.03373150803086158f,0.017816730674607484f,0.8077785643208505f,-0.03726224220657506f,1.5271673605424765f,-0.4226597765738913f,-0.6897446546060666f,-0.008171648041008327f,-0.4229561996161271f,-1.5275179821882965f,-3.395093186145871f,0f,0f,0f,1f], start_interpolation: 0, interpolation_duration: 1 }
$data merge entity $(bone_left_thigh) { transformation: [-1.6031888021532918f,-0.036546846748752804f,0.012409921600354373f,0.7431804790996512f,-0.03770043207103707f,1.5932722073675145f,-0.17823120984556903f,1.032346853040357f,-0.008267743528973593f,-0.1784713274845047f,-1.593669866438457f,-4.606852596097024f,0f,0f,0f,1f], start_interpolation: 0, interpolation_duration: 1 }
$data merge entity $(bone_left_leg) { transformation: [-0.9997103294269494f,-0.02315893878295402f,0.006551396149513261f,0.5257450000000006f,-0.023509090953387938f,0.9979401526333207f,-0.059688980597174264f,1.2959338739067057f,-0.005155567825739724f,-0.05982570782391045f,-0.9981955243356696f,-4.920920194970846f,0f,0f,0f,1f], start_interpolation: 0, interpolation_duration: 1 }
$data merge entity $(bone_left_fingers2) { transformation: [-0.9999540147274809f,0.007658358650394763f,-0.005772172309886723f,-0.8203993702029282f,0.00749700647068458f,0.9995943769386779f,0.02747501567888242f,-1.6175199871407622f,0.005980244507678012f,0.027430478219641802f,-0.9996058250832027f,-5.6621316044527905f,0f,0f,0f,1f], start_interpolation: 0, interpolation_duration: 1 }
$data merge entity $(bone_right_foot) { transformation: [-0.9997103294269494f,0.02346568552441141f,-0.0053496579264374795f,-0.8015297724083092f,0.023509090953387938f,0.9996899887160544f,-0.008200555069033472f,-0.6519869864847592f,0.005155567825739479f,-0.008323945204309458f,-0.9999520648794272f,-5.469799987449799f,0f,0f,0f,1f], start_interpolation: 0, interpolation_duration: 1 }
$data merge entity $(bone_right_knee) { transformation: [-1.5845550347047148f,0.03373150803086168f,-0.01781673067460711f,-0.8068669498258483f,0.03726224220657506f,1.5271673605424765f,-0.4226597765738913f,-0.650654236000727f,0.008171648041007938f,-0.4229561996161271f,-1.5275179821882965f,-3.396573096710238f,0f,0f,0f,1f], start_interpolation: 0, interpolation_duration: 1 }
$data merge entity $(bone_right_thigh) { transformation: [-1.6031888021532918f,0.03654684674875284f,-0.012409921600353983f,-0.7427162862554728f,0.03770043207103707f,1.5932722073675145f,-0.17823120984556903f,1.0488705490261359f,0.008267743528973201f,-0.1784713274845047f,-1.593669866438457f,-4.592188583924218f,0f,0f,0f,1f], start_interpolation: 0, interpolation_duration: 1 }
$data merge entity $(bone_right_leg) { transformation: [-0.9997103294269494f,0.023158938782954035f,-0.006551396149513017f,-0.5257449999999995f,0.023509090953387938f,0.9979401526333207f,-0.059688980597174264f,1.2959338739067057f,0.005155567825739479f,-0.05982570782391045f,-0.9981955243356696f,-4.920920194970846f,0f,0f,0f,1f], start_interpolation: 0, interpolation_duration: 1 }