# This file was generated by Animated Java via MC-Build. It is not recommended to edit this file directly.
$data merge entity $(bone_neck) { transformation: [-1f,1.9425505457550207e-17f,1.2091421572477432e-16f,1.8020134212436182e-16f,0f,0.9873394991025944f,-0.15862128959202768f,1.92456375f,-1.2246467991473532e-16f,-0.15862128959202768f,-0.9873394991025944f,-1.471455625f,0f,0f,0f,1f], start_interpolation: 0, interpolation_duration: 1 }
$data merge entity $(bone_left_fingers_2) { transformation: [-1f,-1.0326299845520044e-17f,1.220285432106726e-16f,2.80162f,0f,0.9964386735476191f,0.08432063720502603f,-2.7042248364337222f,-1.2246467991473532e-16f,0.08432063720502603f,-0.9964386735476191f,-0.11350004557171411f,0f,0f,0f,1f], start_interpolation: 0, interpolation_duration: 1 }
$data merge entity $(bone_left_fingers) { transformation: [-1f,-1.0326299845520044e-17f,1.220285432106726e-16f,2.81537f,0f,0.9964386735476191f,0.08432063720502603f,-2.6498652337462247f,-1.2246467991473532e-16f,0.08432063720502603f,-0.9964386735476191f,-0.6872817080473579f,0f,0f,0f,1f], start_interpolation: 0, interpolation_duration: 1 }
$data merge entity $(bone_left_index_finger_2) { transformation: [-1f,-1.0326299845520044e-17f,1.220285432106726e-16f,2.354745f,0f,0.9964386735476191f,0.08432063720502603f,-2.7042248364337222f,-1.2246467991473532e-16f,0.08432063720502603f,-0.9964386735476191f,-0.11350004557171411f,0f,0f,0f,1f], start_interpolation: 0, interpolation_duration: 1 }
$data merge entity $(bone_left_index_finger) { transformation: [-1f,-1.0326299845520044e-17f,1.220285432106726e-16f,2.354745f,0f,0.9964386735476191f,0.08432063720502603f,-2.6498652337462247f,-1.2246467991473532e-16f,0.08432063720502603f,-0.9964386735476191f,-0.6872817080473579f,0f,0f,0f,1f], start_interpolation: 0, interpolation_duration: 1 }
$data merge entity $(bone_left_thumb) { transformation: [-1f,3.484831629281928e-19f,1.2246418409520285e-16f,2.092398125f,0f,0.9999959513262696f,-0.0028455809721695258f,-2.8450998309606303f,-1.2246467991473532e-16f,-0.0028455809721695258f,-0.9999959513262696f,-1.4747973640262453f,0f,0f,0f,1f], start_interpolation: 0, interpolation_duration: 1 }
$data merge entity $(bone_left_hand) { transformation: [-1f,-1.0326299845520044e-17f,1.220285432106726e-16f,2.698495f,0f,0.9964386735476191f,0.08432063720502603f,-2.7058881832401696f,-1.2246467991473532e-16f,0.08432063720502603f,-0.9964386735476191f,-1.4099066019967634f,0f,0f,0f,1f], start_interpolation: 0, interpolation_duration: 1 }
$data merge entity $(bone_left_forearm) { transformation: [-2.001329166666667f,-1.6488881195578906e-16f,1.8133349035063587e-16f,2.682625f,0f,1.4807003168332886f,1.3464193273570064f,-0.6577880310444996f,-2.4509213579985735e-16f,1.3464193273570064f,-1.4807003168332886f,-2.3098505643823537f,0f,0f,0f,1f], start_interpolation: 0, interpolation_duration: 1 }
$data merge entity $(bone_left_bicep) { transformation: [-1.2901533333333335f,-1.3770451781791168e-17f,1.5739698409852632e-16f,1.7790731250000003f,0f,1.2852439103920592f,0.11244427202503358f,0.891577310847654f,-1.579982150075955e-16f,0.11244427202503358f,-1.2852439103920592f,-1.8109610520088208f,0f,0f,0f,1f], start_interpolation: 0, interpolation_duration: 1 }
$data merge entity $(bone_left_shoulder) { transformation: [-1.2327766666666666f,-1.315804192218799e-17f,1.5039710737253525e-16f,1.3743293750000003f,0f,1.2280855792645484f,0.10744356602531543f,1.0061911629103086f,-1.5097159988968769e-16f,0.10744356602531543f,-1.2280855792645484f,-1.7751511541303988f,0f,0f,0f,1f], start_interpolation: 0, interpolation_duration: 1 }
$data merge entity $(bone_right_fingers_2) { transformation: [-1f,-1.0326299845520044e-17f,1.220285432106726e-16f,-2.80162f,0f,0.9964386735476191f,0.08432063720502603f,-2.7042275202061554f,-1.2246467991473532e-16f,0.08432063720502603f,-0.9964386735476191f,-0.11349839382699123f,0f,0f,0f,1f], start_interpolation: 0, interpolation_duration: 1 }
$data merge entity $(bone_right_fingers) { transformation: [-1f,-1.0326299845520044e-17f,1.220285432106726e-16f,-2.81537f,0f,0.9964386735476191f,0.08432063720502603f,-2.6498676013162688f,-1.2246467991473532e-16f,0.08432063720502603f,-0.9964386735476191f,-0.6872837929476608f,0f,0f,0f,1f], start_interpolation: 0, interpolation_duration: 1 }
$data merge entity $(bone_right_index_finger_2) { transformation: [-1f,-1.0326299845520044e-17f,1.220285432106726e-16f,-2.354745f,0f,0.9964386735476191f,0.08432063720502603f,-2.7042274675057576f,-1.2246467991473532e-16f,0.08432063720502603f,-0.9964386735476191f,-0.11349901660116224f,0f,0f,0f,1f], start_interpolation: 0, interpolation_duration: 1 }
$data merge entity $(bone_right_index_finger) { transformation: [-1f,-1.0326299845520044e-17f,1.220285432106726e-16f,-2.354745f,0f,0.9964386735476191f,0.08432063720502603f,-2.64986786481826f,-1.2246467991473532e-16f,0.08432063720502603f,-0.9964386735476191f,-0.687280679076806f,0f,0f,0f,1f], start_interpolation: 0, interpolation_duration: 1 }
$data merge entity $(bone_right_thumb) { transformation: [-1f,3.484831629281928e-19f,1.2246418409520285e-16f,-2.092398125f,0f,0.9999959513262696f,-0.0028455809721695258f,-2.8451024620326657f,-1.2246467991473532e-16f,-0.0028455809721695258f,-0.9999959513262696f,-1.4747963350556932f,0f,0f,0f,1f], start_interpolation: 0, interpolation_duration: 1 }
$data merge entity $(bone_right_hand) { transformation: [-1f,-1.0326299845520044e-17f,1.220285432106726e-16f,-2.698495f,0f,0.9964386735476191f,0.08432063720502603f,-2.705890814312205f,-1.2246467991473532e-16f,0.08432063720502603f,-0.9964386735476191f,-1.4099055730262116f,0f,0f,0f,1f], start_interpolation: 0, interpolation_duration: 1 }
$data merge entity $(bone_right_forearm) { transformation: [-2.00133125f,-1.648889836008957e-16f,1.8133367911423915e-16f,-2.682625f,0f,1.4807018582050817f,1.3464207289456664f,-0.6577908717912347f,-2.450923909346071e-16f,1.3464207289456664f,-1.4807018582050817f,-2.3098539498524824f,0f,0f,0f,1f], start_interpolation: 0, interpolation_duration: 1 }
$data merge entity $(bone_right_bicep) { transformation: [-1.2901533333333333f,-1.3770451781791166e-17f,1.573969840985263e-16f,-1.7790731249999998f,0f,1.285243910392059f,0.11244427202503356f,0.891577310847654f,-1.5799821500759548e-16f,0.11244427202503356f,-1.285243910392059f,-1.8109610520088213f,0f,0f,0f,1f], start_interpolation: 0, interpolation_duration: 1 }
$data merge entity $(bone_right_shoulder) { transformation: [-1.2327766666666666f,-1.315804192218799e-17f,1.5039710737253525e-16f,-1.3743293749999999f,0f,1.2280855792645484f,0.10744356602531543f,1.0061911629103086f,-1.5097159988968769e-16f,0.10744356602531543f,-1.2280855792645484f,-1.7751511541303993f,0f,0f,0f,1f], start_interpolation: 0, interpolation_duration: 1 }
$data merge entity $(bone_chest) { transformation: [-4.0674850000000005f,1.5652711831791751e-16f,4.728911418180268e-16f,1.5529786163021313e-16f,0f,3.8614492125180258f,-1.278140917257921f,1.3729625135792298f,-4.981232485829872e-16f,-1.278140917257921f,-3.8614492125180258f,-1.268103274661213f,0f,0f,0f,1f], start_interpolation: 0, interpolation_duration: 1 }
$data merge entity $(bone_weist) { transformation: [-1.0999999999999999f,4.233078429292529e-17f,1.2788744297762115e-16f,4.690668414817437e-16f,0f,1.0442802207678277f,-0.34565708514812293f,0.7170836197618556f,-1.3471114790620883e-16f,-0.34565708514812293f,-1.0442802207678277f,-3.8302214304428532f,0f,0f,0f,1f], start_interpolation: 0, interpolation_duration: 1 }
$data merge entity $(bone_right_fingers2) { transformation: [-0.994135123637946f,-0.08417570689094205f,0.06789555448463529f,1.6171160470547914f,-0.0860640357144131f,0.9959663120456753f,-0.025378869688874157f,-2.887223292122156f,-0.06548540070820436f,-0.031073391181955793f,-0.9973695938089044f,-6.06139660160005f,0f,0f,0f,1f], start_interpolation: 0, interpolation_duration: 1 }
$data merge entity $(bone_left_foot) { transformation: [-0.9613750469109472f,-0.26954663302327303f,0.05570127290099365f,1.3835340748761225f,-0.26869720640258815f,0.962965227973947f,0.022355781903775268f,-2.0792160083944493f,-0.05966431469830965f,0.006525514454907649f,-0.9981971685056414f,-5.855631570486921f,0f,0f,0f,1f], start_interpolation: 0, interpolation_duration: 1 }
$data merge entity $(bone_left_knee) { transformation: [-1.5237930688336825f,-0.3898271080096625f,0.19585560438567615f,1.2959450108749646f,-0.4258888786918596f,1.4834767098815678f,-0.36081217105244173f,-2.16663002744579f,-0.09456878404127901f,-0.39950167162830363f,-1.5309229464558862f,-3.781536378775569f,0f,0f,0f,1f], start_interpolation: 0, interpolation_duration: 1 }
$data merge entity $(bone_left_thigh) { transformation: [-1.54171229856223f,-0.4383997122664396f,0.05131173606280262f,0.7941666833463434f,-0.4308971707048651f,1.5352613991514443f,0.17030583685006762f,-0.29878424694459843f,-0.09568087714699325f,0.14994046175519993f,-1.5937587776034772f,-4.61670318320078f,0f,0f,0f,1f], start_interpolation: 0, interpolation_duration: 1 }
$data merge entity $(bone_left_leg) { transformation: [-0.9613750469109472f,-0.27518630257307597f,-0.005524314720711738f,0.5257450000000006f,-0.26869720640258815f,0.9339762161105059f,0.23556366233217405f,-0.07501874999999991f,-0.05966431469830965f,0.22794939485785232f,-0.9718432193185895f,-4.865868125f,0f,0f,0f,1f], start_interpolation: 0, interpolation_duration: 1 }
$data merge entity $(bone_left_fingers2) { transformation: [-0.994135120555509f,0.08417572095311089f,-0.06789558218402411f,-1.6148369052190195f,0.08606404929280083f,0.9959663114056748f,-0.025378848758381235f,-2.8816077272431384f,0.06548542965736662f,-0.031073373601822597f,-0.9973695924558716f,-6.049961889927756f,0f,0f,0f,1f], start_interpolation: 0, interpolation_duration: 1 }
$data merge entity $(bone_right_foot) { transformation: [-0.9613750456646054f,0.269546632770304f,-0.05570129563635573f,-1.3812549286926024f,0.26869720814253306f,0.9629652283204836f,0.02235574606420515f,-2.0736004360349725f,0.05966432694488452f,0.006525473765930934f,-0.9981971680396333f,-5.844196893124741f,0f,0f,0f,1f], start_interpolation: 0, interpolation_duration: 1 }
$data merge entity $(bone_right_knee) { transformation: [-1.5237930668582131f,0.3898270982955956f,-0.19585563908987863f,-1.2855418116478994f,0.4258888814496969f,1.4834766957095842f,-0.36081222606520325f,-2.1310881625615266f,0.09456880345227368f,-0.3995017337322046f,-1.5309229290505106f,-3.773971262258226f,0f,0f,0f,1f], start_interpolation: 0, interpolation_duration: 1 }
$data merge entity $(bone_right_thigh) { transformation: [-1.54171229656353f,0.43839971503997555f,-0.051311772419058724f,-0.7899537349302002f,0.43089717349513357f,1.535261404714265f,0.170305779642963f,-0.2878737341762551f,0.09568089678625387f,0.14994039668735365f,-1.593758782546006f,-4.5979550151506325f,0f,0f,0f,1f], start_interpolation: 0, interpolation_duration: 1 }
$data merge entity $(bone_right_leg) { transformation: [-0.9613750456646054f,0.2751863073733711f,0.005524292496449133f,-0.5257449999999995f,0.26869720814253306f,0.9339762244043113f,0.2355636274637404f,-0.07501874999999991f,0.05966432694488452f,0.22794935508063213f,-0.9718432278966282f,-4.865868125f,0f,0f,0f,1f], start_interpolation: 0, interpolation_duration: 1 }