# This file was generated by Animated Java via MC-Build. It is not recommended to edit this file directly.
$data merge entity $(bone_right_thumb_2) { transformation: [-0.8857100650355392f,-0.3953762260288486f,-0.24330088488521004f,-1.6719229126220159f,-0.07973193961030628f,0.6458524258559801f,-0.7592874698175416f,-1.584081002813056f,0.4573406810034724f,-0.653109702811963f,-0.6035621074853438f,1.5511266618122668f,0f,0f,0f,1f], start_interpolation: 0, interpolation_duration: 1 }
$data merge entity $(bone_right_thumb) { transformation: [-0.8857100650355392f,-0.3953762260288486f,-0.24330088488521004f,-1.9159588760535833f,-0.07973193961030628f,0.6458524258559801f,-0.7592874698175416f,-1.4107276699584044f,0.4573406810034724f,-0.653109702811963f,-0.6035621074853438f,1.431419266757341f,0f,0f,0f,1f], start_interpolation: 0, interpolation_duration: 1 }
$data merge entity $(bone_right_fingers2) { transformation: [0.41060443920505274f,-0.8360704316030927f,-0.3638546796512624f,-1.8301185761176757f,-0.8466267962334622f,-0.20141015031293244f,-0.49260229318425386f,-2.399860139573169f,0.33856618615060763f,0.5103138100717446f,-0.7905395327531013f,1.7946512950923126f,0f,0f,0f,1f], start_interpolation: 0, interpolation_duration: 1 }
$data merge entity $(bone_right_fingers) { transformation: [-0.6739034064680963f,-0.6430116412994193f,-0.3638546796512624f,-2.1051804939447067f,-0.4466738620493166f,0.7468771262473917f,-0.49260229318425386f,-2.0305268318971357f,0.5885037465578651f,-0.16944198842631825f,-0.7905395327531013f,1.6808342567438652f,0f,0f,0f,1f], start_interpolation: 0, interpolation_duration: 1 }
$data merge entity $(bone_right_hand) { transformation: [-0.9271187055105408f,-0.08978127860716123f,-0.3638546796512624f,-2.237070304639765f,0.10972337615768f,0.8633097714460172f,-0.49260229318425386f,-1.4293833778408696f,0.3583457640561972f,-0.4966241642706169f,-0.7905395327531013f,1.3299524757719627f,0f,0f,0f,1f], start_interpolation: 0, interpolation_duration: 1 }
$data merge entity $(bone_right_forearm) { transformation: [-1.3956188283672608f,-0.13515037730798582f,-0.5477210617072017f,-2.39006738138939f,0.1651697983952936f,1.2995653788260233f,-0.7415285994971418f,0.44273099194653476f,0.5394283303852452f,-0.7475828393480174f,-1.190022216056282f,0.2406974877091567f,0f,0f,0f,1f], start_interpolation: 0, interpolation_duration: 1 }
$data merge entity $(bone_right_bicep) { transformation: [-1.467911384532354f,0.12926304528807075f,-0.5669491955436627f,-2.1270466472278433f,0.20091351011544703f,1.557328229696092f,-0.16512632887934672f,2.689393388279739f,0.5456868027154792f,-0.2256634843277356f,-1.4643107809572626f,-0.17884914025940926f,0f,0f,0f,1f], start_interpolation: 0, interpolation_duration: 1 }
$data merge entity $(bone_right_shoulder) { transformation: [-0.9948008287419314f,0.06882604657376844f,-0.07506188411831834f,-1.795433125f,0.07948490898850921f,0.9855203947235355f,-0.14977216305794358f,2.9121060397282106f,0.06366679179489731f,-0.15495975896016448f,-0.9858671374610034f,-0.17453587276820334f,0f,0f,0f,1f], start_interpolation: 0, interpolation_duration: 1 }
$data merge entity $(bone_right_arm) { transformation: [-1.46271875f,-3.877112749413968e-17f,1.7488525448438161e-16f,-1.4259925f,0f,1.4280464751644601f,0.31659028155002444f,3.057487093991512f,-1.7913138352403177e-16f,0.31659028155002444f,-1.4280464751644601f,-0.15066058895194995f,0f,0f,0f,1f], start_interpolation: 0, interpolation_duration: 1 }
$data merge entity $(bone_left_thumb_2) { transformation: [0.057047618163564046f,0.787751158270766f,0.6133462985173468f,0.6497375007958622f,-0.9088788723483793f,0.29520309087552393f,-0.29460877538911656f,0.37530769737426517f,-0.41314012714889126f,-0.5406507632294649f,0.7328110176292347f,1.5242122873814958f,0f,0f,0f,1f], start_interpolation: 0, interpolation_duration: 1 }
$data merge entity $(bone_left_thumb) { transformation: [0.057047618163564046f,0.787751158270766f,0.6133462985173468f,0.8671107570420532f,-0.9088788723483793f,0.29520309087552393f,-0.29460877538911656f,0.5940503259934554f,-0.41314012714889126f,-0.5406507632294649f,0.7328110176292347f,1.430215905619645f,0f,0f,0f,1f], start_interpolation: 0, interpolation_duration: 1 }
$data merge entity $(bone_left_fingers2) { transformation: [0.6501325405188685f,-0.33967223906698335f,0.6796693679765946f,0.315839577637387f,0.6510158869814149f,0.7102699508955751f,-0.2677590554072791f,-0.051408190930483266f,-0.39179841073731125f,0.6165544313862472f,0.682901631629108f,1.9730774307988483f,0f,0f,0f,1f], start_interpolation: 0, interpolation_duration: 1 }
$data merge entity $(bone_left_fingers) { transformation: [0.6685868003748383f,0.3017304104640964f,0.6796693679765946f,0.49492685042046336f,-0.1568213628217175f,0.9506377587757284f,-0.2677590554072791f,0.3878112756326679f,-0.7269104143753027f,0.07243349357187695f,0.682901631629108f,1.9789492222730423f,0f,0f,0f,1f], start_interpolation: 0, interpolation_duration: 1 }
$data merge entity $(bone_left_hand) { transformation: [0.20631096555551495f,0.7039071925515801f,0.6796693679765946f,0.9982170282808971f,-0.8236292119799248f,0.49994000582142756f,-0.2677590554072791f,0.7839491613777678f,-0.5282714327548655f,-0.5045539166961476f,0.682901631629108f,1.676194914154222f,0f,0f,0f,1f], start_interpolation: 0, interpolation_duration: 1 }
$data merge entity $(bone_left_forearm) { transformation: [-0.29482213570896176f,1.1093867489278615f,0.9738361513194294f,2.586157954021128f,-1.4750876476378205f,-0.18327545188028999f,-0.23778654407210936f,0.4782953946839812f,-0.05667662745513696f,-1.000843169561898f,1.1229944834499261f,0.22715518407665103f,0f,0f,0f,1f], start_interpolation: 0, interpolation_duration: 1 }
$data merge entity $(bone_left_bicep) { transformation: [-0.6731566728836043f,-0.32255641889394676f,1.3913021269397357f,2.0022690554792764f,-0.28737892625470424f,1.537230834892137f,0.21734505065899215f,2.75518339824339f,-1.3989916384815932f,-0.1605704671836617f,-0.7141034088781896f,-0.17097373246584058f,0f,0f,0f,1f], start_interpolation: 0, interpolation_duration: 1 }
$data merge entity $(bone_left_shoulder) { transformation: [-0.9866242984758895f,0.16239031159831666f,0.01420846071749178f,1.795433125f,0.15329290556477565f,0.9539209491262681f,-0.2579459399206516f,3.0239250042024017f,-0.05544166989248833f,-0.25231767579192954f,-0.9660548699336342f,-0.2457724096289995f,0f,0f,0f,1f], start_interpolation: 0, interpolation_duration: 1 }
$data merge entity $(bone_left_arm) { transformation: [-1.46271875f,-3.877112749413968e-17f,1.7488525448438161e-16f,1.4259925f,0f,1.4280464751644601f,0.31659028155002444f,2.996468593546516f,-1.7913138352403177e-16f,0.31659028155002444f,-1.4280464751644601f,-0.16418806482308101f,0f,0f,0f,1f], start_interpolation: 0, interpolation_duration: 1 }
$data merge entity $(bone_chest) { transformation: [-2.06546125f,-5.47475455947735e-17f,2.46950219468971e-16f,-3.500836572382581e-17f,0f,2.0165015712359464f,0.44704763555411137f,3.7441050000000002f,-2.529460508575391e-16f,0.44704763555411137f,-2.0165015712359464f,0.285865f,0f,0f,0f,1f], start_interpolation: 0, interpolation_duration: 1 }
$data merge entity $(bone_weist) { transformation: [-2.0892733333333333f,5.5378713629515484e-17f,2.4979723449052132e-16f,3.99565511157807e-17f,0f,2.039749213115487f,-0.45220151367784f,0.17947500000000027f,-2.5586219002105877e-16f,-0.45220151367784f,-2.039749213115487f,-0.32627000000000006f,0f,0f,0f,1f], start_interpolation: 0, interpolation_duration: 1 }
$data merge entity $(bone_right_foot) { transformation: [-1.1138610262298863f,-0.18773002316503054f,0.08574500013739574f,-0.8874762551907739f,0.09346154589855728f,-0.039200148319612244f,1.128277200075395f,-4.216344425166582f,-0.1840100706058143f,1.116468512397093f,0.054032463773788154f,-1.6121633568073164f,0f,0f,0f,1f], start_interpolation: 0, interpolation_duration: 1 }
$data merge entity $(bone_right_knee) { transformation: [-3.0766932729680665f,-0.35924228110033785f,0.37612073556326114f,-1.3926363798165373f,0.27480443686642825f,0.7930231854472048f,3.0053552317487315f,-3.310544016865962f,-0.44159296385851526f,2.9964349702589526f,-0.7502909058876154f,2.2291261241645306f,0f,0f,0f,1f], start_interpolation: 0, interpolation_duration: 1 }
$data merge entity $(bone_right_thigh) { transformation: [-2.3493925162123945f,0.3938270420085706f,0.05139488099428392f,-0.77532f,0.2098433058207064f,1.492650781935307f,-1.8453579051865792f,-1.440048458033139f,-0.33720462602383516f,-1.8150152264416797f,-1.506452500418592f,-0.3482848953408925f,0f,0f,0f,1f], start_interpolation: 0, interpolation_duration: 1 }
$data merge entity $(bone_right_leg) { transformation: [-1.1368933333333335f,5.187444852172072e-17f,1.292046186813681e-16f,-0.748445f,0f,1.05503577661188f,-0.42358701756161643f,-1.546416875f,-1.3922927816386319e-16f,-0.42358701756161643f,-1.05503577661188f,-0.3028850000000001f,0f,0f,0f,1f], start_interpolation: 0, interpolation_duration: 1 }
$data merge entity $(bone_left_foot) { transformation: [-1.1246462733939666f,-0.014297603048092973f,-0.1350832731619388f,1.0685919344110477f,-0.013888095628714021f,1.1327268364040888f,-0.004264655882042393f,-4.135041965435213f,0.13512598913928994f,-0.0025777969399674665f,-1.124729067118862f,1.2121941740903492f,0f,0f,0f,1f], start_interpolation: 0, interpolation_duration: 1 }
$data merge entity $(bone_left_knee) { transformation: [-3.097440337073464f,0.06196222578040584f,-0.37227323436467974f,1.194936101122609f,-0.07224379436597454f,2.923729507270596f,1.0877269522580646f,-0.44682165039221644f,0.37041532449887726f,1.08836104812206f,-2.900831955919684f,2.6995522570873614f,0f,0f,0f,1f], start_interpolation: 0, interpolation_duration: 1 }
$data merge entity $(bone_left_thigh) { transformation: [-2.3652351735129638f,-0.2586289806819412f,0.12712195865767634f,0.77532f,-0.05516605484123259f,-0.6252832341530614f,-2.298556928058295f,-1.4854949660799435f,0.2828526973793921f,-2.2846265111573385f,0.6147051522044487f,-0.34478031062399517f,0f,0f,0f,1f], start_interpolation: 0, interpolation_duration: 1 }
$data merge entity $(bone_left_leg) { transformation: [-1.1368933333333335f,4.7619217672733874e-17f,1.3083272528793083e-16f,0.748445f,0f,1.0683302759540276f,-0.3888404208126639f,-1.593291875f,-1.3922927816386319e-16f,-0.3888404208126639f,-1.0683302759540276f,-0.3028849999999999f,0f,0f,0f,1f], start_interpolation: 0, interpolation_duration: 1 }
execute on vehicle unless entity @s[tag=aj.transforms_only] positioned ^0 ^0 ^0 rotated ~0 ~0 run function animated_java:attack/animations/sneak/zzz/frames/zzz/1
data modify entity @s data merge value {"locators":{"consume":{"posx":-1.9270132261745874,"posy":-2.0817662181758783,"posz":1.622910075777097,"rotx":335.2852186799,"roty":-29.511766736614227}},"cameras":{}}