# This file was generated by Animated Java via MC-Build. It is not recommended to edit this file directly.
$data merge entity $(bone_left_fingers_2) { transformation: [-0.820614848471568f,0.5452796032420927f,-0.17105971108396978f,1.2714382335769137f,0.5248480156231281f,0.8375276645591789f,0.15192752085949535f,-1.0456468910061418f,0.22611021862014546f,0.034893629593288664f,-0.9734765552643558f,0.10956317999936471f,0f,0f,0f,1f], start_interpolation: 0, interpolation_duration: 1 }
$data merge entity $(bone_left_fingers) { transformation: [-0.820614848471568f,0.5452796032420927f,-0.17105971108396978f,1.1872903360195295f,0.5248480156231281f,0.8375276645591789f,0.15192752085949535f,-0.9604598234504295f,0.22611021862014546f,0.034893629593288664f,-0.9734765552643558f,-0.4543798312664781f,0f,0f,0f,1f], start_interpolation: 0, interpolation_duration: 1 }
$data merge entity $(bone_left_index_finger_2) { transformation: [-0.8322096720772411f,0.553597106702046f,0.030940348288509695f,0.7833049860819327f,0.5542002982734022f,0.8322333717148052f,0.015800139172783296f,-0.7187950349684848f,-0.017002679046634397f,0.030296178889931816f,-0.9993963430240811f,0.10727783079042341f,0f,0f,0f,1f], start_interpolation: 0, interpolation_duration: 1 }
$data merge entity $(bone_left_index_finger) { transformation: [-0.8322096720772411f,0.553597106702046f,0.030940348288509695f,0.8043387988847992f,0.5542002982734022f,0.8322333717148052f,0.015800139172783296f,-0.7048751192256526f,-0.017002679046634397f,0.030296178889931816f,-0.9993963430240811f,-0.4685208990295916f,0f,0f,0f,1f], start_interpolation: 0, interpolation_duration: 1 }
$data merge entity $(bone_left_thumb) { transformation: [-0.7646989086444789f,0.5837290657106993f,0.2729394749069052f,0.4933966488345296f,0.5392665397329011f,0.8115717987994019f,-0.22481729141239765f,-0.7418417211204138f,-0.35274236808533016f,-0.024730411197906477f,-0.9353936222358672f,-1.2616613587528767f,0f,0f,0f,1f], start_interpolation: 0, interpolation_duration: 1 }
$data merge entity $(bone_left_hand) { transformation: [-0.8313737576873377f,0.5517135974023808f,0.06655660350528375f,1.0733176309980341f,0.554865029524617f,0.8307454448716033f,0.04457358899312782f,-0.9607194627761451f,-0.030699740055606203f,0.07398724394384516f,-0.9967865436963484f,-1.1796351166301178f,0f,0f,0f,1f], start_interpolation: 0, interpolation_duration: 1 }
$data merge entity $(bone_left_forearm) { transformation: [-1.6643390146004575f,1.110402769258563f,0.047955894865870825f,1.6139090564887315f,1.1087744008271285f,1.6647789354782032f,-0.06669975569070068f,-0.263188353330281f,-0.07689867293987515f,-0.02890016196618527f,-1.9996424200564236f,-3.2353774370096353f,0f,0f,0f,1f], start_interpolation: 0, interpolation_duration: 1 }
$data merge entity $(bone_left_bicep) { transformation: [-2.10533848265443f,1.0559916736848816f,0.7404894065762236f,2.4959498413126893f,1.2755928497575773f,1.495431695887989f,1.494135210504719f,2.451197616815663f,0.19054096092637945f,1.6566407971346233f,-1.8207494375029958f,-0.4390587812654363f,0f,0f,0f,1f], start_interpolation: 0, interpolation_duration: 1 }
$data merge entity $(bone_left_shoulder) { transformation: [-1.0512055937337788f,0.5272617032650557f,0.3697299093265566f,1.1193766751821217f,0.6369096228656519f,0.7466762122650442f,0.7460288709000731f,1.2223138392942205f,0.09513801491372649f,0.8271686890745666f,-0.9091089196629392f,-1.6918254409680373f,0f,0f,0f,1f], start_interpolation: 0, interpolation_duration: 1 }
$data merge entity $(bone_right_fingers_2) { transformation: [-0.8357127773658133f,0.5490806313060651f,-0.009726976511298682f,-3.610795331506012f,0.5433340385907081f,0.8241322574044287f,-0.15998170149798935f,1.1547098132707339f,-0.07982653854595803f,-0.13898374951775408f,-0.9870720546716722f,1.3882575399136736f,0f,0f,0f,1f], start_interpolation: 0, interpolation_duration: 1 }
$data merge entity $(bone_right_fingers) { transformation: [-0.8357127773658133f,0.5490806313060651f,-0.009726976511298682f,-3.6247161997353152f,0.5433340385907081f,0.8241322574044287f,-0.15998170149798935f,1.0747461922233876f,-0.07982653854595803f,-0.13898374951775408f,-0.9870720546716722f,0.8174810720538643f,0f,0f,0f,1f], start_interpolation: 0, interpolation_duration: 1 }
$data merge entity $(bone_right_index_finger_2) { transformation: [-0.8569711349088049f,0.4666476050700712f,-0.21872468222741023f,-3.10728873539466f,0.47368792223882583f,0.8804074243143161f,0.022416947546355898f,0.8199621450320603f,0.2030276489992899f,-0.0843965632866577f,-0.9755290840601434f,1.3515087696001902f,0f,0f,0f,1f], start_interpolation: 0, interpolation_duration: 1 }
$data merge entity $(bone_right_index_finger) { transformation: [-0.8569711349088049f,0.4666476050700712f,-0.21872468222741023f,-3.230645289624163f,0.47368792223882583f,0.8804074243143161f,0.022416947546355898f,0.8379741289687709f,0.2030276489992899f,-0.0843965632866577f,-0.9755290840601434f,0.7888018373868546f,0f,0f,0f,1f], start_interpolation: 0, interpolation_duration: 1 }
$data merge entity $(bone_right_thumb) { transformation: [-0.7695411457938729f,0.3456442547479844f,-0.5369697143135388f,-3.0840576397731994f,0.31622742304188867f,0.9367804213755815f,0.14980874154626156f,0.671303260156387f,0.5548032460670536f,-0.05452055838946129f,-0.8301932707908212f,-0.03451840503652365f,0f,0f,0f,1f], start_interpolation: 0, interpolation_duration: 1 }
$data merge entity $(bone_right_hand) { transformation: [-0.8555140028423548f,0.512638633402337f,0.0727833942876781f,-3.5325177086659387f,0.5140218574646058f,0.8239675709269672f,0.23845119439698773f,1.0890369905089305f,0.06226813783378894f,0.2414105913254385f,-0.9684232573656079f,0.08928067766220149f,0f,0f,0f,1f], start_interpolation: 0, interpolation_duration: 1 }
$data merge entity $(bone_right_forearm) { transformation: [-1.6941271496837944f,1.0581666370054328f,-0.12467293715733241f,-3.1653296878148827f,1.0652079443003448f,1.6767033060543335f,-0.24356689243914884f,1.5941335193865585f,-0.02433122130631534f,-0.27253653703979425f,-1.9825384233034833f,-2.058956452234286f,0f,0f,0f,1f], start_interpolation: 0, interpolation_duration: 1 }
$data merge entity $(bone_right_bicep) { transformation: [-2.087885286987274f,1.3145322271972721f,0.09291477132786242f,-0.7240997581710366f,1.3176645167754677f,2.0798530610451977f,0.18402328217064737f,4.279454548262682f,0.019706656286710363f,0.20520567928243147f,-2.46036488748667f,-1.6104092710490538f,0f,0f,0f,1f], start_interpolation: 0, interpolation_duration: 1 }
$data merge entity $(bone_right_shoulder) { transformation: [-1.0424911294967918f,0.6563522406291904f,0.04639279059640685f,-1.5161722869262015f,0.6579162078263519f,1.0384806005913407f,0.09188370667653176f,2.1950166444298356f,0.00983962792351578f,0.10246017906615111f,-1.2284719790478889f,-1.5627326700287765f,0f,0f,0f,1f], start_interpolation: 0, interpolation_duration: 1 }
$data merge entity $(bone_chest) { transformation: [-3.4390440343115563f,2.1708985391752393f,0.06789615525130169f,-0.13282143322518064f,2.171750860513582f,3.43526767944178f,0.16391581884068057f,1.8043406945339364f,0.030142248582548846f,0.17484200986750154f,-4.063613655560883f,-1.0388429796643581f,0f,0f,0f,1f], start_interpolation: 0, interpolation_duration: 1 }
$data merge entity $(bone_right_fingers2) { transformation: [-0.9359532343272384f,0.35129465664588577f,0.024157966893568333f,-0.3426364894063421f,0.35156754911240995f,0.9361280756341862f,0.008030219208007894f,-0.6096526505658014f,-0.01979397795984216f,0.01600906685240233f,-0.9996759015876301f,-5.099223219258539f,0f,0f,0f,1f], start_interpolation: 0, interpolation_duration: 1 }
$data merge entity $(bone_left_foot) { transformation: [-0.9227046093276856f,0.355931901108194f,-0.1480833741476393f,0.038708616515277905f,0.38102013098948856f,0.7835585126285203f,-0.49077460923333627f,0.251221072498353f,-0.05865035128791548f,-0.5092627406956923f,-0.8586102708638632f,-5.423729685685142f,0f,0f,0f,1f], start_interpolation: 0, interpolation_duration: 1 }
$data merge entity $(bone_left_knee) { transformation: [-1.4643621473237667f,0.6060438078431741f,-0.024986256108116278f,-0.13795339507451243f,0.6065586616472923f,1.4631191802872248f,-0.06032215836914239f,-0.2172341218437177f,-1.7933264165125956e-16f,-0.0652922337235622f,-1.5836687888410934f,-3.407167218590597f,0f,0f,0f,1f], start_interpolation: 0, interpolation_duration: 1 }
$data merge entity $(bone_left_thigh) { transformation: [-1.4815824919101666f,0.6099696376586591f,-0.06748610457668949f,0.49404660712779047f,0.6136915619237173f,1.4725969718713374f,-0.16292586894077324f,1.3878359952127246f,-1.8144152563905446e-16f,-0.1763496897673537f,-1.5939274765277336f,-4.616488870375618f,0f,0f,0f,1f], start_interpolation: 0, interpolation_duration: 1 }
$data merge entity $(bone_left_leg) { transformation: [-0.9238795325112867f,0.3818361309961765f,-0.025451492541635486f,0.4016442328323418f,0.3826834323650897f,0.9218339660550391f,-0.061445338476654364f,1.7208170622149144f,-1.1314261122877003e-16f,-0.06650795511145677f,-0.9977858948225778f,-4.931638125f,0f,0f,0f,1f], start_interpolation: 0, interpolation_duration: 1 }
$data merge entity $(bone_left_fingers2) { transformation: [-0.9221562438887948f,0.3867944296314839f,-0.004234508585986924f,-1.6843991641922407f,0.3867937345529321f,0.9219224565805887f,-0.021203560149381767f,0.01465487796019782f,-0.004297530396132321f,-0.02119087677439435f,-0.9997662116585191f,-5.085455417868858f,0f,0f,0f,1f], start_interpolation: 0, interpolation_duration: 1 }
$data merge entity $(bone_right_foot) { transformation: [-0.9236916681421652f,0.36997601248019146f,-0.09955627752181903f,-1.307986658981657f,0.3831332511202823f,0.8908586119542312f,-0.24408983058084022f,0.934470662956939f,-0.0016168150008468243f,-0.2636070630621224f,-0.9646287898528715f,-5.149366694004696f,0f,0f,0f,1f], start_interpolation: 0, interpolation_duration: 1 }
$data merge entity $(bone_right_knee) { transformation: [-1.4643621473237667f,0.5953234686145099f,-0.11620403493916714f,-1.3836675880459839f,0.6065586616472923f,1.4372379919281433f,-0.28054135715261486f,0.7937161076027319f,-1.7933264165125956e-16f,-0.303655776841433f,-1.555655192426925f,-3.0823010070234456f,0f,0f,0f,1f], start_interpolation: 0, interpolation_duration: 1 }
$data merge entity $(bone_right_thigh) { transformation: [-1.4815824919101666f,0.5879767193250099f,-0.17578597983960573f,-0.7967020712252596f,0.6136915619237173f,1.4195013701540775f,-0.4243848966038201f,2.13148907863684f,-1.8144152563905446e-16f,-0.45935090200586887f,-1.5364572113591402f,-4.561432899674335f,0f,0f,0f,1f], start_interpolation: 0, interpolation_duration: 1 }
$data merge entity $(bone_right_leg) { transformation: [-0.9238795325112867f,0.3710806819353343f,-0.093518644671175f,-0.5264880056813848f,0.3826834323650897f,0.8958680150629408f,-0.2257739802999014f,2.227783408195098f,-1.1314261122877003e-16f,-0.24437599530558182f,-0.969680551995556f,-4.931638125f,0f,0f,0f,1f], start_interpolation: 0, interpolation_duration: 1 }