# This file was generated by Animated Java via MC-Build. It is not recommended to edit this file directly.
$data merge entity $(bone_neck) { transformation: [-0.7071067811865475f,0.7064337722128922f,0.03084356459723202f,-0.014336295360731641f,0.7071067811865476f,0.706433772212892f,0.030843564597231896f,1.5481637046392682f,-8.659560562354932e-17f,0.04361938736533608f,-0.9990482215818578f,-1.269505625f,0f,0f,0f,1f], start_interpolation: 0, interpolation_duration: 1 }
$data merge entity $(bone_left_fingers_2) { transformation: [-0.8684260816440618f,0.3835001851590938f,0.3142670022501289f,1.8936665250357747f,0.474341385148368f,0.4580755814162227f,0.7517759054703179f,-1.720086474235935f,0.14434815917035118f,0.8019316490157563f,-0.5797147912991361f,0.7820907772799865f,0f,0f,0f,1f], start_interpolation: 0, interpolation_duration: 1 }
$data merge entity $(bone_left_fingers) { transformation: [-0.8684260816440618f,0.4922963128561621f,0.05899560211210207f,1.9424554661690585f,0.474341385148368f,0.7902659264759869f,0.3879175373537227f,-1.4984721113401855f,0.14434815917035118f,0.3648617625886238f,-0.919804056929982f,0.2521132886268739f,0f,0f,0f,1f], start_interpolation: 0, interpolation_duration: 1 }
$data merge entity $(bone_left_index_finger_2) { transformation: [-0.7983895438984615f,0.11838573360877916f,0.5903888161809284f,1.2953876334688883f,0.4761961115549669f,0.724217928849543f,0.4987440775315604f,-1.295241934617891f,-0.36852598216887794f,0.6793329151533798f,-0.634582847905358f,0.6962698571478838f,0f,0f,0f,1f], start_interpolation: 0, interpolation_duration: 1 }
$data merge entity $(bone_left_index_finger) { transformation: [-0.7983895438984615f,0.4170611947382852f,0.4343202689687427f,1.5481083435797727f,0.4761961115549669f,0.8787742036190349f,0.03151447911134932f,-1.271996291392731f,-0.36852598216887794f,0.23198245385633035f,-0.9002070548319755f,0.17880271292541716f,0f,0f,0f,1f], start_interpolation: 0, interpolation_duration: 1 }
$data merge entity $(bone_left_thumb) { transformation: [0.232499205776964f,0.7484298584952029f,0.621125483478123f,1.454092578289907f,0.9725934211108671f,-0.17728234186977915f,-0.15044270827469752f,-1.5316158940955185f,-0.0024812345596666036f,0.6390803691039316f,-0.7691359602183754f,-0.5877859700252258f,0f,0f,0f,1f], start_interpolation: 0, interpolation_duration: 1 }
$data merge entity $(bone_left_hand) { transformation: [-0.8561131562318279f,0.4999502861583769f,0.1308433227067205f,1.877621059828605f,0.49167070816272335f,0.8659379188579541f,-0.09171387800502553f,-1.6077166793197666f,-0.15915457411442424f,-0.014185628435566311f,-0.9871517560559492f,-0.4709684480888492f,0f,0f,0f,1f], start_interpolation: 0, interpolation_duration: 1 }
$data merge entity $(bone_left_forearm) { transformation: [-1.76893352210712f,0.8500760048983003f,0.3918716800338346f,2.650231585819051f,0.912951142409884f,1.7518005118734359f,0.3209884912627705f,-0.4762768754097767f,-0.2066708476996258f,0.4624761462462769f,-1.9361615139794008f,-2.23952214278265f,0f,0f,0f,1f], start_interpolation: 0, interpolation_duration: 1 }
$data merge entity $(bone_left_bicep) { transformation: [-1.2421322201862863f,-0.34842571007620265f,-0.014237122043906566f,1.5045474760209245f,-0.32542653104397656f,1.139279844272969f,0.510523880770679f,0.7347522760322328f,-0.12530260962519083f,0.49511269878923997f,-1.1847608598488826f,-1.6971754471888887f,0f,0f,0f,1f], start_interpolation: 0, interpolation_duration: 1 }
$data merge entity $(bone_left_shoulder) { transformation: [-1.186891184479764f,-0.3329302605752604f,-0.013603958074399673f,1.0834738970620972f,-0.3109539182825477f,1.0886129365682757f,0.4878194798475181f,0.7260783150371681f,-0.119730057991849f,0.4730936755096835f,-1.1320712863083244f,-1.6678839716674005f,0f,0f,0f,1f], start_interpolation: 0, interpolation_duration: 1 }
$data merge entity $(bone_right_fingers_2) { transformation: [-0.9751804970500124f,0.2156659915716877f,0.05011165785215986f,-2.3123176829405336f,0.1787299550088056f,0.9003555655942161f,-0.3967561703188366f,4.160733244090919f,-0.13068512293234258f,-0.37795242502584875f,-0.91655516094845f,2.698278754369615f,0f,0f,0f,1f], start_interpolation: 0, interpolation_duration: 1 }
$data merge entity $(bone_right_fingers) { transformation: [-0.9751804970500124f,0.20881582658189082f,-0.07361350923718346f,-2.3669438974476495f,0.1787299550088056f,0.5461752472906878f,-0.8183814528870424f,3.6946958610948037f,-0.13068512293234258f,-0.8112265711968991f,-0.5699410924194546f,2.363317738929703f,0f,0f,0f,1f], start_interpolation: 0, interpolation_duration: 1 }
$data merge entity $(bone_right_index_finger_2) { transformation: [-0.834205071133965f,0.35113270651447415f,-0.4252149123798421f,-1.6263854875719796f,0.4853299397273902f,0.8335913701578838f,-0.26378073698151266f,3.907687020428275f,0.26183343731957587f,-0.42641675625392844f,-0.8658013635282021f,2.610424804286839f,0f,0f,0f,1f], start_interpolation: 0, interpolation_duration: 1 }
$data merge entity $(bone_right_index_finger) { transformation: [-0.834205071133965f,0.06767451513451582f,-0.5472860854212217f,-1.9414069757098669f,0.4853299397273902f,0.5613145442249986f,-0.6703587338475497f,3.524591471831381f,0.26183343731957587f,-0.8248309781056906f,-0.5010959076450594f,2.3168611395490313f,0f,0f,0f,1f], start_interpolation: 0, interpolation_duration: 1 }
$data merge entity $(bone_right_thumb) { transformation: [-0.46199200704644844f,-0.3330159068669115f,-0.8219877074499371f,-2.1604916824684457f,-0.5816078297433502f,0.813464921330353f,-0.0026747235807326186f,2.887686914979716f,0.6695488912741361f,0.47683878569031274f,-0.569498950530169f,1.9000783287280993f,0f,0f,0f,1f], start_interpolation: 0, interpolation_duration: 1 }
$data merge entity $(bone_right_hand) { transformation: [-0.923822825173041f,0.19314301936638845f,-0.3305255841222221f,-2.5179556455797982f,0.36929471561951077f,0.6771013382400405f,-0.6365180207732151f,3.117162295886384f,0.10086030291847137f,-0.7100912278176523f,-0.6968483676321654f,1.935964213090725f,0f,0f,0f,1f], start_interpolation: 0, interpolation_duration: 1 }
$data merge entity $(bone_right_forearm) { transformation: [-1.6383433880168332f,0.7690990254182645f,-0.8541922525220909f,-3.0275974531826586f,1.135692384741037f,1.3123072002863474f,-0.9966841985024077f,2.6869685144056703f,0.17708902396620663f,-1.3006395632164376f,-1.5107292862764705f,-0.1994680266971025f,0f,0f,0f,1f], start_interpolation: 0, interpolation_duration: 1 }
$data merge entity $(bone_right_bicep) { transformation: [-0.6116576205390863f,0.8284816507064392f,-0.7771671205026035f,-1.540075548606685f,1.135165164173926f,0.4784924983242747f,-0.38332832220498453f,2.535102439251689f,0.04207884021164789f,-0.8655395467575349f,-0.955806616275654f,-1.225066277498978f,0f,0f,0f,1f], start_interpolation: 0, interpolation_duration: 1 }
$data merge entity $(bone_right_shoulder) { transformation: [-0.5844555240897256f,0.7916367933674926f,-0.7426043614372435f,-1.2573916974575754f,1.084681247608645f,0.45721262106509686f,-0.3662806575601764f,2.2301162992809833f,0.04020747847024482f,-0.8270466228716468f,-0.9132992675730377f,-1.2979324682875923f,0f,0f,0f,1f], start_interpolation: 0, interpolation_duration: 1 }
$data merge entity $(bone_chest) { transformation: [-3.0695833992772874f,2.6215747391463946f,0.49943755082673796f,-0.13498902943583968f,2.668255636867882f,3.0290936291854638f,0.4994375508267374f,1.4275109705641602f,-0.050038349583771076f,0.7045366547757134f,-4.005690763260861f,-1.2339949422586687f,0f,0f,0f,1f], start_interpolation: 0, interpolation_duration: 1 }
$data merge entity $(bone_weist) { transformation: [-0.7607248492652948f,0.7917834468654553f,-0.06615645834045845f,0.30068048459635277f,0.794539742179232f,0.7578416064646728f,-0.06620194565723338f,1.8631804845963522f,-0.0020740800499432534f,-0.09356854589498818f,-1.0960112341627906f,-3.6775634325259094f,0f,0f,0f,1f], start_interpolation: 0, interpolation_duration: 1 }
$data merge entity $(bone_right_fingers2) { transformation: [-0.7069560365718197f,0.6784651442911501f,0.19974536374257246f,-0.6389333718698997f,0.7072565604825091f,0.6777162787532887f,0.2012182972973526f,-0.13257428945073463f,0.0011489164960296042f,0.2835237088759659f,-0.9589645387062555f,-5.176328730915824f,0f,0f,0f,1f], start_interpolation: 0, interpolation_duration: 1 }
$data merge entity $(bone_left_foot) { transformation: [-0.7069560365718197f,0.6409097623153863f,0.2990783157025911f,-0.07020804222800187f,0.7072565604825091f,0.6399488004177825f,0.3004225199586279f,0.42811894331713757f,0.0011489164960296042f,0.4239106148855864f,-0.9057033016270886f,-4.581344107772152f,0f,0f,0f,1f], start_interpolation: 0, interpolation_duration: 1 }
$data merge entity $(bone_left_knee) { transformation: [-1.1205353331768524f,0.9892352011550628f,-0.5273368870389881f,0.24073934634341265f,1.121011667832717f,0.9900234666435019f,-0.524839294081646f,0.712927873500184f,0.0018210489225239496f,-0.7440007801238604f,-1.399546151968536f,-2.5467975946719816f,0f,0f,0f,1f], start_interpolation: 0, interpolation_duration: 1 }
$data merge entity $(bone_left_thigh) { transformation: [-1.1337124045685205f,0.7760986988786741f,-0.8270858521564752f,0.4890987625806684f,1.1341943407396438f,0.7776665710117678f,-0.8249496440850643f,1.0071454782256424f,0.0018424637685795278f,-1.168165025773644f,-1.0986769731807586f,-4.432285017504635f,0f,0f,0f,1f], start_interpolation: 0, interpolation_duration: 1 }
$data merge entity $(bone_left_leg) { transformation: [-0.7071067811865475f,0.7044160264027587f,-0.061628416716219235f,0.4969319594753431f,0.7071067811865476f,0.7044160264027586f,-0.06162841671621935f,1.3159162501254997f,-8.659560562354932e-17f,-0.0871557427476581f,-0.9961946980917455f,-4.749346458333333f,0f,0f,0f,1f], start_interpolation: 0, interpolation_duration: 1 }
$data merge entity $(bone_left_fingers2) { transformation: [-0.8286269870820808f,0.5595537797054521f,-0.01663982862338209f,-1.4113552803967457f,0.559512344487378f,0.826878881441593f,-0.056720823267452924f,0.7415303428553586f,-0.017979228167826267f,-0.05631059441386149f,-0.9982514033605197f,-9.148390359971891f,0f,0f,0f,1f], start_interpolation: 0, interpolation_duration: 1 }
$data merge entity $(bone_right_foot) { transformation: [-0.8198416064029628f,0.47516506506822737f,0.31949632446918175f,-1.0157792912783792f,0.5725514293299465f,0.6868086767634678f,0.4477484810634761f,1.324598319062023f,-0.006678411700743706f,0.5500109112200611f,-0.8351307660217252f,-8.444555524530593f,0f,0f,0f,1f], start_interpolation: 0, interpolation_duration: 1 }
$data merge entity $(bone_right_knee) { transformation: [-1.2994605605714533f,0.881864647753202f,-0.21444557140792805f,-1.0657341039696782f,0.9075021266332141f,1.2582100432140504f,-0.3249881318533332f,1.3052845636290313f,-0.0105853771565112f,-0.3892199105036208f,-1.5364458075675937f,-6.3720132456585015f,0f,0f,0f,1f], start_interpolation: 0, interpolation_duration: 1 }
$data merge entity $(bone_right_thigh) { transformation: [-1.3147417249134659f,-0.08597489202069655f,0.9142026734946165f,-0.5692106480277577f,0.918174008149733f,-0.10446942948800879f,1.3106283388405024f,1.9854377983575913f,-0.010709857185269978f,1.5979356901188453f,0.13487343220438777f,-4.471262806802623f,0f,0f,0f,1f], start_interpolation: 0, interpolation_duration: 1 }
$data merge entity $(bone_right_leg) { transformation: [-0.8191520442889917f,0.5713938048432696f,-0.049990480332730194f,-0.283412228061299f,0.5735764363510462f,0.8160349234517082f,-0.07139380484326967f,2.0226034812885434f,-9.944983116736406e-17f,-0.0871557427476581f,-0.9961946980917455f,-4.801429791666667f,0f,0f,0f,1f], start_interpolation: 0, interpolation_duration: 1 }