# This file was generated by Animated Java via MC-Build. It is not recommended to edit this file directly.
$data merge entity $(bone_left_fingers_2) { transformation: [-0.9475891255374413f,0.31872399514172095f,-0.022132873380741186f,2.0414976657887167f,0.26103926986872755f,0.8123060704887923f,0.5215528232436851f,-0.9656702036630613f,0.18421006690620695f,0.4884402345916616f,-0.8529318779846684f,0.6884363890842204f,0f,0f,0f,1f], start_interpolation: 0, interpolation_duration: 1 }
$data merge entity $(bone_left_fingers) { transformation: [-0.9475891255374413f,0.31872399514172095f,-0.022132873380741186f,2.0436149762883282f,0.26103926986872755f,0.8123060704887923f,0.5215528232436851f,-0.6639785096939286f,0.18421006690620695f,0.4884402345916616f,-0.8529318779846684f,0.19716552297883105f,0f,0f,0f,1f], start_interpolation: 0, interpolation_duration: 1 }
$data merge entity $(bone_left_index_finger_2) { transformation: [-0.9650812728262f,0.1774911567587396f,0.19265260473870205f,1.4861880661605353f,0.23962973040707597f,0.89526675625891f,0.37559955729830347f,-0.7739596871821448f,-0.10580987262630133f,0.40864939056616f,-0.9065373386930691f,0.680490843701092f,0f,0f,0f,1f], start_interpolation: 0, interpolation_duration: 1 }
$data merge entity $(bone_left_index_finger) { transformation: [-0.9650812728262f,0.1774911567587396f,0.19265260473870205f,1.5982446519570543f,0.23962973040707597f,0.89526675625891f,0.37559955729830347f,-0.5523148874275816f,-0.10580987262630133f,0.40864939056616f,-0.9065373386930691f,0.16039732622654856f,0f,0f,0f,1f], start_interpolation: 0, interpolation_duration: 1 }
$data merge entity $(bone_left_thumb) { transformation: [-0.8754685833075898f,0.13754774687446858f,0.4632875748076556f,1.3227138381848467f,0.1860908879291408f,0.9806682213449742f,0.060498108018586544f,-0.8197592652411994f,-0.44601002350972546f,0.13917778908231626f,-0.884140600784181f,-0.6009696119980541f,0f,0f,0f,1f], start_interpolation: 0, interpolation_duration: 1 }
$data merge entity $(bone_left_hand) { transformation: [-0.9668826579783423f,0.2489797499797659f,0.05609821566457886f,1.941669375681682f,0.24241763314267978f,0.9646624384158082f,-0.10324762007508001f,-0.8221315766808962f,-0.07982240814606782f,-0.08622913666319665f,-0.9930724641978965f,-0.5124680273624396f,0f,0f,0f,1f], start_interpolation: 0, interpolation_duration: 1 }
$data merge entity $(bone_left_forearm) { transformation: [-1.9535786445062397f,0.4199349014668889f,-0.11181945988893696f,2.002903476470822f,0.43453070761643986f,1.8809375835041573f,-0.5278023346392022f,-0.50254425165817f,-0.005654840246654516f,-0.5394876447540119f,-1.9272362432484111f,-2.7258318818480882f,0f,0f,0f,1f], start_interpolation: 0, interpolation_duration: 1 }
$data merge entity $(bone_left_bicep) { transformation: [-1.255121700223711f,0.27282185014578747f,0.12138113206624081f,1.491801627252475f,0.2984550837659923f,1.1628038169733397f,0.4725541976509975f,0.9223383343750757f,-0.009471225521927544f,0.48780236246493625f,-1.194342821208321f,-1.8230144020173642f,0f,0f,0f,1f], start_interpolation: 0, interpolation_duration: 1 }
$data merge entity $(bone_left_shoulder) { transformation: [-1.1993029866187368f,0.26068871220724926f,0.11598297932404425f,1.120436001326322f,0.2851819654367393f,1.1110907335115232f,0.4515384129531408f,1.1122816523392873f,-0.009050014077011594f,0.46610844994521256f,-1.1412271114956283f,-1.757858474612496f,0f,0f,0f,1f], start_interpolation: 0, interpolation_duration: 1 }
$data merge entity $(bone_right_fingers_2) { transformation: [-0.9632711086581639f,0.26652248572851206f,0.032780113263482305f,-3.1822355240645033f,0.26695889491274705f,0.9636594307431181f,0.009666952302278575f,0.7569725840004634f,-0.029012405130160027f,0.01806283867349549f,-0.9994158364803006f,0.839937473965339f,0f,0f,0f,1f], start_interpolation: 0, interpolation_duration: 1 }
$data merge entity $(bone_right_fingers) { transformation: [-0.9632711086581639f,0.26652248572851206f,0.032780113263482305f,-3.1750468165410197f,0.26695889491274705f,0.9636594307431181f,0.009666952302278575f,0.7717887486526742f,-0.029012405130160027f,0.01806283867349549f,-0.9994158364803006f,0.2636540790328443f,0f,0f,0f,1f], start_interpolation: 0, interpolation_duration: 1 }
$data merge entity $(bone_right_index_finger_2) { transformation: [-0.9602351809005806f,0.27039561520030214f,-0.0695313500608138f,-2.6929036872002565f,0.2682948271922857f,0.9625816557562497f,0.038137143356816096f,0.6207914506493241f,0.07724171840845401f,0.017965725201251417f,-0.9968505152003998f,0.8269365019010025f,0f,0f,0f,1f], start_interpolation: 0, interpolation_duration: 1 }
$data merge entity $(bone_right_index_finger) { transformation: [-0.9602351809005806f,0.27039561520030214f,-0.0695313500608138f,-2.7314120556019117f,0.2682948271922857f,0.9625816557562497f,0.038137143356816096f,0.6483386538808831f,0.07724171840845401f,0.017965725201251417f,-0.9968505152003998f,0.2525336643777033f,0f,0f,0f,1f], start_interpolation: 0, interpolation_duration: 1 }
$data merge entity $(bone_right_thumb) { transformation: [-0.8677769399282876f,0.2381244700736728f,-0.43618794032025865f,-2.5705029244915023f,0.24984027903922784f,0.9677814765642103f,0.031286556039258506f,0.3169979700465904f,0.4295847035199204f,-0.0818275648625168f,-0.899311532301445f,-0.5165209123235281f,0f,0f,0f,1f], start_interpolation: 0, interpolation_duration: 1 }
$data merge entity $(bone_right_hand) { transformation: [-0.96311461968858f,0.2675717588215928f,-0.02855841772999954f,-3.114151835612182f,0.26800571841142484f,0.963335356278036f,-0.012566870869293659f,0.619001369656216f,0.024148793777285373f,-0.019757156318377274f,-0.999513126743873f,-0.4518376547980578f,0f,0f,0f,1f], start_interpolation: 0, interpolation_duration: 1 }
$data merge entity $(bone_right_forearm) { transformation: [-1.9276330111809672f,0.5326198409982287f,-0.07664105562281548f,-2.9349889811509415f,0.5356576928345288f,1.9264597689611065f,-0.08455984217151101f,1.40421709122182f,0.05126970391125361f,-0.10195899065753206f,-1.9980747117942093f,-2.5389910402956715f,0f,0f,0f,1f], start_interpolation: 0, interpolation_duration: 1 }
$data merge entity $(bone_right_bicep) { transformation: [-1.2469831016062638f,0.2573279229112048f,0.20811320935908428f,-1.813645782477057f,0.3182747739308931f,1.1548291192929545f,0.47913098107240853f,2.3951408590728556f,-0.09071899524780844f,0.5144391789457478f,-1.1796686054049095f,-1.5428383199137303f,0f,0f,0f,1f], start_interpolation: 0, interpolation_duration: 1 }
$data merge entity $(bone_right_shoulder) { transformation: [-1.1915263338630275f,0.24588384252522857f,0.19885784262567813f,-1.4031925525896287f,0.30412021947567985f,1.1034706925674758f,0.4578227087295879f,2.390749215831606f,-0.0866844720510811f,0.49156065394563625f,-1.127205498423221f,-1.4441213174299383f,0f,0f,0f,1f], start_interpolation: 0, interpolation_duration: 1 }
$data merge entity $(bone_chest) { transformation: [-3.9570986184349124f,0.938719799145411f,0.06789615525130169f,-0.13282143322518064f,0.9407503690639409f,3.953802545988463f,0.16391581884068057f,1.8043406945339364f,-0.028168995572582393f,0.1751707488496624f,-4.063613655560883f,-1.0388429796643581f,0f,0f,0f,1f], start_interpolation: 0, interpolation_duration: 1 }
$data merge entity $(bone_right_fingers2) { transformation: [-0.9219428190764065f,0.3873159880573301f,0.002786350412697175f,-0.3224060352292178f,0.38727392564413804f,0.9219129614713713f,-0.009767189322654024f,-0.6052067600146132f,-0.006351761143713388f,-0.007925709196035136f,-0.9999484178016951f,-4.768553560483746f,0f,0f,0f,1f], start_interpolation: 0, interpolation_duration: 1 }
$data merge entity $(bone_left_foot) { transformation: [-0.9236764403876141f,0.35110455448819233f,-0.1534517034461147f,0.05531000415790516f,0.3831646433808781f,0.8436489685441977f,-0.37608679043156473f,0.29130036769939704f,-0.0025864136697039347f,-0.4061797750897491f,-0.9137895276114574f,-4.981714690085441f,0f,0f,0f,1f], start_interpolation: 0, interpolation_duration: 1 }
$data merge entity $(bone_left_knee) { transformation: [-1.4643621473237667f,0.5818688559935848f,-0.17129519679217925f,0.07162411704056759f,0.6065586616472923f,1.4047556836622297f,-0.4135431872650479f,0.2887307502729206f,-1.7933264165125956e-16f,-0.4476159203797447f,-1.5204965953124072f,-2.903996911866612f,0f,0f,0f,1f], start_interpolation: 0, interpolation_duration: 1 }
$data merge entity $(bone_left_thigh) { transformation: [-1.4815824919101666f,0.5658820278228405f,-0.2374760277659236f,0.5455311804164058f,0.6136915619237173f,1.3661600662730904f,-0.573317846970983f,1.5121307502990915f,-1.8144152563905446e-16f,-0.6205547658498203f,-1.4787210000849336f,-4.552280102385097f,0f,0f,0f,1f], start_interpolation: 0, interpolation_duration: 1 }
$data merge entity $(bone_left_leg) { transformation: [-0.9238795325112867f,0.3589940421662084f,-0.13255145074986088f,0.4147061750875432f,0.3826834323650897f,0.866688285408799f,-0.3200075101125438f,1.7523513803583557f,-1.1314261122877003e-16f,-0.34637363298080676f,-0.9380966402112724f,-4.931638125f,0f,0f,0f,1f], start_interpolation: 0, interpolation_duration: 1 }
$data merge entity $(bone_left_fingers2) { transformation: [-0.9307750423416266f,0.3650779160109634f,0.019389063799857713f,-1.6943691995498589f,0.36546230200608076f,0.9305491793933226f,0.022705297682040784f,-0.015642192974222757f,-0.009753274647994341f,0.028219496301419525f,-0.9995541674477351f,-6.211095697764668f,0f,0f,0f,1f], start_interpolation: 0, interpolation_duration: 1 }
$data merge entity $(bone_right_foot) { transformation: [-0.9218090175014976f,0.38261375972026995f,0.06224826202909628f,-1.3380351434562991f,0.3870867085830625f,0.9171477194955313f,0.0948890966469667f,0.8619272042094993f,-0.02078497753798992f,0.11156509981560393f,-0.9935397391206249f,-5.903313149169234f,0f,0f,0f,1f], start_interpolation: 0, interpolation_duration: 1 }
$data merge entity $(bone_right_knee) { transformation: [-1.4643621473237667f,0.5932680067017235f,0.12627938170389605f,-1.71871259304918f,0.6065586616472923f,1.4322756679013533f,0.30486539595763423f,-0.015154087481346723f,-1.7933264165125956e-16f,0.32998392672359567f,-1.550284011605004f,-4.063717245360563f,0f,0f,0f,1f], start_interpolation: 0, interpolation_duration: 1 }
$data merge entity $(bone_right_thigh) { transformation: [-1.4815824919101666f,0.6022468955323877f,0.11796613920092926f,-0.9325695663234096f,0.6136915619237173f,1.453952623091383f,0.2847954531596754f,1.8034759292852258f,-1.8144152563905446e-16f,0.30826037717877053f,-1.5737469788287801f,-4.693447504653465f,0f,0f,0f,1f], start_interpolation: 0, interpolation_duration: 1 }
$data merge entity $(bone_right_leg) { transformation: [-0.9238795325112867f,0.3719806935911097f,0.08987198118547932f,-0.604893817252297f,0.3826834323650897f,0.8980408354086079f,0.21697015585532353f,2.038495034531732f,-1.1314261122877003e-16f,0.23484680439402733f,-0.9720323957903427f,-4.931638125f,0f,0f,0f,1f], start_interpolation: 0, interpolation_duration: 1 }