# This file was generated by Animated Java via MC-Build. It is not recommended to edit this file directly.
$data merge entity $(bone_neck) { transformation: [-0.7071067811865475f,0.7064337722128922f,0.03084356459723202f,-0.051448069533583295f,0.7071067811865476f,0.706433772212892f,0.030843564597231896f,1.5110519304664165f,-8.659560562354932e-17f,0.04361938736533608f,-0.9990482215818578f,-1.269505625f,0f,0f,0f,1f], start_interpolation: 0, interpolation_duration: 1 }
$data merge entity $(bone_left_fingers_2) { transformation: [-0.6954557939203969f,0.7180456224007032f,-0.027417564693775764f,2.22854462149028f,0.6919371911560315f,0.6794845688790438f,0.24397467932218148f,-0.2871574678797239f,0.1938147625895712f,0.15070237160193162f,-0.9693939513922609f,3.53307333723175f,0f,0f,0f,1f], start_interpolation: 0, interpolation_duration: 1 }
$data merge entity $(bone_left_fingers) { transformation: [-0.6954557939203969f,0.590862088864353f,-0.4089293712188011f,2.00584996458857f,0.6919371911560315f,0.7041589726007921f,-0.15932063520115086f,-0.38441845190629986f,0.1938147625895712f,-0.3937538993440579f,-0.8985508914656405f,3.010276229482226f,0f,0f,0f,1f], start_interpolation: 0, interpolation_duration: 1 }
$data merge entity $(bone_left_index_finger_2) { transformation: [-0.7739196436462542f,0.5631438257732574f,0.28968503011359503f,1.6826954558054883f,0.5577533169407467f,0.8227699588998153f,-0.10936558953158632f,0.21230417945701652f,-0.2999326968172195f,0.07693260833648952f,-0.950853170134324f,3.454420114275443f,0f,0f,0f,1f], start_interpolation: 0, interpolation_duration: 1 }
$data merge entity $(bone_left_index_finger) { transformation: [-0.7739196436462542f,0.6305983386434798f,-0.05825908065304894f,1.6527670904728378f,0.5577533169407467f,0.6351550567859828f,-0.5343119793536263f,-0.09195752728743023f,-0.2999326968172195f,-0.44600873213343983f,-0.8432772902436487f,2.96584108345737f,0f,0f,0f,1f], start_interpolation: 0, interpolation_duration: 1 }
$data merge entity $(bone_left_thumb) { transformation: [0.38858847480115005f,0.7610758688654269f,0.5193866758807466f,1.3408900653111258f,0.8586251793866916f,-0.09458112613121492f,-0.5038027509878471f,-0.4480188732701489f,-0.33430793974251877f,0.6417304203561544f,-0.6902320399797632f,2.324638377983626f,0f,0f,0f,1f], start_interpolation: 0, interpolation_duration: 1 }
$data merge entity $(bone_left_hand) { transformation: [-0.7665299845117652f,0.6189104306653699f,-0.17141079796208747f,1.7213856409181776f,0.634921953039608f,0.6902474493015751f,-0.3470339641606268f,-0.6390451589907674f,-0.09646707413808561f,-0.3748444177872682f,-0.922055186017063f,2.38319540339323f,0f,0f,0f,1f], start_interpolation: 0, interpolation_duration: 1 }
$data merge entity $(bone_left_forearm) { transformation: [-1.7038125671291249f,1.0398903985389387f,-0.1448072113883978f,2.0327615916619886f,1.0120595015549771f,1.5532093658509851f,-0.7540521629806299f,-0.6949135279135621f,-0.27942214435482393f,-0.7151832340106994f,-1.8481760306812887f,0.16851958774650244f,0f,0f,0f,1f], start_interpolation: 0, interpolation_duration: 1 }
$data merge entity $(bone_left_bicep) { transformation: [-1.2751547627523196f,0.17045179824525844f,-0.09706770325986384f,1.3724606173089309f,0.18166674680312359f,0.7854499612157707f,-1.0072542752667895f,0.47553030614598457f,-0.07398072483530492f,-1.0092126467757987f,-0.8003201293555854f,-1.060789286886581f,0f,0f,0f,1f], start_interpolation: 0, interpolation_duration: 1 }
$data merge entity $(bone_left_shoulder) { transformation: [-1.218445123765595f,0.16287133803330522f,-0.09275083555883595f,0.9898518206699799f,0.17358752698759217f,0.7505188414460092f,-0.9624589076873098f,0.6239866721974568f,-0.07069059855421661f,-0.964330185029774f,-0.7647276923155495f,-1.1598216207379588f,0f,0f,0f,1f], start_interpolation: 0, interpolation_duration: 1 }
$data merge entity $(bone_right_fingers_2) { transformation: [-0.7013777665270782f,0.2535933585965552f,0.6661528631607061f,-3.9282939143834947f,0.6636267728464442f,0.5733934771096428f,0.48043670422806717f,2.3694049198889218f,-0.26013214907600585f,0.7790444973708708f,-0.5704567784970798f,0.5538105433662942f,0f,0f,0f,1f], start_interpolation: 0, interpolation_duration: 1 }
$data merge entity $(bone_right_fingers) { transformation: [-0.7013777665270782f,0.5718021418306569f,0.4255720141402165f,-3.6893622836272213f,0.6636267728464442f,0.7417336066963588f,0.09711211592085268f,2.4387884542499525f,-0.26013214907600585f,0.3505332613249196f,-0.8996986705125303f,0.03374194355517246f,0f,0f,0f,1f], start_interpolation: 0, interpolation_duration: 1 }
$data merge entity $(bone_right_index_finger_2) { transformation: [-0.7237895724662218f,0.5965323059819678f,0.34681098989074666f,-3.3368613985605426f,0.6405727760109902f,0.3940472369805009f,0.6590851945398308f,1.9266803883318788f,0.2565056986164981f,0.6991966697202359f,-0.6673296364087193f,0.5540939234918656f,0f,0f,0f,1f], start_interpolation: 0, interpolation_duration: 1 }
$data merge entity $(bone_right_index_finger) { transformation: [-0.7237895724662218f,0.689451653054899f,-0.028019152182584037f,-3.3490214019766804f,0.6405727760109902f,0.6864622858089987f,0.3441453890370436f,2.1289896594987887f,0.2565056986164981f,0.23114053790227118f,-0.9384982036826235f,0.014553882610292668f,0f,0f,0f,1f], start_interpolation: 0, interpolation_duration: 1 }
$data merge entity $(bone_right_thumb) { transformation: [-0.8535015999839355f,-0.4468817303817973f,-0.2680144359467095f,-3.504599666789656f,-0.5205919447693684f,0.7087672837556016f,0.4760598329190914f,1.8941493349278686f,-0.022782578126913873f,0.5458439855202925f,-0.8375770398030344f,-0.7500015022584573f,0f,0f,0f,1f], start_interpolation: 0, interpolation_duration: 1 }
$data merge entity $(bone_right_hand) { transformation: [-0.7388672725649839f,0.672268649955779f,-0.046152094416353956f,-3.714512035633001f,0.6725617581076577f,0.7399566163756008f,0.011175303714349938f,2.281782668698204f,0.04166335396386445f,-0.022783067585506606f,-0.9988719120927748f,-0.6829848358668102f,0f,0f,0f,1f], start_interpolation: 0, interpolation_duration: 1 }
$data merge entity $(bone_right_forearm) { transformation: [-1.4787181621865697f,1.3225432326230677f,0.2638157821076311f,-2.8321234010088103f,1.3460188640557962f,1.4231676715424026f,0.41006556610995865f,3.3368655226629014f,0.08338217226769327f,0.48041643263533645f,-1.9410240175815496f,-2.447372202961238f,0f,0f,0f,1f], start_interpolation: 0, interpolation_duration: 1 }
$data merge entity $(bone_right_bicep) { transformation: [-0.13207841801363207f,1.1625146373581616f,0.5437008671449297f,-1.3284331463309222f,1.2812882011387627f,0.08829038524782337f,0.12247847568652742f,2.705164757137798f,0.07315367816262339f,0.5525035287778016f,-1.163565216724214f,-1.8046164109256697f,0f,0f,0f,1f], start_interpolation: 0, interpolation_duration: 1 }
$data merge entity $(bone_right_shoulder) { transformation: [-0.12620452754772196f,1.110814414509079f,0.5195209944006934f,-1.192127789039945f,1.2243057912799824f,0.08436386901649483f,0.11703152105583185f,2.3087910785838046f,0.06990033292145506f,0.5279321774633525f,-1.1118182717216203f,-1.7541689773128488f,0f,0f,0f,1f], start_interpolation: 0, interpolation_duration: 1 }
$data merge entity $(bone_chest) { transformation: [-3.5655258014276336f,1.892623078534928f,0.49943755082673796f,-0.13498902943583968f,1.9469810921843689f,3.5361364488274143f,0.4994375508267374f,1.4275109705641602f,-0.20180339753186013f,0.6768686158304419f,-4.005690763260861f,-1.2339949422586687f,0f,0f,0f,1f], start_interpolation: 0, interpolation_duration: 1 }
$data merge entity $(bone_weist) { transformation: [-0.7921738470555558f,0.7601929989898912f,-0.06758106486254638f,0.30068048459635277f,0.7631889908770039f,0.7892866783746098f,-0.06759514438564022f,1.8631804845963522f,0.0017777078897306517f,-0.09556748205917134f,-1.0958392656441585f,-3.6775634325259094f,0f,0f,0f,1f], start_interpolation: 0, interpolation_duration: 1 }
$data merge entity $(bone_right_fingers2) { transformation: [-0.711827550103781f,0.7023429374541517f,-0.003992132453068953f,-0.4606381805480085f,0.7023523329256265f,0.7118274692685868f,-0.0016895054333356252f,0.0941600616669902f,0.0016550973321593412f,-0.004006520055259533f,-0.9999906041807936f,-9.25178208989014f,0f,0f,0f,1f], start_interpolation: 0, interpolation_duration: 1 }
$data merge entity $(bone_left_foot) { transformation: [-0.7061611957893518f,0.6043165540844849f,0.36896865452339805f,0.05838337114748143f,0.7080155950528686f,0.597454517525319f,0.3765129700960128f,0.5981508353124012f,0.0070910311862942745f,0.5271144106814408f,-0.8497647411658552f,-8.56735383756467f,0f,0f,0f,1f], start_interpolation: 0, interpolation_duration: 1 }
$data merge entity $(bone_left_knee) { transformation: [-1.1192754992763962f,1.090639366887066f,-0.26457142069728845f,0.0014095733139188882f,1.1222147483797267f,1.0914158832738916f,-0.24842571684615497f,0.49787165803664585f,0.011239384886551565f,-0.36274929313188126f,-1.5429052255708129f,-6.49277388198215f,0f,0f,0f,1f], start_interpolation: 0, interpolation_duration: 1 }
$data merge entity $(bone_left_thigh) { transformation: [-1.1324377554982465f,-0.21440779028989346f,1.11504172249123f,0.43688423743420524f,1.135411569058516f,-0.2295962142863486f,1.108977078547869f,0.9549309530791792f,0.011371555798671433f,1.5725835085487492f,0.3139359964552259f,-4.482900363908962f,0f,0f,0f,1f], start_interpolation: 0, interpolation_duration: 1 }
$data merge entity $(bone_left_leg) { transformation: [-0.7071067811865475f,0.7044160264027587f,-0.061628416716219235f,0.45982018530249147f,0.7071067811865476f,0.7044160264027586f,-0.06162841671621935f,1.278804475952648f,-8.659560562354932e-17f,-0.0871557427476581f,-0.9961946980917455f,-4.801830432692308f,0f,0f,0f,1f], start_interpolation: 0, interpolation_duration: 1 }
$data merge entity $(bone_left_fingers2) { transformation: [-0.8192870987085259f,0.5216156072690927f,0.23808781603236592f,-1.4134508165199122f,0.5733819412311637f,0.7462871794460534f,0.33806596288954627f,0.7774582184959634f,-0.0013414021576238896f,0.41348833604800683f,-0.910508427524151f,-5.382987691604036f,0f,0f,0f,1f], start_interpolation: 0, interpolation_duration: 1 }
$data merge entity $(bone_right_foot) { transformation: [-0.8192870987085259f,0.4800661495875344f,0.3135365080974864f,-1.0118969654710337f,0.5733819412311637f,0.6872266511640017f,0.44604111850802886f,1.3612800075497793f,-0.0013414021576238896f,0.5452119055469261f,-0.838297189957202f,-4.683174340088644f,0f,0f,0f,1f], start_interpolation: 0, interpolation_duration: 1 }
$data merge entity $(bone_right_knee) { transformation: [-1.2985816580202452f,0.854395083227904f,-0.30978158070389095f,-0.9320797148934448f,0.9088184997622285f,1.2195471655490793f,-0.4461205599668837f,1.5081643930949806f,-0.002126141423031098f,-0.5431239833511465f,-1.489053970400489f,-2.6166908085874825f,0f,0f,0f,1f], start_interpolation: 0, interpolation_duration: 1 }
$data merge entity $(bone_right_thigh) { transformation: [-1.3138524868009231f,0.7171802254674765f,-0.5754547598522061f,-0.5357984255405611f,0.919505861328493f,1.0224023537168485f,-0.8251705348640996f,2.0172660651647347f,-0.002151144041414076f,-1.0060069407433418f,-1.2488592479805904f,-4.418214533054569f,0f,0f,0f,1f], start_interpolation: 0, interpolation_duration: 1 }
$data merge entity $(bone_right_leg) { transformation: [-0.8191520442889917f,0.5713938048432696f,-0.049990480332730194f,-0.24630045388844735f,0.5735764363510462f,0.8160349234517082f,-0.07139380484326967f,2.059715255461395f,-9.944983116736406e-17f,-0.0871557427476581f,-0.9961946980917455f,-4.748945817307693f,0f,0f,0f,1f], start_interpolation: 0, interpolation_duration: 1 }