# This file was generated by Animated Java via MC-Build. It is not recommended to edit this file directly.
$data merge entity $(bone_neck) { transformation: [-0.7071067811865475f,0.7064337722128922f,0.03084356459723202f,-0.025384838816771445f,0.7071067811865476f,0.706433772212892f,0.030843564597231896f,1.5371151611832283f,-8.659560562354932e-17f,0.04361938736533608f,-0.9990482215818578f,-1.269505625f,0f,0f,0f,1f], start_interpolation: 0, interpolation_duration: 1 }
$data merge entity $(bone_left_fingers_2) { transformation: [-0.8240989676724534f,0.4854710672006708f,0.29185396072734476f,1.6510870056782667f,0.5382890356572564f,0.5107597365698365f,0.6703502111510758f,-1.4241856854328097f,0.17636838030774568f,0.7095367040612859f,-0.6822403242388048f,2.2954416199639063f,0f,0f,0f,1f], start_interpolation: 0, interpolation_duration: 1 }
$data merge entity $(bone_left_fingers) { transformation: [-0.8240989676724534f,0.5662551640599699f,-0.014696280366582562f,1.6572240108419778f,0.5382890356572564f,0.7909492985953268f,0.29093662736537895f,-1.259338869734643f,0.17636838030774568f,0.23184972768363757f,-0.9566294466514426f,1.7430311841288733f,0f,0f,0f,1f], start_interpolation: 0, interpolation_duration: 1 }
$data merge entity $(bone_left_index_finger_2) { transformation: [-0.8063036797659058f,0.22320243354105557f,0.5477728084318445f,1.0695935775614926f,0.48525248957574874f,0.7791582710705276f,0.3967901334243634f,-0.9742304548304418f,-0.33823719097180527f,0.5857414636883211f,-0.7365477176393701f,2.2233206883236165f,0f,0f,0f,1f], start_interpolation: 0, interpolation_duration: 1 }
$data merge entity $(bone_left_index_finger) { transformation: [-0.8063036797659058f,0.4825651385666152f,0.3420603207566511f,1.2695217607064635f,0.48525248957574874f,0.8703306040400349f,-0.08399202957332115f,-1.0176025802114497f,-0.33823719097180527f,0.09826253971626844f,-0.9359167035222797f,1.6844998062840086f,0f,0f,0f,1f], start_interpolation: 0, interpolation_duration: 1 }
$data merge entity $(bone_left_thumb) { transformation: [0.2802449382568869f,0.7992469230038143f,0.531664490680287f,1.085347270160272f,0.9516223777228029f,-0.15861291178089576f,-0.26316685663963246f,-1.3453927119358742f,-0.126006447448505f,0.5796950062621904f,-0.8050317229253056f,0.9616354361323676f,0f,0f,0f,1f], start_interpolation: 0, interpolation_duration: 1 }
$data merge entity $(bone_left_hand) { transformation: [-0.841687381569637f,0.539364144684803f,0.025469023045248198f,1.5140966928881614f,0.5248006285442455f,0.8282386987288842f,-0.19648144494442515f,-1.435252904001295f,-0.12706947700377644f,-0.15200979361973788f,-0.9801767037925718f,1.0447805863820694f,0f,0f,0f,1f], start_interpolation: 0, interpolation_duration: 1 }
$data merge entity $(bone_left_forearm) { transformation: [-1.6407557111479774f,1.145844291048272f,0.0167329124205501f,2.039103484860427f,1.117138478341454f,1.6058236394809797f,-0.42267066664685304f,-1.1279682457804807f,-0.25542268868471907f,-0.33717908136009594f,-1.9561155258698104f,-1.1080801227589818f,0f,0f,0f,1f], start_interpolation: 0, interpolation_duration: 1 }
$data merge entity $(bone_left_bicep) { transformation: [-1.252550115485723f,0.16602447834561054f,0.2608633824397f,1.4710431858329236f,0.12972161860392925f,1.2701400513329537f,-0.18550518908593844f,0.5186503611520716f,-0.2806886769618432f,-0.15386925001799737f,-1.2498134836988357f,-1.4348855861837326f,0f,0f,0f,1f], start_interpolation: 0, interpolation_duration: 1 }
$data merge entity $(bone_left_shoulder) { transformation: [-1.1968457673259285f,0.15864091322476445f,0.2492620704459458f,1.0879976460544745f,0.1239525414889883f,1.2136534303535502f,-0.17725526318633925f,0.6785185211824384f,-0.2682056796009501f,-0.14702626132786806f,-1.1942308410803664f,-1.5120508173381015f,0f,0f,0f,1f], start_interpolation: 0, interpolation_duration: 1 }
$data merge entity $(bone_right_fingers_2) { transformation: [-0.9962901785136709f,-0.07770198066878896f,-0.03699030139570264f,-1.8932978562865495f,-0.02711817098719052f,0.6914004311629597f,-0.7219626365609116f,5.524489427265074f,0.08167303716348062f,-0.718281174741355f,-0.6909425945855937f,1.151681718404986f,0f,0f,0f,1f], start_interpolation: 0, interpolation_duration: 1 }
$data merge entity $(bone_right_fingers) { transformation: [-0.9962901785136709f,-0.08540806027131681f,0.010551940005936733f,-1.9014095250708603f,-0.02711817098719052f,0.19521096740896293f,-0.9803862927466735f,4.960223982944947f,0.08167303716348062f,-0.9770353839262671f,-0.19680287994982376f,1.0337306408282032f,0f,0f,0f,1f], start_interpolation: 0, interpolation_duration: 1 }
$data merge entity $(bone_right_index_finger_2) { transformation: [-0.8460991990546202f,-0.05481748505793793f,-0.5301991971806945f,-1.2257084478028317f,0.35280546420417624f,0.6880299820079183f,-0.6341474972637355f,5.38778454048132f,0.39955531505262953f,-0.723608863399355f,-0.562801708440093f,0.9615472364968376f,0f,0f,0f,1f], start_interpolation: 0, interpolation_duration: 1 }
$data merge entity $(bone_right_index_finger) { transformation: [-0.8460991990546202f,-0.3311084189698281f,-0.4177120542268693f,-1.4683602973659413f,0.35280546420417624f,0.23955139937434822f,-0.9045128144396116f,4.867879674427712f,0.39955531505262953f,-0.9126786630271863f,-0.08586738768648838f,0.9067807069825609f,0f,0f,0f,1f], start_interpolation: 0, interpolation_duration: 1 }
$data merge entity $(bone_right_thumb) { transformation: [-0.1783880144527713f,-0.25840602562444553f,-0.9494230048932755f,-1.6320010291140554f,-0.5571230294987951f,0.8218582574687819f,-0.11900812843021286f,4.173566778701339f,0.8110435538870169f,0.5077157970275847f,-0.2905736105481047f,0.5820653800428007f,0f,0f,0f,1f], start_interpolation: 0, interpolation_duration: 1 }
$data merge entity $(bone_right_hand) { transformation: [-0.9401318135529738f,-0.10709319223261218f,-0.32354786558255216f,-2.0104695614999155f,0.2004813965763403f,0.5939393119754597f,-0.7791298372652133f,4.310116400252732f,0.2756072981116369f,-0.7973500748526625f,-0.5369110497652818f,0.7105485830906807f,0f,0f,0f,1f], start_interpolation: 0, interpolation_duration: 1 }
$data merge entity $(bone_right_forearm) { transformation: [-1.6137698739117086f,0.3433580769582455f,-1.132774821961137f,-2.998341068797631f,1.1835845364916713f,0.4910400663967098f,-1.5373139140713818f,2.9540951587777493f,0.014184895464763477f,-1.909531789839387f,-0.5990107716560724f,-0.769379992937442f,0f,0f,0f,1f], start_interpolation: 0, interpolation_duration: 1 }
$data merge entity $(bone_right_bicep) { transformation: [-0.44014317701066275f,1.1227623835871472f,-0.45844763849733067f,-1.3144114281424004f,1.197971104469455f,0.4784306895629498f,0.021562273805537588f,2.775138751913337f,0.1887719261392041f,-0.41833518713722745f,-1.2057597001955516f,-1.3487695778053266f,0f,0f,0f,1f], start_interpolation: 0, interpolation_duration: 1 }
$data merge entity $(bone_right_shoulder) { transformation: [-0.4205687995312816f,1.072830052782319f,-0.43805921127820285f,-1.0651241869304784f,1.144694035022328f,0.4571535611093628f,0.020603340192957384f,2.4423831035716583f,0.18037671945928976f,-0.39973067093968734f,-1.1521362504777763f,-1.4220207682422312f,0f,0f,0f,1f], start_interpolation: 0, interpolation_duration: 1 }
$data merge entity $(bone_chest) { transformation: [-2.695680253855958f,3.004713684699471f,0.49943755082673796f,-0.13498902943583968f,3.0456261174028647f,2.6493693421346034f,0.4994375508267374f,1.4275109705641602f,0.04363195147633804f,0.7049624012399434f,-4.005690763260861f,-1.2339949422586687f,0f,0f,0f,1f], start_interpolation: 0, interpolation_duration: 1 }
$data merge entity $(bone_weist) { transformation: [-0.707314581207793f,0.8397864020097449f,-0.06681977409698014f,0.30068048459635277f,0.8423995047941814f,0.7041905286989967f,-0.06692364016657514f,1.8631804845963522f,-0.008316100850893637f,-0.09420455557007035f,-1.0959271618937467f,-3.6775634325259094f,0f,0f,0f,1f], start_interpolation: 0, interpolation_duration: 1 }
$data merge entity $(bone_right_fingers2) { transformation: [-0.7065664921603276f,0.03293966045080149f,0.706879601435517f,-0.26489652965237215f,0.7076348673149461f,0.027122522922396863f,0.7060575495740292f,0.2500739337444582f,0.00408493774838385f,0.9990892590353024f,-0.0424731181323183f,-6.039288073694812f,0f,0f,0f,1f], start_interpolation: 0, interpolation_duration: 1 }
$data merge entity $(bone_left_foot) { transformation: [-0.7065664921603276f,0.429711325174016f,0.5622383561919629f,0.045073245115342386f,0.7076348673149461f,0.4244618455933652f,0.5648761246464864f,0.5475689044661309f,0.00408493774838385f,0.7969820064798611f,-0.6039892338700471f,-5.14081849449296f,0f,0f,0f,1f], start_interpolation: 0, interpolation_duration: 1 }
$data merge entity $(bone_left_knee) { transformation: [-1.1199178997660915f,1.1206317258209293f,0.04731111287149812f,-0.4153319388529796f,1.1216112895214765f,1.1185165927374177f,0.05637956653856048f,0.05382611181374486f,0.006474684201139837f,0.07331490563801546f,-1.5833044279638113f,-3.1757665764973115f,0f,0f,0f,1f], start_interpolation: 0, interpolation_duration: 1 }
$data merge entity $(bone_left_thigh) { transformation: [-1.1330877103745498f,1.1142674839849345f,-0.21499820520914678f,0.4579962451185323f,1.1348010137525042f,1.1143019370762608f,-0.20557690951440083f,0.9760429607635062f,0.0065508240366549215f,-0.29739398224087743f,-1.5758229340704697f,-4.445428786337211f,0f,0f,0f,1f], start_interpolation: 0, interpolation_duration: 1 }
$data merge entity $(bone_left_leg) { transformation: [-0.7071067811865475f,0.7044160264027587f,-0.061628416716219235f,0.4858834160193033f,0.7071067811865476f,0.7044160264027586f,-0.06162841671621935f,1.3048677066694598f,-8.659560562354932e-17f,-0.0871557427476581f,-0.9961946980917455f,-4.764971458333333f,0f,0f,0f,1f], start_interpolation: 0, interpolation_duration: 1 }
$data merge entity $(bone_left_fingers2) { transformation: [-0.8319516404943903f,0.5417726158109736f,0.11974514869516795f,-1.3170589455721609f,0.5528530702782137f,0.8277101794059881f,0.09617349734547148f,0.8947791279673668f,-0.04701011128092843f,0.14621317199569284f,-0.9881354956544737f,-8.400439465546587f,0f,0f,0f,1f], start_interpolation: 0, interpolation_duration: 1 }
$data merge entity $(bone_right_foot) { transformation: [-0.8196406459954798f,0.2946277050257964f,0.4913081791130132f,-1.132023840329334f,0.5728588104982356f,0.42854294544996274f,0.6987014578055614f,1.1756246101754981f,-0.004689847189317713f,0.8541343333084688f,-0.5200312932863158f,-7.463038842239536f,0f,0f,0f,1f], start_interpolation: 0, interpolation_duration: 1 }
$data merge entity $(bone_right_knee) { transformation: [-1.2991420354786538f,0.9059815058966464f,0.06080617698599726f,-1.5374006943684888f,0.9079893301395188f,1.2970513115697244f,0.0740484979055808f,0.6396994371796569f,-0.007433474234570424f,0.09552651287746895f,-1.5821154627056464f,-5.501724533585525f,0f,0f,0f,1f], start_interpolation: 0, interpolation_duration: 1 }
$data merge entity $(bone_right_thigh) { transformation: [-1.3144194540861378f,0.4738551049019205f,0.7870621651365284f,-0.4836500367128409f,0.9186669409848638f,0.6891888728941733f,1.1192737656764238f,2.102900603004519f,-0.007520889077973314f,1.3682777680530949f,-0.8363392847345076f,-4.467003268875992f,0f,0f,0f,1f], start_interpolation: 0, interpolation_duration: 1 }
$data merge entity $(bone_right_leg) { transformation: [-0.8191520442889917f,0.5713938048432696f,-0.049990480332730194f,-0.27236368460525917f,0.5735764363510462f,0.8160349234517082f,-0.07139380484326967f,2.0336520247445833f,-9.944983116736406e-17f,-0.0871557427476581f,-0.9961946980917455f,-4.785804791666667f,0f,0f,0f,1f], start_interpolation: 0, interpolation_duration: 1 }