# This file was generated by Animated Java via MC-Build. It is not recommended to edit this file directly.
$data merge entity $(bone_neck) { transformation: [-0.989125220526026f,-0.10336052813584902f,0.6775169413004143f,0.46754990942326924f,-0.14720938529781905f,1.193874437765561f,-0.032780026486481935f,3.7375047453703703f,-0.6693593962930744f,-0.10982592808483142f,-0.9939706084793085f,-0.40496647895166915f,0f,0f,0f,1f], start_interpolation: 0, interpolation_duration: 1 }
$data merge entity $(bone_right_thumb_2) { transformation: [0.9084049507182487f,0.34061280864290144f,0.2424527997342375f,-0.11856550917856157f,0.4159914225049902f,-0.6782969498271959f,-0.6056933087441176f,3.276496722705191f,-0.04185190453074854f,0.6510730853318364f,-0.757860314070893f,-6.175214674515379f,0f,0f,0f,1f], start_interpolation: 0, interpolation_duration: 1 }
$data merge entity $(bone_right_thumb) { transformation: [0.9084049507182487f,0.34061280864290144f,0.2424527997342375f,0.173922711329822f,0.4159914225049902f,-0.6782969498271959f,-0.6056933087441176f,3.1849166658676706f,-0.04185190453074854f,0.6510730853318364f,-0.757860314070893f,-5.952749185213265f,0f,0f,0f,1f], start_interpolation: 0, interpolation_duration: 1 }
$data merge entity $(bone_right_fingers_2) { transformation: [-0.8373787669950228f,-0.430784364505666f,0.3364842223393907f,-0.20117293852314294f,-0.501338406249089f,0.3599306098522914f,-0.7868352804183228f,3.2163627267593298f,0.21784536489335368f,-0.8275716207004727f,-0.5173669970201757f,-6.665277265486286f,0f,0f,0f,1f], start_interpolation: 0, interpolation_duration: 1 }
$data merge entity $(bone_right_fingers) { transformation: [-0.23343878592270806f,0.9122963889787066f,0.3364842223393907f,0.19274434780921895f,0.46255902465540666f,0.4085699330578035f,-0.7868352804183228f,3.411413378567347f,-0.8553043212428961f,-0.028034058884765095f,-0.5173669970201757f,-6.722042159116338f,0f,0f,0f,1f], start_interpolation: 0, interpolation_duration: 1 }
$data merge entity $(bone_right_hand) { transformation: [0.8833204293768434f,0.32637920761311434f,0.3364842223393907f,0.4187219323710074f,0.4541424246052639f,-0.4179053716604649f,-0.7868352804183228f,3.0718619597447354f,-0.11618811135034912f,0.8478394383225898f,-0.5173669970201757f,-6.04203250508072f,0f,0f,0f,1f], start_interpolation: 0, interpolation_duration: 1 }
$data merge entity $(bone_right_forearm) { transformation: [1.5160499147133402f,0.8469449467927876f,0.5577682985195044f,1.6182925415579712f,0.8951020150810913f,-0.6460219563735271f,-1.4519905564825815f,2.0217512428381355f,-0.4766692777271788f,1.4805973289922518f,-0.9525998691400113f,-3.8810179956990645f,0f,0f,0f,1f], start_interpolation: 0, interpolation_duration: 1 }
$data merge entity $(bone_right_bicep) { transformation: [1.1392648983875682f,-0.7290085857853682f,0.8250797107169026f,0.4666546399256862f,1.1000909602662845f,0.8020621538056947f,-0.8103275488692713f,3.2805008184764723f,-0.044832201885190374f,1.1555852799197877f,1.0829345734578513f,-2.0916074480525744f,0f,0f,0f,1f], start_interpolation: 0, interpolation_duration: 1 }
$data merge entity $(bone_right_shoulder) { transformation: [0.7663702251431436f,-0.40090294371545854f,0.5276044791329648f,0.03050361826882859f,0.6560850192815567f,0.5722448414319316f,-0.5181710794667169f,3.126991656444239f,-0.09296291817281986f,0.7336386370970815f,0.6924920394271478f,-1.904311513314808f,0f,0f,0f,1f], start_interpolation: 0, interpolation_duration: 1 }
$data merge entity $(bone_right_arm) { transformation: [-0.428924921464909f,-0.12203670420760496f,1.2523530995205452f,0.035617829907486576f,-0.015694563014096753f,1.3235313330841298f,0.1235974204528235f,3.2850581177378575f,-1.258187157677413f,0.025093514639065954f,-0.42847779765693883f,-1.8257404670518886f,0f,0f,0f,1f], start_interpolation: 0, interpolation_duration: 1 }
$data merge entity $(bone_left_thumb_2) { transformation: [-0.43861882671804603f,0.7993040710840337f,-0.4107633464623819f,-1.5534235240150347f,-0.6093026691793137f,-0.6004811411385381f,-0.5178538949046566f,2.3260419929857474f,-0.6605783694456311f,0.023138735606105992f,0.7504004375898927f,3.573274492480517f,0f,0f,0f,1f], start_interpolation: 0, interpolation_duration: 1 }
$data merge entity $(bone_left_thumb) { transformation: [-0.43861882671804603f,0.7993040710840337f,-0.4107633464623819f,-1.1952826463439608f,-0.6093026691793137f,-0.6004811411385381f,-0.5178538949046566f,2.296809097655141f,-0.6605783694456311f,0.023138735606105992f,0.7504004375898927f,3.6928893303917723f,0f,0f,0f,1f], start_interpolation: 0, interpolation_duration: 1 }
$data merge entity $(bone_left_fingers_2) { transformation: [0.39931077206084237f,-0.9098731648790482f,-0.1126131926070741f,-2.0179998830266657f,0.6256100476887724f,0.3602053425532986f,-0.6920001296437109f,2.2532118474986866f,0.6701962216746866f,0.20587116123693652f,0.7130596675061138f,3.8259269455126717f,0f,0f,0f,1f], start_interpolation: 0, interpolation_duration: 1 }
$data merge entity $(bone_left_fingers) { transformation: [0.8499685592317077f,0.5146568926658001f,-0.1126131926070741f,-1.8319597077620147f,-0.43878223325328114f,0.5732416352240567f,-0.6920001296437109f,2.5205129575139695f,-0.2915880657688821f,0.6375910213273338f,0.7130596675061138f,4.1265546357927105f,0f,0f,0f,1f], start_interpolation: 0, interpolation_duration: 1 }
$data merge entity $(bone_left_hand) { transformation: [-0.35924260665367913f,0.9264248584831433f,-0.1126131926070741f,-1.1091542923381144f,-0.6407265419151055f,-0.3325737798723736f,-0.6920001296437109f,2.2414747672220736f,-0.678538317304322f,-0.1764416689047401f,0.7130596675061138f,3.9578413164519572f,0f,0f,0f,1f], start_interpolation: 0, interpolation_duration: 1 }
$data merge entity $(bone_left_forearm) { transformation: [-0.411986747346169f,1.764909498032875f,-0.2054019118654353f,1.4600255198217171f,-1.2421327282340235f,-0.43684759106897053f,-1.2621802681315557f,1.490991548599837f,-1.2705124033611526f,-0.14521435040687086f,1.3005920140362566f,3.739264315598492f,0f,0f,0f,1f], start_interpolation: 0, interpolation_duration: 1 }
$data merge entity $(bone_left_bicep) { transformation: [-0.39495268172142695f,-0.0296505379946644f,1.5340364339484205f,1.3927888097986116f,-1.0784191713050602f,1.1321350673671962f,-0.25576715207916745f,3.2577184400181776f,-1.0914023208910026f,-1.1079375391770099f,-0.302406909841081f,2.0110091913072963f,0f,0f,0f,1f], start_interpolation: 0, interpolation_duration: 1 }
$data merge entity $(bone_left_shoulder) { transformation: [-0.3786478251611754f,0.014094669562213268f,0.9395957340566656f,1.2098807860237915f,-0.5967398768425698f,0.778927087995294f,-0.2521648065054415f,3.1701456173134295f,-0.7259065522183054f,-0.6476780917585095f,-0.2828175128407525f,1.555215159696783f,0f,0f,0f,1f], start_interpolation: 0, interpolation_duration: 1 }
$data merge entity $(bone_left_arm) { transformation: [-0.428924921464909f,-0.12203670420760496f,1.2523530995205452f,1.164739275408472f,-0.015694563014096753f,1.3235313330841298f,0.1235974204528235f,3.3263731982802995f,-1.258187157677413f,0.025093514639065954f,-0.42847779765693883f,1.4863685550482f,0f,0f,0f,1f], start_interpolation: 0, interpolation_duration: 1 }
$data merge entity $(bone_chest) { transformation: [-0.8493828414965772f,-0.2416643971926752f,2.479984680290561f,0.4433384926321448f,-0.031079314495022155f,2.620936085190196f,0.24475502105898292f,4.045510128060066f,-2.4915376319768674f,0.0496916819252936f,-0.8484974201290861f,-0.12544589633042014f,0f,0f,0f,1f], start_interpolation: 0, interpolation_duration: 1 }
$data merge entity $(bone_weist) { transformation: [-1.6163185150159405f,-0.22999111816622603f,1.0652501044875116f,0.5789656579482807f,-0.2173622933449859f,1.9352379091082452f,0.08801766931415217f,0.09413679502119554f,-1.0678985593106745f,-0.04579915113117478f,-1.6302252440405867f,0.2624923380552894f,0f,0f,0f,1f], start_interpolation: 0, interpolation_duration: 1 }
$data merge entity $(bone_right_cheek) { transformation: [-0.8595248290108242f,-0.10115059006383142f,0.5009846568944523f,0.5403402848497278f,-0.09735656219866234f,0.9946755659737109f,0.03379671954104688f,-1.820529426294876f,-0.5017357552644334f,-0.01972502432487512f,-0.8647960194777794f,-0.7337673373226499f,0f,0f,0f,1f], start_interpolation: 0, interpolation_duration: 1 }
$data merge entity $(bone_right_foot) { transformation: [-0.43718950309918225f,0.0030579834064538426f,1.09290753588487f,-1.1094092039159715f,0.04011962178304016f,1.1763581772080658f,0.012757340642378616f,-8.725286643208367f,-1.0921751916265259f,0.0419878855119632f,-0.43701403083008483f,-1.5952009725235576f,0f,0f,0f,1f], start_interpolation: 0, interpolation_duration: 1 }
$data merge entity $(bone_right_knee) { transformation: [-1.0648364803693744f,0.1393418669721692f,2.6988211876145662f,-0.8680273524390107f,0.6377951552184875f,2.831788950971451f,0.10543891914213414f,-5.193181460304225f,-2.626074884421313f,0.6312557879328683f,-1.0687261202697653f,-0.9072067619360659f,0f,0f,0f,1f], start_interpolation: 0, interpolation_duration: 1 }
$data merge entity $(bone_right_leg) { transformation: [-0.9076562867085656f,0.7101265553618573f,2.191322218092853f,0.10707691274263392f,0.5436504035488294f,2.3548029430093522f,-0.5379219843571649f,-1.901661550925927f,-2.238440757951542f,0.28396495893588347f,-1.0191955642451203f,-0.4464103814594207f,0f,0f,0f,1f], start_interpolation: 0, interpolation_duration: 1 }
$data merge entity $(bone_left_cheek) { transformation: [-0.8002309090783125f,-0.0987044944453536f,0.5915132415525326f,1.8660749369726033f,-0.0977685456765521f,0.9946382167899079f,0.03370651535362684f,-1.699401621684587f,-0.5916686603429232f,-0.030858393951719243f,-0.8055904392994812f,0.18543361641260495f,0f,0f,0f,1f], start_interpolation: 0, interpolation_duration: 1 }
$data merge entity $(bone_left_foot) { transformation: [-1.171624110504894f,-0.10109429460015446f,0.05165057753283854f,3.09222833262917f,-0.09939049784877435f,1.1722309936462239f,0.039836181407383146f,-8.732358945356715f,-0.05485770226277579f,0.03528931865375634f,-1.1753025956612047f,2.1749140446857744f,0f,0f,0f,1f], start_interpolation: 0, interpolation_duration: 1 }
$data merge entity $(bone_left_knee) { transformation: [-2.840853202328949f,-0.5845590217668163f,0.15739288872882742f,2.435823486258191f,-0.6041739112475852f,2.785299872849357f,-0.5603634461732636f,-5.281473298406828f,-0.038153064348453246f,-0.5807960544893567f,-2.8457246836797907f,1.3576691206907034f,0f,0f,0f,1f], start_interpolation: 0, interpolation_duration: 1 }
$data merge entity $(bone_left_leg) { transformation: [-2.4215157127370253f,-0.4814593113555148f,0.1856645023041055f,1.7090593588790277f,-0.5149919813218166f,2.310994967467961f,-0.723946298043612f,-2.04749488425926f,-0.03252130195713946f,-0.7466672048415505f,-2.3603904704671597f,0.3524514994504493f,0f,0f,0f,1f], start_interpolation: 0, interpolation_duration: 1 }
data modify entity @s data merge value {"locators":{"consume":{"posx":-1.9546086914749592,"posy":2.521954368896212,"posz":3.883541926395484,"roty":188.97457274829887,"rotx":-43.788645742000256}},"cameras":{}}