# This file was generated by Animated Java via MC-Build. It is not recommended to edit this file directly.
$data merge entity $(bone_neck) { transformation: [-0.9859255401830503f,-0.10101247532983233f,0.6825163847474659f,0.46906192525712664f,-0.14659813780828526f,1.193884502630628f,-0.035072592943940106f,3.735009375f,-0.6741966490662452f,-0.1118819941385044f,-0.9904658521027809f,-0.39888382393243005f,0f,0f,0f,1f], start_interpolation: 0, interpolation_duration: 1 }
$data merge entity $(bone_right_thumb_2) { transformation: [0.9145141225584393f,0.3128064280361361f,0.2565464055886205f,0.0801203109277232f,0.4031757147966271f,-0.6524040241001141f,-0.6417307319555506f,3.0908827578373455f,-0.033365590649594906f,0.6903050977048131f,-0.7227486488699597f,-6.163661515173745f,0f,0f,0f,1f], start_interpolation: 0, interpolation_duration: 1 }
$data merge entity $(bone_right_thumb) { transformation: [0.9145141225584393f,0.3128064280361361f,0.2565464055886205f,0.3648221432228738f,0.4031757147966271f,-0.6524040241001141f,-0.6417307319555506f,3.005964809562478f,-0.033365590649594906f,0.6903050977048131f,-0.7227486488699597f,-5.928797791654075f,0f,0f,0f,1f], start_interpolation: 0, interpolation_duration: 1 }
$data merge entity $(bone_right_fingers_2) { transformation: [-0.8516412393260229f,-0.3976743024517788f,0.34141228543906654f,0.011014509494329527f,-0.4797189669574394f,0.32902672130758226f,-0.8133948176665929f,3.0095862084422627f,0.21113245184130983f,-0.8565025194563493f,-0.47098463026345483f,-6.6537084426186075f,0f,0f,0f,1f], start_interpolation: 0, interpolation_duration: 1 }
$data merge entity $(bone_right_fingers) { transformation: [-0.20039438946812443f,0.9183026407568315f,0.34141228543906654f,0.4091671475448309f,0.42657940748347395f,0.39549826763739226f,-0.8133948176665929f,3.1969680710961854f,-0.8819705764824277f,-0.01736030745265768f,-0.47098463026345483f,-6.706626801935466f,0f,0f,0f,1f], start_interpolation: 0, interpolation_duration: 1 }
$data merge entity $(bone_right_hand) { transformation: [0.8921187997122382f,0.2959082603633572f,0.34141228543906654f,0.6106677763375934f,0.4381885857702824f,-0.38259591463287995f,-0.8133948176665929f,2.8861532437050545f,-0.1100672998698302f,0.8752477749500205f,-0.47098463026345483f,-6.005509262573904f,0f,0f,0f,1f], start_interpolation: 0, interpolation_duration: 1 }
$data merge entity $(bone_right_forearm) { transformation: [1.540891220413564f,0.7933460099780413f,0.5684055919304665f,1.7306929355058283f,0.8557637729045962f,-0.5876132819770739f,-1.4997358292251772f,1.92181466315983f,-0.46920269976844114f,1.533669228005035f,-0.8686403670299653f,-3.7633494513990846f,0f,0f,0f,1f], start_interpolation: 0, interpolation_duration: 1 }
$data merge entity $(bone_right_bicep) { transformation: [1.1481820887341512f,-0.767055105841904f,0.7768133054958916f,0.5202808653756599f,1.089978641806896f,0.868779491346065f,-0.7531954007458977f,3.2839673000988987f,-0.06131074455902953f,1.0802699736185601f,1.1573211881682972f,-2.0923757015043236f,0f,0f,0f,1f], start_interpolation: 0, interpolation_duration: 1 }
$data merge entity $(bone_right_shoulder) { transformation: [0.7741711303755417f,-0.42464256840522024f,0.4967401017213261f,0.07612877814972902f,0.6459248904908185f,0.6141818994211745f,-0.4816374247654168f,3.14336245213609f,-0.09926265866034413f,0.6847424787381429f,0.740059214572769f,-1.913961173419704f,0f,0f,0f,1f], start_interpolation: 0, interpolation_duration: 1 }
$data merge entity $(bone_right_arm) { transformation: [-0.3940570779484233f,-0.11002308773958776f,1.2648603760056862f,0.08057697243197409f,-0.016410743939381356f,1.3247123628831858f,0.1101166400416f,3.3016705023998547f,-1.2695304400085707f,0.017026658361000133f,-0.39403094561588886f,-1.835837262568194f,0f,0f,0f,1f], start_interpolation: 0, interpolation_duration: 1 }
$data merge entity $(bone_left_thumb_2) { transformation: [-0.42509798225103257f,0.7870041927872247f,-0.4471197893422178f,-1.6884027519665792f,-0.6065631175463885f,-0.6143383464655335f,-0.5046479768060108f,2.4095194942833738f,-0.6718429056844363f,0.05668153665279929f,0.738521708201032f,3.4985095915001194f,0f,0f,0f,1f], start_interpolation: 0, interpolation_duration: 1 }
$data merge entity $(bone_left_thumb) { transformation: [-0.42509798225103257f,0.7870041927872247f,-0.4471197893422178f,-1.3354495642817459f,-0.6065631175463885f,-0.6143383464655335f,-0.5046479768060108f,2.3748826978942823f,-0.6718429056844363f,0.05668153665279929f,0.738521708201032f,3.6313685374389184f,0f,0f,0f,1f], start_interpolation: 0, interpolation_duration: 1 }
$data merge entity $(bone_left_fingers_2) { transformation: [0.38576456269950543f,-0.9101590905960076f,-0.1509838798372431f,-2.163124907777086f,0.6236381091981095f,0.3778463512248499f,-0.6843300692077426f,2.3468924950349583f,0.6798979415478955f,0.16983098854895398f,0.7133696267766232f,3.7344871735181986f,0f,0f,0f,1f], start_interpolation: 0, interpolation_duration: 1 }
$data merge entity $(bone_left_fingers) { transformation: [0.8520201739414727f,0.5012638937985012f,-0.1509838798372431f,-1.983406388226682f,-0.45601493102766316f,0.5689839532517252f,-0.6843300692077426f,2.6131890039286474f,-0.2571225503073926f,0.6519139281500304f,0.7133696267766232f,4.039815294517002f,0f,0f,0f,1f], start_interpolation: 0, interpolation_duration: 1 }
$data merge entity $(bone_left_hand) { transformation: [-0.34569681837745414f,0.926119634708712f,-0.1509838798372431f,-1.260057384607273f,-0.6395259702636995f,-0.3502840129614819f,-0.6843300692077426f,2.320095214967951f,-0.6866587530367458f,-0.14001261539804868f,0.7133696267766232f,3.899685304272446f,0f,0f,0f,1f], start_interpolation: 0, interpolation_duration: 1 }
$data merge entity $(bone_left_forearm) { transformation: [-0.3880796448725012f,1.7607907109972565f,-0.275388494557988f,1.3013064174988038f,-1.2443638150840932f,-0.4694763177310774f,-1.2481903878946254f,1.5220804485439199f,-1.275845385059843f,-0.07769569350324444f,1.3011573672181451f,3.780212379409896f,0f,0f,0f,1f], start_interpolation: 0, interpolation_duration: 1 }
$data merge entity $(bone_left_bicep) { transformation: [-0.3770225175417668f,0.030632642367884353f,1.5385220890099482f,1.3281349764657209f,-1.0793275439606838f,1.123784861400393f,-0.2868696463877001f,3.276175645587435f,-1.096832088333384f,-1.1163797662051955f,-0.24655657260224548f,2.038046851451416f,0f,0f,0f,1f], start_interpolation: 0, interpolation_duration: 1 }
$data merge entity $(bone_left_shoulder) { transformation: [-0.36433681335867546f,0.05153847767942333f,0.9439361474257533f,1.159632900356882f,-0.5951928347767691f,0.7734317302385196f,-0.27195923730861515f,3.1884856327661133f,-0.7344502396547226f,-0.6523496935276184f,-0.24786226314706125f,1.5767551263057547f,0f,0f,0f,1f], start_interpolation: 0, interpolation_duration: 1 }
$data merge entity $(bone_left_arm) { transformation: [-0.3940570779484233f,-0.11002308773958776f,1.2648603760056862f,1.1179107229247613f,-0.016410743939381356f,1.3247123628831858f,0.1101166400416f,3.344870890139733f,-1.2695304400085707f,0.017026658361000133f,-0.39403094561588886f,1.5061323311646628f,0f,0f,0f,1f], start_interpolation: 0, interpolation_duration: 1 }
$data merge entity $(bone_chest) { transformation: [-0.7803354476036263f,-0.21787431370346175f,2.5047523389382564f,0.44832038967360016f,-0.03249753889491553f,2.6232748311954137f,0.21805957157992253f,4.06467845491896f,-2.514000279624924f,0.03371720955374918f,-0.7802836987922322f,-0.1275900118727104f,0f,0f,0f,1f], start_interpolation: 0, interpolation_duration: 1 }
$data merge entity $(bone_weist) { transformation: [-1.596712663056353f,-0.21108866109639307f,1.098221057128919f,0.5394424049243509f,-0.207568863964882f,1.9370286528143017f,0.07052947198214184f,0.11408569722696482f,-1.098891750754894f,-0.05916770117457278f,-1.6090603919026467f,0.2807672580869328f,0f,0f,0f,1f], start_interpolation: 0, interpolation_duration: 1 }
$data merge entity $(bone_right_cheek) { transformation: [-0.8495482869650317f,-0.09884355845305554f,0.5181675974693106f,0.5204308393659292f,-0.09662052175081565f,0.9948272107565211f,0.031357543191402826f,-1.7987869772588743f,-0.5185867168481857f,-0.023425876520163244f,-0.8547040689138447f,-0.7013250491797474f,0f,0f,0f,1f], start_interpolation: 0, interpolation_duration: 1 }
$data merge entity $(bone_right_foot) { transformation: [-0.4323950723692273f,0.0014710305913922766f,1.0948165290752476f,-1.1323120001737714f,0.03979780699713637f,1.1763533319904564f,0.014137459097455153f,-8.69913948891921f,-1.0940939314453728f,0.042208639643001034f,-0.4321663971093287f,-1.5716276803089955f,0f,0f,0f,1f], start_interpolation: 0, interpolation_duration: 1 }
$data merge entity $(bone_right_knee) { transformation: [-1.052548913027364f,0.13741245125962148f,2.703735803006233f,-0.8928811547157058f,0.6391364861353697f,2.83150630677902f,0.10490603078561055f,-5.167373242980178f,-2.630698391361023f,0.6329443430851415f,-1.0562841098781484f,-0.8812159847159928f,0f,0f,0f,1f], start_interpolation: 0, interpolation_duration: 1 }
$data merge entity $(bone_right_leg) { transformation: [-0.8971824834984599f,0.7096222161347572f,2.195794303802292f,0.08122506089078202f,0.5447937410111621f,2.3544526660179663f,-0.5382983802455803f,-1.8763606250000002f,-2.242381790417872f,0.288100115911029f,-1.0093240075186227f,-0.4147205666446059f,0f,0f,0f,1f], start_interpolation: 0, interpolation_duration: 1 }
$data merge entity $(bone_left_cheek) { transformation: [-0.791805012015351f,-0.09524823271804185f,0.6033014148097613f,1.8410790230299647f,-0.09492675731124076f,0.9949537699848823f,0.03249471248130539f,-1.6764304789764404f,-0.6033520810387106f,-0.031539970782479054f,-0.7968509876691487f,0.23328379939172134f,0f,0f,0f,1f], start_interpolation: 0, interpolation_duration: 1 }
$data merge entity $(bone_left_foot) { transformation: [-1.1715907632245317f,-0.10170734278300801f,0.051201511965389544f,3.069653873752673f,-0.1000499545671004f,1.1721986214843296f,0.03913174233178412f,-8.717351208185935f,-0.05436897088085611f,0.034596287240391654f,-1.1753459094203287f,2.188396998414323f,0f,0f,0f,1f], start_interpolation: 0, interpolation_duration: 1 }
$data merge entity $(bone_left_knee) { transformation: [-2.8406817773612056f,-0.5859042536388519f,0.15547325773234363f,2.41151011084948f,-0.6049934512263921f,2.7868941386502386f,-0.5514822503618311f,-5.264164953242448f,-0.03792956993148143f,-0.5717219202189734f,-2.847564587889091f,1.3823450072371073f,0f,0f,0f,1f], start_interpolation: 0, interpolation_duration: 1 }
$data merge entity $(bone_left_leg) { transformation: [-2.4213695917573825f,-0.48257332799465663f,0.18467540756665418f,1.683207507027176f,-0.5156905492500257f,2.312369913574658f,-0.7190419759290814f,-2.0283606250000004f,-0.032330797484059835f,-0.7416745167807455f,-2.3619666283906624f,0.3841413142652641f,0f,0f,0f,1f], start_interpolation: 0, interpolation_duration: 1 }
data modify entity @s data merge value {"locators":{"consume":{"posx":-2.0970584207679908,"posy":2.614910815323551,"posz":3.7924688195756318,"roty":191.9502323813545,"rotx":-43.18294364128825}},"cameras":{}}