# This file was generated by Animated Java via MC-Build. It is not recommended to edit this file directly.
$data merge entity $(bone_neck) { transformation: [-0.9914207098483744f,-0.09720038238831645f,0.6750691580523885f,0.4559077997907384f,-0.14463430172222227f,1.1939522233975213f,-0.040500782902198725f,3.732875115740741f,-0.6665187178581866f,-0.11450537242387768f,-0.9953505035096926f,-0.39824956940994793f,0f,0f,0f,1f], start_interpolation: 0, interpolation_duration: 1 }
$data merge entity $(bone_right_thumb_2) { transformation: [0.8791256181384034f,0.3835755384380448f,0.2828567726690221f,0.21526746000881375f,0.47121302818508104f,-0.6106649843132714f,-0.6364326822235941f,2.9983043113390275f,-0.07138928211865293f,0.6927900715553282f,-0.717597022814997f,-6.096131719636502f,0f,0f,0f,1f], start_interpolation: 0, interpolation_duration: 1 }
$data merge entity $(bone_right_thumb) { transformation: [0.8791256181384034f,0.3835755384380448f,0.2828567726690221f,0.5128304020105283f,0.47121302818508104f,-0.6106649843132714f,-0.6364326822235941f,2.9408111836932234f,-0.07138928211865293f,0.6927900715553282f,-0.717597022814997f,-5.869023825238838f,0f,0f,0f,1f], start_interpolation: 0, interpolation_duration: 1 }
$data merge entity $(bone_right_fingers_2) { transformation: [-0.8381965768559146f,-0.37846030881608966f,0.3926758118319203f,0.13773628953345562f,-0.5138841872280877f,0.306988697106735f,-0.801049924764766f,2.895839924468065f,0.18261856604396784f,-0.8732271952358907f,-0.45180164324236954f,-6.5971044801711916f,0f,0f,0f,1f], start_interpolation: 0, interpolation_duration: 1 }
$data merge entity $(bone_right_fingers) { transformation: [-0.22427777708223312f,0.8919109739818181f,0.3926758118319203f,0.5235739905352113f,0.3930212449371665f,0.4515011838992261f,-0.801049924764766f,3.106432703689516f,-0.8917588125357061f,-0.02532776003523772f,-0.45180164324236954f,-6.653830031878341f,0f,0f,0f,1f], start_interpolation: 0, interpolation_duration: 1 }
$data merge entity $(bone_right_hand) { transformation: [0.8522411521996407f,0.34567430523481474f,0.3926758118319203f,0.7653978279271192f,0.5015941212100068f,-0.32668387716862307f,-0.801049924764766f,2.8376741832752836f,-0.14862151952187244f,0.8796515896072177f,-0.45180164324236954f,-5.948093357399627f,0f,0f,0f,1f], start_interpolation: 0, interpolation_duration: 1 }
$data merge entity $(bone_right_forearm) { transformation: [1.458613441370007f,0.8512119480733605f,0.6889946369496712f,1.979194903960411f,0.9694012944835199f,-0.46976417400351006f,-1.4718734024059215f,2.0426584365307843f,-0.509447269638311f,1.5432395802056995f,-0.8280722427289268f,-3.688373796350815f,0f,0f,0f,1f], start_interpolation: 0, interpolation_duration: 1 }
$data merge entity $(bone_right_bicep) { transformation: [1.035673458252736f,-0.877220375173565f,0.8173123375642115f,0.596688269821895f,1.1916371057000592f,0.8723363790728178f,-0.5737288610035389f,3.407742595756404f,-0.13234822278032818f,0.9897717974411993f,1.230028573977212f,-2.1593443317987107f,0f,0f,0f,1f], start_interpolation: 0, interpolation_duration: 1 }
$data merge entity $(bone_right_shoulder) { transformation: [0.7086400545198147f,-0.5010910380851966f,0.5226375640419415f,0.1641768342776631f,0.7104856862609148f,0.6221134084617185f,-0.36687596718419724f,3.2380840052715434f,-0.13947165093792835f,0.6231337394409673f,0.7865525920253558f,-1.9776237647524595f,0f,0f,0f,1f], start_interpolation: 0, interpolation_duration: 1 }
$data merge entity $(bone_right_arm) { transformation: [-0.30830249859574216f,-0.07679866922214049f,1.2908560590056433f,0.1674460334646049f,-0.016686371114914115f,1.3271617808186102f,0.074973354330987f,3.3968536380034924f,-1.2930309221688736f,0.0011845869882021018f,-0.30875145728405795f,-1.9003833173414049f,0f,0f,0f,1f], start_interpolation: 0, interpolation_duration: 1 }
$data merge entity $(bone_left_thumb_2) { transformation: [-0.37180157522480883f,0.756908465530238f,-0.5374506149117435f,-2.0698976416001083f,-0.5989191689629293f,-0.6379285256789211f,-0.4840898936911122f,2.625197229717241f,-0.7092668170083142f,0.14190409061679105f,0.6905098198846388f,3.207337661628728f,0f,0f,0f,1f], start_interpolation: 0, interpolation_duration: 1 }
$data merge entity $(bone_left_thumb) { transformation: [-0.37180157522480883f,0.756908465530238f,-0.5374506149117435f,-1.7339922555684815f,-0.5989191689629293f,-0.6379285256789211f,-0.4840898936911122f,2.58079160213917f,-0.7092668170083142f,0.14190409061679105f,0.6905098198846388f,3.3765206151178275f,0f,0f,0f,1f], start_interpolation: 0, interpolation_duration: 1 }
$data merge entity $(bone_left_fingers_2) { transformation: [0.33240485097202693f,-0.910446074893364f,-0.2461604350043503f,-2.5683765079829857f,0.6172750695473038f,0.40735078065867014f,-0.67308010668281f,2.579377741730226f,0.7130767865844714f,0.0717863929170305f,0.6974010397370554f,3.3927778939344093f,0f,0f,0f,1f], start_interpolation: 0, interpolation_duration: 1 }
$data merge entity $(bone_left_fingers) { transformation: [0.8592695430381291f,0.44839814076946577f,-0.2461604350043503f,-2.413096344604745f,-0.48443640264102555f,0.5588242494595944f,-0.67308010668281f,2.842622969567948f,-0.1642474480875323f,0.6976063113034511f,0.6974010397370554f,3.7137574248595264f,0f,0f,0f,1f], start_interpolation: 0, interpolation_duration: 1 }
$data merge entity $(bone_left_hand) { transformation: [-0.2923753751927621f,0.9240788279250643f,-0.2461604350043503f,-1.6887532345012237f,-0.6344559519531744f,-0.38003791260747694f,-0.67308010668281f,2.5260318827698547f,-0.7155293739687304f,-0.04061409560227824f,0.6974010397370554f,3.651537597344269f,0f,0f,0f,1f], start_interpolation: 0, interpolation_duration: 1 }
$data merge entity $(bone_left_forearm) { transformation: [-0.3002763701467668f,1.7421462683538644f,-0.44898668446368684f,0.8421227213139961f,-1.240384148346813f,-0.530188514216554f,-1.2276709109351338f,1.6397213316415364f,-1.303115431454536f,0.10322345027683953f,1.2720313098550329f,3.7957817555633406f,0f,0f,0f,1f], start_interpolation: 0, interpolation_duration: 1 }
$data merge entity $(bone_left_bicep) { transformation: [-0.3431300538517304f,0.20579567240657026f,1.5329854739187658f,1.1424590164322943f,-1.0668544320881839f,1.1054566211001364f,-0.3871974115140422f,3.366547443939674f,-1.1199187214976871f,-1.1161309761708542f,-0.100837776425252f,2.052055817695198f,0f,0f,0f,1f], start_interpolation: 0, interpolation_duration: 1 }
$data merge entity $(bone_left_shoulder) { transformation: [-0.33270852354790703f,0.16120875956587993f,0.9432548716357858f,1.0118891247265451f,-0.5799944961725331f,0.7603371243290225f,-0.3345247680568399f,3.2839650537273055f,-0.7611336291578386f,-0.6498555007639341f,-0.15740522659275083f,1.5777097458276068f,0f,0f,0f,1f], start_interpolation: 0, interpolation_duration: 1 }
$data merge entity $(bone_left_arm) { transformation: [-0.30830249859574216f,-0.07679866922214049f,1.2908560590056433f,0.9790355342030679f,-0.016686371114914115f,1.3271617808186102f,0.074973354330987f,3.440779599239529f,-1.2930309221688736f,0.0011845869882021018f,-0.30875145728405795f,1.50345001304771f,0f,0f,0f,1f], start_interpolation: 0, interpolation_duration: 1 }
$data merge entity $(bone_chest) { transformation: [-0.6105190889897258f,-0.15208132850912953f,2.556230548732495f,0.4392827652830954f,-0.03304335235044552f,2.6281253154221123f,0.14846673054270942f,4.164074142553446f,-2.56053734314104f,0.0023457901644012764f,-0.6114081438972698f,-0.17614362557202023f,0f,0f,0f,1f], start_interpolation: 0, interpolation_duration: 1 }
$data merge entity $(bone_weist) { transformation: [-1.5341913425757605f,-0.15697742107351667f,1.1923733707056838f,0.4035300807374069f,-0.17577942474297642f,1.9412307318294117f,0.02939525756673933f,0.2158635931978512f,-1.1897469309613513f,-0.08438350907312687f,-1.5419211734696074f,0.2627153748206753f,0f,0f,0f,1f], start_interpolation: 0, interpolation_duration: 1 }
$data merge entity $(bone_right_cheek) { transformation: [-0.8169201138986673f,-0.09002772234686862f,0.5696810833412179f,0.4276013063250854f,-0.08777551037835912f,0.995642945715681f,0.031473551188582416f,-1.6678558673421808f,-0.5700324440640262f,-0.024292670821399714f,-0.8212629778936562f,-0.6880689260829957f,0f,0f,0f,1f], start_interpolation: 0, interpolation_duration: 1 }
$data merge entity $(bone_right_foot) { transformation: [-0.42106213386225444f,-0.000525892085184646f,1.099225771960175f,-1.223667937145159f,0.043327689580004894f,1.1761884018824114f,0.01715952999125777f,-8.548925866236306f,-1.0983716518645164f,0.046598944101523154f,-0.42071266639548593f,-1.6311077544160253f,0f,0f,0f,1f], start_interpolation: 0, interpolation_duration: 1 }
$data merge entity $(bone_right_knee) { transformation: [-1.0218790083146114f,0.13440017340382263f,2.7156267369226197f,-0.986881486353776f,0.6613605418982716f,2.826243366094933f,0.10899246652147353f,-5.023053216912456f,-2.6372891791610558f,0.6566686512446229f,-1.0249003641752679f,-0.9103286671817415f,0f,0f,0f,1f], start_interpolation: 0, interpolation_duration: 1 }
$data merge entity $(bone_right_leg) { transformation: [-0.8710397542264253f,0.7097653863241494f,2.2062492075629994f,-0.0132934576277364f,0.5637373105650173f,2.3510209742658246f,-0.5337727476915209f,-1.737309699074074f,-2.2479997140064656f,0.3145571456466465f,-0.988718266691045f,-0.4070585296075687f,0f,0f,0f,1f], start_interpolation: 0, interpolation_duration: 1 }
$data merge entity $(bone_left_cheek) { transformation: [-0.7684753369484227f,-0.09072835795730257f,0.6334145732175569f,1.7449892653096726f,-0.08803815411350166f,0.9954743515702242f,0.03577846819148364f,-1.535959239991258f,-0.6337940832181185f,-0.02826977941571629f,-0.7729850449067507f,0.2923703919046338f,0f,0f,0f,1f], start_interpolation: 0, interpolation_duration: 1 }
$data merge entity $(bone_left_foot) { transformation: [-1.1718989789284877f,-0.09945151647443662f,0.048508493419866086f,2.9679777658703785f,-0.09802509516642578f,1.1724806378813273f,0.03565290153089538f,-8.616971651496868f,-0.05132990142736978f,0.031455437382007706f,-1.1755707939359186f,2.0950152731585714f,0f,0f,0f,1f], start_interpolation: 0, interpolation_duration: 1 }
$data merge entity $(bone_left_knee) { transformation: [-2.841721866666754f,-0.5846703466682406f,0.14037844125393337f,2.310872236921665f,-0.5999576693263298f,2.8021454467468274f,-0.4742998828026077f,-5.142331475857643f,-0.039953924194790574f,-0.4930214696510574f,-2.8622128158015387f,1.3861737463568398f,0f,0f,0f,1f], start_interpolation: 0, interpolation_duration: 1 }
$data merge entity $(bone_left_leg) { transformation: [-2.4222561537923273f,-0.47818786330595264f,0.18445654160574412f,1.5886889885086575f,-0.5113980976066528f,2.314162601885585f,-0.7163352293008475f,-1.903976365740741f,-0.03405633742140351f,-0.7389184950724192f,-2.362806032339602f,0.39180335130230126f,0f,0f,0f,1f], start_interpolation: 0, interpolation_duration: 1 }
data modify entity @s data merge value {"locators":{"consume":{"posx":-2.5002377203531374,"posy":2.8457135169389036,"posz":3.455887579877998,"roty":199.44141495447417,"rotx":-42.30523634634642}},"cameras":{}}
execute on vehicle unless entity @s[tag=aj.transforms_only] at @s run function animated_java:armor/animations/rocket/zzz/frames/zzz/3