# This file was generated by Animated Java via MC-Build. It is not recommended to edit this file directly.
$data merge entity $(bone_neck) { transformation: [-1.022166177686062f,-0.1089015962068589f,0.6256181374804557f,0.4198606335697588f,-0.14619037821316797f,1.1940470575824138f,-0.03100490288520707f,3.73850474537037f,-0.6179692426964364f,-0.10233949886836691f,-1.0274833081168835f,-0.40948969402369023f,0f,0f,0f,1f], start_interpolation: 0, interpolation_duration: 1 }
$data merge entity $(bone_right_thumb_2) { transformation: [0.7554517945134155f,0.6299542649974643f,0.18013941872328876f,-0.9314629362380631f,0.6090819023346944f,-0.5738798050023183f,-0.5474314620652069f,3.253026390853209f,-0.24147840983162305f,0.5232777402317104f,-0.8172322706325201f,-6.09813381835034f,0f,0f,0f,1f], start_interpolation: 0, interpolation_duration: 1 }
$data merge entity $(bone_right_thumb) { transformation: [0.7554517945134155f,0.6299542649974643f,0.18013941872328876f,-0.5810247239092405f,0.6090819023346944f,-0.5738798050023183f,-0.5474314620652069f,3.233149454855158f,-0.24147840983162305f,0.5232777402317104f,-0.8172322706325201f,-5.955918746603139f,0f,0f,0f,1f], start_interpolation: 0, interpolation_duration: 1 }
$data merge entity $(bone_right_fingers_2) { transformation: [-0.7289770142818811f,-0.5665178221153281f,0.3842526120592801f,-1.1200978406859294f,-0.6253828750335875f,0.3228946432298616f,-0.7103768781345463f,3.159537259602914f,0.2783680518008457f,-0.7581534189062038f,-0.5896733173015679f,-6.587674866180011f,0f,0f,0f,1f], start_interpolation: 0, interpolation_duration: 1 }
$data merge entity $(bone_right_fingers) { transformation: [-0.4644281166702954f,0.7979075476342499f,0.3842526120592801f,-0.7869974859945025f,0.40327633348999453f,0.5768300355032511f,-0.7103768781345463f,3.4266021418197354f,-0.7884635205847819f,-0.17495901111293183f,-0.5896733173015679f,-6.706663692470449f,0f,0f,0f,1f], start_interpolation: 0, interpolation_duration: 1 }
$data merge entity $(bone_right_hand) { transformation: [0.7063235175230307f,0.5945225132150277f,0.3842526120592801f,-0.3430618781256838f,0.6375023411980282f,-0.29825401251089306f,-0.7103768781345463f,3.1750183433590107f,-0.3077301635539244f,0.746717835130271f,-0.5896733173015679f,-6.099703287873341f,0f,0f,0f,1f], start_interpolation: 0, interpolation_duration: 1 }
$data merge entity $(bone_right_forearm) { transformation: [1.1354502064959964f,1.2443336886481653f,0.6994391049240484f,1.4641749446294536f,1.2230498784675397f,-0.3872437250522856f,-1.2965414971460305f,2.4969769818540923f,-0.7360233589922537f,1.276128727964536f,-1.0754504387998918f,-4.232662620798362f,0f,0f,0f,1f], start_interpolation: 0, interpolation_duration: 1 }
$data merge entity $(bone_right_bicep) { transformation: [0.8043146814947177f,-0.7153273022205155f,1.1625486225158395f,0.33053460454904315f,1.3353067895675008f,0.6922314070561075f,-0.4979016094607052f,3.5796068148641713f,-0.28313994199068687f,1.2325814722226465f,0.9543108735975241f,-2.3207309581354014f,0f,0f,0f,1f], start_interpolation: 0, interpolation_duration: 1 }
$data merge entity $(bone_right_shoulder) { transformation: [0.5522359158926536f,-0.41085523282272f,0.7434019434513405f,-0.017803011686731443f,0.8120446346629993f,0.515389026834052f,-0.3183875641430176f,3.3408669256338106f,-0.24906220745042199f,0.7694056845046552f,0.6102424830661051f,-2.055143469546601f,0f,0f,0f,1f], start_interpolation: 0, interpolation_duration: 1 }
$data merge entity $(bone_right_arm) { transformation: [-0.38387636703463895f,-0.08880082956316335f,1.2696500221743905f,-0.011443722699560288f,-0.014923344926044795f,1.3263657426524942f,0.08825554826958207f,3.499380378347391f,-1.2726641583366582f,0.011232127716521422f,-0.38400209725788526f,-1.9775701789768512f,0f,0f,0f,1f], start_interpolation: 0, interpolation_duration: 1 }
$data merge entity $(bone_left_thumb_2) { transformation: [-0.3822029588215963f,0.804396714618656f,-0.4548261467623976f,-1.9220685191886624f,-0.6019575215367491f,-0.5901656978545642f,-0.5379141114910164f,2.490780862167119f,-0.7011191343369199f,0.06819365503144587f,0.7097757285791761f,3.277315563250848f,0f,0f,0f,1f], start_interpolation: 0, interpolation_duration: 1 }
$data merge entity $(bone_left_thumb) { transformation: [-0.3822029588215963f,0.804396714618656f,-0.4548261467623976f,-1.572821312426395f,-0.6019575215367491f,-0.5901656978545642f,-0.5379141114910164f,2.463953967114039f,-0.7011191343369199f,0.06819365503144587f,0.7097757285791761f,3.42130815385022f,0f,0f,0f,1f], start_interpolation: 0, interpolation_duration: 1 }
$data merge entity $(bone_left_fingers_2) { transformation: [0.3420824980382899f,-0.9272493257047925f,-0.1522768942285438f,-2.4021239253771713f,0.6175498006519414f,0.34398714537490627f,-0.7073224777508279f,2.40684051800709f,0.7082455847025316f,0.14792407443290195f,0.6902946182265499f,3.495190552817842f,0f,0f,0f,1f], start_interpolation: 0, interpolation_duration: 1 }
$data merge entity $(bone_left_fingers) { transformation: [0.8746658532882862f,0.46018625856883566f,-0.1522768942285438f,-2.2415775130051747f,-0.42165071164594636f,0.5673672442403568f,-0.7073224777508279f,2.670621638305481f,-0.23910316279786287f,0.6828784793706127f,0.6902946182265499f,3.8131248360268444f,0f,0f,0f,1f], start_interpolation: 0, interpolation_duration: 1 }
$data merge entity $(bone_left_hand) { transformation: [-0.30131086377726835f,0.9412882188011841f,-0.1522768942285438f,-1.504709417893714f,-0.6319665386223574f,-0.3167226018617967f,-0.7073224777508279f,2.4045668740312776f,-0.714023849343615f,-0.11689004498240399f,0.6902946182265499f,3.6905914236681148f,0f,0f,0f,1f], start_interpolation: 0, interpolation_duration: 1 }
$data merge entity $(bone_left_forearm) { transformation: [-0.3202987702725993f,1.7740050503398044f,-0.2777469005483888f,1.0790829320378266f,-1.2183382554227304f,-0.4219611383485744f,-1.290127611800701f,1.6759294169202328f,-1.3190485793816944f,-0.041029754154162504f,1.2590694842377403f,3.6213785457095025f,0f,0f,0f,1f], start_interpolation: 0, interpolation_duration: 1 }
$data merge entity $(bone_left_bicep) { transformation: [-0.4011957944147729f,0.09224797298557452f,1.5299237895749773f,1.202098415227923f,-1.0458951232710085f,1.139562915508044f,-0.3429785832967348f,3.455469344191679f,-1.1203927354036745f,-1.0968232441749064f,-0.22766959695096026f,1.909416134668751f,0f,0f,0f,1f], start_interpolation: 0, interpolation_duration: 1 }
$data merge entity $(bone_left_shoulder) { transformation: [-0.37545515315652234f,0.09206217493034718f,0.9364672779025155f,1.0377081042800196f,-0.568533007993323f,0.7812272530480611f,-0.3047411632580761f,3.3819003358917152f,-0.7498110598391551f,-0.6384524365282942f,-0.2378546604563553f,1.4441893401118766f,0f,0f,0f,1f], start_interpolation: 0, interpolation_duration: 1 }
$data merge entity $(bone_left_arm) { transformation: [-0.38387636703463895f,-0.08880082956316335f,1.2696500221743905f,0.9990898619648109f,-0.014923344926044795f,1.3263657426524942f,0.08825554826958207f,3.5386652693652803f,-1.2726641583366582f,0.011232127716521422f,-0.38400209725788526f,1.3726487572197605f,0f,0f,0f,1f], start_interpolation: 0, interpolation_duration: 1 }
$data merge entity $(bone_chest) { transformation: [-0.7601749935668868f,-0.17584872588892844f,2.514237083398063f,0.3545649838313679f,-0.029552102206200363f,2.6265489529268624f,0.1747689271843552f,4.262898700219546f,-2.5202058565097323f,0.022242532616962754f,-0.7604239720918888f,-0.2691784133242211f,0f,0f,0f,1f], start_interpolation: 0, interpolation_duration: 1 }
$data merge entity $(bone_weist) { transformation: [-1.546945371317443f,-0.17264769325103413f,1.173580859465582f,0.35444824756987214f,-0.17608659737008658f,1.940691133586121f,0.05339172010884545f,0.31055735133909423f,-1.1730698060710205f,-0.06363913548008879f,-1.5556338039683968f,0.1323684295511694f,0f,0f,0f,1f], start_interpolation: 0, interpolation_duration: 1 }
$data merge entity $(bone_right_cheek) { transformation: [-0.8224132307544005f,-0.08525701012281975f,0.5624657501617559f,0.3002303053621992f,-0.06784001127112757f,0.9963489706194679f,0.051831087353635535f,-1.528598724793522f,-0.564831134721558f,0.004468889173420171f,-0.8251944124136523f,-0.8571555310583514f,0f,0f,0f,1f], start_interpolation: 0, interpolation_duration: 1 }
$data merge entity $(bone_right_foot) { transformation: [-0.4407440875049176f,0.008688765561692862f,1.091448601427953f,-1.3381009847761038f,0.05121145063129028f,1.1759422484780497f,0.011318588480495571f,-8.394378016519376f,-1.0902811249995386f,0.051722610857977996f,-0.4406843937245085f,-1.9575704015650561f,0f,0f,0f,1f], start_interpolation: 0, interpolation_duration: 1 }
$data merge entity $(bone_right_knee) { transformation: [-1.0657908675557701f,0.14893514179647596f,2.6979319559074892f,-1.084865809237643f,0.7292611363312631f,2.8084522975719146f,0.13305102718090958f,-4.888239797187369f,-2.601767996998499f,0.7261836574415067f,-1.067890103893337f,-1.15119890657528f,0f,0f,0f,1f], start_interpolation: 0, interpolation_duration: 1 }
$data merge entity $(bone_right_leg) { transformation: [-0.9084697970884746f,0.7178289602272402f,2.188473654074037f,-0.09892308725736601f,0.621615118608347f,2.341680448230877f,-0.5100392589103626f,-1.6171615509259265f,-2.2177218028947228f,0.3623078596599588f,-1.0394497307388475f,-0.5809103814594206f,0f,0f,0f,1f], start_interpolation: 0, interpolation_duration: 1 }
$data merge entity $(bone_left_cheek) { transformation: [-0.7802638701632532f,-0.10951500182153595f,0.615787915839448f,1.6506562905922493f,-0.09691943621566987f,0.9938294330675614f,0.05394145763924235f,-1.371926264850092f,-0.6178955541201918f,-0.017593247131739265f,-0.7860633319611486f,0.11876379930058197f,0f,0f,0f,1f], start_interpolation: 0, interpolation_duration: 1 }
$data merge entity $(bone_left_foot) { transformation: [-1.1728480606624205f,-0.09041152420490989f,0.04294272660075737f,2.8530278471357247f,-0.08914891003135994f,1.1732017232949652f,0.03522901041055601f,-8.493950439003228f,-0.04550597012681857f,0.031849138532016055f,-1.1758000399447808f,1.7931432903101732f,0f,0f,0f,1f], start_interpolation: 0, interpolation_duration: 1 }
$data merge entity $(bone_left_knee) { transformation: [-2.8444710628066154f,-0.5769412793561162f,0.11424456908211231f,2.2046816457057137f,-0.5864538294451495f,2.825014940833061f,-0.33509875937269884f,-4.986470591518385f,-0.044552972055175964f,-0.35122362218240705f,-2.8829820825728603f,1.2596635258966158f,0f,0f,0f,1f], start_interpolation: 0, interpolation_duration: 1 }
$data merge entity $(bone_left_leg) { transformation: [-2.4245995419141115f,-0.463370023788837f,0.19135831662845548f,1.503059358879028f,-0.4998875554822813f,2.3061716133403958f,-0.7494649055399236f,-1.7584948842592603f,-0.037976521205776076f,-0.7725758434069435f,-2.351956009996832f,0.21795149945044934f,0f,0f,0f,1f], start_interpolation: 0, interpolation_duration: 1 }
data modify entity @s data merge value {"locators":{"consume":{"posx":-2.346868830917896,"posy":2.6752151172443,"posz":3.5621414379212872,"roty":192.44003870681559,"rotx":-45.017480229025736}},"cameras":{}}