# This file was generated by Animated Java via MC-Build. It is not recommended to edit this file directly.
$data merge entity $(bone_neck) { transformation: [-1.1852094922799308f,-0.1574213892177211f,-0.1363021350990573f,0.028538479303690523f,-0.1779812301953872f,1.1747185059187946f,0.1908937399610106f,3.8866734375f,0.10808537141507868f,0.20817359216511616f,-1.1802807354258507f,-0.6322169675443972f,0f,0f,0f,1f], start_interpolation: 0, interpolation_duration: 1 }
$data merge entity $(bone_right_thumb_2) { transformation: [-0.2481280244176873f,-0.6438432397023475f,-0.7238082385467587f,0.2387552963676638f,0.9660175667308393f,-0.10860560980561981f,-0.23455251498582905f,1.9945373663516284f,0.07240541599910726f,-0.7574105255463083f,0.6489119751751087f,5.088105041692596f,0f,0f,0f,1f], start_interpolation: 0, interpolation_duration: 1 }
$data merge entity $(bone_right_thumb) { transformation: [-0.2481280244176873f,-0.6438432397023475f,-0.7238082385467587f,0.017753255223320497f,0.9660175667308393f,-0.10860560980561981f,-0.23455251498582905f,2.1820144351015096f,0.07240541599910726f,-0.7574105255463083f,0.6489119751751087f,4.844306751337762f,0f,0f,0f,1f], start_interpolation: 0, interpolation_duration: 1 }
$data merge entity $(bone_right_fingers_2) { transformation: [0.23229977372542282f,0.3679407156504474f,-0.9003646177486953f,0.16342710771994828f,-0.9660505267188344f,-0.02032367045290427f,-0.2575525737506495f,1.852917415512952f,-0.11306279208200813f,0.9296271178198051f,0.3507281381079398f,5.597259378791712f,0f,0f,0f,1f], start_interpolation: 0, interpolation_duration: 1 }
$data merge entity $(bone_right_fingers) { transformation: [0.3344717269038795f,-0.27833831753494287f,-0.9003646177486953f,0.048834643086190344f,0.10594509810999755f,0.9604386018590042f,-0.2575525737506495f,2.2789228497611878f,0.9364316846884236f,-0.009245163651237509f,0.3507281381079398f,5.639988472289565f,0f,0f,0f,1f], start_interpolation: 0, interpolation_duration: 1 }
$data merge entity $(bone_right_hand) { transformation: [-0.21602932721081566f,-0.37772329143314476f,-0.9003646177486953f,-0.23538792686703092f,0.9642445546224979f,0.06244285896142611f,-0.2575525737506495f,2.298204462930495f,0.15350494671411313f,-0.923810589067713f,0.3507281381079398f,4.899975016700246f,0f,0f,0f,1f], start_interpolation: 0, interpolation_duration: 1 }
$data merge entity $(bone_right_forearm) { transformation: [-0.30073150753365185f,-0.7344890111262553f,-1.6422286730369862f,-1.3689387804308577f,1.7288307527115179f,0.342480917887134f,-0.46976548510466226f,2.7042195205991204f,0.49752723592680803f,-1.6340322135904997f,0.6397139486466337f,2.4995791932418783f,0f,0f,0f,1f], start_interpolation: 0, interpolation_duration: 1 }
$data merge entity $(bone_right_bicep) { transformation: [-0.2585260981320087f,-0.21227270056272105f,-1.5486249103846792f,-1.6794334402027122f,1.4967207385185f,0.41896832560159153f,-0.30728997529164703f,3.357491833835234f,0.45069484505237173f,-1.5131227308522976f,0.13216774911002435f,0.13535864310563633f,0f,0f,0f,1f], start_interpolation: 0, interpolation_duration: 1 }
$data merge entity $(bone_right_shoulder) { transformation: [-0.15285721774009015f,-0.14963142279434877f,-0.9902818219901534f,-1.624643456135821f,0.9300990666772497f,0.3503094897689015f,-0.19649927788875116f,3.028149108882835f,0.3714342146567915f,-0.9387793549909534f,0.08451582983028531f,-0.23532177296234408f,0f,0f,0f,1f], start_interpolation: 0, interpolation_duration: 1 }
$data merge entity $(bone_right_arm) { transformation: [-1.155148484487018f,-0.1437608454137966f,-0.6420456599179732f,-1.5712927787225321f,-0.4147214951279268f,1.166194313918807f,0.4850306536380454f,3.189266678232828f,0.5107796898589958f,0.6217567633854924f,-1.0581967997108073f,-0.18654263066037968f,0f,0f,0f,1f], start_interpolation: 0, interpolation_duration: 1 }
$data merge entity $(bone_left_thumb_2) { transformation: [-0.5637120900968322f,-0.7852235111626495f,0.25622786147501814f,3.775816782580175f,-0.8193467632372692f,0.49239384828970223f,-0.29363102652660483f,1.7847173038478799f,0.10440096288478869f,-0.3754628286313544f,-0.9209387076591314f,-3.8325264618115833f,0f,0f,0f,1f], start_interpolation: 0, interpolation_duration: 1 }
$data merge entity $(bone_left_thumb) { transformation: [-0.5637120900968322f,-0.7852235111626495f,0.25622786147501814f,3.647315757990327f,-0.8193467632372692f,0.49239384828970223f,-0.29363102652660483f,2.1269288556106063f,0.10440096288478869f,-0.3754628286313544f,-0.9209387076591314f,-3.931551208195804f,0f,0f,0f,1f], start_interpolation: 0, interpolation_duration: 1 }
$data merge entity $(bone_left_fingers_2) { transformation: [0.5991835323847114f,0.8001293562638535f,-0.027786827162705696f,4.089805440424138f,0.7940036897391284f,-0.5983300236513763f,-0.10751429429612036f,1.4369348340098882f,-0.10265103603777558f,0.042357951344867015f,-0.9938151582453535f,-4.088313799039345f,0f,0f,0f,1f], start_interpolation: 0, interpolation_duration: 1 }
$data merge entity $(bone_left_fingers) { transformation: [-0.8714932836252687f,0.48961959604602884f,-0.027786827162705696f,4.346124630671918f,0.48957294912450827f,0.8653086177818515f,-0.10751429429612036f,1.7944066627486803f,-0.028596924337736192f,-0.10730166429363812f,-0.9938151582453535f,-4.142647975759724f,0f,0f,0f,1f], start_interpolation: 0, interpolation_duration: 1 }
$data merge entity $(bone_left_hand) { transformation: [-0.633514394763332f,-0.7732317918088202f,-0.027786827162705696f,3.7125262975176403f,-0.767149185089349f,0.6323945005601761f,-0.10751429429612036f,2.27053225136547f,0.10070570710936107f,-0.04679521126532512f,-0.9938151582453535f,-4.16778242261866f,0f,0f,0f,1f], start_interpolation: 0, interpolation_duration: 1 }
$data merge entity $(bone_left_forearm) { transformation: [-1.329705920613006f,-1.2474542300858396f,-0.05068204969384403f,1.814860611301893f,-1.2367213338962717f,1.3262326403838751f,-0.19610172742672907f,4.157229397782272f,0.1709709583702746f,-0.10859783172267369f,-1.8126786819435456f,-4.393447428783382f,0f,0f,0f,1f], start_interpolation: 0, interpolation_duration: 1 }
$data merge entity $(bone_left_bicep) { transformation: [-1.0637170637827174f,-0.029052113930613785f,-1.1737957823987715f,1.7814863000866716f,-1.1649226631697562f,0.22434477257648866f,1.0501234059550302f,4.490282218003485f,0.14695493504630383f,1.5681071243946547f,-0.17198502659176557f,-1.9438204300409558f,0f,0f,0f,1f], start_interpolation: 0, interpolation_duration: 1 }
$data merge entity $(bone_left_shoulder) { transformation: [-0.5758375451979634f,0.03173066388910139f,-0.8329569407696781f,1.5515668310115847f,-0.810549653497806f,0.2149211352453026f,0.5685342061004751f,4.168472363266395f,0.19450799320801823f,0.9895529542479613f,-0.09677070829627243f,-1.6397678049515216f,0f,0f,0f,1f], start_interpolation: 0, interpolation_duration: 1 }
$data merge entity $(bone_left_arm) { transformation: [-1.155148484487018f,-0.1437608454137966f,-0.6420456599179732f,1.4695725599424803f,-0.4147214951279268f,1.166194313918807f,0.4850306536380454f,4.280998379109259f,0.5107796898589958f,0.6217567633854924f,-1.0581967997108073f,-1.5311422864146278f,0f,0f,0f,1f], start_interpolation: 0, interpolation_duration: 1 }
$data merge entity $(bone_chest) { transformation: [-2.287494274646195f,-0.28468384386825746f,-1.2714173033573393f,-0.0871303270284654f,-0.8212563652361385f,2.309367888232033f,0.9604867756179786f,4.360604940771719f,1.0114765606751253f,1.2312400142207403f,-2.0955047366593345f,-0.43302491751778116f,0f,0f,0f,1f], start_interpolation: 0, interpolation_duration: 1 }
$data merge entity $(bone_weist) { transformation: [-1.8518501129954206f,-0.21466160849328625f,-0.5698340059765331f,0.38150658330312615f,-0.447797687781534f,1.7162712597117578f,0.8087208637312803f,0.6958289220937894f,0.4126349856055592f,0.8991510431823072f,-1.6797020604047042f,-1.884905171849629f,0f,0f,0f,1f], start_interpolation: 0, interpolation_duration: 1 }
$data merge entity $(bone_right_cheek) { transformation: [-0.970709289542843f,0.06294701267556388f,-0.23186450524056396f,-0.5377389890017816f,-0.05858480018253013f,0.8739226189204236f,0.4825215822394281f,-1.0871205949504694f,0.2330049278079802f,0.48197191799366335f,-0.8446370663679799f,-3.247132899950164f,0f,0f,0f,1f], start_interpolation: 0, interpolation_duration: 1 }
$data merge entity $(bone_right_foot) { transformation: [-0.7905530365410229f,0.12031136359683013f,0.8637950955416467f,-2.4719214732741186f,0.17048219908196527f,1.16468380323556f,-0.006192992289009243f,-7.306541227372476f,-0.8553084888439423f,0.12094506664922688f,-0.7996315242918258f,-6.730826503531561f,0f,0f,0f,1f], start_interpolation: 0, interpolation_duration: 1 }
$data merge entity $(bone_right_knee) { transformation: [-1.8507205747006992f,0.5753902573763909f,2.1634897953606975f,-1.7253262493789494f,1.5877669505158791f,2.316258025758268f,0.742208567381124f,-4.371140507146361f,-1.5782135957350785f,1.655537223489936f,-1.7903538858030874f,-4.772922921003661f,0f,0f,0f,1f], start_interpolation: 0, interpolation_duration: 1 }
$data merge entity $(bone_right_leg) { transformation: [-1.5775362654604748f,0.9510431169240701f,1.6543606148139016f,-0.3902966162865045f,1.353397146915849f,2.070823554834207f,0.10009340838896282f,-1.5043840625000007f,-1.345253959970429f,0.9681009851426815f,-1.8393164460442122f,-3.359887779220859f,0f,0f,0f,1f], start_interpolation: 0, interpolation_duration: 1 }
$data merge entity $(bone_left_cheek) { transformation: [-0.9639661394637147f,-0.18171499601932956f,-0.1942908700611468f,1.2721174622740161f,-0.19294750462862167f,0.9803778347208355f,0.04038021354171156f,-0.6824740014731188f,0.18314077215358257f,0.07641309710894617f,-0.9801124915871691f,-3.314352051423958f,0f,0f,0f,1f], start_interpolation: 0, interpolation_duration: 1 }
$data merge entity $(bone_left_foot) { transformation: [-1.1767325134798576f,-0.0013919808318848962f,-0.029825307798960615f,2.189258879277161f,-0.003467313551467496f,1.1742467553283775f,0.08199652562197923f,-7.407069039332741f,0.029655763903074395f,0.08205799696984892f,-1.1738730406978364f,-1.767757167453774f,0f,0f,0f,1f], start_interpolation: 0, interpolation_duration: 1 }
$data merge entity $(bone_left_knee) { transformation: [-2.8671072520007166f,-0.4617534907226287f,-0.05838157127376127f,1.6784614370675595f,-0.45784146773533463f,2.732564830868461f,0.8720087866855468f,-3.97590981203228f,-0.08370116176541757f,0.8699435886540643f,-2.7700398835780025f,-0.7810451190816099f,0f,0f,0f,1f], start_interpolation: 0, interpolation_duration: 1 }
$data merge entity $(bone_left_leg) { transformation: [-2.4438944100069317f,-0.2955359126332619f,0.2646721746235477f,1.2099549375267202f,-0.3902596259302663f,2.0879050777947876f,-1.272148785884172f,-1.0421340625000006f,-0.0713460583683595f,-1.2974296256066569f,-2.107510101872001f,-2.5616984984381412f,0f,0f,0f,1f], start_interpolation: 0, interpolation_duration: 1 }
data modify entity @s data merge value {"locators":{"consume":{"posx":4.273868019418497,"posy":1.607025271480612,"posz":-3.9588893728650927,"roty":358.3984413615106,"rotx":-6.1720452555092225}},"cameras":{}}