# This file was generated by Animated Java via MC-Build. It is not recommended to edit this file directly.
$data merge entity $(bone_neck) { transformation: [-1.157895578500306f,-0.10354416686695833f,-0.31086611459520624f,0.11624629625444743f,-0.1846176042712881f,1.149385605617435f,0.3048120342093188f,3.9101031249999996f,0.27069443268900545f,0.340987743934471f,-1.1218436562212704f,-0.5350409800475793f,0f,0f,0f,1f], start_interpolation: 0, interpolation_duration: 1 }
$data merge entity $(bone_right_thumb_2) { transformation: [-0.6505456322767277f,-0.020198293728077382f,-0.7591985308574745f,-3.064492809845728f,0.6369440665900798f,0.5299334630114916f,-0.5598863999208594f,-1.3424731958022629f,0.41363345653049555f,-0.8477986516332299f,-0.331880716414064f,2.673820706223732f,0f,0f,0f,1f], start_interpolation: 0, interpolation_duration: 1 }
$data merge entity $(bone_right_thumb) { transformation: [-0.6505456322767277f,-0.020198293728077382f,-0.7591985308574745f,-3.1806446994070727f,0.6369440665900798f,0.5299334630114916f,-0.5598863999208594f,-1.0173297221442352f,0.41363345653049555f,-0.8477986516332299f,-0.331880716414064f,2.5182005919522346f,0f,0f,0f,1f], start_interpolation: 0, interpolation_duration: 1 }
$data merge entity $(bone_right_fingers_2) { transformation: [0.6604248148751145f,-0.2120755258505731f,-0.7203214804740825f,-3.3225853499576963f,-0.6062637091984207f,-0.71659388161461f,-0.34487319951176126f,-1.7988451717825553f,-0.44303880056507905f,0.6644675915104581f,-0.6018300765383426f,2.7742276071107277f,0f,0f,0f,1f], start_interpolation: 0, interpolation_duration: 1 }
$data merge entity $(bone_right_fingers) { transformation: [-0.2964639266609803f,-0.6270933781793421f,-0.7203214804740825f,-3.6188768140611756f,-0.6313300281758436f,0.6946113098575416f,-0.34487319951176126f,-1.5252322417278235f,0.7166111467959743f,0.3525181176359756f,-0.6018300765383426f,2.958035036768227f,0f,0f,0f,1f], start_interpolation: 0, interpolation_duration: 1 }
$data merge entity $(bone_right_hand) { transformation: [-0.6690468413022945f,0.18306635111633404f,-0.7203214804740825f,-3.4451719136919694f,0.574429294378525f,0.7423566946005884f,-0.34487319951176126f,-0.9534766779496935f,0.4716007950621086f,-0.6445100845375813f,-0.6018300765383426f,2.4367900394714224f,0f,0f,0f,1f], start_interpolation: 0, interpolation_duration: 1 }
$data merge entity $(bone_right_forearm) { transformation: [-1.2534578689086702f,0.17176602492207088f,-1.3138372673915573f,-3.1888506648770827f,0.8620360929991235f,1.4792016714995961f,-0.6290347772843056f,1.1577015929843246f,1.006263239352035f,-1.0532271404349491f,-1.0977137356403435f,0.7969999310467667f,0f,0f,0f,1f], start_interpolation: 0, interpolation_duration: 1 }
$data merge entity $(bone_right_bicep) { transformation: [-1.0985397935993917f,0.5966092458905952f,-0.973345922824958f,-2.242025991331029f,0.7759803736655478f,1.380988624121497f,-0.02931613235744171f,3.310737892776283f,0.8373764610066318f,-0.49705370298226087f,-1.2497491087362853f,0.03498405980996522f,0f,0f,0f,1f], start_interpolation: 0, interpolation_duration: 1 }
$data merge entity $(bone_right_shoulder) { transformation: [-0.7330483493485724f,0.3188309050699418f,-0.622414612743351f,-1.8365778011870315f,0.4173532995509252f,0.922972248936028f,-0.018746458726032304f,3.3289758232909215f,0.5611321765307435f,-0.2699667763505223f,-0.7991630614559322f,-0.2551050414829878f,0f,0f,0f,1f], start_interpolation: 0, interpolation_duration: 1 }
$data merge entity $(bone_right_arm) { transformation: [-1.2734386704903329f,-0.06427012536423135f,-0.3761397809215732f,-1.767988940316552f,-0.2135879110406748f,1.205940102872529f,0.5170556100143627f,3.48290574657964f,0.316215097778939f,0.5557298359596236f,-1.1655171352954001f,-0.2023251443796292f,0f,0f,0f,1f], start_interpolation: 0, interpolation_duration: 1 }
$data merge entity $(bone_left_thumb_2) { transformation: [-0.8331865061159984f,-0.5314293204034849f,0.15291541270161657f,3.522984996172257f,-0.5344900363931138f,0.8448390585661382f,0.023819448305311852f,0.27927348570318206f,-0.14184726653236407f,-0.061885721588841536f,-0.9879521802398766f,-4.245133414928228f,0f,0f,0f,1f], start_interpolation: 0, interpolation_duration: 1 }
$data merge entity $(bone_left_thumb) { transformation: [-0.8331865061159984f,-0.5314293204034849f,0.15291541270161657f,3.535478408135049f,-0.5344900363931138f,0.8448390585661382f,0.023819448305311852f,0.6539571243383089f,-0.14184726653236407f,-0.061885721588841536f,-0.9879521802398766f,-4.1914375540670505f,0f,0f,0f,1f], start_interpolation: 0, interpolation_duration: 1 }
$data merge entity $(bone_left_fingers_2) { transformation: [0.8564574566027706f,0.5148121998010162f,-0.03806604741172173f,3.6902194439008924f,0.4997077226475861f,-0.8083085733419135f,0.31133493570160653f,-0.026028688174278863f,0.1295099106473176f,-0.2856670250448918f,-0.9495375368283898f,-4.649845544207708f,0f,0f,0f,1f], start_interpolation: 0, interpolation_duration: 1 }
$data merge entity $(bone_left_fingers) { transformation: [-0.6221980406740943f,0.7819338681856455f,-0.03806604741172173f,4.063589330789329f,0.7361684351840931f,0.6009380940249005f,0.31133493570160653f,0.2069386046781858f,0.2663186685531482f,0.16568896443020412f,-0.9495375368283898f,-4.597319299177957f,0f,0f,0f,1f], start_interpolation: 0, interpolation_duration: 1 }
$data merge entity $(bone_left_hand) { transformation: [-0.8780980916430409f,-0.47696406309836215f,-0.03806604741172173f,3.6565621232217156f,-0.46397418685046765f,0.8293361874102227f,0.31133493570160653f,0.8456633346898363f,-0.11692602528649151f,0.2910442762958547f,-0.9495375368283898f,-4.362513558401194f,0f,0f,0f,1f], start_interpolation: 0, interpolation_duration: 1 }
$data merge entity $(bone_left_forearm) { transformation: [-1.7014663677820092f,-0.6534677548472579f,-0.06943093197623088f,2.615000197738709f,-0.641586408486447f,1.6101949587996018f,0.5678623395994123f,3.208234600889421f,-0.14215358379466325f,0.5541485808560196f,-1.7319180900328695f,-3.624210340571594f,0f,0f,0f,1f], start_interpolation: 0, interpolation_duration: 1 }
$data merge entity $(bone_left_bicep) { transformation: [-1.4324278119199696f,-0.34919994237937463f,-0.5799521702381302f,2.073285544297773f,-0.6715391471035219f,0.5614222477699369f,1.3205963764526742f,4.065269822026799f,-0.0855587133444063f,1.4397913098205246f,-0.6556029641632629f,-1.369272132404551f,0f,0f,0f,1f], start_interpolation: 0, interpolation_duration: 1 }
$data merge entity $(bone_left_shoulder) { transformation: [-0.8759261165283496f,-0.14751833554498375f,-0.487241990933091f,1.6648846164855313f,-0.5026439039036646f,0.40435338458061226f,0.7811916697671115f,3.916259734725894f,0.0807187891317037f,0.9171421153360487f,-0.4227857566485306f,-1.1245739106412334f,0f,0f,0f,1f], start_interpolation: 0, interpolation_duration: 1 }
$data merge entity $(bone_left_arm) { transformation: [-1.2734386704903329f,-0.06427012536423135f,-0.3761397809215732f,1.5842688568525776f,-0.2135879110406748f,1.205940102872529f,0.5170556100143627f,4.045164264998493f,0.316215097778939f,0.5557298359596236f,-1.1655171352954001f,-1.0347441306068061f,0f,0f,0f,1f], start_interpolation: 0, interpolation_duration: 1 }
$data merge entity $(bone_chest) { transformation: [-2.5217395919047636f,-0.12727155493500078f,-0.7448545419742032f,-0.10182596407399361f,-0.42295958502352626f,2.3880748820894597f,1.023904513978387f,4.4097378571401205f,0.6261880922150307f,1.1004895345313457f,-2.3080268985283205f,-0.2225291408449369f,0f,0f,0f,1f], start_interpolation: 0, interpolation_duration: 1 }
$data merge entity $(bone_weist) { transformation: [-1.8552834885292548f,-0.1698006006825566f,-0.5737858265310339f,0.2403504259311082f,-0.3241612759062855f,1.8564162924245382f,0.4987757591873133f,0.656185086204901f,0.5029730469149095f,0.5701101180981747f,-1.7950297515218396f,-1.396950460710413f,0f,0f,0f,1f], start_interpolation: 0, interpolation_duration: 1 }
$data merge entity $(bone_right_cheek) { transformation: [-0.9541480328215632f,-0.09492066694932197f,-0.2838865943447082f,-0.8132018477084677f,-0.18462980939690798f,0.9331193167596054f,0.30854525465828964f,-1.1326487096537985f,0.23561274359593215f,0.34681177557283627f,-0.9078591451206592f,-2.3907448231890154f,0f,0f,0f,1f], start_interpolation: 0, interpolation_duration: 1 }
$data merge entity $(bone_right_foot) { transformation: [-1.0181563753519893f,0.05849137292195807f,0.5878156594548722f,-2.5836323548201623f,0.08378178877266752f,1.173784267465135f,0.02831960801196118f,-7.966750602022502f,-0.5847470411012903f,0.0663336085374783f,-1.0194418302082005f,-3.7475124191981184f,0f,0f,0f,1f], start_interpolation: 0, interpolation_duration: 1 }
$data merge entity $(bone_right_knee) { transformation: [-2.4360186657305896f,0.5735614257774261f,1.4743707266513228f,-1.8759902114264284f,0.9412697590141944f,2.7012113631825256f,0.5043779344033477f,-4.576246032544681f,-1.2715160201552886f,0.9007847416601776f,-2.4512777378776747f,-2.7419828988130686f,0f,0f,0f,1f], start_interpolation: 0, interpolation_duration: 1 }
$data merge entity $(bone_right_leg) { transformation: [-2.0764386807285176f,0.797507460644002f,1.0873807881007609f,-0.7358019899955184f,0.8023292120509716f,2.3353043023195394f,-0.1806498657530043f,-1.3233918750000013f,-1.0838279215831004f,0.2008690835446482f,-2.2169757262116905f,-2.401137485870421f,0f,0f,0f,1f], start_interpolation: 0, interpolation_duration: 1 }
$data merge entity $(bone_left_cheek) { transformation: [-0.9663763877660108f,-0.17756265914429417f,-0.18597897527926088f,0.895840861367418f,-0.20037582822670835f,0.9733047231791337f,0.11192606175350939f,-0.7823668888411686f,0.1611403258988184f,0.14542839445856826f,-0.9761579674696231f,-2.4423929873839114f,0f,0f,0f,1f], start_interpolation: 0, interpolation_duration: 1 }
$data merge entity $(bone_left_foot) { transformation: [-1.1749276665638275f,0.004081155784189877f,-0.0715487063957618f,1.9609663533329926f,0.0018430633659198125f,1.1765330464759876f,0.03684411138735402f,-7.853056634538478f,0.0716413032884729f,0.036663736770271f,-1.1743569257026298f,-1.7111324195048812f,0f,0f,0f,1f], start_interpolation: 0, interpolation_duration: 1 }
$data merge entity $(bone_left_knee) { transformation: [-2.874373589682222f,-0.37942034093735305f,-0.17591293401664485f,1.5484857541973096f,-0.409808181253342f,2.799062302465954f,0.6589659854847164f,-4.347738276812304f,0.08344105733504187f,0.676918843238241f,-2.823428263327021f,-0.9695319187065676f,0f,0f,0f,1f], start_interpolation: 0, interpolation_duration: 1 }
$data merge entity $(bone_left_leg) { transformation: [-2.4500881657615037f,-0.3533309692457224f,0.04730675539888514f,1.0026801077881669f,-0.3493165184669205f,2.3140413707119674f,-0.8082098907453996f,-1.1046418750000013f,0.07112434787497993f,-0.8064629462935167f,-2.339780238897235f,-2.0565861358316955f,0f,0f,0f,1f], start_interpolation: 0, interpolation_duration: 1 }
data modify entity @s data merge value {"locators":{"consume":{"posx":3.920999082929639,"posy":0.0013874062711396462,"posz":-4.490003159432291,"roty":357.70429656206267,"rotx":18.139698337531666}},"cameras":{}}
execute on vehicle unless entity @s[tag=aj.transforms_only] at @s run function animated_java:armor/animations/rocket/zzz/frames/zzz/7