# This file was generated by Animated Java via MC-Build. It is not recommended to edit this file directly.
$data merge entity $(bone_neck) { transformation: [-1.1742243199617617f,-0.0993510128454115f,-0.24373741826641965f,0.1407222937380883f,-0.15195919142778894f,1.1657593764651195f,0.2568945050609664f,3.8755074942129624f,0.21491150959686015f,0.28145294249038716f,-1.150077645471188f,-0.5404952990021115f,0f,0f,0f,1f], start_interpolation: 0, interpolation_duration: 1 }
$data merge entity $(bone_right_thumb_2) { transformation: [-0.7298355232273933f,0.14179702777993564f,-0.6687553453604489f,-3.4708239910353416f,0.5893395272036236f,0.6262503021865705f,-0.5103817009715748f,-1.6180692954373161f,0.34643762888982843f,-0.7666186548238992f,-0.5406263102783555f,1.8980835564635428f,0f,0f,0f,1f], start_interpolation: 0, interpolation_duration: 1 }
$data merge entity $(bone_right_thumb) { transformation: [-0.7298355232273933f,0.14179702777993564f,-0.6687553453604489f,-3.55843673082573f,0.5893395272036236f,0.6262503021865705f,-0.5103817009715748f,-1.2758779272815741f,0.34643762888982843f,-0.7666186548238992f,-0.5406263102783555f,1.7614957266137492f,0f,0f,0f,1f], start_interpolation: 0, interpolation_duration: 1 }
$data merge entity $(bone_right_fingers_2) { transformation: [0.7449299403384952f,-0.3297939228346953f,-0.579927023381898f,-3.7367799239466146f,-0.5554951117486753f,-0.7880239909332264f,-0.2654117000755547f,-2.080864397276883f,-0.3694652416812871f,0.5198597485620258f,-0.7702215765702849f,1.890545590561857f,0f,0f,0f,1f], start_interpolation: 0, interpolation_duration: 1 }
$data merge entity $(bone_right_fingers) { transformation: [-0.4242053586898633f,-0.6955102164671743f,-0.579927023381898f,-4.06801477301213f,-0.7087756747166232f,0.6536005449760569f,-0.2654117000755547f,-1.8282779695455516f,0.563637167501221f,0.29844910185287066f,-0.7702215765702849f,2.0419437731186023f,0f,0f,0f,1f], start_interpolation: 0, interpolation_duration: 1 }
$data merge entity $(bone_right_hand) { transformation: [-0.7586063409691138f,0.2969866444688448f,-0.579927023381898f,-3.80226163123847f,0.5205932797762346f,0.8115043231645943f,-0.2654117000755547f,-1.2006188441295977f,0.39178955638617474f,-0.5032491097779599f,-0.7702215765702849f,1.6367358582773721f,0f,0f,0f,1f], start_interpolation: 0, interpolation_duration: 1 }
$data merge entity $(bone_right_forearm) { transformation: [-1.4425347866200307f,0.3564525645619702f,-1.057763451931387f,-3.2552384640697607f,0.7482191605943855f,1.591428173771197f,-0.4841002138816004f,1.086724291312886f,0.8283055225845365f,-0.8167781207757545f,-1.4048530258754799f,0.34038987464870585f,0f,0f,0f,1f], start_interpolation: 0, interpolation_duration: 1 }
$data merge entity $(bone_right_bicep) { transformation: [-1.2582036229956264f,0.6209565491176274f,-0.7358472416691619f,-2.2730068933857925f,0.6855316929131473f,1.427971285455457f,0.032846031873423616f,3.3125437785643927f,0.6760950354615989f,-0.2923106701886252f,-1.4027061456347736f,-0.09967740474998024f,0f,0f,0f,1f], start_interpolation: 0, interpolation_duration: 1 }
$data merge entity $(bone_right_shoulder) { transformation: [-0.8361152104405384f,0.3254422917897746f,-0.4705439918343803f,-1.8237756538309398f,0.3571167253358154f,0.9478604688506116f,0.021003684023577347f,3.361963651622409f,0.4469809593508854f,-0.14852886915262536f,-0.8969727842431142f,-0.3109154535110707f,0f,0f,0f,1f], start_interpolation: 0, interpolation_duration: 1 }
$data merge entity $(bone_right_arm) { transformation: [-1.2948330925338003f,-0.05809969678266676f,-0.29544799714901765f,-1.7535509853614275f,-0.16080824192783913f,1.236233476338503f,0.4616549930568787f,3.5166529211412336f,0.25456983936374183f,0.48539576483528496f,-1.211132932288003f,-0.2627044953013298f,0f,0f,0f,1f], start_interpolation: 0, interpolation_duration: 1 }
$data merge entity $(bone_left_thumb_2) { transformation: [-0.8658719956401602f,-0.45884444611395353f,0.19931748903823193f,3.4900078462455513f,-0.4777993599001719f,0.8765711224690955f,-0.0577134207291147f,-0.3908632732524953f,-0.14823447252617228f,-0.14520620346131557f,-0.9782339697798468f,-3.662254955746136f,0f,0f,0f,1f], start_interpolation: 0, interpolation_duration: 1 }
$data merge entity $(bone_left_thumb) { transformation: [-0.8658719956401602f,-0.45884444611395353f,0.19931748903823193f,3.529930822179105f,-0.4777993599001719f,0.8765711224690955f,-0.0577134207291147f,-0.015384294858795389f,-0.14823447252617228f,-0.14520620346131557f,-0.9782339697798468f,-3.633119879738246f,0f,0f,0f,1f], start_interpolation: 0, interpolation_duration: 1 }
$data merge entity $(bone_left_fingers_2) { transformation: [0.8868289277748981f,0.4610992660727189f,0.030363130418721268f,3.650634182247311f,0.440553978218045f,-0.8634851089301153f,0.24557210536256074f,-0.7358612437711632f,0.13945122852767786f,-0.20440384899298303f,-0.9689026893238427f,-4.0366134283202f,0f,0f,0f,1f], start_interpolation: 0, interpolation_duration: 1 }
$data merge entity $(bone_left_fingers) { transformation: [-0.5729089010240808f,0.8190564519241367f,0.030363130418721268f,4.03863231669913f,0.7985940408773712f,0.5494924011694344f,0.24557210536256074f,-0.5290414765953778f,0.18445310786899538f,0.16493826002020756f,-0.9689026893238427f,-3.980748681312111f,0f,0f,0f,1f], start_interpolation: 0, interpolation_duration: 1 }
$data merge entity $(bone_left_hand) { transformation: [-0.9060977306415562f,-0.42197746721525026f,0.030363130418721268f,3.673635395511204f,-0.4024699769989277f,0.8818799570702817f,0.24557210536256074f,0.15394076325091488f,-0.13040253118979112f,0.21029207897664717f,-0.9689026893238427f,-3.810200530022379f,0f,0f,0f,1f], start_interpolation: 0, interpolation_duration: 1 }
$data merge entity $(bone_left_forearm) { transformation: [-1.73900875866177f,-0.5473664496284403f,0.055381122707226504f,2.7915198973007347f,-0.5178556095229051f,1.6905701821442944f,0.44791359497538574f,2.635504351134725f,-0.18574893436253453f,0.4113283246984937f,-1.7672393455096622f,-3.285414591709012f,0f,0f,0f,1f], start_interpolation: 0, interpolation_duration: 1 }
$data merge entity $(bone_left_bicep) { transformation: [-1.4785412643683393f,-0.39681294179809806f,-0.4081541065150743f,2.1731531627897667f,-0.559885646021683f,0.8084490265095831f,1.24220481032642f,3.879360088459117f,-0.1028511002491569f,1.3034892468450798f,-0.8946910027603335f,-1.2401380957188843f,0f,0f,0f,1f], start_interpolation: 0, interpolation_duration: 1 }
$data merge entity $(bone_left_shoulder) { transformation: [-0.9219885934163127f,-0.17405124320661594f,-0.3821729674051806f,1.736513126248367f,-0.4118407112230771f,0.5549759760397368f,0.7408116314319396f,3.804123944544502f,0.08208069722120946f,0.8295304752833457f,-0.5758080655797617f,-1.0108837722537911f,0f,0f,0f,1f], start_interpolation: 0, interpolation_duration: 1 }
$data merge entity $(bone_left_arm) { transformation: [-1.2948330925338003f,-0.05809969678266676f,-0.29544799714901765f,1.65502646015286f,-0.16080824192783913f,1.236233476338503f,0.4616549930568787f,3.9399718412774436f,0.25456983936374183f,0.48539576483528496f,-1.211132932288003f,-0.9328457032816122f,0f,0f,0f,1f], start_interpolation: 0, interpolation_duration: 1 }
$data merge entity $(bone_chest) { transformation: [-2.5641061089292214f,-0.11505250236990099f,-0.5850638346586157f,-0.06139771667065072f,-0.31844212035581493f,2.448063636170635f,0.9141968912753284f,4.395031509111748f,0.5041144561608135f,0.9612097906974344f,-2.39835803418344f,-0.23834474376996834f,0f,0f,0f,1f], start_interpolation: 0, interpolation_duration: 1 }
$data merge entity $(bone_weist) { transformation: [-1.868951802943777f,-0.14378774057682583f,-0.5352415206823519f,0.22884658949400227f,-0.2617064174360123f,1.8884937479500725f,0.40649767103347073f,0.5742039987755363f,0.4885367446521836f,0.46157956101049313f,-1.8298675907046793f,-1.1882683347171403f,0f,0f,0f,1f], start_interpolation: 0, interpolation_duration: 1 }
$data merge entity $(bone_right_cheek) { transformation: [-0.9688449704228412f,-0.09454393732745092f,-0.22891235702990542f,-0.8132495443933749f,-0.15532581041089577f,0.9518595586153933f,0.2642674276045147f,-1.2229477290248645f,0.19290753201096705f,0.29159016544995475f,-0.9368894595982524f,-2.100255030458621f,0f,0f,0f,1f], start_interpolation: 0, interpolation_duration: 1 }
$data merge entity $(bone_right_foot) { transformation: [-1.051151912417551f,0.04737424948264987f,0.527661096143579f,-2.456180022281032f,0.06747471898692829f,1.1748193863291903f,0.028939016557284373f,-8.132498593027993f,-0.5254690420901338f,0.05608907975375753f,-1.0518208953114672f,-3.036302467959318f,0f,0f,0f,1f], start_interpolation: 0, interpolation_duration: 1 }
$data merge entity $(bone_right_knee) { transformation: [-2.5321212564803486f,0.527912862380347f,1.3215894372867067f,-1.8125659704298474f,0.8056414694637569f,2.7552942984542095f,0.4429716019340641f,-4.680016622363853f,-1.1731293422699325f,0.7527217461805796f,-2.548353626886622f,-2.215633564185442f,0f,0f,0f,1f], start_interpolation: 0, interpolation_duration: 1 }
$data merge entity $(bone_right_leg) { transformation: [-2.158355596866422f,0.7262170872498617f,0.9716597051441316f,-0.7684417799416577f,0.6867209736637204f,2.3662861117533582f,-0.24314001026689797f,-1.3803761053240748f,-0.9999640717269827f,0.05754565534045148f,-2.2642378575904285f,-2.07619870765243f,0f,0f,0f,1f], start_interpolation: 0, interpolation_duration: 1 }
$data merge entity $(bone_left_cheek) { transformation: [-0.9743781611625392f,-0.15329114453474602f,-0.16458743590182234f,0.9051255672002472f,-0.17216617151637148f,0.9792132259372123f,0.10723930032890688f,-0.9349067234675995f,0.14472735897163413f,0.13282802097775054f,-0.9805155319566488f,-2.145705232093274f,0f,0f,0f,1f], start_interpolation: 0, interpolation_duration: 1 }
$data merge entity $(bone_left_foot) { transformation: [-1.1743023079691082f,0.00572498951626618f,-0.08106916102950262f,1.9237268325213752f,0.003874140921650682f,1.176795497861865f,0.02698596154905682f,-8.010660126718024f,0.08117866349668479f,0.02665474786312224f,-1.1740061515536486f,-1.567082648943353f,0f,0f,0f,1f], start_interpolation: 0, interpolation_duration: 1 }
$data merge entity $(bone_left_knee) { transformation: [-2.874929057913968f,-0.3618328618387758f,-0.20196182953590663f,1.5321934756281044f,-0.3972542064195673f,2.809391866703401f,0.6216390619296448f,-4.494080949298716f,0.11790121279227384f,0.6429020204730812f,-2.830142219858883f,-0.8686981876037574f,0f,0f,0f,1f], start_interpolation: 0, interpolation_duration: 1 }
$data merge entity $(bone_left_leg) { transformation: [-2.4505616414940747f,-0.3532116394488463f,0.0013791065172916942f,0.9873200331782417f,-0.33861563209504864f,2.346509103180937f,-0.7136155865232544f,-1.2069458391203716f,0.10049785011530632f,-0.7065049818549872f,-2.370814968671184f,-1.8148063448538516f,0f,0f,0f,1f], start_interpolation: 0, interpolation_duration: 1 }
data modify entity @s data merge value {"locators":{"consume":{"posx":3.8753200611854193,"posy":-0.7149876062212832,"posz":-3.8673768511366102,"roty":1.7949274962065829,"rotx":14.215645888029815}},"cameras":{}}