# This file was generated by Animated Java via MC-Build. It is not recommended to edit this file directly.
$data merge entity $(bone_neck) { transformation: [-1.1190672131215276f,-0.1221971133552164f,0.4252502138862722f,0.29743936975447716f,-0.13919239363175204f,1.1950661250682866f,-0.022885381263684633f,3.742134375f,-0.41999447196091916f,-0.07047076420880652f,-1.12548648206913f,-0.456270725619518f,0f,0f,0f,1f], start_interpolation: 0, interpolation_duration: 1 }
$data merge entity $(bone_right_thumb_2) { transformation: [0.5818530620544381f,0.6023508549276303f,-0.5464617660420786f,-2.420547681580721f,0.6835865936215534f,-0.726243581591969f,-0.07266105708940973f,3.940105595227364f,-0.4406318000312232f,-0.33127587863353714f,-0.8343260208316785f,-4.761576070738397f,0f,0f,0f,1f], start_interpolation: 0, interpolation_duration: 1 }
$data merge entity $(bone_right_thumb) { transformation: [0.5818530620544381f,0.6023508549276303f,-0.5464617660420786f,-2.0857946757724477f,0.6835865936215534f,-0.726243581591969f,-0.07266105708940973f,3.869738047226968f,-0.4406318000312232f,-0.33127587863353714f,-0.8343260208316785f,-4.924106046951068f,0f,0f,0f,1f], start_interpolation: 0, interpolation_duration: 1 }
$data merge entity $(bone_right_fingers_2) { transformation: [-0.5927192380174366f,0.8053733381576562f,-0.007595463700354965f,-3.0579090108427103f,0.6817285383211177f,0.4966558373195847f,-0.537195662021702f,4.175655763191032f,-0.4288707321823f,-0.3235842478260897f,-0.8434234580779941f,-5.368290853786519f,0f,0f,0f,1f], start_interpolation: 0, interpolation_duration: 1 }
$data merge entity $(bone_right_fingers) { transformation: [-0.030058285769976656f,0.9995192886521738f,-0.007595463700354965f,-2.6189397347826633f,0.8431893046679277f,0.021274801965750212f,-0.537195662021702f,4.219971825752233f,-0.5367758339849021f,-0.022551594479572834f,-0.8434234580779941f,-5.410479710910237f,0f,0f,0f,1f], start_interpolation: 0, interpolation_duration: 1 }
$data merge entity $(bone_right_hand) { transformation: [0.5087587903413425f,0.8608756020364329f,-0.007595463700354965f,-1.9539899848362965f,0.7240485852502577f,-0.43263664535284774f,-0.537195662021702f,3.857532388585488f,-0.4657447148895138f,0.2678035304402162f,-0.8434234580779941f,-5.175418763998619f,0f,0f,0f,1f], start_interpolation: 0, interpolation_duration: 1 }
$data merge entity $(bone_right_forearm) { transformation: [0.84732410143085f,1.6089925316389744f,0.14146894322753217f,0.3801124170508276f,1.4528364340761162f,-0.6894134222616242f,-0.8606997099221179f,2.7422411075975885f,-0.7057880167507135f,0.512523880389029f,-1.6018773701740014f,-4.454463002524695f,0f,0f,0f,1f], start_interpolation: 0, interpolation_duration: 1 }
$data merge entity $(bone_right_bicep) { transformation: [0.6671843255547639f,-0.37455993183903874f,1.387337193719781f,-0.22426343676818145f,1.404902536658612f,0.49154881011102325f,-0.5429209755131413f,3.512086299140537f,-0.3020736567589748f,1.458841725692914f,0.5391353087612512f,-2.18404923691875f,0f,0f,0f,1f], start_interpolation: 0, interpolation_duration: 1 }
$data merge entity $(bone_right_shoulder) { transformation: [0.4458885677471713f,-0.20142035934079094f,0.8871449727424731f,-0.48286118333908473f,0.8675634418005534f,0.39142784800193126f,-0.347175593794545f,3.222359369179574f,-0.2737335168926054f,0.9124840038699003f,0.3447548158880485f,-1.870907008509199f,0f,0f,0f,1f], start_interpolation: 0, interpolation_duration: 1 }
$data merge entity $(bone_right_arm) { transformation: [-0.7834228500322795f,-0.25089688976486174f,1.0442974768043196f,-0.47142255388501486f,0.011648354090326548f,1.2905391381759892f,0.3187959849013325f,3.3740400663129737f,-1.0739510162016404f,0.19702110254625801f,-0.7583335224406011f,-1.781203638835813f,0f,0f,0f,1f], start_interpolation: 0, interpolation_duration: 1 }
$data merge entity $(bone_left_thumb_2) { transformation: [-0.371292982165526f,0.9181399263321084f,-0.13842180850393696f,-0.7392616352927699f,-0.5675940526685171f,-0.3424136334254725f,-0.7487255138030855f,1.2479792823589957f,-0.7348323024812932f,-0.19942913357690845f,0.6482665407922923f,3.3357307247154506f,0f,0f,0f,1f], start_interpolation: 0, interpolation_duration: 1 }
$data merge entity $(bone_left_thumb) { transformation: [-0.371292982165526f,0.9181399263321084f,-0.13842180850393696f,-0.37088062522448073f,-0.5675940526685171f,-0.3424136334254725f,-0.7487255138030855f,1.2985073707168457f,-0.7348323024812932f,-0.19942913357690845f,0.6482665407922923f,3.4076299846902343f,0f,0f,0f,1f], start_interpolation: 0, interpolation_duration: 1 }
$data merge entity $(bone_left_fingers_2) { transformation: [0.33124104992371556f,-0.9254417075195029f,0.18394839719013695f,-1.1227281467508652f,0.5699189403126619f,0.040863735240838805f,-0.8206842002957403f,0.9989666323394074f,0.7519785690552135f,0.3766799717605815f,0.5409625038356359f,3.6112571666184308f,0f,0f,0f,1f], start_interpolation: 0, interpolation_duration: 1 }
$data merge entity $(bone_left_fingers) { transformation: [0.8742887924677017f,0.4492016190270766f,0.18394839719013695f,-0.9641659079511107f,-0.11490348947416788f,0.559709417011721f,-0.8206842002957403f,1.2440549257913056f,-0.4716103216343204f,0.6963786857535575f,0.5409625038356359f,3.9447651623706483f,0f,0f,0f,1f], start_interpolation: 0, interpolation_duration: 1 }
$data merge entity $(bone_left_hand) { transformation: [-0.2905585815168636f,0.9390094237429608f,0.18394839719013695f,-0.23163517853093873f,-0.5711589548618465f,-0.01596532699521172f,-0.8206842002957403f,1.2192770682450706f,-0.7676934016832704f,-0.3435206113988624f,0.5409625038356359f,3.642178063238782f,0f,0f,0f,1f], start_interpolation: 0, interpolation_duration: 1 }
$data merge entity $(bone_left_forearm) { transformation: [-0.3613788378999908f,1.7560364336858956f,0.3355144418937567f,2.3487862874728416f,-1.0396847210604363f,0.07204279405735342f,-1.4968948120196683f,1.2170741722588f,-1.4544035127656427f,-0.4878262406078999f,0.9866937430950032f,2.8984670447769822f,0f,0f,0f,1f], start_interpolation: 0, interpolation_duration: 1 }
$data merge entity $(bone_left_bicep) { transformation: [-0.7163249822426928f,-0.23259120211308928f,1.3938846467330435f,1.965715651275443f,-0.9048167185605126f,1.2758889671812839f,-0.25208848669062434f,3.208594932218768f,-1.0855043903697017f,-0.9100237535406266f,-0.7096982051290796f,1.4843198073911403f,0f,0f,0f,1f], start_interpolation: 0, interpolation_duration: 1 }
$data merge entity $(bone_left_shoulder) { transformation: [-0.5812757155918764f,-0.09844558871770014f,0.8239174638226926f,1.6712477895553262f,-0.4793909101777118f,0.8609362169596958f,-0.23534265281277209f,3.1903309134555804f,-0.6772856682146592f,-0.5248907267765295f,-0.5405430854630087f,1.0820417347572306f,0f,0f,0f,1f], start_interpolation: 0, interpolation_duration: 1 }
$data merge entity $(bone_left_arm) { transformation: [-0.7834228500322795f,-0.25089688976486174f,1.0442974768043196f,1.590895340458455f,0.011648354090326548f,1.2905391381759892f,0.3187959849013325f,3.343376409924678f,-1.0739510162016404f,0.19702110254625801f,-0.7583335224406011f,1.04591379623739f,0f,0f,0f,1f], start_interpolation: 0, interpolation_duration: 1 }
$data merge entity $(bone_chest) { transformation: [-1.5513808901127326f,-0.49684106118922816f,2.0679804642415176f,0.34461645799159746f,0.02306676903316581f,2.5556029631077153f,0.6312989196067187f,4.066156145525478f,-2.1267021805449327f,0.3901529977414008f,-1.5016974996296695f,-0.20304626707861778f,0f,0f,0f,1f], start_interpolation: 0, interpolation_duration: 1 }
$data merge entity $(bone_weist) { transformation: [-1.7447241499093558f,-0.4111010003227668f,0.7662067930957263f,0.9057142267189946f,-0.27547004582625984f,1.8906073784206983f,0.387116566479701f,0.1360014820363653f,-0.8247382227742905f,0.23819939068808507f,-1.7502020328237167f,-0.34897650282370396f,0f,0f,0f,1f], start_interpolation: 0, interpolation_duration: 1 }
$data merge entity $(bone_right_cheek) { transformation: [-0.9186989673900295f,-0.12089026211475051f,0.3760023295703371f,0.7164525330342706f,-0.08285494205841784f,0.9898111989501384f,0.11579658461882925f,-1.581773347598859f,-0.38616999610662345f,0.07522855148623031f,-0.9193548820495236f,-1.5320902762412159f,0f,0f,0f,1f], start_interpolation: 0, interpolation_duration: 1 }
$data merge entity $(bone_right_foot) { transformation: [-0.4522934079911546f,0.02854877434049662f,1.086373110606096f,-0.7888392605762374f,0.09317691645578101f,1.1733906599212562f,0.007957155642163368f,-8.475482453406379f,-1.0827463369617567f,0.08905179150234206f,-0.4531236510078501f,-2.472819978324828f,0f,0f,0f,1f], start_interpolation: 0, interpolation_duration: 1 }
$data merge entity $(bone_right_knee) { transformation: [-1.104265380454967f,0.1485081554740377f,2.6824376946763127f,-0.5375258614152758f,0.6609327269714824f,2.8260799950425692f,0.1156221456826338f,-4.949595356824707f,-2.603976687391942f,0.6543285703008201f,-1.108191419449455f,-1.7570476592989497f,0f,0f,0f,1f], start_interpolation: 0, interpolation_duration: 1 }
$data merge entity $(bone_right_leg) { transformation: [-0.9412650986721431f,0.7140591388142741f,2.1758107186142364f,0.4440375608907822f,0.5633726452713252f,2.3523490690254687f,-0.5282781870890195f,-1.6620793750000002f,-2.2196044691612897f,0.29425520669970945f,-1.056779351022909f,-1.2816143166446063f,0f,0f,0f,1f], start_interpolation: 0, interpolation_duration: 1 }
$data merge entity $(bone_left_cheek) { transformation: [-0.8785143683939922f,-0.13758965893289077f,0.4574730486925276f,2.160143186697066f,-0.10500981826517011f,0.989822626351438f,0.09604221171264893f,-1.4763820301207082f,-0.46603158969454095f,0.03633530125748424f,-0.8840216644909258f,-0.767241534233116f,0f,0f,0f,1f], start_interpolation: 0, interpolation_duration: 1 }
$data merge entity $(bone_left_foot) { transformation: [-1.1741641886396343f,-0.06278983382191332f,0.05465153027508444f,3.2187210405361046f,-0.061690157430452995f,1.1752308783331578f,0.024851598842790416f,-8.505440981366197f,-0.0558898691087918f,0.02192519686236741f,-1.1755792202782895f,1.2585420738842747f,0f,0f,0f,1f], start_interpolation: 0, interpolation_duration: 1 }
$data merge entity $(bone_left_knee) { transformation: [-2.856557036130812f,-0.5089724863308062f,0.13400595518040478f,2.655669869192992f,-0.5219982555559027f,2.834300191704826f,-0.36220012842709787f,-4.988809225592482f,-0.06729345482414731f,-0.38028689169395435f,-2.878850840088386f,0.6896459417188395f,0f,0f,0f,1f], start_interpolation: 0, interpolation_duration: 1 }
$data merge entity $(bone_left_leg) { transformation: [-2.434901508338941f,-0.39725634676761223f,0.2084580595243606f,2.046020007027176f,-0.44494624953294976f,2.2854790171173116f,-0.8417964244887902f,-1.7870793750000002f,-0.05736028813014439f,-0.8653240896961092f,-2.319037891039361f,-0.4827524357347365f,0f,0f,0f,1f], start_interpolation: 0, interpolation_duration: 1 }
data modify entity @s data merge value {"locators":{"consume":{"posx":-1.1210115525057955,"posy":1.2580671866258528,"posz":3.7227220851723217,"roty":161.2199592215191,"rotx":-55.15334358692592}},"cameras":{}}