# This file was generated by Animated Java via MC-Build. It is not recommended to edit this file directly.
$data merge entity $(bone_right_thumb_2) { transformation: [-0.5949783666048739f,0.802801049777347f,-0.03887438422130751f,-4.402950914926957f,0.764792718556325f,0.5803572925468355f,0.2797811834826154f,4.432648989531368f,0.24716966018389544f,0.13673290556444823f,-0.9592764312858323f,-4.547359150850811f,0f,0f,0f,1f], start_interpolation: 0, interpolation_duration: 1 }
$data merge entity $(bone_right_thumb) { transformation: [-0.5949783666048739f,0.7111558181685578f,-0.3745105413165368f,-4.2989899135579055f,0.764792718556325f,0.6442229709298828f,0.008298275091941809f,4.796754868292854f,0.24716966018389544f,-0.28148564086163363f,-0.92718552246748f,-4.540563628602733f,0f,0f,0f,1f], start_interpolation: 0, interpolation_duration: 1 }
$data merge entity $(bone_right_fingers_2) { transformation: [0.559472640021718f,-0.8261973114301187f,0.06624475566241073f,-4.702506915174805f,-0.7875701365449147f,-0.5050008049255211f,0.35313944419619914f,4.322420880349392f,-0.25830920442321414f,-0.24974424840267925f,-0.9332224629208341f,-4.981957634223024f,0f,0f,0f,1f], start_interpolation: 0, interpolation_duration: 1 }
$data merge entity $(bone_right_fingers) { transformation: [-0.801007100854558f,-0.5949783666048737f,0.06624475566241073f,-5.001627999089175f,-0.5388734829215717f,0.7647927185563251f,0.35313944419619914f,4.637181037438052f,-0.2607738364647623f,0.2471696601838955f,-0.9332224629208341f,-4.893129378254386f,0f,0f,0f,1f], start_interpolation: 0, interpolation_duration: 1 }
$data merge entity $(bone_right_hand) { transformation: [-0.5949783666048739f,0.8010071008545578f,0.06624475566241073f,-4.347652125186703f,0.764792718556325f,0.5388734829215719f,0.35313944419619914f,5.035334831699054f,0.24716966018389544f,0.2607738364647624f,-0.9332224629208341f,-4.686820685273373f,0f,0f,0f,1f], start_interpolation: 0, interpolation_duration: 1 }
$data merge entity $(bone_right_forearm) { transformation: [-0.20932276314156026f,1.8078753263480578f,0.12082775693602914f,-1.6737224554912957f,1.6995047368898202f,0.15372653544842194f,0.6441120734946643f,5.210300533720712f,0.6282485111429655f,0.18650340027579945f,-1.7021600546263917f,-4.510261917198855f,0f,0f,0f,1f], start_interpolation: 0, interpolation_duration: 1 }
$data merge entity $(bone_right_bicep) { transformation: [-0.18182338951142743f,0.5393639314567854f,1.4785673337232776f,-0.8505946263210868f,1.476235585248115f,-0.4576327665141971f,0.34847568601442624f,4.487274066492286f,0.5457135766656703f,1.4176718084026183f,-0.45004210001589745f,-2.293867601377111f,0f,0f,0f,1f], start_interpolation: 0, interpolation_duration: 1 }
$data merge entity $(bone_right_shoulder) { transformation: [-0.22721980651117585f,0.2843347430663304f,0.9454828883069579f,-0.7075073004809858f,0.987150008591901f,0.047875111654728186f,0.22283584291558006f,4.0581355148639355f,0.017860535626727472f,0.9712233040018612f,-0.2877833798148794f,-2.0835377072115313f,0f,0f,0f,1f], start_interpolation: 0, interpolation_duration: 1 }
$data merge entity $(bone_right_arm) { transformation: [-0.6922437851599408f,-0.07008152292362883f,1.1327598833638097f,-0.6670749697092029f,0.3007045760291593f,1.2680992735321668f,0.2622190338792429f,3.9519809292414974f,-1.0943642589050553f,0.39277301831737993f,-0.6444796786705488f,-2.0436777807551083f,0f,0f,0f,1f], start_interpolation: 0, interpolation_duration: 1 }
$data merge entity $(bone_left_thumb_2) { transformation: [-0.08402410223667547f,0.9578349906251407f,0.2747582227658665f,-1.2767746785931966f,-0.17294404395031815f,0.2575309629009626f,-0.9506672187518688f,0.8495978519874716f,-0.9813410762346757f,-0.1273967577351942f,0.14401304875992704f,4.22213066556097f,0f,0f,0f,1f], start_interpolation: 0, interpolation_duration: 1 }
$data merge entity $(bone_left_thumb) { transformation: [-0.08402410223667547f,0.9855037240981048f,0.14738507397999057f,-0.9625140222149942f,-0.17294404395031815f,0.13124077768070053f,-0.9761486648742985f,0.968793264958489f,-0.9813410762346757f,-0.10750938592760864f,0.159409610852161f,4.396658179885684f,0f,0f,0f,1f], start_interpolation: 0, interpolation_duration: 1 }
$data merge entity $(bone_left_fingers_2) { transformation: [0.43214174141943373f,-0.7067149581557866f,0.5601852222629979f,-1.3814782771262084f,0.2676524673543106f,-0.49268030123578477f,-0.8280267371850779f,0.42140026081730175f,0.8611711049739939f,0.5077598730631256f,-0.02375372107248852f,4.433561194642841f,0f,0f,0f,1f], start_interpolation: 0, interpolation_duration: 1 }
$data merge entity $(bone_left_fingers) { transformation: [0.8039535627931972f,0.19962761740370633f,0.5601852222629979f,-1.3264221031063137f,0.5503622037733799f,0.10711287114227962f,-0.8280267371850779f,0.4358422730881024f,-0.22530005221888771f,0.9739998188939141f,-0.02375372107248852f,4.873104235055127f,0f,0f,0f,1f], start_interpolation: 0, interpolation_duration: 1 }
$data merge entity $(bone_left_hand) { transformation: [-0.33619989644239945f,0.7570747297263828f,0.5601852222629979f,-0.7427903450326119f,-0.20105497969031771f,0.5234010103623796f,-0.8280267371850779f,0.8508468942166469f,-0.9200796295831389f,-0.3910105317780643f,-0.02375372107248852f,4.532635000409437f,0f,0f,0f,1f], start_interpolation: 0, interpolation_duration: 1 }
$data merge entity $(bone_left_forearm) { transformation: [0.18963161000443862f,1.4062322493556734f,1.1460276065578499f,1.3810819758301742f,-1.4400470402445822f,0.8174492374619735f,-0.764767826002875f,1.95671995639112f,-1.1032374794229256f,-0.8252976230902567f,1.195231968678729f,3.316947125593254f,0f,0f,0f,1f], start_interpolation: 0, interpolation_duration: 1 }
$data merge entity $(bone_left_bicep) { transformation: [0.16471912357758464f,-0.06334142061846086f,1.574480876557532f,1.262423597415522f,-1.2508636422695045f,0.9574884858720154f,0.1693827138591514f,3.4449182154564086f,-0.958301786839411f,-1.2606895810389083f,0.04953808114815448f,1.3461867166086228f,0f,0f,0f,1f], start_interpolation: 0, interpolation_duration: 1 }
$data merge entity $(bone_left_shoulder) { transformation: [0.08512558836209606f,-0.07408688012733103f,1.0068156470108347f,1.263271424246933f,-0.542227158884404f,0.848923390627026f,0.10831326641414507f,3.3893456988078214f,-0.8515611082247679f,-0.5479536382817006f,0.03167756177001234f,0.8504211265638322f,0f,0f,0f,1f], start_interpolation: 0, interpolation_duration: 1 }
$data merge entity $(bone_left_arm) { transformation: [-0.6922437851599408f,-0.07008152292362883f,1.1327598833638097f,1.1552190128119597f,0.3007045760291593f,1.2680992735321668f,0.2622190338792429f,3.1603925449732193f,-1.0943642589050553f,0.39277301831737993f,-0.6444796786705488f,0.837176401602264f,0f,0f,0f,1f], start_interpolation: 0, interpolation_duration: 1 }
$data merge entity $(bone_chest) { transformation: [-1.3708226401006642f,-0.13877963274780078f,2.24315902461172f,0.12500000000000003f,0.5954732272640088f,2.511166197976716f,0.5192618496732883f,4.2549125f,-2.1671257074231773f,0.7777926757489582f,-1.2762372931990527f,-0.335938125f,0f,0f,0f,1f], start_interpolation: 0, interpolation_duration: 1 }
$data merge entity $(bone_weist) { transformation: [-1.2255681482507383f,0.12591509011235505f,1.5107174936448553f,-0.22916666666666652f,0.17023351016922128f,1.941802268148673f,-0.02374331395306673f,0.4946187499999999f,-1.5063673215846332f,0.11699821803773665f,-1.2317906278939097f,-1.225237083333333f,0f,0f,0f,1f], start_interpolation: 0, interpolation_duration: 1 }
$data merge entity $(bone_right_foot) { transformation: [-0.7636973253479945f,-0.6158934157228789f,0.650409556050714f,0.8277710123808596f,0.09182618120783871f,0.7963802803321183f,0.8619381047496885f,-7.3387649158853225f,-0.8910248271387659f,0.6099546249057419f,-0.4686373948534098f,-4.264196366059966f,0f,0f,0f,1f], start_interpolation: 0, interpolation_duration: 1 }
$data merge entity $(bone_right_knee) { transformation: [-1.884499160707504f,-1.346472738321532f,1.7528841281681038f,-0.8254407839102026f,0.22659024154405025f,2.173672766118193f,1.9133040157818935f,-4.5707453864266325f,-2.198692444218552f,1.3780734956188014f,-1.3052178611033685f,-2.64792692804475f,0f,0f,0f,1f], start_interpolation: 0, interpolation_duration: 1 }
$data merge entity $(bone_right_thigh) { transformation: [-1.6904221164141673f,0.15763082075954807f,1.8021205053002367f,-0.6003270192863226f,0.25900278340010224f,2.4621472905374473f,0.02758624347696611f,-1.1327232545926023f,-1.7903640270816186f,0.20735468884219121f,-1.6975315627364072f,-2.292128445662109f,0f,0f,0f,1f], start_interpolation: 0, interpolation_duration: 1 }
$data merge entity $(bone_right_leg) { transformation: [-0.6286916762408867f,0.06459189493439996f,0.7749675240513033f,-0.3714787499999997f,0.08732634820300643f,0.9961052958443756f,-0.012179839913409048f,-1.2865431249999997f,-0.7727359737549114f,0.06001771987981909f,-0.6318836824649583f,-2.3871302083333337f,0f,0f,0f,1f], start_interpolation: 0, interpolation_duration: 1 }
$data merge entity $(bone_left_foot) { transformation: [-0.9583405836853955f,0.029022690642335185f,0.6828849858987801f,-1.5061713528292182f,0.035094373568061096f,1.1765877401343807f,-0.0007547091484478112f,-5.910908599694185f,-0.6825998868165474f,0.019745077105766937f,-0.9587796521227837f,1.7554132755924974f,0f,0f,0f,1f], start_interpolation: 0, interpolation_duration: 1 }
$data merge entity $(bone_left_knee) { transformation: [-2.3648007734008094f,0.11837189040691906f,1.6824488361369117f,-1.2487477758469925f,0.08659885970457054f,2.9021765047954475f,-0.08246733320031562f,-2.31410869641655f,-1.6843831595438212f,-0.016979961978640646f,-2.3663249441423724f,1.691133463400513f,0f,0f,0f,1f], start_interpolation: 0, interpolation_duration: 1 }
$data merge entity $(bone_left_thigh) { transformation: [-2.0157332401365164f,1.3821255781774817f,0.3956780429785855f,0.6359920496369746f,0.07381602798335833f,0.7800299322579504f,-2.3486415694467895f,-1.1818964710098974f,-1.4357518662918614f,-1.9003407362544957f,-0.6762650275670177f,-0.9852663970358735f,0f,0f,0f,1f], start_interpolation: 0, interpolation_duration: 1 }
$data merge entity $(bone_left_leg) { transformation: [-0.6215798398081215f,0.01855339708506822f,0.7831310708947219f,0.6593947916666667f,0.08564129555322571f,0.9953365131022963f,0.04439362771082492f,-1.4794597916666667f,-0.7786552968034541f,0.09466254350040496f,-0.6202700473325782f,-1.144421875f,0f,0f,0f,1f], start_interpolation: 0, interpolation_duration: 1 }
data modify entity @s data merge value {"locators":{"consume":{"posx":-1.5401779170972927,"posy":0.4896083596297657,"posz":4.713361668016093,"roty":87.57192249069985,"rotx":-55.89656658526879}},"cameras":{}}