# This file was generated by Animated Java via MC-Build. It is not recommended to edit this file directly.
$data merge entity $(bone_neck) {transformation: [-1f,0f,0f,0f,0f,0.9848f,0.1736f,1.9448f,0f,0.1736f,-0.9848f,-1.3788f,0f,0f,0f,1f],start_interpolation: 0,interpolation_duration: 1}
$data merge entity $(bone_left_fingers_2) {transformation: [-1f,0f,0f,2.8766f,0f,0.9996f,0.0291f,-0.4685f,0f,0.0291f,-0.9996f,-0.0672f,0f,0f,0f,1f],start_interpolation: 0,interpolation_duration: 1}
$data merge entity $(bone_left_fingers) {transformation: [-1f,0f,0f,2.8904f,0f,0.9996f,0.0291f,-0.446f,0f,0.0291f,-0.9996f,-0.6431f,0f,0f,0f,1f],start_interpolation: 0,interpolation_duration: 1}
$data merge entity $(bone_left_index_finger_2) {transformation: [-1f,0f,0f,2.4297f,0f,0.9996f,0.0291f,-0.435f,0f,0.0291f,-0.9996f,-0.0669f,0f,0f,0f,1f],start_interpolation: 0,interpolation_duration: 1}
$data merge entity $(bone_left_index_finger) {transformation: [-1f,0f,0f,2.4297f,0f,0.9996f,-0.0291f,-0.446f,0f,-0.0291f,-0.9996f,-0.6431f,0f,0f,0f,1f],start_interpolation: 0,interpolation_duration: 1}
$data merge entity $(bone_left_thumb) {transformation: [-0.9967f,0.0746f,0.0305f,2.1674f,0.0739f,0.997f,-0.0235f,-0.6845f,-0.0321f,-0.0211f,-0.9993f,-1.4186f,0f,0f,0f,1f],start_interpolation: 0,interpolation_duration: 1}
$data merge entity $(bone_left_hand) {transformation: [-1f,0f,0f,2.7735f,0f,0.9996f,0.0291f,-0.5419f,0f,0.0291f,-0.9996f,-1.3615f,0f,0f,0f,1f],start_interpolation: 0,interpolation_duration: 1}
$data merge entity $(bone_left_forearm) {transformation: [-2.0013f,0f,0f,2.7326f,0f,2.0011f,-0.0291f,0.3381f,0f,-0.0291f,-2.0011f,-3.4183f,0f,0f,0f,1f],start_interpolation: 0,interpolation_duration: 1}
$data merge entity $(bone_left_bicep) {transformation: [-1.2902f,0f,0f,1.8291f,0f,0.9712f,0.8492f,1.2945f,0f,0.8492f,-0.9712f,-2.1012f,0f,0f,0f,1f],start_interpolation: 0,interpolation_duration: 1}
$data merge entity $(bone_left_shoulder) {transformation: [-1.2328f,0f,0f,1.4243f,0f,0.928f,0.8115f,1.3659f,0f,0.8115f,-0.928f,-2.0046f,0f,0f,0f,1f],start_interpolation: 0,interpolation_duration: 1}
$data merge entity $(bone_right_fingers_2) {transformation: [-1f,0f,0f,-2.8766f,0f,0.9996f,0.0291f,-0.4685f,0f,0.0291f,-0.9996f,-0.0672f,0f,0f,0f,1f],start_interpolation: 0,interpolation_duration: 1}
$data merge entity $(bone_right_fingers) {transformation: [-1f,0f,0f,-2.8904f,0f,0.9996f,0.0291f,-0.446f,0f,0.0291f,-0.9996f,-0.6431f,0f,0f,0f,1f],start_interpolation: 0,interpolation_duration: 1}
$data merge entity $(bone_right_index_finger_2) {transformation: [-1f,0f,0f,-2.4297f,0f,0.9996f,0.0291f,-0.435f,0f,0.0291f,-0.9996f,-0.0669f,0f,0f,0f,1f],start_interpolation: 0,interpolation_duration: 1}
$data merge entity $(bone_right_index_finger) {transformation: [-1f,0f,0f,-2.4297f,0f,0.9996f,-0.0291f,-0.446f,0f,-0.0291f,-0.9996f,-0.6431f,0f,0f,0f,1f],start_interpolation: 0,interpolation_duration: 1}
$data merge entity $(bone_right_thumb) {transformation: [-0.9967f,-0.0746f,-0.0305f,-2.1674f,-0.0739f,0.997f,-0.0235f,-0.6845f,0.0321f,-0.0211f,-0.9993f,-1.4186f,0f,0f,0f,1f],start_interpolation: 0,interpolation_duration: 1}
$data merge entity $(bone_right_hand) {transformation: [-1f,0f,0f,-2.7735f,0f,0.9996f,0.0291f,-0.5419f,0f,0.0291f,-0.9996f,-1.3615f,0f,0f,0f,1f],start_interpolation: 0,interpolation_duration: 1}
$data merge entity $(bone_right_forearm) {transformation: [-2.0013f,0f,0f,-2.7326f,0f,2.0011f,-0.0291f,0.3381f,0f,-0.0291f,-2.0011f,-3.4183f,0f,0f,0f,1f],start_interpolation: 0,interpolation_duration: 1}
$data merge entity $(bone_right_bicep) {transformation: [-1.2902f,0f,0f,-1.8291f,0f,0.9712f,0.8492f,1.2945f,0f,0.8492f,-0.9712f,-2.1012f,0f,0f,0f,1f],start_interpolation: 0,interpolation_duration: 1}
$data merge entity $(bone_right_shoulder) {transformation: [-1.2328f,0f,0f,-1.4243f,0f,0.928f,0.8115f,1.3659f,0f,0.8115f,-0.928f,-2.0046f,0f,0f,0f,1f],start_interpolation: 0,interpolation_duration: 1}
$data merge entity $(bone_chest) {transformation: [-4.0675f,0f,0f,0f,0f,4.0592f,0.2601f,1.5365f,0f,0.2601f,-4.0592f,-1.3608f,0f,0f,0f,1f],start_interpolation: 0,interpolation_duration: 1}
$data merge entity $(bone_weist) {transformation: [-1.1f,0f,0f,0f,0f,1.0958f,0.0959f,1.9214f,0f,0.0959f,-1.0958f,-3.9537f,0f,0f,0f,1f],start_interpolation: 0,interpolation_duration: 1}
$data merge entity $(bone_right_fingers2) {transformation: [-0.9999f,-0.0128f,-0.002f,0.7827f,-0.0129f,0.9794f,0.2016f,-1.1239f,-0.0006f,0.2016f,-0.9795f,-5.0835f,0f,0f,0f,1f],start_interpolation: 0,interpolation_duration: 1}
$data merge entity $(bone_left_foot) {transformation: [-0.9999f,-0.0129f,0.0009f,0.7748f,-0.0129f,0.9996f,-0.0268f,-0.1434f,-0.0006f,-0.0268f,-0.9996f,-4.9093f,0f,0f,0f,1f],start_interpolation: 0,interpolation_duration: 1}
$data merge entity $(bone_left_knee) {transformation: [-1.5849f,-0.0168f,0.0118f,0.7822f,-0.0205f,1.3386f,-0.8485f,0.432f,-0.001f,-0.8486f,-1.3387f,-2.9128f,0f,0f,0f,1f],start_interpolation: 0,interpolation_duration: 1}
$data merge entity $(bone_left_thigh) {transformation: [-1.6035f,-0.0176f,0.011f,0.7385f,-0.0207f,1.3974f,-0.7864f,1.5449f,-0.001f,-0.7865f,-1.3975f,-4.7011f,0f,0f,0f,1f],start_interpolation: 0,interpolation_duration: 1}
$data merge entity $(bone_left_leg) {transformation: [-1f,0f,0f,0.5257f,0f,0.9962f,0.0872f,1.8517f,0f,0.0872f,-0.9962f,-4.9466f,0f,0f,0f,1f],start_interpolation: 0,interpolation_duration: 1}
$data merge entity $(bone_left_fingers2) {transformation: [-0.9999f,0.0129f,-0.0011f,-0.7827f,0.0129f,0.9992f,-0.0384f,-1.1264f,0.0006f,-0.0385f,-0.9993f,-4.7455f,0f,0f,0f,1f],start_interpolation: 0,interpolation_duration: 1}
$data merge entity $(bone_right_foot) {transformation: [-0.9999f,0.0119f,-0.0051f,-0.7749f,0.0129f,0.9353f,-0.3535f,-0.1431f,0.0006f,-0.3535f,-0.9354f,-4.9029f,0f,0f,0f,1f],start_interpolation: 0,interpolation_duration: 1}
$data merge entity $(bone_right_knee) {transformation: [-1.5849f,0.0168f,-0.0118f,-0.782f,0.0205f,1.3386f,-0.8485f,0.4607f,0.001f,-0.8486f,-1.3387f,-2.9196f,0f,0f,0f,1f],start_interpolation: 0,interpolation_duration: 1}
$data merge entity $(bone_right_thigh) {transformation: [-1.6035f,0.0176f,-0.011f,-0.7385f,0.0207f,1.3974f,-0.7864f,1.5591f,0.001f,-0.7865f,-1.3975f,-4.6841f,0f,0f,0f,1f],start_interpolation: 0,interpolation_duration: 1}
$data merge entity $(bone_right_leg) {transformation: [-1f,0f,0f,-0.5257f,0f,0.9962f,0.0872f,1.8517f,0f,0.0872f,-0.9962f,-4.9466f,0f,0f,0f,1f],start_interpolation: 0,interpolation_duration: 1}