# This file was generated by Animated Java via MC-Build. It is not recommended to edit this file directly.
$data merge entity $(bone_neck) {transformation: [-1f,0f,0f,0f,0f,0.8767f,0.481f,2.3173f,0f,0.481f,-0.8767f,-1.253f,0f,0f,0f,1f],start_interpolation: 0,interpolation_duration: 1}
$data merge entity $(bone_left_fingers_2) {transformation: [-0.983f,-0.1536f,0.1008f,3.1364f,-0.1313f,0.9712f,0.199f,-0.3098f,-0.1285f,0.1824f,-0.9748f,0.0961f,0f,0f,0f,1f],start_interpolation: 0,interpolation_duration: 1}
$data merge entity $(bone_left_fingers) {transformation: [-0.983f,-0.1536f,0.1008f,3.2071f,-0.1313f,0.9712f,0.199f,-0.1877f,-0.1285f,0.1824f,-0.9748f,-0.4629f,0f,0f,0f,1f],start_interpolation: 0,interpolation_duration: 1}
$data merge entity $(bone_left_index_finger_2) {transformation: [-0.983f,-0.1536f,0.1008f,2.6825f,-0.1313f,0.9712f,0.199f,-0.2696f,-0.1285f,0.1824f,-0.9748f,0.0494f,0f,0f,0f,1f],start_interpolation: 0,interpolation_duration: 1}
$data merge entity $(bone_left_index_finger) {transformation: [-0.983f,-0.1338f,0.126f,2.7544f,-0.1313f,0.991f,0.0273f,-0.2482f,-0.1285f,0.0103f,-0.9917f,-0.5221f,0f,0f,0f,1f],start_interpolation: 0,interpolation_duration: 1}
$data merge entity $(bone_left_thumb) {transformation: [-0.9773f,0.0589f,0.2037f,2.614f,0.1029f,0.9716f,0.2128f,-0.3831f,-0.1854f,0.229f,-0.9556f,-1.3523f,0f,0f,0f,1f],start_interpolation: 0,interpolation_duration: 1}
$data merge entity $(bone_left_hand) {transformation: [-0.983f,-0.1536f,0.1008f,3.1823f,-0.1313f,0.9712f,0.199f,-0.174f,-0.1285f,0.1824f,-0.9748f,-1.1965f,0f,0f,0f,1f],start_interpolation: 0,interpolation_duration: 1}
$data merge entity $(bone_left_forearm) {transformation: [-1.9454f,-0.4179f,0.215f,3.1236f,-0.382f,1.9394f,0.3131f,1.0101f,-0.2737f,0.2633f,-1.965f,-3.0958f,0f,0f,0f,1f],start_interpolation: 0,interpolation_duration: 1}
$data merge entity $(bone_left_bicep) {transformation: [-1.2541f,-0.3029f,-0.0041f,1.8738f,-0.2462f,1.0091f,0.7652f,1.8643f,-0.1765f,0.7446f,-1.0387f,-2.0121f,0f,0f,0f,1f],start_interpolation: 0,interpolation_duration: 1}
$data merge entity $(bone_left_shoulder) {transformation: [-1.2124f,-0.1616f,0.1537f,1.4368f,-0.0101f,0.8885f,0.8546f,1.9303f,-0.2228f,0.8392f,-0.8751f,-2.0058f,0f,0f,0f,1f],start_interpolation: 0,interpolation_duration: 1}
$data merge entity $(bone_right_fingers_2) {transformation: [-0.983f,0.1536f,-0.1008f,-3.1364f,0.1313f,0.9712f,0.199f,-0.3098f,0.1285f,0.1824f,-0.9748f,0.0961f,0f,0f,0f,1f],start_interpolation: 0,interpolation_duration: 1}
$data merge entity $(bone_right_fingers) {transformation: [-0.983f,0.1536f,-0.1008f,-3.2071f,0.1313f,0.9712f,0.199f,-0.1876f,0.1285f,0.1824f,-0.9748f,-0.4629f,0f,0f,0f,1f],start_interpolation: 0,interpolation_duration: 1}
$data merge entity $(bone_right_index_finger_2) {transformation: [-0.983f,0.1536f,-0.1008f,-2.6825f,0.1313f,0.9712f,0.199f,-0.2696f,0.1285f,0.1824f,-0.9748f,0.0494f,0f,0f,0f,1f],start_interpolation: 0,interpolation_duration: 1}
$data merge entity $(bone_right_index_finger) {transformation: [-0.983f,0.1338f,-0.126f,-2.7544f,0.1313f,0.991f,0.0273f,-0.2481f,0.1285f,0.0103f,-0.9917f,-0.5221f,0f,0f,0f,1f],start_interpolation: 0,interpolation_duration: 1}
$data merge entity $(bone_right_thumb) {transformation: [-0.9773f,-0.0589f,-0.2037f,-2.614f,-0.1029f,0.9716f,0.2128f,-0.3831f,0.1854f,0.229f,-0.9556f,-1.3523f,0f,0f,0f,1f],start_interpolation: 0,interpolation_duration: 1}
$data merge entity $(bone_right_hand) {transformation: [-0.983f,0.1536f,-0.1008f,-3.1823f,0.1313f,0.9712f,0.199f,-0.174f,0.1285f,0.1824f,-0.9748f,-1.1965f,0f,0f,0f,1f],start_interpolation: 0,interpolation_duration: 1}
$data merge entity $(bone_right_forearm) {transformation: [-1.9454f,0.4179f,-0.215f,-3.1236f,0.382f,1.9394f,0.3131f,1.0101f,0.2737f,0.2633f,-1.965f,-3.0958f,0f,0f,0f,1f],start_interpolation: 0,interpolation_duration: 1}
$data merge entity $(bone_right_bicep) {transformation: [-1.2541f,0.3029f,0.0041f,-1.8738f,0.2462f,1.0091f,0.7652f,1.8643f,0.1765f,0.7446f,-1.0387f,-2.0121f,0f,0f,0f,1f],start_interpolation: 0,interpolation_duration: 1}
$data merge entity $(bone_right_shoulder) {transformation: [-1.2124f,0.1616f,-0.1537f,-1.4368f,0.0101f,0.8885f,0.8546f,1.9303f,0.2228f,0.8392f,-0.8751f,-2.0058f,0f,0f,0f,1f],start_interpolation: 0,interpolation_duration: 1}
$data merge entity $(bone_chest) {transformation: [-4.0675f,0f,0f,0f,0f,3.8282f,1.3745f,1.9249f,0f,1.3745f,-3.8282f,-1.3672f,0f,0f,0f,1f],start_interpolation: 0,interpolation_duration: 1}
$data merge entity $(bone_weist) {transformation: [-1.1f,0f,0f,0f,0f,1.0068f,0.443f,3.0595f,0f,0.443f,-1.0068f,-3.6788f,0f,0f,0f,1f],start_interpolation: 0,interpolation_duration: 1}
$data merge entity $(bone_right_fingers2) {transformation: [-0.9998f,-0.0163f,-0.007f,0.8045f,-0.0165f,0.71f,0.704f,0.0154f,-0.0066f,0.704f,-0.7102f,-5.7176f,0f,0f,0f,1f],start_interpolation: 0,interpolation_duration: 1}
$data merge entity $(bone_left_foot) {transformation: [-0.9998f,-0.0174f,0.0035f,0.7916f,-0.0165f,0.9839f,0.178f,0.9396f,-0.0066f,0.1779f,-0.984f,-5.3469f,0f,0f,0f,1f],start_interpolation: 0,interpolation_duration: 1}
$data merge entity $(bone_left_knee) {transformation: [-1.5848f,-0.0181f,0.0216f,0.7872f,-0.0262f,1.3943f,-0.7534f,1.3749f,-0.0104f,-0.7536f,-1.3943f,-3.3152f,0f,0f,0f,1f],start_interpolation: 0,interpolation_duration: 1}
$data merge entity $(bone_left_thigh) {transformation: [-1.6034f,-0.0242f,0.0151f,0.7385f,-0.0265f,1.5772f,-0.289f,3.0087f,-0.0105f,-0.2892f,-1.5773f,-4.6443f,0f,0f,0f,1f],start_interpolation: 0,interpolation_duration: 1}
$data merge entity $(bone_left_leg) {transformation: [-1f,0f,0f,0.5257f,0f,0.9153f,0.4027f,3.3428f,0f,0.4027f,-0.9153f,-4.7391f,0f,0f,0f,1f],start_interpolation: 0,interpolation_duration: 1}
$data merge entity $(bone_left_fingers2) {transformation: [-0.9998f,0.0178f,0.0005f,-0.8009f,0.0165f,0.9179f,0.3965f,-0.0616f,0.0066f,0.3965f,-0.918f,-4.9287f,0f,0f,0f,1f],start_interpolation: 0,interpolation_duration: 1}
$data merge entity $(bone_right_foot) {transformation: [-0.9998f,0.0117f,-0.0134f,-0.7916f,0.0165f,0.8898f,-0.456f,0.8979f,0.0066f,-0.4562f,-0.8899f,-5.1954f,0f,0f,0f,1f],start_interpolation: 0,interpolation_duration: 1}
$data merge entity $(bone_right_knee) {transformation: [-1.5848f,0.0166f,-0.0227f,-0.7848f,0.0262f,1.342f,-0.843f,1.4935f,0.0104f,-0.8432f,-1.3421f,-3.2096f,0f,0f,0f,1f],start_interpolation: 0,interpolation_duration: 1}
$data merge entity $(bone_right_thigh) {transformation: [-1.6034f,0.0231f,-0.0167f,-0.7385f,0.0265f,1.5549f,-0.3916f,3.0167f,0.0105f,-0.3918f,-1.555f,-4.6237f,0f,0f,0f,1f],start_interpolation: 0,interpolation_duration: 1}
$data merge entity $(bone_right_leg) {transformation: [-1f,0f,0f,-0.5257f,0f,0.9153f,0.4027f,3.3428f,0f,0.4027f,-0.9153f,-4.7391f,0f,0f,0f,1f],start_interpolation: 0,interpolation_duration: 1}