# This file was generated by Animated Java via MC-Build. It is not recommended to edit this file directly.
$data merge entity $(bone_right_thumb_2) { transformation: [0.1541080310903768f,-0.9442540343349448f,-0.29092100885915495f,-0.12492471263926402f,0.7677194164604619f,0.2997826461716455f,-0.5663367043057813f,0.2755594052081242f,0.6219787876954129f,-0.13606867272266268f,0.771121069586636f,0.16399005410456519f,0f,0f,0f,1f], start_interpolation: 0, interpolation_duration: 1 }
$data merge entity $(bone_right_thumb) { transformation: [0.1541080310903768f,-0.9442540343349448f,-0.29092100885915495f,-0.36849763059387725f,0.7677194164604619f,0.2997826461716455f,-0.5663367043057813f,0.558961415079836f,0.6219787876954129f,-0.13606867272266268f,0.771121069586636f,0.22549366632939882f,0f,0f,0f,1f], start_interpolation: 0, interpolation_duration: 1 }
$data merge entity $(bone_right_fingers_2) { transformation: [-0.18832504376172796f,0.7803357867917508f,-0.5963302254156185f,0.04473094498586214f,-0.7462519692810837f,-0.5084370743790116f,-0.42965071830617924f,-0.12008227976576591f,-0.6384682264891869f,0.364098614730969f,0.6780785518763602f,0.479669163983795f,0f,0f,0f,1f], start_interpolation: 0, interpolation_duration: 1 }
$data merge entity $(bone_right_fingers) { transformation: [0.7982412568226636f,0.08485963800259827f,-0.5963302254156185f,0.11446219763481136f,-0.40668189673803057f,0.8062320355360125f,-0.42965071830617924f,0.21251847220724834f,0.44432052706546477f,0.5854816365297257f,0.6780785518763602f,0.7641900429751428f,0f,0f,0f,1f], start_interpolation: 0, interpolation_duration: 1 }
$data merge entity $(bone_right_hand) { transformation: [0.22218356900858402f,-0.7713784569965417f,-0.5963302254156185f,-0.4989532628287421f,0.7233639890639894f,0.5405042086648513f,-0.42965071830617924f,0.6200926505779472f,0.6537423047256776f,-0.3359024806357013f,0.6780785518763602f,0.4702871230845682f,0f,0f,0f,1f], start_interpolation: 0, interpolation_duration: 1 }
$data merge entity $(bone_right_forearm) { transformation: [-0.8891736190303211f,-1.5335444421054183f,-0.4294651102727789f,-2.7318705749517345f,0.5113023809676025f,0.19092932195341647f,-1.7403862878306002f,0.8069314927305475f,1.5082336397491234f,-0.9688219649344754f,0.33681426606235165f,-1.0098673952782355f,0f,0f,0f,1f], start_interpolation: 0, interpolation_duration: 1 }
$data merge entity $(bone_right_bicep) { transformation: [-0.8949365177940264f,0.2751159406693495f,-1.2780979634565686f,-2.2834012709352347f,0.04408924644872515f,1.554333897733076f,0.30370516720825463f,3.2283588491840067f,1.3066289922352834f,0.1359849603119012f,-0.885642886892163f,-0.7901509884079515f,0f,0f,0f,1f], start_interpolation: 0, interpolation_duration: 1 }
$data merge entity $(bone_right_shoulder) { transformation: [-1.0121562039202492f,0.044190468775595f,0.000001408646454237807f,-1.827643125f,0.044022438318397354f,1.0083047523510293f,0.08829796134493745f,3.4276187993074703f,0.003849994427791003f,0.08821398711407584f,-1.0092653014382214f,-0.7520389380836099f,0f,0f,0f,1f], start_interpolation: 0, interpolation_duration: 1 }
$data merge entity $(bone_left_thumb_2) { transformation: [-0.9317136357743492f,-0.054925573211546314f,0.3598199096971839f,2.261825047432596f,-0.2905438333189067f,0.7386251127692323f,-0.6559808816956767f,-2.3324835920032108f,-0.22330416864170732f,-0.693977672972844f,-0.6845137391931776f,0.525201755485542f,0f,0f,0f,1f], start_interpolation: 0, interpolation_duration: 1 }
$data merge entity $(bone_left_thumb) { transformation: [-0.9317136357743492f,-0.054925573211546314f,0.3598199096971839f,2.4331806947307597f,-0.2905438333189067f,0.7386251127692323f,-0.6559808816956767f,-2.014917803895095f,-0.22330416864170732f,-0.693977672972844f,-0.6845137391931776f,0.3900797090129323f,0f,0f,0f,1f], start_interpolation: 0, interpolation_duration: 1 }
$data merge entity $(bone_left_fingers_2) { transformation: [0.8500012263944725f,0.4330505626326041f,0.30090299172065504f,2.409223033626398f,0.5323242482285122f,-0.7971938173116042f,-0.37604069704135046f,-2.9182590534093604f,0.07534980890909022f,0.46480727622417234f,-0.8822162001052931f,0.49561713581577016f,0f,0f,0f,1f], start_interpolation: 0, interpolation_duration: 1 }
$data merge entity $(bone_left_fingers) { transformation: [-0.42188728985167534f,0.8555968614541144f,0.30090299172065504f,2.8085362749980955f,0.8040934289054199f,0.5218436980581664f,-0.37604069704135046f,-2.7291281935017286f,-0.46378115653220103f,0.08142749277255551f,-0.8822162001052931f,0.5457636179645089f,0f,0f,0f,1f], start_interpolation: 0, interpolation_duration: 1 }
$data merge entity $(bone_left_hand) { transformation: [-0.9422191884984426f,-0.1491907352815814f,0.30090299172065504f,2.6560973394734844f,-0.25992400769972235f,0.9226736139248879f,-0.37604069704135046f,-2.0036901169582775f,-0.2152952742269847f,-0.4187736173985868f,-0.8822162001052931f,0.21437120337172966f,0f,0f,0f,1f], start_interpolation: 0, interpolation_duration: 1 }
$data merge entity $(bone_left_forearm) { transformation: [-1.7399636548178303f,-0.00751618538807661f,0.5488348954025594f,2.588150532005301f,-0.21256178815028223f,1.7354530515694881f,-0.6858830330919178f,0.5117015328716348f,-0.5043153824396794f,-0.6951990559524576f,-1.609126692753967f,-0.8966816662214926f,0f,0f,0f,1f], start_interpolation: 0, interpolation_duration: 1 }
$data merge entity $(bone_left_bicep) { transformation: [-1.5567392707171943f,-0.15890862483094917f,0.25078878192039744f,2.332290648737403f,-0.1467719500590084f,1.6237270430217623f,0.058722429555642275f,3.04426715731114f,-0.2552555456131771f,0.03550055000914619f,-1.5632630037883812f,-0.821883251261324f,0f,0f,0f,1f], start_interpolation: 0, interpolation_duration: 1 }
$data merge entity $(bone_left_shoulder) { transformation: [-1.0120186296507765f,-0.03661237410526057f,0.029846372794381366f,1.877643125f,-0.03598319734695272f,1.0122503856382767f,0.021618162518823304f,3.249288807014327f,-0.03060198384574107f,0.020534592870968867f,-1.01244991369804f,-0.8102946360772603f,0f,0f,0f,1f], start_interpolation: 0, interpolation_duration: 1 }
$data merge entity $(bone_right_foot) { transformation: [-1.1489416410079452f,0.03780317402699491f,0.2531697463521608f,-1.6154032500157436f,0.05041337015399041f,1.1748198548596067f,0.053363804342748886f,-3.719678290737954f,-0.2509631298502819f,0.0629295124540082f,-1.148324117483654f,0.2864583254025759f,0f,0f,0f,1f], start_interpolation: 0, interpolation_duration: 1 }
$data merge entity $(bone_right_knee) { transformation: [-2.832958316988448f,0.14858226279384787f,0.6238582963486695f,-1.4731388508845995f,0.3614446765526836f,2.7040015325807336f,0.9973275019404548f,-0.32183868271250615f,-0.529748627682725f,1.05034647213104f,-2.6557611655576574f,1.4872143763954366f,0f,0f,0f,1f], start_interpolation: 0, interpolation_duration: 1 }
$data merge entity $(bone_right_thigh) { transformation: [-2.4147861890549827f,0.3629576040662082f,-0.40875684916450333f,-0.9084999999999996f,0.30809193619717656f,-0.6256448487927665f,-2.3756389887708966f,-1.1632356249999998f,-0.45155259155346433f,-2.367877324476218f,0.5650397828752916f,-1.8249600000000001f,0f,0f,0f,1f], start_interpolation: 0, interpolation_duration: 1 }
$data merge entity $(bone_left_foot) { transformation: [-1.0999001307638339f,0.41791307437176917f,-0.03404789995578687f,0.8763315237443668f,-0.14893549475658424f,-0.30004585582394044f,1.1284421109126745f,-3.1343818391836717f,0.39195511940000816f,1.058731335867876f,0.3332417106307525f,-2.936494714819787f,0f,0f,0f,1f], start_interpolation: 0, interpolation_duration: 1 }
$data merge entity $(bone_left_knee) { transformation: [-2.820764929265962f,0.6505972221699482f,-0.2386150809608717f,1.7387427062373346f,-0.3377774368152278f,-0.41754007034324153f,2.8545569501010695f,-3.5473344405677487f,0.6050787597790482f,2.7998771817164645f,0.48114046836837704f,0.5410166708957169f,0f,0f,0f,1f], start_interpolation: 0, interpolation_duration: 1 }
$data merge entity $(bone_left_thigh) { transformation: [-2.4043926636389954f,-0.5709327551386116f,-0.1514741928114217f,0.8928750000000003f,-0.28791821062262746f,1.6871662992093799f,-1.7890180842414791f,-1.1632356249999998f,0.5157632654327972f,-1.7197436991775898f,-1.7048409269219633f,-1.8249599999999997f,0f,0f,0f,1f], start_interpolation: 0, interpolation_duration: 1 }
data modify entity @s data merge value {"locators":{"consume":{"posx":2.5748668792925264,"posy":-2.788576959862914,"posz":0.672371123082791,"roty":18.77741822737454,"rotx":-21.313712275665342}},"cameras":{}}