# This file was generated by Animated Java via MC-Build. It is not recommended to edit this file directly.
$data merge entity $(bone_right_thumb_2) { transformation: [0.15408766417241287f,-0.9442514796971899f,-0.29094008805861943f,-0.12491434867320461f,0.7677300077644621f,0.2997766273332365f,-0.5663255326070763f,0.2755869104087688f,0.6219707605087786f,-0.13609965758361497f,0.7711220761187909f,0.16407360975763532f,0f,0f,0f,1f], start_interpolation: 0, interpolation_duration: 1 }
$data merge entity $(bone_right_thumb) { transformation: [0.15408766417241287f,-0.9442514796971899f,-0.29094008805861943f,-0.368490123916897f,0.7677300077644621f,0.2997766273332365f,-0.5663255326070763f,0.5589889153779805f,0.6219707605087786f,-0.13609965758361497f,0.7711220761187909f,0.22556592773978976f,0f,0f,0f,1f], start_interpolation: 0, interpolation_duration: 1 }
$data merge entity $(bone_right_fingers_2) { transformation: [-0.18830430687995198f,0.7803277576350692f,-0.5963472802609947f,0.044734164087641054f,-0.7462629638768954f,-0.5084280685809902f,-0.4296422789073198f,-0.12004902720540006f,-0.6384614919915936f,0.3641283973315294f,0.6780689002606148f,0.4797637623654201f,0f,0f,0f,1f], start_interpolation: 0, interpolation_duration: 1 }
$data merge entity $(bone_right_fingers) { transformation: [0.7982305896503138f,0.08484012654296894f,-0.5963472802609947f,0.1144561755605854f,-0.4066715329031333f,0.8062417605790092f,-0.4296422789073198f,0.2125565665970659f,0.44434917584342143f,0.5854710722372475f,0.6780689002606148f,0.7642812459731783f,0f,0f,0f,1f], start_interpolation: 0, interpolation_duration: 1 }
$data merge entity $(bone_right_hand) { transformation: [0.2221625016368291f,-0.7713713400119172f,-0.5963472802609947f,-0.49895279217509936f,0.7233753660227744f,0.5404956910158876f,-0.4296422789073198f,0.620123542411821f,0.6537368757366245f,-0.33593252864448453f,0.6780689002606148f,0.4703547877270291f,0f,0f,0f,1f], start_interpolation: 0, interpolation_duration: 1 }
$data merge entity $(bone_right_forearm) { transformation: [-0.8892130930799739f,-1.5335256363355136f,-0.42945053199456085f,-2.731840050397714f,0.5113063665244245f,0.19090021257910064f,-1.7403883101257467f,0.8069192993543699f,1.5082090161115747f,-0.9688574679345353f,0.33682240451125545f,-1.0098505058727032f,0f,0f,0f,1f], start_interpolation: 0, interpolation_duration: 1 }
$data merge entity $(bone_right_bicep) { transformation: [-0.8949539761024529f,0.27509805687518235f,-1.2780895882704844f,-2.2833987091691372f,0.04409425473385194f,1.5543382366753968f,0.3036822329208448f,3.2283537074091795f,1.3066168655123749f,0.13597154480192897f,-0.8856628374535651f,-0.7901547397788041f,0f,0f,0f,1f], start_interpolation: 0, interpolation_duration: 1 }
$data merge entity $(bone_right_shoulder) { transformation: [-1.0121567102722224f,0.044178867483234116f,0.000013625390658729797f,-1.827643125f,0.044011986854870566f,1.0083061749062858f,0.0882869261316822f,3.4276187993074703f,0.0038363434203850804f,0.08820353723402051f,-1.009266266728165f,-0.7520389380836099f,0f,0f,0f,1f], start_interpolation: 0, interpolation_duration: 1 }
$data merge entity $(bone_left_thumb_2) { transformation: [-0.5652247250094522f,0.6269129766076692f,0.5547555617166354f,0.2964589374988851f,-0.3641249951946674f,0.734588682801844f,-0.99300224411299f,-2.848927499310476f,-0.773763733345535f,-0.6348999156364392f,-0.0983777260759956f,1.7790570170388944f,0f,0f,0f,1f], start_interpolation: 0, interpolation_duration: 1 }
$data merge entity $(bone_left_thumb) { transformation: [-0.5652247250094522f,0.6269129766076692f,0.5547555617166354f,0.5886259983264983f,-0.3641249951946674f,0.734588682801844f,-0.99300224411299f,-2.5023102067320817f,-0.773763733345535f,-0.6348999156364392f,-0.0983777260759956f,1.7574644880919674f,0f,0f,0f,1f], start_interpolation: 0, interpolation_duration: 1 }
$data merge entity $(bone_left_fingers_2) { transformation: [-0.7573793809711493f,0.34273994230397764f,0.5737232856402669f,0.7692920220026122f,-0.33938706237408645f,0.942133881971534f,-0.809605565799689f,-3.4753680980785817f,-0.6090793360568916f,-0.6776297612302978f,-0.4258246869162555f,2.703098606882965f,0f,0f,0f,1f], start_interpolation: 0, interpolation_duration: 1 }
$data merge entity $(bone_left_fingers) { transformation: [-0.820279928964469f,0.13503715380894607f,0.5737232856402669f,0.8720441085096764f,-0.5716649203461124f,0.8221916130144709f,-0.809605565799689f,-3.093138123615107f,-0.4129419732216753f,-0.8121814191843615f,-0.4258246869162555f,2.360946978066577f,0f,0f,0f,1f], start_interpolation: 0, interpolation_duration: 1 }
$data merge entity $(bone_left_hand) { transformation: [-0.8308882059548122f,0.026813876556157912f,0.5737232856402669f,0.8604282062350229f,-0.6740917882268629f,0.7405404045092845f,-0.809605565799689f,-2.522171072264456f,-0.3033982493581794f,-0.8591328379260837f,-0.4258246869162555f,1.6738166717151501f,0f,0f,0f,1f], start_interpolation: 0, interpolation_duration: 1 }
$data merge entity $(bone_left_forearm) { transformation: [-1.4073829551452144f,0.5642917007268919f,1.0464480850250522f,1.6690131676711046f,-0.6933952783914935f,1.6897769387813681f,-1.4766878304603483f,-0.12800898166049324f,-1.055966503479728f,-1.283251279781131f,-0.7766870185208206f,-0.29356348691600076f,0f,0f,0f,1f], start_interpolation: 0, interpolation_duration: 1 }
$data merge entity $(bone_left_bicep) { transformation: [-1.5158674190746833f,0.35286431104221955f,0.37229566334454123f,2.2103096251606136f,0.21184299025033046f,2.0117146165370303f,-0.2656785510431702f,3.015252528587962f,-0.40914920402362204f,-0.26574137624219074f,-1.5168867467460967f,-0.6898995115631962f,0f,0f,0f,1f], start_interpolation: 0, interpolation_duration: 1 }
$data merge entity $(bone_left_shoulder) { transformation: [-1.0073418805804182f,0.004587398121925079f,0.10795494464830153f,1.765143125f,-0.015267518430048234f,0.996008808119528f,-0.18478727146680266f,3.2300501739522582f,-0.10696829986746086f,-0.18536015913250778f,-0.9902587403788349f,-0.757436926158053f,0f,0f,0f,1f], start_interpolation: 0, interpolation_duration: 1 }
$data merge entity $(bone_right_foot) { transformation: [-1.1489405198255898f,0.03779910004973107f,0.253175442756396f,-1.6154058718895616f,0.05041052086979966f,1.1748197698494325f,0.05336836734551026f,-3.719687451734804f,-0.2509688350475059f,0.062933546562388f,-1.148322649532152f,0.2864463556801118f,0f,0f,0f,1f], start_interpolation: 0, interpolation_duration: 1 }
$data merge entity $(bone_right_knee) { transformation: [-2.8329567649018146f,0.1485682597168346f,0.6238686792392941f,-1.473158460459632f,0.3614373598825195f,2.703998573100515f,0.9973381773929869f,-0.3218513151298419f,-0.5297619197452987f,1.0503560717247855f,-2.6557547174979628f,1.4872142424282602f,0f,0f,0f,1f], start_interpolation: 0, interpolation_duration: 1 }
$data merge entity $(bone_right_thigh) { transformation: [-2.414784866071392f,0.36297170004552637f,-0.4087521480037656f,-0.9084999999999996f,0.3080856995385021f,-0.6256359478716723f,-2.3756421416976194f,-1.1632356249999998f,-0.4515639215786661f,-2.367877515547593f,0.5650299275540381f,-1.8249600000000001f,0f,0f,0f,1f], start_interpolation: 0, interpolation_duration: 1 }
$data merge entity $(bone_left_foot) { transformation: [-1.0999050803385535f,0.4178982639373789f,-0.034069783094810735f,0.8763533185234336f,-0.14895322057575186f,-0.3000460112670943f,1.1284397299277353f,-3.134382645293483f,0.39193449350894605f,1.0587371378191064f,0.33324753664063955f,-2.9364936094675924f,0f,0f,0f,1f], start_interpolation: 0, interpolation_duration: 1 }
$data merge entity $(bone_left_knee) { transformation: [-2.820769810043792f,0.6505689665197728f,-0.23863442140841723f,1.7387288839343982f,-0.3377910050733236f,-0.4175350256205979f,2.8545560824418184f,-3.5473287119682375f,0.6050484312607458f,2.7998844995312613f,0.48113602405921513f,0.5410273849564124f,0f,0f,0f,1f], start_interpolation: 0, interpolation_duration: 1 }
$data merge entity $(bone_left_thigh) { transformation: [-2.404396823966673f,-0.5709224817483166f,-0.15144687409247123f,0.8928750000000003f,-0.2879297760742131f,1.6871623525879371f,-1.7890199448298088f,-1.1632356249999998f,0.5157374136979898f,-1.7197509816201126f,-1.7048414014998075f,-1.8249599999999997f,0f,0f,0f,1f], start_interpolation: 0, interpolation_duration: 1 }
data modify entity @s data merge value {"locators":{"consume":{"posx":0.6052197471705041,"posy":-3.156200351318301,"posz":2.4273554869722087,"roty":50.69084245089664,"rotx":-42.04325462199647}},"cameras":{}}