# This file was generated by Animated Java via MC-Build. It is not recommended to edit this file directly.
$data merge entity $(bone_right_thumb_2) { transformation: [0.154015249047051f,-0.944242388889559f,-0.2910079278733037f,-0.12487752013849995f,0.7677676616855693f,0.2997552241864899f,-0.5662858140928307f,0.27568471280529877f,0.6219422165529912f,-0.13620982562593006f,0.7711256464883696f,0.16437069198298093f,0f,0f,0f,1f], start_interpolation: 0, interpolation_duration: 1 }
$data merge entity $(bone_right_thumb) { transformation: [0.154015249047051f,-0.944242388889559f,-0.2910079278733037f,-0.3684634520469324f,0.7677676616855693f,0.2997552241864899f,-0.5662858140928307f,0.5590866987213066f,0.6219422165529912f,-0.13620982562593006f,0.7711256464883696f,0.2258228524992446f,0f,0f,0f,1f], start_interpolation: 0, interpolation_duration: 1 }
$data merge entity $(bone_right_fingers_2) { transformation: [-0.1882305759738365f,0.780299201404831f,-0.5964079195949201f,0.044745585038588956f,-0.7463020517984266f,-0.5083960461829589f,-0.4296122760198926f,-0.11993078980011718f,-0.6384375441262954f,0.36423428794186496f,0.6780345756209389f,0.4801001042265699f,0f,0f,0f,1f], start_interpolation: 0, interpolation_duration: 1 }
$data merge entity $(bone_right_fingers) { transformation: [0.7981926539081597f,0.08477075375097345f,-0.5964079195949201f,0.11443473918941371f,-0.4066346824635971f,0.8062763343362723f,-0.4296122760198926f,0.21269201758278278f,0.44445103472123715f,0.5854335077510977f,0.6780345756209389f,0.7646055140054984f,0f,0f,0f,1f], start_interpolation: 0, interpolation_duration: 1 }
$data merge entity $(bone_right_hand) { transformation: [0.22208759530093033f,-0.7713460270578373f,-0.5964079195949201f,-0.4989511368559185f,0.7234158135386497f,0.5404654040872744f,-0.4296122760198926f,0.6202333829254538f,0.6537175695479382f,-0.3360393630616355f,0.6780345756209389f,0.4705953663350464f,0f,0f,0f,1f], start_interpolation: 0, interpolation_duration: 1 }
$data merge entity $(bone_right_forearm) { transformation: [-0.8893534421300714f,-1.53345876133338f,-0.42939870038787653f,-2.7317315222276815f,0.5113205291634176f,0.19079671397308426f,-1.7403954987377501f,0.8068759505036969f,1.508121458325205f,-0.9689836958692735f,0.33685134067135186f,-1.009790453852462f,0f,0f,0f,1f], start_interpolation: 0, interpolation_duration: 1 }
$data merge entity $(bone_right_bicep) { transformation: [-0.8950160503864213f,0.2750344727900171f,-1.2780598046301728f,-2.283389600037862f,0.04411205914878927f,1.5543536608772273f,0.30360069011568636f,3.228335425996837f,1.3065737452099102f,0.13592384477414055f,-0.8857337707423548f,-0.790168077884438f,0f,0f,0f,1f], start_interpolation: 0, interpolation_duration: 1 }
$data merge entity $(bone_right_shoulder) { transformation: [-1.012158508270901f,0.04413762052123558f,0.00005706476729829399f,-1.827643125f,0.04397482602221217f,1.0083112308400586f,0.08824769178262949f,3.4276187993074703f,0.003787806486666747f,0.08816638182078929f,-1.0092696965159957f,-0.7520389380836099f,0f,0f,0f,1f], start_interpolation: 0, interpolation_duration: 1 }
$data merge entity $(bone_left_thumb_2) { transformation: [-0.3942177395409504f,0.8954511112814382f,-0.2067841414036889f,0.5589872659674833f,-0.9188554213315551f,-0.3882614277666482f,0.07041149336730657f,4.346890534369704f,-0.017236255998156647f,0.2177621891271328f,0.9758496505434252f,1.6963434901314176f,0f,0f,0f,1f], start_interpolation: 0, interpolation_duration: 1 }
$data merge entity $(bone_left_thumb) { transformation: [-0.3942177395409504f,0.8954511112814382f,-0.2067841414036889f,0.9283023157193643f,-0.9188554213315551f,-0.3882614277666482f,0.07041149336730657f,4.425460595566836f,-0.017236255998156647f,0.2177621891271328f,0.9758496505434252f,1.7256743507938297f,0f,0f,0f,1f], start_interpolation: 0, interpolation_duration: 1 }
$data merge entity $(bone_left_fingers_2) { transformation: [0.9539705488700767f,0.29874432619077573f,0.026306262701946637f,0.19444460342848646f,-0.28887565399373344f,0.9389243976379547f,-0.18700757217261751f,4.736620660753289f,-0.08056704300281235f,0.17080047742621673f,0.9820061855674636f,2.026259236562542f,0f,0f,0f,1f], start_interpolation: 0, interpolation_duration: 1 }
$data merge entity $(bone_left_fingers) { transformation: [0.5749716985653943f,0.8177502836388877f,0.026306262701946637f,0.5280913040576353f,-0.8007614230619771f,0.5690424512159533f,-0.18700757217261751f,5.023281976459753f,-0.1678948753970242f,0.08645902106002767f,0.9820061855674636f,2.0805087308250467f,0f,0f,0f,1f], start_interpolation: 0, interpolation_duration: 1 }
$data merge entity $(bone_left_hand) { transformation: [-0.6739196842750097f,0.7383361292049356f,0.026306262701946637f,1.0901243817903596f,-0.728870366267935f,-0.6586168515355112f,-0.18700757217261751f,4.478646818040423f,-0.1207486990535211f,-0.14520193932631476f,0.9820061855674636f,1.9529723513943043f,0f,0f,0f,1f], start_interpolation: 0, interpolation_duration: 1 }
$data merge entity $(bone_left_forearm) { transformation: [-1.1071525552832306f,1.4487027130738115f,0.047981559956899796f,3.172803157722091f,-1.4290705740663634f,-1.080851778115249f,-0.3410942534201457f,2.8097332967968764f,-0.24248520635485207f,-0.24463941732923794f,1.7911395930583869f,1.654873963543439f,0f,0f,0f,1f], start_interpolation: 0, interpolation_duration: 1 }
$data merge entity $(bone_left_bicep) { transformation: [-0.9617025271718594f,-0.618025136663468f,1.0969538438634816f,2.369954844253146f,-1.241329188130699f,0.6963227125738615f,-0.6959677309560166f,3.7642805155048444f,-0.21062918081202858f,-1.2819181589670177f,-0.9068934544832555f,-0.340627765719448f,0f,0f,0f,1f], start_interpolation: 0, interpolation_duration: 1 }
$data merge entity $(bone_left_shoulder) { transformation: [-0.7130488751836103f,-0.16103620320892004f,0.701456785213661f,2.0062145535714286f,-0.5936169447369648f,0.6899049989237052f,-0.44504268789417734f,3.6625419545039475f,-0.4069314477739221f,-0.7242316013424007f,-0.5799209972888394f,-0.6665339022521921f,0f,0f,0f,1f], start_interpolation: 0, interpolation_duration: 1 }
$data merge entity $(bone_right_foot) { transformation: [-1.1489365331143524f,0.03778461446460727f,0.2531956963723836f,-1.615415192855008f,0.05040039011208576f,1.1748194673796284f,0.053384591587435984f,-3.7197200241816133f,-0.2509891201392699f,0.06294788997392035f,-1.1483174298059349f,0.2864037961719912f,0f,0f,0f,1f], start_interpolation: 0, interpolation_duration: 1 }
$data merge entity $(bone_right_knee) { transformation: [-2.832951245721807f,0.14851847035385576f,0.6239055953115341f,-1.4732281829558609f,0.36141134507192085f,2.703988049830411f,0.9973761349469171f,-0.32189623122749145f,-0.5298091803192863f,1.0503902031493335f,-2.655731790319069f,1.4872137650569306f,0f,0f,0f,1f], start_interpolation: 0, interpolation_duration: 1 }
$data merge entity $(bone_right_thigh) { transformation: [-2.4147801615758904f,0.36302181878930273f,-0.40873543188899697f,-0.9084999999999996f,0.3080635247662974f,-0.6256042995509397f,-2.375653351823662f,-1.1632356249999998f,-0.45160420603349466f,-2.3678781941656846f,0.5649948863720555f,-1.8249600000000001f,0f,0f,0f,1f], start_interpolation: 0, interpolation_duration: 1 }
$data merge entity $(bone_left_foot) { transformation: [-1.0999226735480976f,0.41784560439695534f,-0.03414759109381969f,0.8764308107081785f,-0.14901624587010898f,-0.3000465649046156f,1.1284312616337258f,-3.1343855101763185f,0.3918611559700029f,1.0587577648601427f,0.33326824731253596f,-2.9364896781258993f,0f,0f,0f,1f], start_interpolation: 0, interpolation_duration: 1 }
$data merge entity $(bone_left_knee) { transformation: [-2.8207871607900628f,0.6504685009930598f,-0.23870318655561223f,1.738679736333621f,-0.33783924787202796f,-0.4175170910472463f,2.8545529964978287f,-3.5473083451114924f,0.6049405959705664f,2.7999105157903363f,0.4811202214077978f,0.5410654773111248f,0f,0f,0f,1f], start_interpolation: 0, interpolation_duration: 1 }
$data merge entity $(bone_left_thigh) { transformation: [-2.404411613574488f,-0.5708859530107913f,-0.15134974100456614f,0.8928750000000003f,-0.28797089776786244f,1.6871483212487088f,-1.7890265585187652f,-1.1632356249999998f,0.5156454959426678f,-1.7197768732314334f,-1.7048430871348292f,-1.8249599999999997f,0f,0f,0f,1f], start_interpolation: 0, interpolation_duration: 1 }
data modify entity @s data merge value {"locators":{"consume":{"posx":0.33108467910369976,"posy":4.948574593245611,"posz":1.908150892538746,"roty":178.46551124887887,"rotx":-10.778200789702101}},"cameras":{}}