# This file was generated by Animated Java via MC-Build. It is not recommended to edit this file directly.
$data merge entity $(bone_right_thumb_2) { transformation: [0.154001671312397f,-0.9442406830334716f,-0.2910206483008916f,-0.12487061845892439f,0.7677747210922061f,0.29975121060432375f,-0.5662783674069025f,0.27570305181931626f,0.6219368640664206f,-0.13623048207257138f,0.7711263144709183f,0.16442639411091373f,0f,0f,0f,1f], start_interpolation: 0, interpolation_duration: 1 }
$data merge entity $(bone_right_thumb) { transformation: [0.154001671312397f,-0.9442406830334716f,-0.2910206483008916f,-0.3684584542927019f,0.7677747210922061f,0.29975121060432375f,-0.5662783674069025f,0.5591050338809844f,0.6219368640664206f,-0.13623048207257138f,0.7711263144709183f,0.22587102507479673f,0f,0f,0f,1f], start_interpolation: 0, interpolation_duration: 1 }
$data merge entity $(bone_right_fingers_2) { transformation: [-0.1882167514687962f,0.7802938457009838f,-0.5964192894497142f,0.04474772216682757f,-0.7463093800929965f,-0.5083900416735831f,-0.4296066511500243f,-0.11990861923034835f,-0.6384330533828428f,0.36425414189587574f,0.67802813839837f,0.480163166945492f,0f,0f,0f,1f], start_interpolation: 0, interpolation_duration: 1 }
$data merge entity $(bone_right_fingers) { transformation: [0.7981855395630991f,0.08475774657612006f,-0.5964192894497142f,0.11443071560323981f,-0.4066277727892457f,0.8062828161905213f,-0.4296066511500243f,0.2127174153837924f,0.444470132662276f,0.5854264639655603f,0.67802813839837f,0.7646663126462532f,0f,0f,0f,1f], start_interpolation: 0, interpolation_duration: 1 }
$data merge entity $(bone_right_hand) { transformation: [0.22207355034123488f,-0.7713412794678739f,-0.5964192894497142f,-0.49895082963175286f,0.7234233967713274f,0.5404597249485806f,-0.4296066511500243f,0.6202539785224486f,0.653713949095989f,-0.3360593940025595f,0.67802813839837f,0.4706404736444174f,0f,0f,0f,1f], start_interpolation: 0, interpolation_duration: 1 }
$data merge entity $(bone_right_forearm) { transformation: [-0.8893797570335488f,-1.5334462205253327f,-0.42938898235635325f,-2.7317111738175517f,0.5113231832280893f,0.19077730822636388f,-1.7403968462948047f,0.8068678235283535f,1.5081050400107903f,-0.969007362746012f,0.3368567661062764f,-1.0097791939595822f,0f,0f,0f,1f], start_interpolation: 0, interpolation_duration: 1 }
$data merge entity $(bone_right_bicep) { transformation: [-0.8950276893664941f,0.27502255124997377f,-1.2780542192938205f,-2.2833878919663397f,0.04411539698634059f,1.5543565523679252f,0.30358540107050863f,3.2283319983108707f,1.3065656596204873f,0.1359149009430517f,-0.8857470703793654f,-0.7901705787615467f,0f,0f,0f,1f], start_interpolation: 0, interpolation_duration: 1 }
$data merge entity $(bone_right_shoulder) { transformation: [-1.0121588449848544f,0.04412988707690422f,0.0000652100090590017f,-1.827643125f,0.04396785835333874f,1.0083121784730664f,0.08824033568363022f,3.4276187993074703f,0.003778705808387399f,0.08815941513144634f,-1.0092703391920992f,-0.7520389380836099f,0f,0f,0f,1f], start_interpolation: 0, interpolation_duration: 1 }
$data merge entity $(bone_left_thumb_2) { transformation: [-0.4164493873494027f,0.8866870608356163f,-0.2008879387195839f,0.5592513999143119f,-0.908832546965961f,-0.41193004649158177f,0.06585619464262193f,4.358573903435595f,-0.02435794227087157f,0.2099992689133443f,0.9773980753532255f,1.709304114315064f,0f,0f,0f,1f], start_interpolation: 0, interpolation_duration: 1 }
$data merge entity $(bone_left_thumb) { transformation: [-0.4164493873494027f,0.8866870608356163f,-0.2008879387195839f,0.9304835827290916f,-0.908832546965961f,-0.41193004649158177f,0.06585619464262193f,4.42789191789292f,-0.02435794227087157f,0.2099992689133443f,0.9773980753532255f,1.737744212613442f,0f,0f,0f,1f], start_interpolation: 0, interpolation_duration: 1 }
$data merge entity $(bone_left_fingers_2) { transformation: [0.9463390189533601f,0.3221333890846022f,0.02593339243639803f,0.20566448578866203f,-0.3110685501057511f,0.9297076109336557f,-0.19718041309201925f,4.7537613286309695f,-0.08762886705588255f,0.17853245589780598f,0.9800241547276272f,2.0446080349580193f,0f,0f,0f,1f], start_interpolation: 0, interpolation_duration: 1 }
$data merge entity $(bone_left_fingers) { transformation: [0.5546788394640141f,0.8316602937543636f,0.02593339243639803f,0.5463875928070195f,-0.812757407078205f,0.548220103546352f,-0.19718041309201925f,5.031722970050662f,-0.17820432736150577f,0.08829424590556775f,0.9800241547276272f,2.1001321615521626f,0f,0f,0f,1f], start_interpolation: 0, interpolation_duration: 1 }
$data merge entity $(bone_left_hand) { transformation: [-0.6918921501993497f,0.7215349691104793f,0.02593339243639803f,1.0945101742828314f,-0.7111379975285202f,-0.6748352637229226f,-0.19718041309201925f,4.474923093518976f,-0.12477179554549497f,-0.15486980075777454f,0.9800241547276272f,1.9648188307193906f,0f,0f,0f,1f], start_interpolation: 0, interpolation_duration: 1 }
$data merge entity $(bone_left_forearm) { transformation: [-1.1424797210403435f,1.4210317450918764f,0.04730145966271237f,3.134847622216166f,-1.3994287430248489f,-1.113139828029705f,-0.359649104104814f,2.7591069323262944f,-0.2513321345172102f,-0.2615665581236284f,1.787524448913605f,1.6412699572918825f,0f,0f,0f,1f], start_interpolation: 0, interpolation_duration: 1 }
$data merge entity $(bone_left_bicep) { transformation: [-0.9923886547739794f,-0.6064026586537535f,1.0759066545649105f,2.346907639637423f,-1.215581495379059f,0.7235692078896567f,-0.7134029614246432f,3.752260048768294f,-0.21831386087788562f,-1.2723434964093225f,-0.9184855149521941f,-0.34129162556741693f,0f,0f,0f,1f], start_interpolation: 0, interpolation_duration: 1 }
$data merge entity $(bone_left_shoulder) { transformation: [-0.7289460805409682f,-0.14734102249256736f,0.6879979748674014f,1.9794288392857142f,-0.5721862715398179f,0.7006460529361739f,-0.45619179939271376f,3.6625419545039475f,-0.40945507811255977f,-0.7167975378463888f,-0.5873336423294961f,-0.6665339022521922f,0f,0f,0f,1f], start_interpolation: 0, interpolation_duration: 1 }
$data merge entity $(bone_left_cheek) { transformation: [-0.97113281604203f,-0.23057565898940632f,-0.061122165274781565f,0.6015120655087158f,-0.11631334359593713f,0.6814310191199107f,-0.7225807721512755f,-2.382365508771419f,0.20826007708586441f,-0.6946125766661592f,-0.6885790503852037f,-1.7173018321755213f,0f,0f,0f,1f], start_interpolation: 0, interpolation_duration: 1 }
$data merge entity $(bone_left_foot) { transformation: [-1.0999259713576057f,0.4178357306952282f,-0.03416218031646202f,0.8764453404297207f,-0.14902806314050218f,-0.30004666887687104f,1.1284296733820172f,-3.5718860471184786f,0.3918474050012074f,1.0587616320621183f,0.3332721298631822f,-1.4364889407907007f,0f,0f,0f,1f], start_interpolation: 0, interpolation_duration: 1 }
$data merge entity $(bone_left_knee) { transformation: [-2.820790413510975f,0.650449663534293f,-0.23871607986629928f,1.7386705208743924f,-0.33784829341471645f,-0.4175137287002366f,2.8545524177211408f,-3.9848045265860197f,0.6049203767566209f,2.799915393380481f,0.4811172582953952f,2.041072619265588f,0f,0f,0f,1f], start_interpolation: 0, interpolation_duration: 1 }
$data merge entity $(bone_left_leg) { transformation: [-2.4044143861622413f,-0.57087910367656f,-0.15133152857405913f,0.8928750000000001f,-0.2879786081007063f,1.6871456905624738f,-1.7890277982837257f,-1.6007356250000004f,0.5156282612808317f,-1.7197817276448142f,-1.704843402886783f,-0.32495999999999997f,0f,0f,0f,1f], start_interpolation: 0, interpolation_duration: 1 }
data modify entity @s data merge value {"locators":{"consume":{"posx":0.3468986724563361,"posy":4.963492066113942,"posz":1.9279440603184577,"roty":178.4841932189164,"rotx":-11.372125487054126}},"cameras":{}}