# This file was generated by Animated Java via MC-Build. It is not recommended to edit this file directly.
$data merge entity $(bone_right_thumb_2) { transformation: [0.15406799362765278f,-0.9442490115006517f,-0.29095851528970884f,-0.12490434150664126f,0.7677402364980285f,0.29977081393505683f,-0.5663147432079311f,0.27561347597898134f,0.621963007422066f,-0.1361295830918308f,0.7711230472536423f,0.1641543082749432f,0f,0f,0f,1f], start_interpolation: 0, interpolation_duration: 1 }
$data merge entity $(bone_right_thumb) { transformation: [0.15406799362765278f,-0.9442490115006517f,-0.29095851528970884f,-0.3684828760512814f,0.7677402364980285f,0.29977081393505683f,-0.5663147432079311f,0.559015476023157f,0.621963007422066f,-0.1361295830918308f,0.7711230472536423f,0.22563571812377328f,0f,0f,0f,1f], start_interpolation: 0, interpolation_duration: 1 }
$data merge entity $(bone_right_fingers_2) { transformation: [-0.18828427897823657f,0.7803200020279609f,-0.5963637520211371f,0.04473727023423871f,-0.746273582123192f,-0.5084193704644957f,-0.4296341284878389f,-0.12001691077201293f,-0.6384549873833428f,0.36415716136246506f,0.6780595777022596f,0.47985512568369026f,0f,0f,0f,1f], start_interpolation: 0, interpolation_duration: 1 }
$data merge entity $(bone_right_fingers) { transformation: [0.7982202862277503f,0.08482128229259331f,-0.5963637520211371f,0.11445035649138391f,-0.40666152324097415f,0.8062511526527113f,-0.4296341284878389f,0.2125933591147407f,0.4443768447723381f,0.585460868817391f,0.6780595777022596f,0.7643693298306538f,0f,0f,0f,1f], start_interpolation: 0, interpolation_duration: 1 }
$data merge entity $(bone_right_hand) { transformation: [0.22214215450240757f,-0.7713644653912313f,-0.5963637520211371f,-0.49895233973566766f,0.7233863535693661f,0.5404874643394711f,-0.4296341284878389f,0.6201533784525002f,0.653731631988727f,-0.3359615490254632f,0.6780595777022596f,0.4704201382528279f,0f,0f,0f,1f], start_interpolation: 0, interpolation_duration: 1 }
$data merge entity $(bone_right_forearm) { transformation: [-0.8892512172230327f,-1.5335074723207647f,-0.429436452385263f,-2.7318105698375286f,0.5113102148582349f,0.19087209856015314f,-1.7403902630750308f,0.8069075234758873f,1.5081852334784633f,-0.9688917565761039f,0.3368302646584639f,-1.0098341937888926f,0f,0f,0f,1f], start_interpolation: 0, interpolation_duration: 1 }
$data merge entity $(bone_right_bicep) { transformation: [-0.8949708375806291f,0.2750807848137746f,-1.2780814988059142f,-2.283396234910987f,0.04409909146488281f,1.55434242690873f,0.303660082867271f,3.228348741474707f,1.3066051530189622f,0.13595858789066523f,-0.8856821057053017f,-0.7901583628857242f,0f,0f,0f,1f], start_interpolation: 0, interpolation_duration: 1 }
$data merge entity $(bone_right_shoulder) { transformation: [-1.012157199035932f,0.04416766305976506f,0.00002542471032662455f,-1.827643125f,0.04400189269772154f,1.0083075485879927f,0.08827626842096918f,3.4276187993074703f,0.0038231591119164366f,0.08819344458150993f,-1.0092671987407957f,-0.7520389380836099f,0f,0f,0f,1f], start_interpolation: 0, interpolation_duration: 1 }
$data merge entity $(bone_left_thumb_2) { transformation: [-0.8529088466664199f,0.19910340419093725f,0.48260163045491006f,2.5750655884844975f,-0.4796460096631853f,0.06612689482936712f,-0.8749668217677792f,0.12526259846396084f,-0.206121820029663f,-0.9777448891299845f,0.039098939727992f,2.9276882519372873f,0f,0f,0f,1f], start_interpolation: 0, interpolation_duration: 1 }
$data merge entity $(bone_left_thumb) { transformation: [-0.8529088466664199f,0.19910340419093725f,0.48260163045491006f,2.801917286287602f,-0.4796460096631853f,0.06612689482936712f,-0.8749668217677792f,0.28717397041575476f,-0.206121820029663f,-0.9777448891299845f,0.039098939727992f,2.671270283156841f,0f,0f,0f,1f], start_interpolation: 0, interpolation_duration: 1 }
$data merge entity $(bone_left_fingers_2) { transformation: [0.7926617804881549f,0.3785801481225632f,0.4778748509817672f,2.7182171644237445f,0.5517981187512242f,-0.11219624889184933f,-0.8263962958999801f,-0.2543618781378193f,-0.25924146638984613f,0.9187432030671552f,-0.29783349194129594f,3.3086840267941704f,0f,0f,0f,1f], start_interpolation: 0, interpolation_duration: 1 }
$data merge entity $(bone_left_fingers) { transformation: [-0.18653557286363553f,0.858393911240981f,0.4778748509817672f,3.1092382915935506f,0.23585347700837087f,0.5113142864284683f,-0.8263962958999801f,-0.04706902783379696f,-0.953717787104496f,-0.04144386128918223f,-0.29783349194129594f,3.3325585050231066f,0f,0f,0f,1f], start_interpolation: 0, interpolation_duration: 1 }
$data merge entity $(bone_left_hand) { transformation: [-0.8781676488870646f,-0.021382405087339157f,0.4778748509817672f,3.0586776948824044f,-0.45768895179573676f,0.32800912415192307f,-0.8263962958999801f,0.2045096278279237f,-0.1390769709631504f,-0.9444325318548534f,-0.29783349194129594f,2.582274578495207f,0f,0f,0f,1f], start_interpolation: 0, interpolation_duration: 1 }
$data merge entity $(bone_left_forearm) { transformation: [-1.595521690741584f,0.14632148435044015f,0.8716244140821828f,3.23673286687841f,-0.7600924643127537f,0.6907200520169329f,-1.5073134435379376f,1.1247201609005764f,-0.45099727460550115f,-1.6817622883727399f,-0.5432362518639579f,0.06569062311185236f,0f,0f,0f,1f], start_interpolation: 0, interpolation_duration: 1 }
$data merge entity $(bone_left_bicep) { transformation: [-1.408457598053413f,-0.5607167392432504f,0.4604112169588548f,2.385781356562577f,-0.6555887330516345f,1.4142728493906527f,-0.28314356156498205f,3.283105416856875f,-0.31078153655722474f,-0.44222573612620825f,-1.4892903648134805f,-0.6550367408842741f,0f,0f,0f,1f], start_interpolation: 0, interpolation_duration: 1 }
$data merge entity $(bone_left_shoulder) { transformation: [-0.9714107724541876f,-0.1896544512705126f,0.21634527713837368f,1.9117777403846155f,-0.23583225244064587f,0.961269785148233f,-0.21623257741765328f,3.3937356519233632f,-0.16479453430126387f,-0.2576908379069592f,-0.9658422087432704f,-0.7643713951746791f,0f,0f,0f,1f], start_interpolation: 0, interpolation_duration: 1 }
$data merge entity $(bone_left_cheek) { transformation: [-0.9711273455103807f,-0.23058917163616352f,-0.061158096161583714f,0.601450363674913f,-0.11629813208747553f,0.6814362093661563f,-0.7225783258842241f,-2.382357858144168f,0.20829407882828954f,-0.694602999193663f,-0.6885784270772957f,-1.7172932138620038f,0f,0f,0f,1f], start_interpolation: 0, interpolation_duration: 1 }
$data merge entity $(bone_left_foot) { transformation: [-1.0999098600783406f,0.41788395981705184f,-0.03409091824267018f,0.8763743681392955f,-0.14897034040271612f,-0.30004616150739555f,1.1284374300427735f,-3.571883423693318f,0.3919145726549432f,1.0587427411646613f,0.33325316299833513f,-1.4364925417644927f,0f,0f,0f,1f], start_interpolation: 0, interpolation_duration: 1 }
$data merge entity $(bone_left_knee) { transformation: [-2.820774523590484f,0.6505416767583609f,-0.23865310053993347f,1.738715533997202f,-0.3378041094714548f,-0.41753015362711876f,2.8545552443367312f,-3.9848231793937607f,0.6050191395494038f,2.799891566855145f,0.4811317316144974f,2.0410377324802402f,0f,0f,0f,1f], start_interpolation: 0, interpolation_duration: 1 }
$data merge entity $(bone_left_leg) { transformation: [-2.4044008417481506f,-0.5709125594528672f,-0.15142048936264288f,0.8928750000000001f,-0.2879409461360644f,1.6871585410217875f,-1.7890217416047693f,-1.6007356250000004f,0.5157124457273782f,-1.719758014912351f,-1.7048418596473038f,-0.32495999999999997f,0f,0f,0f,1f], start_interpolation: 0, interpolation_duration: 1 }
data modify entity @s data merge value {"locators":{"consume":{"posx":2.8513918473134505,"posy":-0.033035147306272494,"posz":3.4186879957369167,"roty":58.06694954148948,"rotx":-55.73031066054585}},"cameras":{}}