# This file was generated by Animated Java via MC-Build. It is not recommended to edit this file directly.
$data merge entity $(bone_neck) { transformation: [-1.1982713269799492f,-0.10761757638441881f,-0.02540847490711595f,-1.5915423032190588f,-0.10754110786651544f,1.1985381852733272f,-0.004736556429760334f,3.158634375f,0.025730205261603724f,-0.0024458334190192027f,-1.2030849017597771f,1.0269361219921413f,0f,0f,0f,1f], start_interpolation: 0, interpolation_duration: 1 }
$data merge entity $(bone_right_thumb_2) { transformation: [-0.6771607835120307f,0.27075448807530955f,-0.6842114296476269f,-4.549799307392286f,0.5692855982059108f,-0.3963818344072806f,-0.7202744956107064f,2.201132736932367f,-0.4662265339389332f,-0.8772533548177495f,0.1142776028462823f,-0.20999552091219548f,0f,0f,0f,1f], start_interpolation: 0, interpolation_duration: 1 }
$data merge entity $(bone_right_thumb) { transformation: [-0.6771607835120307f,0.27075448807530955f,-0.6842114296476269f,-4.585724763085761f,0.5692855982059108f,-0.3963818344072806f,-0.7202744956107064f,2.2342832087555644f,-0.4662265339389332f,-0.8772533548177495f,0.1142776028462823f,-0.585545208341261f,0f,0f,0f,1f], start_interpolation: 0, interpolation_duration: 1 }
$data merge entity $(bone_right_fingers_2) { transformation: [0.15681660056479335f,-0.8665884184236281f,-0.47374367208579904f,-4.999289821257241f,-0.4315642951112961f,0.3713328702831439f,-0.82210957823904f,1.9023890661454115f,0.888347236711182f,0.33337128325834703f,-0.3157574615528359f,0.20967054577246708f,0f,0f,0f,1f], start_interpolation: 0, interpolation_duration: 1 }
$data merge entity $(bone_right_fingers) { transformation: [-0.7852071083591556f,-0.39876901853192653f,-0.47374367208579904f,-5.215769891697512f,0.23195896034865698f,0.5199335362155418f,-0.82210957823904f,2.1354183021988207f,0.5741470523273835f,-0.7554153743322188f,-0.3157574615528359f,-0.0989904213703755f,0f,0f,0f,1f], start_interpolation: 0, interpolation_duration: 1 }
$data merge entity $(bone_right_hand) { transformation: [-0.7236566288270601f,0.5018844655030851f,-0.47374367208579904f,-4.78978617036023f,0.5677340302458654f,0.04259004893651423f,-0.82210957823904f,2.157155001932649f,-0.3924272600819694f,-0.8638854501716462f,-0.3157574615528359f,-0.7674510031332726f,0f,0f,0f,1f], start_interpolation: 0, interpolation_duration: 1 }
$data merge entity $(bone_right_forearm) { transformation: [-0.815055929367622f,1.1485229079265387f,-1.1590545818054279f,-3.110262396438107f,1.503430568929657f,0.025027423986900606f,-1.032423708605113f,2.083563092395828f,-0.6341994308133979f,-1.4167206215941284f,-0.9578738559640386f,-2.861602382004061f,0f,0f,0f,1f], start_interpolation: 0, interpolation_duration: 1 }
$data merge entity $(bone_right_bicep) { transformation: [-0.6982174246573153f,0.24539302327098483f,1.4008601814308017f,-2.7433182987754967f,1.3363094891478973f,0.6472884030874838f,0.5526565193004129f,3.0825071002967883f,-0.48672778121009186f,1.4251086075250152f,-0.4922357967884091f,-0.6299721803479811f,0f,0f,0f,1f], start_interpolation: 0, interpolation_duration: 1 }
$data merge entity $(bone_right_shoulder) { transformation: [-0.4584586465158554f,0.11740819720066893f,0.8957923661941861f,-2.533801873262724f,0.8151881660837327f,0.4868150718792742f,0.35340107291158274f,2.822474644290945f,-0.3894828648075942f,0.8807039114754208f,-0.31476451038832726f,-0.25935305920961754f,0f,0f,0f,1f], start_interpolation: 0, interpolation_duration: 1 }
$data merge entity $(bone_right_arm) { transformation: [-1.0747845271645704f,-0.34899566097552587f,0.7002128819824267f,-2.5154780175503477f,-0.019898793290001947f,1.2015990345682976f,0.5683499181458423f,2.9643162507753518f,-0.7821125810901407f,0.44902073454467517f,-0.9766975589995747f,-0.155768477156222f,0f,0f,0f,1f], start_interpolation: 0, interpolation_duration: 1 }
$data merge entity $(bone_left_thumb_2) { transformation: [-0.19256063981248667f,0.9758190679731057f,0.10342894457116653f,-1.788555105428657f,-0.4926562885551622f,-0.004981801469807701f,-0.8702097235730984f,-0.2099335418389652f,-0.8486519789301493f,-0.21852306110389147f,0.481702699207433f,3.877344104536412f,0f,0f,0f,1f], start_interpolation: 0, interpolation_duration: 1 }
$data merge entity $(bone_left_thumb) { transformation: [-0.19256063981248667f,0.9758190679731057f,0.10342894457116653f,-1.4517155576679457f,-0.4926562885551622f,-0.004981801469807701f,-0.8702097235730984f,-0.06718382258521557f,-0.8486519789301493f,-0.21852306110389147f,0.481702699207433f,3.975266505417357f,0f,0f,0f,1f], start_interpolation: 0, interpolation_duration: 1 }
$data merge entity $(bone_left_fingers_2) { transformation: [0.15392272244337585f,-0.8891554888094632f,0.430941193477282f,-2.0749315251140654f,0.47940918134004085f,-0.31415843630738716f,-0.8194335322305093f,-0.612226050631336f,0.8639876343805455f,0.3327266049129558f,0.377913183179162f,4.080119766500671f,0f,0f,0f,1f], start_interpolation: 0, interpolation_duration: 1 }
$data merge entity $(bone_left_fingers) { transformation: [0.8614576934857833f,0.2686639724610098f,0.430941193477282f,-1.9932376869390875f,0.248895312378543f,0.5163136737800175f,-0.8194335322305093f,-0.4032820189386958f,-0.44265309872420644f,0.8131665636075129f,0.377913183179162f,4.462358365827427f,0f,0f,0f,1f], start_interpolation: 0, interpolation_duration: 1 }
$data merge entity $(bone_left_hand) { transformation: [-0.11499180442369734f,0.8950232246594265f,0.430941193477282f,-1.291778484545187f,-0.46524949150040185f,0.33477096187520267f,-0.8194335322305093f,-0.14666065438794518f,-0.877678640263052f,-0.2947233116083521f,0.377913183179162f,4.196135476196402f,0f,0f,0f,1f], start_interpolation: 0, interpolation_duration: 1 }
$data merge entity $(bone_left_forearm) { transformation: [-0.17721985679481184f,1.636335941381165f,0.7860193196959926f,1.1392546474949299f,-0.83627997345105f,0.62737104073895f,-1.4946136440165212f,0.6774080877648512f,-1.611228565410831f,-0.505607383074903f,0.689298372127638f,3.4070382115482194f,0f,0f,0f,1f], start_interpolation: 0, interpolation_duration: 1 }
$data merge entity $(bone_left_bicep) { transformation: [-1.1480861656641421f,-0.20026409984110255f,1.0732786229162248f,0.8094737591079237f,-0.6656679135384308f,1.3628921807454677f,-0.45776160655057335f,2.8080618915103486f,-0.8654010289914769f,-0.7826581308982887f,-1.0717564392355183f,2.196968216500933f,0f,0f,0f,1f], start_interpolation: 0, interpolation_duration: 1 }
$data merge entity $(bone_left_shoulder) { transformation: [-0.825505970556526f,-0.05632739708482863f,0.584619616143708f,0.42143870185949023f,-0.306400034692029f,0.901648963278595f,-0.34577614785609273f,2.8771886077322697f,-0.5010707434914675f,-0.45855136028925186f,-0.7517125372511925f,1.8911531823053729f,0f,0f,0f,1f], start_interpolation: 0, interpolation_duration: 1 }
$data merge entity $(bone_left_arm) { transformation: [-1.0747845271645704f,-0.34899566097552587f,0.7002128819824267f,0.313833589640647f,-0.019898793290001947f,1.2015990345682976f,0.5683499181458423f,3.0166987380568013f,-0.7821125810901407f,0.44902073454467517f,-0.9766975589995747f,1.9031002057101198f,0f,0f,0f,1f], start_interpolation: 0, interpolation_duration: 1 }
$data merge entity $(bone_chest) { transformation: [-2.1283527489187497f,-0.6911021284959767f,1.3866035233380543f,-1.3472865802401026f,-0.039404783311005706f,2.379478438406995f,1.1254805777904815f,3.6301581228588597f,-1.5487862170091096f,0.8891777752056746f,-1.9341150547105703f,1.1960852106428597f,0f,0f,0f,1f], start_interpolation: 0, interpolation_duration: 1 }
$data merge entity $(bone_weist) { transformation: [-1.8129217345864637f,-0.5222018928149917f,0.4906722011014963f,-0.5045917454490221f,-0.2970686979861008f,1.7624921891645098f,0.7781456890199139f,-0.12785280417197908f,-0.6520768470588342f,0.6488957603528268f,-1.718682437000878f,0.22168215930632562f,0f,0f,0f,1f], start_interpolation: 0, interpolation_duration: 1 }
$data merge entity $(bone_right_cheek) { transformation: [-0.9562066587908646f,0.0326743033802826f,0.2908628810670493f,-0.8642739231562812f,0.06462659642833057f,0.992792012587577f,0.10093276364193163f,-1.5236672705774827f,-0.2854684373413301f,0.11531005871528105f,-0.9514259622487593f,-0.9452347563729165f,0f,0f,0f,1f], start_interpolation: 0, interpolation_duration: 1 }
$data merge entity $(bone_right_foot) { transformation: [-0.44885033029028965f,0.0633635090778118f,1.086328376501418f,-2.057829650811393f,0.18343486173179824f,1.1627033025279943f,0.007973497883239356f,-8.374350525297666f,-1.072602408805936f,0.17232814884517267f,-0.4532305998229401f,-2.383473523145647f,0f,0f,0f,1f], start_interpolation: 0, interpolation_duration: 1 }
$data merge entity $(bone_right_knee) { transformation: [-1.0971250457129536f,0.155523706679966f,2.68496884511979f,-1.797563513515518f,0.7369594905960392f,2.806173939309317f,0.13859011543281638f,-4.870677791355043f,-2.5865297276126173f,0.7335726872885729f,-1.0993924545740912f,-1.5686685364606323f,0f,0f,0f,1f], start_interpolation: 0, interpolation_duration: 1 }
$data merge entity $(bone_right_leg) { transformation: [-0.935178746600937f,0.7203937728256319f,2.176346995981802f,-0.8072749391092178f,0.6281771211078385f,2.3410265766014327f,-0.5049760341852929f,-1.6007356250000004f,-2.204732849884908f,0.3614417002213356f,-1.0670171886706143f,-0.999395566644606f,0f,0f,0f,1f], start_interpolation: 0, interpolation_duration: 1 }
$data merge entity $(bone_left_cheek) { transformation: [-0.9421395274442449f,-0.04262643832824242f,0.332499770800798f,0.8508088582086242f,-0.07918721224082591f,0.992110740582776f,-0.09718880510543393f,-1.4233363204378213f,-0.3257337812457607f,-0.11789514483533309f,-0.9380822131239855f,-0.611306405948369f,0f,0f,0f,1f], start_interpolation: 0, interpolation_duration: 1 }
$data merge entity $(bone_left_foot) { transformation: [-1.1760314769978795f,-0.0013077483935625303f,0.05038997698835814f,1.615695234701106f,-0.0015479482692329644f,1.1770970145142559f,-0.0055782752123309685f,-8.443222452595752f,-0.05038317023475107f,-0.00563942304920119f,-1.17601897431178f,1.2052991397883153f,0f,0f,0f,1f], start_interpolation: 0, interpolation_duration: 1 }
$data merge entity $(bone_left_knee) { transformation: [-2.8771947505862148f,-0.385029185114252f,0.10213511807115325f,1.2058281453166608f,-0.3815402712587832f,2.8777246613935388f,0.10028201807524975f,-4.860028594694473f,-0.11448177645777276f,0.08591849830930295f,-2.901110239725711f,1.215253143899508f,0f,0f,0f,1f], start_interpolation: 0, interpolation_duration: 1 }
$data merge entity $(bone_left_leg) { transformation: [-2.452492895950159f,-0.2548675821198445f,0.22435203105264903f,0.7947075070271761f,-0.3252212261927744f,2.233365127840878f,-1.0180000406272236f,-1.7257356250000004f,-0.09758315575309497f,-1.0378513594285768f,-2.2457414825363546f,-0.20053368573473607f,0f,0f,0f,1f], start_interpolation: 0, interpolation_duration: 1 }
data modify entity @s data merge value {"locators":{"consume":{"posx":-2.1500615365307025,"posy":-0.3924198884124145,"posz":4.240123530302326,"roty":131.24909058468688,"rotx":-55.028128295584004}},"cameras":{}}