# This file was generated by Animated Java via MC-Build. It is not recommended to edit this file directly.
$data merge entity $(bone_neck) { transformation: [-1.1003108959251804f,-0.07237363924935293f,-0.4818291139567859f,-0.272166091406128f,-0.24846022934923226f,1.1070055326736963f,0.40110792994878935f,2.828071875f,0.419123792150128f,0.4662425477987617f,-1.0271486941441663f,2.8015152353986736f,0f,0f,0f,1f], start_interpolation: 0, interpolation_duration: 1 }
$data merge entity $(bone_right_thumb_2) { transformation: [-0.4040093689461518f,-0.5987091977129158f,-0.691609518715358f,-0.9396669397747861f,0.7190539848721269f,0.25950224498414937f,-0.6446859325964092f,-1.7214672267027005f,0.5654536202406409f,-0.7577637372045083f,0.32566289615891036f,7.077027061948924f,0f,0f,0f,1f], start_interpolation: 0, interpolation_duration: 1 }
$data merge entity $(bone_right_thumb) { transformation: [-0.4040093689461518f,-0.5987091977129158f,-0.691609518715358f,-1.1822182254880411f,0.7190539848721269f,0.25950224498414937f,-0.6446859325964092f,-1.4577303763706162f,0.5654536202406409f,-0.7577637372045083f,0.32566289615891036f,6.954393838666194f,0f,0f,0f,1f], start_interpolation: 0, interpolation_duration: 1 }
$data merge entity $(bone_right_fingers_2) { transformation: [0.38940238138108946f,0.34337053434952036f,-0.8546709668142831f,-1.0033884405093305f,-0.6981150330237369f,-0.4952706577298409f,-0.5170516185625157f,-2.1329549393251184f,-0.600833742428804f,0.7979997817871727f,0.046852558378615294f,7.41107214599035f,0f,0f,0f,1f], start_interpolation: 0, interpolation_duration: 1 }
$data merge entity $(bone_right_fingers) { transformation: [0.2896057417449177f,-0.4308898383962131f,-0.8546709668142831f,-1.186917886842816f,-0.3999112516033145f,0.7567883552109884f,-0.5170516185625157f,-1.8225625618866932f,0.8695973235868693f,0.491533653561922f,0.046852558378615294f,7.668776148186012f,0f,0f,0f,1f], start_interpolation: 0, interpolation_duration: 1 }
$data merge entity $(bone_right_hand) { transformation: [-0.37405414425088346f,-0.3600292149999469f,-0.8546709668142831f,-1.4522064147783587f,0.6758471795317215f,0.5252506198577018f,-0.5170516185625157f,-1.4247233285715057f,0.6350701434390975f,-0.7710322630640186f,0.046852558378615294f,7.036225671376892f,0f,0f,0f,1f], start_interpolation: 0, interpolation_duration: 1 }
$data merge entity $(bone_right_forearm) { transformation: [-0.5907090402335934f,-0.7401135124085536f,-1.558885300517677f,-2.577443221211955f,1.0971230888478183f,1.1107417505793384f,-0.9430812547551117f,0.12096052606522556f,1.331995615359463f,-1.243106316412127f,0.08545717285835983f,5.150386488172828f,0f,0f,0f,1f], start_interpolation: 0, interpolation_duration: 1 }
$data merge entity $(bone_right_bicep) { transformation: [-0.5247482698521226f,0.1845549535345722f,-1.4834801239978117f,-2.268748347641692f,0.9615007938327593f,1.2455392350080483f,-0.18515613248835897f,2.0640888996942293f,1.1446790085564091f,-0.961616367926901f,-0.524536446959501f,3.6531657104304265f,0f,0f,0f,1f], start_interpolation: 0, interpolation_duration: 1 }
$data merge entity $(bone_right_shoulder) { transformation: [-0.3445637197342778f,0.08832066843353246f,-0.948624415265163f,-2.0782866324441405f,0.5430834650649994f,0.8470270571152145f,-0.11839971771323014f,2.0123341627309017f,0.7827829658869127f,-0.5487782819217913f,-0.3354194452846992f,3.194997263311557f,0f,0f,0f,1f], start_interpolation: 0, interpolation_duration: 1 }
$data merge entity $(bone_right_arm) { transformation: [-1.1852794381515175f,-0.06179204309991176f,-0.5987923080760233f,-2.0135939760624346f,-0.37371077514614925f,1.1122110173719932f,0.6249677917159163f,2.1640059012854453f,0.47192238910771833f,0.725552360310504f,-1.0090197532322989f,3.258204182169721f,0f,0f,0f,1f], start_interpolation: 0, interpolation_duration: 1 }
$data merge entity $(bone_left_thumb_2) { transformation: [-0.7103532730027466f,-0.7038452480097254f,0.0003072269747306233f,2.9067080102653584f,-0.6879783753452984f,0.6944317170523193f,0.21083250557969252f,1.0858456560250604f,-0.14860680533383755f,0.14955419487896698f,-0.9775221533052717f,-2.033800949249985f,0f,0f,0f,1f], start_interpolation: 0, interpolation_duration: 1 }
$data merge entity $(bone_left_thumb) { transformation: [-0.7103532730027466f,-0.7038452480097254f,0.0003072269747306233f,2.8459701056361575f,-0.6879783753452984f,0.6944317170523193f,0.21083250557969252f,1.4400272028557408f,-0.14860680533383755f,0.14955419487896698f,-0.9775221533052717f,-1.91424552819835f,0f,0f,0f,1f], start_interpolation: 0, interpolation_duration: 1 }
$data merge entity $(bone_left_fingers_2) { transformation: [0.7385315411842006f,0.6298884844327849f,-0.24044055368231632f,3.0755879587632142f,0.6620049870252472f,-0.6099001381332112f,0.4356273851111654f,0.8946643326796644f,0.1277519464814187f,-0.4808974097289973f,-0.867419806948256f,-2.502733727019465f,0f,0f,0f,1f], start_interpolation: 0, interpolation_duration: 1 }
$data merge entity $(bone_left_fingers) { transformation: [-0.7208974110346016f,0.649996356073286f,-0.24044055368231632f,3.3937316237853294f,0.5182733677162595f,0.7359493852550287f,0.4356273851111654f,1.1983754660506458f,0.460108290600871f,0.1894287186099164f,-0.867419806948256f,-2.4481260877752575f,0f,0f,0f,1f], start_interpolation: 0, interpolation_duration: 1 }
$data merge entity $(bone_left_hand) { transformation: [-0.7653039726016228f,-0.5970746767910328f,-0.24044055368231632f,2.8970853327336568f,-0.6347714345864893f,0.638195900311353f,0.4356273851111654f,1.6788711197740864f,-0.10665390453792585f,0.4860121635933256f,-0.867419806948256f,-2.0592295042624045f,0f,0f,0f,1f], start_interpolation: 0, interpolation_duration: 1 }
$data merge entity $(bone_left_forearm) { transformation: [-1.526089792660611f,-0.8975238298615533f,-0.43855385211083364f,1.4894793393116184f,-0.9959541543859056f,1.3052078660446758f,0.7945667438359507f,3.5858745914644f,-0.07716105709525074f,0.9042742741443328f,-1.5821386696564215f,-0.7968234680803998f,0f,0f,0f,1f], start_interpolation: 0, interpolation_duration: 1 }
$data merge entity $(bone_left_bicep) { transformation: [-1.2513013627961531f,-0.019145902378870608f,-0.9716032573896076f,1.4683943773046395f,-0.9675995436677354f,-0.12243142264031986f,1.248557658151102f,3.3758272343798277f,-0.09016972020577288f,1.5794867954673995f,0.08500259046432938f,1.6665372425815959f,0f,0f,0f,1f], start_interpolation: 0, interpolation_duration: 1 }
$data merge entity $(bone_left_shoulder) { transformation: [-0.710571124307016f,0.049877135974626764f,-0.7204262122347248f,1.1807720904463508f,-0.7217514001083749f,-0.015443839335768293f,0.7108089637413221f,3.039893843912625f,0.024011922236766257f,1.0117740547179397f,0.04636451721905353f,1.8973937368828635f,0f,0f,0f,1f], start_interpolation: 0, interpolation_duration: 1 }
$data merge entity $(bone_left_arm) { transformation: [-1.1852794381515175f,-0.06179204309991176f,-0.5987923080760233f,1.1065894536097154f,-0.37371077514614925f,1.1122110173719932f,0.6249677917159163f,3.147779120130309f,0.47192238910771833f,0.725552360310504f,-1.0090197532322989f,2.0158942498540275f,0f,0f,0f,1f], start_interpolation: 0, interpolation_duration: 1 }
$data merge entity $(bone_chest) { transformation: [-2.3471613953001955f,-0.1223643078859336f,-1.185764423206909f,-0.446452149012247f,-0.7400444791303497f,2.202466928367811f,1.2375986850065428f,3.2410233036560747f,0.9345290044168271f,1.436782277304683f,-1.9981214012922333f,3.1181148001978993f,0f,0f,0f,1f], start_interpolation: 0, interpolation_duration: 1 }
$data merge entity $(bone_weist) { transformation: [-1.8113590715942107f,-0.2123412447897685f,-0.6884974589959143f,-0.019913211312168833f,-0.48122989091203355f,1.742933486506438f,0.7285189738343427f,-0.2785241643293128f,0.5362232253227114f,0.846896273994037f,-1.6719361815717926f,1.3813037534954744f,0f,0f,0f,1f], start_interpolation: 0, interpolation_duration: 1 }
$data merge entity $(bone_right_cheek) { transformation: [-0.988463092976267f,0.13882364714444273f,-0.06056986723864782f,-0.8367622928414091f,0.10628246756481112f,0.9206533019849862f,0.37563484214390547f,-2.2995504724908913f,0.10791084705499743f,0.36486366294501993f,-0.9247863302137507f,0.06866794242670132f,0f,0f,0f,1f], start_interpolation: 0, interpolation_duration: 1 }
$data merge entity $(bone_right_foot) { transformation: [-0.8946137666078493f,0.09137294450676733f,0.7595446586504591f,-2.9113300760274106f,0.13138211859203577f,1.169672033071138f,0.014034558848131175f,-8.577284295087527f,-0.7536549889614925f,0.09544220732965392f,-0.8991584051489808f,-2.519519290756829f,0f,0f,0f,1f], start_interpolation: 0, interpolation_duration: 1 }
$data merge entity $(bone_right_knee) { transformation: [-2.1053612014256093f,0.6119012455798294f,1.9052453295372738f,-2.13396306474664f,1.3143176264239036f,2.5082130511402703f,0.6468115301191506f,-5.413058947654527f,-1.5089572813493353f,1.330929316035038f,-2.0948994647274497f,-0.9733153147052963f,0f,0f,0f,1f], start_interpolation: 0, interpolation_duration: 1 }
$data merge entity $(bone_right_leg) { transformation: [-1.7945894656082573f,0.9241317234869397f,1.4336812513637718f,-0.8283506124249471f,1.120311595581062f,2.207822917219155f,-0.0207994698868963f,-2.3478059375000004f,-1.2862205493901684f,0.6336491511759639f,-2.0184494480862027f,-0.0262857195232461f,0f,0f,0f,1f], start_interpolation: 0, interpolation_duration: 1 }
$data merge entity $(bone_left_cheek) { transformation: [-0.9745661198762741f,-0.06386988733728209f,0.21480576221513825f,0.8546309813752694f,-0.09663904595123235f,0.984599167847797f,-0.14568930458706025f,-1.7859063432042372f,-0.2021924152557144f,-0.1627424842041823f,-0.9657293156201237f,0.2078994832319434f,0f,0f,0f,1f], start_interpolation: 0, interpolation_duration: 1 }
$data merge entity $(bone_left_foot) { transformation: [-1.1762559622381275f,-0.0007632631770500552f,-0.04485781542988942f,1.8380352024554734f,-0.003173759386190209f,1.1754079211431367f,0.063222156257842f,-8.55578169959168f,0.0447519097601212f,0.06329716597016796f,-1.1745559289491199f,1.234059134421698f,0f,0f,0f,1f], start_interpolation: 0, interpolation_duration: 1 }
$data merge entity $(bone_left_knee) { transformation: [-2.870663465811734f,-0.43078260294706844f,-0.10318092646384243f,1.3642194786086939f,-0.4427291438137745f,2.768021113462412f,0.7609065048862808f,-5.084760588665221f,-0.014521012558039522f,0.767733126130742f,-2.8013039242056252f,2.091310231707762f,0f,0f,0f,1f], start_interpolation: 0, interpolation_duration: 1 }
$data merge entity $(bone_left_leg) { transformation: [-2.446925692163353f,-0.3335803309362844f,0.17689415700468109f,0.8439180134152869f,-0.37737802761253947f,2.1986404897044456f,-1.0740477383461722f,-1.9991731250000004f,-0.012377570247317829f,-1.0884470050414476f,-2.2237676668011295f,0.6061498580581144f,0f,0f,0f,1f], start_interpolation: 0, interpolation_duration: 1 }
data modify entity @s data merge value {"locators":{"consume":{"posx":3.315635768242854,"posy":0.9509625584770411,"posz":-2.3657372638108654,"roty":344.50713046332896,"rotx":25.82522208572265}},"cameras":{}}