# This file was generated by Animated Java via MC-Build. It is not recommended to edit this file directly.
$data merge entity $(bone_neck) { transformation: [-1.2029026413945152f,-0.019420901473860348f,-0.027006856875449573f,0.027224086791389435f,-0.020275429425609177f,1.2025822063505986f,0.038291648394703115f,3.683395949074075f,0.026371361245782335f,0.0387320534069527f,-1.2024498682902236f,-0.3403392122975871f,0f,0f,0f,1f], start_interpolation: 0, interpolation_duration: 1 }
$data merge entity $(bone_right_thumb_2) { transformation: [-0.9440426450634801f,0.2672079794820827f,-0.19334782130308797f,-2.7408098386745525f,0.3111664276822482f,0.9159243138307757f,-0.2534918255429361f,-2.4091314308287055f,0.1093569320391538f,-0.2994704443425513f,-0.9478177643303901f,-0.681458167642354f,0f,0f,0f,1f], start_interpolation: 0, interpolation_duration: 1 }
$data merge entity $(bone_right_thumb) { transformation: [-0.9440426450634801f,0.2672079794820827f,-0.19334782130308797f,-2.8568016027110654f,0.3111664276822482f,0.9159243138307757f,-0.2534918255429361f,-2.049697220544609f,0.1093569320391538f,-0.2994704443425513f,-0.9478177643303901f,-0.7093887786292037f,0f,0f,0f,1f], start_interpolation: 0, interpolation_duration: 1 }
$data merge entity $(bone_right_fingers_2) { transformation: [0.9569811643725445f,-0.2757417290047656f,-0.09029700948331996f,-2.8309279305239055f,-0.269545841818988f,-0.9600578162059081f,0.07506016719962079f,-2.835114731301235f,-0.10738757001749061f,-0.0474919827697724f,-0.9930822832869058f,-0.990303829271748f,0f,0f,0f,1f], start_interpolation: 0, interpolation_duration: 1 }
$data merge entity $(bone_right_fingers) { transformation: [-0.3982938276999638f,-0.9128025399255199f,-0.09029700948331996f,-3.2525663544629837f,-0.9166615961377291f,0.3925525308365685f,0.07506016719962079f,-2.704418158935867f,-0.03306879166739722f,0.11266780214118002f,-0.9930822832869058f,-0.9505887965872646f,0f,0f,0f,1f], start_interpolation: 0, interpolation_duration: 1 }
$data merge entity $(bone_right_hand) { transformation: [-0.9680980156439728f,0.23373635186802078f,-0.09029700948331996f,-3.0340936965311656f,0.22741216012584006f,0.9709014783832929f,0.07506016719962079f,-1.9435637747894483f,0.10521378965278866f,0.0521309609403525f,-0.9930822832869058f,-0.9042803935501387f,0f,0f,0f,1f], start_interpolation: 0, interpolation_duration: 1 }
$data merge entity $(bone_right_forearm) { transformation: [-1.8063118968742962f,0.19219893362322069f,-0.16469809579344233f,-2.6758307710246303f,0.18009511462467873f,1.8098759249532799f,0.13690671129035067f,0.7162363574430564f,0.17785286765248662f,0.11932002272088475f,-1.8113419476397001f,-0.8104891000908729f,0f,0f,0f,1f], start_interpolation: 0, interpolation_duration: 1 }
$data merge entity $(bone_right_bicep) { transformation: [-1.564707712196563f,0.24185779699489388f,-0.057698676838222177f,-2.2929988078178516f,0.22709369414356345f,1.539795974014073f,0.2959583895985848f,3.1145306349064255f,0.1012560386166402f,0.2840206336277962f,-1.5553822842635303f,-0.3475261368768403f,0f,0f,0f,1f], start_interpolation: 0, interpolation_duration: 1 }
$data merge entity $(bone_right_shoulder) { transformation: [-1.0102379961734071f,0.06686449255153806f,-0.036895926471686824f,-1.8323783556064925f,0.05884777670325424f,0.9935457441648347f,0.18925319573489002f,3.3019768031866645f,0.04867349310931708f,0.18657162848249462f,-0.9946028841606922f,-0.30796255904176384f,0f,0f,0f,1f], start_interpolation: 0, interpolation_duration: 1 }
$data merge entity $(bone_right_arm) { transformation: [-1.3288695460959177f,-0.010040888168830213f,-0.035535071828542625f,-1.755569994667363f,-0.01568805981058691f,1.3116138515074185f,0.21605744749835348f,3.4582188837011034f,0.03342821479615814f,0.21639342967129432f,-1.3112262464414315f,-0.27840822562370504f,0f,0f,0f,1f], start_interpolation: 0, interpolation_duration: 1 }
$data merge entity $(bone_left_thumb_2) { transformation: [-0.9357413093862307f,-0.18646270916568972f,0.2993657629033988f,2.605586744329122f,-0.2900405123401141f,0.8897745104051635f,-0.35238873681594224f,-2.155877662837507f,-0.20066066657326417f,-0.41657289725070046f,-0.8866805051237625f,-1.0229663043438544f,0f,0f,0f,1f], start_interpolation: 0, interpolation_duration: 1 }
$data merge entity $(bone_left_thumb) { transformation: [-0.9357413093862307f,-0.18646270916568972f,0.2993657629033988f,2.7400462784300346f,-0.2900405123401141f,0.8897745104051635f,-0.35238873681594224f,-1.804897369812132f,-0.20066066657326417f,-0.41657289725070046f,-0.8866805051237625f,-1.0694488545550977f,0f,0f,0f,1f], start_interpolation: 0, interpolation_duration: 1 }
$data merge entity $(bone_left_fingers_2) { transformation: [0.9469597274968861f,0.23652607022567584f,0.21753779580252597f,2.714728847709011f,0.24803646890744657f,-0.9683794693607799f,-0.026816290057707748f,-2.6130829826430695f,0.20431638355978238f,0.07935125345029197f,-0.9756834496827951f,-1.275988007520959f,0f,0f,0f,1f], start_interpolation: 0, interpolation_duration: 1 }
$data merge entity $(bone_left_fingers) { transformation: [-0.35810560432209315f,0.9079855084474018f,0.21753779580252597f,3.1334373277575445f,0.9277195929394465f,0.37231336729132913f,-0.026816290057707748f,-2.4926826549587275f,-0.10534103203109269f,0.19221101161407195f,-0.9756834496827951f,-1.1945950826443756f,0f,0f,0f,1f], start_interpolation: 0, interpolation_duration: 1 }
$data merge entity $(bone_left_hand) { transformation: [-0.9563755539445795f,-0.19499514664364676f,0.21753779580252597f,2.944954135325967f,-0.20556027395874127f,0.9782769854992746f,-0.026816290057707748f,-1.7243744379221035f,-0.20758317269761065f,-0.07036357316022662f,-0.9756834496827951f,-1.2489157429429527f,0f,0f,0f,1f], start_interpolation: 0, interpolation_duration: 1 }
$data merge entity $(bone_left_forearm) { transformation: [-1.7758902274405117f,-0.1249318868463589f,0.396780147391227f,2.6964649349895673f,-0.13882321906744988f,1.8180110858962424f,-0.04891182924020243f,0.9417172802538536f,-0.3921359146552967f,-0.0778220845318374f,-1.7796071783486602f,-1.4535958385435257f,0f,0f,0f,1f], start_interpolation: 0, interpolation_duration: 1 }
$data merge entity $(bone_left_bicep) { transformation: [-1.5563807549696707f,-0.26096449840274644f,0.14039598290887031f,2.282775910772598f,-0.18601913385749605f,1.4446921808168154f,0.6232142010650652f,3.1875074106671053f,-0.23067375941457194f,0.5957319776070978f,-1.44983708859216f,-0.5059679896201938f,0f,0f,0f,1f], start_interpolation: 0, interpolation_duration: 1 }
$data merge entity $(bone_left_shoulder) { transformation: [-1.0091900653866197f,-0.07922079348746829f,-0.040895677901299096f,1.8214974701157134f,-0.08878816495952933f,0.9351179282869678f,0.37958411535027226f,3.345112882768588f,0.008065504008449157f,0.38169556552617345f,-0.9384329606155065f,-0.39987718399465993f,0f,0f,0f,1f], start_interpolation: 0, interpolation_duration: 1 }
$data merge entity $(bone_left_arm) { transformation: [-1.3288695460959177f,-0.010040888168830213f,-0.035535071828542625f,1.7426065571766072f,-0.01568805981058691f,1.3116138515074185f,0.21605744749835348f,3.4995168449152434f,0.03342821479615814f,0.21639342967129432f,-1.3112262464414315f,-0.36640617659900976f,0f,0f,0f,1f], start_interpolation: 0, interpolation_duration: 1 }
$data merge entity $(bone_chest) { transformation: [-2.6315071345966534f,-0.019883568655471806f,-0.07036867939365424f,-0.009667484340670055f,-0.031066436461595806f,2.597336373775577f,0.4278499091540026f,4.205438699818114f,0.06619655480205439f,0.4285152411933955f,-2.5965688149888266f,-0.10807914156100704f,0f,0f,0f,1f], start_interpolation: 0, interpolation_duration: 1 }
$data merge entity $(bone_weist) { transformation: [-1.9008128355475404f,-0.021420125012911802f,-0.43196178533695645f,0.033738430546626855f,-0.034798375249809395f,1.948264396107563f,0.05651687773529479f,0.25976832950097317f,0.4310903371997951f,0.0628192855212795f,-1.9000931819436917f,-0.2301577503025103f,0f,0f,0f,1f], start_interpolation: 0, interpolation_duration: 1 }
$data merge entity $(bone_right_cheek) { transformation: [-0.9998759880669411f,-0.015709724033327495f,0.0011013891023332056f,-0.8208446057975827f,-0.015678046444502755f,0.9995770366128146f,0.024493810157421025f,-1.617140967370163f,-0.0014857142531657097f,0.024473505003175605f,-0.999699374915288f,-0.9201929797158928f,0f,0f,0f,1f], start_interpolation: 0, interpolation_duration: 1 }
$data merge entity $(bone_right_foot) { transformation: [-1.1281131431308655f,0.008324678866573721f,0.3359796584523093f,-1.7911870024614496f,0.014407300677830755f,1.1768662147536302f,0.019215544103755196f,-8.613469711749254f,-0.33577382396360295f,0.022527919783974858f,-1.1279801978969441f,-0.5614921712442325f,0f,0f,0f,1f], start_interpolation: 0, interpolation_duration: 1 }
$data merge entity $(bone_right_knee) { transformation: [-2.770308561484488f,0.267615560094559f,0.8310842765297932f,-1.4927121676109603f,0.3398087187124074f,2.8773155444227396f,0.2061891875058724f,-5.028095888621998f,-0.8042693562400636f,0.29388068727389244f,-2.775556454622144f,-0.3097471086958801f,0f,0f,0f,1f], start_interpolation: 0, interpolation_duration: 1 }
$data merge entity $(bone_right_leg) { transformation: [-2.3613841451804163f,0.4036896762097394f,0.6252297874792058f,-0.8896580206357594f,0.28964965560788264f,2.414514077408139f,-0.46501351587154977f,-1.6490212152777772f,-0.6855513976616574f,-0.37036352177105786f,-2.3500772042306504f,-0.773907634644813f,0f,0f,0f,1f], start_interpolation: 0, interpolation_duration: 1 }
$data merge entity $(bone_left_cheek) { transformation: [-0.9956130853570864f,-0.035174319305695846f,-0.08670266159192475f,0.915955941291953f,-0.04002309507097121f,0.9976929726313863f,0.05483506380855119f,-1.5672643776105326f,0.08457385013515036f,0.0580646159319842f,-0.9947239638462463f,-0.9767407341869216f,0f,0f,0f,1f], start_interpolation: 0, interpolation_duration: 1 }
$data merge entity $(bone_left_foot) { transformation: [-1.171565782679715f,0.0105381167205612f,-0.1136374050505072f,1.7281388614897522f,0.01140377680935106f,1.1770259046848246f,-0.008418340211430508f,-8.570319820593108f,0.11355380048730965f,-0.009479592471024777f,-1.1715829320189135f,-0.8579523137766729f,0f,0f,0f,1f], start_interpolation: 0, interpolation_duration: 1 }
$data merge entity $(bone_left_knee) { transformation: [-2.87374462105145f,-0.3057658424165458f,-0.29159525223018185f,1.4030913960414793f,-0.3520684906273267f,2.841203737240642f,0.49044652096964875f,-5.019762331147032f,0.23359862888998145f,0.5205739732594553f,-2.84804548901165f,-0.314579517435346f,0f,0f,0f,1f], start_interpolation: 0, interpolation_duration: 1 }
$data merge entity $(bone_left_leg) { transformation: [-2.4495520390017735f,-0.32747137044334435f,-0.14990007572137f,0.8967954488845991f,-0.30009976626555807f,2.425664456417411f,-0.39510099734074006f,-1.6264879398148144f,0.1991172053054982f,-0.37272935134256335f,-2.439556904878044f,-0.7906239114691549f,0f,0f,0f,1f], start_interpolation: 0, interpolation_duration: 1 }
data modify entity @s data merge value {"locators":{"consume":{"posx":2.9134629362622615,"posy":-2.600821940002053,"posz":-1.0762008686059756,"roty":12.569050923097961,"rotx":-1.5366444503160313}},"cameras":{}}