# This file was generated by Animated Java via MC-Build. It is not recommended to edit this file directly.
$data merge entity $(bone_neck) { transformation: [-1.0872439957734135f,-0.12012782978701735f,0.5015487060810478f,-0.8321606240494379f,-0.14311183450062442f,1.1945788928366576f,-0.024115928787028187f,3.9131343750000003f,-0.4954803758846335f,-0.08143635371292428f,-1.0935943598123647f,-0.6377864040461242f,0f,0f,0f,1f], start_interpolation: 0, interpolation_duration: 1 }
$data merge entity $(bone_right_thumb_2) { transformation: [0.7282072903789865f,0.6209441398167577f,-0.2900732967132999f,-3.1314106236000523f,0.5979022419881876f,-0.7824599755866615f,-0.17398073350351112f,4.143845213021208f,-0.3350030615746573f,-0.046741435923046304f,-0.9410569519978366f,-5.459208973434777f,0f,0f,0f,1f], start_interpolation: 0, interpolation_duration: 1 }
$data merge entity $(bone_right_thumb) { transformation: [0.7282072903789865f,0.6209441398167577f,-0.2900732967132999f,-2.769832558318815f,0.5979022419881876f,-0.7824599755866615f,-0.17398073350351112f,4.041815554687408f,-0.3350030615746573f,-0.046741435923046304f,-0.9410569519978366f,-5.50694168134789f,0f,0f,0f,1f], start_interpolation: 0, interpolation_duration: 1 }
$data merge entity $(bone_right_fingers_2) { transformation: [-0.8912084804929276f,0.44067512541846376f,0.10748431576238929f,-3.5829485933179424f,0.3027968875868041f,0.7544157946716725f,-0.5823837683329209f,4.309114880655f,-0.33772990564241145f,-0.4864794369624788f,-0.8057768104428408f,-6.078750001487985f,0f,0f,0f,1f], start_interpolation: 0, interpolation_duration: 1 }
$data merge entity $(bone_right_fingers) { transformation: [-0.12065133525221738f,0.9868588435875459f,0.10748431576238929f,-3.1528280097034127f,0.7968413562108996f,0.16085086078203326f,-0.5823837683329209f,4.412384057841855f,-0.5920195168521318f,0.01538256866491794f,-0.8057768104428408f,-6.106491648613954f,0f,0f,0f,1f], start_interpolation: 0, interpolation_duration: 1 }
$data merge entity $(bone_right_hand) { transformation: [0.6664426019415244f,0.7377678362347483f,0.10748431576238929f,-2.5916924646604205f,0.6436293737410083f,-0.49655853193768024f,-0.5823837683329209f,4.002397310348519f,-0.3762917585799199f,0.45730541673742925f,-0.8057768104428408f,-5.724638363569019f,0f,0f,0f,1f], start_interpolation: 0, interpolation_duration: 1 }
$data merge entity $(bone_right_forearm) { transformation: [1.0879696116180115f,1.4327456422138534f,0.3006503127330394f,-0.5213420908033035f,1.3063613750152525f,-0.7810953225437185f,-1.0050565240831435f,2.7530353861478325f,-0.6607349269544632f,0.8148365378718885f,-1.4920788633597564f,-4.556550188056325f,0f,0f,0f,1f], start_interpolation: 0, interpolation_duration: 1 }
$data merge entity $(bone_right_bicep) { transformation: [0.8572098099258895f,-0.4481416343451426f,1.2547888161825451f,-1.2393976957575972f,1.3127428484551362f,0.5394888871595915f,-0.7041253513009651f,3.600044072992307f,-0.22810548323138274f,1.4206531498157027f,0.6632096744785978f,-2.347549759971726f,0f,0f,0f,1f], start_interpolation: 0, interpolation_duration: 1 }
$data merge entity $(bone_right_shoulder) { transformation: [0.5710405326323419f,-0.23770318093097953f,0.8023857467160704f,-1.5593642601005353f,0.8061835530941407f,0.4168306073717654f,-0.4502591499852415f,3.345019757265483f,-0.2244855618482365f,0.892279340341476f,0.4240952605114829f,-2.06214383890474f,0f,0f,0f,1f], start_interpolation: 0, interpolation_duration: 1 }
$data merge entity $(bone_right_arm) { transformation: [-0.7158393581904432f,-0.22626468538932992f,1.0971035214223914f,-1.549180980354377f,0.00697347642851892f,1.3010561224080073f,0.27287757012512154f,3.4984280363505293f,-1.1201710651495353f,0.15269279549656994f,-0.6993994039970632f,-1.975271683531469f,0f,0f,0f,1f], start_interpolation: 0, interpolation_duration: 1 }
$data merge entity $(bone_left_thumb_2) { transformation: [-0.4051079280307478f,0.8961154362809319f,-0.18128621432880432f,-2.0136524681939534f,-0.5857964490900965f,-0.4066470781562113f,-0.701056826555772f,1.6384044503370367f,-0.7019473533535605f,-0.1778068578150202f,0.6896771958198129f,3.3127129900511667f,0f,0f,0f,1f], start_interpolation: 0, interpolation_duration: 1 }
$data merge entity $(bone_left_thumb) { transformation: [-0.4051079280307478f,0.8961154362809319f,-0.18128621432880432f,-1.6428328834293544f,-0.5857964490900965f,-0.4066470781562113f,-0.701056826555772f,1.6712006664871912f,-0.7019473533535605f,-0.1778068578150202f,0.6896771958198129f,3.3823147403035545f,0f,0f,0f,1f], start_interpolation: 0, interpolation_duration: 1 }
$data merge entity $(bone_left_fingers_2) { transformation: [0.36528708763089596f,-0.9208866788946958f,0.13613621209815843f,-2.4107030886262284f,0.5914480202400315f,0.11666013660846958f,-0.7978594186199971f,1.4285125371992202f,0.7188564411370917f,0.37196523649501123f,0.5872710446420161f,3.6012695271128456f,0f,0f,0f,1f], start_interpolation: 0, interpolation_duration: 1 }
$data merge entity $(bone_left_fingers) { transformation: [0.8653288330821275f,0.4823618376201502f,0.13613621209815843f,-2.23751288247702f,-0.192861550945653f,0.5711608970213182f,-0.7978594186199971f,1.6824895024320745f,-0.462612616347155f,0.66415531867291f,0.5872710446420161f,3.9205479197674684f,0f,0f,0f,1f], start_interpolation: 0, interpolation_duration: 1 }
$data merge entity $(bone_left_hand) { transformation: [-0.32477090249817675f,0.9359437978030971f,0.13613621209815843f,-1.508148909929389f,-0.5959737364677322f,-0.0907505017068767f,-0.7978594186199971f,1.597437021166642f,-0.7343971448277898f,-0.34025513044459005f,0.5872710446420161f,3.6212680585829906f,0f,0f,0f,1f], start_interpolation: 0, interpolation_duration: 1 }
$data merge entity $(bone_left_forearm) { transformation: [-0.39961642777621315f,1.7622369112904757f,0.24830694869513534f,1.076107857148373f,-1.098677946090268f,-0.04409041593303754f,-1.4552633327447055f,1.423402614640186f,-1.400015015297963f,-0.46840758463304283f,1.071158649888983f,2.9120326525977216f,0f,0f,0f,1f], start_interpolation: 0, interpolation_duration: 1 }
$data merge entity $(bone_left_bicep) { transformation: [-0.63392720966625f,-0.23801949389657734f,1.4323468746269135f,0.6843168192118768f,-0.956730019699745f,1.2441257783008157f,-0.21668703942834602f,3.364746322667477f,-1.0922172485973634f,-0.951647163698875f,-0.6415323168584718f,1.432034392946816f,0f,0f,0f,1f], start_interpolation: 0, interpolation_duration: 1 }
$data merge entity $(bone_left_shoulder) { transformation: [-0.5327359003023867f,-0.10617670051948483f,0.8551794826015424f,0.4089163237061212f,-0.5168919052816181f,0.8438282926787323f,-0.2172315570907568f,3.32584540187577f,-0.6895130147068907f,-0.5505390988917425f,-0.49788701711143657f,1.0178921116880744f,0f,0f,0f,1f], start_interpolation: 0, interpolation_duration: 1 }
$data merge entity $(bone_left_arm) { transformation: [-0.7158393581904432f,-0.22626468538932992f,1.0971035214223914f,0.33522706034888783f,0.00697347642851892f,1.3010561224080073f,0.27287757012512154f,3.480070740257207f,-1.1201710651495353f,0.15269279549656994f,-0.6993994039970632f,0.9735175077571002f,0f,0f,0f,1f], start_interpolation: 0, interpolation_duration: 1 }
$data merge entity $(bone_chest) { transformation: [-1.4175480082581957f,-0.4480628935011441f,2.172550159265784f,-0.8118706027040765f,0.013809296050542928f,2.5764293257272093f,0.540368522076f,4.205864966905846f,-2.218229892143956f,0.30237142685014834f,-1.384992625467296f,-0.36547932973664843f,0f,0f,0f,1f], start_interpolation: 0, interpolation_duration: 1 }
$data merge entity $(bone_weist) { transformation: [-1.7276155985618034f,-0.3793975153052222f,0.8194761195516964f,-0.3256884361060105f,-0.2693352536048639f,1.904970224565707f,0.3141436076271875f,0.2630406763883675f,-0.8619408948999264f,0.1651823550735503f,-1.7406642194291262f,-0.3678317132209147f,0f,0f,0f,1f], start_interpolation: 0, interpolation_duration: 1 }
$data merge entity $(bone_right_cheek) { transformation: [-0.9139508457855443f,-0.052941612738713895f,0.40235685296576296f,-0.6598816353403306f,-0.03046210198008356f,0.9976068608237545f,0.062069409376351414f,-1.5636170460113403f,-0.4046800116522231f,0.04447175370949695f,-0.9133763470175689f,-1.3642873440192747f,0f,0f,0f,1f], start_interpolation: 0, interpolation_duration: 1 }
$data merge entity $(bone_right_foot) { transformation: [-0.4526699838220593f,0.022262112051684598f,1.086363281315278f,-2.037444754583007f,0.07690062816555357f,1.1745695425325355f,0.00797358258350255f,-8.419576967597585f,-1.0838667233617068f,0.07403838868094662f,-0.45314692746089463f,-2.4088370341829917f,0f,0f,0f,1f], start_interpolation: 0, interpolation_duration: 1 }
$data merge entity $(bone_right_knee) { transformation: [-1.1050992112240834f,0.14741904540005302f,2.6821543667244936f,-1.7875112966874083f,0.6495971907819303f,2.828846269707708f,0.11216488141585887f,-4.890629157762957f,-2.606474229992339f,0.6425146659401222f,-1.1092320230554653f,-1.7078171505774142f,0f,0f,0f,1f], start_interpolation: 0, interpolation_duration: 1 }
$data merge entity $(bone_right_leg) { transformation: [-0.9419758479313882f,0.7130999182523491f,2.175817715582235f,-0.8072749391092178f,0.5537103441806541f,2.353863945850506f,-0.5317349923707191f,-1.6007356250000004f,-2.2217333502471317f,0.28429870550644487f,-1.0550298049752318f,-1.2462955666446063f,0f,0f,0f,1f], start_interpolation: 0, interpolation_duration: 1 }
$data merge entity $(bone_left_cheek) { transformation: [-0.8614641538022f,-0.10518936542748093f,0.4968044978810315f,0.9747853594350887f,-0.10651535156186828f,0.9939773665511762f,0.025758001972986444f,-1.2973404310036203f,-0.49652189437678523f,-0.030727710376021455f,-0.8674801532136258f,-0.6649080716029097f,0f,0f,0f,1f], start_interpolation: 0, interpolation_duration: 1 }
$data merge entity $(bone_left_foot) { transformation: [-1.173503361833051f,-0.07412063569238705f,0.05465241081276035f,2.029889571243497f,-0.07276937200691534f,1.1744683950443369f,0.030323298241801175f,-8.431691640307584f,-0.05643911002850285f,0.02685172774885234f,-1.1754507673453f,1.3459832577641695f,0f,0f,0f,1f], start_interpolation: 0, interpolation_duration: 1 }
$data merge entity $(bone_left_knee) { transformation: [-2.852081844647599f,-0.5311134291264192f,0.14309565111194475f,1.4395724623929387f,-0.5469309860264444f,2.8186411505972235f,-0.4393828048730696f,-4.936574073485975f,-0.05851783052810986f,-0.45837678616566196f,-2.8676462602539994f,0.6803653181373309f,0f,0f,0f,1f], start_interpolation: 0, interpolation_duration: 1 }
$data merge entity $(bone_left_leg) { transformation: [-2.431086898529035f,-0.4225533341570806f,0.20316962010171535f,0.7947075070271761f,-0.46619866713283065f,2.2926886484720765f,-0.8100927643609205f,-1.7257356250000004f,-0.04988003110577216f,-0.8336906883845354f,-2.3307690879915297f,-0.4474336857347362f,0f,0f,0f,1f], start_interpolation: 0, interpolation_duration: 1 }
data modify entity @s data merge value {"locators":{"consume":{"posx":-2.39358505089867,"posy":1.693003593111911,"posz":3.6977678489745176,"roty":166.948695165482,"rotx":-52.9261753362029}},"cameras":{}}