# This file was generated by Animated Java via MC-Build. It is not recommended to edit this file directly.
$data merge entity $(bone_neck) {transformation: [-1f,0f,0f,0f,0f,0.9848f,0.1736f,2.3198f,0f,0.1736f,-0.9848f,-1.3788f,0f,0f,0f,1f],start_interpolation: 0,interpolation_duration: 1}
$data merge entity $(bone_left_fingers_2) {transformation: [-0.9211f,-0.1766f,-0.3468f,4.4119f,-0.1221f,0.9772f,-0.1734f,0.6918f,0.3696f,-0.1174f,-0.9218f,0.5425f,0f,0f,0f,1f],start_interpolation: 0,interpolation_duration: 1}
$data merge entity $(bone_left_fingers) {transformation: [-0.9211f,-0.1766f,-0.3468f,4.2236f,-0.1221f,0.9772f,-0.1734f,0.5992f,0.3696f,-0.1174f,-0.9218f,0.0055f,0f,0f,0f,1f],start_interpolation: 0,interpolation_duration: 1}
$data merge entity $(bone_left_index_finger_2) {transformation: [-0.9814f,-0.1766f,-0.0752f,3.8243f,-0.1657f,0.9772f,-0.1323f,0.6021f,0.0969f,-0.1174f,-0.9883f,0.6795f,0f,0f,0f,1f],start_interpolation: 0,interpolation_duration: 1}
$data merge entity $(bone_left_index_finger) {transformation: [-0.9814f,-0.1766f,-0.0752f,3.78f,-0.1657f,0.9772f,-0.1323f,0.5315f,0.0969f,-0.1174f,-0.9883f,0.1092f,0f,0f,0f,1f],start_interpolation: 0,interpolation_duration: 1}
$data merge entity $(bone_left_thumb) {transformation: [-0.9837f,-0.1788f,-0.0168f,3.4177f,-0.1714f,0.9626f,-0.2097f,0.1205f,0.0537f,-0.2034f,-0.9776f,-0.5442f,0f,0f,0f,1f],start_interpolation: 0,interpolation_duration: 1}
$data merge entity $(bone_left_hand) {transformation: [-0.9632f,-0.1766f,-0.2027f,3.9867f,-0.1471f,0.9772f,-0.1528f,0.3586f,0.225f,-0.1174f,-0.9672f,-0.6464f,0f,0f,0f,1f],start_interpolation: 0,interpolation_duration: 1}
$data merge entity $(bone_left_forearm) {transformation: [-1.9277f,-0.2975f,-0.4483f,3.3784f,-0.2943f,1.979f,-0.048f,1.2069f,0.4504f,0.0197f,-1.9499f,-2.625f,0f,0f,0f,1f],start_interpolation: 0,interpolation_duration: 1}
$data merge entity $(bone_left_bicep) {transformation: [-1.0839f,-0.6976f,-0.0551f,1.7767f,-0.6844f,1.0356f,0.3516f,1.9029f,-0.1459f,0.3246f,-1.2401f,-1.98f,0f,0f,0f,1f],start_interpolation: 0,interpolation_duration: 1}
$data merge entity $(bone_left_shoulder) {transformation: [-1.0357f,-0.6666f,-0.0526f,1.3743f,-0.654f,0.9896f,0.3359f,1.7753f,-0.1394f,0.3101f,-1.185f,-1.9716f,0f,0f,0f,1f],start_interpolation: 0,interpolation_duration: 1}
$data merge entity $(bone_right_fingers_2) {transformation: [-0.9211f,0.1766f,0.3468f,-4.4119f,0.1221f,0.9772f,-0.1734f,0.6919f,-0.3696f,-0.1174f,-0.9218f,0.5425f,0f,0f,0f,1f],start_interpolation: 0,interpolation_duration: 1}
$data merge entity $(bone_right_fingers) {transformation: [-0.9211f,0.1766f,0.3468f,-4.2236f,0.1221f,0.9772f,-0.1734f,0.5992f,-0.3696f,-0.1174f,-0.9218f,0.0055f,0f,0f,0f,1f],start_interpolation: 0,interpolation_duration: 1}
$data merge entity $(bone_right_index_finger_2) {transformation: [-0.9814f,0.1766f,0.0752f,-3.8243f,0.1657f,0.9772f,-0.1323f,0.6021f,-0.0969f,-0.1174f,-0.9883f,0.6795f,0f,0f,0f,1f],start_interpolation: 0,interpolation_duration: 1}
$data merge entity $(bone_right_index_finger) {transformation: [-0.9814f,0.1766f,0.0752f,-3.78f,0.1657f,0.9772f,-0.1323f,0.5315f,-0.0969f,-0.1174f,-0.9883f,0.1092f,0f,0f,0f,1f],start_interpolation: 0,interpolation_duration: 1}
$data merge entity $(bone_right_thumb) {transformation: [-0.9837f,0.1788f,0.0168f,-3.4177f,0.1714f,0.9626f,-0.2097f,0.1205f,-0.0537f,-0.2034f,-0.9776f,-0.5442f,0f,0f,0f,1f],start_interpolation: 0,interpolation_duration: 1}
$data merge entity $(bone_right_hand) {transformation: [-0.9632f,0.1766f,0.2027f,-3.9867f,0.1471f,0.9772f,-0.1528f,0.3586f,-0.225f,-0.1174f,-0.9672f,-0.6464f,0f,0f,0f,1f],start_interpolation: 0,interpolation_duration: 1}
$data merge entity $(bone_right_forearm) {transformation: [-1.9277f,0.2975f,0.4483f,-3.3784f,0.2943f,1.979f,-0.048f,1.2069f,-0.4504f,0.0197f,-1.9499f,-2.625f,0f,0f,0f,1f],start_interpolation: 0,interpolation_duration: 1}
$data merge entity $(bone_right_bicep) {transformation: [-1.0839f,0.6976f,0.0551f,-1.7767f,0.6844f,1.0356f,0.3516f,1.9029f,0.1459f,0.3246f,-1.2401f,-1.98f,0f,0f,0f,1f],start_interpolation: 0,interpolation_duration: 1}
$data merge entity $(bone_right_shoulder) {transformation: [-1.0357f,0.6666f,0.0526f,-1.3743f,0.654f,0.9896f,0.3359f,1.7753f,0.1394f,0.3101f,-1.185f,-1.9716f,0f,0f,0f,1f],start_interpolation: 0,interpolation_duration: 1}
$data merge entity $(bone_chest) {transformation: [-4.0675f,0f,0f,0f,0f,4.052f,0.3545f,1.9115f,0f,0.3545f,-4.052f,-1.3608f,0f,0f,0f,1f],start_interpolation: 0,interpolation_duration: 1}
$data merge entity $(bone_weist) {transformation: [-1.1f,0f,0f,0f,0f,1.0958f,0.0959f,2.3232f,0f,0.0959f,-1.0958f,-3.9733f,0f,0f,0f,1f],start_interpolation: 0,interpolation_duration: 1}
$data merge entity $(bone_right_fingers2) {transformation: [-0.99f,-0.0586f,-0.1283f,1.1979f,-0.1375f,0.6024f,0.7862f,-1.0859f,0.0312f,0.796f,-0.6045f,-5.5552f,0f,0f,0f,1f],start_interpolation: 0,interpolation_duration: 1}
$data merge entity $(bone_left_foot) {transformation: [-0.99f,-0.1408f,-0.0072f,1.0667f,-0.1375f,0.9756f,-0.1713f,-0.0992f,0.0312f,-0.1686f,-0.9852f,-5.5224f,0f,0f,0f,1f],start_interpolation: 0,interpolation_duration: 1}
$data merge entity $(bone_left_knee) {transformation: [-1.5692f,-0.2164f,0.0562f,1.0915f,-0.218f,1.3931f,-0.724f,0.3015f,0.0495f,-0.7245f,-1.4089f,-3.4838f,0f,0f,0f,1f],start_interpolation: 0,interpolation_duration: 1}
$data merge entity $(bone_left_thigh) {transformation: [-1.5876f,-0.2251f,-0.0215f,0.7886f,-0.2206f,1.575f,-0.2063f,1.9813f,0.05f,-0.2013f,-1.5902f,-4.7185f,0f,0f,0f,1f],start_interpolation: 0,interpolation_duration: 1}
$data merge entity $(bone_left_leg) {transformation: [-0.99f,-0.1342f,-0.0435f,0.5257f,-0.1375f,0.9867f,0.087f,2.2666f,0.0312f,0.0921f,-0.9953f,-4.9799f,0f,0f,0f,1f],start_interpolation: 0,interpolation_duration: 1}
$data merge entity $(bone_left_fingers2) {transformation: [-0.99f,0.0586f,0.1283f,-1.1972f,0.1375f,0.6024f,0.7862f,-1.0789f,-0.0312f,0.796f,-0.6045f,-5.5441f,0f,0f,0f,1f],start_interpolation: 0,interpolation_duration: 1}
$data merge entity $(bone_right_foot) {transformation: [-0.99f,0.1408f,0.0072f,-1.0661f,0.1375f,0.9756f,-0.1713f,-0.0922f,-0.0312f,-0.1686f,-0.9852f,-5.5114f,0f,0f,0f,1f],start_interpolation: 0,interpolation_duration: 1}
$data merge entity $(bone_right_knee) {transformation: [-1.5692f,0.2164f,-0.0562f,-1.0865f,0.218f,1.3931f,-0.724f,0.3376f,-0.0495f,-0.7245f,-1.4089f,-3.4833f,0f,0f,0f,1f],start_interpolation: 0,interpolation_duration: 1}
$data merge entity $(bone_right_thigh) {transformation: [-1.5876f,0.2251f,0.0215f,-0.7871f,0.2206f,1.575f,-0.2063f,1.9954f,-0.05f,-0.2013f,-1.5902f,-4.7015f,0f,0f,0f,1f],start_interpolation: 0,interpolation_duration: 1}
$data merge entity $(bone_right_leg) {transformation: [-0.99f,0.1342f,0.0435f,-0.5257f,0.1375f,0.9867f,0.087f,2.2666f,-0.0312f,0.0921f,-0.9953f,-4.9799f,0f,0f,0f,1f],start_interpolation: 0,interpolation_duration: 1}