# This file was generated by Animated Java via MC-Build. It is not recommended to edit this file directly.
$data merge entity $(bone_neck) {transformation: [-1f,0f,0f,0f,0f,0.9932f,0.1161f,2.2502f,0f,0.1161f,-0.9932f,-1.3881f,0f,0f,0f,1f],start_interpolation: 0,interpolation_duration: 1}
$data merge entity $(bone_left_fingers_2) {transformation: [-0.9939f,-0.012f,-0.1093f,2.7453f,-0.0198f,0.9973f,0.0704f,-0.7496f,0.1082f,0.0721f,-0.9915f,0.6422f,0f,0f,0f,1f],start_interpolation: 0,interpolation_duration: 1}
$data merge entity $(bone_left_fingers) {transformation: [-0.9939f,-0.012f,-0.1093f,2.6959f,-0.0198f,0.9973f,0.0704f,-0.7029f,0.1082f,0.0721f,-0.9915f,0.0697f,0f,0f,0f,1f],start_interpolation: 0,interpolation_duration: 1}
$data merge entity $(bone_left_index_finger_2) {transformation: [-0.9641f,-0.012f,0.2654f,2.0845f,0.0076f,0.9973f,0.0727f,-0.753f,-0.2655f,0.0721f,-0.9614f,0.5798f,0f,0f,0f,1f],start_interpolation: 0,interpolation_duration: 1}
$data merge entity $(bone_left_index_finger) {transformation: [-0.9641f,-0.012f,0.2654f,2.2374f,0.0076f,0.9973f,0.0727f,-0.7053f,-0.2655f,0.0721f,-0.9614f,0.0262f,0f,0f,0f,1f],start_interpolation: 0,interpolation_duration: 1}
$data merge entity $(bone_left_thumb) {transformation: [-0.947f,0.016f,0.3208f,2.0515f,0.0118f,0.9998f,-0.015f,-0.9109f,-0.321f,-0.0104f,-0.947f,-0.7802f,0f,0f,0f,1f],start_interpolation: 0,interpolation_duration: 1}
$data merge entity $(bone_left_hand) {transformation: [-0.9955f,-0.012f,0.0939f,2.6482f,-0.0052f,0.9973f,0.073f,-0.7678f,-0.0946f,0.0721f,-0.9929f,-0.66f,0f,0f,0f,1f],start_interpolation: 0,interpolation_duration: 1}
$data merge entity $(bone_left_forearm) {transformation: [-1.9923f,-0.0158f,0.1889f,2.8181f,-0.0103f,2.0004f,0.0588f,0.2016f,-0.1892f,0.0576f,-1.9915f,-2.669f,0f,0f,0f,1f],start_interpolation: 0,interpolation_duration: 1}
$data merge entity $(bone_left_bicep) {transformation: [-1.2852f,-0.1107f,-0.0195f,1.7872f,-0.1124f,1.2587f,0.26f,1.5982f,-0.0033f,0.2608f,-1.2635f,-1.9961f,0f,0f,0f,1f],start_interpolation: 0,interpolation_duration: 1}
$data merge entity $(bone_left_shoulder) {transformation: [-1.2281f,-0.1058f,-0.0187f,1.3743f,-0.1074f,1.2027f,0.2485f,1.6722f,-0.0031f,0.2492f,-1.2073f,-1.9482f,0f,0f,0f,1f],start_interpolation: 0,interpolation_duration: 1}
$data merge entity $(bone_right_fingers_2) {transformation: [-0.9939f,0.012f,0.1093f,-2.7453f,0.0198f,0.9973f,0.0704f,-0.7496f,-0.1082f,0.0721f,-0.9915f,0.6422f,0f,0f,0f,1f],start_interpolation: 0,interpolation_duration: 1}
$data merge entity $(bone_right_fingers) {transformation: [-0.9939f,0.012f,0.1093f,-2.6959f,0.0198f,0.9973f,0.0704f,-0.7029f,-0.1082f,0.0721f,-0.9915f,0.0697f,0f,0f,0f,1f],start_interpolation: 0,interpolation_duration: 1}
$data merge entity $(bone_right_index_finger_2) {transformation: [-0.9641f,0.012f,-0.2654f,-2.0845f,-0.0076f,0.9973f,0.0727f,-0.753f,0.2655f,0.0721f,-0.9614f,0.5798f,0f,0f,0f,1f],start_interpolation: 0,interpolation_duration: 1}
$data merge entity $(bone_right_index_finger) {transformation: [-0.9641f,0.012f,-0.2654f,-2.2374f,-0.0076f,0.9973f,0.0727f,-0.7053f,0.2655f,0.0721f,-0.9614f,0.0262f,0f,0f,0f,1f],start_interpolation: 0,interpolation_duration: 1}
$data merge entity $(bone_right_thumb) {transformation: [-0.947f,-0.016f,-0.3208f,-2.0515f,-0.0118f,0.9998f,-0.015f,-0.9109f,0.321f,-0.0104f,-0.947f,-0.7802f,0f,0f,0f,1f],start_interpolation: 0,interpolation_duration: 1}
$data merge entity $(bone_right_hand) {transformation: [-0.9955f,0.012f,-0.0939f,-2.6482f,0.0052f,0.9973f,0.073f,-0.7678f,0.0946f,0.0721f,-0.9929f,-0.66f,0f,0f,0f,1f],start_interpolation: 0,interpolation_duration: 1}
$data merge entity $(bone_right_forearm) {transformation: [-1.9923f,0.0158f,-0.1889f,-2.8181f,0.0103f,2.0004f,0.0588f,0.2016f,0.1892f,0.0576f,-1.9915f,-2.669f,0f,0f,0f,1f],start_interpolation: 0,interpolation_duration: 1}
$data merge entity $(bone_right_bicep) {transformation: [-1.2852f,0.1107f,0.0195f,-1.7872f,0.1124f,1.2587f,0.26f,1.5982f,0.0033f,0.2608f,-1.2635f,-1.9961f,0f,0f,0f,1f],start_interpolation: 0,interpolation_duration: 1}
$data merge entity $(bone_right_shoulder) {transformation: [-1.2281f,0.1058f,0.0187f,-1.3743f,0.1074f,1.2027f,0.2485f,1.6722f,0.0031f,0.2492f,-1.2073f,-1.9482f,0f,0f,0f,1f],start_interpolation: 0,interpolation_duration: 1}
$data merge entity $(bone_chest) {transformation: [-4.0675f,0f,0f,0f,0f,4.0658f,0.1183f,1.8436f,0f,0.1183f,-4.0658f,-1.3464f,0f,0f,0f,1f],start_interpolation: 0,interpolation_duration: 1}
$data merge entity $(bone_weist) {transformation: [-1.1f,0f,0f,0f,0f,1.0995f,0.032f,2.1027f,0f,0.032f,-1.0995f,-3.9784f,0f,0f,0f,1f],start_interpolation: 0,interpolation_duration: 1}
$data merge entity $(bone_right_fingers2) {transformation: [-0.9823f,-0.027f,-0.1856f,1.0303f,-0.0276f,0.9996f,0.0007f,-0.8447f,0.1855f,0.0058f,-0.9826f,-6.1408f,0f,0f,0f,1f],start_interpolation: 0,interpolation_duration: 1}
$data merge entity $(bone_left_foot) {transformation: [-0.9664f,-0.1543f,-0.2055f,0.9256f,-0.172f,0.9826f,0.0708f,0.1005f,0.191f,0.1037f,-0.9761f,-5.845f,0f,0f,0f,1f],start_interpolation: 0,interpolation_duration: 1}
$data merge entity $(bone_left_knee) {transformation: [-1.5318f,-0.3206f,-0.2513f,1.3752f,-0.2726f,1.5333f,-0.2947f,-0.09f,0.3027f,-0.2416f,-1.537f,-3.8254f,0f,0f,0f,1f],start_interpolation: 0,interpolation_duration: 1}
$data merge entity $(bone_left_thigh) {transformation: [-1.5498f,-0.2708f,-0.3107f,0.8378f,-0.2758f,1.5798f,-0.0013f,1.7238f,0.3063f,0.0522f,-1.5733f,-4.7526f,0f,0f,0f,1f],start_interpolation: 0,interpolation_duration: 1}
$data merge entity $(bone_left_leg) {transformation: [-0.9664f,-0.1602f,-0.2009f,0.5257f,-0.172f,0.9842f,0.0422f,1.9877f,0.191f,0.0753f,-0.9787f,-4.98f,0f,0f,0f,1f],start_interpolation: 0,interpolation_duration: 1}
$data merge entity $(bone_left_fingers2) {transformation: [-0.9823f,0.027f,0.1856f,-1.0298f,0.0276f,0.9996f,0.0007f,-0.8368f,-0.1855f,0.0058f,-0.9826f,-6.1361f,0f,0f,0f,1f],start_interpolation: 0,interpolation_duration: 1}
$data merge entity $(bone_right_foot) {transformation: [-0.9664f,0.1543f,0.2055f,-0.9251f,0.172f,0.9826f,0.0708f,0.1084f,-0.191f,0.1037f,-0.9761f,-5.8403f,0f,0f,0f,1f],start_interpolation: 0,interpolation_duration: 1}
$data merge entity $(bone_right_knee) {transformation: [-1.5318f,0.3206f,0.2513f,-1.3691f,0.2726f,1.5333f,-0.2947f,-0.0514f,-0.3027f,-0.2416f,-1.537f,-3.8214f,0f,0f,0f,1f],start_interpolation: 0,interpolation_duration: 1}
$data merge entity $(bone_right_thigh) {transformation: [-1.5498f,0.2708f,0.3107f,-0.8385f,0.2758f,1.5798f,-0.0013f,1.7385f,-0.3063f,0.0522f,-1.5733f,-4.7362f,0f,0f,0f,1f],start_interpolation: 0,interpolation_duration: 1}
$data merge entity $(bone_right_leg) {transformation: [-0.9664f,0.1602f,0.2009f,-0.5257f,0.172f,0.9842f,0.0422f,1.9877f,-0.191f,0.0753f,-0.9787f,-4.98f,0f,0f,0f,1f],start_interpolation: 0,interpolation_duration: 1}