# This file was generated by Animated Java via MC-Build. It is not recommended to edit this file directly.
$data merge entity $(bone_neck) {transformation: [-1f,0f,0f,0f,0f,0.7071f,-0.7071f,1.2609f,0f,-0.7071f,-0.7071f,-1.0303f,0f,0f,0f,1f],start_interpolation: 0,interpolation_duration: 1}
$data merge entity $(bone_left_fingers_2) {transformation: [-0.9305f,0.1206f,-0.3458f,3.3424f,-0.3662f,-0.2956f,0.8823f,-5.2177f,0.0042f,0.9477f,0.3192f,-1.5378f,0f,0f,0f,1f],start_interpolation: 0,interpolation_duration: 1}
$data merge entity $(bone_left_fingers) {transformation: [-0.9305f,0.1206f,-0.3458f,3.1566f,-0.3662f,-0.2956f,0.8823f,-4.7059f,0.0042f,0.9477f,0.3192f,-1.3484f,0f,0f,0f,1f],start_interpolation: 0,interpolation_duration: 1}
$data merge entity $(bone_left_index_finger_2) {transformation: [-0.9706f,0.1206f,0.2084f,2.5792f,0.1653f,-0.2956f,0.9409f,-5.2851f,0.1751f,0.9477f,0.267f,-1.4617f,0f,0f,0f,1f],start_interpolation: 0,interpolation_duration: 1}
$data merge entity $(bone_left_index_finger) {transformation: [-0.9706f,0.1206f,0.2084f,2.6999f,0.1653f,-0.2956f,0.9409f,-4.7445f,0.1751f,0.9477f,0.267f,-1.3023f,0f,0f,0f,1f],start_interpolation: 0,interpolation_duration: 1}
$data merge entity $(bone_left_thumb) {transformation: [-0.9487f,0.1456f,0.2805f,2.37f,0.2466f,-0.2141f,0.9452f,-3.9583f,0.1977f,0.9659f,0.1672f,-1.2904f,0f,0f,0f,1f],start_interpolation: 0,interpolation_duration: 1}
$data merge entity $(bone_left_hand) {transformation: [-0.9914f,0.1206f,-0.05f,2.9909f,-0.0839f,-0.2956f,0.9516f,-4.0005f,0.1f,0.9477f,0.3032f,-1.2304f,0f,0f,0f,1f],start_interpolation: 0,interpolation_duration: 1}
$data merge entity $(bone_left_forearm) {transformation: [-1.9842f,0.0676f,-0.2523f,2.7483f,-0.1679f,1.1508f,1.6288f,-1.8154f,0.2001f,1.636f,-1.1352f,-1.6444f,0f,0f,0f,1f],start_interpolation: 0,interpolation_duration: 1}
$data merge entity $(bone_left_bicep) {transformation: [-1.2791f,-0.0905f,-0.142f,1.781f,-0.1082f,1.2753f,0.1624f,-0.3681f,0.129f,0.1729f,-1.272f,-0.9844f,0f,0f,0f,1f],start_interpolation: 0,interpolation_duration: 1}
$data merge entity $(bone_left_shoulder) {transformation: [-1.2222f,-0.0865f,-0.1357f,1.3743f,-0.1034f,1.2186f,0.1552f,-0.2893f,0.1233f,0.1653f,-1.2154f,-0.9029f,0f,0f,0f,1f],start_interpolation: 0,interpolation_duration: 1}
$data merge entity $(bone_right_fingers_2) {transformation: [-0.9305f,-0.1206f,0.3458f,-3.3424f,0.3662f,-0.2956f,0.8823f,-5.2177f,-0.0042f,0.9477f,0.3192f,-1.5378f,0f,0f,0f,1f],start_interpolation: 0,interpolation_duration: 1}
$data merge entity $(bone_right_fingers) {transformation: [-0.9305f,-0.1206f,0.3458f,-3.1566f,0.3662f,-0.2956f,0.8823f,-4.7059f,-0.0042f,0.9477f,0.3192f,-1.3484f,0f,0f,0f,1f],start_interpolation: 0,interpolation_duration: 1}
$data merge entity $(bone_right_index_finger_2) {transformation: [-0.9706f,-0.1206f,-0.2084f,-2.5792f,-0.1653f,-0.2956f,0.9409f,-5.2851f,-0.1751f,0.9477f,0.267f,-1.4617f,0f,0f,0f,1f],start_interpolation: 0,interpolation_duration: 1}
$data merge entity $(bone_right_index_finger) {transformation: [-0.9706f,-0.1206f,-0.2084f,-2.6999f,-0.1653f,-0.2956f,0.9409f,-4.7445f,-0.1751f,0.9477f,0.267f,-1.3023f,0f,0f,0f,1f],start_interpolation: 0,interpolation_duration: 1}
$data merge entity $(bone_right_thumb) {transformation: [-0.9487f,-0.1456f,-0.2805f,-2.37f,-0.2466f,-0.2141f,0.9452f,-3.9583f,-0.1977f,0.9659f,0.1672f,-1.2904f,0f,0f,0f,1f],start_interpolation: 0,interpolation_duration: 1}
$data merge entity $(bone_right_hand) {transformation: [-0.9914f,-0.1206f,0.05f,-2.9909f,0.0839f,-0.2956f,0.9516f,-4.0005f,-0.1f,0.9477f,0.3032f,-1.2304f,0f,0f,0f,1f],start_interpolation: 0,interpolation_duration: 1}
$data merge entity $(bone_right_forearm) {transformation: [-1.9842f,-0.0676f,0.2523f,-2.7483f,0.1679f,1.1508f,1.6288f,-1.8154f,-0.2001f,1.636f,-1.1352f,-1.6444f,0f,0f,0f,1f],start_interpolation: 0,interpolation_duration: 1}
$data merge entity $(bone_right_bicep) {transformation: [-1.2791f,0.0905f,0.142f,-1.781f,0.1082f,1.2753f,0.1624f,-0.3681f,-0.129f,0.1729f,-1.272f,-0.9844f,0f,0f,0f,1f],start_interpolation: 0,interpolation_duration: 1}
$data merge entity $(bone_right_shoulder) {transformation: [-1.2222f,0.0865f,0.1357f,-1.3743f,0.1034f,1.2186f,0.1552f,-0.2893f,-0.1233f,0.1653f,-1.2154f,-0.9029f,0f,0f,0f,1f],start_interpolation: 0,interpolation_duration: 1}
$data merge entity $(bone_chest) {transformation: [-4.0675f,0f,0f,0f,0f,2.6145f,-3.1159f,1.0414f,0f,-3.1159f,-2.6145f,-0.6856f,0f,0f,0f,1f],start_interpolation: 0,interpolation_duration: 1}
$data merge entity $(bone_weist) {transformation: [-1.1f,0f,0f,0f,0f,0.7071f,-0.8426f,-0.8625f,0f,-0.8426f,-0.7071f,-2.5213f,0f,0f,0f,1f],start_interpolation: 0,interpolation_duration: 1}
$data merge entity $(bone_right_fingers2) {transformation: [-0.9537f,-0.2868f,-0.0904f,1.8798f,-0.2126f,0.4305f,0.8772f,-6.4413f,-0.2126f,0.8558f,-0.4716f,-3.3585f,0f,0f,0f,1f],start_interpolation: 0,interpolation_duration: 1}
$data merge entity $(bone_left_foot) {transformation: [-0.9537f,-0.2126f,0.2126f,1.6344f,-0.2126f,0.9769f,0.0231f,-5.4919f,-0.2126f,-0.0231f,-0.9769f,-3.1844f,0f,0f,0f,1f],start_interpolation: 0,interpolation_duration: 1}
$data merge entity $(bone_left_knee) {transformation: [-1.5117f,0.2734f,0.3904f,1.0579f,-0.337f,0.305f,-1.5184f,-3.6902f,-0.337f,-1.5312f,-0.2327f,-2.3249f,0f,0f,0f,1f],start_interpolation: 0,interpolation_duration: 1}
$data merge entity $(bone_left_thigh) {transformation: [-1.5294f,-0.4455f,0.1845f,0.6322f,-0.341f,1.4331f,0.6338f,-1.6458f,-0.341f,0.5652f,-1.4615f,-2.6028f,0f,0f,0f,1f],start_interpolation: 0,interpolation_duration: 1}
$data merge entity $(bone_left_leg) {transformation: [-0.9537f,0.0262f,0.2996f,0.5257f,-0.2126f,0.6456f,-0.7334f,-1.7195f,-0.2126f,-0.7632f,-0.6102f,-3.0523f,0f,0f,0f,1f],start_interpolation: 0,interpolation_duration: 1}
$data merge entity $(bone_left_fingers2) {transformation: [-0.9537f,0.2868f,0.0904f,-1.866f,0.2126f,0.4305f,0.8772f,-6.4026f,0.2126f,0.8558f,-0.4716f,-3.3354f,0f,0f,0f,1f],start_interpolation: 0,interpolation_duration: 1}
$data merge entity $(bone_right_foot) {transformation: [-0.9537f,0.2126f,-0.2126f,-1.6206f,0.2126f,0.9769f,0.0231f,-5.4533f,0.2126f,-0.0231f,-0.9769f,-3.1612f,0f,0f,0f,1f],start_interpolation: 0,interpolation_duration: 1}
$data merge entity $(bone_right_knee) {transformation: [-1.5117f,-0.2734f,-0.3904f,-1.0484f,0.337f,0.305f,-1.5184f,-3.6417f,0.337f,-1.5312f,-0.2327f,-2.3311f,0f,0f,0f,1f],start_interpolation: 0,interpolation_duration: 1}
$data merge entity $(bone_right_thigh) {transformation: [-1.5294f,0.4455f,-0.1845f,-0.628f,0.341f,1.4331f,0.6338f,-1.6243f,0.341f,0.5652f,-1.4615f,-2.6052f,0f,0f,0f,1f],start_interpolation: 0,interpolation_duration: 1}
$data merge entity $(bone_right_leg) {transformation: [-0.9537f,-0.0262f,-0.2996f,-0.5257f,0.2126f,0.6456f,-0.7334f,-1.7195f,0.2126f,-0.7632f,-0.6102f,-3.0523f,0f,0f,0f,1f],start_interpolation: 0,interpolation_duration: 1}