execute if entity @s[tag=aj.armor.bone.neck] run data modify entity @s {} merge value {transformation:[-1.2033625000000001f,-4.7978784683147185e-17f,1.3934050837446222e-16f,1.1102230246251565e-16f,0f,1.1378015969296331f,0.39177650826795024f,3.733382091567416f,-1.473694033838957e-16f,0.39177650826795024f,-1.1378015969296331f,-0.6196659165561474f,0f,0f,0f,1f],start_interpolation:0}
execute if entity @s[tag=aj.armor.bone.right_thumb_2] run data modify entity @s {} merge value {transformation:[-0.4484377845261213f,-0.8138006446057457f,0.36963774732645593f,-1.2554447862593883f,0.7225471889494948f,-0.5734970922077464f,-0.3860396935166676f,2.9407212893542707f,0.5261455246892127f,0.09396593036059696f,0.8451871335869827f,0.9649816675947991f,0f,0f,0f,1f],start_interpolation:0}
execute if entity @s[tag=aj.armor.bone.right_thumb] run data modify entity @s {} merge value {transformation:[-0.4484377845261213f,-0.8817403488722615f,0.1464155407732618f,-1.6298436644105303f,0.7225471889494948f,-0.4540412278174917f,-0.5213176797147471f,2.9812511111936817f,0.5261455246892127f,-0.12798640792133884f,0.8407082527469951f,1.0051061421431982f,0f,0f,0f,1f],start_interpolation:0}
execute if entity @s[tag=aj.armor.bone.right_fingers_2] run data modify entity @s {} merge value {transformation:[0.7790622296645203f,0.6096101473320634f,0.1464155407732618f,-0.6242834847438816f,-0.4629640293875276f,0.7168627374261386f,-0.5213176797147471f,3.2640476756214594f,-0.42276039289816525f,0.338353785200762f,0.8407082527469951f,1.2642674928268929f,0f,0f,0f,1f],start_interpolation:0}
execute if entity @s[tag=aj.armor.bone.right_fingers] run data modify entity @s {} merge value {transformation:[0.22324849829495536f,-0.963702546136058f,0.1464155407732618f,-1.0372532316528869f,0.8453553345139457f,0.11662862095406656f,-0.5213176797147471f,3.35061709622612f,0.48531893268021425f,0.24015654757934876f,0.8407082527469951f,1.3999124777880072f,0f,0f,0f,1f],start_interpolation:0}
execute if entity @s[tag=aj.armor.bone.right_hand] run data modify entity @s {} merge value {transformation:[-0.4484377845261213f,-0.8817403488722615f,0.1464155407732618f,-1.7219535114622246f,0.7225471889494948f,-0.4540412278174917f,-0.5213176797147471f,2.971134894255604f,0.5261455246892127f,-0.12798640792133884f,0.8407082527469951f,1.2736074915559041f,0f,0f,0f,1f],start_interpolation:0}
execute if entity @s[tag=aj.armor.bone.right_forearm] run data modify entity @s {} merge value {transformation:[-1.6634071115359195f,-0.6989895710506817f,0.26705602874232326f,-2.663632568604616f,0.4707722684172989f,-1.4835979142817624f,-0.9508623778768102f,0.7285901253873406f,0.5816174122345953f,-0.798235159545541f,1.533417874385304f,0.13522294013827352f,0f,0f,0f,1f],start_interpolation:0}
execute if entity @s[tag=aj.armor.bone.right_bicep] run data modify entity @s {} merge value {transformation:[-1.444880215690332f,0.2883893049002638f,-0.582483756863064f,-2.2017791362875636f,0.4089254711095573f,1.5069682119821581f,-0.26825607735264934f,3.0823920814117063f,0.5052085482926758f,-0.39498477537488275f,-1.448753224616797f,-0.46395834924503787f,0f,0f,0f,1f],start_interpolation:0}
execute if entity @s[tag=aj.armor.bone.right_shoulder] run data modify entity @s {} merge value {transformation:[-0.9304646084941244f,-0.05839877348400905f,-0.3965326900298122f,-1.796393125f,0.007422261250039404f,0.9996265510645687f,-0.16463489032259082f,3.3010286618402667f,0.4007411896032798f,-0.15410814491505218f,-0.917643807418232f,-0.6556163030072486f,0f,0f,0f,1f],start_interpolation:0}
execute if entity @s[tag=aj.armor.bone.right_arm] run data modify entity @s {} merge value {transformation:[-1.3293824999999997f,-5.3003277673223063e-17f,1.539326955710465e-16f,-1.74976375f,0f,1.2569558478266585f,0.432804607092641f,3.4270942008067604f,-1.628024023467506e-16f,0.432804607092641f,-1.2569558478266585f,-0.5928427611713869f,0f,0f,0f,1f],start_interpolation:0}
execute if entity @s[tag=aj.armor.bone.left_thumb_2] run data modify entity @s {} merge value {transformation:[-0.44843778452612126f,0.8817403488722615f,-0.146415540773262f,0.9741947862593887f,-0.7225471889494948f,-0.4540412278174917f,-0.5213176797147471f,3.1369039663630858f,-0.5261455246892128f,-0.12798640792133853f,0.8407082527469951f,0.913550453904521f,0f,0f,0f,1f],start_interpolation:0}
execute if entity @s[tag=aj.armor.bone.left_thumb] run data modify entity @s {} merge value {transformation:[-0.44843778452612126f,0.8817403488722615f,-0.146415540773262f,1.3485936644105307f,-0.7225471889494948f,-0.4540412278174917f,-0.5213176797147471f,3.177433788202497f,-0.5261455246892128f,-0.12798640792133853f,0.8407082527469951f,0.9536749284529202f,0f,0f,0f,1f],start_interpolation:0}
execute if entity @s[tag=aj.armor.bone.left_fingers_2] run data modify entity @s {} merge value {transformation:[0.7790622296645203f,-0.6096101473320634f,-0.146415540773262f,0.343033484743882f,0.4629640293875276f,0.7168627374261386f,-0.5213176797147471f,3.4602303526302745f,0.42276039289816547f,0.33835378520076176f,0.8407082527469951f,1.2128362791366145f,0f,0f,0f,1f],start_interpolation:0}
execute if entity @s[tag=aj.armor.bone.left_fingers] run data modify entity @s {} merge value {transformation:[0.2232484982949554f,0.963702546136058f,-0.146415540773262f,0.7560032316528872f,-0.8453553345139457f,0.11662862095406656f,-0.5213176797147471f,3.5467997732349352f,-0.4853189326802142f,0.24015654757934907f,0.8407082527469951f,1.348481264097729f,0f,0f,0f,1f],start_interpolation:0}
execute if entity @s[tag=aj.armor.locator_origin.consume] at @s on origin run tp @s ^0.62341 ^3.51248 ^1.11324 ~-170.12061 ~-31.42068
execute if entity @s[tag=aj.armor.bone.left_hand] run data modify entity @s {} merge value {transformation:[-0.44843778452612126f,0.8817403488722615f,-0.146415540773262f,1.4407035114622249f,-0.7225471889494948f,-0.4540412278174917f,-0.5213176797147471f,3.167317571264419f,-0.5261455246892128f,-0.12798640792133853f,0.8407082527469951f,1.2221762778656262f,0f,0f,0f,1f],start_interpolation:0}
execute if entity @s[tag=aj.armor.bone.left_forearm] run data modify entity @s {} merge value {transformation:[-1.6634071115359195f,0.6989895710506818f,-0.2670560287423236f,2.3823825686046165f,-0.4707722684172989f,-1.4835979142817624f,-0.9508623778768102f,0.9247728023961557f,-0.5816174122345957f,-0.7982351595455406f,1.533417874385304f,0.08379172644799626f,0f,0f,0f,1f],start_interpolation:0}
execute if entity @s[tag=aj.armor.bone.left_bicep] run data modify entity @s {} merge value {transformation:[-1.444880215690332f,-0.28838930490026377f,0.5824837568630643f,1.9205291362875638f,-0.4089254711095573f,1.5069682119821581f,-0.26825607735264934f,3.2785747584205214f,-0.5052085482926761f,-0.39498477537488286f,-1.4487532246167967f,-0.5153895629353153f,0f,0f,0f,1f],start_interpolation:0}
execute if entity @s[tag=aj.armor.bone.left_shoulder] run data modify entity @s {} merge value {transformation:[-0.9304646084941246f,0.058398773484009105f,0.3965326900298125f,1.515143125f,-0.007422261250039406f,0.9996265510645689f,-0.16463489032259085f,3.4972113388490818f,-0.40074118960328015f,-0.1541081449150522f,-0.9176438074182321f,-0.7070475166975262f,0f,0f,0f,1f],start_interpolation:0}
execute if entity @s[tag=aj.armor.bone.left_arm] run data modify entity @s {} merge value {transformation:[-1.3293824999999997f,-5.3003277673223063e-17f,1.539326955710465e-16f,1.749763125f,0f,1.2569558478266585f,0.432804607092641f,3.4270942008067604f,-1.628024023467506e-16f,0.432804607092641f,-1.2569558478266585f,-0.5928427611713865f,0f,0f,0f,1f],start_interpolation:0}
execute if entity @s[tag=aj.armor.bone.chest] run data modify entity @s {} merge value {transformation:[-2.632522916666667f,-1.0496026774326158e-16f,3.0482675130374707e-16f,4.717676797753542e-17f,0f,2.489099318399226f,0.857065627545338f,4.147148753596459f,-3.2239107635778877e-16f,0.857065627545338f,-2.489099318399226f,-0.24630611946391923f,0f,0f,0f,1f],start_interpolation:0}
execute if entity @s[tag=aj.armor.bone.weist] run data modify entity @s {} merge value {transformation:[-1.9493945833333333f,4.963517037823751e-17f,2.335151170505493e-16f,1.2472248302266505e-16f,0f,1.9067956345709767f,-0.4053019238918147f,0.36838520902395433f,-2.387319836754355e-16f,-0.4053019238918147f,-1.9067956345709767f,-0.8795149360722669f,0f,0f,0f,1f],start_interpolation:0}
execute if entity @s[tag=aj.armor.bone.right_foot] run data modify entity @s {} merge value {transformation:[-1.1759602746432312f,0.041687589546570133f,0.0311524030433562f,-0.9466161614706579f,0.05193863148681157f,0.8958302862504244f,0.7618276522103434f,-3.248003611845239f,0.0032719866833773046f,0.7624573024050879f,-0.8967937616803899f,0.8213132249272772f,0f,0f,0f,1f],start_interpolation:0}
execute if entity @s[tag=aj.armor.bone.right_knee] run data modify entity @s {} merge value {transformation:[-2.9017990204178394f,0.12431610225571255f,0.032196899789249424f,-0.8562460399829825f,0.1281637426196202f,2.757769991383301f,0.9028883752920471f,0.20810562632436014f,0.008073952800425178f,0.903426183968413f,-2.7605587532129214f,1.8482068075850528f,0f,0f,0f,1f],start_interpolation:0}
execute if entity @s[tag=aj.armor.bone.right_thigh] run data modify entity @s {} merge value {transformation:[-2.4734653368875708f,-0.06392199847923975f,-0.08885903592285226f,-0.8928749999999999f,0.10924553099124132f,-1.3151929629627852f,-2.0948378474408655f,-1.598393315275104f,0.00688215904788691f,-2.0967103212467517f,1.316727453804791f,-1.1068709983885272f,0f,0f,0f,1f],start_interpolation:0}
execute if entity @s[tag=aj.armor.bone.right_leg] run data modify entity @s {} merge value {transformation:[-1f,2.546183866652831e-17f,1.1978853283323184e-16f,-0.8089787499999999f,0f,0.9781476007338057f,-0.2079116908177593f,-1.5441979949893714f,-1.2246467991473532e-16f,-0.2079116908177593f,-0.9781476007338057f,-1.1606509347044294f,0f,0f,0f,1f],start_interpolation:0}
execute if entity @s[tag=aj.armor.bone.left_foot] run data modify entity @s {} merge value {transformation:[-1.1759602746432312f,-0.04168758954657033f,-0.03115240304335599f,0.9466155370817805f,-0.05193863148681157f,0.8958302862504244f,0.7618276522103434f,-3.2480036394226195f,-0.0032719866833775943f,0.7624573024050879f,-0.8967937616803899f,0.8213132231899802f,0f,0f,0f,1f],start_interpolation:0}
execute if entity @s[tag=aj.armor.bone.left_knee] run data modify entity @s {} merge value {transformation:[-2.9017990204178394f,-0.12431610225571278f,-0.032196899789248765f,0.856246039982982f,-0.1281637426196202f,2.757769991383301f,0.9028883752920471f,0.20810562632436014f,-0.008073952800425895f,0.903426183968413f,-2.7605587532129214f,1.8482068075850528f,0f,0f,0f,1f],start_interpolation:0}
execute if entity @s[tag=aj.armor.bone.left_thigh] run data modify entity @s {} merge value {transformation:[-2.4734653368875708f,0.06392199847924025f,0.08885903592285195f,0.8928750000000001f,-0.10924553099124132f,-1.3151929629627852f,-2.0948378474408655f,-1.598393315275104f,-0.00688215904788752f,-2.0967103212467517f,1.316727453804791f,-1.1068709983885272f,0f,0f,0f,1f],start_interpolation:0}
execute if entity @s[tag=aj.armor.bone.left_leg] run data modify entity @s {} merge value {transformation:[-1f,2.546183866652831e-17f,1.1978853283323184e-16f,0.8089781250000001f,0f,0.9781476007338057f,-0.2079116908177593f,-1.5441979949893714f,-1.2246467991473532e-16f,-0.2079116908177593f,-0.9781476007338057f,-1.1606509347044294f,0f,0f,0f,1f],start_interpolation:0}