execute if entity @s[tag=aj.armor.bone.neck] run data modify entity @s {} merge value {transformation:[-1.2033625000000001f,-2.875034436148891e-17f,1.4453774162073092e-16f,1.1102230246251565e-16f,0f,1.1802402269892325f,0.23476437762713318f,3.7298079725445312f,-1.473694033838957e-16f,0.23476437762713318f,-1.1802402269892325f,-0.6436904356033837f,0f,0f,0f,1f],start_interpolation:0}
execute if entity @s[tag=aj.armor.bone.right_thumb_2] run data modify entity @s {} merge value {transformation:[-0.933487414432975f,-0.08095669082956147f,-0.34935263174214976f,-3.390285167083672f,0.35221665775970745f,-0.023844330824291354f,-0.9356147037558372f,0.9601463335805991f,0.06741419058195658f,-0.9964323670462881f,0.05077267779732628f,1.1880501566283175f,0f,0f,0f,1f],start_interpolation:0}
execute if entity @s[tag=aj.armor.bone.right_thumb] run data modify entity @s {} merge value {transformation:[-0.933487414432975f,0.012220956068382971f,-0.3584018628969637f,-3.5751804697537883f,0.35221665775970745f,0.21912304925620008f,-0.9099057727486106f,1.1426223028089555f,0.06741419058195658f,-0.97562069346516f,-0.20885303299387373f,0.9124718418398508f,0f,0f,0f,1f],start_interpolation:0}
execute if entity @s[tag=aj.armor.bone.right_fingers_2] run data modify entity @s {} merge value {transformation:[0.8408621135908844f,-0.4055847760942921f,-0.3584018628969637f,-3.5630998937744116f,-0.41182210183562257f,-0.04973973420158312f,-0.9099057727486106f,0.676035966669271f,0.3512171157093018f,0.9127030997219738f,-0.20885303299387373f,1.8822352295191989f,0f,0f,0f,1f],start_interpolation:0}
execute if entity @s[tag=aj.armor.bone.right_fingers] run data modify entity @s {} merge value {transformation:[-0.7229483256871632f,-0.590672348310054f,-0.3584018628969637f,-3.8602540335461777f,0.12896403239214416f,0.39425849777514244f,-0.9099057727486106f,0.8481229340627412f,0.6787591595958657f,-0.7040358043977412f,-0.20885303299387373f,1.602015081669627f,0f,0f,0f,1f],start_interpolation:0}
execute if entity @s[tag=aj.armor.bone.right_hand] run data modify entity @s {} merge value {transformation:[-0.933487414432975f,0.012220956068382971f,-0.3584018628969637f,-3.8161203022252694f,0.35221665775970745f,0.21912304925620008f,-0.9099057727486106f,1.0177055716522732f,0.06741419058195658f,-0.97562069346516f,-0.20885303299387373f,0.82866644934502f,0f,0f,0f,1f],start_interpolation:0}
execute if entity @s[tag=aj.armor.bone.right_forearm] run data modify entity @s {} merge value {transformation:[-1.5608177386411184f,0.6806901748986376f,-0.6537105125154363f,-2.7703140051982214f,0.7471365950418888f,0.11932827977578044f,-1.6596313541351504f,1.091763084440974f,-0.5765964418256017f,-1.6879722180994932f,-0.3809394910374088f,-1.6436787020938808f,0f,0f,0f,1f],start_interpolation:0}
execute if entity @s[tag=aj.armor.bone.right_bicep] run data modify entity @s {} merge value {transformation:[-1.3557683234735751f,0.49653602966315846f,0.6522873448071064f,-1.9998494500703528f,0.6489829682148461f,1.420308761357337f,0.2677287531479228f,3.302705050333282f,-0.5008471981714641f,0.49629582865609545f,-1.4187942382269036f,-0.8494303458336425f,0f,0f,0f,1f],start_interpolation:0}
execute if entity @s[tag=aj.armor.bone.right_shoulder] run data modify entity @s {} merge value {transformation:[-0.9892086073040024f,0.06365737751858938f,0.20934910601665316f,-1.554205625f,0.11776747630460019f,0.9718234795340415f,0.26096537091735716f,3.45797549635692f,-0.18441835978926158f,0.2791412573960434f,-0.956286048031045f,-0.6876736969510125f,0f,0f,0f,1f],start_interpolation:0}
execute if entity @s[tag=aj.armor.bone.right_arm] run data modify entity @s {} merge value {transformation:[-1.3293824999999997f,-3.176117309882685e-17f,1.5967419983597733e-16f,-1.74976375f,0f,1.3038387880256472f,0.25934966000760556f,3.429934874263751f,-1.628024023467506e-16f,0.25934966000760556f,-1.3038387880256472f,-0.5758090786716641f,0f,0f,0f,1f],start_interpolation:0}
execute if entity @s[tag=aj.armor.bone.left_thumb_2] run data modify entity @s {} merge value {transformation:[-0.9334874144329749f,-0.012220956068382749f,0.35840186289696374f,3.351222667083672f,-0.35221665775970745f,0.21912304925620008f,-0.9099057727486106f,0.9861817748715516f,-0.06741419058195691f,-0.9756206934651601f,-0.20885303299387364f,1.1772978160442713f,0f,0f,0f,1f],start_interpolation:0}
execute if entity @s[tag=aj.armor.bone.left_thumb] run data modify entity @s {} merge value {transformation:[-0.9334874144329749f,-0.012220956068382749f,0.35840186289696374f,3.536117969753788f,-0.35221665775970745f,0.21912304925620008f,-0.9099057727486106f,1.168657744099908f,-0.06741419058195691f,-0.9756206934651601f,-0.20885303299387364f,0.9017195012558047f,0f,0f,0f,1f],start_interpolation:0}
execute if entity @s[tag=aj.armor.bone.left_fingers_2] run data modify entity @s {} merge value {transformation:[0.8408621135908844f,0.405584776094292f,0.35840186289696374f,3.524037393774411f,0.41182210183562257f,-0.04973973420158312f,-0.9099057727486106f,0.7020714079602235f,-0.3512171157093015f,0.9127030997219742f,-0.20885303299387364f,1.8714828889351531f,0f,0f,0f,1f],start_interpolation:0}
execute if entity @s[tag=aj.armor.bone.left_fingers] run data modify entity @s {} merge value {transformation:[-0.7229483256871629f,0.5906723483100541f,0.35840186289696374f,3.8211915335461772f,-0.12896403239214416f,0.39425849777514244f,-0.9099057727486106f,0.8741583753536937f,-0.6787591595958661f,-0.7040358043977409f,-0.20885303299387364f,1.5912627410855813f,0f,0f,0f,1f],start_interpolation:0}
execute if entity @s[tag=aj.armor.locator_origin.consume] at @s on origin run tp @s ^3.57036 ^0.93129 ^1.68024 ~59.76918 ~-65.49233
execute if entity @s[tag=aj.armor.bone.left_hand] run data modify entity @s {} merge value {transformation:[-0.9334874144329749f,-0.012220956068382749f,0.35840186289696374f,3.777057802225269f,-0.35221665775970745f,0.21912304925620008f,-0.9099057727486106f,1.0437410129432256f,-0.06741419058195691f,-0.9756206934651601f,-0.20885303299387364f,0.817914108760974f,0f,0f,0f,1f],start_interpolation:0}
execute if entity @s[tag=aj.armor.bone.left_forearm] run data modify entity @s {} merge value {transformation:[-1.5608177386411184f,-0.6806901748986371f,0.6537105125154364f,2.7312515051982214f,-0.7471365950418888f,0.11932827977578044f,-1.6596313541351504f,1.1177985257319265f,0.5765964418256012f,-1.6879722180994936f,-0.3809394910374087f,-1.6544310426779276f,0f,0f,0f,1f],start_interpolation:0}
execute if entity @s[tag=aj.armor.bone.left_bicep] run data modify entity @s {} merge value {transformation:[-1.3557683234735751f,-0.49653602966315863f,-0.652287344807106f,1.9607869500703528f,-0.6489829682148461f,1.420308761357337f,0.2677287531479228f,3.3287404916242345f,0.5008471981714637f,0.4962958286560954f,-1.418794238226904f,-0.8601826864176895f,0f,0f,0f,1f],start_interpolation:0}
execute if entity @s[tag=aj.armor.bone.left_shoulder] run data modify entity @s {} merge value {transformation:[-0.9892086073040026f,-0.06365737751858949f,-0.209349106016653f,1.515143125f,-0.11776747630460022f,0.9718234795340417f,0.2609653709173572f,3.4840109376478723f,0.18441835978926135f,0.27914125739604345f,-0.9562860480310453f,-0.6984260375350596f,0f,0f,0f,1f],start_interpolation:0}
execute if entity @s[tag=aj.armor.bone.left_arm] run data modify entity @s {} merge value {transformation:[-1.3293824999999997f,-3.176117309882685e-17f,1.5967419983597733e-16f,1.749763125f,0f,1.3038387880256472f,0.25934966000760556f,3.429934874263751f,-1.628024023467506e-16f,0.25934966000760556f,-1.3038387880256472f,-0.5758090786716636f,0f,0f,0f,1f],start_interpolation:0}
execute if entity @s[tag=aj.armor.bone.chest] run data modify entity @s {} merge value {transformation:[-2.632522916666667f,-6.289537890176721e-17f,3.161964222250732e-16f,-2.7241293965966778e-17f,0f,2.581939726990847f,0.5135797435273373f,4.1901431633894095f,-3.2239107635778877e-16f,0.5135797435273373f,-2.581939726990847f,-0.32953776450027816f,0f,0f,0f,1f],start_interpolation:0}
execute if entity @s[tag=aj.armor.bone.weist] run data modify entity @s {} merge value {transformation:[-1.9493945833333333f,3.3740754675613e-17f,2.3633561200870365e-16f,-9.336430496894508e-18f,0f,1.9298267236990263f,-0.27551417028244074f,0.21798607374798507f,-2.387319836754355e-16f,-0.27551417028244074f,-1.9298267236990263f,-0.4757420699501298f,0f,0f,0f,1f],start_interpolation:0}
execute if entity @s[tag=aj.armor.bone.right_foot] run data modify entity @s {} merge value {transformation:[-1.1276489413892434f,0.09545218128091738f,0.3238636147346535f,-1.8478609763749199f,0.21316466011193502f,1.0768839591789456f,0.424820739864481f,-5.999291228586186f,-0.2618388579635277f,0.4656186362554195f,-1.048918773265386f,-0.1283289251539954f,0f,0f,0f,1f],start_interpolation:0}
execute if entity @s[tag=aj.armor.bone.right_knee] run data modify entity @s {} merge value {transformation:[-2.782585997210884f,-0.029304722741372705f,0.832637430028813f,-1.9180820008357895f,0.5260050149977872f,2.189374236507748f,1.8349081353700847f,-3.207760519016625f,-0.6461134427150641f,1.908588581720847f,-2.092069724794497f,2.1541682950801038f,0f,0f,0f,1f],start_interpolation:0}
execute if entity @s[tag=aj.armor.bone.right_thigh] run data modify entity @s {} merge value {transformation:[-2.3718493122996516f,0.6961071847877406f,-0.14063552172057087f,-0.8928749999999999f,0.44836157241472574f,1.0875638988193954f,-2.178575082320004f,-1.6590901189716911f,-0.5507408311216132f,-2.1124990594579454f,-1.1679233637802748f,-0.7694998706889665f,0f,0f,0f,1f],start_interpolation:0}
execute if entity @s[tag=aj.armor.bone.right_leg] run data modify entity @s {} merge value {transformation:[-1f,1.7308324832789154e-17f,1.2123538970985838e-16f,-0.8089787499999999f,0f,0.9899620837148079f,-0.1413331978235674f,-1.6013842506446112f,-1.2246467991473532e-16f,-0.1413331978235674f,-0.9899620837148079f,-0.8194943408995145f,0f,0f,0f,1f],start_interpolation:0}
execute if entity @s[tag=aj.armor.bone.left_foot] run data modify entity @s {} merge value {transformation:[-1.1276489413892434f,-0.0954521812809175f,-0.32386361473465336f,1.8478603776374698f,-0.21316466011193502f,1.0768839591789456f,0.424820739864481f,-5.999291341768276f,0.26183885796352735f,0.4656186362554195f,-1.048918773265386f,-0.12832878612781062f,0f,0f,0f,1f],start_interpolation:0}
execute if entity @s[tag=aj.armor.bone.left_knee] run data modify entity @s {} merge value {transformation:[-2.782585997210884f,0.029304722741372222f,-0.8326374300288124f,1.9180820008357888f,-0.5260050149977872f,2.189374236507748f,1.8349081353700847f,-3.207760519016625f,0.6461134427150634f,1.908588581720847f,-2.092069724794497f,2.1541682950801038f,0f,0f,0f,1f],start_interpolation:0}
execute if entity @s[tag=aj.armor.bone.left_thigh] run data modify entity @s {} merge value {transformation:[-2.3718493122996516f,-0.69610718478774f,0.14063552172057114f,0.8928750000000001f,-0.44836157241472574f,1.0875638988193954f,-2.178575082320004f,-1.6590901189716911f,0.5507408311216127f,-2.1124990594579454f,-1.1679233637802748f,-0.7694998706889663f,0f,0f,0f,1f],start_interpolation:0}
execute if entity @s[tag=aj.armor.bone.left_leg] run data modify entity @s {} merge value {transformation:[-1f,1.7308324832789154e-17f,1.2123538970985838e-16f,0.8089781250000001f,0f,0.9899620837148079f,-0.1413331978235674f,-1.6013842506446112f,-1.2246467991473532e-16f,-0.1413331978235674f,-0.9899620837148079f,-0.8194943408995142f,0f,0f,0f,1f],start_interpolation:0}