execute if entity @s[tag=aj.armor.bone.neck] run data modify entity @s {} merge value {transformation:[-1.2033625000000001f,-3.5027628144877e-17f,1.4314610131005872e-16f,1.1102230246251565e-16f,0f,1.168876621485661f,0.2860222896043545f,3.7298834754434185f,-1.473694033838957e-16f,0.2860222896043545f,-1.168876621485661f,-0.635984813264414f,0f,0f,0f,1f],start_interpolation:0}
execute if entity @s[tag=aj.armor.bone.right_thumb_2] run data modify entity @s {} merge value {transformation:[-0.8225479342891788f,-0.5021363202199746f,-0.2669719305705148f,-2.558267272407527f,0.4435274819488788f,-0.2725997710280883f,-0.8537990030396617f,1.7103469310117578f,0.3559470024493696f,-0.8206999943654055f,0.44693763624909844f,1.6853459073330148f,0f,0f,0f,1f],start_interpolation:0}
execute if entity @s[tag=aj.armor.bone.right_thumb] run data modify entity @s {} merge value {transformation:[-0.8225479342891788f,-0.41592901987879405f,-0.3878375255429397f,-2.848967297291623f,0.4435274819488788f,-0.042331716400307556f,-0.8952605199285236f,1.8319788567515993f,0.3559470024493696f,-0.9084112924272074f,0.21929581673629506f,1.475283226092017f,0f,0f,0f,1f],start_interpolation:0}
execute if entity @s[tag=aj.armor.bone.right_fingers_2] run data modify entity @s {} merge value {transformation:[0.9212607974458824f,0.029335931382976743f,-0.3878375255429397f,-2.4067318333137773f,-0.3840822542534279f,0.22580837766769044f,-0.8952605199285236f,1.6325747469732415f,0.0613136612589914f,0.9737299316057707f,0.21929581673629506f,2.4359889941997004f,0f,0f,0f,1f],start_interpolation:0}
execute if entity @s[tag=aj.armor.bone.right_fingers] run data modify entity @s {} merge value {transformation:[-0.3627542537740647f,-0.8473437349444151f,-0.3878375255429397f,-2.800373760783243f,0.36697206571637364f,0.2526659938360654f,-0.8952605199285236f,1.753535355926809f,0.8565867465427415f,-0.4670850997508722f,0.21929581673629506f,2.272121967587507f,0f,0f,0f,1f],start_interpolation:0}
execute if entity @s[tag=aj.armor.bone.right_hand] run data modify entity @s {} merge value {transformation:[-0.8225479342891788f,-0.41592901987879405f,-0.3878375255429397f,-3.098892365414688f,0.4435274819488788f,-0.042331716400307556f,-0.8952605199285236f,1.7128008016626592f,0.3559470024493696f,-0.9084112924272074f,0.21929581673629506f,1.538636110117668f,0f,0f,0f,1f],start_interpolation:0}
execute if entity @s[tag=aj.armor.bone.right_forearm] run data modify entity @s {} merge value {transformation:[-1.6805274822779461f,0.047341559728552f,-0.7073999714903313f,-2.981512064649504f,0.6745947506044869f,-0.4531291289632227f,-1.6329190049036133f,0.9491284407019038f,-0.21812350950533474f,-1.7661430663570277f,0.39998670652107576f,-1.033272182190246f,0f,0f,0f,1f],start_interpolation:0}
execute if entity @s[tag=aj.armor.bone.right_bicep] run data modify entity @s {} merge value {transformation:[-1.4597514307999016f,0.5646938070383964f,0.2457259051334011f,-2.099134905423899f,0.5859711684513434f,1.4680835796264629f,0.1072518011896507f,3.2368794925168656f,-0.18946795482327397f,0.18969992990810353f,-1.5614897971397228f,-0.7165449612718285f,0f,0f,0f,1f],start_interpolation:0}
execute if entity @s[tag=aj.armor.bone.right_shoulder] run data modify entity @s {} merge value {transformation:[-1.0077843724146605f,0.10380158680882322f,0.0029779119529024676f,-1.632330625f,0.10333732779459892f,0.999584648997545f,0.12870471956989862f,3.4072689027966154f,0.010248612974471995f,0.12833058377201034f,-1.0049075608570543f,-0.6725704648915637f,0f,0f,0f,1f],start_interpolation:0}
execute if entity @s[tag=aj.armor.bone.right_arm] run data modify entity @s {} merge value {transformation:[-1.3293824999999997f,-3.8695834274632065e-17f,1.5813682246606411e-16f,-1.74976375f,0f,1.2912851491235278f,0.3159754657552987f,3.4273348467028733f,-1.628024023467506e-16f,0.3159754657552987f,-1.2912851491235278f,-0.5812483451775692f,0f,0f,0f,1f],start_interpolation:0}
execute if entity @s[tag=aj.armor.bone.left_thumb_2] run data modify entity @s {} merge value {transformation:[-0.8225479342891787f,0.4159290198787942f,0.3878375255429397f,2.441079772407527f,-0.4435274819488788f,-0.042331716400307556f,-0.8952605199285236f,1.789785946498292f,-0.35594700244936983f,-0.9084112924272073f,0.2192958167362951f,1.6565265371147029f,0f,0f,0f,1f],start_interpolation:0}
execute if entity @s[tag=aj.armor.bone.left_thumb] run data modify entity @s {} merge value {transformation:[-0.8225479342891787f,0.4159290198787942f,0.3878375255429397f,2.731779797291623f,-0.4435274819488788f,-0.042331716400307556f,-0.8952605199285236f,1.9114178722381334f,-0.35594700244936983f,-0.9084112924272073f,0.2192958167362951f,1.446463855873705f,0f,0f,0f,1f],start_interpolation:0}
execute if entity @s[tag=aj.armor.bone.left_fingers_2] run data modify entity @s {} merge value {transformation:[0.9212607974458824f,-0.029335931382976965f,0.3878375255429397f,2.2895443333137773f,0.3840822542534279f,0.22580837766769044f,-0.8952605199285236f,1.7120137624597755f,-0.06131366125899118f,0.9737299316057706f,0.2192958167362951f,2.407169623981388f,0f,0f,0f,1f],start_interpolation:0}
execute if entity @s[tag=aj.armor.bone.left_fingers] run data modify entity @s {} merge value {transformation:[-0.3627542537740645f,0.8473437349444152f,0.3878375255429397f,2.683186260783243f,-0.36697206571637364f,0.2526659938360654f,-0.8952605199285236f,1.832974371413343f,-0.8565867465427415f,-0.467085099750872f,0.2192958167362951f,2.243302597369195f,0f,0f,0f,1f],start_interpolation:0}
execute if entity @s[tag=aj.armor.locator_origin.consume] at @s on origin run tp @s ^2.42021 ^1.88738 ^2.19877 ~119.48521 ~-63.54191
execute if entity @s[tag=aj.armor.bone.left_hand] run data modify entity @s {} merge value {transformation:[-0.8225479342891787f,0.4159290198787942f,0.3878375255429397f,2.981704865414688f,-0.4435274819488788f,-0.042331716400307556f,-0.8952605199285236f,1.7922398171491933f,-0.35594700244936983f,-0.9084112924272073f,0.2192958167362951f,1.509816739899356f,0f,0f,0f,1f],start_interpolation:0}
execute if entity @s[tag=aj.armor.bone.left_forearm] run data modify entity @s {} merge value {transformation:[-1.6805274822779461f,-0.04734155972855157f,0.7073999714903313f,2.8643245646495044f,-0.6745947506044869f,-0.4531291289632227f,-1.6329190049036133f,1.028567456188438f,0.2181235095053343f,-1.7661430663570277f,0.3999867065210759f,-1.062091552408558f,0f,0f,0f,1f],start_interpolation:0}
execute if entity @s[tag=aj.armor.bone.left_bicep] run data modify entity @s {} merge value {transformation:[-1.4597514307999016f,-0.5646938070383966f,-0.2457259051334007f,1.9819474054238988f,-0.5859711684513434f,1.4680835796264629f,0.1072518011896507f,3.3163185080033997f,0.1894679548232736f,0.18969992990810342f,-1.5614897971397228f,-0.7453643314901406f,0f,0f,0f,1f],start_interpolation:0}
execute if entity @s[tag=aj.armor.bone.left_shoulder] run data modify entity @s {} merge value {transformation:[-1.0077843724146607f,-0.10380158680882327f,-0.0029779119529022213f,1.515143125f,-0.10333732779459895f,0.9995846489975452f,0.12870471956989865f,3.4867079182831495f,-0.010248612974472243f,0.12833058377201037f,-1.0049075608570546f,-0.7013898351098758f,0f,0f,0f,1f],start_interpolation:0}
execute if entity @s[tag=aj.armor.bone.left_arm] run data modify entity @s {} merge value {transformation:[-1.3293824999999997f,-3.8695834274632065e-17f,1.5813682246606411e-16f,1.749763125f,0f,1.2912851491235278f,0.3159754657552987f,3.4273348467028733f,-1.628024023467506e-16f,0.3159754657552987f,-1.2912851491235278f,-0.5812483451775687f,0f,0f,0f,1f],start_interpolation:0}
execute if entity @s[tag=aj.armor.bone.chest] run data modify entity @s {} merge value {transformation:[-2.632522916666667f,-7.662781066209643e-17f,3.131520153986998e-16f,7.188630553682605e-17f,0f,2.557080258705844f,0.6257135585170165f,4.176077382135837f,-3.2239107635778877e-16f,0.6257135585170165f,-2.557080258705844f,-0.3020516068863076f,0f,0f,0f,1f],start_interpolation:0}
execute if entity @s[tag=aj.armor.bone.weist] run data modify entity @s {} merge value {transformation:[-1.9493945833333333f,3.88883594952393e-17f,2.3554331984876464e-16f,1.0962828913628027e-16f,0f,1.9233571672482142f,-0.31754755348493036f,0.25960990764219805f,-2.387319836754355e-16f,-0.31754755348493036f,-1.9233571672482142f,-0.6102382907998382f,0f,0f,0f,1f],start_interpolation:0}
execute if entity @s[tag=aj.armor.bone.right_foot] run data modify entity @s {} merge value {transformation:[-1.1523678688646406f,0.053705146769970034f,0.2339977497655583f,-1.5944181321021154f,0.15932211654080675f,1.029317461519596f,0.5483729766029457f,-5.201106836691659f,-0.17959858815115023f,0.5685175595334176f,-1.0149497655119892f,0.5537951326853865f,0f,0f,0f,1f],start_interpolation:0}
execute if entity @s[tag=aj.armor.bone.right_knee] run data modify entity @s {} merge value {transformation:[-2.8435824110188666f,0.0784921603819377f,0.5872024702236277f,-1.5406264119999857f,0.39314317981470176f,2.403746427834069f,1.5825202176825928f,-2.1551526556190606f,-0.4431773916202626f,1.6287328755715438f,-2.36384257261839f,2.484245295931631f,0f,0f,0f,1f],start_interpolation:0}
execute if entity @s[tag=aj.armor.bone.right_thigh] run data modify entity @s {} merge value {transformation:[-2.4238420637503606f,0.42386388203069064f,-0.274484575966168f,-0.8928749999999999f,0.3351114328949629f,0.3433831345602093f,-2.428950611556717f,-1.640810142463866f,-0.37776010969468327f,-2.415044545209992f,-0.3935350900669251f,-0.879255088115136f,0f,0f,0f,1f],start_interpolation:0}
execute if entity @s[tag=aj.armor.bone.right_leg] run data modify entity @s {} merge value {transformation:[-1f,1.9948942008827598e-17f,1.2082895985378263e-16f,-0.8089787499999999f,0f,0.986643332084879f,-0.1628954733945887f,-1.5842086301907852f,-1.2246467991473532e-16f,-0.1628954733945887f,-0.986643332084879f,-0.9304965078789943f,0f,0f,0f,1f],start_interpolation:0}
execute if entity @s[tag=aj.armor.bone.left_foot] run data modify entity @s {} merge value {transformation:[-1.1523678688646406f,-0.053705146769970194f,-0.23399774976555804f,1.5944175202398825f,-0.15932211654080675f,1.029317461519596f,0.5483729766029457f,-5.201106921285468f,0.17959858815114996f,0.5685175595334176f,-1.0149497655119892f,0.5537952280452079f,0f,0f,0f,1f],start_interpolation:0}
execute if entity @s[tag=aj.armor.bone.left_knee] run data modify entity @s {} merge value {transformation:[-2.8435824110188666f,-0.07849216038193814f,-0.5872024702236273f,1.5406264119999853f,-0.39314317981470176f,2.403746427834069f,1.5825202176825928f,-2.1551526556190606f,0.4431773916202618f,1.6287328755715438f,-2.3638425726183905f,2.4842452959316312f,0f,0f,0f,1f],start_interpolation:0}
execute if entity @s[tag=aj.armor.bone.left_thigh] run data modify entity @s {} merge value {transformation:[-2.4238420637503606f,-0.4238638820306901f,0.27448457596616815f,0.8928750000000001f,-0.3351114328949629f,0.3433831345602093f,-2.428950611556717f,-1.640810142463866f,0.37776010969468266f,-2.4150445452099922f,-0.3935350900669251f,-0.8792550881151358f,0f,0f,0f,1f],start_interpolation:0}
execute if entity @s[tag=aj.armor.bone.left_leg] run data modify entity @s {} merge value {transformation:[-1f,1.9948942008827598e-17f,1.2082895985378263e-16f,0.8089781250000001f,0f,0.986643332084879f,-0.1628954733945887f,-1.5842086301907852f,-1.2246467991473532e-16f,-0.1628954733945887f,-0.986643332084879f,-0.9304965078789941f,0f,0f,0f,1f],start_interpolation:0}