execute if entity @s[tag=aj.armor.bone.neck] run data modify entity @s {} merge value {transformation:[-1.2033625000000001f,-4.431483426702208e-17f,1.4054869802887444e-16f,1.1102230246251565e-16f,0f,1.1476672141447632f,0.3618580826559608f,3.731921624280112f,-1.473694033838957e-16f,0.3618580826559608f,-1.1476672141447632f,-0.624364193119638f,0f,0f,0f,1f],start_interpolation:0}
execute if entity @s[tag=aj.armor.bone.right_thumb_2] run data modify entity @s {} merge value {transformation:[-0.5392233601055811f,-0.8264392658949782f,0.1619762566039122f,-1.4672264914639273f,0.6416364748094849f,-0.5277346776788594f,-0.5565956738686064f,2.665490013447152f,0.5454730076827854f,-0.19619951519348933f,0.8148404433552228f,1.3424944057329298f,0f,0f,0f,1f],start_interpolation:0}
execute if entity @s[tag=aj.armor.bone.right_thumb] run data modify entity @s {} merge value {transformation:[-0.5392233601055811f,-0.8402015708508432f,-0.057441172134822416f,-1.840102287075074f,0.6416364748094849f,-0.36569499377948056f,-0.6742179215347834f,2.721897907673418f,0.5454730076827854f,-0.40041040429089914f,0.7362952573696878f,1.3077244417803198f,0f,0f,0f,1f],start_interpolation:0}
execute if entity @s[tag=aj.armor.bone.right_fingers_2] run data modify entity @s {} merge value {transformation:[0.8437868576005446f,0.533595587204745f,-0.057441172134822416f,-0.9124512549232211f,-0.42697075096822157f,0.6025995121960772f,-0.6742179215347834f,2.8877248095663575f,-0.3251456854369003f,0.5934219217527053f,0.7362952573696878f,1.827584787092179f,0f,0f,0f,1f],start_interpolation:0}
execute if entity @s[tag=aj.armor.bone.right_fingers] run data modify entity @s {} merge value {transformation:[0.12700210077326496f,-0.9902378391795355f,-0.057441172134822416f,-1.343340981218764f,0.7265862669561023f,0.1322973580692859f,-0.6742179215347834f,2.97434729301006f,0.6752354130745613f,0.04389112558287822f,0.7362952573696878f,1.8847549499921834f,0f,0f,0f,1f],start_interpolation:0}
execute if entity @s[tag=aj.armor.bone.right_hand] run data modify entity @s {} merge value {transformation:[-0.5392233601055811f,-0.8402015708508432f,-0.057441172134822416f,-1.9903295072274838f,0.6416364748094849f,-0.36569499377948056f,-0.6742179215347834f,2.668887080465092f,0.5454730076827854f,-0.40041040429089914f,0.7362952573696878f,1.5428864517424674f,0f,0f,0f,1f],start_interpolation:0}
execute if entity @s[tag=aj.armor.bone.right_forearm] run data modify entity @s {} merge value {transformation:[-1.7063701367854207f,-0.6357300418816438f,-0.10477037639320896f,-2.8521109567749265f,0.53593741088108f,-1.235849440801946f,-1.2297462392384495f,0.7764904012332816f,0.357631947032834f,-1.1812502000644012f,1.3429727908423252f,-0.15648208262364832f,0f,0f,0f,1f],start_interpolation:0}
execute if entity @s[tag=aj.armor.bone.right_bicep] run data modify entity @s {} merge value {transformation:[-1.482199056495269f,0.4206686095887077f,-0.36913200039382227f,-2.1864813226325412f,0.4655296688706332f,1.5067387632973677f,-0.15216761305161264f,3.12826766232409f,0.31064874087824673f,-0.25082020645739467f,-1.5332061634714806f,-0.5290292112421767f,0f,0f,0f,1f],start_interpolation:0}
execute if entity @s[tag=aj.armor.bone.right_shoulder] run data modify entity @s {} merge value {transformation:[-0.9682597321737711f,0.019045130768283514f,-0.2975287426646976f,-1.749518125f,0.04370367978184734f,1.0091962290541936f,-0.07762691738798676f,3.331236802847784f,0.2949170359459463f,-0.0870243237471832f,-0.9653308695219701f,-0.6584094091059554f,0f,0f,0f,1f],start_interpolation:0}
execute if entity @s[tag=aj.armor.bone.right_arm] run data modify entity @s {} merge value {transformation:[-1.3293824999999997f,-4.895562655889598e-17f,1.5526741074062894e-16f,-1.74976375f,0f,1.2678546242780544f,0.3997530275094892f,3.426440839081871f,-1.628024023467506e-16f,0.3997530275094892f,-1.2678546242780544f,-0.5895325470765351f,0f,0f,0f,1f],start_interpolation:0}
execute if entity @s[tag=aj.armor.bone.left_thumb_2] run data modify entity @s {} merge value {transformation:[-0.5392233601055811f,0.8402015708508435f,0.05744117213482225f,1.2328514914639264f,-0.6416364748094849f,-0.36569499377948056f,-0.6742179215347834f,2.827797628349647f,-0.5454730076827856f,-0.40041040429089886f,0.7362952573696877f,1.295370194655572f,0f,0f,0f,1f],start_interpolation:0}
execute if entity @s[tag=aj.armor.bone.left_thumb] run data modify entity @s {} merge value {transformation:[-0.5392233601055811f,0.8402015708508435f,0.05744117213482225f,1.6057272870750734f,-0.6416364748094849f,-0.36569499377948056f,-0.6742179215347834f,2.884205522575913f,-0.5454730076827856f,-0.40041040429089886f,0.7362952573696877f,1.2606002307029622f,0f,0f,0f,1f],start_interpolation:0}
execute if entity @s[tag=aj.armor.bone.left_fingers_2] run data modify entity @s {} merge value {transformation:[0.8437868576005447f,-0.5335955872047452f,0.05744117213482225f,0.6780762549232202f,0.42697075096822157f,0.6025995121960772f,-0.6742179215347834f,3.0500324244688524f,0.3251456854369007f,0.593421921752705f,0.7362952573696877f,1.780460576014821f,0f,0f,0f,1f],start_interpolation:0}
execute if entity @s[tag=aj.armor.bone.left_fingers] run data modify entity @s {} merge value {transformation:[0.12700210077326507f,0.9902378391795357f,0.05744117213482225f,1.108965981218763f,-0.7265862669561023f,0.1322973580692859f,-0.6742179215347834f,3.136654907912555f,-0.6752354130745613f,0.04389112558287861f,0.7362952573696877f,1.8376307389148256f,0f,0f,0f,1f],start_interpolation:0}
execute if entity @s[tag=aj.armor.locator_origin.consume] at @s on origin run tp @s ^0.92773 ^3.13741 ^1.63452 ~175.53918 ~-42.39345
execute if entity @s[tag=aj.armor.bone.left_hand] run data modify entity @s {} merge value {transformation:[-0.5392233601055811f,0.8402015708508435f,0.05744117213482225f,1.7559545072274831f,-0.6416364748094849f,-0.36569499377948056f,-0.6742179215347834f,2.831194695367587f,-0.5454730076827856f,-0.40041040429089886f,0.7362952573696877f,1.4957622406651099f,0f,0f,0f,1f],start_interpolation:0}
execute if entity @s[tag=aj.armor.bone.left_forearm] run data modify entity @s {} merge value {transformation:[-1.706370136785421f,0.6357300418816443f,0.10477037639320866f,2.6177359567749265f,-0.53593741088108f,-1.235849440801946f,-1.2297462392384495f,0.9387980161357765f,-0.3576319470328344f,-1.181250200064401f,1.342972790842325f,-0.20360629370100564f,0f,0f,0f,1f],start_interpolation:0}
execute if entity @s[tag=aj.armor.bone.left_bicep] run data modify entity @s {} merge value {transformation:[-1.4821990564952692f,-0.4206686095887077f,0.3691320003938226f,1.9521063226325412f,-0.4655296688706332f,1.5067387632973677f,-0.15216761305161264f,3.290575277226585f,-0.31064874087824706f,-0.2508202064573948f,-1.5332061634714804f,-0.5761534223195341f,0f,0f,0f,1f],start_interpolation:0}
execute if entity @s[tag=aj.armor.bone.left_shoulder] run data modify entity @s {} merge value {transformation:[-0.9682597321737714f,-0.019045130768283496f,0.29752874266469787f,1.515143125f,-0.043703679781847346f,1.0091962290541938f,-0.07762691738798677f,3.493544417750279f,-0.2949170359459466f,-0.08702432374718323f,-0.9653308695219702f,-0.7055336201833129f,0f,0f,0f,1f],start_interpolation:0}
execute if entity @s[tag=aj.armor.bone.left_arm] run data modify entity @s {} merge value {transformation:[-1.3293824999999997f,-4.895562655889598e-17f,1.5526741074062894e-16f,1.749763125f,0f,1.2678546242780544f,0.3997530275094892f,3.426440839081871f,-1.628024023467506e-16f,0.3997530275094892f,-1.2678546242780544f,-0.5895325470765347f,0f,0f,0f,1f],start_interpolation:0}
execute if entity @s[tag=aj.armor.bone.chest] run data modify entity @s {} merge value {transformation:[-2.632522916666667f,-9.694486636921202e-17f,3.074698342923891e-16f,5.4190972184973053e-17f,0f,2.510681728858162f,0.7916149083695708f,4.155319918916852f,-3.2239107635778877e-16f,0.7916149083695708f,-2.510681728858162f,-0.2619634856284596f,0f,0f,0f,1f],start_interpolation:0}
execute if entity @s[tag=aj.armor.bone.weist] run data modify entity @s {} merge value {transformation:[-1.9493945833333333f,4.657429957078979e-17f,2.3414481555033137e-16f,1.206320637231477e-16f,0f,1.9119375130311218f,-0.38030801699899625f,0.33445249853410663f,-2.387319836754355e-16f,-0.38030801699899625f,-1.9119375130311218f,-0.8044961700272062f,0f,0f,0f,1f],start_interpolation:0}
execute if entity @s[tag=aj.armor.bone.right_foot] run data modify entity @s {} merge value {transformation:[-1.173219772555902f,0.03463420380017036f,0.08914444507409794f,-1.1145627583594322f,0.08141594958634325f,0.9373676008460499f,0.7073219344214041f,-3.799821073774328f,-0.05017672083142353f,0.7111493146223314f,-0.9366642108436496f,0.9121193433055752f,0f,0f,0f,1f],start_interpolation:0}
execute if entity @s[tag=aj.armor.bone.right_knee] run data modify entity @s {} merge value {transformation:[-2.8950365587565576f,0.13739966022231886f,0.1918680415488834f,-1.002342979949451f,0.20090195889288404f,2.6739524578476006f,1.116487950950571f,-0.43879245107736686f,-0.12381605271536737f,1.1260676156766052f,-2.674615859997173f,2.2152929978382456f,0f,0f,0f,1f],start_interpolation:0}
execute if entity @s[tag=aj.armor.bone.right_thigh] run data modify entity @s {} merge value {transformation:[-2.4677010801649244f,0.039305626244514426f,-0.19727942020761702f,-0.8928749999999999f,0.17124688096517676f,-0.8634789370637588f,-2.3141070316530308f,-1.611054313838373f,-0.10553960229044626f,-2.3201017037905536f,0.8579057053986798f,-1.0421728626968139f,0f,0f,0f,1f],start_interpolation:0}
execute if entity @s[tag=aj.armor.bone.right_leg] run data modify entity @s {} merge value {transformation:[-1f,2.3891673840167793e-17f,1.2011155542966553e-16f,-0.8089787499999999f,0f,0.9807852804032304f,-0.1950903220161283f,-1.556159678980979f,-1.2246467991473532e-16f,-0.1950903220161283f,-0.9807852804032304f,-1.0952387967307025f,0f,0f,0f,1f],start_interpolation:0}
execute if entity @s[tag=aj.armor.bone.left_foot] run data modify entity @s {} merge value {transformation:[-1.173219772555902f,-0.03463420380017053f,-0.0891444450740977f,1.114562135425654f,-0.08141594958634325f,0.9373676008460499f,0.7073219344214041f,-3.799821117003011f,0.050176720831423244f,0.7111493146223314f,-0.9366642108436496f,0.9121193699474504f,0f,0f,0f,1f],start_interpolation:0}
execute if entity @s[tag=aj.armor.bone.left_knee] run data modify entity @s {} merge value {transformation:[-2.8950365587565576f,-0.13739966022231911f,-0.19186804154888273f,1.0023429799494503f,-0.20090195889288404f,2.6739524578476006f,1.116487950950571f,-0.43879245107736686f,0.12381605271536666f,1.1260676156766052f,-2.674615859997173f,2.215292997838246f,0f,0f,0f,1f],start_interpolation:0}
execute if entity @s[tag=aj.armor.bone.left_thigh] run data modify entity @s {} merge value {transformation:[-2.4677010801649244f,-0.03930562624451386f,0.19727942020761682f,0.8928750000000001f,-0.17124688096517676f,-0.8634789370637588f,-2.3141070316530308f,-1.611054313838373f,0.10553960229044566f,-2.3201017037905536f,0.8579057053986798f,-1.0421728626968134f,0f,0f,0f,1f],start_interpolation:0}
execute if entity @s[tag=aj.armor.bone.left_leg] run data modify entity @s {} merge value {transformation:[-1f,2.3891673840167793e-17f,1.2011155542966553e-16f,0.8089781250000001f,0f,0.9807852804032304f,-0.1950903220161283f,-1.556159678980979f,-1.2246467991473532e-16f,-0.1950903220161283f,-0.9807852804032304f,-1.095238796730702f,0f,0f,0f,1f],start_interpolation:0}