execute if entity @s[tag=aj.armor.bone.neck] run data modify entity @s {} merge value {transformation:[-1.2033625000000001f,-4.6150763322939937e-17f,1.399565936225777e-16f,1.1102230246251565e-16f,0f,1.1428323147541064f,0.3768495810798011f,3.7326058731097325f,-1.473694033838957e-16f,0.3768495810798011f,-1.1428323147541064f,-0.6220198342741596f,0f,0f,0f,1f],start_interpolation:0}
execute if entity @s[tag=aj.armor.bone.right_thumb_2] run data modify entity @s {} merge value {transformation:[-0.4896587637684406f,-0.8301704930290835f,0.2665543988918796f,-1.3414227874812936f,0.6830037480578006f,-0.5552338636591023f,-0.474574795775315f,2.812790827301249f,0.5419780209600377f,-0.050322054310553116f,0.8388846855475471f,1.1636339546141818f,0f,0f,0f,1f],start_interpolation:0}
execute if entity @s[tag=aj.armor.bone.right_thumb] run data modify entity @s {} merge value {transformation:[-0.4896587637684406f,-0.8708724744289933f,0.04260784372254847f,-1.7171057794967897f,0.6830037480578006f,-0.41348573306629943f,-0.602109150146069f,2.860532904006976f,0.5419780209600377f,-0.2657267051550289f,0.7972760770045051f,1.166818840650208f,0f,0f,0f,1f],start_interpolation:0}
execute if entity @s[tag=aj.armor.bone.right_fingers_2] run data modify entity @s {} merge value {transformation:[0.8118281619350802f,0.5823397695009545f,0.04260784372254847f,-0.7409902748173405f,-0.4442649936769447f,0.6633951964731152f,-0.602109150146069f,3.087591113942208f,-0.3788979425680933f,0.46987999122539026f,0.7972760770045051f,1.5591616350239117f,0f,0f,0f,1f],start_interpolation:0}
execute if entity @s[tag=aj.armor.bone.right_fingers] run data modify entity @s {} merge value {transformation:[0.18468566117069213f,-0.9818736060263864f,0.04260784372254847f,-1.1646489809058576f,0.7889947318262858f,0.12227789849660525f,-0.602109150146069f,3.17332912308836f,0.5859850848855388f,0.14481829072321875f,0.7972760770045051f,1.6571419031092423f,0f,0f,0f,1f],start_interpolation:0}
execute if entity @s[tag=aj.armor.bone.right_hand] run data modify entity @s {} merge value {transformation:[-0.4896587637684406f,-0.8708724744289933f,0.04260784372254847f,-1.8384613146744195f,0.6830037480578006f,-0.41348573306629943f,-0.602109150146069f,2.82799877487284f,0.5419780209600377f,-0.2657267051550289f,0.7972760770045051f,1.421561653951591f,0f,0f,0f,1f],start_interpolation:0}
execute if entity @s[tag=aj.armor.bone.right_forearm] run data modify entity @s {} merge value {transformation:[-1.6885346060805084f,-0.6853027264112548f,0.07771498488291129f,-2.76656003412196f,0.5039717602989434f,-1.3662897963777711f,-1.0982227546216115f,0.7505189063761475f,0.4708417043160413f,-0.9952089866559672f,1.4541993412147716f,-0.004760903149752194f,0f,0f,0f,1f],start_interpolation:0}
execute if entity @s[tag=aj.armor.bone.right_bicep] run data modify entity @s {} merge value {transformation:[-1.466706634181365f,0.35922480709264387f,-0.47944107364840094f,-2.1954344797896814f,0.43776344388127836f,1.5082280330522297f,-0.209155261468871f,3.1054382078140526f,0.4089857850012413f,-0.32609859577766f,-1.4955015511132923f,-0.4955573411747999f,0f,0f,0f,1f],start_interpolation:0}
execute if entity @s[tag=aj.armor.bone.right_shoulder] run data modify entity @s {} merge value {transformation:[-0.9508802033810114f,-0.01697484719022419f,-0.34921579581656204f,-1.772955625f,0.026408273883523296f,1.0055478601031826f,-0.12078527550675616f,3.3161099627785156f,0.3486293455167236f,-0.12246768664271694f,-0.9433303895453609f,-0.6568073725088908f,0f,0f,0f,1f],start_interpolation:0}
execute if entity @s[tag=aj.armor.bone.right_arm] run data modify entity @s {} merge value {transformation:[-1.3293824999999997f,-5.0983820023607335e-17f,1.5461329925227546e-16f,-1.74976375f,0f,1.2625133986380666f,0.41631448397288306f,3.426695327031665f,-1.628024023467506e-16f,0.41631448397288306f,-1.2625133986380666f,-0.5911897922757364f,0f,0f,0f,1f],start_interpolation:0}
execute if entity @s[tag=aj.armor.bone.left_thumb_2] run data modify entity @s {} merge value {transformation:[-0.48965876376844053f,0.8708724744289934f,-0.042607843722548666f,1.0836102874812938f,-0.6830037480578006f,-0.41348573306629943f,-0.602109150146069f,2.9919924284292385f,-0.5419780209600378f,-0.2657267051550287f,0.7972760770045051f,1.1141387585400686f,0f,0f,0f,1f],start_interpolation:0}
execute if entity @s[tag=aj.armor.bone.left_thumb] run data modify entity @s {} merge value {transformation:[-0.48965876376844053f,0.8708724744289934f,-0.042607843722548666f,1.4592932794967899f,-0.6830037480578006f,-0.41348573306629943f,-0.602109150146069f,3.0397345051349656f,-0.5419780209600378f,-0.2657267051550287f,0.7972760770045051f,1.117323644576095f,0f,0f,0f,1f],start_interpolation:0}
execute if entity @s[tag=aj.armor.bone.left_fingers_2] run data modify entity @s {} merge value {transformation:[0.8118281619350802f,-0.5823397695009546f,-0.042607843722548666f,0.4831777748173403f,0.4442649936769447f,0.6633951964731152f,-0.602109150146069f,3.2667927150701974f,0.3788979425680934f,0.4698799912253901f,0.7972760770045051f,1.5096664389497985f,0f,0f,0f,1f],start_interpolation:0}
execute if entity @s[tag=aj.armor.bone.left_fingers] run data modify entity @s {} merge value {transformation:[0.18468566117069224f,0.9818736060263866f,-0.042607843722548666f,0.9068364809058576f,-0.7889947318262858f,0.12227789849660525f,-0.602109150146069f,3.3525307242163493f,-0.5859850848855387f,0.14481829072321892f,0.7972760770045051f,1.607646707035129f,0f,0f,0f,1f],start_interpolation:0}
execute if entity @s[tag=aj.armor.locator_origin.consume] at @s on origin run tp @s ^0.74978 ^3.33652 ^1.38589 ~-176.94092 ~-37.0211
execute if entity @s[tag=aj.armor.bone.left_hand] run data modify entity @s {} merge value {transformation:[-0.48965876376844053f,0.8708724744289934f,-0.042607843722548666f,1.5806488146744195f,-0.6830037480578006f,-0.41348573306629943f,-0.602109150146069f,3.0072003760008297f,-0.5419780209600378f,-0.2657267051550287f,0.7972760770045051f,1.372066457877478f,0f,0f,0f,1f],start_interpolation:0}
execute if entity @s[tag=aj.armor.bone.left_forearm] run data modify entity @s {} merge value {transformation:[-1.6885346060805084f,0.685302726411255f,-0.07771498488291165f,2.5087475341219605f,-0.5039717602989434f,-1.3662897963777711f,-1.0982227546216115f,0.929720507504137f,-0.47084170431604166f,-0.9952089866559672f,1.4541993412147716f,-0.054256099223865206f,0f,0f,0f,1f],start_interpolation:0}
execute if entity @s[tag=aj.armor.bone.left_bicep] run data modify entity @s {} merge value {transformation:[-1.466706634181365f,-0.35922480709264387f,0.4794410736484013f,1.9376219797896816f,-0.43776344388127836f,1.5082280330522297f,-0.209155261468871f,3.284639808942042f,-0.4089857850012416f,-0.32609859577766004f,-1.4955015511132923f,-0.545052537248913f,0f,0f,0f,1f],start_interpolation:0}
execute if entity @s[tag=aj.armor.bone.left_shoulder] run data modify entity @s {} merge value {transformation:[-0.9508802033810116f,0.01697484719022422f,0.34921579581656237f,1.515143125f,-0.0264082738835233f,1.0055478601031829f,-0.12078527550675619f,3.495311563906505f,-0.34862934551672387f,-0.12246768664271697f,-0.943330389545361f,-0.706302568583004f,0f,0f,0f,1f],start_interpolation:0}
execute if entity @s[tag=aj.armor.bone.left_arm] run data modify entity @s {} merge value {transformation:[-1.3293824999999997f,-5.0983820023607335e-17f,1.5461329925227546e-16f,1.749763125f,0f,1.2625133986380666f,0.41631448397288306f,3.426695327031665f,-1.628024023467506e-16f,0.41631448397288306f,-1.2625133986380666f,-0.591189792275736f,0f,0f,0f,1f],start_interpolation:0}
execute if entity @s[tag=aj.armor.bone.chest] run data modify entity @s {} merge value {transformation:[-2.632522916666667f,-1.009612166485983e-16f,3.0617452351227467e-16f,5.067870029846369e-17f,0f,2.5001047136647503f,0.8244108972390359f,4.151224215491581f,-3.2239107635778877e-16f,0.8244108972390359f,-2.5001047136647503f,-0.25410806208838177f,0f,0f,0f,1f],start_interpolation:0}
execute if entity @s[tag=aj.armor.bone.weist] run data modify entity @s {} merge value {transformation:[-1.9493945833333333f,4.8105765319952596e-17f,2.338349746564659e-16f,1.2269968227351329e-16f,0f,1.9094074701315589f,-0.3928133838543954f,0.3511408154753668f,-2.387319836754355e-16f,-0.3928133838543954f,-1.9094074701315589f,-0.842204009631734f,0f,0f,0f,1f],start_interpolation:0}
execute if entity @s[tag=aj.armor.bone.right_foot] run data modify entity @s {} merge value {transformation:[-1.1749936771145797f,0.03713079864560292f,0.060017142628262146f,-1.0267830214863678f,0.06652729250507196f,0.9168536109757446f,0.735217294593404f,-3.519872620010471f,-0.02355574174731221f,0.7372866842071943f,-0.9173027674645143f,0.8828064227374337f,0f,0f,0f,1f],start_interpolation:0}
execute if entity @s[tag=aj.armor.bone.right_knee] run data modify entity @s {} merge value {transformation:[-2.8994138448109252f,0.13351624095553888f,0.11180992108866869f,-0.9222190099967691f,0.16416271568428367f,2.717879058963047f,1.0114903421008634f,-0.10874623223093405f,-0.05812613725264127f,1.015989922580565f,-2.7205357042165144f,2.0492760490963784f,0f,0f,0f,1f],start_interpolation:0}
execute if entity @s[tag=aj.armor.bone.right_thigh] run data modify entity @s {} merge value {transformation:[-2.471432236336988f,-0.017431770989743578f,-0.14741627282487432f,-0.8928749999999999f,0.1399307064332583f,-1.0942410550697992f,-2.21654429997144f,-1.6047772332225143f,-0.04954615555727742f,-2.2208884190113998f,1.093257760873254f,-1.0745509498296137f,0f,0f,0f,1f],start_interpolation:0}
execute if entity @s[tag=aj.armor.bone.right_leg] run data modify entity @s {} merge value {transformation:[-1f,2.467728479972227e-17f,1.199526133168093e-16f,-0.8089787499999999f,0f,0.9794874195590514f,-0.20150532232561713f,-1.5502310873632785f,-1.2246467991473532e-16f,-0.20150532232561713f,-0.9794874195590514f,-1.127975029259386f,0f,0f,0f,1f],start_interpolation:0}
execute if entity @s[tag=aj.armor.bone.left_foot] run data modify entity @s {} merge value {transformation:[-1.1749936771145797f,-0.0371307986456031f,-0.06001714262826194f,1.026782397610716f,-0.06652729250507196f,0.9168536109757446f,0.735217294593404f,-3.519872655333859f,0.023555741747311926f,0.7372866842071943f,-0.9173027674645143f,0.882806435244611f,0f,0f,0f,1f],start_interpolation:0}
execute if entity @s[tag=aj.armor.bone.left_knee] run data modify entity @s {} merge value {transformation:[-2.8994138448109252f,-0.13351624095553913f,-0.11180992108866804f,0.9222190099967685f,-0.16416271568428367f,2.717879058963047f,1.0114903421008634f,-0.10874623223093405f,0.05812613725264057f,1.015989922580565f,-2.7205357042165144f,2.049276049096379f,0f,0f,0f,1f],start_interpolation:0}
execute if entity @s[tag=aj.armor.bone.left_thigh] run data modify entity @s {} merge value {transformation:[-2.471432236336988f,0.017431770989744123f,0.14741627282487407f,0.8928750000000001f,-0.1399307064332583f,-1.0942410550697992f,-2.21654429997144f,-1.6047772332225143f,0.049546155557276816f,-2.2208884190113998f,1.093257760873254f,-1.0745509498296135f,0f,0f,0f,1f],start_interpolation:0}
execute if entity @s[tag=aj.armor.bone.left_leg] run data modify entity @s {} merge value {transformation:[-1f,2.467728479972227e-17f,1.199526133168093e-16f,0.8089781250000001f,0f,0.9794874195590514f,-0.20150532232561713f,-1.5502310873632785f,-1.2246467991473532e-16f,-0.20150532232561713f,-0.9794874195590514f,-1.1279750292593858f,0f,0f,0f,1f],start_interpolation:0}