execute if entity @s[tag=aj.armor.bone.neck] run data modify entity @s {} merge value {transformation:[-1.2033625000000001f,-3.6898351816760415e-17f,1.4267534015004813e-16f,1.1102230246251565e-16f,0f,1.1650325648945008f,0.30129790762896275f,3.730106433311771f,-1.473694033838957e-16f,0.30129790762896275f,-1.1650325648945008f,-0.6336701532911713f,0f,0f,0f,1f],start_interpolation:0}
execute if entity @s[tag=aj.armor.bone.right_thumb_2] run data modify entity @s {} merge value {transformation:[-0.770215839708811f,-0.6042794698289428f,-0.20399481024012106f,-2.2991180310200834f,0.4791057323343748f,-0.3370723099288627f,-0.8104566337093942f,1.9237040785896817f,0.4209813030361248f,-0.7219616196325626f,0.5491321901614711f,1.7112384353582548f,0f,0f,0f,1f],start_interpolation:0}
execute if entity @s[tag=aj.armor.bone.right_thumb] run data modify entity @s {} merge value {transformation:[-0.770215839708811f,-0.5308914042118236f,-0.3534428909960551f,-2.6150921193755168f,0.4791057323343748f,-0.11582523745353279f,-0.8700817269734925f,2.029507500419371f,0.4209813030361248f,-0.8394872430852247f,0.3435635475296756f,1.5312574049855103f,0f,0f,0f,1f],start_interpolation:0}
execute if entity @s[tag=aj.armor.bone.right_fingers_2] run data modify entity @s {} merge value {transformation:[0.9224170156481477f,0.1556437343651065f,-0.3534428909960551f,-2.0506335819716814f,-0.38526739551022504f,0.3074521464286642f,-0.8700817269734925f,1.9086990797072059f,-0.026755993712305914f,0.9387482120405302f,0.3435635475296756f,2.4395974638338087f,0f,0f,0f,1f],start_interpolation:0}
execute if entity @s[tag=aj.armor.bone.right_fingers] run data modify entity @s {} merge value {transformation:[-0.24876914729470384f,-0.9017716086452361f,-0.3534428909960551f,-2.462632342391647f,0.4414673114453285f,0.21923594895011678f,-0.8700817269734925f,2.018628955492635f,0.8621023861929045f,-0.3724829721333919f,0.3435635475296756f,2.3187244634853963f,0f,0f,0f,1f],start_interpolation:0}
execute if entity @s[tag=aj.armor.bone.right_hand] run data modify entity @s {} merge value {transformation:[-0.770215839708811f,-0.5308914042118236f,-0.3534428909960551f,-2.8542779386194344f,0.4791057323343748f,-0.11582523745353279f,-0.8700817269734925f,1.9182610735395178f,0.4209813030361248f,-0.8394872430852247f,0.3435635475296756f,1.6365850499062544f,0f,0f,0f,1f],start_interpolation:0}
execute if entity @s[tag=aj.armor.bone.right_forearm] run data modify entity @s {} merge value {transformation:[-1.701084613347137f,-0.1324614315178921f,-0.6446655481932934f,-2.997912029009717f,0.6498089610870474f,-0.6213108913962242f,-1.5869939041965184f,0.9101789308278403f,-0.10434564656994894f,-1.709752995910862f,0.626646025000749f,-0.8483345696325563f,0f,0f,0f,1f],start_interpolation:0}
execute if entity @s[tag=aj.armor.bone.right_bicep] run data modify entity @s {} merge value {transformation:[-1.4776079084879163f,0.5591512914075606f,0.11899268034097231f,-2.12249563968827f,0.5644415641496368f,1.4792493566380203f,0.05797945696383423f,3.216053665010104f,-0.09063743883066797f,0.09646621215102652f,-1.5788013429431067f,-0.6771670661703231f,0f,0f,0f,1f],start_interpolation:0}
execute if entity @s[tag=aj.armor.bone.right_shoulder] run data modify entity @s {} merge value {transformation:[-1.0063171112138496f,0.10052550168109803f,-0.060278303367101736f,-1.655768125f,0.09506992808839865f,1.0047613341014592f,0.08848360828290565f,3.392036502490754f,0.06856062367218883f,0.0822329840955534f,-1.0074473464530347f,-0.668920149496629f,0f,0f,0f,1f],start_interpolation:0}
execute if entity @s[tag=aj.armor.bone.right_arm] run data modify entity @s {} merge value {transformation:[-1.3293824999999997f,-4.076246615965221e-17f,1.5761676167989387e-16f,-1.74976375f,0f,1.2870385305349494f,0.33285079573990334f,3.426867246415971f,-1.628024023467506e-16f,0.33285079573990334f,-1.2870385305349494f,-0.5828986138012162f,0f,0f,0f,1f],start_interpolation:0}
execute if entity @s[tag=aj.armor.bone.left_thumb_2] run data modify entity @s {} merge value {transformation:[-0.7702158397088109f,0.5308914042118238f,0.35344289099605497f,2.158493031020083f,-0.4791057323343748f,-0.11582523745353279f,-0.8700817269734925f,2.0194754109746467f,-0.420981303036125f,-0.8394872430852246f,0.34356354752967566f,1.6779059434290802f,0f,0f,0f,1f],start_interpolation:0}
execute if entity @s[tag=aj.armor.bone.left_thumb] run data modify entity @s {} merge value {transformation:[-0.7702158397088109f,0.5308914042118238f,0.35344289099605497f,2.4744671193755163f,-0.4791057323343748f,-0.11582523745353279f,-0.8700817269734925f,2.125278832804336f,-0.420981303036125f,-0.8394872430852246f,0.34356354752967566f,1.497924913056336f,0f,0f,0f,1f],start_interpolation:0}
execute if entity @s[tag=aj.armor.bone.left_fingers_2] run data modify entity @s {} merge value {transformation:[0.9224170156481477f,-0.15564373436510673f,0.35344289099605497f,1.91000858197168f,0.38526739551022504f,0.3074521464286642f,-0.8700817269734925f,2.004470412092171f,0.026755993712306136f,0.93874821204053f,0.34356354752967566f,2.4062649719046334f,0f,0f,0f,1f],start_interpolation:0}
execute if entity @s[tag=aj.armor.bone.left_fingers] run data modify entity @s {} merge value {transformation:[-0.24876914729470362f,0.9017716086452361f,0.35344289099605497f,2.322007342391646f,-0.4414673114453285f,0.21923594895011678f,-0.8700817269734925f,2.1144002878776f,-0.8621023861929045f,-0.3724829721333916f,0.34356354752967566f,2.2853919715562214f,0f,0f,0f,1f],start_interpolation:0}
execute if entity @s[tag=aj.armor.locator_origin.consume] at @s on origin run tp @s ^2.06725 ^2.1626 ^2.20248 ~134.18795 ~-60.46814
execute if entity @s[tag=aj.armor.bone.left_hand] run data modify entity @s {} merge value {transformation:[-0.7702158397088109f,0.5308914042118238f,0.35344289099605497f,2.7136529386194335f,-0.4791057323343748f,-0.11582523745353279f,-0.8700817269734925f,2.0140324059244827f,-0.420981303036125f,-0.8394872430852246f,0.34356354752967566f,1.60325255797708f,0f,0f,0f,1f],start_interpolation:0}
execute if entity @s[tag=aj.armor.bone.left_forearm] run data modify entity @s {} merge value {transformation:[-1.701084613347137f,0.13246143151789255f,0.6446655481932931f,2.8572870290097168f,-0.6498089610870474f,-0.6213108913962242f,-1.5869939041965184f,1.0059502632128052f,0.10434564656994848f,-1.709752995910862f,0.6266460250007491f,-0.8816670615617306f,0f,0f,0f,1f],start_interpolation:0}
execute if entity @s[tag=aj.armor.bone.left_bicep] run data modify entity @s {} merge value {transformation:[-1.4776079084879163f,-0.5591512914075606f,-0.11899268034097192f,1.98187063968827f,-0.5644415641496368f,1.4792493566380203f,0.05797945696383423f,3.311824997395069f,0.09063743883066756f,0.09646621215102641f,-1.5788013429431067f,-0.7104995580994976f,0f,0f,0f,1f],start_interpolation:0}
execute if entity @s[tag=aj.armor.bone.left_shoulder] run data modify entity @s {} merge value {transformation:[-1.0063171112138498f,-0.10052550168109808f,0.06027830336710201f,1.515143125f,-0.09506992808839868f,1.0047613341014594f,0.08848360828290566f,3.487807834875719f,-0.0685606236721891f,0.08223298409555342f,-1.007447346453035f,-0.7022526414258037f,0f,0f,0f,1f],start_interpolation:0}
execute if entity @s[tag=aj.armor.bone.left_arm] run data modify entity @s {} merge value {transformation:[-1.3293824999999997f,-4.076246615965221e-17f,1.5761676167989387e-16f,1.749763125f,0f,1.2870385305349494f,0.33285079573990334f,3.426867246415971f,-1.628024023467506e-16f,0.33285079573990334f,-1.2870385305349494f,-0.5828986138012158f,0f,0f,0f,1f],start_interpolation:0}
execute if entity @s[tag=aj.armor.bone.chest] run data modify entity @s {} merge value {transformation:[-2.632522916666667f,-8.072027900557889e-17f,3.1212215985475156e-16f,6.833139478566133e-17f,0f,2.5486708500121273f,0.6591310985484099f,4.171891062870409f,-3.2239107635778877e-16f,0.6591310985484099f,-2.5486708500121273f,-0.2939250579959729f,0f,0f,0f,1f],start_interpolation:0}
execute if entity @s[tag=aj.armor.bone.weist] run data modify entity @s {} merge value {transformation:[-1.9493945833333333f,4.042914298832842e-17f,2.352837530022795e-16f,1.1191709941198605e-16f,0f,1.9212376430991636f,-0.330129005493476f,0.27340773689235154f,-2.387319836754355e-16f,-0.330129005493476f,-1.9212376430991636f,-0.6498293453110646f,0f,0f,0f,1f],start_interpolation:0}
execute if entity @s[tag=aj.armor.bone.right_foot] run data modify entity @s {} merge value {transformation:[-1.1581183719011092f,0.0456653960472478f,0.20559037707425606f,-1.5007706248134465f,0.14337909626621187f,1.0126391249245226f,0.5827480864855287f,-4.931758199690329f,-0.15425681928385251f,0.5983874740939258f,-1.0018623455487705f,0.6925564947497429f,0f,0f,0f,1f],start_interpolation:0}
execute if entity @s[tag=aj.armor.bone.right_knee] run data modify entity @s {} merge value {transformation:[-2.8577723496060323f,0.10047795238700952f,0.5098725992298034f,-1.4226578400108618f,0.3538021904863362f,2.463562371133109f,1.4975356897510372f,-1.8153615245559103f,-0.38064405468667456f,1.535478203412591f,-2.4360512061552733f,2.506209827441574f,0f,0f,0f,1f],start_interpolation:0}
execute if entity @s[tag=aj.armor.bone.right_thigh] run data modify entity @s {} merge value {transformation:[-2.4359374297563994f,0.3392189581772992f,-0.2848720057568962f,-0.8928749999999999f,0.3015775552080912f,0.10373583249751965f,-2.4552601854365292f,-1.6350794999899132f,-0.32445729988021543f,-2.45034326134283f,-0.14338090906841694f,-0.9119905002334947f,0f,0f,0f,1f],start_interpolation:0}
execute if entity @s[tag=aj.armor.bone.right_leg] run data modify entity @s {} merge value {transformation:[-1f,2.0739332782590027e-17f,1.2069580731057545e-16f,-0.8089787499999999f,0f,0.9855560590580777f,-0.16934950384902459f,-1.5788145719407467f,-1.2246467991473532e-16f,-0.16934950384902459f,-0.9855560590580777f,-0.9636012758780996f,0f,0f,0f,1f],start_interpolation:0}
execute if entity @s[tag=aj.armor.bone.left_foot] run data modify entity @s {} merge value {transformation:[-1.1581183719011092f,-0.04566539604724795f,-0.20559037707425587f,1.5007700098979213f,-0.14337909626621187f,1.0126391249245226f,0.5827480864855287f,-4.931758275819017f,0.1542568192838522f,0.5983874740939256f,-1.0018623455487703f,0.6925565766540764f,0f,0f,0f,1f],start_interpolation:0}
execute if entity @s[tag=aj.armor.bone.left_knee] run data modify entity @s {} merge value {transformation:[-2.8577723496060323f,-0.10047795238700992f,-0.509872599229803f,1.4226578400108614f,-0.3538021904863362f,2.463562371133109f,1.4975356897510372f,-1.8153615245559103f,0.38064405468667384f,1.5354782034125907f,-2.4360512061552733f,2.506209827441574f,0f,0f,0f,1f],start_interpolation:0}
execute if entity @s[tag=aj.armor.bone.left_thigh] run data modify entity @s {} merge value {transformation:[-2.4359374297563994f,-0.33921895817729864f,0.28487200575689625f,0.8928750000000001f,-0.3015775552080912f,0.10373583249751965f,-2.4552601854365292f,-1.6350794999899132f,0.3244572998802148f,-2.45034326134283f,-0.1433809090684168f,-0.9119905002334945f,0f,0f,0f,1f],start_interpolation:0}
execute if entity @s[tag=aj.armor.bone.left_leg] run data modify entity @s {} merge value {transformation:[-1f,2.0739332782590027e-17f,1.2069580731057545e-16f,0.8089781250000001f,0f,0.9855560590580777f,-0.16934950384902459f,-1.5788145719407467f,-1.2246467991473532e-16f,-0.16934950384902459f,-0.9855560590580777f,-0.9636012758780994f,0f,0f,0f,1f],start_interpolation:0}