execute if entity @s[tag=aj.armor.bone.neck] run data modify entity @s {} merge value {transformation:[-1.2033625000000001f,-3.6275463934663954e-17f,1.4283498090471488e-16f,1.1102230246251565e-16f,0f,1.1663361305819944f,0.29621164208260164f,3.7300218453772445f,-1.473694033838957e-16f,0.29621164208260164f,-1.1663361305819944f,-0.6344420383634419f,0f,0f,0f,1f],start_interpolation:0}
execute if entity @s[tag=aj.armor.bone.right_thumb_2] run data modify entity @s {} merge value {transformation:[-0.7883262856356501f,-0.5719738357006081f,-0.2266883293198685f,-2.3845145774595204f,0.466905699615131f,-0.316214311581113f,-0.8258375002494062f,1.8534986558810178f,0.4006753486837f,-0.756871482105923f,0.5163378976329156f,1.7086459893495316f,0f,0f,0f,1f],start_interpolation:0}
execute if entity @s[tag=aj.armor.bone.right_thumb] run data modify entity @s {} merge value {transformation:[-0.7883262856356501f,-0.49381304293438355f,-0.36700183378803986f,-2.692501963161823f,0.466905699615131f,-0.09169709697401149f,-0.8795400559800809f,1.964435522428419f,0.4006753486837f,-0.8647197933633899f,0.30285135615144976f,1.5182150523517361f,0f,0f,0f,1f],start_interpolation:0}
execute if entity @s[tag=aj.armor.bone.right_fingers_2] run data modify entity @s {} merge value {transformation:[0.9231606612270827f,0.11438552163185478f,-0.36700183378803986f,-2.1678644886727714f,-0.38440740364316317f,0.2804286682043733f,-0.8795400559800809f,1.8176216949681827f,0.0023111873783504544f,0.9530350017130174f,0.30285135615144976f,2.446380445964211f,0f,0f,0f,1f],start_interpolation:0}
execute if entity @s[tag=aj.armor.bone.right_fingers] run data modify entity @s {} merge value {transformation:[-0.2864760649759852f,-0.8850091062763654f,-0.36700183378803986f,-2.5743566490775267f,0.41661227442986953f,0.22987714701754786f,-0.8795400559800809f,1.9309971231125127f,0.862766293378599f,-0.40486464292029967f,0.30285135615144976f,2.310925751643268f,0f,0f,0f,1f],start_interpolation:0}
execute if entity @s[tag=aj.armor.bone.right_hand] run data modify entity @s {} merge value {transformation:[-0.7883262856356501f,-0.49381304293438355f,-0.36700183378803986f,-2.9359037484857344f,0.466905699615131f,-0.09169709697401149f,-0.8795400559800809f,1.8502347573034208f,0.4006753486837f,-0.8647197933633899f,0.30285135615144976f,1.6098299668114815f,0f,0f,0f,1f],start_interpolation:0}
execute if entity @s[tag=aj.armor.bone.right_forearm] run data modify entity @s {} merge value {transformation:[-1.6950681625616597f,-0.07403239724375717f,-0.6693965118386024f,-2.994864648419864f,0.6582344602661896f,-0.5656432512325297f,-1.604245514030405f,0.9229580460566424f,-0.14247765165605356f,-1.7324536005697075f,0.5523886333779332f,-0.9097667046825163f,0f,0f,0f,1f],start_interpolation:0}
execute if entity @s[tag=aj.armor.bone.right_bicep] run data modify entity @s {} merge value {transformation:[-1.4723818573015752f,0.5623349341530519f,0.16126265532897793f,-2.1150411714874204f,0.5717601796508155f,1.475694384494961f,0.07450460669791928f,3.2230503491320404f,-0.12375992541342774f,0.12743649902844614f,-1.5743500168198121f,-0.6902296794543421f,0f,0f,0f,1f],start_interpolation:0}
execute if entity @s[tag=aj.armor.bone.right_shoulder] run data modify entity @s {} merge value {transformation:[-1.0071673668274f,0.10240530027874427f,-0.03924319481925392f,-1.647955625f,0.09803026602759563f,1.0032011041853834f,0.10193424434715904f,3.397113825032546f,0.04916239220543004f,0.09753808334639197f,-1.0072151508772056f,-0.6700915983780572f,0f,0f,0f,1f],start_interpolation:0}
execute if entity @s[tag=aj.armor.bone.right_arm] run data modify entity @s {} merge value {transformation:[-1.3293824999999997f,-4.007434745068372e-17f,1.5779312052898611e-16f,-1.74976375f,0f,1.288478609823239f,0.3272318800701152f,3.4270070770296064f,-1.628024023467506e-16f,0.3272318800701152f,-1.288478609823239f,-0.5823478558222689f,0f,0f,0f,1f],start_interpolation:0}
execute if entity @s[tag=aj.armor.bone.left_thumb_2] run data modify entity @s {} merge value {transformation:[-0.78832628563565f,0.4938130429343838f,0.36700183378803974f,2.251702077459519f,-0.466905699615131f,-0.09169709697401149f,-0.8795400559800809f,1.9438111376904397f,-0.4006753486837001f,-0.8647197933633897f,0.30285135615144976f,1.676770937809608f,0f,0f,0f,1f],start_interpolation:0}
execute if entity @s[tag=aj.armor.bone.left_thumb] run data modify entity @s {} merge value {transformation:[-0.78832628563565f,0.4938130429343838f,0.36700183378803974f,2.559689463161822f,-0.466905699615131f,-0.09169709697401149f,-0.8795400559800809f,2.0547480042378408f,-0.4006753486837001f,-0.8647197933633897f,0.30285135615144976f,1.4863400008118128f,0f,0f,0f,1f],start_interpolation:0}
execute if entity @s[tag=aj.armor.bone.left_fingers_2] run data modify entity @s {} merge value {transformation:[0.9231606612270828f,-0.11438552163185506f,0.36700183378803974f,2.03505198867277f,0.38440740364316317f,0.2804286682043733f,-0.8795400559800809f,1.9079341767776048f,-0.002311187378350177f,0.953035001713017f,0.30285135615144976f,2.414505394424287f,0f,0f,0f,1f],start_interpolation:0}
execute if entity @s[tag=aj.armor.bone.left_fingers] run data modify entity @s {} merge value {transformation:[-0.28647606497598505f,0.8850091062763656f,0.36700183378803974f,2.4415441490775254f,-0.41661227442986953f,0.22987714701754786f,-0.8795400559800809f,2.021309604921935f,-0.8627662933785989f,-0.40486464292029933f,0.30285135615144976f,2.279050700103345f,0f,0f,0f,1f],start_interpolation:0}
execute if entity @s[tag=aj.armor.locator_origin.consume] at @s on origin run tp @s ^2.18348 ^2.07185 ^2.20869 ~129.52958 ~-61.58693
execute if entity @s[tag=aj.armor.bone.left_hand] run data modify entity @s {} merge value {transformation:[-0.78832628563565f,0.4938130429343838f,0.36700183378803974f,2.803091248485733f,-0.466905699615131f,-0.09169709697401149f,-0.8795400559800809f,1.9405472391128429f,-0.4006753486837001f,-0.8647197933633897f,0.30285135615144976f,1.5779549152715582f,0f,0f,0f,1f],start_interpolation:0}
execute if entity @s[tag=aj.armor.bone.left_forearm] run data modify entity @s {} merge value {transformation:[-1.6950681625616597f,0.0740323972437576f,0.6693965118386022f,2.8620521484198638f,-0.6582344602661896f,-0.5656432512325297f,-1.604245514030405f,1.0132705278660645f,0.14247765165605314f,-1.7324536005697073f,0.5523886333779332f,-0.9416417562224392f,0f,0f,0f,1f],start_interpolation:0}
execute if entity @s[tag=aj.armor.bone.left_bicep] run data modify entity @s {} merge value {transformation:[-1.4723818573015752f,-0.5623349341530519f,-0.16126265532897752f,1.9822286714874202f,-0.5717601796508155f,1.475694384494961f,0.07450460669791928f,3.3133628309414624f,0.12375992541342738f,0.12743649902844606f,-1.5743500168198121f,-0.7221047309942651f,0f,0f,0f,1f],start_interpolation:0}
execute if entity @s[tag=aj.armor.bone.left_shoulder] run data modify entity @s {} merge value {transformation:[-1.0071673668274002f,-0.10240530027874431f,0.03924319481925418f,1.515143125f,-0.09803026602759565f,1.0032011041853837f,0.10193424434715907f,3.487426306841968f,-0.0491623922054303f,0.09753808334639198f,-1.0072151508772058f,-0.7019666499179803f,0f,0f,0f,1f],start_interpolation:0}
execute if entity @s[tag=aj.armor.bone.left_arm] run data modify entity @s {} merge value {transformation:[-1.3293824999999997f,-4.007434745068372e-17f,1.5779312052898611e-16f,1.749763125f,0f,1.288478609823239f,0.3272318800701152f,3.4270070770296064f,-1.628024023467506e-16f,0.3272318800701152f,-1.288478609823239f,-0.5823478558222684f,0f,0f,0f,1f],start_interpolation:0}
execute if entity @s[tag=aj.armor.bone.chest] run data modify entity @s {} merge value {transformation:[-2.632522916666667f,-7.935762508863126e-17f,3.1247139621959934e-16f,6.951558232801839e-17f,0f,2.5515225813447118f,0.6480041849117895f,4.173284682393367f,-3.2239107635778877e-16f,0.6480041849117895f,-2.5515225813447118f,-0.2966278201726965f,0f,0f,0f,1f],start_interpolation:0}
execute if entity @s[tag=aj.armor.bone.weist] run data modify entity @s {} merge value {transformation:[-1.9493945833333333f,3.9915737660541206e-17f,2.353713957060697e-16f,1.1115901759671523e-16f,0f,1.9219533000857423f,-0.3259367328468266f,0.26874227679622753f,-2.387319836754355e-16f,-0.3259367328468266f,-1.9219533000857423f,-0.6366722746038893f,0f,0f,0f,1f],start_interpolation:0}
execute if entity @s[tag=aj.armor.bone.right_foot] run data modify entity @s {} merge value {transformation:[-1.1562882483789652f,0.048111586167963696f,0.2151131256192187f,-1.5325137775061954f,0.14867818430670812f,1.0183082846156633f,0.5714314743439747f,-5.022658386098282f,-0.1627365326179948f,0.588493336951295f,-1.0063713570009651f,0.6499198653654186f,0f,0f,0f,1f],start_interpolation:0}
execute if entity @s[tag=aj.armor.bone.right_knee] run data modify entity @s {} merge value {transformation:[-2.853256337663867f,0.09370050929082419f,0.5357958330125786f,-1.4618238178979526f,0.36687821764183265f,2.4438974877063724f,1.5263335584125957f,-1.9293875815575063f,-0.401568591320281f,1.5670079682870612f,-2.412500234678522f,2.5030380252540154f,0f,0f,0f,1f],start_interpolation:0}
execute if entity @s[tag=aj.armor.bone.right_thigh] run data modify entity @s {} merge value {transformation:[-2.43208802498325f,0.3673006951059283f,-0.28293243194593126f,-0.8928749999999999f,0.3127234339149714f,0.1841218884911214f,-2.4491459546131487f,-1.637002150559326f,-0.3422931719338931f,-2.4415573006776277f,-0.2272576839058898f,-0.9010878461587993f,0f,0f,0f,1f],start_interpolation:0}
execute if entity @s[tag=aj.armor.bone.right_leg] run data modify entity @s {} merge value {transformation:[-1f,2.0475966231673828e-17f,1.2074076624528242e-16f,-0.8089787499999999f,0f,0.9859231766199595f,-0.1671989527587056f,-1.5806247592544667f,-1.2246467991473532e-16f,-0.1671989527587056f,-0.9859231766199595f,-0.9525757480453048f,0f,0f,0f,1f],start_interpolation:0}
execute if entity @s[tag=aj.armor.bone.left_foot] run data modify entity @s {} merge value {transformation:[-1.1562882483789652f,-0.04811158616796383f,-0.21511312561921847f,1.532513163562394f,-0.14867818430670812f,1.0183082846156633f,0.5714314743439747f,-5.022658465040578f,0.1627365326179945f,0.588493336951295f,-1.0063713570009654f,0.6499199517721486f,0f,0f,0f,1f],start_interpolation:0}
execute if entity @s[tag=aj.armor.bone.left_knee] run data modify entity @s {} merge value {transformation:[-2.853256337663867f,-0.09370050929082455f,-0.535795833012578f,1.461823817897952f,-0.36687821764183265f,2.4438974877063724f,1.5263335584125957f,-1.9293875815575063f,0.4015685913202803f,1.5670079682870612f,-2.4125002346785225f,2.5030380252540163f,0f,0f,0f,1f],start_interpolation:0}
execute if entity @s[tag=aj.armor.bone.left_thigh] run data modify entity @s {} merge value {transformation:[-2.43208802498325f,-0.3673006951059278f,0.2829324319459314f,0.8928750000000001f,-0.3127234339149714f,0.1841218884911214f,-2.4491459546131487f,-1.637002150559326f,0.34229317193389247f,-2.441557300677628f,-0.22725768390588966f,-0.9010878461587991f,0f,0f,0f,1f],start_interpolation:0}
execute if entity @s[tag=aj.armor.bone.left_leg] run data modify entity @s {} merge value {transformation:[-1f,2.0475966231673828e-17f,1.2074076624528242e-16f,0.8089781250000001f,0f,0.9859231766199595f,-0.1671989527587056f,-1.5806247592544667f,-1.2246467991473532e-16f,-0.1671989527587056f,-0.9859231766199595f,-0.9525757480453045f,0f,0f,0f,1f],start_interpolation:0}