# This file was generated by Animated Java via MC-Build. It is not recommended to edit this file directly.
$data merge entity $(bone_right_thumb_2) { transformation: [-0.9709507526202246f,0.23905509943823855f,0.010358350196512128f,-2.183099087983159f,0.2114781981616609f,0.8370815014416872f,0.5045508216685686f,2.871332105272506f,0.1119446635106694f,0.4920845652697351f,-0.8633198555198291f,-6.247948280055467f,0f,0f,0f,1f], start_interpolation: 0, interpolation_duration: 1 }
$data merge entity $(bone_right_thumb) { transformation: [-0.9709507526202246f,0.23905509943823855f,0.010358350196512128f,-2.3221950917611838f,0.2114781981616609f,0.8370815014416872f,0.5045508216685686f,3.1528334631943773f,0.1119446635106694f,0.4920845652697351f,-0.8633198555198291f,-6.036202094498136f,0f,0f,0f,1f], start_interpolation: 0, interpolation_duration: 1 }
$data merge entity $(bone_right_fingers_2) { transformation: [0.9796706750228994f,-0.17853283752192534f,0.09149532461577706f,-2.1767953918640934f,-0.18449318472081794f,-0.6226728918696198f,0.7604214190317725f,2.7957824508679985f,-0.07878853528113583f,-0.7618428287101572f,-0.6429524640680359f,-6.776362131692546f,0f,0f,0f,1f], start_interpolation: 0, interpolation_duration: 1 }
$data merge entity $(bone_right_fingers) { transformation: [-0.30487814718798456f,-0.9479862451220878f,0.09149532461577706f,-2.6080292746695006f,-0.5932646460687461f,0.2641899415243333f,0.7604214190317725f,2.890842728547998f,-0.7450411901983317f,0.17755493194134078f,-0.6429524640680359f,-6.738431664796013f,0f,0f,0f,1f], start_interpolation: 0, interpolation_duration: 1 }
$data merge entity $(bone_right_hand) { transformation: [-0.9865257386148274f,0.13563027915595768f,0.09149532461577706f,-2.468220841953901f,0.15715697801695105f,0.6301277249401781f,0.7604214190317725f,3.378201106796245f,0.04548242859664604f,0.7645544307881499f,-0.6429524640680359f,-6.128751767125674f,0f,0f,0f,1f], start_interpolation: 0, interpolation_duration: 1 }
$data merge entity $(bone_right_forearm) { transformation: [-1.810513971291444f,0.1449742298239833f,0.1668837741631408f,-2.1657565524675215f,0.2210283718147446f,1.1637298781838168f,1.3869779346149338f,5.13644102416835f,0.0037656665962845512f,1.3969766658547764f,-1.1727193084646745f,-4.121566269845927f,0f,0f,0f,1f], start_interpolation: 0, interpolation_duration: 1 }
$data merge entity $(bone_right_bicep) { transformation: [-1.5663575589040373f,-0.007120951600097259f,0.23792403324591116f,-2.175254364929923f,0.2279802010936085f,-0.5001941356238999f,1.4859224106528184f,4.33605945442212f,0.06843669671316864f,1.503292943713658f,0.4955414208794469f,-1.7823335766229536f,0f,0f,0f,1f], start_interpolation: 0, interpolation_duration: 1 }
$data merge entity $(bone_right_shoulder) { transformation: [-0.9967419632512363f,-0.09177457122868017f,0.15651155048974222f,-1.7591998862597729f,0.17723506302852268f,-0.30556926993191313f,0.9495410114225676f,4.171827637602673f,-0.0388094034247734f,0.961570500803716f,0.3166843552446879f,-1.5614283371827213f,0f,0f,0f,1f], start_interpolation: 0, interpolation_duration: 1 }
$data merge entity $(bone_right_arm) { transformation: [-1.2569392594921094f,0.00026699633540330726f,0.43285269776984603f,-1.6242071904563706f,0.26408353595202255f,1.0537749122805857f,0.7662089477377365f,4.057377959889704f,-0.34295978669918953f,0.8104419746454705f,-0.996403643984829f,-1.3578989475456238f,0f,0f,0f,1f], start_interpolation: 0, interpolation_duration: 1 }
$data merge entity $(bone_left_thumb_2) { transformation: [0.1553855046649072f,0.9205367807685353f,-0.35842346490197086f,-0.08986650081294642f,0.20171999168702645f,-0.3847528250910881f,-0.9007076709666755f,1.025899766230122f,-0.9670389805451578f,0.06765573764824914f,-0.2454756836622585f,-0.5569551244025395f,0f,0f,0f,1f], start_interpolation: 0, interpolation_duration: 1 }
$data merge entity $(bone_left_thumb) { transformation: [0.1553855046649072f,0.9205367807685353f,-0.35842346490197086f,0.17356746773123763f,0.20171999168702645f,-0.3847528250910881f,-0.9007076709666755f,0.9019289867344844f,-0.9670389805451578f,0.06765573764824914f,-0.2454756836622585f,-0.314754897471888f,0f,0f,0f,1f], start_interpolation: 0, interpolation_duration: 1 }
$data merge entity $(bone_left_fingers_2) { transformation: [-0.19831654063354154f,-0.9798918588037376f,-0.021965763389894977f,-0.5233019697464719f,-0.19919483177761782f,0.062237216413943974f,-0.9779815682752567f,0.7894681549792688f,0.9596832647828297f,-0.1895744548803974f,-0.20753206343254227f,-0.7599390472610659f,0f,0f,0f,1f], start_interpolation: 0, interpolation_duration: 1 }
$data merge entity $(bone_left_fingers) { transformation: [0.9973942510161464f,-0.06871836201947537f,-0.021965763389894977f,-0.6004644624420334f,-0.035704625497968434f,-0.20561427925102718f,-0.9779815682752567f,0.6922787230210838f,0.06268881684950142f,0.9762174731531087f,-0.20753206343254227f,-0.33445343948135725f,0f,0f,0f,1f], start_interpolation: 0, interpolation_duration: 1 }
$data merge entity $(bone_left_hand) { transformation: [0.24087006979550596f,0.9703087728735672f,-0.021965763389894977f,0.1764910991852453f,0.19629049318442632f,-0.07086673690303694f,-0.9779815682752567f,0.6511506535758803f,-0.9505007373811567f,0.2312548180802044f,-0.20753206343254227f,-0.18140866991826676f,0f,0f,0f,1f], start_interpolation: 0, interpolation_duration: 1 }
$data merge entity $(bone_left_forearm) { transformation: [-0.5273192727904179f,1.745611001576399f,-0.04006466464023143f,2.7187535289197124f,0.3737785308253357f,0.07197097181659974f,-1.783798853779017f,0.7015186546594925f,-1.7055944875823632f,-0.5239188601536724f,-0.3785300959467267f,-1.0451509212715069f,0f,0f,0f,1f], start_interpolation: 0, interpolation_duration: 1 }
$data merge entity $(bone_left_bicep) { transformation: [-0.413553622444628f,-0.2600375319702402f,1.5071457922886091f,2.2922982635494233f,0.3864461321090521f,1.4928437690150613f,0.3636088890200085f,3.0275076209577754f,-1.479786249505105f,0.46252839822354497f,-0.3262433026069387f,-0.32360972773449387f,0f,0f,0f,1f], start_interpolation: 0, interpolation_duration: 1 }
$data merge entity $(bone_left_shoulder) { transformation: [-0.8550315205740248f,-0.09211289746972834f,0.5355831323066875f,1.8844230153826789f,0.10968482193204519f,0.9486623650264594f,0.33826311606053133f,3.276389365760503f,-0.5322624515494653f,0.3434645687243101f,-0.7906590613965143f,-0.4670259148484995f,0f,0f,0f,1f], start_interpolation: 0, interpolation_duration: 1 }
$data merge entity $(bone_left_arm) { transformation: [-1.2569392594921094f,0.00026699633540330726f,0.43285269776984603f,1.684608397505478f,0.26408353595202255f,1.0537749122805857f,0.7662089477377365f,3.3289989901342874f,-0.34295978669918953f,0.8104419746454705f,-0.996403643984829f,-0.48060461509442715f,0f,0f,0f,1f], start_interpolation: 0, interpolation_duration: 1 }
$data merge entity $(bone_chest) { transformation: [-2.48906646918476f,0.000528722148527776f,0.8571608595871472f,1.0840363484542409e-16f,0.52295404844585f,2.0867482500988612f,1.5172928888973973f,4.251964713247415f,-0.6791495284319815f,1.6048857803399605f,-1.9731382254845673f,-0.3783010586503106f,0f,0f,0f,1f], start_interpolation: 0, interpolation_duration: 1 }
$data merge entity $(bone_weist) { transformation: [-1.9031861480095595f,-1.1936599183771773e-16f,0.42192621102969574f,3.50390206371874e-16f,0.21096310551484773f,1.6882252311664476f,0.9515930740047797f,0.8342721350602673f,-0.36539881727423057f,0.9746972916666665f,-1.6482075523069293f,-2.354271368579103f,0f,0f,0f,1f], start_interpolation: 0, interpolation_duration: 1 }
$data merge entity $(bone_right_cheek) { transformation: [-0.9984492612038027f,0.033603619913823095f,0.04438321225720446f,-1.0728437822254258f,0.007938342425891406f,0.8750606629008231f,-0.4839481573093357f,-3.816906825861927f,-0.05510041307567527f,-0.48284535098958925f,-0.8739704294234619f,-3.195617780828369f,0f,0f,0f,1f], start_interpolation: 0, interpolation_duration: 1 }
$data merge entity $(bone_right_foot) { transformation: [-1.1714995298343178f,0.10789931214804557f,0.03921077546432277f,-1.108309539012363f,0.06555939438541679f,0.29872723306948357f,1.136685928877028f,-4.834260798545369f,0.09424283676944513f,1.1334507812592447f,-0.30331256000538254f,-0.7377805555624803f,0f,0f,0f,1f], start_interpolation: 0, interpolation_duration: 1 }
$data merge entity $(bone_right_knee) { transformation: [-2.890791688626155f,0.27746420211652506f,0.05714646137608918f,-0.8148441893605701f,0.1617743307396207f,1.135873492218264f,2.6684357148193896f,-3.2808761367739314f,0.23255357967082868f,2.6588970861531585f,-1.1459117794850349f,2.642311403985314f,0f,0f,0f,1f], start_interpolation: 0, interpolation_duration: 1 }
$data merge entity $(bone_right_leg) { transformation: [-2.45808535372496f,-0.03924982464874401f,-0.2937491583084819f,-0.8095416666666666f,0.23196993775012265f,1.2725031320549531f,-2.111146240749229f,-1.4132356250000004f,0.18444257838715805f,-2.123489569815317f,-1.2596768256590731f,-0.3249600000000002f,0f,0f,0f,1f], start_interpolation: 0, interpolation_duration: 1 }
$data merge entity $(bone_left_cheek) { transformation: [-0.9995552487612884f,0.021974523332085057f,0.02015998507158355f,0.36635783628960245f,0.02649399989590845f,0.9646775841443442f,0.2620977424911307f,-1.2537993763759223f,-0.013688412737583061f,0.2625152928378822f,-0.9648307356127117f,-3.744669064077407f,0f,0f,0f,1f], start_interpolation: 0, interpolation_duration: 1 }
$data merge entity $(bone_left_foot) { transformation: [-1.163398636015215f,0.002603413860273362f,-0.17913048548689753f,0.7271388098847626f,0.038923194446163226f,1.152544664675879f,-0.23604380046473303f,-8.495757955240844f,0.17486993317493332f,-0.23921729251874893f,-1.1392043224584236f,-0.3979083753749925f,0f,0f,0f,1f], start_interpolation: 0, interpolation_duration: 1 }
$data merge entity $(bone_left_knee) { transformation: [-2.870801926849625f,0.20126313932414155f,-0.39359641014609975f,1.0284185870458906f,0.09604685630190703f,2.8083389889036585f,0.7354833875296735f,-4.978345648092067f,0.4315089648257919f,0.7139005257646152f,-2.7822786958034964f,0.3855592402681734f,0f,0f,0f,1f], start_interpolation: 0, interpolation_duration: 1 }
$data merge entity $(bone_left_leg) { transformation: [-2.4506062427170434f,-0.10317205964092638f,-0.33748672893132403f,0.8512083333333333f,-0.014243594111399582f,2.394704291449789f,-0.6286502998311662f,-1.5174022916666665f,0.3526171948758392f,-0.6202899366912821f,-2.370846732974631f,-0.34579333333333334f,0f,0f,0f,1f], start_interpolation: 0, interpolation_duration: 1 }
data modify entity @s data merge value {"locators":{"consume":{"posx":-0.6159433680901794,"posy":0.8950956417565388,"posz":-0.5153559788658655,"roty":353.95815202200345,"rotx":-77.95433081757386}},"cameras":{}}