# This file was generated by Animated Java via MC-Build. It is not recommended to edit this file directly.
$data merge entity $(bone_right_thumb_2) { transformation: [-0.9232979518487772f,-0.22361290132500483f,-0.31227898179811486f,-2.7290094923636548f,-0.19224145340321563f,0.9729257997608638f,-0.12829112110003113f,0.34504050300748745f,0.3325118279178546f,-0.05841796402389626f,-0.9412880673704676f,-3.925743257224395f,0f,0f,0f,1f], start_interpolation: 0, interpolation_duration: 1 }
$data merge entity $(bone_right_thumb) { transformation: [-0.9232979518487772f,-0.22361290132500483f,-0.31227898179811486f,-2.9859306738187907f,-0.19224145340321563f,0.9729257997608638f,-0.12829112110003113f,0.6067761016262121f,0.3325118279178546f,-0.05841796402389626f,-0.9412880673704676f,-3.83133381483462f,0f,0f,0f,1f], start_interpolation: 0, interpolation_duration: 1 }
$data merge entity $(bone_right_fingers_2) { transformation: [0.9179123479140688f,0.1434970428349752f,-0.3699263713828723f,-2.7126167714174914f,0.2338514970617735f,-0.9488319609801587f,0.21220600166940093f,-0.006030199860352095f,-0.32054703066609225f,-0.28129434498433076f,-0.904501571370104f,-4.327550830268007f,0f,0f,0f,1f], start_interpolation: 0, interpolation_duration: 1 }
$data merge entity $(bone_right_fingers) { transformation: [0.022457802176083508f,-0.9287896031270598f,-0.3699263713828723f,-3.1239619032103327f,-0.9712383174774459f,-0.10800344216304383f,0.21220600166940093f,-0.09730219444145771f,-0.23704804952793768f,0.3545209861263686f,-0.904501571370104f,-4.190064671159055f,0f,0f,0f,1f], start_interpolation: 0, interpolation_duration: 1 }
$data merge entity $(bone_right_hand) { transformation: [-0.9107794456543791f,-0.1833992397176271f,-0.3699263713828723f,-3.2354611514799023f,-0.27501639110442544f,0.9377284241609529f,0.21220600166940093f,0.6529756472704129f,0.3079720539227546f,0.295008680197062f,-0.904501571370104f,-3.958925660600545f,0f,0f,0f,1f], start_interpolation: 0, interpolation_duration: 1 }
$data merge entity $(bone_right_forearm) { transformation: [-1.693652734925609f,-0.0557439667723641f,-0.6747307502115157f,-3.2678000045752187f,-0.21244546516281274f,1.7697129092151977f,0.38705517038575316f,3.281731731011173f,0.6428342705894492f,0.43799245513943463f,-1.6497743092405601f,-3.410946167625f,0f,0f,0f,1f], start_interpolation: 0, interpolation_duration: 1 }
$data merge entity $(bone_right_bicep) { transformation: [-1.4700502628228496f,0.5250639134130668f,-0.2709145021761173f,-2.4405688436815804f,-0.1746169732308873f,0.30791464310514816f,1.5442901414904584f,3.7428227921756156f,0.5644428166941816f,1.4627477620137694f,-0.2278329372359354f,-1.127134857898421f,0f,0f,0f,1f], start_interpolation: 0, interpolation_duration: 1 }
$data merge entity $(bone_right_shoulder) { transformation: [-0.9809452436366589f,0.25121768618517537f,-0.03238953227854023f,-1.952643125f,0.018233337304133377f,0.19924605868003067f,0.9931674240419224f,3.7581559127321373f,0.25263996727400345f,0.9610430067978646f,-0.19743952159471492f,-1.0243441377311047f,0f,0f,0f,1f], start_interpolation: 0, interpolation_duration: 1 }
$data merge entity $(bone_right_arm) { transformation: [-1.3293824999999997f,-9.902546764421251e-17f,1.0834336282287022e-16f,-1.74976375f,-1.2534641770971684e-17f,1.0542699109810614f,0.8097979909250418f,3.7125621394045374f,-1.4624366743759022e-16f,0.8097979909250418f,-1.0542699109810614f,-0.9101814103820145f,0f,0f,0f,1f], start_interpolation: 0, interpolation_duration: 1 }
$data merge entity $(bone_left_thumb_2) { transformation: [-0.7379562742627379f,0.6628265192914314f,0.12681302220302568f,1.6242113306198793f,0.3483747172142066f,0.5351049211766565f,-0.769608848531802f,0.02964001247772023f,-0.5779754265383442f,-0.5237592277531061f,-0.6257960351914107f,-1.6892374675584596f,0f,0f,0f,1f], start_interpolation: 0, interpolation_duration: 1 }
$data merge entity $(bone_left_thumb) { transformation: [-0.7379562742627379f,0.6628265192914314f,0.12681302220302568f,1.9831596821523045f,0.3483747172142066f,0.5351049211766565f,-0.769608848531802f,0.15013629551148744f,-0.5779754265383442f,-0.5237592277531061f,-0.6257960351914107f,-1.6972303759248875f,0f,0f,0f,1f], start_interpolation: 0, interpolation_duration: 1 }
$data merge entity $(bone_left_fingers_2) { transformation: [0.7119773154736002f,-0.6111182444849348f,0.34586528231185226f,1.404006867023342f,-0.3814580296082999f,-0.7501308672686254f,-0.5401790940217636f,-0.4360306699087867f,0.5895575238247401f,0.25266217213597897f,-0.7671921225307062f,-1.8293427681190808f,0f,0f,0f,1f], start_interpolation: 0, interpolation_duration: 1 }
$data merge entity $(bone_left_fingers) { transformation: [0.5129583552505494f,0.7856531882898421f,0.34586528231185226f,1.7291111278262346f,0.7935036578078936f,-0.2802828775136295f,-0.5401790940217636f,-0.6012488360328473f,-0.3274533109072869f,0.5515347462333501f,-0.7671921225307062f,-1.577453872807234f,0f,0f,0f,1f], start_interpolation: 0, interpolation_duration: 1 }
$data merge entity $(bone_left_hand) { transformation: [-0.6846430673983128f,0.6415926096478767f,0.34586528231185226f,2.2113942497412085f,0.41381521496237783f,0.7327779433412746f,-0.5401790940217636f,-0.002192666068761895f,-0.6000173648562771f,-0.22670555572759898f,-0.7671921225307062f,-1.7706088879488975f,0f,0f,0f,1f], start_interpolation: 0, interpolation_duration: 1 }
$data merge entity $(bone_left_forearm) { transformation: [-1.549266291461682f,0.7270749574198575f,0.6308442962149917f,3.236088053443293f,0.3048216196384865f,1.5043821144376377f,-0.9852648352573133f,2.184660185333203f,-0.9130642364998452f,-0.7314540461892071f,-1.3993274241477225f,-2.9450717817497045f,0f,0f,0f,1f], start_interpolation: 0, interpolation_duration: 1 }
$data merge entity $(bone_left_bicep) { transformation: [-1.344005336393183f,-0.5035290955466621f,0.6710012381271101f,2.4376772961026645f,0.28306485769508627f,0.9207147368444213f,1.2578923704272458f,3.6060200367581197f,-0.7897205188978027f,1.1869614059349087f,-0.6910851457934228f,-1.0863122776733105f,0f,0f,0f,1f], start_interpolation: 0, interpolation_duration: 1 }
$data merge entity $(bone_left_shoulder) { transformation: [-0.9767458766513767f,-0.23776185290221533f,0.12589587926488913f,1.952643125f,-0.03907164761746627f,0.5944264283693111f,0.8194776423279656f,3.7021035898062515f,-0.2661839166137404f,0.7852002937005628f,-0.5822538964880867f,-1.0201129771796424f,0f,0f,0f,1f], start_interpolation: 0, interpolation_duration: 1 }
$data merge entity $(bone_left_arm) { transformation: [-1.3293824999999997f,-9.902546764421251e-17f,1.0834336282287022e-16f,1.749763125f,-1.2534641770971684e-17f,1.0542699109810614f,0.8097979909250418f,3.679353072396109f,-1.4624366743759022e-16f,0.8097979909250418f,-1.0542699109810614f,-0.9356897128231747f,0f,0f,0f,1f], start_interpolation: 0, interpolation_duration: 1 }
$data merge entity $(bone_chest) { transformation: [-2.632522916666667f,-1.9609616713551066e-16f,2.1454802173184713e-16f,1.0840363484542409e-16f,-2.482184902711614e-17f,2.087728476198364f,1.603610525173002f,4.251964713247415f,-2.8960047687316114e-16f,1.603610525173002f,-2.087728476198364f,-0.3783010586503106f,0f,0f,0f,1f], start_interpolation: 0, interpolation_duration: 1 }
$data merge entity $(bone_weist) { transformation: [-1.9489306802119282f,-1.1936599183771773e-16f,0.04252581872241302f,3.551249172590388e-16f,0.0212629093612064f,1.6882252311664476f,0.974465340105964f,0.8565935636316959f,-0.036828439330341634f,0.9746972916666665f,-1.6878234792784157f,-2.3929332169623367f,0f,0f,0f,1f], start_interpolation: 0, interpolation_duration: 1 }
$data merge entity $(bone_right_cheek) { transformation: [-0.9992555646707434f,0.03853982618535588f,-0.0017315519502106135f,-0.615512375409041f,0.024850714387652517f,0.6086968385822632f,-0.793013619488582f,-4.526221133177045f,-0.029508616859775752f,-0.7924663024366151f,-0.6092014453638979f,-1.6538613783093403f,0f,0f,0f,1f], start_interpolation: 0, interpolation_duration: 1 }
$data merge entity $(bone_right_foot) { transformation: [-1.17573393868588f,-0.03763743140723393f,0.0427085946363953f,-0.8109515742829162f,-0.041250944974049096f,1.1718816470511615f,-0.10287205509742413f,-5.356153527766944f,-0.03922957860464663f,-0.10424837619016072f,-1.171829429183607f,4.212976664614833f,0f,0f,0f,1f], start_interpolation: 0, interpolation_duration: 1 }
$data merge entity $(bone_right_knee) { transformation: [-2.9012405139159716f,-0.08084886532488499f,0.11487223303433546f,-0.9723478557579524f,-0.10179081240930664f,2.846911575107722f,-0.5671523627392804f,-1.8448558992128703f,-0.09680288970722628f,-0.5705143583008f,-2.8464137534889367f,3.4054443376091443f,0f,0f,0f,1f], start_interpolation: 0, interpolation_duration: 1 }
$data merge entity $(bone_right_leg) { transformation: [-2.4735476668243166f,0.10748320684210956f,-0.004692881202123816f,-0.767875f,0.01868198047600249f,0.3227593781005972f,-2.454687371213017f,-1.3132356250000008f,-0.10595115144506556f,-2.4524042217860647f,-0.32326554009422775f,-0.07496000000000014f,0f,0f,0f,1f], start_interpolation: 0, interpolation_duration: 1 }
$data merge entity $(bone_left_cheek) { transformation: [-0.9998603533371894f,-0.0034649494656572816f,-0.016348331707892717f,0.8402281250000005f,-0.011559311416369013f,0.8498889057930267f,0.5268351071535678f,-0.6432773952828095f,0.012068808723741132f,0.5269505118463519f,-0.8498102740734885f,-3.7969868251982213f,0f,0f,0f,1f], start_interpolation: 0, interpolation_duration: 1 }
$data merge entity $(bone_left_foot) { transformation: [-1.1759908973210436f,0.012204024249248966f,0.0498735008469715f,0.7563264374241383f,0.05074736845937953f,0.10232889282702089f,1.1715563994805402f,-7.723079754173694f,0.007810818718744917f,1.1725914695073825f,-0.10275763536605483f,-3.2590737821611384f,0f,0f,0f,1f], start_interpolation: 0, interpolation_duration: 1 }
$data merge entity $(bone_left_knee) { transformation: [-2.9018745849232017f,0.09341223323151769f,0.0855963585295607f,0.9442056250000002f,0.1252241825336207f,1.816067447134787f,2.263436904377975f,-5.316594531063968f,0.01927397259536822f,2.2649728189702554f,-1.8183661160064424f,-0.4134318797004428f,0f,0f,0f,1f], start_interpolation: 0, interpolation_duration: 1 }
$data merge entity $(bone_left_leg) { transformation: [-2.47588625f,6.614461123776603e-18f,3.0313646167153357e-16f,0.8928750000000001f,0f,2.4752970561192744f,-0.05401117390240066f,-1.7257356250000004f,-3.0320861711154433e-16f,-0.05401117390240066f,-2.4752970561192744f,-0.32495999999999997f,0f,0f,0f,1f], start_interpolation: 0, interpolation_duration: 1 }
data modify entity @s data merge value {"locators":{"consume":{"posx":1.4854854126499548,"posy":-0.4806745548209693,"posz":-1.5630184505322506,"roty":24.26678726385481,"rotx":-32.695831383661194}},"cameras":{}}