# This file was generated by Animated Java via MC-Build. It is not recommended to edit this file directly.
$data merge entity $(bone_right_thumb_2) { transformation: [-0.6466881575117578f,-0.7332046843163393f,-0.2102506072063181f,-1.5658768576084763f,-0.43240352803157556f,0.5794775670719579f,-0.6908204818954133f,-0.24081120166548067f,0.628348323686707f,-0.3558323202815362f,-0.691781572436823f,-1.845855906344642f,0f,0f,0f,1f], start_interpolation: 0, interpolation_duration: 1 }
$data merge entity $(bone_right_thumb) { transformation: [-0.6466881575117578f,-0.7332046843163393f,-0.2102506072063181f,-1.9229569112629856f,-0.43240352803157556f,0.5794775670719579f,-0.6908204818954133f,-0.12837958503332958f,0.628348323686707f,-0.3558323202815362f,-0.691781572436823f,-1.7885835156094283f,0f,0f,0f,1f], start_interpolation: 0, interpolation_duration: 1 }
$data merge entity $(bone_right_fingers_2) { transformation: [0.619156129119705f,0.6446979091585642f,-0.44834171532445966f,-1.36533154891579f,0.46605022513039707f,-0.7612009832847614f,-0.4509659085809243f,-0.6809874388011258f,-0.6320149329164694f,0.07026854895960286f,-0.7717638599971512f,-2.071676952506853f,0f,0f,0f,1f], start_interpolation: 0, interpolation_duration: 1 }
$data merge entity $(bone_right_fingers) { transformation: [0.5583663372499967f,-0.6980091258185269f,-0.44834171532445966f,-1.6505544751890024f,-0.8155205646199368f,-0.362706434985321f,-0.4509659085809243f,-0.8828033595611362f,0.15216189440199007f,0.6174360714230219f,-0.7717638599971512f,-1.7989938858397967f,0f,0f,0f,1f], start_interpolation: 0, interpolation_duration: 1 }
$data merge entity $(bone_right_hand) { transformation: [-0.5904455018453385f,-0.6710915106381005f,-0.44834171532445966f,-2.1584899009164285f,-0.4988097691371209f,0.7401476633153372f,-0.4509659085809243f,-0.27582059608505416f,0.634478465800045f,-0.04263356469166818f,-0.7717638599971512f,-1.847446878157156f,0f,0f,0f,1f], start_interpolation: 0, interpolation_duration: 1 }
$data merge entity $(bone_right_forearm) { transformation: [-1.4024894424592798f,-0.8313393646159212f,-0.8177571682741533f,-3.3508428101531362f,-0.44810687934432036f,1.565072147760318f,-0.8225435907128007f,2.0134484982514724f,1.0765928432365044f,-0.4315699187598795f,-1.407666088512129f,-2.588545675549038f,0f,0f,0f,1f], start_interpolation: 0, interpolation_duration: 1 }
$data merge entity $(bone_right_bicep) { transformation: [-1.2149963449438028f,0.575715340333168f,-0.8381350037802807f,-2.4380181401538765f,-0.41171714390042075f,0.9155405087714383f,1.225727998415849f,3.427533701985939f,0.9297351402819983f,1.1577875364621557f,-0.5524990001992879f,-0.7775170680736577f,0f,0f,0f,1f], start_interpolation: 0, interpolation_duration: 1 }
$data merge entity $(bone_right_shoulder) { transformation: [-0.9377271190656571f,0.2875120052919139f,-0.2538063743263467f,-1.9567027381142865f,-0.04480048511613262f,0.5837672231930301f,0.8268142018166464f,3.5581032141042255f,0.38088547539781864f,0.7765086313785325f,-0.5276112003099026f,-0.7648825932482721f,0f,0f,0f,1f], start_interpolation: 0, interpolation_duration: 1 }
$data merge entity $(bone_right_arm) { transformation: [-1.3147746997294374f,-0.00036185581403996685f,-0.19653292171538772f,-1.7441149108684595f,-0.1200931265468277f,1.0537982574875577f,0.8014641007422878f,3.5541750743565457f,0.1555730092716102f,0.8104115823967512f,-1.042251379087415f,-0.7049167710455961f,0f,0f,0f,1f], start_interpolation: 0, interpolation_duration: 1 }
$data merge entity $(bone_left_thumb_2) { transformation: [-0.9643936545106601f,0.17903406131580168f,0.19465786402902757f,2.4734019982940474f,0.11036323971032928f,0.941311616268206f,-0.3189865144472073f,0.3827919021081686f,-0.24034315979493562f,-0.28614549789802346f,-0.9275537286715411f,-3.5974134279698706f,0f,0f,0f,1f], start_interpolation: 0, interpolation_duration: 1 }
$data merge entity $(bone_left_thumb) { transformation: [-0.9643936545106601f,0.17903406131580168f,0.19465786402902757f,2.730592011164063f,0.11036323971032928f,0.941311616268206f,-0.3189865144472073f,0.6607582803826099f,-0.24034315979493562f,-0.28614549789802346f,-0.9275537286715411f,-3.5935211656631165f,0f,0f,0f,1f], start_interpolation: 0, interpolation_duration: 1 }
$data merge entity $(bone_left_fingers_2) { transformation: [0.9590414152207113f,-0.14362957825581646f,0.24415181371743094f,2.418832122661227f,-0.1536003144253971f,-0.9878836878168191f,0.022198260153910437f,-0.04449610205924237f,0.23800526737842154f,-0.0587908461879722f,-0.9694829184181787f,-3.9127161010244853f,0f,0f,0f,1f], start_interpolation: 0, interpolation_duration: 1 }
$data merge entity $(bone_left_fingers) { transformation: [0.017220783192928385f,0.9695841049051448f,0.24415181371743094f,2.847336789355126f,0.9994810700867447f,-0.023341546315430395f,0.022198260153910437f,-0.10138803366010829f,0.027221961069662598f,0.24364284461254657f,-0.9694829184181787f,-3.814813613153705f,0f,0f,0f,1f], start_interpolation: 0, interpolation_duration: 1 }
$data merge entity $(bone_left_hand) { transformation: [-0.9518635860885394f,0.18532567371293865f,0.24415181371743094f,2.9600639597668517f,0.19654500221188628f,0.9802434898287615f,0.022198260153910437f,0.6815682288353395f,-0.23521431840811752f,0.06911653428215607f,-0.9694829184181787f,-3.7596208563771656f,0f,0f,0f,1f], start_interpolation: 0, interpolation_duration: 1 }
$data merge entity $(bone_left_forearm) { transformation: [-1.7681407810159955f,0.046841539411196696f,0.44532304041812293f,2.9665896497079496f,0.058481004325949104f,1.8225721375470667f,0.04048872934105142f,3.366985315159096f,-0.4439444923351117f,0.053527892319928966f,-1.7682976599268052f,-3.772976072456968f,0f,0f,0f,1f], start_interpolation: 0, interpolation_duration: 1 }
$data merge entity $(bone_left_bicep) { transformation: [-1.5340300437941337f,-0.37655357541349327f,0.1228567680829575f,2.3728214985359783f,0.034508783223015406f,0.3624948938988909f,1.5419277387936199f,3.912858276984889f,-0.39458272200001593f,1.495640134732969f,-0.3427821739217366f,-1.43584694661142f,0f,0f,0f,1f], start_interpolation: 0, interpolation_duration: 1 }
$data merge entity $(bone_left_shoulder) { transformation: [-0.9990365889525334f,-0.15430590088607504f,-0.06729458784080579f,1.9001381070518997f,-0.10324112630281364f,0.24171841732210636f,0.978430608287508f,3.900311071939258f,-0.13296669673513595f,0.9716866132379685f,-0.25408258869964623f,-1.2768327247628544f,0f,0f,0f,1f], start_interpolation: 0, interpolation_duration: 1 }
$data merge entity $(bone_left_arm) { transformation: [-1.3147746997294374f,-0.00036185581403996685f,-0.19653292171538772f,1.7169691255058988f,-0.1200931265468277f,1.0537982574875577f,0.8014641007422878f,3.8371194653208525f,0.1555730092716102f,0.8104115823967512f,-1.042251379087415f,-1.1399818572668217f,0f,0f,0f,1f], start_interpolation: 0, interpolation_duration: 1 }
$data merge entity $(bone_chest) { transformation: [-2.6035956749026563f,-0.0007165685744992767f,-0.38918627279598933f,1.0840363484542409e-16f,-0.2378156082005548f,2.0867944796771414f,1.5871072562559798f,4.251964713247415f,0.30807499882261863f,1.6048255957871753f,-2.0639286588886634f,-0.3783010586503106f,0f,0f,0f,1f], start_interpolation: 0, interpolation_duration: 1 }
$data merge entity $(bone_weist) { transformation: [-1.941976548405434f,-1.1936599183771773e-16f,-0.16990093281867807f,3.5323103290417287e-16f,-0.08495046640933913f,1.6882252311664476f,0.9709882742027169f,0.8476649922031245f,0.14713852394764843f,0.9746972916666665f,-1.6818010244727266f,-2.3774684776090433f,0f,0f,0f,1f], start_interpolation: 0, interpolation_duration: 1 }
$data merge entity $(bone_right_cheek) { transformation: [-0.9965282610323823f,0.07261682351509587f,-0.04072127093244071f,-0.6122757875908131f,0.0807020594598718f,0.7223382636475758f,-0.6868148298264535f,-4.063872135827346f,-0.020459779146196466f,-0.6877166784462789f,-0.7256908209589716f,-2.202979921676963f,0f,0f,0f,1f], start_interpolation: 0, interpolation_duration: 1 }
$data merge entity $(bone_right_foot) { transformation: [-1.1729501029005645f,0.04246902226456361f,0.08930472064796091f,-1.1180364797210922f,-0.02706398468454925f,0.8845803965128389f,-0.776128828040001f,-5.5272381134412765f,-0.09511304702885312f,-0.7754384560554388f,-0.8804769185116703f,4.802379499700445f,0f,0f,0f,1f], start_interpolation: 0, interpolation_duration: 1 }
$data merge entity $(bone_right_knee) { transformation: [-2.8943711220419273f,0.03894446197329301f,0.240889653794829f,-1.1263065133402324f,-0.06678307587393166f,2.631508953668929f,-1.2278555843710195f,-2.305067675225949f,-0.23470091009750807f,-1.2290535562683553f,-2.6213110321282995f,3.1822197764762716f,0f,0f,0f,1f], start_interpolation: 0, interpolation_duration: 1 }
$data merge entity $(bone_right_leg) { transformation: [-2.4666823299406153f,0.21308495742795192f,0.00926320763699097f,-0.7678749999999999f,0.05086399863975607f,0.6921210772891175f,-2.3766350142488406f,-1.1944856250000004f,-0.20713246906309257f,-2.3676097520979127f,-0.693925734477219f,-0.19996000000000014f,0f,0f,0f,1f], start_interpolation: 0, interpolation_duration: 1 }
$data merge entity $(bone_left_cheek) { transformation: [-0.9970739841968073f,-0.008059094734470449f,-0.07601658391407626f,0.7777281250000005f,-0.012819836953516291f,0.9979720571254278f,0.062349217936773615f,-2.1354367416314517f,0.07535994837040579f,0.06314130335131574f,-0.9951552913956229f,-3.987553071266193f,0f,0f,0f,1f], start_interpolation: 0, interpolation_duration: 1 }
$data merge entity $(bone_left_foot) { transformation: [-1.1759908973210436f,-0.02270924343629801f,0.04604991375844352f,0.878413534233677f,0.04896856825638501f,-0.17859348418007456f,1.1624531567370373f,-5.965476952559923f,-0.015439676730064454f,1.1632624607316848f,0.17936822101893843f,-2.3697860222626757f,0f,0f,0f,1f], start_interpolation: 0, interpolation_duration: 1 }
$data merge entity $(bone_left_knee) { transformation: [-2.9018745849232017f,-0.0027637846574136457f,0.12666863623323668f,0.9442056249999999f,0.12083481598964066f,0.8128600227305961f,2.7859623506474716f,-4.829159208332583f,-0.03809893903470647f,2.7885802182248236f,-0.8119713824413071f,1.1838882650287814f,0f,0f,0f,1f], start_interpolation: 0, interpolation_duration: 1 }
$data merge entity $(bone_left_leg) { transformation: [-2.47588625f,1.4000615847216798e-16f,2.6894932809092736e-16f,0.8928750000000001f,0f,2.196137925467003f,-1.1432370424651883f,-1.5694856250000004f,-3.0320861711154433e-16f,-1.1432370424651883f,-2.196137925467003f,-0.32495999999999997f,0f,0f,0f,1f], start_interpolation: 0, interpolation_duration: 1 }
data modify entity @s data merge value {"locators":{"consume":{"posx":2.596941260267958,"posy":-0.13388244771410018,"posz":-3.71309724343075,"roty":14.13526960490546,"rotx":1.2719710972710743}},"cameras":{}}
execute on vehicle unless entity @s[tag=aj.transforms_only] at @s run function animated_java:armor/animations/charge_old/zzz/frames/zzz/0