# This file was generated by Animated Java via MC-Build. It is not recommended to edit this file directly.
$data merge entity $(bone_right_thumb_2) { transformation: [0.15572980856739124f,-0.9100084471477786f,0.38423020813472214f,0.10483143186908123f,-0.17347970433373042f,-0.40812601625870354f,-0.896291217761884f,1.1287755406536668f,0.9724469234399609f,0.07292311685939323f,-0.22142538273573376f,-0.477209151884437f,0f,0f,0f,1f], start_interpolation: 0, interpolation_duration: 1 }
$data merge entity $(bone_right_thumb) { transformation: [0.15572980856739124f,-0.9100084471477786f,0.38423020813472214f,-0.15638894860506153f,-0.17347970433373042f,-0.40812601625870354f,-0.896291217761884f,1.0036170462689626f,0.9724469234399609f,0.07292311685939323f,-0.22142538273573376f,-0.2332287756546031f,0f,0f,0f,1f], start_interpolation: 0, interpolation_duration: 1 }
$data merge entity $(bone_right_fingers_2) { transformation: [-0.19861397619648705f,0.9788108846054259f,0.049817071746179664f,0.5456420937762226f,0.16995749569748692f,0.08445718143161034f,-0.9818255619817942f,0.8994165903389547f,-0.9652289563184786f,-0.18653749403959224f,-0.1831306233314603f,-0.6722709824071122f,0f,0f,0f,1f], start_interpolation: 0, interpolation_duration: 1 }
$data merge entity $(bone_right_fingers) { transformation: [0.9963613478334147f,0.06915434842594129f,0.049817071746179664f,0.6231834810522353f,0.061550733783836985f,-0.17952736005914102f,-0.9818255619817942f,0.8149000379515963f,-0.058953979630316455f,0.9813193175944203f,-0.1831306233314603f,-0.24415636688589276f,0f,0f,0f,1f], start_interpolation: 0, interpolation_duration: 1 }
$data merge entity $(bone_right_hand) { transformation: [0.24112007083341377f,-0.9692158535661316f,0.049817071746179664f,-0.15315435546203915f,-0.16611176330843064f,-0.09179023874953784f,-0.9818255619817942f,0.7562154814514578f,0.9561736210186167f,0.2284626474204864f,-0.1831306233314603f,-0.0937241537293142f,0f,0f,0f,1f], start_interpolation: 0, interpolation_duration: 1 }
$data merge entity $(bone_right_forearm) { transformation: [-0.5259081581043226f,-1.7441309713544666f,0.09086432542504863f,-2.6912385646672488f,-0.34598548682532876f,0.011028893369040576f,-1.7908101429383292f,0.715383986589353f,1.7118829439477066f,-0.5335860567019008f,-0.33402285542722393f,-0.9701642315188913f,0f,0f,0f,1f], start_interpolation: 0, interpolation_duration: 1 }
$data merge entity $(bone_right_bicep) { transformation: [-0.41184796703473064f,0.243893902537294f,-1.5103084361275334f,-2.289939100167716f,-0.36164457195908645f,1.5042291557251366f,0.3415295104708804f,3.0593500468184645f,1.486515728643796f,0.4335262013478298f,-0.3353514233204211f,-0.29378245547770854f,0f,0f,0f,1f], start_interpolation: 0, interpolation_duration: 1 }
$data merge entity $(bone_right_shoulder) { transformation: [-0.8546821217417885f,0.08178084715947491f,-0.5378134829842715f,-1.8844315149773117f,-0.10808140916963502f,0.9561109414261558f,0.3171486328899054f,3.3095830024679134f,0.5331508777388447f,0.3249257444246434f,-0.7978636354937043f,-0.44149707882096795f,0f,0f,0f,1f], start_interpolation: 0, interpolation_duration: 1 }
$data merge entity $(bone_right_arm) { transformation: [-1.2569392375593509f,-0.00026680013048079173f,-0.4328527615802598f,-1.6846174852824731f,-0.26408342670414153f,1.0537749148767108f,0.7662089818209051f,3.36219248544764f,0.3429599512044594f,0.8104419713344814f,-0.9964035900555376f,-0.4550756440116591f,0f,0f,0f,1f], start_interpolation: 0, interpolation_duration: 1 }
$data merge entity $(bone_left_thumb_2) { transformation: [-0.9709507853941846f,-0.23905496333317733f,-0.010358419193560453f,2.1831066089841427f,-0.21147811496726743f,0.8370815235746226f,0.5045508198188563f,2.8381384239463436f,-0.111944536411151f,0.4920845937394929f,-0.86331985577301f,-6.2734771474927475f,0f,0f,0f,1f], start_interpolation: 0, interpolation_duration: 1 }
$data merge entity $(bone_left_thumb) { transformation: [-0.9709507853941846f,-0.23905496333317733f,-0.010358419193560453f,2.32220266455681f,-0.21147811496726743f,0.8370815235746226f,0.5045508198188563f,3.119639770571368f,-0.111944536411151f,0.4920845937394929f,-0.86331985577301f,-6.061730980940962f,0f,0f,0f,1f], start_interpolation: 0, interpolation_duration: 1 }
$data merge entity $(bone_left_fingers_2) { transformation: [0.9796707011575335f,0.1785326847412333f,-0.09149534290112166f,2.1768028375589874f,0.18449310067080896f,-0.6226729096511289f,0.7604214248635213f,2.7625887684065513f,0.07878840713186917f,-0.7618428499800232f,-0.6429524545687173f,-6.801890998069144f,0f,0f,0f,1f], start_interpolation: 0, interpolation_duration: 1 }
$data merge entity $(bone_left_fingers) { transformation: [-0.30487799912560676f,0.9479862909750186f,-0.09149534290112166f,2.6080367334832264f,0.5932646746688595f,0.26418986051433646f,0.7604214248635213f,2.857649009099524f,0.7450412280130668f,0.17755480766468348f,-0.6429524545687173f,-6.763960587625648f,0f,0f,0f,1f], start_interpolation: 0, interpolation_duration: 1 }
$data merge entity $(bone_left_hand) { transformation: [-0.9865257580603871f,-0.13563012538070215f,-0.09149534290112166f,2.4682284220913484f,-0.1571568932713205f,0.6301277390385532f,0.7604214248635213f,3.345007401313948f,-0.04548229964157059f,0.7645544464479792f,-0.6429524545687173f,-6.154280673298144f,0f,0f,0f,1f], start_interpolation: 0, interpolation_duration: 1 }
$data merge entity $(bone_left_forearm) { transformation: [-1.8105139908011305f,-0.14497394778446107f,-0.1668838075148703f,2.1657645452574315f,-0.22102821603289569f,1.1637298950941735f,1.3869779452518078f,5.10324735108576f,-0.003765430146421827f,1.3969766810370885f,-1.1727192911383015f,-4.147095142216792f,0f,0f,0f,1f], start_interpolation: 0, interpolation_duration: 1 }
$data merge entity $(bone_left_bicep) { transformation: [-1.566357587432781f,0.00712110430331071f,-0.2379238408583015f,2.17526259344028f,-0.22798006652662495f,-0.500194131463696f,1.4859224326993994f,4.302865787949318f,-0.06843649203298412f,1.5032929443745444f,0.49554144714185f,-1.8078624476893328f,0f,0f,0f,1f], start_interpolation: 0, interpolation_duration: 1 }
$data merge entity $(bone_left_shoulder) { transformation: [-0.9967419734488158f,0.09177467014126317f,-0.15651142754656358f,1.7592081294022728f,-0.17723497713616446f,-0.30556927477608f,0.9495410258957767f,4.138634007632522f,0.038809533773857055f,0.961570489823873f,0.31668437260934257f,-1.5869571535529647f,0f,0f,0f,1f], start_interpolation: 0, interpolation_duration: 1 }
$data merge entity $(bone_left_arm) { transformation: [-1.2569392375593509f,-0.00026680013048079173f,-0.4328527615802598f,1.6242148593109176f,-0.26408342670414153f,1.0537749148767108f,0.7662089818209051f,4.024184218024813f,0.3429599512044594f,0.8104419713344814f,-0.9964035900555376f,-1.3834275847347588f,0f,0f,0f,1f], start_interpolation: 0, interpolation_duration: 1 }
$data merge entity $(bone_chest) { transformation: [-2.489066425752197f,-0.0005283336117786575f,-0.8571609859483535f,1.0840363484542409e-16f,-0.5229538321066471f,2.0867482552398635f,1.517292956390931f,4.251964713247415f,0.6791498541951781f,1.604885773783341f,-1.9731381186905517f,-0.3783010586503106f,0f,0f,0f,1f], start_interpolation: 0, interpolation_duration: 1 }
$data merge entity $(bone_weist) { transformation: [-1.9031861480095595f,-1.1936599183771773e-16f,-0.42192621102969535f,3.50390206371874e-16f,-0.21096310551484776f,1.6882252311664476f,0.9515930740047797f,0.8342721350602673f,0.3653988172742302f,0.9746972916666665f,-1.6482075523069293f,-2.354271368579103f,0f,0f,0f,1f], start_interpolation: 0, interpolation_duration: 1 }
$data merge entity $(bone_right_cheek) { transformation: [-0.9995545919369385f,-0.02196681950300043f,-0.02020090539314147f,-0.43311409304971266f,-0.026496753933476648f,0.9646881276175405f,0.26205865462669276f,-1.240890829621974f,0.013730978434505034f,0.26247719000836245f,-0.9648404971582325f,-3.7054235264542443f,0f,0f,0f,1f], start_interpolation: 0, interpolation_duration: 1 }
$data merge entity $(bone_right_foot) { transformation: [-1.1634057654353782f,-0.0026171602389776123f,0.1790839755549554f,-0.727784672064425f,-0.038934116574785134f,1.1525349803757925f,-0.2360892806827008f,-8.486462977031008f,-0.1748200629070514f,-0.2392637965907453f,-1.1392022103747514f,-0.3952684765020247f,0f,0f,0f,1f], start_interpolation: 0, interpolation_duration: 1 }
$data merge entity $(bone_right_knee) { transformation: [-2.8708195194034647f,-0.20124280120959445f,0.39347847527838153f,-1.0283767680418572f,-0.09607380774135556f,2.8083671930758887f,0.735372164862905f,-4.978316653345679f,-0.4313859049762305f,0.7137953014347982f,-2.7823247756456233f,0.3857065669991452f,0f,0f,0f,1f], start_interpolation: 0, interpolation_duration: 1 }
$data merge entity $(bone_right_leg) { transformation: [-2.4506209257881078f,0.10313838131395339f,0.33739039009497224f,-0.8512083333333333f,0.01422122370900244f,2.394679544318082f,-0.6287450673840884f,-1.5174022916666674f,-0.35251603910278817f,-0.620391068007544f,-2.3708353143672385f,-0.3457933333333335f,0f,0f,0f,1f], start_interpolation: 0, interpolation_duration: 1 }
$data merge entity $(bone_left_cheek) { transformation: [-0.9984492612038027f,-0.03360361991382298f,-0.044383212257204194f,1.0260777941351686f,-0.007938342425891462f,0.8750606629008231f,-0.4839481573093357f,-3.8573151197689057f,0.05510041307567497f,-0.48284535098958925f,-0.873970429423462f,-3.2206968950122574f,0f,0f,0f,1f], start_interpolation: 0, interpolation_duration: 1 }
$data merge entity $(bone_left_foot) { transformation: [-1.1714995298343178f,-0.10789931214804588f,-0.03921077546432272f,1.1064719073895573f,-0.06555939438541684f,0.2987272330694837f,1.136685928877028f,-4.826740546065848f,-0.09424283676944549f,1.1334507812592447f,-0.30331256000538265f,-0.7201768230531274f,0f,0f,0f,1f], start_interpolation: 0, interpolation_duration: 1 }
$data merge entity $(bone_left_knee) { transformation: [-2.890791688626155f,-0.27746420211652584f,-0.05714646137608896f,0.8148441893605696f,-0.16177433073962083f,1.135873492218264f,2.6684357148193896f,-3.2808761367739314f,-0.23255357967082957f,2.6588970861531585f,-1.1459117794850349f,2.6423114039853144f,0f,0f,0f,1f], start_interpolation: 0, interpolation_duration: 1 }
$data merge entity $(bone_left_leg) { transformation: [-2.45808535372496f,0.039249824648744595f,0.2937491583084824f,0.8095416666666668f,-0.23196993775012278f,1.2725031320549531f,-2.111146240749229f,-1.4132356250000004f,-0.18444257838715883f,-2.123489569815317f,-1.2596768256590731f,-0.32495999999999997f,0f,0f,0f,1f], start_interpolation: 0, interpolation_duration: 1 }
data modify entity @s data merge value {"locators":{"consume":{"posx":2.4271517595636256,"posy":2.658050132409024,"posz":-6.724705747985576,"roty":351.900903322655,"rotx":49.50136387028686}},"cameras":{}}