execute if entity @s[tag=aj.attack.bone.right_thumb_2] run data modify entity @s {} merge value {transformation:[-0.9762960071199334f,0.21643961393810288f,1.220382839281154e-16f,-1.84718375f,0.21568601720479963f,0.9728967519266905f,0.0833753685018935f,-7.093704520648998f,0.018045732570496773f,0.08139903936055172f,-0.9965182125416341f,-0.7369706831780419f,0f,0f,0f,1f],start_interpolation:0}
execute if entity @s[tag=aj.attack.bone.right_thumb] run data modify entity @s {} merge value {transformation:[-1f,-1.0210537816357498e-17f,1.220382839281154e-16f,-1.99476f,0f,0.9965182125416341f,0.0833753685018935f,-6.8080737510359555f,-1.2246467991473532e-16f,0.0833753685018935f,-0.9965182125416341f,-0.7130729055235548f,0f,0f,0f,1f],start_interpolation:0}
execute if entity @s[tag=aj.attack.bone.right_fingers2] run data modify entity @s {} merge value {transformation:[-0.7933533402912352f,-0.6087614290087205f,1.220382839281154e-16f,-2.114399333847494f,-0.6066418511000611f,0.7905910525809564f,0.0833753685018935f,-7.900060432122717f,-0.05075570847334146f,0.06614612709898977f,-0.9965182125416341f,-0.9738920643343724f,0f,0f,0f,1f],start_interpolation:0}
execute if entity @s[tag=aj.attack.bone.right_fingers] run data modify entity @s {} merge value {transformation:[-0.9659258262890683f,-0.25881904510252074f,1.220382839281154e-16f,-2.19156125f,-0.25791789219729655f,0.9625626778613833f,0.0833753685018935f,-7.433037512301643f,-0.02157913326073098f,0.08053442171234701f,-0.9965182125416341f,-0.9429711964053028f,0f,0f,0f,1f],start_interpolation:0}
execute if entity @s[tag=aj.attack.locator_origin.right_hand] at @s on origin run tp @s ^-2 ^-7.46388 ^-0.95178 ~0 ~4.78261
execute if entity @s[tag=aj.attack.bone.right_hand] run data modify entity @s {} merge value {transformation:[-1f,-1.0210537816357498e-17f,1.220382839281154e-16f,-2.25406125f,0f,0.9965182125416341f,0.0833753685018935f,-6.727983063832349f,-1.2246467991473532e-16f,0.0833753685018935f,-0.9965182125416341f,-0.9133338309429102f,0f,0f,0f,1f],start_interpolation:0}
execute if entity @s[tag=aj.attack.bone.right_forearm] run data modify entity @s {} merge value {transformation:[-1.505329166666667f,-1.5370220382315923e-17f,1.8370778824694006e-16f,-2.2109925f,0f,1.5000879304534547f,0.12550737398748163f,-4.5650939925826f,-1.8434965456214864e-16f,0.12550737398748163f,-1.5000879304534547f,-0.7269130801667125f,0f,0f,0f,1f],start_interpolation:0}
execute if entity @s[tag=aj.attack.bone.right_bicep] run data modify entity @s {} merge value {transformation:[-1.5788933333333333f,-1.6121350087994745e-17f,1.9268543290554187e-16f,-2.107345625f,0f,1.5733959623272358f,0.13164081349184964f,-2.2706428821253977f,-1.9335866668617615e-16f,0.13164081349184964f,-1.5733959623272358f,-0.5948425317436455f,0f,0f,0f,1f],start_interpolation:0}
execute if entity @s[tag=aj.attack.bone.right_shoulder] run data modify entity @s {} merge value {transformation:[-1f,-1.0210537816357498e-17f,1.220382839281154e-16f,-1.795433125f,0f,0.9965182125416341f,0.0833753685018935f,-2.0298411071274227f,-1.2246467991473532e-16f,0.0833753685018935f,-0.9965182125416341f,-0.5746954471508213f,0f,0f,0f,1f],start_interpolation:0}
execute if entity @s[tag=aj.attack.bone.left_thumb_2] run data modify entity @s {} merge value {transformation:[-0.9762960071199334f,-0.21643961393810288f,1.220382839281154e-16f,1.86831875f,-0.21568601720479963f,0.9728967519266905f,0.0833753685018935f,-6.982751130777768f,-0.01804573257049701f,0.08139903936055166f,-0.9965182125416341f,-0.7834140510008067f,0f,0f,0f,1f],start_interpolation:0}
execute if entity @s[tag=aj.attack.bone.left_thumb] run data modify entity @s {} merge value {transformation:[-1f,-1.0210537816357498e-17f,1.220382839281154e-16f,2.015895f,0f,0.9965182125416341f,0.0833753685018935f,-6.697120361164725f,-1.2246467991473532e-16f,0.0833753685018935f,-0.9965182125416341f,-0.7595162733463195f,0f,0f,0f,1f],start_interpolation:0}
execute if entity @s[tag=aj.attack.bone.left_fingers2] run data modify entity @s {} merge value {transformation:[-0.7933533402912352f,0.6087614290087205f,1.220382839281154e-16f,2.135534333847494f,0.6066418511000611f,0.7905910525809564f,0.0833753685018935f,-7.789107042251486f,0.05075570847334126f,0.06614612709898993f,-0.9965182125416341f,-1.020335432157137f,0f,0f,0f,1f],start_interpolation:0}
execute if entity @s[tag=aj.attack.bone.left_fingers] run data modify entity @s {} merge value {transformation:[-0.9659258262890683f,0.25881904510252074f,1.220382839281154e-16f,2.21269625f,0.25791789219729655f,0.9625626778613833f,0.0833753685018935f,-7.322084122430412f,0.021579133260730743f,0.08053442171234707f,-0.9965182125416341f,-0.9894145642280674f,0f,0f,0f,1f],start_interpolation:0}
execute if entity @s[tag=aj.attack.bone.left_hand] run data modify entity @s {} merge value {transformation:[-1f,-1.0210537816357498e-17f,1.220382839281154e-16f,2.27519625f,0f,0.9965182125416341f,0.0833753685018935f,-6.6170296739611185f,-1.2246467991473532e-16f,0.0833753685018935f,-0.9965182125416341f,-0.9597771987656748f,0f,0f,0f,1f],start_interpolation:0}
execute if entity @s[tag=aj.attack.bone.left_forearm] run data modify entity @s {} merge value {transformation:[-1.505329166666667f,-1.5370220382315923e-17f,1.8370778824694006e-16f,2.2321275f,0f,1.5000879304534547f,0.12550737398748163f,-4.4541406027113695f,-1.8434965456214864e-16f,0.12550737398748163f,-1.5000879304534547f,-0.7733564479894771f,0f,0f,0f,1f],start_interpolation:0}
execute if entity @s[tag=aj.attack.bone.left_bicep] run data modify entity @s {} merge value {transformation:[-1.5788933333333333f,-1.6121350087994745e-17f,1.9268543290554187e-16f,2.044845625f,0f,1.5733959623272358f,0.13164081349184964f,-2.08758738079041f,-1.9335866668617615e-16f,0.13164081349184964f,-1.5733959623272358f,-0.554260104130251f,0f,0f,0f,1f],start_interpolation:0}
execute if entity @s[tag=aj.attack.bone.left_shoulder] run data modify entity @s {} merge value {transformation:[-1f,-1.0210537816357498e-17f,1.220382839281154e-16f,1.795433125f,0f,0.9965182125416341f,0.0833753685018935f,-1.8467856057924352f,-1.2246467991473532e-16f,0.0833753685018935f,-0.9965182125416341f,-0.5341130195374268f,0f,0f,0f,1f],start_interpolation:0}