execute if entity @s[tag=aj.attack.bone.right_thumb_2] run data modify entity @s {} merge value {transformation:[-0.9762960071199334f,0.21643961393810288f,1.2235713978087564e-16f,-1.84718375f,0.21624955142316676f,0.9754386905175837f,0.041898598432651424f,-7.530955400034167f,0.009068516469310556f,0.040905434353719114f,-0.9991218681669315f,-0.5888749905355798f,0f,0f,0f,1f],start_interpolation:0}
execute if entity @s[tag=aj.attack.bone.right_thumb] run data modify entity @s {} merge value {transformation:[-1f,-5.131098445930688e-18f,1.2235713978087564e-16f,-1.99476f,0f,0.9991218681669315f,0.041898598432651424f,-7.244578347863815f,-1.2246467991473532e-16f,0.041898598432651424f,-0.9991218681669315f,-0.576865647640077f,0f,0f,0f,1f],start_interpolation:0}
execute if entity @s[tag=aj.attack.bone.right_fingers2] run data modify entity @s {} merge value {transformation:[-0.7933533402912352f,-0.6087614290087205f,1.2235713978087564e-16f,-2.1143993338474933f,-0.6082268562191637f,0.7926566714682541f,0.041898598432651424f,-8.346458932387817f,-0.02550625065532352f,0.03324039302006504f,-0.9991218681669315f,-0.7920881434965874f,0f,0f,0f,1f],start_interpolation:0}
execute if entity @s[tag=aj.attack.bone.right_fingers] run data modify entity @s {} merge value {transformation:[-0.9659258262890683f,-0.25881904510252074f,1.2235713978087564e-16f,-2.19156125f,-0.2585917678600118f,0.9650776160726209f,0.041898598432651424f,-7.878554565884242f,-0.010844155237472931f,0.04047093831141266f,-0.9991218681669315f,-0.7805985169327342f,0f,0f,0f,1f],start_interpolation:0}
execute if entity @s[tag=aj.attack.locator_origin.right_hand] at @s on origin run tp @s ^-2 ^-7.90973 ^-0.78812 ~0 ~2.40132
execute if entity @s[tag=aj.attack.bone.right_hand] run data modify entity @s {} merge value {transformation:[-1f,-5.131098445930688e-18f,1.2235713978087564e-16f,-2.25406125f,0f,0.9991218681669315f,0.041898598432651424f,-7.172877551840461f,-1.2246467991473532e-16f,0.041898598432651424f,-0.9991218681669315f,-0.7802813605930834f,0f,0f,0f,1f],start_interpolation:0}
execute if entity @s[tag=aj.attack.bone.right_forearm] run data modify entity @s {} merge value {transformation:[-1.5053291666666664f,-7.72399214769747e-18f,1.8418777126206235e-16f,-2.2109925f,0f,1.50400728920617f,0.06307118226312446f,-5.004110567710008f,-1.8434965456214856e-16f,0.06307118226312446f,-1.50400728920617f,-0.6838884179195642f,0f,0f,0f,1f],start_interpolation:0}
execute if entity @s[tag=aj.attack.bone.right_bicep] run data modify entity @s {} merge value {transformation:[-1.5788933333333333f,-8.101457128956991e-18f,1.9318887228575935e-16f,-2.107345625f,0f,1.5775068568363135f,0.06615341774132377f,-2.706153375205077f,-1.9335866668617615e-16f,0.06615341774132377f,-1.5775068568363135f,-0.6472650721696406f,0f,0f,0f,1f],start_interpolation:0}
execute if entity @s[tag=aj.attack.bone.right_shoulder] run data modify entity @s {} merge value {transformation:[-1f,-5.131098445930688e-18f,1.2235713978087564e-16f,-1.795433125f,0f,0.9991218681669315f,0.041898598432651424f,-2.4673411071274223f,-1.2246467991473532e-16f,0.041898598432651424f,-0.9991218681669315f,-0.5746954471508213f,0f,0f,0f,1f],start_interpolation:0}
execute if entity @s[tag=aj.attack.bone.left_thumb_2] run data modify entity @s {} merge value {transformation:[-0.9762960071199334f,-0.21643961393810288f,1.2235713978087564e-16f,1.86831875f,-0.21624955142316676f,0.9754386905175837f,0.041898598432651424f,-7.42617428158332f,-0.009068516469310796f,0.04090543435371906f,-0.9991218681669315f,-0.569802288232727f,0f,0f,0f,1f],start_interpolation:0}
execute if entity @s[tag=aj.attack.bone.left_thumb] run data modify entity @s {} merge value {transformation:[-1f,-5.131098445930688e-18f,1.2235713978087564e-16f,2.015895f,0f,0.9991218681669315f,0.041898598432651424f,-7.1397972294129675f,-1.2246467991473532e-16f,0.041898598432651424f,-0.9991218681669315f,-0.5577929453372242f,0f,0f,0f,1f],start_interpolation:0}
execute if entity @s[tag=aj.attack.bone.left_fingers2] run data modify entity @s {} merge value {transformation:[-0.7933533402912352f,0.6087614290087205f,1.2235713978087564e-16f,2.1355343338474935f,0.6082268562191637f,0.7926566714682541f,0.041898598432651424f,-8.24167781393697f,0.025506250655323325f,0.0332403930200652f,-0.9991218681669315f,-0.7730154411937347f,0f,0f,0f,1f],start_interpolation:0}
execute if entity @s[tag=aj.attack.bone.left_fingers] run data modify entity @s {} merge value {transformation:[-0.9659258262890683f,0.25881904510252074f,1.2235713978087564e-16f,2.21269625f,0.2585917678600118f,0.9650776160726209f,0.041898598432651424f,-7.773773447433395f,0.010844155237472695f,0.04047093831141273f,-0.9991218681669315f,-0.7615258146298813f,0f,0f,0f,1f],start_interpolation:0}
execute if entity @s[tag=aj.attack.bone.left_hand] run data modify entity @s {} merge value {transformation:[-1f,-5.131098445930688e-18f,1.2235713978087564e-16f,2.27519625f,0f,0.9991218681669315f,0.041898598432651424f,-7.068096433389614f,-1.2246467991473532e-16f,0.041898598432651424f,-0.9991218681669315f,-0.7612086582902305f,0f,0f,0f,1f],start_interpolation:0}
execute if entity @s[tag=aj.attack.bone.left_forearm] run data modify entity @s {} merge value {transformation:[-1.505329166666667f,-7.723992147697473e-18f,1.8418777126206242e-16f,2.2321275f,0f,1.5040072892061707f,0.06307118226312448f,-4.89932944925916f,-1.8434965456214864e-16f,0.06307118226312448f,-1.5040072892061707f,-0.6648157156167114f,0f,0f,0f,1f],start_interpolation:0}
execute if entity @s[tag=aj.attack.bone.left_bicep] run data modify entity @s {} merge value {transformation:[-1.5788933333333333f,-8.101457128956991e-18f,1.9318887228575935e-16f,2.044845625f,0f,1.5775068568363135f,0.06615341774132377f,-2.5257165362721294f,-1.9335866668617615e-16f,0.06615341774132377f,-1.5775068568363135f,-0.5442375277958126f,0f,0f,0f,1f],start_interpolation:0}
execute if entity @s[tag=aj.attack.bone.left_shoulder] run data modify entity @s {} merge value {transformation:[-1f,-5.131098445930688e-18f,1.2235713978087564e-16f,1.795433125f,0f,0.9991218681669315f,0.041898598432651424f,-2.284285605792434f,-1.2246467991473532e-16f,0.041898598432651424f,-0.9991218681669315f,-0.5341130195374266f,0f,0f,0f,1f],start_interpolation:0}