execute if entity @s[tag=aj.attack.bone.right_thumb_2] run data modify entity @s {} merge value {transformation:[-0.9762960071199334f,0.21643961393810288f,1.21998664834562e-16f,-1.84718375f,0.21561599586216232f,0.9725809060610185f,0.08715574274765822f,-7.525105135060458f,0.018863955312791638f,0.08508980364211084f,-0.9961946980917454f,-0.8184449179741728f,0f,0f,0f,1f],start_interpolation:0}
execute if entity @s[tag=aj.attack.bone.right_thumb] run data modify entity @s {} merge value {transformation:[-1f,-1.067350013832298e-17f,1.21998664834562e-16f,-1.99476f,0f,0.9961946980917454f,0.08715574274765822f,-7.239567093989794f,-1.2246467991473532e-16f,0.08715574274765822f,-0.9961946980917454f,-0.79346357637509f,0f,0f,0f,1f],start_interpolation:0}
execute if entity @s[tag=aj.attack.bone.right_fingers2] run data modify entity @s {} merge value {transformation:[-0.7933533402912352f,-0.6087614290087205f,1.21998664834562e-16f,-2.1143993338474933f,-0.606444907981242f,0.7903343913115048f,0.08715574274765822f,-8.330556318896033f,-0.05305705450138096f,0.06914529963441818f,-0.9961946980917454f,-1.0584240572248749f,0f,0f,0f,1f],start_interpolation:0}
execute if entity @s[tag=aj.attack.bone.right_fingers] run data modify entity @s {} merge value {transformation:[-0.9659258262890683f,-0.25881904510252074f,1.21998664834562e-16f,-2.19156125f,-0.2578341604962995f,0.9622501868990582f,0.08715574274765822f,-7.86365408017138f,-0.022557566113149966f,0.08418598282936922f,-0.9961946980917454f,-1.025731440541633f,0f,0f,0f,1f],start_interpolation:0}
execute if entity @s[tag=aj.attack.locator_origin.right_hand] at @s on origin run tp @s ^-2 ^-7.89446 ^-1.03466 ~0 ~5
execute if entity @s[tag=aj.attack.bone.right_hand] run data modify entity @s {} merge value {transformation:[-1f,-1.067350013832298e-17f,1.21998664834562e-16f,-2.25406125f,0f,0.9961946980917454f,0.08715574274765822f,-7.158717156290778f,-1.2246467991473532e-16f,0.08715574274765822f,-0.9961946980917454f,-0.9934191814493858f,0f,0f,0f,1f],start_interpolation:0}
execute if entity @s[tag=aj.attack.bone.right_forearm] run data modify entity @s {} merge value {transformation:[-1.5053291666666664f,-1.606713106863828e-17f,1.8364814846985715e-16f,-2.2109925f,0f,1.4996009347161985f,0.1311980816005467f,-4.996550968200582f,-1.8434965456214856e-16f,0.1311980816005467f,-1.4996009347161985f,-0.798793371416197f,0f,0f,0f,1f],start_interpolation:0}
execute if entity @s[tag=aj.attack.bone.right_bicep] run data modify entity @s {} merge value {transformation:[-1.5788933333333333f,-1.6852318211730564e-17f,1.926228785828577e-16f,-2.107345625f,0f,1.5728851675190696f,0.13760962118599257f,-2.7026174731610144f,-1.9335866668617615e-16f,0.13760962118599257f,-1.5728851675190696f,-0.6580182018207956f,0f,0f,0f,1f],start_interpolation:0}
execute if entity @s[tag=aj.attack.bone.right_shoulder] run data modify entity @s {} merge value {transformation:[-1f,-1.067350013832298e-17f,1.21998664834562e-16f,-1.795433125f,0f,0.9961946980917454f,0.08715574274765822f,-2.4673411071274223f,-1.2246467991473532e-16f,0.08715574274765822f,-0.9961946980917454f,-0.5746954471508213f,0f,0f,0f,1f],start_interpolation:0}
execute if entity @s[tag=aj.attack.bone.left_thumb_2] run data modify entity @s {} merge value {transformation:[-0.9762960071199334f,-0.21643961393810288f,1.21998664834562e-16f,1.86831875f,-0.21561599586216232f,0.9725809060610185f,0.08715574274765822f,-7.419268268162964f,-0.018863955312791874f,0.08508980364211079f,-0.9961946980917454f,-0.8028990595034727f,0f,0f,0f,1f],start_interpolation:0}
execute if entity @s[tag=aj.attack.bone.left_thumb] run data modify entity @s {} merge value {transformation:[-1f,-1.067350013832298e-17f,1.21998664834562e-16f,2.015895f,0f,0.9961946980917454f,0.08715574274765822f,-7.1337302270922995f,-1.2246467991473532e-16f,0.08715574274765822f,-0.9961946980917454f,-0.7779177179043899f,0f,0f,0f,1f],start_interpolation:0}
execute if entity @s[tag=aj.attack.bone.left_fingers2] run data modify entity @s {} merge value {transformation:[-0.7933533402912352f,0.6087614290087205f,1.21998664834562e-16f,2.1355343338474935f,0.606444907981242f,0.7903343913115048f,0.08715574274765822f,-8.224719451998538f,0.053057054501380756f,0.06914529963441833f,-0.9961946980917454f,-1.0428781987541746f,0f,0f,0f,1f],start_interpolation:0}
execute if entity @s[tag=aj.attack.bone.left_fingers] run data modify entity @s {} merge value {transformation:[-0.9659258262890683f,0.25881904510252074f,1.21998664834562e-16f,2.21269625f,0.2578341604962995f,0.9622501868990582f,0.08715574274765822f,-7.757817213273886f,0.02255756611314973f,0.08418598282936927f,-0.9961946980917454f,-1.0101855820709327f,0f,0f,0f,1f],start_interpolation:0}
execute if entity @s[tag=aj.attack.bone.left_hand] run data modify entity @s {} merge value {transformation:[-1f,-1.067350013832298e-17f,1.21998664834562e-16f,2.27519625f,0f,0.9961946980917454f,0.08715574274765822f,-7.052880289393284f,-1.2246467991473532e-16f,0.08715574274765822f,-0.9961946980917454f,-0.9778733229786856f,0f,0f,0f,1f],start_interpolation:0}
execute if entity @s[tag=aj.attack.bone.left_forearm] run data modify entity @s {} merge value {transformation:[-1.505329166666667f,-1.6067131068638287e-17f,1.8364814846985722e-16f,2.2321275f,0f,1.4996009347161992f,0.13119808160054677f,-4.890714101303088f,-1.8434965456214864e-16f,0.13119808160054677f,-1.4996009347161992f,-0.7832475129454968f,0f,0f,0f,1f],start_interpolation:0}
execute if entity @s[tag=aj.attack.bone.left_bicep] run data modify entity @s {} merge value {transformation:[-1.5788933333333333f,-1.6852318211730564e-17f,1.926228785828577e-16f,2.044845625f,0f,1.5728851675190696f,0.13760962118599257f,-2.525009205747755f,-1.9335866668617615e-16f,0.13760962118599257f,-1.5728851675190696f,-0.5551736055766668f,0f,0f,0f,1f],start_interpolation:0}
execute if entity @s[tag=aj.attack.bone.left_shoulder] run data modify entity @s {} merge value {transformation:[-1f,-1.067350013832298e-17f,1.21998664834562e-16f,1.795433125f,0f,0.9961946980917454f,0.08715574274765822f,-2.284285605792434f,-1.2246467991473532e-16f,0.08715574274765822f,-0.9961946980917454f,-0.5341130195374266f,0f,0f,0f,1f],start_interpolation:0}