execute if entity @s[tag=aj.attack.bone.right_thumb_2] run data modify entity @s {} merge value {transformation:[-0.9762960071199334f,0.21643961393810288f,1.223702640847296e-16f,-1.84718375f,0.21627274683968467f,0.975543318280117f,-0.039259815759068645f,-7.075475250609375f,-0.008497379366173985f,-0.038329201365842926f,-0.9992290362407229f,-0.11575970746692041f,0f,0f,0f,1f],start_interpolation:0}
execute if entity @s[tag=aj.attack.bone.right_thumb] run data modify entity @s {} merge value {transformation:[-1f,4.807940770445819e-18f,1.223702640847296e-16f,-1.99476f,0f,0.9992290362407229f,-0.039259815759068645f,-6.789067480987992f,-1.2246467991473532e-16f,-0.039259815759068645f,-0.9992290362407229f,-0.12701269938317258f,0f,0f,0f,1f],start_interpolation:0}
execute if entity @s[tag=aj.attack.bone.right_fingers2] run data modify entity @s {} merge value {transformation:[-0.7933533402912352f,-0.6087614290087205f,1.223702640847296e-16f,-2.114399333847494f,-0.6082920960089091f,0.7927416936175692f,-0.039259815759068645f,-7.9047719316871925f,0.02389986154410962f,-0.031146905971675666f,-0.9992290362407229f,-0.25217309233421126f,0f,0f,0f,1f],start_interpolation:0}
execute if entity @s[tag=aj.attack.bone.right_fingers] run data modify entity @s {} merge value {transformation:[-0.9659258262890683f,-0.25881904510252074f,1.223702640847296e-16f,-2.19156125f,-0.258619504998536f,0.9651811324828496f,-0.039259815759068645f,-7.437476825332021f,0.010161188025662925f,-0.037922069977035004f,-0.9992290362407229f,-0.2786644359807157f,0f,0f,0f,1f],start_interpolation:0}
execute if entity @s[tag=aj.attack.locator_origin.right_hand] at @s on origin run tp @s ^-2 ^-7.46916 ^-0.28363 ~0 ~-2.25
execute if entity @s[tag=aj.attack.bone.right_hand] run data modify entity @s {} merge value {transformation:[-1f,4.807940770445819e-18f,1.223702640847296e-16f,-2.25406125f,0f,0.9992290362407229f,-0.039259815759068645f,-6.734098133842579f,-1.2246467991473532e-16f,-0.039259815759068645f,-0.9992290362407229f,-0.33557282812538825f,0f,0f,0f,1f],start_interpolation:0}
execute if entity @s[tag=aj.attack.bone.right_forearm] run data modify entity @s {} merge value {transformation:[-1.505329166666667f,7.237533473357898e-18f,1.8420752765944596e-16f,-2.2109925f,0f,1.5041686124333842f,-0.05909894574008569f,-4.56465699663357f,-1.8434965456214864e-16f,-0.05909894574008569f,-1.5041686124333842f,-0.4153662052743705f,0f,0f,0f,1f],start_interpolation:0}
execute if entity @s[tag=aj.attack.bone.right_bicep] run data modify entity @s {} merge value {transformation:[-1.5788933333333333f,7.591225629518434e-18f,1.9320959416161898e-16f,-2.107345625f,0f,1.577676063793569f,-0.06198706136988842f,-2.2712979340353696f,-1.9335866668617615e-16f,-0.06198706136988842f,-1.577676063793569f,-0.5652085825838757f,0f,0f,0f,1f],start_interpolation:0}
execute if entity @s[tag=aj.attack.bone.right_shoulder] run data modify entity @s {} merge value {transformation:[-1f,4.807940770445819e-18f,1.223702640847296e-16f,-1.795433125f,0f,0.9992290362407229f,-0.039259815759068645f,-2.0298411071274227f,-1.2246467991473532e-16f,-0.039259815759068645f,-0.9992290362407229f,-0.5746954471508213f,0f,0f,0f,1f],start_interpolation:0}
execute if entity @s[tag=aj.attack.bone.left_thumb_2] run data modify entity @s {} merge value {transformation:[-0.9762960071199334f,-0.21643961393810288f,1.223702640847296e-16f,1.86831875f,-0.21627274683968467f,0.975543318280117f,-0.039259815759068645f,-6.974634344545337f,0.008497379366173745f,-0.03832920136584298f,-0.9992290362407229f,-0.15272058306703432f,0f,0f,0f,1f],start_interpolation:0}
execute if entity @s[tag=aj.attack.bone.left_thumb] run data modify entity @s {} merge value {transformation:[-1f,4.807940770445819e-18f,1.223702640847296e-16f,2.015895f,0f,0.9992290362407229f,-0.039259815759068645f,-6.688226574923954f,-1.2246467991473532e-16f,-0.039259815759068645f,-0.9992290362407229f,-0.16397357498328646f,0f,0f,0f,1f],start_interpolation:0}
execute if entity @s[tag=aj.attack.bone.left_fingers2] run data modify entity @s {} merge value {transformation:[-0.7933533402912352f,0.6087614290087205f,1.223702640847296e-16f,2.135534333847494f,0.6082920960089091f,0.7927416936175692f,-0.039259815759068645f,-7.803931025623155f,-0.023899861544109814f,-0.031146905971675506f,-0.9992290362407229f,-0.28913396793432505f,0f,0f,0f,1f],start_interpolation:0}
execute if entity @s[tag=aj.attack.bone.left_fingers] run data modify entity @s {} merge value {transformation:[-0.9659258262890683f,0.25881904510252074f,1.223702640847296e-16f,2.21269625f,0.258619504998536f,0.9651811324828496f,-0.039259815759068645f,-7.336635919267983f,-0.01016118802566316f,-0.037922069977034935f,-0.9992290362407229f,-0.3156253115808295f,0f,0f,0f,1f],start_interpolation:0}
execute if entity @s[tag=aj.attack.bone.left_hand] run data modify entity @s {} merge value {transformation:[-1f,4.807940770445819e-18f,1.223702640847296e-16f,2.27519625f,0f,0.9992290362407229f,-0.039259815759068645f,-6.633257227778541f,-1.2246467991473532e-16f,-0.039259815759068645f,-0.9992290362407229f,-0.37253370372550204f,0f,0f,0f,1f],start_interpolation:0}
execute if entity @s[tag=aj.attack.bone.left_forearm] run data modify entity @s {} merge value {transformation:[-1.505329166666667f,7.237533473357898e-18f,1.8420752765944596e-16f,2.2321275f,0f,1.5041686124333842f,-0.05909894574008569f,-4.463816090569532f,-1.8434965456214864e-16f,-0.05909894574008569f,-1.5041686124333842f,-0.4523270808744843f,0f,0f,0f,1f],start_interpolation:0}
execute if entity @s[tag=aj.attack.bone.left_bicep] run data modify entity @s {} merge value {transformation:[-1.5788933333333333f,7.591225629518434e-18f,1.9320959416161898e-16f,2.044845625f,0f,1.577676063793569f,-0.06198706136988842f,-2.088242432700382f,-1.9335866668617615e-16f,-0.06198706136988842f,-1.577676063793569f,-0.5246261549704813f,0f,0f,0f,1f],start_interpolation:0}
execute if entity @s[tag=aj.attack.bone.left_shoulder] run data modify entity @s {} merge value {transformation:[-1f,4.807940770445819e-18f,1.223702640847296e-16f,1.795433125f,0f,0.9992290362407229f,-0.039259815759068645f,-1.8467856057924352f,-1.2246467991473532e-16f,-0.039259815759068645f,-0.9992290362407229f,-0.5341130195374268f,0f,0f,0f,1f],start_interpolation:0}