execute if entity @s[tag=aj.attack.bone.right_thumb_2] run data modify entity @s {} merge value {transformation:[-0.9762960071199334f,0.21643961393810288f,1.224019923489678e-16f,-1.84718375f,0.21632882221805033f,0.975796257966157f,0.031992243075412624f,-3.032846676336761f,0.006924388740256133f,0.03123389917333571f,-0.9994881171794908f,-0.47621066995529493f,0f,0f,0f,1f],start_interpolation:0}
execute if entity @s[tag=aj.attack.bone.right_thumb] run data modify entity @s {} merge value {transformation:[-1f,-3.917919807984815e-18f,1.224019923489678e-16f,-1.99476f,0f,0.9994881171794908f,0.031992243075412624f,-2.74636464666975f,-1.2246467991473532e-16f,0.031992243075412624f,-0.9994881171794908f,-0.4670407733128933f,0f,0f,0f,1f],start_interpolation:0}
execute if entity @s[tag=aj.attack.bone.right_fingers2] run data modify entity @s {} merge value {transformation:[-0.7933533402912352f,-0.6087614290087205f,1.224019923489678e-16f,-2.114399333847494f,-0.6084498144914224f,0.7929472363457466f,0.031992243075412624f,-3.85032459122704f,-0.019475643611782632f,0.02538115290728767f,-0.9994881171794908f,-0.6713297502223885f,0f,0f,0f,1f],start_interpolation:0}
execute if entity @s[tag=aj.attack.bone.right_fingers] run data modify entity @s {} merge value {transformation:[-0.9659258262890683f,-0.25881904510252074f,1.224019923489678e-16f,-2.19156125f,-0.2586865600797122f,0.9654313854527048f,0.031992243075412624f,-3.3823293185215624f,-0.008280201803466145f,0.03090213382745863f,-0.9994881171794908f,-0.6644790249312663f,0f,0f,0f,1f],start_interpolation:0}
execute if entity @s[tag=aj.attack.locator_origin.right_hand] at @s on origin run tp @s ^-2 ^-3.41358 ^-0.67169 ~0 ~1.83333
execute if entity @s[tag=aj.attack.bone.right_hand] run data modify entity @s {} merge value {transformation:[-1f,-3.917919807984815e-18f,1.224019923489678e-16f,-2.25406125f,0f,0.9994881171794908f,0.031992243075412624f,-2.6766838339517895f,-1.2246467991473532e-16f,0.031992243075412624f,-0.9994881171794908f,-0.6711572615384334f,0f,0f,0f,1f],start_interpolation:0}
execute if entity @s[tag=aj.attack.bone.right_forearm] run data modify entity @s {} merge value {transformation:[-1.505329166666667f,-5.8977589596206095e-18f,1.8425528914101148e-16f,-2.2109925f,0f,1.504558614527039f,0.048158856608508334f,-0.5070678688090164f,-1.8434965456214864e-16f,0.048158856608508334f,-1.504558614527039f,-0.5962680456982599f,0f,0f,0f,1f],start_interpolation:0}
execute if entity @s[tag=aj.attack.bone.right_bicep] run data modify entity @s {} merge value {transformation:[-1.578893333333333f,-6.185977465361836e-18f,1.932596897065029e-16f,-2.107345625f,0f,1.5780851249605832f,0.05051233931014848f,1.791139460836959f,-1.9335866668617613e-16f,0.05051233931014848f,-1.5780851249605832f,-0.5824261527433239f,0f,0f,0f,1f],start_interpolation:0}
execute if entity @s[tag=aj.attack.bone.right_shoulder] run data modify entity @s {} merge value {transformation:[-1f,-3.917919807984815e-18f,1.224019923489678e-16f,-1.795433125f,0f,0.9994881171794908f,0.031992243075412624f,2.032658892872577f,-1.2246467991473532e-16f,0.031992243075412624f,-0.9994881171794908f,-0.5746954471508215f,0f,0f,0f,1f],start_interpolation:0}
execute if entity @s[tag=aj.attack.bone.left_thumb_2] run data modify entity @s {} merge value {transformation:[-0.9762960071199334f,-0.21643961393810288f,1.224019923489678e-16f,1.86831875f,-0.21632882221805033f,0.975796257966157f,0.031992243075412624f,-2.926275422622556f,-0.006924388740256373f,0.031233899173335654f,-0.9994881171794908f,-0.5188289840135396f,0f,0f,0f,1f],start_interpolation:0}
execute if entity @s[tag=aj.attack.bone.left_thumb] run data modify entity @s {} merge value {transformation:[-1f,-3.917919807984815e-18f,1.224019923489678e-16f,2.015895f,0f,0.9994881171794908f,0.031992243075412624f,-2.6397933929555446f,-1.2246467991473532e-16f,0.031992243075412624f,-0.9994881171794908f,-0.5096590873711379f,0f,0f,0f,1f],start_interpolation:0}
execute if entity @s[tag=aj.attack.bone.left_fingers2] run data modify entity @s {} merge value {transformation:[-0.7933533402912352f,0.6087614290087205f,1.224019923489678e-16f,2.135534333847494f,0.6084498144914224f,0.7929472363457466f,0.031992243075412624f,-3.7437533375128345f,0.019475643611782438f,0.02538115290728782f,-0.9994881171794908f,-0.713948064280633f,0f,0f,0f,1f],start_interpolation:0}
execute if entity @s[tag=aj.attack.bone.left_fingers] run data modify entity @s {} merge value {transformation:[-0.9659258262890683f,0.25881904510252074f,1.224019923489678e-16f,2.21269625f,0.2586865600797122f,0.9654313854527048f,0.031992243075412624f,-3.275758064807357f,0.00828020180346591f,0.030902133827458694f,-0.9994881171794908f,-0.7070973389895108f,0f,0f,0f,1f],start_interpolation:0}
execute if entity @s[tag=aj.attack.bone.left_hand] run data modify entity @s {} merge value {transformation:[-1f,-3.917919807984815e-18f,1.224019923489678e-16f,2.27519625f,0f,0.9994881171794908f,0.031992243075412624f,-2.570112580237584f,-1.2246467991473532e-16f,0.031992243075412624f,-0.9994881171794908f,-0.7137755755966778f,0f,0f,0f,1f],start_interpolation:0}
execute if entity @s[tag=aj.attack.bone.left_forearm] run data modify entity @s {} merge value {transformation:[-1.505329166666667f,-5.8977589596206095e-18f,1.8425528914101148e-16f,2.2321275f,0f,1.504558614527039f,0.048158856608508334f,-0.4004966150948115f,-1.8434965456214864e-16f,0.048158856608508334f,-1.504558614527039f,-0.6388863597565043f,0f,0f,0f,1f],start_interpolation:0}
execute if entity @s[tag=aj.attack.bone.left_bicep] run data modify entity @s {} merge value {transformation:[-1.5788933333333335f,-6.1859774653618374e-18f,1.9325968970650296e-16f,2.044845625f,0f,1.5780851249605836f,0.050512339310148494f,1.9741949621719472f,-1.9335866668617618e-16f,0.050512339310148494f,-1.5780851249605836f,-0.541843725129929f,0f,0f,0f,1f],start_interpolation:0}
execute if entity @s[tag=aj.attack.bone.left_shoulder] run data modify entity @s {} merge value {transformation:[-1f,-3.917919807984815e-18f,1.224019923489678e-16f,1.795433125f,0f,0.9994881171794908f,0.031992243075412624f,2.215714394207565f,-1.2246467991473532e-16f,0.031992243075412624f,-0.9994881171794908f,-0.5341130195374267f,0f,0f,0f,1f],start_interpolation:0}