execute if entity @s[tag=aj.attack.bone.right_thumb_2] run data modify entity @s {} merge value {transformation:[-0.9762960071199334f,0.21643961393810288f,1.2246001683497691e-16f,-1.84718375f,0.21643137258081216f,0.9762588327595204f,-0.008726535498373905f,-3.024637135759059f,-0.0018887679742853178f,-0.008519681763052775f,-0.9999619230641713f,-0.2700599242439254f,0f,0f,0f,1f],start_interpolation:0}
execute if entity @s[tag=aj.attack.bone.right_thumb] run data modify entity @s {} merge value {transformation:[-1f,1.0686923765729332e-18f,1.2246001683497691e-16f,-1.99476f,0f,0.9999619230641713f,-0.008726535498373905f,-2.7380192997035793f,-1.2246467991473532e-16f,-0.008726535498373905f,-0.9999619230641713f,-0.27256120020565494f,0f,0f,0f,1f],start_interpolation:0}
execute if entity @s[tag=aj.attack.bone.right_fingers2] run data modify entity @s {} merge value {transformation:[-0.7933533402912352f,-0.6087614290087205f,1.2246001683497691e-16f,-2.114399333847494f,-0.6087382492388532f,0.7933231318270074f,-0.008726535498373905f,-3.849381163309972f,0.005312378220285329f,-0.00692322608680505f,-0.9999619230641713f,-0.43173517230847613f,0f,0f,0f,1f],start_interpolation:0}
execute if entity @s[tag=aj.attack.bone.right_fingers] run data modify entity @s {} merge value {transformation:[-0.9659258262890683f,-0.25881904510252074f,1.2246001683497691e-16f,-2.19156125f,-0.2588091900663491f,0.9658890467933654f,-0.008726535498373905f,-3.3814950014264684f,0.0022585935847422656f,-0.008429186011907732f,-0.9999619230641713f,-0.44394366237124316f,0f,0f,0f,1f],start_interpolation:0}
execute if entity @s[tag=aj.attack.locator_origin.right_hand] at @s on origin run tp @s ^-2 ^-3.41301 ^-0.44987 ~0 ~-0.5
execute if entity @s[tag=aj.attack.bone.right_hand] run data modify entity @s {} merge value {transformation:[-1f,1.0686923765729332e-18f,1.2246001683497691e-16f,-2.25406125f,0f,0.9999619230641713f,-0.008726535498373905f,-2.6767064745187383f,-1.2246467991473532e-16f,-0.008726535498373905f,-0.9999619230641713f,-0.4793453724587934f,0f,0f,0f,1f],start_interpolation:0}
execute if entity @s[tag=aj.attack.bone.right_forearm] run data modify entity @s {} merge value {transformation:[-1.505329166666667f,1.6087338046495534e-18f,1.8434263509218182e-16f,-2.2109925f,0f,1.5052718483445868f,-0.013136308409654279f,-0.5058404134332142f,-1.8434965456214864e-16f,-0.013136308409654279f,-1.5052718483445868f,-0.49285002641891357f,0f,0f,0f,1f],start_interpolation:0}
execute if entity @s[tag=aj.attack.bone.right_bicep] run data modify entity @s {} merge value {transformation:[-1.578893333333333f,1.68735126875516e-18f,1.9335130418063277e-16f,-2.107345625f,0f,1.5788332139131993f,-0.013778268721479234f,1.7910249689023414f,-1.9335866668617613e-16f,-0.013778268721479234f,-1.5788332139131993f,-0.5725867398425711f,0f,0f,0f,1f],start_interpolation:0}
execute if entity @s[tag=aj.attack.bone.right_shoulder] run data modify entity @s {} merge value {transformation:[-1f,1.0686923765729332e-18f,1.2246001683497691e-16f,-1.795433125f,0f,0.9999619230641713f,-0.008726535498373905f,2.032658892872577f,-1.2246467991473532e-16f,-0.008726535498373905f,-0.9999619230641713f,-0.5746954471508215f,0f,0f,0f,1f],start_interpolation:0}
execute if entity @s[tag=aj.attack.bone.left_thumb_2] run data modify entity @s {} merge value {transformation:[-0.9762960071199334f,-0.21643961393810288f,1.2246001683497691e-16f,1.86831875f,-0.21643137258081216f,0.9762588327595204f,-0.008726535498373905f,-2.9213898268649108f,0.0018887679742850788f,-0.008519681763052827f,-0.9999619230641713f,-0.3094953444405906f,0f,0f,0f,1f],start_interpolation:0}
execute if entity @s[tag=aj.attack.bone.left_thumb] run data modify entity @s {} merge value {transformation:[-1f,1.0686923765729332e-18f,1.2246001683497691e-16f,2.015895f,0f,0.9999619230641713f,-0.008726535498373905f,-2.634771990809431f,-1.2246467991473532e-16f,-0.008726535498373905f,-0.9999619230641713f,-0.3119966204023201f,0f,0f,0f,1f],start_interpolation:0}
execute if entity @s[tag=aj.attack.bone.left_fingers2] run data modify entity @s {} merge value {transformation:[-0.7933533402912352f,0.6087614290087205f,1.2246001683497691e-16f,2.135534333847494f,0.6087382492388532f,0.7933231318270074f,-0.008726535498373905f,-3.746133854415824f,-0.005312378220285524f,-0.006923226086804902f,-0.9999619230641713f,-0.4711705925051414f,0f,0f,0f,1f],start_interpolation:0}
execute if entity @s[tag=aj.attack.bone.left_fingers] run data modify entity @s {} merge value {transformation:[-0.9659258262890683f,0.25881904510252074f,1.2246001683497691e-16f,2.21269625f,0.2588091900663491f,0.9658890467933654f,-0.008726535498373905f,-3.2782476925323203f,-0.0022585935847425024f,-0.00842918601190767f,-0.9999619230641713f,-0.48337908256790835f,0f,0f,0f,1f],start_interpolation:0}
execute if entity @s[tag=aj.attack.bone.left_hand] run data modify entity @s {} merge value {transformation:[-1f,1.0686923765729332e-18f,1.2246001683497691e-16f,2.27519625f,0f,0.9999619230641713f,-0.008726535498373905f,-2.57345916562459f,-1.2246467991473532e-16f,-0.008726535498373905f,-0.9999619230641713f,-0.5187807926554585f,0f,0f,0f,1f],start_interpolation:0}
execute if entity @s[tag=aj.attack.bone.left_forearm] run data modify entity @s {} merge value {transformation:[-1.505329166666667f,1.6087338046495534e-18f,1.8434263509218182e-16f,2.2321275f,0f,1.5052718483445868f,-0.013136308409654279f,-0.40259310453906605f,-1.8434965456214864e-16f,-0.013136308409654279f,-1.5052718483445868f,-0.5322854466155788f,0f,0f,0f,1f],start_interpolation:0}
execute if entity @s[tag=aj.attack.bone.left_bicep] run data modify entity @s {} merge value {transformation:[-1.5788933333333335f,1.6873512687551606e-18f,1.9335130418063285e-16f,2.044845625f,0f,1.5788332139131998f,-0.013778268721479237f,1.9740804702373296f,-1.9335866668617618e-16f,-0.013778268721479237f,-1.5788332139131998f,-0.5320043122291762f,0f,0f,0f,1f],start_interpolation:0}
execute if entity @s[tag=aj.attack.bone.left_shoulder] run data modify entity @s {} merge value {transformation:[-1f,1.0686923765729332e-18f,1.2246001683497691e-16f,1.795433125f,0f,0.9999619230641713f,-0.008726535498373905f,2.215714394207565f,-1.2246467991473532e-16f,-0.008726535498373905f,-0.9999619230641713f,-0.5341130195374267f,0f,0f,0f,1f],start_interpolation:0}