execute if entity @s[tag=aj.attack.bone.right_thumb_2] run data modify entity @s {} merge value {transformation:[-0.9762960071199334f,0.21643961393810288f,1.224566067531752e-16f,-1.84718375f,0.21642534572646382f,0.976231647376361f,0.011482176972022057f,-3.029760437280898f,0.0024851979509933095f,0.011210003530829607f,-0.9999340776331124f,-0.37231845063561514f,0f,0f,0f,1f],start_interpolation:0}
execute if entity @s[tag=aj.attack.bone.right_thumb] run data modify entity @s {} merge value {transformation:[-1f,-1.4061611276030278e-18f,1.224566067531752e-16f,-1.99476f,0f,0.9999340776331124f,0.011482176972022057f,-2.743150582526516f,-1.2246467991473532e-16f,0.011482176972022057f,-0.9999340776331124f,-0.3690273286028457f,0f,0f,0f,1f],start_interpolation:0}
execute if entity @s[tag=aj.attack.bone.right_fingers2] run data modify entity @s {} merge value {transformation:[-0.7933533402912352f,-0.6087614290087205f,1.224566067531752e-16f,-2.114399333847494f,-0.6087212980144504f,0.7933010405612649f,0.011482176972022057f,-3.851068970147235f,-0.006989906461619269f,0.009109423454568725f,-0.9999340776331124f,-0.5506268650713338f,0f,0f,0f,1f],start_interpolation:0}
execute if entity @s[tag=aj.attack.bone.right_fingers] run data modify entity @s {} merge value {transformation:[-0.9659258262890683f,-0.25881904510252074f,1.224566067531752e-16f,-2.19156125f,-0.25880198313847197f,0.9658621501723614f,0.011482176972022057f,-3.3830316434372802f,-0.00297180607959702f,0.011090931279297686f,-0.9999340776331124f,-0.5533779590151624f,0f,0f,0f,1f],start_interpolation:0}
execute if entity @s[tag=aj.attack.locator_origin.right_hand] at @s on origin run tp @s ^-2 ^-3.41442 ^-0.55994 ~0 ~0.65789
execute if entity @s[tag=aj.attack.bone.right_hand] run data modify entity @s {} merge value {transformation:[-1f,-1.4061611276030278e-18f,1.224566067531752e-16f,-2.25406125f,0f,0.9999340776331124f,0.011482176972022057f,-2.677671644685271f,-1.2246467991473532e-16f,0.011482176972022057f,-0.9999340776331124f,-0.5745302850919067f,0f,0f,0f,1f],start_interpolation:0}
execute if entity @s[tag=aj.attack.bone.right_forearm] run data modify entity @s {} merge value {transformation:[-1.505329166666667f,-2.1167353584137268e-18f,1.8433750179658497e-16f,-2.2109925f,0f,1.5052299318050555f,0.017284455892813157f,-0.5069759686766782f,-1.8434965456214864e-16f,0.017284455892813157f,-1.5052299318050555f,-0.5441639713682987f,0f,0f,0f,1f],start_interpolation:0}
execute if entity @s[tag=aj.attack.bone.right_bicep] run data modify entity @s {} merge value {transformation:[-1.578893333333333f,-2.2201784299649027e-18f,1.9334592002520992e-16f,-2.107345625f,0f,1.5787892489477366f,0.018129132673279143f,1.7910316975593195f,-1.9335866668617613e-16f,0.018129132673279143f,-1.5787892489477366f,-0.577470036276144f,0f,0f,0f,1f],start_interpolation:0}
execute if entity @s[tag=aj.attack.bone.right_shoulder] run data modify entity @s {} merge value {transformation:[-1f,-1.4061611276030278e-18f,1.224566067531752e-16f,-1.795433125f,0f,0.9999340776331124f,0.011482176972022057f,2.032658892872577f,-1.2246467991473532e-16f,0.011482176972022057f,-0.9999340776331124f,-0.5746954471508215f,0f,0f,0f,1f],start_interpolation:0}
execute if entity @s[tag=aj.attack.bone.left_thumb_2] run data modify entity @s {} merge value {transformation:[-0.9762960071199334f,-0.21643961393810288f,1.224566067531752e-16f,1.86831875f,-0.21642534572646382f,0.976231647376361f,0.011482176972022057f,-2.92487985517734f,-0.002485197950993549f,0.011210003530829555f,-0.9999340776331124f,-0.41335027148403947f,0f,0f,0f,1f],start_interpolation:0}
execute if entity @s[tag=aj.attack.bone.left_thumb] run data modify entity @s {} merge value {transformation:[-1f,-1.4061611276030278e-18f,1.224566067531752e-16f,2.015895f,0f,0.9999340776331124f,0.011482176972022057f,-2.6382700004229576f,-1.2246467991473532e-16f,0.011482176972022057f,-0.9999340776331124f,-0.41005914945127f,0f,0f,0f,1f],start_interpolation:0}
execute if entity @s[tag=aj.attack.bone.left_fingers2] run data modify entity @s {} merge value {transformation:[-0.7933533402912352f,0.6087614290087205f,1.224566067531752e-16f,2.135534333847494f,0.6087212980144504f,0.7933010405612649f,0.011482176972022057f,-3.7461883880436764f,0.006989906461619073f,0.009109423454568872f,-0.9999340776331124f,-0.5916586859197581f,0f,0f,0f,1f],start_interpolation:0}
execute if entity @s[tag=aj.attack.bone.left_fingers] run data modify entity @s {} merge value {transformation:[-0.9659258262890683f,0.25881904510252074f,1.224566067531752e-16f,2.21269625f,0.25880198313847197f,0.9658621501723614f,0.011482176972022057f,-3.2781510613337215f,0.002971806079596783f,0.011090931279297748f,-0.9999340776331124f,-0.5944097798635866f,0f,0f,0f,1f],start_interpolation:0}
execute if entity @s[tag=aj.attack.bone.left_hand] run data modify entity @s {} merge value {transformation:[-1f,-1.4061611276030278e-18f,1.224566067531752e-16f,2.27519625f,0f,0.9999340776331124f,0.011482176972022057f,-2.5727910625817128f,-1.2246467991473532e-16f,0.011482176972022057f,-0.9999340776331124f,-0.6155621059403309f,0f,0f,0f,1f],start_interpolation:0}
execute if entity @s[tag=aj.attack.bone.left_forearm] run data modify entity @s {} merge value {transformation:[-1.505329166666667f,-2.1167353584137268e-18f,1.8433750179658497e-16f,2.2321275f,0f,1.5052299318050555f,0.017284455892813157f,-0.4020953865731203f,-1.8434965456214864e-16f,0.017284455892813157f,-1.5052299318050555f,-0.5851957922167229f,0f,0f,0f,1f],start_interpolation:0}
execute if entity @s[tag=aj.attack.bone.left_bicep] run data modify entity @s {} merge value {transformation:[-1.5788933333333335f,-2.2201784299649035e-18f,1.9334592002520997e-16f,2.044845625f,0f,1.578789248947737f,0.018129132673279147f,1.9740871988943076f,-1.9335866668617618e-16f,0.018129132673279147f,-1.578789248947737f,-0.5368876086627491f,0f,0f,0f,1f],start_interpolation:0}
execute if entity @s[tag=aj.attack.bone.left_shoulder] run data modify entity @s {} merge value {transformation:[-1f,-1.4061611276030278e-18f,1.224566067531752e-16f,1.795433125f,0f,0.9999340776331124f,0.011482176972022057f,2.215714394207565f,-1.2246467991473532e-16f,0.011482176972022057f,-0.9999340776331124f,-0.5341130195374267f,0f,0f,0f,1f],start_interpolation:0}