execute if entity @s[tag=aj.attack.bone.right_thumb_2] run data modify entity @s {} merge value {transformation:[-0.9762960071199334f,0.2164396139381029f,1.2088396170271259e-16f,-1.84718375f,0.21364591015515638f,0.9636944237094838f,-0.16015143703763873f,-2.770580510322443f,-0.034663115204059035f,-0.15635520851436607f,-0.987092456264751f,0.5259039518809331f,0f,0f,0f,1f],start_interpolation:0}
execute if entity @s[tag=aj.attack.bone.right_thumb] run data modify entity @s {} merge value {transformation:[-1f,1.9612894474699313e-17f,1.2088396170271259e-16f,-1.99476f,0f,0.987092456264751f,-0.16015143703763873f,-2.4876514334488475f,-1.2246467991473532e-16f,-0.16015143703763873f,-0.987092456264751f,0.4799999456721309f,0f,0f,0f,1f],start_interpolation:0}
execute if entity @s[tag=aj.attack.bone.right_fingers2] run data modify entity @s {} merge value {transformation:[-0.7933533402912352f,-0.6087614290087205f,1.2088396170271259e-16f,-2.114399333847494f,-0.6009038142394578f,0.7831130973539202f,-0.16015143703763873f,-3.6102996384991175f,0.097494017668833f,-0.1270566775262522f,-0.987092456264751f,0.4910703102131355f,0f,0f,0f,1f],start_interpolation:0}
execute if entity @s[tag=aj.attack.bone.right_fingers] run data modify entity @s {} merge value {transformation:[-0.9659258262890683f,-0.25881904510252074f,1.2088396170271259e-16f,-2.19156125f,-0.25547832695834455f,0.9534580964412356f,-0.16015143703763873f,-3.1496663911736595f,0.04145024200587801f,-0.15469440915196292f,-0.987092456264751f,0.40810333383040787f,0f,0f,0f,1f],start_interpolation:0}
execute if entity @s[tag=aj.attack.locator_origin.right_hand] at @s on origin run tp @s ^-2 ^-3.18172 ^0.40702 ~0 ~-9.21569
execute if entity @s[tag=aj.attack.bone.right_hand] run data modify entity @s {} merge value {transformation:[-1f,1.9612894474699313e-17f,1.2088396170271259e-16f,-2.25406125f,0f,0.987092456264751f,-0.16015143703763873f,-2.458380925635637f,-1.2246467991473532e-16f,-0.16015143703763873f,-0.987092456264751f,0.26631280567788773f,0f,0f,0f,1f],start_interpolation:0}
execute if entity @s[tag=aj.attack.bone.right_forearm] run data modify entity @s {} merge value {transformation:[-1.505329166666667f,2.9523862095520394e-17f,1.8197015333330964e-16f,-2.2109925f,0f,1.485899064611971f,-0.2410806292563379f,-0.3146294546474344f,-1.8434965456214864e-16f,-0.2410806292563379f,-1.485899064611971f,-0.07599036621433825f,0f,0f,0f,1f],start_interpolation:0}
execute if entity @s[tag=aj.attack.bone.right_bicep] run data modify entity @s {} merge value {transformation:[-1.578893333333333f,3.096666833347291e-17f,1.9086288123933486e-16f,-2.107345625f,0f,1.5585136985800399f,-0.2528620362624808f,1.9436301131670772f,-1.9335866668617613e-16f,-0.2528620362624808f,-1.5585136985800399f,-0.502853637547534f,0f,0f,0f,1f],start_interpolation:0}
execute if entity @s[tag=aj.attack.bone.right_shoulder] run data modify entity @s {} merge value {transformation:[-1f,1.9612894474699313e-17f,1.2088396170271259e-16f,-1.795433125f,0f,0.987092456264751f,-0.16015143703763873f,2.182154218962817f,-1.2246467991473532e-16f,-0.16015143703763873f,-0.987092456264751f,-0.5415531312665496f,0f,0f,0f,1f],start_interpolation:0}
execute if entity @s[tag=aj.attack.bone.left_thumb_2] run data modify entity @s {} merge value {transformation:[-0.9762960071199334f,-0.21643961393810285f,1.2088396170271259e-16f,1.86831875f,-0.21364591015515638f,0.9636944237094838f,-0.16015143703763873f,-2.8280321573014775f,0.0346631152040588f,-0.15635520851436613f,-0.987092456264751f,0.46634367731016435f,0f,0f,0f,1f],start_interpolation:0}
execute if entity @s[tag=aj.attack.bone.left_thumb] run data modify entity @s {} merge value {transformation:[-1f,1.9612894474699313e-17f,1.2088396170271259e-16f,2.015895f,0f,0.987092456264751f,-0.16015143703763873f,-2.5451030804278822f,-1.2246467991473532e-16f,-0.16015143703763873f,-0.987092456264751f,0.42043967110136227f,0f,0f,0f,1f],start_interpolation:0}
execute if entity @s[tag=aj.attack.bone.left_fingers2] run data modify entity @s {} merge value {transformation:[-0.7933533402912352f,0.6087614290087205f,1.2088396170271259e-16f,2.135534333847494f,0.6009038142394578f,0.7831130973539202f,-0.16015143703763873f,-3.667751285478152f,-0.0974940176688332f,-0.12705667752625208f,-0.987092456264751f,0.4315100356423669f,0f,0f,0f,1f],start_interpolation:0}
execute if entity @s[tag=aj.attack.bone.left_fingers] run data modify entity @s {} merge value {transformation:[-0.9659258262890683f,0.25881904510252074f,1.2088396170271259e-16f,2.21269625f,0.25547832695834455f,0.9534580964412356f,-0.16015143703763873f,-3.2071180381526943f,-0.04145024200587825f,-0.15469440915196286f,-0.987092456264751f,0.3485430592596393f,0f,0f,0f,1f],start_interpolation:0}
execute if entity @s[tag=aj.attack.bone.left_hand] run data modify entity @s {} merge value {transformation:[-1f,1.9612894474699313e-17f,1.2088396170271259e-16f,2.27519625f,0f,0.987092456264751f,-0.16015143703763873f,-2.5158325726146717f,-1.2246467991473532e-16f,-0.16015143703763873f,-0.987092456264751f,0.20675253110711922f,0f,0f,0f,1f],start_interpolation:0}
execute if entity @s[tag=aj.attack.bone.left_forearm] run data modify entity @s {} merge value {transformation:[-1.505329166666667f,2.9523862095520394e-17f,1.8197015333330964e-16f,2.2321275f,0f,1.485899064611971f,-0.2410806292563379f,-0.37208110162646957f,-1.8434965456214864e-16f,-0.2410806292563379f,-1.485899064611971f,-0.1355506407851067f,0f,0f,0f,1f],start_interpolation:0}
execute if entity @s[tag=aj.attack.bone.left_bicep] run data modify entity @s {} merge value {transformation:[-1.5788933333333335f,3.0966668333472915e-17f,1.908628812393349e-16f,2.044845625f,0f,1.5585136985800403f,-0.2528620362624809f,1.9771902884118253f,-1.9335866668617618e-16f,-0.2528620362624809f,-1.5585136985800403f,-0.495413525818411f,0f,0f,0f,1f],start_interpolation:0}
execute if entity @s[tag=aj.attack.bone.left_shoulder] run data modify entity @s {} merge value {transformation:[-1f,1.9612894474699313e-17f,1.2088396170271259e-16f,1.795433125f,0f,0.987092456264751f,-0.16015143703763873f,2.215714394207565f,-1.2246467991473532e-16f,-0.16015143703763873f,-0.987092456264751f,-0.5341130195374267f,0f,0f,0f,1f],start_interpolation:0}