execute if entity @s[tag=aj.attack.bone.right_thumb_2] run data modify entity @s {} merge value {transformation:[-0.9762960071199334f,0.21643961393810288f,1.2221001612663403e-16f,-1.84718375f,0.21598953043632071f,0.9742658116410865f,-0.06445658235768287f,-7.5038194305401635f,-0.013950957801266532f,-0.06292870398840289f,-0.9979205123609632f,-0.050980959501632395f,0f,0f,0f,1f],start_interpolation:0}
execute if entity @s[tag=aj.attack.bone.right_thumb] run data modify entity @s {} merge value {transformation:[-1f,7.893654726831405e-18f,1.2221001612663403e-16f,-1.99476f,0f,0.9979205123609632f,-0.06445658235768287f,-7.217786721482781f,-1.2246467991473532e-16f,-0.06445658235768287f,-0.9979205123609632f,-0.0694560691320871f,0f,0f,0f,1f],start_interpolation:0}
execute if entity @s[tag=aj.attack.bone.right_fingers2] run data modify entity @s {} merge value {transformation:[-0.7933533402912352f,-0.6087614290087205f,1.2221001612663403e-16f,-2.1143993338474933f,-0.6074955171419746f,0.791703571826711f,-0.06445658235768287f,-8.33629368509367f,0.03923868118508121f,-0.05113684491722488f,-0.9979205123609632f,-0.16642883658570304f,0f,0f,0f,1f],start_interpolation:0}
execute if entity @s[tag=aj.attack.bone.right_fingers] run data modify entity @s {} merge value {transformation:[-0.9659258262890683f,-0.25881904510252074f,1.2221001612663403e-16f,-2.19156125f,-0.25828083409748276f,0.9639171954730739f,-0.06445658235768287f,-7.869815658777998f,0.016682591096387346f,-0.06226027757361424f,-0.9979205123609632f,-0.2047010024027042f,0f,0f,0f,1f],start_interpolation:0}
execute if entity @s[tag=aj.attack.locator_origin.right_hand] at @s on origin run tp @s ^-2 ^-7.90162 ^-0.20886 ~0 ~-3.69565
execute if entity @s[tag=aj.attack.bone.right_hand] run data modify entity @s {} merge value {transformation:[-1f,7.893654726831405e-18f,1.2221001612663403e-16f,-2.25406125f,0f,0.9979205123609632f,-0.06445658235768287f,-7.168096574461296f,-1.2246467991473532e-16f,-0.06445658235768287f,-0.9979205123609632f,-0.2793366201975578f,0f,0f,0f,1f],start_interpolation:0}
execute if entity @s[tag=aj.attack.bone.right_forearm] run data modify entity @s {} merge value {transformation:[-1.5053291666666664f,1.188254869189551e-17f,1.8396630173422586e-16f,-2.2109925f,0f,1.5021988532719015f,-0.0970283734066721f,-5.001359042968215f,-1.8434965456214856e-16f,-0.0970283734066721f,-1.5021988532719015f,-0.4138368078213358f,0f,0f,0f,1f],start_interpolation:0}
execute if entity @s[tag=aj.attack.bone.right_bicep] run data modify entity @s {} merge value {transformation:[-1.5788933333333333f,1.2463238823829259e-17f,1.9295657972890162e-16f,-2.107345625f,0f,1.575610044163309f,-0.10177006817399642f,-2.712510274633282f,-1.9335866668617615e-16f,-0.10177006817399642f,-1.575610044163309f,-0.6214899891856512f,0f,0f,0f,1f],start_interpolation:0}
execute if entity @s[tag=aj.attack.bone.right_shoulder] run data modify entity @s {} merge value {transformation:[-1f,7.893654726831405e-18f,1.2221001612663403e-16f,-1.795433125f,0f,0.9979205123609632f,-0.06445658235768287f,-2.4673411071274223f,-1.2246467991473532e-16f,-0.06445658235768287f,-0.9979205123609632f,-0.5746954471508213f,0f,0f,0f,1f],start_interpolation:0}
execute if entity @s[tag=aj.attack.bone.left_thumb_2] run data modify entity @s {} merge value {transformation:[-0.9762960071199334f,-0.21643961393810288f,1.2221001612663403e-16f,1.86831875f,-0.21598953043632071f,0.9742658116410865f,-0.06445658235768287f,-7.400880137371912f,0.013950957801266293f,-0.06292870398840295f,-0.9979205123609632f,-0.023472953015474796f,0f,0f,0f,1f],start_interpolation:0}
execute if entity @s[tag=aj.attack.bone.left_thumb] run data modify entity @s {} merge value {transformation:[-1f,7.893654726831405e-18f,1.2221001612663403e-16f,2.015895f,0f,0.9979205123609632f,-0.06445658235768287f,-7.11484742831453f,-1.2246467991473532e-16f,-0.06445658235768287f,-0.9979205123609632f,-0.04194806264592946f,0f,0f,0f,1f],start_interpolation:0}
execute if entity @s[tag=aj.attack.bone.left_fingers2] run data modify entity @s {} merge value {transformation:[-0.7933533402912352f,0.6087614290087205f,1.2221001612663403e-16f,2.1355343338474935f,0.6074955171419746f,0.791703571826711f,-0.06445658235768287f,-8.233354391925419f,-0.039238681185081406f,-0.05113684491722473f,-0.9979205123609632f,-0.13892083009954537f,0f,0f,0f,1f],start_interpolation:0}
execute if entity @s[tag=aj.attack.bone.left_fingers] run data modify entity @s {} merge value {transformation:[-0.9659258262890683f,0.25881904510252074f,1.2221001612663403e-16f,2.21269625f,0.25828083409748276f,0.9639171954730739f,-0.06445658235768287f,-7.766876365609747f,-0.016682591096387582f,-0.06226027757361417f,-0.9979205123609632f,-0.17719299591654647f,0f,0f,0f,1f],start_interpolation:0}
execute if entity @s[tag=aj.attack.bone.left_hand] run data modify entity @s {} merge value {transformation:[-1f,7.893654726831405e-18f,1.2221001612663403e-16f,2.27519625f,0f,0.9979205123609632f,-0.06445658235768287f,-7.065157281293044f,-1.2246467991473532e-16f,-0.06445658235768287f,-0.9979205123609632f,-0.2518286137114001f,0f,0f,0f,1f],start_interpolation:0}
execute if entity @s[tag=aj.attack.bone.left_forearm] run data modify entity @s {} merge value {transformation:[-1.505329166666667f,1.1882548691895517e-17f,1.8396630173422593e-16f,2.2321275f,0f,1.5021988532719022f,-0.09702837340667214f,-4.898419749799963f,-1.8434965456214864e-16f,-0.09702837340667214f,-1.5021988532719022f,-0.38632880133517816f,0f,0f,0f,1f],start_interpolation:0}
execute if entity @s[tag=aj.attack.bone.left_bicep] run data modify entity @s {} merge value {transformation:[-1.5788933333333333f,1.2463238823829259e-17f,1.9295657972890162e-16f,2.044845625f,0f,1.575610044163309f,-0.10177006817399642f,-2.5254262369009384f,-1.9335866668617615e-16f,-0.10177006817399642f,-1.575610044163309f,-0.5185375295496962f,0f,0f,0f,1f],start_interpolation:0}
execute if entity @s[tag=aj.attack.bone.left_shoulder] run data modify entity @s {} merge value {transformation:[-1f,7.893654726831405e-18f,1.2221001612663403e-16f,1.795433125f,0f,0.9979205123609632f,-0.06445658235768287f,-2.284285605792434f,-1.2246467991473532e-16f,-0.06445658235768287f,-0.9979205123609632f,-0.5341130195374266f,0f,0f,0f,1f],start_interpolation:0}