execute if entity @s[tag=aj.attack.bone.right_thumb_2] run data modify entity @s {} merge value {transformation:[-0.9762960071199334f,0.21643961393810288f,1.2227768502479884e-16f,-1.84718375f,0.2161091259817841f,0.9748052722850084f,-0.055240626288448474f,-3.004987384422161f,-0.011956259827570924f,-0.053931202876216645f,-0.9984730708473113f,-0.035097533989052465f,0f,0f,0f,1f],start_interpolation:0}
execute if entity @s[tag=aj.attack.bone.right_thumb] run data modify entity @s {} merge value {transformation:[-1f,6.76502561670435e-18f,1.2227768502479884e-16f,-1.99476f,0f,0.9984730708473113f,-0.055240626288448474f,-2.7187962962165346f,-1.2246467991473532e-16f,-0.055240626288448474f,-0.9984730708473113f,-0.05093108565132762f,0f,0f,0f,1f],start_interpolation:0}
execute if entity @s[tag=aj.attack.bone.right_fingers2] run data modify entity @s {} merge value {transformation:[-0.7933533402912352f,-0.6087614290087205f,1.2227768502479884e-16f,-2.114399333847494f,-0.6078318934357347f,0.7921419459475616f,-0.055240626288448474f,-3.8363602974078708f,0.03362836259869249f,-0.04382533538572049f,-0.9984730708473113f,-0.1582262323955997f,0f,0f,0f,1f],start_interpolation:0}
execute if entity @s[tag=aj.attack.bone.right_fingers] run data modify entity @s {} merge value {transformation:[-0.9659258262890683f,-0.25881904510252074f,1.2227768502479884e-16f,-2.19156125f,-0.25842384675728264f,0.9644509259855726f,-0.055240626288448474f,-3.3695488079555656f,0.014297326146841321f,-0.05335834759239526f,-0.9984730708473113f,-0.19219005177753945f,0f,0f,0f,1f],start_interpolation:0}
execute if entity @s[tag=aj.attack.locator_origin.right_hand] at @s on origin run tp @s ^-2 ^-3.40131 ^-0.19665 ~0 ~-3.16667
execute if entity @s[tag=aj.attack.bone.right_hand] run data modify entity @s {} merge value {transformation:[-1f,6.76502561670435e-18f,1.2227768502479884e-16f,-2.25406125f,0f,0.9984730708473113f,-0.055240626288448474f,-2.6671705641665193f,-1.2246467991473532e-16f,-0.055240626288448474f,-0.9984730708473113f,-0.2603439320024111f,0f,0f,0f,1f],start_interpolation:0}
execute if entity @s[tag=aj.attack.bone.right_forearm] run data modify entity @s {} merge value {transformation:[-1.505329166666667f,1.0183590374072215e-17f,1.8406816570030963e-16f,-2.2109925f,0f,1.503030635677691f,-0.08315532593693492f,-0.4992836175657436f,-1.8434965456214864e-16f,-0.08315532593693492f,-1.503030635677691f,-0.37483418315737743f,0f,0f,0f,1f],start_interpolation:0}
execute if entity @s[tag=aj.attack.bone.right_bicep] run data modify entity @s {} merge value {transformation:[-1.578893333333333f,1.0681253846043719e-17f,1.9306342170108802e-16f,-2.107345625f,0f,1.5764824750736806f,-0.08721905657598936f,1.7913847398046867f,-1.9335866668617613e-16f,-0.08721905657598936f,-1.5764824750736806f,-0.5613469295875237f,0f,0f,0f,1f],start_interpolation:0}
execute if entity @s[tag=aj.attack.bone.right_shoulder] run data modify entity @s {} merge value {transformation:[-1f,6.76502561670435e-18f,1.2227768502479884e-16f,-1.795433125f,0f,0.9984730708473113f,-0.055240626288448474f,2.032658892872577f,-1.2246467991473532e-16f,-0.055240626288448474f,-0.9984730708473113f,-0.5746954471508215f,0f,0f,0f,1f],start_interpolation:0}
execute if entity @s[tag=aj.attack.bone.left_thumb_2] run data modify entity @s {} merge value {transformation:[-0.9762960071199334f,-0.21643961393810288f,1.2227768502479884e-16f,1.86831875f,-0.2161091259817841f,0.9748052722850084f,-0.055240626288448474f,-2.905376507492081f,0.011956259827570684f,-0.0539312028762167f,-0.9984730708473113f,-0.0707332026963608f,0f,0f,0f,1f],start_interpolation:0}
execute if entity @s[tag=aj.attack.bone.left_thumb] run data modify entity @s {} merge value {transformation:[-1f,6.76502561670435e-18f,1.2227768502479884e-16f,2.015895f,0f,0.9984730708473113f,-0.055240626288448474f,-2.6191854192864548f,-1.2246467991473532e-16f,-0.055240626288448474f,-0.9984730708473113f,-0.08656675435863592f,0f,0f,0f,1f],start_interpolation:0}
execute if entity @s[tag=aj.attack.bone.left_fingers2] run data modify entity @s {} merge value {transformation:[-0.7933533402912352f,0.6087614290087205f,1.2227768502479884e-16f,2.135534333847494f,0.6078318934357347f,0.7921419459475616f,-0.055240626288448474f,-3.736749420477791f,-0.03362836259869269f,-0.04382533538572034f,-0.9984730708473113f,-0.19386190110290796f,0f,0f,0f,1f],start_interpolation:0}
execute if entity @s[tag=aj.attack.bone.left_fingers] run data modify entity @s {} merge value {transformation:[-0.9659258262890683f,0.25881904510252074f,1.2227768502479884e-16f,2.21269625f,0.25842384675728264f,0.9644509259855726f,-0.055240626288448474f,-3.2699379310254857f,-0.014297326146841557f,-0.05335834759239519f,-0.9984730708473113f,-0.22782572048484767f,0f,0f,0f,1f],start_interpolation:0}
execute if entity @s[tag=aj.attack.bone.left_hand] run data modify entity @s {} merge value {transformation:[-1f,6.76502561670435e-18f,1.2227768502479884e-16f,2.27519625f,0f,0.9984730708473113f,-0.055240626288448474f,-2.5675596872364395f,-1.2246467991473532e-16f,-0.055240626288448474f,-0.9984730708473113f,-0.29597960070971935f,0f,0f,0f,1f],start_interpolation:0}
execute if entity @s[tag=aj.attack.bone.left_forearm] run data modify entity @s {} merge value {transformation:[-1.505329166666667f,1.0183590374072215e-17f,1.8406816570030963e-16f,2.2321275f,0f,1.503030635677691f,-0.08315532593693492f,-0.39967274063566416f,-1.8434965456214864e-16f,-0.08315532593693492f,-1.503030635677691f,-0.4104698518646856f,0f,0f,0f,1f],start_interpolation:0}
execute if entity @s[tag=aj.attack.bone.left_bicep] run data modify entity @s {} merge value {transformation:[-1.5788933333333335f,1.068125384604372e-17f,1.9306342170108807e-16f,2.044845625f,0f,1.576482475073681f,-0.08721905657598938f,1.9744402411396749f,-1.9335866668617618e-16f,-0.08721905657598938f,-1.576482475073681f,-0.5207645019741289f,0f,0f,0f,1f],start_interpolation:0}
execute if entity @s[tag=aj.attack.bone.left_shoulder] run data modify entity @s {} merge value {transformation:[-1f,6.76502561670435e-18f,1.2227768502479884e-16f,1.795433125f,0f,0.9984730708473113f,-0.055240626288448474f,2.215714394207565f,-1.2246467991473532e-16f,-0.055240626288448474f,-0.9984730708473113f,-0.5341130195374267f,0f,0f,0f,1f],start_interpolation:0}