execute if entity @s[tag=aj.attack.bone.right_thumb_2] run data modify entity @s {} merge value {transformation:[-0.9762960071199334f,0.21643961393810288f,1.2244996671075561e-16f,-1.84718375f,0.21641361035738574f,0.9761787125472668f,0.015500658748646812f,-3.030532876024309f,0.003354956595343273f,0.01513323124403257f,-0.9998798575720774f,-0.39266513537583747f,0f,0f,0f,1f],start_interpolation:0}
execute if entity @s[tag=aj.attack.bone.right_thumb] run data modify entity @s {} merge value {transformation:[-1f,-1.8982832121205736e-18f,1.2244996671075561e-16f,-1.99476f,0f,0.9998798575720774f,0.015500658748646812f,-2.743938562298246f,-1.2246467991473532e-16f,0.015500658748646812f,-0.9998798575720774f,-0.3882222009345363f,0f,0f,0f,1f],start_interpolation:0}
execute if entity @s[tag=aj.attack.bone.right_fingers2] run data modify entity @s {} merge value {transformation:[-0.7933533402912352f,-0.6087614290087205f,1.2244996671075561e-16f,-2.114399333847494f,-0.6086882909326139f,0.7932580248947321f,0.015500658748646812f,-3.851118183470709f,-0.009436203170402856f,0.012297499394953433f,-0.9998798575720774f,-0.5742728169885158f,0f,0f,0f,1f],start_interpolation:0}
execute if entity @s[tag=aj.attack.bone.right_fingers] run data modify entity @s {} merge value {transformation:[-0.9659258262890683f,-0.25881904510252074f,1.2244996671075561e-16f,-2.19156125f,-0.2587879499540495f,0.9658097776151048f,0.015500658748646812f,-3.383073580223094f,-0.00401186569578492f,0.014972486609811516f,-0.9998798575720774f,-0.5751429218509395f,0f,0f,0f,1f],start_interpolation:0}
execute if entity @s[tag=aj.attack.locator_origin.right_hand] at @s on origin run tp @s ^-2 ^-3.41444 ^-0.58183 ~0 ~0.88816
execute if entity @s[tag=aj.attack.bone.right_hand] run data modify entity @s {} merge value {transformation:[-1f,-1.8982832121205736e-18f,1.2244996671075561e-16f,-2.25406125f,0f,0.9998798575720774f,0.015500658748646812f,-2.67763426985144f,-1.2246467991473532e-16f,0.015500658748646812f,-0.9998798575720774f,-0.5934603485331027f,0f,0f,0f,1f],start_interpolation:0}
execute if entity @s[tag=aj.attack.bone.right_forearm] run data modify entity @s {} merge value {transformation:[-1.505329166666667f,-2.857541085798787e-18f,1.8432750634706286e-16f,-2.2109925f,0f,1.505148312765761f,0.023333593716884888f,-0.5070781607819876f,-1.8434965456214864e-16f,0.023333593716884888f,-1.505148312765761f,-0.5543706026546498f,0f,0f,0f,1f],start_interpolation:0}
execute if entity @s[tag=aj.attack.bone.right_bicep] run data modify entity @s {} merge value {transformation:[-1.578893333333333f,-2.997186708395759e-18f,1.933354361065006e-16f,-2.107345625f,0f,1.5787036412548356f,0.024473886760513455f,1.7910447994643057f,-1.9335866668617613e-16f,0.024473886760513455f,-1.5787036412548356f,-0.5784410747704032f,0f,0f,0f,1f],start_interpolation:0}
execute if entity @s[tag=aj.attack.bone.right_shoulder] run data modify entity @s {} merge value {transformation:[-1f,-1.8982832121205736e-18f,1.2244996671075561e-16f,-1.795433125f,0f,0.9998798575720774f,0.015500658748646812f,2.032658892872577f,-1.2246467991473532e-16f,0.015500658748646812f,-0.9998798575720774f,-0.5746954471508215f,0f,0f,0f,1f],start_interpolation:0}
execute if entity @s[tag=aj.attack.bone.left_thumb_2] run data modify entity @s {} merge value {transformation:[-0.9762960071199334f,-0.21643961393810288f,1.2244996671075561e-16f,1.86831875f,-0.21641361035738574f,0.9761787125472668f,0.015500658748646812f,-2.9253236680538666f,-0.0033549565953435124f,0.015133231244032519f,-0.9998798575720774f,-0.4340104695909538f,0f,0f,0f,1f],start_interpolation:0}
execute if entity @s[tag=aj.attack.bone.left_thumb] run data modify entity @s {} merge value {transformation:[-1f,-1.8982832121205736e-18f,1.2244996671075561e-16f,2.015895f,0f,0.9998798575720774f,0.015500658748646812f,-2.6387293543278036f,-1.2246467991473532e-16f,0.015500658748646812f,-0.9998798575720774f,-0.42956753514965257f,0f,0f,0f,1f],start_interpolation:0}
execute if entity @s[tag=aj.attack.bone.left_fingers2] run data modify entity @s {} merge value {transformation:[-0.7933533402912352f,0.6087614290087205f,1.2244996671075561e-16f,2.135534333847494f,0.6086882909326139f,0.7932580248947321f,0.015500658748646812f,-3.7459089755002664f,0.009436203170402663f,0.01229749939495358f,-0.9998798575720774f,-0.6156181512036322f,0f,0f,0f,1f],start_interpolation:0}
execute if entity @s[tag=aj.attack.bone.left_fingers] run data modify entity @s {} merge value {transformation:[-0.9659258262890683f,0.25881904510252074f,1.2244996671075561e-16f,2.21269625f,0.2587879499540495f,0.9658097776151048f,0.015500658748646812f,-3.2778643722526515f,0.004011865695784684f,0.014972486609811578f,-0.9998798575720774f,-0.6164882560660558f,0f,0f,0f,1f],start_interpolation:0}
execute if entity @s[tag=aj.attack.bone.left_hand] run data modify entity @s {} merge value {transformation:[-1f,-1.8982832121205736e-18f,1.2244996671075561e-16f,2.27519625f,0f,0.9998798575720774f,0.015500658748646812f,-2.5724250618809976f,-1.2246467991473532e-16f,0.015500658748646812f,-0.9998798575720774f,-0.6348056827482189f,0f,0f,0f,1f],start_interpolation:0}
execute if entity @s[tag=aj.attack.bone.left_forearm] run data modify entity @s {} merge value {transformation:[-1.505329166666667f,-2.857541085798787e-18f,1.8432750634706286e-16f,2.2321275f,0f,1.505148312765761f,0.023333593716884888f,-0.40186895281154555f,-1.8434965456214864e-16f,0.023333593716884888f,-1.505148312765761f,-0.595715936869766f,0f,0f,0f,1f],start_interpolation:0}
execute if entity @s[tag=aj.attack.bone.left_bicep] run data modify entity @s {} merge value {transformation:[-1.5788933333333335f,-2.9971867083957598e-18f,1.9333543610650064e-16f,2.044845625f,0f,1.578703641254836f,0.02447388676051346f,1.9741003007992939f,-1.9335866668617618e-16f,0.02447388676051346f,-1.578703641254836f,-0.5378586471570083f,0f,0f,0f,1f],start_interpolation:0}
execute if entity @s[tag=aj.attack.bone.left_shoulder] run data modify entity @s {} merge value {transformation:[-1f,-1.8982832121205736e-18f,1.2244996671075561e-16f,1.795433125f,0f,0.9998798575720774f,0.015500658748646812f,2.215714394207565f,-1.2246467991473532e-16f,0.015500658748646812f,-0.9998798575720774f,-0.5341130195374267f,0f,0f,0f,1f],start_interpolation:0}