execute if entity @s[tag=aj.attack.bone.right_thumb_2] run data modify entity @s {} merge value {transformation:[-0.9762960071199334f,0.21643961393810285f,1.21324037277366e-16f,-1.84718375f,0.21442368369400763f,0.9672027334251034f,0.1361666490962466f,-7.5069358920432325f,0.02947185696163662f,0.13293895581556667f,-0.9906859460363306f,-1.0675191180813473f,0f,0f,0f,1f],start_interpolation:0}
execute if entity @s[tag=aj.attack.bone.right_thumb] run data modify entity @s {} merge value {transformation:[-1f,-1.6675605096633923e-17f,1.21324037277366e-16f,-1.99476f,0f,0.9906859460363306f,0.1361666490962466f,-7.222976817688272f,-1.2246467991473532e-16f,0.1361666490962466f,-0.9906859460363306f,-1.0284898416592014f,0f,0f,0f,1f],start_interpolation:0}
execute if entity @s[tag=aj.attack.bone.right_fingers2] run data modify entity @s {} merge value {transformation:[-0.7933533402912352f,-0.6087614290087205f,1.21324037277366e-16f,-2.1143993338474933f,-0.6030913922079328f,0.7859640044675054f,0.1361666490962466f,-8.299575422657314f,-0.08289300388716017f,0.10802826589677167f,-0.9906859460363306f,-1.3469187804389178f,0f,0f,0f,1f],start_interpolation:0}
execute if entity @s[tag=aj.attack.bone.right_fingers] run data modify entity @s {} merge value {transformation:[-0.9659258262890683f,-0.25881904510252074f,1.21324037277366e-16f,-2.19156125f,-0.2564083905496105f,0.95692914101811f,0.1361666490962466f,-7.834852927922885f,-0.03524252209390068f,0.13152688304130558f,-0.9906859460363306f,-1.2912455319303409f,0f,0f,0f,1f],start_interpolation:0}
execute if entity @s[tag=aj.attack.locator_origin.right_hand] at @s on origin run tp @s ^-2 ^-7.86518 ^-1.30168 ~0 ~7.82609
execute if entity @s[tag=aj.attack.bone.right_hand] run data modify entity @s {} merge value {transformation:[-1f,-1.6675605096633923e-17f,1.21324037277366e-16f,-2.25406125f,0f,0.9906859460363306f,0.1361666490962466f,-7.132366494286268f,-1.2246467991473532e-16f,0.1361666490962466f,-0.9906859460363306f,-1.2242159914694573f,0f,0f,0f,1f],start_interpolation:0}
execute if entity @s[tag=aj.attack.bone.right_forearm] run data modify entity @s {} merge value {transformation:[-1.5053291666666664f,-2.5102274723778358e-17f,1.8263261193137293e-16f,-2.2109925f,0f,1.4913084495752476f,0.20497562841184527f,-4.9824258822496486f,-1.8434965456214856e-16f,0.20497562841184527f,-1.4913084495752476f,-0.9232223111916666f,0f,0f,0f,1f],start_interpolation:0}
execute if entity @s[tag=aj.attack.bone.right_bicep] run data modify entity @s {} merge value {transformation:[-1.5788933333333333f,-2.6329001716374655e-17f,1.9155771363031799e-16f,-2.107345625f,0f,1.5641874356237888f,0.2149926144804031f,-2.698223139452707f,-1.9335866668617615e-16f,0.2149926144804031f,-1.5641874356237888f,-0.6695170533864875f,0f,0f,0f,1f],start_interpolation:0}
execute if entity @s[tag=aj.attack.bone.right_shoulder] run data modify entity @s {} merge value {transformation:[-1f,-1.6675605096633923e-17f,1.21324037277366e-16f,-1.795433125f,0f,0.9906859460363306f,0.1361666490962466f,-2.4673411071274223f,-1.2246467991473532e-16f,0.1361666490962466f,-0.9906859460363306f,-0.5746954471508213f,0f,0f,0f,1f],start_interpolation:0}
execute if entity @s[tag=aj.attack.bone.left_thumb_2] run data modify entity @s {} merge value {transformation:[-0.9762960071199334f,-0.2164396139381029f,1.21324037277366e-16f,1.86831875f,-0.21442368369400763f,0.9672027334251034f,0.1361666490962466f,-7.399770695117243f,-0.029471856961636855f,0.1329389558155666f,-0.9906859460363306f,-1.0557500379919325f,0f,0f,0f,1f],start_interpolation:0}
execute if entity @s[tag=aj.attack.bone.left_thumb] run data modify entity @s {} merge value {transformation:[-1f,-1.6675605096633923e-17f,1.21324037277366e-16f,2.015895f,0f,0.9906859460363306f,0.1361666490962466f,-7.115811620762282f,-1.2246467991473532e-16f,0.1361666490962466f,-0.9906859460363306f,-1.0167207615697866f,0f,0f,0f,1f],start_interpolation:0}
execute if entity @s[tag=aj.attack.bone.left_fingers2] run data modify entity @s {} merge value {transformation:[-0.7933533402912352f,0.6087614290087205f,1.21324037277366e-16f,2.1355343338474935f,0.6030913922079328f,0.7859640044675054f,0.1361666490962466f,-8.192410225731324f,0.08289300388715999f,0.10802826589677181f,-0.9906859460363306f,-1.335149700349503f,0f,0f,0f,1f],start_interpolation:0}
execute if entity @s[tag=aj.attack.bone.left_fingers] run data modify entity @s {} merge value {transformation:[-0.9659258262890683f,0.25881904510252074f,1.21324037277366e-16f,2.21269625f,0.2564083905496105f,0.95692914101811f,0.1361666490962466f,-7.7276877309968945f,0.03524252209390044f,0.13152688304130564f,-0.9906859460363306f,-1.279476451840926f,0f,0f,0f,1f],start_interpolation:0}
execute if entity @s[tag=aj.attack.bone.left_hand] run data modify entity @s {} merge value {transformation:[-1f,-1.6675605096633923e-17f,1.21324037277366e-16f,2.27519625f,0f,0.9906859460363306f,0.1361666490962466f,-7.025201297360278f,-1.2246467991473532e-16f,0.1361666490962466f,-0.9906859460363306f,-1.2124469113800425f,0f,0f,0f,1f],start_interpolation:0}
execute if entity @s[tag=aj.attack.bone.left_forearm] run data modify entity @s {} merge value {transformation:[-1.505329166666667f,-2.510227472377837e-17f,1.82632611931373e-16f,2.2321275f,0f,1.4913084495752482f,0.20497562841184536f,-4.875260685323658f,-1.8434965456214864e-16f,0.20497562841184536f,-1.4913084495752482f,-0.9114532311022516f,0f,0f,0f,1f],start_interpolation:0}
execute if entity @s[tag=aj.attack.bone.left_bicep] run data modify entity @s {} merge value {transformation:[-1.5788933333333333f,-2.6329001716374655e-17f,1.9155771363031799e-16f,2.044845625f,0f,1.5641874356237888f,0.2149926144804031f,-2.5236780536862344f,-1.9335866668617615e-16f,0.2149926144804031f,-1.5641874356237888f,-0.5670167541458221f,0f,0f,0f,1f],start_interpolation:0}
execute if entity @s[tag=aj.attack.bone.left_shoulder] run data modify entity @s {} merge value {transformation:[-1f,-1.6675605096633923e-17f,1.21324037277366e-16f,1.795433125f,0f,0.9906859460363306f,0.1361666490962466f,-2.284285605792434f,-1.2246467991473532e-16f,0.1361666490962466f,-0.9906859460363306f,-0.5341130195374266f,0f,0f,0f,1f],start_interpolation:0}