execute if entity @s[tag=aj.attack.bone.right_thumb_2] run data modify entity @s {} merge value {transformation:[-0.9762960071199334f,0.21643961393810288f,1.2239328574541136e-16f,-1.84718375f,0.21631343448410303f,0.9757268483837889f,-0.03414111018596788f,-7.517393613039705f,-0.00738948870806924f,-0.0333318295532021f,-0.999417022366174f,-0.2040737339321301f,0f,0f,0f,1f],start_interpolation:0}
execute if entity @s[tag=aj.attack.bone.right_thumb] run data modify entity @s {} merge value {transformation:[-1f,4.181080130858263e-18f,1.2239328574541136e-16f,-1.99476f,0f,0.999417022366174f,-0.03414111018596788f,-7.230931961190167f,-1.2246467991473532e-16f,-0.03414111018596788f,-0.999417022366174f,-0.21385955766834636f,0f,0f,0f,1f],start_interpolation:0}
execute if entity @s[tag=aj.attack.bone.right_fingers2] run data modify entity @s {} merge value {transformation:[-0.7933533402912352f,-0.6087614290087205f,1.2239328574541136e-16f,-2.1143993338474933f,-0.6084065347112726f,0.7928908330381242f,-0.03414111018596788f,-8.345980686810297f,0.0207837910247539f,-0.02708596380728881f,-0.999417022366174f,-0.34473310261378914f,0f,0f,0f,1f],start_interpolation:0}
execute if entity @s[tag=aj.attack.bone.right_fingers] run data modify entity @s {} merge value {transformation:[-0.9659258262890683f,-0.25881904510252074f,1.2239328574541136e-16f,-2.19156125f,-0.2586681593880178f,0.9653627131364069f,-0.03414111018596788f,-7.878556018187085f,0.008836369537072033f,-0.03297778006680719f,-0.999417022366174f,-0.3688305480005866f,0f,0f,0f,1f],start_interpolation:0}
execute if entity @s[tag=aj.attack.locator_origin.consume] at @s on origin run tp @s ^-2 ^-7.91021 ^-0.37396 ~0 ~-1.95652
execute if entity @s[tag=aj.attack.bone.right_hand] run data modify entity @s {} merge value {transformation:[-1f,4.181080130858263e-18f,1.2239328574541136e-16f,-2.25406125f,0f,0.999417022366174f,-0.03414111018596788f,-7.174895061064667f,-1.2246467991473532e-16f,-0.03414111018596788f,-0.999417022366174f,-0.4221353898018114f,0f,0f,0f,1f],start_interpolation:0}
execute if entity @s[tag=aj.attack.bone.right_forearm] run data modify entity @s {} merge value {transformation:[-1.5053291666666664f,6.293901869151425e-18f,1.8424218283673527e-16f,-2.2109925f,0f,1.504451593430954f,-0.051393608945317866f,-5.00507367029925f,-1.8434965456214856e-16f,-0.051393608945317866f,-1.504451593430954f,-0.4908155399792449f,0f,0f,0f,1f],start_interpolation:0}
execute if entity @s[tag=aj.attack.bone.right_bicep] run data modify entity @s {} merge value {transformation:[-1.5788933333333333f,6.601479544744572e-18f,1.932459429081917e-16f,-2.107345625f,0f,1.577972873833803f,-0.05390517126522345f,-2.7109771789768025f,-1.9335866668617615e-16f,-0.05390517126522345f,-1.577972873833803f,-0.6289090464924006f,0f,0f,0f,1f],start_interpolation:0}
execute if entity @s[tag=aj.attack.bone.right_shoulder] run data modify entity @s {} merge value {transformation:[-1f,4.181080130858263e-18f,1.2239328574541136e-16f,-1.795433125f,0f,0.999417022366174f,-0.03414111018596788f,-2.4673411071274223f,-1.2246467991473532e-16f,-0.03414111018596788f,-0.999417022366174f,-0.5746954471508213f,0f,0f,0f,1f],start_interpolation:0}
execute if entity @s[tag=aj.attack.bone.left_thumb_2] run data modify entity @s {} merge value {transformation:[-0.9762960071199334f,-0.21643961393810288f,1.2239328574541136e-16f,1.86831875f,-0.21631343448410303f,0.9757268483837889f,-0.03414111018596788f,-7.414020621458782f,0.007389488708069001f,-0.03333182955320216f,-0.999417022366174f,-0.17899114303145874f,0f,0f,0f,1f],start_interpolation:0}
execute if entity @s[tag=aj.attack.bone.left_thumb] run data modify entity @s {} merge value {transformation:[-1f,4.181080130858263e-18f,1.2239328574541136e-16f,2.015895f,0f,0.999417022366174f,-0.03414111018596788f,-7.127558969609244f,-1.2246467991473532e-16f,-0.03414111018596788f,-0.999417022366174f,-0.18877696676767497f,0f,0f,0f,1f],start_interpolation:0}
execute if entity @s[tag=aj.attack.bone.left_fingers2] run data modify entity @s {} merge value {transformation:[-0.7933533402912352f,0.6087614290087205f,1.2239328574541136e-16f,2.1355343338474935f,0.6084065347112726f,0.7928908330381242f,-0.03414111018596788f,-8.242607695229374f,-0.02078379102475409f,-0.027085963807288657f,-0.999417022366174f,-0.3196505117131177f,0f,0f,0f,1f],start_interpolation:0}
execute if entity @s[tag=aj.attack.bone.left_fingers] run data modify entity @s {} merge value {transformation:[-0.9659258262890683f,0.25881904510252074f,1.2239328574541136e-16f,2.21269625f,0.2586681593880178f,0.9653627131364069f,-0.03414111018596788f,-7.775183026606163f,-0.008836369537072269f,-0.03297778006680712f,-0.999417022366174f,-0.3437479570999151f,0f,0f,0f,1f],start_interpolation:0}
execute if entity @s[tag=aj.attack.bone.left_hand] run data modify entity @s {} merge value {transformation:[-1f,4.181080130858263e-18f,1.2239328574541136e-16f,2.27519625f,0f,0.999417022366174f,-0.03414111018596788f,-7.071522069483745f,-1.2246467991473532e-16f,-0.03414111018596788f,-0.999417022366174f,-0.39705279890114f,0f,0f,0f,1f],start_interpolation:0}
execute if entity @s[tag=aj.attack.bone.left_forearm] run data modify entity @s {} merge value {transformation:[-1.505329166666667f,6.293901869151428e-18f,1.8424218283673535e-16f,2.2321275f,0f,1.5044515934309546f,-0.051393608945317894f,-4.901700678718329f,-1.8434965456214864e-16f,-0.051393608945317894f,-1.5044515934309546f,-0.46573294907857343f,0f,0f,0f,1f],start_interpolation:0}
execute if entity @s[tag=aj.attack.bone.left_bicep] run data modify entity @s {} merge value {transformation:[-1.5788933333333333f,6.601479544744572e-18f,1.932459429081917e-16f,2.044845625f,0f,1.577972873833803f,-0.05390517126522345f,-2.525787858255191f,-1.9335866668617615e-16f,-0.05390517126522345f,-1.577972873833803f,-0.52586305498112f,0f,0f,0f,1f],start_interpolation:0}
execute if entity @s[tag=aj.attack.bone.left_shoulder] run data modify entity @s {} merge value {transformation:[-1f,4.181080130858263e-18f,1.2239328574541136e-16f,1.795433125f,0f,0.999417022366174f,-0.03414111018596788f,-2.284285605792434f,-1.2246467991473532e-16f,-0.03414111018596788f,-0.999417022366174f,-0.5341130195374266f,0f,0f,0f,1f],start_interpolation:0}