execute if entity @s[tag=aj.attack.bone.right_thumb_2] run data modify entity @s {} merge value {transformation:[-0.9762960071199334f,0.21643961393810285f,1.2148424594087759e-16f,-1.84718375f,0.21470683064955542f,0.968479926805279f,0.12628384000997328f,-2.9981346429043296f,0.027332825578379648f,0.12329040876550942f,-0.9919941490514625f,-0.950521193827886f,0f,0f,0f,1f],start_interpolation:0}
execute if entity @s[tag=aj.attack.bone.right_thumb] run data modify entity @s {} merge value {transformation:[-1f,-1.546531004522502e-17f,1.2148424594087759e-16f,-1.99476f,0f,0.9919941490514625f,0.12628384000997328f,-2.713800599954395f,-1.2246467991473532e-16f,0.12628384000997328f,-0.9919941490514625f,-0.9143246146206274f,0f,0f,0f,1f],start_interpolation:0}
execute if entity @s[tag=aj.attack.bone.right_fingers2] run data modify entity @s {} merge value {transformation:[-0.7933533402912352f,-0.6087614290087205f,1.2148424594087759e-16f,-2.114399333847494f,-0.6038877757448582f,0.7870018716993392f,0.12628384000997328f,-3.793520092271807f,-0.07687673090518007f,0.10018770629671617f,-0.9919941490514625f,-1.222005233417934f,0f,0f,0f,1f],start_interpolation:0}
execute if entity @s[tag=aj.attack.bone.right_fingers] run data modify entity @s {} merge value {transformation:[-0.9659258262890683f,-0.25881904510252074f,1.2148424594087759e-16f,-2.19156125f,-0.25674697840478716f,0.9581927680964551f,0.12628384000997328f,-3.3282656892069054f,-0.032684662883260905f,0.12198082250858992f,-0.9919941490514625f,-1.1709675204949346f,0f,0f,0f,1f],start_interpolation:0}
execute if entity @s[tag=aj.attack.locator_origin.right_hand] at @s on origin run tp @s ^-2 ^-3.3587 ^-1.1811 ~0 ~7.2549
execute if entity @s[tag=aj.attack.bone.right_hand] run data modify entity @s {} merge value {transformation:[-1f,-1.546531004522502e-17f,1.2148424594087759e-16f,-2.25406125f,0f,0.9919941490514625f,0.12628384000997328f,-2.6251459522185554f,-1.2246467991473532e-16f,0.12628384000997328f,-0.9919941490514625f,-1.110944323351458f,0f,0f,0f,1f],start_interpolation:0}
execute if entity @s[tag=aj.attack.bone.right_forearm] run data modify entity @s {} merge value {transformation:[-1.505329166666667f,-2.3280382282620218e-17f,1.8287377870530969e-16f,-2.2109925f,0f,1.4932777257298475f,0.19009874764567977f,-0.4723115981397028f,-1.8434965456214864e-16f,0.19009874764567977f,-1.4932777257298475f,-0.831398129048167f,0f,0f,0f,1f],start_interpolation:0}
execute if entity @s[tag=aj.attack.bone.right_bicep] run data modify entity @s {} merge value {transformation:[-1.578893333333333f,-2.4418074928338815e-17f,1.9181066602107864e-16f,-2.107345625f,0f,1.566252948643027f,0.19938871309948003f,1.814306801869815f,-1.9335866668617613e-16f,0.19938871309948003f,-1.566252948643027f,-0.6004764523329355f,0f,0f,0f,1f],start_interpolation:0}
execute if entity @s[tag=aj.attack.bone.right_shoulder] run data modify entity @s {} merge value {transformation:[-1f,-1.546531004522502e-17f,1.2148424594087759e-16f,-1.795433125f,0f,0.9919941490514625f,0.12628384000997328f,2.0540153680283257f,-1.2246467991473532e-16f,0.12628384000997328f,-0.9919941490514625f,-0.5699608305959255f,0f,0f,0f,1f],start_interpolation:0}
execute if entity @s[tag=aj.attack.bone.left_thumb_2] run data modify entity @s {} merge value {transformation:[-0.9762960071199334f,-0.2164396139381029f,1.2148424594087759e-16f,1.86831875f,-0.21470683064955542f,0.968479926805279f,0.12628384000997328f,-2.90471664729283f,-0.027332825578379884f,0.12329040876550937f,-0.9919941490514625f,-1.004728390478206f,0f,0f,0f,1f],start_interpolation:0}
execute if entity @s[tag=aj.attack.bone.left_thumb] run data modify entity @s {} merge value {transformation:[-1f,-1.546531004522502e-17f,1.2148424594087759e-16f,2.015895f,0f,0.9919941490514625f,0.12628384000997328f,-2.6203826043428955f,-1.2246467991473532e-16f,0.12628384000997328f,-0.9919941490514625f,-0.9685318112709475f,0f,0f,0f,1f],start_interpolation:0}
execute if entity @s[tag=aj.attack.bone.left_fingers2] run data modify entity @s {} merge value {transformation:[-0.7933533402912352f,0.6087614290087205f,1.2148424594087759e-16f,2.135534333847494f,0.6038877757448582f,0.7870018716993392f,0.12628384000997328f,-3.7001020966603075f,0.07687673090517988f,0.1001877062967163f,-0.9919941490514625f,-1.276212430068254f,0f,0f,0f,1f],start_interpolation:0}
execute if entity @s[tag=aj.attack.bone.left_fingers] run data modify entity @s {} merge value {transformation:[-0.9659258262890683f,0.25881904510252074f,1.2148424594087759e-16f,2.21269625f,0.25674697840478716f,0.9581927680964551f,0.12628384000997328f,-3.234847693595406f,0.03268466288326067f,0.12198082250858998f,-0.9919941490514625f,-1.2251747171452545f,0f,0f,0f,1f],start_interpolation:0}
execute if entity @s[tag=aj.attack.bone.left_hand] run data modify entity @s {} merge value {transformation:[-1f,-1.546531004522502e-17f,1.2148424594087759e-16f,2.27519625f,0f,0.9919941490514625f,0.12628384000997328f,-2.531727956607056f,-1.2246467991473532e-16f,0.12628384000997328f,-0.9919941490514625f,-1.165151520001778f,0f,0f,0f,1f],start_interpolation:0}
execute if entity @s[tag=aj.attack.bone.left_forearm] run data modify entity @s {} merge value {transformation:[-1.505329166666667f,-2.3280382282620218e-17f,1.8287377870530969e-16f,2.2321275f,0f,1.4932777257298475f,0.19009874764567977f,-0.37889360252820414f,-1.8434965456214864e-16f,0.19009874764567977f,-1.4932777257298475f,-0.885605325698487f,0f,0f,0f,1f],start_interpolation:0}
execute if entity @s[tag=aj.attack.bone.left_bicep] run data modify entity @s {} merge value {transformation:[-1.5788933333333335f,-2.441807492833882e-17f,1.9181066602107869e-16f,2.044845625f,0f,1.5662529486430274f,0.19938871309948009f,1.9760058280490542f,-1.9335866668617618e-16f,0.19938871309948009f,-1.5662529486430274f,-0.5646286412744366f,0f,0f,0f,1f],start_interpolation:0}
execute if entity @s[tag=aj.attack.bone.left_shoulder] run data modify entity @s {} merge value {transformation:[-1f,-1.546531004522502e-17f,1.2148424594087759e-16f,1.795433125f,0f,0.9919941490514625f,0.12628384000997328f,2.215714394207565f,-1.2246467991473532e-16f,0.12628384000997328f,-0.9919941490514625f,-0.5341130195374267f,0f,0f,0f,1f],start_interpolation:0}