execute if entity @s[tag=aj.attack.bone.right_thumb_2] run data modify entity @s {} merge value {transformation:[-0.9762960071199334f,0.21643961393810288f,1.224626616077137e-16f,-1.84718375f,0.21643604685579906f,0.9762799170514522f,0.005741183104885472f,-7.0910151215340695f,0.0012426194547692508f,0.005605094141444135f,-0.9999835192724709f,-0.3432575096276299f,0f,0f,0f,1f],start_interpolation:0}
execute if entity @s[tag=aj.attack.bone.right_thumb] run data modify entity @s {} merge value {transformation:[-1f,-7.030921512716881e-19f,1.224626616077137e-16f,-1.99476f,0f,0.9999835192724709f,0.005741183104885472f,-6.8043910953844f,-1.2246467991473532e-16f,0.005741183104885472f,-0.9999835192724709f,-0.3416119214907555f,0f,0f,0f,1f],start_interpolation:0}
execute if entity @s[tag=aj.attack.bone.right_fingers2] run data modify entity @s {} merge value {transformation:[-0.7933533402912352f,-0.6087614290087205f,1.224626616077137e-16f,-2.114399333847494f,-0.6087513961774789f,0.7933402652509995f,0.005741183104885472f,-7.913333819894675f,-0.0034950108311309004f,0.00455478679348442f,-0.9999835192724709f,-0.5168477027381636f,0f,0f,0f,1f],start_interpolation:0}
execute if entity @s[tag=aj.attack.bone.right_fingers] run data modify entity @s {} merge value {transformation:[-0.9659258262890683f,-0.25881904510252074f,1.224626616077137e-16f,-2.19156125f,-0.25881477957635907f,0.9659099071287119f,0.005741183104885472f,-7.445320001314446f,-0.0014859275289653014f,0.005545557034463307f,-0.9999835192724709f,-0.5222858393345254f,0f,0f,0f,1f],start_interpolation:0}
execute if entity @s[tag=aj.attack.locator_origin.right_hand] at @s on origin run tp @s ^-2 ^-7.47675 ^-0.52867 ~0 ~0.32895
execute if entity @s[tag=aj.attack.bone.right_hand] run data modify entity @s {} merge value {transformation:[-1f,-7.030921512716881e-19f,1.224626616077137e-16f,-2.25406125f,0f,0.9999835192724709f,0.005741183104885472f,-6.740093066785487f,-1.2246467991473532e-16f,0.005741183104885472f,-0.9999835192724709f,-0.5474874177132442f,0f,0f,0f,1f],start_interpolation:0}
execute if entity @s[tag=aj.attack.bone.right_forearm] run data modify entity @s {} merge value {transformation:[-1.505329166666667f,-1.0583851221636845e-18f,1.843466163457217e-16f,-2.2109925f,0f,1.5053043577468295f,0.008642370378957997f,-4.569258826853572f,-1.8434965456214864e-16f,0.008642370378957997f,-1.5053043577468295f,-0.5295839657895272f,0f,0f,0f,1f],start_interpolation:0}
execute if entity @s[tag=aj.attack.bone.right_bicep] run data modify entity @s {} merge value {transformation:[-1.5788933333333333f,-1.1101075103618598e-18f,1.933554799946751e-16f,-2.107345625f,0f,1.578867312022509f,0.009064715729749638f,-2.2714802496729205f,-1.9335866668617615e-16f,0.009064715729749638f,-1.578867312022509f,-0.5760827645774831f,0f,0f,0f,1f],start_interpolation:0}
execute if entity @s[tag=aj.attack.bone.right_shoulder] run data modify entity @s {} merge value {transformation:[-1f,-7.030921512716881e-19f,1.224626616077137e-16f,-1.795433125f,0f,0.9999835192724709f,0.005741183104885472f,-2.0298411071274227f,-1.2246467991473532e-16f,0.005741183104885472f,-0.9999835192724709f,-0.5746954471508213f,0f,0f,0f,1f],start_interpolation:0}
execute if entity @s[tag=aj.attack.bone.left_thumb_2] run data modify entity @s {} merge value {transformation:[-0.9762960071199334f,-0.21643961393810288f,1.224626616077137e-16f,1.86831875f,-0.21643604685579906f,0.9762799170514522f,0.005741183104885472f,-6.986601813395354f,-0.0012426194547694898f,0.005605094141444081f,-0.9999835192724709f,-0.38383916888834596f,0f,0f,0f,1f],start_interpolation:0}
execute if entity @s[tag=aj.attack.bone.left_thumb] run data modify entity @s {} merge value {transformation:[-1f,-7.030921512716881e-19f,1.224626616077137e-16f,2.015895f,0f,0.9999835192724709f,0.005741183104885472f,-6.699977787245684f,-1.2246467991473532e-16f,0.005741183104885472f,-0.9999835192724709f,-0.3821935807514715f,0f,0f,0f,1f],start_interpolation:0}
execute if entity @s[tag=aj.attack.bone.left_fingers2] run data modify entity @s {} merge value {transformation:[-0.7933533402912352f,0.6087614290087205f,1.224626616077137e-16f,2.135534333847494f,0.6087513961774789f,0.7933402652509995f,0.005741183104885472f,-7.80892051175596f,0.0034950108311307066f,0.00455478679348457f,-0.9999835192724709f,-0.5574293619988796f,0f,0f,0f,1f],start_interpolation:0}
execute if entity @s[tag=aj.attack.bone.left_fingers] run data modify entity @s {} merge value {transformation:[-0.9659258262890683f,0.25881904510252074f,1.224626616077137e-16f,2.21269625f,0.25881477957635907f,0.9659099071287119f,0.005741183104885472f,-7.3409066931757305f,0.0014859275289650646f,0.005545557034463371f,-0.9999835192724709f,-0.5628674985952413f,0f,0f,0f,1f],start_interpolation:0}
execute if entity @s[tag=aj.attack.bone.left_hand] run data modify entity @s {} merge value {transformation:[-1f,-7.030921512716881e-19f,1.224626616077137e-16f,2.27519625f,0f,0.9999835192724709f,0.005741183104885472f,-6.635679758646772f,-1.2246467991473532e-16f,0.005741183104885472f,-0.9999835192724709f,-0.58806907697396f,0f,0f,0f,1f],start_interpolation:0}
execute if entity @s[tag=aj.attack.bone.left_forearm] run data modify entity @s {} merge value {transformation:[-1.505329166666667f,-1.0583851221636845e-18f,1.843466163457217e-16f,2.2321275f,0f,1.5053043577468295f,0.008642370378957997f,-4.464845518714857f,-1.8434965456214864e-16f,0.008642370378957997f,-1.5053043577468295f,-0.570165625050243f,0f,0f,0f,1f],start_interpolation:0}
execute if entity @s[tag=aj.attack.bone.left_bicep] run data modify entity @s {} merge value {transformation:[-1.5788933333333333f,-1.1101075103618598e-18f,1.933554799946751e-16f,2.044845625f,0f,1.578867312022509f,0.009064715729749638f,-2.088424748337933f,-1.9335866668617615e-16f,0.009064715729749638f,-1.578867312022509f,-0.5355003369640885f,0f,0f,0f,1f],start_interpolation:0}
execute if entity @s[tag=aj.attack.bone.left_shoulder] run data modify entity @s {} merge value {transformation:[-1f,-7.030921512716881e-19f,1.224626616077137e-16f,1.795433125f,0f,0.9999835192724709f,0.005741183104885472f,-1.8467856057924352f,-1.2246467991473532e-16f,0.005741183104885472f,-0.9999835192724709f,-0.5341130195374268f,0f,0f,0f,1f],start_interpolation:0}