execute if entity @s[tag=aj.attack.bone.right_thumb_2] run data modify entity @s {} merge value {transformation:[-0.9762960071199334f,0.21643961393810288f,1.2242954243969874e-16f,-1.84718375f,0.21637751324476853f,0.9760158889944268f,0.02395320839530296f,-7.463273414189095f,0.005184423177658178f,0.023385421714045975f,-0.9997130807424555f,-0.48307831181751104f,0f,0f,0f,1f],start_interpolation:0}
execute if entity @s[tag=aj.attack.bone.right_thumb] run data modify entity @s {} merge value {transformation:[-1f,-2.9334219990617318e-18f,1.2242954243969874e-16f,-1.99476f,0f,0.9997130807424555f,0.02395320839530296f,-7.176726903497236f,-1.2246467991473532e-16f,0.02395320839530296f,-0.9997130807424555f,-0.4762126336366759f,0f,0f,0f,1f],start_interpolation:0}
execute if entity @s[tag=aj.attack.bone.right_fingers2] run data modify entity @s {} merge value {transformation:[-0.7933533402912352f,-0.6087614290087205f,1.2242954243969874e-16f,-2.1143993338474933f,-0.6085867636314877f,0.7931257119398684f,0.02395320839530296f,-8.282294063616531f,-0.01458178937206841f,0.019003357891105587f,-0.9997130807424555f,-0.6716168294447991f,0f,0f,0f,1f],start_interpolation:0}
execute if entity @s[tag=aj.attack.bone.right_fingers] run data modify entity @s {} merge value {transformation:[-0.9659258262890683f,-0.25881904510252074f,1.2242954243969874e-16f,-2.19156125f,-0.25874478493426156f,0.9656486835681464f,0.02395320839530296f,-7.814258830770539f,-0.006199546524014114f,0.02313702261150723f,-0.9997130807424555f,-0.668529998304796f,0f,0f,0f,1f],start_interpolation:0}
execute if entity @s[tag=aj.attack.locator_origin.consume] at @s on origin run tp @s ^-2 ^-7.84557 ^-0.67549 ~0 ~1.37255
execute if entity @s[tag=aj.attack.bone.right_hand] run data modify entity @s {} merge value {transformation:[-1f,-2.9334219990617318e-18f,1.2242954243969874e-16f,-2.25406125f,0f,0.9997130807424555f,0.02395320839530296f,-7.108689872765218f,-1.2246467991473532e-16f,0.02395320839530296f,-0.9997130807424555f,-0.6808829023024813f,0f,0f,0f,1f],start_interpolation:0}
execute if entity @s[tag=aj.attack.bone.right_forearm] run data modify entity @s {} merge value {transformation:[-1.5053291666666664f,-4.4157656933292635e-18f,1.8429676109613297e-16f,-2.2109925f,0f,1.5048972587398062f,0.0360574632326944f,-4.9385418015937415f,-1.8434965456214856e-16f,0.0360574632326944f,-1.5048972587398062f,-0.6234444130963687f,0f,0f,0f,1f],start_interpolation:0}
execute if entity @s[tag=aj.attack.bone.right_bicep] run data modify entity @s {} merge value {transformation:[-1.5788933333333333f,-4.631560438171907e-18f,1.9330318836109073e-16f,-2.107345625f,0f,1.5784403184303912f,0.03781956104728788f,-2.6402974740472045f,-1.9335866668617615e-16f,0.03781956104728788f,-1.5784403184303912f,-0.6280854193693977f,0f,0f,0f,1f],start_interpolation:0}
execute if entity @s[tag=aj.attack.bone.right_shoulder] run data modify entity @s {} merge value {transformation:[-1f,-2.9334219990617318e-18f,1.2242954243969874e-16f,-1.795433125f,0f,0.9997130807424555f,0.02395320839530296f,-2.4002207566379266f,-1.2246467991473532e-16f,0.02395320839530296f,-0.9997130807424555f,-0.5598152236925769f,0f,0f,0f,1f],start_interpolation:0}
execute if entity @s[tag=aj.attack.bone.left_thumb_2] run data modify entity @s {} merge value {transformation:[-0.9762960071199334f,-0.21643961393810288f,1.2242954243969874e-16f,1.86831875f,-0.21637751324476853f,0.9760158889944268f,0.02395320839530296f,-7.425986223191372f,-0.005184423177658417f,0.02338542171404592f,-0.9997130807424555f,-0.4774769959664079f,0f,0f,0f,1f],start_interpolation:0}
execute if entity @s[tag=aj.attack.bone.left_thumb] run data modify entity @s {} merge value {transformation:[-1f,-2.9334219990617318e-18f,1.2242954243969874e-16f,2.015895f,0f,0.9997130807424555f,0.02395320839530296f,-7.139439712499513f,-1.2246467991473532e-16f,0.02395320839530296f,-0.9997130807424555f,-0.4706113177855727f,0f,0f,0f,1f],start_interpolation:0}
execute if entity @s[tag=aj.attack.bone.left_fingers2] run data modify entity @s {} merge value {transformation:[-0.7933533402912352f,0.6087614290087205f,1.2242954243969874e-16f,2.1355343338474935f,0.6085867636314877f,0.7931257119398684f,0.02395320839530296f,-8.245006872618807f,0.014581789372068216f,0.019003357891105736f,-0.9997130807424555f,-0.6660155135936958f,0f,0f,0f,1f],start_interpolation:0}
execute if entity @s[tag=aj.attack.bone.left_fingers] run data modify entity @s {} merge value {transformation:[-0.9659258262890683f,0.25881904510252074f,1.2242954243969874e-16f,2.21269625f,0.25874478493426156f,0.9656486835681464f,0.02395320839530296f,-7.776971639772816f,0.006199546524013878f,0.023137022611507293f,-0.9997130807424555f,-0.6629286824536927f,0f,0f,0f,1f],start_interpolation:0}
execute if entity @s[tag=aj.attack.bone.left_hand] run data modify entity @s {} merge value {transformation:[-1f,-2.9334219990617318e-18f,1.2242954243969874e-16f,2.27519625f,0f,0.9997130807424555f,0.02395320839530296f,-7.071402681767495f,-1.2246467991473532e-16f,0.02395320839530296f,-0.9997130807424555f,-0.675281586451378f,0f,0f,0f,1f],start_interpolation:0}
execute if entity @s[tag=aj.attack.bone.left_forearm] run data modify entity @s {} merge value {transformation:[-1.505329166666667f,-4.415765693329265e-18f,1.8429676109613305e-16f,2.2321275f,0f,1.5048972587398068f,0.03605746323269442f,-4.901254610596018f,-1.8434965456214864e-16f,0.03605746323269442f,-1.5048972587398068f,-0.6178430972452654f,0f,0f,0f,1f],start_interpolation:0}
execute if entity @s[tag=aj.attack.bone.left_bicep] run data modify entity @s {} merge value {transformation:[-1.5788933333333333f,-4.631560438171907e-18f,1.9330318836109073e-16f,2.044845625f,0f,1.5784403184303912f,0.03781956104728788f,-2.525859398726418f,-1.9335866668617615e-16f,0.03781956104728788f,-1.5784403184303912f,-0.5399011476678438f,0f,0f,0f,1f],start_interpolation:0}
execute if entity @s[tag=aj.attack.bone.left_shoulder] run data modify entity @s {} merge value {transformation:[-1f,-2.9334219990617318e-18f,1.2242954243969874e-16f,1.795433125f,0f,0.9997130807424555f,0.02395320839530296f,-2.284285605792434f,-1.2246467991473532e-16f,0.02395320839530296f,-0.9997130807424555f,-0.5341130195374266f,0f,0f,0f,1f],start_interpolation:0}