execute if entity @s[tag=aj.attack.bone.right_thumb_2] run data modify entity @s {} merge value {transformation:[-0.9762960071199334f,0.21643961393810288f,1.2237136499470793e-16f,-1.84718375f,0.21627469254787468f,0.9755520948025952f,0.039030343190782496f,-3.033414637273909f,0.008447712412084507f,0.03810516821368166f,-0.9992380258529043f,-0.5118869271937534f,0f,0f,0f,1f],start_interpolation:0}
execute if entity @s[tag=aj.attack.bone.right_thumb] run data modify entity @s {} merge value {transformation:[-1f,-4.779838485821452e-18f,1.2237136499470793e-16f,-1.99476f,0f,0.9992380258529043f,0.039030343190782496f,-2.747004290971223f,-1.2246467991473532e-16f,0.039030343190782496f,-0.9992380258529043f,-0.5006997087129084f,0f,0f,0f,1f],start_interpolation:0}
execute if entity @s[tag=aj.attack.bone.right_fingers2] run data modify entity @s {} merge value {transformation:[-0.7933533402912352f,-0.6087614290087205f,1.2237136499470793e-16f,-2.114399333847494f,-0.6082975685380669f,0.7927488255564213f,0.039030343190782496f,-3.849498153961483f,-0.023760167495521636f,0.030964853143120478f,-0.9992380258529043f,-0.7127582556816104f,0f,0f,0f,1f],start_interpolation:0}
execute if entity @s[tag=aj.attack.bone.right_fingers] run data modify entity @s {} merge value {transformation:[-0.9659258262890683f,-0.25881904510252074f,1.2237136499470793e-16f,-2.19156125f,-0.25862183168137665f,0.965189815781424f,0.039030343190782496f,-3.3815627331521254f,-0.010101796154662116f,0.03770041649690246f,-0.9992380258529043f,-0.7026118443131495f,0f,0f,0f,1f],start_interpolation:0}
execute if entity @s[tag=aj.attack.locator_origin.right_hand] at @s on origin run tp @s ^-2 ^-3.41276 ^-0.71004 ~0 ~2.23684
execute if entity @s[tag=aj.attack.bone.right_hand] run data modify entity @s {} merge value {transformation:[-1f,-4.779838485821452e-18f,1.2237136499470793e-16f,-2.25406125f,0f,0.9992380258529043f,0.039030343190782496f,-2.6758877162019212f,-1.2246467991473532e-16f,0.039030343190782496f,-0.9992380258529043f,-0.7043204081018575f,0f,0f,0f,1f],start_interpolation:0}
execute if entity @s[tag=aj.attack.bone.right_forearm] run data modify entity @s {} merge value {transformation:[-1.505329166666667f,-7.19523028466287e-18f,1.8420918489134623e-16f,-2.2109925f,0f,1.504182144758798f,0.05875351399009464f,-0.5068529618972764f,-1.8434965456214864e-16f,0.05875351399009464f,-1.504182144758798f,-0.6141535324204189f,0f,0f,0f,1f],start_interpolation:0}
execute if entity @s[tag=aj.attack.bone.right_bicep] run data modify entity @s {} merge value {transformation:[-1.578893333333333f,-7.546855119673584e-18f,1.9321133238104436e-16f,-2.107345625f,0f,1.5776902574323113f,0.061624748661638536f,1.7911998936866507f,-1.9335866668617613e-16f,0.061624748661638536f,-1.5776902574323113f,-0.5841268612492647f,0f,0f,0f,1f],start_interpolation:0}
execute if entity @s[tag=aj.attack.bone.right_shoulder] run data modify entity @s {} merge value {transformation:[-1f,-4.779838485821452e-18f,1.2237136499470793e-16f,-1.795433125f,0f,0.9992380258529043f,0.039030343190782496f,2.032658892872577f,-1.2246467991473532e-16f,0.039030343190782496f,-0.9992380258529043f,-0.5746954471508215f,0f,0f,0f,1f],start_interpolation:0}
execute if entity @s[tag=aj.attack.bone.left_thumb_2] run data modify entity @s {} merge value {transformation:[-0.9762960071199334f,-0.21643961393810288f,1.2237136499470793e-16f,1.86831875f,-0.21627469254787468f,0.9755520948025952f,0.039030343190782496f,-2.926255545758456f,-0.008447712412084746f,0.0381051682136816f,-0.9992380258529043f,-0.5550418181744791f,0f,0f,0f,1f],start_interpolation:0}
execute if entity @s[tag=aj.attack.bone.left_thumb] run data modify entity @s {} merge value {transformation:[-1f,-4.779838485821452e-18f,1.2237136499470793e-16f,2.015895f,0f,0.9992380258529043f,0.039030343190782496f,-2.6398451994557703f,-1.2246467991473532e-16f,0.039030343190782496f,-0.9992380258529043f,-0.543854599693634f,0f,0f,0f,1f],start_interpolation:0}
execute if entity @s[tag=aj.attack.bone.left_fingers2] run data modify entity @s {} merge value {transformation:[-0.7933533402912352f,0.6087614290087205f,1.2237136499470793e-16f,2.135534333847494f,0.6082975685380669f,0.7927488255564213f,0.039030343190782496f,-3.7423390624460304f,0.023760167495521442f,0.030964853143120637f,-0.9992380258529043f,-0.7559131466623362f,0f,0f,0f,1f],start_interpolation:0}
execute if entity @s[tag=aj.attack.bone.left_fingers] run data modify entity @s {} merge value {transformation:[-0.9659258262890683f,0.25881904510252074f,1.2237136499470793e-16f,2.21269625f,0.25862183168137665f,0.965189815781424f,0.039030343190782496f,-3.2744036416366726f,0.01010179615466188f,0.03770041649690253f,-0.9992380258529043f,-0.7457667352938752f,0f,0f,0f,1f],start_interpolation:0}
execute if entity @s[tag=aj.attack.bone.left_hand] run data modify entity @s {} merge value {transformation:[-1f,-4.779838485821452e-18f,1.2237136499470793e-16f,2.27519625f,0f,0.9992380258529043f,0.039030343190782496f,-2.5687286246864685f,-1.2246467991473532e-16f,0.039030343190782496f,-0.9992380258529043f,-0.747475299082583f,0f,0f,0f,1f],start_interpolation:0}
execute if entity @s[tag=aj.attack.bone.left_forearm] run data modify entity @s {} merge value {transformation:[-1.505329166666667f,-7.19523028466287e-18f,1.8420918489134623e-16f,2.2321275f,0f,1.504182144758798f,0.05875351399009464f,-0.399693870381824f,-1.8434965456214864e-16f,0.05875351399009464f,-1.504182144758798f,-0.6573084234011445f,0f,0f,0f,1f],start_interpolation:0}
execute if entity @s[tag=aj.attack.bone.left_bicep] run data modify entity @s {} merge value {transformation:[-1.5788933333333335f,-7.546855119673586e-18f,1.932113323810444e-16f,2.044845625f,0f,1.5776902574323117f,0.06162474866163855f,1.9742553950216388f,-1.9335866668617618e-16f,0.06162474866163855f,-1.5776902574323117f,-0.5435444336358698f,0f,0f,0f,1f],start_interpolation:0}
execute if entity @s[tag=aj.attack.bone.left_shoulder] run data modify entity @s {} merge value {transformation:[-1f,-4.779838485821452e-18f,1.2237136499470793e-16f,1.795433125f,0f,0.9992380258529043f,0.039030343190782496f,2.215714394207565f,-1.2246467991473532e-16f,0.039030343190782496f,-0.9992380258529043f,-0.5341130195374267f,0f,0f,0f,1f],start_interpolation:0}