execute if entity @s[tag=aj.attack.bone.right_thumb_2] run data modify entity @s {} merge value {transformation:[-0.9762960071199334f,0.21643961393810285f,1.2105699277834897e-16f,-1.84718375f,0.21395171897477774f,0.9650738381526447f,0.15118580905978102f,-3.008325432508677f,0.03272259814581862f,0.14760210171826088f,-0.9885053622206302f,-1.082162642435976f,0f,0f,0f,1f],start_interpolation:0}
execute if entity @s[tag=aj.attack.bone.right_thumb] run data modify entity @s {} merge value {transformation:[-1f,-1.8514921714156373e-17f,1.2105699277834897e-16f,-1.99476f,0f,0.9885053622206302f,0.15118580905978102f,-2.7249913761670803f,-1.2246467991473532e-16f,0.15118580905978102f,-0.9885053622206302f,-1.0388284429674324f,0f,0f,0f,1f],start_interpolation:0}
execute if entity @s[tag=aj.attack.bone.right_fingers2] run data modify entity @s {} merge value {transformation:[-0.7933533402912352f,-0.6087614290087205f,1.2105699277834897e-16f,-2.114399333847494f,-0.6017639368882138f,0.7842340310135344f,0.15118580905978102f,-3.7966334554103787f,-0.09203608916907197f,0.1199437666222101f,-0.9885053622206302f,-1.3735593785989706f,0f,0f,0f,1f],start_interpolation:0}
execute if entity @s[tag=aj.attack.bone.right_fingers] run data modify entity @s {} merge value {transformation:[-0.9659258262890683f,-0.25881904510252074f,1.2105699277834897e-16f,-2.19156125f,-0.2558440139286649f,0.9548228587941371f,0.15118580905978102f,-3.332809388459525f,-0.03912976673390467f,0.14603427753925027f,-0.9885053622206302f,-1.3108398232046672f,0f,0f,0f,1f],start_interpolation:0}
execute if entity @s[tag=aj.attack.locator_origin.right_hand] at @s on origin run tp @s ^-2 ^-3.36297 ^-1.32173 ~0 ~8.69565
execute if entity @s[tag=aj.attack.bone.right_hand] run data modify entity @s {} merge value {transformation:[-1f,-1.8514921714156373e-17f,1.2105699277834897e-16f,-2.25406125f,0f,0.9885053622206302f,0.15118580905978102f,-2.631421109987775f,-1.2246467991473532e-16f,0.15118580905978102f,-0.9885053622206302f,-1.23315693216471f,0f,0f,0f,1f],start_interpolation:0}
execute if entity @s[tag=aj.attack.bone.right_forearm] run data modify entity @s {} merge value {transformation:[-1.505329166666667f,-2.787105167486959e-17f,1.8223062205820478e-16f,-2.2109925f,0f,1.4880259531571132f,0.227584407963786f,-0.48629603431259083f,-1.8434965456214864e-16f,0.227584407963786f,-1.4880259531571132f,-0.8995700011240899f,0f,0f,0f,1f],start_interpolation:0}
execute if entity @s[tag=aj.attack.bone.right_bicep] run data modify entity @s {} merge value {transformation:[-1.578893333333333f,-2.923308646167006e-17f,1.9113607885111664e-16f,-2.107345625f,0f,1.5607445263744046f,0.23870626601909448f,1.7937933680663272f,-1.9335866668617613e-16f,0.23870626601909448f,-1.5607445263744046f,-0.6112284585076803f,0f,0f,0f,1f],start_interpolation:0}
execute if entity @s[tag=aj.attack.bone.right_shoulder] run data modify entity @s {} merge value {transformation:[-1f,-1.8514921714156373e-17f,1.2105699277834897e-16f,-1.795433125f,0f,0.9885053622206302f,0.15118580905978102f,2.032658892872577f,-1.2246467991473532e-16f,0.15118580905978102f,-0.9885053622206302f,-0.5746954471508215f,0f,0f,0f,1f],start_interpolation:0}
execute if entity @s[tag=aj.attack.bone.left_thumb_2] run data modify entity @s {} merge value {transformation:[-0.9762960071199334f,-0.2164396139381029f,1.2105699277834897e-16f,1.86831875f,-0.21395171897477774f,0.9650738381526447f,0.15118580905978102f,-2.89126510566823f,-0.032722598145818856f,0.14760210171826083f,-0.9885053622206302f,-1.1333235551381773f,0f,0f,0f,1f],start_interpolation:0}
execute if entity @s[tag=aj.attack.bone.left_thumb] run data modify entity @s {} merge value {transformation:[-1f,-1.8514921714156373e-17f,1.2105699277834897e-16f,2.015895f,0f,0.9885053622206302f,0.15118580905978102f,-2.607931049326633f,-1.2246467991473532e-16f,0.15118580905978102f,-0.9885053622206302f,-1.0899893556696336f,0f,0f,0f,1f],start_interpolation:0}
execute if entity @s[tag=aj.attack.bone.left_fingers2] run data modify entity @s {} merge value {transformation:[-0.7933533402912352f,0.6087614290087205f,1.2105699277834897e-16f,2.135534333847494f,0.6017639368882138f,0.7842340310135344f,0.15118580905978102f,-3.679573128569931f,0.09203608916907177f,0.11994376662221025f,-0.9885053622206302f,-1.4247202913011716f,0f,0f,0f,1f],start_interpolation:0}
execute if entity @s[tag=aj.attack.bone.left_fingers] run data modify entity @s {} merge value {transformation:[-0.9659258262890683f,0.25881904510252074f,1.2105699277834897e-16f,2.21269625f,0.2558440139286649f,0.9548228587941371f,0.15118580905978102f,-3.2157490616190776f,0.039129766733904434f,0.14603427753925033f,-0.9885053622206302f,-1.3620007359068682f,0f,0f,0f,1f],start_interpolation:0}
execute if entity @s[tag=aj.attack.bone.left_hand] run data modify entity @s {} merge value {transformation:[-1f,-1.8514921714156373e-17f,1.2105699277834897e-16f,2.27519625f,0f,0.9885053622206302f,0.15118580905978102f,-2.514360783147328f,-1.2246467991473532e-16f,0.15118580905978102f,-0.9885053622206302f,-1.284317844866911f,0f,0f,0f,1f],start_interpolation:0}
execute if entity @s[tag=aj.attack.bone.left_forearm] run data modify entity @s {} merge value {transformation:[-1.505329166666667f,-2.787105167486959e-17f,1.8223062205820478e-16f,2.2321275f,0f,1.4880259531571132f,0.227584407963786f,-0.3692357074721442f,-1.8434965456214864e-16f,0.227584407963786f,-1.4880259531571132f,-0.9507309138262909f,0f,0f,0f,1f],start_interpolation:0}
execute if entity @s[tag=aj.attack.bone.left_bicep] run data modify entity @s {} merge value {transformation:[-1.5788933333333335f,-2.9233086461670075e-17f,1.9113607885111669e-16f,2.044845625f,0f,1.560744526374405f,0.23870626601909453f,1.9768488694013153f,-1.9335866668617618e-16f,0.23870626601909453f,-1.560744526374405f,-0.5706460308942854f,0f,0f,0f,1f],start_interpolation:0}
execute if entity @s[tag=aj.attack.bone.left_shoulder] run data modify entity @s {} merge value {transformation:[-1f,-1.8514921714156373e-17f,1.2105699277834897e-16f,1.795433125f,0f,0.9885053622206302f,0.15118580905978102f,2.215714394207565f,-1.2246467991473532e-16f,0.15118580905978102f,-0.9885053622206302f,-0.5341130195374267f,0f,0f,0f,1f],start_interpolation:0}