execute if entity @s[tag=aj.attack.bone.right_thumb_2] run data modify entity @s {} merge value {transformation:[-0.9762960071199334f,0.21643961393810288f,1.2230603892845203e-16f,-1.84718375f,0.21615923763817857f,0.9750313113596394f,-0.05088345361690255f,-3.0072938622449366f,-0.011013195056679873f,-0.049677312594654265f,-0.9987045980408905f,-0.05708347934726812f,0f,0f,0f,1f],start_interpolation:0}
execute if entity @s[tag=aj.attack.bone.right_thumb] run data modify entity @s {} merge value {transformation:[-1f,6.2314258601502475e-18f,1.2230603892845203e-16f,-1.99476f,0f,0.9987045980408905f,-0.05088345361690255f,-2.7210364116892234f,-1.2246467991473532e-16f,-0.05088345361690255f,-0.9987045980408905f,-0.07166814005316391f,0f,0f,0f,1f],start_interpolation:0}
execute if entity @s[tag=aj.attack.bone.right_fingers2] run data modify entity @s {} merge value {transformation:[-0.7933533402912352f,-0.6087614290087205f,1.2230603892845203e-16f,-2.114399333847494f,-0.6079728382609524f,0.7923256288199558f,-0.05088345361690255f,-3.838121612566738f,0.03097588393672445f,-0.040368557892523846f,-0.9987045980408905f,-0.18383854280766698f,0f,0f,0f,1f],start_interpolation:0}
execute if entity @s[tag=aj.attack.bone.right_fingers] run data modify entity @s {} merge value {transformation:[-0.9659258262890683f,-0.25881904510252074f,1.2230603892845203e-16f,-2.19156125f,-0.2584837704044401f,0.964674564081339f,-0.05088345361690255f,-3.37116637217491f,0.013169606876645005f,-0.04914964197934811f,-0.9987045980408905f,-0.2157651959723715f,0f,0f,0f,1f],start_interpolation:0}
execute if entity @s[tag=aj.attack.locator_origin.right_hand] at @s on origin run tp @s ^-2 ^-3.40291 ^-0.22036 ~0 ~-2.91667
execute if entity @s[tag=aj.attack.bone.right_hand] run data modify entity @s {} merge value {transformation:[-1f,6.2314258601502475e-18f,1.2230603892845203e-16f,-2.25406125f,0f,0.9987045980408905f,-0.05088345361690255f,-2.66849743806214f,-1.2246467991473532e-16f,-0.05088345361690255f,-0.9987045980408905f,-0.28085373390889556f,0f,0f,0f,1f],start_interpolation:0}
execute if entity @s[tag=aj.attack.bone.right_forearm] run data modify entity @s {} merge value {transformation:[-1.505329166666667f,9.38034709720509e-18f,1.8411084765846763e-16f,-2.2109925f,0f,1.5033791603150624f,-0.07659634683025393f,-0.5001315718067467f,-1.8434965456214864e-16f,-0.07659634683025393f,-1.5033791603150624f,-0.38588373395680386f,0f,0f,0f,1f],start_interpolation:0}
execute if entity @s[tag=aj.attack.bone.right_bicep] run data modify entity @s {} merge value {transformation:[-1.578893333333333f,9.838756747752156e-18f,1.9310818949054002e-16f,-2.107345625f,0f,1.5768480318161082f,-0.08033954569270331f,1.7913287928501076f,-1.9335866668617613e-16f,-0.08033954569270331f,-1.5768480318161082f,-0.5623998104080408f,0f,0f,0f,1f],start_interpolation:0}
execute if entity @s[tag=aj.attack.bone.right_shoulder] run data modify entity @s {} merge value {transformation:[-1f,6.2314258601502475e-18f,1.2230603892845203e-16f,-1.795433125f,0f,0.9987045980408905f,-0.05088345361690255f,2.032658892872577f,-1.2246467991473532e-16f,-0.05088345361690255f,-0.9987045980408905f,-0.5746954471508215f,0f,0f,0f,1f],start_interpolation:0}
execute if entity @s[tag=aj.attack.bone.left_thumb_2] run data modify entity @s {} merge value {transformation:[-0.9762960071199334f,-0.21643961393810288f,1.2230603892845203e-16f,1.86831875f,-0.21615923763817857f,0.9750313113596394f,-0.05088345361690255f,-2.907349627854831f,0.011013195056679633f,-0.04967731259465432f,-0.9987045980408905f,-0.09308251721766045f,0f,0f,0f,1f],start_interpolation:0}
execute if entity @s[tag=aj.attack.bone.left_thumb] run data modify entity @s {} merge value {transformation:[-1f,6.2314258601502475e-18f,1.2230603892845203e-16f,2.015895f,0f,0.9987045980408905f,-0.05088345361690255f,-2.621092177299118f,-1.2246467991473532e-16f,-0.05088345361690255f,-0.9987045980408905f,-0.1076671779235562f,0f,0f,0f,1f],start_interpolation:0}
execute if entity @s[tag=aj.attack.bone.left_fingers2] run data modify entity @s {} merge value {transformation:[-0.7933533402912352f,0.6087614290087205f,1.2230603892845203e-16f,2.135534333847494f,0.6079728382609524f,0.7923256288199558f,-0.05088345361690255f,-3.7381773781766325f,-0.03097588393672464f,-0.04036855789252369f,-0.9987045980408905f,-0.21983758067805925f,0f,0f,0f,1f],start_interpolation:0}
execute if entity @s[tag=aj.attack.bone.left_fingers] run data modify entity @s {} merge value {transformation:[-0.9659258262890683f,0.25881904510252074f,1.2230603892845203e-16f,2.21269625f,0.2584837704044401f,0.964674564081339f,-0.05088345361690255f,-3.2712221377848048f,-0.013169606876645241f,-0.04914964197934804f,-0.9987045980408905f,-0.25176423384276375f,0f,0f,0f,1f],start_interpolation:0}
execute if entity @s[tag=aj.attack.bone.left_hand] run data modify entity @s {} merge value {transformation:[-1f,6.2314258601502475e-18f,1.2230603892845203e-16f,2.27519625f,0f,0.9987045980408905f,-0.05088345361690255f,-2.5685532036720344f,-1.2246467991473532e-16f,-0.05088345361690255f,-0.9987045980408905f,-0.3168527717792878f,0f,0f,0f,1f],start_interpolation:0}
execute if entity @s[tag=aj.attack.bone.left_forearm] run data modify entity @s {} merge value {transformation:[-1.505329166666667f,9.38034709720509e-18f,1.8411084765846763e-16f,2.2321275f,0f,1.5033791603150624f,-0.07659634683025393f,-0.40018733741664225f,-1.8434965456214864e-16f,-0.07659634683025393f,-1.5033791603150624f,-0.4218827718271961f,0f,0f,0f,1f],start_interpolation:0}
execute if entity @s[tag=aj.attack.bone.left_bicep] run data modify entity @s {} merge value {transformation:[-1.5788933333333335f,9.838756747752159e-18f,1.9310818949054007e-16f,2.044845625f,0f,1.5768480318161087f,-0.08033954569270334f,1.9743842941850958f,-1.9335866668617618e-16f,-0.08033954569270334f,-1.5768480318161087f,-0.5218173827946458f,0f,0f,0f,1f],start_interpolation:0}
execute if entity @s[tag=aj.attack.bone.left_shoulder] run data modify entity @s {} merge value {transformation:[-1f,6.2314258601502475e-18f,1.2230603892845203e-16f,1.795433125f,0f,0.9987045980408905f,-0.05088345361690255f,2.215714394207565f,-1.2246467991473532e-16f,-0.05088345361690255f,-0.9987045980408905f,-0.5341130195374267f,0f,0f,0f,1f],start_interpolation:0}