execute if entity @s[tag=aj.attack.bone.right_thumb_2] run data modify entity @s {} merge value {transformation:[-0.9762960071199334f,0.21643961393810288f,1.2214659795480503e-16f,-1.84718375f,0.2158774474697308f,0.9737602380505738f,0.07202726196131215f,-3.0327235503879773f,0.015589552771924885f,0.07031992825661054f,-0.9974026636892226f,-0.6793215745655713f,0f,0f,0f,1f],start_interpolation:0}
execute if entity @s[tag=aj.attack.bone.right_thumb] run data modify entity @s {} merge value {transformation:[-1f,-8.820795581226887e-18f,1.2214659795480503e-16f,-1.99476f,0f,0.9974026636892226f,0.07202726196131215f,-2.746839271648065f,-1.2246467991473532e-16f,0.07202726196131215f,-0.9974026636892226f,-0.6586764905036778f,0f,0f,0f,1f],start_interpolation:0}
execute if entity @s[tag=aj.attack.bone.right_fingers2] run data modify entity @s {} merge value {transformation:[-0.7933533402912352f,-0.6087614290087205f,1.2214659795480503e-16f,-2.114399333847494f,-0.6071802708445555f,0.7912927348532202f,0.07202726196131215f,-3.841723944243394f,-0.043847418919153947f,0.05714306886903875f,-0.9974026636892226f,-0.9070493935939367f,0f,0f,0f,1f],start_interpolation:0}
execute if entity @s[tag=aj.attack.bone.right_fingers] run data modify entity @s {} merge value {transformation:[-0.9659258262890683f,-0.25881904510252074f,1.2214659795480503e-16f,-2.19156125f,-0.25814680499875525f,0.96341699206693f,0.07202726196131215f,-3.3743793268647355f,-0.018642027162176045f,0.0695729925253196f,-0.9974026636892226f,-0.8814463406727759f,0f,0f,0f,1f],start_interpolation:0}
execute if entity @s[tag=aj.attack.locator_origin.right_hand] at @s on origin run tp @s ^-2 ^-3.40532 ^-0.8899 ~0 ~4.13043
execute if entity @s[tag=aj.attack.bone.right_hand] run data modify entity @s {} merge value {transformation:[-1f,-8.820795581226887e-18f,1.2214659795480503e-16f,-2.25406125f,0f,0.9974026636892226f,0.07202726196131215f,-2.6690332099883416f,-1.2246467991473532e-16f,0.07202726196131215f,-0.9974026636892226f,-0.8598360619775846f,0f,0f,0f,1f],start_interpolation:0}
execute if entity @s[tag=aj.attack.bone.right_forearm] run data modify entity @s {} merge value {transformation:[-1.505329166666667f,-1.327820086162529e-17f,1.8387083651047508e-16f,-2.2109925f,0f,1.5014193205624113f,0.10842473822550375f,-0.5041623489371481f,-1.8434965456214864e-16f,0.10842473822550375f,-1.5014193205624113f,-0.6980461184612252f,0f,0f,0f,1f],start_interpolation:0}
execute if entity @s[tag=aj.attack.bone.right_bicep] run data modify entity @s {} merge value {transformation:[-1.578893333333333f,-1.3927095337895255e-17f,1.9285644920018859e-16f,-2.107345625f,0f,1.574792416347822f,0.11372336372896932f,1.7916433963353895f,-1.9335866668617613e-16f,0.11372336372896932f,-1.574792416347822f,-0.5921003398163467f,0f,0f,0f,1f],start_interpolation:0}
execute if entity @s[tag=aj.attack.bone.right_shoulder] run data modify entity @s {} merge value {transformation:[-1f,-8.820795581226887e-18f,1.2214659795480503e-16f,-1.795433125f,0f,0.9974026636892226f,0.07202726196131215f,2.032658892872577f,-1.2246467991473532e-16f,0.07202726196131215f,-0.9974026636892226f,-0.5746954471508215f,0f,0f,0f,1f],start_interpolation:0}
execute if entity @s[tag=aj.attack.bone.left_thumb_2] run data modify entity @s {} merge value {transformation:[-0.9762960071199334f,-0.21643961393810288f,1.2214659795480503e-16f,1.86831875f,-0.2158774474697308f,0.9737602380505738f,0.07202726196131215f,-2.9227560465471445f,-0.015589552771925124f,0.07031992825661049f,-0.9974026636892226f,-0.7249386143004289f,0f,0f,0f,1f],start_interpolation:0}
execute if entity @s[tag=aj.attack.bone.left_thumb] run data modify entity @s {} merge value {transformation:[-1f,-8.820795581226887e-18f,1.2214659795480503e-16f,2.015895f,0f,0.9974026636892226f,0.07202726196131215f,-2.636871767807232f,-1.2246467991473532e-16f,0.07202726196131215f,-0.9974026636892226f,-0.7042935302385355f,0f,0f,0f,1f],start_interpolation:0}
execute if entity @s[tag=aj.attack.bone.left_fingers2] run data modify entity @s {} merge value {transformation:[-0.7933533402912352f,0.6087614290087205f,1.2214659795480503e-16f,2.135534333847494f,0.6071802708445555f,0.7912927348532202f,0.07202726196131215f,-3.731756440402561f,0.04384741891915375f,0.05714306886903889f,-0.9974026636892226f,-0.9526664333287942f,0f,0f,0f,1f],start_interpolation:0}
execute if entity @s[tag=aj.attack.bone.left_fingers] run data modify entity @s {} merge value {transformation:[-0.9659258262890683f,0.25881904510252074f,1.2214659795480503e-16f,2.21269625f,0.25814680499875525f,0.96341699206693f,0.07202726196131215f,-3.2644118230239023f,0.01864202716217581f,0.06957299252531965f,-0.9974026636892226f,-0.9270633804076335f,0f,0f,0f,1f],start_interpolation:0}
execute if entity @s[tag=aj.attack.bone.left_hand] run data modify entity @s {} merge value {transformation:[-1f,-8.820795581226887e-18f,1.2214659795480503e-16f,2.27519625f,0f,0.9974026636892226f,0.07202726196131215f,-2.559065706147509f,-1.2246467991473532e-16f,0.07202726196131215f,-0.9974026636892226f,-0.9054531017124421f,0f,0f,0f,1f],start_interpolation:0}
execute if entity @s[tag=aj.attack.bone.left_forearm] run data modify entity @s {} merge value {transformation:[-1.505329166666667f,-1.327820086162529e-17f,1.8387083651047508e-16f,2.2321275f,0f,1.5014193205624113f,0.10842473822550375f,-0.39419484509631575f,-1.8434965456214864e-16f,0.10842473822550375f,-1.5014193205624113f,-0.7436631581960828f,0f,0f,0f,1f],start_interpolation:0}
execute if entity @s[tag=aj.attack.bone.left_bicep] run data modify entity @s {} merge value {transformation:[-1.5788933333333335f,-1.3927095337895258e-17f,1.9285644920018864e-16f,2.044845625f,0f,1.5747924163478224f,0.11372336372896935f,1.9746988976703777f,-1.9335866668617618e-16f,0.11372336372896935f,-1.5747924163478224f,-0.5515179122029518f,0f,0f,0f,1f],start_interpolation:0}
execute if entity @s[tag=aj.attack.bone.left_shoulder] run data modify entity @s {} merge value {transformation:[-1f,-8.820795581226887e-18f,1.2214659795480503e-16f,1.795433125f,0f,0.9974026636892226f,0.07202726196131215f,2.215714394207565f,-1.2246467991473532e-16f,0.07202726196131215f,-0.9974026636892226f,-0.5341130195374267f,0f,0f,0f,1f],start_interpolation:0}