execute if entity @s[tag=aj.attack.bone.right_thumb_2] run data modify entity @s {} merge value {transformation:[-0.9762960071199334f,0.21643961393810288f,1.2211459551254165e-16f,-1.84718375f,0.21582088751911166f,0.9735051126003493f,-0.07555885289920813f,-2.9929564430245272f,-0.01635392895111063f,-0.07376780638805927f,-0.9971413439169774f,0.06736095117093825f,0f,0f,0f,1f],start_interpolation:0}
execute if entity @s[tag=aj.attack.bone.right_thumb] run data modify entity @s {} merge value {transformation:[-1f,9.253290735026093e-18f,1.2211459551254165e-16f,-1.99476f,0f,0.9971413439169774f,-0.07555885289920813f,-2.707147066044284f,-1.2246467991473532e-16f,-0.07555885289920813f,-0.9971413439169774f,0.04570361161300432f,0f,0f,0f,1f],start_interpolation:0}
execute if entity @s[tag=aj.attack.bone.right_fingers2] run data modify entity @s {} merge value {transformation:[-0.7933533402912352f,-0.6087614290087205f,1.2211459551254165e-16f,-2.114399333847494f,-0.6070211894465752f,0.7910854159390253f,-0.07555885289920813f,-3.8266640056203496f,0.045997315265181554f,-0.05994486833616093f,-0.9971413439169774f,-0.03881483179376845f,0f,0f,0f,1f],start_interpolation:0}
execute if entity @s[tag=aj.attack.bone.right_fingers] run data modify entity @s {} merge value {transformation:[-0.9659258262890683f,-0.25881904510252074f,1.2211459551254165e-16f,-2.19156125f,-0.2580791704648363f,0.9631645765499984f,-0.07555885289920813f,-3.3606408165150445f,0.01955607015641476f,-0.07298424742012181f,-0.9971413439169774f,-0.08227625063634719f,0f,0f,0f,1f],start_interpolation:0}
execute if entity @s[tag=aj.attack.locator_origin.right_hand] at @s on origin run tp @s ^-2 ^-3.39248 ^-0.08609 ~0 ~-4.33333
execute if entity @s[tag=aj.attack.bone.right_hand] run data modify entity @s {} merge value {transformation:[-1f,9.253290735026093e-18f,1.2211459551254165e-16f,-2.25406125f,0f,0.9971413439169774f,-0.07555885289920813f,-2.659795842393463f,-1.2246467991473532e-16f,-0.07555885289920813f,-0.9971413439169774f,-0.16471696258384655f,0f,0f,0f,1f],start_interpolation:0}
execute if entity @s[tag=aj.attack.bone.right_forearm] run data modify entity @s {} merge value {transformation:[-1.505329166666667f,1.392924843108122e-17f,1.8382266230073145e-16f,-2.2109925f,0f,1.501025948287424f,-0.11374094506905426f,-0.49468941229764507f,-1.8434965456214864e-16f,-0.11374094506905426f,-1.501025948287424f,-0.32332332188039525f,0f,0f,0f,1f],start_interpolation:0}
execute if entity @s[tag=aj.attack.bone.right_bicep] run data modify entity @s {} merge value {transformation:[-1.578893333333333f,1.4609959052927795e-17f,1.9280592075744855e-16f,-2.107345625f,0f,1.5743798203015558f,-0.11929936911687371f,1.791706542461779f,-1.9335866668617613e-16f,-0.11929936911687371f,-1.5743798203015558f,-0.5564371698148417f,0f,0f,0f,1f],start_interpolation:0}
execute if entity @s[tag=aj.attack.bone.right_shoulder] run data modify entity @s {} merge value {transformation:[-1f,9.253290735026093e-18f,1.2211459551254165e-16f,-1.795433125f,0f,0.9971413439169774f,-0.07555885289920813f,2.032658892872577f,-1.2246467991473532e-16f,-0.07555885289920813f,-0.9971413439169774f,-0.5746954471508215f,0f,0f,0f,1f],start_interpolation:0}
execute if entity @s[tag=aj.attack.bone.left_thumb_2] run data modify entity @s {} merge value {transformation:[-0.9762960071199334f,-0.21643961393810288f,1.2211459551254165e-16f,1.86831875f,-0.21582088751911166f,0.9735051126003493f,-0.07555885289920813f,-2.8948801268061723f,0.016353928951110396f,-0.07376780638805933f,-0.9971413439169774f,0.033440079221554994f,0f,0f,0f,1f],start_interpolation:0}
execute if entity @s[tag=aj.attack.bone.left_thumb] run data modify entity @s {} merge value {transformation:[-1f,9.253290735026093e-18f,1.2211459551254165e-16f,2.015895f,0f,0.9971413439169774f,-0.07555885289920813f,-2.609070749825929f,-1.2246467991473532e-16f,-0.07555885289920813f,-0.9971413439169774f,0.011782739663621089f,0f,0f,0f,1f],start_interpolation:0}
execute if entity @s[tag=aj.attack.bone.left_fingers2] run data modify entity @s {} merge value {transformation:[-0.7933533402912352f,0.6087614290087205f,1.2211459551254165e-16f,2.135534333847494f,0.6070211894465752f,0.7910854159390253f,-0.07555885289920813f,-3.7285876894019943f,-0.045997315265181755f,-0.059944868336160785f,-0.9971413439169774f,-0.07273570374315162f,0f,0f,0f,1f],start_interpolation:0}
execute if entity @s[tag=aj.attack.bone.left_fingers] run data modify entity @s {} merge value {transformation:[-0.9659258262890683f,0.25881904510252074f,1.2211459551254165e-16f,2.21269625f,0.2580791704648363f,0.9631645765499984f,-0.07555885289920813f,-3.2625645002966897f,-0.019556070156414997f,-0.07298424742012176f,-0.9971413439169774f,-0.11619712258573033f,0f,0f,0f,1f],start_interpolation:0}
execute if entity @s[tag=aj.attack.bone.left_hand] run data modify entity @s {} merge value {transformation:[-1f,9.253290735026093e-18f,1.2211459551254165e-16f,2.27519625f,0f,0.9971413439169774f,-0.07555885289920813f,-2.561719526175108f,-1.2246467991473532e-16f,-0.07555885289920813f,-0.9971413439169774f,-0.19863783453322967f,0f,0f,0f,1f],start_interpolation:0}
execute if entity @s[tag=aj.attack.bone.left_forearm] run data modify entity @s {} merge value {transformation:[-1.505329166666667f,1.392924843108122e-17f,1.8382266230073145e-16f,2.2321275f,0f,1.501025948287424f,-0.11374094506905426f,-0.39661309607929063f,-1.8434965456214864e-16f,-0.11374094506905426f,-1.501025948287424f,-0.35724419382977834f,0f,0f,0f,1f],start_interpolation:0}
execute if entity @s[tag=aj.attack.bone.left_bicep] run data modify entity @s {} merge value {transformation:[-1.5788933333333335f,1.4609959052927798e-17f,1.9280592075744863e-16f,2.044845625f,0f,1.5743798203015562f,-0.11929936911687374f,1.9747620437967672f,-1.9335866668617618e-16f,-0.11929936911687374f,-1.5743798203015562f,-0.5158547422014468f,0f,0f,0f,1f],start_interpolation:0}
execute if entity @s[tag=aj.attack.bone.left_shoulder] run data modify entity @s {} merge value {transformation:[-1f,9.253290735026093e-18f,1.2211459551254165e-16f,1.795433125f,0f,0.9971413439169774f,-0.07555885289920813f,2.215714394207565f,-1.2246467991473532e-16f,-0.07555885289920813f,-0.9971413439169774f,-0.5341130195374267f,0f,0f,0f,1f],start_interpolation:0}