execute if entity @s[tag=aj.attack.bone.right_thumb_2] run data modify entity @s {} merge value {transformation:[-0.9762960071199334f,0.2164396139381029f,1.2078515049676923e-16f,-1.84718375f,0.21347127482942793f,0.9629066946606807f,-0.1650476058606776f,-6.8155189083075545f,-0.03572284009389334f,-0.16113531858648403f,-0.9862856015372314f,0.5531727168029953f,0f,0f,0f,1f],start_interpolation:0}
execute if entity @s[tag=aj.attack.bone.right_thumb] run data modify entity @s {} merge value {transformation:[-1f,2.0212502222421278e-17f,1.2078515049676923e-16f,-1.99476f,0f,0.9862856015372314f,-0.1650476058606776f,-6.53282109919594f,-1.2246467991473532e-16f,-0.1650476058606776f,-0.9862856015372314f,0.5058653278446565f,0f,0f,0f,1f],start_interpolation:0}
execute if entity @s[tag=aj.attack.bone.right_fingers2] run data modify entity @s {} merge value {transformation:[-0.7933533402912352f,-0.6087614290087205f,1.2078515049676923e-16f,-2.114399333847494f,-0.6004126322025305f,0.7824729764607127f,-0.1650476058606776f,-7.65540054923629f,0.10047461639821409f,-0.1309410694166399f,-0.9862856015372314f,0.5225063500718644f,0f,0f,0f,1f],start_interpolation:0}
execute if entity @s[tag=aj.attack.bone.right_fingers] run data modify entity @s {} merge value {transformation:[-0.9659258262890683f,-0.25881904510252074f,1.2078515049676923e-16f,-2.19156125f,-0.2552694975882315f,0.952678734621861f,-0.1650476058606776f,-7.195184671030063f,0.042717463745317666f,-0.15942374506800752f,-0.9862856015372314f,0.43725464534662506f,0f,0f,0f,1f],start_interpolation:0}
execute if entity @s[tag=aj.attack.locator_origin.right_hand] at @s on origin run tp @s ^-2 ^-7.22724 ^0.43633 ~0 ~-9.5
execute if entity @s[tag=aj.attack.bone.right_hand] run data modify entity @s {} merge value {transformation:[-1f,2.0212502222421278e-17f,1.2078515049676923e-16f,-2.25406125f,0f,0.9862856015372314f,-0.1650476058606776f,-6.504611307997131f,-1.2246467991473532e-16f,-0.1650476058606776f,-0.9862856015372314f,0.29203557288271936f,0f,0f,0f,1f],start_interpolation:0}
execute if entity @s[tag=aj.attack.bone.right_forearm] run data modify entity @s {} merge value {transformation:[-1.505329166666667f,3.0426469126725576e-17f,1.818214099430096e-16f,-2.2109925f,0f,1.484684482657373f,-0.24845097499058233f,-4.362584803787071f,-1.8434965456214864e-16f,-0.24845097499058233f,-1.484684482657373f,-0.06090108731737043f,0f,0f,0f,1f],start_interpolation:0}
execute if entity @s[tag=aj.attack.bone.right_bicep] run data modify entity @s {} merge value {transformation:[-1.5788933333333333f,3.1913385008966136e-17f,1.9070686888501228e-16f,-2.107345625f,0f,1.557239761029791f,-0.26059256457605146f,-2.1064712158461454f,-1.9335866668617615e-16f,-0.26059256457605146f,-1.557239761029791f,-0.4989650168383807f,0f,0f,0f,1f],start_interpolation:0}
execute if entity @s[tag=aj.attack.bone.right_shoulder] run data modify entity @s {} merge value {transformation:[-1f,2.0212502222421278e-17f,1.2078515049676923e-16f,-1.795433125f,0f,0.9862856015372314f,-0.1650476058606776f,-1.8681420809481837f,-1.2246467991473532e-16f,-0.1650476058606776f,-0.9862856015372314f,-0.5388476360923231f,0f,0f,0f,1f],start_interpolation:0}
execute if entity @s[tag=aj.attack.bone.left_thumb_2] run data modify entity @s {} merge value {transformation:[-0.9762960071199334f,-0.21643961393810285f,1.2078515049676923e-16f,1.86831875f,-0.21347127482942793f,0.9629066946606807f,-0.1650476058606776f,-6.885505603525434f,0.03572284009389311f,-0.16113531858648408f,-0.9862856015372314f,0.4913593899266894f,0f,0f,0f,1f],start_interpolation:0}
execute if entity @s[tag=aj.attack.bone.left_thumb] run data modify entity @s {} merge value {transformation:[-1f,2.0212502222421278e-17f,1.2078515049676923e-16f,2.015895f,0f,0.9862856015372314f,-0.1650476058606776f,-6.6028077944138195f,-1.2246467991473532e-16f,-0.1650476058606776f,-0.9862856015372314f,0.44405200096835074f,0f,0f,0f,1f],start_interpolation:0}
execute if entity @s[tag=aj.attack.bone.left_fingers2] run data modify entity @s {} merge value {transformation:[-0.7933533402912352f,0.6087614290087205f,1.2078515049676923e-16f,2.135534333847494f,0.6004126322025305f,0.7824729764607127f,-0.1650476058606776f,-7.72538724445417f,-0.10047461639821428f,-0.13094106941663974f,-0.9862856015372314f,0.46069302319555855f,0f,0f,0f,1f],start_interpolation:0}
execute if entity @s[tag=aj.attack.bone.left_fingers] run data modify entity @s {} merge value {transformation:[-0.9659258262890683f,0.25881904510252074f,1.2078515049676923e-16f,2.21269625f,0.2552694975882315f,0.952678734621861f,-0.1650476058606776f,-7.265171366247943f,-0.0427174637453179f,-0.15942374506800747f,-0.9862856015372314f,0.37544131847031925f,0f,0f,0f,1f],start_interpolation:0}
execute if entity @s[tag=aj.attack.bone.left_hand] run data modify entity @s {} merge value {transformation:[-1f,2.0212502222421278e-17f,1.2078515049676923e-16f,2.27519625f,0f,0.9862856015372314f,-0.1650476058606776f,-6.57459800321501f,-1.2246467991473532e-16f,-0.1650476058606776f,-0.9862856015372314f,0.2302222460064136f,0f,0f,0f,1f],start_interpolation:0}
execute if entity @s[tag=aj.attack.bone.left_forearm] run data modify entity @s {} merge value {transformation:[-1.505329166666667f,3.0426469126725576e-17f,1.818214099430096e-16f,2.2321275f,0f,1.484684482657373f,-0.24845097499058233f,-4.4325714990049505f,-1.8434965456214864e-16f,-0.24845097499058233f,-1.484684482657373f,-0.12271441419367607f,0f,0f,0f,1f],start_interpolation:0}
execute if entity @s[tag=aj.attack.bone.left_bicep] run data modify entity @s {} merge value {transformation:[-1.5788933333333333f,3.1913385008966136e-17f,1.9070686888501228e-16f,2.044845625f,0f,1.557239761029791f,-0.26059256457605146f,-2.085114740690397f,-1.9335866668617615e-16f,-0.26059256457605146f,-1.557239761029791f,-0.49423040028348436f,0f,0f,0f,1f],start_interpolation:0}
execute if entity @s[tag=aj.attack.bone.left_shoulder] run data modify entity @s {} merge value {transformation:[-1f,2.0212502222421278e-17f,1.2078515049676923e-16f,1.795433125f,0f,0.9862856015372314f,-0.1650476058606776f,-1.8467856057924352f,-1.2246467991473532e-16f,-0.1650476058606776f,-0.9862856015372314f,-0.5341130195374268f,0f,0f,0f,1f],start_interpolation:0}