execute if entity @s[tag=aj.attack.bone.right_thumb_2] run data modify entity @s {} merge value {transformation:[-0.9762960071199334f,0.21643961393810288f,1.2245639003608327e-16f,-1.84718375f,0.21642496270857048f,0.9762299196942925f,-0.011635265801397038f,-3.0237295918129283f,-0.002518332438121706f,-0.011359463543683014f,-0.9999323080037623f,-0.25535015601613636f,0f,0f,0f,1f],start_interpolation:0}
execute if entity @s[tag=aj.attack.bone.right_thumb] run data modify entity @s {} merge value {transformation:[-1f,1.4249091020909543e-18f,1.2245639003608327e-16f,-1.99476f,0f,0.9999323080037623f,-0.011635265801397038f,-2.7371202442851947f,-1.2246467991473532e-16f,-0.011635265801397038f,-0.9999323080037623f,-0.2586851577087086f,0f,0f,0f,1f],start_interpolation:0}
execute if entity @s[tag=aj.attack.bone.right_fingers2] run data modify entity @s {} merge value {transformation:[-0.7933533402912352f,-0.6087614290087205f,1.2245639003608327e-16f,-2.114399333847494f,-0.6087202207323584f,0.793299636619909f,-0.011635265801397038f,-3.848940423611045f,0.0070831010361546605f,-0.00923087698871479f,-0.9999323080037623f,-0.41462564032145777f,0f,0f,0f,1f],start_interpolation:0}
execute if entity @s[tag=aj.attack.bone.right_fingers] run data modify entity @s {} merge value {transformation:[-0.9659258262890683f,-0.25881904510252074f,1.2245639003608327e-16f,-2.19156125f,-0.2588015251246934f,0.9658604408416692f,-0.011635265801397038f,-3.3810917542657144f,0.0030114283842314787f,-0.011238803733307403f,-0.9999323080037623f,-0.42819510248810255f,0f,0f,0f,1f],start_interpolation:0}
execute if entity @s[tag=aj.attack.locator_origin.right_hand] at @s on origin run tp @s ^-2 ^-3.41263 ^-0.43403 ~0 ~-0.66667
execute if entity @s[tag=aj.attack.bone.right_hand] run data modify entity @s {} merge value {transformation:[-1f,1.4249091020909543e-18f,1.2245639003608327e-16f,-2.25406125f,0f,0.9999323080037623f,-0.011635265801397038f,-2.6764091884285f,-1.2246467991473532e-16f,-0.011635265801397038f,-0.9999323080037623f,-0.46564680662784474f,0f,0f,0f,1f],start_interpolation:0}
execute if entity @s[tag=aj.attack.bone.right_forearm] run data modify entity @s {} merge value {transformation:[-1.505329166666667f,2.144957231226325e-18f,1.8433717556602557e-16f,-2.2109925f,0f,1.5052272679303806f,-0.017514904972762174f,-0.5055915952217878f,-1.8434965456214864e-16f,-0.017514904972762174f,-1.5052272679303806f,-0.48546618794463936f,0f,0f,0f,1f],start_interpolation:0}
execute if entity @s[tag=aj.attack.bone.right_bicep] run data modify entity @s {} merge value {transformation:[-1.578893333333333f,2.2497794818973934e-18f,1.9334557785203826e-16f,-2.107345625f,0f,1.5787864548917534f,-0.018370843605387103f,1.7910321251780856f,-1.9335866668617613e-16f,-0.018370843605387103f,-1.5787864548917534f,-0.5718838651623663f,0f,0f,0f,1f],start_interpolation:0}
execute if entity @s[tag=aj.attack.bone.right_shoulder] run data modify entity @s {} merge value {transformation:[-1f,1.4249091020909543e-18f,1.2245639003608327e-16f,-1.795433125f,0f,0.9999323080037623f,-0.011635265801397038f,2.032658892872577f,-1.2246467991473532e-16f,-0.011635265801397038f,-0.9999323080037623f,-0.5746954471508215f,0f,0f,0f,1f],start_interpolation:0}
execute if entity @s[tag=aj.attack.bone.left_thumb_2] run data modify entity @s {} merge value {transformation:[-0.9762960071199334f,-0.21643961393810288f,1.2245639003608327e-16f,1.86831875f,-0.21642496270857048f,0.9762299196942925f,-0.011635265801397038f,-2.9207147074225683f,0.0025183324381214665f,-0.011359463543683066f,-0.9999323080037623f,-0.29455308537976743f,0f,0f,0f,1f],start_interpolation:0}
execute if entity @s[tag=aj.attack.bone.left_thumb] run data modify entity @s {} merge value {transformation:[-1f,1.4249091020909543e-18f,1.2245639003608327e-16f,2.015895f,0f,0.9999323080037623f,-0.011635265801397038f,-2.6341053598948347f,-1.2246467991473532e-16f,-0.011635265801397038f,-0.9999323080037623f,-0.2978880870723396f,0f,0f,0f,1f],start_interpolation:0}
execute if entity @s[tag=aj.attack.bone.left_fingers2] run data modify entity @s {} merge value {transformation:[-0.7933533402912352f,0.6087614290087205f,1.2245639003608327e-16f,2.135534333847494f,0.6087202207323584f,0.793299636619909f,-0.011635265801397038f,-3.745925539220685f,-0.007083101036154855f,-0.00923087698871464f,-0.9999323080037623f,-0.45382856968508867f,0f,0f,0f,1f],start_interpolation:0}
execute if entity @s[tag=aj.attack.bone.left_fingers] run data modify entity @s {} merge value {transformation:[-0.9659258262890683f,0.25881904510252074f,1.2245639003608327e-16f,2.21269625f,0.2588015251246934f,0.9658604408416692f,-0.011635265801397038f,-3.2780768698753544f,-0.0030114283842317155f,-0.01123880373330734f,-0.9999323080037623f,-0.46739803185173345f,0f,0f,0f,1f],start_interpolation:0}
execute if entity @s[tag=aj.attack.bone.left_hand] run data modify entity @s {} merge value {transformation:[-1f,1.4249091020909543e-18f,1.2245639003608327e-16f,2.27519625f,0f,0.9999323080037623f,-0.011635265801397038f,-2.57339430403814f,-1.2246467991473532e-16f,-0.011635265801397038f,-0.9999323080037623f,-0.5048497359914756f,0f,0f,0f,1f],start_interpolation:0}
execute if entity @s[tag=aj.attack.bone.left_forearm] run data modify entity @s {} merge value {transformation:[-1.505329166666667f,2.144957231226325e-18f,1.8433717556602557e-16f,2.2321275f,0f,1.5052272679303806f,-0.017514904972762174f,-0.4025767108314282f,-1.8434965456214864e-16f,-0.017514904972762174f,-1.5052272679303806f,-0.5246691173082703f,0f,0f,0f,1f],start_interpolation:0}
execute if entity @s[tag=aj.attack.bone.left_bicep] run data modify entity @s {} merge value {transformation:[-1.5788933333333335f,2.2497794818973942e-18f,1.933455778520383e-16f,2.044845625f,0f,1.5787864548917538f,-0.01837084360538711f,1.9740876265130738f,-1.9335866668617618e-16f,-0.01837084360538711f,-1.5787864548917538f,-0.5313014375489715f,0f,0f,0f,1f],start_interpolation:0}
execute if entity @s[tag=aj.attack.bone.left_shoulder] run data modify entity @s {} merge value {transformation:[-1f,1.4249091020909543e-18f,1.2245639003608327e-16f,1.795433125f,0f,0.9999323080037623f,-0.011635265801397038f,2.215714394207565f,-1.2246467991473532e-16f,-0.011635265801397038f,-0.9999323080037623f,-0.5341130195374267f,0f,0f,0f,1f],start_interpolation:0}