execute if entity @s[tag=aj.attack.bone.right_thumb_2] run data modify entity @s {} merge value {transformation:[-0.9762960071199334f,0.21643961393810285f,1.2119400440666288e-16f,-1.84718375f,0.2141938683353766f,0.9661661033326543f,0.1436803658769083f,-7.074531115152823f,0.031098122920883285f,0.14027456750715672f,-0.989624147068713f,-1.04389545350074f,0f,0f,0f,1f],start_interpolation:0}
execute if entity @s[tag=aj.attack.bone.right_thumb] run data modify entity @s {} merge value {transformation:[-1f,-1.7595770017147632e-17f,1.2119400440666288e-16f,-1.99476f,0f,0.989624147068713f,0.1436803658769083f,-6.790876382908701f,-1.2246467991473532e-16f,0.1436803658769083f,-0.989624147068713f,-1.0027125298298991f,0f,0f,0f,1f],start_interpolation:0}
execute if entity @s[tag=aj.attack.bone.right_fingers2] run data modify entity @s {} merge value {transformation:[-0.7933533402912352f,-0.6087614290087205f,1.2119400440666288e-16f,-2.114399333847494f,-0.6024450099510861f,0.7851216227098281f,0.1436803658769083f,-7.865027651632811f,-0.08746706485172262f,0.11398929820271195f,-0.989624147068713f,-1.3293018700907977f,0f,0f,0f,1f],start_interpolation:0}
execute if entity @s[tag=aj.attack.bone.right_fingers] run data modify entity @s {} merge value {transformation:[-0.9659258262890683f,-0.25881904510252074f,1.2119400440666288e-16f,-2.19156125f,-0.25613357675472087f,0.9559035219729611f,0.1436803658769083f,-7.400741003198278f,-0.03718721509624233f,0.1387845761311683f,-0.989624147068713f,-1.270103763726514f,0f,0f,0f,1f],start_interpolation:0}
execute if entity @s[tag=aj.attack.locator_origin.right_hand] at @s on origin run tp @s ^-2 ^-7.43099 ^-1.28077 ~0 ~8.26087
execute if entity @s[tag=aj.attack.bone.right_hand] run data modify entity @s {} merge value {transformation:[-1f,-1.7595770017147632e-17f,1.2119400440666288e-16f,-2.25406125f,0f,0.989624147068713f,0.1436803658769083f,-6.698783436607549f,-1.2246467991473532e-16f,0.1436803658769083f,-0.989624147068713f,-1.1977454646592134f,0f,0f,0f,1f],start_interpolation:0}
execute if entity @s[tag=aj.attack.bone.right_forearm] run data modify entity @s {} merge value {transformation:[-1.505329166666667f,-2.6487425816771172e-17f,1.824368696584782e-16f,-2.2109925f,0f,1.489710092620157f,0.21628624543184818f,-4.551188759896267f,-1.8434965456214864e-16f,0.21628624543184818f,-1.489710092620157f,-0.880446023416522f,0f,0f,0f,1f],start_interpolation:0}
execute if entity @s[tag=aj.attack.bone.right_bicep] run data modify entity @s {} merge value {transformation:[-1.5788933333333333f,-2.778184397494095e-17f,1.9135240559765064e-16f,-2.107345625f,0f,1.5625109683124772f,0.22685597181394465f,-2.2689769786005662f,-1.9335866668617615e-16f,0.22685597181394465f,-1.5625109683124772f,-0.6094148197624609f,0f,0f,0f,1f],start_interpolation:0}
execute if entity @s[tag=aj.attack.bone.right_shoulder] run data modify entity @s {} merge value {transformation:[-1f,-1.7595770017147632e-17f,1.2119400440666288e-16f,-1.795433125f,0f,0.989624147068713f,0.1436803658769083f,-2.0298411071274227f,-1.2246467991473532e-16f,0.1436803658769083f,-0.989624147068713f,-0.5746954471508213f,0f,0f,0f,1f],start_interpolation:0}
execute if entity @s[tag=aj.attack.bone.left_thumb_2] run data modify entity @s {} merge value {transformation:[-0.9762960071199334f,-0.2164396139381029f,1.2119400440666288e-16f,1.86831875f,-0.2141938683353766f,0.9661661033326543f,0.1436803658769083f,-6.958165065586599f,-0.03109812292088352f,0.14027456750715667f,-0.989624147068713f,-1.094552932570824f,0f,0f,0f,1f],start_interpolation:0}
execute if entity @s[tag=aj.attack.bone.left_thumb] run data modify entity @s {} merge value {transformation:[-1f,-1.7595770017147632e-17f,1.2119400440666288e-16f,2.015895f,0f,0.989624147068713f,0.1436803658769083f,-6.674510333342478f,-1.2246467991473532e-16f,0.1436803658769083f,-0.989624147068713f,-1.0533700088999831f,0f,0f,0f,1f],start_interpolation:0}
execute if entity @s[tag=aj.attack.bone.left_fingers2] run data modify entity @s {} merge value {transformation:[-0.7933533402912352f,0.6087614290087205f,1.2119400440666288e-16f,2.135534333847494f,0.6024450099510861f,0.7851216227098281f,0.1436803658769083f,-7.748661602066588f,0.08746706485172243f,0.1139892982027121f,-0.989624147068713f,-1.3799593491608815f,0f,0f,0f,1f],start_interpolation:0}
execute if entity @s[tag=aj.attack.bone.left_fingers] run data modify entity @s {} merge value {transformation:[-0.9659258262890683f,0.25881904510252074f,1.2119400440666288e-16f,2.21269625f,0.25613357675472087f,0.9559035219729611f,0.1436803658769083f,-7.284374953632055f,0.03718721509624209f,0.13878457613116835f,-0.989624147068713f,-1.3207612427965978f,0f,0f,0f,1f],start_interpolation:0}
execute if entity @s[tag=aj.attack.bone.left_hand] run data modify entity @s {} merge value {transformation:[-1f,-1.7595770017147632e-17f,1.2119400440666288e-16f,2.27519625f,0f,0.989624147068713f,0.1436803658769083f,-6.582417387041326f,-1.2246467991473532e-16f,0.1436803658769083f,-0.989624147068713f,-1.2484029437292972f,0f,0f,0f,1f],start_interpolation:0}
execute if entity @s[tag=aj.attack.bone.left_forearm] run data modify entity @s {} merge value {transformation:[-1.505329166666667f,-2.6487425816771172e-17f,1.824368696584782e-16f,2.2321275f,0f,1.489710092620157f,0.21628624543184818f,-4.434822710330043f,-1.8434965456214864e-16f,0.21628624543184818f,-1.489710092620157f,-0.9311035024866059f,0f,0f,0f,1f],start_interpolation:0}
execute if entity @s[tag=aj.attack.bone.left_bicep] run data modify entity @s {} merge value {transformation:[-1.5788933333333333f,-2.778184397494095e-17f,1.9135240559765064e-16f,2.044845625f,0f,1.5625109683124772f,0.22685597181394465f,-2.085921477265579f,-1.9335866668617615e-16f,0.22685597181394465f,-1.5625109683124772f,-0.5688323921490663f,0f,0f,0f,1f],start_interpolation:0}
execute if entity @s[tag=aj.attack.bone.left_shoulder] run data modify entity @s {} merge value {transformation:[-1f,-1.7595770017147632e-17f,1.2119400440666288e-16f,1.795433125f,0f,0.989624147068713f,0.1436803658769083f,-1.8467856057924352f,-1.2246467991473532e-16f,0.1436803658769083f,-0.989624147068713f,-0.5341130195374268f,0f,0f,0f,1f],start_interpolation:0}