execute if entity @s[tag=aj.attack.bone.right_thumb_2] run data modify entity @s {} merge value {transformation:[-0.9762960071199334f,0.21643961393810288f,1.224452844429655e-16f,-1.84718375f,0.21640533508786683f,0.9761413852186779f,0.017796825808802236f,-7.529825252836277f,0.0038519381073807016f,0.01737496997654263f,-0.9998416239540796f,-0.46678325494551687f,0f,0f,0f,1f],start_interpolation:0}
execute if entity @s[tag=aj.attack.bone.right_thumb] run data modify entity @s {} merge value {transformation:[-1f,-2.1794825761732656e-18f,1.224452844429655e-16f,-1.99476f,0f,0.9998416239540796f,0.017796825808802236f,-7.243241897964349f,-1.2246467991473532e-16f,0.017796825808802236f,-0.9998416239540796f,-0.46168217300997216f,0f,0f,0f,1f],start_interpolation:0}
execute if entity @s[tag=aj.attack.bone.right_fingers2] run data modify entity @s {} merge value {transformation:[-0.7933533402912352f,-0.6087614290087205f,1.224452844429655e-16f,-2.1143993338474933f,-0.6086650157806853f,0.7932276921261822f,0.017796825808802236f,-8.349991337356904f,-0.010834021111185825f,0.014119171201994444f,-0.9998416239540796f,-0.6502749185701621f,0f,0f,0f,1f],start_interpolation:0}
execute if entity @s[tag=aj.attack.bone.right_fingers] run data modify entity @s {} merge value {transformation:[-0.9659258262890683f,-0.25881904510252074f,1.224452844429655e-16f,-2.19156125f,-0.2587780543655485f,0.9657728467760482f,0.017796825808802236f,-7.881945970124874f,-0.004606157461690209f,0.017190413674689885f,-0.9998416239540796f,-0.6500701642707405f,0f,0f,0f,1f],start_interpolation:0}
execute if entity @s[tag=aj.attack.locator_origin.right_hand] at @s on origin run tp @s ^-2 ^-7.9133 ^-0.65683 ~0 ~1.01974
execute if entity @s[tag=aj.attack.bone.right_hand] run data modify entity @s {} merge value {transformation:[-1f,-2.1794825761732656e-18f,1.224452844429655e-16f,-2.25406125f,0f,0.9998416239540796f,0.017796825808802236f,-7.176466454267648f,-1.2246467991473532e-16f,0.017796825808802236f,-0.9998416239540796f,-0.6667675126753689f,0f,0f,0f,1f],start_interpolation:0}
execute if entity @s[tag=aj.attack.bone.right_forearm] run data modify entity @s {} merge value {transformation:[-1.5053291666666664f,-3.280838690155421e-18f,1.8432045799279218e-16f,-2.2109925f,0f,1.5050907585854412f,0.02679008096407609f,-5.006005837756106f,-1.8434965456214856e-16f,0.02679008096407609f,-1.5050907585854412f,-0.6226932228466977f,0f,0f,0f,1f],start_interpolation:0}
execute if entity @s[tag=aj.attack.bone.right_bicep] run data modify entity @s {} merge value {transformation:[-1.5788933333333333f,-3.4411705096361278e-18f,1.9332804330510193e-16f,-2.107345625f,0f,1.5786432744502699f,0.028099289624012456f,-2.7078336600317106f,-1.9335866668617615e-16f,0.028099289624012456f,-1.5786432744502699f,-0.641486029251471f,0f,0f,0f,1f],start_interpolation:0}
execute if entity @s[tag=aj.attack.bone.right_shoulder] run data modify entity @s {} merge value {transformation:[-1f,-2.1794825761732656e-18f,1.224452844429655e-16f,-1.795433125f,0f,0.9998416239540796f,0.017796825808802236f,-2.4673411071274223f,-1.2246467991473532e-16f,0.017796825808802236f,-0.9998416239540796f,-0.5746954471508213f,0f,0f,0f,1f],start_interpolation:0}
execute if entity @s[tag=aj.attack.bone.left_thumb_2] run data modify entity @s {} merge value {transformation:[-0.9762960071199334f,-0.21643961393810288f,1.224452844429655e-16f,1.86831875f,-0.21640533508786683f,0.9761413852186779f,0.017796825808802236f,-7.425539995423211f,-0.003851938107380941f,0.017374969976542573f,-0.9998416239540796f,-0.44581704438100955f,0f,0f,0f,1f],start_interpolation:0}
execute if entity @s[tag=aj.attack.bone.left_thumb] run data modify entity @s {} merge value {transformation:[-1f,-2.1794825761732656e-18f,1.224452844429655e-16f,2.015895f,0f,0.9998416239540796f,0.017796825808802236f,-7.138956640551283f,-1.2246467991473532e-16f,0.017796825808802236f,-0.9998416239540796f,-0.4407159624454648f,0f,0f,0f,1f],start_interpolation:0}
execute if entity @s[tag=aj.attack.bone.left_fingers2] run data modify entity @s {} merge value {transformation:[-0.7933533402912352f,0.6087614290087205f,1.224452844429655e-16f,2.1355343338474935f,0.6086650157806853f,0.7932276921261822f,0.017796825808802236f,-8.245706079943838f,0.010834021111185633f,0.014119171201994593f,-0.9998416239540796f,-0.6293087080056547f,0f,0f,0f,1f],start_interpolation:0}
execute if entity @s[tag=aj.attack.bone.left_fingers] run data modify entity @s {} merge value {transformation:[-0.9659258262890683f,0.25881904510252074f,1.224452844429655e-16f,2.21269625f,0.2587780543655485f,0.9657728467760482f,0.017796825808802236f,-7.777660712711808f,0.004606157461689973f,0.017190413674689948f,-0.9998416239540796f,-0.6291039537062331f,0f,0f,0f,1f],start_interpolation:0}
execute if entity @s[tag=aj.attack.bone.left_hand] run data modify entity @s {} merge value {transformation:[-1f,-2.1794825761732656e-18f,1.224452844429655e-16f,2.27519625f,0f,0.9998416239540796f,0.017796825808802236f,-7.072181196854582f,-1.2246467991473532e-16f,0.017796825808802236f,-0.9998416239540796f,-0.6458013021108615f,0f,0f,0f,1f],start_interpolation:0}
execute if entity @s[tag=aj.attack.bone.left_forearm] run data modify entity @s {} merge value {transformation:[-1.505329166666667f,-3.2808386901554227e-18f,1.8432045799279228e-16f,2.2321275f,0f,1.5050907585854418f,0.0267900809640761f,-4.90172058034304f,-1.8434965456214864e-16f,0.0267900809640761f,-1.5050907585854418f,-0.6017270122821903f,0f,0f,0f,1f],start_interpolation:0}
execute if entity @s[tag=aj.attack.bone.left_bicep] run data modify entity @s {} merge value {transformation:[-1.5788933333333333f,-3.4411705096361278e-18f,1.9332804330510193e-16f,2.044845625f,0f,1.5786432744502699f,0.028099289624012456f,-2.525890460309773f,-1.9335866668617615e-16f,0.028099289624012456f,-1.5786432744502699f,-0.5384135001409462f,0f,0f,0f,1f],start_interpolation:0}
execute if entity @s[tag=aj.attack.bone.left_shoulder] run data modify entity @s {} merge value {transformation:[-1f,-2.1794825761732656e-18f,1.224452844429655e-16f,1.795433125f,0f,0.9998416239540796f,0.017796825808802236f,-2.284285605792434f,-1.2246467991473532e-16f,0.017796825808802236f,-0.9998416239540796f,-0.5341130195374266f,0f,0f,0f,1f],start_interpolation:0}