execute if entity @s[tag=aj.attack.bone.right_thumb_2] run data modify entity @s {} merge value {transformation:[-0.9676410531433218f,0.25233071994149403f,0.000006744662254150894f,-2.3095795836965487f,0.25137373321095513f,0.9639735133107228f,-0.08698454970262977f,-6.7862543293116735f,-0.021955375726020472f,-0.08416812585052023f,-0.9962096606977571f,0.115622134098299f,0f,0f,0f,1f],start_interpolation:0}
execute if entity @s[tag=aj.attack.bone.right_thumb] run data modify entity @s {} merge value {transformation:[-0.9993184601180128f,0.03691361837957892f,0.000006744662254150894f,-2.446474750302424f,0.03677311696115733f,0.9955307257849915f,-0.08698454970262977f,-6.49547976309139f,-0.003217628991151439f,-0.08692501824063681f,-0.9962096606977571f,0.09023207915585263f,0f,0f,0f,1f],start_interpolation:0}
execute if entity @s[tag=aj.attack.bone.right_fingers2] run data modify entity @s {} merge value {transformation:[-0.8152842254239541f,-0.5790609913725608f,0.000006744662254150894f,-2.607002957464959f,-0.5768666320769058f,0.8121936818944597f,-0.08698454970262977f,-7.610738931820463f,0.05036388161283126f,-0.07092102199875899f,-0.9962096606977571f,0.018101664294604983f,0f,0f,0f,1f],start_interpolation:0}
execute if entity @s[tag=aj.attack.bone.right_fingers] run data modify entity @s {} merge value {transformation:[-0.9748214567756924f,-0.22298683226645144f,0.000006744662254150894f,-2.666837583613395f,-0.22214220843196045f,0.9711264219173539f,-0.08698454970262977f,-7.142724821167602f,0.019389859274591203f,-0.08479590373226345f,-0.9962096606977571f,-0.030919542947809686f,0f,0f,0f,1f],start_interpolation:0}
execute if entity @s[tag=aj.attack.locator_origin.right_hand] at @s on origin run tp @s ^-2.47657 ^-7.18163 ^-0.03375 ~0.00039 ~-4.99015
execute if entity @s[tag=aj.attack.bone.right_hand] run data modify entity @s {} merge value {transformation:[-0.9993184601180128f,0.03691361837957892f,0.000006744662254150894f,-2.7032680821074986f,0.03677311696115733f,0.9955307257849915f,-0.08698454970262977f,-6.441051328400404f,-0.003217628991151439f,-0.08692501824063681f,-0.9962096606977571f,-0.12154805427422827f,0f,0f,0f,1f],start_interpolation:0}
execute if entity @s[tag=aj.attack.bone.right_forearm] run data modify entity @s {} merge value {transformation:[-1.5043032248040653f,0.0555671463939829f,0.00001015293681048909f,-2.580092901587003f,0.055355645510874844f,1.4986014378369834f,-0.13094037971673494f,-4.280963007611097f,-0.004843590767892504f,-0.13085076527066264f,-1.4996234583634378f,-0.30469572521629107f,0f,0f,0f,1f],start_interpolation:0}
execute if entity @s[tag=aj.attack.bone.right_bicep] run data modify entity @s {} merge value {transformation:[-1.5617064944954069f,0.23232947075631333f,0.00001064910226866382f,-2.1395074109813943f,0.2314479470185983f,1.5557872333649077f,-0.1373393256284841f,-2.037496895190208f,-0.020219567655816572f,-0.1358427751531234f,-1.5729087918779505f,-0.5604992252377861f,0f,0f,0f,1f],start_interpolation:0}
execute if entity @s[tag=aj.attack.bone.right_shoulder] run data modify entity @s {} merge value {transformation:[-0.9891146295477466f,0.14714703384415667f,0.000006744662254150894f,-1.795433125f,0.14658871637007248f,0.9853656358662023f,-0.08698454970262977f,-1.8451129166666669f,-0.012806164437422355f,-0.08603670196411203f,-0.9962096606977571f,-0.5772950000000002f,0f,0f,0f,1f],start_interpolation:0}
execute if entity @s[tag=aj.attack.bone.right_arm] run data modify entity @s {} merge value {transformation:[-1.4627187500000003f,0f,1.791313835240318e-16f,-1.4259925f,0f,1.4627187500000003f,0f,-1.666760416666667f,-1.791313835240318e-16f,0f,-1.4627187500000003f,-0.5854518750000002f,0f,0f,0f,1f],start_interpolation:0}
execute if entity @s[tag=aj.attack.bone.left_thumb_2] run data modify entity @s {} merge value {transformation:[-0.9676410531433218f,-0.25233071994149403f,-0.000006744662253906893f,2.3421243190348493f,-0.25137373321095513f,0.9639735133107228f,-0.08698454970262977f,-6.868126004714141f,0.021955375726020233f,-0.08416812585052028f,-0.9962096606977571f,0.04175224346360991f,0f,0f,0f,1f],start_interpolation:0}
execute if entity @s[tag=aj.attack.bone.left_thumb] run data modify entity @s {} merge value {transformation:[-0.9993184601180128f,-0.03691361837957892f,-0.000006744662253906893f,2.4790194856407246f,-0.03677311696115733f,0.9955307257849915f,-0.08698454970262977f,-6.577351438493857f,0.0032176289911511943f,-0.08692501824063681f,-0.9962096606977571f,0.016362188521163584f,0f,0f,0f,1f],start_interpolation:0}
execute if entity @s[tag=aj.attack.bone.left_fingers2] run data modify entity @s {} merge value {transformation:[-0.8152842254239541f,0.5790609913725608f,-0.000006744662253906893f,2.6395476928032595f,0.5768666320769058f,0.8121936818944597f,-0.08698454970262977f,-7.692610607222931f,-0.05036388161283145f,-0.07092102199875885f,-0.9962096606977571f,-0.05576822634008403f,0f,0f,0f,1f],start_interpolation:0}
execute if entity @s[tag=aj.attack.bone.left_fingers] run data modify entity @s {} merge value {transformation:[-0.9748214567756924f,0.22298683226645144f,-0.000006744662253906893f,2.6993823189516957f,0.22214220843196045f,0.9711264219173539f,-0.08698454970262977f,-7.2245964965700695f,-0.01938985927459144f,-0.08479590373226338f,-0.9962096606977571f,-0.10478943358249865f,0f,0f,0f,1f],start_interpolation:0}
execute if entity @s[tag=aj.attack.bone.left_hand] run data modify entity @s {} merge value {transformation:[-0.9993184601180128f,-0.03691361837957892f,-0.000006744662253906893f,2.735812817445799f,-0.03677311696115733f,0.9955307257849915f,-0.08698454970262977f,-6.522923003802871f,0.0032176289911511943f,-0.08692501824063681f,-0.9962096606977571f,-0.1954179449089172f,0f,0f,0f,1f],start_interpolation:0}
execute if entity @s[tag=aj.attack.bone.left_forearm] run data modify entity @s {} merge value {transformation:[-1.5043032248040653f,-0.0555671463939829f,-0.000010152936810121788f,2.612637636925303f,-0.055355645510874844f,1.4986014378369834f,-0.13094037971673494f,-4.362834683013565f,0.004843590767892136f,-0.13085076527066264f,-1.4996234583634378f,-0.37856561585098f,0f,0f,0f,1f],start_interpolation:0}
execute if entity @s[tag=aj.attack.bone.left_bicep] run data modify entity @s {} merge value {transformation:[-1.5617064944954069f,-0.23232947075631333f,-0.000010649102268278567f,2.07768774663466f,-0.2314479470185983f,1.5557872333649077f,-0.1373393256284841f,-2.0466586899633374f,0.02021956765581619f,-0.13584277515312343f,-1.5729087918779505f,-0.5596988399604467f,0f,0f,0f,1f],start_interpolation:0}
execute if entity @s[tag=aj.attack.bone.left_shoulder] run data modify entity @s {} merge value {transformation:[-0.9891146295477466f,-0.14714703384415667f,-0.000006744662253906893f,1.795433125f,-0.14658871637007248f,0.9853656358662023f,-0.08698454970262977f,-1.8451129166666669f,0.012806164437422113f,-0.08603670196411206f,-0.9962096606977571f,-0.5772949999999998f,0f,0f,0f,1f],start_interpolation:0}
execute if entity @s[tag=aj.attack.bone.left_arm] run data modify entity @s {} merge value {transformation:[-1.4627187500000003f,0f,1.791313835240318e-16f,1.4259925f,0f,1.4627187500000003f,0f,-1.729260416666667f,-1.791313835240318e-16f,0f,-1.4627187500000003f,-0.5854518749999998f,0f,0f,0f,1f],start_interpolation:0}
execute if entity @s[tag=aj.attack.bone.right_foot] run data modify entity @s {} merge value {transformation:[-1.1325503878422074f,0.01822185305865487f,0.016695372699489945f,-0.9305380301596802f,0.018223832102385984f,1.1326734058604466f,-1.4944660983006177e-8f,-13.256427046694348f,-0.01669321245207554f,0.0002685658298587244f,-1.132696966063927f,-0.5333252499632187f,0f,0f,0f,1f],start_interpolation:0}
execute if entity @s[tag=aj.attack.bone.right_knee] run data modify entity @s {} merge value {transformation:[-3.1196040214115848f,0.03531823465250427f,0.05819529251988998f,-0.9218495051420764f,0.050197448627825325f,2.9953007132884437f,0.8730504987128593f,-9.469512583242691f,-0.04598136493952472f,0.8737789076491522f,-2.995155998408685f,0.6874815995621694f,0f,0f,0f,1f],start_interpolation:0}
execute if entity @s[tag=aj.attack.bone.right_thigh] run data modify entity @s {} merge value {transformation:[-2.3821595756212837f,0.04844865336416309f,0.018837523920836926f,-0.77532f,0.038331253614176254f,2.2204326169456055f,-0.863479053969985f,-6.524541875f,-0.03511181163988316f,-0.8629705033404872f,-2.220683552218117f,-0.6647600000000001f,0f,0f,0f,1f],start_interpolation:0}
execute if entity @s[tag=aj.attack.bone.left_foot] run data modify entity @s {} merge value {transformation:[-1.1325503878422074f,-0.018221853058654865f,-0.016695372699489668f,0.9305380301596801f,-0.018223832102385984f,1.1326734058604466f,-1.4944660983006177e-8f,-13.256427046694348f,0.01669321245207526f,0.0002685658298587244f,-1.132696966063927f,-0.5333252499632184f,0f,0f,0f,1f],start_interpolation:0}
execute if entity @s[tag=aj.attack.bone.left_knee] run data modify entity @s {} merge value {transformation:[-3.1196040214115848f,-0.03531823465250448f,-0.058195292519889245f,0.9218495051420761f,-0.050197448627825325f,2.9953007132884437f,0.8730504987128593f,-9.469512583242691f,0.045981364939523955f,0.8737789076491522f,-2.995155998408685f,0.6874815995621697f,0f,0f,0f,1f],start_interpolation:0}
execute if entity @s[tag=aj.attack.bone.left_thigh] run data modify entity @s {} merge value {transformation:[-2.3821595756212837f,-0.048448653364162875f,-0.018837523920836378f,0.77532f,-0.038331253614176254f,2.2204326169456055f,-0.863479053969985f,-6.524541875f,0.03511181163988257f,-0.8629705033404872f,-2.220683552218117f,-0.6647599999999998f,0f,0f,0f,1f],start_interpolation:0}