execute if entity @s[tag=aj.attack.bone.right_thumb_2] run data modify entity @s {} merge value {transformation:[-0.9762960071199334f,0.21643961393810288f,1.2242381135857552e-16f,-1.84718375f,0.2163673843407725f,0.9759702004610391f,0.025832591925153664f,-3.032143617298284f,0.005591196223300693f,0.025220256350086182f,-0.9996662829136673f,-0.444997891287112f,0f,0f,0f,1f],start_interpolation:0}
execute if entity @s[tag=aj.attack.bone.right_thumb] run data modify entity @s {} merge value {transformation:[-1f,-3.1635801014819215e-18f,1.2242381135857552e-16f,-1.99476f,0f,0.9996662829136673f,0.025832591925153664f,-2.7456105202095933f,-1.2246467991473532e-16f,0.025832591925153664f,-0.9996662829136673f,-0.4375935277543451f,0f,0f,0f,1f],start_interpolation:0}
execute if entity @s[tag=aj.attack.bone.right_fingers2] run data modify entity @s {} merge value {transformation:[-0.7933533402912352f,-0.6087614290087205f,1.2242381135857552e-16f,-2.114399333847494f,-0.60855827491836f,0.7930885847260809f,0.025832591925153664f,-3.8508083735419625f,-0.01572588557535578f,0.020494373092200972f,-0.9996662829136673f,-0.63507580610657f,0f,0f,0f,1f],start_interpolation:0}
execute if entity @s[tag=aj.attack.bone.right_fingers] run data modify entity @s {} merge value {transformation:[-0.9659258262890683f,-0.25881904510252074f,1.2242381135857552e-16f,-2.19156125f,-0.2587326727649017f,0.9656034803367056f,0.025832591925153664f,-3.3827797709132907f,-0.0066859667745914775f,0.024952367700492334f,-0.9996662829136673f,-0.6311090904447707f,0f,0f,0f,1f],start_interpolation:0}
execute if entity @s[tag=aj.attack.locator_origin.right_hand] at @s on origin run tp @s ^-2 ^-3.41407 ^-0.63812 ~0 ~1.48026
execute if entity @s[tag=aj.attack.bone.right_hand] run data modify entity @s {} merge value {transformation:[-1f,-3.1635801014819215e-18f,1.2242381135857552e-16f,-2.25406125f,0f,0.9996662829136673f,0.025832591925153664f,-2.6771888367141137f,-1.2246467991473532e-16f,0.025832591925153664f,-0.9996662829136673f,-0.6421355274859575f,0f,0f,0f,1f],start_interpolation:0}
execute if entity @s[tag=aj.attack.bone.right_forearm] run data modify entity @s {} merge value {transformation:[-1.505329166666667f,-4.7622293978470304e-18f,1.8428813393256174e-16f,-2.2109925f,0f,1.5048268126031954f,0.03888655407553164f,-0.5071525828540522f,-1.8434965456214864e-16f,0.03888655407553164f,-1.5048268126031954f,-0.5806173368058511f,0f,0f,0f,1f],start_interpolation:0}
execute if entity @s[tag=aj.attack.bone.right_bicep] run data modify entity @s {} merge value {transformation:[-1.578893333333333f,-4.994955531695795e-18f,1.9329413959531246e-16f,-2.107345625f,0f,1.578366429650503f,0.04078690717334561f,1.7910964083121845f,-1.9335866668617613e-16f,0.04078690717334561f,-1.578366429650503f,-0.5809377153904655f,0f,0f,0f,1f],start_interpolation:0}
execute if entity @s[tag=aj.attack.bone.right_shoulder] run data modify entity @s {} merge value {transformation:[-1f,-3.1635801014819215e-18f,1.2242381135857552e-16f,-1.795433125f,0f,0.9996662829136673f,0.025832591925153664f,2.032658892872577f,-1.2246467991473532e-16f,0.025832591925153664f,-0.9996662829136673f,-0.5746954471508215f,0f,0f,0f,1f],start_interpolation:0}
execute if entity @s[tag=aj.attack.bone.left_thumb_2] run data modify entity @s {} merge value {transformation:[-0.9762960071199334f,-0.21643961393810288f,1.2242381135857552e-16f,1.86831875f,-0.2163673843407725f,0.9759702004610391f,0.025832591925153664f,-2.9260836108624435f,-0.005591196223300932f,0.025220256350086127f,-0.9996662829136673f,-0.48714331457088206f,0f,0f,0f,1f],start_interpolation:0}
execute if entity @s[tag=aj.attack.bone.left_thumb] run data modify entity @s {} merge value {transformation:[-1f,-3.1635801014819215e-18f,1.2242381135857552e-16f,2.015895f,0f,0.9996662829136673f,0.025832591925153664f,-2.6395505137737523f,-1.2246467991473532e-16f,0.025832591925153664f,-0.9996662829136673f,-0.47973895103811515f,0f,0f,0f,1f],start_interpolation:0}
execute if entity @s[tag=aj.attack.bone.left_fingers2] run data modify entity @s {} merge value {transformation:[-0.7933533402912352f,0.6087614290087205f,1.2242381135857552e-16f,2.135534333847494f,0.60855827491836f,0.7930885847260809f,0.025832591925153664f,-3.744748367106122f,0.015725885575355585f,0.02049437309220112f,-0.9996662829136673f,-0.6772212293903401f,0f,0f,0f,1f],start_interpolation:0}
execute if entity @s[tag=aj.attack.bone.left_fingers] run data modify entity @s {} merge value {transformation:[-0.9659258262890683f,0.25881904510252074f,1.2242381135857552e-16f,2.21269625f,0.2587326727649017f,0.9656034803367056f,0.025832591925153664f,-3.27671976447745f,0.006685966774591242f,0.024952367700492396f,-0.9996662829136673f,-0.6732545137285407f,0f,0f,0f,1f],start_interpolation:0}
execute if entity @s[tag=aj.attack.bone.left_hand] run data modify entity @s {} merge value {transformation:[-1f,-3.1635801014819215e-18f,1.2242381135857552e-16f,2.27519625f,0f,0.9996662829136673f,0.025832591925153664f,-2.5711288302782727f,-1.2246467991473532e-16f,0.025832591925153664f,-0.9996662829136673f,-0.6842809507697274f,0f,0f,0f,1f],start_interpolation:0}
execute if entity @s[tag=aj.attack.bone.left_forearm] run data modify entity @s {} merge value {transformation:[-1.505329166666667f,-4.7622293978470304e-18f,1.8428813393256174e-16f,2.2321275f,0f,1.5048268126031954f,0.03888655407553164f,-0.4010925764182116f,-1.8434965456214864e-16f,0.03888655407553164f,-1.5048268126031954f,-0.6227627600896211f,0f,0f,0f,1f],start_interpolation:0}
execute if entity @s[tag=aj.attack.bone.left_bicep] run data modify entity @s {} merge value {transformation:[-1.5788933333333335f,-4.9949555316957965e-18f,1.932941395953125e-16f,2.044845625f,0f,1.5783664296505033f,0.04078690717334562f,1.9741519096471727f,-1.9335866668617618e-16f,0.04078690717334562f,-1.5783664296505033f,-0.5403552877770705f,0f,0f,0f,1f],start_interpolation:0}
execute if entity @s[tag=aj.attack.bone.left_shoulder] run data modify entity @s {} merge value {transformation:[-1f,-3.1635801014819215e-18f,1.2242381135857552e-16f,1.795433125f,0f,0.9996662829136673f,0.025832591925153664f,2.215714394207565f,-1.2246467991473532e-16f,0.025832591925153664f,-0.9996662829136673f,-0.5341130195374267f,0f,0f,0f,1f],start_interpolation:0}