execute if entity @s[tag=aj.attack.bone.right_thumb_2] run data modify entity @s {} merge value {transformation:[-0.9762960071199334f,0.21643961393810285f,1.2060416625018976e-16f,-1.84718375f,0.2131514098652129f,0.9614638770465722f,0.17364817766693036f,-2.9954676608836905f,0.037584344535285384f,0.16953202249987692f,-0.984807753012208f,-1.1967800735813405f,0f,0f,0f,1f],start_interpolation:0}
execute if entity @s[tag=aj.attack.bone.right_thumb] run data modify entity @s {} merge value {transformation:[-1f,-2.126576849575772e-17f,1.2060416625018976e-16f,-1.99476f,0f,0.984807753012208f,0.17364817766693036f,-2.713193445647492f,-1.2246467991473532e-16f,0.17364817766693036f,-0.984807753012208f,-1.1470075134768905f,0f,0f,0f,1f],start_interpolation:0}
execute if entity @s[tag=aj.attack.bone.right_fingers2] run data modify entity @s {} merge value {transformation:[-0.7933533402912352f,-0.6087614290087205f,1.2060416625018976e-16f,-2.114399333847494f,-0.5995129750225788f,0.7813005203969409f,0.17364817766693036f,-3.7769382996670697f,-0.10571031278128083f,0.137764361787545f,-0.984807753012208f,-1.5060457159296807f,0f,0f,0f,1f],start_interpolation:0}
execute if entity @s[tag=aj.attack.bone.right_fingers] run data modify entity @s {} merge value {transformation:[-0.9659258262890683f,-0.25881904510252074f,1.2060416625018976e-16f,-2.19156125f,-0.25488700224417876f,0.9512512425641977f,0.17364817766693036f,-3.314662114211798f,-0.0449434555275479f,0.16773125949652062f,-0.984807753012208f,-1.432784293116498f,0f,0f,0f,1f],start_interpolation:0}
execute if entity @s[tag=aj.attack.locator_origin.right_hand] at @s on origin run tp @s ^-2 ^-3.34457 ^-1.44436 ~0 ~10
execute if entity @s[tag=aj.attack.bone.right_hand] run data modify entity @s {} merge value {transformation:[-1f,-2.126576849575772e-17f,1.2060416625018976e-16f,-2.25406125f,0f,0.984807753012208f,0.17364817766693036f,-2.615223887093877f,-1.2246467991473532e-16f,0.17364817766693036f,-0.984807753012208f,-1.3391556907343714f,0f,0f,0f,1f],start_interpolation:0}
execute if entity @s[tag=aj.attack.bone.right_forearm] run data modify entity @s {} merge value {transformation:[-1.505329166666667f,-3.2011981568245227e-17f,1.8154896907792632e-16f,-2.2109925f,0f,1.48245983416874f,0.26139766658054564f,-0.4782481511564911f,-1.8434965456214864e-16f,0.26139766658054564f,-1.48245983416874f,-0.9568252906006238f,0f,0f,0f,1f],start_interpolation:0}
execute if entity @s[tag=aj.attack.bone.right_bicep] run data modify entity @s {} merge value {transformation:[-1.578893333333333f,-3.357638010616189e-17f,1.904211140646496e-16f,-2.107345625f,0f,1.5549063958459548f,0.2741719500637985f,1.7946868699104792f,-1.9335866668617613e-16f,0.2741719500637985f,-1.5549063958459548f,-0.6166563354528137f,0f,0f,0f,1f],start_interpolation:0}
execute if entity @s[tag=aj.attack.bone.right_shoulder] run data modify entity @s {} merge value {transformation:[-1f,-2.126576849575772e-17f,1.2060416625018976e-16f,-1.795433125f,0f,0.984807753012208f,0.17364817766693036f,2.032658892872577f,-1.2246467991473532e-16f,0.17364817766693036f,-0.984807753012208f,-0.5746954471508215f,0f,0f,0f,1f],start_interpolation:0}
execute if entity @s[tag=aj.attack.bone.left_thumb_2] run data modify entity @s {} merge value {transformation:[-0.9762960071199334f,-0.2164396139381029f,1.2060416625018976e-16f,1.86831875f,-0.2131514098652129f,0.9614638770465722f,0.17364817766693036f,-2.8763018618855494f,-0.03758434453528562f,0.16953202249987687f,-0.984807753012208f,-1.2494194754079284f,0f,0f,0f,1f],start_interpolation:0}
execute if entity @s[tag=aj.attack.bone.left_thumb] run data modify entity @s {} merge value {transformation:[-1f,-2.126576849575772e-17f,1.2060416625018976e-16f,2.015895f,0f,0.984807753012208f,0.17364817766693036f,-2.5940276466493515f,-1.2246467991473532e-16f,0.17364817766693036f,-0.984807753012208f,-1.1996469153034781f,0f,0f,0f,1f],start_interpolation:0}
execute if entity @s[tag=aj.attack.bone.left_fingers2] run data modify entity @s {} merge value {transformation:[-0.7933533402912352f,0.6087614290087205f,1.2060416625018976e-16f,2.135534333847494f,0.5995129750225788f,0.7813005203969409f,0.17364817766693036f,-3.657772500668929f,0.10571031278128062f,0.13776436178754514f,-0.984807753012208f,-1.5586851177562684f,0f,0f,0f,1f],start_interpolation:0}
execute if entity @s[tag=aj.attack.bone.left_fingers] run data modify entity @s {} merge value {transformation:[-0.9659258262890683f,0.25881904510252074f,1.2060416625018976e-16f,2.21269625f,0.25488700224417876f,0.9512512425641977f,0.17364817766693036f,-3.1954963152136573f,0.044943455527547665f,0.16773125949652068f,-0.984807753012208f,-1.4854236949430855f,0f,0f,0f,1f],start_interpolation:0}
execute if entity @s[tag=aj.attack.bone.left_hand] run data modify entity @s {} merge value {transformation:[-1f,-2.126576849575772e-17f,1.2060416625018976e-16f,2.27519625f,0f,0.984807753012208f,0.17364817766693036f,-2.496058088095736f,-1.2246467991473532e-16f,0.17364817766693036f,-0.984807753012208f,-1.3917950925609588f,0f,0f,0f,1f],start_interpolation:0}
execute if entity @s[tag=aj.attack.bone.left_forearm] run data modify entity @s {} merge value {transformation:[-1.505329166666667f,-3.2011981568245227e-17f,1.8154896907792632e-16f,2.2321275f,0f,1.48245983416874f,0.26139766658054564f,-0.3590823521583508f,-1.8434965456214864e-16f,0.26139766658054564f,-1.48245983416874f,-1.0094646924272113f,0f,0f,0f,1f],start_interpolation:0}
execute if entity @s[tag=aj.attack.bone.left_bicep] run data modify entity @s {} merge value {transformation:[-1.5788933333333335f,-3.3576380106161893e-17f,1.9042111406464964e-16f,2.044845625f,0f,1.5549063958459552f,0.2741719500637986f,1.9777423712454674f,-1.9335866668617618e-16f,0.2741719500637986f,-1.5549063958459552f,-0.5760739078394189f,0f,0f,0f,1f],start_interpolation:0}
execute if entity @s[tag=aj.attack.bone.left_shoulder] run data modify entity @s {} merge value {transformation:[-1f,-2.126576849575772e-17f,1.2060416625018976e-16f,1.795433125f,0f,0.984807753012208f,0.17364817766693036f,2.215714394207565f,-1.2246467991473532e-16f,0.17364817766693036f,-0.984807753012208f,-0.5341130195374267f,0f,0f,0f,1f],start_interpolation:0}