execute if entity @s[tag=aj.attack.bone.right_thumb_2] run data modify entity @s {} merge value {transformation:[-0.9762960071199334f,0.21643961393810288f,1.224465155506966e-16f,-1.84718375f,0.21640751090282198f,0.9761511996856984f,0.017222792369898376f,-7.09333888832049f,0.003727694531476789f,0.016814543422187467f,-0.9998516767115927f,-0.40138606228387536f,0f,0f,0f,1f],start_interpolation:0}
execute if entity @s[tag=aj.attack.bone.right_thumb] run data modify entity @s {} merge value {transformation:[-1f,-2.109183754817553e-18f,1.224465155506966e-16f,-1.99476f,0f,0.9998516767115927f,0.017222792369898376f,-6.8067526520392425f,-1.2246467991473532e-16f,0.017222792369898376f,-0.9998516767115927f,-0.3964495148353819f,0f,0f,0f,1f],start_interpolation:0}
execute if entity @s[tag=aj.attack.bone.right_fingers2] run data modify entity @s {} merge value {transformation:[-0.7933533402912352f,-0.6087614290087205f,1.224465155506966e-16f,-2.114399333847494f,-0.6086711355117145f,0.7932356675149344f,0.017222792369898376f,-7.913610184168263f,-0.010484571694619922f,0.013663759855801202f,-0.9998516767115927f,-0.5844068207399901f,0f,0f,0f,1f],start_interpolation:0}
execute if entity @s[tag=aj.attack.bone.right_fingers] run data modify entity @s {} merge value {transformation:[-0.9659258262890683f,-0.25881904510252074f,1.224465155506966e-16f,-2.19156125f,-0.2587806562106487f,0.9657825569941556f,0.017222792369898376f,-7.445564776519893f,-0.004457586675176196f,0.01663593995089912f,-0.9998516767115927f,-0.584470781351226f,0f,0f,0f,1f],start_interpolation:0}
execute if entity @s[tag=aj.attack.locator_origin.right_hand] at @s on origin run tp @s ^-2 ^-7.47692 ^-0.59122 ~0 ~0.98684
execute if entity @s[tag=aj.attack.bone.right_hand] run data modify entity @s {} merge value {transformation:[-1f,-2.109183754817553e-18f,1.224465155506966e-16f,-2.25406125f,0f,0.9998516767115927f,0.017222792369898376f,-6.740094963236732f,-1.2246467991473532e-16f,0.017222792369898376f,-0.9998516767115927f,-0.6015731579145506f,0f,0f,0f,1f],start_interpolation:0}
execute if entity @s[tag=aj.attack.bone.right_forearm] run data modify entity @s {} merge value {transformation:[-1.505329166666667f,-3.175015823986379e-18f,1.8432231121516721e-16f,-2.2109925f,0f,1.5051058912945317f,0.025925971685852155f,-4.569609400439432f,-1.8434965456214864e-16f,0.025925971685852155f,-1.5051058912945317f,-0.5587449833089366f,0f,0f,0f,1f],start_interpolation:0}
execute if entity @s[tag=aj.attack.bone.right_bicep] run data modify entity @s {} merge value {transformation:[-1.5788933333333333f,-3.330176169256402e-18f,1.933299870928912e-16f,-2.107345625f,0f,1.578659146682089f,0.027192952054216745f,-2.271448390824502f,-1.9335866668617615e-16f,0.027192952054216745f,-1.578659146682089f,-0.5788572165203097f,0f,0f,0f,1f],start_interpolation:0}
execute if entity @s[tag=aj.attack.bone.right_shoulder] run data modify entity @s {} merge value {transformation:[-1f,-2.109183754817553e-18f,1.224465155506966e-16f,-1.795433125f,0f,0.9998516767115927f,0.017222792369898376f,-2.0298411071274227f,-1.2246467991473532e-16f,0.017222792369898376f,-0.9998516767115927f,-0.5746954471508213f,0f,0f,0f,1f],start_interpolation:0}
execute if entity @s[tag=aj.attack.bone.left_thumb_2] run data modify entity @s {} merge value {transformation:[-0.9762960071199334f,-0.21643961393810288f,1.224465155506966e-16f,1.86831875f,-0.21640751090282198f,0.9761511996856984f,0.017222792369898376f,-6.987988455493001f,-0.0037276945314770283f,0.01681454342218741f,-0.9998516767115927f,-0.44286535459562604f,0f,0f,0f,1f],start_interpolation:0}
execute if entity @s[tag=aj.attack.bone.left_thumb] run data modify entity @s {} merge value {transformation:[-1f,-2.109183754817553e-18f,1.224465155506966e-16f,2.015895f,0f,0.9998516767115927f,0.017222792369898376f,-6.7014022192117535f,-1.2246467991473532e-16f,0.017222792369898376f,-0.9998516767115927f,-0.4379288071471325f,0f,0f,0f,1f],start_interpolation:0}
execute if entity @s[tag=aj.attack.bone.left_fingers2] run data modify entity @s {} merge value {transformation:[-0.7933533402912352f,0.6087614290087205f,1.224465155506966e-16f,2.135534333847494f,0.6086711355117145f,0.7932356675149344f,0.017222792369898376f,-7.808259751340774f,0.010484571694619728f,0.01366375985580135f,-0.9998516767115927f,-0.6258861130517407f,0f,0f,0f,1f],start_interpolation:0}
execute if entity @s[tag=aj.attack.bone.left_fingers] run data modify entity @s {} merge value {transformation:[-0.9659258262890683f,0.25881904510252074f,1.224465155506966e-16f,2.21269625f,0.2587806562106487f,0.9657825569941556f,0.017222792369898376f,-7.340214343692404f,0.00445758667517596f,0.01663593995089918f,-0.9998516767115927f,-0.6259500736629765f,0f,0f,0f,1f],start_interpolation:0}
execute if entity @s[tag=aj.attack.bone.left_hand] run data modify entity @s {} merge value {transformation:[-1f,-2.109183754817553e-18f,1.224465155506966e-16f,2.27519625f,0f,0.9998516767115927f,0.017222792369898376f,-6.634744530409243f,-1.2246467991473532e-16f,0.017222792369898376f,-0.9998516767115927f,-0.6430524502263011f,0f,0f,0f,1f],start_interpolation:0}
execute if entity @s[tag=aj.attack.bone.left_forearm] run data modify entity @s {} merge value {transformation:[-1.505329166666667f,-3.175015823986379e-18f,1.8432231121516721e-16f,2.2321275f,0f,1.5051058912945317f,0.025925971685852155f,-4.4642589676119435f,-1.8434965456214864e-16f,0.025925971685852155f,-1.5051058912945317f,-0.6002242756206871f,0f,0f,0f,1f],start_interpolation:0}
execute if entity @s[tag=aj.attack.bone.left_bicep] run data modify entity @s {} merge value {transformation:[-1.5788933333333333f,-3.330176169256402e-18f,1.933299870928912e-16f,2.044845625f,0f,1.578659146682089f,0.027192952054216745f,-2.0883928894895143f,-1.9335866668617615e-16f,0.027192952054216745f,-1.578659146682089f,-0.5382747889069153f,0f,0f,0f,1f],start_interpolation:0}
execute if entity @s[tag=aj.attack.bone.left_shoulder] run data modify entity @s {} merge value {transformation:[-1f,-2.109183754817553e-18f,1.224465155506966e-16f,1.795433125f,0f,0.9998516767115927f,0.017222792369898376f,-1.8467856057924352f,-1.2246467991473532e-16f,0.017222792369898376f,-0.9998516767115927f,-0.5341130195374268f,0f,0f,0f,1f],start_interpolation:0}