execute if entity @s[tag=aj.attack.bone.right_thumb_2] run data modify entity @s {} merge value {transformation:[-0.9762960071199334f,0.21643961393810288f,1.2239616450311577e-16f,-1.84718375f,0.2163185222955977f,0.9757497980183629f,-0.03344590526466368f,-7.517650196546722f,-0.0072390188232942885f,-0.032653103764402676f,-0.9994405292067292f,-0.20758665113951244f,0f,0f,0f,1f],start_interpolation:0}
execute if entity @s[tag=aj.attack.bone.right_thumb] run data modify entity @s {} merge value {transformation:[-1f,4.095942082695596e-18f,1.2239616450311577e-16f,-1.99476f,0f,0.9994405292067292f,-0.03344590526466368f,-7.231181806960858f,-1.2246467991473532e-16f,-0.03344590526466368f,-0.9994405292067292f,-0.21717320915814142f,0f,0f,0f,1f],start_interpolation:0}
execute if entity @s[tag=aj.attack.bone.right_fingers2] run data modify entity @s {} merge value {transformation:[-0.7933533402912352f,-0.6087614290087205f,1.2239616450311577e-16f,-2.1143993338474933f,-0.6084208447691204f,0.7929094822685985f,-0.03344590526466368f,-8.34613922689245f,0.020360577083406856f,-0.026534420660785218f,-0.9994405292067292f,-0.3488223527677843f,0f,0f,0f,1f],start_interpolation:0}
execute if entity @s[tag=aj.attack.bone.right_fingers] run data modify entity @s {} merge value {transformation:[-0.9659258262890683f,-0.25881904510252074f,1.2239616450311577e-16f,-2.19156125f,-0.25867424340604367f,0.9653854190007937f,-0.03344590526466368f,-7.878697909118269f,0.008656437263189506f,-0.0323062636787562f,-0.9994405292067292f,-0.372594650705234f,0f,0f,0f,1f],start_interpolation:0}
execute if entity @s[tag=aj.attack.locator_origin.consume] at @s on origin run tp @s ^-2 ^-7.91035 ^-0.37774 ~0 ~-1.91667
execute if entity @s[tag=aj.attack.bone.right_hand] run data modify entity @s {} merge value {transformation:[-1f,4.095942082695596e-18f,1.2239616450311577e-16f,-2.25406125f,0f,0.9994405292067292f,-0.03344590526466368f,-7.175000043269142f,-1.2246467991473532e-16f,-0.03344590526466368f,-0.9994405292067292f,-0.42541001151317803f,0f,0f,0f,1f],start_interpolation:0}
execute if entity @s[tag=aj.attack.bone.right_forearm] run data modify entity @s {} merge value {transformation:[-1.5053291666666664f,6.165741082059092e-18f,1.8424651631467148e-16f,-2.2109925f,0f,1.5044869789636577f,-0.05034709670046844f,-5.005131403388952f,-1.8434965456214856e-16f,-0.05034709670046844f,-1.5044869789636577f,-0.4925808125807334f,0f,0f,0f,1f],start_interpolation:0}
execute if entity @s[tag=aj.attack.bone.right_bicep] run data modify entity @s {} merge value {transformation:[-1.5788933333333333f,6.4670556480875254e-18f,1.9325048815953946e-16f,-2.107345625f,0f,1.5780099886276433f,-0.05280751684967572f,-2.7109394089356313f,-1.9335866668617615e-16f,-0.05280751684967572f,-1.5780099886276433f,-0.6290785071596346f,0f,0f,0f,1f],start_interpolation:0}
execute if entity @s[tag=aj.attack.bone.right_shoulder] run data modify entity @s {} merge value {transformation:[-1f,4.095942082695596e-18f,1.2239616450311577e-16f,-1.795433125f,0f,0.9994405292067292f,-0.03344590526466368f,-2.4673411071274223f,-1.2246467991473532e-16f,-0.03344590526466368f,-0.9994405292067292f,-0.5746954471508213f,0f,0f,0f,1f],start_interpolation:0}
execute if entity @s[tag=aj.attack.bone.left_thumb_2] run data modify entity @s {} merge value {transformation:[-0.9762960071199334f,-0.21643961393810288f,1.2239616450311577e-16f,1.86831875f,-0.2163185222955977f,0.9757497980183629f,-0.03344590526466368f,-7.414266403967876f,0.007239018823294049f,-0.03265310376440273f,-0.9994405292067292f,-0.1825594838166002f,0f,0f,0f,1f],start_interpolation:0}
execute if entity @s[tag=aj.attack.bone.left_thumb] run data modify entity @s {} merge value {transformation:[-1f,4.095942082695596e-18f,1.2239616450311577e-16f,2.015895f,0f,0.9994405292067292f,-0.03344590526466368f,-7.127798014382012f,-1.2246467991473532e-16f,-0.03344590526466368f,-0.9994405292067292f,-0.19214604183522915f,0f,0f,0f,1f],start_interpolation:0}
execute if entity @s[tag=aj.attack.bone.left_fingers2] run data modify entity @s {} merge value {transformation:[-0.7933533402912352f,0.6087614290087205f,1.2239616450311577e-16f,2.1355343338474935f,0.6084208447691204f,0.7929094822685985f,-0.03344590526466368f,-8.242755434313604f,-0.02036057708340705f,-0.02653442066078506f,-0.9994405292067292f,-0.32379518544487196f,0f,0f,0f,1f],start_interpolation:0}
execute if entity @s[tag=aj.attack.bone.left_fingers] run data modify entity @s {} merge value {transformation:[-0.9659258262890683f,0.25881904510252074f,1.2239616450311577e-16f,2.21269625f,0.25867424340604367f,0.9653854190007937f,-0.03344590526466368f,-7.775314116539423f,-0.008656437263189742f,-0.03230626367875613f,-0.9994405292067292f,-0.3475674833823217f,0f,0f,0f,1f],start_interpolation:0}
execute if entity @s[tag=aj.attack.bone.left_hand] run data modify entity @s {} merge value {transformation:[-1f,4.095942082695596e-18f,1.2239616450311577e-16f,2.27519625f,0f,0.9994405292067292f,-0.03344590526466368f,-7.071616250690296f,-1.2246467991473532e-16f,-0.03344590526466368f,-0.9994405292067292f,-0.4003828441902657f,0f,0f,0f,1f],start_interpolation:0}
execute if entity @s[tag=aj.attack.bone.left_forearm] run data modify entity @s {} merge value {transformation:[-1.505329166666667f,6.165741082059095e-18f,1.8424651631467155e-16f,2.2321275f,0f,1.5044869789636584f,-0.05034709670046847f,-4.901747610810106f,-1.8434965456214864e-16f,-0.05034709670046847f,-1.5044869789636584f,-0.46755364525782106f,0f,0f,0f,1f],start_interpolation:0}
execute if entity @s[tag=aj.attack.bone.left_bicep] run data modify entity @s {} merge value {transformation:[-1.5788933333333333f,6.4670556480875254e-18f,1.9325048815953946e-16f,2.044845625f,0f,1.5780099886276433f,-0.05280751684967572f,-2.5257935385216017f,-1.9335866668617615e-16f,-0.05280751684967572f,-1.5780099886276433f,-0.5260310464708193f,0f,0f,0f,1f],start_interpolation:0}
execute if entity @s[tag=aj.attack.bone.left_shoulder] run data modify entity @s {} merge value {transformation:[-1f,4.095942082695596e-18f,1.2239616450311577e-16f,1.795433125f,0f,0.9994405292067292f,-0.03344590526466368f,-2.284285605792434f,-1.2246467991473532e-16f,-0.03344590526466368f,-0.9994405292067292f,-0.5341130195374266f,0f,0f,0f,1f],start_interpolation:0}