execute if entity @s[tag=aj.attack.bone.right_thumb_2] run data modify entity @s {} merge value {transformation:[-0.9684824024570772f,0.2490819866633434f,0.000007128102670391332f,-2.268117170558884f,0.24813863722269555f,0.9648169517570752f,-0.08692218542724944f,-6.774819746545668f,-0.021657627945629063f,-0.08418083821171947f,-0.9962151040963698f,0.11612918906404722f,0f,0f,0f,1f],start_interpolation:0}
execute if entity @s[tag=aj.attack.bone.right_thumb] run data modify entity @s {} merge value {transformation:[-0.9994367115171146f,0.0335597917312665f,0.000007128102670391332f,-2.4059910914027185f,0.033432152173460794f,0.995653968445665f,-0.08692218542724944f,-6.484502902490359f,-0.0029241875634762812f,-0.08687298485347786f,-0.9962151040963698f,0.09079735337181144f,0f,0f,0f,1f],start_interpolation:0}
execute if entity @s[tag=aj.attack.bone.right_fingers2] run data modify entity @s {} merge value {transformation:[-0.8133363602633513f,-0.5817937478374566f,0.000007128102670391332f,-2.5628108668147496f,-0.5795922230292467f,0.8102576063725455f,-0.08692218542724944f,-7.6002880415888185f,0.050565008430534124f,-0.0707011053144079f,-0.9962151040963698f,0.018643372997287036f,0f,0f,0f,1f],start_interpolation:0}
execute if entity @s[tag=aj.attack.bone.right_fingers] run data modify entity @s {} merge value {transformation:[-0.974067644645524f,-0.22625698575715045f,0.000007128102670391332f,-2.624224120989089f,-0.22540123015287036f,0.9703807598701263f,-0.08692218542724944f,-7.1324735450012f,0.019659834696507842f,-0.08466969510967293f,-0.9962151040963698f,-0.030330885651581818f,0f,0f,0f,1f],start_interpolation:0}
execute if entity @s[tag=aj.attack.locator_origin.right_hand] at @s on origin run tp @s ^-2.43383 ^-7.17075 ^-0.03322 ~0.00041 ~-4.98657
execute if entity @s[tag=aj.attack.bone.right_hand] run data modify entity @s {} merge value {transformation:[-0.9994367115171146f,0.0335597917312665f,0.000007128102670391332f,-2.6630266836310716f,0.033432152173460794f,0.995653968445665f,-0.08692218542724944f,-6.43092014359839f,-0.0029241875634762812f,-0.08687298485347786f,-0.9962151040963698f,-0.12090452889537509f,0f,0f,0f,1f],start_interpolation:0}
execute if entity @s[tag=aj.attack.bone.right_forearm] run data modify entity @s {} merge value {transformation:[-1.504481232084132f,0.0505185333203343f,0.000010730140852734628f,-2.5471272387196517f,0.05032639377114894f,1.4987869586086728f,-0.1308465009540469f,-4.270420723247431f,-0.004401864828104782f,-0.1307724378953318f,-1.4996316524701354f,-0.3039518490356125f,0f,0f,0f,1f],start_interpolation:0}
execute if entity @s[tag=aj.attack.bone.right_bicep] run data modify entity @s {} merge value {transformation:[-1.5646847176449388f,0.21134306775041858f,0.000011254513785596403f,-2.136883880379754f,0.21054218678631273f,1.558762679891959f,-0.13724085908984796f,-2.021248902729925f,-0.018381512344186668f,-0.13600431439599295f,-1.572917386423731f,-0.5601113920245359f,0f,0f,0f,1f],start_interpolation:0}
execute if entity @s[tag=aj.attack.bone.right_shoulder] run data modify entity @s {} merge value {transformation:[-0.9910009020948886f,0.13385519039733648f,0.000007128102670391332f,-1.795433125f,0.13334794842778872f,0.9872501498255903f,-0.08692218542724944f,-1.8242795833333334f,-0.011642022900546375f,-0.08613901365259609f,-0.9962151040963698f,-0.5772950000000002f,0f,0f,0f,1f],start_interpolation:0}
execute if entity @s[tag=aj.attack.bone.right_arm] run data modify entity @s {} merge value {transformation:[-1.4627187500000003f,0f,1.791313835240318e-16f,-1.4259925f,0f,1.4627187500000003f,0f,-1.6459270833333335f,-1.791313835240318e-16f,0f,-1.4627187500000003f,-0.5854518750000002f,0f,0f,0f,1f],start_interpolation:0}
execute if entity @s[tag=aj.attack.bone.left_thumb_2] run data modify entity @s {} merge value {transformation:[-0.9684824024570772f,-0.2490819866633434f,-0.000007128102670147329f,2.299650265121446f,-0.24813863722269555f,0.9648169517570752f,-0.08692218542724944f,-6.857115310090195f,0.021657627945628824f,-0.08418083821171952f,-0.9962151040963698f,0.04229155677518576f,0f,0f,0f,1f],start_interpolation:0}
execute if entity @s[tag=aj.attack.bone.left_thumb] run data modify entity @s {} merge value {transformation:[-0.9994367115171146f,-0.0335597917312665f,-0.000007128102670147329f,2.4375241859652803f,-0.033432152173460794f,0.995653968445665f,-0.08692218542724944f,-6.566798466034886f,0.0029241875634760366f,-0.08687298485347786f,-0.9962151040963698f,0.01695972108295002f,0f,0f,0f,1f],start_interpolation:0}
execute if entity @s[tag=aj.attack.bone.left_fingers2] run data modify entity @s {} merge value {transformation:[-0.8133363602633513f,0.5817937478374566f,-0.000007128102670147329f,2.594343961377312f,0.5795922230292467f,0.8102576063725455f,-0.08692218542724944f,-7.682583605133346f,-0.050565008430534325f,-0.07070110531440775f,-0.9962151040963698f,-0.05519425929157437f,0f,0f,0f,1f],start_interpolation:0}
execute if entity @s[tag=aj.attack.bone.left_fingers] run data modify entity @s {} merge value {transformation:[-0.974067644645524f,0.22625698575715045f,-0.000007128102670147329f,2.655757215551651f,0.22540123015287036f,0.9703807598701263f,-0.08692218542724944f,-7.2147691085457275f,-0.01965983469650808f,-0.08466969510967286f,-0.9962151040963698f,-0.10416851794044317f,0f,0f,0f,1f],start_interpolation:0}
execute if entity @s[tag=aj.attack.bone.left_hand] run data modify entity @s {} merge value {transformation:[-0.9994367115171146f,-0.0335597917312665f,-0.000007128102670147329f,2.694559778193634f,-0.033432152173460794f,0.995653968445665f,-0.08692218542724944f,-6.513215707142917f,0.0029241875634760366f,-0.08687298485347786f,-0.9962151040963698f,-0.19474216118423643f,0f,0f,0f,1f],start_interpolation:0}
execute if entity @s[tag=aj.attack.bone.left_forearm] run data modify entity @s {} merge value {transformation:[-1.504481232084132f,-0.0505185333203343f,-0.000010730140852367322f,2.5786603332822136f,-0.05032639377114894f,1.4987869586086728f,-0.1308465009540469f,-4.35271628679196f,0.004401864828104414f,-0.1307724378953318f,-1.4996316524701354f,-0.3777894813244738f,0f,0f,0f,1f],start_interpolation:0}
execute if entity @s[tag=aj.attack.bone.left_bicep] run data modify entity @s {} merge value {transformation:[-1.5646847176449388f,-0.21134306775041858f,-0.000011254513785211149f,2.0749463239988235f,-0.21054218678631273f,1.558762679891959f,-0.13724085908984796f,-2.0295831495066614f,0.018381512344186283f,-0.13600431439599298f,-1.572917386423731f,-0.5593837655932512f,0f,0f,0f,1f],start_interpolation:0}
execute if entity @s[tag=aj.attack.bone.left_shoulder] run data modify entity @s {} merge value {transformation:[-0.9910009020948886f,-0.13385519039733648f,-0.000007128102670147329f,1.795433125f,-0.13334794842778872f,0.9872501498255903f,-0.08692218542724944f,-1.8242795833333334f,0.011642022900546133f,-0.08613901365259612f,-0.9962151040963698f,-0.5772949999999998f,0f,0f,0f,1f],start_interpolation:0}
execute if entity @s[tag=aj.attack.bone.left_arm] run data modify entity @s {} merge value {transformation:[-1.4627187500000003f,0f,1.791313835240318e-16f,1.4259925f,0f,1.4627187500000003f,0f,-1.7084270833333335f,-1.791313835240318e-16f,0f,-1.4627187500000003f,-0.5854518749999998f,0f,0f,0f,1f],start_interpolation:0}
execute if entity @s[tag=aj.attack.bone.right_foot] run data modify entity @s {} merge value {transformation:[-1.1323987497319272f,0.022775526901691667f,0.020868621897925023f,-0.953419462410569f,0.02277784588075818f,1.1325909743101152f,-0.00008395413289261352f,-13.084264942341093f,-0.020866090735944382f,0.00033568678008183027f,-1.1326277614343492f,-0.5320357649767301f,0f,0f,0f,1f],start_interpolation:0}
execute if entity @s[tag=aj.attack.bone.right_knee] run data modify entity @s {} merge value {transformation:[-3.1191863350430955f,0.03887928333055684f,0.07568572379187728f,-0.9408159631656765f,0.0627414553661401f,2.9257910204211344f,1.0827620859539593f,-9.393342973046186f,-0.05747553598477097f,1.0838812787056213f,-2.9254847900155805f,0.9539326654407655f,0f,0f,0f,1f],start_interpolation:0}
execute if entity @s[tag=aj.attack.bone.right_thigh] run data modify entity @s {} merge value {transformation:[-2.3818406263009617f,0.06247691044175667f,0.017839131378482045f,-0.77532f,0.04790997756863932f,2.1307131237591945f,-1.0654353975413766f,-6.587041875f,-0.04388887098181614f,-1.064680509799269f,-2.131177033261656f,-0.6647600000000001f,0f,0f,0f,1f],start_interpolation:0}
execute if entity @s[tag=aj.attack.bone.left_foot] run data modify entity @s {} merge value {transformation:[-1.1323987497319272f,-0.022775526901691663f,-0.020868621897924742f,0.9534194624105691f,-0.02277784588075818f,1.1325909743101152f,-0.00008395413289261352f,-13.084264942341093f,0.020866090735944105f,0.00033568678008183027f,-1.1326277614343492f,-0.5320357649767298f,0f,0f,0f,1f],start_interpolation:0}
execute if entity @s[tag=aj.attack.bone.left_knee] run data modify entity @s {} merge value {transformation:[-3.1191863350430955f,-0.038879283330557096f,-0.07568572379187656f,0.9408159631656762f,-0.0627414553661401f,2.9257910204211344f,1.0827620859539593f,-9.393342973046186f,0.05747553598477021f,1.0838812787056213f,-2.9254847900155805f,0.9539326654407658f,0f,0f,0f,1f],start_interpolation:0}
execute if entity @s[tag=aj.attack.bone.left_thigh] run data modify entity @s {} merge value {transformation:[-2.3818406263009617f,-0.062476910441756406f,-0.017839131378481525f,0.77532f,-0.04790997756863932f,2.1307131237591945f,-1.0654353975413766f,-6.587041875f,0.04388887098181556f,-1.064680509799269f,-2.131177033261656f,-0.6647599999999998f,0f,0f,0f,1f],start_interpolation:0}