execute if entity @s[tag=aj.attack.bone.right_thumb_2] run data modify entity @s {} merge value {transformation:[-0.9762960071199334f,0.21643961393810288f,1.2240756126584407e-16f,-1.84718375f,0.21633866451886383f,0.975840653716132f,-0.03053851320982265f,-7.079288047345704f,-0.006609744009377788f,-0.029814628510129164f,-0.9995335908367129f,-0.15980808779853298f,0f,0f,0f,1f],start_interpolation:0}
execute if entity @s[tag=aj.attack.bone.right_thumb] run data modify entity @s {} merge value {transformation:[-1f,3.7398892453128465e-18f,1.2240756126584407e-16f,-1.99476f,0f,0.9995335908367129f,-0.03053851320982265f,-6.792792983621165f,-1.2246467991473532e-16f,-0.03053851320982265f,-0.9995335908367129f,-0.16856130366672295f,0f,0f,0f,1f],start_interpolation:0}
execute if entity @s[tag=aj.attack.bone.right_fingers2] run data modify entity @s {} merge value {transformation:[-0.7933533402912352f,-0.6087614290087205f,1.2240756126584407e-16f,-2.114399333847494f,-0.6084774970999751f,0.7929833130235988f,-0.03053851320982265f,-7.907362735101516f,0.01859066894141323f,-0.024227831462540882f,-0.9995335908367129f,-0.3034531653882313f,0f,0f,0f,1f],start_interpolation:0}
execute if entity @s[tag=aj.attack.bone.right_fingers] run data modify entity @s {} merge value {transformation:[-0.9659258262890683f,-0.25881904510252074f,1.2240756126584407e-16f,-2.19156125f,-0.2586983295282517f,0.9654753096326314f,-0.03053851320982265f,-7.43985424426139f,0.007903948827816896f,-0.0294979386058376f,-0.9995335908367129f,-0.3258656329917189f,0f,0f,0f,1f],start_interpolation:0}
execute if entity @s[tag=aj.attack.locator_origin.right_hand] at @s on origin run tp @s ^-2 ^-7.47149 ^-0.33111 ~0 ~-1.75
execute if entity @s[tag=aj.attack.bone.right_hand] run data modify entity @s {} merge value {transformation:[-1f,3.7398892453128465e-18f,1.2240756126584407e-16f,-2.25406125f,0f,0.9995335908367129f,-0.03053851320982265f,-6.736005722173042f,-1.2246467991473532e-16f,-0.03053851320982265f,-0.9995335908367129f,-0.37663379911911316f,0f,0f,0f,1f],start_interpolation:0}
execute if entity @s[tag=aj.attack.bone.right_forearm] run data modify entity @s {} merge value {transformation:[-1.505329166666667f,5.6297643610724174e-18f,1.8426367219401204e-16f,-2.2109925f,0f,1.5046270673495703f,-0.045970514641381334f,-4.5659508708967715f,-1.8434965456214864e-16f,-0.045970514641381334f,-1.5046270673495703f,-0.4374924328853069f,0f,0f,0f,1f],start_interpolation:0}
execute if entity @s[tag=aj.attack.bone.right_bicep] run data modify entity @s {} merge value {transformation:[-1.5788933333333333f,5.904886196829484e-18f,1.9326848243223277e-16f,-2.107345625f,0f,1.5781569230148136f,-0.04821705491690091f,-2.2713715275596775f,-1.9335866668617615e-16f,-0.04821705491690091f,-1.5781569230148136f,-0.567316025385946f,0f,0f,0f,1f],start_interpolation:0}
execute if entity @s[tag=aj.attack.bone.right_shoulder] run data modify entity @s {} merge value {transformation:[-1f,3.7398892453128465e-18f,1.2240756126584407e-16f,-1.795433125f,0f,0.9995335908367129f,-0.03053851320982265f,-2.0298411071274227f,-1.2246467991473532e-16f,-0.03053851320982265f,-0.9995335908367129f,-0.5746954471508213f,0f,0f,0f,1f],start_interpolation:0}
execute if entity @s[tag=aj.attack.bone.left_thumb_2] run data modify entity @s {} merge value {transformation:[-0.9762960071199334f,-0.21643961393810288f,1.2240756126584407e-16f,1.86831875f,-0.21633866451886383f,0.975840653716132f,-0.03053851320982265f,-6.977767326413643f,0.006609744009377549f,-0.02981462851012922f,-0.9995335908367129f,-0.19748345937138276f,0f,0f,0f,1f],start_interpolation:0}
execute if entity @s[tag=aj.attack.bone.left_thumb] run data modify entity @s {} merge value {transformation:[-1f,3.7398892453128465e-18f,1.2240756126584407e-16f,2.015895f,0f,0.9995335908367129f,-0.03053851320982265f,-6.691272262689104f,-1.2246467991473532e-16f,-0.03053851320982265f,-0.9995335908367129f,-0.2062366752395727f,0f,0f,0f,1f],start_interpolation:0}
execute if entity @s[tag=aj.attack.bone.left_fingers2] run data modify entity @s {} merge value {transformation:[-0.7933533402912352f,0.6087614290087205f,1.2240756126584407e-16f,2.135534333847494f,0.6084774970999751f,0.7929833130235988f,-0.03053851320982265f,-7.805842014169454f,-0.018590668941413424f,-0.024227831462540733f,-0.9995335908367129f,-0.34112853696108103f,0f,0f,0f,1f],start_interpolation:0}
execute if entity @s[tag=aj.attack.bone.left_fingers] run data modify entity @s {} merge value {transformation:[-0.9659258262890683f,0.25881904510252074f,1.2240756126584407e-16f,2.21269625f,0.2586983295282517f,0.9654753096326314f,-0.03053851320982265f,-7.338333523329329f,-0.007903948827817132f,-0.029497938605837538f,-0.9995335908367129f,-0.36354100456456856f,0f,0f,0f,1f],start_interpolation:0}
execute if entity @s[tag=aj.attack.bone.left_hand] run data modify entity @s {} merge value {transformation:[-1f,3.7398892453128465e-18f,1.2240756126584407e-16f,2.27519625f,0f,0.9995335908367129f,-0.03053851320982265f,-6.63448500124098f,-1.2246467991473532e-16f,-0.03053851320982265f,-0.9995335908367129f,-0.4143091706919628f,0f,0f,0f,1f],start_interpolation:0}
execute if entity @s[tag=aj.attack.bone.left_forearm] run data modify entity @s {} merge value {transformation:[-1.505329166666667f,5.6297643610724174e-18f,1.8426367219401204e-16f,2.2321275f,0f,1.5046270673495703f,-0.045970514641381334f,-4.464430149964711f,-1.8434965456214864e-16f,-0.045970514641381334f,-1.5046270673495703f,-0.4751678044581566f,0f,0f,0f,1f],start_interpolation:0}
execute if entity @s[tag=aj.attack.bone.left_bicep] run data modify entity @s {} merge value {transformation:[-1.5788933333333333f,5.904886196829484e-18f,1.9326848243223277e-16f,2.044845625f,0f,1.5781569230148136f,-0.04821705491690091f,-2.0883160262246903f,-1.9335866668617615e-16f,-0.04821705491690091f,-1.5781569230148136f,-0.5267335977725515f,0f,0f,0f,1f],start_interpolation:0}
execute if entity @s[tag=aj.attack.bone.left_shoulder] run data modify entity @s {} merge value {transformation:[-1f,3.7398892453128465e-18f,1.2240756126584407e-16f,1.795433125f,0f,0.9995335908367129f,-0.03053851320982265f,-1.8467856057924352f,-1.2246467991473532e-16f,-0.03053851320982265f,-0.9995335908367129f,-0.5341130195374268f,0f,0f,0f,1f],start_interpolation:0}