execute if entity @s[tag=aj.attack.bone.right_thumb_2] run data modify entity @s {} merge value {transformation:[-0.9762960071199334f,0.21643961393810288f,1.22396790153543e-16f,-1.84718375f,0.21631962804737057f,0.9757547857422876f,0.033292891470545205f,-7.095470549482796f,0.007205900576767843f,0.0325037170081706f,-0.9994456380301684f,-0.48280270656447255f,0f,0f,0f,1f],start_interpolation:0}
execute if entity @s[tag=aj.attack.bone.right_thumb] run data modify entity @s {} merge value {transformation:[-1f,-4.077203297376346e-18f,1.22396790153543e-16f,-1.99476f,0f,0.9994456380301684f,0.033292891470545205f,-6.809000695561256f,-1.2246467991473532e-16f,0.033292891470545205f,-0.9994456380301684f,-0.4732600066983845f,0f,0f,0f,1f],start_interpolation:0}
execute if entity @s[tag=aj.attack.bone.right_fingers2] run data modify entity @s {} merge value {transformation:[-0.7933533402912352f,-0.6087614290087205f,1.22396790153543e-16f,-2.114399333847494f,-0.6084239548237778f,0.7929135353707388f,0.033292891470545205f,-7.91269385559766f,-0.02026742818744144f,0.026413026656110537f,-0.9994456380301684f,-0.6789854396485143f,0f,0f,0f,1f],start_interpolation:0}
execute if entity @s[tag=aj.attack.bone.right_fingers] run data modify entity @s {} merge value {transformation:[-0.9659258262890683f,-0.25881904510252074f,1.22396790153543e-16f,-2.19156125f,-0.2586755656668478f,0.9653903537452955f,0.033292891470545205f,-7.444707894298951f,-0.008616834379108486f,0.03215846370323862f,-0.9994456380301684f,-0.6715256984324226f,0f,0f,0f,1f],start_interpolation:0}
execute if entity @s[tag=aj.attack.locator_origin.right_hand] at @s on origin run tp @s ^-2 ^-7.47595 ^-0.67877 ~0 ~1.90789
execute if entity @s[tag=aj.attack.bone.right_hand] run data modify entity @s {} merge value {transformation:[-1f,-4.077203297376346e-18f,1.22396790153543e-16f,-2.25406125f,0f,0.9994456380301684f,0.033292891470545205f,-6.7390543165639825f,-1.2246467991473532e-16f,0.033292891470545205f,-0.9994456380301684f,-0.6772856435476106f,0f,0f,0f,1f],start_interpolation:0}
execute if entity @s[tag=aj.attack.bone.right_forearm] run data modify entity @s {} merge value {transformation:[-1.505329166666667f,-6.137533041970121e-18f,1.8424745812450783e-16f,-2.2109925f,0f,1.5044946694245886f,0.0501167605732796f,-4.569537644986842f,-1.8434965456214864e-16f,0.0501167605732796f,-1.5044946694245886f,-0.5995730795672055f,0f,0f,0f,1f],start_interpolation:0}
execute if entity @s[tag=aj.attack.bone.right_bicep] run data modify entity @s {} merge value {transformation:[-1.5788933333333333f,-6.437469104872196e-18f,1.9325147599482804e-16f,-2.107345625f,0f,1.5780180549149125f,0.05256592439023402f,-2.271350274368652f,-1.9335866668617615e-16f,0.05256592439023402f,-1.5780180549149125f,-0.5827404454860498f,0f,0f,0f,1f],start_interpolation:0}
execute if entity @s[tag=aj.attack.bone.right_shoulder] run data modify entity @s {} merge value {transformation:[-1f,-4.077203297376346e-18f,1.22396790153543e-16f,-1.795433125f,0f,0.9994456380301684f,0.033292891470545205f,-2.0298411071274227f,-1.2246467991473532e-16f,0.033292891470545205f,-0.9994456380301684f,-0.5746954471508213f,0f,0f,0f,1f],start_interpolation:0}
execute if entity @s[tag=aj.attack.bone.left_thumb_2] run data modify entity @s {} merge value {transformation:[-0.9762960071199334f,-0.21643961393810288f,1.22396790153543e-16f,1.86831875f,-0.21631962804737057f,0.9757547857422876f,0.033292891470545205f,-6.988790958418053f,-0.007205900576768082f,0.03250371700817054f,-0.9994456380301684f,-0.5255204823074894f,0f,0f,0f,1f],start_interpolation:0}
execute if entity @s[tag=aj.attack.bone.left_thumb] run data modify entity @s {} merge value {transformation:[-1f,-4.077203297376346e-18f,1.22396790153543e-16f,2.015895f,0f,0.9994456380301684f,0.033292891470545205f,-6.702321104496513f,-1.2246467991473532e-16f,0.033292891470545205f,-0.9994456380301684f,-0.5159777824414014f,0f,0f,0f,1f],start_interpolation:0}
execute if entity @s[tag=aj.attack.bone.left_fingers2] run data modify entity @s {} merge value {transformation:[-0.7933533402912352f,0.6087614290087205f,1.22396790153543e-16f,2.135534333847494f,0.6084239548237778f,0.7929135353707388f,0.033292891470545205f,-7.806014264532918f,0.02026742818744125f,0.02641302665611069f,-0.9994456380301684f,-0.721703215391531f,0f,0f,0f,1f],start_interpolation:0}
execute if entity @s[tag=aj.attack.bone.left_fingers] run data modify entity @s {} merge value {transformation:[-0.9659258262890683f,0.25881904510252074f,1.22396790153543e-16f,2.21269625f,0.2586755656668478f,0.9653903537452955f,0.033292891470545205f,-7.338028303234208f,0.00861683437910825f,0.03215846370323869f,-0.9994456380301684f,-0.7142434741754393f,0f,0f,0f,1f],start_interpolation:0}
execute if entity @s[tag=aj.attack.bone.left_hand] run data modify entity @s {} merge value {transformation:[-1f,-4.077203297376346e-18f,1.22396790153543e-16f,2.27519625f,0f,0.9994456380301684f,0.033292891470545205f,-6.63237472549924f,-1.2246467991473532e-16f,0.033292891470545205f,-0.9994456380301684f,-0.7200034192906273f,0f,0f,0f,1f],start_interpolation:0}
execute if entity @s[tag=aj.attack.bone.left_forearm] run data modify entity @s {} merge value {transformation:[-1.505329166666667f,-6.137533041970121e-18f,1.8424745812450783e-16f,2.2321275f,0f,1.5044946694245886f,0.0501167605732796f,-4.4628580539221f,-1.8434965456214864e-16f,0.0501167605732796f,-1.5044946694245886f,-0.6422908553102222f,0f,0f,0f,1f],start_interpolation:0}
execute if entity @s[tag=aj.attack.bone.left_bicep] run data modify entity @s {} merge value {transformation:[-1.5788933333333333f,-6.437469104872196e-18f,1.9325147599482804e-16f,2.044845625f,0f,1.5780180549149125f,0.05256592439023402f,-2.088294773033664f,-1.9335866668617615e-16f,0.05256592439023402f,-1.5780180549149125f,-0.5421580178726552f,0f,0f,0f,1f],start_interpolation:0}
execute if entity @s[tag=aj.attack.bone.left_shoulder] run data modify entity @s {} merge value {transformation:[-1f,-4.077203297376346e-18f,1.22396790153543e-16f,1.795433125f,0f,0.9994456380301684f,0.033292891470545205f,-1.8467856057924352f,-1.2246467991473532e-16f,0.033292891470545205f,-0.9994456380301684f,-0.5341130195374268f,0f,0f,0f,1f],start_interpolation:0}