execute if entity @s[tag=aj.attack.bone.right_thumb_2] run data modify entity @s {} merge value {transformation:[-0.9762960071199334f,0.21643961393810288f,1.224426431968739e-16f,-1.84718375f,0.21640066704574412f,0.9761203290413796f,-0.0189698322160729f,-3.0212510357779006f,-0.004105823161317525f,-0.018520171448287024f,-0.9998200565430232f,-0.21826823702482634f,0f,0f,0f,1f],start_interpolation:0}
execute if entity @s[tag=aj.attack.bone.right_thumb] run data modify entity @s {} merge value {transformation:[-1f,2.3231344303776006e-18f,1.224426431968739e-16f,-1.99476f,0f,0.9998200565430232f,-0.0189698322160729f,-2.7346738627460443f,-1.2246467991473532e-16f,-0.0189698322160729f,-0.9998200565430232f,-0.22370553632062906f,0f,0f,0f,1f],start_interpolation:0}
execute if entity @s[tag=aj.attack.bone.right_fingers2] run data modify entity @s {} merge value {transformation:[-0.7933533402912352f,-0.6087614290087205f,1.224426431968739e-16f,-2.114399333847494f,-0.6086518863727106f,0.793210581548579f,-0.0189698322160729f,-3.847608011476759f,0.011548102167912109f,-0.015049779753385797f,-0.9998200565430232f,-0.37148620441596086f,0f,0f,0f,1f],start_interpolation:0}
execute if entity @s[tag=aj.attack.bone.right_fingers] run data modify entity @s {} merge value {transformation:[-0.9659258262890683f,-0.25881904510252074f,1.224426431968739e-16f,-2.19156125f,-0.25877247230881356f,0.9657520142567027f,-0.0189698322160729f,-3.3798714663478693f,0.004909753859918905f,-0.018323450857875238f,-0.9998200565430232f,-0.3884871474068352f,0f,0f,0f,1f],start_interpolation:0}
execute if entity @s[tag=aj.attack.locator_origin.right_hand] at @s on origin run tp @s ^-2 ^-3.41145 ^-0.39409 ~0 ~-1.08696
execute if entity @s[tag=aj.attack.bone.right_hand] run data modify entity @s {} merge value {transformation:[-1f,2.3231344303776006e-18f,1.224426431968739e-16f,-2.25406125f,0f,0.9998200565430232f,-0.0189698322160729f,-2.6754825817858645f,-1.2246467991473532e-16f,-0.0189698322160729f,-0.9998200565430232f,-0.4311069555174503f,0f,0f,0f,1f],start_interpolation:0}
execute if entity @s[tag=aj.attack.bone.right_forearm] run data modify entity @s {} merge value {transformation:[-1.505329166666667f,3.497082016134956e-18f,1.8431648204801423e-16f,-2.2109925f,0f,1.505058292532529f,-0.028555841721627513f,-0.5048687753742895f,-1.8434965456214864e-16f,-0.028555841721627513f,-1.505058292532529f,-0.4668495668800192f,0f,0f,0f,1f],start_interpolation:0}
execute if entity @s[tag=aj.attack.bone.right_bicep] run data modify entity @s {} merge value {transformation:[-1.578893333333333f,3.6679814645603235e-18f,1.9332387305925618e-16f,-2.107345625f,0f,1.5786092218087353f,-0.02995134162040939f,1.7910592499718445f,-1.9335866668617613e-16f,-0.02995134162040939f,-1.5786092218087353f,-0.5701115176134041f,0f,0f,0f,1f],start_interpolation:0}
execute if entity @s[tag=aj.attack.bone.right_shoulder] run data modify entity @s {} merge value {transformation:[-1f,2.3231344303776006e-18f,1.224426431968739e-16f,-1.795433125f,0f,0.9998200565430232f,-0.0189698322160729f,2.032658892872577f,-1.2246467991473532e-16f,-0.0189698322160729f,-0.9998200565430232f,-0.5746954471508215f,0f,0f,0f,1f],start_interpolation:0}
execute if entity @s[tag=aj.attack.bone.left_thumb_2] run data modify entity @s {} merge value {transformation:[-0.9762960071199334f,-0.21643961393810288f,1.224426431968739e-16f,1.86831875f,-0.21640066704574412f,0.9761203290413796f,-0.0189698322160729f,-2.918819253548804f,0.004105823161317286f,-0.01852017144828708f,-0.9998200565430232f,-0.2568818918042018f,0f,0f,0f,1f],start_interpolation:0}
execute if entity @s[tag=aj.attack.bone.left_thumb] run data modify entity @s {} merge value {transformation:[-1f,2.3231344303776006e-18f,1.224426431968739e-16f,2.015895f,0f,0.9998200565430232f,-0.0189698322160729f,-2.6322420805169475f,-1.2246467991473532e-16f,-0.0189698322160729f,-0.9998200565430232f,-0.26231919110000446f,0f,0f,0f,1f],start_interpolation:0}
execute if entity @s[tag=aj.attack.bone.left_fingers2] run data modify entity @s {} merge value {transformation:[-0.7933533402912352f,0.6087614290087205f,1.224426431968739e-16f,2.135534333847494f,0.6086518863727106f,0.793210581548579f,-0.0189698322160729f,-3.745176229247662f,-0.011548102167912301f,-0.015049779753385648f,-0.9998200565430232f,-0.4100998591953362f,0f,0f,0f,1f],start_interpolation:0}
execute if entity @s[tag=aj.attack.bone.left_fingers] run data modify entity @s {} merge value {transformation:[-0.9659258262890683f,0.25881904510252074f,1.224426431968739e-16f,2.21269625f,0.25877247230881356f,0.9657520142567027f,-0.0189698322160729f,-3.2774396841187725f,-0.004909753859919141f,-0.018323450857875175f,-0.9998200565430232f,-0.4271008021862105f,0f,0f,0f,1f],start_interpolation:0}
execute if entity @s[tag=aj.attack.bone.left_hand] run data modify entity @s {} merge value {transformation:[-1f,2.3231344303776006e-18f,1.224426431968739e-16f,2.27519625f,0f,0.9998200565430232f,-0.0189698322160729f,-2.5730507995567677f,-1.2246467991473532e-16f,-0.0189698322160729f,-0.9998200565430232f,-0.4697206102968256f,0f,0f,0f,1f],start_interpolation:0}
execute if entity @s[tag=aj.attack.bone.left_forearm] run data modify entity @s {} merge value {transformation:[-1.505329166666667f,3.497082016134956e-18f,1.8431648204801423e-16f,2.2321275f,0f,1.505058292532529f,-0.028555841721627513f,-0.40243699314519277f,-1.8434965456214864e-16f,-0.028555841721627513f,-1.505058292532529f,-0.5054632216593945f,0f,0f,0f,1f],start_interpolation:0}
execute if entity @s[tag=aj.attack.bone.left_bicep] run data modify entity @s {} merge value {transformation:[-1.5788933333333335f,3.667981464560325e-18f,1.9332387305925623e-16f,2.044845625f,0f,1.5786092218087358f,-0.0299513416204094f,1.9741147513068327f,-1.9335866668617618e-16f,-0.0299513416204094f,-1.5786092218087358f,-0.5295290900000091f,0f,0f,0f,1f],start_interpolation:0}
execute if entity @s[tag=aj.attack.bone.left_shoulder] run data modify entity @s {} merge value {transformation:[-1f,2.3231344303776006e-18f,1.224426431968739e-16f,1.795433125f,0f,0.9998200565430232f,-0.0189698322160729f,2.215714394207565f,-1.2246467991473532e-16f,-0.0189698322160729f,-0.9998200565430232f,-0.5341130195374267f,0f,0f,0f,1f],start_interpolation:0}