execute if entity @s[tag=aj.attack.bone.right_thumb_2] run data modify entity @s {} merge value {transformation:[-0.9762960071199334f,0.21643961393810288f,1.2242560746132693e-16f,-1.84718375f,0.21637055870734398f,0.975984519103327f,0.025258657828942876f,-3.0320683204330923f,0.005466974149090916f,0.024659926783605603f,-0.9996809492056355f,-0.4420901009876145f,0f,0f,0f,1f],start_interpolation:0}
execute if entity @s[tag=aj.attack.bone.right_thumb] run data modify entity @s {} merge value {transformation:[-1f,-3.0932934460973143e-18f,1.2242560746132693e-16f,-1.99476f,0f,0.9996809492056355f,0.025258657828942876f,-2.7455310195634675f,-1.2246467991473532e-16f,0.025258657828942876f,-0.9996809492056355f,-0.4348502434674269f,0f,0f,0f,1f],start_interpolation:0}
execute if entity @s[tag=aj.attack.bone.right_fingers2] run data modify entity @s {} merge value {transformation:[-0.7933533402912352f,-0.6087614290087205f,1.2242560746132693e-16f,-2.114399333847494f,-0.6085672031912169f,0.7931002202778036f,0.025258657828942876f,-3.850842069559321f,-0.01537649663478967f,0.020039040559865117f,-0.9996809492056355f,-0.6316979714978187f,0f,0f,0f,1f],start_interpolation:0}
execute if entity @s[tag=aj.attack.bone.right_fingers] run data modify entity @s {} merge value {transformation:[-0.9659258262890683f,-0.25881904510252074f,1.2242560746132693e-16f,-2.19156125f,-0.25873646868058414f,0.9656176468868937f,0.025258657828942876f,-3.382811266688898f,-0.006537421699858423f,0.02439798993437446f,-0.9996809492056355f,-0.6279999617417591f,0f,0f,0f,1f],start_interpolation:0}
execute if entity @s[tag=aj.attack.locator_origin.right_hand] at @s on origin run tp @s ^-2 ^-3.41411 ^-0.635 ~0 ~1.44737
execute if entity @s[tag=aj.attack.bone.right_hand] run data modify entity @s {} merge value {transformation:[-1f,-3.0932934460973143e-18f,1.2242560746132693e-16f,-2.25406125f,0f,0.9996809492056355f,0.025258657828942876f,-2.6772267792903905f,-1.2246467991473532e-16f,0.025258657828942876f,-0.9996809492056355f,-0.63943149184391f,0f,0f,0f,1f],start_interpolation:0}
execute if entity @s[tag=aj.attack.bone.right_forearm] run data modify entity @s {} merge value {transformation:[-1.505329166666667f,-4.656424845469133e-18f,1.8429083765841977e-16f,-2.2109925f,0f,1.5048488902002621f,0.038022594340761065f,-0.5071555641572794f,-1.8434965456214864e-16f,0.038022594340761065f,-1.5048488902002621f,-0.579159175626057f,0f,0f,0f,1f],start_interpolation:0}
execute if entity @s[tag=aj.attack.bone.right_bicep] run data modify entity @s {} merge value {transformation:[-1.578893333333333f,-4.883980400086741e-18f,1.9329697544997265e-16f,-2.107345625f,0f,1.5783895861611164f,0.039880726455065706f,1.7910928643035613f,-1.9335866668617613e-16f,0.039880726455065706f,-1.5783895861611164f,-0.5807990281619131f,0f,0f,0f,1f],start_interpolation:0}
execute if entity @s[tag=aj.attack.bone.right_shoulder] run data modify entity @s {} merge value {transformation:[-1f,-3.0932934460973143e-18f,1.2242560746132693e-16f,-1.795433125f,0f,0.9996809492056355f,0.025258657828942876f,2.032658892872577f,-1.2246467991473532e-16f,0.025258657828942876f,-0.9996809492056355f,-0.5746954471508215f,0f,0f,0f,1f],start_interpolation:0}
execute if entity @s[tag=aj.attack.bone.left_thumb_2] run data modify entity @s {} merge value {transformation:[-0.9762960071199334f,-0.21643961393810288f,1.2242560746132693e-16f,1.86831875f,-0.21637055870734398f,0.975984519103327f,0.025258657828942876f,-2.9260557971400996f,-0.0054669741490911555f,0.024659926783605547f,-0.9996809492056355f,-0.484191305873335f,0f,0f,0f,1f],start_interpolation:0}
execute if entity @s[tag=aj.attack.bone.left_thumb] run data modify entity @s {} merge value {transformation:[-1f,-3.0932934460973143e-18f,1.2242560746132693e-16f,2.015895f,0f,0.9996809492056355f,0.025258657828942876f,-2.6395184962704747f,-1.2246467991473532e-16f,0.025258657828942876f,-0.9996809492056355f,-0.47695144835314734f,0f,0f,0f,1f],start_interpolation:0}
execute if entity @s[tag=aj.attack.bone.left_fingers2] run data modify entity @s {} merge value {transformation:[-0.7933533402912352f,0.6087614290087205f,1.2242560746132693e-16f,2.135534333847494f,0.6085672031912169f,0.7931002202778036f,0.025258657828942876f,-3.7448295462663284f,0.015376496634789478f,0.020039040559865263f,-0.9996809492056355f,-0.6737991763835391f,0f,0f,0f,1f],start_interpolation:0}
execute if entity @s[tag=aj.attack.bone.left_fingers] run data modify entity @s {} merge value {transformation:[-0.9659258262890683f,0.25881904510252074f,1.2242560746132693e-16f,2.21269625f,0.25873646868058414f,0.9656176468868937f,0.025258657828942876f,-3.276798743395905f,0.006537421699858187f,0.024397989934374524f,-0.9996809492056355f,-0.6701011666274794f,0f,0f,0f,1f],start_interpolation:0}
execute if entity @s[tag=aj.attack.bone.left_hand] run data modify entity @s {} merge value {transformation:[-1f,-3.0932934460973143e-18f,1.2242560746132693e-16f,2.27519625f,0f,0.9996809492056355f,0.025258657828942876f,-2.571214255997398f,-1.2246467991473532e-16f,0.025258657828942876f,-0.9996809492056355f,-0.6815326967296303f,0f,0f,0f,1f],start_interpolation:0}
execute if entity @s[tag=aj.attack.bone.left_forearm] run data modify entity @s {} merge value {transformation:[-1.505329166666667f,-4.656424845469133e-18f,1.8429083765841977e-16f,2.2321275f,0f,1.5048488902002621f,0.038022594340761065f,-0.4011430408642871f,-1.8434965456214864e-16f,0.038022594340761065f,-1.5048488902002621f,-0.6212603805117773f,0f,0f,0f,1f],start_interpolation:0}
execute if entity @s[tag=aj.attack.bone.left_bicep] run data modify entity @s {} merge value {transformation:[-1.5788933333333335f,-4.8839804000867426e-18f,1.932969754499727e-16f,2.044845625f,0f,1.5783895861611168f,0.03988072645506572f,1.9741483656385495f,-1.9335866668617618e-16f,0.03988072645506572f,-1.5783895861611168f,-0.5402166005485182f,0f,0f,0f,1f],start_interpolation:0}
execute if entity @s[tag=aj.attack.bone.left_shoulder] run data modify entity @s {} merge value {transformation:[-1f,-3.0932934460973143e-18f,1.2242560746132693e-16f,1.795433125f,0f,0.9996809492056355f,0.025258657828942876f,2.215714394207565f,-1.2246467991473532e-16f,0.025258657828942876f,-0.9996809492056355f,-0.5341130195374267f,0f,0f,0f,1f],start_interpolation:0}