execute if entity @s[tag=aj.attack.bone.right_thumb_2] run data modify entity @s {} merge value {transformation:[-0.9762960071199334f,0.21643961393810288f,1.2167219047838368e-16f,-1.84718375f,0.21503899697839338f,0.9699782322893984f,0.11358018605047485f,-3.023947060998724f,0.024583251619782556f,0.11088788212901778f,-0.9935288326650312f,-0.8905785747524659f,0f,0f,0f,1f],start_interpolation:0}
execute if entity @s[tag=aj.attack.bone.right_thumb] run data modify entity @s {} merge value {transformation:[-1f,-1.390956112932749e-17f,1.2167219047838368e-16f,-1.99476f,0f,0.9935288326650312f,0.11358018605047485f,-2.7391731336029865f,-1.2246467991473532e-16f,0.11358018605047485f,-0.9935288326650312f,-0.8580232280000509f,0f,0f,0f,1f],start_interpolation:0}
execute if entity @s[tag=aj.attack.bone.right_fingers2] run data modify entity @s {} merge value {transformation:[-0.7933533402912352f,-0.6087614290087205f,1.2167219047838368e-16f,-2.114399333847494f,-0.6048220319345304f,0.7882194180704541f,0.11358018605047485f,-3.822741236490251f,-0.06914323636716352f,0.09010921999404412f,-0.9935288326650312f,-1.1518628299582587f,0f,0f,0f,1f],start_interpolation:0}
execute if entity @s[tag=aj.attack.bone.right_fingers] run data modify entity @s {} merge value {transformation:[-0.9659258262890683f,-0.25881904510252074f,1.2167219047838368e-16f,-2.19156125f,-0.2571441837521855f,0.9596751586339838f,0.11358018605047485f,-3.356871857227681f,-0.029396715296150663f,0.109710035060871f,-0.9935288326650312f,-1.1067825773281246f,0f,0f,0f,1f],start_interpolation:0}
execute if entity @s[tag=aj.attack.locator_origin.right_hand] at @s on origin run tp @s ^-2 ^-3.38743 ^-1.11652 ~0 ~6.52174
execute if entity @s[tag=aj.attack.bone.right_hand] run data modify entity @s {} merge value {transformation:[-1f,-1.390956112932749e-17f,1.2167219047838368e-16f,-2.25406125f,0f,0.9935288326650312f,0.11358018605047485f,-2.6530416417830507f,-1.2246467991473532e-16f,0.11358018605047485f,-0.9935288326650312f,-1.0557612429173522f,0f,0f,0f,1f],start_interpolation:0}
execute if entity @s[tag=aj.attack.bone.right_forearm] run data modify entity @s {} merge value {transformation:[-1.505329166666667f,-2.0938468063509617e-17f,1.8315669709933329e-16f,-2.2109925f,0f,1.495587929734958f,0.1709755668172063f,-0.49680653325160784f,-1.8434965456214864e-16f,0.1709755668172063f,-1.495587929734958f,-0.8037850781954461f,0f,0f,0f,1f],start_interpolation:0}
execute if entity @s[tag=aj.attack.bone.right_bicep] run data modify entity @s {} merge value {transformation:[-1.578893333333333f,-2.1961713336687644e-17f,1.9210741039838344e-16f,-2.107345625f,0f,1.5686760503692665f,0.17933099855385437f,1.792579480969797f,-1.9335866668617613e-16f,0.17933099855385437f,-1.5686760503692665f,-0.6021413182461397f,0f,0f,0f,1f],start_interpolation:0}
execute if entity @s[tag=aj.attack.bone.right_shoulder] run data modify entity @s {} merge value {transformation:[-1f,-1.390956112932749e-17f,1.2167219047838368e-16f,-1.795433125f,0f,0.9935288326650312f,0.11358018605047485f,2.032658892872577f,-1.2246467991473532e-16f,0.11358018605047485f,-0.9935288326650312f,-0.5746954471508215f,0f,0f,0f,1f],start_interpolation:0}
execute if entity @s[tag=aj.attack.bone.left_thumb_2] run data modify entity @s {} merge value {transformation:[-0.9762960071199334f,-0.21643961393810288f,1.2167219047838368e-16f,1.86831875f,-0.21503899697839338f,0.9699782322893984f,0.11358018605047485f,-2.910319322046897f,-0.02458325161978279f,0.11088788212901772f,-0.9935288326650312f,-0.9391700747148783f,0f,0f,0f,1f],start_interpolation:0}
execute if entity @s[tag=aj.attack.bone.left_thumb] run data modify entity @s {} merge value {transformation:[-1f,-1.390956112932749e-17f,1.2167219047838368e-16f,2.015895f,0f,0.9935288326650312f,0.11358018605047485f,-2.6255453946511595f,-1.2246467991473532e-16f,0.11358018605047485f,-0.9935288326650312f,-0.9066147279624632f,0f,0f,0f,1f],start_interpolation:0}
execute if entity @s[tag=aj.attack.bone.left_fingers2] run data modify entity @s {} merge value {transformation:[-0.7933533402912352f,0.6087614290087205f,1.2167219047838368e-16f,2.135534333847494f,0.6048220319345304f,0.7882194180704541f,0.11358018605047485f,-3.709113497538424f,0.06914323636716332f,0.09010921999404424f,-0.9935288326650312f,-1.200454329920671f,0f,0f,0f,1f],start_interpolation:0}
execute if entity @s[tag=aj.attack.bone.left_fingers] run data modify entity @s {} merge value {transformation:[-0.9659258262890683f,0.25881904510252074f,1.2167219047838368e-16f,2.21269625f,0.2571441837521855f,0.9596751586339838f,0.11358018605047485f,-3.2432441182758542f,0.029396715296150427f,0.10971003506087106f,-0.9935288326650312f,-1.1553740772905368f,0f,0f,0f,1f],start_interpolation:0}
execute if entity @s[tag=aj.attack.bone.left_hand] run data modify entity @s {} merge value {transformation:[-1f,-1.390956112932749e-17f,1.2167219047838368e-16f,2.27519625f,0f,0.9935288326650312f,0.11358018605047485f,-2.5394139028312237f,-1.2246467991473532e-16f,0.11358018605047485f,-0.9935288326650312f,-1.1043527428797644f,0f,0f,0f,1f],start_interpolation:0}
execute if entity @s[tag=aj.attack.bone.left_forearm] run data modify entity @s {} merge value {transformation:[-1.505329166666667f,-2.0938468063509617e-17f,1.8315669709933329e-16f,2.2321275f,0f,1.495587929734958f,0.1709755668172063f,-0.38317879429978174f,-1.8434965456214864e-16f,0.1709755668172063f,-1.495587929734958f,-0.8523765781578584f,0f,0f,0f,1f],start_interpolation:0}
execute if entity @s[tag=aj.attack.bone.left_bicep] run data modify entity @s {} merge value {transformation:[-1.5788933333333335f,-2.196171333668765e-17f,1.9210741039838349e-16f,2.044845625f,0f,1.568676050369267f,0.17933099855385443f,1.9756349823047852f,-1.9335866668617618e-16f,0.17933099855385443f,-1.568676050369267f,-0.5615588906327448f,0f,0f,0f,1f],start_interpolation:0}
execute if entity @s[tag=aj.attack.bone.left_shoulder] run data modify entity @s {} merge value {transformation:[-1f,-1.390956112932749e-17f,1.2167219047838368e-16f,1.795433125f,0f,0.9935288326650312f,0.11358018605047485f,2.215714394207565f,-1.2246467991473532e-16f,0.11358018605047485f,-0.9935288326650312f,-0.5341130195374267f,0f,0f,0f,1f],start_interpolation:0}