execute if entity @s[tag=aj.attack.bone.right_thumb_2] run data modify entity @s {} merge value {transformation:[-0.9762960071199334f,0.21643961393810288f,1.224626074275358e-16f,-1.84718375f,0.2164359510997264f,0.9762794851237211f,-0.005817731354993888f,-3.0255018869446055f,-0.0012591875284705927f,-0.005679827892376946f,-0.9999830768577442f,-0.2847722701723114f,0f,0f,0f,1f],start_interpolation:0}
execute if entity @s[tag=aj.attack.bone.right_thumb] run data modify entity @s {} merge value {transformation:[-1f,7.124666082192408e-19f,1.224626074275358e-16f,-1.99476f,0f,0.9999830768577442f,-0.005817731354993888f,-2.738877987603716f,-1.2246467991473532e-16f,-0.005817731354993888f,-0.9999830768577442f,-0.2864397992384291f,0f,0f,0f,1f],start_interpolation:0}
execute if entity @s[tag=aj.attack.bone.right_fingers2] run data modify entity @s {} merge value {transformation:[-0.7933533402912352f,-0.6087614290087205f,1.224626074275358e-16f,-2.114399333847494f,-0.6087511268524577f,0.7933399142597983f,-0.005817731354993888f,-3.8497721316033f,0.0035416104532548227f,-0.00461551660340153f,-0.9999830768577442f,-0.44884591396658646f,0f,0f,0f,1f],start_interpolation:0}
execute if entity @s[tag=aj.attack.bone.right_fingers] run data modify entity @s {} merge value {transformation:[-0.9659258262890683f,-0.25881904510252074f,1.224626074275358e-16f,-2.19156125f,-0.258814665071002f,0.9659094797889015f,-0.005817731354993888f,-3.3818524362420375f,0.0015057396739623938f,-0.0056194969662003245f,-0.9999830768577442f,-0.4596933286222502f,0f,0f,0f,1f],start_interpolation:0}
execute if entity @s[tag=aj.attack.locator_origin.right_hand] at @s on origin run tp @s ^-2 ^-3.41335 ^-0.46572 ~0 ~-0.33333
execute if entity @s[tag=aj.attack.bone.right_hand] run data modify entity @s {} merge value {transformation:[-1f,7.124666082192408e-19f,1.224626074275358e-16f,-2.25406125f,0f,0.9999830768577442f,-0.005817731354993888f,-2.6769639118946578f,-1.2246467991473532e-16f,-0.005817731354993888f,-0.9999830768577442f,-0.49304474510288687f,0f,0f,0f,1f],start_interpolation:0}
execute if entity @s[tag=aj.attack.bone.right_forearm] run data modify entity @s {} merge value {transformation:[-1.505329166666667f,1.0724967656284966e-18f,1.8434653478671966e-16f,-2.2109925f,0f,1.5053036917670377f,-0.00875760069250349f,-0.5060677519067633f,-1.8434965456214864e-16f,-0.00875760069250349f,-1.5053036917670377f,-0.5002345574355012f,0f,0f,0f,1f],start_interpolation:0}
execute if entity @s[tag=aj.attack.bone.right_bicep] run data modify entity @s {} merge value {transformation:[-1.578893333333333f,1.1249087779399711e-18f,1.933553944499534e-16f,-2.107345625f,0f,1.5788666134968463f,-0.009185577251524147f,1.791019857233557f,-1.9335866668617613e-16f,-0.009185577251524147f,-1.5788666134968463f,-0.5732896323657903f,0f,0f,0f,1f],start_interpolation:0}
execute if entity @s[tag=aj.attack.bone.right_shoulder] run data modify entity @s {} merge value {transformation:[-1f,7.124666082192408e-19f,1.224626074275358e-16f,-1.795433125f,0f,0.9999830768577442f,-0.005817731354993888f,2.032658892872577f,-1.2246467991473532e-16f,-0.005817731354993888f,-0.9999830768577442f,-0.5746954471508215f,0f,0f,0f,1f],start_interpolation:0}
execute if entity @s[tag=aj.attack.bone.left_thumb_2] run data modify entity @s {} merge value {transformation:[-0.9762960071199334f,-0.21643961393810288f,1.224626074275358e-16f,1.86831875f,-0.2164359510997264f,0.9762794851237211f,-0.005817731354993888f,-2.922021478242544f,0.0012591875284703538f,-0.005679827892377f,-0.9999830768577442f,-0.32443950412386824f,0f,0f,0f,1f],start_interpolation:0}
execute if entity @s[tag=aj.attack.bone.left_thumb] run data modify entity @s {} merge value {transformation:[-1f,7.124666082192408e-19f,1.224626074275358e-16f,2.015895f,0f,0.9999830768577442f,-0.005817731354993888f,-2.635397578901655f,-1.2246467991473532e-16f,-0.005817731354993888f,-0.9999830768577442f,-0.3261070331899859f,0f,0f,0f,1f],start_interpolation:0}
execute if entity @s[tag=aj.attack.bone.left_fingers2] run data modify entity @s {} merge value {transformation:[-0.7933533402912352f,0.6087614290087205f,1.224626074275358e-16f,2.135534333847494f,0.6087511268524577f,0.7933399142597983f,-0.005817731354993888f,-3.7462917229012382f,-0.0035416104532550166f,-0.004615516603401379f,-0.9999830768577442f,-0.4885131479181432f,0f,0f,0f,1f],start_interpolation:0}
execute if entity @s[tag=aj.attack.bone.left_fingers] run data modify entity @s {} merge value {transformation:[-0.9659258262890683f,0.25881904510252074f,1.224626074275358e-16f,2.21269625f,0.258814665071002f,0.9659094797889015f,-0.005817731354993888f,-3.2783720275399757f,-0.0015057396739626306f,-0.00561949696620026f,-0.9999830768577442f,-0.4993605625738069f,0f,0f,0f,1f],start_interpolation:0}
execute if entity @s[tag=aj.attack.bone.left_hand] run data modify entity @s {} merge value {transformation:[-1f,7.124666082192408e-19f,1.224626074275358e-16f,2.27519625f,0f,0.9999830768577442f,-0.005817731354993888f,-2.5734835031925964f,-1.2246467991473532e-16f,-0.005817731354993888f,-0.9999830768577442f,-0.5327119790544436f,0f,0f,0f,1f],start_interpolation:0}
execute if entity @s[tag=aj.attack.bone.left_forearm] run data modify entity @s {} merge value {transformation:[-1.505329166666667f,1.0724967656284966e-18f,1.8434653478671966e-16f,2.2321275f,0f,1.5053036917670377f,-0.00875760069250349f,-0.40258734320470246f,-1.8434965456214864e-16f,-0.00875760069250349f,-1.5053036917670377f,-0.5399017913870579f,0f,0f,0f,1f],start_interpolation:0}
execute if entity @s[tag=aj.attack.bone.left_bicep] run data modify entity @s {} merge value {transformation:[-1.5788933333333335f,1.1249087779399713e-18f,1.9335539444995344e-16f,2.044845625f,0f,1.5788666134968468f,-0.00918557725152415f,1.974075358568545f,-1.9335866668617618e-16f,-0.00918557725152415f,-1.5788666134968468f,-0.5327072047523955f,0f,0f,0f,1f],start_interpolation:0}
execute if entity @s[tag=aj.attack.bone.left_shoulder] run data modify entity @s {} merge value {transformation:[-1f,7.124666082192408e-19f,1.224626074275358e-16f,1.795433125f,0f,0.9999830768577442f,-0.005817731354993888f,2.215714394207565f,-1.2246467991473532e-16f,-0.005817731354993888f,-0.9999830768577442f,-0.5341130195374267f,0f,0f,0f,1f],start_interpolation:0}