execute if entity @s[tag=aj.attack.bone.right_thumb_2] run data modify entity @s {} merge value {transformation:[-0.9762960071199334f,0.21643961393810288f,1.2238710417121236e-16f,-1.84718375f,0.2163025093950562f,0.9756775684917219f,0.035588014435801396f,-3.0331682220043077f,0.007702656105308367f,0.03474443639499948f,-0.9993665459822623f,-0.49443608502893716f,0f,0f,0f,1f],start_interpolation:0}
execute if entity @s[tag=aj.attack.bone.right_thumb] run data modify entity @s {} merge value {transformation:[-1f,-4.358274796681398e-18f,1.2238710417121236e-16f,-1.99476f,0f,0.9993665459822623f,0.035588014435801396f,-2.746721038137594f,-1.2246467991473532e-16f,0.035588014435801396f,-0.9993665459822623f,-0.48423553693622146f,0f,0f,0f,1f],start_interpolation:0}
execute if entity @s[tag=aj.attack.bone.right_fingers2] run data modify entity @s {} merge value {transformation:[-0.7933533402912352f,-0.6087614290087205f,1.2238710417121236e-16f,-2.114399333847494f,-0.6083758066356713f,0.7928507874303421f,0.035588014435801396f,-3.8499388426885743f,-0.02166461052352153f,0.028233870126975657f,-0.9993665459822623f,-0.6924950409099391f,0f,0f,0f,1f],start_interpolation:0}
execute if entity @s[tag=aj.attack.bone.right_fingers] run data modify entity @s {} merge value {transformation:[-0.9659258262890683f,-0.25881904510252074f,1.2238710417121236e-16f,-2.19156125f,-0.2586550951385335f,0.9653139566935689f,0.035588014435801396f,-3.3819712466077183f,-0.009210855913368959f,0.03437538224988872f,-0.9993665459822623f,-0.6839605971674485f,0f,0f,0f,1f],start_interpolation:0}
execute if entity @s[tag=aj.attack.locator_origin.right_hand] at @s on origin run tp @s ^-2 ^-3.4132 ^-0.69128 ~0 ~2.03947
execute if entity @s[tag=aj.attack.bone.right_hand] run data modify entity @s {} merge value {transformation:[-1f,-4.358274796681398e-18f,1.2238710417121236e-16f,-2.25406125f,0f,0.9993665459822623f,0.035588014435801396f,-2.676306302005666f,-1.2246467991473532e-16f,0.035588014435801396f,-0.9993665459822623f,-0.6881000050566701f,0f,0f,0f,1f],start_interpolation:0}
execute if entity @s[tag=aj.attack.bone.right_forearm] run data modify entity @s {} merge value {transformation:[-1.505329166666667f,-6.560638167792746e-18f,1.8423287753279767e-16f,-2.2109925f,0f,1.5043756098580243f,0.05357167611396623f,-0.5069738169231208f,-1.8434965456214864e-16f,0.05357167611396623f,-1.5043756098580243f,-0.6054053860228273f,0f,0f,0f,1f],start_interpolation:0}
execute if entity @s[tag=aj.attack.bone.right_bicep] run data modify entity @s {} merge value {transformation:[-1.578893333333333f,-6.881251021314947e-18f,1.9323618286189936e-16f,-2.107345625f,0f,1.5778931770077538f,0.05618967873925724f,1.7911688376809674f,-1.9335866668617613e-16f,0.05618967873925724f,-1.5778931770077538f,-0.5832950461716337f,0f,0f,0f,1f],start_interpolation:0}
execute if entity @s[tag=aj.attack.bone.right_shoulder] run data modify entity @s {} merge value {transformation:[-1f,-4.358274796681398e-18f,1.2238710417121236e-16f,-1.795433125f,0f,0.9993665459822623f,0.035588014435801396f,2.032658892872577f,-1.2246467991473532e-16f,0.035588014435801396f,-0.9993665459822623f,-0.5746954471508215f,0f,0f,0f,1f],start_interpolation:0}
execute if entity @s[tag=aj.attack.bone.left_thumb_2] run data modify entity @s {} merge value {transformation:[-0.9762960071199334f,-0.21643961393810288f,1.2238710417121236e-16f,1.86831875f,-0.2163025093950562f,0.9756775684917219f,0.035588014435801396f,-2.926297131971389f,-0.007702656105308606f,0.034744436394999426f,-0.9993665459822623f,-0.5373290371594243f,0f,0f,0f,1f],start_interpolation:0}
execute if entity @s[tag=aj.attack.bone.left_thumb] run data modify entity @s {} merge value {transformation:[-1f,-4.358274796681398e-18f,1.2238710417121236e-16f,2.015895f,0f,0.9993665459822623f,0.035588014435801396f,-2.639849948104675f,-1.2246467991473532e-16f,0.035588014435801396f,-0.9993665459822623f,-0.5271284890667085f,0f,0f,0f,1f],start_interpolation:0}
execute if entity @s[tag=aj.attack.bone.left_fingers2] run data modify entity @s {} merge value {transformation:[-0.7933533402912352f,0.6087614290087205f,1.2238710417121236e-16f,2.135534333847494f,0.6083758066356713f,0.7928507874303421f,0.035588014435801396f,-3.7430677526556555f,0.021664610523521338f,0.02823387012697581f,-0.9993665459822623f,-0.7353879930404261f,0f,0f,0f,1f],start_interpolation:0}
execute if entity @s[tag=aj.attack.bone.left_fingers] run data modify entity @s {} merge value {transformation:[-0.9659258262890683f,0.25881904510252074f,1.2238710417121236e-16f,2.21269625f,0.2586550951385335f,0.9653139566935689f,0.035588014435801396f,-3.2751001565747995f,0.009210855913368723f,0.034375382249888786f,-0.9993665459822623f,-0.7268535492979354f,0f,0f,0f,1f],start_interpolation:0}
execute if entity @s[tag=aj.attack.bone.left_hand] run data modify entity @s {} merge value {transformation:[-1f,-4.358274796681398e-18f,1.2238710417121236e-16f,2.27519625f,0f,0.9993665459822623f,0.035588014435801396f,-2.5694352119727473f,-1.2246467991473532e-16f,0.035588014435801396f,-0.9993665459822623f,-0.7309929571871571f,0f,0f,0f,1f],start_interpolation:0}
execute if entity @s[tag=aj.attack.bone.left_forearm] run data modify entity @s {} merge value {transformation:[-1.505329166666667f,-6.560638167792746e-18f,1.8423287753279767e-16f,2.2321275f,0f,1.5043756098580243f,0.05357167611396623f,-0.40010272689020243f,-1.8434965456214864e-16f,0.05357167611396623f,-1.5043756098580243f,-0.6482983381533143f,0f,0f,0f,1f],start_interpolation:0}
execute if entity @s[tag=aj.attack.bone.left_bicep] run data modify entity @s {} merge value {transformation:[-1.5788933333333335f,-6.881251021314948e-18f,1.9323618286189941e-16f,2.044845625f,0f,1.5778931770077542f,0.05618967873925726f,1.9742243390159555f,-1.9335866668617618e-16f,0.05618967873925726f,-1.5778931770077542f,-0.5427126185582388f,0f,0f,0f,1f],start_interpolation:0}
execute if entity @s[tag=aj.attack.bone.left_shoulder] run data modify entity @s {} merge value {transformation:[-1f,-4.358274796681398e-18f,1.2238710417121236e-16f,1.795433125f,0f,0.9993665459822623f,0.035588014435801396f,2.215714394207565f,-1.2246467991473532e-16f,0.035588014435801396f,-0.9993665459822623f,-0.5341130195374267f,0f,0f,0f,1f],start_interpolation:0}