execute if entity @s[tag=aj.attack.bone.right_thumb_2] run data modify entity @s {} merge value {transformation:[-0.9762960071199334f,0.21643961393810288f,1.2235713978087564e-16f,-1.84718375f,0.21624955142316676f,0.9754386905175837f,0.041898598432651424f,-3.033574062436208f,0.009068516469310556f,0.040905434353719114f,-0.9991218681669315f,-0.5264298737751467f,0f,0f,0f,1f],start_interpolation:0}
execute if entity @s[tag=aj.attack.bone.right_thumb] run data modify entity @s {} merge value {transformation:[-1f,-5.131098445930688e-18f,1.2235713978087564e-16f,-1.99476f,0f,0.9991218681669315f,0.041898598432651424f,-2.7471970102658556f,-1.2246467991473532e-16f,0.041898598432651424f,-0.9991218681669315f,-0.5144205308796439f,0f,0f,0f,1f],start_interpolation:0}
execute if entity @s[tag=aj.attack.bone.right_fingers2] run data modify entity @s {} merge value {transformation:[-0.7933533402912352f,-0.6087614290087205f,1.2235713978087564e-16f,-2.114399333847494f,-0.6082268562191637f,0.7926566714682541f,0.041898598432651424f,-3.8490775947898586f,-0.02550625065532352f,0.03324039302006504f,-0.9991218681669315f,-0.7296430267361543f,0f,0f,0f,1f],start_interpolation:0}
execute if entity @s[tag=aj.attack.bone.right_fingers] run data modify entity @s {} merge value {transformation:[-0.9659258262890683f,-0.25881904510252074f,1.2235713978087564e-16f,-2.19156125f,-0.2585917678600118f,0.9650776160726209f,0.041898598432651424f,-3.381173228286283f,-0.010844155237472931f,0.04047093831141266f,-0.9991218681669315f,-0.7181534001723011f,0f,0f,0f,1f],start_interpolation:0}
execute if entity @s[tag=aj.attack.locator_origin.right_hand] at @s on origin run tp @s ^-2 ^-3.41235 ^-0.72567 ~0 ~2.40132
execute if entity @s[tag=aj.attack.bone.right_hand] run data modify entity @s {} merge value {transformation:[-1f,-5.131098445930688e-18f,1.2235713978087564e-16f,-2.25406125f,0f,0.9991218681669315f,0.041898598432651424f,-2.675496214242502f,-1.2246467991473532e-16f,0.041898598432651424f,-0.9991218681669315f,-0.7178362438326503f,0f,0f,0f,1f],start_interpolation:0}
execute if entity @s[tag=aj.attack.bone.right_forearm] run data modify entity @s {} merge value {transformation:[-1.505329166666667f,-7.723992147697473e-18f,1.8418777126206242e-16f,-2.2109925f,0f,1.5040072892061707f,0.06307118226312448f,-0.5067292301120485f,-1.8434965456214864e-16f,0.06307118226312448f,-1.5040072892061707f,-0.6214433011591312f,0f,0f,0f,1f],start_interpolation:0}
execute if entity @s[tag=aj.attack.bone.right_bicep] run data modify entity @s {} merge value {transformation:[-1.578893333333333f,-8.10145712895699e-18f,1.931888722857593e-16f,-2.107345625f,0f,1.5775068568363133f,0.06615341774132377f,1.791227962392882f,-1.9335866668617613e-16f,0.06615341774132377f,-1.5775068568363133f,-0.5848199554092075f,0f,0f,0f,1f],start_interpolation:0}
execute if entity @s[tag=aj.attack.bone.right_shoulder] run data modify entity @s {} merge value {transformation:[-1f,-5.131098445930688e-18f,1.2235713978087564e-16f,-1.795433125f,0f,0.9991218681669315f,0.041898598432651424f,2.032658892872577f,-1.2246467991473532e-16f,0.041898598432651424f,-0.9991218681669315f,-0.5746954471508215f,0f,0f,0f,1f],start_interpolation:0}
execute if entity @s[tag=aj.attack.bone.left_thumb_2] run data modify entity @s {} merge value {transformation:[-0.9762960071199334f,-0.21643961393810288f,1.2235713978087564e-16f,1.86831875f,-0.21624955142316676f,0.9754386905175837f,0.041898598432651424f,-2.9261742815833207f,-0.009068516469310796f,0.04090543435371906f,-0.9991218681669315f,-0.5698022882327272f,0f,0f,0f,1f],start_interpolation:0}
execute if entity @s[tag=aj.attack.bone.left_thumb] run data modify entity @s {} merge value {transformation:[-1f,-5.131098445930688e-18f,1.2235713978087564e-16f,2.015895f,0f,0.9991218681669315f,0.041898598432651424f,-2.639797229412968f,-1.2246467991473532e-16f,0.041898598432651424f,-0.9991218681669315f,-0.5577929453372243f,0f,0f,0f,1f],start_interpolation:0}
execute if entity @s[tag=aj.attack.bone.left_fingers2] run data modify entity @s {} merge value {transformation:[-0.7933533402912352f,0.6087614290087205f,1.2235713978087564e-16f,2.135534333847494f,0.6082268562191637f,0.7926566714682541f,0.041898598432651424f,-3.7416778139369704f,0.025506250655323325f,0.0332403930200652f,-0.9991218681669315f,-0.7730154411937347f,0f,0f,0f,1f],start_interpolation:0}
execute if entity @s[tag=aj.attack.bone.left_fingers] run data modify entity @s {} merge value {transformation:[-0.9659258262890683f,0.25881904510252074f,1.2235713978087564e-16f,2.21269625f,0.2585917678600118f,0.9650776160726209f,0.041898598432651424f,-3.2737734474333955f,0.010844155237472695f,0.04047093831141273f,-0.9991218681669315f,-0.7615258146298814f,0f,0f,0f,1f],start_interpolation:0}
execute if entity @s[tag=aj.attack.bone.left_hand] run data modify entity @s {} merge value {transformation:[-1f,-5.131098445930688e-18f,1.2235713978087564e-16f,2.27519625f,0f,0.9991218681669315f,0.041898598432651424f,-2.568096433389614f,-1.2246467991473532e-16f,0.041898598432651424f,-0.9991218681669315f,-0.7612086582902307f,0f,0f,0f,1f],start_interpolation:0}
execute if entity @s[tag=aj.attack.bone.left_forearm] run data modify entity @s {} merge value {transformation:[-1.505329166666667f,-7.723992147697473e-18f,1.8418777126206242e-16f,2.2321275f,0f,1.5040072892061707f,0.06307118226312448f,-0.39932944925916125f,-1.8434965456214864e-16f,0.06307118226312448f,-1.5040072892061707f,-0.6648157156167115f,0f,0f,0f,1f],start_interpolation:0}
execute if entity @s[tag=aj.attack.bone.left_bicep] run data modify entity @s {} merge value {transformation:[-1.5788933333333335f,-8.101457128956991e-18f,1.9318887228575938e-16f,2.044845625f,0f,1.5775068568363138f,0.06615341774132379f,1.9742834637278701f,-1.9335866668617618e-16f,0.06615341774132379f,-1.5775068568363138f,-0.5442375277958127f,0f,0f,0f,1f],start_interpolation:0}
execute if entity @s[tag=aj.attack.bone.left_shoulder] run data modify entity @s {} merge value {transformation:[-1f,-5.131098445930688e-18f,1.2235713978087564e-16f,1.795433125f,0f,0.9991218681669315f,0.041898598432651424f,2.215714394207565f,-1.2246467991473532e-16f,0.041898598432651424f,-0.9991218681669315f,-0.5341130195374267f,0f,0f,0f,1f],start_interpolation:0}