execute if entity @s[tag=aj.attack.bone.right_thumb_2] run data modify entity @s {} merge value {transformation:[-0.9762960071199334f,0.21643961393810288f,1.222390864513449e-16f,-1.84718375f,0.21604090826919345f,0.9744975620687253f,0.060669823440758636f,-7.096086300182053f,0.013131353163210544f,0.05923170637788402f,-0.9981578895764273f,-0.6216589104062278f,0f,0f,0f,1f],start_interpolation:0}
execute if entity @s[tag=aj.attack.bone.right_thumb] run data modify entity @s {} merge value {transformation:[-1f,-7.429910508156014e-18f,1.222390864513449e-16f,-1.99476f,0f,0.9981578895764273f,0.060669823440758636f,-6.809985551990123f,-1.2246467991473532e-16f,0.060669823440758636f,-0.9981578895764273f,-0.6042691947506824f,0f,0f,0f,1f],start_interpolation:0}
execute if entity @s[tag=aj.attack.bone.right_fingers2] run data modify entity @s {} merge value {transformation:[-0.7933533402912352f,-0.6087614290087205f,1.222390864513449e-16f,-2.114399333847494f,-0.6076400232348745f,0.7918918958335085f,0.060669823440758636f,-7.907626360891444f,-0.0369334484155031f,0.04813260708160527f,-0.9981578895764273f,-0.8401636624859754f,0f,0f,0f,1f],start_interpolation:0}
execute if entity @s[tag=aj.attack.bone.right_fingers] run data modify entity @s {} merge value {transformation:[-0.9659258262890683f,-0.25881904510252074f,1.222390864513449e-16f,-2.19156125f,-0.25834227184171826f,0.9641464842560631f,0.060669823440758636f,-7.440020595953781f,-0.015702505769475798f,0.05860254933782664f,-0.9981578895764273f,-0.8198817417497282f,0f,0f,0f,1f],start_interpolation:0}
execute if entity @s[tag=aj.attack.locator_origin.right_hand] at @s on origin run tp @s ^-2 ^-7.47105 ^-0.82798 ~0 ~3.47826
execute if entity @s[tag=aj.attack.bone.right_hand] run data modify entity @s {} merge value {transformation:[-1f,-7.429910508156014e-18f,1.222390864513449e-16f,-2.25406125f,0f,0.9981578895764273f,0.060669823440758636f,-6.734474196565806f,-1.2246467991473532e-16f,0.060669823440758636f,-0.9981578895764273f,-0.8063013496878233f,0f,0f,0f,1f],start_interpolation:0}
execute if entity @s[tag=aj.attack.bone.right_forearm] run data modify entity @s {} merge value {transformation:[-1.505329166666667f,-1.1184460993650405e-17f,1.8401006214189767e-16f,-2.2109925f,0f,1.5025561841178423f,0.09132805476189101f,-4.567902030226495f,-1.8434965456214864e-16f,0.09132805476189101f,-1.5025561841178423f,-0.6691631752237053f,0f,0f,0f,1f],start_interpolation:0}
execute if entity @s[tag=aj.attack.bone.right_bicep] run data modify entity @s {} merge value {transformation:[-1.5788933333333333f,-1.1731036168590809e-17f,1.9300247867078543e-16f,-2.107345625f,0f,1.5759848374662904f,0.0957911797651242f,-2.2710390988080755f,-1.9335866668617615e-16f,0.0957911797651242f,-1.5759848374662904f,-0.5893558928802446f,0f,0f,0f,1f],start_interpolation:0}
execute if entity @s[tag=aj.attack.bone.right_shoulder] run data modify entity @s {} merge value {transformation:[-1f,-7.429910508156014e-18f,1.222390864513449e-16f,-1.795433125f,0f,0.9981578895764273f,0.060669823440758636f,-2.0298411071274227f,-1.2246467991473532e-16f,0.060669823440758636f,-0.9981578895764273f,-0.5746954471508213f,0f,0f,0f,1f],start_interpolation:0}
execute if entity @s[tag=aj.attack.bone.left_thumb_2] run data modify entity @s {} merge value {transformation:[-0.9762960071199334f,-0.21643961393810288f,1.222390864513449e-16f,1.86831875f,-0.21604090826919345f,0.9744975620687253f,0.060669823440758636f,-6.987095212960868f,-0.013131353163210784f,0.05923170637788396f,-0.9981578895764273f,-0.6664384538971088f,0f,0f,0f,1f],start_interpolation:0}
execute if entity @s[tag=aj.attack.bone.left_thumb] run data modify entity @s {} merge value {transformation:[-1f,-7.429910508156014e-18f,1.222390864513449e-16f,2.015895f,0f,0.9981578895764273f,0.060669823440758636f,-6.700994464768938f,-1.2246467991473532e-16f,0.060669823440758636f,-0.9981578895764273f,-0.6490487382415634f,0f,0f,0f,1f],start_interpolation:0}
execute if entity @s[tag=aj.attack.bone.left_fingers2] run data modify entity @s {} merge value {transformation:[-0.7933533402912352f,0.6087614290087205f,1.222390864513449e-16f,2.135534333847494f,0.6076400232348745f,0.7918918958335085f,0.060669823440758636f,-7.798635273670259f,0.036933448415502904f,0.048132607081605425f,-0.9981578895764273f,-0.8849432059768563f,0f,0f,0f,1f],start_interpolation:0}
execute if entity @s[tag=aj.attack.bone.left_fingers] run data modify entity @s {} merge value {transformation:[-0.9659258262890683f,0.25881904510252074f,1.222390864513449e-16f,2.21269625f,0.25834227184171826f,0.9641464842560631f,0.060669823440758636f,-7.331029508732596f,0.01570250576947556f,0.05860254933782671f,-0.9981578895764273f,-0.864661285240609f,0f,0f,0f,1f],start_interpolation:0}
execute if entity @s[tag=aj.attack.bone.left_hand] run data modify entity @s {} merge value {transformation:[-1f,-7.429910508156014e-18f,1.222390864513449e-16f,2.27519625f,0f,0.9981578895764273f,0.060669823440758636f,-6.6254831093446205f,-1.2246467991473532e-16f,0.060669823440758636f,-0.9981578895764273f,-0.8510808931787042f,0f,0f,0f,1f],start_interpolation:0}
execute if entity @s[tag=aj.attack.bone.left_forearm] run data modify entity @s {} merge value {transformation:[-1.505329166666667f,-1.1184460993650405e-17f,1.8401006214189767e-16f,2.2321275f,0f,1.5025561841178423f,0.09132805476189101f,-4.458910943005311f,-1.8434965456214864e-16f,0.09132805476189101f,-1.5025561841178423f,-0.7139427187145863f,0f,0f,0f,1f],start_interpolation:0}
execute if entity @s[tag=aj.attack.bone.left_bicep] run data modify entity @s {} merge value {transformation:[-1.5788933333333333f,-1.1731036168590809e-17f,1.9300247867078543e-16f,2.044845625f,0f,1.5759848374662904f,0.0957911797651242f,-2.0879835974730883f,-1.9335866668617615e-16f,0.0957911797651242f,-1.5759848374662904f,-0.54877346526685f,0f,0f,0f,1f],start_interpolation:0}
execute if entity @s[tag=aj.attack.bone.left_shoulder] run data modify entity @s {} merge value {transformation:[-1f,-7.429910508156014e-18f,1.222390864513449e-16f,1.795433125f,0f,0.9981578895764273f,0.060669823440758636f,-1.8467856057924352f,-1.2246467991473532e-16f,0.060669823440758636f,-0.9981578895764273f,-0.5341130195374268f,0f,0f,0f,1f],start_interpolation:0}