execute if entity @s[tag=aj.attack.bone.right_thumb_2] run data modify entity @s {} merge value {transformation:[-0.9762960071199334f,0.21643961393810288f,1.223541737418817e-16f,-1.84718375f,0.2162443093539006f,0.9754150450711679f,0.042472208806064504f,-3.0336009377820363f,0.009192668477082975f,0.041465447870924876f,-0.999097648620561f,-0.5293385146535552f,0f,0f,0f,1f],start_interpolation:0}
execute if entity @s[tag=aj.attack.bone.right_thumb] run data modify entity @s {} merge value {transformation:[-1f,-5.201345456706496e-18f,1.223541737418817e-16f,-1.99476f,0f,0.999097648620561f,0.042472208806064504f,-2.7472308276299855f,-1.2246467991473532e-16f,0.042472208806064504f,-0.999097648620561f,-0.5171647585337339f,0f,0f,0f,1f],start_interpolation:0}
execute if entity @s[tag=aj.attack.bone.right_fingers2] run data modify entity @s {} merge value {transformation:[-0.7933533402912352f,-0.6087614290087205f,1.223541737418817e-16f,-2.114399333847494f,-0.6082121122935054f,0.7926374568102409f,0.042472208806064504f,-3.848987666707837f,-0.02585544252593669f,0.03369546872583801f,-0.999097648620561f,-0.7330198321800216f,0f,0f,0f,1f],start_interpolation:0}
execute if entity @s[tag=aj.attack.bone.right_fingers] run data modify entity @s {} merge value {transformation:[-0.9659258262890683f,-0.25881904510252074f,1.223541737418817e-16f,-2.19156125f,-0.2585854993801474f,0.9650542217872806f,0.042472208806064504f,-3.3810899737593823f,-0.010992616526580606f,0.04102500338531966f,-0.999097648620561f,-0.7212615735843755f,0f,0f,0f,1f],start_interpolation:0}
execute if entity @s[tag=aj.attack.locator_origin.right_hand] at @s on origin run tp @s ^-2 ^-3.41226 ^-0.7288 ~0 ~2.43421
execute if entity @s[tag=aj.attack.bone.right_hand] run data modify entity @s {} merge value {transformation:[-1f,-5.201345456706496e-18f,1.223541737418817e-16f,-2.25406125f,0f,0.999097648620561f,0.042472208806064504f,-2.6754132581028753f,-1.2246467991473532e-16f,0.042472208806064504f,-0.999097648620561f,-0.7205392729985045f,0f,0f,0f,1f],start_interpolation:0}
execute if entity @s[tag=aj.attack.bone.right_forearm] run data modify entity @s {} merge value {transformation:[-1.505329166666667f,-7.829737021889445e-18f,1.8418330639705537e-16f,-2.2109925f,0f,1.5039708308166158f,0.06393465468852576f,-0.5067019726563435f,-1.8434965456214864e-16f,0.06393465468852576f,-1.5039708308166158f,-0.6229012106026622f,0f,0f,0f,1f],start_interpolation:0}
execute if entity @s[tag=aj.attack.bone.right_bicep] run data modify entity @s {} merge value {transformation:[-1.578893333333333f,-8.212369665957506e-18f,1.9318418922656537e-16f,-2.107345625f,0f,1.5774686167560128f,0.06705908733583653f,1.791233814879753f,-1.9335866668617613e-16f,0.06705908733583653f,-1.5774686167560128f,-0.5849585644123715f,0f,0f,0f,1f],start_interpolation:0}
execute if entity @s[tag=aj.attack.bone.right_shoulder] run data modify entity @s {} merge value {transformation:[-1f,-5.201345456706496e-18f,1.223541737418817e-16f,-1.795433125f,0f,0.999097648620561f,0.042472208806064504f,2.032658892872577f,-1.2246467991473532e-16f,0.042472208806064504f,-0.999097648620561f,-0.5746954471508215f,0f,0f,0f,1f],start_interpolation:0}
execute if entity @s[tag=aj.attack.bone.left_thumb_2] run data modify entity @s {} merge value {transformation:[-0.9762960071199334f,-0.21643961393810288f,1.223541737418817e-16f,1.86831875f,-0.2162443093539006f,0.9754150450711679f,0.042472208806064504f,-2.92615294418627f,-0.009192668477083214f,0.04146544787092482f,-0.999097648620561f,-0.572754350845382f,0f,0f,0f,1f],start_interpolation:0}
execute if entity @s[tag=aj.attack.bone.left_thumb] run data modify entity @s {} merge value {transformation:[-1f,-5.201345456706496e-18f,1.223541737418817e-16f,2.015895f,0f,0.999097648620561f,0.042472208806064504f,-2.6397828340342193f,-1.2246467991473532e-16f,0.042472208806064504f,-0.999097648620561f,-0.5605805947255607f,0f,0f,0f,1f],start_interpolation:0}
execute if entity @s[tag=aj.attack.bone.left_fingers2] run data modify entity @s {} merge value {transformation:[-0.7933533402912352f,0.6087614290087205f,1.223541737418817e-16f,2.135534333847494f,0.6082121122935054f,0.7926374568102409f,0.042472208806064504f,-3.741539673112071f,0.025855442525936495f,0.03369546872583816f,-0.999097648620561f,-0.7764356683718484f,0f,0f,0f,1f],start_interpolation:0}
execute if entity @s[tag=aj.attack.bone.left_fingers] run data modify entity @s {} merge value {transformation:[-0.9659258262890683f,0.25881904510252074f,1.223541737418817e-16f,2.21269625f,0.2585854993801474f,0.9650542217872806f,0.042472208806064504f,-3.273641980163616f,0.01099261652658037f,0.04102500338531973f,-0.999097648620561f,-0.7646774097762021f,0f,0f,0f,1f],start_interpolation:0}
execute if entity @s[tag=aj.attack.bone.left_hand] run data modify entity @s {} merge value {transformation:[-1f,-5.201345456706496e-18f,1.223541737418817e-16f,2.27519625f,0f,0.999097648620561f,0.042472208806064504f,-2.567965264507109f,-1.2246467991473532e-16f,0.042472208806064504f,-0.999097648620561f,-0.7639551091903312f,0f,0f,0f,1f],start_interpolation:0}
execute if entity @s[tag=aj.attack.bone.left_forearm] run data modify entity @s {} merge value {transformation:[-1.505329166666667f,-7.829737021889445e-18f,1.8418330639705537e-16f,2.2321275f,0f,1.5039708308166158f,0.06393465468852576f,-0.3992539790605778f,-1.8434965456214864e-16f,0.06393465468852576f,-1.5039708308166158f,-0.6663170467944889f,0f,0f,0f,1f],start_interpolation:0}
execute if entity @s[tag=aj.attack.bone.left_bicep] run data modify entity @s {} merge value {transformation:[-1.5788933333333335f,-8.21236966595751e-18f,1.9318418922656542e-16f,2.044845625f,0f,1.5774686167560132f,0.06705908733583654f,1.9742893162147412f,-1.9335866668617618e-16f,0.06705908733583654f,-1.5774686167560132f,-0.5443761367989767f,0f,0f,0f,1f],start_interpolation:0}
execute if entity @s[tag=aj.attack.bone.left_shoulder] run data modify entity @s {} merge value {transformation:[-1f,-5.201345456706496e-18f,1.223541737418817e-16f,1.795433125f,0f,0.999097648620561f,0.042472208806064504f,2.215714394207565f,-1.2246467991473532e-16f,0.042472208806064504f,-0.999097648620561f,-0.5341130195374267f,0f,0f,0f,1f],start_interpolation:0}