execute if entity @s[tag=aj.attack.bone.right_thumb_2] run data modify entity @s {} merge value {transformation:[-0.9762960071199334f,0.21643961393810288f,1.224617735561368e-16f,-1.84718375f,0.2164344773457934f,0.9762728374493232f,0.0068894030728703926f,-7.528346944276873f,0.0014911397413559279f,0.00672609671148319f,-0.9999762677810407f,-0.41156763493213583f,0f,0f,0f,1f],start_interpolation:0}
execute if entity @s[tag=aj.attack.bone.right_thumb] run data modify entity @s {} merge value {transformation:[-1f,-8.437085421226679e-19f,1.224617735561368e-16f,-1.99476f,0f,0.9999762677810407f,0.0068894030728703926f,-7.241724996613128f,-1.2246467991473532e-16f,0.0068894030728703926f,-0.9999762677810407f,-0.40959293394111285f,0f,0f,0f,1f],start_interpolation:0}
execute if entity @s[tag=aj.attack.bone.right_fingers2] run data modify entity @s {} merge value {transformation:[-0.7933533402912352f,-0.6087614290087205f,1.224617735561368e-16f,-2.1143993338474933f,-0.6087469817491933f,0.7933345122560512f,0.0068894030728703926f,-8.350465776871662f,-0.004194002859657748f,0.005465730940474351f,-0.9999762677810407f,-0.5861019350299048f,0f,0f,0f,1f],start_interpolation:0}
execute if entity @s[tag=aj.attack.bone.right_fingers] run data modify entity @s {} merge value {transformation:[-0.9659258262890683f,-0.25881904510252074f,1.224617735561368e-16f,-2.19156125f,-0.25881290275227153f,0.9659029027258603f,0.0068894030728703926f,-7.882446022520052f,-0.0017831087246468055f,0.006654652355800748f,-0.9999762677810407f,-0.5910026746015354f,0f,0f,0f,1f],start_interpolation:0}
execute if entity @s[tag=aj.attack.locator_origin.consume] at @s on origin run tp @s ^-2 ^-7.91387 ^-0.59742 ~0 ~0.39474
execute if entity @s[tag=aj.attack.bone.right_hand] run data modify entity @s {} merge value {transformation:[-1f,-8.437085421226679e-19f,1.224617735561368e-16f,-2.25406125f,0f,0.9999762677810407f,0.0068894030728703926f,-7.177190615370625f,-1.2246467991473532e-16f,0.0068894030728703926f,-0.9999762677810407f,-0.6153944647036652f,0f,0f,0f,1f],start_interpolation:0}
execute if entity @s[tag=aj.attack.bone.right_forearm] run data modify entity @s {} merge value {transformation:[-1.5053291666666664f,-1.2700590766230638e-18f,1.843452795357814e-16f,-2.2109925f,0f,1.5052934418652772f,0.01037081938651476f,-5.006378364027146f,-1.8434965456214856e-16f,0.01037081938651476f,-1.5052934418652772f,-0.5949983800642882f,0f,0f,0f,1f],start_interpolation:0}
execute if entity @s[tag=aj.attack.bone.right_bicep] run data modify entity @s {} merge value {transformation:[-1.5788933333333333f,-1.3321257924338661e-18f,1.9335407785596067e-16f,-2.107345625f,0f,1.5788558626910332f,0.010877632582401243f,-2.708547909707815f,-1.9335866668617615e-16f,0.010877632582401243f,-1.5788558626910332f,-0.6388587407750494f,0f,0f,0f,1f],start_interpolation:0}
execute if entity @s[tag=aj.attack.bone.right_shoulder] run data modify entity @s {} merge value {transformation:[-1f,-8.437085421226679e-19f,1.224617735561368e-16f,-1.795433125f,0f,0.9999762677810407f,0.0068894030728703926f,-2.4673411071274223f,-1.2246467991473532e-16f,0.0068894030728703926f,-0.9999762677810407f,-0.5746954471508213f,0f,0f,0f,1f],start_interpolation:0}
execute if entity @s[tag=aj.attack.bone.left_thumb_2] run data modify entity @s {} merge value {transformation:[-0.9762960071199334f,-0.21643961393810288f,1.224617735561368e-16f,1.86831875f,-0.2164344773457934f,0.9762728374493232f,0.0068894030728703926f,-7.424270975918497f,-0.0014911397413561668f,0.006726096711483136f,-0.9999762677810407f,-0.38974102427307883f,0f,0f,0f,1f],start_interpolation:0}
execute if entity @s[tag=aj.attack.bone.left_thumb] run data modify entity @s {} merge value {transformation:[-1f,-8.437085421226679e-19f,1.224617735561368e-16f,2.015895f,0f,0.9999762677810407f,0.0068894030728703926f,-7.137649028254752f,-1.2246467991473532e-16f,0.0068894030728703926f,-0.9999762677810407f,-0.3877663232820558f,0f,0f,0f,1f],start_interpolation:0}
execute if entity @s[tag=aj.attack.bone.left_fingers2] run data modify entity @s {} merge value {transformation:[-0.7933533402912352f,0.6087614290087205f,1.224617735561368e-16f,2.1355343338474935f,0.6087469817491933f,0.7933345122560512f,0.0068894030728703926f,-8.246389808513285f,0.004194002859657554f,0.005465730940474501f,-0.9999762677810407f,-0.5642753243708478f,0f,0f,0f,1f],start_interpolation:0}
execute if entity @s[tag=aj.attack.bone.left_fingers] run data modify entity @s {} merge value {transformation:[-0.9659258262890683f,0.25881904510252074f,1.224617735561368e-16f,2.21269625f,0.25881290275227153f,0.9659029027258603f,0.0068894030728703926f,-7.778370054161676f,0.0017831087246465687f,0.006654652355800812f,-0.9999762677810407f,-0.5691760639424783f,0f,0f,0f,1f],start_interpolation:0}
execute if entity @s[tag=aj.attack.bone.left_hand] run data modify entity @s {} merge value {transformation:[-1f,-8.437085421226679e-19f,1.224617735561368e-16f,2.27519625f,0f,0.9999762677810407f,0.0068894030728703926f,-7.073114647012249f,-1.2246467991473532e-16f,0.0068894030728703926f,-0.9999762677810407f,-0.5935678540446081f,0f,0f,0f,1f],start_interpolation:0}
execute if entity @s[tag=aj.attack.bone.left_forearm] run data modify entity @s {} merge value {transformation:[-1.505329166666667f,-1.2700590766230644e-18f,1.8434527953578148e-16f,2.2321275f,0f,1.505293441865278f,0.010370819386514763f,-4.902302395668769f,-1.8434965456214864e-16f,0.010370819386514763f,-1.505293441865278f,-0.5731717694052311f,0f,0f,0f,1f],start_interpolation:0}
execute if entity @s[tag=aj.attack.bone.left_bicep] run data modify entity @s {} merge value {transformation:[-1.5788933333333333f,-1.3321257924338661e-18f,1.9335407785596067e-16f,2.044845625f,0f,1.5788558626910332f,0.010877632582401243f,-2.5259229960648817f,-1.9335866668617615e-16f,0.010877632582401243f,-1.5788558626910332f,-0.5357777964253396f,0f,0f,0f,1f],start_interpolation:0}
execute if entity @s[tag=aj.attack.bone.left_shoulder] run data modify entity @s {} merge value {transformation:[-1f,-8.437085421226679e-19f,1.224617735561368e-16f,1.795433125f,0f,0.9999762677810407f,0.0068894030728703926f,-2.284285605792434f,-1.2246467991473532e-16f,0.0068894030728703926f,-0.9999762677810407f,-0.5341130195374266f,0f,0f,0f,1f],start_interpolation:0}