execute if entity @s[tag=aj.attack.bone.right_thumb_2] run data modify entity @s {} merge value {transformation:[-0.9762960071199334f,0.21643961393810288f,1.2244885668497752e-16f,-1.84718375f,0.21641164853826336f,0.976169863353069f,0.01607470865060756f,-7.52963187978397f,0.0034792037345048633f,0.01569367387120444f,-0.9998707935237423f,-0.4580639768846405f,0f,0f,0f,1f],start_interpolation:0}
execute if entity @s[tag=aj.attack.bone.right_thumb] run data modify entity @s {} merge value {transformation:[-1f,-1.9685840496192852e-18f,1.2244885668497752e-16f,-1.99476f,0f,0.9998707935237423f,0.01607470865060756f,-7.243040164074752f,-1.2246467991473532e-16f,0.01607470865060756f,-0.9998707935237423f,-0.4534565032375027f,0f,0f,0f,1f],start_interpolation:0}
execute if entity @s[tag=aj.attack.bone.right_fingers2] run data modify entity @s {} merge value {transformation:[-0.7933533402912352f,-0.6087614290087205f,1.2244885668497752e-16f,-2.1143993338474933f,-0.6086827730895967f,0.7932508339017088f,0.01607470865060756f,-8.350112787129175f,-0.0097856626090428f,0.012752923802167849f,-0.9998707935237423f,-0.6401427441795243f,0f,0f,0f,1f],start_interpolation:0}
execute if entity @s[tag=aj.attack.bone.right_fingers] run data modify entity @s {} merge value {transformation:[-0.9659258262890683f,-0.25881904510252074f,1.2244885668497752e-16f,-2.19156125f,-0.25878560400571465f,0.9658010224167272f,0.01607470865060756f,-7.882067761473075f,-0.004160440743251596f,0.015526976235694111f,-0.9998707935237423f,-0.6407441344602555f,0f,0f,0f,1f],start_interpolation:0}
execute if entity @s[tag=aj.attack.locator_origin.consume] at @s on origin run tp @s ^-2 ^-7.91343 ^-0.64745 ~0 ~0.92105
execute if entity @s[tag=aj.attack.bone.right_hand] run data modify entity @s {} merge value {transformation:[-1f,-1.9685840496192852e-18f,1.2244885668497752e-16f,-2.25406125f,0f,0.9998707935237423f,0.01607470865060756f,-7.176618050936014f,-1.2246467991473532e-16f,0.01607470865060756f,-0.9998707935237423f,-0.6586565502958481f,0f,0f,0f,1f],start_interpolation:0}
execute if entity @s[tag=aj.attack.bone.right_forearm] run data modify entity @s {} merge value {transformation:[-1.5053291666666664f,-2.96336698692669e-18f,1.8432583539288326e-16f,-2.2109925f,0f,1.5051346683894335f,0.024197727777428533f,-5.006084741851889f,-1.8434965456214856e-16f,0.024197727777428533f,-1.5051346683894335f,-0.6183206480760892f,0f,0f,0f,1f],start_interpolation:0}
execute if entity @s[tag=aj.attack.bone.right_bicep] run data modify entity @s {} merge value {transformation:[-1.5788933333333333f,-3.1081842320502252e-18f,1.9333368349419975e-16f,-2.107345625f,0f,1.5786893300893465f,0.02538025032371994f,-2.707948340980066f,-1.9335866668617615e-16f,0.02538025032371994f,-1.5786893300893465f,-0.6410717145778526f,0f,0f,0f,1f],start_interpolation:0}
execute if entity @s[tag=aj.attack.bone.right_shoulder] run data modify entity @s {} merge value {transformation:[-1f,-1.9685840496192852e-18f,1.2244885668497752e-16f,-1.795433125f,0f,0.9998707935237423f,0.01607470865060756f,-2.4673411071274223f,-1.2246467991473532e-16f,0.01607470865060756f,-0.9998707935237423f,-0.5746954471508213f,0f,0f,0f,1f],start_interpolation:0}
execute if entity @s[tag=aj.attack.bone.left_thumb_2] run data modify entity @s {} merge value {transformation:[-0.9762960071199334f,-0.21643961393810288f,1.2244885668497752e-16f,1.86831875f,-0.21641164853826336f,0.976169863353069f,0.01607470865060756f,-7.425380291790502f,-0.0034792037345051027f,0.015693673871204385f,-0.9998707935237423f,-0.43696206622769007f,0f,0f,0f,1f],start_interpolation:0}
execute if entity @s[tag=aj.attack.bone.left_thumb] run data modify entity @s {} merge value {transformation:[-1f,-1.9685840496192852e-18f,1.2244885668497752e-16f,2.015895f,0f,0.9998707935237423f,0.01607470865060756f,-7.138788576081284f,-1.2246467991473532e-16f,0.01607470865060756f,-0.9998707935237423f,-0.4323545925805522f,0f,0f,0f,1f],start_interpolation:0}
execute if entity @s[tag=aj.attack.bone.left_fingers2] run data modify entity @s {} merge value {transformation:[-0.7933533402912352f,0.6087614290087205f,1.2244885668497752e-16f,2.1355343338474935f,0.6086827730895967f,0.7932508339017088f,0.01607470865060756f,-8.245861199135707f,0.009785662609042603f,0.012752923802167996f,-0.9998707935237423f,-0.6190408335225739f,0f,0f,0f,1f],start_interpolation:0}
execute if entity @s[tag=aj.attack.bone.left_fingers] run data modify entity @s {} merge value {transformation:[-0.9659258262890683f,0.25881904510252074f,1.2244885668497752e-16f,2.21269625f,0.25878560400571465f,0.9658010224167272f,0.01607470865060756f,-7.777816173479606f,0.00416044074325136f,0.015526976235694174f,-0.9998707935237423f,-0.6196422238033049f,0f,0f,0f,1f],start_interpolation:0}
execute if entity @s[tag=aj.attack.bone.left_hand] run data modify entity @s {} merge value {transformation:[-1f,-1.9685840496192852e-18f,1.2244885668497752e-16f,2.27519625f,0f,0.9998707935237423f,0.01607470865060756f,-7.072366462942545f,-1.2246467991473532e-16f,0.01607470865060756f,-0.9998707935237423f,-0.6375546396388976f,0f,0f,0f,1f],start_interpolation:0}
execute if entity @s[tag=aj.attack.bone.left_forearm] run data modify entity @s {} merge value {transformation:[-1.505329166666667f,-2.9633669869266915e-18f,1.8432583539288334e-16f,2.2321275f,0f,1.5051346683894342f,0.024197727777428544f,-4.901833153858421f,-1.8434965456214864e-16f,0.024197727777428544f,-1.5051346683894342f,-0.5972187374191387f,0f,0f,0f,1f],start_interpolation:0}
execute if entity @s[tag=aj.attack.bone.left_bicep] run data modify entity @s {} merge value {transformation:[-1.5788933333333333f,-3.1081842320502252e-18f,1.9333368349419975e-16f,2.044845625f,0f,1.5786893300893465f,0.02538025032371994f,-2.5258975089357407f,-1.9335866668617615e-16f,0.02538025032371994f,-1.5786893300893465f,-0.5379973623692239f,0f,0f,0f,1f],start_interpolation:0}
execute if entity @s[tag=aj.attack.bone.left_shoulder] run data modify entity @s {} merge value {transformation:[-1f,-1.9685840496192852e-18f,1.2244885668497752e-16f,1.795433125f,0f,0.9998707935237423f,0.01607470865060756f,-2.284285605792434f,-1.2246467991473532e-16f,0.01607470865060756f,-0.9998707935237423f,-0.5341130195374266f,0f,0f,0f,1f],start_interpolation:0}