execute if entity @s[tag=aj.attack.bone.right_thumb_2] run data modify entity @s {} merge value {transformation:[-0.9762960071199334f,0.21643961393810288f,1.2246001683497691e-16f,-1.84718375f,0.21643137258081216f,0.9762588327595204f,0.008726535498373988f,-3.02918350803934f,0.0018887679742850968f,0.008519681763052908f,-0.9999619230641713f,-0.3583683074749386f,0f,0f,0f,1f],start_interpolation:0}
execute if entity @s[tag=aj.attack.bone.right_thumb] run data modify entity @s {} merge value {transformation:[-1f,-1.0686923765729455e-18f,1.2246001683497691e-16f,-1.99476f,0f,0.9999619230641713f,0.008726535498373988f,-2.7425656719838605f,-1.2246467991473532e-16f,0.008726535498373988f,-0.9999619230641713f,-0.35586703151320903f,0f,0f,0f,1f],start_interpolation:0}
execute if entity @s[tag=aj.attack.bone.right_fingers2] run data modify entity @s {} merge value {transformation:[-0.7933533402912352f,-0.6087614290087205f,1.2246001683497691e-16f,-2.114399333847494f,-0.6087382492388532f,0.7933231318270074f,0.008726535498373988f,-3.8509803009400483f,-0.005312378220285574f,0.006923226086804969f,-0.9999619230641713f,-0.5344126995916582f,0f,0f,0f,1f],start_interpolation:0}
execute if entity @s[tag=aj.attack.bone.right_fingers] run data modify entity @s {} merge value {transformation:[-0.9659258262890683f,-0.25881904510252074f,1.2246001683497691e-16f,-2.19156125f,-0.2588091900663491f,0.9658890467933654f,0.008726535498373988f,-3.382952332854696f,-0.002258593584742524f,0.00842918601190775f,-0.9999619230641713f,-0.5384535907786839f,0f,0f,0f,1f],start_interpolation:0}
execute if entity @s[tag=aj.attack.locator_origin.right_hand] at @s on origin run tp @s ^-2 ^-3.41436 ^-0.54493 ~0 ~0.5
execute if entity @s[tag=aj.attack.bone.right_hand] run data modify entity @s {} merge value {transformation:[-1f,-1.0686923765729455e-18f,1.2246001683497691e-16f,-2.25406125f,0f,0.9999619230641713f,0.008726535498373988f,-2.6776533036203114f,-1.2246467991473532e-16f,0.008726535498373988f,-0.9999619230641713f,-0.5615496531903877f,0f,0f,0f,1f],start_interpolation:0}
execute if entity @s[tag=aj.attack.bone.right_forearm] run data modify entity @s {} merge value {transformation:[-1.505329166666667f,-1.608733804649572e-18f,1.8434263509218182e-16f,-2.2109925f,0f,1.5052718483445868f,0.013136308409654403f,-0.5068821872410096f,-1.8434965456214864e-16f,0.013136308409654403f,-1.5052718483445868f,-0.5371654135073292f,0f,0f,0f,1f],start_interpolation:0}
execute if entity @s[tag=aj.attack.bone.right_bicep] run data modify entity @s {} merge value {transformation:[-1.578893333333333f,-1.6873512687551795e-18f,1.9335130418063277e-16f,-2.107345625f,0f,1.5788332139131993f,0.013778268721479366f,1.7910249689023414f,-1.9335866668617613e-16f,0.013778268721479366f,-1.5788332139131993f,-0.5768041544590721f,0f,0f,0f,1f],start_interpolation:0}
execute if entity @s[tag=aj.attack.bone.right_shoulder] run data modify entity @s {} merge value {transformation:[-1f,-1.0686923765729455e-18f,1.2246001683497691e-16f,-1.795433125f,0f,0.9999619230641713f,0.008726535498373988f,2.032658892872577f,-1.2246467991473532e-16f,0.008726535498373988f,-0.9999619230641713f,-0.5746954471508215f,0f,0f,0f,1f],start_interpolation:0}
execute if entity @s[tag=aj.attack.bone.left_thumb_2] run data modify entity @s {} merge value {transformation:[-0.9762960071199334f,-0.21643961393810288f,1.2246001683497691e-16f,1.86831875f,-0.21643137258081216f,0.9762588327595204f,0.008726535498373988f,-2.9245275399687065f,-0.0018887679742853357f,0.008519681763052856f,-0.9999619230641713f,-0.3991843855773098f,0f,0f,0f,1f],start_interpolation:0}
execute if entity @s[tag=aj.attack.bone.left_thumb] run data modify entity @s {} merge value {transformation:[-1f,-1.0686923765729455e-18f,1.2246001683497691e-16f,2.015895f,0f,0.9999619230641713f,0.008726535498373988f,-2.637909703913227f,-1.2246467991473532e-16f,0.008726535498373988f,-0.9999619230641713f,-0.3966831096155802f,0f,0f,0f,1f],start_interpolation:0}
execute if entity @s[tag=aj.attack.bone.left_fingers2] run data modify entity @s {} merge value {transformation:[-0.7933533402912352f,0.6087614290087205f,1.2246001683497691e-16f,2.135534333847494f,0.6087382492388532f,0.7933231318270074f,0.008726535498373988f,-3.7463243328694147f,0.00531237822028538f,0.006923226086805117f,-0.9999619230641713f,-0.5752287776940292f,0f,0f,0f,1f],start_interpolation:0}
execute if entity @s[tag=aj.attack.bone.left_fingers] run data modify entity @s {} merge value {transformation:[-0.9659258262890683f,0.25881904510252074f,1.2246001683497691e-16f,2.21269625f,0.2588091900663491f,0.9658890467933654f,0.008726535498373988f,-3.2782963647840626f,0.0022585935847422873f,0.008429186011907813f,-0.9999619230641713f,-0.579269668881055f,0f,0f,0f,1f],start_interpolation:0}
execute if entity @s[tag=aj.attack.bone.left_hand] run data modify entity @s {} merge value {transformation:[-1f,-1.0686923765729455e-18f,1.2246001683497691e-16f,2.27519625f,0f,0.9999619230641713f,0.008726535498373988f,-2.572997335549678f,-1.2246467991473532e-16f,0.008726535498373988f,-0.9999619230641713f,-0.6023657312927588f,0f,0f,0f,1f],start_interpolation:0}
execute if entity @s[tag=aj.attack.bone.left_forearm] run data modify entity @s {} merge value {transformation:[-1.505329166666667f,-1.608733804649572e-18f,1.8434263509218182e-16f,2.2321275f,0f,1.5052718483445868f,0.013136308409654403f,-0.40222621917037604f,-1.8434965456214864e-16f,0.013136308409654403f,-1.5052718483445868f,-0.5779814916097002f,0f,0f,0f,1f],start_interpolation:0}
execute if entity @s[tag=aj.attack.bone.left_bicep] run data modify entity @s {} merge value {transformation:[-1.5788933333333335f,-1.68735126875518e-18f,1.9335130418063285e-16f,2.044845625f,0f,1.5788332139131998f,0.013778268721479369f,1.9740804702373296f,-1.9335866668617618e-16f,0.013778268721479369f,-1.5788332139131998f,-0.5362217268456773f,0f,0f,0f,1f],start_interpolation:0}
execute if entity @s[tag=aj.attack.bone.left_shoulder] run data modify entity @s {} merge value {transformation:[-1f,-1.0686923765729455e-18f,1.2246001683497691e-16f,1.795433125f,0f,0.9999619230641713f,0.008726535498373988f,2.215714394207565f,-1.2246467991473532e-16f,0.008726535498373988f,-0.9999619230641713f,-0.5341130195374267f,0f,0f,0f,1f],start_interpolation:0}