execute if entity @s[tag=aj.attack.bone.right_thumb_2] run data modify entity @s {} merge value {transformation:[-0.9762960071199334f,0.21643961393810288f,1.22076146171831e-16f,-1.84718375f,0.215752933555035f,0.9731985920767311f,-0.07959379399340857f,-7.495291411835297f,-0.01722725004380236f,-0.0777071032672913f,-0.9968273812239183f,0.02539329642638144f,0f,0f,0f,1f],start_interpolation:0}
execute if entity @s[tag=aj.attack.bone.right_thumb] run data modify entity @s {} merge value {transformation:[-1f,9.74742850460216e-18f,1.22076146171831e-16f,-1.99476f,0f,0.9968273812239183f,-0.07959379399340857f,-7.2095720255893125f,-1.2246467991473532e-16f,-0.07959379399340857f,-0.9968273812239183f,0.0025794267462932174f,0f,0f,0f,1f],start_interpolation:0}
execute if entity @s[tag=aj.attack.bone.right_fingers2] run data modify entity @s {} merge value {transformation:[-0.7933533402912352f,-0.6087614290087205f,1.22076146171831e-16f,-2.1143993338474933f,-0.6068300610688933f,0.7908363325877602f,-0.07959379399340857f,-8.329421853765202f,0.04845363177165303f,-0.06314600233112322f,-0.9968273812239183f,-0.07740749473525442f,0f,0f,0f,1f],start_interpolation:0}
execute if entity @s[tag=aj.attack.bone.right_fingers] run data modify entity @s {} merge value {transformation:[-0.9659258262890683f,-0.25881904510252074f,1.22076146171831e-16f,-2.19156125f,-0.25799791094042096f,0.9628613118762814f,-0.07959379399340857f,-7.863578375211162f,0.02060038975746064f,-0.07688170123056509f,-0.9968273812239183f,-0.1227546137215948f,0f,0f,0f,1f],start_interpolation:0}
execute if entity @s[tag=aj.attack.locator_origin.consume] at @s on origin run tp @s ^-2 ^-7.89544 ^-0.12644 ~0 ~-4.56522
execute if entity @s[tag=aj.attack.bone.right_hand] run data modify entity @s {} merge value {transformation:[-1f,9.74742850460216e-18f,1.22076146171831e-16f,-2.25406125f,0f,0.9968273812239183f,-0.07959379399340857f,-7.163072788988808f,-1.2246467991473532e-16f,-0.07959379399340857f,-0.9968273812239183f,-0.2080310606994482f,0f,0f,0f,1f],start_interpolation:0}
execute if entity @s[tag=aj.attack.bone.right_forearm] run data modify entity @s {} merge value {transformation:[-1.5053291666666664f,1.4673088427975677e-17f,1.837647833867205e-16f,-2.2109925f,0f,1.5005533310883163f,-0.11981485958393605f,-4.998625990816253f,-1.8434965456214856e-16f,-0.11981485958393605f,-1.5005533310883163f,-0.37539858661812325f,0f,0f,0f,1f],start_interpolation:0}
execute if entity @s[tag=aj.attack.bone.right_bicep] run data modify entity @s {} merge value {transformation:[-1.5788933333333333f,1.539014988305965e-17f,1.9274521334972946e-16f,-2.107345625f,0f,1.5738841066985698f,-0.1256701107108995f,-2.7131922027365243f,-1.9335866668617615e-16f,-0.1256701107108995f,-1.5738841066985698f,-0.6177638653661428f,0f,0f,0f,1f],start_interpolation:0}
execute if entity @s[tag=aj.attack.bone.right_shoulder] run data modify entity @s {} merge value {transformation:[-1f,9.74742850460216e-18f,1.22076146171831e-16f,-1.795433125f,0f,0.9968273812239183f,-0.07959379399340857f,-2.4673411071274223f,-1.2246467991473532e-16f,-0.07959379399340857f,-0.9968273812239183f,-0.5746954471508213f,0f,0f,0f,1f],start_interpolation:0}
execute if entity @s[tag=aj.attack.bone.left_thumb_2] run data modify entity @s {} merge value {transformation:[-0.9762960071199334f,-0.21643961393810288f,1.22076146171831e-16f,1.86831875f,-0.215752933555035f,0.9731985920767311f,-0.07959379399340857f,-7.392541312024229f,0.017227250043802125f,-0.07770710326729136f,-0.9968273812239183f,0.05411866770567436f,0f,0f,0f,1f],start_interpolation:0}
execute if entity @s[tag=aj.attack.bone.left_thumb] run data modify entity @s {} merge value {transformation:[-1f,9.74742850460216e-18f,1.22076146171831e-16f,2.015895f,0f,0.9968273812239183f,-0.07959379399340857f,-7.106821925778244f,-1.2246467991473532e-16f,-0.07959379399340857f,-0.9968273812239183f,0.031304798025586195f,0f,0f,0f,1f],start_interpolation:0}
execute if entity @s[tag=aj.attack.bone.left_fingers2] run data modify entity @s {} merge value {transformation:[-0.7933533402912352f,0.6087614290087205f,1.22076146171831e-16f,2.1355343338474935f,0.6068300610688933f,0.7908363325877602f,-0.07959379399340857f,-8.226671753954134f,-0.048453631771653224f,-0.06314600233112308f,-0.9968273812239183f,-0.0486821234559614f,0f,0f,0f,1f],start_interpolation:0}
execute if entity @s[tag=aj.attack.bone.left_fingers] run data modify entity @s {} merge value {transformation:[-0.9659258262890683f,0.25881904510252074f,1.22076146171831e-16f,2.21269625f,0.25799791094042096f,0.9628613118762814f,-0.07959379399340857f,-7.760828275400094f,-0.020600389757460875f,-0.07688170123056504f,-0.9968273812239183f,-0.09402924244230174f,0f,0f,0f,1f],start_interpolation:0}
execute if entity @s[tag=aj.attack.bone.left_hand] run data modify entity @s {} merge value {transformation:[-1f,9.74742850460216e-18f,1.22076146171831e-16f,2.27519625f,0f,0.9968273812239183f,-0.07959379399340857f,-7.06032268917774f,-1.2246467991473532e-16f,-0.07959379399340857f,-0.9968273812239183f,-0.17930568942015518f,0f,0f,0f,1f],start_interpolation:0}
execute if entity @s[tag=aj.attack.bone.left_forearm] run data modify entity @s {} merge value {transformation:[-1.505329166666667f,1.4673088427975686e-17f,1.8376478338672058e-16f,2.2321275f,0f,1.500553331088317f,-0.1198148595839361f,-4.8958758910051845f,-1.8434965456214864e-16f,-0.1198148595839361f,-1.500553331088317f,-0.3466732153388302f,0f,0f,0f,1f],start_interpolation:0}
execute if entity @s[tag=aj.attack.bone.left_bicep] run data modify entity @s {} merge value {transformation:[-1.5788933333333333f,1.539014988305965e-17f,1.9274521334972946e-16f,2.044845625f,0f,1.5738841066985698f,-0.1256701107108995f,-2.525162089276948f,-1.9335866668617615e-16f,-0.1256701107108995f,-1.5738841066985698f,-0.5148797264262531f,0f,0f,0f,1f],start_interpolation:0}
execute if entity @s[tag=aj.attack.bone.left_shoulder] run data modify entity @s {} merge value {transformation:[-1f,9.74742850460216e-18f,1.22076146171831e-16f,1.795433125f,0f,0.9968273812239183f,-0.07959379399340857f,-2.284285605792434f,-1.2246467991473532e-16f,-0.07959379399340857f,-0.9968273812239183f,-0.5341130195374266f,0f,0f,0f,1f],start_interpolation:0}