execute if entity @s[tag=aj.attack.bone.right_thumb_2] run data modify entity @s {} merge value {transformation:[-0.9762960071199334f,0.21643961393810288f,1.2231497280378807e-16f,-1.84718375f,0.21617502704398966f,0.9751025327666993f,-0.049430843352086196f,-7.511130795025572f,-0.010698792651760495f,-0.048259134993212625f,-0.9987775486691226f,-0.12683793517590297f,0f,0f,0f,1f],start_interpolation:0}
execute if entity @s[tag=aj.attack.bone.right_thumb] run data modify entity @s {} merge value {transformation:[-1f,6.0535324090286526e-18f,1.2231497280378807e-16f,-1.99476f,0f,0.9987775486691226f,-0.049430843352086196f,-7.224852434722477f,-1.2246467991473532e-16f,-0.049430843352086196f,-0.9987775486691226f,-0.14100623601735726f,0f,0f,0f,1f],start_interpolation:0}
execute if entity @s[tag=aj.attack.bone.right_fingers2] run data modify entity @s {} merge value {transformation:[-0.7933533402912352f,-0.6087614290087205f,1.2231497280378807e-16f,-2.1143993338474933f,-0.6080172477896421f,0.7923835044445402f,-0.049430843352086196f,-8.341773308879787f,0.03009159083612211f,-0.03921612468679046f,-0.9987775486691226f,-0.25480125412154064f,0f,0f,0f,1f],start_interpolation:0}
execute if entity @s[tag=aj.attack.bone.right_fingers] run data modify entity @s {} merge value {transformation:[-0.9659258262890683f,-0.25881904510252074f,1.2231497280378807e-16f,-2.19156125f,-0.25850265141637874f,0.9647450289771924f,-0.049430843352086196f,-7.8747721269677715f,0.012793643674999116f,-0.047746528209029394f,-0.9987775486691226f,-0.2860487148898755f,0f,0f,0f,1f],start_interpolation:0}
execute if entity @s[tag=aj.attack.locator_origin.consume] at @s on origin run tp @s ^-2 ^-7.90651 ^-0.29069 ~0 ~-2.83333
execute if entity @s[tag=aj.attack.bone.right_hand] run data modify entity @s {} merge value {transformation:[-1f,6.0535324090286526e-18f,1.2231497280378807e-16f,-2.25406125f,0f,0.9987775486691226f,-0.049430843352086196f,-7.172009268659714f,-1.2246467991473532e-16f,-0.049430843352086196f,-0.9987775486691226f,-0.35011519380497985f,0f,0f,0f,1f],start_interpolation:0}
execute if entity @s[tag=aj.attack.bone.right_forearm] run data modify entity @s {} merge value {transformation:[-1.5053291666666664f,9.112558896672759e-18f,1.8412429608158225e-16f,-2.2109925f,0f,1.5034889750234661f,-0.07440969023082644f,-5.003492935994145f,-1.8434965456214856e-16f,-0.07440969023082644f,-1.5034889750234661f,-0.4519913235618179f,0f,0f,0f,1f],start_interpolation:0}
execute if entity @s[tag=aj.attack.bone.right_bicep] run data modify entity @s {} merge value {transformation:[-1.5788933333333333f,9.557881963732612e-18f,1.9312229512674895e-16f,-2.107345625f,0f,1.5769632130766864f,-0.07804602902965321f,-2.711778262877174f,-1.9335866668617615e-16f,-0.07804602902965321f,-1.5769632130766864f,-0.6251744204836579f,0f,0f,0f,1f],start_interpolation:0}
execute if entity @s[tag=aj.attack.bone.right_shoulder] run data modify entity @s {} merge value {transformation:[-1f,6.0535324090286526e-18f,1.2231497280378807e-16f,-1.795433125f,0f,0.9987775486691226f,-0.049430843352086196f,-2.4673411071274223f,-1.2246467991473532e-16f,-0.049430843352086196f,-0.9987775486691226f,-0.5746954471508213f,0f,0f,0f,1f],start_interpolation:0}
execute if entity @s[tag=aj.attack.bone.left_thumb_2] run data modify entity @s {} merge value {transformation:[-0.9762960071199334f,-0.21643961393810288f,1.2231497280378807e-16f,1.86831875f,-0.21617502704398966f,0.9751025327666993f,-0.049430843352086196f,-7.407985661831954f,0.010698792651760256f,-0.04825913499321268f,-0.9987775486691226f,-0.1005341756495108f,0f,0f,0f,1f],start_interpolation:0}
execute if entity @s[tag=aj.attack.bone.left_thumb] run data modify entity @s {} merge value {transformation:[-1f,6.0535324090286526e-18f,1.2231497280378807e-16f,2.015895f,0f,0.9987775486691226f,-0.049430843352086196f,-7.1217073015288594f,-1.2246467991473532e-16f,-0.049430843352086196f,-0.9987775486691226f,-0.11470247649096504f,0f,0f,0f,1f],start_interpolation:0}
execute if entity @s[tag=aj.attack.bone.left_fingers2] run data modify entity @s {} merge value {transformation:[-0.7933533402912352f,0.6087614290087205f,1.2231497280378807e-16f,2.1355343338474935f,0.6080172477896421f,0.7923835044445402f,-0.049430843352086196f,-8.23862817568617f,-0.030091590836122305f,-0.03921612468679031f,-0.9987775486691226f,-0.2284974945951485f,0f,0f,0f,1f],start_interpolation:0}
execute if entity @s[tag=aj.attack.bone.left_fingers] run data modify entity @s {} merge value {transformation:[-0.9659258262890683f,0.25881904510252074f,1.2231497280378807e-16f,2.21269625f,0.25850265141637874f,0.9647450289771924f,-0.049430843352086196f,-7.771626993774154f,-0.012793643674999352f,-0.047746528209029325f,-0.9987775486691226f,-0.2597449553634833f,0f,0f,0f,1f],start_interpolation:0}
execute if entity @s[tag=aj.attack.bone.left_hand] run data modify entity @s {} merge value {transformation:[-1f,6.0535324090286526e-18f,1.2231497280378807e-16f,2.27519625f,0f,0.9987775486691226f,-0.049430843352086196f,-7.068864135466097f,-1.2246467991473532e-16f,-0.049430843352086196f,-0.9987775486691226f,-0.3238114342785876f,0f,0f,0f,1f],start_interpolation:0}
execute if entity @s[tag=aj.attack.bone.left_forearm] run data modify entity @s {} merge value {transformation:[-1.505329166666667f,9.112558896672763e-18f,1.8412429608158233e-16f,2.2321275f,0f,1.5034889750234668f,-0.07440969023082647f,-4.9003478028005265f,-1.8434965456214864e-16f,-0.07440969023082647f,-1.5034889750234668f,-0.4256875640354257f,0f,0f,0f,1f],start_interpolation:0}
execute if entity @s[tag=aj.attack.bone.left_bicep] run data modify entity @s {} merge value {transformation:[-1.5788933333333333f,9.557881963732612e-18f,1.9312229512674895e-16f,2.044845625f,0f,1.5769632130766864f,-0.07804602902965321f,-2.5256333338326806f,-1.9335866668617615e-16f,-0.07804602902965321f,-1.5769632130766864f,-0.522168396078443f,0f,0f,0f,1f],start_interpolation:0}
execute if entity @s[tag=aj.attack.bone.left_shoulder] run data modify entity @s {} merge value {transformation:[-1f,6.0535324090286526e-18f,1.2231497280378807e-16f,1.795433125f,0f,0.9987775486691226f,-0.049430843352086196f,-2.284285605792434f,-1.2246467991473532e-16f,-0.049430843352086196f,-0.9987775486691226f,-0.5341130195374266f,0f,0f,0f,1f],start_interpolation:0}