execute if entity @s[tag=aj.attack.bone.right_thumb_2] run data modify entity @s {} merge value {transformation:[-0.9762960071199334f,0.21643961393810288f,1.2186927228480395e-16f,-1.84718375f,0.21538731218344292f,0.9715493806467702f,0.09848911978116871f,-7.522003050169294f,0.021316947062539608f,0.09615453438711188f,-0.9951381277414361f,-0.8759982986877004f,0f,0f,0f,1f],start_interpolation:0}
execute if entity @s[tag=aj.attack.bone.right_thumb] run data modify entity @s {} merge value {transformation:[-1f,-1.2061438529084855e-17f,1.2186927228480395e-16f,-1.99476f,0f,0.9951381277414361f,0.09848911978116871f,-7.236767852537426f,-1.2246467991473532e-16f,0.09848911978116871f,-0.9951381277414361f,-0.8477684853962237f,0f,0f,0f,1f],start_interpolation:0}
execute if entity @s[tag=aj.attack.bone.right_fingers2] run data modify entity @s {} merge value {transformation:[-0.7933533402912352f,-0.6087614290087205f,1.2186927228480395e-16f,-2.1143993338474933f,-0.6058017087049393f,0.7894961576948342f,0.09848911978116871f,-8.32467053289743f,-0.059956377299795416f,0.0781366721607337f,-0.9951381277414361f,-1.1251298081129697f,0f,0f,0f,1f],start_interpolation:0}
execute if entity @s[tag=aj.attack.bone.right_fingers] run data modify entity @s {} merge value {transformation:[-0.9659258262890683f,-0.25881904510252074f,1.2186927228480395e-16f,-2.19156125f,-0.2575606999671488f,0.961229618310403f,0.09848911978116871f,-7.858170658871541f,-0.02549085993474999f,0.09513318440510839f,-0.9951381277414361f,-1.0871248709926602f,0f,0f,0f,1f],start_interpolation:0}
execute if entity @s[tag=aj.attack.locator_origin.right_hand] at @s on origin run tp @s ^-2 ^-7.88887 ^-1.0964 ~0 ~5.65217
execute if entity @s[tag=aj.attack.bone.right_hand] run data modify entity @s {} merge value {transformation:[-1f,-1.2061438529084855e-17f,1.2186927228480395e-16f,-2.25406125f,0f,0.9951381277414361f,0.09848911978116871f,-7.1536471904299574f,-1.2246467991473532e-16f,0.09848911978116871f,-0.9951381277414361f,-1.0467908759892888f,0f,0f,0f,1f],start_interpolation:0}
execute if entity @s[tag=aj.attack.bone.right_forearm] run data modify entity @s {} merge value {transformation:[-1.5053291666666664f,-1.8156435209788526e-17f,1.8345337009075698e-16f,-2.2109925f,0f,1.4980104485512427f,0.1482585446059202f,-4.9938363658050235f,-1.8434965456214856e-16f,0.1482585446059202f,-1.4980104485512427f,-0.8275671713300365f,0f,0f,0f,1f],start_interpolation:0}
execute if entity @s[tag=aj.attack.bone.right_bicep] run data modify entity @s {} merge value {transformation:[-1.5788933333333333f,-1.9043724883981883e-17f,1.9241858154866172e-16f,-2.107345625f,0f,1.5712169556367683f,0.15550381462835539f,-2.701653824135189f,-1.9335866668617615e-16f,0.15550381462835539f,-1.5712169556367683f,-0.660690798817082f,0f,0f,0f,1f],start_interpolation:0}
execute if entity @s[tag=aj.attack.bone.right_shoulder] run data modify entity @s {} merge value {transformation:[-1f,-1.2061438529084855e-17f,1.2186927228480395e-16f,-1.795433125f,0f,0.9951381277414361f,0.09848911978116871f,-2.4673411071274223f,-1.2246467991473532e-16f,0.09848911978116871f,-0.9951381277414361f,-0.5746954471508213f,0f,0f,0f,1f],start_interpolation:0}
execute if entity @s[tag=aj.attack.bone.left_thumb_2] run data modify entity @s {} merge value {transformation:[-0.9762960071199334f,-0.21643961393810288f,1.2186927228480395e-16f,1.86831875f,-0.21538731218344292f,0.9715493806467702f,0.09848911978116871f,-7.415876206330667f,-0.021316947062539844f,0.09615453438711183f,-0.9951381277414361f,-0.861329746790526f,0f,0f,0f,1f],start_interpolation:0}
execute if entity @s[tag=aj.attack.bone.left_thumb] run data modify entity @s {} merge value {transformation:[-1f,-1.2061438529084855e-17f,1.2186927228480395e-16f,2.015895f,0f,0.9951381277414361f,0.09848911978116871f,-7.130641008698799f,-1.2246467991473532e-16f,0.09848911978116871f,-0.9951381277414361f,-0.8330999334990493f,0f,0f,0f,1f],start_interpolation:0}
execute if entity @s[tag=aj.attack.bone.left_fingers2] run data modify entity @s {} merge value {transformation:[-0.7933533402912352f,0.6087614290087205f,1.2186927228480395e-16f,2.1355343338474935f,0.6058017087049393f,0.7894961576948342f,0.09848911978116871f,-8.218543689058803f,0.05995637729979522f,0.07813667216073385f,-0.9951381277414361f,-1.1104612562157954f,0f,0f,0f,1f],start_interpolation:0}
execute if entity @s[tag=aj.attack.bone.left_fingers] run data modify entity @s {} merge value {transformation:[-0.9659258262890683f,0.25881904510252074f,1.2186927228480395e-16f,2.21269625f,0.2575606999671488f,0.961229618310403f,0.09848911978116871f,-7.752043815032914f,0.025490859934749754f,0.09513318440510844f,-0.9951381277414361f,-1.0724563190954857f,0f,0f,0f,1f],start_interpolation:0}
execute if entity @s[tag=aj.attack.bone.left_hand] run data modify entity @s {} merge value {transformation:[-1f,-1.2061438529084855e-17f,1.2186927228480395e-16f,2.27519625f,0f,0.9951381277414361f,0.09848911978116871f,-7.04752034659133f,-1.2246467991473532e-16f,0.09848911978116871f,-0.9951381277414361f,-1.0321223240921142f,0f,0f,0f,1f],start_interpolation:0}
execute if entity @s[tag=aj.attack.bone.left_forearm] run data modify entity @s {} merge value {transformation:[-1.505329166666667f,-1.8156435209788535e-17f,1.8345337009075708e-16f,2.2321275f,0f,1.4980104485512433f,0.14825854460592025f,-4.887709521966396f,-1.8434965456214864e-16f,0.14825854460592025f,-1.4980104485512433f,-0.8128986194328619f,0f,0f,0f,1f],start_interpolation:0}
execute if entity @s[tag=aj.attack.bone.left_bicep] run data modify entity @s {} merge value {transformation:[-1.5788933333333333f,-1.9043724883981883e-17f,1.9241858154866172e-16f,2.044845625f,0f,1.5712169556367683f,0.15550381462835539f,-2.524753892786524f,-1.9335866668617615e-16f,0.15550381462835539f,-1.5712169556367683f,-0.5579122382198475f,0f,0f,0f,1f],start_interpolation:0}
execute if entity @s[tag=aj.attack.bone.left_shoulder] run data modify entity @s {} merge value {transformation:[-1f,-1.2061438529084855e-17f,1.2186927228480395e-16f,1.795433125f,0f,0.9951381277414361f,0.09848911978116871f,-2.284285605792434f,-1.2246467991473532e-16f,0.09848911978116871f,-0.9951381277414361f,-0.5341130195374266f,0f,0f,0f,1f],start_interpolation:0}