execute if entity @s[tag=aj.attack.bone.right_thumb_2] run data modify entity @s {} merge value {transformation:[-0.9762960071199334f,0.21643961393810288f,1.2246455038394283e-16f,-1.84718375f,0.216439385010099f,0.9762949744924395f,-0.0014544405305415564f,-3.026718761389545f,-0.00031479854692646357f,-0.0014199644825610926f,-0.9999989423008121f,-0.3068453499263163f,0f,0f,0f,1f],start_interpolation:0}
execute if entity @s[tag=aj.attack.bone.right_thumb] run data modify entity @s {} merge value {transformation:[-1f,1.7811759402778927e-19f,1.2246455038394283e-16f,-1.99476f,0f,0.9999989423008121f,-0.0014544405305415564f,-2.7400903145565407f,-1.2246467991473532e-16f,-0.0014544405305415564f,-0.9999989423008121f,-0.30726223439753475f,0f,0f,0f,1f],start_interpolation:0}
execute if entity @s[tag=aj.attack.bone.right_fingers2] run data modify entity @s {} merge value {transformation:[-0.7933533402912352f,-0.6087614290087205f,1.2246455038394283e-16f,-2.114399333847494f,-0.6087607851222515f,0.7933525011620515f,-0.0014544405305415564f,-3.85026525553624f,0.0008854072957805825f,-0.0011538852531601746f,-0.9999989423008121f,-0.4745139778694155f,0f,0f,0f,1f],start_interpolation:0}
execute if entity @s[tag=aj.attack.bone.right_fingers] run data modify entity @s {} merge value {transformation:[-0.9659258262890683f,-0.25881904510252074f,1.2246455038394283e-16f,-2.19156125f,-0.25881877134982695f,0.9659248046301063f,-0.0014544405305415564f,-3.382302683808149f,0.000376436909273051f,-0.0014048816712516955f,-0.9999989423008121f,-0.48331961091422426f,0f,0f,0f,1f],start_interpolation:0}
execute if entity @s[tag=aj.attack.locator_origin.right_hand] at @s on origin run tp @s ^-2 ^-3.41378 ^-0.48948 ~0 ~-0.08333
execute if entity @s[tag=aj.attack.bone.right_hand] run data modify entity @s {} merge value {transformation:[-1f,1.7811759402778927e-19f,1.2246455038394283e-16f,-2.25406125f,0f,0.9999989423008121f,-0.0014544405305415564f,-2.6772753469462947f,-1.2246467991473532e-16f,-0.0014544405305415564f,-0.9999989423008121f,-0.5135950632704173f,0f,0f,0f,1f],start_interpolation:0}
execute if entity @s[tag=aj.attack.bone.right_forearm] run data modify entity @s {} merge value {transformation:[-1.505329166666667f,2.6812560938652374e-19f,1.8434945957566874e-16f,-2.2109925f,0f,1.50532757448123f,-0.0021894117518063464f,-0.506368480950298f,-1.8434965456214864e-16f,-0.0021894117518063464f,-1.50532757448123f,-0.5113125157901042f,0f,0f,0f,1f],start_interpolation:0}
execute if entity @s[tag=aj.attack.bone.right_bicep] run data modify entity @s {} merge value {transformation:[-1.578893333333333f,2.812286817598496e-19f,1.933584621708714e-16f,-2.107345625f,0f,1.5788916633391366f,-0.0022964064574018594f,1.7910160234583143f,-1.9335866668617613e-16f,-0.0022964064574018594f,-1.5788916633391366f,-0.5743439915958949f,0f,0f,0f,1f],start_interpolation:0}
execute if entity @s[tag=aj.attack.bone.right_shoulder] run data modify entity @s {} merge value {transformation:[-1f,1.7811759402778927e-19f,1.2246455038394283e-16f,-1.795433125f,0f,0.9999989423008121f,-0.0014544405305415564f,2.032658892872577f,-1.2246467991473532e-16f,-0.0014544405305415564f,-0.9999989423008121f,-0.5746954471508215f,0f,0f,0f,1f],start_interpolation:0}
execute if entity @s[tag=aj.attack.bone.left_thumb_2] run data modify entity @s {} merge value {transformation:[-0.9762960071199334f,-0.21643961393810288f,1.2246455038394283e-16f,1.86831875f,-0.216439385010099f,0.9762949744924395f,-0.0014544405305415564f,-2.92288744109655f,0.0003147985469262244f,-0.0014199644825611455f,-0.9999989423008121f,-0.3468590306994533f,0f,0f,0f,1f],start_interpolation:0}
execute if entity @s[tag=aj.attack.bone.left_thumb] run data modify entity @s {} merge value {transformation:[-1f,1.7811759402778927e-19f,1.2246455038394283e-16f,2.015895f,0f,0.9999989423008121f,-0.0014544405305415564f,-2.636258994263546f,-1.2246467991473532e-16f,-0.0014544405305415564f,-0.9999989423008121f,-0.34727591517067175f,0f,0f,0f,1f],start_interpolation:0}
execute if entity @s[tag=aj.attack.bone.left_fingers2] run data modify entity @s {} merge value {transformation:[-0.7933533402912352f,0.6087614290087205f,1.2246455038394283e-16f,2.135534333847494f,0.6087607851222515f,0.7933525011620515f,-0.0014544405305415564f,-3.7464339352432456f,-0.0008854072957807768f,-0.0011538852531600256f,-0.9999989423008121f,-0.5145276586425525f,0f,0f,0f,1f],start_interpolation:0}
execute if entity @s[tag=aj.attack.bone.left_fingers] run data modify entity @s {} merge value {transformation:[-0.9659258262890683f,0.25881904510252074f,1.2246455038394283e-16f,2.21269625f,0.25881877134982695f,0.9659248046301063f,-0.0014544405305415564f,-3.2784713635151546f,-0.0003764369092732876f,-0.0014048816712516322f,-0.9999989423008121f,-0.5233332916873612f,0f,0f,0f,1f],start_interpolation:0}
execute if entity @s[tag=aj.attack.bone.left_hand] run data modify entity @s {} merge value {transformation:[-1f,1.7811759402778927e-19f,1.2246455038394283e-16f,2.27519625f,0f,0.9999989423008121f,-0.0014544405305415564f,-2.5734440266533f,-1.2246467991473532e-16f,-0.0014544405305415564f,-0.9999989423008121f,-0.5536087440435542f,0f,0f,0f,1f],start_interpolation:0}
execute if entity @s[tag=aj.attack.bone.left_forearm] run data modify entity @s {} merge value {transformation:[-1.505329166666667f,2.6812560938652374e-19f,1.8434945957566874e-16f,2.2321275f,0f,1.50532757448123f,-0.0021894117518063464f,-0.4025371606573036f,-1.8434965456214864e-16f,-0.0021894117518063464f,-1.50532757448123f,-0.5513261965632411f,0f,0f,0f,1f],start_interpolation:0}
execute if entity @s[tag=aj.attack.bone.left_bicep] run data modify entity @s {} merge value {transformation:[-1.5788933333333335f,2.8122868175984968e-19f,1.9335846217087146e-16f,2.044845625f,0f,1.578891663339137f,-0.00229640645740186f,1.9740715247933025f,-1.9335866668617618e-16f,-0.00229640645740186f,-1.578891663339137f,-0.5337615639825f,0f,0f,0f,1f],start_interpolation:0}
execute if entity @s[tag=aj.attack.bone.left_shoulder] run data modify entity @s {} merge value {transformation:[-1f,1.7811759402778927e-19f,1.2246455038394283e-16f,1.795433125f,0f,0.9999989423008121f,-0.0014544405305415564f,2.215714394207565f,-1.2246467991473532e-16f,-0.0014544405305415564f,-0.9999989423008121f,-0.5341130195374267f,0f,0f,0f,1f],start_interpolation:0}