execute if entity @s[tag=aj.attack.bone.right_thumb_2] run data modify entity @s {} merge value {transformation:[-0.9762960071199334f,0.21643961393810288f,1.2245822584083594e-16f,-1.84718375f,0.21642820724301265f,0.9762445548433912f,-0.01026646230228992f,-7.442428679717012f,-0.0022220691372178366f,-0.01002310615297294f,-0.999947298487173f,-0.30650668461494435f,0f,0f,0f,1f],start_interpolation:0}
execute if entity @s[tag=aj.attack.bone.right_thumb] run data modify entity @s {} merge value {transformation:[-1f,1.2572790197066295e-18f,1.2245822584083594e-16f,-1.99476f,0f,0.999947298487173f,-0.01026646230228992f,-7.155815035485757f,-1.2246467991473532e-16f,-0.01026646230228992f,-0.999947298487173f,-0.30944934787157186f,0f,0f,0f,1f],start_interpolation:0}
execute if entity @s[tag=aj.attack.bone.right_fingers2] run data modify entity @s {} merge value {transformation:[-0.7933533402912352f,-0.6087614290087205f,1.2245822584083594e-16f,-2.1143993338474933f,-0.608729346360461f,0.7933115293699954f,-0.01026646230228992f,-8.26742070849261f,0.006249826262006073f,-0.008144932160495827f,-0.999947298487173f,-0.4669116386355718f,0f,0f,0f,1f],start_interpolation:0}
execute if entity @s[tag=aj.attack.bone.right_fingers] run data modify entity @s {} merge value {transformation:[-0.9659258262890683f,-0.25881904510252074f,1.2245822584083594e-16f,-2.19156125f,-0.2588054049472954f,0.9658749205367442f,-0.01026646230228992f,-7.799553902449112f,0.0026571559696595853f,-0.009916641082404993f,-0.999947298487173f,-0.47984065694113426f,0f,0f,0f,1f],start_interpolation:0}
execute if entity @s[tag=aj.attack.locator_origin.consume] at @s on origin run tp @s ^-2 ^-7.83108 ^-0.48572 ~0 ~-0.58824
execute if entity @s[tag=aj.attack.bone.right_hand] run data modify entity @s {} merge value {transformation:[-1f,1.2572790197066295e-18f,1.2245822584083594e-16f,-2.25406125f,0f,0.999947298487173f,-0.01026646230228992f,-7.094820729760041f,-1.2246467991473532e-16f,-0.01026646230228992f,-0.999947298487173f,-0.5163276964138985f,0f,0f,0f,1f],start_interpolation:0}
execute if entity @s[tag=aj.attack.bone.right_forearm] run data modify entity @s {} merge value {transformation:[-1.5053291666666664f,1.8926187790024638e-18f,1.84339939056464e-16f,-2.2109925f,0f,1.5052498335422804f,-0.01545440514212083f,-4.92397803998519f,-1.8434965456214856e-16f,-0.01545440514212083f,-1.5052498335422804f,-0.5331754589552473f,0f,0f,0f,1f],start_interpolation:0}
execute if entity @s[tag=aj.attack.bone.right_bicep] run data modify entity @s {} merge value {transformation:[-1.5788933333333333f,1.985109462354666e-18f,1.9334847639192358e-16f,-2.107345625f,0f,1.578810123266074f,-0.016209648886003538f,-2.627238175462319f,-1.9335866668617615e-16f,-0.016209648886003538f,-1.578810123266074f,-0.6164492408468223f,0f,0f,0f,1f],start_interpolation:0}
execute if entity @s[tag=aj.attack.bone.right_shoulder] run data modify entity @s {} merge value {transformation:[-1f,1.2572790197066295e-18f,1.2245822584083594e-16f,-1.795433125f,0f,0.999947298487173f,-0.01026646230228992f,-2.384966131526678f,-1.2246467991473532e-16f,-0.01026646230228992f,-0.999947298487173f,-0.5564333547247939f,0f,0f,0f,1f],start_interpolation:0}
execute if entity @s[tag=aj.attack.bone.left_thumb_2] run data modify entity @s {} merge value {transformation:[-0.9762960071199334f,-0.21643961393810288f,1.2245822584083594e-16f,1.86831875f,-0.21642820724301265f,0.9762445548433912f,-0.01026646230228992f,-7.421037825042384f,0.0022220691372175972f,-0.010023106152972992f,-0.999947298487173f,-0.30158449191711184f,0f,0f,0f,1f],start_interpolation:0}
execute if entity @s[tag=aj.attack.bone.left_thumb] run data modify entity @s {} merge value {transformation:[-1f,1.2572790197066295e-18f,1.2245822584083594e-16f,2.015895f,0f,0.999947298487173f,-0.01026646230228992f,-7.134424180811129f,-1.2246467991473532e-16f,-0.01026646230228992f,-0.999947298487173f,-0.3045271551737393f,0f,0f,0f,1f],start_interpolation:0}
execute if entity @s[tag=aj.attack.bone.left_fingers2] run data modify entity @s {} merge value {transformation:[-0.7933533402912352f,0.6087614290087205f,1.2245822584083594e-16f,2.1355343338474935f,0.608729346360461f,0.7933115293699954f,-0.01026646230228992f,-8.246029853817982f,-0.006249826262006269f,-0.008144932160495678f,-0.999947298487173f,-0.4619894459377393f,0f,0f,0f,1f],start_interpolation:0}
execute if entity @s[tag=aj.attack.bone.left_fingers] run data modify entity @s {} merge value {transformation:[-0.9659258262890683f,0.25881904510252074f,1.2245822584083594e-16f,2.21269625f,0.2588054049472954f,0.9658749205367442f,-0.01026646230228992f,-7.778163047774484f,-0.002657155969659822f,-0.00991664108240493f,-0.999947298487173f,-0.4749184642433017f,0f,0f,0f,1f],start_interpolation:0}
execute if entity @s[tag=aj.attack.bone.left_hand] run data modify entity @s {} merge value {transformation:[-1f,1.2572790197066295e-18f,1.2245822584083594e-16f,2.27519625f,0f,0.999947298487173f,-0.01026646230228992f,-7.073429875085413f,-1.2246467991473532e-16f,-0.01026646230228992f,-0.999947298487173f,-0.511405503716066f,0f,0f,0f,1f],start_interpolation:0}
execute if entity @s[tag=aj.attack.bone.left_forearm] run data modify entity @s {} merge value {transformation:[-1.505329166666667f,1.8926187790024646e-18f,1.8433993905646407e-16f,2.2321275f,0f,1.505249833542281f,-0.015454405142120837f,-4.902587185310561f,-1.8434965456214864e-16f,-0.015454405142120837f,-1.505249833542281f,-0.5282532662574149f,0f,0f,0f,1f],start_interpolation:0}
execute if entity @s[tag=aj.attack.bone.left_bicep] run data modify entity @s {} merge value {transformation:[-1.5788933333333333f,1.985109462354666e-18f,1.9334847639192358e-16f,2.044845625f,0f,1.578810123266074f,-0.016209648886003538f,-2.525915995834182f,-1.9335866668617615e-16f,-0.016209648886003538f,-1.578810123266074f,-0.5316321995040065f,0f,0f,0f,1f],start_interpolation:0}
execute if entity @s[tag=aj.attack.bone.left_shoulder] run data modify entity @s {} merge value {transformation:[-1f,1.2572790197066295e-18f,1.2245822584083594e-16f,1.795433125f,0f,0.999947298487173f,-0.01026646230228992f,-2.284285605792434f,-1.2246467991473532e-16f,-0.01026646230228992f,-0.999947298487173f,-0.5341130195374266f,0f,0f,0f,1f],start_interpolation:0}