execute if entity @s[tag=aj.attack.bone.right_thumb_2] run data modify entity @s {} merge value {transformation:[-0.9762960071199334f,0.21643961393810288f,1.2245172706154335e-16f,-1.84718375f,0.21641672153723904f,0.9761927461726876f,0.014543897651582621f,-3.0303563789437415f,0.003147875592863704f,0.014199149205201114f,-0.9998942319271075f,-0.3878204076597192f,0f,0f,0f,1f],start_interpolation:0}
execute if entity @s[tag=aj.attack.bone.right_thumb] run data modify entity @s {} merge value {transformation:[-1f,-1.7811137706137377e-18f,1.2245172706154335e-16f,-1.99476f,0f,0.9998942319271075f,0.014543897651582621f,-2.7437579451142646f,-1.2246467991473532e-16f,0.014543897651582621f,-0.9998942319271075f,-0.38365170845571817f,0f,0f,0f,1f],start_interpolation:0}
execute if entity @s[tag=aj.attack.bone.right_fingers2] run data modify entity @s {} merge value {transformation:[-0.7933533402912352f,-0.6087614290087205f,1.2245172706154335e-16f,-2.114399333847494f,-0.6086970414855231f,0.7932694288373097f,0.014543897651582621f,-3.8511150854805294f,-0.008853763917734108f,0.01153844978273685f,-0.9998942319271075f,-0.5686428135216395f,0f,0f,0f,1f],start_interpolation:0}
execute if entity @s[tag=aj.attack.bone.right_fingers] run data modify entity @s {} merge value {transformation:[-0.9659258262890683f,-0.25881904510252074f,1.2245172706154335e-16f,-2.19156125f,-0.25879167031089234f,0.9658236621758646f,0.014543897651582621f,-3.3830715290797f,-0.003764237702251526f,0.014048326356568552f,-0.9998942319271075f,-0.5699607753391447f,0f,0f,0f,1f],start_interpolation:0}
execute if entity @s[tag=aj.attack.locator_origin.right_hand] at @s on origin run tp @s ^-2 ^-3.41444 ^-0.57662 ~0 ~0.83333
execute if entity @s[tag=aj.attack.bone.right_hand] run data modify entity @s {} merge value {transformation:[-1f,-1.7811137706137377e-18f,1.2245172706154335e-16f,-2.25406125f,0f,0.9998942319271075f,0.014543897651582621f,-2.6776500690346507f,-1.2246467991473532e-16f,0.014543897651582621f,-0.9998942319271075f,-0.5889532066158751f,0f,0f,0f,1f],start_interpolation:0}
execute if entity @s[tag=aj.attack.bone.right_forearm] run data modify entity @s {} merge value {transformation:[-1.505329166666667f,-2.681162508056503e-18f,1.843301562544472e-16f,-2.2109925f,0f,1.5051699509016399f,0.021893353331942162f,-0.507057549879528f,-1.8434965456214864e-16f,0.021893353331942162f,-1.5051699509016399f,-0.5519404164024989f,0f,0f,0f,1f],start_interpolation:0}
execute if entity @s[tag=aj.attack.bone.right_bicep] run data modify entity @s {} merge value {transformation:[-1.578893333333333f,-2.812188658330226e-18f,1.9333821551262369e-16f,-2.107345625f,0f,1.5787263368281634f,0.022963263042766118f,1.7910413260002362f,-1.9335866668617613e-16f,0.022963263042766118f,-1.5787263368281634f,-0.5782098800290302f,0f,0f,0f,1f],start_interpolation:0}
execute if entity @s[tag=aj.attack.bone.right_shoulder] run data modify entity @s {} merge value {transformation:[-1f,-1.7811137706137377e-18f,1.2245172706154335e-16f,-1.795433125f,0f,0.9998942319271075f,0.014543897651582621f,2.032658892872577f,-1.2246467991473532e-16f,0.014543897651582621f,-0.9998942319271075f,-0.5746954471508215f,0f,0f,0f,1f],start_interpolation:0}
execute if entity @s[tag=aj.attack.bone.left_thumb_2] run data modify entity @s {} merge value {transformation:[-0.9762960071199334f,-0.21643961393810288f,1.2245172706154335e-16f,1.86831875f,-0.21641672153723904f,0.9761927461726876f,0.014543897651582621f,-2.925225529467701f,-0.0031478755928639433f,0.014199149205201062f,-0.9998942319271075f,-0.42909121566648767f,0f,0f,0f,1f],start_interpolation:0}
execute if entity @s[tag=aj.attack.bone.left_thumb] run data modify entity @s {} merge value {transformation:[-1f,-1.7811137706137377e-18f,1.2245172706154335e-16f,2.015895f,0f,0.9998942319271075f,0.014543897651582621f,-2.638627095638224f,-1.2246467991473532e-16f,0.014543897651582621f,-0.9998942319271075f,-0.4249225164624866f,0f,0f,0f,1f],start_interpolation:0}
execute if entity @s[tag=aj.attack.bone.left_fingers2] run data modify entity @s {} merge value {transformation:[-0.7933533402912352f,0.6087614290087205f,1.2245172706154335e-16f,2.135534333847494f,0.6086970414855231f,0.7932694288373097f,0.014543897651582621f,-3.745984236004489f,0.008853763917733914f,0.011538449782736998f,-0.9998942319271075f,-0.6099136215284078f,0f,0f,0f,1f],start_interpolation:0}
execute if entity @s[tag=aj.attack.bone.left_fingers] run data modify entity @s {} merge value {transformation:[-0.9659258262890683f,0.25881904510252074f,1.2245172706154335e-16f,2.21269625f,0.25879167031089234f,0.9658236621758646f,0.014543897651582621f,-3.2779406796036596f,0.0037642377022512894f,0.014048326356568615f,-0.9998942319271075f,-0.611231583345913f,0f,0f,0f,1f],start_interpolation:0}
execute if entity @s[tag=aj.attack.bone.left_hand] run data modify entity @s {} merge value {transformation:[-1f,-1.7811137706137377e-18f,1.2245172706154335e-16f,2.27519625f,0f,0.9998942319271075f,0.014543897651582621f,-2.57251921955861f,-1.2246467991473532e-16f,0.014543897651582621f,-0.9998942319271075f,-0.6302240146226434f,0f,0f,0f,1f],start_interpolation:0}
execute if entity @s[tag=aj.attack.bone.left_forearm] run data modify entity @s {} merge value {transformation:[-1.505329166666667f,-2.681162508056503e-18f,1.843301562544472e-16f,2.2321275f,0f,1.5051699509016399f,0.021893353331942162f,-0.40192670040348744f,-1.8434965456214864e-16f,0.021893353331942162f,-1.5051699509016399f,-0.5932112244092672f,0f,0f,0f,1f],start_interpolation:0}
execute if entity @s[tag=aj.attack.bone.left_bicep] run data modify entity @s {} merge value {transformation:[-1.5788933333333335f,-2.8121886583302267e-18f,1.9333821551262373e-16f,2.044845625f,0f,1.5787263368281639f,0.022963263042766125f,1.9740968273352244f,-1.9335866668617618e-16f,0.022963263042766125f,-1.5787263368281639f,-0.5376274524156353f,0f,0f,0f,1f],start_interpolation:0}
execute if entity @s[tag=aj.attack.bone.left_shoulder] run data modify entity @s {} merge value {transformation:[-1f,-1.7811137706137377e-18f,1.2245172706154335e-16f,1.795433125f,0f,0.9998942319271075f,0.014543897651582621f,2.215714394207565f,-1.2246467991473532e-16f,0.014543897651582621f,-0.9998942319271075f,-0.5341130195374267f,0f,0f,0f,1f],start_interpolation:0}