execute if entity @s[tag=aj.attack.bone.right_thumb_2] run data modify entity @s {} merge value {transformation:[-0.9762960071199334f,0.21643961393810288f,1.2245172706154333e-16f,-1.84718375f,0.21641672153723907f,0.9761927461726877f,-0.014543897651582607f,-2.9259209666693415f,-0.0031478755928639403f,-0.01419914920520105f,-0.9998942319271076f,-0.23271525692823294f,0f,0f,0f,1f],start_interpolation:0}
execute if entity @s[tag=aj.attack.bone.right_thumb] run data modify entity @s {} merge value {transformation:[-1f,1.781113770613736e-18f,1.2245172706154333e-16f,-1.99476f,0f,0.9998942319271076f,-0.014543897651582607f,-2.6393225328398646f,-1.2246467991473532e-16f,-0.014543897651582607f,-0.9998942319271076f,-0.23688395613223404f,0f,0f,0f,1f],start_interpolation:0}
execute if entity @s[tag=aj.attack.bone.right_fingers2] run data modify entity @s {} merge value {transformation:[-0.7933533402912352f,-0.6087614290087205f,1.2245172706154333e-16f,-2.114399333847494f,-0.6086970414855231f,0.7932694288373098f,-0.014543897651582607f,-3.7515916201197435f,0.008853763917733907f,-0.011538449782736987f,-0.9998942319271076f,-0.38958962975063466f,0f,0f,0f,1f],start_interpolation:0}
execute if entity @s[tag=aj.attack.bone.right_fingers] run data modify entity @s {} merge value {transformation:[-0.9659258262890683f,-0.25881904510252074f,1.2245172706154333e-16f,-2.19156125f,-0.2587916703108924f,0.9658236621758647f,-0.014543897651582607f,-3.283784402055752f,0.003764237702251286f,-0.014048326356568601f,-0.9998942319271076f,-0.404519949201945f,0f,0f,0f,1f],start_interpolation:0}
execute if entity @s[tag=aj.attack.locator_origin.right_hand] at @s on origin run tp @s ^-2 ^-3.31534 ^-0.41027 ~0 ~-0.83333
execute if entity @s[tag=aj.attack.bone.right_hand] run data modify entity @s {} merge value {transformation:[-1f,1.781113770613736e-18f,1.2245172706154333e-16f,-2.25406125f,0f,0.9998942319271076f,-0.014543897651582607f,-2.57921376002332f,-1.2246467991473532e-16f,-0.014543897651582607f,-0.9998942319271076f,-0.4440213304929503f,0f,0f,0f,1f],start_interpolation:0}
execute if entity @s[tag=aj.attack.bone.right_forearm] run data modify entity @s {} merge value {transformation:[-1.505329166666667f,2.6811625080565007e-18f,1.8433015625444718e-16f,-2.2109925f,0f,1.50516995090164f,-0.02189335333194214f,-0.40846300326174734f,-1.8434965456214864e-16f,-0.02189335333194214f,-1.50516995090164f,-0.47015527146295955f,0f,0f,0f,1f],start_interpolation:0}
execute if entity @s[tag=aj.attack.bone.right_bicep] run data modify entity @s {} merge value {transformation:[-1.578893333333333f,2.8121886583302233e-18f,1.9333821551262364e-16f,-2.107345625f,0f,1.5787263368281637f,-0.022963263042766097f,1.887899622116371f,-1.9335866668617613e-16f,-0.022963263042766097f,-1.5787263368281637f,-0.5632531812438862f,0f,0f,0f,1f],start_interpolation:0}
execute if entity @s[tag=aj.attack.bone.right_shoulder] run data modify entity @s {} merge value {transformation:[-1f,1.781113770613736e-18f,1.2245172706154333e-16f,-1.795433125f,0f,0.9998942319271076f,-0.014543897651582607f,2.1295171889887117f,-1.2246467991473532e-16f,-0.014543897651582607f,-0.9998942319271076f,-0.5667676141220948f,0f,0f,0f,1f],start_interpolation:0}
execute if entity @s[tag=aj.attack.bone.right_arm] run data modify entity @s {} merge value {transformation:[-1.4627187500000005f,-1.3015322819589844e-17f,1.7865792435583606e-16f,-1.4259925f,0f,1.4588526625001157f,0.1062781761129137f,2.307990950459489f,-1.7913138352403182e-16f,0.1062781761129137f,-1.4588526625001157f,-0.5619441990987022f,0f,0f,0f,1f],start_interpolation:0}
execute if entity @s[tag=aj.attack.bone.left_thumb_2] run data modify entity @s {} merge value {transformation:[-0.9762960071199334f,-0.21643961393810288f,1.2245172706154333e-16f,1.86831875f,-0.21641672153723907f,0.9761927461726877f,-0.014543897651582607f,-3.006193330846952f,0.003147875592863701f,-0.014199149205201102f,-0.9998942319271076f,-0.31226744796132255f,0f,0f,0f,1f],start_interpolation:0}
execute if entity @s[tag=aj.attack.bone.left_thumb] run data modify entity @s {} merge value {transformation:[-1f,1.781113770613736e-18f,1.2245172706154333e-16f,2.015895f,0f,0.9998942319271076f,-0.014543897651582607f,-2.7195948970174753f,-1.2246467991473532e-16f,-0.014543897651582607f,-0.9998942319271076f,-0.3164361471653236f,0f,0f,0f,1f],start_interpolation:0}
execute if entity @s[tag=aj.attack.bone.left_fingers2] run data modify entity @s {} merge value {transformation:[-0.7933533402912352f,0.6087614290087205f,1.2245172706154333e-16f,2.135534333847494f,0.6086970414855231f,0.7932694288373098f,-0.014543897651582607f,-3.831863984297354f,-0.008853763917734101f,-0.011538449782736836f,-0.9998942319271076f,-0.4691418207837242f,0f,0f,0f,1f],start_interpolation:0}
execute if entity @s[tag=aj.attack.bone.left_fingers] run data modify entity @s {} merge value {transformation:[-0.9659258262890683f,0.25881904510252074f,1.2245172706154333e-16f,2.21269625f,0.2587916703108924f,0.9658236621758647f,-0.014543897651582607f,-3.3640567662333627f,-0.0037642377022515227f,-0.014048326356568538f,-0.9998942319271076f,-0.4840721402350345f,0f,0f,0f,1f],start_interpolation:0}
execute if entity @s[tag=aj.attack.bone.left_hand] run data modify entity @s {} merge value {transformation:[-1f,1.781113770613736e-18f,1.2245172706154333e-16f,2.27519625f,0f,0.9998942319271076f,-0.014543897651582607f,-2.6594861242009307f,-1.2246467991473532e-16f,-0.014543897651582607f,-0.9998942319271076f,-0.5235735215260398f,0f,0f,0f,1f],start_interpolation:0}
execute if entity @s[tag=aj.attack.bone.left_forearm] run data modify entity @s {} merge value {transformation:[-1.505329166666667f,2.6811625080565007e-18f,1.8433015625444718e-16f,2.2321275f,0f,1.50516995090164f,-0.02189335333194214f,-0.4887353674393584f,-1.8434965456214864e-16f,-0.02189335333194214f,-1.50516995090164f,-0.5497074624960491f,0f,0f,0f,1f],start_interpolation:0}
execute if entity @s[tag=aj.attack.bone.left_bicep] run data modify entity @s {} merge value {transformation:[-1.5788933333333335f,2.8121886583302244e-18f,1.933382155126237e-16f,2.044845625f,0f,1.578726336828164f,-0.022963263042766104f,1.8878996221163706f,-1.9335866668617618e-16f,-0.022963263042766104f,-1.578726336828164f,-0.5632531812438856f,0f,0f,0f,1f],start_interpolation:0}
execute if entity @s[tag=aj.attack.bone.left_shoulder] run data modify entity @s {} merge value {transformation:[-1f,1.781113770613736e-18f,1.2245172706154333e-16f,1.795433125f,0f,0.9998942319271076f,-0.014543897651582607f,2.1295171889887112f,-1.2246467991473532e-16f,-0.014543897651582607f,-0.9998942319271076f,-0.5667676141220942f,0f,0f,0f,1f],start_interpolation:0}
execute if entity @s[tag=aj.attack.bone.left_arm] run data modify entity @s {} merge value {transformation:[-1.4627187500000005f,-1.3015322819589844e-17f,1.7865792435583606e-16f,1.4259925f,0f,1.4588526625001157f,0.1062781761129137f,2.245656143165703f,-1.7913138352403182e-16f,0.1062781761129137f,-1.4588526625001157f,-0.5664853222688649f,0f,0f,0f,1f],start_interpolation:0}
execute if entity @s[tag=aj.attack.bone.chest] run data modify entity @s {} merge value {transformation:[-2.0654612500000002f,-1.8378546757607062e-17f,2.5227749337486137e-16f,2.7499647982653672e-17f,0f,2.06000206386451f,0.15007222303118684f,3.1191050000000002f,-2.5294605085753915e-16f,0.15007222303118684f,-2.06000206386451f,-0.22455166666666662f,0f,0f,0f,1f],start_interpolation:0}
execute if entity @s[tag=aj.attack.bone.weist] run data modify entity @s {} merge value {transformation:[-2.0892733333333333f,1.8590427511573132e-17f,2.551859249396591e-16f,3.8680877366668884e-17f,0f,2.08375120987806f,-0.1518023606848645f,-0.44552499999999995f,-2.5586219002105877e-16f,-0.1518023606848645f,-2.08375120987806f,-0.3158533333333335f,0f,0f,0f,1f],start_interpolation:0}
execute if entity @s[tag=aj.attack.bone.right_foot] run data modify entity @s {} merge value {transformation:[-1.1255942839329474f,-0.11535875701120325f,0.05487273966466295f,-0.8022489048950201f,0.04641288767581553f,0.08404397849592461f,1.128744260643734f,-4.2038577950488065f,-0.119014722766f,1.1237927385685524f,-0.07878152642292116f,-1.4196740826421959f,0f,0f,0f,1f],start_interpolation:0}
execute if entity @s[tag=aj.attack.bone.right_knee] run data modify entity @s {} merge value {transformation:[-3.1004434701799273f,-0.29249414194533596f,0.19560364343254977f,-1.216108277874603f,0.12784405232040869f,0.6796649967642309f,3.0427413151034632f,-3.44549687948927f,-0.32782542104407186f,3.031347223476538f,-0.6633459310315675f,2.4642382681920876f,0f,0f,0f,1f],start_interpolation:0}
execute if entity @s[tag=aj.attack.bone.right_thigh] run data modify entity @s {} merge value {transformation:[-2.367528394779934f,0.26782487400857946f,-0.021575560652769134f,-0.77532f,0.09762294551841451f,0.6791527437749335f,-2.2817992197333514f,-2.7120418749999997f,-0.2503306382836537f,-2.2681286902487945f,-0.6857938349469399f,-0.6647600000000001f,0f,0f,0f,1f],start_interpolation:0}
execute if entity @s[tag=aj.attack.bone.left_foot] run data modify entity @s {} merge value {transformation:[-1.1255942839329474f,0.11535875701120299f,-0.05487273966466293f,0.8022489048950202f,-0.04641288767581553f,0.08404397849592461f,1.128744260643734f,-4.2038577950488065f,0.11901472276599973f,1.1237927385685524f,-0.07878152642292116f,-1.4196740826421954f,0f,0f,0f,1f],start_interpolation:0}
execute if entity @s[tag=aj.attack.bone.left_knee] run data modify entity @s {} merge value {transformation:[-3.1004434701799273f,0.2924941419453352f,-0.19560364343254963f,1.2161082778746022f,-0.12784405232040869f,0.6796649967642309f,3.0427413151034632f,-3.44549687948927f,0.3278254210440711f,3.031347223476538f,-0.6633459310315675f,2.464238268192088f,0f,0f,0f,1f],start_interpolation:0}
execute if entity @s[tag=aj.attack.bone.left_thigh] run data modify entity @s {} merge value {transformation:[-2.367528394779934f,-0.26782487400857896f,0.021575560652769298f,0.77532f,-0.09762294551841451f,0.6791527437749335f,-2.2817992197333514f,-2.7120418749999997f,0.2503306382836531f,-2.2681286902487945f,-0.6857938349469399f,-0.6647599999999998f,0f,0f,0f,1f],start_interpolation:0}