execute if entity @s[tag=aj.attack.bone.right_thumb_2] run data modify entity @s {} merge value {transformation:[-0.9762960071199334f,0.21643961393810288f,1.2245951307089998e-16f,-1.84718375f,0.21643048224653452f,0.9762548167211231f,0.009185814244726337f,-7.091782332571567f,0.001988174088835575f,0.008968073769271756f,-0.9999578095183123f,-0.36069322010843247f,0f,0f,0f,1f],start_interpolation:0}
execute if entity @s[tag=aj.attack.bone.right_thumb] run data modify entity @s {} merge value {transformation:[-1f,-1.1249378012366303e-18f,1.2245951307089998e-16f,-1.99476f,0f,0.9999578095183123f,0.009185814244726337f,-6.805165675576595f,-1.2246467991473532e-16f,0.009185814244726337f,-0.9999578095183123f,-0.35806030165373437f,0f,0f,0f,1f],start_interpolation:0}
execute if entity @s[tag=aj.attack.bone.right_fingers2] run data modify entity @s {} merge value {transformation:[-0.7933533402912352f,-0.6087614290087205f,1.2245951307089998e-16f,-2.114399333847494f,-0.6087357450707978f,0.7933198683316598f,0.009185814244726337f,-7.913498182103133f,-0.005591969406228364f,0.007287596414348375f,-0.9999578095183123f,-0.5371150425858475f,0f,0f,0f,1f],start_interpolation:0}
execute if entity @s[tag=aj.attack.bone.right_fingers] run data modify entity @s {} merge value {transformation:[-0.9659258262890683f,-0.25881904510252074f,1.2245951307089998e-16f,-2.19156125f,-0.2588081254023379f,0.9658850734131825f,0.009185814244726337f,-7.445468407414113f,-0.0023774636713093217f,0.00887281521447515f,-0.9999578095183123f,-0.5409409694322497f,0f,0f,0f,1f],start_interpolation:0}
execute if entity @s[tag=aj.attack.locator_origin.right_hand] at @s on origin run tp @s ^-2 ^-7.47688 ^-0.54743 ~0 ~0.52632
execute if entity @s[tag=aj.attack.bone.right_hand] run data modify entity @s {} merge value {transformation:[-1f,-1.1249378012366303e-18f,1.2245951307089998e-16f,-2.25406125f,0f,0.9999578095183123f,0.009185814244726337f,-6.740158844616747f,-1.2246467991473532e-16f,0.009185814244726337f,-0.9999578095183123f,-0.5637130875699972f,0f,0f,0f,1f],start_interpolation:0}
execute if entity @s[tag=aj.attack.bone.right_forearm] run data modify entity @s {} merge value {transformation:[-1.505329166666667f,-1.6934016828873695e-18f,1.843418767614237e-16f,-2.2109925f,0f,1.5052656561040267f,0.013827674102168697f,-4.569399156815673f,-1.8434965456214864e-16f,0.013827674102168697f,-1.5052656561040267f,-0.5383318214600733f,0f,0f,0f,1f],start_interpolation:0}
execute if entity @s[tag=aj.attack.bone.right_bicep] run data modify entity @s {} merge value {transformation:[-1.5788933333333333f,-1.776156794787174e-18f,1.9335050879089017e-16f,-2.107345625f,0f,1.5788267190630663f,0.01450342087223678f,-2.2714740370875828f,-1.9335866668617615e-16f,0.01450342087223678f,-1.5788267190630663f,-0.5769151360105865f,0f,0f,0f,1f],start_interpolation:0}
execute if entity @s[tag=aj.attack.bone.right_shoulder] run data modify entity @s {} merge value {transformation:[-1f,-1.1249378012366303e-18f,1.2245951307089998e-16f,-1.795433125f,0f,0.9999578095183123f,0.009185814244726337f,-2.0298411071274227f,-1.2246467991473532e-16f,0.009185814244726337f,-0.9999578095183123f,-0.5746954471508213f,0f,0f,0f,1f],start_interpolation:0}
execute if entity @s[tag=aj.attack.bone.left_thumb_2] run data modify entity @s {} merge value {transformation:[-0.9762960071199334f,-0.21643961393810288f,1.2245951307089998e-16f,1.86831875f,-0.21643048224653452f,0.9762548167211231f,0.009185814244726337f,-6.9870889701294585f,-0.0019881740888358142f,0.008968073769271704f,-0.9999578095183123f,-0.40154529830775376f,0f,0f,0f,1f],start_interpolation:0}
execute if entity @s[tag=aj.attack.bone.left_thumb] run data modify entity @s {} merge value {transformation:[-1f,-1.1249378012366303e-18f,1.2245951307089998e-16f,2.015895f,0f,0.9999578095183123f,0.009185814244726337f,-6.700472313134487f,-1.2246467991473532e-16f,0.009185814244726337f,-0.9999578095183123f,-0.3989123798530556f,0f,0f,0f,1f],start_interpolation:0}
execute if entity @s[tag=aj.attack.bone.left_fingers2] run data modify entity @s {} merge value {transformation:[-0.7933533402912352f,0.6087614290087205f,1.2245951307089998e-16f,2.135534333847494f,0.6087357450707978f,0.7933198683316598f,0.009185814244726337f,-7.808804819661025f,0.005591969406228169f,0.007287596414348524f,-0.9999578095183123f,-0.5779671207851688f,0f,0f,0f,1f],start_interpolation:0}
execute if entity @s[tag=aj.attack.bone.left_fingers] run data modify entity @s {} merge value {transformation:[-0.9659258262890683f,0.25881904510252074f,1.2245951307089998e-16f,2.21269625f,0.2588081254023379f,0.9658850734131825f,0.009185814244726337f,-7.340775044972005f,0.002377463671309085f,0.008872815214475213f,-0.9999578095183123f,-0.5817930476315708f,0f,0f,0f,1f],start_interpolation:0}
execute if entity @s[tag=aj.attack.bone.left_hand] run data modify entity @s {} merge value {transformation:[-1f,-1.1249378012366303e-18f,1.2245951307089998e-16f,2.27519625f,0f,0.9999578095183123f,0.009185814244726337f,-6.635465482174639f,-1.2246467991473532e-16f,0.009185814244726337f,-0.9999578095183123f,-0.6045651657693183f,0f,0f,0f,1f],start_interpolation:0}
execute if entity @s[tag=aj.attack.bone.left_forearm] run data modify entity @s {} merge value {transformation:[-1.505329166666667f,-1.6934016828873695e-18f,1.843418767614237e-16f,2.2321275f,0f,1.5052656561040267f,0.013827674102168697f,-4.464705794373565f,-1.8434965456214864e-16f,0.013827674102168697f,-1.5052656561040267f,-0.5791838996593944f,0f,0f,0f,1f],start_interpolation:0}
execute if entity @s[tag=aj.attack.bone.left_bicep] run data modify entity @s {} merge value {transformation:[-1.5788933333333333f,-1.776156794787174e-18f,1.9335050879089017e-16f,2.044845625f,0f,1.5788267190630663f,0.01450342087223678f,-2.088418535752595f,-1.9335866668617615e-16f,0.01450342087223678f,-1.5788267190630663f,-0.536332708397192f,0f,0f,0f,1f],start_interpolation:0}
execute if entity @s[tag=aj.attack.bone.left_shoulder] run data modify entity @s {} merge value {transformation:[-1f,-1.1249378012366303e-18f,1.2245951307089998e-16f,1.795433125f,0f,0.9999578095183123f,0.009185814244726337f,-1.8467856057924352f,-1.2246467991473532e-16f,0.009185814244726337f,-0.9999578095183123f,-0.5341130195374268f,0f,0f,0f,1f],start_interpolation:0}