execute if entity @s[tag=aj.attack.bone.right_thumb_2] run data modify entity @s {} merge value {transformation:[-0.9762960071199334f,0.2164396139381029f,1.2126116816367374e-16f,-1.84718375f,0.21431257111276664f,0.9667015369600358f,-0.1398508502017044f,-7.309346785281585f,-0.030269264026572474f,-0.1365358266442519f,-0.9901725807645151f,0.36007525437099325f,0f,0f,0f,1f],start_interpolation:0}
execute if entity @s[tag=aj.attack.bone.right_thumb] run data modify entity @s {} merge value {transformation:[-1f,1.7126789605755323e-17f,1.2126116816367374e-16f,-1.99476f,0f,0.9901725807645151f,-0.1398508502017044f,-7.025534856172778f,-1.2246467991473532e-16f,-0.1398508502017044f,-0.9901725807645151f,0.31998997999124146f,0f,0f,0f,1f],start_interpolation:0}
execute if entity @s[tag=aj.attack.bone.right_fingers2] run data modify entity @s {} merge value {transformation:[-0.7933533402912352f,-0.6087614290087205f,1.2126116816367374e-16f,-2.1143993338474933f,-0.602778875231459f,0.7855567244143209f,-0.1398508502017044f,-8.148173701405177f,0.08513580341687399f,-0.11095113915009143f,-0.9901725807645151f,0.3080079747779391f,0f,0f,0f,1f],start_interpolation:0}
execute if entity @s[tag=aj.attack.bone.right_fingers] run data modify entity @s {} merge value {transformation:[-0.9659258262890683f,-0.25881904510252074f,1.2126116816367374e-16f,-2.19156125f,-0.2562755218401704f,0.9564332682437434f,-0.1398508502017044f,-7.6859340909060885f,0.03619606350598069f,-0.13508554803831008f,-0.9901725807645151f,0.2345161371540205f,0f,0f,0f,1f],start_interpolation:0}
execute if entity @s[tag=aj.attack.locator_origin.right_hand] at @s on origin run tp @s ^-2 ^-7.71796 ^0.23277 ~0 ~-8.03922
execute if entity @s[tag=aj.attack.bone.right_hand] run data modify entity @s {} merge value {transformation:[-1f,1.7126789605755323e-17f,1.2126116816367374e-16f,-2.25406125f,0f,0.9901725807645151f,-0.1398508502017044f,-6.991883127896989f,-1.2246467991473532e-16f,-0.1398508502017044f,-0.9901725807645151f,0.10694886280816135f,0f,0f,0f,1f],start_interpolation:0}
execute if entity @s[tag=aj.attack.bone.right_forearm] run data modify entity @s {} merge value {transformation:[-1.5053291666666664f,2.5781455924906985e-17f,1.8253797322084948e-16f,-2.2109925f,0f,1.49053566585843f,-0.2105215637917565f,-4.841555445974479f,-1.8434965456214856e-16f,-0.2105215637917565f,-1.49053566585843f,-0.19126698386892255f,0f,0f,0f,1f],start_interpolation:0}
execute if entity @s[tag=aj.attack.bone.right_bicep] run data modify entity @s {} merge value {transformation:[-1.5788933333333333f,2.7041373929929706e-17f,1.914584500058367e-16f,-2.107345625f,0f,1.5633768866185545f,-0.2208095750444697f,-2.5750076309467906f,-1.9335866668617615e-16f,-0.2208095750444697f,-1.5633768866185545f,-0.5716740424683545f,0f,0f,0f,1f],start_interpolation:0}
execute if entity @s[tag=aj.attack.bone.right_shoulder] run data modify entity @s {} merge value {transformation:[-1f,1.7126789605755323e-17f,1.2126116816367374e-16f,-1.795433125f,0f,0.9901725807645151f,-0.1398508502017044f,-2.326998556103932f,-1.2246467991473532e-16f,-0.1398508502017044f,-0.9901725807645151f,-0.543582252647219f,0f,0f,0f,1f],start_interpolation:0}
execute if entity @s[tag=aj.attack.bone.left_thumb_2] run data modify entity @s {} merge value {transformation:[-0.9762960071199334f,-0.21643961393810285f,1.2126116816367374e-16f,1.86831875f,-0.21431257111276664f,0.9667015369600358f,-0.1398508502017044f,-7.347510152340789f,0.030269264026572238f,-0.13653582664425196f,-0.9901725807645151f,0.3625753707948878f,0f,0f,0f,1f],start_interpolation:0}
execute if entity @s[tag=aj.attack.bone.left_thumb] run data modify entity @s {} merge value {transformation:[-1f,1.7126789605755323e-17f,1.2126116816367374e-16f,2.015895f,0f,0.9901725807645151f,-0.1398508502017044f,-7.063698223231982f,-1.2246467991473532e-16f,-0.1398508502017044f,-0.9901725807645151f,0.32249009641513604f,0f,0f,0f,1f],start_interpolation:0}
execute if entity @s[tag=aj.attack.bone.left_fingers2] run data modify entity @s {} merge value {transformation:[-0.7933533402912352f,0.6087614290087205f,1.2126116816367374e-16f,2.1355343338474935f,0.602778875231459f,0.7855567244143209f,-0.1398508502017044f,-8.18633706846438f,-0.08513580341687418f,-0.11095113915009129f,-0.9901725807645151f,0.31050809120183365f,0f,0f,0f,1f],start_interpolation:0}
execute if entity @s[tag=aj.attack.bone.left_fingers] run data modify entity @s {} merge value {transformation:[-0.9659258262890683f,0.25881904510252074f,1.2126116816367374e-16f,2.21269625f,0.2562755218401704f,0.9564332682437434f,-0.1398508502017044f,-7.724097457965292f,-0.036196063505980924f,-0.13508554803831002f,-0.9901725807645151f,0.2370162535779151f,0f,0f,0f,1f],start_interpolation:0}
execute if entity @s[tag=aj.attack.bone.left_hand] run data modify entity @s {} merge value {transformation:[-1f,1.7126789605755323e-17f,1.2126116816367374e-16f,2.27519625f,0f,0.9901725807645151f,-0.1398508502017044f,-7.030046494956192f,-1.2246467991473532e-16f,-0.1398508502017044f,-0.9901725807645151f,0.10944897923205593f,0f,0f,0f,1f],start_interpolation:0}
execute if entity @s[tag=aj.attack.bone.left_forearm] run data modify entity @s {} merge value {transformation:[-1.505329166666667f,2.5781455924906997e-17f,1.8253797322084958e-16f,2.2321275f,0f,1.4905356658584306f,-0.21052156379175657f,-4.8797188130336835f,-1.8434965456214864e-16f,-0.21052156379175657f,-1.4905356658584306f,-0.18876686744502796f,0f,0f,0f,1f],start_interpolation:0}
execute if entity @s[tag=aj.attack.bone.left_bicep] run data modify entity @s {} merge value {transformation:[-1.5788933333333333f,2.7041373929929706e-17f,1.914584500058367e-16f,2.044845625f,0f,1.5633768866185545f,-0.2208095750444697f,-2.5235540024976864f,-1.9335866668617615e-16f,-0.2208095750444697f,-1.5633768866185545f,-0.5003190230607799f,0f,0f,0f,1f],start_interpolation:0}
execute if entity @s[tag=aj.attack.bone.left_shoulder] run data modify entity @s {} merge value {transformation:[-1f,1.7126789605755323e-17f,1.2126116816367374e-16f,1.795433125f,0f,0.9901725807645151f,-0.1398508502017044f,-2.284285605792434f,-1.2246467991473532e-16f,-0.1398508502017044f,-0.9901725807645151f,-0.5341130195374266f,0f,0f,0f,1f],start_interpolation:0}