execute if entity @s[tag=aj.attack.bone.right_thumb_2] run data modify entity @s {} merge value {transformation:[-0.9762960071199334f,0.21643961393810288f,1.2225027184916874e-16f,-1.84718375f,0.21606067693382738f,0.9745867327523957f,-0.0591479858144546f,-2.819781444857676f,-0.01280196721489706f,-0.05774594237983846f,-0.9982492252809883f,0.025196892574567187f,0f,0f,0f,1f],start_interpolation:0}
execute if entity @s[tag=aj.attack.bone.right_thumb] run data modify entity @s {} merge value {transformation:[-1f,7.243539150368485e-18f,1.2225027184916874e-16f,-1.99476f,0f,0.9982492252809883f,-0.0591479858144546f,-2.5336545172269176f,-1.2246467991473532e-16f,-0.0591479858144546f,-0.9982492252809883f,0.008243379335552303f,0f,0f,0f,1f],start_interpolation:0}
execute if entity @s[tag=aj.attack.bone.right_fingers2] run data modify entity @s {} merge value {transformation:[-0.7933533402912352f,-0.6087614290087205f,1.2225027184916874e-16f,-2.114399333847494f,-0.6076956248889027f,0.7919643573198097f,-0.0591479858144546f,-3.6516298865454386f,0.03600701236739482f,-0.04692525211739623f,-0.9982492252809883f,-0.09467706989967661f,0f,0f,0f,1f],start_interpolation:0}
execute if entity @s[tag=aj.attack.bone.right_fingers] run data modify entity @s {} merge value {transformation:[-0.9659258262890683f,-0.25881904510252074f,1.2225027184916874e-16f,-2.19156125f,-0.2583659112615565f,0.9642347077719609f,-0.0591479858144546f,-3.1849548984922236f,0.015308625208234464f,-0.05713256707116118f,-0.9982492252809883f,-0.1304676166574521f,0f,0f,0f,1f],start_interpolation:0}
execute if entity @s[tag=aj.attack.locator_origin.right_hand] at @s on origin run tp @s ^-2 ^-3.21673 ^-0.1348 ~0 ~-3.39091
execute if entity @s[tag=aj.attack.bone.right_hand] run data modify entity @s {} merge value {transformation:[-1f,7.243539150368485e-18f,1.2225027184916874e-16f,-2.25406125f,0f,0.9982492252809883f,-0.0591479858144546f,-2.4828487719026637f,-1.2246467991473532e-16f,-0.0591479858144546f,-0.9982492252809883f,-0.20136991382260966f,0f,0f,0f,1f],start_interpolation:0}
execute if entity @s[tag=aj.attack.bone.right_forearm] run data modify entity @s {} merge value {transformation:[-1.505329166666667f,1.090391075294157e-17f,1.840268998474827e-16f,-2.2109925f,0f,1.502693674417876f,-0.08903718819608479f,-0.3154265158858043f,-1.8434965456214864e-16f,-0.08903718819608479f,-1.502693674417876f,-0.32434387437666284f,0f,0f,0f,1f],start_interpolation:0}
execute if entity @s[tag=aj.attack.bone.right_bicep] run data modify entity @s {} merge value {transformation:[-1.578893333333333f,1.1436775674255797e-17f,1.9302013922084016e-16f,-2.107345625f,0f,1.576129046801317f,-0.09338836048253692f,1.974494331881838f,-1.9335866668617613e-16f,-0.09338836048253692f,-1.576129046801317f,-0.5198203154077669f,0f,0f,0f,1f],start_interpolation:0}
execute if entity @s[tag=aj.attack.bone.right_shoulder] run data modify entity @s {} merge value {transformation:[-1f,7.243539150368485e-18f,1.2225027184916874e-16f,-1.795433125f,0f,0.9982492252809883f,-0.0591479858144546f,2.2157143942075646f,-1.2246467991473532e-16f,-0.0591479858144546f,-0.9982492252809883f,-0.5341130195374273f,0f,0f,0f,1f],start_interpolation:0}
execute if entity @s[tag=aj.attack.bone.left_thumb_2] run data modify entity @s {} merge value {transformation:[-0.9762960071199334f,-0.21643961393810288f,1.2225027184916874e-16f,1.86831875f,-0.21606067693382738f,0.9745867327523957f,-0.0591479858144546f,-2.903523729410892f,0.01280196721489682f,-0.057745942379838516f,-0.9982492252809883f,-0.05069403788906669f,0f,0f,0f,1f],start_interpolation:0}
execute if entity @s[tag=aj.attack.bone.left_thumb] run data modify entity @s {} merge value {transformation:[-1f,7.243539150368485e-18f,1.2225027184916874e-16f,2.015895f,0f,0.9982492252809883f,-0.0591479858144546f,-2.6173968017801337f,-1.2246467991473532e-16f,-0.0591479858144546f,-0.9982492252809883f,-0.06764755112808155f,0f,0f,0f,1f],start_interpolation:0}
execute if entity @s[tag=aj.attack.bone.left_fingers2] run data modify entity @s {} merge value {transformation:[-0.7933533402912352f,0.6087614290087205f,1.2225027184916874e-16f,2.135534333847494f,0.6076956248889027f,0.7919643573198097f,-0.0591479858144546f,-3.7353721710986547f,-0.03600701236739501f,-0.04692525211739608f,-0.9982492252809883f,-0.17056800036331043f,0f,0f,0f,1f],start_interpolation:0}
execute if entity @s[tag=aj.attack.bone.left_fingers] run data modify entity @s {} merge value {transformation:[-0.9659258262890683f,0.25881904510252074f,1.2225027184916874e-16f,2.21269625f,0.2583659112615565f,0.9642347077719609f,-0.0591479858144546f,-3.2686971830454397f,-0.0153086252082347f,-0.057132567071161114f,-0.9982492252809883f,-0.20635854712108587f,0f,0f,0f,1f],start_interpolation:0}
execute if entity @s[tag=aj.attack.bone.left_hand] run data modify entity @s {} merge value {transformation:[-1f,7.243539150368485e-18f,1.2225027184916874e-16f,2.27519625f,0f,0.9982492252809883f,-0.0591479858144546f,-2.56659105645588f,-1.2246467991473532e-16f,-0.0591479858144546f,-0.9982492252809883f,-0.2772608442862434f,0f,0f,0f,1f],start_interpolation:0}
execute if entity @s[tag=aj.attack.bone.left_forearm] run data modify entity @s {} merge value {transformation:[-1.505329166666667f,1.090391075294157e-17f,1.840268998474827e-16f,2.2321275f,0f,1.502693674417876f,-0.08903718819608479f,-0.3991688004390208f,-1.8434965456214864e-16f,-0.08903718819608479f,-1.502693674417876f,-0.40023480484029655f,0f,0f,0f,1f],start_interpolation:0}
execute if entity @s[tag=aj.attack.bone.left_bicep] run data modify entity @s {} merge value {transformation:[-1.5788933333333335f,1.14367756742558e-17f,1.9302013922084021e-16f,2.044845625f,0f,1.5761290468013174f,-0.09338836048253694f,1.9744943318818384f,-1.9335866668617618e-16f,-0.09338836048253694f,-1.5761290468013174f,-0.5198203154077663f,0f,0f,0f,1f],start_interpolation:0}
execute if entity @s[tag=aj.attack.bone.left_shoulder] run data modify entity @s {} merge value {transformation:[-1f,7.243539150368485e-18f,1.2225027184916874e-16f,1.795433125f,0f,0.9982492252809883f,-0.0591479858144546f,2.215714394207565f,-1.2246467991473532e-16f,-0.0591479858144546f,-0.9982492252809883f,-0.5341130195374267f,0f,0f,0f,1f],start_interpolation:0}