execute if entity @s[tag=aj.attack.bone.right_thumb_2] run data modify entity @s {} merge value {transformation:[-0.9762960071199334f,0.21643961393810288f,1.2246144165862375e-16f,-1.84718375f,0.21643389076221975f,0.9762701915418094f,-0.007272141118421643f,-7.5255293697326175f,-0.0015739794161747037f,-0.00709976233712771f,-0.9999735576321774f,-0.33991413012766986f,0f,0f,0f,1f],start_interpolation:0}
execute if entity @s[tag=aj.attack.bone.right_thumb] run data modify entity @s {} merge value {transformation:[-1f,8.905804343622907e-19f,1.2246144165862375e-16f,-1.99476f,0f,0.9999735576321774f,-0.007272141118421643f,-7.238908198875453f,-1.2246467991473532e-16f,-0.007272141118421643f,-0.9999735576321774f,-0.3419985348462667f,0f,0f,0f,1f],start_interpolation:0}
execute if entity @s[tag=aj.attack.bone.right_fingers2] run data modify entity @s {} merge value {transformation:[-0.7933533402912352f,-0.6087614290087205f,1.2246144165862375e-16f,-2.1143993338474933f,-0.6087453319150985f,0.7933323621503979f,-0.007272141118421643f,-8.350037377918872f,0.004426999019203338f,-0.005769377447369124f,-0.9999735576321774f,-0.5027887483294341f,0f,0f,0f,1f],start_interpolation:0}
execute if entity @s[tag=aj.attack.bone.right_fingers] run data modify entity @s {} merge value {transformation:[-0.9659258262890683f,-0.25881904510252074f,1.2246144165862375e-16f,-2.19156125f,-0.25881220131413063f,0.9659002849230802f,-0.007272141118421643f,-7.882133954395417f,0.0018821686201205485f,-0.007024348918702167f,-0.9999735576321774f,-0.5143167128817683f,0f,0f,0f,1f],start_interpolation:0}
execute if entity @s[tag=aj.attack.locator_origin.consume] at @s on origin run tp @s ^-2 ^-7.91364 ^-0.52029 ~0 ~-0.41667
execute if entity @s[tag=aj.attack.bone.right_hand] run data modify entity @s {} merge value {transformation:[-1f,8.905804343622907e-19f,1.2246144165862375e-16f,-2.25406125f,0f,0.9999735576321774f,-0.007272141118421643f,-7.177294683259938f,-1.2246467991473532e-16f,-0.007272141118421643f,-0.9999735576321774f,-0.5486933125259632f,0f,0f,0f,1f],start_interpolation:0}
execute if entity @s[tag=aj.attack.bone.right_forearm] run data modify entity @s {} merge value {transformation:[-1.5053291666666664f,1.3406167031082247e-18f,1.8434477992077466e-16f,-2.2109925f,0f,1.5052893621991474f,-0.010946966129676052f,-5.006411276581613f,-1.8434965456214856e-16f,-0.010946966129676052f,-1.5052893621991474f,-0.5590405566166021f,0f,0f,0f,1f],start_interpolation:0}
execute if entity @s[tag=aj.attack.bone.right_bicep] run data modify entity @s {} merge value {transformation:[-1.5788933333333333f,1.406131510611725e-18f,1.9335355382518996e-16f,-2.107345625f,0f,1.5788515836550607f,-0.011481935130935143f,-2.7094323513309306f,-1.9335866668617615e-16f,-0.011481935130935143f,-1.5788515836550607f,-0.6354365315975361f,0f,0f,0f,1f],start_interpolation:0}
execute if entity @s[tag=aj.attack.bone.right_shoulder] run data modify entity @s {} merge value {transformation:[-1f,8.905804343622907e-19f,1.2246144165862375e-16f,-1.795433125f,0f,0.9999735576321774f,-0.007272141118421643f,-2.4673411071274223f,-1.2246467991473532e-16f,-0.007272141118421643f,-0.9999735576321774f,-0.5746954471508213f,0f,0f,0f,1f],start_interpolation:0}
execute if entity @s[tag=aj.attack.bone.left_thumb_2] run data modify entity @s {} merge value {transformation:[-0.9762960071199334f,-0.21643961393810288f,1.2246144165862375e-16f,1.86831875f,-0.21643389076221975f,0.9762701915418094f,-0.007272141118421643f,-7.421711086404484f,0.0015739794161744648f,-0.007099762337127764f,-0.9999735576321774f,-0.3169671946072667f,0f,0f,0f,1f],start_interpolation:0}
execute if entity @s[tag=aj.attack.bone.left_thumb] run data modify entity @s {} merge value {transformation:[-1f,8.905804343622907e-19f,1.2246144165862375e-16f,2.015895f,0f,0.9999735576321774f,-0.007272141118421643f,-7.13508991554732f,-1.2246467991473532e-16f,-0.007272141118421643f,-0.9999735576321774f,-0.31905159932586347f,0f,0f,0f,1f],start_interpolation:0}
execute if entity @s[tag=aj.attack.bone.left_fingers2] run data modify entity @s {} merge value {transformation:[-0.7933533402912352f,0.6087614290087205f,1.2246144165862375e-16f,2.1355343338474935f,0.6087453319150985f,0.7933323621503979f,-0.007272141118421643f,-8.246219094590739f,-0.004426999019203532f,-0.005769377447368974f,-0.9999735576321774f,-0.47984181280903093f,0f,0f,0f,1f],start_interpolation:0}
execute if entity @s[tag=aj.attack.bone.left_fingers] run data modify entity @s {} merge value {transformation:[-0.9659258262890683f,0.25881904510252074f,1.2246144165862375e-16f,2.21269625f,0.25881220131413063f,0.9659002849230802f,-0.007272141118421643f,-7.7783156710672845f,-0.0018821686201207853f,-0.007024348918702103f,-0.9999735576321774f,-0.491369777361365f,0f,0f,0f,1f],start_interpolation:0}
execute if entity @s[tag=aj.attack.bone.left_hand] run data modify entity @s {} merge value {transformation:[-1f,8.905804343622907e-19f,1.2246144165862375e-16f,2.27519625f,0f,0.9999735576321774f,-0.007272141118421643f,-7.073476399931805f,-1.2246467991473532e-16f,-0.007272141118421643f,-0.9999735576321774f,-0.5257463770055599f,0f,0f,0f,1f],start_interpolation:0}
execute if entity @s[tag=aj.attack.bone.left_forearm] run data modify entity @s {} merge value {transformation:[-1.505329166666667f,1.3406167031082253e-18f,1.8434477992077475e-16f,2.2321275f,0f,1.505289362199148f,-0.010946966129676057f,-4.90259299325348f,-1.8434965456214864e-16f,-0.010946966129676057f,-1.505289362199148f,-0.5360936210961988f,0f,0f,0f,1f],start_interpolation:0}
execute if entity @s[tag=aj.attack.bone.left_bicep] run data modify entity @s {} merge value {transformation:[-1.5788933333333333f,1.406131510611725e-18f,1.9335355382518996e-16f,2.044845625f,0f,1.5788515836550607f,-0.011481935130935143f,-2.525922341176041f,-1.9335866668617615e-16f,-0.011481935130935143f,-1.5788515836550607f,-0.5323557566321302f,0f,0f,0f,1f],start_interpolation:0}
execute if entity @s[tag=aj.attack.bone.left_shoulder] run data modify entity @s {} merge value {transformation:[-1f,8.905804343622907e-19f,1.2246144165862375e-16f,1.795433125f,0f,0.9999735576321774f,-0.007272141118421643f,-2.284285605792434f,-1.2246467991473532e-16f,-0.007272141118421643f,-0.9999735576321774f,-0.5341130195374266f,0f,0f,0f,1f],start_interpolation:0}