execute if entity @s[tag=aj.attack.bone.right_thumb_2] run data modify entity @s {} merge value {transformation:[-0.9762960071199334f,0.21643961393810288f,1.2244401297537726e-16f,-1.84718375f,0.21640308794237043f,0.9761312490003783f,0.018370853381597385f,-7.52988637320221f,0.0039761804136263105f,0.01793539080383928f,-0.9998312416333227f,-0.4696897533822091f,0f,0f,0f,1f],start_interpolation:0}
execute if entity @s[tag=aj.attack.bone.right_thumb] run data modify entity @s {} merge value {transformation:[-1f,-2.249780679137859e-18f,1.2244401297537726e-16f,-1.99476f,0f,0.9998312416333227f,0.018370853381597385f,-7.2433059942019025f,-1.2246467991473532e-16f,0.018370853381597385f,-0.9998312416333227f,-0.46442413864100857f,0f,0f,0f,1f],start_interpolation:0}
execute if entity @s[tag=aj.attack.bone.right_fingers2] run data modify entity @s {} merge value {transformation:[-0.7933533402912352f,-0.6087614290087205f,1.2244401297537726e-16f,-2.1143993338474933f,-0.608658695424265f,0.7932194552773297f,0.018370853381597385f,-8.34994697605628f,-0.011183466956691007f,0.014574577894290744f,-0.9998312416333227f,-0.6536522616936981f,0f,0f,0f,1f],start_interpolation:0}
execute if entity @s[tag=aj.attack.bone.right_fingers] run data modify entity @s {} merge value {transformation:[-0.9659258262890683f,-0.25881904510252074f,1.2244401297537726e-16f,-2.19156125f,-0.25877536722320427f,0.9657628182242923f,0.018370853381597385f,-7.881901803515573f,-0.004754726729943567f,0.017744881732254747f,-0.9998312416333227f,-0.6531787925511091f,0f,0f,0f,1f],start_interpolation:0}
execute if entity @s[tag=aj.attack.locator_origin.consume] at @s on origin run tp @s ^-2 ^-7.91325 ^-0.65996 ~0 ~1.05263
execute if entity @s[tag=aj.attack.bone.right_hand] run data modify entity @s {} merge value {transformation:[-1f,-2.249780679137859e-18f,1.2244401297537726e-16f,-2.25406125f,0f,0.9998312416333227f,0.018370853381597385f,-7.1764128176212285f,-1.2246467991473532e-16f,0.018370853381597385f,-0.9998312416333227f,-0.6694711072933376f,0f,0f,0f,1f],start_interpolation:0}
execute if entity @s[tag=aj.attack.bone.right_forearm] run data modify entity @s {} merge value {transformation:[-1.5053291666666664f,-3.38666047490936e-18f,1.8431854401554714e-16f,-2.2109925f,0f,1.505075129775188f,0.027654181411875502f,-5.005977862812792f,-1.8434965456214856e-16f,0.027654181411875502f,-1.505075129775188f,-0.6241507167691758f,0f,0f,0f,1f],start_interpolation:0}
execute if entity @s[tag=aj.attack.bone.right_bicep] run data modify entity @s {} merge value {transformation:[-1.5788933333333333f,-3.552163715752904e-18f,1.9332603579340332e-16f,-2.107345625f,0f,1.5786268818732423f,0.02900561793184823f,-2.7077952744919784f,-1.9335866668617615e-16f,0.02900561793184823f,-1.5786268818732423f,-0.6416240901729501f,0f,0f,0f,1f],start_interpolation:0}
execute if entity @s[tag=aj.attack.bone.right_shoulder] run data modify entity @s {} merge value {transformation:[-1f,-2.249780679137859e-18f,1.2244401297537726e-16f,-1.795433125f,0f,0.9998312416333227f,0.018370853381597385f,-2.4673411071274223f,-1.2246467991473532e-16f,0.018370853381597385f,-0.9998312416333227f,-0.5746954471508213f,0f,0f,0f,1f],start_interpolation:0}
execute if entity @s[tag=aj.attack.bone.left_thumb_2] run data modify entity @s {} merge value {transformation:[-0.9762960071199334f,-0.21643961393810288f,1.2244401297537726e-16f,1.86831875f,-0.21640308794237043f,0.9761312490003783f,0.018370853381597385f,-7.425589840716559f,-0.00397618041362655f,0.017935390803839223f,-0.9998312416333227f,-0.44876876327011045f,0f,0f,0f,1f],start_interpolation:0}
execute if entity @s[tag=aj.attack.bone.left_thumb] run data modify entity @s {} merge value {transformation:[-1f,-2.249780679137859e-18f,1.2244401297537726e-16f,2.015895f,0f,0.9998312416333227f,0.018370853381597385f,-7.139009461716252f,-1.2246467991473532e-16f,0.018370853381597385f,-0.9998312416333227f,-0.44350314852890993f,0f,0f,0f,1f],start_interpolation:0}
execute if entity @s[tag=aj.attack.bone.left_fingers2] run data modify entity @s {} merge value {transformation:[-0.7933533402912352f,0.6087614290087205f,1.2244401297537726e-16f,2.1355343338474935f,0.608658695424265f,0.7932194552773297f,0.018370853381597385f,-8.245650443570629f,0.011183466956690813f,0.014574577894290893f,-0.9998312416333227f,-0.6327312715815994f,0f,0f,0f,1f],start_interpolation:0}
execute if entity @s[tag=aj.attack.bone.left_fingers] run data modify entity @s {} merge value {transformation:[-0.9659258262890683f,0.25881904510252074f,1.2244401297537726e-16f,2.21269625f,0.25877536722320427f,0.9657628182242923f,0.018370853381597385f,-7.7776052710299215f,0.004754726729943331f,0.01774488173225481f,-0.9998312416333227f,-0.6322578024390104f,0f,0f,0f,1f],start_interpolation:0}
execute if entity @s[tag=aj.attack.bone.left_hand] run data modify entity @s {} merge value {transformation:[-1f,-2.249780679137859e-18f,1.2244401297537726e-16f,2.27519625f,0f,0.9998312416333227f,0.018370853381597385f,-7.072116285135577f,-1.2246467991473532e-16f,0.018370853381597385f,-0.9998312416333227f,-0.6485501171812389f,0f,0f,0f,1f],start_interpolation:0}
execute if entity @s[tag=aj.attack.bone.left_forearm] run data modify entity @s {} merge value {transformation:[-1.505329166666667f,-3.3866604749093613e-18f,1.8431854401554722e-16f,2.2321275f,0f,1.5050751297751888f,0.027654181411875513f,-4.90168133032714f,-1.8434965456214864e-16f,0.027654181411875513f,-1.5050751297751888f,-0.6032297266570771f,0f,0f,0f,1f],start_interpolation:0}
execute if entity @s[tag=aj.attack.bone.left_bicep] run data modify entity @s {} merge value {transformation:[-1.5788933333333333f,-3.552163715752904e-18f,1.9332603579340332e-16f,2.044845625f,0f,1.5786268818732423f,0.02900561793184823f,-2.52588795149334f,-1.9335866668617615e-16f,0.02900561793184823f,-1.5786268818732423f,-0.5385522099574725f,0f,0f,0f,1f],start_interpolation:0}
execute if entity @s[tag=aj.attack.bone.left_shoulder] run data modify entity @s {} merge value {transformation:[-1f,-2.249780679137859e-18f,1.2244401297537726e-16f,1.795433125f,0f,0.9998312416333227f,0.018370853381597385f,-2.284285605792434f,-1.2246467991473532e-16f,0.018370853381597385f,-0.9998312416333227f,-0.5341130195374266f,0f,0f,0f,1f],start_interpolation:0}