execute if entity @s[tag=aj.attack.bone.right_thumb_2] run data modify entity @s {} merge value {transformation:[-0.9762960071199334f,0.21643961393810288f,1.2237712751772563e-16f,-1.84718375f,0.21628487702112953f,0.9755980339927113f,-0.03780645502439095f,-7.07613740858695f,-0.008182814529847546f,-0.0369102910836722f,-0.9992850804242444f,-0.12309876768344387f,0f,0f,0f,1f],start_interpolation:0}
execute if entity @s[tag=aj.attack.bone.right_thumb] run data modify entity @s {} merge value {transformation:[-1f,4.629955413272876e-18f,1.2237712751772563e-16f,-1.99476f,0f,0.9992850804242444f,-0.03780645502439095f,-6.7897135750913f,-1.2246467991473532e-16f,-0.03780645502439095f,-0.9992850804242444f,-0.1339351846290163f,0f,0f,0f,1f],start_interpolation:0}
execute if entity @s[tag=aj.attack.bone.right_fingers2] run data modify entity @s {} merge value {transformation:[-0.7933533402912352f,-0.6087614290087205f,1.2237712751772563e-16f,-2.114399333847494f,-0.6083262135461573f,0.7927861564577698f,-0.03780645502439095f,-7.905234807362483f,0.023015111586402064f,-0.029993877378170986f,-0.9992850804242444f,-0.26071817097121147f,0f,0f,0f,1f],start_interpolation:0}
execute if entity @s[tag=aj.attack.bone.right_fingers] run data modify entity @s {} merge value {transformation:[-0.9659258262890683f,-0.25881904510252074f,1.2237712751772563e-16f,-2.19156125f,-0.25863401030059857f,0.9652352670071264f,-0.03780645502439095f,-7.437901665181057f,0.009785030588124145f,-0.03651823130849536f,-0.9992850804242444f,-0.2865298336554366f,0f,0f,0f,1f],start_interpolation:0}
execute if entity @s[tag=aj.attack.locator_origin.right_hand] at @s on origin run tp @s ^-2 ^-7.46958 ^-0.29154 ~0 ~-2.16667
execute if entity @s[tag=aj.attack.bone.right_hand] run data modify entity @s {} merge value {transformation:[-1f,4.629955413272876e-18f,1.2237712751772563e-16f,-2.25406125f,0f,0.9992850804242444f,-0.03780645502439095f,-6.734440947782623f,-1.2246467991473532e-16f,-0.03780645502439095f,-0.9992850804242444f,-0.34241514313092747f,0f,0f,0f,1f],start_interpolation:0}
execute if entity @s[tag=aj.attack.bone.right_forearm] run data modify entity @s {} merge value {transformation:[-1.505329166666667f,6.969606923965882e-18f,1.8421785938531838e-16f,-2.2109925f,0f,1.504252977377461f,-0.05691115943648726f,-4.564886050467948f,-1.8434965456214864e-16f,-0.05691115943648726f,-1.504252977377461f,-0.41905311276393864f,0f,0f,0f,1f],start_interpolation:0}
execute if entity @s[tag=aj.attack.bone.right_bicep] run data modify entity @s {} merge value {transformation:[-1.5788933333333333f,7.310205735647121e-18f,1.9322043079022022e-16f,-2.107345625f,0f,1.5777645515813032f,-0.059692359794977376f,-2.2713114767270137f,-1.9335866668617615e-16f,-0.059692359794977376f,-1.5777645515813032f,-0.5655597772135555f,0f,0f,0f,1f],start_interpolation:0}
execute if entity @s[tag=aj.attack.bone.right_shoulder] run data modify entity @s {} merge value {transformation:[-1f,4.629955413272876e-18f,1.2237712751772563e-16f,-1.795433125f,0f,0.9992850804242444f,-0.03780645502439095f,-2.0298411071274227f,-1.2246467991473532e-16f,-0.03780645502439095f,-0.9992850804242444f,-0.5746954471508213f,0f,0f,0f,1f],start_interpolation:0}
execute if entity @s[tag=aj.attack.bone.left_thumb_2] run data modify entity @s {} merge value {transformation:[-0.9762960071199334f,-0.21643961393810288f,1.2237712751772563e-16f,1.86831875f,-0.21628487702112953f,0.9755980339927113f,-0.03780645502439095f,-6.975183633441535f,0.008182814529847307f,-0.036910291083672254f,-0.9992850804242444f,-0.16017913750563312f,0f,0f,0f,1f],start_interpolation:0}
execute if entity @s[tag=aj.attack.bone.left_thumb] run data modify entity @s {} merge value {transformation:[-1f,4.629955413272876e-18f,1.2237712751772563e-16f,2.015895f,0f,0.9992850804242444f,-0.03780645502439095f,-6.688759799945885f,-1.2246467991473532e-16f,-0.03780645502439095f,-0.9992850804242444f,-0.1710155544512055f,0f,0f,0f,1f],start_interpolation:0}
execute if entity @s[tag=aj.attack.bone.left_fingers2] run data modify entity @s {} merge value {transformation:[-0.7933533402912352f,0.6087614290087205f,1.2237712751772563e-16f,2.135534333847494f,0.6083262135461573f,0.7927861564577698f,-0.03780645502439095f,-7.804281032217068f,-0.02301511158640225f,-0.029993877378170834f,-0.9992850804242444f,-0.2977985407934006f,0f,0f,0f,1f],start_interpolation:0}
execute if entity @s[tag=aj.attack.bone.left_fingers] run data modify entity @s {} merge value {transformation:[-0.9659258262890683f,0.25881904510252074f,1.2237712751772563e-16f,2.21269625f,0.25863401030059857f,0.9652352670071264f,-0.03780645502439095f,-7.336947890035642f,-0.009785030588124381f,-0.03651823130849529f,-0.9992850804242444f,-0.3236102034776257f,0f,0f,0f,1f],start_interpolation:0}
execute if entity @s[tag=aj.attack.bone.left_hand] run data modify entity @s {} merge value {transformation:[-1f,4.629955413272876e-18f,1.2237712751772563e-16f,2.27519625f,0f,0.9992850804242444f,-0.03780645502439095f,-6.633487172637208f,-1.2246467991473532e-16f,-0.03780645502439095f,-0.9992850804242444f,-0.37949551295311656f,0f,0f,0f,1f],start_interpolation:0}
execute if entity @s[tag=aj.attack.bone.left_forearm] run data modify entity @s {} merge value {transformation:[-1.505329166666667f,6.969606923965882e-18f,1.8421785938531838e-16f,2.2321275f,0f,1.504252977377461f,-0.05691115943648726f,-4.4639322753225334f,-1.8434965456214864e-16f,-0.05691115943648726f,-1.504252977377461f,-0.45613348258612774f,0f,0f,0f,1f],start_interpolation:0}
execute if entity @s[tag=aj.attack.bone.left_bicep] run data modify entity @s {} merge value {transformation:[-1.5788933333333333f,7.310205735647121e-18f,1.9322043079022022e-16f,2.044845625f,0f,1.5777645515813032f,-0.059692359794977376f,-2.088255975392026f,-1.9335866668617615e-16f,-0.059692359794977376f,-1.5777645515813032f,-0.5249773496001611f,0f,0f,0f,1f],start_interpolation:0}
execute if entity @s[tag=aj.attack.bone.left_shoulder] run data modify entity @s {} merge value {transformation:[-1f,4.629955413272876e-18f,1.2237712751772563e-16f,1.795433125f,0f,0.9992850804242444f,-0.03780645502439095f,-1.8467856057924352f,-1.2246467991473532e-16f,-0.03780645502439095f,-0.9992850804242444f,-0.5341130195374268f,0f,0f,0f,1f],start_interpolation:0}