execute if entity @s[tag=aj.attack.bone.right_thumb_2] run data modify entity @s {} merge value {transformation:[-0.9762960071199334f,0.21643961393810288f,1.222058887627261e-16f,-1.84718375f,0.21598223588370818f,0.9742329080405868f,-0.06497626238447304f,-6.9552026197209615f,-0.014063437145636341f,-0.06343606552353813f,-0.9978868098770242f,0.03768283327999038f,0f,0f,0f,1f],start_interpolation:0}
execute if entity @s[tag=aj.attack.bone.right_thumb] run data modify entity @s {} merge value {transformation:[-1f,7.957297174970347e-18f,1.222058887627261e-16f,-1.99476f,0f,0.9978868098770242f,-0.06497626238447304f,-6.669179570764422f,-1.2246467991473532e-16f,-0.06497626238447304f,-0.9978868098770242f,0.019058768413056815f,0f,0f,0f,1f],start_interpolation:0}
execute if entity @s[tag=aj.attack.bone.right_fingers2] run data modify entity @s {} merge value {transformation:[-0.7933533402912352f,-0.6087614290087205f,1.222058887627261e-16f,-2.114399333847494f,-0.6074750003696907f,0.7916768338485018f,-0.06497626238447304f,-7.787736883377481f,0.03955504234081729f,-0.05154913480236149f,-0.9978868098770242f,-0.07733149911181059f,0f,0f,0f,1f],start_interpolation:0}
execute if entity @s[tag=aj.attack.bone.right_fingers] run data modify entity @s {} merge value {transformation:[-0.9659258262890683f,-0.25881904510252074f,1.222058887627261e-16f,-2.19156125f,-0.25827211125277205f,0.963884641373427f,-0.06497626238447304f,-7.32127885137804f,0.016817094184680033f,-0.06276224993289746f,-0.9978868098770242f,-0.11584658829640165f,0f,0f,0f,1f],start_interpolation:0}
execute if entity @s[tag=aj.attack.locator_origin.right_hand] at @s on origin run tp @s ^-2 ^-7.35308 ^-0.11999 ~0 ~-3.72549
execute if entity @s[tag=aj.attack.bone.right_hand] run data modify entity @s {} merge value {transformation:[-1f,7.957297174970347e-18f,1.222058887627261e-16f,-2.25406125f,0f,0.9978868098770242f,-0.06497626238447304f,-6.619598730333536f,-1.2246467991473532e-16f,-0.06497626238447304f,-0.9978868098770242f,-0.19084763141488903f,0f,0f,0f,1f],start_interpolation:0}
execute if entity @s[tag=aj.attack.bone.right_forearm] run data modify entity @s {} merge value {transformation:[-1.505329166666667f,1.1978351525317137e-17f,1.839600886929539e-16f,-2.2109925f,0f,1.5021481199398397f,-0.09781066290833351f,-4.45293153654562f,-1.8434965456214864e-16f,-0.09781066290833351f,-1.5021481199398397f,-0.32647617639993853f,0f,0f,0f,1f],start_interpolation:0}
execute if entity @s[tag=aj.attack.bone.right_bicep] run data modify entity @s {} merge value {transformation:[-1.5788933333333333f,1.2563723460912847e-17f,1.9295006306154314e-16f,-2.107345625f,0f,1.5755568315361008f,-0.10259058750376192f,-2.164191218483645f,-1.9335866668617615e-16f,-0.10259058750376192f,-1.5755568315361008f,-0.5353212972829373f,0f,0f,0f,1f],start_interpolation:0}
execute if entity @s[tag=aj.attack.bone.right_shoulder] run data modify entity @s {} merge value {transformation:[-1f,7.957297174970347e-18f,1.222058887627261e-16f,-1.795433125f,0f,0.9978868098770242f,-0.06497626238447304f,-1.92305873134868f,-1.2246467991473532e-16f,-0.06497626238447304f,-0.9978868098770242f,-0.5510223643763413f,0f,0f,0f,1f],start_interpolation:0}
execute if entity @s[tag=aj.attack.bone.left_thumb_2] run data modify entity @s {} merge value {transformation:[-0.9762960071199334f,-0.21643961393810288f,1.222058887627261e-16f,1.86831875f,-0.21598223588370818f,0.9742329080405868f,-0.06497626238447304f,-6.963113516655184f,0.014063437145636102f,-0.06343606552353818f,-0.9978868098770242f,-0.0208084445983665f,0f,0f,0f,1f],start_interpolation:0}
execute if entity @s[tag=aj.attack.bone.left_thumb] run data modify entity @s {} merge value {transformation:[-1f,7.957297174970347e-18f,1.222058887627261e-16f,2.015895f,0f,0.9978868098770242f,-0.06497626238447304f,-6.677090467698645f,-1.2246467991473532e-16f,-0.06497626238447304f,-0.9978868098770242f,-0.039432509465300025f,0f,0f,0f,1f],start_interpolation:0}
execute if entity @s[tag=aj.attack.bone.left_fingers2] run data modify entity @s {} merge value {transformation:[-0.7933533402912352f,0.6087614290087205f,1.222058887627261e-16f,2.135534333847494f,0.6074750003696907f,0.7916768338485018f,-0.06497626238447304f,-7.795647780311704f,-0.039555042340817484f,-0.051549134802361354f,-0.9978868098770242f,-0.13582277699016743f,0f,0f,0f,1f],start_interpolation:0}
execute if entity @s[tag=aj.attack.bone.left_fingers] run data modify entity @s {} merge value {transformation:[-0.9659258262890683f,0.25881904510252074f,1.222058887627261e-16f,2.21269625f,0.25827211125277205f,0.963884641373427f,-0.06497626238447304f,-7.329189748312262f,-0.01681709418468027f,-0.0627622499328974f,-0.9978868098770242f,-0.17433786617475844f,0f,0f,0f,1f],start_interpolation:0}
execute if entity @s[tag=aj.attack.bone.left_hand] run data modify entity @s {} merge value {transformation:[-1f,7.957297174970347e-18f,1.222058887627261e-16f,2.27519625f,0f,0.9978868098770242f,-0.06497626238447304f,-6.6275096272677585f,-1.2246467991473532e-16f,-0.06497626238447304f,-0.9978868098770242f,-0.2493389092932458f,0f,0f,0f,1f],start_interpolation:0}
execute if entity @s[tag=aj.attack.bone.left_forearm] run data modify entity @s {} merge value {transformation:[-1.505329166666667f,1.1978351525317137e-17f,1.839600886929539e-16f,2.2321275f,0f,1.5021481199398397f,-0.09781066290833351f,-4.4608424334798435f,-1.8434965456214864e-16f,-0.09781066290833351f,-1.5021481199398397f,-0.38496745427829526f,0f,0f,0f,1f],start_interpolation:0}
execute if entity @s[tag=aj.attack.bone.left_bicep] run data modify entity @s {} merge value {transformation:[-1.5788933333333333f,1.2563723460912847e-17f,1.9295006306154314e-16f,2.044845625f,0f,1.5755568315361008f,-0.10259058750376192f,-2.0879180929274f,-1.9335866668617615e-16f,-0.10259058750376192f,-1.5755568315361008f,-0.5184119524440228f,0f,0f,0f,1f],start_interpolation:0}
execute if entity @s[tag=aj.attack.bone.left_shoulder] run data modify entity @s {} merge value {transformation:[-1f,7.957297174970347e-18f,1.222058887627261e-16f,1.795433125f,0f,0.9978868098770242f,-0.06497626238447304f,-1.8467856057924352f,-1.2246467991473532e-16f,-0.06497626238447304f,-0.9978868098770242f,-0.5341130195374268f,0f,0f,0f,1f],start_interpolation:0}