execute if entity @s[tag=aj.attack.bone.right_thumb_2] run data modify entity @s {} merge value {transformation:[-0.9762960071199334f,0.21643961393810288f,1.2167219047838368e-16f,-1.84718375f,0.21503899697839338f,0.9699782322893984f,0.11358018605047485f,-7.086447060998723f,0.024583251619782556f,0.11088788212901778f,-0.9935288326650312f,-0.8905785747524657f,0f,0f,0f,1f],start_interpolation:0}
execute if entity @s[tag=aj.attack.bone.right_thumb] run data modify entity @s {} merge value {transformation:[-1f,-1.390956112932749e-17f,1.2167219047838368e-16f,-1.99476f,0f,0.9935288326650312f,0.11358018605047485f,-6.801673133602986f,-1.2246467991473532e-16f,0.11358018605047485f,-0.9935288326650312f,-0.8580232280000507f,0f,0f,0f,1f],start_interpolation:0}
execute if entity @s[tag=aj.attack.bone.right_fingers2] run data modify entity @s {} merge value {transformation:[-0.7933533402912352f,-0.6087614290087205f,1.2167219047838368e-16f,-2.114399333847494f,-0.6048220319345304f,0.7882194180704541f,0.11358018605047485f,-7.88524123649025f,-0.06914323636716352f,0.09010921999404412f,-0.9935288326650312f,-1.1518628299582585f,0f,0f,0f,1f],start_interpolation:0}
execute if entity @s[tag=aj.attack.bone.right_fingers] run data modify entity @s {} merge value {transformation:[-0.9659258262890683f,-0.25881904510252074f,1.2167219047838368e-16f,-2.19156125f,-0.2571441837521855f,0.9596751586339838f,0.11358018605047485f,-7.419371857227681f,-0.029396715296150663f,0.109710035060871f,-0.9935288326650312f,-1.1067825773281244f,0f,0f,0f,1f],start_interpolation:0}
execute if entity @s[tag=aj.attack.locator_origin.right_hand] at @s on origin run tp @s ^-2 ^-7.44993 ^-1.11652 ~0 ~6.52174
execute if entity @s[tag=aj.attack.bone.right_hand] run data modify entity @s {} merge value {transformation:[-1f,-1.390956112932749e-17f,1.2167219047838368e-16f,-2.25406125f,0f,0.9935288326650312f,0.11358018605047485f,-6.71554164178305f,-1.2246467991473532e-16f,0.11358018605047485f,-0.9935288326650312f,-1.055761242917352f,0f,0f,0f,1f],start_interpolation:0}
execute if entity @s[tag=aj.attack.bone.right_forearm] run data modify entity @s {} merge value {transformation:[-1.505329166666667f,-2.0938468063509617e-17f,1.8315669709933329e-16f,-2.2109925f,0f,1.495587929734958f,0.1709755668172063f,-4.559306533251608f,-1.8434965456214864e-16f,0.1709755668172063f,-1.495587929734958f,-0.8037850781954459f,0f,0f,0f,1f],start_interpolation:0}
execute if entity @s[tag=aj.attack.bone.right_bicep] run data modify entity @s {} merge value {transformation:[-1.5788933333333333f,-2.1961713336687647e-17f,1.9210741039838346e-16f,-2.107345625f,0f,1.5686760503692667f,0.1793309985538544f,-2.269920519030203f,-1.9335866668617615e-16f,0.1793309985538544f,-1.5686760503692667f,-0.6021413182461395f,0f,0f,0f,1f],start_interpolation:0}
execute if entity @s[tag=aj.attack.bone.right_shoulder] run data modify entity @s {} merge value {transformation:[-1f,-1.390956112932749e-17f,1.2167219047838368e-16f,-1.795433125f,0f,0.9935288326650312f,0.11358018605047485f,-2.0298411071274227f,-1.2246467991473532e-16f,0.11358018605047485f,-0.9935288326650312f,-0.5746954471508213f,0f,0f,0f,1f],start_interpolation:0}
execute if entity @s[tag=aj.attack.bone.left_thumb_2] run data modify entity @s {} merge value {transformation:[-0.9762960071199334f,-0.21643961393810288f,1.2167219047838368e-16f,1.86831875f,-0.21503899697839338f,0.9699782322893984f,0.11358018605047485f,-6.972819322046898f,-0.02458325161978279f,0.11088788212901772f,-0.9935288326650312f,-0.9391700747148786f,0f,0f,0f,1f],start_interpolation:0}
execute if entity @s[tag=aj.attack.bone.left_thumb] run data modify entity @s {} merge value {transformation:[-1f,-1.390956112932749e-17f,1.2167219047838368e-16f,2.015895f,0f,0.9935288326650312f,0.11358018605047485f,-6.68804539465116f,-1.2246467991473532e-16f,0.11358018605047485f,-0.9935288326650312f,-0.9066147279624635f,0f,0f,0f,1f],start_interpolation:0}
execute if entity @s[tag=aj.attack.bone.left_fingers2] run data modify entity @s {} merge value {transformation:[-0.7933533402912352f,0.6087614290087205f,1.2167219047838368e-16f,2.135534333847494f,0.6048220319345304f,0.7882194180704541f,0.11358018605047485f,-7.771613497538425f,0.06914323636716332f,0.09010921999404424f,-0.9935288326650312f,-1.2004543299206711f,0f,0f,0f,1f],start_interpolation:0}
execute if entity @s[tag=aj.attack.bone.left_fingers] run data modify entity @s {} merge value {transformation:[-0.9659258262890683f,0.25881904510252074f,1.2167219047838368e-16f,2.21269625f,0.2571441837521855f,0.9596751586339838f,0.11358018605047485f,-7.305744118275856f,0.029396715296150427f,0.10971003506087106f,-0.9935288326650312f,-1.155374077290537f,0f,0f,0f,1f],start_interpolation:0}
execute if entity @s[tag=aj.attack.bone.left_hand] run data modify entity @s {} merge value {transformation:[-1f,-1.390956112932749e-17f,1.2167219047838368e-16f,2.27519625f,0f,0.9935288326650312f,0.11358018605047485f,-6.601913902831225f,-1.2246467991473532e-16f,0.11358018605047485f,-0.9935288326650312f,-1.1043527428797646f,0f,0f,0f,1f],start_interpolation:0}
execute if entity @s[tag=aj.attack.bone.left_forearm] run data modify entity @s {} merge value {transformation:[-1.505329166666667f,-2.0938468063509617e-17f,1.8315669709933329e-16f,2.2321275f,0f,1.495587929734958f,0.1709755668172063f,-4.445678794299782f,-1.8434965456214864e-16f,0.1709755668172063f,-1.495587929734958f,-0.8523765781578585f,0f,0f,0f,1f],start_interpolation:0}
execute if entity @s[tag=aj.attack.bone.left_bicep] run data modify entity @s {} merge value {transformation:[-1.5788933333333333f,-2.1961713336687647e-17f,1.9210741039838346e-16f,2.044845625f,0f,1.5686760503692667f,0.1793309985538544f,-2.0868650176952155f,-1.9335866668617615e-16f,0.1793309985538544f,-1.5686760503692667f,-0.561558890632745f,0f,0f,0f,1f],start_interpolation:0}
execute if entity @s[tag=aj.attack.bone.left_shoulder] run data modify entity @s {} merge value {transformation:[-1f,-1.390956112932749e-17f,1.2167219047838368e-16f,1.795433125f,0f,0.9935288326650312f,0.11358018605047485f,-1.8467856057924352f,-1.2246467991473532e-16f,0.11358018605047485f,-0.9935288326650312f,-0.5341130195374268f,0f,0f,0f,1f],start_interpolation:0}