execute if entity @s[tag=aj.attack.bone.right_thumb_2] run data modify entity @s {} merge value {transformation:[-0.9762960071199334f,0.21643961393810288f,1.224339826631393e-16f,-1.84718375f,0.21638536073392164f,0.9760512867304821f,0.022388866246877637f,-7.094166795437914f,0.004845837566985898f,0.02185816072076891f,-0.9997493379183501f,-0.4275518242902238f,0f,0f,0f,1f],start_interpolation:0}
execute if entity @s[tag=aj.attack.bone.right_thumb] run data modify entity @s {} merge value {transformation:[-1f,-2.741845338577692e-18f,1.224339826631393e-16f,-1.99476f,0f,0.9997493379183501f,0.022388866246877637f,-6.80760989239705f,-1.2246467991473532e-16f,0.022388866246877637f,-0.9997493379183501f,-0.4211345315439641f,0f,0f,0f,1f],start_interpolation:0}
execute if entity @s[tag=aj.attack.bone.right_fingers2] run data modify entity @s {} merge value {transformation:[-0.7933533402912352f,-0.6087614290087205f,1.224339826631393e-16f,-2.114399333847494f,-0.608608835601697f,0.7931544766914739f,0.022388866246877637f,-7.9134814600543635f,-0.013629478210334438f,0.01776228182229399f,-0.9997493379183501f,-0.614808538888311f,0f,0f,0f,1f],start_interpolation:0}
execute if entity @s[tag=aj.attack.bone.right_fingers] run data modify entity @s {} merge value {transformation:[-0.9659258262890683f,-0.25881904510252074f,1.224339826631393e-16f,-2.19156125f,-0.2587541689819047f,0.9656837053107312f,0.022388866246877637f,-7.445441970040643f,-0.005794664982945045f,0.021625984129190683f,-0.9997493379183501f,-0.612454075173361f,0f,0f,0f,1f],start_interpolation:0}
execute if entity @s[tag=aj.attack.locator_origin.right_hand] at @s on origin run tp @s ^-2 ^-7.47676 ^-0.61936 ~0 ~1.28289
execute if entity @s[tag=aj.attack.bone.right_hand] run data modify entity @s {} merge value {transformation:[-1f,-2.741845338577692e-18f,1.224339826631393e-16f,-2.25406125f,0f,0.9997493379183501f,0.022388866246877637f,-6.7398932051734946f,-1.2246467991473532e-16f,0.022388866246877637f,-0.9997493379183501f,-0.6259110113897454f,0f,0f,0f,1f],start_interpolation:0}
execute if entity @s[tag=aj.attack.bone.right_forearm] run data modify entity @s {} merge value {transformation:[-1.505329166666667f,-4.127379758650043e-18f,1.8430344509398462e-16f,-2.2109925f,0f,1.504951837724182f,0.03370261337002378f,-4.569657913232259f,-1.8434965456214864e-16f,0.03370261337002378f,-1.504951837724182f,-0.57186835727004f,0f,0f,0f,1f],start_interpolation:0}
execute if entity @s[tag=aj.attack.bone.right_bicep] run data modify entity @s {} merge value {transformation:[-1.5788933333333333f,-4.329081326111394e-18f,1.9331019900027953e-16f,-2.107345625f,0f,1.5784975646436967f,0.035349631658086786f,-2.271423661358694f,-1.9335866668617615e-16f,0.035349631658086786f,-1.5784975646436967f,-0.580105562755924f,0f,0f,0f,1f],start_interpolation:0}
execute if entity @s[tag=aj.attack.bone.right_shoulder] run data modify entity @s {} merge value {transformation:[-1f,-2.741845338577692e-18f,1.224339826631393e-16f,-1.795433125f,0f,0.9997493379183501f,0.022388866246877637f,-2.0298411071274227f,-1.2246467991473532e-16f,0.022388866246877637f,-0.9997493379183501f,-0.5746954471508213f,0f,0f,0f,1f],start_interpolation:0}
execute if entity @s[tag=aj.attack.bone.left_thumb_2] run data modify entity @s {} merge value {transformation:[-0.9762960071199334f,-0.21643961393810288f,1.224339826631393e-16f,1.86831875f,-0.21638536073392164f,0.9760512867304821f,0.022388866246877637f,-6.988391306628097f,-0.004845837566986137f,0.021858160720768856f,-0.9997493379183501f,-0.46943152867047516f,0f,0f,0f,1f],start_interpolation:0}
execute if entity @s[tag=aj.attack.bone.left_thumb] run data modify entity @s {} merge value {transformation:[-1f,-2.741845338577692e-18f,1.224339826631393e-16f,2.015895f,0f,0.9997493379183501f,0.022388866246877637f,-6.701834403587233f,-1.2246467991473532e-16f,0.022388866246877637f,-0.9997493379183501f,-0.4630142359242154f,0f,0f,0f,1f],start_interpolation:0}
execute if entity @s[tag=aj.attack.bone.left_fingers2] run data modify entity @s {} merge value {transformation:[-0.7933533402912352f,0.6087614290087205f,1.224339826631393e-16f,2.135534333847494f,0.608608835601697f,0.7931544766914739f,0.022388866246877637f,-7.8077059712445465f,0.013629478210334244f,0.01776228182229414f,-0.9997493379183501f,-0.6566882432685622f,0f,0f,0f,1f],start_interpolation:0}
execute if entity @s[tag=aj.attack.bone.left_fingers] run data modify entity @s {} merge value {transformation:[-0.9659258262890683f,0.25881904510252074f,1.224339826631393e-16f,2.21269625f,0.2587541689819047f,0.9656837053107312f,0.022388866246877637f,-7.339666481230826f,0.0057946649829448095f,0.021625984129190746f,-0.9997493379183501f,-0.6543337795536123f,0f,0f,0f,1f],start_interpolation:0}
execute if entity @s[tag=aj.attack.bone.left_hand] run data modify entity @s {} merge value {transformation:[-1f,-2.741845338577692e-18f,1.224339826631393e-16f,2.27519625f,0f,0.9997493379183501f,0.022388866246877637f,-6.6341177163636775f,-1.2246467991473532e-16f,0.022388866246877637f,-0.9997493379183501f,-0.6677907157699966f,0f,0f,0f,1f],start_interpolation:0}
execute if entity @s[tag=aj.attack.bone.left_forearm] run data modify entity @s {} merge value {transformation:[-1.505329166666667f,-4.127379758650043e-18f,1.8430344509398462e-16f,2.2321275f,0f,1.504951837724182f,0.03370261337002378f,-4.463882424422443f,-1.8434965456214864e-16f,0.03370261337002378f,-1.504951837724182f,-0.6137480616502913f,0f,0f,0f,1f],start_interpolation:0}
execute if entity @s[tag=aj.attack.bone.left_bicep] run data modify entity @s {} merge value {transformation:[-1.5788933333333333f,-4.329081326111394e-18f,1.9331019900027953e-16f,2.044845625f,0f,1.5784975646436967f,0.035349631658086786f,-2.0883681600237063f,-1.9335866668617615e-16f,0.035349631658086786f,-1.5784975646436967f,-0.5395231351425294f,0f,0f,0f,1f],start_interpolation:0}
execute if entity @s[tag=aj.attack.bone.left_shoulder] run data modify entity @s {} merge value {transformation:[-1f,-2.741845338577692e-18f,1.224339826631393e-16f,1.795433125f,0f,0.9997493379183501f,0.022388866246877637f,-1.8467856057924352f,-1.2246467991473532e-16f,0.022388866246877637f,-0.9997493379183501f,-0.5341130195374268f,0f,0f,0f,1f],start_interpolation:0}