execute if entity @s[tag=aj.attack.bone.right_thumb_2] run data modify entity @s {} merge value {transformation:[-0.9762960071199334f,0.21643961393810288f,1.2244900702039358e-16f,-1.84718375f,0.2164119142356011f,0.9761710618363096f,0.015998168965683346f,-7.093122822428184f,0.003462637514648922f,0.01561894848242671f,-0.999872021105574f,-0.3951844599353767f,0f,0f,0f,1f],start_interpolation:0}
execute if entity @s[tag=aj.attack.bone.right_thumb] run data modify entity @s {} merge value {transformation:[-1f,-1.959210641604267e-18f,1.2244900702039358e-16f,-1.99476f,0f,0.999872021105574f,0.015998168965683346f,-6.80653075485872f,-1.2246467991473532e-16f,0.015998168965683346f,-0.999872021105574f,-0.3905989247624541f,0f,0f,0f,1f],start_interpolation:0}
execute if entity @s[tag=aj.attack.bone.right_fingers2] run data modify entity @s {} merge value {transformation:[-0.7933533402912352f,-0.6087614290087205f,1.2244900702039358e-16f,-2.114399333847494f,-0.6086835203940669f,0.7932518078078556f,0.015998168965683346f,-7.91361766541324f,-0.009739068201072456f,0.012692200787468383f,-0.999872021105574f,-0.5772004192701671f,0f,0f,0f,1f],start_interpolation:0}
execute if entity @s[tag=aj.attack.bone.right_fingers] run data modify entity @s {} merge value {transformation:[-0.9659258262890683f,-0.25881904510252074f,1.2244900702039358e-16f,-2.19156125f,-0.25878592172727216f,0.9658022081697224f,0.015998168965683346f,-7.445572687164615f,-0.004140630815087063f,0.015453044577289785f,-0.999872021105574f,-0.577837638175177f,0f,0f,0f,1f],start_interpolation:0}
execute if entity @s[tag=aj.attack.locator_origin.right_hand] at @s on origin run tp @s ^-2 ^-7.47693 ^-0.58455 ~0 ~0.91667
execute if entity @s[tag=aj.attack.bone.right_hand] run data modify entity @s {} merge value {transformation:[-1f,-1.959210641604267e-18f,1.2244900702039358e-16f,-2.25406125f,0f,0.999872021105574f,0.015998168965683346f,-6.740124349881448f,-1.2246467991473532e-16f,0.015998168965683346f,-0.999872021105574f,-0.595804055801025f,0f,0f,0f,1f],start_interpolation:0}
execute if entity @s[tag=aj.attack.bone.right_forearm] run data modify entity @s {} merge value {transformation:[-1.505329166666667f,-2.9492569224506173e-18f,1.8432606169716992e-16f,-2.2109925f,0f,1.50513651630417f,0.024082510357304646f,-4.5695879594625035f,-1.8434965456214864e-16f,0.024082510357304646f,-1.50513651630417f,-0.5556343070008976f,0f,0f,0f,1f],start_interpolation:0}
execute if entity @s[tag=aj.attack.bone.right_bicep] run data modify entity @s {} merge value {transformation:[-1.5788933333333333f,-3.0933846206246997e-18f,1.9333392085778594e-16f,-2.107345625f,0f,1.5786912683101169f,0.02525940232545766f,-2.2714533069074396f,-1.9335866668617615e-16f,0.02525940232545766f,-1.5786912683101169f,-0.5785612946939671f,0f,0f,0f,1f],start_interpolation:0}
execute if entity @s[tag=aj.attack.bone.right_shoulder] run data modify entity @s {} merge value {transformation:[-1f,-1.959210641604267e-18f,1.2244900702039358e-16f,-1.795433125f,0f,0.999872021105574f,0.015998168965683346f,-2.0298411071274227f,-1.2246467991473532e-16f,0.015998168965683346f,-0.999872021105574f,-0.5746954471508213f,0f,0f,0f,1f],start_interpolation:0}
execute if entity @s[tag=aj.attack.bone.left_thumb_2] run data modify entity @s {} merge value {transformation:[-0.9762960071199334f,-0.21643961393810288f,1.2244900702039358e-16f,1.86831875f,-0.2164119142356011f,0.9761710618363096f,0.015998168965683346f,-6.987872839867861f,-0.0034626375146491616f,0.015618948482426658f,-0.999872021105574f,-0.4365685181380366f,0f,0f,0f,1f],start_interpolation:0}
execute if entity @s[tag=aj.attack.bone.left_thumb] run data modify entity @s {} merge value {transformation:[-1f,-1.959210641604267e-18f,1.2244900702039358e-16f,2.015895f,0f,0.999872021105574f,0.015998168965683346f,-6.7012807722983965f,-1.2246467991473532e-16f,0.015998168965683346f,-0.999872021105574f,-0.43198298296511395f,0f,0f,0f,1f],start_interpolation:0}
execute if entity @s[tag=aj.attack.bone.left_fingers2] run data modify entity @s {} merge value {transformation:[-0.7933533402912352f,0.6087614290087205f,1.2244900702039358e-16f,2.135534333847494f,0.6086835203940669f,0.7932518078078556f,0.015998168965683346f,-7.808367682852917f,0.009739068201072261f,0.012692200787468532f,-0.999872021105574f,-0.6185844774728269f,0f,0f,0f,1f],start_interpolation:0}
execute if entity @s[tag=aj.attack.bone.left_fingers] run data modify entity @s {} merge value {transformation:[-0.9659258262890683f,0.25881904510252074f,1.2244900702039358e-16f,2.21269625f,0.25878592172727216f,0.9658022081697224f,0.015998168965683346f,-7.340322704604292f,0.004140630815086827f,0.015453044577289847f,-0.999872021105574f,-0.6192216963778368f,0f,0f,0f,1f],start_interpolation:0}
execute if entity @s[tag=aj.attack.bone.left_hand] run data modify entity @s {} merge value {transformation:[-1f,-1.959210641604267e-18f,1.2244900702039358e-16f,2.27519625f,0f,0.999872021105574f,0.015998168965683346f,-6.634874367321125f,-1.2246467991473532e-16f,0.015998168965683346f,-0.999872021105574f,-0.6371881140036848f,0f,0f,0f,1f],start_interpolation:0}
execute if entity @s[tag=aj.attack.bone.left_forearm] run data modify entity @s {} merge value {transformation:[-1.505329166666667f,-2.9492569224506173e-18f,1.8432606169716992e-16f,2.2321275f,0f,1.50513651630417f,0.024082510357304646f,-4.464337976902181f,-1.8434965456214864e-16f,0.024082510357304646f,-1.50513651630417f,-0.5970183652035573f,0f,0f,0f,1f],start_interpolation:0}
execute if entity @s[tag=aj.attack.bone.left_bicep] run data modify entity @s {} merge value {transformation:[-1.5788933333333333f,-3.0933846206246997e-18f,1.9333392085778594e-16f,2.044845625f,0f,1.5786912683101169f,0.02525940232545766f,-2.0883978055724524f,-1.9335866668617615e-16f,0.02525940232545766f,-1.5786912683101169f,-0.5379788670805725f,0f,0f,0f,1f],start_interpolation:0}
execute if entity @s[tag=aj.attack.bone.left_shoulder] run data modify entity @s {} merge value {transformation:[-1f,-1.959210641604267e-18f,1.2244900702039358e-16f,1.795433125f,0f,0.999872021105574f,0.015998168965683346f,-1.8467856057924352f,-1.2246467991473532e-16f,0.015998168965683346f,-0.999872021105574f,-0.5341130195374268f,0f,0f,0f,1f],start_interpolation:0}