execute if entity @s[tag=aj.attack.bone.right_thumb_2] run data modify entity @s {} merge value {transformation:[-0.9762960071199334f,0.21643961393810288f,1.224467522116329e-16f,-1.84718375f,0.2164079291687393f,0.9761530863613285f,0.01711023612200921f,-7.45957868103822f,0.003703332900637336f,0.01670465520679687f,-0.9998536091947907f,-0.4477503043999221f,0f,0f,0f,1f],start_interpolation:0}
execute if entity @s[tag=aj.attack.bone.right_thumb] run data modify entity @s {} merge value {transformation:[-1f,-2.095399589947404e-18f,1.224467522116329e-16f,-1.99476f,0f,0.9998536091947907f,0.01711023612200921f,-7.172991890851729f,-1.2246467991473532e-16f,0.01711023612200921f,-0.9998536091947907f,-0.44284601880806573f,0f,0f,0f,1f],start_interpolation:0}
execute if entity @s[tag=aj.attack.bone.right_fingers2] run data modify entity @s {} merge value {transformation:[-0.7933533402912352f,-0.6087614290087205f,1.224467522116329e-16f,-2.1143993338474933f,-0.6086723119329476f,0.7932372006569345f,0.01711023612200921f,-8.279870574854305f,-0.010416051792311053f,0.013574462980567682f,-0.9998536091947907f,-0.6306787214303501f,0f,0f,0f,1f],start_interpolation:0}
execute if entity @s[tag=aj.attack.bone.right_fingers] run data modify entity @s {} merge value {transformation:[-0.9659258262890683f,-0.25881904510252074f,1.224467522116329e-16f,-2.19156125f,-0.2587811563741047f,0.9657844236295854f,0.01711023612200921f,-7.811825177371848f,-0.004428454974577199f,0.016527218964152778f,-0.9998536091947907f,-0.6307953712400652f,0f,0f,0f,1f],start_interpolation:0}
execute if entity @s[tag=aj.attack.locator_origin.right_hand] at @s on origin run tp @s ^-2 ^-7.84318 ^-0.63754 ~0 ~0.98039
execute if entity @s[tag=aj.attack.bone.right_hand] run data modify entity @s {} merge value {transformation:[-1f,-2.095399589947404e-18f,1.224467522116329e-16f,-2.25406125f,0f,0.9998536091947907f,0.01711023612200921f,-7.106357293821802f,-1.2246467991473532e-16f,0.01711023612200921f,-0.9998536091947907f,-0.6479771644325703f,0f,0f,0f,1f],start_interpolation:0}
execute if entity @s[tag=aj.attack.bone.right_forearm] run data modify entity @s {} merge value {transformation:[-1.5053291666666664f,-3.1542661185692e-18f,1.8432266746777715e-16f,-2.2109925f,0f,1.505108800317853f,0.025756537483014017f,-4.935866923488322f,-1.8434965456214856e-16f,0.025756537483014017f,-1.505108800317853f,-0.6053933278134856f,0f,0f,0f,1f],start_interpolation:0}
execute if entity @s[tag=aj.attack.bone.right_bicep] run data modify entity @s {} merge value {transformation:[-1.5788933333333333f,-3.3084124432373565e-18f,1.9333036075526577e-16f,-2.107345625f,0f,1.578662197866927f,0.027015237744799525f,-2.6377081925264094f,-1.9335866668617615e-16f,0.027015237744799525f,-1.578662197866927f,-0.6257642713997048f,0f,0f,0f,1f],start_interpolation:0}
execute if entity @s[tag=aj.attack.bone.right_shoulder] run data modify entity @s {} merge value {transformation:[-1f,-2.095399589947404e-18f,1.224467522116329e-16f,-1.795433125f,0f,0.9998536091947907f,0.01711023612200921f,-2.397169831615677f,-1.2246467991473532e-16f,0.01711023612200921f,-0.9998536091947907f,-0.5591388498990202f,0f,0f,0f,1f],start_interpolation:0}
execute if entity @s[tag=aj.attack.bone.left_thumb_2] run data modify entity @s {} merge value {transformation:[-0.9762960071199334f,-0.21643961393810288f,1.224467522116329e-16f,1.86831875f,-0.2164079291687393f,0.9761530863613285f,0.01711023612200921f,-7.425478150908271f,-0.0037033329006375755f,0.016704655206796815f,-0.9998536091947907f,-0.44228659538890136f,0f,0f,0f,1f],start_interpolation:0}
execute if entity @s[tag=aj.attack.bone.left_thumb] run data modify entity @s {} merge value {transformation:[-1f,-2.095399589947404e-18f,1.224467522116329e-16f,2.015895f,0f,0.9998536091947907f,0.01711023612200921f,-7.13889136072178f,-1.2246467991473532e-16f,0.01711023612200921f,-0.9998536091947907f,-0.437382309797045f,0f,0f,0f,1f],start_interpolation:0}
execute if entity @s[tag=aj.attack.bone.left_fingers2] run data modify entity @s {} merge value {transformation:[-0.7933533402912352f,0.6087614290087205f,1.224467522116329e-16f,2.1355343338474935f,0.6086723119329476f,0.7932372006569345f,0.01711023612200921f,-8.245770044724356f,0.010416051792310858f,0.01357446298056783f,-0.9998536091947907f,-0.6252150124193294f,0f,0f,0f,1f],start_interpolation:0}
execute if entity @s[tag=aj.attack.bone.left_fingers] run data modify entity @s {} merge value {transformation:[-0.9659258262890683f,0.25881904510252074f,1.224467522116329e-16f,2.21269625f,0.2587811563741047f,0.9657844236295854f,0.01711023612200921f,-7.777724647241898f,0.0044284549745769635f,0.01652721896415284f,-0.9998536091947907f,-0.6253316622290445f,0f,0f,0f,1f],start_interpolation:0}
execute if entity @s[tag=aj.attack.bone.left_hand] run data modify entity @s {} merge value {transformation:[-1f,-2.095399589947404e-18f,1.224467522116329e-16f,2.27519625f,0f,0.9998536091947907f,0.01711023612200921f,-7.072256763691852f,-1.2246467991473532e-16f,0.01711023612200921f,-0.9998536091947907f,-0.6425134554215495f,0f,0f,0f,1f],start_interpolation:0}
execute if entity @s[tag=aj.attack.bone.left_forearm] run data modify entity @s {} merge value {transformation:[-1.505329166666667f,-3.1542661185692017e-18f,1.8432266746777722e-16f,2.2321275f,0f,1.5051088003178537f,0.025756537483014028f,-4.901766393358374f,-1.8434965456214864e-16f,0.025756537483014028f,-1.5051088003178537f,-0.5999296188024649f,0f,0f,0f,1f],start_interpolation:0}
execute if entity @s[tag=aj.attack.bone.left_bicep] run data modify entity @s {} merge value {transformation:[-1.5788933333333333f,-3.3084124432373565e-18f,1.9333036075526577e-16f,2.044845625f,0f,1.578662197866927f,0.027015237744799525f,-2.525893356460792f,-1.9335866668617615e-16f,0.027015237744799525f,-1.578662197866927f,-0.5382475904634367f,0f,0f,0f,1f],start_interpolation:0}
execute if entity @s[tag=aj.attack.bone.left_shoulder] run data modify entity @s {} merge value {transformation:[-1f,-2.095399589947404e-18f,1.224467522116329e-16f,1.795433125f,0f,0.9998536091947907f,0.01711023612200921f,-2.284285605792434f,-1.2246467991473532e-16f,0.01711023612200921f,-0.9998536091947907f,-0.5341130195374266f,0f,0f,0f,1f],start_interpolation:0}