execute if entity @s[tag=aj.attack.bone.right_thumb_2] run data modify entity @s {} merge value {transformation:[-0.9762960071199334f,0.21643961393810288f,1.2234812067540777e-16f,-1.84718375f,0.21623361138472555f,0.9753667896506382f,-0.04361938736533599f,-7.073424741234828f,-0.009440963361570005f,-0.04258543371779517f,-0.9990482215818578f,-0.09374841389870242f,0f,0f,0f,1f],start_interpolation:0}
execute if entity @s[tag=aj.attack.bone.right_thumb] run data modify entity @s {} merge value {transformation:[-1f,5.341834311772719e-18f,1.2234812067540777e-16f,-1.99476f,0f,0.9990482215818578f,-0.04361938736533599f,-6.787068798293097f,-1.2246467991473532e-16f,-0.04361938736533599f,-0.9990482215818578f,-0.1062509843749945f,0f,0f,0f,1f],start_interpolation:0}
execute if entity @s[tag=aj.attack.bone.right_fingers2] run data modify entity @s {} merge value {transformation:[-0.7933533402912352f,-0.6087614290087205f,1.2234812067540777e-16f,-2.114399333847494f,-0.6081820230187927f,0.792598243703985f,-0.04361938736533599f,-7.903308741794699f,0.026553800585006775f,-0.034605586667746685f,-0.9990482215818578f,-0.22654202230053083f,0f,0f,0f,1f],start_interpolation:0}
execute if entity @s[tag=aj.attack.bone.right_fingers] run data modify entity @s {} merge value {transformation:[-0.9659258262890683f,-0.25881904510252074f,1.2234812067540777e-16f,-2.19156125f,-0.258572706721188f,0.9650064789340802f,-0.04361938736533599f,-7.436133673677842f,0.011289528185853102f,-0.04213309278308515f,-0.9990482215818578f,-0.25507206684481315f,0f,0f,0f,1f],start_interpolation:0}
execute if entity @s[tag=aj.attack.locator_origin.right_hand] at @s on origin run tp @s ^-2 ^-7.46784 ^-0.2599 ~0 ~-2.5
execute if entity @s[tag=aj.attack.bone.right_hand] run data modify entity @s {} merge value {transformation:[-1f,5.341834311772719e-18f,1.2234812067540777e-16f,-2.25406125f,0f,0.9990482215818578f,-0.04361938736533599f,-6.733009986762419f,-1.2246467991473532e-16f,-0.04361938736533599f,-0.9990482215818578f,-0.31504897603787707f,0f,0f,0f,1f],start_interpolation:0}
execute if entity @s[tag=aj.attack.bone.right_forearm] run data modify entity @s {} merge value {transformation:[-1.505329166666667f,8.041218993012236e-18f,1.8417419453954438e-16f,-2.2109925f,0f,1.5038964268536337f,-0.06566153603317178f,-4.56393766425282f,-1.8434965456214864e-16f,-0.06566153603317178f,-1.5038964268536337f,-0.4043075362681139f,0f,0f,0f,1f],start_interpolation:0}
execute if entity @s[tag=aj.attack.bone.right_bicep] run data modify entity @s {} merge value {transformation:[-1.5788933333333333f,8.4341865826292e-18f,1.9317463208026348e-16f,-2.107345625f,0f,1.577390576734118f,-0.06887035991521323f,-2.2712542414161554f,-1.9335866668617615e-16f,-0.06887035991521323f,-1.577390576734118f,-0.564155122077276f,0f,0f,0f,1f],start_interpolation:0}
execute if entity @s[tag=aj.attack.bone.right_shoulder] run data modify entity @s {} merge value {transformation:[-1f,5.341834311772719e-18f,1.2234812067540777e-16f,-1.795433125f,0f,0.9990482215818578f,-0.04361938736533599f,-2.0298411071274227f,-1.2246467991473532e-16f,-0.04361938736533599f,-0.9990482215818578f,-0.5746954471508213f,0f,0f,0f,1f],start_interpolation:0}
execute if entity @s[tag=aj.attack.bone.left_thumb_2] run data modify entity @s {} merge value {transformation:[-0.9762960071199334f,-0.21643961393810288f,1.2234812067540777e-16f,1.86831875f,-0.21623361138472555f,0.9753667896506382f,-0.04361938736533599f,-6.972921397961979f,0.009440963361569766f,-0.042585433717795225f,-0.9990482215818578f,-0.13034982363557054f,0f,0f,0f,1f],start_interpolation:0}
execute if entity @s[tag=aj.attack.bone.left_thumb] run data modify entity @s {} merge value {transformation:[-1f,5.341834311772719e-18f,1.2234812067540777e-16f,2.015895f,0f,0.9990482215818578f,-0.04361938736533599f,-6.686565455020248f,-1.2246467991473532e-16f,-0.04361938736533599f,-0.9990482215818578f,-0.1428523941118626f,0f,0f,0f,1f],start_interpolation:0}
execute if entity @s[tag=aj.attack.bone.left_fingers2] run data modify entity @s {} merge value {transformation:[-0.7933533402912352f,0.6087614290087205f,1.2234812067540777e-16f,2.135534333847494f,0.6081820230187927f,0.792598243703985f,-0.04361938736533599f,-7.80280539852185f,-0.02655380058500697f,-0.03460558666774653f,-0.9990482215818578f,-0.2631434320373989f,0f,0f,0f,1f],start_interpolation:0}
execute if entity @s[tag=aj.attack.bone.left_fingers] run data modify entity @s {} merge value {transformation:[-0.9659258262890683f,0.25881904510252074f,1.2234812067540777e-16f,2.21269625f,0.258572706721188f,0.9650064789340802f,-0.04361938736533599f,-7.335630330404993f,-0.011289528185853338f,-0.04213309278308508f,-0.9990482215818578f,-0.2916734765816812f,0f,0f,0f,1f],start_interpolation:0}
execute if entity @s[tag=aj.attack.bone.left_hand] run data modify entity @s {} merge value {transformation:[-1f,5.341834311772719e-18f,1.2234812067540777e-16f,2.27519625f,0f,0.9990482215818578f,-0.04361938736533599f,-6.63250664348957f,-1.2246467991473532e-16f,-0.04361938736533599f,-0.9990482215818578f,-0.35165038577474506f,0f,0f,0f,1f],start_interpolation:0}
execute if entity @s[tag=aj.attack.bone.left_forearm] run data modify entity @s {} merge value {transformation:[-1.505329166666667f,8.041218993012236e-18f,1.8417419453954438e-16f,2.2321275f,0f,1.5038964268536337f,-0.06566153603317178f,-4.463434320979971f,-1.8434965456214864e-16f,-0.06566153603317178f,-1.5038964268536337f,-0.4409089460049818f,0f,0f,0f,1f],start_interpolation:0}
execute if entity @s[tag=aj.attack.bone.left_bicep] run data modify entity @s {} merge value {transformation:[-1.5788933333333333f,8.4341865826292e-18f,1.9317463208026348e-16f,2.044845625f,0f,1.577390576734118f,-0.06887035991521323f,-2.088198740081168f,-1.9335866668617615e-16f,-0.06887035991521323f,-1.577390576734118f,-0.5235726944638815f,0f,0f,0f,1f],start_interpolation:0}
execute if entity @s[tag=aj.attack.bone.left_shoulder] run data modify entity @s {} merge value {transformation:[-1f,5.341834311772719e-18f,1.2234812067540777e-16f,1.795433125f,0f,0.9990482215818578f,-0.04361938736533599f,-1.8467856057924352f,-1.2246467991473532e-16f,-0.04361938736533599f,-0.9990482215818578f,-0.5341130195374268f,0f,0f,0f,1f],start_interpolation:0}