execute if entity @s[tag=aj.attack.bone.right_thumb_2] run data modify entity @s {} merge value {transformation:[-0.9762960071199334f,0.21643961393810288f,1.2215380803898318e-16f,-1.84718375f,0.2158901903098465f,0.9738177172878445f,-0.07120729754926877f,-7.058210093432793f,-0.015412079991139471f,-0.06951940027515209f,-0.9974615384944574f,0.04542652520009417f,0f,0f,0f,1f],start_interpolation:0}
execute if entity @s[tag=aj.attack.bone.right_thumb] run data modify entity @s {} merge value {transformation:[-1f,8.72037890196451e-18f,1.2215380803898318e-16f,-1.99476f,0f,0.9974615384944574f,-0.07120729754926877f,-6.772308939481049f,-1.2246467991473532e-16f,-0.07120729754926877f,-0.9974615384944574f,0.025016466512669172f,0f,0f,0f,1f],start_interpolation:0}
execute if entity @s[tag=aj.attack.bone.right_fingers2] run data modify entity @s {} merge value {transformation:[-0.7933533402912352f,-0.6087614290087205f,1.2215380803898318e-16f,-2.114399333847494f,-0.6072161115551229f,0.7913394433766122f,-0.07120729754926877f,-7.8914464419538755f,0.043348256211941924f,-0.056492547363824336f,-0.9974615384944574f,-0.06438597099632105f,0f,0f,0f,1f],start_interpolation:0}
execute if entity @s[tag=aj.attack.bone.right_fingers] run data modify entity @s {} merge value {transformation:[-0.9659258262890683f,-0.25881904510252074f,1.2215380803898318e-16f,-2.19156125f,-0.2581620429196267f,0.9634738607618241f,-0.07120729754926877f,-7.425238053441088f,0.018429804756032692f,-0.06878096772308902f,-0.9974615384944574f,-0.10581357280958617f,0f,0f,0f,1f],start_interpolation:0}
execute if entity @s[tag=aj.attack.locator_origin.right_hand] at @s on origin run tp @s ^-2 ^-7.45707 ^-0.10976 ~0 ~-4.08333
execute if entity @s[tag=aj.attack.bone.right_hand] run data modify entity @s {} merge value {transformation:[-1f,8.72037890196451e-18f,1.2215380803898318e-16f,-2.25406125f,0f,0.9974615384944574f,-0.07120729754926877f,-6.724040036534655f,-1.2246467991473532e-16f,-0.07120729754926877f,-0.9974615384944574f,-0.18519549659817297f,0f,0f,0f,1f],start_interpolation:0}
execute if entity @s[tag=aj.attack.bone.right_forearm] run data modify entity @s {} merge value {transformation:[-1.505329166666667f,1.312704070551182e-17f,1.8388169006048257e-16f,-2.2109925f,0f,1.5015079465239132f,-0.10719042188042617f,-4.558262168091446f,-1.8434965456214864e-16f,-0.10719042188042617f,-1.5015079465239132f,-0.33435331708759264f,0f,0f,0f,1f],start_interpolation:0}
execute if entity @s[tag=aj.attack.bone.right_bicep] run data modify entity @s {} merge value {transformation:[-1.5788933333333333f,1.3768548112452416e-17f,1.9286783315403027e-16f,-2.107345625f,0f,1.5748853733853088f,-0.11242872738522347f,-2.2708708303565315f,-1.9335866668617615e-16f,-0.11242872738522347f,-1.5748853733853088f,-0.5574886932482112f,0f,0f,0f,1f],start_interpolation:0}
execute if entity @s[tag=aj.attack.bone.right_shoulder] run data modify entity @s {} merge value {transformation:[-1f,8.72037890196451e-18f,1.2215380803898318e-16f,-1.795433125f,0f,0.9974615384944574f,-0.07120729754926877f,-2.0298411071274227f,-1.2246467991473532e-16f,-0.07120729754926877f,-0.9974615384944574f,-0.5746954471508213f,0f,0f,0f,1f],start_interpolation:0}
execute if entity @s[tag=aj.attack.bone.left_thumb_2] run data modify entity @s {} merge value {transformation:[-0.9762960071199334f,-0.21643961393810288f,1.2215380803898318e-16f,1.86831875f,-0.2158901903098465f,0.9738177172878445f,-0.07120729754926877f,-6.959807887335116f,0.015412079991139232f,-0.06951940027515215f,-0.9974615384944574f,0.011135572000995558f,0f,0f,0f,1f],start_interpolation:0}
execute if entity @s[tag=aj.attack.bone.left_thumb] run data modify entity @s {} merge value {transformation:[-1f,8.72037890196451e-18f,1.2215380803898318e-16f,2.015895f,0f,0.9974615384944574f,-0.07120729754926877f,-6.673906733383372f,-1.2246467991473532e-16f,-0.07120729754926877f,-0.9974615384944574f,-0.009274486686429412f,0f,0f,0f,1f],start_interpolation:0}
execute if entity @s[tag=aj.attack.bone.left_fingers2] run data modify entity @s {} merge value {transformation:[-0.7933533402912352f,0.6087614290087205f,1.2215380803898318e-16f,2.135534333847494f,0.6072161115551229f,0.7913394433766122f,-0.07120729754926877f,-7.793044235856198f,-0.043348256211942125f,-0.056492547363824204f,-0.9974615384944574f,-0.0986769241954196f,0f,0f,0f,1f],start_interpolation:0}
execute if entity @s[tag=aj.attack.bone.left_fingers] run data modify entity @s {} merge value {transformation:[-0.9659258262890683f,0.25881904510252074f,1.2215380803898318e-16f,2.21269625f,0.2581620429196267f,0.9634738607618241f,-0.07120729754926877f,-7.3268358473434105f,-0.018429804756032928f,-0.06878096772308896f,-0.9974615384944574f,-0.14010452600868467f,0f,0f,0f,1f],start_interpolation:0}
execute if entity @s[tag=aj.attack.bone.left_hand] run data modify entity @s {} merge value {transformation:[-1f,8.72037890196451e-18f,1.2215380803898318e-16f,2.27519625f,0f,0.9974615384944574f,-0.07120729754926877f,-6.625637830436978f,-1.2246467991473532e-16f,-0.07120729754926877f,-0.9974615384944574f,-0.21948644979727147f,0f,0f,0f,1f],start_interpolation:0}
execute if entity @s[tag=aj.attack.bone.left_forearm] run data modify entity @s {} merge value {transformation:[-1.505329166666667f,1.312704070551182e-17f,1.8388169006048257e-16f,2.2321275f,0f,1.5015079465239132f,-0.10719042188042617f,-4.45985996199377f,-1.8434965456214864e-16f,-0.10719042188042617f,-1.5015079465239132f,-0.3686442702866911f,0f,0f,0f,1f],start_interpolation:0}
execute if entity @s[tag=aj.attack.bone.left_bicep] run data modify entity @s {} merge value {transformation:[-1.5788933333333333f,1.3768548112452416e-17f,1.9286783315403027e-16f,2.044845625f,0f,1.5748853733853088f,-0.11242872738522347f,-2.0878153290215438f,-1.9335866668617615e-16f,-0.11242872738522347f,-1.5748853733853088f,-0.5169062656348167f,0f,0f,0f,1f],start_interpolation:0}
execute if entity @s[tag=aj.attack.bone.left_shoulder] run data modify entity @s {} merge value {transformation:[-1f,8.72037890196451e-18f,1.2215380803898318e-16f,1.795433125f,0f,0.9974615384944574f,-0.07120729754926877f,-1.8467856057924352f,-1.2246467991473532e-16f,-0.07120729754926877f,-0.9974615384944574f,-0.5341130195374268f,0f,0f,0f,1f],start_interpolation:0}