execute if entity @s[tag=aj.attack.bone.right_thumb_2] run data modify entity @s {} merge value {transformation:[-0.9762960071199334f,0.21643961393810288f,1.2222525549232048e-16f,-1.84718375f,0.21601646393607046f,0.9743873008074412f,-0.06250020266963488f,-7.504836407621471f,-0.01352751973686908f,-0.0610186983105511f,-0.9980449512252715f,-0.060855137053949016f,0f,0f,0f,1f],start_interpolation:0}
execute if entity @s[tag=aj.attack.bone.right_thumb] run data modify entity @s {} merge value {transformation:[-1f,7.654067314542918e-18f,1.2222525549232048e-16f,-1.99476f,0f,0.9980449512252715f,-0.06250020266963488f,-7.2187680308079605f,-1.2246467991473532e-16f,-0.06250020266963488f,-0.9980449512252715f,-0.07876949201989314f,0f,0f,0f,1f],start_interpolation:0}
execute if entity @s[tag=aj.attack.bone.right_fingers2] run data modify entity @s {} merge value {transformation:[-0.7933533402912352f,-0.6087614290087205f,1.2222525549232048e-16f,-2.1143993338474933f,-0.6075712707228351f,0.7918022958153721f,-0.06250020266963488f,-8.337082746409358f,0.03804771269050149f,-0.04958474455683408f,-0.9980449512252715f,-0.17793471850089806f,0f,0f,0f,1f],start_interpolation:0}
execute if entity @s[tag=aj.attack.bone.right_fingers] run data modify entity @s {} merge value {transformation:[-0.9659258262890683f,-0.25881904510252074f,1.2222525549232048e-16f,-2.19156125f,-0.25831304124551663f,0.9640373941859033f,-0.06250020266963488f,-7.870530590245627f,0.0161762427736688f,-0.060370559906901336f,-0.9980449512252715f,-0.21529235882603087f,0f,0f,0f,1f],start_interpolation:0}
execute if entity @s[tag=aj.attack.locator_origin.consume] at @s on origin run tp @s ^-2 ^-7.90232 ^-0.21952 ~0 ~-3.58333
execute if entity @s[tag=aj.attack.bone.right_hand] run data modify entity @s {} merge value {transformation:[-1f,7.654067314542918e-18f,1.2222525549232048e-16f,-2.25406125f,0f,0.9980449512252715f,-0.06250020266963488f,-7.168666543635217f,-1.2246467991473532e-16f,-0.06250020266963488f,-0.9980449512252715f,-0.2885522306082762f,0f,0f,0f,1f],start_interpolation:0}
execute if entity @s[tag=aj.attack.bone.right_forearm] run data modify entity @s {} merge value {transformation:[-1.5053291666666664f,1.1521890772211459e-17f,1.8398924199587518e-16f,-2.2109925f,0f,1.5023861747238116f,-0.09408337800117923f,-5.0016695103615625f,-1.8434965456214856e-16f,-0.09408337800117923f,-1.5023861747238116f,-0.4188046341743744f,0f,0f,0f,1f],start_interpolation:0}
execute if entity @s[tag=aj.attack.bone.right_bicep] run data modify entity @s {} merge value {transformation:[-1.5788933333333333f,1.2084955855816382e-17f,1.9298064106178818e-16f,-2.107345625f,0f,1.575806519856573f,-0.09868115332706871f,-2.7124180706988215f,-1.9335866668617615e-16f,-0.09868115332706871f,-1.575806519856573f,-0.621970512316177f,0f,0f,0f,1f],start_interpolation:0}
execute if entity @s[tag=aj.attack.bone.right_shoulder] run data modify entity @s {} merge value {transformation:[-1f,7.654067314542918e-18f,1.2222525549232048e-16f,-1.795433125f,0f,0.9980449512252715f,-0.06250020266963488f,-2.4673411071274223f,-1.2246467991473532e-16f,-0.06250020266963488f,-0.9980449512252715f,-0.5746954471508213f,0f,0f,0f,1f],start_interpolation:0}
execute if entity @s[tag=aj.attack.bone.left_thumb_2] run data modify entity @s {} merge value {transformation:[-0.9762960071199334f,-0.21643961393810288f,1.2222525549232048e-16f,1.86831875f,-0.21601646393607046f,0.9743873008074412f,-0.06250020266963488f,-7.40187133030331f,0.01352751973686884f,-0.06101869831055116f,-0.9980449512252715f,-0.03350415983849408f,0f,0f,0f,1f],start_interpolation:0}
execute if entity @s[tag=aj.attack.bone.left_thumb] run data modify entity @s {} merge value {transformation:[-1f,7.654067314542918e-18f,1.2222525549232048e-16f,2.015895f,0f,0.9980449512252715f,-0.06250020266963488f,-7.1158029534897995f,-1.2246467991473532e-16f,-0.06250020266963488f,-0.9980449512252715f,-0.051418514804438153f,0f,0f,0f,1f],start_interpolation:0}
execute if entity @s[tag=aj.attack.bone.left_fingers2] run data modify entity @s {} merge value {transformation:[-0.7933533402912352f,0.6087614290087205f,1.2222525549232048e-16f,2.1355343338474935f,0.6075712707228351f,0.7918022958153721f,-0.06250020266963488f,-8.234117669091198f,-0.03804771269050168f,-0.049584744556833926f,-0.9980449512252715f,-0.15058374128544308f,0f,0f,0f,1f],start_interpolation:0}
execute if entity @s[tag=aj.attack.bone.left_fingers] run data modify entity @s {} merge value {transformation:[-0.9659258262890683f,0.25881904510252074f,1.2222525549232048e-16f,2.21269625f,0.25831304124551663f,0.9640373941859033f,-0.06250020266963488f,-7.767565512927465f,-0.016176242773669035f,-0.06037055990690127f,-0.9980449512252715f,-0.18794138161057583f,0f,0f,0f,1f],start_interpolation:0}
execute if entity @s[tag=aj.attack.bone.left_hand] run data modify entity @s {} merge value {transformation:[-1f,7.654067314542918e-18f,1.2222525549232048e-16f,2.27519625f,0f,0.9980449512252715f,-0.06250020266963488f,-7.065701466317055f,-1.2246467991473532e-16f,-0.06250020266963488f,-0.9980449512252715f,-0.26120125339282113f,0f,0f,0f,1f],start_interpolation:0}
execute if entity @s[tag=aj.attack.bone.left_forearm] run data modify entity @s {} merge value {transformation:[-1.505329166666667f,1.1521890772211465e-17f,1.8398924199587525e-16f,2.2321275f,0f,1.5023861747238123f,-0.09408337800117927f,-4.898704433043401f,-1.8434965456214864e-16f,-0.09408337800117927f,-1.5023861747238123f,-0.39145365695891937f,0f,0f,0f,1f],start_interpolation:0}
execute if entity @s[tag=aj.attack.bone.left_bicep] run data modify entity @s {} merge value {transformation:[-1.5788933333333333f,1.2084955855816382e-17f,1.9298064106178818e-16f,2.044845625f,0f,1.575806519856573f,-0.09868115332706871f,-2.5254563066969813f,-1.9335866668617615e-16f,-0.09868115332706871f,-1.575806519856573f,-0.5190102752512027f,0f,0f,0f,1f],start_interpolation:0}
execute if entity @s[tag=aj.attack.bone.left_shoulder] run data modify entity @s {} merge value {transformation:[-1f,7.654067314542918e-18f,1.2222525549232048e-16f,1.795433125f,0f,0.9980449512252715f,-0.06250020266963488f,-2.284285605792434f,-1.2246467991473532e-16f,-0.06250020266963488f,-0.9980449512252715f,-0.5341130195374266f,0f,0f,0f,1f],start_interpolation:0}