execute if entity @s[tag=aj.attack.bone.right_thumb_2] run data modify entity @s {} merge value {transformation:[-0.9762960071199334f,0.21643961393810288f,1.2241792226609505e-16f,-1.84718375f,0.21635697617326f,0.975923252251333f,0.02763086275063331f,-3.0323687368318835f,0.005980413266523661f,0.026975900976722228f,-0.9996181948242316f,-0.45410923997732594f,0f,0f,0f,1f],start_interpolation:0}
execute if entity @s[tag=aj.attack.bone.right_thumb] run data modify entity @s {} merge value {transformation:[-1f,-3.383804762524294e-18f,1.2241792226609505e-16f,-1.99476f,0f,0.9996181948242316f,0.02763086275063331f,-2.745849423172157f,-1.2246467991473532e-16f,0.02763086275063331f,-0.9996181948242316f,-0.44618944032569036f,0f,0f,0f,1f],start_interpolation:0}
execute if entity @s[tag=aj.attack.bone.right_fingers2] run data modify entity @s {} merge value {transformation:[-0.7933533402912352f,-0.6087614290087205f,1.2241792226609505e-16f,-2.114399333847494f,-0.6085290007443169f,0.793050433879699f,0.02763086275063331f,-3.8506902348161574f,-0.01682060349281946f,0.02192103725834353f,-0.9996181948242316f,-0.6456595538752884f,0f,0f,0f,1f],start_interpolation:0}
execute if entity @s[tag=aj.attack.bone.right_fingers] run data modify entity @s {} merge value {transformation:[-0.9659258262890683f,-0.25881904510252074f,1.2241792226609505e-16f,-2.19156125f,-0.2587202266515132f,0.9655570308091829f,0.02763086275063331f,-3.3826695252551056f,-0.007151393512477841f,0.02668936393348529f,-0.9996181948242316f,-0.6408509019167468f,0f,0f,0f,1f],start_interpolation:0}
execute if entity @s[tag=aj.attack.locator_origin.right_hand] at @s on origin run tp @s ^-2 ^-3.41395 ^-0.64792 ~0 ~1.58333
execute if entity @s[tag=aj.attack.bone.right_hand] run data modify entity @s {} merge value {transformation:[-1f,-3.383804762524294e-18f,1.2241792226609505e-16f,-2.25406125f,0f,0.9996181948242316f,0.02763086275063331f,-2.6770598971335566f,-1.2246467991473532e-16f,0.02763086275063331f,-0.9996181948242316f,-0.6506080244464773f,0f,0f,0f,1f],start_interpolation:0}
execute if entity @s[tag=aj.attack.bone.right_forearm] run data modify entity @s {} merge value {transformation:[-1.505329166666667f,-5.093740003333395e-18f,1.842792689098857e-16f,-2.2109925f,0f,1.5047544241995987f,0.04159354359869189f,-0.5071378203602519f,-1.8434965456214864e-16f,0.04159354359869189f,-1.5047544241995987f,-0.5851862269827052f,0f,0f,0f,1f],start_interpolation:0}
execute if entity @s[tag=aj.attack.bone.right_bicep] run data modify entity @s {} merge value {transformation:[-1.578893333333333f,-5.3426667808511896e-18f,1.9328484134645567e-16f,-2.107345625f,0f,1.5782905036866801f,0.043626184991223255f,1.7911080284683911f,-1.9335866668617613e-16f,0.043626184991223255f,-1.5782905036866801f,-0.5813722551723307f,0f,0f,0f,1f],start_interpolation:0}
execute if entity @s[tag=aj.attack.bone.right_shoulder] run data modify entity @s {} merge value {transformation:[-1f,-3.383804762524294e-18f,1.2241792226609505e-16f,-1.795433125f,0f,0.9996181948242316f,0.02763086275063331f,2.032658892872577f,-1.2246467991473532e-16f,0.02763086275063331f,-0.9996181948242316f,-0.5746954471508215f,0f,0f,0f,1f],start_interpolation:0}
execute if entity @s[tag=aj.attack.bone.left_thumb_2] run data modify entity @s {} merge value {transformation:[-0.9762960071199334f,-0.21643961393810288f,1.2241792226609505e-16f,1.86831875f,-0.21635697617326f,0.975923252251333f,0.02763086275063331f,-2.9261597856113997f,-0.005980413266523901f,0.026975900976722172f,-0.9996181948242316f,-0.49639303759669484f,0f,0f,0f,1f],start_interpolation:0}
execute if entity @s[tag=aj.attack.bone.left_thumb] run data modify entity @s {} merge value {transformation:[-1f,-3.383804762524294e-18f,1.2241792226609505e-16f,2.015895f,0f,0.9996181948242316f,0.02763086275063331f,-2.6396404719516733f,-1.2246467991473532e-16f,0.02763086275063331f,-0.9996181948242316f,-0.48847323794505926f,0f,0f,0f,1f],start_interpolation:0}
execute if entity @s[tag=aj.attack.bone.left_fingers2] run data modify entity @s {} merge value {transformation:[-0.7933533402912352f,0.6087614290087205f,1.2241792226609505e-16f,2.135534333847494f,0.6085290007443169f,0.793050433879699f,0.02763086275063331f,-3.7444812835956736f,0.016820603492819268f,0.021921037258343677f,-0.9996181948242316f,-0.6879433514946574f,0f,0f,0f,1f],start_interpolation:0}
execute if entity @s[tag=aj.attack.bone.left_fingers] run data modify entity @s {} merge value {transformation:[-0.9659258262890683f,0.25881904510252074f,1.2241792226609505e-16f,2.21269625f,0.2587202266515132f,0.9655570308091829f,0.02763086275063331f,-3.2764605740346218f,0.007151393512477605f,0.026689363933485352f,-0.9996181948242316f,-0.6831346995361156f,0f,0f,0f,1f],start_interpolation:0}
execute if entity @s[tag=aj.attack.bone.left_hand] run data modify entity @s {} merge value {transformation:[-1f,-3.383804762524294e-18f,1.2241792226609505e-16f,2.27519625f,0f,0.9996181948242316f,0.02763086275063331f,-2.570850945913073f,-1.2246467991473532e-16f,0.02763086275063331f,-0.9996181948242316f,-0.6928918220658461f,0f,0f,0f,1f],start_interpolation:0}
execute if entity @s[tag=aj.attack.bone.left_forearm] run data modify entity @s {} merge value {transformation:[-1.505329166666667f,-5.093740003333395e-18f,1.842792689098857e-16f,2.2321275f,0f,1.5047544241995987f,0.04159354359869189f,-0.40092886913976855f,-1.8434965456214864e-16f,0.04159354359869189f,-1.5047544241995987f,-0.627470024602074f,0f,0f,0f,1f],start_interpolation:0}
execute if entity @s[tag=aj.attack.bone.left_bicep] run data modify entity @s {} merge value {transformation:[-1.5788933333333335f,-5.342666780851191e-18f,1.9328484134645572e-16f,2.044845625f,0f,1.5782905036866806f,0.04362618499122327f,1.9741635298033793f,-1.9335866668617618e-16f,0.04362618499122327f,-1.5782905036866806f,-0.5407898275589358f,0f,0f,0f,1f],start_interpolation:0}
execute if entity @s[tag=aj.attack.bone.left_shoulder] run data modify entity @s {} merge value {transformation:[-1f,-3.383804762524294e-18f,1.2241792226609505e-16f,1.795433125f,0f,0.9996181948242316f,0.02763086275063331f,2.215714394207565f,-1.2246467991473532e-16f,0.02763086275063331f,-0.9996181948242316f,-0.5341130195374267f,0f,0f,0f,1f],start_interpolation:0}