execute if entity @s[tag=aj.attack.bone.right_thumb_2] run data modify entity @s {} merge value {transformation:[-0.9762960071199334f,0.21643961393810288f,1.2245057626302793e-16f,-1.84718375f,0.21641468765786606f,0.9761835719357045f,-0.015176193488402517f,-7.085067008756243f,-0.0032847294596799114f,-0.014816457106006884f,-0.9998848349441062f,-0.2374462714199451f,0f,0f,0f,1f],start_interpolation:0}
execute if entity @s[tag=aj.attack.bone.right_thumb] run data modify entity @s {} merge value {transformation:[-1f,1.8585476778813e-18f,1.2245057626302793e-16f,-1.99476f,0f,0.9998848349441062f,-0.015176193488402517f,-6.798471268372258f,-1.2246467991473532e-16f,-0.015176193488402517f,-0.9998848349441062f,-0.24179620478928407f,0f,0f,0f,1f],start_interpolation:0}
execute if entity @s[tag=aj.attack.bone.right_fingers2] run data modify entity @s {} merge value {transformation:[-0.7933533402912352f,-0.6087614290087205f,1.2245057626302793e-16f,-2.114399333847494f,-0.6086913209647229f,0.7932619737094571f,-0.015176193488402517f,-7.910836699080865f,0.009238681234912659f,-0.012040083796930303f,-0.9998848349441062f,-0.3937984871343823f,0f,0f,0f,1f],start_interpolation:0}
execute if entity @s[tag=aj.attack.bone.right_fingers] run data modify entity @s {} merge value {transformation:[-0.9659258262890683f,-0.25881904510252074f,1.2245057626302793e-16f,-2.19156125f,-0.25878923819272515f,0.9658145853872945f,-0.015176193488402517f,-7.4430390159725786f,0.003927887906959315f,-0.01465907723520801f,-0.9998848349441062f,-0.4090246288061168f,0f,0f,0f,1f],start_interpolation:0}
execute if entity @s[tag=aj.attack.locator_origin.right_hand] at @s on origin run tp @s ^-2 ^-7.47459 ^-0.41475 ~0 ~-0.86957
execute if entity @s[tag=aj.attack.bone.right_hand] run data modify entity @s {} merge value {transformation:[-1f,1.8585476778813e-18f,1.2245057626302793e-16f,-2.25406125f,0f,0.9998848349441062f,-0.015176193488402517f,-6.738493494130051f,-1.2246467991473532e-16f,-0.015176193488402517f,-0.9998848349441062f,-0.4489715484562208f,0f,0f,0f,1f],start_interpolation:0}
execute if entity @s[tag=aj.attack.bone.right_forearm] run data modify entity @s {} merge value {transformation:[-1.505329166666667f,2.797726027155326e-18f,1.84328423923877e-16f,-2.2109925f,0f,1.5051558053490492f,-0.02284516669706906f,-4.56775969760127f,-1.8434965456214864e-16f,-0.02284516669706906f,-1.5051558053490492f,-0.4764781923683397f,0f,0f,0f,1f],start_interpolation:0}
execute if entity @s[tag=aj.attack.bone.right_bicep] run data modify entity @s {} merge value {transformation:[-1.5788933333333333f,2.9344485382889315e-18f,1.933363985245197e-16f,-2.107345625f,0f,1.5787114999943495f,-0.023961590724215477f,-2.271456403283426f,-1.9335866668617615e-16f,-0.023961590724215477f,-1.5787114999943495f,-0.5710282243306791f,0f,0f,0f,1f],start_interpolation:0}
execute if entity @s[tag=aj.attack.bone.right_shoulder] run data modify entity @s {} merge value {transformation:[-1f,1.8585476778813e-18f,1.2245057626302793e-16f,-1.795433125f,0f,0.9998848349441062f,-0.015176193488402517f,-2.0298411071274227f,-1.2246467991473532e-16f,-0.015176193488402517f,-0.9998848349441062f,-0.5746954471508213f,0f,0f,0f,1f],start_interpolation:0}
execute if entity @s[tag=aj.attack.bone.left_thumb_2] run data modify entity @s {} merge value {transformation:[-0.9762960071199334f,-0.21643961393810288f,1.2245057626302793e-16f,1.86831875f,-0.21641468765786606f,0.9761835719357045f,-0.015176193488402517f,-6.982334161620266f,0.003284729459679672f,-0.014816457106006936f,-0.9998848349441062f,-0.2763652574496703f,0f,0f,0f,1f],start_interpolation:0}
execute if entity @s[tag=aj.attack.bone.left_thumb] run data modify entity @s {} merge value {transformation:[-1f,1.8585476778813e-18f,1.2245057626302793e-16f,2.015895f,0f,0.9998848349441062f,-0.015176193488402517f,-6.695738421236281f,-1.2246467991473532e-16f,-0.015176193488402517f,-0.9998848349441062f,-0.2807151908190092f,0f,0f,0f,1f],start_interpolation:0}
execute if entity @s[tag=aj.attack.bone.left_fingers2] run data modify entity @s {} merge value {transformation:[-0.7933533402912352f,0.6087614290087205f,1.2245057626302793e-16f,2.135534333847494f,0.6086913209647229f,0.7932619737094571f,-0.015176193488402517f,-7.808103851944888f,-0.009238681234912853f,-0.012040083796930156f,-0.9998848349441062f,-0.4327174731641074f,0f,0f,0f,1f],start_interpolation:0}
execute if entity @s[tag=aj.attack.bone.left_fingers] run data modify entity @s {} merge value {transformation:[-0.9659258262890683f,0.25881904510252074f,1.2245057626302793e-16f,2.21269625f,0.25878923819272515f,0.9658145853872945f,-0.015176193488402517f,-7.340306168836602f,-0.0039278879069595506f,-0.014659077235207948f,-0.9998848349441062f,-0.44794361483584183f,0f,0f,0f,1f],start_interpolation:0}
execute if entity @s[tag=aj.attack.bone.left_hand] run data modify entity @s {} merge value {transformation:[-1f,1.8585476778813e-18f,1.2245057626302793e-16f,2.27519625f,0f,0.9998848349441062f,-0.015176193488402517f,-6.635760646994074f,-1.2246467991473532e-16f,-0.015176193488402517f,-0.9998848349441062f,-0.4878905344859458f,0f,0f,0f,1f],start_interpolation:0}
execute if entity @s[tag=aj.attack.bone.left_forearm] run data modify entity @s {} merge value {transformation:[-1.505329166666667f,2.797726027155326e-18f,1.84328423923877e-16f,2.2321275f,0f,1.5051558053490492f,-0.02284516669706906f,-4.465026850465293f,-1.8434965456214864e-16f,-0.02284516669706906f,-1.5051558053490492f,-0.5153971783980648f,0f,0f,0f,1f],start_interpolation:0}
execute if entity @s[tag=aj.attack.bone.left_bicep] run data modify entity @s {} merge value {transformation:[-1.5788933333333333f,2.9344485382889315e-18f,1.933363985245197e-16f,2.044845625f,0f,1.5787114999943495f,-0.023961590724215477f,-2.0884009019484386f,-1.9335866668617615e-16f,-0.023961590724215477f,-1.5787114999943495f,-0.5304457967172845f,0f,0f,0f,1f],start_interpolation:0}
execute if entity @s[tag=aj.attack.bone.left_shoulder] run data modify entity @s {} merge value {transformation:[-1f,1.8585476778813e-18f,1.2245057626302793e-16f,1.795433125f,0f,0.9998848349441062f,-0.015176193488402517f,-1.8467856057924352f,-1.2246467991473532e-16f,-0.015176193488402517f,-0.9998848349441062f,-0.5341130195374268f,0f,0f,0f,1f],start_interpolation:0}