execute if entity @s[tag=aj.attack.bone.right_thumb_2] run data modify entity @s {} merge value {transformation:[-0.9762960071199334f,0.21643961393810288f,1.2235576064823038e-16f,-1.84718375f,0.21624711399437085f,0.9754276959867868f,-0.04216628500371139f,-3.01161891549872f,-0.00912645444740743f,-0.04116677568420453f,-0.9991106066942668f,-0.10108451505261049f,0f,0f,0f,1f],start_interpolation:0}
execute if entity @s[tag=aj.attack.bone.right_thumb] run data modify entity @s {} merge value {transformation:[-1f,5.1638805961730145e-18f,1.2235576064823038e-16f,-1.99476f,0f,0.9991106066942668f,-0.04216628500371139f,-2.7252450911902004f,-1.2246467991473532e-16f,-0.04216628500371139f,-0.9991106066942668f,-0.11317058461536805f,0f,0f,0f,1f],start_interpolation:0}
execute if entity @s[tag=aj.attack.bone.right_fingers2] run data modify entity @s {} merge value {transformation:[-0.7933533402912352f,-0.6087614290087205f,1.2235576064823038e-16f,-2.114399333847494f,-0.6082200006689716f,0.792647737141299f,-0.04216628500371139f,-3.8413088978847014f,0.025669207914848235f,-0.03345276305536672f,-0.9991106066942668f,-0.23508499992480925f,0f,0f,0f,1f],start_interpolation:0}
execute if entity @s[tag=aj.attack.bone.right_fingers] run data modify entity @s {} merge value {transformation:[-0.9659258262890683f,-0.25881904510252074f,1.2235576064823038e-16f,-2.19156125f,-0.2585888531764103f,0.965066738325332f,-0.04216628500371139f,-3.374092828645411f,0.010913437620181205f,-0.04072950368375031f,-0.9991106066942668f,-0.262935535938959f,0f,0f,0f,1f],start_interpolation:0}
execute if entity @s[tag=aj.attack.locator_origin.right_hand] at @s on origin run tp @s ^-2 ^-3.40579 ^-0.26781 ~0 ~-2.41667
execute if entity @s[tag=aj.attack.bone.right_hand] run data modify entity @s {} merge value {transformation:[-1f,5.1638805961730145e-18f,1.2235576064823038e-16f,-2.25406125f,0f,0.9991106066942668f,-0.04216628500371139f,-2.6708826525757137f,-1.2246467991473532e-16f,-0.04216628500371139f,-0.9991106066942668f,-0.32188973010626126f,0f,0f,0f,1f],start_interpolation:0}
execute if entity @s[tag=aj.attack.bone.right_forearm] run data modify entity @s {} merge value {transformation:[-1.505329166666667f,7.773340074603296e-18f,1.8418569521346682e-16f,-2.2109925f,0f,1.5039903369829086f,-0.06347413866606605f,-0.5016828030244516f,-1.8434965456214864e-16f,-0.06347413866606605f,-1.5039903369829086f,-0.4079934092282578f,0f,0f,0f,1f],start_interpolation:0}
execute if entity @s[tag=aj.attack.bone.right_bicep] run data modify entity @s {} merge value {transformation:[-1.578893333333333f,8.15321664742693e-18f,1.9318669478241993e-16f,-2.107345625f,0f,1.5774890761721996f,-0.06657606628379321f,1.791230683650329f,-1.9335866668617613e-16f,-0.06657606628379321f,-1.5774890761721996f,-0.5645062542728841f,0f,0f,0f,1f],start_interpolation:0}
execute if entity @s[tag=aj.attack.bone.right_shoulder] run data modify entity @s {} merge value {transformation:[-1f,5.1638805961730145e-18f,1.2235576064823038e-16f,-1.795433125f,0f,0.9991106066942668f,-0.04216628500371139f,2.032658892872577f,-1.2246467991473532e-16f,-0.04216628500371139f,-0.9991106066942668f,-0.5746954471508215f,0f,0f,0f,1f],start_interpolation:0}
execute if entity @s[tag=aj.attack.bone.left_thumb_2] run data modify entity @s {} merge value {transformation:[-0.9762960071199334f,-0.21643961393810288f,1.2235576064823038e-16f,1.86831875f,-0.21624711399437085f,0.9754276959867868f,-0.04216628500371139f,-2.911003225609175f,0.00912645444740719f,-0.041166775684204585f,-0.9991106066942668f,-0.1378059103567654f,0f,0f,0f,1f],start_interpolation:0}
execute if entity @s[tag=aj.attack.bone.left_thumb] run data modify entity @s {} merge value {transformation:[-1f,5.1638805961730145e-18f,1.2235576064823038e-16f,2.015895f,0f,0.9991106066942668f,-0.04216628500371139f,-2.6246294013006555f,-1.2246467991473532e-16f,-0.04216628500371139f,-0.9991106066942668f,-0.14989197991952294f,0f,0f,0f,1f],start_interpolation:0}
execute if entity @s[tag=aj.attack.bone.left_fingers2] run data modify entity @s {} merge value {transformation:[-0.7933533402912352f,0.6087614290087205f,1.2235576064823038e-16f,2.135534333847494f,0.6082200006689716f,0.792647737141299f,-0.04216628500371139f,-3.7406932079951565f,-0.025669207914848426f,-0.03345276305536657f,-0.9991106066942668f,-0.2718063952289641f,0f,0f,0f,1f],start_interpolation:0}
execute if entity @s[tag=aj.attack.bone.left_fingers] run data modify entity @s {} merge value {transformation:[-0.9659258262890683f,0.25881904510252074f,1.2235576064823038e-16f,2.21269625f,0.2585888531764103f,0.965066738325332f,-0.04216628500371139f,-3.273477138755866f,-0.01091343762018144f,-0.04072950368375024f,-0.9991106066942668f,-0.2996569312431138f,0f,0f,0f,1f],start_interpolation:0}
execute if entity @s[tag=aj.attack.bone.left_hand] run data modify entity @s {} merge value {transformation:[-1f,5.1638805961730145e-18f,1.2235576064823038e-16f,2.27519625f,0f,0.9991106066942668f,-0.04216628500371139f,-2.5702669626861687f,-1.2246467991473532e-16f,-0.04216628500371139f,-0.9991106066942668f,-0.35861112541041607f,0f,0f,0f,1f],start_interpolation:0}
execute if entity @s[tag=aj.attack.bone.left_forearm] run data modify entity @s {} merge value {transformation:[-1.505329166666667f,7.773340074603296e-18f,1.8418569521346682e-16f,2.2321275f,0f,1.5039903369829086f,-0.06347413866606605f,-0.40106711313490706f,-1.8434965456214864e-16f,-0.06347413866606605f,-1.5039903369829086f,-0.4447148045324125f,0f,0f,0f,1f],start_interpolation:0}
execute if entity @s[tag=aj.attack.bone.left_bicep] run data modify entity @s {} merge value {transformation:[-1.5788933333333335f,8.153216647426932e-18f,1.9318669478241998e-16f,2.044845625f,0f,1.5774890761722f,-0.06657606628379323f,1.974286184985317f,-1.9335866668617618e-16f,-0.06657606628379323f,-1.5774890761722f,-0.5239238266594892f,0f,0f,0f,1f],start_interpolation:0}
execute if entity @s[tag=aj.attack.bone.left_shoulder] run data modify entity @s {} merge value {transformation:[-1f,5.1638805961730145e-18f,1.2235576064823038e-16f,1.795433125f,0f,0.9991106066942668f,-0.04216628500371139f,2.215714394207565f,-1.2246467991473532e-16f,-0.04216628500371139f,-0.9991106066942668f,-0.5341130195374267f,0f,0f,0f,1f],start_interpolation:0}