execute if entity @s[tag=aj.attack.bone.right_thumb_2] run data modify entity @s {} merge value {transformation:[-0.9762960071199334f,0.21643961393810288f,1.2237677273826707e-16f,-1.84718375f,0.21628424999683896f,0.9755952056689118f,0.03788294971538622f,-7.095839178138931f,0.008199371011234639f,0.03698497254505681f,-0.9992821834301167f,-0.5060698867688344f,0f,0f,0f,1f],start_interpolation:0}
execute if entity @s[tag=aj.attack.bone.right_thumb] run data modify entity @s {} merge value {transformation:[-1f,-4.639323311120787e-18f,1.2237677273826707e-16f,-1.99476f,0f,0.9992821834301167f,0.03788294971538622f,-6.809416175005086f,-1.2246467991473532e-16f,0.03788294971538622f,-0.9992821834301167f,-0.4952115442456003f,0f,0f,0f,1f],start_interpolation:0}
execute if entity @s[tag=aj.attack.bone.right_fingers2] run data modify entity @s {} merge value {transformation:[-0.7933533402912352f,-0.6087614290087205f,1.2237677273826707e-16f,-2.114399333847494f,-0.6083244499678723f,0.7927838581178018f,0.03788294971538622f,-7.912152805870964f,-0.023061678603804116f,0.030054564696786478f,-0.9992821834301167f,-0.7060040209145665f,0f,0f,0f,1f],start_interpolation:0}
execute if entity @s[tag=aj.attack.bone.right_fingers] run data modify entity @s {} merge value {transformation:[-0.9659258262890683f,-0.25881904510252074f,1.2237677273826707e-16f,-2.19156125f,-0.2586332605033448f,0.9652324687256798f,0.03788294971538622f,-7.444206042996519f,-0.00980482887100319f,0.036592119506101625f,-0.9992821834301167f,-0.6963949196550103f,0f,0f,0f,1f],start_interpolation:0}
execute if entity @s[tag=aj.attack.locator_origin.right_hand] at @s on origin run tp @s ^-2 ^-7.47541 ^-0.70379 ~0 ~2.17105
execute if entity @s[tag=aj.attack.bone.right_hand] run data modify entity @s {} merge value {transformation:[-1f,-4.639323311120787e-18f,1.2237677273826707e-16f,-2.25406125f,0f,0.9992821834301167f,0.03788294971538622f,-6.738533453094906f,-1.2246467991473532e-16f,0.03788294971538622f,-0.9992821834301167f,-0.6989137684876703f,0f,0f,0f,1f],start_interpolation:0}
execute if entity @s[tag=aj.attack.bone.right_forearm] run data modify entity @s {} merge value {transformation:[-1.505329166666667f,-6.983708693826696e-18f,1.8421732532545167e-16f,-2.2109925f,0f,1.5042486164477051f,0.05702630912593759f,-4.569396595230189f,-1.8434965456214864e-16f,0.05702630912593759f,-1.5042486164477051f,-0.6112375305189913f,0f,0f,0f,1f],start_interpolation:0}
execute if entity @s[tag=aj.attack.bone.right_bicep] run data modify entity @s {} merge value {transformation:[-1.5788933333333333f,-7.324996647106535e-18f,1.9321987063129828e-16f,-2.107345625f,0f,1.5777599775365883f,0.0598131367526252f,-2.2713107766882996f,-1.9335866668617615e-16f,0.0598131367526252f,-1.5777599775365883f,-0.5838496015042651f,0f,0f,0f,1f],start_interpolation:0}
execute if entity @s[tag=aj.attack.bone.right_shoulder] run data modify entity @s {} merge value {transformation:[-1f,-4.639323311120787e-18f,1.2237677273826707e-16f,-1.795433125f,0f,0.9992821834301167f,0.03788294971538622f,-2.0298411071274227f,-1.2246467991473532e-16f,0.03788294971538622f,-0.9992821834301167f,-0.5746954471508213f,0f,0f,0f,1f],start_interpolation:0}
execute if entity @s[tag=aj.attack.bone.left_thumb_2] run data modify entity @s {} merge value {transformation:[-0.9762960071199334f,-0.21643961393810288f,1.2237677273826707e-16f,1.86831875f,-0.21628424999683896f,0.9755952056689118f,0.03788294971538622f,-6.988776187353061f,-0.008199371011234878f,0.036984972545056755f,-0.9992821834301167f,-0.5491375750505803f,0f,0f,0f,1f],start_interpolation:0}
execute if entity @s[tag=aj.attack.bone.left_thumb] run data modify entity @s {} merge value {transformation:[-1f,-4.639323311120787e-18f,1.2237677273826707e-16f,2.015895f,0f,0.9992821834301167f,0.03788294971538622f,-6.702353184219215f,-1.2246467991473532e-16f,0.03788294971538622f,-0.9992821834301167f,-0.5382792325273462f,0f,0f,0f,1f],start_interpolation:0}
execute if entity @s[tag=aj.attack.bone.left_fingers2] run data modify entity @s {} merge value {transformation:[-0.7933533402912352f,0.6087614290087205f,1.2237677273826707e-16f,2.135534333847494f,0.6083244499678723f,0.7927838581178018f,0.03788294971538622f,-7.805089815085093f,0.023061678603803926f,0.03005456469678663f,-0.9992821834301167f,-0.7490717091963123f,0f,0f,0f,1f],start_interpolation:0}
execute if entity @s[tag=aj.attack.bone.left_fingers] run data modify entity @s {} merge value {transformation:[-0.9659258262890683f,0.25881904510252074f,1.2237677273826707e-16f,2.21269625f,0.2586332605033448f,0.9652324687256798f,0.03788294971538622f,-7.337143052210648f,0.009804828871002954f,0.036592119506101695f,-0.9992821834301167f,-0.7394626079367561f,0f,0f,0f,1f],start_interpolation:0}
execute if entity @s[tag=aj.attack.bone.left_hand] run data modify entity @s {} merge value {transformation:[-1f,-4.639323311120787e-18f,1.2237677273826707e-16f,2.27519625f,0f,0.9992821834301167f,0.03788294971538622f,-6.631470462309036f,-1.2246467991473532e-16f,0.03788294971538622f,-0.9992821834301167f,-0.7419814567694161f,0f,0f,0f,1f],start_interpolation:0}
execute if entity @s[tag=aj.attack.bone.left_forearm] run data modify entity @s {} merge value {transformation:[-1.505329166666667f,-6.983708693826696e-18f,1.8421732532545167e-16f,2.2321275f,0f,1.5042486164477051f,0.05702630912593759f,-4.462333604444319f,-1.8434965456214864e-16f,0.05702630912593759f,-1.5042486164477051f,-0.6543052188007371f,0f,0f,0f,1f],start_interpolation:0}
execute if entity @s[tag=aj.attack.bone.left_bicep] run data modify entity @s {} merge value {transformation:[-1.5788933333333333f,-7.324996647106535e-18f,1.9321987063129828e-16f,2.044845625f,0f,1.5777599775365883f,0.0598131367526252f,-2.088255275353312f,-1.9335866668617615e-16f,0.0598131367526252f,-1.5777599775365883f,-0.5432671738908706f,0f,0f,0f,1f],start_interpolation:0}
execute if entity @s[tag=aj.attack.bone.left_shoulder] run data modify entity @s {} merge value {transformation:[-1f,-4.639323311120787e-18f,1.2237677273826707e-16f,1.795433125f,0f,0.9992821834301167f,0.03788294971538622f,-1.8467856057924352f,-1.2246467991473532e-16f,0.03788294971538622f,-0.9992821834301167f,-0.5341130195374268f,0f,0f,0f,1f],start_interpolation:0}