execute if entity @s[tag=aj.attack.bone.right_thumb_2] run data modify entity @s {} merge value {transformation:[-0.9762960071199334f,0.21643961393810288f,1.2207305810022597e-16f,-1.84718375f,0.21574747580977757f,0.9731739737787877f,-0.07990896971750394f,-7.495101422751879f,-0.017295466555848224f,-0.07801480806826674f,-0.9968021652056576f,0.026983017988109287f,0f,0f,0f,1f],start_interpolation:0}
execute if entity @s[tag=aj.attack.bone.right_thumb] run data modify entity @s {} merge value {transformation:[-1f,9.786026398770389e-18f,1.2207305810022597e-16f,-1.99476f,0f,0.9968021652056576f,-0.07990896971750394f,-7.209389264141688f,-1.2246467991473532e-16f,-0.07990896971750394f,-0.9968021652056576f,0.004078809884193263f,0f,0f,0f,1f],start_interpolation:0}
execute if entity @s[tag=aj.attack.bone.right_fingers2] run data modify entity @s {} merge value {transformation:[-0.7933533402912352f,-0.6087614290087205f,1.2207305810022597e-16f,-2.1143993338474933f,-0.6068147105295829f,0.790816327375444f,-0.07990896971750394f,-8.329264326832211f,0.04864549859584218f,-0.06339604804461299f,-0.9968021652056576f,-0.07555403031103039f,0f,0f,0f,1f],start_interpolation:0}
execute if entity @s[tag=aj.attack.bone.right_fingers] run data modify entity @s {} merge value {transformation:[-0.9659258262890683f,-0.25881904510252074f,1.2207305810022597e-16f,-2.19156125f,-0.2579913845546534f,0.9628369550730072f,-0.07990896971750394f,-7.863435209544152f,0.0206819632374105f,-0.07718613760228817f,-0.9968021652056576f,-0.12104843874015628f,0f,0f,0f,1f],start_interpolation:0}
execute if entity @s[tag=aj.attack.locator_origin.right_hand] at @s on origin run tp @s ^-2 ^-7.8953 ^-0.12472 ~0 ~-4.58333
execute if entity @s[tag=aj.attack.bone.right_hand] run data modify entity @s {} merge value {transformation:[-1f,9.786026398770389e-18f,1.2207305810022597e-16f,-2.25406125f,0f,0.9968021652056576f,-0.07990896971750394f,-7.162956621285483f,-1.2246467991473532e-16f,-0.07990896971750394f,-0.9968021652056576f,-0.20654636929424833f,0f,0f,0f,1f],start_interpolation:0}
execute if entity @s[tag=aj.attack.bone.right_forearm] run data modify entity @s {} merge value {transformation:[-1.5053291666666664f,1.473119096383903e-17f,1.837601348224647e-16f,-2.2109925f,0f,1.5005153726805611f,-0.12028930279404208f,-4.998562850042552f,-1.8434965456214856e-16f,-0.12028930279404208f,-1.5005153726805611f,-0.374598247761471f,0f,0f,0f,1f],start_interpolation:0}
execute if entity @s[tag=aj.attack.bone.right_bicep] run data modify entity @s {} merge value {transformation:[-1.5788933333333333f,1.5451091840842576e-17f,1.9274033761405944e-16f,-2.107345625f,0f,1.5738442932954446f,-0.12616773956050217f,-2.7132058079418275f,-1.9335866668617615e-16f,-0.12616773956050217f,-1.5738442932954446f,-0.617686129318107f,0f,0f,0f,1f],start_interpolation:0}
execute if entity @s[tag=aj.attack.bone.right_shoulder] run data modify entity @s {} merge value {transformation:[-1f,9.786026398770389e-18f,1.2207305810022597e-16f,-1.795433125f,0f,0.9968021652056576f,-0.07990896971750394f,-2.4673411071274223f,-1.2246467991473532e-16f,-0.07990896971750394f,-0.9968021652056576f,-0.5746954471508213f,0f,0f,0f,1f],start_interpolation:0}
execute if entity @s[tag=aj.attack.bone.left_thumb_2] run data modify entity @s {} merge value {transformation:[-0.9762960071199334f,-0.21643961393810288f,1.2207305810022597e-16f,1.86831875f,-0.21574747580977757f,0.9731739737787877f,-0.07990896971750394f,-7.392355067924313f,0.017295466555847988f,-0.0780148080682668f,-0.9968021652056576f,0.05573378104922383f,0f,0f,0f,1f],start_interpolation:0}
execute if entity @s[tag=aj.attack.bone.left_thumb] run data modify entity @s {} merge value {transformation:[-1f,9.786026398770389e-18f,1.2207305810022597e-16f,2.015895f,0f,0.9968021652056576f,-0.07990896971750394f,-7.106642909314122f,-1.2246467991473532e-16f,-0.07990896971750394f,-0.9968021652056576f,0.03282957294530786f,0f,0f,0f,1f],start_interpolation:0}
execute if entity @s[tag=aj.attack.bone.left_fingers2] run data modify entity @s {} merge value {transformation:[-0.7933533402912352f,0.6087614290087205f,1.2207305810022597e-16f,2.1355343338474935f,0.6068147105295829f,0.790816327375444f,-0.07990896971750394f,-8.226517972004645f,-0.04864549859584238f,-0.06339604804461285f,-0.9968021652056576f,-0.04680326724991579f,0f,0f,0f,1f],start_interpolation:0}
execute if entity @s[tag=aj.attack.bone.left_fingers] run data modify entity @s {} merge value {transformation:[-0.9659258262890683f,0.25881904510252074f,1.2207305810022597e-16f,2.21269625f,0.2579913845546534f,0.9628369550730072f,-0.07990896971750394f,-7.7606888547165855f,-0.020681963237410735f,-0.07718613760228811f,-0.9968021652056576f,-0.09229767567904164f,0f,0f,0f,1f],start_interpolation:0}
execute if entity @s[tag=aj.attack.bone.left_hand] run data modify entity @s {} merge value {transformation:[-1f,9.786026398770389e-18f,1.2207305810022597e-16f,2.27519625f,0f,0.9968021652056576f,-0.07990896971750394f,-7.060210266457917f,-1.2246467991473532e-16f,-0.07990896971750394f,-0.9968021652056576f,-0.1777956062331337f,0f,0f,0f,1f],start_interpolation:0}
execute if entity @s[tag=aj.attack.bone.left_forearm] run data modify entity @s {} merge value {transformation:[-1.505329166666667f,1.4731190963839036e-17f,1.8376013482246478e-16f,2.2321275f,0f,1.5005153726805618f,-0.12028930279404214f,-4.8958164952149845f,-1.8434965456214864e-16f,-0.12028930279404214f,-1.5005153726805618f,-0.34584748470035637f,0f,0f,0f,1f],start_interpolation:0}
execute if entity @s[tag=aj.attack.bone.left_bicep] run data modify entity @s {} merge value {transformation:[-1.5788933333333333f,1.5451091840842576e-17f,1.9274033761405944e-16f,2.044845625f,0f,1.5738442932954446f,-0.12616773956050217f,-2.5251559959994956f,-1.9335866668617615e-16f,-0.12616773956050217f,-1.5738442932954446f,-0.5148035663793585f,0f,0f,0f,1f],start_interpolation:0}
execute if entity @s[tag=aj.attack.bone.left_shoulder] run data modify entity @s {} merge value {transformation:[-1f,9.786026398770389e-18f,1.2207305810022597e-16f,1.795433125f,0f,0.9968021652056576f,-0.07990896971750394f,-2.284285605792434f,-1.2246467991473532e-16f,-0.07990896971750394f,-0.9968021652056576f,-0.5341130195374266f,0f,0f,0f,1f],start_interpolation:0}