execute if entity @s[tag=aj.attack.bone.right_thumb_2] run data modify entity @s {} merge value {transformation:[-0.9762960071199334f,0.21643961393810288f,1.2221001612663403e-16f,-1.84718375f,0.2159895304363207f,0.9742658116410864f,0.0644565823576829f,-7.095871645560971f,0.0139509578012663f,0.06292870398840297f,-0.9979205123609631f,-0.6408808434914751f,0f,0f,0f,1f],start_interpolation:0}
execute if entity @s[tag=aj.attack.bone.right_thumb] run data modify entity @s {} merge value {transformation:[-1f,-7.893654726831411e-18f,1.2221001612663403e-16f,-1.99476f,0f,0.9979205123609631f,0.0644565823576829f,-6.8098389365035885f,-1.2246467991473532e-16f,0.0644565823576829f,-0.9979205123609631f,-0.6224057338610204f,0f,0f,0f,1f],start_interpolation:0}
execute if entity @s[tag=aj.attack.bone.right_fingers2] run data modify entity @s {} merge value {transformation:[-0.7933533402912352f,-0.6087614290087205f,1.2221001612663403e-16f,-2.114399333847494f,-0.6074955171419745f,0.7917035718267109f,0.0644565823576829f,-7.906576817413362f,-0.03923868118508142f,0.051136844917224755f,-0.9979205123609631f,-0.8624631558483535f,0f,0f,0f,1f],start_interpolation:0}
execute if entity @s[tag=aj.attack.bone.right_fingers] run data modify entity @s {} merge value {transformation:[-0.9659258262890683f,-0.25881904510252074f,1.2221001612663403e-16f,-2.19156125f,-0.2582808340974827f,0.9639171954730738f,0.0644565823576829f,-7.439051371634378f,-0.01668259109638759f,0.0622602775736142f,-0.9979205123609631f,-0.8404071983572181f,0f,0f,0f,1f],start_interpolation:0}
execute if entity @s[tag=aj.attack.locator_origin.right_hand] at @s on origin run tp @s ^-2 ^-7.47005 ^-0.84863 ~0 ~3.69565
execute if entity @s[tag=aj.attack.bone.right_hand] run data modify entity @s {} merge value {transformation:[-1f,-7.893654726831411e-18f,1.2221001612663403e-16f,-2.25406125f,0f,0.9979205123609631f,0.0644565823576829f,-6.73356157724975f,-1.2246467991473532e-16f,0.0644565823576829f,-0.9979205123609631f,-0.8241499305354808f,0f,0f,0f,1f],start_interpolation:0}
execute if entity @s[tag=aj.attack.bone.right_forearm] run data modify entity @s {} merge value {transformation:[-1.505329166666667f,-1.1882548691895526e-17f,1.8396630173422593e-16f,-2.2109925f,0f,1.502198853271902f,0.09702837340667218f,-4.56752533337272f,-1.8434965456214864e-16f,0.09702837340667218f,-1.502198853271902f,-0.6787923677372154f,0f,0f,0f,1f],start_interpolation:0}
execute if entity @s[tag=aj.attack.bone.right_bicep] run data modify entity @s {} merge value {transformation:[-1.5788933333333333f,-1.2463238823829268e-17f,1.9295657972890162e-16f,-2.107345625f,0f,1.575610044163309f,0.10177006817399646f,-2.270981738235927f,-1.9335866668617615e-16f,0.10177006817399646f,-1.575610044163309f,-0.5902709371385517f,0f,0f,0f,1f],start_interpolation:0}
execute if entity @s[tag=aj.attack.bone.right_shoulder] run data modify entity @s {} merge value {transformation:[-1f,-7.893654726831411e-18f,1.2221001612663403e-16f,-1.795433125f,0f,0.9979205123609631f,0.0644565823576829f,-2.0298411071274227f,-1.2246467991473532e-16f,0.0644565823576829f,-0.9979205123609631f,-0.5746954471508213f,0f,0f,0f,1f],start_interpolation:0}
execute if entity @s[tag=aj.attack.bone.left_thumb_2] run data modify entity @s {} merge value {transformation:[-0.9762960071199334f,-0.21643961393810288f,1.2221001612663403e-16f,1.86831875f,-0.2159895304363207f,0.9742658116410864f,0.0644565823576829f,-6.986556146124441f,-0.01395095780126654f,0.06292870398840292f,-0.9979205123609631f,-0.6859407866348709f,0f,0f,0f,1f],start_interpolation:0}
execute if entity @s[tag=aj.attack.bone.left_thumb] run data modify entity @s {} merge value {transformation:[-1f,-7.893654726831411e-18f,1.2221001612663403e-16f,2.015895f,0f,0.9979205123609631f,0.0644565823576829f,-6.7005234370670586f,-1.2246467991473532e-16f,0.0644565823576829f,-0.9979205123609631f,-0.6674656770044162f,0f,0f,0f,1f],start_interpolation:0}
execute if entity @s[tag=aj.attack.bone.left_fingers2] run data modify entity @s {} merge value {transformation:[-0.7933533402912352f,0.6087614290087205f,1.2221001612663403e-16f,2.135534333847494f,0.6074955171419745f,0.7917035718267109f,0.0644565823576829f,-7.797261317976832f,0.03923868118508123f,0.05113684491722491f,-0.9979205123609631f,-0.9075230989917492f,0f,0f,0f,1f],start_interpolation:0}
execute if entity @s[tag=aj.attack.bone.left_fingers] run data modify entity @s {} merge value {transformation:[-0.9659258262890683f,0.25881904510252074f,1.2221001612663403e-16f,2.21269625f,0.2582808340974827f,0.9639171954730738f,0.0644565823576829f,-7.329735872197848f,0.016682591096387353f,0.06226027757361427f,-0.9979205123609631f,-0.8854671415006138f,0f,0f,0f,1f],start_interpolation:0}
execute if entity @s[tag=aj.attack.bone.left_hand] run data modify entity @s {} merge value {transformation:[-1f,-7.893654726831411e-18f,1.2221001612663403e-16f,2.27519625f,0f,0.9979205123609631f,0.0644565823576829f,-6.62424607781322f,-1.2246467991473532e-16f,0.0644565823576829f,-0.9979205123609631f,-0.8692098736788765f,0f,0f,0f,1f],start_interpolation:0}
execute if entity @s[tag=aj.attack.bone.left_forearm] run data modify entity @s {} merge value {transformation:[-1.505329166666667f,-1.1882548691895526e-17f,1.8396630173422593e-16f,2.2321275f,0f,1.502198853271902f,0.09702837340667218f,-4.458209833936191f,-1.8434965456214864e-16f,0.09702837340667218f,-1.502198853271902f,-0.7238523108806111f,0f,0f,0f,1f],start_interpolation:0}
execute if entity @s[tag=aj.attack.bone.left_bicep] run data modify entity @s {} merge value {transformation:[-1.5788933333333333f,-1.2463238823829268e-17f,1.9295657972890162e-16f,2.044845625f,0f,1.575610044163309f,0.10177006817399646f,-2.0879262369009397f,-1.9335866668617615e-16f,0.10177006817399646f,-1.575610044163309f,-0.5496885095251572f,0f,0f,0f,1f],start_interpolation:0}
execute if entity @s[tag=aj.attack.bone.left_shoulder] run data modify entity @s {} merge value {transformation:[-1f,-7.893654726831411e-18f,1.2221001612663403e-16f,1.795433125f,0f,0.9979205123609631f,0.0644565823576829f,-1.8467856057924352f,-1.2246467991473532e-16f,0.0644565823576829f,-0.9979205123609631f,-0.5341130195374268f,0f,0f,0f,1f],start_interpolation:0}