execute if entity @s[tag=aj.attack.bone.right_thumb_2] run data modify entity @s {} merge value {transformation:[-0.9762960071199334f,0.21643961393810288f,1.224181809360801e-16f,-1.84718375f,0.21635743333716836f,0.975925314384462f,0.027554342368161983f,-3.0323594911744767f,0.005963851224483171f,0.02690119443285218f,-0.9996203070249514f,-0.45372151485363144f,0f,0f,0f,1f],start_interpolation:0}
execute if entity @s[tag=aj.attack.bone.right_thumb] run data modify entity @s {} merge value {transformation:[-1f,-3.3744337183779926e-18f,1.224181809360801e-16f,-1.99476f,0f,0.9996203070249514f,0.027554342368161983f,-2.7458395720972986f,-1.2246467991473532e-16f,0.027554342368161983f,-0.9996203070249514f,-0.4458236481435731f,0f,0f,0f,1f],start_interpolation:0}
execute if entity @s[tag=aj.attack.bone.right_fingers2] run data modify entity @s {} merge value {transformation:[-0.7933533402912352f,-0.6087614290087205f,1.224181809360801e-16f,-2.114399333847494f,-0.6085302865706455f,0.7930521096011953f,0.027554342368161983f,-3.850695649847356f,-0.01677402083543792f,0.02186032955730954f,-0.9996203070249514f,-0.6452091860655179f,0f,0f,0f,1f],start_interpolation:0}
execute if entity @s[tag=aj.attack.bone.right_fingers] run data modify entity @s {} merge value {transformation:[-0.9659258262890683f,-0.25881904510252074f,1.224181809360801e-16f,-2.19156125f,-0.2587207733292865f,0.9655590710384083f,0.027554342368161983f,-3.3826745735575248f,-0.007131588580155732f,0.026615450919818717f,-0.9996203070249514f,-0.6404363608857204f,0f,0f,0f,1f],start_interpolation:0}
execute if entity @s[tag=aj.attack.locator_origin.right_hand] at @s on origin run tp @s ^-2 ^-3.41396 ^-0.64751 ~0 ~1.57895
execute if entity @s[tag=aj.attack.bone.right_hand] run data modify entity @s {} merge value {transformation:[-1f,-3.3744337183779926e-18f,1.224181809360801e-16f,-2.25406125f,0f,0.9996203070249514f,0.027554342368161983f,-2.6770656944064815f,-1.2246467991473532e-16f,0.027554342368161983f,-0.9996203070249514f,-0.6502474974712164f,0f,0f,0f,1f],start_interpolation:0}
execute if entity @s[tag=aj.attack.bone.right_forearm] run data modify entity @s {} merge value {transformation:[-1.505329166666667f,-5.0796334972578464e-18f,1.8427965829335874e-16f,-2.2109925f,0f,1.504757603756948f,0.04147835523511331f,-0.5071386159831135f,-1.8434965456214864e-16f,0.04147835523511331f,-1.504757603756948f,-0.5849918067110298f,0f,0f,0f,1f],start_interpolation:0}
execute if entity @s[tag=aj.attack.bone.right_bicep] run data modify entity @s {} merge value {transformation:[-1.578893333333333f,-5.327870901722223e-18f,1.932852497587706e-16f,-2.107345625f,0f,1.5782938386263152f,0.043505367469475156f,1.7911075180696086f,-1.9335866668617613e-16f,0.043505367469475156f,-1.5782938386263152f,-0.5813537645479842f,0f,0f,0f,1f],start_interpolation:0}
execute if entity @s[tag=aj.attack.bone.right_shoulder] run data modify entity @s {} merge value {transformation:[-1f,-3.3744337183779926e-18f,1.224181809360801e-16f,-1.795433125f,0f,0.9996203070249514f,0.027554342368161983f,2.032658892872577f,-1.2246467991473532e-16f,0.027554342368161983f,-0.9996203070249514f,-0.5746954471508215f,0f,0f,0f,1f],start_interpolation:0}
execute if entity @s[tag=aj.attack.bone.left_thumb_2] run data modify entity @s {} merge value {transformation:[-0.9762960071199334f,-0.21643961393810288f,1.224181809360801e-16f,1.86831875f,-0.21635743333716836f,0.975925314384462f,0.027554342368161983f,-2.9261568830993108f,-0.00596385122448341f,0.026901194432852125f,-0.9996203070249514f,-0.4959994296630295f,0f,0f,0f,1f],start_interpolation:0}
execute if entity @s[tag=aj.attack.bone.left_thumb] run data modify entity @s {} merge value {transformation:[-1f,-3.3744337183779926e-18f,1.224181809360801e-16f,2.015895f,0f,0.9996203070249514f,0.027554342368161983f,-2.6396369640221327f,-1.2246467991473532e-16f,0.027554342368161983f,-0.9996203070249514f,-0.4881015629529712f,0f,0f,0f,1f],start_interpolation:0}
execute if entity @s[tag=aj.attack.bone.left_fingers2] run data modify entity @s {} merge value {transformation:[-0.7933533402912352f,0.6087614290087205f,1.224181809360801e-16f,2.135534333847494f,0.6085302865706455f,0.7930521096011953f,0.027554342368161983f,-3.74449304177219f,0.016774020835437727f,0.021860329557309686f,-0.9996203070249514f,-0.6874871008749162f,0f,0f,0f,1f],start_interpolation:0}
execute if entity @s[tag=aj.attack.bone.left_fingers] run data modify entity @s {} merge value {transformation:[-0.9659258262890683f,0.25881904510252074f,1.224181809360801e-16f,2.21269625f,0.2587207733292865f,0.9655590710384083f,0.027554342368161983f,-3.276471965482359f,0.007131588580155496f,0.02661545091981878f,-0.9996203070249514f,-0.6827142756951186f,0f,0f,0f,1f],start_interpolation:0}
execute if entity @s[tag=aj.attack.bone.left_hand] run data modify entity @s {} merge value {transformation:[-1f,-3.3744337183779926e-18f,1.224181809360801e-16f,2.27519625f,0f,0.9996203070249514f,0.027554342368161983f,-2.5708630863313156f,-1.2246467991473532e-16f,0.027554342368161983f,-0.9996203070249514f,-0.6925254122806144f,0f,0f,0f,1f],start_interpolation:0}
execute if entity @s[tag=aj.attack.bone.left_forearm] run data modify entity @s {} merge value {transformation:[-1.505329166666667f,-5.0796334972578464e-18f,1.8427965829335874e-16f,2.2321275f,0f,1.504757603756948f,0.04147835523511331f,-0.4009360079079476f,-1.8434965456214864e-16f,0.04147835523511331f,-1.504757603756948f,-0.6272697215204278f,0f,0f,0f,1f],start_interpolation:0}
execute if entity @s[tag=aj.attack.bone.left_bicep] run data modify entity @s {} merge value {transformation:[-1.5788933333333335f,-5.3278709017222234e-18f,1.9328524975877065e-16f,2.044845625f,0f,1.5782938386263157f,0.04350536746947517f,1.9741630194045967f,-1.9335866668617618e-16f,0.04350536746947517f,-1.5782938386263157f,-0.5407713369345892f,0f,0f,0f,1f],start_interpolation:0}
execute if entity @s[tag=aj.attack.bone.left_shoulder] run data modify entity @s {} merge value {transformation:[-1f,-3.3744337183779926e-18f,1.224181809360801e-16f,1.795433125f,0f,0.9996203070249514f,0.027554342368161983f,2.215714394207565f,-1.2246467991473532e-16f,0.027554342368161983f,-0.9996203070249514f,-0.5341130195374267f,0f,0f,0f,1f],start_interpolation:0}