execute if entity @s[tag=aj.attack.bone.right_thumb_2] run data modify entity @s {} merge value {transformation:[-0.9762960071199334f,0.21643961393810288f,1.224427898591044e-16f,-1.84718375f,0.21640092625122745f,0.9761214982417573f,-0.01890660699009139f,-3.0212735649061275f,-0.004092138717814937f,-0.018458444912612018f,-0.9998212541310183f,-0.21858782965159207f,0f,0f,0f,1f],start_interpolation:0}
execute if entity @s[tag=aj.attack.bone.right_thumb] run data modify entity @s {} merge value {transformation:[-1f,2.3153915733152376e-18f,1.224427898591044e-16f,-1.99476f,0f,0.9998212541310183f,-0.01890660699009139f,-2.7346960486111214f,-1.2246467991473532e-16f,-0.01890660699009139f,-0.9998212541310183f,-0.22400700677990326f,0f,0f,0f,1f],start_interpolation:0}
execute if entity @s[tag=aj.attack.bone.right_fingers2] run data modify entity @s {} merge value {transformation:[-0.7933533402912352f,-0.6087614290087205f,1.224427898591044e-16f,-2.114399333847494f,-0.6086526154180898f,0.7932115316590154f,-0.01890660699009139f,-3.8476208499744726f,0.011509613088994203f,-0.014999619809162696f,-0.9998212541310183f,-0.3718580527146863f,0f,0f,0f,1f],start_interpolation:0}
execute if entity @s[tag=aj.attack.bone.right_fingers] run data modify entity @s {} merge value {transformation:[-0.9659258262890683f,-0.25881904510252074f,1.224427898591044e-16f,-2.19156125f,-0.25877278226739486f,0.9657531710378764f,-0.01890660699009139f,-3.3798832306995186f,0.00489338996730398f,-0.018262379979226733f,-0.9998212541310183f,-0.38882941761816636f,0f,0f,0f,1f],start_interpolation:0}
execute if entity @s[tag=aj.attack.locator_origin.right_hand] at @s on origin run tp @s ^-2 ^-3.41146 ^-0.39444 ~0 ~-1.08333
execute if entity @s[tag=aj.attack.bone.right_hand] run data modify entity @s {} merge value {transformation:[-1f,2.3153915733152376e-18f,1.224427898591044e-16f,-2.25406125f,0f,0.9998212541310183f,-0.01890660699009139f,-2.6754916524155377f,-1.2246467991473532e-16f,-0.01890660699009139f,-0.9998212541310183f,-0.4314046825086318f,0f,0f,0f,1f],start_interpolation:0}
execute if entity @s[tag=aj.attack.bone.right_forearm] run data modify entity @s {} merge value {transformation:[-1.505329166666667f,3.48542646756565e-18f,1.8431670282294746e-16f,-2.2109925f,0f,1.5050600952966677f,-0.028460666944888455f,-0.5048755901039161f,-1.8434965456214864e-16f,-0.028460666944888455f,-1.5050600952966677f,-0.4670100316342072f,0f,0f,0f,1f],start_interpolation:0}
execute if entity @s[tag=aj.attack.bone.right_bicep] run data modify entity @s {} merge value {transformation:[-1.578893333333333f,3.655756319163606e-18f,1.9332410462327418e-16f,-2.107345625f,0f,1.578611112672437f,-0.02985151573260869f,1.791058960582939f,-1.9335866668617613e-16f,-0.02985151573260869f,-1.578611112672437f,-0.5701267955545891f,0f,0f,0f,1f],start_interpolation:0}
execute if entity @s[tag=aj.attack.bone.right_shoulder] run data modify entity @s {} merge value {transformation:[-1f,2.3153915733152376e-18f,1.224427898591044e-16f,-1.795433125f,0f,0.9998212541310183f,-0.01890660699009139f,2.032658892872577f,-1.2246467991473532e-16f,-0.01890660699009139f,-0.9998212541310183f,-0.5746954471508215f,0f,0f,0f,1f],start_interpolation:0}
execute if entity @s[tag=aj.attack.bone.left_thumb_2] run data modify entity @s {} merge value {transformation:[-0.9762960071199334f,-0.21643961393810288f,1.224427898591044e-16f,1.86831875f,-0.21640092625122745f,0.9761214982417573f,-0.01890660699009139f,-2.9188367744274535f,0.004092138717814698f,-0.018458444912612074f,-0.9998212541310183f,-0.25720658263984014f,0f,0f,0f,1f],start_interpolation:0}
execute if entity @s[tag=aj.attack.bone.left_thumb] run data modify entity @s {} merge value {transformation:[-1f,2.3153915733152376e-18f,1.224427898591044e-16f,2.015895f,0f,0.9998212541310183f,-0.01890660699009139f,-2.6322592581324473f,-1.2246467991473532e-16f,-0.01890660699009139f,-0.9998212541310183f,-0.2626257597681513f,0f,0f,0f,1f],start_interpolation:0}
execute if entity @s[tag=aj.attack.bone.left_fingers2] run data modify entity @s {} merge value {transformation:[-0.7933533402912352f,0.6087614290087205f,1.224427898591044e-16f,2.135534333847494f,0.6086526154180898f,0.7932115316590154f,-0.01890660699009139f,-3.7451840594957986f,-0.011509613088994397f,-0.014999619809162548f,-0.9998212541310183f,-0.4104768057029343f,0f,0f,0f,1f],start_interpolation:0}
execute if entity @s[tag=aj.attack.bone.left_fingers] run data modify entity @s {} merge value {transformation:[-0.9659258262890683f,0.25881904510252074f,1.224427898591044e-16f,2.21269625f,0.25877278226739486f,0.9657531710378764f,-0.01890660699009139f,-3.2774464402208445f,-0.004893389967304216f,-0.01826237997922667f,-0.9998212541310183f,-0.4274481706064143f,0f,0f,0f,1f],start_interpolation:0}
execute if entity @s[tag=aj.attack.bone.left_hand] run data modify entity @s {} merge value {transformation:[-1f,2.3153915733152376e-18f,1.224427898591044e-16f,2.27519625f,0f,0.9998212541310183f,-0.01890660699009139f,-2.5730548619368636f,-1.2246467991473532e-16f,-0.01890660699009139f,-0.9998212541310183f,-0.4700234354968797f,0f,0f,0f,1f],start_interpolation:0}
execute if entity @s[tag=aj.attack.bone.left_forearm] run data modify entity @s {} merge value {transformation:[-1.505329166666667f,3.48542646756565e-18f,1.8431670282294746e-16f,2.2321275f,0f,1.5050600952966677f,-0.028460666944888455f,-0.40243879962524254f,-1.8434965456214864e-16f,-0.028460666944888455f,-1.5050600952966677f,-0.5056287846224551f,0f,0f,0f,1f],start_interpolation:0}
execute if entity @s[tag=aj.attack.bone.left_bicep] run data modify entity @s {} merge value {transformation:[-1.5788933333333335f,3.655756319163607e-18f,1.9332410462327423e-16f,2.044845625f,0f,1.5786111126724374f,-0.029851515732608698f,1.9741144619179272f,-1.9335866668617618e-16f,-0.029851515732608698f,-1.5786111126724374f,-0.5295443679411942f,0f,0f,0f,1f],start_interpolation:0}
execute if entity @s[tag=aj.attack.bone.left_shoulder] run data modify entity @s {} merge value {transformation:[-1f,2.3153915733152376e-18f,1.224427898591044e-16f,1.795433125f,0f,0.9998212541310183f,-0.01890660699009139f,2.215714394207565f,-1.2246467991473532e-16f,-0.01890660699009139f,-0.9998212541310183f,-0.5341130195374267f,0f,0f,0f,1f],start_interpolation:0}