execute if entity @s[tag=aj.attack.bone.right_thumb_2] run data modify entity @s {} merge value {transformation:[-0.9762960071199334f,0.21643961393810288f,1.2243852351503412e-16f,-1.84718375f,0.216393386070139f,0.9760874866828025f,0.020666901227554296f,-3.0314058488682485f,0.004473136122988637f,0.020177013148003336f,-0.999786416787931f,-0.4188294326142823f,0f,0f,0f,1f],start_interpolation:0}
execute if entity @s[tag=aj.attack.bone.right_thumb] run data modify entity @s {} merge value {transformation:[-1f,-2.5309654436618904e-18f,1.2243852351503412e-16f,-1.99476f,0f,0.999786416787931f,0.020666901227554296f,-2.7448383179573446f,-1.2246467991473532e-16f,0.020666901227554296f,-0.999786416787931f,-0.41290570454905495f,0f,0f,0f,1f],start_interpolation:0}
execute if entity @s[tag=aj.attack.bone.right_fingers2] run data modify entity @s {} merge value {transformation:[-0.7933533402912352f,-0.6087614290087205f,1.2243852351503412e-16f,-2.114399333847494f,-0.6086314077873292f,0.7931838933365102f,0.020666901227554296f,-3.8510418223586913f,-0.01258121232446813f,0.016396155122349154f,-0.999786416787931f,-0.6046747117526259f,0f,0f,0f,1f],start_interpolation:0}
execute if entity @s[tag=aj.attack.bone.right_fingers] run data modify entity @s {} merge value {transformation:[-0.9659258262890683f,-0.25881904510252074f,1.2243852351503412e-16f,-2.19156125f,-0.25876376569952314f,0.9657195207484691f,0.020666901227554296f,-3.38299897133106f,-0.005348987640943835f,0.019962693645059912f,-0.999786416787931f,-0.6031263856837198f,0f,0f,0f,1f],start_interpolation:0}
execute if entity @s[tag=aj.attack.locator_origin.right_hand] at @s on origin run tp @s ^-2 ^-3.41433 ^-0.60998 ~0 ~1.18421
execute if entity @s[tag=aj.attack.bone.right_hand] run data modify entity @s {} merge value {transformation:[-1f,-2.5309654436618904e-18f,1.2243852351503412e-16f,-2.25406125f,0f,0.999786416787931f,0.020666901227554296f,-2.677474430718977f,-1.2246467991473532e-16f,0.020666901227554296f,-0.999786416787931f,-0.6177985134094418f,0f,0f,0f,1f],start_interpolation:0}
execute if entity @s[tag=aj.attack.bone.right_forearm] run data modify entity @s {} merge value {transformation:[-1.505329166666667f,-3.809936102169685e-18f,1.8431028057078344e-16f,-2.2109925f,0f,1.5050076536280292f,0.031110489202456626f,-0.5071492767237145f,-1.8434965456214864e-16f,0.031110489202456626f,-1.5050076536280292f,-0.5674938735935913f,0f,0f,0f,1f],start_interpolation:0}
execute if entity @s[tag=aj.attack.bone.right_bicep] run data modify entity @s {} merge value {transformation:[-1.578893333333333f,-3.9961244658948e-18f,1.933173685210639e-16f,-2.107345625f,0f,1.5785561082236854f,0.03263083256884396f,1.7910673787873892f,-1.9335866668617613e-16f,0.03263083256884396f,-1.5785561082236854f,-0.5796894617475141f,0f,0f,0f,1f],start_interpolation:0}
execute if entity @s[tag=aj.attack.bone.right_shoulder] run data modify entity @s {} merge value {transformation:[-1f,-2.5309654436618904e-18f,1.2243852351503412e-16f,-1.795433125f,0f,0.999786416787931f,0.020666901227554296f,2.032658892872577f,-1.2246467991473532e-16f,0.020666901227554296f,-0.999786416787931f,-0.5746954471508215f,0f,0f,0f,1f],start_interpolation:0}
execute if entity @s[tag=aj.attack.bone.left_thumb_2] run data modify entity @s {} merge value {transformation:[-0.9762960071199334f,-0.21643961393810288f,1.2243852351503412e-16f,1.86831875f,-0.216393386070139f,0.9760874866828025f,0.020666901227554296f,-2.925772275201098f,-0.004473136122988876f,0.02017701314800328f,-0.999786416787931f,-0.4605759104049079f,0f,0f,0f,1f],start_interpolation:0}
execute if entity @s[tag=aj.attack.bone.left_thumb] run data modify entity @s {} merge value {transformation:[-1f,-2.5309654436618904e-18f,1.2243852351503412e-16f,2.015895f,0f,0.999786416787931f,0.020666901227554296f,-2.6392047442901942f,-1.2246467991473532e-16f,0.020666901227554296f,-0.999786416787931f,-0.4546521823396805f,0f,0f,0f,1f],start_interpolation:0}
execute if entity @s[tag=aj.attack.bone.left_fingers2] run data modify entity @s {} merge value {transformation:[-0.7933533402912352f,0.6087614290087205f,1.2243852351503412e-16f,2.135534333847494f,0.6086314077873292f,0.7931838933365102f,0.020666901227554296f,-3.745408248691541f,0.012581212324467936f,0.016396155122349303f,-0.999786416787931f,-0.6464211895432513f,0f,0f,0f,1f],start_interpolation:0}
execute if entity @s[tag=aj.attack.bone.left_fingers] run data modify entity @s {} merge value {transformation:[-0.9659258262890683f,0.25881904510252074f,1.2243852351503412e-16f,2.21269625f,0.25876376569952314f,0.9657195207484691f,0.020666901227554296f,-3.27736539766391f,0.005348987640943599f,0.019962693645059974f,-0.999786416787931f,-0.6448728634743452f,0f,0f,0f,1f],start_interpolation:0}
execute if entity @s[tag=aj.attack.bone.left_hand] run data modify entity @s {} merge value {transformation:[-1f,-2.5309654436618904e-18f,1.2243852351503412e-16f,2.27519625f,0f,0.999786416787931f,0.020666901227554296f,-2.5718408570518267f,-1.2246467991473532e-16f,0.020666901227554296f,-0.999786416787931f,-0.6595449912000673f,0f,0f,0f,1f],start_interpolation:0}
execute if entity @s[tag=aj.attack.bone.left_forearm] run data modify entity @s {} merge value {transformation:[-1.505329166666667f,-3.809936102169685e-18f,1.8431028057078344e-16f,2.2321275f,0f,1.5050076536280292f,0.031110489202456626f,-0.4015157030565646f,-1.8434965456214864e-16f,0.031110489202456626f,-1.5050076536280292f,-0.6092403513842167f,0f,0f,0f,1f],start_interpolation:0}
execute if entity @s[tag=aj.attack.bone.left_bicep] run data modify entity @s {} merge value {transformation:[-1.5788933333333335f,-3.9961244658948015e-18f,1.9331736852106397e-16f,2.044845625f,0f,1.5785561082236859f,0.032630832568843963f,1.9741228801223774f,-1.9335866668617618e-16f,0.032630832568843963f,-1.5785561082236859f,-0.5391070341341192f,0f,0f,0f,1f],start_interpolation:0}
execute if entity @s[tag=aj.attack.bone.left_shoulder] run data modify entity @s {} merge value {transformation:[-1f,-2.5309654436618904e-18f,1.2243852351503412e-16f,1.795433125f,0f,0.999786416787931f,0.020666901227554296f,2.215714394207565f,-1.2246467991473532e-16f,0.020666901227554296f,-0.999786416787931f,-0.5341130195374267f,0f,0f,0f,1f],start_interpolation:0}