execute if entity @s[tag=aj.attack.bone.right_thumb_2] run data modify entity @s {} merge value {transformation:[-0.9762960071199334f,0.2164396139381029f,1.2158725079574692e-16f,-1.84718375f,0.21488887767762258f,0.9693010878828477f,-0.1194913021084788f,-2.8285348260841134f,-0.025862651297320488f,-0.1166588811340695f,-0.9928352475211687f,0.31761105544554785f,0f,0f,0f,1f],start_interpolation:0}
execute if entity @s[tag=aj.attack.bone.right_thumb] run data modify entity @s {} merge value {transformation:[-1f,1.4633464065309792e-17f,1.2158725079574692e-16f,-1.99476f,0f,0.9928352475211687f,-0.1194913021084788f,-2.5439597001311802f,-1.2246467991473532e-16f,-0.1194913021084788f,-0.9928352475211687f,0.28336141288632216f,0f,0f,0f,1f],start_interpolation:0}
execute if entity @s[tag=aj.attack.bone.right_fingers2] run data modify entity @s {} merge value {transformation:[-0.7933533402912352f,-0.6087614290087205f,1.2158725079574692e-16f,-2.114399333847494f,-0.6043998040512135f,0.7876691599797945f,-0.1194913021084788f,-3.6661158798939812f,0.07274169582567021f,-0.09479882366351085f,-0.9928352475211687f,0.24833208954400676f,0f,0f,0f,1f],start_interpolation:0}
execute if entity @s[tag=aj.attack.bone.right_fingers] run data modify entity @s {} merge value {transformation:[-0.9659258262890683f,-0.25881904510252074f,1.2158725079574692e-16f,-2.19156125f,-0.2569646707075537f,0.9590052068307965f,-0.1194913021084788f,-3.2024647868999696f,0.030926624709773188f,-0.11541973472348911f,-0.9928352475211687f,0.18434637491060346f,0f,0f,0f,1f],start_interpolation:0}
execute if entity @s[tag=aj.attack.locator_origin.right_hand] at @s on origin run tp @s ^-2 ^-3.23445 ^0.18195 ~0 ~-6.86275
execute if entity @s[tag=aj.attack.bone.right_hand] run data modify entity @s {} merge value {transformation:[-1f,1.4633464065309792e-17f,1.2158725079574692e-16f,-2.25406125f,0f,0.9928352475211687f,-0.1194913021084788f,-2.505940938994862f,-1.2246467991473532e-16f,-0.1194913021084788f,-0.9928352475211687f,0.07105613686092027f,0f,0f,0f,1f],start_interpolation:0}
execute if entity @s[tag=aj.attack.bone.right_forearm] run data modify entity @s {} merge value {transformation:[-1.505329166666667f,2.2028180266879408e-17f,1.8302883491765276e-16f,-2.2109925f,0f,1.494543855788335f,-0.17987374222687136f,-0.349943626423628f,-1.8434965456214864e-16f,-0.17987374222687136f,-1.494543855788335f,-0.1829466565039889f,0f,0f,0f,1f],start_interpolation:0}
execute if entity @s[tag=aj.attack.bone.right_bicep] run data modify entity @s {} merge value {transformation:[-1.578893333333333f,2.3104678856290524e-17f,1.919732996997328e-16f,-2.107345625f,0f,1.5675809534095229f,-0.18866402029039642f,1.9239368570081548f,-1.9335866668617613e-16f,-0.18866402029039642f,-1.5675809534095229f,-0.5167371223760772f,0f,0f,0f,1f],start_interpolation:0}
execute if entity @s[tag=aj.attack.bone.right_shoulder] run data modify entity @s {} merge value {transformation:[-1f,1.4633464065309792e-17f,1.2158725079574692e-16f,-1.795433125f,0f,0.9928352475211687f,-0.1194913021084788f,2.163848668829318f,-1.2246467991473532e-16f,-0.1194913021084788f,-0.9928352475211687f,-0.545611374027889f,0f,0f,0f,1f],start_interpolation:0}
execute if entity @s[tag=aj.attack.bone.left_thumb_2] run data modify entity @s {} merge value {transformation:[-0.9762960071199334f,-0.21643961393810285f,1.2158725079574692e-16f,1.86831875f,-0.21488887767762258f,0.9693010878828477f,-0.1194913021084788f,-2.864853486884421f,0.025862651297320252f,-0.11665888113406955f,-0.9928352475211687f,0.2584290195639998f,0f,0f,0f,1f],start_interpolation:0}
execute if entity @s[tag=aj.attack.bone.left_thumb] run data modify entity @s {} merge value {transformation:[-1f,1.4633464065309792e-17f,1.2158725079574692e-16f,2.015895f,0f,0.9928352475211687f,-0.1194913021084788f,-2.5802783609314877f,-1.2246467991473532e-16f,-0.1194913021084788f,-0.9928352475211687f,0.2241793770047741f,0f,0f,0f,1f],start_interpolation:0}
execute if entity @s[tag=aj.attack.bone.left_fingers2] run data modify entity @s {} merge value {transformation:[-0.7933533402912352f,0.6087614290087205f,1.2158725079574692e-16f,2.135534333847494f,0.6043998040512135f,0.7876691599797945f,-0.1194913021084788f,-3.7024345406942887f,-0.0727416958256704f,-0.0947988236635107f,-0.9928352475211687f,0.18915005366245874f,0f,0f,0f,1f],start_interpolation:0}
execute if entity @s[tag=aj.attack.bone.left_fingers] run data modify entity @s {} merge value {transformation:[-0.9659258262890683f,0.25881904510252074f,1.2158725079574692e-16f,2.21269625f,0.2569646707075537f,0.9590052068307965f,-0.1194913021084788f,-3.238783447700277f,-0.030926624709773424f,-0.11541973472348906f,-0.9928352475211687f,0.12516433902905547f,0f,0f,0f,1f],start_interpolation:0}
execute if entity @s[tag=aj.attack.bone.left_hand] run data modify entity @s {} merge value {transformation:[-1f,1.4633464065309792e-17f,1.2158725079574692e-16f,2.27519625f,0f,0.9928352475211687f,-0.1194913021084788f,-2.5422595997951696f,-1.2246467991473532e-16f,-0.1194913021084788f,-0.9928352475211687f,0.011874100979372304f,0f,0f,0f,1f],start_interpolation:0}
execute if entity @s[tag=aj.attack.bone.left_forearm] run data modify entity @s {} merge value {transformation:[-1.505329166666667f,2.2028180266879408e-17f,1.8302883491765276e-16f,2.2321275f,0f,1.494543855788335f,-0.17987374222687136f,-0.3862622872239354f,-1.8434965456214864e-16f,-0.17987374222687136f,-1.494543855788335f,-0.2421286923855368f,0f,0f,0f,1f],start_interpolation:0}
execute if entity @s[tag=aj.attack.bone.left_bicep] run data modify entity @s {} merge value {transformation:[-1.5788933333333335f,2.310467885629053e-17f,1.9197329969973286e-16f,2.044845625f,0f,1.5675809534095233f,-0.18866402029039647f,1.9758025823864018f,-1.9335866668617618e-16f,-0.18866402029039647f,-1.5675809534095233f,-0.5052387678856148f,0f,0f,0f,1f],start_interpolation:0}
execute if entity @s[tag=aj.attack.bone.left_shoulder] run data modify entity @s {} merge value {transformation:[-1f,1.4633464065309792e-17f,1.2158725079574692e-16f,1.795433125f,0f,0.9928352475211687f,-0.1194913021084788f,2.215714394207565f,-1.2246467991473532e-16f,-0.1194913021084788f,-0.9928352475211687f,-0.5341130195374267f,0f,0f,0f,1f],start_interpolation:0}