execute if entity @s[tag=aj.attack.bone.right_thumb_2] run data modify entity @s {} merge value {transformation:[-0.9762960071199334f,0.21643961393810288f,1.2246467991473532e-16f,-1.84718375f,0.21643961393810288f,0.9762960071199334f,0f,-7.089602982127423f,-1.195617780139768e-16f,2.6506208041798655e-17f,-1f,-0.31420419715082126f,0f,0f,0f,1f],start_interpolation:0}
execute if entity @s[tag=aj.attack.bone.right_thumb] run data modify entity @s {} merge value {transformation:[-1f,0f,1.2246467991473532e-16f,-1.99476f,0f,1f,0f,-6.802974232127423f,-1.2246467991473532e-16f,0f,-1f,-0.31420419715082126f,0f,0f,0f,1f],start_interpolation:0}
execute if entity @s[tag=aj.attack.bone.right_fingers2] run data modify entity @s {} merge value {transformation:[-0.7933533402912352f,-0.6087614290087205f,1.2246467991473532e-16f,-2.114399333847494f,-0.6087614290087205f,0.7933533402912352f,0f,-7.91290474116148f,-9.715776287805221e-17f,-7.455177354798983e-17f,-1f,-0.48307044715082126f,0f,0f,0f,1f],start_interpolation:0}
execute if entity @s[tag=aj.attack.bone.right_fingers] run data modify entity @s {} merge value {transformation:[-0.9659258262890683f,-0.25881904510252074f,1.2246467991473532e-16f,-2.19156125f,-0.25881904510252074f,0.9659258262890683f,0f,-7.444929857127423f,-1.1829179713786698e-16f,-3.169619151431765e-17f,-1f,-0.4911954471508213f,0f,0f,0f,1f],start_interpolation:0}
execute if entity @s[tag=aj.attack.locator_origin.right_hand] at @s on origin run tp @s ^-2 ^-7.47639 ^-0.4974 ~0 ~0
execute if entity @s[tag=aj.attack.bone.right_hand] run data modify entity @s {} merge value {transformation:[-1f,0f,1.2246467991473532e-16f,-2.25406125f,0f,1f,0f,-6.739859232127423f,-1.2246467991473532e-16f,0f,-1f,-0.5204454471508213f,0f,0f,0f,1f],start_interpolation:0}
execute if entity @s[tag=aj.attack.bone.right_forearm] run data modify entity @s {} merge value {transformation:[-1.505329166666667f,0f,1.8434965456214864e-16f,-2.2109925f,0f,1.505329166666667f,0f,-4.568957982127423f,-1.8434965456214864e-16f,0f,-1.505329166666667f,-0.5150054471508213f,0f,0f,0f,1f],start_interpolation:0}
execute if entity @s[tag=aj.attack.bone.right_bicep] run data modify entity @s {} merge value {transformation:[-1.5788933333333333f,0f,1.9335866668617615e-16f,-2.107345625f,0f,1.5788933333333333f,0f,-2.271484232127423f,-1.9335866668617615e-16f,0f,-1.5788933333333333f,-0.5746954471508213f,0f,0f,0f,1f],start_interpolation:0}
execute if entity @s[tag=aj.attack.bone.right_shoulder] run data modify entity @s {} merge value {transformation:[-1f,0f,1.2246467991473532e-16f,-1.795433125f,0f,1f,0f,-2.0298411071274227f,-1.2246467991473532e-16f,0f,-1f,-0.5746954471508213f,0f,0f,0f,1f],start_interpolation:0}
execute if entity @s[tag=aj.attack.bone.left_thumb_2] run data modify entity @s {} merge value {transformation:[-0.9762960071199334f,-0.21643961393810288f,1.2246467991473532e-16f,1.86831875f,-0.21643961393810288f,0.9762960071199334f,0f,-6.985654355792436f,-1.195617780139768e-16f,-2.6506208041798655e-17f,-1f,-0.3543330195374269f,0f,0f,0f,1f],start_interpolation:0}
execute if entity @s[tag=aj.attack.bone.left_thumb] run data modify entity @s {} merge value {transformation:[-1f,0f,1.2246467991473532e-16f,2.015895f,0f,1f,0f,-6.699025605792436f,-1.2246467991473532e-16f,0f,-1f,-0.3543330195374269f,0f,0f,0f,1f],start_interpolation:0}
execute if entity @s[tag=aj.attack.bone.left_fingers2] run data modify entity @s {} merge value {transformation:[-0.7933533402912352f,0.6087614290087205f,1.2246467991473532e-16f,2.135534333847494f,0.6087614290087205f,0.7933533402912352f,0f,-7.8089561148264925f,-9.715776287805221e-17f,7.455177354798983e-17f,-1f,-0.5231992695374269f,0f,0f,0f,1f],start_interpolation:0}
execute if entity @s[tag=aj.attack.bone.left_fingers] run data modify entity @s {} merge value {transformation:[-0.9659258262890683f,0.25881904510252074f,1.2246467991473532e-16f,2.21269625f,0.25881904510252074f,0.9659258262890683f,0f,-7.340981230792436f,-1.1829179713786698e-16f,3.169619151431765e-17f,-1f,-0.5313242695374268f,0f,0f,0f,1f],start_interpolation:0}
execute if entity @s[tag=aj.attack.bone.left_hand] run data modify entity @s {} merge value {transformation:[-1f,0f,1.2246467991473532e-16f,2.27519625f,0f,1f,0f,-6.635910605792436f,-1.2246467991473532e-16f,0f,-1f,-0.5605742695374268f,0f,0f,0f,1f],start_interpolation:0}
execute if entity @s[tag=aj.attack.bone.left_forearm] run data modify entity @s {} merge value {transformation:[-1.505329166666667f,0f,1.8434965456214864e-16f,2.2321275f,0f,1.505329166666667f,0f,-4.465009355792436f,-1.8434965456214864e-16f,0f,-1.505329166666667f,-0.5551342695374268f,0f,0f,0f,1f],start_interpolation:0}
execute if entity @s[tag=aj.attack.bone.left_bicep] run data modify entity @s {} merge value {transformation:[-1.5788933333333333f,0f,1.9335866668617615e-16f,2.044845625f,0f,1.5788933333333333f,0f,-2.0884287307924354f,-1.9335866668617615e-16f,0f,-1.5788933333333333f,-0.5341130195374268f,0f,0f,0f,1f],start_interpolation:0}
execute if entity @s[tag=aj.attack.bone.left_shoulder] run data modify entity @s {} merge value {transformation:[-1f,0f,1.2246467991473532e-16f,1.795433125f,0f,1f,0f,-1.8467856057924352f,-1.2246467991473532e-16f,0f,-1f,-0.5341130195374268f,0f,0f,0f,1f],start_interpolation:0}