execute if entity @s[tag=aj.attack.bone.right_thumb_2] run data modify entity @s {} merge value {transformation:[-0.9762960071199334f,0.21643961393810288f,1.2246455038394283e-16f,-1.84718375f,0.216439385010099f,0.9762949744924395f,0.0014544405305415287f,-7.527385596920088f,0.0003147985469262184f,0.0014199644825611184f,-0.9999989423008121f,-0.38406352931189447f,0f,0f,0f,1f],start_interpolation:0}
execute if entity @s[tag=aj.attack.bone.right_thumb] run data modify entity @s {} merge value {transformation:[-1f,-1.781175940277862e-19f,1.2246455038394283e-16f,-1.99476f,0f,0.9999989423008121f,0.0014544405305415287f,-7.240757150087084f,-1.2246467991473532e-16f,0.0014544405305415287f,-0.9999989423008121f,-0.383646644840676f,0f,0f,0f,1f],start_interpolation:0}
execute if entity @s[tag=aj.attack.bone.right_fingers2] run data modify entity @s {} merge value {transformation:[-0.7933533402912352f,-0.6087614290087205f,1.2246455038394283e-16f,-2.1143993338474933f,-0.6087607851222515f,0.7933525011620515f,0.0014544405305415287f,-8.350440879230304f,-0.0008854072957807599f,0.0011538852531600035f,-0.9999989423008121f,-0.5541270441494042f,0f,0f,0f,1f],start_interpolation:0}
execute if entity @s[tag=aj.attack.bone.right_fingers] run data modify entity @s {} merge value {transformation:[-0.9659258262890683f,-0.25881904510252074f,1.2246455038394283e-16f,-2.19156125f,-0.25881877134982695f,0.9659248046301063f,0.0014544405305415287f,-7.882454672843591f,-0.0003764369092732804f,0.0014048816712516053f,-0.9999989423008121f,-0.5615713939169837f,0f,0f,0f,1f],start_interpolation:0}
execute if entity @s[tag=aj.attack.locator_origin.right_hand] at @s on origin run tp @s ^-2 ^-7.91391 ^-0.56782 ~0 ~0.08333
execute if entity @s[tag=aj.attack.bone.right_hand] run data modify entity @s {} merge value {transformation:[-1f,-1.781175940277862e-19f,1.2246455038394283e-16f,-2.25406125f,0f,0.9999989423008121f,0.0014544405305415287f,-7.1773422512107f,-1.2246467991473532e-16f,0.0014544405305415287f,-0.9999989423008121f,-0.5897958796853883f,0f,0f,0f,1f],start_interpolation:0}
execute if entity @s[tag=aj.attack.bone.right_forearm] run data modify entity @s {} merge value {transformation:[-1.5053291666666664f,-2.6812560938651897e-19f,1.8434945957566864e-16f,-2.2109925f,0f,1.5053275744812293f,0.0021894117518063035f,-5.006451209527675f,-1.8434965456214856e-16f,0.0021894117518063035f,-1.5053275744812293f,-0.5811984386734685f,0f,0f,0f,1f],start_interpolation:0}
execute if entity @s[tag=aj.attack.bone.right_bicep] run data modify entity @s {} merge value {transformation:[-1.5788933333333333f,-2.8122868175984476e-19f,1.9335846217087143e-16f,-2.107345625f,0f,1.5788916633391368f,0.002296406457401816f,-2.708893074008526f,-1.9335866668617615e-16f,0.002296406457401816f,-1.5788916633391368f,-0.6375468365995488f,0f,0f,0f,1f],start_interpolation:0}
execute if entity @s[tag=aj.attack.bone.right_shoulder] run data modify entity @s {} merge value {transformation:[-1f,-1.781175940277862e-19f,1.2246455038394283e-16f,-1.795433125f,0f,0.9999989423008121f,0.0014544405305415287f,-2.4673411071274223f,-1.2246467991473532e-16f,0.0014544405305415287f,-0.9999989423008121f,-0.5746954471508213f,0f,0f,0f,1f],start_interpolation:0}
execute if entity @s[tag=aj.attack.bone.left_thumb_2] run data modify entity @s {} merge value {transformation:[-0.9762960071199334f,-0.21643961393810288f,1.2246455038394283e-16f,1.86831875f,-0.216439385010099f,0.9762949744924395f,0.0014544405305415287f,-7.4234103997337115f,-0.00031479854692645755f,0.0014199644825610654f,-0.9999989423008121f,-0.36180738868171985f,0f,0f,0f,1f],start_interpolation:0}
execute if entity @s[tag=aj.attack.bone.left_thumb] run data modify entity @s {} merge value {transformation:[-1f,-1.781175940277862e-19f,1.2246455038394283e-16f,2.015895f,0f,0.9999989423008121f,0.0014544405305415287f,-7.136781952900708f,-1.2246467991473532e-16f,0.0014544405305415287f,-0.9999989423008121f,-0.3613905042105014f,0f,0f,0f,1f],start_interpolation:0}
execute if entity @s[tag=aj.attack.bone.left_fingers2] run data modify entity @s {} merge value {transformation:[-0.7933533402912352f,0.6087614290087205f,1.2246455038394283e-16f,2.1355343338474935f,0.6087607851222515f,0.7933525011620515f,0.0014544405305415287f,-8.246465682043926f,0.0008854072957805655f,0.0011538852531601525f,-0.9999989423008121f,-0.5318709035192296f,0f,0f,0f,1f],start_interpolation:0}
execute if entity @s[tag=aj.attack.bone.left_fingers] run data modify entity @s {} merge value {transformation:[-0.9659258262890683f,0.25881904510252074f,1.2246455038394283e-16f,2.21269625f,0.25881877134982695f,0.9659248046301063f,0.0014544405305415287f,-7.778479475657213f,0.0003764369092730438f,0.0014048816712516686f,-0.9999989423008121f,-0.5393152532868091f,0f,0f,0f,1f],start_interpolation:0}
execute if entity @s[tag=aj.attack.bone.left_hand] run data modify entity @s {} merge value {transformation:[-1f,-1.781175940277862e-19f,1.2246455038394283e-16f,2.27519625f,0f,0.9999989423008121f,0.0014544405305415287f,-7.073367054024322f,-1.2246467991473532e-16f,0.0014544405305415287f,-0.9999989423008121f,-0.5675397390552136f,0f,0f,0f,1f],start_interpolation:0}
execute if entity @s[tag=aj.attack.bone.left_forearm] run data modify entity @s {} merge value {transformation:[-1.505329166666667f,-2.681256093865191e-19f,1.8434945957566874e-16f,2.2321275f,0f,1.50532757448123f,0.0021894117518063043f,-4.902476012341298f,-1.8434965456214864e-16f,0.0021894117518063043f,-1.50532757448123f,-0.5589422980432939f,0f,0f,0f,1f],start_interpolation:0}
execute if entity @s[tag=aj.attack.bone.left_bicep] run data modify entity @s {} merge value {transformation:[-1.5788933333333333f,-2.8122868175984476e-19f,1.9335846217087143e-16f,2.044845625f,0f,1.5788916633391368f,0.002296406457401816f,-2.525928475206697f,-1.9335866668617615e-16f,0.002296406457401816f,-1.5788916633391368f,-0.5344644750923533f,0f,0f,0f,1f],start_interpolation:0}
execute if entity @s[tag=aj.attack.bone.left_shoulder] run data modify entity @s {} merge value {transformation:[-1f,-1.781175940277862e-19f,1.2246455038394283e-16f,1.795433125f,0f,0.9999989423008121f,0.0014544405305415287f,-2.284285605792434f,-1.2246467991473532e-16f,0.0014544405305415287f,-0.9999989423008121f,-0.5341130195374266f,0f,0f,0f,1f],start_interpolation:0}