execute if entity @s[tag=aj.attack.bone.right_thumb_2] run data modify entity @s {} merge value {transformation:[-0.9762960071199334f,0.21643961393810288f,1.2221399382904126e-16f,-1.84718375f,0.215996560482649f,0.9742975221308408f,-0.06395173359158568f,-7.062586745944079f,-0.013841688529235329f,-0.062435822153862786f,-0.9979529927660074f,0.008843118842899032f,0f,0f,0f,1f],start_interpolation:0}
execute if entity @s[tag=aj.attack.bone.right_thumb] run data modify entity @s {} merge value {transformation:[-1f,7.831828584285961e-18f,1.2221399382904126e-16f,-1.99476f,0f,0.9979529927660074f,-0.06395173359158568f,-6.776544727068799f,-1.2246467991473532e-16f,-0.06395173359158568f,-0.9979529927660074f,-0.009487286616790214f,0f,0f,0f,1f],start_interpolation:0}
execute if entity @s[tag=aj.attack.bone.right_fingers2] run data modify entity @s {} merge value {transformation:[-0.7933533402912352f,-0.6087614290087205f,1.2221399382904126e-16f,-2.114399333847494f,-0.607515289959764f,0.7917293402645468f,-0.06395173359158568f,-7.895002489754245f,0.0389313487287986f,-0.05073632146229977f,-0.9979529927660074f,-0.10702588596254392f,0f,0f,0f,1f],start_interpolation:0}
execute if entity @s[tag=aj.attack.bone.right_fingers] run data modify entity @s {} merge value {transformation:[-0.9659258262890683f,-0.25881904510252074f,1.2221399382904126e-16f,-2.19156125f,-0.25828924064490083f,0.9639485691351543f,-0.06395173359158568f,-7.428505161528564f,0.016551926620824886f,-0.0617726311120708f,-0.9979529927660074f,-0.14506205914006695f,0f,0f,0f,1f],start_interpolation:0}
execute if entity @s[tag=aj.attack.locator_origin.right_hand] at @s on origin run tp @s ^-2 ^-7.4603 ^-0.14924 ~0 ~-3.66667
execute if entity @s[tag=aj.attack.bone.right_hand] run data modify entity @s {} merge value {transformation:[-1f,7.831828584285961e-18f,1.2221399382904126e-16f,-2.25406125f,0f,0.9979529927660074f,-0.06395173359158568f,-6.726748409405968f,-1.2246467991473532e-16f,-0.06395173359158568f,-0.9979529927660074f,-0.2193426729517255f,0f,0f,0f,1f],start_interpolation:0}
execute if entity @s[tag=aj.attack.bone.right_forearm] run data modify entity @s {} merge value {transformation:[-1.505329166666667f,1.1789479996259369e-17f,1.8397228948567587e-16f,-2.2109925f,0f,1.5022477469729603f,-0.09626840983431037f,-4.559943112538264f,-1.8434965456214864e-16f,-0.09626840983431037f,-1.5022477469729603f,-0.3527467070647188f,0f,0f,0f,1f],start_interpolation:0}
execute if entity @s[tag=aj.attack.bone.right_bicep] run data modify entity @s {} merge value {transformation:[-1.5788933333333333f,1.2365621939538542e-17f,1.9296286009671438e-16f,-2.107345625f,0f,1.575661327258297f,-0.10097296582286401f,-2.270989586902503f,-1.9335866668617615e-16f,-0.10097296582286401f,-1.575661327258297f,-0.5592419503965831f,0f,0f,0f,1f],start_interpolation:0}
execute if entity @s[tag=aj.attack.bone.right_shoulder] run data modify entity @s {} merge value {transformation:[-1f,7.831828584285961e-18f,1.2221399382904126e-16f,-1.795433125f,0f,0.9979529927660074f,-0.06395173359158568f,-2.0298411071274227f,-1.2246467991473532e-16f,-0.06395173359158568f,-0.9979529927660074f,-0.5746954471508213f,0f,0f,0f,1f],start_interpolation:0}
execute if entity @s[tag=aj.attack.bone.left_thumb_2] run data modify entity @s {} merge value {transformation:[-0.9762960071199334f,-0.21643961393810288f,1.2221399382904126e-16f,1.86831875f,-0.215996560482649f,0.9742975221308408f,-0.06395173359158568f,-6.963637811621552f,0.01384168852923509f,-0.06243582215386284f,-0.9979529927660074f,-0.02606146523582918f,0f,0f,0f,1f],start_interpolation:0}
execute if entity @s[tag=aj.attack.bone.left_thumb] run data modify entity @s {} merge value {transformation:[-1f,7.831828584285961e-18f,1.2221399382904126e-16f,2.015895f,0f,0.9979529927660074f,-0.06395173359158568f,-6.6775957927462715f,-1.2246467991473532e-16f,-0.06395173359158568f,-0.9979529927660074f,-0.04439187069551839f,0f,0f,0f,1f],start_interpolation:0}
execute if entity @s[tag=aj.attack.bone.left_fingers2] run data modify entity @s {} merge value {transformation:[-0.7933533402912352f,0.6087614290087205f,1.2221399382904126e-16f,2.135534333847494f,0.607515289959764f,0.7917293402645468f,-0.06395173359158568f,-7.796053555431717f,-0.03893134872879879f,-0.050736321462299616f,-0.9979529927660074f,-0.14193047004127207f,0f,0f,0f,1f],start_interpolation:0}
execute if entity @s[tag=aj.attack.bone.left_fingers] run data modify entity @s {} merge value {transformation:[-0.9659258262890683f,0.25881904510252074f,1.2221399382904126e-16f,2.21269625f,0.25828924064490083f,0.9639485691351543f,-0.06395173359158568f,-7.329556227206036f,-0.016551926620825122f,-0.06177263111207073f,-0.9979529927660074f,-0.17996664321879505f,0f,0f,0f,1f],start_interpolation:0}
execute if entity @s[tag=aj.attack.bone.left_hand] run data modify entity @s {} merge value {transformation:[-1f,7.831828584285961e-18f,1.2221399382904126e-16f,2.27519625f,0f,0.9979529927660074f,-0.06395173359158568f,-6.627799475083441f,-1.2246467991473532e-16f,-0.06395173359158568f,-0.9979529927660074f,-0.2542472570304536f,0f,0f,0f,1f],start_interpolation:0}
execute if entity @s[tag=aj.attack.bone.left_forearm] run data modify entity @s {} merge value {transformation:[-1.505329166666667f,1.1789479996259369e-17f,1.8397228948567587e-16f,2.2321275f,0f,1.5022477469729603f,-0.09626840983431037f,-4.460994178215737f,-1.8434965456214864e-16f,-0.09626840983431037f,-1.5022477469729603f,-0.3876512911434468f,0f,0f,0f,1f],start_interpolation:0}
execute if entity @s[tag=aj.attack.bone.left_bicep] run data modify entity @s {} merge value {transformation:[-1.5788933333333333f,1.2365621939538542e-17f,1.9296286009671438e-16f,2.044845625f,0f,1.575661327258297f,-0.10097296582286401f,-2.087934085567516f,-1.9335866668617615e-16f,-0.10097296582286401f,-1.575661327258297f,-0.5186595227831886f,0f,0f,0f,1f],start_interpolation:0}
execute if entity @s[tag=aj.attack.bone.left_shoulder] run data modify entity @s {} merge value {transformation:[-1f,7.831828584285961e-18f,1.2221399382904126e-16f,1.795433125f,0f,0.9979529927660074f,-0.06395173359158568f,-1.8467856057924352f,-1.2246467991473532e-16f,-0.06395173359158568f,-0.9979529927660074f,-0.5341130195374268f,0f,0f,0f,1f],start_interpolation:0}