execute if entity @s[tag=aj.attack.bone.right_thumb_2] run data modify entity @s {} merge value {transformation:[-0.9762960071199334f,0.21643961393810285f,1.215631371973144e-16f,-1.84718375f,0.2148462601822024f,0.9691088527838513f,0.12111612585320407f,-3.021404452079679f,0.026214327521346052f,0.11824519006831849f,-0.9926383450473344f,-0.9289405998912539f,0f,0f,0f,1f],start_interpolation:0}
execute if entity @s[tag=aj.attack.bone.right_thumb] run data modify entity @s {} merge value {transformation:[-1f,-1.4832447585125437e-17f,1.215631371973144e-16f,-1.99476f,0f,0.9926383450473344f,0.12111612585320407f,-2.7368857640366926f,-1.2246467991473532e-16f,0.12111612585320407f,-0.9926383450473344f,-0.8942252361331073f,0f,0f,0f,1f],start_interpolation:0}
execute if entity @s[tag=aj.attack.bone.right_fingers2] run data modify entity @s {} merge value {transformation:[-0.7933533402912352f,-0.6087614290087205f,1.215631371973144e-16f,-2.114399333847494f,-0.6042799374198667f,0.7875129467444665f,0.12111612585320407f,-3.8181929216544463f,-0.07373082585039666f,0.096087883008773f,-0.9926383450473344f,-1.1962788342879365f,0f,0f,0f,1f],start_interpolation:0}
execute if entity @s[tag=aj.attack.bone.right_fingers] run data modify entity @s {} merge value {transformation:[-0.9659258262890683f,-0.25881904510252074f,1.215631371973144e-16f,-2.19156125f,-0.25691370859729756f,0.9588150136460598f,0.12111612585320407f,-3.3526790387206047f,-0.03134716003984312f,0.1169891939416869f,-0.9926383450473344f,-1.1476647158906388f,0f,0f,0f,1f],start_interpolation:0}
execute if entity @s[tag=aj.attack.locator_origin.right_hand] at @s on origin run tp @s ^-2 ^-3.38316 ^-1.15763 ~0 ~6.95652
execute if entity @s[tag=aj.attack.bone.right_hand] run data modify entity @s {} merge value {transformation:[-1f,-1.4832447585125437e-17f,1.215631371973144e-16f,-2.25406125f,0f,0.9926383450473344f,0.12111612585320407f,-2.6492562536979083f,-1.2246467991473532e-16f,0.12111612585320407f,-0.9926383450473344f,-1.091303964930376f,0f,0f,0f,1f],start_interpolation:0}
execute if entity @s[tag=aj.attack.bone.right_forearm] run data modify entity @s {} merge value {transformation:[-1.505329166666667f,-2.232771596294389e-17f,1.82992536014619e-16f,-2.2109925f,0f,1.4942474527514833f,0.18231963680049884f,-0.49499530136135994f,-1.8434965456214864e-16f,0.18231963680049884f,-1.4942474527514833f,-0.8229728633234403f,0f,0f,0f,1f],start_interpolation:0}
execute if entity @s[tag=aj.attack.bone.right_bicep] run data modify entity @s {} merge value {transformation:[-1.578893333333333f,-2.3418852609170646e-17f,1.91935226899925e-16f,-2.107345625f,0f,1.567270065406269f,0.19122944366878483f,1.7927946611805112f,-1.9335866668617613e-16f,0.19122944366878483f,-1.567270065406269f,-0.603962326289883f,0f,0f,0f,1f],start_interpolation:0}
execute if entity @s[tag=aj.attack.bone.right_shoulder] run data modify entity @s {} merge value {transformation:[-1f,-1.4832447585125437e-17f,1.215631371973144e-16f,-1.795433125f,0f,0.9926383450473344f,0.12111612585320407f,2.032658892872577f,-1.2246467991473532e-16f,0.12111612585320407f,-0.9926383450473344f,-0.5746954471508215f,0f,0f,0f,1f],start_interpolation:0}
execute if entity @s[tag=aj.attack.bone.left_thumb_2] run data modify entity @s {} merge value {transformation:[-0.9762960071199334f,-0.2164396139381029f,1.215631371973144e-16f,1.86831875f,-0.2148462601822024f,0.9691088527838513f,0.12111612585320407f,-2.907098034313787f,-0.026214327521346288f,0.11824519006831843f,-0.9926383450473344f,-0.9780563721329145f,0f,0f,0f,1f],start_interpolation:0}
execute if entity @s[tag=aj.attack.bone.left_thumb] run data modify entity @s {} merge value {transformation:[-1f,-1.4832447585125437e-17f,1.215631371973144e-16f,2.015895f,0f,0.9926383450473344f,0.12111612585320407f,-2.6225793462708005f,-1.2246467991473532e-16f,0.12111612585320407f,-0.9926383450473344f,-0.9433410083747679f,0f,0f,0f,1f],start_interpolation:0}
execute if entity @s[tag=aj.attack.bone.left_fingers2] run data modify entity @s {} merge value {transformation:[-0.7933533402912352f,0.6087614290087205f,1.215631371973144e-16f,2.135534333847494f,0.6042799374198667f,0.7875129467444665f,0.12111612585320407f,-3.7038865038885542f,0.07373082585039646f,0.09608788300877315f,-0.9926383450473344f,-1.245394606529597f,0f,0f,0f,1f],start_interpolation:0}
execute if entity @s[tag=aj.attack.bone.left_fingers] run data modify entity @s {} merge value {transformation:[-0.9659258262890683f,0.25881904510252074f,1.215631371973144e-16f,2.21269625f,0.25691370859729756f,0.9588150136460598f,0.12111612585320407f,-3.2383726209547126f,0.031347160039842885f,0.11698919394168696f,-0.9926383450473344f,-1.1967804881322992f,0f,0f,0f,1f],start_interpolation:0}
execute if entity @s[tag=aj.attack.bone.left_hand] run data modify entity @s {} merge value {transformation:[-1f,-1.4832447585125437e-17f,1.215631371973144e-16f,2.27519625f,0f,0.9926383450473344f,0.12111612585320407f,-2.534949835932016f,-1.2246467991473532e-16f,0.12111612585320407f,-0.9926383450473344f,-1.1404197371720364f,0f,0f,0f,1f],start_interpolation:0}
execute if entity @s[tag=aj.attack.bone.left_forearm] run data modify entity @s {} merge value {transformation:[-1.505329166666667f,-2.232771596294389e-17f,1.82992536014619e-16f,2.2321275f,0f,1.4942474527514833f,0.18231963680049884f,-0.3806888835954687f,-1.8434965456214864e-16f,0.18231963680049884f,-1.4942474527514833f,-0.8720886355651009f,0f,0f,0f,1f],start_interpolation:0}
execute if entity @s[tag=aj.attack.bone.left_bicep] run data modify entity @s {} merge value {transformation:[-1.5788933333333335f,-2.3418852609170655e-17f,1.9193522689992506e-16f,2.044845625f,0f,1.5672700654062695f,0.1912294436687849f,1.9758501625154994f,-1.9335866668617618e-16f,0.1912294436687849f,-1.5672700654062695f,-0.5633798986764882f,0f,0f,0f,1f],start_interpolation:0}
execute if entity @s[tag=aj.attack.bone.left_shoulder] run data modify entity @s {} merge value {transformation:[-1f,-1.4832447585125437e-17f,1.215631371973144e-16f,1.795433125f,0f,0.9926383450473344f,0.12111612585320407f,2.215714394207565f,-1.2246467991473532e-16f,0.12111612585320407f,-0.9926383450473344f,-0.5341130195374267f,0f,0f,0f,1f],start_interpolation:0}