execute if entity @s[tag=aj.attack.bone.right_thumb_2] run data modify entity @s {} merge value {transformation:[-0.9762960071199334f,0.21643961393810288f,1.2168455977210378e-16f,-1.84718375f,0.21506085801750546f,0.9700768410644203f,-0.11269316651532102f,-7.344420355386381f,-0.02439126545403854f,-0.11002188849860965f,-0.9936298356132177f,0.22064285287615792f,0f,0f,0f,1f],start_interpolation:0}
execute if entity @s[tag=aj.attack.bone.right_thumb] run data modify entity @s {} merge value {transformation:[-1f,1.380093256587676e-17f,1.2168455977210378e-16f,-1.99476f,0f,0.9936298356132177f,-0.11269316651532102f,-7.059617477641859f,-1.2246467991473532e-16f,-0.11269316651532102f,-0.9936298356132177f,0.1883417514243296f,0f,0f,0f,1f],start_interpolation:0}
execute if entity @s[tag=aj.attack.bone.right_fingers2] run data modify entity @s {} merge value {transformation:[-0.7933533402912352f,-0.6087614290087205f,1.2168455977210378e-16f,-2.1143993338474933f,-0.6048835186336026f,0.7882995490967772f,-0.11269316651532102f,-8.181507619305531f,0.06860325308738444f,-0.08940550008292639f,-0.9936298356132177f,0.1456327908712191f,0f,0f,0f,1f],start_interpolation:0}
execute if entity @s[tag=aj.attack.bone.right_fingers] run data modify entity @s {} merge value {transformation:[-0.9659258262890683f,-0.25881904510252074f,1.2168455977210378e-16f,-2.19156125f,-0.2571703252387877f,0.9597727199901684f,-0.11269316651532102f,-7.717429444189594f,0.029167137747074634f,-0.10885323998344305f,-0.9936298356132177f,0.08482197692542365f,0f,0f,0f,1f],start_interpolation:0}
execute if entity @s[tag=aj.attack.locator_origin.right_hand] at @s on origin run tp @s ^-2 ^-7.74939 ^0.0822 ~0 ~-6.47059
execute if entity @s[tag=aj.attack.bone.right_hand] run data modify entity @s {} merge value {transformation:[-1f,1.380093256587676e-17f,1.2168455977210378e-16f,-2.25406125f,0f,0.9936298356132177f,-0.11269316651532102f,-7.020146510095708f,-1.2246467991473532e-16f,-0.11269316651532102f,-0.9936298356132177f,-0.023698337114449436f,0f,0f,0f,1f],start_interpolation:0}
execute if entity @s[tag=aj.attack.bone.right_forearm] run data modify entity @s {} merge value {transformation:[-1.5053291666666664f,2.077494631861412e-17f,1.8317531695794114e-16f,-2.2109925f,0f,1.4957399724187816f,-0.16964031043953606f,-4.862461207099836f,-1.8434965456214856e-16f,-0.16964031043953606f,-1.4957399724187816f,-0.26293872686328207f,0f,0f,0f,1f],start_interpolation:0}
execute if entity @s[tag=aj.attack.bone.right_bicep] run data modify entity @s {} merge value {transformation:[-1.5788933333333333f,2.179020042204571e-17f,1.9212694019377617e-16f,-2.107345625f,0f,1.5688355232508053f,-0.17793048932326358f,-2.586349397670953f,-1.9335866668617615e-16f,-0.17793048932326358f,-1.5688355232508053f,-0.581158083624364f,0f,0f,0f,1f],start_interpolation:0}
execute if entity @s[tag=aj.attack.bone.right_shoulder] run data modify entity @s {} merge value {transformation:[-1f,1.380093256587676e-17f,1.2168455977210378e-16f,-1.795433125f,0f,0.9936298356132177f,-0.11269316651532102f,-2.339202256192931f,-1.2246467991473532e-16f,-0.11269316651532102f,-0.9936298356132177f,-0.5462877478214454f,0f,0f,0f,1f],start_interpolation:0}
execute if entity @s[tag=aj.attack.bone.left_thumb_2] run data modify entity @s {} merge value {transformation:[-0.9762960071199334f,-0.21643961393810288f,1.2168455977210378e-16f,1.86831875f,-0.21506085801750546f,0.9700768410644203f,-0.11269316651532102f,-7.370158939616711f,0.024391265454038306f,-0.11002188849860971f,-0.9936298356132177f,0.2236371440532472f,0f,0f,0f,1f],start_interpolation:0}
execute if entity @s[tag=aj.attack.bone.left_thumb] run data modify entity @s {} merge value {transformation:[-1f,1.380093256587676e-17f,1.2168455977210378e-16f,2.015895f,0f,0.9936298356132177f,-0.11269316651532102f,-7.085356061872189f,-1.2246467991473532e-16f,-0.11269316651532102f,-0.9936298356132177f,0.19133604260141893f,0f,0f,0f,1f],start_interpolation:0}
execute if entity @s[tag=aj.attack.bone.left_fingers2] run data modify entity @s {} merge value {transformation:[-0.7933533402912352f,0.6087614290087205f,1.2168455977210378e-16f,2.1355343338474935f,0.6048835186336026f,0.7882995490967772f,-0.11269316651532102f,-8.207246203535862f,-0.06860325308738463f,-0.08940550008292623f,-0.9936298356132177f,0.14862708204830843f,0f,0f,0f,1f],start_interpolation:0}
execute if entity @s[tag=aj.attack.bone.left_fingers] run data modify entity @s {} merge value {transformation:[-0.9659258262890683f,0.25881904510252074f,1.2168455977210378e-16f,2.21269625f,0.2571703252387877f,0.9597727199901684f,-0.11269316651532102f,-7.743168028419924f,-0.02916713774707487f,-0.108853239983443f,-0.9936298356132177f,0.08781626810251303f,0f,0f,0f,1f],start_interpolation:0}
execute if entity @s[tag=aj.attack.bone.left_hand] run data modify entity @s {} merge value {transformation:[-1f,1.380093256587676e-17f,1.2168455977210378e-16f,2.27519625f,0f,0.9936298356132177f,-0.11269316651532102f,-7.045885094326039f,-1.2246467991473532e-16f,-0.11269316651532102f,-0.9936298356132177f,-0.020704045937360055f,0f,0f,0f,1f],start_interpolation:0}
execute if entity @s[tag=aj.attack.bone.left_forearm] run data modify entity @s {} merge value {transformation:[-1.505329166666667f,2.077494631861413e-17f,1.8317531695794124e-16f,2.2321275f,0f,1.4957399724187823f,-0.16964031043953615f,-4.888199791330166f,-1.8434965456214864e-16f,-0.16964031043953615f,-1.4957399724187823f,-0.2599444356861927f,0f,0f,0f,1f],start_interpolation:0}
execute if entity @s[tag=aj.attack.bone.left_bicep] run data modify entity @s {} merge value {transformation:[-1.5788933333333333f,2.179020042204571e-17f,1.9212694019377617e-16f,2.044845625f,0f,1.5688355232508053f,-0.17793048932326358f,-2.5243894243632483f,-1.9335866668617615e-16f,-0.17793048932326358f,-1.5688355232508053f,-0.506881490614519f,0f,0f,0f,1f],start_interpolation:0}
execute if entity @s[tag=aj.attack.bone.left_shoulder] run data modify entity @s {} merge value {transformation:[-1f,1.380093256587676e-17f,1.2168455977210378e-16f,1.795433125f,0f,0.9936298356132177f,-0.11269316651532102f,-2.284285605792434f,-1.2246467991473532e-16f,-0.11269316651532102f,-0.9936298356132177f,-0.5341130195374266f,0f,0f,0f,1f],start_interpolation:0}