execute if entity @s[tag=aj.attack.bone.right_thumb_2] run data modify entity @s {} merge value {transformation:[-0.9762960071199334f,0.21643961393810288f,1.2246467991473532e-16f,-1.84718375f,0.21643961393810288f,0.9762960071199334f,0f,-3.0271029821274227f,-1.195617780139768e-16f,2.6506208041798655e-17f,-1f,-0.3142041971508215f,0f,0f,0f,1f],start_interpolation:0}
execute if entity @s[tag=aj.attack.bone.right_thumb] run data modify entity @s {} merge value {transformation:[-1f,0f,1.2246467991473532e-16f,-1.99476f,0f,1f,0f,-2.7404742321274225f,-1.2246467991473532e-16f,0f,-1f,-0.3142041971508215f,0f,0f,0f,1f],start_interpolation:0}
execute if entity @s[tag=aj.attack.bone.right_fingers2] run data modify entity @s {} merge value {transformation:[-0.7933533402912352f,-0.6087614290087205f,1.2246467991473532e-16f,-2.114399333847494f,-0.6087614290087205f,0.7933533402912352f,0f,-3.8504047411614795f,-9.715776287805221e-17f,-7.455177354798983e-17f,-1f,-0.4830704471508215f,0f,0f,0f,1f],start_interpolation:0}
execute if entity @s[tag=aj.attack.bone.right_fingers] run data modify entity @s {} merge value {transformation:[-0.9659258262890683f,-0.25881904510252074f,1.2246467991473532e-16f,-2.19156125f,-0.25881904510252074f,0.9659258262890683f,0f,-3.382429857127423f,-1.1829179713786698e-16f,-3.169619151431765e-17f,-1f,-0.49119544715082153f,0f,0f,0f,1f],start_interpolation:0}
execute if entity @s[tag=aj.attack.locator_origin.right_hand] at @s on origin run tp @s ^-2 ^-3.41389 ^-0.4974 ~0 ~0
execute if entity @s[tag=aj.attack.bone.right_hand] run data modify entity @s {} merge value {transformation:[-1f,0f,1.2246467991473532e-16f,-2.25406125f,0f,1f,0f,-2.6773592321274227f,-1.2246467991473532e-16f,0f,-1f,-0.5204454471508215f,0f,0f,0f,1f],start_interpolation:0}
execute if entity @s[tag=aj.attack.bone.right_forearm] run data modify entity @s {} merge value {transformation:[-1.505329166666667f,0f,1.8434965456214864e-16f,-2.2109925f,0f,1.505329166666667f,0f,-0.5064579821274227f,-1.8434965456214864e-16f,0f,-1.505329166666667f,-0.5150054471508215f,0f,0f,0f,1f],start_interpolation:0}
execute if entity @s[tag=aj.attack.bone.right_bicep] run data modify entity @s {} merge value {transformation:[-1.578893333333333f,0f,1.9335866668617613e-16f,-2.107345625f,0f,1.578893333333333f,0f,1.7910157678725773f,-1.9335866668617613e-16f,0f,-1.578893333333333f,-0.5746954471508215f,0f,0f,0f,1f],start_interpolation:0}
execute if entity @s[tag=aj.attack.bone.right_shoulder] run data modify entity @s {} merge value {transformation:[-1f,0f,1.2246467991473532e-16f,-1.795433125f,0f,1f,0f,2.032658892872577f,-1.2246467991473532e-16f,0f,-1f,-0.5746954471508215f,0f,0f,0f,1f],start_interpolation:0}
execute if entity @s[tag=aj.attack.bone.left_thumb_2] run data modify entity @s {} merge value {transformation:[-0.9762960071199334f,-0.21643961393810288f,1.2246467991473532e-16f,1.86831875f,-0.21643961393810288f,0.9762960071199334f,0f,-2.9231543557924344f,-1.195617780139768e-16f,-2.6506208041798655e-17f,-1f,-0.3543330195374268f,0f,0f,0f,1f],start_interpolation:0}
execute if entity @s[tag=aj.attack.bone.left_thumb] run data modify entity @s {} merge value {transformation:[-1f,0f,1.2246467991473532e-16f,2.015895f,0f,1f,0f,-2.6365256057924342f,-1.2246467991473532e-16f,0f,-1f,-0.3543330195374268f,0f,0f,0f,1f],start_interpolation:0}
execute if entity @s[tag=aj.attack.bone.left_fingers2] run data modify entity @s {} merge value {transformation:[-0.7933533402912352f,0.6087614290087205f,1.2246467991473532e-16f,2.135534333847494f,0.6087614290087205f,0.7933533402912352f,0f,-3.746456114826491f,-9.715776287805221e-17f,7.455177354798983e-17f,-1f,-0.5231992695374268f,0f,0f,0f,1f],start_interpolation:0}
execute if entity @s[tag=aj.attack.bone.left_fingers] run data modify entity @s {} merge value {transformation:[-0.9659258262890683f,0.25881904510252074f,1.2246467991473532e-16f,2.21269625f,0.25881904510252074f,0.9659258262890683f,0f,-3.2784812307924347f,-1.1829179713786698e-16f,3.169619151431765e-17f,-1f,-0.5313242695374267f,0f,0f,0f,1f],start_interpolation:0}
execute if entity @s[tag=aj.attack.bone.left_hand] run data modify entity @s {} merge value {transformation:[-1f,0f,1.2246467991473532e-16f,2.27519625f,0f,1f,0f,-2.5734106057924344f,-1.2246467991473532e-16f,0f,-1f,-0.5605742695374267f,0f,0f,0f,1f],start_interpolation:0}
execute if entity @s[tag=aj.attack.bone.left_forearm] run data modify entity @s {} merge value {transformation:[-1.505329166666667f,0f,1.8434965456214864e-16f,2.2321275f,0f,1.505329166666667f,0f,-0.40250935579243485f,-1.8434965456214864e-16f,0f,-1.505329166666667f,-0.5551342695374267f,0f,0f,0f,1f],start_interpolation:0}
execute if entity @s[tag=aj.attack.bone.left_bicep] run data modify entity @s {} merge value {transformation:[-1.5788933333333335f,0f,1.9335866668617618e-16f,2.044845625f,0f,1.5788933333333335f,0f,1.9740712692075655f,-1.9335866668617618e-16f,0f,-1.5788933333333335f,-0.5341130195374267f,0f,0f,0f,1f],start_interpolation:0}
execute if entity @s[tag=aj.attack.bone.left_shoulder] run data modify entity @s {} merge value {transformation:[-1f,0f,1.2246467991473532e-16f,1.795433125f,0f,1f,0f,2.215714394207565f,-1.2246467991473532e-16f,0f,-1f,-0.5341130195374267f,0f,0f,0f,1f],start_interpolation:0}