execute if entity @s[tag=aj.attack.bone.right_thumb_2] run data modify entity @s {} merge value {transformation:[-0.9762960071199334f,0.2164396139381029f,1.2060416625018976e-16f,-1.84718375f,0.2131514098652129f,0.9614638770465722f,-0.1736481776669303f,-7.2602558341317724f,-0.03758434453528561f,-0.1695320224998768f,-0.984807753012208f,0.5334013633715025f,0f,0f,0f,1f],start_interpolation:0}
execute if entity @s[tag=aj.attack.bone.right_thumb] run data modify entity @s {} merge value {transformation:[-1f,2.1265768495757707e-17f,1.2060416625018976e-16f,-1.99476f,0f,0.984807753012208f,-0.1736481776669303f,-6.977981618895575f,-1.2246467991473532e-16f,-0.1736481776669303f,-0.984807753012208f,0.4836288032670523f,0f,0f,0f,1f],start_interpolation:0}
execute if entity @s[tag=aj.attack.bone.right_fingers2] run data modify entity @s {} merge value {transformation:[-0.7933533402912352f,-0.6087614290087205f,1.2060416625018976e-16f,-2.1143993338474933f,-0.5995129750225788f,0.7813005203969409f,-0.1736481776669303f,-8.100373106079049f,0.1057103127812806f,-0.1377643617875451f,-0.984807753012208f,0.5100654212756469f,0f,0f,0f,1f],start_interpolation:0}
execute if entity @s[tag=aj.attack.bone.right_fingers] run data modify entity @s {} merge value {transformation:[-0.9659258262890683f,-0.25881904510252074f,1.2060416625018976e-16f,-2.19156125f,-0.25488700224417876f,0.9512512425641977f,-0.1736481776669303f,-7.640918703510865f,0.04494345552754765f,-0.16773125949652062f,-0.984807753012208f,0.42080087247601566f,0f,0f,0f,1f],start_interpolation:0}
execute if entity @s[tag=aj.attack.locator_origin.right_hand] at @s on origin run tp @s ^-2 ^-7.67298 ^0.42015 ~0 ~-10
execute if entity @s[tag=aj.attack.bone.right_hand] run data modify entity @s {} merge value {transformation:[-1f,2.1265768495757707e-17f,1.2060416625018976e-16f,-2.25406125f,0f,0.984807753012208f,-0.1736481776669303f,-6.951638894786459f,-1.2246467991473532e-16f,-0.1736481776669303f,-0.984807753012208f,0.269561016542675f,0f,0f,0f,1f],start_interpolation:0}
execute if entity @s[tag=aj.attack.bone.right_forearm] run data modify entity @s {} merge value {transformation:[-1.5053291666666664f,3.2011981568245196e-17f,1.8154896907792625e-16f,-2.2109925f,0f,1.4824598341687394f,-0.2613976665805454f,-4.812773866676057f,-1.8434965456214856e-16f,-0.2613976665805454f,-1.4824598341687394f,-0.1020546752382997f,0f,0f,0f,1f],start_interpolation:0}
execute if entity @s[tag=aj.attack.bone.right_bicep] run data modify entity @s {} merge value {transformation:[-1.5788933333333333f,3.357638010616187e-17f,1.9042111406464961e-16f,-2.107345625f,0f,1.554906395845955f,-0.27417195006379846f,-2.5605689650589643f,-1.9335866668617615e-16f,-0.27417195006379846f,-1.554906395845955f,-0.559789979940707f,0f,0f,0f,1f],start_interpolation:0}
execute if entity @s[tag=aj.attack.bone.right_shoulder] run data modify entity @s {} merge value {transformation:[-1f,2.1265768495757707e-17f,1.2060416625018976e-16f,-1.795433125f,0f,0.984807753012208f,-0.1736481776669303f,-2.311743930992683f,-1.2246467991473532e-16f,-0.1736481776669303f,-0.984807753012208f,-0.5402003836794362f,0f,0f,0f,1f],start_interpolation:0}
execute if entity @s[tag=aj.attack.bone.left_thumb_2] run data modify entity @s {} merge value {transformation:[-0.9762960071199334f,-0.21643961393810285f,1.2060416625018976e-16f,1.86831875f,-0.2131514098652129f,0.9614638770465722f,-0.1736481776669303f,-7.313864923123628f,0.03758434453528538f,-0.16953202249987687f,-0.984807753012208f,0.5352909120061442f,0f,0f,0f,1f],start_interpolation:0}
execute if entity @s[tag=aj.attack.bone.left_thumb] run data modify entity @s {} merge value {transformation:[-1f,2.1265768495757707e-17f,1.2060416625018976e-16f,2.015895f,0f,0.984807753012208f,-0.1736481776669303f,-7.03159070788743f,-1.2246467991473532e-16f,-0.1736481776669303f,-0.984807753012208f,0.48551835190169407f,0f,0f,0f,1f],start_interpolation:0}
execute if entity @s[tag=aj.attack.bone.left_fingers2] run data modify entity @s {} merge value {transformation:[-0.7933533402912352f,0.6087614290087205f,1.2060416625018976e-16f,2.1355343338474935f,0.5995129750225788f,0.7813005203969409f,-0.1736481776669303f,-8.153982195070904f,-0.10571031278128079f,-0.13776436178754495f,-0.984807753012208f,0.5119549699102887f,0f,0f,0f,1f],start_interpolation:0}
execute if entity @s[tag=aj.attack.bone.left_fingers] run data modify entity @s {} merge value {transformation:[-0.9659258262890683f,0.25881904510252074f,1.2060416625018976e-16f,2.21269625f,0.25488700224417876f,0.9512512425641977f,-0.1736481776669303f,-7.69452779250272f,-0.04494345552754789f,-0.16773125949652057f,-0.984807753012208f,0.4226904211106574f,0f,0f,0f,1f],start_interpolation:0}
execute if entity @s[tag=aj.attack.bone.left_hand] run data modify entity @s {} merge value {transformation:[-1f,2.1265768495757707e-17f,1.2060416625018976e-16f,2.27519625f,0f,0.984807753012208f,-0.1736481776669303f,-7.005247983778315f,-1.2246467991473532e-16f,-0.1736481776669303f,-0.984807753012208f,0.27145056517731675f,0f,0f,0f,1f],start_interpolation:0}
execute if entity @s[tag=aj.attack.bone.left_forearm] run data modify entity @s {} merge value {transformation:[-1.505329166666667f,3.201198156824521e-17f,1.8154896907792632e-16f,2.2321275f,0f,1.48245983416874f,-0.26139766658054553f,-4.866382955667913f,-1.8434965456214864e-16f,-0.26139766658054553f,-1.48245983416874f,-0.10016512660365795f,0f,0f,0f,1f],start_interpolation:0}
execute if entity @s[tag=aj.attack.bone.left_bicep] run data modify entity @s {} merge value {transformation:[-1.5788933333333333f,3.357638010616187e-17f,1.9042111406464961e-16f,2.044845625f,0f,1.554906395845955f,-0.27417195006379846f,-2.522257628754532f,-1.9335866668617615e-16f,-0.27417195006379846f,-1.554906395845955f,-0.49215213123543433f,0f,0f,0f,1f],start_interpolation:0}
execute if entity @s[tag=aj.attack.bone.left_shoulder] run data modify entity @s {} merge value {transformation:[-1f,2.1265768495757707e-17f,1.2060416625018976e-16f,1.795433125f,0f,0.984807753012208f,-0.1736481776669303f,-2.284285605792434f,-1.2246467991473532e-16f,-0.1736481776669303f,-0.984807753012208f,-0.5341130195374266f,0f,0f,0f,1f],start_interpolation:0}