execute if entity @s[tag=aj.attack.bone.right_thumb_2] run data modify entity @s {} merge value {transformation:[-0.9762960071199334f,0.21643961393810288f,1.222663970354867e-16f,-1.84718375f,0.21608917600069114f,0.9747152837356444f,-0.056882191127666765f,-3.004093395550195f,-0.012311559487625695f,-0.05553385607417394f,-0.998380897419675f,-0.02681561717161715f,0f,0f,0f,1f],start_interpolation:0}
execute if entity @s[tag=aj.attack.bone.right_thumb] run data modify entity @s {} merge value {transformation:[-1f,6.966059329298505e-18f,1.222663970354867e-16f,-1.99476f,0f,0.998380897419675f,-0.056882191127666765f,-2.717928726898915f,-1.2246467991473532e-16f,-0.056882191127666765f,-0.998380897419675f,-0.043119688511801396f,0f,0f,0f,1f],start_interpolation:0}
execute if entity @s[tag=aj.attack.bone.right_fingers2] run data modify entity @s {} merge value {transformation:[-0.7933533402912352f,-0.6087614290087205f,1.222663970354867e-16f,-2.114399333847494f,-0.6077757818082101f,0.7920688198508601f,-0.056882191127666765f,-3.8356676268893257f,0.03462768395602549f,-0.045127676334218964f,-0.998380897419675f,-0.14857724737739292f,0f,0f,0f,1f],start_interpolation:0}
execute if entity @s[tag=aj.attack.bone.right_fingers] run data modify entity @s {} merge value {transformation:[-0.9659258262890683f,-0.25881904510252074f,1.222663970354867e-16f,-2.19156125f,-0.258399990518758f,0.964361893291321f,-0.056882191127666765f,-3.3689126100004483f,0.014722194391001671f,-0.05494397746612426f,-0.998380897419675f,-0.1833085289655007f,0f,0f,0f,1f],start_interpolation:0}
execute if entity @s[tag=aj.attack.locator_origin.right_hand] at @s on origin run tp @s ^-2 ^-3.40068 ^-0.18771 ~0 ~-3.26087
execute if entity @s[tag=aj.attack.bone.right_hand] run data modify entity @s {} merge value {transformation:[-1f,6.966059329298505e-18f,1.222663970354867e-16f,-2.25406125f,0f,0.998380897419675f,-0.056882191127666765f,-2.6666473707591813f,-1.2246467991473532e-16f,-0.056882191127666765f,-0.998380897419675f,-0.25261713226477966f,0f,0f,0f,1f],start_interpolation:0}
execute if entity @s[tag=aj.attack.bone.right_forearm] run data modify entity @s {} merge value {transformation:[-1.505329166666667f,1.048621228512348e-17f,1.8405117356076505e-16f,-2.2109925f,0f,1.5028918843286785f,-0.08562642136838469f,-0.49895159345495266f,-1.8434965456214864e-16f,-0.08562642136838469f,-1.5028918843286785f,-0.3706715600046073f,0f,0f,0f,1f],start_interpolation:0}
execute if entity @s[tag=aj.attack.bone.right_bicep] run data modify entity @s {} merge value {transformation:[-1.578893333333333f,1.099866463463388e-17f,1.9304559917001635e-16f,-2.107345625f,0f,1.576336943063275f,-0.08981091235686552f,1.7914070128797825f,-1.9335866668617613e-16f,-0.08981091235686552f,-1.576336943063275f,-0.560950256729885f,0f,0f,0f,1f],start_interpolation:0}
execute if entity @s[tag=aj.attack.bone.right_shoulder] run data modify entity @s {} merge value {transformation:[-1f,6.966059329298505e-18f,1.222663970354867e-16f,-1.795433125f,0f,0.998380897419675f,-0.056882191127666765f,2.032658892872577f,-1.2246467991473532e-16f,-0.056882191127666765f,-0.998380897419675f,-0.5746954471508215f,0f,0f,0f,1f],start_interpolation:0}
execute if entity @s[tag=aj.attack.bone.left_thumb_2] run data modify entity @s {} merge value {transformation:[-0.9762960071199334f,-0.21643961393810288f,1.222663970354867e-16f,1.86831875f,-0.21608917600069114f,0.9747152837356444f,-0.056882191127666765f,-2.904607719818426f,0.012311559487625455f,-0.05553385607417399f,-0.998380897419675f,-0.06231398738182357f,0f,0f,0f,1f],start_interpolation:0}
execute if entity @s[tag=aj.attack.bone.left_thumb] run data modify entity @s {} merge value {transformation:[-1f,6.966059329298505e-18f,1.222663970354867e-16f,2.015895f,0f,0.998380897419675f,-0.056882191127666765f,-2.618443051167146f,-1.2246467991473532e-16f,-0.056882191127666765f,-0.998380897419675f,-0.07861805872200778f,0f,0f,0f,1f],start_interpolation:0}
execute if entity @s[tag=aj.attack.bone.left_fingers2] run data modify entity @s {} merge value {transformation:[-0.7933533402912352f,0.6087614290087205f,1.222663970354867e-16f,2.135534333847494f,0.6077757818082101f,0.7920688198508601f,-0.056882191127666765f,-3.736181951157557f,-0.03462768395602568f,-0.04512767633421881f,-0.998380897419675f,-0.18407561758759927f,0f,0f,0f,1f],start_interpolation:0}
execute if entity @s[tag=aj.attack.bone.left_fingers] run data modify entity @s {} merge value {transformation:[-0.9659258262890683f,0.25881904510252074f,1.222663970354867e-16f,2.21269625f,0.258399990518758f,0.964361893291321f,-0.056882191127666765f,-3.2694269342686795f,-0.014722194391001907f,-0.05494397746612419f,-0.998380897419675f,-0.218806899175707f,0f,0f,0f,1f],start_interpolation:0}
execute if entity @s[tag=aj.attack.bone.left_hand] run data modify entity @s {} merge value {transformation:[-1f,6.966059329298505e-18f,1.222663970354867e-16f,2.27519625f,0f,0.998380897419675f,-0.056882191127666765f,-2.5671616950274125f,-1.2246467991473532e-16f,-0.056882191127666765f,-0.998380897419675f,-0.28811550247498596f,0f,0f,0f,1f],start_interpolation:0}
execute if entity @s[tag=aj.attack.bone.left_forearm] run data modify entity @s {} merge value {transformation:[-1.505329166666667f,1.048621228512348e-17f,1.8405117356076505e-16f,2.2321275f,0f,1.5028918843286785f,-0.08562642136838469f,-0.3994659177231843f,-1.8434965456214864e-16f,-0.08562642136838469f,-1.5028918843286785f,-0.4061699302148136f,0f,0f,0f,1f],start_interpolation:0}
execute if entity @s[tag=aj.attack.bone.left_bicep] run data modify entity @s {} merge value {transformation:[-1.5788933333333335f,1.0998664634633883e-17f,1.930455991700164e-16f,2.044845625f,0f,1.5763369430632754f,-0.08981091235686554f,1.9744625142147707f,-1.9335866668617618e-16f,-0.08981091235686554f,-1.5763369430632754f,-0.52036782911649f,0f,0f,0f,1f],start_interpolation:0}
execute if entity @s[tag=aj.attack.bone.left_shoulder] run data modify entity @s {} merge value {transformation:[-1f,6.966059329298505e-18f,1.222663970354867e-16f,1.795433125f,0f,0.998380897419675f,-0.056882191127666765f,2.215714394207565f,-1.2246467991473532e-16f,-0.056882191127666765f,-0.998380897419675f,-0.5341130195374267f,0f,0f,0f,1f],start_interpolation:0}