execute if entity @s[tag=aj.attack.bone.right_thumb_2] run data modify entity @s {} merge value {transformation:[-0.9762960071199334f,0.21643961393810288f,1.2208716217707887e-16f,-1.84718375f,0.2157724028414011f,0.9732864123523028f,-0.07845909572784501f,-2.991067516956939f,-0.01698165638926755f,-0.07659930188133568f,-0.996917333733128f,0.0819771365707137f,0f,0f,0f,1f],start_interpolation:0}
execute if entity @s[tag=aj.attack.bone.right_thumb] run data modify entity @s {} merge value {transformation:[-1f,9.608468044710115e-18f,1.2208716217707887e-16f,-1.99476f,0f,0.996917333733128f,-0.07845909572784501f,-2.7053223477356796f,-1.2246467991473532e-16f,-0.07845909572784501f,-0.996917333733128f,0.05948850403611111f,0f,0f,0f,1f],start_interpolation:0}
execute if entity @s[tag=aj.attack.bone.right_fingers2] run data modify entity @s {} merge value {transformation:[-0.7933533402912352f,-0.6087614290087205f,1.2208716217707887e-16f,-2.114399333847494f,-0.6068848206869426f,0.7909076967114091f,-0.07845909572784501f,-3.8250804047049174f,0.047762871234014834f,-0.062245785671915695f,-0.996917333733128f,-0.021773043611841895f,0f,0f,0f,1f],start_interpolation:0}
execute if entity @s[tag=aj.attack.bone.right_fingers] run data modify entity @s {} merge value {transformation:[-0.9659258262890683f,-0.25881904510252074f,1.2208716217707887e-16f,-2.19156125f,-0.2580211923629592f,0.9629481993280665f,-0.07845909572784501f,-3.3591856112124048f,0.020306708235887993f,-0.07578566687081183f,-0.996917333733128f,-0.0665898831730788f,0f,0f,0f,1f],start_interpolation:0}
execute if entity @s[tag=aj.attack.locator_origin.right_hand] at @s on origin run tp @s ^-2 ^-3.39104 ^-0.07031 ~0 ~-4.5
execute if entity @s[tag=aj.attack.bone.right_hand] run data modify entity @s {} merge value {transformation:[-1f,9.608468044710115e-18f,1.2208716217707887e-16f,-2.25406125f,0f,0.996917333733128f,-0.07845909572784501f,-2.658583412193894f,-1.2246467991473532e-16f,-0.07845909572784501f,-0.996917333733128f,-0.15106891884653934f,0f,0f,0f,1f],start_interpolation:0}
execute if entity @s[tag=aj.attack.bone.right_forearm] run data modify entity @s {} merge value {transformation:[-1.505329166666667f,1.4463907194686776e-17f,1.8378136610072038e-16f,-2.2109925f,0f,1.500688739224045f,-0.11810676518941719f,-0.49394750876521964f,-1.8434965456214864e-16f,-0.11810676518941719f,-1.500688739224045f,-0.3159726375404795f,0f,0f,0f,1f],start_interpolation:0}
execute if entity @s[tag=aj.attack.bone.right_bicep] run data modify entity @s {} merge value {transformation:[-1.578893333333333f,1.5170746139339165e-17f,1.927626064469753e-16f,-2.107345625f,0f,1.5740261321156772f,-0.12387854318405628f,1.7917606729826363f,-1.9335866668617613e-16f,-0.12387854318405628f,-1.5740261321156772f,-0.555736346074471f,0f,0f,0f,1f],start_interpolation:0}
execute if entity @s[tag=aj.attack.bone.right_shoulder] run data modify entity @s {} merge value {transformation:[-1f,9.608468044710115e-18f,1.2208716217707887e-16f,-1.795433125f,0f,0.996917333733128f,-0.07845909572784501f,2.032658892872577f,-1.2246467991473532e-16f,-0.07845909572784501f,-0.996917333733128f,-0.5746954471508215f,0f,0f,0f,1f],start_interpolation:0}
execute if entity @s[tag=aj.attack.bone.left_thumb_2] run data modify entity @s {} merge value {transformation:[-0.9762960071199334f,-0.21643961393810288f,1.2208716217707887e-16f,1.86831875f,-0.2157724028414011f,0.9732864123523028f,-0.07845909572784501f,-2.893207562216975f,0.016981656389267314f,-0.07659930188133574f,-0.996917333733128f,0.04830377391019618f,0f,0f,0f,1f],start_interpolation:0}
execute if entity @s[tag=aj.attack.bone.left_thumb] run data modify entity @s {} merge value {transformation:[-1f,9.608468044710115e-18f,1.2208716217707887e-16f,2.015895f,0f,0.996917333733128f,-0.07845909572784501f,-2.6074623929957155f,-1.2246467991473532e-16f,-0.07845909572784501f,-0.996917333733128f,0.025815141375593625f,0f,0f,0f,1f],start_interpolation:0}
execute if entity @s[tag=aj.attack.bone.left_fingers2] run data modify entity @s {} merge value {transformation:[-0.7933533402912352f,0.6087614290087205f,1.2208716217707887e-16f,2.135534333847494f,0.6068848206869426f,0.7909076967114091f,-0.07845909572784501f,-3.7272204499649533f,-0.04776287123401503f,-0.06224578567191555f,-0.996917333733128f,-0.055446406272359354f,0f,0f,0f,1f],start_interpolation:0}
execute if entity @s[tag=aj.attack.bone.left_fingers] run data modify entity @s {} merge value {transformation:[-0.9659258262890683f,0.25881904510252074f,1.2208716217707887e-16f,2.21269625f,0.2580211923629592f,0.9629481993280665f,-0.07845909572784501f,-3.2613256564724407f,-0.02030670823588823f,-0.07578566687081177f,-0.996917333733128f,-0.10026324583359622f,0f,0f,0f,1f],start_interpolation:0}
execute if entity @s[tag=aj.attack.bone.left_hand] run data modify entity @s {} merge value {transformation:[-1f,9.608468044710115e-18f,1.2208716217707887e-16f,2.27519625f,0f,0.996917333733128f,-0.07845909572784501f,-2.5607234574539297f,-1.2246467991473532e-16f,-0.07845909572784501f,-0.996917333733128f,-0.18474228150705674f,0f,0f,0f,1f],start_interpolation:0}
execute if entity @s[tag=aj.attack.bone.left_forearm] run data modify entity @s {} merge value {transformation:[-1.505329166666667f,1.4463907194686776e-17f,1.8378136610072038e-16f,2.2321275f,0f,1.500688739224045f,-0.11810676518941719f,-0.396087554025256f,-1.8434965456214864e-16f,-0.11810676518941719f,-1.500688739224045f,-0.3496460002009969f,0f,0f,0f,1f],start_interpolation:0}
execute if entity @s[tag=aj.attack.bone.left_bicep] run data modify entity @s {} merge value {transformation:[-1.5788933333333335f,1.517074613933917e-17f,1.9276260644697534e-16f,2.044845625f,0f,1.5740261321156777f,-0.12387854318405632f,1.9748161743176245f,-1.9335866668617618e-16f,-0.12387854318405632f,-1.5740261321156777f,-0.5151539184610762f,0f,0f,0f,1f],start_interpolation:0}
execute if entity @s[tag=aj.attack.bone.left_shoulder] run data modify entity @s {} merge value {transformation:[-1f,9.608468044710115e-18f,1.2208716217707887e-16f,1.795433125f,0f,0.996917333733128f,-0.07845909572784501f,2.215714394207565f,-1.2246467991473532e-16f,-0.07845909572784501f,-0.996917333733128f,-0.5341130195374267f,0f,0f,0f,1f],start_interpolation:0}