execute if entity @s[tag=aj.attack.bone.right_thumb_2] run data modify entity @s {} merge value {transformation:[-0.9762960071199334f,0.21643961393810288f,1.2245206567775776e-16f,-1.84718375f,0.2164173199952007f,0.9761954456421044f,0.014352543806172957f,-3.0303205232397294f,0.0031064590404376647f,0.014012331209980616f,-0.9998969969383306f,-0.386851482506851f,0f,0f,0f,1f],start_interpolation:0}
execute if entity @s[tag=aj.attack.bone.right_thumb] run data modify entity @s {} merge value {transformation:[-1f,-1.7576796831851913e-18f,1.2245206567775776e-16f,-1.99476f,0f,0.9998969969383306f,0.014352543806172957f,-2.7437212968785416f,-1.2246467991473532e-16f,0.014352543806172957f,-0.9998969969383306f,-0.3827376308163674f,0f,0f,0f,1f],start_interpolation:0}
execute if entity @s[tag=aj.attack.bone.right_fingers2] run data modify entity @s {} merge value {transformation:[-0.7933533402912352f,-0.6087614290087205f,1.2245206567775776e-16f,-2.114399333847494f,-0.6086987247177065f,0.7932716224681995f,0.014352543806172957f,-3.851113819421419f,-0.008737275077356207f,0.01138663857030352f,-0.9998969969383306f,-0.5675168133283239f,0f,0f,0f,1f],start_interpolation:0}
execute if entity @s[tag=aj.attack.bone.right_fingers] run data modify entity @s {} merge value {transformation:[-0.9659258262890683f,-0.25881904510252074f,1.2245206567775776e-16f,-2.19156125f,-0.2587923859484568f,0.9658263329716149f,0.014352543806172957f,-3.383070523814777f,-0.0037147116827059017f,0.013863492735327632f,-0.9998969969383306f,-0.5689243464051604f,0f,0f,0f,1f],start_interpolation:0}
execute if entity @s[tag=aj.attack.locator_origin.right_hand] at @s on origin run tp @s ^-2 ^-3.41444 ^-0.57558 ~0 ~0.82237
execute if entity @s[tag=aj.attack.bone.right_hand] run data modify entity @s {} merge value {transformation:[-1f,-1.7576796831851913e-18f,1.2245206567775776e-16f,-2.25406125f,0f,0.9998969969383306f,0.014352543806172957f,-2.6776527113415143f,-1.2246467991473532e-16f,0.014352543806172957f,-0.9998969969383306f,-0.5880517765338483f,0f,0f,0f,1f],start_interpolation:0}
execute if entity @s[tag=aj.attack.bone.right_forearm] run data modify entity @s {} merge value {transformation:[-1.505329166666667f,-2.6458864927560956e-18f,1.8433066598331106e-16f,-2.2109925f,0f,1.50517411315368f,0.02160530280729317f,-0.5070531486551517f,-1.8434965456214864e-16f,0.02160530280729317f,-1.50517411315368f,-0.5514543815810031f,0f,0f,0f,1f],start_interpolation:0}
execute if entity @s[tag=aj.attack.bone.right_bicep] run data modify entity @s {} merge value {transformation:[-1.578893333333333f,-2.7751887339165434e-18f,1.9333875015150718e-16f,-2.107345625f,0f,1.5787307024859503f,0.022661135731941104f,1.7910406578542837f,-1.9335866668617613e-16f,0.022661135731941104f,-1.5787307024859503f,-0.5781636406878446f,0f,0f,0f,1f],start_interpolation:0}
execute if entity @s[tag=aj.attack.bone.right_shoulder] run data modify entity @s {} merge value {transformation:[-1f,-1.7576796831851913e-18f,1.2245206567775776e-16f,-1.795433125f,0f,0.9998969969383306f,0.014352543806172957f,2.032658892872577f,-1.2246467991473532e-16f,0.014352543806172957f,-0.9998969969383306f,-0.5746954471508215f,0f,0f,0f,1f],start_interpolation:0}
execute if entity @s[tag=aj.attack.bone.left_thumb_2] run data modify entity @s {} merge value {transformation:[-0.9762960071199334f,-0.21643961393810288f,1.2245206567775776e-16f,1.86831875f,-0.2164173199952007f,0.9761954456421044f,0.014352543806172957f,-2.925205336903141f,-0.003106459040437904f,0.014012331209980564f,-0.9998969969383306f,-0.42810737627640183f,0f,0f,0f,1f],start_interpolation:0}
execute if entity @s[tag=aj.attack.bone.left_thumb] run data modify entity @s {} merge value {transformation:[-1f,-1.7576796831851913e-18f,1.2245206567775776e-16f,2.015895f,0f,0.9998969969383306f,0.014352543806172957f,-2.638606110541953f,-1.2246467991473532e-16f,0.014352543806172957f,-0.9998969969383306f,-0.4239935245859182f,0f,0f,0f,1f],start_interpolation:0}
execute if entity @s[tag=aj.attack.bone.left_fingers2] run data modify entity @s {} merge value {transformation:[-0.7933533402912352f,0.6087614290087205f,1.2245206567775776e-16f,2.135534333847494f,0.6086987247177065f,0.7932716224681995f,0.014352543806172957f,-3.7459986330848305f,0.008737275077356013f,0.011386638570303668f,-0.9998969969383306f,-0.6087727070978748f,0f,0f,0f,1f],start_interpolation:0}
execute if entity @s[tag=aj.attack.bone.left_fingers] run data modify entity @s {} merge value {transformation:[-0.9659258262890683f,0.25881904510252074f,1.2245206567775776e-16f,2.21269625f,0.2587923859484568f,0.9658263329716149f,0.014352543806172957f,-3.2779553374781885f,0.003714711682705665f,0.013863492735327694f,-0.9998969969383306f,-0.6101802401747112f,0f,0f,0f,1f],start_interpolation:0}
execute if entity @s[tag=aj.attack.bone.left_hand] run data modify entity @s {} merge value {transformation:[-1f,-1.7576796831851913e-18f,1.2245206567775776e-16f,2.27519625f,0f,0.9998969969383306f,0.014352543806172957f,-2.572537525004926f,-1.2246467991473532e-16f,0.014352543806172957f,-0.9998969969383306f,-0.6293076703033991f,0f,0f,0f,1f],start_interpolation:0}
execute if entity @s[tag=aj.attack.bone.left_forearm] run data modify entity @s {} merge value {transformation:[-1.505329166666667f,-2.6458864927560956e-18f,1.8433066598331106e-16f,2.2321275f,0f,1.50517411315368f,0.02160530280729317f,-0.4019379623185637f,-1.8434965456214864e-16f,0.02160530280729317f,-1.50517411315368f,-0.592710275350554f,0f,0f,0f,1f],start_interpolation:0}
execute if entity @s[tag=aj.attack.bone.left_bicep] run data modify entity @s {} merge value {transformation:[-1.5788933333333335f,-2.775188733916544e-18f,1.9333875015150723e-16f,2.044845625f,0f,1.5787307024859507f,0.02266113573194111f,1.9740961591892718f,-1.9335866668617618e-16f,0.02266113573194111f,-1.5787307024859507f,-0.5375812130744497f,0f,0f,0f,1f],start_interpolation:0}
execute if entity @s[tag=aj.attack.bone.left_shoulder] run data modify entity @s {} merge value {transformation:[-1f,-1.7576796831851913e-18f,1.2245206567775776e-16f,1.795433125f,0f,0.9998969969383306f,0.014352543806172957f,2.215714394207565f,-1.2246467991473532e-16f,0.014352543806172957f,-0.9998969969383306f,-0.5341130195374267f,0f,0f,0f,1f],start_interpolation:0}