execute if entity @s[tag=aj.attack.bone.right_thumb_2] run data modify entity @s {} merge value {transformation:[-0.9762960071199334f,0.21643961393810288f,1.224019923489678e-16f,-1.84718375f,0.21632882221805033f,0.975796257966157f,-0.03199224307541268f,-3.0161792775587246f,-0.006924388740256385f,-0.03123389917333571f,-0.9994881171794908f,-0.1524644063378837f,0f,0f,0f,1f],start_interpolation:0}
execute if entity @s[tag=aj.attack.bone.right_thumb] run data modify entity @s {} merge value {transformation:[-1f,3.917919807984821e-18f,1.224019923489678e-16f,-1.99476f,0f,0.9994881171794908f,-0.03199224307541268f,-2.7296972478917136f,-1.2246467991473532e-16f,-0.03199224307541268f,-0.9994881171794908f,-0.16163430298028542f,0f,0f,0f,1f],start_interpolation:0}
execute if entity @s[tag=aj.attack.bone.right_fingers2] run data modify entity @s {} merge value {transformation:[-0.7933533402912352f,-0.6087614290087205f,1.224019923489678e-16f,-2.114399333847494f,-0.6084498144914224f,0.7929472363457466f,-0.03199224307541268f,-3.8444620126834708f,0.019475643611782473f,-0.025381152907287863f,-0.9994881171794908f,-0.29490494660611255f,0f,0f,0f,1f],start_interpolation:0}
execute if entity @s[tag=aj.attack.bone.right_fingers] run data modify entity @s {} merge value {transformation:[-0.9659258262890683f,-0.25881904510252074f,1.224019923489678e-16f,-2.19156125f,-0.2586865600797122f,0.9654313854527048f,-0.03199224307541268f,-3.3769866139279685f,0.008280201803465923f,-0.03090213382745875f,-0.9994881171794908f,-0.31799735380140154f,0f,0f,0f,1f],start_interpolation:0}
execute if entity @s[tag=aj.attack.locator_origin.right_hand] at @s on origin run tp @s ^-2 ^-3.40863 ^-0.32319 ~0 ~-1.83333
execute if entity @s[tag=aj.attack.bone.right_hand] run data modify entity @s {} merge value {transformation:[-1f,3.917919807984821e-18f,1.224019923489678e-16f,-2.25406125f,0f,0.9994881171794908f,-0.03199224307541268f,-2.673212675578107f,-1.2246467991473532e-16f,-0.03199224307541268f,-0.9994881171794908f,-0.3697891720492348f,0f,0f,0f,1f],start_interpolation:0}
execute if entity @s[tag=aj.attack.bone.right_forearm] run data modify entity @s {} merge value {transformation:[-1.505329166666667f,5.897758959620619e-18f,1.8425528914101148e-16f,-2.2109925f,0f,1.504558614527039f,-0.04815885660850842f,-0.503248634830674f,-1.8434965456214864e-16f,-0.04815885660850842f,-1.504558614527039f,-0.43380395717449555f,0f,0f,0f,1f],start_interpolation:0}
execute if entity @s[tag=aj.attack.bone.right_bicep] run data modify entity @s {} merge value {transformation:[-1.578893333333333f,6.185977465361846e-18f,1.932596897065029e-16f,-2.107345625f,0f,1.5780851249605832f,-0.05051233931014857f,1.791139460836959f,-1.9335866668617613e-16f,-0.05051233931014857f,-1.5780851249605832f,-0.5669647415583192f,0f,0f,0f,1f],start_interpolation:0}
execute if entity @s[tag=aj.attack.bone.right_shoulder] run data modify entity @s {} merge value {transformation:[-1f,3.917919807984821e-18f,1.224019923489678e-16f,-1.795433125f,0f,0.9994881171794908f,-0.03199224307541268f,2.032658892872577f,-1.2246467991473532e-16f,-0.03199224307541268f,-0.9994881171794908f,-0.5746954471508215f,0f,0f,0f,1f],start_interpolation:0}
execute if entity @s[tag=aj.attack.bone.left_thumb_2] run data modify entity @s {} merge value {transformation:[-0.9762960071199334f,-0.21643961393810288f,1.224019923489678e-16f,1.86831875f,-0.21632882221805033f,0.975796257966157f,-0.03199224307541268f,-2.91477229170236f,0.0069243887402561455f,-0.031233899173335765f,-0.9994881171794908f,-0.19002110764825583f,0f,0f,0f,1f],start_interpolation:0}
execute if entity @s[tag=aj.attack.bone.left_thumb] run data modify entity @s {} merge value {transformation:[-1f,3.917919807984821e-18f,1.224019923489678e-16f,2.015895f,0f,0.9994881171794908f,-0.03199224307541268f,-2.6282902620353488f,-1.2246467991473532e-16f,-0.03199224307541268f,-0.9994881171794908f,-0.1991910042906575f,0f,0f,0f,1f],start_interpolation:0}
execute if entity @s[tag=aj.attack.bone.left_fingers2] run data modify entity @s {} merge value {transformation:[-0.7933533402912352f,0.6087614290087205f,1.224019923489678e-16f,2.135534333847494f,0.6084498144914224f,0.7929472363457466f,-0.03199224307541268f,-3.743055026827106f,-0.019475643611782667f,-0.025381152907287718f,-0.9994881171794908f,-0.3324616479164846f,0f,0f,0f,1f],start_interpolation:0}
execute if entity @s[tag=aj.attack.bone.left_fingers] run data modify entity @s {} merge value {transformation:[-0.9659258262890683f,0.25881904510252074f,1.224019923489678e-16f,2.21269625f,0.2586865600797122f,0.9654313854527048f,-0.03199224307541268f,-3.2755796280716036f,-0.008280201803466159f,-0.030902133827458687f,-0.9994881171794908f,-0.3555540551117735f,0f,0f,0f,1f],start_interpolation:0}
execute if entity @s[tag=aj.attack.bone.left_hand] run data modify entity @s {} merge value {transformation:[-1f,3.917919807984821e-18f,1.224019923489678e-16f,2.27519625f,0f,0.9994881171794908f,-0.03199224307541268f,-2.5718056897217423f,-1.2246467991473532e-16f,-0.03199224307541268f,-0.9994881171794908f,-0.40734587335960676f,0f,0f,0f,1f],start_interpolation:0}
execute if entity @s[tag=aj.attack.bone.left_forearm] run data modify entity @s {} merge value {transformation:[-1.505329166666667f,5.897758959620619e-18f,1.8425528914101148e-16f,2.2321275f,0f,1.504558614527039f,-0.04815885660850842f,-0.4018416489743095f,-1.8434965456214864e-16f,-0.04815885660850842f,-1.504558614527039f,-0.4713606584848675f,0f,0f,0f,1f],start_interpolation:0}
execute if entity @s[tag=aj.attack.bone.left_bicep] run data modify entity @s {} merge value {transformation:[-1.5788933333333335f,6.1859774653618474e-18f,1.9325968970650296e-16f,2.044845625f,0f,1.5780851249605836f,-0.050512339310148584f,1.9741949621719472f,-1.9335866668617618e-16f,-0.050512339310148584f,-1.5780851249605836f,-0.5263823139449244f,0f,0f,0f,1f],start_interpolation:0}
execute if entity @s[tag=aj.attack.bone.left_shoulder] run data modify entity @s {} merge value {transformation:[-1f,3.917919807984821e-18f,1.224019923489678e-16f,1.795433125f,0f,0.9994881171794908f,-0.03199224307541268f,2.215714394207565f,-1.2246467991473532e-16f,-0.03199224307541268f,-0.9994881171794908f,-0.5341130195374267f,0f,0f,0f,1f],start_interpolation:0}