execute if entity @s[tag=aj.attack.bone.right_thumb_2] run data modify entity @s {} merge value {transformation:[-0.9762960071199334f,0.21643961393810288f,1.2222525549232048e-16f,-1.84718375f,0.21601646393607046f,0.9743873008074412f,-0.06250020266963488f,-3.0009301449546197f,-0.01352751973686908f,-0.0610186983105511f,-0.9980449512252715f,0.0015226723976302509f,0f,0f,0f,1f],start_interpolation:0}
execute if entity @s[tag=aj.attack.bone.right_thumb] run data modify entity @s {} merge value {transformation:[-1f,7.654067314542918e-18f,1.2222525549232048e-16f,-1.99476f,0f,0.9980449512252715f,-0.06250020266963488f,-2.714861768141109f,-1.2246467991473532e-16f,-0.06250020266963488f,-0.9980449512252715f,-0.016391682568313887f,0f,0f,0f,1f],start_interpolation:0}
execute if entity @s[tag=aj.attack.bone.right_fingers2] run data modify entity @s {} merge value {transformation:[-0.7933533402912352f,-0.6087614290087205f,1.2222525549232048e-16f,-2.114399333847494f,-0.6075712707228351f,0.7918022958153721f,-0.06250020266963488f,-3.8331764837425064f,0.03804771269050149f,-0.04958474455683408f,-0.9980449512252715f,-0.11555690904931881f,0f,0f,0f,1f],start_interpolation:0}
execute if entity @s[tag=aj.attack.bone.right_fingers] run data modify entity @s {} merge value {transformation:[-0.9659258262890683f,-0.25881904510252074f,1.2222525549232048e-16f,-2.19156125f,-0.25831304124551663f,0.9640373941859033f,-0.06250020266963488f,-3.366624327578775f,0.0161762427736688f,-0.060370559906901336f,-0.9980449512252715f,-0.1529145493744516f,0f,0f,0f,1f],start_interpolation:0}
execute if entity @s[tag=aj.attack.locator_origin.right_hand] at @s on origin run tp @s ^-2 ^-3.39842 ^-0.15714 ~0 ~-3.58333
execute if entity @s[tag=aj.attack.bone.right_hand] run data modify entity @s {} merge value {transformation:[-1f,7.654067314542918e-18f,1.2222525549232048e-16f,-2.25406125f,0f,0.9980449512252715f,-0.06250020266963488f,-2.664760280968365f,-1.2246467991473532e-16f,-0.06250020266963488f,-0.9980449512252715f,-0.22617442115669695f,0f,0f,0f,1f],start_interpolation:0}
execute if entity @s[tag=aj.attack.bone.right_forearm] run data modify entity @s {} merge value {transformation:[-1.505329166666667f,1.1521890772211465e-17f,1.8398924199587525e-16f,-2.2109925f,0f,1.5023861747238123f,-0.09408337800117927f,-0.4977632476947109f,-1.8434965456214864e-16f,-0.09408337800117927f,-1.5023861747238123f,-0.3564268247227952f,0f,0f,0f,1f],start_interpolation:0}
execute if entity @s[tag=aj.attack.bone.right_bicep] run data modify entity @s {} merge value {transformation:[-1.578893333333333f,1.2084955855816381e-17f,1.9298064106178816e-16f,-2.107345625f,0f,1.5758065198565727f,-0.0986811533270687f,1.79148819196803f,-1.9335866668617613e-16f,-0.0986811533270687f,-1.5758065198565727f,-0.5595927028645977f,0f,0f,0f,1f],start_interpolation:0}
execute if entity @s[tag=aj.attack.bone.right_shoulder] run data modify entity @s {} merge value {transformation:[-1f,7.654067314542918e-18f,1.2222525549232048e-16f,-1.795433125f,0f,0.9980449512252715f,-0.06250020266963488f,2.032658892872577f,-1.2246467991473532e-16f,-0.06250020266963488f,-0.9980449512252715f,-0.5746954471508215f,0f,0f,0f,1f],start_interpolation:0}
execute if entity @s[tag=aj.attack.bone.left_thumb_2] run data modify entity @s {} merge value {transformation:[-0.9762960071199334f,-0.21643961393810288f,1.2222525549232048e-16f,1.86831875f,-0.21601646393607046f,0.9743873008074412f,-0.06250020266963488f,-2.90187133030331f,0.01352751973686884f,-0.06101869831055116f,-0.9980449512252715f,-0.033504159838494106f,0f,0f,0f,1f],start_interpolation:0}
execute if entity @s[tag=aj.attack.bone.left_thumb] run data modify entity @s {} merge value {transformation:[-1f,7.654067314542918e-18f,1.2222525549232048e-16f,2.015895f,0f,0.9980449512252715f,-0.06250020266963488f,-2.615802953489799f,-1.2246467991473532e-16f,-0.06250020266963488f,-0.9980449512252715f,-0.05141851480443821f,0f,0f,0f,1f],start_interpolation:0}
execute if entity @s[tag=aj.attack.bone.left_fingers2] run data modify entity @s {} merge value {transformation:[-0.7933533402912352f,0.6087614290087205f,1.2222525549232048e-16f,2.135534333847494f,0.6075712707228351f,0.7918022958153721f,-0.06250020266963488f,-3.7341176690911966f,-0.03804771269050168f,-0.049584744556833926f,-0.9980449512252715f,-0.15058374128544313f,0f,0f,0f,1f],start_interpolation:0}
execute if entity @s[tag=aj.attack.bone.left_fingers] run data modify entity @s {} merge value {transformation:[-0.9659258262890683f,0.25881904510252074f,1.2222525549232048e-16f,2.21269625f,0.25831304124551663f,0.9640373941859033f,-0.06250020266963488f,-3.267565512927465f,-0.016176242773669035f,-0.06037055990690127f,-0.9980449512252715f,-0.18794138161057586f,0f,0f,0f,1f],start_interpolation:0}
execute if entity @s[tag=aj.attack.bone.left_hand] run data modify entity @s {} merge value {transformation:[-1f,7.654067314542918e-18f,1.2222525549232048e-16f,2.27519625f,0f,0.9980449512252715f,-0.06250020266963488f,-2.565701466317055f,-1.2246467991473532e-16f,-0.06250020266963488f,-0.9980449512252715f,-0.2612012533928212f,0f,0f,0f,1f],start_interpolation:0}
execute if entity @s[tag=aj.attack.bone.left_forearm] run data modify entity @s {} merge value {transformation:[-1.505329166666667f,1.1521890772211465e-17f,1.8398924199587525e-16f,2.2321275f,0f,1.5023861747238123f,-0.09408337800117927f,-0.39870443304340153f,-1.8434965456214864e-16f,-0.09408337800117927f,-1.5023861747238123f,-0.3914536569589194f,0f,0f,0f,1f],start_interpolation:0}
execute if entity @s[tag=aj.attack.bone.left_bicep] run data modify entity @s {} merge value {transformation:[-1.5788933333333335f,1.2084955855816384e-17f,1.929806410617882e-16f,2.044845625f,0f,1.5758065198565732f,-0.09868115332706873f,1.9745436933030183f,-1.9335866668617618e-16f,-0.09868115332706873f,-1.5758065198565732f,-0.5190102752512028f,0f,0f,0f,1f],start_interpolation:0}
execute if entity @s[tag=aj.attack.bone.left_shoulder] run data modify entity @s {} merge value {transformation:[-1f,7.654067314542918e-18f,1.2222525549232048e-16f,1.795433125f,0f,0.9980449512252715f,-0.06250020266963488f,2.215714394207565f,-1.2246467991473532e-16f,-0.06250020266963488f,-0.9980449512252715f,-0.5341130195374267f,0f,0f,0f,1f],start_interpolation:0}