execute if entity @s[tag=aj.attack.bone.right_thumb_2] run data modify entity @s {} merge value {transformation:[-0.9762960071199334f,0.21643961393810288f,1.2246417533694045e-16f,-1.84718375f,0.21643872216568977f,0.9762919845945263f,0.0028706033798751307f,-7.527650489296705f,0.000621312287309467f,0.002802558617797102f,-0.9999958798096297f,-0.3912295824522014f,0f,0f,0f,1f],start_interpolation:0}
execute if entity @s[tag=aj.attack.bone.right_thumb] run data modify entity @s {} merge value {transformation:[-1f,-3.5154752407856544e-19f,1.2246417533694045e-16f,-1.99476f,0f,0.9999958798096297f,0.0028706033798751307f,-7.24102292026172f,-1.2246467991473532e-16f,0.0028706033798751307f,-0.9999958798096297f,-0.39040678499368203f,0f,0f,0f,1f],start_interpolation:0}
execute if entity @s[tag=aj.attack.bone.right_fingers2] run data modify entity @s {} merge value {transformation:[-0.7933533402912352f,-0.6087614290087205f,1.2246417533694045e-16f,-2.1143993338474933f,-0.6087589207957429f,0.7933500715244423f,0.0028706033798751307f,-8.350464108142786f,-0.0017475126156501451f,0.0022774027800751702f,-0.9999958798096297f,-0.5624585095032446f,0f,0f,0f,1f],start_interpolation:0}
execute if entity @s[tag=aj.attack.bone.right_fingers] run data modify entity @s {} merge value {transformation:[-0.9659258262890683f,-0.25881904510252074f,1.2246417533694045e-16f,-2.19156125f,-0.2588179787187834f,0.9659218464907804f,0.0028706033798751307f,-7.882467828601878f,-0.0007429668256474682f,0.0027727899416540463f,-0.9999958798096297f,-0.5692401057428931f,0f,0f,0f,1f],start_interpolation:0}
execute if entity @s[tag=aj.attack.locator_origin.right_hand] at @s on origin run tp @s ^-2 ^-7.91391 ^-0.57554 ~0 ~0.16447
execute if entity @s[tag=aj.attack.bone.right_hand] run data modify entity @s {} merge value {transformation:[-1f,-3.5154752407856544e-19f,1.2246417533694045e-16f,-2.25406125f,0f,0.9999958798096297f,0.0028706033798751307f,-7.177316143478216f,-1.2246467991473532e-16f,0.0028706033798751307f,-0.9999958798096297f,-0.596466007108149f,0f,0f,0f,1f],start_interpolation:0}
execute if entity @s[tag=aj.attack.bone.right_forearm] run data modify entity @s {} merge value {transformation:[-1.5053291666666664f,-5.291947414649167e-19f,1.843488950064771e-16f,-2.2109925f,0f,1.5053229644239297f,0.004321202993657946f,-5.006439454087028f,-1.8434965456214856e-16f,0.004321202993657946f,-1.5053229644239297f,-0.5847942330563595f,0f,0f,0f,1f],start_interpolation:0}
execute if entity @s[tag=aj.attack.bone.right_bicep] run data modify entity @s {} merge value {transformation:[-1.5788933333333333f,-5.550560421174864e-19f,1.9335787001165967e-16f,-2.107345625f,0f,1.5788868279922255f,0.004532376539128978f,-2.7088038238005034f,-1.9335866668617615e-16f,0.004532376539128978f,-1.5788868279922255f,-0.6378888512102718f,0f,0f,0f,1f],start_interpolation:0}
execute if entity @s[tag=aj.attack.bone.right_shoulder] run data modify entity @s {} merge value {transformation:[-1f,-3.5154752407856544e-19f,1.2246417533694045e-16f,-1.795433125f,0f,0.9999958798096297f,0.0028706033798751307f,-2.4673411071274223f,-1.2246467991473532e-16f,0.0028706033798751307f,-0.9999958798096297f,-0.5746954471508213f,0f,0f,0f,1f],start_interpolation:0}
execute if entity @s[tag=aj.attack.bone.left_thumb_2] run data modify entity @s {} merge value {transformation:[-0.9762960071199334f,-0.21643961393810288f,1.2246417533694045e-16f,1.86831875f,-0.21643872216568977f,0.9762919845945263f,0.0028706033798751307f,-7.42364925975053f,-0.0006213122873097061f,0.002802558617797049f,-0.9999958798096297f,-0.36908541426773606f,0f,0f,0f,1f],start_interpolation:0}
execute if entity @s[tag=aj.attack.bone.left_thumb] run data modify entity @s {} merge value {transformation:[-1f,-3.5154752407856544e-19f,1.2246417533694045e-16f,2.015895f,0f,0.9999958798096297f,0.0028706033798751307f,-7.137021690715546f,-1.2246467991473532e-16f,0.0028706033798751307f,-0.9999958798096297f,-0.3682626168092167f,0f,0f,0f,1f],start_interpolation:0}
execute if entity @s[tag=aj.attack.bone.left_fingers2] run data modify entity @s {} merge value {transformation:[-0.7933533402912352f,0.6087614290087205f,1.2246417533694045e-16f,2.1355343338474935f,0.6087589207957429f,0.7933500715244423f,0.0028706033798751307f,-8.24646287859661f,0.0017475126156499504f,0.002277402780075319f,-0.9999958798096297f,-0.5403143413187793f,0f,0f,0f,1f],start_interpolation:0}
execute if entity @s[tag=aj.attack.bone.left_fingers] run data modify entity @s {} merge value {transformation:[-0.9659258262890683f,0.25881904510252074f,1.2246417533694045e-16f,2.21269625f,0.2588179787187834f,0.9659218464907804f,0.0028706033798751307f,-7.778466599055703f,0.0007429668256472316f,0.0027727899416541096f,-0.9999958798096297f,-0.5470959375584277f,0f,0f,0f,1f],start_interpolation:0}
execute if entity @s[tag=aj.attack.bone.left_hand] run data modify entity @s {} merge value {transformation:[-1f,-3.5154752407856544e-19f,1.2246417533694045e-16f,2.27519625f,0f,0.9999958798096297f,0.0028706033798751307f,-7.073314913932041f,-1.2246467991473532e-16f,0.0028706033798751307f,-0.9999958798096297f,-0.5743218389236836f,0f,0f,0f,1f],start_interpolation:0}
execute if entity @s[tag=aj.attack.bone.left_forearm] run data modify entity @s {} merge value {transformation:[-1.505329166666667f,-5.291947414649169e-19f,1.8434889500647717e-16f,2.2321275f,0f,1.5053229644239303f,0.004321202993657948f,-4.902438224540853f,-1.8434965456214864e-16f,0.004321202993657948f,-1.5053229644239303f,-0.5626500648718941f,0f,0f,0f,1f],start_interpolation:0}
execute if entity @s[tag=aj.attack.bone.left_bicep] run data modify entity @s {} merge value {transformation:[-1.5788933333333333f,-5.550560421174864e-19f,1.9335787001165967e-16f,2.044845625f,0f,1.5788868279922255f,0.004532376539128978f,-2.5259277351767575f,-1.9335866668617615e-16f,0.004532376539128978f,-1.5788868279922255f,-0.5348066811087752f,0f,0f,0f,1f],start_interpolation:0}
execute if entity @s[tag=aj.attack.bone.left_shoulder] run data modify entity @s {} merge value {transformation:[-1f,-3.5154752407856544e-19f,1.2246417533694045e-16f,1.795433125f,0f,0.9999958798096297f,0.0028706033798751307f,-2.284285605792434f,-1.2246467991473532e-16f,0.0028706033798751307f,-0.9999958798096297f,-0.5341130195374266f,0f,0f,0f,1f],start_interpolation:0}