execute if entity @s[tag=aj.attack.bone.right_thumb_2] run data modify entity @s {} merge value {transformation:[-0.9762960071199334f,0.21643961393810288f,1.2239007774061617e-16f,-1.84718375f,0.21630776477329444f,0.9757012739710312f,0.034899496702500976f,-7.095611725423769f,0.007553633592923286f,0.03407223928114701f,-0.9993908270190958f,-0.4909460242540859f,0f,0f,0f,1f],start_interpolation:0}
execute if entity @s[tag=aj.attack.bone.right_thumb] run data modify entity @s {} merge value {transformation:[-1f,-4.2739556928571426e-18f,1.2239007774061617e-16f,-1.99476f,0f,0.9993908270190958f,0.034899496702500976f,-6.809157581913819f,-1.2246467991473532e-16f,0.034899496702500976f,-0.9993908270190958f,-0.4809428251386189f,0f,0f,0f,1f],start_interpolation:0}
execute if entity @s[tag=aj.attack.bone.right_fingers2] run data modify entity @s {} merge value {transformation:[-0.7933533402912352f,-0.6087614290087205f,1.2239007774061617e-16f,-2.114399333847494f,-0.6083905879943519f,0.7928700508720197f,0.034899496702500976f,-7.912518604136054f,-0.021245467484299722f,0.02768763228341202f,-0.9993908270190958f,-0.6884422225217716f,0f,0f,0f,1f],start_interpolation:0}
execute if entity @s[tag=aj.attack.bone.right_fingers] run data modify entity @s {} merge value {transformation:[-0.9659258262890683f,-0.25881904510252074f,1.2239007774061617e-16f,-2.19156125f,-0.2586613795333009f,0.9653374103741355f,0.034899496702500976f,-7.444545239346384f,-0.009032654411099992f,0.033710325189435834f,-0.9993908270190958f,-0.6802301850691019f,0f,0f,0f,1f],start_interpolation:0}
execute if entity @s[tag=aj.attack.locator_origin.right_hand] at @s on origin run tp @s ^-2 ^-7.47577 ^-0.68753 ~0 ~2
execute if entity @s[tag=aj.attack.bone.right_hand] run data modify entity @s {} merge value {transformation:[-1f,-4.2739556928571426e-18f,1.2239007774061617e-16f,-2.25406125f,0f,0.9993908270190958f,0.034899496702500976f,-6.738883314042215f,-1.2246467991473532e-16f,0.034899496702500976f,-0.9993908270190958f,-0.6848557568071927f,0f,0f,0f,1f],start_interpolation:0}
execute if entity @s[tag=aj.attack.bone.right_forearm] run data modify entity @s {} merge value {transformation:[-1.505329166666667f,-6.4337101614989e-18f,1.8423735373355035e-16f,-2.2109925f,0f,1.5044121608109666f,0.05253523028826189f,-4.569494371689988f,-1.8434965456214864e-16f,0.05253523028826189f,-1.5044121608109666f,-0.6036557096923786f,0f,0f,0f,1f],start_interpolation:0}
execute if entity @s[tag=aj.attack.bone.right_bicep] run data modify entity @s {} merge value {transformation:[-1.5788933333333333f,-6.748120150414189e-18f,1.9324087781080725e-16f,-2.107345625f,0f,1.5779315141749368f,0.05510258268026744f,-2.2713370296646516f,-1.9335866668617615e-16f,0.05510258268026744f,-1.5779315141749368f,-0.5831286705949409f,0f,0f,0f,1f],start_interpolation:0}
execute if entity @s[tag=aj.attack.bone.right_shoulder] run data modify entity @s {} merge value {transformation:[-1f,-4.2739556928571426e-18f,1.2239007774061617e-16f,-1.795433125f,0f,0.9993908270190958f,0.034899496702500976f,-2.0298411071274227f,-1.2246467991473532e-16f,0.034899496702500976f,-0.9993908270190958f,-0.5746954471508213f,0f,0f,0f,1f],start_interpolation:0}
execute if entity @s[tag=aj.attack.bone.left_thumb_2] run data modify entity @s {} merge value {transformation:[-0.9762960071199334f,-0.21643961393810288f,1.2239007774061617e-16f,1.86831875f,-0.21630776477329444f,0.9757012739710312f,0.034899496702500976f,-6.9887981273146975f,-0.007553633592923525f,0.03407223928114696f,-0.9993908270190958f,-0.533786469651144f,0f,0f,0f,1f],start_interpolation:0}
execute if entity @s[tag=aj.attack.bone.left_thumb] run data modify entity @s {} merge value {transformation:[-1f,-4.2739556928571426e-18f,1.2239007774061617e-16f,2.015895f,0f,0.9993908270190958f,0.034899496702500976f,-6.702343983804748f,-1.2246467991473532e-16f,0.034899496702500976f,-0.9993908270190958f,-0.523783270535677f,0f,0f,0f,1f],start_interpolation:0}
execute if entity @s[tag=aj.attack.bone.left_fingers2] run data modify entity @s {} merge value {transformation:[-0.7933533402912352f,0.6087614290087205f,1.2239007774061617e-16f,2.135534333847494f,0.6083905879943519f,0.7928700508720197f,0.034899496702500976f,-7.805705006026982f,0.021245467484299528f,0.027687632283412176f,-0.9993908270190958f,-0.7312826679188297f,0f,0f,0f,1f],start_interpolation:0}
execute if entity @s[tag=aj.attack.bone.left_fingers] run data modify entity @s {} merge value {transformation:[-0.9659258262890683f,0.25881904510252074f,1.2239007774061617e-16f,2.21269625f,0.2586613795333009f,0.9653374103741355f,0.034899496702500976f,-7.337731641237313f,0.009032654411099756f,0.033710325189435904f,-0.9993908270190958f,-0.7230706304661599f,0f,0f,0f,1f],start_interpolation:0}
execute if entity @s[tag=aj.attack.bone.left_hand] run data modify entity @s {} merge value {transformation:[-1f,-4.2739556928571426e-18f,1.2239007774061617e-16f,2.27519625f,0f,0.9993908270190958f,0.034899496702500976f,-6.632069715933143f,-1.2246467991473532e-16f,0.034899496702500976f,-0.9993908270190958f,-0.7276962022042507f,0f,0f,0f,1f],start_interpolation:0}
execute if entity @s[tag=aj.attack.bone.left_forearm] run data modify entity @s {} merge value {transformation:[-1.505329166666667f,-6.4337101614989e-18f,1.8423735373355035e-16f,2.2321275f,0f,1.5044121608109666f,0.05253523028826189f,-4.462680773580916f,-1.8434965456214864e-16f,0.05253523028826189f,-1.5044121608109666f,-0.6464961550894366f,0f,0f,0f,1f],start_interpolation:0}
execute if entity @s[tag=aj.attack.bone.left_bicep] run data modify entity @s {} merge value {transformation:[-1.5788933333333333f,-6.748120150414189e-18f,1.9324087781080725e-16f,2.044845625f,0f,1.5779315141749368f,0.05510258268026744f,-2.0882815283296643f,-1.9335866668617615e-16f,0.05510258268026744f,-1.5779315141749368f,-0.5425462429815463f,0f,0f,0f,1f],start_interpolation:0}
execute if entity @s[tag=aj.attack.bone.left_shoulder] run data modify entity @s {} merge value {transformation:[-1f,-4.2739556928571426e-18f,1.2239007774061617e-16f,1.795433125f,0f,0.9993908270190958f,0.034899496702500976f,-1.8467856057924352f,-1.2246467991473532e-16f,0.034899496702500976f,-0.9993908270190958f,-0.5341130195374268f,0f,0f,0f,1f],start_interpolation:0}