execute if entity @s[tag=aj.attack.bone.right_thumb_2] run data modify entity @s {} merge value {transformation:[-0.9762960071199334f,0.21643961393810288f,1.2228739501923777e-16f,-1.84718375f,0.21612628707222398f,0.9748826809615877f,-0.05378834815758832f,-3.0057668691828843f,-0.011641929309596802f,-0.05251334953583027f,-0.9985523589689617f,-0.0424250616455562f,0f,0f,0f,1f],start_interpolation:0}
execute if entity @s[tag=aj.attack.bone.right_thumb] run data modify entity @s {} merge value {transformation:[-1f,6.587172840261396e-18f,1.2228739501923777e-16f,-1.99476f,0f,0.9985523589689617f,-0.05378834815758832f,-2.719553054722059f,-1.2246467991473532e-16f,-0.05378834815758832f,-0.9985523589689617f,-0.05784234864253057f,0f,0f,0f,1f],start_interpolation:0}
execute if entity @s[tag=aj.attack.bone.right_fingers2] run data modify entity @s {} merge value {transformation:[-0.7933533402912352f,-0.6087614290087205f,1.2228739501923777e-16f,-2.114399333847494f,-0.6078801609859741f,0.7922048494437184f,-0.05378834815758832f,-3.8369598194567036f,0.03274427168843195f,-0.04267316567957067f,-0.9985523589689617f,-0.16676281227961992f,0f,0f,0f,1f],start_interpolation:0}
execute if entity @s[tag=aj.attack.bone.right_fingers] run data modify entity @s {} merge value {transformation:[-0.9659258262890683f,-0.25881904510252074f,1.2228739501923777e-16f,-2.19156125f,-0.2584443680332162f,0.9645275124299927f,-0.05378834815758832f,-3.3700994253950505f,0.013921448907788821f,-0.05195555463884261f,-0.9985523589689617f,-0.20004764618767362f,0f,0f,0f,1f],start_interpolation:0}
execute if entity @s[tag=aj.attack.locator_origin.right_hand] at @s on origin run tp @s ^-2 ^-3.40185 ^-0.20455 ~0 ~-3.08333
execute if entity @s[tag=aj.attack.bone.right_hand] run data modify entity @s {} merge value {transformation:[-1f,6.587172840261396e-18f,1.2228739501923777e-16f,-2.25406125f,0f,0.9985523589689617f,-0.05378834815758832f,-2.6676227987451897f,-1.2246467991473532e-16f,-0.05378834815758832f,-0.9985523589689617f,-0.26717988694070416f,0f,0f,0f,1f],start_interpolation:0}
execute if entity @s[tag=aj.attack.bone.right_forearm] run data modify entity @s {} merge value {transformation:[-1.505329166666667f,9.91586340231999e-18f,1.8408278243814672e-16f,-2.2109925f,0f,1.5031499903997816f,-0.08096916930843898f,-0.49957162585504444f,-1.8434965456214864e-16f,-0.08096916930843898f,-1.5031499903997816f,-0.3785169543586567f,0f,0f,0f,1f],start_interpolation:0}
execute if entity @s[tag=aj.attack.bone.right_bicep] run data modify entity @s {} merge value {transformation:[-1.578893333333333f,1.0400443283003114e-17f,1.9307875274657435e-16f,-2.107345625f,0f,1.5766076625603669f,-0.08492606431702845f,1.7913655803751956f,-1.9335866668617613e-16f,-0.08492606431702845f,-1.5766076625603669f,-0.561697862613434f,0f,0f,0f,1f],start_interpolation:0}
execute if entity @s[tag=aj.attack.bone.right_shoulder] run data modify entity @s {} merge value {transformation:[-1f,6.587172840261396e-18f,1.2228739501923777e-16f,-1.795433125f,0f,0.9985523589689617f,-0.05378834815758832f,2.032658892872577f,-1.2246467991473532e-16f,-0.05378834815758832f,-0.9985523589689617f,-0.5746954471508215f,0f,0f,0f,1f],start_interpolation:0}
execute if entity @s[tag=aj.attack.bone.left_thumb_2] run data modify entity @s {} merge value {transformation:[-0.9762960071199334f,-0.21643961393810288f,1.2228739501923777e-16f,1.86831875f,-0.21612628707222398f,0.9748826809615877f,-0.05378834815758832f,-2.9060450493050425f,0.011641929309596562f,-0.052513349535830325f,-0.9985523589689617f,-0.0781820149808361f,0f,0f,0f,1f],start_interpolation:0}
execute if entity @s[tag=aj.attack.bone.left_thumb] run data modify entity @s {} merge value {transformation:[-1f,6.587172840261396e-18f,1.2228739501923777e-16f,2.015895f,0f,0.9985523589689617f,-0.05378834815758832f,-2.6198312348442174f,-1.2246467991473532e-16f,-0.05378834815758832f,-0.9985523589689617f,-0.09359930197781044f,0f,0f,0f,1f],start_interpolation:0}
execute if entity @s[tag=aj.attack.bone.left_fingers2] run data modify entity @s {} merge value {transformation:[-0.7933533402912352f,0.6087614290087205f,1.2228739501923777e-16f,2.135534333847494f,0.6078801609859741f,0.7922048494437184f,-0.05378834815758832f,-3.737237999578862f,-0.03274427168843214f,-0.04267316567957052f,-0.9985523589689617f,-0.20251976561489976f,0f,0f,0f,1f],start_interpolation:0}
execute if entity @s[tag=aj.attack.bone.left_fingers] run data modify entity @s {} merge value {transformation:[-0.9659258262890683f,0.25881904510252074f,1.2228739501923777e-16f,2.21269625f,0.2584443680332162f,0.9645275124299927f,-0.05378834815758832f,-3.2703776055172087f,-0.013921448907789057f,-0.05195555463884254f,-0.9985523589689617f,-0.2358045995229534f,0f,0f,0f,1f],start_interpolation:0}
execute if entity @s[tag=aj.attack.bone.left_hand] run data modify entity @s {} merge value {transformation:[-1f,6.587172840261396e-18f,1.2228739501923777e-16f,2.27519625f,0f,0.9985523589689617f,-0.05378834815758832f,-2.567900978867348f,-1.2246467991473532e-16f,-0.05378834815758832f,-0.9985523589689617f,-0.30293684027598394f,0f,0f,0f,1f],start_interpolation:0}
execute if entity @s[tag=aj.attack.bone.left_forearm] run data modify entity @s {} merge value {transformation:[-1.505329166666667f,9.91586340231999e-18f,1.8408278243814672e-16f,2.2321275f,0f,1.5031499903997816f,-0.08096916930843898f,-0.39984980597720354f,-1.8434965456214864e-16f,-0.08096916930843898f,-1.5031499903997816f,-0.41427390769393646f,0f,0f,0f,1f],start_interpolation:0}
execute if entity @s[tag=aj.attack.bone.left_bicep] run data modify entity @s {} merge value {transformation:[-1.5788933333333335f,1.0400443283003117e-17f,1.930787527465744e-16f,2.044845625f,0f,1.5766076625603673f,-0.08492606431702848f,1.9744210817101837f,-1.9335866668617618e-16f,-0.08492606431702848f,-1.5766076625603673f,-0.5211154350000391f,0f,0f,0f,1f],start_interpolation:0}
execute if entity @s[tag=aj.attack.bone.left_shoulder] run data modify entity @s {} merge value {transformation:[-1f,6.587172840261396e-18f,1.2228739501923777e-16f,1.795433125f,0f,0.9985523589689617f,-0.05378834815758832f,2.215714394207565f,-1.2246467991473532e-16f,-0.05378834815758832f,-0.9985523589689617f,-0.5341130195374267f,0f,0f,0f,1f],start_interpolation:0}