execute if entity @s[tag=aj.attack.bone.right_thumb_2] run data modify entity @s {} merge value {transformation:[-0.9762960071199334f,0.21643961393810285f,1.213864343229885e-16f,-1.84718375f,0.21453396195933944f,0.9677001665343047f,0.13240682329663925f,-3.0170449079123216f,0.028658081717095087f,0.1292682528999435f,-0.9911954565798273f,-0.9864447001782186f,0f,0f,0f,1f],start_interpolation:0}
execute if entity @s[tag=aj.attack.bone.right_thumb] run data modify entity @s {} merge value {transformation:[-1f,-1.6215159233549848e-17f,1.213864343229885e-16f,-1.99476f,0f,0.9911954565798273f,0.13240682329663925f,-2.732939793187166f,-1.2246467991473532e-16f,0.13240682329663925f,-0.9911954565798273f,-0.9484930979252321f,0f,0f,0f,1f],start_interpolation:0}
execute if entity @s[tag=aj.attack.bone.right_fingers2] run data modify entity @s {} merge value {transformation:[-0.7933533402912352f,-0.6087614290087205f,1.213864343229885e-16f,-2.114399333847494f,-0.603401562574487f,0.786368226359102f,0.13240682329663925f,-3.8107388271365426f,-0.08060416696056735f,0.10504539553974f,-0.9911954565798273f,-1.2628349304761268f,0f,0f,0f,1f],start_interpolation:0}
execute if entity @s[tag=aj.attack.bone.right_fingers] run data modify entity @s {} merge value {transformation:[-0.9659258262890683f,-0.25881904510252074f,1.213864343229885e-16f,-2.19156125f,-0.256540261581948f,0.95742129041084f,0.13240682329663925f,-3.3458084428492287f,-0.034269407570694486f,0.1278951701991169f,-0.9911954565798273f,-1.2089253257832753f,0f,0f,0f,1f],start_interpolation:0}
execute if entity @s[tag=aj.attack.locator_origin.right_hand] at @s on origin run tp @s ^-2 ^-3.37617 ^-1.21924 ~0 ~7.6087
execute if entity @s[tag=aj.attack.bone.right_hand] run data modify entity @s {} merge value {transformation:[-1f,-1.6215159233549848e-17f,1.213864343229885e-16f,-2.25406125f,0f,0.9911954565798273f,0.13240682329663925f,-2.6430727431999026f,-1.2246467991473532e-16f,0.13240682329663925f,-0.9911954565798273f,-1.144561631232209f,0f,0f,0f,1f],start_interpolation:0}
execute if entity @s[tag=aj.attack.bone.right_forearm] run data modify entity @s {} merge value {transformation:[-1.505329166666667f,-2.4409152136406903e-17f,1.8272654002406237e-16f,-2.2109925f,0f,1.492075430657098f,0.19931585297411059f,-0.4920055806351684f,-1.8434965456214864e-16f,0.19931585297411059f,-1.492075430657098f,-0.8517273897452116f,0f,0f,0f,1f],start_interpolation:0}
execute if entity @s[tag=aj.attack.bone.right_bicep] run data modify entity @s {} merge value {transformation:[-1.578893333333333f,-2.5602006812790292e-17f,1.91656231909671e-16f,-2.107345625f,0f,1.5649918984241786f,0.20905625059090835f,1.793143325258826f,-1.9335866668617613e-16f,0.20905625059090835f,-1.5649918984241786f,-0.6066906457035443f,0f,0f,0f,1f],start_interpolation:0}
execute if entity @s[tag=aj.attack.bone.right_shoulder] run data modify entity @s {} merge value {transformation:[-1f,-1.6215159233549848e-17f,1.213864343229885e-16f,-1.795433125f,0f,0.9911954565798273f,0.13240682329663925f,2.032658892872577f,-1.2246467991473532e-16f,0.13240682329663925f,-0.9911954565798273f,-0.5746954471508215f,0f,0f,0f,1f],start_interpolation:0}
execute if entity @s[tag=aj.attack.bone.left_thumb_2] run data modify entity @s {} merge value {transformation:[-0.9762960071199334f,-0.2164396139381029f,1.213864343229885e-16f,1.86831875f,-0.21453396195933944f,0.9677001665343047f,0.13240682329663925f,-2.9017130614447613f,-0.028658081717095323f,0.12926825289994345f,-0.9911954565798273f,-1.0363371868793767f,0f,0f,0f,1f],start_interpolation:0}
execute if entity @s[tag=aj.attack.bone.left_thumb] run data modify entity @s {} merge value {transformation:[-1f,-1.6215159233549848e-17f,1.213864343229885e-16f,2.015895f,0f,0.9911954565798273f,0.13240682329663925f,-2.617607946719606f,-1.2246467991473532e-16f,0.13240682329663925f,-0.9911954565798273f,-0.99838558462639f,0f,0f,0f,1f],start_interpolation:0}
execute if entity @s[tag=aj.attack.bone.left_fingers2] run data modify entity @s {} merge value {transformation:[-0.7933533402912352f,0.6087614290087205f,1.213864343229885e-16f,2.135534333847494f,0.603401562574487f,0.786368226359102f,0.13240682329663925f,-3.695406980668982f,0.08060416696056716f,0.10504539553974016f,-0.9911954565798273f,-1.3127274171772847f,0f,0f,0f,1f],start_interpolation:0}
execute if entity @s[tag=aj.attack.bone.left_fingers] run data modify entity @s {} merge value {transformation:[-0.9659258262890683f,0.25881904510252074f,1.213864343229885e-16f,2.21269625f,0.256540261581948f,0.95742129041084f,0.13240682329663925f,-3.2304765963816684f,0.03426940757069425f,0.12789517019911695f,-0.9911954565798273f,-1.2588178124844331f,0f,0f,0f,1f],start_interpolation:0}
execute if entity @s[tag=aj.attack.bone.left_hand] run data modify entity @s {} merge value {transformation:[-1f,-1.6215159233549848e-17f,1.213864343229885e-16f,2.27519625f,0f,0.9911954565798273f,0.13240682329663925f,-2.5277408967323423f,-1.2246467991473532e-16f,0.13240682329663925f,-0.9911954565798273f,-1.194454117933367f,0f,0f,0f,1f],start_interpolation:0}
execute if entity @s[tag=aj.attack.bone.left_forearm] run data modify entity @s {} merge value {transformation:[-1.505329166666667f,-2.4409152136406903e-17f,1.8272654002406237e-16f,2.2321275f,0f,1.492075430657098f,0.19931585297411059f,-0.3766737341676081f,-1.8434965456214864e-16f,0.19931585297411059f,-1.492075430657098f,-0.9016198764463695f,0f,0f,0f,1f],start_interpolation:0}
execute if entity @s[tag=aj.attack.bone.left_bicep] run data modify entity @s {} merge value {transformation:[-1.5788933333333335f,-2.56020068127903e-17f,1.9165623190967106e-16f,2.044845625f,0f,1.564991898424179f,0.2090562505909084f,1.9761988265938142f,-1.9335866668617618e-16f,0.2090562505909084f,-1.564991898424179f,-0.5661082180901493f,0f,0f,0f,1f],start_interpolation:0}
execute if entity @s[tag=aj.attack.bone.left_shoulder] run data modify entity @s {} merge value {transformation:[-1f,-1.6215159233549848e-17f,1.213864343229885e-16f,1.795433125f,0f,0.9911954565798273f,0.13240682329663925f,2.215714394207565f,-1.2246467991473532e-16f,0.13240682329663925f,-0.9911954565798273f,-0.5341130195374267f,0f,0f,0f,1f],start_interpolation:0}