execute if entity @s[tag=aj.attack.bone.right_thumb_2] run data modify entity @s {} merge value {transformation:[-0.9762960071199334f,0.21643961393810285f,1.2150598514348299e-16f,-1.84718375f,0.21474525172428907f,0.9686532330737998f,0.12488150750830501f,-7.512218907370373f,0.027029305273105715f,0.12192131714347619f,-0.9921716631120108f,-1.0101248299397432f,0f,0f,0f,1f],start_interpolation:0}
execute if entity @s[tag=aj.attack.bone.right_thumb] run data modify entity @s {} merge value {transformation:[-1f,-1.5293573844274192e-17f,1.2150598514348299e-16f,-1.99476f,0f,0.9921716631120108f,0.12488150750830501f,-7.227833983787156f,-1.2246467991473532e-16f,0.12488150750830501f,-0.9921716631120108f,-0.9743301995445222f,0f,0f,0f,1f],start_interpolation:0}
execute if entity @s[tag=aj.attack.bone.right_fingers2] run data modify entity @s {} merge value {transformation:[-0.7933533402912352f,-0.6087614290087205f,1.2150598514348299e-16f,-2.1143993338474933f,-0.6039958394580266f,0.7871427030722239f,0.12488150750830501f,-8.307987311006963f,-0.07602304496751913f,0.09907516112231868f,-0.9921716631120108f,-1.2804843028481443f,0f,0f,0f,1f],start_interpolation:0}
execute if entity @s[tag=aj.attack.bone.right_fingers] run data modify entity @s {} merge value {transformation:[-0.9659258262890683f,-0.25881904510252074f,1.2150598514348299e-16f,-2.19156125f,-0.2567929224244305f,0.9583642335120681f,0.12488150750830501f,-7.842661229771737f,-0.03232171252426289f,0.12062627332818399f,-0.9921716631120108f,-1.2301042886167322f,0f,0f,0f,1f],start_interpolation:0}
execute if entity @s[tag=aj.attack.locator_origin.right_hand] at @s on origin run tp @s ^-2 ^-7.87311 ^-1.24019 ~0 ~7.17391
execute if entity @s[tag=aj.attack.bone.right_hand] run data modify entity @s {} merge value {transformation:[-1f,-1.5293573844274192e-17f,1.2150598514348299e-16f,-2.25406125f,0f,0.9921716631120108f,0.12488150750830501f,-7.139457351059445f,-1.2246467991473532e-16f,0.12488150750830501f,-0.9921716631120108f,-1.1710750272129355f,0f,0f,0f,1f],start_interpolation:0}
execute if entity @s[tag=aj.attack.bone.right_forearm] run data modify entity @s {} merge value {transformation:[-1.5053291666666664f,-2.3021862770356394e-17f,1.829065033610516e-16f,-2.2109925f,0f,1.4935449428226837f,0.18798777562955382f,-4.986230002795846f,-1.8434965456214856e-16f,0.18798777562955382f,-1.4935449428226837f,-0.8945721926139425f,0f,0f,0f,1f],start_interpolation:0}
execute if entity @s[tag=aj.attack.bone.right_bicep] run data modify entity @s {} merge value {transformation:[-1.5788933333333333f,-2.414692178556556e-17f,1.9184498990314431e-16f,-2.107345625f,0f,1.5665332244097996f,0.1971745796614794f,-2.6992874741189867f,-1.9335866668617615e-16f,0.1971745796614794f,-1.5665332244097996f,-0.6668829338243398f,0f,0f,0f,1f],start_interpolation:0}
execute if entity @s[tag=aj.attack.bone.right_shoulder] run data modify entity @s {} merge value {transformation:[-1f,-1.5293573844274192e-17f,1.2150598514348299e-16f,-1.795433125f,0f,0.9921716631120108f,0.12488150750830501f,-2.4673411071274223f,-1.2246467991473532e-16f,0.12488150750830501f,-0.9921716631120108f,-0.5746954471508213f,0f,0f,0f,1f],start_interpolation:0}
execute if entity @s[tag=aj.attack.bone.left_thumb_2] run data modify entity @s {} merge value {transformation:[-0.9762960071199334f,-0.2164396139381029f,1.2150598514348299e-16f,1.86831875f,-0.21474525172428907f,0.9686532330737998f,0.12488150750830501f,-7.405376757414118f,-0.02702930527310595f,0.12192131714347614f,-0.9921716631120108f,-0.9974900743304684f,0f,0f,0f,1f],start_interpolation:0}
execute if entity @s[tag=aj.attack.bone.left_thumb] run data modify entity @s {} merge value {transformation:[-1f,-1.5293573844274192e-17f,1.2150598514348299e-16f,2.015895f,0f,0.9921716631120108f,0.12488150750830501f,-7.120991833830901f,-1.2246467991473532e-16f,0.12488150750830501f,-0.9921716631120108f,-0.9616954439352473f,0f,0f,0f,1f],start_interpolation:0}
execute if entity @s[tag=aj.attack.bone.left_fingers2] run data modify entity @s {} merge value {transformation:[-0.7933533402912352f,0.6087614290087205f,1.2150598514348299e-16f,2.1355343338474935f,0.6039958394580266f,0.7871427030722239f,0.12488150750830501f,-8.201145161050707f,0.07602304496751892f,0.09907516112231883f,-0.9921716631120108f,-1.2678495472388693f,0f,0f,0f,1f],start_interpolation:0}
execute if entity @s[tag=aj.attack.bone.left_fingers] run data modify entity @s {} merge value {transformation:[-0.9659258262890683f,0.25881904510252074f,1.2150598514348299e-16f,2.21269625f,0.2567929224244305f,0.9583642335120681f,0.12488150750830501f,-7.735819079815482f,0.03232171252426266f,0.12062627332818404f,-0.9921716631120108f,-1.2174695330074572f,0f,0f,0f,1f],start_interpolation:0}
execute if entity @s[tag=aj.attack.bone.left_hand] run data modify entity @s {} merge value {transformation:[-1f,-1.5293573844274192e-17f,1.2150598514348299e-16f,2.27519625f,0f,0.9921716631120108f,0.12488150750830501f,-7.032615201103189f,-1.2246467991473532e-16f,0.12488150750830501f,-0.9921716631120108f,-1.1584402716036606f,0f,0f,0f,1f],start_interpolation:0}
execute if entity @s[tag=aj.attack.bone.left_forearm] run data modify entity @s {} merge value {transformation:[-1.505329166666667f,-2.3021862770356406e-17f,1.8290650336105167e-16f,2.2321275f,0f,1.4935449428226844f,0.1879877756295539f,-4.87938785283959f,-1.8434965456214864e-16f,0.1879877756295539f,-1.4935449428226844f,-0.8819374370046674f,0f,0f,0f,1f],start_interpolation:0}
execute if entity @s[tag=aj.attack.bone.left_bicep] run data modify entity @s {} merge value {transformation:[-1.5788933333333333f,-2.414692178556556e-17f,1.9184498990314431e-16f,2.044845625f,0f,1.5665332244097996f,0.1971745796614794f,-2.5240370670032677f,-1.9335866668617615e-16f,0.1971745796614794f,-1.5665332244097996f,-0.5642897772664444f,0f,0f,0f,1f],start_interpolation:0}
execute if entity @s[tag=aj.attack.bone.left_shoulder] run data modify entity @s {} merge value {transformation:[-1f,-1.5293573844274192e-17f,1.2150598514348299e-16f,1.795433125f,0f,0.9921716631120108f,0.12488150750830501f,-2.284285605792434f,-1.2246467991473532e-16f,0.12488150750830501f,-0.9921716631120108f,-0.5341130195374266f,0f,0f,0f,1f],start_interpolation:0}