execute if entity @s[tag=aj.attack.bone.right_thumb_2] run data modify entity @s {} merge value {transformation:[-0.9762960071199334f,0.21643961393810288f,1.2246001683497691e-16f,-1.84718375f,0.21643137258081216f,0.9762588327595204f,-0.008726535498373905f,-7.525182544227707f,-0.0018887679742853178f,-0.008519681763052775f,-0.9999619230641713f,-0.3325575444354357f,0f,0f,0f,1f],start_interpolation:0}
execute if entity @s[tag=aj.attack.bone.right_thumb] run data modify entity @s {} merge value {transformation:[-1f,1.0686923765729332e-18f,1.2246001683497691e-16f,-1.99476f,0f,0.9999619230641713f,-0.008726535498373905f,-7.238564708172228f,-1.2246467991473532e-16f,-0.008726535498373905f,-0.9999619230641713f,-0.3350588203971653f,0f,0f,0f,1f],start_interpolation:0}
execute if entity @s[tag=aj.attack.bone.right_fingers2] run data modify entity @s {} merge value {transformation:[-0.7933533402912352f,-0.6087614290087205f,1.2246001683497691e-16f,-2.1143993338474933f,-0.6087382492388532f,0.7933231318270074f,-0.008726535498373905f,-8.34992657177862f,0.005312378220285329f,-0.00692322608680505f,-0.9999619230641713f,-0.49423279249998653f,0f,0f,0f,1f],start_interpolation:0}
execute if entity @s[tag=aj.attack.bone.right_fingers] run data modify entity @s {} merge value {transformation:[-0.9659258262890683f,-0.25881904510252074f,1.2246001683497691e-16f,-2.19156125f,-0.2588091900663491f,0.9658890467933654f,-0.008726535498373905f,-7.882040409895116f,0.0022585935847422656f,-0.008429186011907732f,-0.9999619230641713f,-0.5064412825627536f,0f,0f,0f,1f],start_interpolation:0}
execute if entity @s[tag=aj.attack.locator_origin.consume] at @s on origin run tp @s ^-2 ^-7.91356 ^-0.51237 ~0 ~-0.5
execute if entity @s[tag=aj.attack.bone.right_hand] run data modify entity @s {} merge value {transformation:[-1f,1.0686923765729332e-18f,1.2246001683497691e-16f,-2.25406125f,0f,0.9999619230641713f,-0.008726535498373905f,-7.177251882987386f,-1.2246467991473532e-16f,-0.008726535498373905f,-0.9999619230641713f,-0.5418429926503037f,0f,0f,0f,1f],start_interpolation:0}
execute if entity @s[tag=aj.attack.bone.right_forearm] run data modify entity @s {} merge value {transformation:[-1.5053291666666664f,1.6087338046495528e-18f,1.8434263509218172e-16f,-2.2109925f,0f,1.5052718483445862f,-0.013136308409654273f,-5.006385821901862f,-1.8434965456214856e-16f,-0.013136308409654273f,-1.5052718483445862f,-0.5553476466104239f,0f,0f,0f,1f],start_interpolation:0}
execute if entity @s[tag=aj.attack.bone.right_bicep] run data modify entity @s {} merge value {transformation:[-1.5788933333333333f,1.6873512687551604e-18f,1.933513041806328e-16f,-2.107345625f,0f,1.5788332139131995f,-0.013778268721479235f,-2.7095204395663064f,-1.9335866668617615e-16f,-0.013778268721479235f,-1.5788332139131995f,-0.6350843600340815f,0f,0f,0f,1f],start_interpolation:0}
execute if entity @s[tag=aj.attack.bone.right_shoulder] run data modify entity @s {} merge value {transformation:[-1f,1.0686923765729332e-18f,1.2246001683497691e-16f,-1.795433125f,0f,0.9999619230641713f,-0.008726535498373905f,-2.4673411071274223f,-1.2246467991473532e-16f,-0.008726535498373905f,-0.9999619230641713f,-0.5746954471508213f,0f,0f,0f,1f],start_interpolation:0}
execute if entity @s[tag=aj.attack.bone.left_thumb_2] run data modify entity @s {} merge value {transformation:[-0.9762960071199334f,-0.21643961393810288f,1.2246001683497691e-16f,1.86831875f,-0.21643137258081216f,0.9762588327595204f,-0.008726535498373905f,-7.42138982686491f,0.0018887679742850788f,-0.008519681763052827f,-0.9999619230641713f,-0.3094953444405905f,0f,0f,0f,1f],start_interpolation:0}
execute if entity @s[tag=aj.attack.bone.left_thumb] run data modify entity @s {} merge value {transformation:[-1f,1.0686923765729332e-18f,1.2246001683497691e-16f,2.015895f,0f,0.9999619230641713f,-0.008726535498373905f,-7.134771990809431f,-1.2246467991473532e-16f,-0.008726535498373905f,-0.9999619230641713f,-0.31199662040232f,0f,0f,0f,1f],start_interpolation:0}
execute if entity @s[tag=aj.attack.bone.left_fingers2] run data modify entity @s {} merge value {transformation:[-0.7933533402912352f,0.6087614290087205f,1.2246001683497691e-16f,2.1355343338474935f,0.6087382492388532f,0.7933231318270074f,-0.008726535498373905f,-8.246133854415824f,-0.005312378220285524f,-0.006923226086804902f,-0.9999619230641713f,-0.47117059250514126f,0f,0f,0f,1f],start_interpolation:0}
execute if entity @s[tag=aj.attack.bone.left_fingers] run data modify entity @s {} merge value {transformation:[-0.9659258262890683f,0.25881904510252074f,1.2246001683497691e-16f,2.21269625f,0.2588091900663491f,0.9658890467933654f,-0.008726535498373905f,-7.778247692532319f,-0.0022585935847425024f,-0.00842918601190767f,-0.9999619230641713f,-0.48337908256790824f,0f,0f,0f,1f],start_interpolation:0}
execute if entity @s[tag=aj.attack.bone.left_hand] run data modify entity @s {} merge value {transformation:[-1f,1.0686923765729332e-18f,1.2246001683497691e-16f,2.27519625f,0f,0.9999619230641713f,-0.008726535498373905f,-7.073459165624589f,-1.2246467991473532e-16f,-0.008726535498373905f,-0.9999619230641713f,-0.5187807926554584f,0f,0f,0f,1f],start_interpolation:0}
execute if entity @s[tag=aj.attack.bone.left_forearm] run data modify entity @s {} merge value {transformation:[-1.505329166666667f,1.6087338046495534e-18f,1.8434263509218182e-16f,2.2321275f,0f,1.5052718483445868f,-0.013136308409654279f,-4.902593104539065f,-1.8434965456214864e-16f,-0.013136308409654279f,-1.5052718483445868f,-0.5322854466155786f,0f,0f,0f,1f],start_interpolation:0}
execute if entity @s[tag=aj.attack.bone.left_bicep] run data modify entity @s {} merge value {transformation:[-1.5788933333333333f,1.6873512687551604e-18f,1.933513041806328e-16f,2.044845625f,0f,1.5788332139131995f,-0.013778268721479235f,-2.52591952976267f,-1.9335866668617615e-16f,-0.013778268721479235f,-1.5788332139131995f,-0.5320043122291761f,0f,0f,0f,1f],start_interpolation:0}
execute if entity @s[tag=aj.attack.bone.left_shoulder] run data modify entity @s {} merge value {transformation:[-1f,1.0686923765729332e-18f,1.2246001683497691e-16f,1.795433125f,0f,0.9999619230641713f,-0.008726535498373905f,-2.284285605792434f,-1.2246467991473532e-16f,-0.008726535498373905f,-0.9999619230641713f,-0.5341130195374266f,0f,0f,0f,1f],start_interpolation:0}