execute if entity @s[tag=aj.attack.bone.right_thumb_2] run data modify entity @s {} merge value {transformation:[-0.9762960071199334f,0.21643961393810285f,1.2137555003286306e-16f,-1.84718375f,0.21451472546148245f,0.9676133962998406f,0.13307046201645364f,-7.0609625335358395f,0.028801719425406092f,0.12991616073226847f,-0.9911065796062134f,-0.9857674629841225f,0f,0f,0f,1f],start_interpolation:0}
execute if entity @s[tag=aj.attack.bone.right_thumb] run data modify entity @s {} merge value {transformation:[-1f,-1.6296431536950943e-17f,1.2137555003286306e-16f,-1.99476f,0f,0.9911065796062134f,0.13307046201645364f,-6.776882893506535f,-1.2246467991473532e-16f,0.13307046201645364f,-0.9911065796062134f,-0.947625642794424f,0f,0f,0f,1f],start_interpolation:0}
execute if entity @s[tag=aj.attack.bone.right_fingers2] run data modify entity @s {} merge value {transformation:[-0.7933533402912352f,-0.6087614290087205f,1.2137555003286306e-16f,-2.114399333847494f,-0.6033474577010238f,0.7862977155152104f,0.13307046201645364f,-7.854471214009377f,-0.08100816461598709f,0.10557189553485138f,-0.9911065796062134f,-1.2626890598861713f,0f,0f,0f,1f],start_interpolation:0}
execute if entity @s[tag=aj.attack.bone.right_fingers] run data modify entity @s {} merge value {transformation:[-0.9659258262890683f,-0.25881904510252074f,1.2137555003286306e-16f,-2.19156125f,-0.2565172585285056f,0.957335441846664f,0.13307046201645364f,-7.389577029848884f,-0.034441169910449904f,0.12853619597791105f,-0.9911065796062134f,-1.2084681668149635f,0f,0f,0f,1f],start_interpolation:0}
execute if entity @s[tag=aj.attack.locator_origin.right_hand] at @s on origin run tp @s ^-2 ^-7.41994 ^-1.21881 ~0 ~7.64706
execute if entity @s[tag=aj.attack.bone.right_hand] run data modify entity @s {} merge value {transformation:[-1f,-1.6296431536950943e-17f,1.2137555003286306e-16f,-2.25406125f,0f,0.9911065796062134f,0.13307046201645364f,-6.686884583310338f,-1.2246467991473532e-16f,0.13307046201645364f,-0.9911065796062134f,-1.1436339604454655f,0f,0f,0f,1f],start_interpolation:0}
execute if entity @s[tag=aj.attack.bone.right_forearm] run data modify entity @s {} merge value {transformation:[-1.505329166666667f,-2.4531493705158755e-17f,1.827101555846781e-16f,-2.2109925f,0f,1.491941641556472f,0.20031484769517655f,-4.536013974073354f,-1.8434965456214864e-16f,0.20031484769517655f,-1.491941641556472f,-0.849359508322811f,0f,0f,0f,1f],start_interpolation:0}
execute if entity @s[tag=aj.attack.bone.right_bicep] run data modify entity @s {} merge value {transformation:[-1.5788933333333333f,-2.5730327110814928e-17f,1.9163904677655392e-16f,-2.107345625f,0f,1.5648515711630528f,0.2101040653413652f,-2.2510296480980307f,-1.9335866668617615e-16f,0.2101040653413652f,-1.5648515711630528f,-0.6027927666763316f,0f,0f,0f,1f],start_interpolation:0}
execute if entity @s[tag=aj.attack.bone.right_shoulder] run data modify entity @s {} merge value {transformation:[-1f,-1.6296431536950943e-17f,1.2137555003286306e-16f,-1.795433125f,0f,0.9911065796062134f,0.13307046201645364f,-2.0115355569939237f,-1.2246467991473532e-16f,0.13307046201645364f,-0.9911065796062134f,-0.570637204389482f,0f,0f,0f,1f],start_interpolation:0}
execute if entity @s[tag=aj.attack.bone.left_thumb_2] run data modify entity @s {} merge value {transformation:[-0.9762960071199334f,-0.2164396139381029f,1.2137555003286306e-16f,1.86831875f,-0.21451472546148245f,0.9676133962998406f,0.13307046201645364f,-6.96387564331151f,-0.028801719425406328f,0.12991616073226842f,-0.9911065796062134f,-1.0397635174602373f,0f,0f,0f,1f],start_interpolation:0}
execute if entity @s[tag=aj.attack.bone.left_thumb] run data modify entity @s {} merge value {transformation:[-1f,-1.6296431536950943e-17f,1.2137555003286306e-16f,2.015895f,0f,0.9911065796062134f,0.13307046201645364f,-6.679796003282205f,-1.2246467991473532e-16f,0.13307046201645364f,-0.9911065796062134f,-1.0016216972705387f,0f,0f,0f,1f],start_interpolation:0}
execute if entity @s[tag=aj.attack.bone.left_fingers2] run data modify entity @s {} merge value {transformation:[-0.7933533402912352f,0.6087614290087205f,1.2137555003286306e-16f,2.135534333847494f,0.6033474577010238f,0.7862977155152104f,0.13307046201645364f,-7.757384323785047f,0.0810081646159869f,0.10557189553485151f,-0.9911065796062134f,-1.316685114362286f,0f,0f,0f,1f],start_interpolation:0}
execute if entity @s[tag=aj.attack.bone.left_fingers] run data modify entity @s {} merge value {transformation:[-0.9659258262890683f,0.25881904510252074f,1.2137555003286306e-16f,2.21269625f,0.2565172585285056f,0.957335441846664f,0.13307046201645364f,-7.2924901396245545f,0.03444116991044967f,0.1285361959779111f,-0.9911065796062134f,-1.2624642212910782f,0f,0f,0f,1f],start_interpolation:0}
execute if entity @s[tag=aj.attack.bone.left_hand] run data modify entity @s {} merge value {transformation:[-1f,-1.6296431536950943e-17f,1.2137555003286306e-16f,2.27519625f,0f,0.9911065796062134f,0.13307046201645364f,-6.589797693086008f,-1.2246467991473532e-16f,0.13307046201645364f,-0.9911065796062134f,-1.1976300149215802f,0f,0f,0f,1f],start_interpolation:0}
execute if entity @s[tag=aj.attack.bone.left_forearm] run data modify entity @s {} merge value {transformation:[-1.505329166666667f,-2.4531493705158755e-17f,1.827101555846781e-16f,2.2321275f,0f,1.491941641556472f,0.20031484769517655f,-4.438927083849025f,-1.8434965456214864e-16f,0.20031484769517655f,-1.491941641556472f,-0.9033555627989258f,0f,0f,0f,1f],start_interpolation:0}
execute if entity @s[tag=aj.attack.bone.left_bicep] run data modify entity @s {} merge value {transformation:[-1.5788933333333333f,-2.5730327110814928e-17f,1.9163904677655392e-16f,2.044845625f,0f,1.5648515711630528f,0.2101040653413652f,-2.086279696896542f,-1.9335866668617615e-16f,0.2101040653413652f,-1.5648515711630528f,-0.5662685818242765f,0f,0f,0f,1f],start_interpolation:0}
execute if entity @s[tag=aj.attack.bone.left_shoulder] run data modify entity @s {} merge value {transformation:[-1f,-1.6296431536950943e-17f,1.2137555003286306e-16f,1.795433125f,0f,0.9911065796062134f,0.13307046201645364f,-1.8467856057924352f,-1.2246467991473532e-16f,0.13307046201645364f,-0.9911065796062134f,-0.5341130195374268f,0f,0f,0f,1f],start_interpolation:0}