execute if entity @s[tag=aj.attack.bone.right_thumb_2] run data modify entity @s {} merge value {transformation:[-0.9762960071199334f,0.21643961393810285f,1.2060416625018976e-16f,-1.84718375f,0.2131514098652129f,0.9614638770465722f,0.17364817766693036f,-7.484614649779505f,0.037584344535285384f,0.16953202249987692f,-0.984807753012208f,-1.2583305581446036f,0f,0f,0f,1f],start_interpolation:0}
execute if entity @s[tag=aj.attack.bone.right_thumb] run data modify entity @s {} merge value {transformation:[-1f,-2.126576849575772e-17f,1.2060416625018976e-16f,-1.99476f,0f,0.984807753012208f,0.17364817766693036f,-7.2023404345433075f,-1.2246467991473532e-16f,0.17364817766693036f,-0.984807753012208f,-1.2085579980401535f,0f,0f,0f,1f],start_interpolation:0}
execute if entity @s[tag=aj.attack.bone.right_fingers2] run data modify entity @s {} merge value {transformation:[-0.7933533402912352f,-0.6087614290087205f,1.2060416625018976e-16f,-2.1143993338474933f,-0.5995129750225788f,0.7813005203969409f,0.17364817766693036f,-8.266085288562886f,-0.10571031278128083f,0.137764361787545f,-0.984807753012208f,-1.5675962004929438f,0f,0f,0f,1f],start_interpolation:0}
execute if entity @s[tag=aj.attack.bone.right_fingers] run data modify entity @s {} merge value {transformation:[-0.9659258262890683f,-0.25881904510252074f,1.2060416625018976e-16f,-2.19156125f,-0.25488700224417876f,0.9512512425641977f,0.17364817766693036f,-7.803809103107613f,-0.0449434555275479f,0.16773125949652062f,-0.984807753012208f,-1.4943347776797609f,0f,0f,0f,1f],start_interpolation:0}
execute if entity @s[tag=aj.attack.locator_origin.right_hand] at @s on origin run tp @s ^-2 ^-7.83372 ^-1.50591 ~0 ~10
execute if entity @s[tag=aj.attack.bone.right_hand] run data modify entity @s {} merge value {transformation:[-1f,-2.126576849575772e-17f,1.2060416625018976e-16f,-2.25406125f,0f,0.984807753012208f,0.17364817766693036f,-7.104370875989693f,-1.2246467991473532e-16f,0.17364817766693036f,-0.984807753012208f,-1.4007061752976342f,0f,0f,0f,1f],start_interpolation:0}
execute if entity @s[tag=aj.attack.bone.right_forearm] run data modify entity @s {} merge value {transformation:[-1.5053291666666664f,-3.2011981568245214e-17f,1.8154896907792625e-16f,-2.2109925f,0f,1.4824598341687394f,0.26139766658054553f,-4.967395140052307f,-1.8434965456214856e-16f,0.26139766658054553f,-1.4824598341687394f,-1.0183757751638867f,0f,0f,0f,1f],start_interpolation:0}
execute if entity @s[tag=aj.attack.bone.right_bicep] run data modify entity @s {} merge value {transformation:[-1.5788933333333333f,-3.357638010616189e-17f,1.9042111406464961e-16f,-2.107345625f,0f,1.554906395845955f,0.2741719500637986f,-2.694460118985337f,-1.9335866668617615e-16f,0.2741719500637986f,-1.554906395845955f,-0.6782068200160767f,0f,0f,0f,1f],start_interpolation:0}
execute if entity @s[tag=aj.attack.bone.right_shoulder] run data modify entity @s {} merge value {transformation:[-1f,-2.126576849575772e-17f,1.2060416625018976e-16f,-1.795433125f,0f,0.984807753012208f,0.17364817766693036f,-2.4673411071274223f,-1.2246467991473532e-16f,0.17364817766693036f,-0.984807753012208f,-0.5746954471508213f,0f,0f,0f,1f],start_interpolation:0}
execute if entity @s[tag=aj.attack.bone.left_thumb_2] run data modify entity @s {} merge value {transformation:[-0.9762960071199334f,-0.2164396139381029f,1.2060416625018976e-16f,1.86831875f,-0.2131514098652129f,0.9614638770465722f,0.17364817766693036f,-7.3763018618855485f,-0.03758434453528562f,0.16953202249987687f,-0.984807753012208f,-1.249419475407928f,0f,0f,0f,1f],start_interpolation:0}
execute if entity @s[tag=aj.attack.bone.left_thumb] run data modify entity @s {} merge value {transformation:[-1f,-2.126576849575772e-17f,1.2060416625018976e-16f,2.015895f,0f,0.984807753012208f,0.17364817766693036f,-7.094027646649351f,-1.2246467991473532e-16f,0.17364817766693036f,-0.984807753012208f,-1.199646915303478f,0f,0f,0f,1f],start_interpolation:0}
execute if entity @s[tag=aj.attack.bone.left_fingers2] run data modify entity @s {} merge value {transformation:[-0.7933533402912352f,0.6087614290087205f,1.2060416625018976e-16f,2.1355343338474935f,0.5995129750225788f,0.7813005203969409f,0.17364817766693036f,-8.157772500668928f,0.10571031278128062f,0.13776436178754514f,-0.984807753012208f,-1.5586851177562682f,0f,0f,0f,1f],start_interpolation:0}
execute if entity @s[tag=aj.attack.bone.left_fingers] run data modify entity @s {} merge value {transformation:[-0.9659258262890683f,0.25881904510252074f,1.2060416625018976e-16f,2.21269625f,0.25488700224417876f,0.9512512425641977f,0.17364817766693036f,-7.6954963152136555f,0.044943455527547665f,0.16773125949652068f,-0.984807753012208f,-1.4854236949430852f,0f,0f,0f,1f],start_interpolation:0}
execute if entity @s[tag=aj.attack.bone.left_hand] run data modify entity @s {} merge value {transformation:[-1f,-2.126576849575772e-17f,1.2060416625018976e-16f,2.27519625f,0f,0.984807753012208f,0.17364817766693036f,-6.996058088095735f,-1.2246467991473532e-16f,0.17364817766693036f,-0.984807753012208f,-1.3917950925609586f,0f,0f,0f,1f],start_interpolation:0}
execute if entity @s[tag=aj.attack.bone.left_forearm] run data modify entity @s {} merge value {transformation:[-1.505329166666667f,-3.2011981568245227e-17f,1.8154896907792632e-16f,2.2321275f,0f,1.48245983416874f,0.26139766658054564f,-4.8590823521583495f,-1.8434965456214864e-16f,0.26139766658054564f,-1.48245983416874f,-1.009464692427211f,0f,0f,0f,1f],start_interpolation:0}
execute if entity @s[tag=aj.attack.bone.left_bicep] run data modify entity @s {} merge value {transformation:[-1.5788933333333333f,-3.357638010616189e-17f,1.9042111406464961e-16f,2.044845625f,0f,1.554906395845955f,0.2741719500637986f,-2.522257628754532f,-1.9335866668617615e-16f,0.2741719500637986f,-1.554906395845955f,-0.5760739078394188f,0f,0f,0f,1f],start_interpolation:0}
execute if entity @s[tag=aj.attack.bone.left_shoulder] run data modify entity @s {} merge value {transformation:[-1f,-2.126576849575772e-17f,1.2060416625018976e-16f,1.795433125f,0f,0.984807753012208f,0.17364817766693036f,-2.284285605792434f,-1.2246467991473532e-16f,0.17364817766693036f,-0.984807753012208f,-0.5341130195374266f,0f,0f,0f,1f],start_interpolation:0}