execute if entity @s[tag=aj.attack.bone.right_thumb_2] run data modify entity @s {} merge value {transformation:[-0.9762960071199334f,0.21643961393810288f,1.21998664834562e-16f,-1.84718375f,0.21561599586216232f,0.9725809060610185f,0.08715574274765822f,-7.093052368982189f,0.018863955312791638f,0.08508980364211084f,-0.9961946980917454f,-0.7561827493434389f,0f,0f,0f,1f],start_interpolation:0}
execute if entity @s[tag=aj.attack.bone.right_thumb] run data modify entity @s {} merge value {transformation:[-1f,-1.067350013832298e-17f,1.21998664834562e-16f,-1.99476f,0f,0.9961946980917454f,0.08715574274765822f,-6.807514327911524f,-1.2246467991473532e-16f,0.08715574274765822f,-0.9961946980917454f,-0.731201407744356f,0f,0f,0f,1f],start_interpolation:0}
execute if entity @s[tag=aj.attack.bone.right_fingers2] run data modify entity @s {} merge value {transformation:[-0.7933533402912352f,-0.6087614290087205f,1.21998664834562e-16f,-2.114399333847494f,-0.606444907981242f,0.7903343913115048f,0.08715574274765822f,-7.898503552817762f,-0.05305705450138096f,0.06914529963441818f,-0.9961946980917454f,-0.9961618885941409f,0f,0f,0f,1f],start_interpolation:0}
execute if entity @s[tag=aj.attack.bone.right_fingers] run data modify entity @s {} merge value {transformation:[-0.9659258262890683f,-0.25881904510252074f,1.21998664834562e-16f,-2.19156125f,-0.2578341604962995f,0.9622501868990582f,0.08715574274765822f,-7.43160131409311f,-0.022557566113149966f,0.08418598282936922f,-0.9961946980917454f,-0.9634692719108989f,0f,0f,0f,1f],start_interpolation:0}
execute if entity @s[tag=aj.attack.locator_origin.right_hand] at @s on origin run tp @s ^-2 ^-7.46241 ^-0.97239 ~0 ~5
execute if entity @s[tag=aj.attack.bone.right_hand] run data modify entity @s {} merge value {transformation:[-1f,-1.067350013832298e-17f,1.21998664834562e-16f,-2.25406125f,0f,0.9961946980917454f,0.08715574274765822f,-6.726664390212508f,-1.2246467991473532e-16f,0.08715574274765822f,-0.9961946980917454f,-0.9311570128186518f,0f,0f,0f,1f],start_interpolation:0}
execute if entity @s[tag=aj.attack.bone.right_forearm] run data modify entity @s {} merge value {transformation:[-1.505329166666667f,-1.6067131068638287e-17f,1.8364814846985722e-16f,-2.2109925f,0f,1.4996009347161992f,0.13119808160054677f,-4.564498202122312f,-1.8434965456214864e-16f,0.13119808160054677f,-1.4996009347161992f,-0.736531202785463f,0f,0f,0f,1f],start_interpolation:0}
execute if entity @s[tag=aj.attack.bone.right_bicep] run data modify entity @s {} merge value {transformation:[-1.5788933333333333f,-1.6852318211730564e-17f,1.926228785828577e-16f,-2.107345625f,0f,1.5728851675190696f,0.13760962118599257f,-2.2705647070827437f,-1.9335866668617615e-16f,0.13760962118599257f,-1.5728851675190696f,-0.5957560331900617f,0f,0f,0f,1f],start_interpolation:0}
execute if entity @s[tag=aj.attack.bone.right_shoulder] run data modify entity @s {} merge value {transformation:[-1f,-1.067350013832298e-17f,1.21998664834562e-16f,-1.795433125f,0f,0.9961946980917454f,0.08715574274765822f,-2.0298411071274227f,-1.2246467991473532e-16f,0.08715574274765822f,-0.9961946980917454f,-0.5746954471508213f,0f,0f,0f,1f],start_interpolation:0}
execute if entity @s[tag=aj.attack.bone.left_thumb_2] run data modify entity @s {} merge value {transformation:[-0.9762960071199334f,-0.21643961393810288f,1.21998664834562e-16f,1.86831875f,-0.21561599586216232f,0.9725809060610185f,0.08715574274765822f,-6.981768268162965f,-0.018863955312791874f,0.08508980364211079f,-0.9961946980917454f,-0.802899059503473f,0f,0f,0f,1f],start_interpolation:0}
execute if entity @s[tag=aj.attack.bone.left_thumb] run data modify entity @s {} merge value {transformation:[-1f,-1.067350013832298e-17f,1.21998664834562e-16f,2.015895f,0f,0.9961946980917454f,0.08715574274765822f,-6.6962302270923f,-1.2246467991473532e-16f,0.08715574274765822f,-0.9961946980917454f,-0.7779177179043901f,0f,0f,0f,1f],start_interpolation:0}
execute if entity @s[tag=aj.attack.bone.left_fingers2] run data modify entity @s {} merge value {transformation:[-0.7933533402912352f,0.6087614290087205f,1.21998664834562e-16f,2.135534333847494f,0.606444907981242f,0.7903343913115048f,0.08715574274765822f,-7.7872194519985385f,0.053057054501380756f,0.06914529963441833f,-0.9961946980917454f,-1.0428781987541749f,0f,0f,0f,1f],start_interpolation:0}
execute if entity @s[tag=aj.attack.bone.left_fingers] run data modify entity @s {} merge value {transformation:[-0.9659258262890683f,0.25881904510252074f,1.21998664834562e-16f,2.21269625f,0.2578341604962995f,0.9622501868990582f,0.08715574274765822f,-7.320317213273887f,0.02255756611314973f,0.08418598282936927f,-0.9961946980917454f,-1.010185582070933f,0f,0f,0f,1f],start_interpolation:0}
execute if entity @s[tag=aj.attack.bone.left_hand] run data modify entity @s {} merge value {transformation:[-1f,-1.067350013832298e-17f,1.21998664834562e-16f,2.27519625f,0f,0.9961946980917454f,0.08715574274765822f,-6.6153802893932845f,-1.2246467991473532e-16f,0.08715574274765822f,-0.9961946980917454f,-0.9778733229786858f,0f,0f,0f,1f],start_interpolation:0}
execute if entity @s[tag=aj.attack.bone.left_forearm] run data modify entity @s {} merge value {transformation:[-1.505329166666667f,-1.6067131068638287e-17f,1.8364814846985722e-16f,2.2321275f,0f,1.4996009347161992f,0.13119808160054677f,-4.453214101303089f,-1.8434965456214864e-16f,0.13119808160054677f,-1.4996009347161992f,-0.783247512945497f,0f,0f,0f,1f],start_interpolation:0}
execute if entity @s[tag=aj.attack.bone.left_bicep] run data modify entity @s {} merge value {transformation:[-1.5788933333333333f,-1.6852318211730564e-17f,1.926228785828577e-16f,2.044845625f,0f,1.5728851675190696f,0.13760962118599257f,-2.0875092057477564f,-1.9335866668617615e-16f,0.13760962118599257f,-1.5728851675190696f,-0.5551736055766671f,0f,0f,0f,1f],start_interpolation:0}
execute if entity @s[tag=aj.attack.bone.left_shoulder] run data modify entity @s {} merge value {transformation:[-1f,-1.067350013832298e-17f,1.21998664834562e-16f,1.795433125f,0f,0.9961946980917454f,0.08715574274765822f,-1.8467856057924352f,-1.2246467991473532e-16f,0.08715574274765822f,-0.9961946980917454f,-0.5341130195374268f,0f,0f,0f,1f],start_interpolation:0}