execute if entity @s[tag=aj.attack.bone.right_thumb_2] run data modify entity @s {} merge value {transformation:[-0.9762960071199334f,0.2164396139381029f,1.2158725079574692e-16f,-1.84718375f,0.21488887767762258f,0.9693010878828477f,-0.1194913021084788f,-7.336003032465892f,-0.025862651297320488f,-0.1166588811340695f,-0.9928352475211687f,0.25555885247547494f,0f,0f,0f,1f],start_interpolation:0}
execute if entity @s[tag=aj.attack.bone.right_thumb] run data modify entity @s {} merge value {transformation:[-1f,1.4633464065309792e-17f,1.2158725079574692e-16f,-1.99476f,0f,0.9928352475211687f,-0.1194913021084788f,-7.051427906512959f,-1.2246467991473532e-16f,-0.1194913021084788f,-0.9928352475211687f,0.22130920991624928f,0f,0f,0f,1f],start_interpolation:0}
execute if entity @s[tag=aj.attack.bone.right_fingers2] run data modify entity @s {} merge value {transformation:[-0.7933533402912352f,-0.6087614290087205f,1.2158725079574692e-16f,-2.1143993338474933f,-0.6043998040512135f,0.7876691599797945f,-0.1194913021084788f,-8.17358408627576f,0.07274169582567021f,-0.09479882366351085f,-0.9928352475211687f,0.1862798865739339f,0f,0f,0f,1f],start_interpolation:0}
execute if entity @s[tag=aj.attack.bone.right_fingers] run data modify entity @s {} merge value {transformation:[-0.9659258262890683f,-0.25881904510252074f,1.2158725079574692e-16f,-2.19156125f,-0.2569646707075537f,0.9590052068307965f,-0.1194913021084788f,-7.709932993281749f,0.030926624709773188f,-0.11541973472348911f,-0.9928352475211687f,0.12229417194053055f,0f,0f,0f,1f],start_interpolation:0}
execute if entity @s[tag=aj.attack.locator_origin.right_hand] at @s on origin run tp @s ^-2 ^-7.74191 ^0.11989 ~0 ~-6.86275
execute if entity @s[tag=aj.attack.bone.right_hand] run data modify entity @s {} merge value {transformation:[-1f,1.4633464065309792e-17f,1.2158725079574692e-16f,-2.25406125f,0f,0.9928352475211687f,-0.1194913021084788f,-7.013409145376642f,-1.2246467991473532e-16f,-0.1194913021084788f,-0.9928352475211687f,0.009003933890847415f,0f,0f,0f,1f],start_interpolation:0}
execute if entity @s[tag=aj.attack.bone.right_forearm] run data modify entity @s {} merge value {transformation:[-1.5053291666666664f,2.2028180266879396e-17f,1.8302883491765268e-16f,-2.2109925f,0f,1.4945438557883344f,-0.17987374222687127f,-4.857411832805408f,-1.8434965456214856e-16f,-0.17987374222687127f,-1.4945438557883344f,-0.24499885947406175f,0f,0f,0f,1f],start_interpolation:0}
execute if entity @s[tag=aj.attack.bone.right_bicep] run data modify entity @s {} merge value {transformation:[-1.5788933333333333f,2.3104678856290527e-17f,1.9197329969973283e-16f,-2.107345625f,0f,1.567580953409523f,-0.18866402029039644f,-2.583531349373625f,-1.9335866668617615e-16f,-0.18866402029039644f,-1.567580953409523f,-0.57878932534615f,0f,0f,0f,1f],start_interpolation:0}
execute if entity @s[tag=aj.attack.bone.right_shoulder] run data modify entity @s {} merge value {transformation:[-1f,1.4633464065309792e-17f,1.2158725079574692e-16f,-1.795433125f,0f,0.9928352475211687f,-0.1194913021084788f,-2.336151331170681f,-1.2246467991473532e-16f,-0.1194913021084788f,-0.9928352475211687f,-0.5456113740278888f,0f,0f,0f,1f],start_interpolation:0}
execute if entity @s[tag=aj.attack.bone.left_thumb_2] run data modify entity @s {} merge value {transformation:[-0.9762960071199334f,-0.21643961393810285f,1.2158725079574692e-16f,1.86831875f,-0.21488887767762258f,0.9693010878828477f,-0.1194913021084788f,-7.364853486884421f,0.025862651297320252f,-0.11665888113406955f,-0.9928352475211687f,0.25842901956399983f,0f,0f,0f,1f],start_interpolation:0}
execute if entity @s[tag=aj.attack.bone.left_thumb] run data modify entity @s {} merge value {transformation:[-1f,1.4633464065309792e-17f,1.2158725079574692e-16f,2.015895f,0f,0.9928352475211687f,-0.1194913021084788f,-7.080278360931488f,-1.2246467991473532e-16f,-0.1194913021084788f,-0.9928352475211687f,0.22417937700477425f,0f,0f,0f,1f],start_interpolation:0}
execute if entity @s[tag=aj.attack.bone.left_fingers2] run data modify entity @s {} merge value {transformation:[-0.7933533402912352f,0.6087614290087205f,1.2158725079574692e-16f,2.1355343338474935f,0.6043998040512135f,0.7876691599797945f,-0.1194913021084788f,-8.202434540694288f,-0.0727416958256704f,-0.0947988236635107f,-0.9928352475211687f,0.18915005366245888f,0f,0f,0f,1f],start_interpolation:0}
execute if entity @s[tag=aj.attack.bone.left_fingers] run data modify entity @s {} merge value {transformation:[-0.9659258262890683f,0.25881904510252074f,1.2158725079574692e-16f,2.21269625f,0.2569646707075537f,0.9590052068307965f,-0.1194913021084788f,-7.738783447700277f,-0.030926624709773424f,-0.11541973472348906f,-0.9928352475211687f,0.12516433902905555f,0f,0f,0f,1f],start_interpolation:0}
execute if entity @s[tag=aj.attack.bone.left_hand] run data modify entity @s {} merge value {transformation:[-1f,1.4633464065309792e-17f,1.2158725079574692e-16f,2.27519625f,0f,0.9928352475211687f,-0.1194913021084788f,-7.04225959979517f,-1.2246467991473532e-16f,-0.1194913021084788f,-0.9928352475211687f,0.011874100979372415f,0f,0f,0f,1f],start_interpolation:0}
execute if entity @s[tag=aj.attack.bone.left_forearm] run data modify entity @s {} merge value {transformation:[-1.505329166666667f,2.2028180266879408e-17f,1.8302883491765276e-16f,2.2321275f,0f,1.494543855788335f,-0.17987374222687136f,-4.886262287223935f,-1.8434965456214864e-16f,-0.17987374222687136f,-1.494543855788335f,-0.24212869238553675f,0f,0f,0f,1f],start_interpolation:0}
execute if entity @s[tag=aj.attack.bone.left_bicep] run data modify entity @s {} merge value {transformation:[-1.5788933333333333f,2.3104678856290527e-17f,1.9197329969973283e-16f,2.044845625f,0f,1.567580953409523f,-0.18866402029039644f,-2.524197417613598f,-1.9335866668617615e-16f,-0.18866402029039644f,-1.567580953409523f,-0.5052387678856147f,0f,0f,0f,1f],start_interpolation:0}
execute if entity @s[tag=aj.attack.bone.left_shoulder] run data modify entity @s {} merge value {transformation:[-1f,1.4633464065309792e-17f,1.2158725079574692e-16f,1.795433125f,0f,0.9928352475211687f,-0.1194913021084788f,-2.284285605792434f,-1.2246467991473532e-16f,-0.1194913021084788f,-0.9928352475211687f,-0.5341130195374266f,0f,0f,0f,1f],start_interpolation:0}