execute if entity @s[tag=aj.attack.bone.right_thumb_2] run data modify entity @s {} merge value {transformation:[-0.9762960071199334f,0.21643961393810288f,1.2245814064022044e-16f,-1.84718375f,0.21642805666254863f,0.9762438756188117f,0.010334002420867239f,-7.092024722073787f,0.002236687494407806f,0.010089045301060437f,-0.9999466027713506f,-0.3665056981269206f,0f,0f,0f,1f],start_interpolation:0}
execute if entity @s[tag=aj.attack.bone.right_thumb] run data modify entity @s {} merge value {transformation:[-1f,-1.2655502987096114e-18f,1.2245814064022044e-16f,-1.99476f,0f,0.9999466027713506f,0.010334002420867239f,-6.805411277254688f,-1.2246467991473532e-16f,0.010334002420867239f,-0.9999466027713506f,-0.36354367593053044f,0f,0f,0f,1f],start_interpolation:0}
execute if entity @s[tag=aj.attack.bone.right_fingers2] run data modify entity @s {} merge value {transformation:[-0.7933533402912352f,-0.6087614290087205f,1.2245814064022044e-16f,-2.114399333847494f,-0.6087289228355028f,0.7933109774215239f,0.010334002420867239f,-7.9135374548392665f,-0.006290942081106815f,0.00819851533917266f,-0.9999466027713506f,-0.5438709335081204f,0f,0f,0f,1f],start_interpolation:0}
execute if entity @s[tag=aj.attack.bone.right_fingers] run data modify entity @s {} merge value {transformation:[-0.9659258262890683f,-0.25881904510252074f,1.2245814064022044e-16f,-2.19156125f,-0.25880522488279056f,0.9658742485268637f,0.010334002420867239f,-7.445503595597425f,-0.0026746366386561147f,0.009981879827249388f,-0.9999466027713506f,-0.5471594460711247f,0f,0f,0f,1f],start_interpolation:0}
execute if entity @s[tag=aj.attack.locator_origin.right_hand] at @s on origin run tp @s ^-2 ^-7.4769 ^-0.55369 ~0 ~0.59211
execute if entity @s[tag=aj.attack.bone.right_hand] run data modify entity @s {} merge value {transformation:[-1f,-1.2655502987096114e-18f,1.2245814064022044e-16f,-2.25406125f,0f,0.9999466027713506f,0.010334002420867239f,-6.740168349843992f,-1.2246467991473532e-16f,0.010334002420867239f,-0.9999466027713506f,-0.5691216826565543f,0f,0f,0f,1f],start_interpolation:0}
execute if entity @s[tag=aj.attack.bone.right_forearm] run data modify entity @s {} merge value {transformation:[-1.505329166666667f,-1.905069776531291e-18f,1.8433981080149255e-16f,-2.2109925f,0f,1.505248786260962f,0.0155560752525354f,-4.5694392369275825f,-1.8434965456214864e-16f,0.0155560752525354f,-1.505248786260962f,-0.5412478743645144f,0f,0f,0f,1f],start_interpolation:0}
execute if entity @s[tag=aj.attack.bone.right_bicep] run data modify entity @s {} merge value {transformation:[-1.5788933333333333f,-1.998168929630614e-18f,1.9334834186923977e-16f,-2.107345625f,0f,1.5788090248050002f,0.01631628752895781f,-2.2714713290542257f,-1.9335866668617615e-16f,0.01631628752895781f,-1.5788090248050002f,-0.5771925877895573f,0f,0f,0f,1f],start_interpolation:0}
execute if entity @s[tag=aj.attack.bone.right_shoulder] run data modify entity @s {} merge value {transformation:[-1f,-1.2655502987096114e-18f,1.2245814064022044e-16f,-1.795433125f,0f,0.9999466027713506f,0.010334002420867239f,-2.0298411071274227f,-1.2246467991473532e-16f,0.010334002420867239f,-0.9999466027713506f,-0.5746954471508213f,0f,0f,0f,1f],start_interpolation:0}
execute if entity @s[tag=aj.attack.bone.left_thumb_2] run data modify entity @s {} merge value {transformation:[-0.9762960071199334f,-0.21643961393810288f,1.2245814064022044e-16f,1.86831875f,-0.21642805666254863f,0.9762438756188117f,0.010334002420867239f,-6.987237801398015f,-0.0022366874944080455f,0.010089045301060385f,-0.9999466027713506f,-0.4074477013942124f,0f,0f,0f,1f],start_interpolation:0}
execute if entity @s[tag=aj.attack.bone.left_thumb] run data modify entity @s {} merge value {transformation:[-1f,-1.2655502987096114e-18f,1.2245814064022044e-16f,2.015895f,0f,0.9999466027713506f,0.010334002420867239f,-6.700624356578916f,-1.2246467991473532e-16f,0.010334002420867239f,-0.9999466027713506f,-0.4044856791978222f,0f,0f,0f,1f],start_interpolation:0}
execute if entity @s[tag=aj.attack.bone.left_fingers2] run data modify entity @s {} merge value {transformation:[-0.7933533402912352f,0.6087614290087205f,1.2245814064022044e-16f,2.135534333847494f,0.6087289228355028f,0.7933109774215239f,0.010334002420867239f,-7.808750534163495f,0.0062909420811066204f,0.008198515339172808f,-0.9999466027713506f,-0.5848129367754121f,0f,0f,0f,1f],start_interpolation:0}
execute if entity @s[tag=aj.attack.bone.left_fingers] run data modify entity @s {} merge value {transformation:[-0.9659258262890683f,0.25881904510252074f,1.2245814064022044e-16f,2.21269625f,0.25880522488279056f,0.9658742485268637f,0.010334002420867239f,-7.340716674921653f,0.002674636638655878f,0.00998187982724945f,-0.9999466027713506f,-0.5881014493384163f,0f,0f,0f,1f],start_interpolation:0}
execute if entity @s[tag=aj.attack.bone.left_hand] run data modify entity @s {} merge value {transformation:[-1f,-1.2655502987096114e-18f,1.2245814064022044e-16f,2.27519625f,0f,0.9999466027713506f,0.010334002420867239f,-6.63538142916822f,-1.2246467991473532e-16f,0.010334002420867239f,-0.9999466027713506f,-0.610063685923846f,0f,0f,0f,1f],start_interpolation:0}
execute if entity @s[tag=aj.attack.bone.left_forearm] run data modify entity @s {} merge value {transformation:[-1.505329166666667f,-1.905069776531291e-18f,1.8433981080149255e-16f,2.2321275f,0f,1.505248786260962f,0.0155560752525354f,-4.4646523162518115f,-1.8434965456214864e-16f,0.0155560752525354f,-1.505248786260962f,-0.5821898776318061f,0f,0f,0f,1f],start_interpolation:0}
execute if entity @s[tag=aj.attack.bone.left_bicep] run data modify entity @s {} merge value {transformation:[-1.5788933333333333f,-1.998168929630614e-18f,1.9334834186923977e-16f,2.044845625f,0f,1.5788090248050002f,0.01631628752895781f,-2.0884158277192384f,-1.9335866668617615e-16f,0.01631628752895781f,-1.5788090248050002f,-0.5366101601761627f,0f,0f,0f,1f],start_interpolation:0}
execute if entity @s[tag=aj.attack.bone.left_shoulder] run data modify entity @s {} merge value {transformation:[-1f,-1.2655502987096114e-18f,1.2245814064022044e-16f,1.795433125f,0f,0.9999466027713506f,0.010334002420867239f,-1.8467856057924352f,-1.2246467991473532e-16f,0.010334002420867239f,-0.9999466027713506f,-0.5341130195374268f,0f,0f,0f,1f],start_interpolation:0}