execute if entity @s[tag=aj.attack.bone.right_thumb_2] run data modify entity @s {} merge value {transformation:[-0.9762960071199334f,0.2164396139381029f,1.2141697760125282e-16f,-1.84718375f,0.21458794303666348f,0.967943659438827f,-0.1305261922200515f,-2.7667595855671596f,-0.02825103865291867f,-0.12743220028900515f,-0.9914448613738105f,0.3845811427918514f,0f,0f,0f,1f],start_interpolation:0}
execute if entity @s[tag=aj.attack.bone.right_thumb] run data modify entity @s {} merge value {transformation:[-1f,1.5984848350717824e-17f,1.2141697760125282e-16f,-1.99476f,0f,0.9914448613738105f,-0.1305261922200515f,-2.482582984257661f,-1.2246467991473532e-16f,-0.1305261922200515f,-0.9914448613738105f,0.3471685834735583f,0f,0f,0f,1f],start_interpolation:0}
execute if entity @s[tag=aj.attack.bone.right_fingers2] run data modify entity @s {} merge value {transformation:[-0.7933533402912352f,-0.6087614290087205f,1.2141697760125282e-16f,-2.114399333847494f,-0.6035533905932738f,0.7865660924854933f,-0.1305261922200515f,-3.605059352528474f,0.0794593112989454f,-0.10355339059327376f,-0.9914448613738105f,0.32462201062467194f,0f,0f,0f,1f],start_interpolation:0}
execute if entity @s[tag=aj.attack.bone.right_fingers] run data modify entity @s {} merge value {transformation:[-0.9659258262890683f,-0.25881904510252074f,1.2141697760125282e-16f,-2.19156125f,-0.2566048122925707f,0.9576621969425487f,-0.1305261922200515f,-3.1421485838126917f,0.03378266443126168f,-0.12607862007251902f,-0.9914448613738105f,0.2554835414584241f,0f,0f,0f,1f],start_interpolation:0}
execute if entity @s[tag=aj.attack.locator_origin.right_hand] at @s on origin run tp @s ^-2 ^-3.17415 ^0.25344 ~0 ~-7.5
execute if entity @s[tag=aj.attack.bone.right_hand] run data modify entity @s {} merge value {transformation:[-1f,1.5984848350717824e-17f,1.2141697760125282e-16f,-2.25406125f,0f,0.9914448613738105f,-0.1305261922200515f,-2.446927826873257f,-1.2246467991473532e-16f,-0.1305261922200515f,-0.9914448613738105f,0.13445359533577828f,0f,0f,0f,1f],start_interpolation:0}
execute if entity @s[tag=aj.attack.bone.right_forearm] run data modify entity @s {} merge value {transformation:[-1.505329166666667f,2.4062458447079108e-17f,1.8277251771167929e-16f,-2.2109925f,0f,1.4924508669677874f,-0.1964848841627833f,-0.2938888755250977f,-1.8434965456214864e-16f,-0.1964848841627833f,-1.4924508669677874f,-0.14351241846659823f,0f,0f,0f,1f],start_interpolation:0}
execute if entity @s[tag=aj.attack.bone.right_bicep] run data modify entity @s {} merge value {transformation:[-1.578893333333333f,2.5238370495292697e-17f,1.917044564881007e-16f,-2.107345625f,0f,1.5653856819907f,-0.20608693472162445f,1.9761385596400056f,-1.9335866668617613e-16f,-0.20608693472162445f,-1.5653856819907f,-0.5025722625550235f,0f,0f,0f,1f],start_interpolation:0}
execute if entity @s[tag=aj.attack.bone.right_shoulder] run data modify entity @s {} merge value {transformation:[-1f,1.5984848350717824e-17f,1.2141697760125282e-16f,-1.795433125f,0f,0.9914448613738105f,-0.1305261922200515f,2.2157143942075646f,-1.2246467991473532e-16f,-0.1305261922200515f,-0.9914448613738105f,-0.5341130195374273f,0f,0f,0f,1f],start_interpolation:0}
execute if entity @s[tag=aj.attack.bone.left_thumb_2] run data modify entity @s {} merge value {transformation:[-0.9762960071199334f,-0.21643961393810285f,1.2141697760125282e-16f,1.86831875f,-0.21458794303666348f,0.967943659438827f,-0.1305261922200515f,-2.8557246224170703f,0.028251038652918434f,-0.1274322002890052f,-0.9914448613738105f,0.31488590789647253f,0f,0f,0f,1f],start_interpolation:0}
execute if entity @s[tag=aj.attack.bone.left_thumb] run data modify entity @s {} merge value {transformation:[-1f,1.5984848350717824e-17f,1.2141697760125282e-16f,2.015895f,0f,0.9914448613738105f,-0.1305261922200515f,-2.5715480211075716f,-1.2246467991473532e-16f,-0.1305261922200515f,-0.9914448613738105f,0.27747334857817946f,0f,0f,0f,1f],start_interpolation:0}
execute if entity @s[tag=aj.attack.bone.left_fingers2] run data modify entity @s {} merge value {transformation:[-0.7933533402912352f,0.6087614290087205f,1.2141697760125282e-16f,2.135534333847494f,0.6035533905932738f,0.7865660924854933f,-0.1305261922200515f,-3.694024389378385f,-0.0794593112989456f,-0.1035533905932736f,-0.9914448613738105f,0.2549267757292932f,0f,0f,0f,1f],start_interpolation:0}
execute if entity @s[tag=aj.attack.bone.left_fingers] run data modify entity @s {} merge value {transformation:[-0.9659258262890683f,0.25881904510252074f,1.2141697760125282e-16f,2.21269625f,0.2566048122925707f,0.9576621969425487f,-0.1305261922200515f,-3.2311136206626023f,-0.03378266443126192f,-0.12607862007251897f,-0.9914448613738105f,0.18578830656304537f,0f,0f,0f,1f],start_interpolation:0}
execute if entity @s[tag=aj.attack.bone.left_hand] run data modify entity @s {} merge value {transformation:[-1f,1.5984848350717824e-17f,1.2141697760125282e-16f,2.27519625f,0f,0.9914448613738105f,-0.1305261922200515f,-2.5358928637231677f,-1.2246467991473532e-16f,-0.1305261922200515f,-0.9914448613738105f,0.06475836044039956f,0f,0f,0f,1f],start_interpolation:0}
execute if entity @s[tag=aj.attack.bone.left_forearm] run data modify entity @s {} merge value {transformation:[-1.505329166666667f,2.4062458447079108e-17f,1.8277251771167929e-16f,2.2321275f,0f,1.4924508669677874f,-0.1964848841627833f,-0.38285391237500876f,-1.8434965456214864e-16f,-0.1964848841627833f,-1.4924508669677874f,-0.2132076533619769f,0f,0f,0f,1f],start_interpolation:0}
execute if entity @s[tag=aj.attack.bone.left_bicep] run data modify entity @s {} merge value {transformation:[-1.5788933333333335f,2.5238370495292703e-17f,1.9170445648810075e-16f,2.044845625f,0f,1.5653856819907004f,-0.2060869347216245f,1.976138559640006f,-1.9335866668617618e-16f,-0.2060869347216245f,-1.5653856819907004f,-0.5025722625550229f,0f,0f,0f,1f],start_interpolation:0}
execute if entity @s[tag=aj.attack.bone.left_shoulder] run data modify entity @s {} merge value {transformation:[-1f,1.5984848350717824e-17f,1.2141697760125282e-16f,1.795433125f,0f,0.9914448613738105f,-0.1305261922200515f,2.215714394207565f,-1.2246467991473532e-16f,-0.1305261922200515f,-0.9914448613738105f,-0.5341130195374267f,0f,0f,0f,1f],start_interpolation:0}