execute if entity @s[tag=aj.attack.bone.right_thumb_2] run data modify entity @s {} merge value {transformation:[-0.9762960071199334f,0.21643961393810288f,1.2235713978087564e-16f,-1.84718375f,0.21624955142316676f,0.9754386905175837f,0.041898598432651424f,-7.096074062436208f,0.009068516469310556f,0.040905434353719114f,-0.9991218681669315f,-0.5264298737751466f,0f,0f,0f,1f],start_interpolation:0}
execute if entity @s[tag=aj.attack.bone.right_thumb] run data modify entity @s {} merge value {transformation:[-1f,-5.131098445930688e-18f,1.2235713978087564e-16f,-1.99476f,0f,0.9991218681669315f,0.041898598432651424f,-6.809697010265856f,-1.2246467991473532e-16f,0.041898598432651424f,-0.9991218681669315f,-0.5144205308796438f,0f,0f,0f,1f],start_interpolation:0}
execute if entity @s[tag=aj.attack.bone.right_fingers2] run data modify entity @s {} merge value {transformation:[-0.7933533402912352f,-0.6087614290087205f,1.2235713978087564e-16f,-2.114399333847494f,-0.6082268562191637f,0.7926566714682541f,0.041898598432651424f,-7.911577594789858f,-0.02550625065532352f,0.03324039302006504f,-0.9991218681669315f,-0.7296430267361542f,0f,0f,0f,1f],start_interpolation:0}
execute if entity @s[tag=aj.attack.bone.right_fingers] run data modify entity @s {} merge value {transformation:[-0.9659258262890683f,-0.25881904510252074f,1.2235713978087564e-16f,-2.19156125f,-0.2585917678600118f,0.9650776160726209f,0.041898598432651424f,-7.443673228286283f,-0.010844155237472931f,0.04047093831141266f,-0.9991218681669315f,-0.718153400172301f,0f,0f,0f,1f],start_interpolation:0}
execute if entity @s[tag=aj.attack.locator_origin.right_hand] at @s on origin run tp @s ^-2 ^-7.47485 ^-0.72567 ~0 ~2.40132
execute if entity @s[tag=aj.attack.bone.right_hand] run data modify entity @s {} merge value {transformation:[-1f,-5.131098445930688e-18f,1.2235713978087564e-16f,-2.25406125f,0f,0.9991218681669315f,0.041898598432651424f,-6.737996214242502f,-1.2246467991473532e-16f,0.041898598432651424f,-0.9991218681669315f,-0.7178362438326502f,0f,0f,0f,1f],start_interpolation:0}
execute if entity @s[tag=aj.attack.bone.right_forearm] run data modify entity @s {} merge value {transformation:[-1.505329166666667f,-7.723992147697473e-18f,1.8418777126206242e-16f,-2.2109925f,0f,1.5040072892061707f,0.06307118226312448f,-4.5692292301120485f,-1.8434965456214864e-16f,0.06307118226312448f,-1.5040072892061707f,-0.621443301159131f,0f,0f,0f,1f],start_interpolation:0}
execute if entity @s[tag=aj.attack.bone.right_bicep] run data modify entity @s {} merge value {transformation:[-1.5788933333333333f,-8.101457128956991e-18f,1.9318887228575935e-16f,-2.107345625f,0f,1.5775068568363135f,0.06615341774132377f,-2.271272037607118f,-1.9335866668617615e-16f,0.06615341774132377f,-1.5775068568363135f,-0.5848199554092074f,0f,0f,0f,1f],start_interpolation:0}
execute if entity @s[tag=aj.attack.bone.right_shoulder] run data modify entity @s {} merge value {transformation:[-1f,-5.131098445930688e-18f,1.2235713978087564e-16f,-1.795433125f,0f,0.9991218681669315f,0.041898598432651424f,-2.0298411071274227f,-1.2246467991473532e-16f,0.041898598432651424f,-0.9991218681669315f,-0.5746954471508213f,0f,0f,0f,1f],start_interpolation:0}
execute if entity @s[tag=aj.attack.bone.left_thumb_2] run data modify entity @s {} merge value {transformation:[-0.9762960071199334f,-0.21643961393810288f,1.2235713978087564e-16f,1.86831875f,-0.21624955142316676f,0.9754386905175837f,0.041898598432651424f,-6.988674281583321f,-0.009068516469310796f,0.04090543435371906f,-0.9991218681669315f,-0.5698022882327272f,0f,0f,0f,1f],start_interpolation:0}
execute if entity @s[tag=aj.attack.bone.left_thumb] run data modify entity @s {} merge value {transformation:[-1f,-5.131098445930688e-18f,1.2235713978087564e-16f,2.015895f,0f,0.9991218681669315f,0.041898598432651424f,-6.702297229412968f,-1.2246467991473532e-16f,0.041898598432651424f,-0.9991218681669315f,-0.5577929453372243f,0f,0f,0f,1f],start_interpolation:0}
execute if entity @s[tag=aj.attack.bone.left_fingers2] run data modify entity @s {} merge value {transformation:[-0.7933533402912352f,0.6087614290087205f,1.2235713978087564e-16f,2.135534333847494f,0.6082268562191637f,0.7926566714682541f,0.041898598432651424f,-7.80417781393697f,0.025506250655323325f,0.0332403930200652f,-0.9991218681669315f,-0.7730154411937347f,0f,0f,0f,1f],start_interpolation:0}
execute if entity @s[tag=aj.attack.bone.left_fingers] run data modify entity @s {} merge value {transformation:[-0.9659258262890683f,0.25881904510252074f,1.2235713978087564e-16f,2.21269625f,0.2585917678600118f,0.9650776160726209f,0.041898598432651424f,-7.3362734474333955f,0.010844155237472695f,0.04047093831141273f,-0.9991218681669315f,-0.7615258146298814f,0f,0f,0f,1f],start_interpolation:0}
execute if entity @s[tag=aj.attack.bone.left_hand] run data modify entity @s {} merge value {transformation:[-1f,-5.131098445930688e-18f,1.2235713978087564e-16f,2.27519625f,0f,0.9991218681669315f,0.041898598432651424f,-6.630596433389615f,-1.2246467991473532e-16f,0.041898598432651424f,-0.9991218681669315f,-0.7612086582902307f,0f,0f,0f,1f],start_interpolation:0}
execute if entity @s[tag=aj.attack.bone.left_forearm] run data modify entity @s {} merge value {transformation:[-1.505329166666667f,-7.723992147697473e-18f,1.8418777126206242e-16f,2.2321275f,0f,1.5040072892061707f,0.06307118226312448f,-4.461829449259161f,-1.8434965456214864e-16f,0.06307118226312448f,-1.5040072892061707f,-0.6648157156167116f,0f,0f,0f,1f],start_interpolation:0}
execute if entity @s[tag=aj.attack.bone.left_bicep] run data modify entity @s {} merge value {transformation:[-1.5788933333333333f,-8.101457128956991e-18f,1.9318887228575935e-16f,2.044845625f,0f,1.5775068568363135f,0.06615341774132377f,-2.0882165362721308f,-1.9335866668617615e-16f,0.06615341774132377f,-1.5775068568363135f,-0.5442375277958128f,0f,0f,0f,1f],start_interpolation:0}
execute if entity @s[tag=aj.attack.bone.left_shoulder] run data modify entity @s {} merge value {transformation:[-1f,-5.131098445930688e-18f,1.2235713978087564e-16f,1.795433125f,0f,0.9991218681669315f,0.041898598432651424f,-1.8467856057924352f,-1.2246467991473532e-16f,0.041898598432651424f,-0.9991218681669315f,-0.5341130195374268f,0f,0f,0f,1f],start_interpolation:0}