execute if entity @s[tag=aj.attack.bone.right_thumb_2] run data modify entity @s {} merge value {transformation:[-0.9762960071199334f,0.21643961393810288f,1.2182551412404276e-16f,-1.84718375f,0.21530997560420725f,0.9712005378811678f,-0.10203494315500844f,-2.791060438853816f,-0.022084403704666418f,-0.09961630758894409f,-0.9947808152429126f,0.241291193794722f,0f,0f,0f,1f],start_interpolation:0}
execute if entity @s[tag=aj.attack.bone.right_thumb] run data modify entity @s {} merge value {transformation:[-1f,1.2495676653596322e-17f,1.2182551412404276e-16f,-1.99476f,0f,0.9947808152429126f,-0.10203494315500844f,-2.5059276572567586f,-1.2246467991473532e-16f,-0.10203494315500844f,-0.9947808152429126f,0.21204504558188084f,0f,0f,0f,1f],start_interpolation:0}
execute if entity @s[tag=aj.attack.bone.right_fingers2] run data modify entity @s {} merge value {transformation:[-0.7933533402912352f,-0.6087614290087205f,1.2182551412404276e-16f,-2.114399333847494f,-0.6055841906377355f,0.7892126826306027f,-0.10203494315500844f,-3.627295492116189f,0.06211493780386641f,-0.08094976297845231f,-0.9947808152429126f,0.15731183613516692f,0f,0f,0f,1f],start_interpolation:0}
execute if entity @s[tag=aj.attack.bone.right_fingers] run data modify entity @s {} merge value {transformation:[-0.9659258262890683f,-0.25881904510252074f,1.2182551412404276e-16f,-2.19156125f,-0.25746822068747777f,0.9608844809400233f,-0.10203494315500844f,-3.1625920893767168f,0.026408586554469152f,-0.09855818677735967f,-0.9947808152429126f,0.1014794513209316f,0f,0f,0f,1f],start_interpolation:0}
execute if entity @s[tag=aj.attack.locator_origin.right_hand] at @s on origin run tp @s ^-2 ^-3.19453 ^0.09852 ~0 ~-5.85636
execute if entity @s[tag=aj.attack.bone.right_hand] run data modify entity @s {} merge value {transformation:[-1f,1.2495676653596322e-17f,1.2182551412404276e-16f,-2.25406125f,0f,0.9947808152429126f,-0.10203494315500844f,-2.4641858803226704f,-1.2246467991473532e-16f,-0.10203494315500844f,-0.9947808152429126f,0.00044027133293508824f,0f,0f,0f,1f],start_interpolation:0}
execute if entity @s[tag=aj.attack.bone.right_forearm] run data modify entity @s {} merge value {transformation:[-1.505329166666667f,1.8810106523894278e-17f,1.8338749965508355e-16f,-2.2109925f,0f,1.4974725756256013f,-0.15359617595040959f,-0.3040598949450495f,-1.8434965456214864e-16f,-0.15359617595040959f,-1.4974725756256013f,-0.21565590667103024f,0f,0f,0f,1f],start_interpolation:0}
execute if entity @s[tag=aj.attack.bone.right_bicep] run data modify entity @s {} merge value {transformation:[-1.578893333333333f,1.9729340563852206e-17f,1.9234949208035691e-16f,-2.107345625f,0f,1.570652797314933f,-0.16110229151448843f,1.97533244932222f,-1.9335866668617613e-16f,-0.16110229151448843f,-1.570652797314933f,-0.5094569770142537f,0f,0f,0f,1f],start_interpolation:0}
execute if entity @s[tag=aj.attack.bone.right_shoulder] run data modify entity @s {} merge value {transformation:[-1f,1.2495676653596322e-17f,1.2182551412404276e-16f,-1.795433125f,0f,0.9947808152429126f,-0.10203494315500844f,2.2157143942075646f,-1.2246467991473532e-16f,-0.10203494315500844f,-0.9947808152429126f,-0.5341130195374273f,0f,0f,0f,1f],start_interpolation:0}
execute if entity @s[tag=aj.attack.bone.left_thumb_2] run data modify entity @s {} merge value {transformation:[-0.9762960071199334f,-0.21643961393810288f,1.2182551412404276e-16f,1.86831875f,-0.21530997560420725f,0.9712005378811678f,-0.10203494315500844f,-2.877989808263354f,0.022084403704666182f,-0.09961630758894414f,-0.9947808152429126f,0.16907285621424334f,0f,0f,0f,1f],start_interpolation:0}
execute if entity @s[tag=aj.attack.bone.left_thumb] run data modify entity @s {} merge value {transformation:[-1f,1.2495676653596322e-17f,1.2182551412404276e-16f,2.015895f,0f,0.9947808152429126f,-0.10203494315500844f,-2.5928570266662967f,-1.2246467991473532e-16f,-0.10203494315500844f,-0.9947808152429126f,0.1398267080014022f,0f,0f,0f,1f],start_interpolation:0}
execute if entity @s[tag=aj.attack.bone.left_fingers2] run data modify entity @s {} merge value {transformation:[-0.7933533402912352f,0.6087614290087205f,1.2182551412404276e-16f,2.135534333847494f,0.6055841906377355f,0.7892126826306027f,-0.10203494315500844f,-3.714224861525727f,-0.06211493780386661f,-0.08094976297845217f,-0.9947808152429126f,0.08509349855468831f,0f,0f,0f,1f],start_interpolation:0}
execute if entity @s[tag=aj.attack.bone.left_fingers] run data modify entity @s {} merge value {transformation:[-0.9659258262890683f,0.25881904510252074f,1.2182551412404276e-16f,2.21269625f,0.25746822068747777f,0.9608844809400233f,-0.10203494315500844f,-3.249521458786255f,-0.02640858655446939f,-0.09855818677735961f,-0.9947808152429126f,0.029261113740453024f,0f,0f,0f,1f],start_interpolation:0}
execute if entity @s[tag=aj.attack.bone.left_hand] run data modify entity @s {} merge value {transformation:[-1f,1.2495676653596322e-17f,1.2182551412404276e-16f,2.27519625f,0f,0.9947808152429126f,-0.10203494315500844f,-2.5511152497322085f,-1.2246467991473532e-16f,-0.10203494315500844f,-0.9947808152429126f,-0.07177806624754346f,0f,0f,0f,1f],start_interpolation:0}
execute if entity @s[tag=aj.attack.bone.left_forearm] run data modify entity @s {} merge value {transformation:[-1.505329166666667f,1.8810106523894278e-17f,1.8338749965508355e-16f,2.2321275f,0f,1.4974725756256013f,-0.15359617595040959f,-0.39098926435458803f,-1.8434965456214864e-16f,-0.15359617595040959f,-1.4974725756256013f,-0.28787424425150876f,0f,0f,0f,1f],start_interpolation:0}
execute if entity @s[tag=aj.attack.bone.left_bicep] run data modify entity @s {} merge value {transformation:[-1.5788933333333335f,1.972934056385221e-17f,1.9234949208035696e-16f,2.044845625f,0f,1.5706527973149333f,-0.16110229151448846f,1.9753324493222204f,-1.9335866668617618e-16f,-0.16110229151448846f,-1.5706527973149333f,-0.5094569770142532f,0f,0f,0f,1f],start_interpolation:0}
execute if entity @s[tag=aj.attack.bone.left_shoulder] run data modify entity @s {} merge value {transformation:[-1f,1.2495676653596322e-17f,1.2182551412404276e-16f,1.795433125f,0f,0.9947808152429126f,-0.10203494315500844f,2.215714394207565f,-1.2246467991473532e-16f,-0.10203494315500844f,-0.9947808152429126f,-0.5341130195374267f,0f,0f,0f,1f],start_interpolation:0}