execute if entity @s[tag=aj.attack.bone.right_thumb_2] run data modify entity @s {} merge value {transformation:[-0.9762960071199334f,0.21643961393810288f,1.2242044645724827e-16f,-1.84718375f,0.21636143733674884f,0.9759433752594183f,0.02687483434051921f,-7.396355709632726f,0.005816778769312328f,0.0262377934586586f,-0.9996388064091798f,-0.48299552559797054f,0f,0f,0f,1f],start_interpolation:0}
execute if entity @s[tag=aj.attack.bone.right_thumb] run data modify entity @s {} merge value {transformation:[-1f,-3.2912179852732214e-18f,1.2242044645724827e-16f,-1.99476f,0f,0.9996388064091798f,0.02687483434051921f,-7.109830488100171f,-1.2246467991473532e-16f,0.02687483434051921f,-0.9996388064091798f,-0.47529242542449046f,0f,0f,0f,1f],start_interpolation:0}
execute if entity @s[tag=aj.attack.bone.right_fingers2] run data modify entity @s {} merge value {transformation:[-0.7933533402912352f,-0.6087614290087205f,1.2242044645724827e-16f,-2.1143993338474933f,-0.6085415482822241f,0.7930667861494661f,0.02687483434051921f,-8.214821844853654f,-0.016360362557507207f,0.02132123959382444f,-0.9996388064091798f,-0.6739268805770631f,0f,0f,0f,1f],start_interpolation:0}
execute if entity @s[tag=aj.attack.bone.right_fingers] run data modify entity @s {} merge value {transformation:[-0.9659258262890683f,-0.25881904510252074f,1.2242044645724827e-16f,-2.19156125f,-0.2587255613222475f,0.9655769400714049f,0.02687483434051921f,-7.746797632319359f,-0.006955718961301732f,0.025959096566747816f,-0.9996388064091798f,-0.6694721983951987f,0f,0f,0f,1f],start_interpolation:0}
execute if entity @s[tag=aj.attack.locator_origin.right_hand] at @s on origin run tp @s ^-2 ^-7.77808 ^-0.67652 ~0 ~1.54
execute if entity @s[tag=aj.attack.bone.right_hand] run data modify entity @s {} merge value {transformation:[-1f,-3.2912179852732214e-18f,1.2242044645724827e-16f,-2.25406125f,0f,0.9996388064091798f,0.02687483434051921f,-7.041195585405724f,-1.2246467991473532e-16f,0.02687483434051921f,-0.9996388064091798f,-0.6797629772374258f,0f,0f,0f,1f],start_interpolation:0}
execute if entity @s[tag=aj.attack.bone.right_forearm] run data modify entity @s {} merge value {transformation:[-1.5053291666666664f,-4.954366427089683e-18f,1.842830686484508e-16f,-2.2109925f,0f,1.5047854514195917f,0.04045547198211849f,-4.871224650122341f,-1.8434965456214856e-16f,0.04045547198211849f,-1.5047854514195917f,-0.6159823306671839f,0f,0f,0f,1f],start_interpolation:0}
execute if entity @s[tag=aj.attack.bone.right_bicep] run data modify entity @s {} merge value {transformation:[-1.5788933333333333f,-5.196482135494654e-18f,1.9328882677503958e-16f,-2.107345625f,0f,1.5783230471807446f,0.04243249677468351f,-2.572976574054133f,-1.9335866668617615e-16f,0.04243249677468351f,-1.5783230471807446f,-0.6139065445888064f,0f,0f,0f,1f],start_interpolation:0}
execute if entity @s[tag=aj.attack.bone.right_shoulder] run data modify entity @s {} merge value {transformation:[-1f,-3.2912179852732214e-18f,1.2242044645724827e-16f,-1.795433125f,0f,0.9996388064091798f,0.02687483434051921f,-2.3331004061484313f,-1.2246467991473532e-16f,0.02687483434051921f,-0.9996388064091798f,-0.5449350002343323f,0f,0f,0f,1f],start_interpolation:0}
execute if entity @s[tag=aj.attack.bone.right_arm] run data modify entity @s {} merge value {transformation:[-1.46271875f,-3.877112749413968e-17f,1.7488525448438161e-16f,-1.4259925f,0f,1.4280464751644601f,0.31659028155002444f,-2.157210101662632f,-1.7913138352403177e-16f,0.31659028155002444f,-1.4280464751644601f,-0.5142959784825132f,0f,0f,0f,1f],start_interpolation:0}
execute if entity @s[tag=aj.attack.bone.left_thumb_2] run data modify entity @s {} merge value {transformation:[-0.9762960071199334f,-0.21643961393810288f,1.2242044645724827e-16f,1.86831875f,-0.21636143733674884f,0.9759433752594183f,0.02687483434051921f,-7.4749445874096025f,-0.0058167787693125675f,0.026237793458658544f,-0.9996388064091798f,-0.5033261819720105f,0f,0f,0f,1f],start_interpolation:0}
execute if entity @s[tag=aj.attack.bone.left_thumb] run data modify entity @s {} merge value {transformation:[-1f,-3.2912179852732214e-18f,1.2242044645724827e-16f,2.015895f,0f,0.9996388064091798f,0.02687483434051921f,-7.188419365877047f,-1.2246467991473532e-16f,0.02687483434051921f,-0.9996388064091798f,-0.4956230817985304f,0f,0f,0f,1f],start_interpolation:0}
execute if entity @s[tag=aj.attack.bone.left_fingers2] run data modify entity @s {} merge value {transformation:[-0.7933533402912352f,0.6087614290087205f,1.2242044645724827e-16f,2.1355343338474935f,0.6085415482822241f,0.7930667861494661f,0.02687483434051921f,-8.293410722630531f,0.016360362557507016f,0.021321239593824586f,-0.9996388064091798f,-0.6942575369511029f,0f,0f,0f,1f],start_interpolation:0}
execute if entity @s[tag=aj.attack.bone.left_fingers] run data modify entity @s {} merge value {transformation:[-0.9659258262890683f,0.25881904510252074f,1.2242044645724827e-16f,2.21269625f,0.2587255613222475f,0.9655769400714049f,0.02687483434051921f,-7.825386510096235f,0.006955718961301496f,0.02595909656674788f,-0.9996388064091798f,-0.6898028547692385f,0f,0f,0f,1f],start_interpolation:0}
execute if entity @s[tag=aj.attack.bone.left_hand] run data modify entity @s {} merge value {transformation:[-1f,-3.2912179852732214e-18f,1.2242044645724827e-16f,2.27519625f,0f,0.9996388064091798f,0.02687483434051921f,-7.119784463182601f,-1.2246467991473532e-16f,0.02687483434051921f,-0.9996388064091798f,-0.7000936336114657f,0f,0f,0f,1f],start_interpolation:0}
execute if entity @s[tag=aj.attack.bone.left_forearm] run data modify entity @s {} merge value {transformation:[-1.505329166666667f,-4.9543664270896855e-18f,1.8428306864845087e-16f,2.2321275f,0f,1.5047854514195924f,0.04045547198211851f,-4.949813527899217f,-1.8434965456214864e-16f,0.04045547198211851f,-1.5047854514195924f,-0.6363129870412237f,0f,0f,0f,1f],start_interpolation:0}
execute if entity @s[tag=aj.attack.bone.left_bicep] run data modify entity @s {} merge value {transformation:[-1.5788933333333333f,-5.196482135494654e-18f,1.9328882677503958e-16f,2.044845625f,0f,1.5783230471807446f,0.04243249677468351f,-2.574656251200415f,-1.9335866668617615e-16f,0.04243249677468351f,-1.5783230471807446f,-0.5514291191882322f,0f,0f,0f,1f],start_interpolation:0}
execute if entity @s[tag=aj.attack.bone.left_shoulder] run data modify entity @s {} merge value {transformation:[-1f,-3.2912179852732214e-18f,1.2242044645724827e-16f,1.795433125f,0f,0.9996388064091798f,0.02687483434051921f,-2.333100406148431f,-1.2246467991473532e-16f,0.02687483434051921f,-0.9996388064091798f,-0.5449350002343318f,0f,0f,0f,1f],start_interpolation:0}
execute if entity @s[tag=aj.attack.bone.left_arm] run data modify entity @s {} merge value {transformation:[-1.46271875f,-3.877112749413968e-17f,1.7488525448438161e-16f,1.4259925f,0f,1.4280464751644601f,0.31659028155002444f,-2.2182286021076276f,-1.7913138352403177e-16f,0.31659028155002444f,-1.4280464751644601f,-0.5278234543536442f,0f,0f,0f,1f],start_interpolation:0}
execute if entity @s[tag=aj.attack.bone.chest] run data modify entity @s {} merge value {transformation:[-2.06546125f,-5.47475455947735e-17f,2.46950219468971e-16f,7.08886799686446e-18f,0f,2.0165015712359464f,0.44704763555411137f,-1.3808949999999998f,-2.529460508575391e-16f,0.44704763555411137f,-2.0165015712359464f,-0.05788500000000002f,0f,0f,0f,1f],start_interpolation:0}
execute if entity @s[tag=aj.attack.bone.weist] run data modify entity @s {} merge value {transformation:[-2.0892733333333333f,5.5378713629515484e-17f,2.4979723449052132e-16f,7.43997423418e-17f,0f,2.039749213115487f,-0.45220151367784f,-4.820525f,-2.5586219002105877e-16f,-0.45220151367784f,-2.039749213115487f,-0.6075200000000001f,0f,0f,0f,1f],start_interpolation:0}
execute if entity @s[tag=aj.attack.bone.right_foot] run data modify entity @s {} merge value {transformation:[-1.1156099190585695f,-0.1965248960654407f,0.008580566682915682f,-0.7601279367895553f,0.11282951614707802f,-0.5988017745941693f,0.9549801502800411f,-8.277923471020966f,-0.16113708817075129f,0.941326485534823f,0.6092786216883946f,-1.8322674326048651f,0f,0f,0f,1f],start_interpolation:0}
execute if entity @s[tag=aj.attack.bone.right_knee] run data modify entity @s {} merge value {transformation:[-3.072941590221462f,-0.4806200416216091f,0.2501952814435385f,-1.415427327889498f,0.31078830229970134f,-0.3831685555934926f,3.0810965271045694f,-8.873592858178993f,-0.4438512525820311f,3.059207340762278f,0.42521739379442414f,2.0467693933406252f,0f,0f,0f,1f],start_interpolation:0}
execute if entity @s[tag=aj.attack.bone.right_thigh] run data modify entity @s {} merge value {transformation:[-2.3465276952549345f,0.4137561400704063f,-2.194146279869334e-7f,-0.77532f,0.23732093087228334f,1.3459128572783563f,-1.9518154944633388f,-7.212041875000001f,-0.338929076970275f,-1.922163053752541f,-1.366675763894724f,-0.6647600000000001f,0f,0f,0f,1f],start_interpolation:0}
execute if entity @s[tag=aj.attack.bone.left_foot] run data modify entity @s {} merge value {transformation:[-1.1156099190585695f,0.1965248960654404f,-0.008580566682915854f,0.7601279367895556f,-0.11282951614707802f,-0.5988017745941693f,0.9549801502800411f,-8.277923471020966f,0.16113708817075104f,0.941326485534823f,0.6092786216883946f,-1.8322674326048647f,0f,0f,0f,1f],start_interpolation:0}
execute if entity @s[tag=aj.attack.bone.left_knee] run data modify entity @s {} merge value {transformation:[-3.072941590221462f,0.48062004162160815f,-0.25019528144353853f,1.415427327889497f,-0.31078830229970134f,-0.3831685555934926f,3.0810965271045694f,-8.873592858178993f,0.4438512525820304f,3.059207340762278f,0.42521739379442414f,2.0467693933406257f,0f,0f,0f,1f],start_interpolation:0}
execute if entity @s[tag=aj.attack.bone.left_thigh] run data modify entity @s {} merge value {transformation:[-2.3465276952549345f,-0.41375614007040573f,2.1941462832167245e-7f,0.77532f,-0.23732093087228334f,1.3459128572783563f,-1.9518154944633388f,-7.212041875000001f,0.33892907697027447f,-1.922163053752541f,-1.366675763894724f,-0.6647599999999998f,0f,0f,0f,1f],start_interpolation:0}