execute if entity @s[tag=aj.attack.bone.right_thumb_2] run data modify entity @s {} merge value {transformation:[-0.9762960071199334f,0.21643961393810288f,1.2221001612663403e-16f,-1.84718375f,0.2159895304363207f,0.9742658116410864f,0.0644565823576829f,-7.529343109163615f,0.0139509578012663f,0.06292870398840297f,-0.9979205123609631f,-0.7032508755140354f,0f,0f,0f,1f],start_interpolation:0}
execute if entity @s[tag=aj.attack.bone.right_thumb] run data modify entity @s {} merge value {transformation:[-1f,-7.893654726831411e-18f,1.2221001612663403e-16f,-1.99476f,0f,0.9979205123609631f,0.0644565823576829f,-7.243310400106233f,-1.2246467991473532e-16f,0.0644565823576829f,-0.9979205123609631f,-0.6847757658835807f,0f,0f,0f,1f],start_interpolation:0}
execute if entity @s[tag=aj.attack.bone.right_fingers2] run data modify entity @s {} merge value {transformation:[-0.7933533402912352f,-0.6087614290087205f,1.2221001612663403e-16f,-2.1143993338474933f,-0.6074955171419745f,0.7917035718267109f,0.0644565823576829f,-8.340048281016006f,-0.03923868118508142f,0.051136844917224755f,-0.9979205123609631f,-0.9248331878709137f,0f,0f,0f,1f],start_interpolation:0}
execute if entity @s[tag=aj.attack.bone.right_fingers] run data modify entity @s {} merge value {transformation:[-0.9659258262890683f,-0.25881904510252074f,1.2221001612663403e-16f,-2.19156125f,-0.2582808340974827f,0.9639171954730738f,0.0644565823576829f,-7.872522835237021f,-0.01668259109638759f,0.0622602775736142f,-0.9979205123609631f,-0.9027772303797783f,0f,0f,0f,1f],start_interpolation:0}
execute if entity @s[tag=aj.attack.locator_origin.consume] at @s on origin run tp @s ^-2 ^-7.90352 ^-0.911 ~0 ~3.69565
execute if entity @s[tag=aj.attack.bone.right_hand] run data modify entity @s {} merge value {transformation:[-1f,-7.893654726831411e-18f,1.2221001612663403e-16f,-2.25406125f,0f,0.9979205123609631f,0.0644565823576829f,-7.167033040852394f,-1.2246467991473532e-16f,0.0644565823576829f,-0.9979205123609631f,-0.886519962558041f,0f,0f,0f,1f],start_interpolation:0}
execute if entity @s[tag=aj.attack.bone.right_forearm] run data modify entity @s {} merge value {transformation:[-1.5053291666666664f,-1.188254869189552e-17f,1.8396630173422586e-16f,-2.2109925f,0f,1.5021988532719013f,0.09702837340667214f,-5.000996796975365f,-1.8434965456214856e-16f,0.09702837340667214f,-1.5021988532719013f,-0.7411623997597756f,0f,0f,0f,1f],start_interpolation:0}
execute if entity @s[tag=aj.attack.bone.right_bicep] run data modify entity @s {} merge value {transformation:[-1.5788933333333333f,-1.2463238823829268e-17f,1.9295657972890162e-16f,-2.107345625f,0f,1.575610044163309f,0.10177006817399646f,-2.704453201838571f,-1.9335866668617615e-16f,0.10177006817399646f,-1.575610044163309f,-0.6526409691611119f,0f,0f,0f,1f],start_interpolation:0}
execute if entity @s[tag=aj.attack.bone.right_shoulder] run data modify entity @s {} merge value {transformation:[-1f,-7.893654726831411e-18f,1.2221001612663403e-16f,-1.795433125f,0f,0.9979205123609631f,0.0644565823576829f,-2.4673411071274223f,-1.2246467991473532e-16f,0.0644565823576829f,-0.9979205123609631f,-0.5746954471508213f,0f,0f,0f,1f],start_interpolation:0}
execute if entity @s[tag=aj.attack.bone.left_thumb_2] run data modify entity @s {} merge value {transformation:[-0.9762960071199334f,-0.21643961393810288f,1.2221001612663403e-16f,1.86831875f,-0.2159895304363207f,0.9742658116410864f,0.0644565823576829f,-7.42405614612444f,-0.01395095780126654f,0.06292870398840292f,-0.9979205123609631f,-0.6859407866348706f,0f,0f,0f,1f],start_interpolation:0}
execute if entity @s[tag=aj.attack.bone.left_thumb] run data modify entity @s {} merge value {transformation:[-1f,-7.893654726831411e-18f,1.2221001612663403e-16f,2.015895f,0f,0.9979205123609631f,0.0644565823576829f,-7.138023437067058f,-1.2246467991473532e-16f,0.0644565823576829f,-0.9979205123609631f,-0.6674656770044158f,0f,0f,0f,1f],start_interpolation:0}
execute if entity @s[tag=aj.attack.bone.left_fingers2] run data modify entity @s {} merge value {transformation:[-0.7933533402912352f,0.6087614290087205f,1.2221001612663403e-16f,2.1355343338474935f,0.6074955171419745f,0.7917035718267109f,0.0644565823576829f,-8.234761317976831f,0.03923868118508123f,0.05113684491722491f,-0.9979205123609631f,-0.907523098991749f,0f,0f,0f,1f],start_interpolation:0}
execute if entity @s[tag=aj.attack.bone.left_fingers] run data modify entity @s {} merge value {transformation:[-0.9659258262890683f,0.25881904510252074f,1.2221001612663403e-16f,2.21269625f,0.2582808340974827f,0.9639171954730738f,0.0644565823576829f,-7.767235872197846f,0.016682591096387353f,0.06226027757361427f,-0.9979205123609631f,-0.8854671415006135f,0f,0f,0f,1f],start_interpolation:0}
execute if entity @s[tag=aj.attack.bone.left_hand] run data modify entity @s {} merge value {transformation:[-1f,-7.893654726831411e-18f,1.2221001612663403e-16f,2.27519625f,0f,0.9979205123609631f,0.0644565823576829f,-7.061746077813219f,-1.2246467991473532e-16f,0.0644565823576829f,-0.9979205123609631f,-0.8692098736788761f,0f,0f,0f,1f],start_interpolation:0}
execute if entity @s[tag=aj.attack.bone.left_forearm] run data modify entity @s {} merge value {transformation:[-1.505329166666667f,-1.1882548691895526e-17f,1.8396630173422593e-16f,2.2321275f,0f,1.502198853271902f,0.09702837340667218f,-4.8957098339361895f,-1.8434965456214864e-16f,0.09702837340667218f,-1.502198853271902f,-0.7238523108806107f,0f,0f,0f,1f],start_interpolation:0}
execute if entity @s[tag=aj.attack.bone.left_bicep] run data modify entity @s {} merge value {transformation:[-1.5788933333333333f,-1.2463238823829268e-17f,1.9295657972890162e-16f,2.044845625f,0f,1.575610044163309f,0.10177006817399646f,-2.5254262369009384f,-1.9335866668617615e-16f,0.10177006817399646f,-1.575610044163309f,-0.5496885095251569f,0f,0f,0f,1f],start_interpolation:0}
execute if entity @s[tag=aj.attack.bone.left_shoulder] run data modify entity @s {} merge value {transformation:[-1f,-7.893654726831411e-18f,1.2221001612663403e-16f,1.795433125f,0f,0.9979205123609631f,0.0644565823576829f,-2.284285605792434f,-1.2246467991473532e-16f,0.0644565823576829f,-0.9979205123609631f,-0.5341130195374266f,0f,0f,0f,1f],start_interpolation:0}