execute if entity @s[tag=aj.attack.bone.right_thumb_2] run data modify entity @s {} merge value {transformation:[-0.9762960071199334f,0.2164396139381029f,1.2069580731057547e-16f,-1.84718375f,0.21331337293688846f,0.9621944452512585f,-0.16934950384902453f,-2.7512579153232313f,-0.036653941233692255f,-0.1653352444155444f,-0.9855560590580777f,0.5740728830086925f,0f,0f,0f,1f],start_interpolation:0}
execute if entity @s[tag=aj.attack.bone.right_thumb] run data modify entity @s {} merge value {transformation:[-1f,2.0739332782590027e-17f,1.2069580731057547e-16f,-1.99476f,0f,0.9855560590580777f,-0.16934950384902453f,-2.468769214060488f,-1.2246467991473532e-16f,-0.16934950384902453f,-0.9855560590580777f,0.5255324464073264f,0f,0f,0f,1f],start_interpolation:0}
execute if entity @s[tag=aj.attack.bone.right_fingers2] run data modify entity @s {} merge value {transformation:[-0.7933533402912352f,-0.6087614290087205f,1.2069580731057547e-16f,-2.114399333847494f,-0.5999685148803984f,0.7818941914979919f,-0.16934950384902453f,-3.591265368026765f,0.1030934459650499f,-0.1343539945552871f,-0.9855560590580777f,0.5470714715612232f,0f,0f,0f,1f],start_interpolation:0}
execute if entity @s[tag=aj.attack.bone.right_fingers] run data modify entity @s {} merge value {transformation:[-0.9659258262890683f,-0.25881904510252074f,1.2069580731057547e-16f,-2.19156125f,-0.25508067810041524f,0.9519740506998715f,-0.16934950384902453f,-3.1314258502987724f,0.04383087687479007f,-0.1635790594370128f,-0.9855560590580777f,0.4598125141564039f,0f,0f,0f,1f],start_interpolation:0}
execute if entity @s[tag=aj.attack.locator_origin.right_hand] at @s on origin run tp @s ^-2 ^-3.16349 ^0.45903 ~0 ~-9.75
execute if entity @s[tag=aj.attack.bone.right_hand] run data modify entity @s {} merge value {transformation:[-1f,2.0739332782590027e-17f,1.2069580731057547e-16f,-2.25406125f,0f,0.9855560590580777f,-0.16934950384902453f,-2.4414926967537403f,-1.2246467991473532e-16f,-0.16934950384902453f,-0.9855560590580777f,0.31158163890668344f,0f,0f,0f,1f],start_interpolation:0}
execute if entity @s[tag=aj.attack.bone.right_forearm] run data modify entity @s {} merge value {transformation:[-1.505329166666667f,3.121952253483893e-17f,1.816869190389892e-16f,-2.2109925f,0f,1.4835862810851808f,-0.25492674750446565f,-0.3010265548985467f,-1.8434965456214864e-16f,-0.25492674750446565f,-1.4835862810851808f,-0.05069798572476775f,0f,0f,0f,1f],start_interpolation:0}
execute if entity @s[tag=aj.attack.bone.right_bicep] run data modify entity @s {} merge value {transformation:[-1.578893333333333f,3.2745194268212834e-17f,1.9056580552395217e-16f,-2.107345625f,0f,1.5560878912730716f,-0.26738480263053244f,1.9531541480560881f,-1.9335866668617613e-16f,-0.26738480263053244f,-1.5560878912730716f,-0.4986018665586022f,0f,0f,0f,1f],start_interpolation:0}
execute if entity @s[tag=aj.attack.bone.right_shoulder] run data modify entity @s {} merge value {transformation:[-1f,2.0739332782590027e-17f,1.2069580731057547e-16f,-1.795433125f,0f,0.9855560590580777f,-0.16934950384902453f,2.191306994029566f,-1.2246467991473532e-16f,-0.16934950384902453f,-0.9855560590580777f,-0.5395240098858799f,0f,0f,0f,1f],start_interpolation:0}
execute if entity @s[tag=aj.attack.bone.left_thumb_2] run data modify entity @s {} merge value {transformation:[-0.9762960071199334f,-0.21643961393810285f,1.2069580731057547e-16f,1.86831875f,-0.21331337293688846f,0.9621944452512585f,-0.16934950384902453f,-2.8184831852571666f,0.03665394123369202f,-0.16533524441554445f,-0.9855560590580777f,0.5133351219177913f,0f,0f,0f,1f],start_interpolation:0}
execute if entity @s[tag=aj.attack.bone.left_thumb] run data modify entity @s {} merge value {transformation:[-1f,2.0739332782590027e-17f,1.2069580731057547e-16f,2.015895f,0f,0.9855560590580777f,-0.16934950384902453f,-2.5359944839944233f,-1.2246467991473532e-16f,-0.16934950384902453f,-0.9855560590580777f,0.46479468531642515f,0f,0f,0f,1f],start_interpolation:0}
execute if entity @s[tag=aj.attack.bone.left_fingers2] run data modify entity @s {} merge value {transformation:[-0.7933533402912352f,0.6087614290087205f,1.2069580731057547e-16f,2.135534333847494f,0.5999685148803984f,0.7818941914979919f,-0.16934950384902453f,-3.6584906379607003f,-0.1030934459650501f,-0.13435399455528696f,-0.9855560590580777f,0.48633371047032187f,0f,0f,0f,1f],start_interpolation:0}
execute if entity @s[tag=aj.attack.bone.left_fingers] run data modify entity @s {} merge value {transformation:[-0.9659258262890683f,0.25881904510252074f,1.2069580731057547e-16f,2.21269625f,0.25508067810041524f,0.9519740506998715f,-0.16934950384902453f,-3.1986511202327077f,-0.04383087687479031f,-0.16357905943701276f,-0.9855560590580777f,0.3990747530655027f,0f,0f,0f,1f],start_interpolation:0}
execute if entity @s[tag=aj.attack.bone.left_hand] run data modify entity @s {} merge value {transformation:[-1f,2.0739332782590027e-17f,1.2069580731057547e-16f,2.27519625f,0f,0.9855560590580777f,-0.16934950384902453f,-2.5087179666876755f,-1.2246467991473532e-16f,-0.16934950384902453f,-0.9855560590580777f,0.25084387781578227f,0f,0f,0f,1f],start_interpolation:0}
execute if entity @s[tag=aj.attack.bone.left_forearm] run data modify entity @s {} merge value {transformation:[-1.505329166666667f,3.121952253483893e-17f,1.816869190389892e-16f,2.2321275f,0f,1.4835862810851808f,-0.25492674750446565f,-0.36825182483248287f,-1.8434965456214864e-16f,-0.25492674750446565f,-1.4835862810851808f,-0.11143574681566887f,0f,0f,0f,1f],start_interpolation:0}
execute if entity @s[tag=aj.attack.bone.left_bicep] run data modify entity @s {} merge value {transformation:[-1.5788933333333335f,3.2745194268212847e-17f,1.9056580552395224e-16f,2.044845625f,0f,1.556087891273072f,-0.26738480263053255f,1.977561548234087f,-1.9335866668617618e-16f,-0.26738480263053255f,-1.556087891273072f,-0.49319087621014895f,0f,0f,0f,1f],start_interpolation:0}
execute if entity @s[tag=aj.attack.bone.left_shoulder] run data modify entity @s {} merge value {transformation:[-1f,2.0739332782590027e-17f,1.2069580731057547e-16f,1.795433125f,0f,0.9855560590580777f,-0.16934950384902453f,2.215714394207565f,-1.2246467991473532e-16f,-0.16934950384902453f,-0.9855560590580777f,-0.5341130195374267f,0f,0f,0f,1f],start_interpolation:0}