execute if entity @s[tag=aj.attack.bone.right_thumb_2] run data modify entity @s {} merge value {transformation:[-0.9762960071199334f,0.21643961393810288f,1.224530546182899e-16f,-1.84718375f,0.2164190678126705f,0.9762033295372283f,0.0137784791440963f,-7.529350688628961f,0.002982208706602286f,0.013451874172566521f,-0.999905072250599f,-0.446438815483366f,0f,0f,0f,1f],start_interpolation:0}
execute if entity @s[tag=aj.attack.bone.right_thumb] run data modify entity @s {} merge value {transformation:[-1f,-1.687377038093612e-18f,1.224530546182899e-16f,-1.99476f,0f,0.999905072250599f,0.0137784791440963f,-7.2427491476511126f,-1.2246467991473532e-16f,0.0137784791440963f,-0.999905072250599f,-0.4424895072293926f,0f,0f,0f,1f],start_interpolation:0}
execute if entity @s[tag=aj.attack.bone.right_fingers2] run data modify entity @s {} merge value {transformation:[-0.7933533402912352f,-0.6087614290087205f,1.224530546182899e-16f,-2.1143993338474933f,-0.6087036406563426f,0.7932780290441616f,0.0137784791440963f,-8.350247573376189f,-0.008387806653327015f,0.010931202453101845f,-0.999905072250599f,-0.6266328815064522f,0f,0f,0f,1f],start_interpolation:0}
execute if entity @s[tag=aj.attack.bone.right_fingers] run data modify entity @s {} merge value {transformation:[-0.9659258262890683f,-0.25881904510252074f,1.224530546182899e-16f,-2.19156125f,-0.25879447599306704f,0.9658341331242903f,0.0137784791440963f,-7.882205163001604f,-0.00356613281504012f,0.013308988852267882f,-0.999905072250599f,-0.6283091280388643f,0f,0f,0f,1f],start_interpolation:0}
execute if entity @s[tag=aj.attack.locator_origin.consume] at @s on origin run tp @s ^-2 ^-7.91358 ^-0.63495 ~0 ~0.78947
execute if entity @s[tag=aj.attack.bone.right_hand] run data modify entity @s {} merge value {transformation:[-1f,-1.687377038093612e-18f,1.224530546182899e-16f,-2.25406125f,0f,0.999905072250599f,0.0137784791440963f,-7.176798448254239f,-1.2246467991473532e-16f,0.0137784791440963f,-0.999905072250599f,-0.6478415505005168f,0f,0f,0f,1f],start_interpolation:0}
execute if entity @s[tag=aj.attack.bone.right_forearm] run data modify entity @s {} merge value {transformation:[-1.5053291666666664f,-2.540057870605925e-18f,1.8433215466433812e-16f,-2.2109925f,0f,1.505186269156767f,0.02074114652791653f,-5.006178231950617f,-1.8434965456214856e-16f,0.02074114652791653f,-1.505186269156767f,-0.612490349310456f,0f,0f,0f,1f],start_interpolation:0}
execute if entity @s[tag=aj.attack.bone.right_bicep] run data modify entity @s {} merge value {transformation:[-1.5788933333333333f,-2.66418835626575e-18f,1.9334031158312045e-16f,-2.107345625f,0f,1.5787434525426556f,0.021754748864086022f,-2.7081001385429015f,-1.9335866668617615e-16f,0.021754748864086022f,-1.5787434525426556f,-0.6405189889246106f,0f,0f,0f,1f],start_interpolation:0}
execute if entity @s[tag=aj.attack.bone.right_shoulder] run data modify entity @s {} merge value {transformation:[-1f,-1.687377038093612e-18f,1.224530546182899e-16f,-1.795433125f,0f,0.999905072250599f,0.0137784791440963f,-2.4673411071274223f,-1.2246467991473532e-16f,0.0137784791440963f,-0.999905072250599f,-0.5746954471508213f,0f,0f,0f,1f],start_interpolation:0}
execute if entity @s[tag=aj.attack.bone.left_thumb_2] run data modify entity @s {} merge value {transformation:[-0.9762960071199334f,-0.21643961393810288f,1.224530546182899e-16f,1.86831875f,-0.2164190678126705f,0.9762033295372283f,0.0137784791440963f,-7.425143629528055f,-0.0029822087066025253f,0.013451874172566469f,-0.999905072250599f,-0.42515588154433714f,0f,0f,0f,1f],start_interpolation:0}
execute if entity @s[tag=aj.attack.bone.left_thumb] run data modify entity @s {} merge value {transformation:[-1f,-1.687377038093612e-18f,1.224530546182899e-16f,2.015895f,0f,0.999905072250599f,0.0137784791440963f,-7.138542088550206f,-1.2246467991473532e-16f,0.0137784791440963f,-0.999905072250599f,-0.42120657329036376f,0f,0f,0f,1f],start_interpolation:0}
execute if entity @s[tag=aj.attack.bone.left_fingers2] run data modify entity @s {} merge value {transformation:[-0.7933533402912352f,0.6087614290087205f,1.224530546182899e-16f,2.1355343338474935f,0.6087036406563426f,0.7932780290441616f,0.0137784791440963f,-8.246040514275283f,0.008387806653326819f,0.010931202453101994f,-0.999905072250599f,-0.6053499475674234f,0f,0f,0f,1f],start_interpolation:0}
execute if entity @s[tag=aj.attack.bone.left_fingers] run data modify entity @s {} merge value {transformation:[-0.9659258262890683f,0.25881904510252074f,1.224530546182899e-16f,2.21269625f,0.25879447599306704f,0.9658341331242903f,0.0137784791440963f,-7.777998103900698f,0.0035661328150398833f,0.013308988852267944f,-0.999905072250599f,-0.6070261940998354f,0f,0f,0f,1f],start_interpolation:0}
execute if entity @s[tag=aj.attack.bone.left_hand] run data modify entity @s {} merge value {transformation:[-1f,-1.687377038093612e-18f,1.224530546182899e-16f,2.27519625f,0f,0.999905072250599f,0.0137784791440963f,-7.072591389153333f,-1.2246467991473532e-16f,0.0137784791440963f,-0.999905072250599f,-0.6265586165614879f,0f,0f,0f,1f],start_interpolation:0}
execute if entity @s[tag=aj.attack.bone.left_forearm] run data modify entity @s {} merge value {transformation:[-1.505329166666667f,-2.5400578706059258e-18f,1.843321546643382e-16f,2.2321275f,0f,1.5051862691567677f,0.020741146527916535f,-4.90197117284971f,-1.8434965456214864e-16f,0.020741146527916535f,-1.5051862691567677f,-0.5912074153714271f,0f,0f,0f,1f],start_interpolation:0}
execute if entity @s[tag=aj.attack.bone.left_bicep] run data modify entity @s {} merge value {transformation:[-1.5788933333333333f,-2.66418835626575e-18f,1.9334031158312045e-16f,2.044845625f,0f,1.5787434525426556f,0.021754748864086022f,-2.5259057921544197f,-1.9335866668617615e-16f,0.021754748864086022f,-1.5787434525426556f,-0.5374424942955534f,0f,0f,0f,1f],start_interpolation:0}
execute if entity @s[tag=aj.attack.bone.left_shoulder] run data modify entity @s {} merge value {transformation:[-1f,-1.687377038093612e-18f,1.224530546182899e-16f,1.795433125f,0f,0.999905072250599f,0.0137784791440963f,-2.284285605792434f,-1.2246467991473532e-16f,0.0137784791440963f,-0.999905072250599f,-0.5341130195374266f,0f,0f,0f,1f],start_interpolation:0}