execute if entity @s[tag=aj.attack.bone.right_thumb_2] run data modify entity @s {} merge value {transformation:[-0.9762960071199334f,0.21643961393810288f,1.2245639003608327e-16f,-1.84718375f,0.21642496270857048f,0.9762299196942925f,-0.011635265801397038f,-7.524456795925515f,-0.002518332438121706f,-0.011359463543683014f,-0.9999323080037623f,-0.3178459252663713f,0f,0f,0f,1f],start_interpolation:0}
execute if entity @s[tag=aj.attack.bone.right_thumb] run data modify entity @s {} merge value {transformation:[-1f,1.4249091020909543e-18f,1.2245639003608327e-16f,-1.99476f,0f,0.9999323080037623f,-0.011635265801397038f,-7.2378474483977815f,-1.2246467991473532e-16f,-0.011635265801397038f,-0.9999323080037623f,-0.3211809269589435f,0f,0f,0f,1f],start_interpolation:0}
execute if entity @s[tag=aj.attack.bone.right_fingers2] run data modify entity @s {} merge value {transformation:[-0.7933533402912352f,-0.6087614290087205f,1.2245639003608327e-16f,-2.1143993338474933f,-0.6087202207323584f,0.793299636619909f,-0.011635265801397038f,-8.349667627723633f,0.0070831010361546605f,-0.00923087698871479f,-0.9999323080037623f,-0.4771214095716927f,0f,0f,0f,1f],start_interpolation:0}
execute if entity @s[tag=aj.attack.bone.right_fingers] run data modify entity @s {} merge value {transformation:[-0.9659258262890683f,-0.25881904510252074f,1.2245639003608327e-16f,-2.19156125f,-0.2588015251246934f,0.9658604408416692f,-0.011635265801397038f,-7.881818958378301f,0.0030114283842314787f,-0.011238803733307403f,-0.9999323080037623f,-0.4906908717383375f,0f,0f,0f,1f],start_interpolation:0}
execute if entity @s[tag=aj.attack.locator_origin.consume] at @s on origin run tp @s ^-2 ^-7.91335 ^-0.49653 ~0 ~-0.66667
execute if entity @s[tag=aj.attack.bone.right_hand] run data modify entity @s {} merge value {transformation:[-1f,1.4249091020909543e-18f,1.2245639003608327e-16f,-2.25406125f,0f,0.9999323080037623f,-0.011635265801397038f,-7.177136392541087f,-1.2246467991473532e-16f,-0.011635265801397038f,-0.9999323080037623f,-0.5281425758780797f,0f,0f,0f,1f],start_interpolation:0}
execute if entity @s[tag=aj.attack.bone.right_forearm] run data modify entity @s {} merge value {transformation:[-1.5053291666666664f,2.144957231226324e-18f,1.843371755660255e-16f,-2.2109925f,0f,1.50522726793038f,-0.017514904972762164f,-5.006318799334375f,-1.8434965456214856e-16f,-0.017514904972762164f,-1.50522726793038f,-0.5479619571948743f,0f,0f,0f,1f],start_interpolation:0}
execute if entity @s[tag=aj.attack.bone.right_bicep] run data modify entity @s {} merge value {transformation:[-1.5788933333333333f,2.249779481897394e-18f,1.9334557785203828e-16f,-2.107345625f,0f,1.5787864548917536f,-0.018370843605387106f,-2.709695078934501f,-1.9335866668617615e-16f,-0.018370843605387106f,-1.5787864548917536f,-0.6343796344126013f,0f,0f,0f,1f],start_interpolation:0}
execute if entity @s[tag=aj.attack.bone.right_shoulder] run data modify entity @s {} merge value {transformation:[-1f,1.4249091020909543e-18f,1.2245639003608327e-16f,-1.795433125f,0f,0.9999323080037623f,-0.011635265801397038f,-2.4673411071274223f,-1.2246467991473532e-16f,-0.011635265801397038f,-0.9999323080037623f,-0.5746954471508213f,0f,0f,0f,1f],start_interpolation:0}
execute if entity @s[tag=aj.attack.bone.left_thumb_2] run data modify entity @s {} merge value {transformation:[-0.9762960071199334f,-0.21643961393810288f,1.2245639003608327e-16f,1.86831875f,-0.21642496270857048f,0.9762299196942925f,-0.011635265801397038f,-7.420714707422567f,0.0025183324381214665f,-0.011359463543683066f,-0.9999323080037623f,-0.2945530853797673f,0f,0f,0f,1f],start_interpolation:0}
execute if entity @s[tag=aj.attack.bone.left_thumb] run data modify entity @s {} merge value {transformation:[-1f,1.4249091020909543e-18f,1.2245639003608327e-16f,2.015895f,0f,0.9999323080037623f,-0.011635265801397038f,-7.134105359894834f,-1.2246467991473532e-16f,-0.011635265801397038f,-0.9999323080037623f,-0.2978880870723395f,0f,0f,0f,1f],start_interpolation:0}
execute if entity @s[tag=aj.attack.bone.left_fingers2] run data modify entity @s {} merge value {transformation:[-0.7933533402912352f,0.6087614290087205f,1.2245639003608327e-16f,2.1355343338474935f,0.6087202207323584f,0.793299636619909f,-0.011635265801397038f,-8.245925539220686f,-0.007083101036154855f,-0.00923087698871464f,-0.9999323080037623f,-0.45382856968508856f,0f,0f,0f,1f],start_interpolation:0}
execute if entity @s[tag=aj.attack.bone.left_fingers] run data modify entity @s {} merge value {transformation:[-0.9659258262890683f,0.25881904510252074f,1.2245639003608327e-16f,2.21269625f,0.2588015251246934f,0.9658604408416692f,-0.011635265801397038f,-7.7780768698753535f,-0.0030114283842317155f,-0.01123880373330734f,-0.9999323080037623f,-0.46739803185173334f,0f,0f,0f,1f],start_interpolation:0}
execute if entity @s[tag=aj.attack.bone.left_hand] run data modify entity @s {} merge value {transformation:[-1f,1.4249091020909543e-18f,1.2245639003608327e-16f,2.27519625f,0f,0.9999323080037623f,-0.011635265801397038f,-7.073394304038139f,-1.2246467991473532e-16f,-0.011635265801397038f,-0.9999323080037623f,-0.5048497359914755f,0f,0f,0f,1f],start_interpolation:0}
execute if entity @s[tag=aj.attack.bone.left_forearm] run data modify entity @s {} merge value {transformation:[-1.505329166666667f,2.144957231226325e-18f,1.8433717556602557e-16f,2.2321275f,0f,1.5052272679303806f,-0.017514904972762174f,-4.902576710831427f,-1.8434965456214864e-16f,-0.017514904972762174f,-1.5052272679303806f,-0.5246691173082701f,0f,0f,0f,1f],start_interpolation:0}
execute if entity @s[tag=aj.attack.bone.left_bicep] run data modify entity @s {} merge value {transformation:[-1.5788933333333333f,2.249779481897394e-18f,1.9334557785203828e-16f,2.044845625f,0f,1.5787864548917536f,-0.018370843605387106f,-2.5259123734869258f,-1.9335866668617615e-16f,-0.018370843605387106f,-1.5787864548917536f,-0.5313014375489714f,0f,0f,0f,1f],start_interpolation:0}
execute if entity @s[tag=aj.attack.bone.left_shoulder] run data modify entity @s {} merge value {transformation:[-1f,1.4249091020909543e-18f,1.2245639003608327e-16f,1.795433125f,0f,0.9999323080037623f,-0.011635265801397038f,-2.284285605792434f,-1.2246467991473532e-16f,-0.011635265801397038f,-0.9999323080037623f,-0.5341130195374266f,0f,0f,0f,1f],start_interpolation:0}