execute if entity @s[tag=aj.attack.bone.right_thumb_2] run data modify entity @s {} merge value {transformation:[-0.9762960071199334f,0.21643961393810288f,1.2214856360725472e-16f,-1.84718375f,0.2158809214922624f,0.973775908353549f,-0.07180465197932745f,-2.885504507610428f,-0.015541371153365588f,-0.07010259502005378f,-0.9974187144595432f,0.0727872976528188f,0f,0f,0f,1f],start_interpolation:0}
execute if entity @s[tag=aj.attack.bone.right_thumb] run data modify entity @s {} merge value {transformation:[-1f,8.7935337210373e-18f,1.2214856360725472e-16f,-1.99476f,0f,0.9974187144595432f,-0.07180465197932745f,-2.599615628258282f,-1.2246467991473532e-16f,-0.07180465197932745f,-0.9974187144595432f,0.05220602001179911f,0f,0f,0f,1f],start_interpolation:0}
execute if entity @s[tag=aj.attack.bone.right_fingers2] run data modify entity @s {} merge value {transformation:[-0.7933533402912352f,-0.6087614290087205f,1.2214856360725472e-16f,-2.114399333847494f,-0.6071900419344326f,0.7913054687854684f,-0.07180465197932745f,-3.7188064720307614f,0.043711902548409134f,-0.05696646049624915f,-0.9974187144595432f,-0.0365261640563765f,0f,0f,0f,1f],start_interpolation:0}
execute if entity @s[tag=aj.attack.bone.right_fingers] run data modify entity @s {} merge value {transformation:[-0.9659258262890683f,-0.25881904510252074f,1.2214856360725472e-16f,-2.19156125f,-0.25815095924380277f,0.9634324959205146f,-0.07180465197932745f,-3.252622977595491f,0.01858441145920824f,-0.06935796779453088f,-0.9974187144595432f,-0.07823296479449188f,0f,0f,0f,1f],start_interpolation:0}
execute if entity @s[tag=aj.attack.locator_origin.right_hand] at @s on origin run tp @s ^-2 ^-3.28445 ^-0.08216 ~0 ~-4.11765
execute if entity @s[tag=aj.attack.bone.right_hand] run data modify entity @s {} merge value {transformation:[-1f,8.7935337210373e-18f,1.2214856360725472e-16f,-2.25406125f,0f,0.9974187144595432f,-0.07180465197932745f,-2.5514726272751993f,-1.2246467991473532e-16f,-0.07180465197932745f,-0.9974187144595432f,-0.15803481304140543f,0f,0f,0f,1f],start_interpolation:0}
execute if entity @s[tag=aj.attack.bone.right_forearm] run data modify entity @s {} merge value {transformation:[-1.505329166666667f,1.3237162788344315e-17f,1.8387379546443912e-16f,-2.2109925f,0f,1.5014434822551226f,-0.10808963692683103f,-0.3857844759748166f,-1.8434965456214864e-16f,-0.10808963692683103f,-1.5014434822551226f,-0.30848966397248245f,0f,0f,0f,1f],start_interpolation:0}
execute if entity @s[tag=aj.attack.bone.right_bicep] run data modify entity @s {} merge value {transformation:[-1.578893333333333f,1.388405176858765e-17f,1.9285955275573704e-16f,-2.107345625f,0f,1.5748177588020762f,-0.11337188631248023f,1.9014728185780831f,-1.9335866668617613e-16f,-0.11337188631248023f,-1.5748177588020762f,-0.532994890088963f,0f,0f,0f,1f],start_interpolation:0}
execute if entity @s[tag=aj.attack.bone.right_shoulder] run data modify entity @s {} merge value {transformation:[-1f,8.7935337210373e-18f,1.2214856360725472e-16f,-1.795433125f,0f,0.9974187144595432f,-0.07180465197932745f,2.1424921936735695f,-1.2246467991473532e-16f,-0.07180465197932745f,-0.9974187144595432f,-0.550345990582785f,0f,0f,0f,1f],start_interpolation:0}
execute if entity @s[tag=aj.attack.bone.left_thumb_2] run data modify entity @s {} merge value {transformation:[-0.9762960071199334f,-0.21643961393810288f,1.2214856360725472e-16f,1.86831875f,-0.2158809214922624f,0.973775908353549f,-0.07180465197932745f,-2.896980427860911f,0.015541371153365348f,-0.07010259502005384f,-0.9974187144595432f,0.014197599109301393f,0f,0f,0f,1f],start_interpolation:0}
execute if entity @s[tag=aj.attack.bone.left_thumb] run data modify entity @s {} merge value {transformation:[-1f,8.7935337210373e-18f,1.2214856360725472e-16f,2.015895f,0f,0.9974187144595432f,-0.07180465197932745f,-2.6110915485087647f,-1.2246467991473532e-16f,-0.07180465197932745f,-0.9974187144595432f,-0.0063836785317182565f,0f,0f,0f,1f],start_interpolation:0}
execute if entity @s[tag=aj.attack.bone.left_fingers2] run data modify entity @s {} merge value {transformation:[-0.7933533402912352f,0.6087614290087205f,1.2214856360725472e-16f,2.135534333847494f,0.6071900419344326f,0.7913054687854684f,-0.07180465197932745f,-3.7302823922812443f,-0.04371190254840933f,-0.05696646049624902f,-0.9974187144595432f,-0.09511586259989382f,0f,0f,0f,1f],start_interpolation:0}
execute if entity @s[tag=aj.attack.bone.left_fingers] run data modify entity @s {} merge value {transformation:[-0.9659258262890683f,0.25881904510252074f,1.2214856360725472e-16f,2.21269625f,0.25815095924380277f,0.9634324959205146f,-0.07180465197932745f,-3.2640988978459737f,-0.018584411459208475f,-0.06935796779453082f,-0.9974187144595432f,-0.13682266333800916f,0f,0f,0f,1f],start_interpolation:0}
execute if entity @s[tag=aj.attack.bone.left_hand] run data modify entity @s {} merge value {transformation:[-1f,8.7935337210373e-18f,1.2214856360725472e-16f,2.27519625f,0f,0.9974187144595432f,-0.07180465197932745f,-2.562948547525682f,-1.2246467991473532e-16f,-0.07180465197932745f,-0.9974187144595432f,-0.2166245115849227f,0f,0f,0f,1f],start_interpolation:0}
execute if entity @s[tag=aj.attack.bone.left_forearm] run data modify entity @s {} merge value {transformation:[-1.505329166666667f,1.3237162788344315e-17f,1.8387379546443912e-16f,2.2321275f,0f,1.5014434822551226f,-0.10808963692683103f,-0.39726039622529985f,-1.8434965456214864e-16f,-0.10808963692683103f,-1.5014434822551226f,-0.3670793625159997f,0f,0f,0f,1f],start_interpolation:0}
execute if entity @s[tag=aj.attack.bone.left_bicep] run data modify entity @s {} merge value {transformation:[-1.5788933333333335f,1.3884051768587654e-17f,1.9285955275573712e-16f,2.044845625f,0f,1.5748177588020766f,-0.11337188631248026f,1.9746950191120787f,-1.9335866668617618e-16f,-0.11337188631248026f,-1.5748177588020766f,-0.5167619190436046f,0f,0f,0f,1f],start_interpolation:0}
execute if entity @s[tag=aj.attack.bone.left_shoulder] run data modify entity @s {} merge value {transformation:[-1f,8.7935337210373e-18f,1.2214856360725472e-16f,1.795433125f,0f,0.9974187144595432f,-0.07180465197932745f,2.215714394207565f,-1.2246467991473532e-16f,-0.07180465197932745f,-0.9974187144595432f,-0.5341130195374267f,0f,0f,0f,1f],start_interpolation:0}