execute if entity @s[tag=aj.attack.bone.right_thumb_2] run data modify entity @s {} merge value {transformation:[-0.9762960071199334f,0.21643961393810288f,1.2243238833289866e-16f,-1.84718375f,0.21638254297273524f,0.9760385766311374f,0.02296284007947802f,-3.0317504391055303f,0.004970068241724498f,0.022418529081727992f,-0.9997363192239663f,-0.4304593864616364f,0f,0f,0f,1f],start_interpolation:0}
execute if entity @s[tag=aj.attack.bone.right_thumb] run data modify entity @s {} merge value {transformation:[-1f,-2.8121368602665313e-18f,1.2243238833289866e-16f,-1.99476f,0f,0.9997363192239663f,0.02296284007947802f,-2.7451972675967635f,-1.2246467991473532e-16f,0.02296284007947802f,-0.9997363192239663f,-0.4238775763132057f,0f,0f,0f,1f],start_interpolation:0}
execute if entity @s[tag=aj.attack.bone.right_fingers2] run data modify entity @s {} merge value {transformation:[-0.7933533402912352f,-0.6087614290087205f,1.2243238833289866e-16f,-2.114399333847494f,-0.6086009103227001f,0.7931441482667982f,0.02296284007947802f,-3.8509574605992842f,-0.013978891340881861f,0.018217645879627264f,-0.9997363192239663f,-0.6181864563076425f,0f,0f,0f,1f],start_interpolation:0}
execute if entity @s[tag=aj.attack.bone.right_fingers] run data modify entity @s {} merge value {transformation:[-0.9659258262890683f,-0.25881904510252074f,1.2243238833289866e-16f,-2.19156125f,-0.25875079949585583f,0.9656711302176014f,0.02296284007947802f,-3.3829193994701683f,-0.005943220342212511f,0.02218040027771351f,-0.9997363192239663f,-0.615563281478051f,0f,0f,0f,1f],start_interpolation:0}
execute if entity @s[tag=aj.attack.locator_origin.right_hand] at @s on origin run tp @s ^-2 ^-3.41423 ^-0.62249 ~0 ~1.31579
execute if entity @s[tag=aj.attack.bone.right_hand] run data modify entity @s {} merge value {transformation:[-1f,-2.8121368602665313e-18f,1.2243238833289866e-16f,-2.25406125f,0f,0.9997363192239663f,0.02296284007947802f,-2.6773630249674016f,-1.2246467991473532e-16f,0.02296284007947802f,-0.9997363192239663f,-0.6286151448087394f,0f,0f,0f,1f],start_interpolation:0}
execute if entity @s[tag=aj.attack.bone.right_forearm] run data modify entity @s {} merge value {transformation:[-1.505329166666667f,-4.233191636417635e-18f,1.843010451021721e-16f,-2.2109925f,0f,1.5049322403038143f,0.03456663292114059f,-0.5071591177437265f,-1.8434965456214864e-16f,0.03456663292114059f,-1.5049322403038143f,-0.5733265210000721f,0f,0f,0f,1f],start_interpolation:0}
execute if entity @s[tag=aj.attack.bone.right_bicep] run data modify entity @s {} merge value {transformation:[-1.578893333333333f,-4.440064141095757e-18f,1.9330768172289145e-16f,-2.107345625f,0f,1.5784770095139253f,0.03625587511588731f,1.7910794845193005f,-1.9335866668617613e-16f,0.03625587511588731f,-1.5784770095139253f,-0.5802442595865019f,0f,0f,0f,1f],start_interpolation:0}
execute if entity @s[tag=aj.attack.bone.right_shoulder] run data modify entity @s {} merge value {transformation:[-1f,-2.8121368602665313e-18f,1.2243238833289866e-16f,-1.795433125f,0f,0.9997363192239663f,0.02296284007947802f,2.032658892872577f,-1.2246467991473532e-16f,0.02296284007947802f,-0.9997363192239663f,-0.5746954471508215f,0f,0f,0f,1f],start_interpolation:0}
execute if entity @s[tag=aj.attack.bone.left_thumb_2] run data modify entity @s {} merge value {transformation:[-0.9762960071199334f,-0.21643961393810288f,1.2243238833289866e-16f,1.86831875f,-0.21638254297273524f,0.9760385766311374f,0.02296284007947802f,-2.925927594281988f,-0.004970068241724738f,0.022418529081727936f,-0.9997363192239663f,-0.4723834453630191f,0f,0f,0f,1f],start_interpolation:0}
execute if entity @s[tag=aj.attack.bone.left_thumb] run data modify entity @s {} merge value {transformation:[-1f,-2.8121368602665313e-18f,1.2243238833289866e-16f,2.015895f,0f,0.9997363192239663f,0.02296284007947802f,-2.639374422773221f,-1.2246467991473532e-16f,0.02296284007947802f,-0.9997363192239663f,-0.4658016352145884f,0f,0f,0f,1f],start_interpolation:0}
execute if entity @s[tag=aj.attack.bone.left_fingers2] run data modify entity @s {} merge value {transformation:[-0.7933533402912352f,0.6087614290087205f,1.2243238833289866e-16f,2.135534333847494f,0.6086009103227001f,0.7931441482667982f,0.02296284007947802f,-3.7451346157757417f,0.013978891340881667f,0.018217645879627414f,-0.9997363192239663f,-0.6601105152090252f,0f,0f,0f,1f],start_interpolation:0}
execute if entity @s[tag=aj.attack.bone.left_fingers] run data modify entity @s {} merge value {transformation:[-0.9659258262890683f,0.25881904510252074f,1.2243238833289866e-16f,2.21269625f,0.25875079949585583f,0.9656711302176014f,0.02296284007947802f,-3.2770965546466257f,0.005943220342212275f,0.022180400277713574f,-0.9997363192239663f,-0.6574873403794336f,0f,0f,0f,1f],start_interpolation:0}
execute if entity @s[tag=aj.attack.bone.left_hand] run data modify entity @s {} merge value {transformation:[-1f,-2.8121368602665313e-18f,1.2243238833289866e-16f,2.27519625f,0f,0.9997363192239663f,0.02296284007947802f,-2.571540180143859f,-1.2246467991473532e-16f,0.02296284007947802f,-0.9997363192239663f,-0.670539203710122f,0f,0f,0f,1f],start_interpolation:0}
execute if entity @s[tag=aj.attack.bone.left_forearm] run data modify entity @s {} merge value {transformation:[-1.505329166666667f,-4.233191636417635e-18f,1.843010451021721e-16f,2.2321275f,0f,1.5049322403038143f,0.03456663292114059f,-0.40133627292018437f,-1.8434965456214864e-16f,0.03456663292114059f,-1.5049322403038143f,-0.6152505799014547f,0f,0f,0f,1f],start_interpolation:0}
execute if entity @s[tag=aj.attack.bone.left_bicep] run data modify entity @s {} merge value {transformation:[-1.5788933333333335f,-4.4400641410957584e-18f,1.933076817228915e-16f,2.044845625f,0f,1.5784770095139258f,0.03625587511588732f,1.9741349858542887f,-1.9335866668617618e-16f,0.03625587511588732f,-1.5784770095139258f,-0.539661831973107f,0f,0f,0f,1f],start_interpolation:0}
execute if entity @s[tag=aj.attack.bone.left_shoulder] run data modify entity @s {} merge value {transformation:[-1f,-2.8121368602665313e-18f,1.2243238833289866e-16f,1.795433125f,0f,0.9997363192239663f,0.02296284007947802f,2.215714394207565f,-1.2246467991473532e-16f,0.02296284007947802f,-0.9997363192239663f,-0.5341130195374267f,0f,0f,0f,1f],start_interpolation:0}