execute if entity @s[tag=aj.attack.bone.right_thumb_2] run data modify entity @s {} merge value {transformation:[-0.9762960071199334f,0.21643961393810285f,1.2125989366412262e-16f,-1.84718375f,0.21431031860868954f,0.9666913765707407f,0.13992451465561062f,-7.5050297531727885f,0.030285207932536664f,0.13660774495646727f,-0.9901621736859026f,-1.0866367253123697f,0f,0f,0f,1f],start_interpolation:0}
execute if entity @s[tag=aj.attack.bone.right_thumb] run data modify entity @s {} merge value {transformation:[-1f,-1.7135810899524047e-17f,1.2125989366412262e-16f,-1.99476f,0f,0.9901621736859026f,0.13992451465561062f,-7.221220807031916f,-1.2246467991473532e-16f,0.13992451465561062f,-0.9901621736859026f,-1.0465303365822753f,0f,0f,0f,1f],start_interpolation:0}
execute if entity @s[tag=aj.attack.bone.right_fingers2] run data modify entity @s {} merge value {transformation:[-0.7933533402912352f,-0.6087614290087205f,1.2125989366412262e-16f,-2.1143993338474933f,-0.6027725398034112f,0.785548467923741f,0.13992451465561062f,-8.296603484424415f,-0.08518064749510129f,0.11100958109065852f,-0.9901621736859026f,-1.3690417975225078f,0f,0f,0f,1f],start_interpolation:0}
execute if entity @s[tag=aj.attack.bone.right_fingers] run data modify entity @s {} merge value {transformation:[-0.9659258262890683f,-0.25881904510252074f,1.2125989366412262e-16f,-2.19156125f,-0.2562728282900216f,0.9564232157777355f,0.13992451465561062f,-7.832095569337268f,-0.036215129269598925f,0.13515670243681752f,-0.9901621736859026f,-1.3116057066642246f,0f,0f,0f,1f],start_interpolation:0}
execute if entity @s[tag=aj.attack.locator_origin.consume] at @s on origin run tp @s ^-2 ^-7.86238 ^-1.32215 ~0 ~8.04348
execute if entity @s[tag=aj.attack.bone.right_hand] run data modify entity @s {} merge value {transformation:[-1f,-1.7135810899524047e-17f,1.2125989366412262e-16f,-2.25406125f,0f,0.9901621736859026f,0.13992451465561062f,-7.1298685146315135f,-1.2246467991473532e-16f,0.13992451465561062f,-0.9901621736859026f,-1.2419112852434842f,0f,0f,0f,1f],start_interpolation:0}
execute if entity @s[tag=aj.attack.bone.right_forearm] run data modify entity @s {} merge value {transformation:[-1.5053291666666664f,-2.5795035941538113e-17f,1.8253605467950228e-16f,-2.2109925f,0f,1.4905199997794547f,0.2106324530427681f,-4.981085403433797f,-1.8434965456214856e-16f,0.2106324530427681f,-1.4905199997794547f,-0.9327624992471244f,0f,0f,0f,1f],start_interpolation:0}
execute if entity @s[tag=aj.attack.bone.right_bicep] run data modify entity @s {} merge value {transformation:[-1.5788933333333333f,-2.7055617590519188e-17f,1.914564377069921e-16f,-2.107345625f,0f,1.5633604549515137f,0.22092588335964589f,-2.697861706867701f,-1.9335866668617615e-16f,0.22092588335964589f,-1.5633604549515137f,-0.6703923799916803f,0f,0f,0f,1f],start_interpolation:0}
execute if entity @s[tag=aj.attack.bone.right_shoulder] run data modify entity @s {} merge value {transformation:[-1f,-1.7135810899524047e-17f,1.2125989366412262e-16f,-1.795433125f,0f,0.9901621736859026f,0.13992451465561062f,-2.4673411071274223f,-1.2246467991473532e-16f,0.13992451465561062f,-0.9901621736859026f,-0.5746954471508213f,0f,0f,0f,1f],start_interpolation:0}
execute if entity @s[tag=aj.attack.bone.left_thumb_2] run data modify entity @s {} merge value {transformation:[-0.9762960071199334f,-0.2164396139381029f,1.2125989366412262e-16f,1.86831875f,-0.21431031860868954f,0.9666913765707407f,0.13992451465561062f,-7.397754686823777f,-0.0302852079325369f,0.13660774495646721f,-0.9901621736859026f,-1.0751553796748092f,0f,0f,0f,1f],start_interpolation:0}
execute if entity @s[tag=aj.attack.bone.left_thumb] run data modify entity @s {} merge value {transformation:[-1f,-1.7135810899524047e-17f,1.2125989366412262e-16f,2.015895f,0f,0.9901621736859026f,0.13992451465561062f,-7.1139457406829045f,-1.2246467991473532e-16f,0.13992451465561062f,-0.9901621736859026f,-1.035048990944715f,0f,0f,0f,1f],start_interpolation:0}
execute if entity @s[tag=aj.attack.bone.left_fingers2] run data modify entity @s {} merge value {transformation:[-0.7933533402912352f,0.6087614290087205f,1.2125989366412262e-16f,2.1355343338474935f,0.6027725398034112f,0.785548467923741f,0.13992451465561062f,-8.189328418075403f,0.0851806474951011f,0.11100958109065864f,-0.9901621736859026f,-1.3575604518849473f,0f,0f,0f,1f],start_interpolation:0}
execute if entity @s[tag=aj.attack.bone.left_fingers] run data modify entity @s {} merge value {transformation:[-0.9659258262890683f,0.25881904510252074f,1.2125989366412262e-16f,2.21269625f,0.2562728282900216f,0.9564232157777355f,0.13992451465561062f,-7.724820502988257f,0.03621512926959869f,0.13515670243681757f,-0.9901621736859026f,-1.3001243610266642f,0f,0f,0f,1f],start_interpolation:0}
execute if entity @s[tag=aj.attack.bone.left_hand] run data modify entity @s {} merge value {transformation:[-1f,-1.7135810899524047e-17f,1.2125989366412262e-16f,2.27519625f,0f,0.9901621736859026f,0.13992451465561062f,-7.022593448282502f,-1.2246467991473532e-16f,0.13992451465561062f,-0.9901621736859026f,-1.2304299396059237f,0f,0f,0f,1f],start_interpolation:0}
execute if entity @s[tag=aj.attack.bone.left_forearm] run data modify entity @s {} merge value {transformation:[-1.505329166666667f,-2.5795035941538125e-17f,1.8253605467950235e-16f,2.2321275f,0f,1.4905199997794554f,0.21063245304276818f,-4.873810337084786f,-1.8434965456214864e-16f,0.21063245304276818f,-1.4905199997794554f,-0.9212811536095641f,0f,0f,0f,1f],start_interpolation:0}
execute if entity @s[tag=aj.attack.bone.left_bicep] run data modify entity @s {} merge value {transformation:[-1.5788933333333333f,-2.7055617590519188e-17f,1.914564377069921e-16f,2.044845625f,0f,1.5633604549515137f,0.22092588335964589f,-2.5235514876986884f,-1.9335866668617615e-16f,0.22092588335964589f,-1.5633604549515137f,-0.5679248165229166f,0f,0f,0f,1f],start_interpolation:0}
execute if entity @s[tag=aj.attack.bone.left_shoulder] run data modify entity @s {} merge value {transformation:[-1f,-1.7135810899524047e-17f,1.2125989366412262e-16f,1.795433125f,0f,0.9901621736859026f,0.13992451465561062f,-2.284285605792434f,-1.2246467991473532e-16f,0.13992451465561062f,-0.9901621736859026f,-0.5341130195374266f,0f,0f,0f,1f],start_interpolation:0}