execute if entity @s[tag=aj.attack.bone.right_thumb_2] run data modify entity @s {} merge value {transformation:[-0.9762960071199334f,0.21643961393810288f,1.2225748905895979e-16f,-1.84718375f,0.2160734323674918f,0.9746442687954936f,0.058144828910475815f,-7.478189107828625f,0.012584844321880308f,0.05676656429996923f,-0.9983081582712682f,-0.6597398010686568f,0f,0f,0f,1f],start_interpolation:0}
execute if entity @s[tag=aj.attack.bone.right_thumb] run data modify entity @s {} merge value {transformation:[-1f,-7.12068786121847e-18f,1.2225748905895979e-16f,-1.99476f,0f,0.9983081582712682f,0.058144828910475815f,-7.192045288308529f,-1.2246467991473532e-16f,0.058144828910475815f,-0.9983081582712682f,-0.6430738214390833f,0f,0f,0f,1f],start_interpolation:0}
execute if entity @s[tag=aj.attack.bone.right_fingers2] run data modify entity @s {} merge value {transformation:[-0.7933533402912352f,-0.6087614290087205f,1.2225748905895979e-16f,-2.1143993338474933f,-0.6077315010202813f,0.7920111120045017f,0.058144828910475815f,-8.290279271376406f,-0.03539632913700892f,0.046129394236788294f,-0.9983081582712682f,-0.8761910960210615f,0f,0f,0f,1f],start_interpolation:0}
execute if entity @s[tag=aj.attack.bone.right_fingers] run data modify entity @s {} merge value {transformation:[-0.9659258262890683f,-0.25881904510252074f,1.2225748905895979e-16f,-2.19156125f,-0.2583811642418258f,0.9642916326692927f,0.058144828910475815f,-7.822623700044259f,-0.01504898909625891f,0.05616359190978783f,-0.9983081582712682f,-0.8570920302404555f,0f,0f,0f,1f],start_interpolation:0}
execute if entity @s[tag=aj.attack.locator_origin.consume] at @s on origin run tp @s ^-2 ^-7.85367 ^-0.86512 ~0 ~3.33333
execute if entity @s[tag=aj.attack.bone.right_hand] run data modify entity @s {} merge value {transformation:[-1f,-7.12068786121847e-18f,1.2225748905895979e-16f,-2.25406125f,0f,0.9983081582712682f,0.058144828910475815f,-7.117045206703706f,-1.2246467991473532e-16f,0.058144828910475815f,-0.9983081582712682f,-0.8452963330094628f,0f,0f,0f,1f],start_interpolation:0}
execute if entity @s[tag=aj.attack.bone.right_forearm] run data modify entity @s {} merge value {transformation:[-1.5053291666666664f,-1.0718979124221447e-17f,1.8403776412388303e-16f,-2.2109925f,0f,1.5027823879670226f,0.08752710684978245f,-4.9501330858966845f,-1.8434965456214856e-16f,0.08752710684978245f,-1.5027823879670226f,-0.713638854865679f,0f,0f,0f,1f],start_interpolation:0}
execute if entity @s[tag=aj.attack.bone.right_bicep] run data modify entity @s {} merge value {transformation:[-1.5788933333333333f,-1.1242806592825434e-17f,1.9303153442526454e-16f,-2.107345625f,0f,1.5762220957067834f,0.09180448273455752f,-2.6530756330199345f,-1.9335866668617615e-16f,0.09180448273455752f,-1.5762220957067834f,-0.6396416507128317f,0f,0f,0f,1f],start_interpolation:0}
execute if entity @s[tag=aj.attack.bone.right_shoulder] run data modify entity @s {} merge value {transformation:[-1f,-7.12068786121847e-18f,1.2225748905895979e-16f,-1.795433125f,0f,0.9983081582712682f,0.058144828910475815f,-2.4154753817491756f,-1.2246467991473532e-16f,0.058144828910475815f,-0.9983081582712682f,-0.5631970926603597f,0f,0f,0f,1f],start_interpolation:0}
execute if entity @s[tag=aj.attack.bone.left_thumb_2] run data modify entity @s {} merge value {transformation:[-0.9762960071199334f,-0.21643961393810288f,1.2225748905895979e-16f,1.86831875f,-0.2160734323674918f,0.9746442687954936f,0.058144828910475815f,-7.424913480544232f,-0.012584844321880548f,0.05676656429996917f,-0.9983081582712682f,-0.6534358231055587f,0f,0f,0f,1f],start_interpolation:0}
execute if entity @s[tag=aj.attack.bone.left_thumb] run data modify entity @s {} merge value {transformation:[-1f,-7.12068786121847e-18f,1.2225748905895979e-16f,2.015895f,0f,0.9983081582712682f,0.058144828910475815f,-7.138769661024137f,-1.2246467991473532e-16f,0.058144828910475815f,-0.9983081582712682f,-0.6367698434759852f,0f,0f,0f,1f],start_interpolation:0}
execute if entity @s[tag=aj.attack.bone.left_fingers2] run data modify entity @s {} merge value {transformation:[-0.7933533402912352f,0.6087614290087205f,1.2225748905895979e-16f,2.1355343338474935f,0.6077315010202813f,0.7920111120045017f,0.058144828910475815f,-8.237003644092013f,0.03539632913700873f,0.04612939423678845f,-0.9983081582712682f,-0.8698871180579634f,0f,0f,0f,1f],start_interpolation:0}
execute if entity @s[tag=aj.attack.bone.left_fingers] run data modify entity @s {} merge value {transformation:[-0.9659258262890683f,0.25881904510252074f,1.2225748905895979e-16f,2.21269625f,0.2583811642418258f,0.9642916326692927f,0.058144828910475815f,-7.7693480727598665f,0.015048989096258673f,0.0561635919097879f,-0.9983081582712682f,-0.8507880522773574f,0f,0f,0f,1f],start_interpolation:0}
execute if entity @s[tag=aj.attack.bone.left_hand] run data modify entity @s {} merge value {transformation:[-1f,-7.12068786121847e-18f,1.2225748905895979e-16f,2.27519625f,0f,0.9983081582712682f,0.058144828910475815f,-7.063769579419313f,-1.2246467991473532e-16f,0.058144828910475815f,-0.9983081582712682f,-0.8389923550463647f,0f,0f,0f,1f],start_interpolation:0}
execute if entity @s[tag=aj.attack.bone.left_forearm] run data modify entity @s {} merge value {transformation:[-1.505329166666667f,-1.0718979124221451e-17f,1.840377641238831e-16f,2.2321275f,0f,1.5027823879670232f,0.08752710684978249f,-4.896857458612293f,-1.8434965456214864e-16f,0.08752710684978249f,-1.5027823879670232f,-0.7073348769025809f,0f,0f,0f,1f],start_interpolation:0}
execute if entity @s[tag=aj.attack.bone.left_bicep] run data modify entity @s {} merge value {transformation:[-1.5788933333333333f,-1.1242806592825434e-17f,1.9303153442526454e-16f,2.044845625f,0f,1.5762220957067834f,0.09180448273455752f,-2.525519908870098f,-1.9335866668617615e-16f,0.09180448273455752f,-1.5762220957067834f,-0.5481633176979444f,0f,0f,0f,1f],start_interpolation:0}
execute if entity @s[tag=aj.attack.bone.left_shoulder] run data modify entity @s {} merge value {transformation:[-1f,-7.12068786121847e-18f,1.2225748905895979e-16f,1.795433125f,0f,0.9983081582712682f,0.058144828910475815f,-2.284285605792434f,-1.2246467991473532e-16f,0.058144828910475815f,-0.9983081582712682f,-0.5341130195374266f,0f,0f,0f,1f],start_interpolation:0}