execute if entity @s[tag=aj.attack.bone.right_thumb_2] run data modify entity @s {} merge value {transformation:[-0.9762960071199334f,0.21643961393810288f,1.2238201913274095e-16f,-1.84718375f,0.21629352228330787f,0.9756370302503354f,0.036735506292772446f,-7.530961070536334f,0.007951018799828298f,0.03586472811316295f,-0.9993250234920638f,-0.562710750792341f,0f,0f,0f,1f],start_interpolation:0}
execute if entity @s[tag=aj.attack.bone.right_thumb] run data modify entity @s {} merge value {transformation:[-1f,-4.498802019650126e-18f,1.2238201913274095e-16f,-1.99476f,0f,0.9993250234920638f,0.036735506292772446f,-7.244525788209083f,-1.2246467991473532e-16f,0.036735506292772446f,-0.9993250234920638f,-0.5521812985430266f,0f,0f,0f,1f],start_interpolation:0}
execute if entity @s[tag=aj.attack.bone.right_fingers2] run data modify entity @s {} merge value {transformation:[-0.7933533402912352f,-0.6087614290087205f,1.2238201913274095e-16f,-2.1143993338474933f,-0.608350529345202f,0.7928178454240458f,0.036735506292772446f,-8.34750373303459f,-0.022363159306147098f,0.029144236624660633f,-0.9993250234920638f,-0.7617074269904539f,0f,0f,0f,1f],start_interpolation:0}
execute if entity @s[tag=aj.attack.bone.right_fingers] run data modify entity @s {} merge value {transformation:[-0.9659258262890683f,-0.25881904510252074f,1.2238201913274095e-16f,-2.19156125f,-0.25864434832727007f,0.9652738490479142f,0.036735506292772446f,-7.87954624506493f,-0.009507848660053124f,0.03548377426999346f,-0.9993250234920638f,-0.7526356485090344f,0f,0f,0f,1f],start_interpolation:0}
execute if entity @s[tag=aj.attack.locator_origin.consume] at @s on origin run tp @s ^-2 ^-7.91076 ^-0.75999 ~0 ~2.10526
execute if entity @s[tag=aj.attack.bone.right_hand] run data modify entity @s {} merge value {transformation:[-1f,-4.498802019650126e-18f,1.2238201913274095e-16f,-2.25406125f,0f,0.9993250234920638f,0.036735506292772446f,-7.173877012614177f,-1.2246467991473532e-16f,0.036735506292772446f,-0.9993250234920638f,-0.7559647790646408f,0f,0f,0f,1f],start_interpolation:0}
execute if entity @s[tag=aj.attack.bone.right_forearm] run data modify entity @s {} merge value {transformation:[-1.5053291666666664f,-6.77217789523824e-18f,1.8422522287607295e-16f,-2.2109925f,0f,1.5043131048424552f,0.055299029074777226f,-5.00464091111321f,-1.8434965456214856e-16f,0.055299029074777226f,-1.5043131048424552f,-0.6707792944064813f,0f,0f,0f,1f],start_interpolation:0}
execute if entity @s[tag=aj.attack.bone.right_bicep] run data modify entity @s {} merge value {transformation:[-1.5788933333333333f,-7.10312851681212e-18f,1.9322815412855712e-16f,-2.107345625f,0f,1.577827617424796f,0.05800144598228313f,-2.7065251595514446f,-1.9335866668617615e-16f,0.05800144598228313f,-1.577827617424796f,-0.6460301436581181f,0f,0f,0f,1f],start_interpolation:0}
execute if entity @s[tag=aj.attack.bone.right_shoulder] run data modify entity @s {} merge value {transformation:[-1f,-4.498802019650126e-18f,1.2238201913274095e-16f,-1.795433125f,0f,0.9993250234920638f,0.036735506292772446f,-2.4673411071274223f,-1.2246467991473532e-16f,0.036735506292772446f,-0.9993250234920638f,-0.5746954471508213f,0f,0f,0f,1f],start_interpolation:0}
execute if entity @s[tag=aj.attack.bone.left_thumb_2] run data modify entity @s {} merge value {transformation:[-0.9762960071199334f,-0.21643961393810288f,1.2238201913274095e-16f,1.86831875f,-0.21629352228330787f,0.9756370302503354f,0.036735506292772446f,-7.426290049430131f,-0.007951018799828537f,0.035864728113162894f,-0.9993250234920638f,-0.54323331211738f,0f,0f,0f,1f],start_interpolation:0}
execute if entity @s[tag=aj.attack.bone.left_thumb] run data modify entity @s {} merge value {transformation:[-1f,-4.498802019650126e-18f,1.2238201913274095e-16f,2.015895f,0f,0.9993250234920638f,0.036735506292772446f,-7.1398547671028805f,-1.2246467991473532e-16f,0.036735506292772446f,-0.9993250234920638f,-0.5327038598680656f,0f,0f,0f,1f],start_interpolation:0}
execute if entity @s[tag=aj.attack.bone.left_fingers2] run data modify entity @s {} merge value {transformation:[-0.7933533402912352f,0.6087614290087205f,1.2238201913274095e-16f,2.1355343338474935f,0.608350529345202f,0.7928178454240458f,0.036735506292772446f,-8.242832711928386f,0.022363159306146907f,0.029144236624660792f,-0.9993250234920638f,-0.742229988315493f,0f,0f,0f,1f],start_interpolation:0}
execute if entity @s[tag=aj.attack.bone.left_fingers] run data modify entity @s {} merge value {transformation:[-0.9659258262890683f,0.25881904510252074f,1.2238201913274095e-16f,2.21269625f,0.25864434832727007f,0.9652738490479142f,0.036735506292772446f,-7.774875223958727f,0.009507848660052888f,0.03548377426999353f,-0.9993250234920638f,-0.7331582098340734f,0f,0f,0f,1f],start_interpolation:0}
execute if entity @s[tag=aj.attack.bone.left_hand] run data modify entity @s {} merge value {transformation:[-1f,-4.498802019650126e-18f,1.2238201913274095e-16f,2.27519625f,0f,0.9993250234920638f,0.036735506292772446f,-7.069205991507975f,-1.2246467991473532e-16f,0.036735506292772446f,-0.9993250234920638f,-0.7364873403896798f,0f,0f,0f,1f],start_interpolation:0}
execute if entity @s[tag=aj.attack.bone.left_forearm] run data modify entity @s {} merge value {transformation:[-1.505329166666667f,-6.772177895238243e-18f,1.8422522287607303e-16f,2.2321275f,0f,1.5043131048424558f,0.05529902907477725f,-4.899969890007006f,-1.8434965456214864e-16f,0.05529902907477725f,-1.5043131048424558f,-0.6513018557315203f,0f,0f,0f,1f],start_interpolation:0}
execute if entity @s[tag=aj.attack.bone.left_bicep] run data modify entity @s {} merge value {transformation:[-1.5788933333333333f,-7.10312851681212e-18f,1.9322815412855712e-16f,2.044845625f,0f,1.577827617424796f,0.05800144598228313f,-2.5257656273597546f,-1.9335866668617615e-16f,0.05800144598228313f,-1.577827617424796f,-0.5429899020764692f,0f,0f,0f,1f],start_interpolation:0}
execute if entity @s[tag=aj.attack.bone.left_shoulder] run data modify entity @s {} merge value {transformation:[-1f,-4.498802019650126e-18f,1.2238201913274095e-16f,1.795433125f,0f,0.9993250234920638f,0.036735506292772446f,-2.284285605792434f,-1.2246467991473532e-16f,0.036735506292772446f,-0.9993250234920638f,-0.5341130195374266f,0f,0f,0f,1f],start_interpolation:0}