execute if entity @s[tag=aj.attack.bone.right_thumb_2] run data modify entity @s {} merge value {transformation:[-0.9762960071199334f,0.21643961393810288f,1.2242724741619825e-16f,-1.84718375f,0.2163734571038406f,0.9759975929250511f,0.024722978490438946f,-7.530451351021858f,0.005351031919870507f,0.024136945184327567f,-0.9996943404534014f,-0.5018570990688948f,0f,0f,0f,1f],start_interpolation:0}
execute if entity @s[tag=aj.attack.bone.right_thumb] run data modify entity @s {} merge value {transformation:[-1f,-3.027691647370497e-18f,1.2242724741619825e-16f,-1.99476f,0f,0.9996943404534014f,0.024722978490438946f,-7.243910211835625f,-1.2246467991473532e-16f,0.024722978490438946f,-0.9996943404534014f,-0.4947707826479034f,0f,0f,0f,1f],start_interpolation:0}
execute if entity @s[tag=aj.attack.bone.right_fingers2] run data modify entity @s {} merge value {transformation:[-0.7933533402912352f,-0.6087614290087205f,1.2242724741619825e-16f,-2.1143993338474933f,-0.6085753552663431f,0.7931108442689494f,0.024722978490438946f,-8.349326583347025f,-0.015050395715191574f,0.019614057567338024f,-0.9996943404534014f,-0.6910262051672237f,0f,0f,0f,1f],start_interpolation:0}
execute if entity @s[tag=aj.attack.bone.right_fingers] run data modify entity @s {} merge value {transformation:[-0.9659258262890683f,-0.25881904510252074f,1.2242724741619825e-16f,-2.19156125f,-0.2587399345905436f,0.965630581838957f,0.024722978490438946f,-7.881293866103606f,-0.006398777684985686f,0.023880563426704072f,-0.9996943404534014f,-0.6875789886913679f,0f,0f,0f,1f],start_interpolation:0}
execute if entity @s[tag=aj.attack.locator_origin.right_hand] at @s on origin run tp @s ^-2 ^-7.9126 ^-0.69456 ~0 ~1.41667
execute if entity @s[tag=aj.attack.bone.right_hand] run data modify entity @s {} merge value {transformation:[-1f,-3.027691647370497e-18f,1.2242724741619825e-16f,-2.25406125f,0f,0.9996943404534014f,0.024722978490438946f,-7.175715605550318f,-1.2246467991473532e-16f,0.024722978490438946f,-0.9996943404534014f,-0.6993886022535145f,0f,0f,0f,1f],start_interpolation:0}
execute if entity @s[tag=aj.attack.bone.right_forearm] run data modify entity @s {} merge value {transformation:[-1.5053291666666664f,-4.5576725444598566e-18f,1.842933063303195e-16f,-2.2109925f,0f,1.5048690484361014f,0.03721622060853037f,-5.005612405245091f,-1.8434965456214856e-16f,0.03721622060853037f,-1.5048690484361014f,-0.640279120132831f,0f,0f,0f,1f],start_interpolation:0}
execute if entity @s[tag=aj.attack.bone.right_bicep] run data modify entity @s {} merge value {transformation:[-1.5788933333333333f,-4.7804021574222944e-18f,1.9329956476378597e-16f,-2.107345625f,0f,1.578410729512939f,0.039034945918697446f,-2.7073651854437437f,-1.9335866668617615e-16f,0.039034945918697446f,-1.578410729512939f,-0.6431504812108964f,0f,0f,0f,1f],start_interpolation:0}
execute if entity @s[tag=aj.attack.bone.right_shoulder] run data modify entity @s {} merge value {transformation:[-1f,-3.027691647370497e-18f,1.2242724741619825e-16f,-1.795433125f,0f,0.9996943404534014f,0.024722978490438946f,-2.4673411071274223f,-1.2246467991473532e-16f,0.024722978490438946f,-0.9996943404534014f,-0.5746954471508213f,0f,0f,0f,1f],start_interpolation:0}
execute if entity @s[tag=aj.attack.bone.left_thumb_2] run data modify entity @s {} merge value {transformation:[-0.9762960071199334f,-0.21643961393810288f,1.2242724741619825e-16f,1.86831875f,-0.2163734571038406f,0.9759975929250511f,0.024722978490438946f,-7.42602830857329f,-0.005351031919870746f,0.02413694518432751f,-0.9996943404534014f,-0.48143611258215296f,0f,0f,0f,1f],start_interpolation:0}
execute if entity @s[tag=aj.attack.bone.left_thumb] run data modify entity @s {} merge value {transformation:[-1f,-3.027691647370497e-18f,1.2242724741619825e-16f,2.015895f,0f,0.9996943404534014f,0.024722978490438946f,-7.139487169387057f,-1.2246467991473532e-16f,0.024722978490438946f,-0.9996943404534014f,-0.4743497961611616f,0f,0f,0f,1f],start_interpolation:0}
execute if entity @s[tag=aj.attack.bone.left_fingers2] run data modify entity @s {} merge value {transformation:[-0.7933533402912352f,0.6087614290087205f,1.2242724741619825e-16f,2.1355343338474935f,0.6085753552663431f,0.7931108442689494f,0.024722978490438946f,-8.244903540898457f,0.015050395715191376f,0.01961405756733817f,-0.9996943404534014f,-0.6706052186804817f,0f,0f,0f,1f],start_interpolation:0}
execute if entity @s[tag=aj.attack.bone.left_fingers] run data modify entity @s {} merge value {transformation:[-0.9659258262890683f,0.25881904510252074f,1.2242724741619825e-16f,2.21269625f,0.2587399345905436f,0.965630581838957f,0.024722978490438946f,-7.776870823655038f,0.00639877768498545f,0.023880563426704134f,-0.9996943404534014f,-0.667158002204626f,0f,0f,0f,1f],start_interpolation:0}
execute if entity @s[tag=aj.attack.bone.left_hand] run data modify entity @s {} merge value {transformation:[-1f,-3.027691647370497e-18f,1.2242724741619825e-16f,2.27519625f,0f,0.9996943404534014f,0.024722978490438946f,-7.07129256310175f,-1.2246467991473532e-16f,0.024722978490438946f,-0.9996943404534014f,-0.6789676157667726f,0f,0f,0f,1f],start_interpolation:0}
execute if entity @s[tag=aj.attack.bone.left_forearm] run data modify entity @s {} merge value {transformation:[-1.505329166666667f,-4.557672544459858e-18f,1.8429330633031958e-16f,2.2321275f,0f,1.504869048436102f,0.037216220608530394f,-4.901189362796523f,-1.8434965456214864e-16f,0.037216220608530394f,-1.504869048436102f,-0.619858133646089f,0f,0f,0f,1f],start_interpolation:0}
execute if entity @s[tag=aj.attack.bone.left_bicep] run data modify entity @s {} merge value {transformation:[-1.5788933333333333f,-4.7804021574222944e-18f,1.9329956476378597e-16f,2.044845625f,0f,1.578410729512939f,0.039034945918697446f,-2.525854870264408f,-1.9335866668617615e-16f,0.039034945918697446f,-1.578410729512939f,-0.540087157319164f,0f,0f,0f,1f],start_interpolation:0}
execute if entity @s[tag=aj.attack.bone.left_shoulder] run data modify entity @s {} merge value {transformation:[-1f,-3.027691647370497e-18f,1.2242724741619825e-16f,1.795433125f,0f,0.9996943404534014f,0.024722978490438946f,-2.284285605792434f,-1.2246467991473532e-16f,0.024722978490438946f,-0.9996943404534014f,-0.5341130195374266f,0f,0f,0f,1f],start_interpolation:0}