execute if entity @s[tag=aj.attack.bone.right_thumb_2] run data modify entity @s {} merge value {transformation:[-0.9762960071199334f,0.21643961393810288f,1.2246351413924705e-16f,-1.84718375f,0.21643755358897368f,0.9762867134855958f,-0.004363309284746569f,-7.088418212951397f,-0.0009443929770832068f,-0.004259881432527381f,-0.9999904807207345f,-0.2921293708719821f,0f,0f,0f,1f],start_interpolation:0}
execute if entity @s[tag=aj.attack.bone.right_thumb] run data modify entity @s {} merge value {transformation:[-1f,5.343512749254827e-19f,1.2246351413924705e-16f,-1.99476f,0f,0.9999904807207345f,-0.004363309284746569f,-6.801792191450513f,-1.2246467991473532e-16f,-0.004363309284746569f,-0.9999904807207345f,-0.2933800207581324f,0f,0f,0f,1f],start_interpolation:0}
execute if entity @s[tag=aj.attack.bone.right_fingers2] run data modify entity @s {} merge value {transformation:[-0.7933533402912352f,-0.6087614290087205f,1.2246351413924705e-16f,-2.114399333847494f,-0.6087556340386717f,0.7933457881392327f,-0.004363309284746569f,-7.912448950422595f,0.002656214395389243f,-0.003461645995777526f,-0.9999904807207345f,-0.45740169317764834f,0f,0f,0f,1f],start_interpolation:0}
execute if entity @s[tag=aj.attack.bone.right_fingers] run data modify entity @s {} merge value {transformation:[-0.9659258262890683f,-0.25881904510252074f,1.2246351413924705e-16f,-2.19156125f,-0.25881658133175117f,0.9659166313713781f,-0.004363309284746569f,-7.444513973060087f,0.0011293075425649515f,-0.004214633126223626f,-0.9999904807207345f,-0.46756853499003836f,0f,0f,0f,1f],start_interpolation:0}
execute if entity @s[tag=aj.attack.locator_origin.right_hand] at @s on origin run tp @s ^-2 ^-7.47601 ^-0.47364 ~0 ~-0.25
execute if entity @s[tag=aj.attack.bone.right_hand] run data modify entity @s {} merge value {transformation:[-1f,5.343512749254827e-19f,1.2246351413924705e-16f,-2.25406125f,0f,0.9999904807207345f,-0.004363309284746569f,-6.739577686620847f,-1.2246467991473532e-16f,-0.004363309284746569f,-0.9999904807207345f,-0.4998946977555844f,0f,0f,0f,1f],start_interpolation:0}
execute if entity @s[tag=aj.attack.bone.right_forearm] run data modify entity @s {} merge value {transformation:[-1.505329166666667f,8.043745593908481e-19f,1.8434789968630437e-16f,-2.2109925f,0f,1.505314837017943f,-0.0065682167295164845f,-4.568673365633595f,-1.8434965456214864e-16f,-0.0065682167295164845f,-1.505314837017943f,-0.5039270631208566f,0f,0f,0f,1f],start_interpolation:0}
execute if entity @s[tag=aj.attack.bone.right_bicep] run data modify entity @s {} merge value {transformation:[-1.5788933333333333f,8.436836656380118e-19f,1.9335682605102956e-16f,-2.107345625f,0f,1.5788783034067628f,-0.006889199940957793f,-2.2714819318590336f,-1.9335866668617615e-16f,-0.006889199940957793f,-1.5788783034067628f,-0.5736410834599137f,0f,0f,0f,1f],start_interpolation:0}
execute if entity @s[tag=aj.attack.bone.right_shoulder] run data modify entity @s {} merge value {transformation:[-1f,5.343512749254827e-19f,1.2246351413924705e-16f,-1.795433125f,0f,0.9999904807207345f,-0.004363309284746569f,-2.0298411071274227f,-1.2246467991473532e-16f,-0.004363309284746569f,-0.9999904807207345f,-0.5746954471508213f,0f,0f,0f,1f],start_interpolation:0}
execute if entity @s[tag=aj.attack.bone.left_thumb_2] run data modify entity @s {} merge value {transformation:[-0.9762960071199334f,-0.21643961393810288f,1.2246351413924705e-16f,1.86831875f,-0.21643755358897368f,0.9762867134855958f,-0.004363309284746569f,-6.984821001722482f,0.0009443929770829677f,-0.004259881432527435f,-0.9999904807207345f,-0.3319122571834841f,0f,0f,0f,1f],start_interpolation:0}
execute if entity @s[tag=aj.attack.bone.left_thumb] run data modify entity @s {} merge value {transformation:[-1f,5.343512749254827e-19f,1.2246351413924705e-16f,2.015895f,0f,0.9999904807207345f,-0.004363309284746569f,-6.698194980221598f,-1.2246467991473532e-16f,-0.004363309284746569f,-0.9999904807207345f,-0.3331629070696344f,0f,0f,0f,1f],start_interpolation:0}
execute if entity @s[tag=aj.attack.bone.left_fingers2] run data modify entity @s {} merge value {transformation:[-0.7933533402912352f,0.6087614290087205f,1.2246351413924705e-16f,2.135534333847494f,0.6087556340386717f,0.7933457881392327f,-0.004363309284746569f,-7.80885173919368f,-0.0026562143953894374f,-0.0034616459957773765f,-0.9999904807207345f,-0.49718457948915035f,0f,0f,0f,1f],start_interpolation:0}
execute if entity @s[tag=aj.attack.bone.left_fingers] run data modify entity @s {} merge value {transformation:[-0.9659258262890683f,0.25881904510252074f,1.2246351413924705e-16f,2.21269625f,0.25881658133175117f,0.9659166313713781f,-0.004363309284746569f,-7.340916761831172f,-0.0011293075425651883f,-0.004214633126223562f,-0.9999904807207345f,-0.5073514213015403f,0f,0f,0f,1f],start_interpolation:0}
execute if entity @s[tag=aj.attack.bone.left_hand] run data modify entity @s {} merge value {transformation:[-1f,5.343512749254827e-19f,1.2246351413924705e-16f,2.27519625f,0f,0.9999904807207345f,-0.004363309284746569f,-6.635980475391932f,-1.2246467991473532e-16f,-0.004363309284746569f,-0.9999904807207345f,-0.5396775840670863f,0f,0f,0f,1f],start_interpolation:0}
execute if entity @s[tag=aj.attack.bone.left_forearm] run data modify entity @s {} merge value {transformation:[-1.505329166666667f,8.043745593908481e-19f,1.8434789968630437e-16f,2.2321275f,0f,1.505314837017943f,-0.0065682167295164845f,-4.465076154404681f,-1.8434965456214864e-16f,-0.0065682167295164845f,-1.505314837017943f,-0.5437099494323585f,0f,0f,0f,1f],start_interpolation:0}
execute if entity @s[tag=aj.attack.bone.left_bicep] run data modify entity @s {} merge value {transformation:[-1.5788933333333333f,8.436836656380118e-19f,1.9335682605102956e-16f,2.044845625f,0f,1.5788783034067628f,-0.006889199940957793f,-2.088426430524046f,-1.9335866668617615e-16f,-0.006889199940957793f,-1.5788783034067628f,-0.5330586558465191f,0f,0f,0f,1f],start_interpolation:0}
execute if entity @s[tag=aj.attack.bone.left_shoulder] run data modify entity @s {} merge value {transformation:[-1f,5.343512749254827e-19f,1.2246351413924705e-16f,1.795433125f,0f,0.9999904807207345f,-0.004363309284746569f,-1.8467856057924352f,-1.2246467991473532e-16f,-0.004363309284746569f,-0.9999904807207345f,-0.5341130195374268f,0f,0f,0f,1f],start_interpolation:0}