execute if entity @s[tag=aj.attack.bone.right_thumb_2] run data modify entity @s {} merge value {transformation:[-0.9762960071199334f,0.21643961393810288f,1.2246338819696418e-16f,-1.84718375f,0.21643733100317095f,0.9762857094659226f,0.004592955567370605f,-3.0282460381352205f,0.0009940975298364345f,0.0044840841813032165f,-0.9999894523239513f,-0.33744620620149085f,0f,0f,0f,1f],start_interpolation:0}
execute if entity @s[tag=aj.attack.bone.right_thumb] run data modify entity @s {} merge value {transformation:[-1f,-5.624748334206443e-19f,1.2246338819696418e-16f,-1.99476f,0f,0.9999894523239513f,0.004592955567370605f,-2.741620311402422f,-1.2246467991473532e-16f,0.004592955567370605f,-0.9999894523239513f,-0.3361297330884099f,0f,0f,0f,1f],start_interpolation:0}
execute if entity @s[tag=aj.attack.bone.right_fingers2] run data modify entity @s {} merge value {transformation:[-0.7933533402912352f,-0.6087614290087205f,1.2246338819696418e-16f,-2.114399333847494f,-0.6087550079903765f,0.7933449722572097f,0.004592955567370605f,-3.8507635180659547f,-0.0027960141945661855f,0.0036438366411826193f,-0.9999894523239513f,-0.5100920634527718f,0f,0f,0f,1f],start_interpolation:0}
execute if entity @s[tag=aj.attack.bone.right_fingers] run data modify entity @s {} merge value {transformation:[-0.9659258262890683f,-0.25881904510252074f,1.2246338819696418e-16f,-2.19156125f,-0.2588163151630778f,0.9659156380163656f,0.004592955567370605f,-3.3827562523153887f,-0.0011887443741452847f,0.004436454401521395f,-0.9999894523239513f,-0.5160675899038901f,0f,0f,0f,1f],start_interpolation:0}
execute if entity @s[tag=aj.attack.locator_origin.right_hand] at @s on origin run tp @s ^-2 ^-3.41419 ^-0.52242 ~0 ~0.26316
execute if entity @s[tag=aj.attack.bone.right_hand] run data modify entity @s {} merge value {transformation:[-1f,-5.624748334206443e-19f,1.2246338819696418e-16f,-2.25406125f,0f,0.9999894523239513f,0.004592955567370605f,-2.6775587202215867f,-1.2246467991473532e-16f,0.004592955567370605f,-0.9999894523239513f,-0.5420789233318825f,0f,0f,0f,1f],start_interpolation:0}
execute if entity @s[tag=aj.attack.bone.right_forearm] run data modify entity @s {} merge value {transformation:[-1.505329166666667f,-8.467097722640709e-19f,1.8434771010171264e-16f,-2.2109925f,0f,1.5053132889422705f,0.006913909976767022f,-0.5067053538629918f,-1.8434965456214864e-16f,0.006913909976767022f,-1.5053132889422705f,-0.5266681277288409f,0f,0f,0f,1f],start_interpolation:0}
execute if entity @s[tag=aj.attack.bone.right_bicep] run data modify entity @s {} merge value {transformation:[-1.578893333333333f,-8.880877646556323e-19f,1.9335662720159874e-16f,-2.107345625f,0f,1.5788766796779377f,0.007251786925617664f,1.7910183166459792f,-1.9335866668617613e-16f,0.007251786925617664f,-1.5788766796779377f,-0.5758053032871072f,0f,0f,0f,1f],start_interpolation:0}
execute if entity @s[tag=aj.attack.bone.right_shoulder] run data modify entity @s {} merge value {transformation:[-1f,-5.624748334206443e-19f,1.2246338819696418e-16f,-1.795433125f,0f,0.9999894523239513f,0.004592955567370605f,2.032658892872577f,-1.2246467991473532e-16f,0.004592955567370605f,-0.9999894523239513f,-0.5746954471508215f,0f,0f,0f,1f],start_interpolation:0}
execute if entity @s[tag=aj.attack.bone.left_thumb_2] run data modify entity @s {} merge value {transformation:[-0.9762960071199334f,-0.21643961393810288f,1.2246338819696418e-16f,1.86831875f,-0.21643733100317095f,0.9762857094659226f,0.004592955567370605f,-2.9239258742215046f,-0.0009940975298366734f,0.004484084181303163f,-0.9999894523239513f,-0.37793751163392614f,0f,0f,0f,1f],start_interpolation:0}
execute if entity @s[tag=aj.attack.bone.left_thumb] run data modify entity @s {} merge value {transformation:[-1f,-5.624748334206443e-19f,1.2246338819696418e-16f,2.015895f,0f,0.9999894523239513f,0.004592955567370605f,-2.637300147488706f,-1.2246467991473532e-16f,0.004592955567370605f,-0.9999894523239513f,-0.37662103852084516f,0f,0f,0f,1f],start_interpolation:0}
execute if entity @s[tag=aj.attack.bone.left_fingers2] run data modify entity @s {} merge value {transformation:[-0.7933533402912352f,0.6087614290087205f,1.2246338819696418e-16f,2.135534333847494f,0.6087550079903765f,0.7933449722572097f,0.004592955567370605f,-3.746443354152239f,0.0027960141945659912f,0.0036438366411827693f,-0.9999894523239513f,-0.5505833688852071f,0f,0f,0f,1f],start_interpolation:0}
execute if entity @s[tag=aj.attack.bone.left_fingers] run data modify entity @s {} merge value {transformation:[-0.9659258262890683f,0.25881904510252074f,1.2246338819696418e-16f,2.21269625f,0.2588163151630778f,0.9659156380163656f,0.004592955567370605f,-3.2784360884016728f,0.0011887443741450479f,0.00443645440152146f,-0.9999894523239513f,-0.5565588953363253f,0f,0f,0f,1f],start_interpolation:0}
execute if entity @s[tag=aj.attack.bone.left_hand] run data modify entity @s {} merge value {transformation:[-1f,-5.624748334206443e-19f,1.2246338819696418e-16f,2.27519625f,0f,0.9999894523239513f,0.004592955567370605f,-2.573238556307871f,-1.2246467991473532e-16f,0.004592955567370605f,-0.9999894523239513f,-0.5825702287643176f,0f,0f,0f,1f],start_interpolation:0}
execute if entity @s[tag=aj.attack.bone.left_forearm] run data modify entity @s {} merge value {transformation:[-1.505329166666667f,-8.467097722640709e-19f,1.8434771010171264e-16f,2.2321275f,0f,1.5053132889422705f,0.006913909976767022f,-0.4023851899492763f,-1.8434965456214864e-16f,0.006913909976767022f,-1.5053132889422705f,-0.567159433161276f,0f,0f,0f,1f],start_interpolation:0}
execute if entity @s[tag=aj.attack.bone.left_bicep] run data modify entity @s {} merge value {transformation:[-1.5788933333333335f,-8.880877646556325e-19f,1.9335662720159878e-16f,2.044845625f,0f,1.578876679677938f,0.0072517869256176655f,1.9740738179809674f,-1.9335866668617618e-16f,0.0072517869256176655f,-1.578876679677938f,-0.5352228756737123f,0f,0f,0f,1f],start_interpolation:0}
execute if entity @s[tag=aj.attack.bone.left_shoulder] run data modify entity @s {} merge value {transformation:[-1f,-5.624748334206443e-19f,1.2246338819696418e-16f,1.795433125f,0f,0.9999894523239513f,0.004592955567370605f,2.215714394207565f,-1.2246467991473532e-16f,0.004592955567370605f,-0.9999894523239513f,-0.5341130195374267f,0f,0f,0f,1f],start_interpolation:0}