execute if entity @s[tag=aj.attack.bone.right_thumb_2] run data modify entity @s {} merge value {transformation:[-0.9762960071199334f,0.21643961393810288f,1.2226771636434362e-16f,-1.84718375f,0.21609150773445018f,0.9747258015069397f,-0.056692787563377506f,-3.0041972430326878f,-0.012270565053292427f,-0.055348942130624044f,-0.9983916705573489f,-0.02777114779709791f,0f,0f,0f,1f],start_interpolation:0}
execute if entity @s[tag=aj.attack.bone.right_thumb] run data modify entity @s {} merge value {transformation:[-1f,6.942864082423114e-18f,1.2226771636434362e-16f,-1.99476f,0f,0.9983916705573489f,-0.056692787563377506f,-2.7180294864904226f,-1.2246467991473532e-16f,-0.056692787563377506f,-0.9983916705573489f,-0.04402093063040438f,0f,0f,0f,1f],start_interpolation:0}
execute if entity @s[tag=aj.attack.bone.right_fingers2] run data modify entity @s {} merge value {transformation:[-0.7933533402912352f,-0.6087614290087205f,1.2226771636434362e-16f,-2.114399333847494f,-0.6077823400788955f,0.7920773667556192f,-0.056692787563377506f,-3.835748360045378f,0.03451238237156942f,-0.04497741238382701f,-0.9983916705573489f,-0.14969053350988004f,0f,0f,0f,1f],start_interpolation:0}
execute if entity @s[tag=aj.attack.bone.right_fingers] run data modify entity @s {} merge value {transformation:[-0.9659258262890683f,-0.25881904510252074f,1.2226771636434362e-16f,-2.19156125f,-0.2584027788119635f,0.9643722993432305f,-0.056692787563377506f,-3.368986762694687f,0.014673173141353312f,-0.05476102767178607f,-0.9983916705573489f,-0.18433326651869752f,0f,0f,0f,1f],start_interpolation:0}
execute if entity @s[tag=aj.attack.locator_origin.right_hand] at @s on origin run tp @s ^-2 ^-3.40075 ^-0.18874 ~0 ~-3.25
execute if entity @s[tag=aj.attack.bone.right_hand] run data modify entity @s {} merge value {transformation:[-1f,6.942864082423114e-18f,1.2226771636434362e-16f,-2.25406125f,0f,0.9983916705573489f,-0.056692787563377506f,-2.6667083875762514f,-1.2246467991473532e-16f,-0.056692787563377506f,-0.9983916705573489f,-0.2535086420428028f,0f,0f,0f,1f],start_interpolation:0}
execute if entity @s[tag=aj.attack.bone.right_forearm] run data modify entity @s {} merge value {transformation:[-1.505329166666667f,1.045129580347392e-17f,1.840531595849738e-16f,-2.2109925f,0f,1.5029081014470356f,-0.08534130665878945f,-0.49899025320936996f,-1.8434965456214864e-16f,-0.08534130665878945f,-1.5029081014470356f,-0.3711518347422915f,0f,0f,0f,1f],start_interpolation:0}
execute if entity @s[tag=aj.attack.bone.right_bicep] run data modify entity @s {} merge value {transformation:[-1.578893333333333f,1.0962041813977303e-17f,1.93047682249553e-16f,-2.107345625f,0f,1.5763539526985275f,-0.08951186433189964f,1.791404409625129f,-1.9335866668617613e-16f,-0.08951186433189964f,-1.5763539526985275f,-0.560996024799046f,0f,0f,0f,1f],start_interpolation:0}
execute if entity @s[tag=aj.attack.bone.right_shoulder] run data modify entity @s {} merge value {transformation:[-1f,6.942864082423114e-18f,1.2226771636434362e-16f,-1.795433125f,0f,0.9983916705573489f,-0.056692787563377506f,2.032658892872577f,-1.2246467991473532e-16f,-0.056692787563377506f,-0.9983916705573489f,-0.5746954471508215f,0f,0f,0f,1f],start_interpolation:0}
execute if entity @s[tag=aj.attack.bone.left_thumb_2] run data modify entity @s {} merge value {transformation:[-0.9762960071199334f,-0.21643961393810288f,1.2226771636434362e-16f,1.86831875f,-0.21609150773445018f,0.9747258015069397f,-0.056692787563377506f,-2.9046971325317457f,0.012270565053292187f,-0.0553489421306241f,-0.9983916705573489f,-0.0632853706447973f,0f,0f,0f,1f],start_interpolation:0}
execute if entity @s[tag=aj.attack.bone.left_thumb] run data modify entity @s {} merge value {transformation:[-1f,6.942864082423114e-18f,1.2226771636434362e-16f,2.015895f,0f,0.9983916705573489f,-0.056692787563377506f,-2.6185293759894805f,-1.2246467991473532e-16f,-0.056692787563377506f,-0.9983916705573489f,-0.07953515347810375f,0f,0f,0f,1f],start_interpolation:0}
execute if entity @s[tag=aj.attack.bone.left_fingers2] run data modify entity @s {} merge value {transformation:[-0.7933533402912352f,0.6087614290087205f,1.2226771636434362e-16f,2.135534333847494f,0.6077823400788955f,0.7920773667556192f,-0.056692787563377506f,-3.736248249544436f,-0.03451238237156961f,-0.04497741238382686f,-0.9983916705573489f,-0.18520475635757938f,0f,0f,0f,1f],start_interpolation:0}
execute if entity @s[tag=aj.attack.bone.left_fingers] run data modify entity @s {} merge value {transformation:[-0.9659258262890683f,0.25881904510252074f,1.2226771636434362e-16f,2.21269625f,0.2584027788119635f,0.9643722993432305f,-0.056692787563377506f,-3.269486652193745f,-0.014673173141353548f,-0.054761027671786f,-0.9983916705573489f,-0.21984748936639684f,0f,0f,0f,1f],start_interpolation:0}
execute if entity @s[tag=aj.attack.bone.left_hand] run data modify entity @s {} merge value {transformation:[-1f,6.942864082423114e-18f,1.2226771636434362e-16f,2.27519625f,0f,0.9983916705573489f,-0.056692787563377506f,-2.5672082770753093f,-1.2246467991473532e-16f,-0.056692787563377506f,-0.9983916705573489f,-0.2890228648905021f,0f,0f,0f,1f],start_interpolation:0}
execute if entity @s[tag=aj.attack.bone.left_forearm] run data modify entity @s {} merge value {transformation:[-1.505329166666667f,1.045129580347392e-17f,1.840531595849738e-16f,2.2321275f,0f,1.5029081014470356f,-0.08534130665878945f,-0.3994901427084283f,-1.8434965456214864e-16f,-0.08534130665878945f,-1.5029081014470356f,-0.40666605758999075f,0f,0f,0f,1f],start_interpolation:0}
execute if entity @s[tag=aj.attack.bone.left_bicep] run data modify entity @s {} merge value {transformation:[-1.5788933333333335f,1.0962041813977307e-17f,1.9304768224955306e-16f,2.044845625f,0f,1.576353952698528f,-0.08951186433189966f,1.974459910960117f,-1.9335866668617618e-16f,-0.08951186433189966f,-1.576353952698528f,-0.5204135971856511f,0f,0f,0f,1f],start_interpolation:0}
execute if entity @s[tag=aj.attack.bone.left_shoulder] run data modify entity @s {} merge value {transformation:[-1f,6.942864082423114e-18f,1.2226771636434362e-16f,1.795433125f,0f,0.9983916705573489f,-0.056692787563377506f,2.215714394207565f,-1.2246467991473532e-16f,-0.056692787563377506f,-0.9983916705573489f,-0.5341130195374267f,0f,0f,0f,1f],start_interpolation:0}