execute if entity @s[tag=aj.attack.bone.right_thumb_2] run data modify entity @s {} merge value {transformation:[-0.6586640207838965f,-0.6994018458040165f,0.2774865146466151f,-0.29888996813726193f,0.28859455033637005f,-0.5754014208155571f,-0.7652623017237865f,-0.8198344135580976f,0.6948920011346653f,-0.4239696486888821f,0.5808397745933787f,1.5987094874113252f,0f,0f,0f,1f],start_interpolation:0}
execute if entity @s[tag=aj.attack.bone.right_thumb] run data modify entity @s {} merge value {transformation:[-0.5333248709476871f,-0.7991031324040142f,0.2774865146466151f,-0.6066419845855029f,0.3801721498818348f,-0.519463902513579f,-0.7652623017237865f,-0.9126233223716875f,0.7556677302114053f,-0.3026407734715475f,0.5808397745933787f,1.6234825506827535f,0f,0f,0f,1f],start_interpolation:0}
execute if entity @s[tag=aj.attack.bone.right_fingers2] run data modify entity @s {} merge value {transformation:[0.6001089656046947f,-0.7502469350754707f,0.2774865146466151f,0.20938681332918851f,0.610190279250864f,0.20504007576121747f,-0.7652623017237865f,-0.5349873777128573f,0.5172398404112127f,0.6285603421642961f,0.5808397745933787f,2.0219053608297437f,0f,0f,0f,1f],start_interpolation:0}
execute if entity @s[tag=aj.attack.bone.right_fingers] run data modify entity @s {} merge value {transformation:[-0.026729887448789735f,-0.960357614280352f,0.2774865146466151f,-0.24040210734193335f,0.5981983436070606f,-0.23776532814138893f,-0.7652623017237865f,-0.6812993080038572f,0.8009021505919091f,0.14553659824102277f,0.5808397745933787f,2.0580054288635328f,0f,0f,0f,1f],start_interpolation:0}
execute if entity @s[tag=aj.attack.locator_origin.right_hand] at @s on origin run tp @s ^-0.09943 ^-0.73209 ^1.93442 ~154.46464 ~-49.93033