execute if entity @s[tag=aj.attack.bone.right_thumb_2] run data modify entity @s {} merge value {transformation:[-0.8982367888329643f,-0.31505173001709696f,-0.3064524083773511f,-0.6271599934162448f,0.09487677387712351f,0.5418241744633023f,-0.835119728988503f,-0.6648927027474913f,0.4291492385705862f,-0.7792104795114061f,-0.4567953148335597f,2.1022612191543324f,0f,0f,0f,1f],start_interpolation:0}
execute if entity @s[tag=aj.attack.bone.right_thumb] run data modify entity @s {} merge value {transformation:[-0.8902345002028978f,-0.33700067662872396f,-0.3064524083773511f,-0.8551315452680583f,0.08155116788192505f,0.5439893797412445f,-0.835119728988503f,-0.4969346912798481f,0.44814276928852803f,-0.7684439463490609f,-0.4567953148335597f,1.94813832072345f,0f,0f,0f,1f],start_interpolation:0}
execute if entity @s[tag=aj.attack.bone.right_fingers2] run data modify entity @s {} merge value {transformation:[-0.15838779031285627f,-0.9386161245576019f,-0.3064524083773511f,-0.4835285238277297f,-0.4284579442437757f,0.34496206786916067f,-0.835119728988503f,-1.2294161154816992f,0.889571300062119f,-0.0009707996192461765f,-0.4567953148335597f,2.668296314698796f,0f,0f,0f,1f],start_interpolation:0}
execute if entity @s[tag=aj.attack.bone.right_fingers] run data modify entity @s {} merge value {transformation:[-0.5984368740630008f,-0.7402433580664031f,-0.3064524083773511f,-0.8075332627596813f,-0.20415819304139743f,0.5107782987444174f,-0.835119728988503f,-0.9856027588551792f,0.7747210723710668f,-0.43720167013671546f,-0.4567953148335597f,2.4221328623014866f,0f,0f,0f,1f],start_interpolation:0}
execute if entity @s[tag=aj.attack.locator_origin.right_hand] at @s on origin run tp @s ^-0.63275 ^-1.0134 ^2.34212 ~-33.85666 ~-56.62831
execute if entity @s[tag=aj.attack.bone.right_hand] run data modify entity @s {} merge value {transformation:[-0.8529159351463061f,-0.42263616619170574f,-0.3064524083773511f,-1.1677925874957529f,0.02783819334648384f,0.5493633344566905f,-0.835119728988503f,-0.6209501742664747f,0.5213055174892224f,-0.7208180060052629f,-0.4567953148335597f,1.9331255921802968f,0f,0f,0f,1f],start_interpolation:0}
execute if entity @s[tag=aj.attack.bone.right_forearm] run data modify entity @s {} merge value {transformation:[-1.2790491966443236f,-0.674334869971768f,-0.41871414559461806f,-2.0963777612149452f,0.03650146783054833f,0.7432668946379483f,-1.3085250728200968f,0.47274169720598147f,0.792916575326237f,-1.1219815981079109f,-0.6151881810450299f,0.3031178903743995f,0f,0f,0f,1f],start_interpolation:0}
execute if entity @s[tag=aj.attack.bone.right_bicep] run data modify entity @s {} merge value {transformation:[-1.4208426259092501f,-0.017457961031140695f,-0.6883353906638716f,-2.1191060191665976f,0.17317025816164716f,1.5185931190570467f,-0.3959686332088221f,2.6113217461525426f,0.6664251286768667f,-0.4318267203331324f,-1.3646638375507707f,-0.42321286793206014f,0f,0f,0f,1f],start_interpolation:0}
execute if entity @s[tag=aj.attack.bone.right_shoulder] run data modify entity @s {} merge value {transformation:[-0.9971535871064846f,-0.028681702417233803f,-0.06972864308961965f,-1.795433125f,-0.015038116779883058f,0.981894032423938f,-0.18883316481479975f,2.8945058106169976f,0.07388219517843875f,-0.1872470801820631f,-0.979530475380377f,-0.5008457918117776f,0f,0f,0f,1f],start_interpolation:0}