execute if entity @s[tag=aj.attack.bone.right_thumb_2] run data modify entity @s {} merge value {transformation:[-0.8010209529178746f,-0.5924466732431007f,-0.08586252005225042f,0.22702660226996052f,0.07114029119601606f,0.04820691747475514f,-0.99630073375268f,-4.3824050118992695f,0.5943942226797689f,-0.8041660478226899f,0.0035320778797633956f,2.3059767881289286f,0f,0f,0f,1f],start_interpolation:0}
execute if entity @s[tag=aj.attack.bone.right_thumb] run data modify entity @s {} merge value {transformation:[-0.5505377679455294f,-0.8303829199326245f,-0.08586252005225042f,-0.09223131536844942f,0.050400240232866905f,0.06960361850034175f,-0.99630073375268f,-4.355016735280374f,0.8332874545137614f,-0.5528286738003261f,0.0035320778797633956f,2.27049363410257f,0f,0f,0f,1f],start_interpolation:0}
execute if entity @s[tag=aj.attack.bone.right_fingers2] run data modify entity @s {} merge value {transformation:[0.8163105333532086f,-0.5711958865283234f,-0.08586252005225042f,0.5395443432631253f,-0.06831734877095309f,0.05213048801593712f,-0.99630073375268f,-4.577171000587975f,0.5735589359372829f,0.8191566830786056f,0.0035320778797633956f,2.7743451023060226f,0f,0f,0f,1f],start_interpolation:0}
execute if entity @s[tag=aj.attack.bone.right_fingers] run data modify entity @s {} merge value {transformation:[0.015534811736918008f,-0.9961858748620036f,-0.08586252005225042f,0.06792323960178448f,0.0022059453551953254f,0.08590682003753661f,-0.99630073375268f,-4.544820695849949f,0.9998768941371674f,0.015287936304906657f,0.0035320778797633956f,2.7350073166460374f,0f,0f,0f,1f],start_interpolation:0}
execute if entity @s[tag=aj.attack.locator_origin.right_hand] at @s on origin run tp @s ^0.23816 ^-4.56604 ^2.64394 ~-92.35562 ~-85.0702
execute if entity @s[tag=aj.attack.bone.right_hand] run data modify entity @s {} merge value {transformation:[-0.7922099171258042f,-0.6041780158676774f,-0.08586252005225042f,-0.41008953018919003f,0.07042269774280643f,0.04924927985765007f,-0.99630073375268f,-4.534836853173256f,0.6061716678055417f,-0.7953259920156636f,0.0035320778797633956f,2.2122353648926376f,0f,0f,0f,1f],start_interpolation:0}
execute if entity @s[tag=aj.attack.bone.right_forearm] run data modify entity @s {} merge value {transformation:[-1.1537538560795437f,-0.9142942787928916f,-0.31453761518383283f,-1.6908529638496304f,0.0892161083790797f,0.3869413926807343f,-1.4520098982628697f,-3.9573416275888906f,0.9627608351011372f,-1.1315291557950429f,-0.24238243335374163f,0.556538317011616f,0f,0f,0f,1f],start_interpolation:0}
execute if entity @s[tag=aj.attack.bone.right_bicep] run data modify entity @s {} merge value {transformation:[-1.4777485446510374f,-0.20342221162481627f,-0.5174773431212747f,-2.0390797177040136f,-0.014054102725440555f,1.4826297040542205f,-0.5426931001008972f,-1.8999344863396548f,0.5558469924563484f,-0.5033216889010527f,-1.3894623264066817f,-0.2885230345333478f,0f,0f,0f,1f],start_interpolation:0}
execute if entity @s[tag=aj.attack.bone.right_shoulder] run data modify entity @s {} merge value {transformation:[-0.9861031128442607f,-0.16491822973185025f,0.02006560093722365f,-1.795433125f,-0.1655269659433574f,0.9649858213162984f,-0.20347773392707094f,-1.3709971819597175f,0.014194167268489141f,-0.20397142486294967f,-0.97887393644684f,-0.393478376544734f,0f,0f,0f,1f],start_interpolation:0}