execute if entity @s[tag=aj.attack.bone.right_thumb_2] run data modify entity @s {} merge value {transformation:[-0.8560172319322752f,-0.49489664169826997f,-0.14937139174145542f,-0.2673234024027775f,0.11531758405470355f,0.09885785964250031f,-0.9883971764400636f,0.9374795149804176f,0.5039209793636217f,-0.8633101630484132f,-0.027553746288491776f,2.6568708377558683f,0f,0f,0f,1f],start_interpolation:0}
execute if entity @s[tag=aj.attack.bone.right_thumb] run data modify entity @s {} merge value {transformation:[-0.8200129546994491f,-0.5525096754395343f,-0.14937139174145542f,-0.5467029968428818f,0.108256985477903f,0.10654316824905766f,-0.9883971764400636f,0.9839940100698181f,0.5620135044821576f,-0.8266689856557783f,-0.027553746288491776f,2.5028635851744196f,0f,0f,0f,1f],start_interpolation:0}
execute if entity @s[tag=aj.attack.bone.right_fingers2] run data modify entity @s {} merge value {transformation:[0.1307104701667237f,-0.9801035457123979f,-0.14937139174145542f,0.03858790086092845f,-0.04736008029407097f,0.14431924473142543f,-0.9883971764400636f,0.7013744289297146f,0.9902887436416377f,0.13626810075045537f,-0.027553746288491776f,3.339353469366843f,0f,0f,0f,1f],start_interpolation:0}
execute if entity @s[tag=aj.attack.bone.right_fingers] run data modify entity @s {} merge value {transformation:[-0.42027839271452777f,-0.8950163461895617f,-0.14937139174145542f,-0.3654934748038601f,0.03824135194237116f,0.14699870954171543f,-0.9883971764400636f,0.7609454998903684f,0.9065890312699094f,-0.42111414063951436f,-0.027553746288491776f,3.098127437683967f,0f,0f,0f,1f],start_interpolation:0}
execute if entity @s[tag=aj.attack.locator_origin.right_hand] at @s on origin run tp @s ^-0.19523 ^0.73141 ^3.00946 ~-79.54844 ~-81.26344
execute if entity @s[tag=aj.attack.bone.right_hand] run data modify entity @s {} merge value {transformation:[-0.7976893263663792f,-0.5842772680246704f,-0.14937139174145542f,-0.8316749094496434f,0.1039906581095655f,0.11071117663203373f,-0.9883971764400636f,0.8165934971137778f,0.5940350845085596f,-0.8039671071868414f,-0.027553746288491776f,2.5675950926431454f,0f,0f,0f,1f],start_interpolation:0}
execute if entity @s[tag=aj.attack.bone.right_forearm] run data modify entity @s {} merge value {transformation:[-1.1820937478975202f,-0.9300391683723753f,-0.06080638529115721f,-2.136528432971899f,0.15869192979426452f,-0.10406591672981633f,-1.493319475668458f,0.7252397027991229f,0.9184155609619912f,-1.1790730809774965f,0.179764921813095f,0.8333096608475482f,0f,0f,0f,1f],start_interpolation:0}
execute if entity @s[tag=aj.attack.bone.right_bicep] run data modify entity @s {} merge value {transformation:[-1.4355964904354044f,0.08091701692460465f,-0.6522417581434174f,-2.1359745704666193f,0.37557949753354875f,1.3868436102328379f,-0.6546059882350909f,2.577700882842773f,0.5393578735185389f,-0.7503475162701719f,-1.2802249205296654f,-0.3316745345512312f,0f,0f,0f,1f],start_interpolation:0}
execute if entity @s[tag=aj.attack.bone.right_shoulder] run data modify entity @s {} merge value {transformation:[-0.9962150673171756f,-0.07899039593587476f,-0.036277499915637494f,-1.795433125f,-0.06938154702894407f,0.9740246369986891f,-0.2155509393425195f,2.952391676301661f,0.052361632729564116f,-0.21221810448089917f,-0.9758184951866964f,-0.42710103570032837f,0f,0f,0f,1f],start_interpolation:0}