execute if entity @s[tag=aj.attack.bone.right_thumb_2] run data modify entity @s {} merge value {transformation:[-0.798880563584919f,-0.5688312090209693f,-0.19550166436627717f,0.20934265841113903f,0.056641472806459515f,0.25243993057082953f,-0.9659533244477756f,-5.153834456191135f,0.5988168239825575f,-0.7827548384373852f,-0.16944991654853514f,2.0506959937254856f,0f,0f,0f,1f],start_interpolation:0}
execute if entity @s[tag=aj.attack.bone.right_thumb] run data modify entity @s {} merge value {transformation:[-0.5366073168000729f,-0.8208725155507655f,-0.19550166436627717f,-0.10513350016644946f,-0.039261522280498326f,0.2557199793846935f,-0.9659533244477756f,-5.086331826377522f,0.8429182169254881f,-0.51066192863464f,-0.16944991654853514f,2.0287203129588995f,0f,0f,0f,1f],start_interpolation:0}
execute if entity @s[tag=aj.attack.bone.right_fingers2] run data modify entity @s {} merge value {transformation:[0.8278261621684646f,-0.5258164551052456f,-0.19550166436627717f,0.4828147408985328f,-0.2551841537855177f,-0.04260542976029452f,-0.9659533244477756f,-5.456054093513483f,0.49958472042907837f,0.8495303601964406f,-0.16944991654853514f,2.461434266830451f,0f,0f,0f,1f],start_interpolation:0}
execute if entity @s[tag=aj.attack.bone.right_fingers] run data modify entity @s {} merge value {transformation:[0.026992917642079173f,-0.980331822204698f,-0.19550166436627717f,0.01725212037371593f,-0.1780186699411881f,0.18773259743757995f,-0.9659533244477756f,-5.36699912223653f,0.9836568179754249f,0.060876844794684803f,-0.16944991654853514f,2.4429646302086443f,0f,0f,0f,1f],start_interpolation:0}
execute if entity @s[tag=aj.attack.locator_origin.right_hand] at @s on origin run tp @s ^0.18642 ^-5.39148 ^2.35073 ~-49.08308 ~-75.00609
execute if entity @s[tag=aj.attack.bone.right_hand] run data modify entity @s {} merge value {transformation:[-0.7951404879157515f,-0.5740476493350669f,-0.19550166436627717f,-0.4429067187001887f,0.05498805595430205f,0.25280523865350707f,-0.9659533244477756f,-5.213570955858781f,0.6039270801839136f,-0.7788188541645786f,-0.16944991654853514f,1.9266313663934904f,0f,0f,0f,1f],start_interpolation:0}
execute if entity @s[tag=aj.attack.bone.right_forearm] run data modify entity @s {} merge value {transformation:[-1.1630157220219766f,-0.8032982904109952f,-0.5178051631355515f,-1.5662323053924463f,0.04950361162072293f,0.7638490888394592f,-1.2961866616861146f,-4.108722810105815f,0.9544421002782554f,-1.0184607631712f,-0.5637320738742226f,0.43259423526627133f,0f,0f,0f,1f],start_interpolation:0}
execute if entity @s[tag=aj.attack.bone.right_bicep] run data modify entity @s {} merge value {transformation:[-1.4570660989284772f,-0.3042497467014606f,-0.5265877258633076f,-2.018143907015933f,-0.13481943173644576f,1.4946869693517832f,-0.49054942923286265f,-1.9779413414939961f,0.5930314175691326f,-0.40773412087599764f,-1.4053365370948934f,-0.274594456966385f,0f,0f,0f,1f],start_interpolation:0}
execute if entity @s[tag=aj.attack.bone.right_shoulder] run data modify entity @s {} merge value {transformation:[-0.9861014131976052f,-0.16514563461261092f,0.01819126873210994f,-1.795433125f,-0.16553652777577246f,0.9672275128874441f,-0.1925320656033951f,-1.4314102860700733f,0.014200734545323716f,-0.1928674614391114f,-0.9811220522730116f,-0.4031955428757982f,0f,0f,0f,1f],start_interpolation:0}