execute if entity @s[tag=aj.attack.bone.right_thumb_2] run data modify entity @s {} merge value {transformation:[-0.6494527041358952f,-0.7079635720005992f,0.2774865146466151f,-0.2872542047631812f,0.29610159763076693f,-0.5715745388319188f,-0.7652623017237865f,3.2452437287824965f,0.7003820592869875f,-0.4148374709199165f,0.5808397745933787f,1.5965474242449884f,0f,0f,0f,1f],start_interpolation:0}
execute if entity @s[tag=aj.attack.bone.right_thumb] run data modify entity @s {} merge value {transformation:[-0.490772141176436f,-0.825920056442735f,0.2774865146466151f,-0.5964129503405811f,0.40683777723488224f,-0.4988553222879291f,-0.7652623017237865f,3.1622970448469196f,0.7704711081277982f,-0.2626774215471071f,0.5808397745933787f,1.6349597601245631f,0f,0f,0f,1f],start_interpolation:0}
execute if entity @s[tag=aj.attack.bone.right_fingers2] run data modify entity @s {} merge value {transformation:[0.6811817427340793f,-0.6774899759812223f,0.2774865146466151f,0.21204526901629478f,0.5830566925437114f,0.2727975491832752f,-0.7652623017237865f,3.5106905237492008f,0.44275989728717735f,0.6830730777922389f,0.5808397745933787f,1.9984720423049296f,0f,0f,0f,1f],start_interpolation:0}
execute if entity @s[tag=aj.attack.bone.right_fingers] run data modify entity @s {} merge value {transformation:[0.031948398962457936f,-0.9601981743333039f,0.2774865146466151f,-0.24040210734193335f,0.611597809147586f,-0.20080271264673275f,-0.7652623017237865f,3.3812006919961433f,0.7905235098652093f,0.19415904975226955f,0.5808397745933787f,2.0580054288635328f,0f,0f,0f,1f],start_interpolation:0}
execute if entity @s[tag=aj.attack.locator_origin.right_hand] at @s on origin run tp @s ^-0.09943 ^3.33041 ^1.93442 ~154.46464 ~-49.93033