execute if entity @s[tag=aj.attack.bone.right_thumb_2] run data modify entity @s {} merge value {transformation:[-0.8838404354388346f,-0.39898856689979784f,-0.24420116331937605f,-0.4403888596479189f,0.09817328762126924f,0.35219953643277163f,-0.9307617805508411f,0.02507864733296286f,0.4573708454645123f,-0.8466189284558822f,-0.2721181723062447f,2.463841397151532f,0f,0f,0f,1f],start_interpolation:0}
execute if entity @s[tag=aj.attack.bone.right_thumb] run data modify entity @s {} merge value {transformation:[-0.8653570150432669f,-0.4376334406199671f,-0.24420116331937605f,-0.6935333288822985f,0.08252286027586836f,0.35619164139226683f,-0.9307617805508411f,0.13935182652446326f,0.4943148936126612f,-0.8255934146136416f,-0.2721181723062447f,2.3001517270310976f,0f,0f,0f,1f],start_interpolation:0}
execute if entity @s[tag=aj.attack.bone.right_fingers2] run data modify entity @s {} merge value {transformation:[-0.029370261212030235f,-0.9692797220564353f,-0.24420116331937605f,-0.22173111379946636f,-0.2733861340469328f,0.2427808262130686f,-0.9307617805508411f,-0.40102232402855503f,0.9614558801459429f,0.03942449534869524f,-0.2721181723062447f,3.1045033985768007f,0f,0f,0f,1f],start_interpolation:0}
execute if entity @s[tag=aj.attack.bone.right_fingers] run data modify entity @s {} merge value {transformation:[-0.522610344108215f,-0.8168501821414722f,-0.24420116331937605f,-0.5849210981846042f,-0.11005722379330242f,0.3486687759991403f,-0.9307617805508411f,-0.23888574152470124f,0.8454382506854087f,-0.4595496323344248f,-0.2721181723062447f,2.845997629062251f,0f,0f,0f,1f],start_interpolation:0}
execute if entity @s[tag=aj.attack.locator_origin.right_hand] at @s on origin run tp @s ^-0.41143 ^-0.26689 ^2.76328 ~-41.90507 ~-68.55388
execute if entity @s[tag=aj.attack.bone.right_hand] run data modify entity @s {} merge value {transformation:[-0.8316351657056162f,-0.498747173420818f,-0.24420116331937605f,-0.9956931613490967f,0.05668727429386472f,0.3612050121454018f,-0.9307617805508411f,-0.007892525295955632f,0.5524214913405563f,-0.7878973259288196f,-0.2721181723062447f,2.317041255702616f,0f,0f,0f,1f],start_interpolation:0}
execute if entity @s[tag=aj.attack.bone.right_forearm] run data modify entity @s {} merge value {transformation:[-1.2414525851528937f,-0.8051008151262568f,-0.2768105061546549f,-2.113349252141548f,0.08041341294771176f,0.3763663751866406f,-1.4552999466310481f,0.5740941446494943f,0.8475523947536577f,-1.2149802175876232f,-0.26738344944187176f,0.5482429696342282f,0f,0f,0f,1f],start_interpolation:0}
execute if entity @s[tag=aj.attack.bone.right_bicep] run data modify entity @s {} merge value {transformation:[-1.4313564822830824f,0.023848473612955005f,-0.6659985202513407f,-2.1276217665976844f,0.26388486936344563f,1.4691933959600234f,-0.5145286182837012f,2.5966058581480174f,0.6119538825693324f,-0.5777596157730565f,-1.335893120737783f,-0.38281641502724106f,0f,0f,0f,1f],start_interpolation:0}
execute if entity @s[tag=aj.attack.bone.right_shoulder] run data modify entity @s {} merge value {transformation:[-0.9971595465183478f,-0.05126076383359778f,-0.0551830850761258f,-1.795433125f,-0.03919369031763411f,0.9788061514560801f,-0.2010034141775279f,2.9202328620324036f,0.06431713167273724f,-0.19826964458265808f,-0.9780349966184534f,-0.46807034465113345f,0f,0f,0f,1f],start_interpolation:0}