execute if entity @s[tag=aj.attack.bone.right_thumb_2] run data modify entity @s {} merge value {transformation:[-0.8049069009711023f,-0.5933083301890861f,-0.010493145254585917f,-0.16271134788291425f,0.15810351260661795f,-0.19737891113460934f,-0.9674941057912263f,-2.083734518991066f,0.5719511867900484f,-0.7804016855232654f,0.25267577874007063f,2.514156547633906f,0f,0f,0f,1f],start_interpolation:0}
execute if entity @s[tag=aj.attack.bone.right_thumb] run data modify entity @s {} merge value {transformation:[-0.7428766683806506f,-0.6693460610762795f,-0.010493145254585917f,-0.4641961256187422f,0.1766887174101082f,-0.1809316235465927f,-0.9674941057912263f,-2.109519665751003f,0.6456898270188525f,-0.7205828183647337f,0.25267577874007063f,2.4029052784691363f,0f,0f,0f,1f],start_interpolation:0}
execute if entity @s[tag=aj.attack.bone.right_fingers2] run data modify entity @s {} merge value {transformation:[0.3134690140429113f,-0.949540452607276f,-0.010493145254585917f,0.23633952455261253f,0.23676958804022166f,0.08885559880220675f,-0.9674941057912263f,-2.0920608302784327f,0.9196071658127877f,0.3007949657555295f,0.25267577874007063f,3.167158954503539f,0f,0f,0f,1f],start_interpolation:0}
execute if entity @s[tag=aj.attack.bone.right_fingers] run data modify entity @s {} merge value {transformation:[-0.2878552453031353f,-0.9576164428695538f,-0.010493145254585917f,-0.20233005713692176f,0.24491576977941804f,-0.06301921113906545f,-0.9674941057912263f,-2.14107695404258f,0.9258269943487425f,-0.281068189899305f,0.25267577874007063f,2.9934152158322367f,0f,0f,0f,1f],start_interpolation:0}
execute if entity @s[tag=aj.attack.locator_origin.right_hand] at @s on origin run tp @s ^-0.03903 ^-2.17523 ^2.89397 ~-177.62198 ~-75.3512
execute if entity @s[tag=aj.attack.bone.right_hand] run data modify entity @s {} merge value {transformation:[-0.7428766683806506f,-0.6693460610762795f,-0.010493145254585917f,-0.7210030190337497f,0.1766887174101082f,-0.1809316235465927f,-0.9674941057912263f,-2.2859026846951025f,0.6456898270188525f,-0.7205828183647337f,0.25267577874007063f,2.5330998184403777f,0f,0f,0f,1f],start_interpolation:0}
execute if entity @s[tag=aj.attack.bone.right_forearm] run data modify entity @s {} merge value {transformation:[-1.089375122154244f,-1.009452912730828f,0.2455250704674247f,-2.1600906897991203f,0.2844770905100523f,-0.6320178965557139f,-1.3362791861828829f,-3.12669856160508f,0.9991749237364412f,-0.9206378742099949f,0.6481444872586204f,1.1385974597433712f,0f,0f,0f,1f],start_interpolation:0}
execute if entity @s[tag=aj.attack.bone.right_bicep] run data modify entity @s {} merge value {transformation:[-1.4271658177133737f,0.1529105575186416f,-0.6578147521865861f,-2.1426625273030804f,0.5062733844443932f,1.2600762761167437f,-0.8054807239254232f,-1.5080626242879624f,0.4469777925111955f,-0.9390049508983124f,-1.1880171350762245f,-0.2693263247932335f,0f,0f,0f,1f],start_interpolation:0}
execute if entity @s[tag=aj.attack.bone.right_shoulder] run data modify entity @s {} merge value {transformation:[-0.9936863254309698f,-0.11148637234000719f,-0.0125807564940298f,-1.795433125f,-0.10555251623495862f,0.9669757951710876f,-0.23198378794586455f,-1.07151774657523f,0.03802831797444622f,-0.22919118729939925f,-0.9726382918106432f,-0.3779378649593622f,0f,0f,0f,1f],start_interpolation:0}