execute if entity @s[tag=aj.attack.bone.right_thumb_2] run data modify entity @s {} merge value {transformation:[-0.757708844192078f,-0.6453479175934946f,0.09697098891341266f,-0.16694595106392396f,0.20087691009282352f,-0.3720225187482625f,-0.9062271859394632f,2.57276654168419f,0.6209072188537228f,-0.6671771210120582f,0.41152024831519085f,2.2254626329853764f,0f,0f,0f,1f],start_interpolation:0}
execute if entity @s[tag=aj.attack.bone.right_thumb] run data modify entity @s {} merge value {transformation:[-0.6766042380341531f,-0.7299337863007698f,0.09697098891341266f,-0.4760166759972687f,0.2432110817931341f,-0.34583327942413966f,-0.9062271859394632f,2.5095329605039223f,0.6950216361864113f,-0.5895727355122241f,0.41152024831519085f,2.159042823508682f,0f,0f,0f,1f],start_interpolation:0}
execute if entity @s[tag=aj.attack.bone.right_fingers2] run data modify entity @s {} merge value {transformation:[0.4233224128601344f,-0.90077453454204f,0.09697098891341266f,0.28504778941722564f,0.41175950788547144f,0.09594996159538607f,-0.9062271859394632f,2.701673219757358f,0.807002008941854f,0.4235550056254975f,0.41152024831519085f,2.8131729755799424f,0f,0f,0f,1f],start_interpolation:0}
execute if entity @s[tag=aj.attack.bone.right_fingers] run data modify entity @s {} merge value {transformation:[-0.19551059304028534f,-0.9758956067726664f,0.09697098891341266f,-0.16567857574716605f,0.38806892888295713f,-0.16779390304738737f,-0.9062271859394632f,2.597031997865818f,0.9006542702084248f,-0.1395455867519042f,0.41152024831519085f,2.708691266928351f,0f,0f,0f,1f],start_interpolation:0}
execute if entity @s[tag=aj.attack.locator_origin.right_hand] at @s on origin run tp @s ^-0.00945 ^2.55765 ^2.60022 ~166.74066 ~-64.98907
execute if entity @s[tag=aj.attack.bone.right_hand] run data modify entity @s {} merge value {transformation:[-0.6954798216525121f,-0.7119722220587996f,0.09697098891341266f,-0.7083003627643676f,0.23407487955110795f,-0.3520812949126607f,-0.9062271859394632f,2.336912353994154f,0.6793502546090081f,-0.6075642491039769f,0.41152024831519085f,2.3348119202612363f,0f,0f,0f,1f],start_interpolation:0}
execute if entity @s[tag=aj.attack.bone.right_forearm] run data modify entity @s {} merge value {transformation:[-1.0122895944265644f,-1.0101327737010801f,0.47001857040762396f,-2.1690169026268866f,0.38444842062525053f,-0.912749027131437f,-1.1336245081007765f,1.089001670859461f,1.0456983737731518f,-0.6422903494393637f,0.871776300505243f,1.3175553817378907f,0f,0f,0f,1f],start_interpolation:0}
execute if entity @s[tag=aj.attack.bone.right_bicep] run data modify entity @s {} merge value {transformation:[-1.4131451677978446f,0.20018473612845136f,-0.6751673601376385f,-2.145120541014895f,0.5909000764334752f,1.160550637070234f,-0.8926720990997925f,2.5386794317389034f,0.3830952785469411f,-1.0516427379397906f,-1.113638054907422f,-0.22715093946028564f,0f,0f,0f,1f],start_interpolation:0}
execute if entity @s[tag=aj.attack.bone.right_shoulder] run data modify entity @s {} merge value {transformation:[-0.9911561994061909f,-0.13264604078917216f,0.00379687261207995f,-1.795433125f,-0.1296063837083951f,0.9615079677103281f,-0.24229034923328419f,3.016709304840176f,0.028488132278324974f,-0.24063968062751376f,-0.9701963566344604f,-0.3451624177987182f,0f,0f,0f,1f],start_interpolation:0}