execute if entity @s[tag=aj.attack.bone.right_thumb_2] run data modify entity @s {} merge value {transformation:[-0.666974511932518f,-0.7022908053182082f,0.2488626633263463f,-0.2137182849207016f,0.2799594702993951f,-0.5457519000870469f,-0.789795896761347f,3.070187646153332f,0.6904836677446192f,-0.45710227336656406f,0.5606155690498236f,1.6868504662857733f,0f,0f,0f,1f],start_interpolation:0}
execute if entity @s[tag=aj.attack.bone.right_thumb] run data modify entity @s {} merge value {transformation:[-0.48870997756904394f,-0.8361996966195231f,0.2488626633263463f,-0.5255191445403584f,0.39733849137525185f,-0.4672735437948298f,-0.789795896761347f,2.9948913389251666f,0.7767140278739039f,-0.28709841978464307f,0.5606155690498236f,1.719184348651952f,0f,0f,0f,1f],start_interpolation:0}
execute if entity @s[tag=aj.attack.bone.right_fingers2] run data modify entity @s {} merge value {transformation:[0.7170288804251717f,-0.651104415158078f,0.2488626633263463f,0.26677481562189914f,0.5393555106978032f,0.2920925787123867f,-0.789795896761347f,3.3032629058428093f,0.4415486583788215f,0.70053191649118f,0.5606155690498236f,2.1031274195354057f,0f,0f,0f,1f],start_interpolation:0}
execute if entity @s[tag=aj.attack.bone.right_fingers] run data modify entity @s {} merge value {transformation:[0.04450495214736222f,-0.9675157280563862f,0.2488626633263463f,-0.18994400115494892f,0.5875397388423255f,-0.17612352693502334f,-0.789795896761347f,3.1863431346726387f,0.8079705220584803f,0.18136653280991394f,0.5606155690498236f,2.155645592842239f,0f,0f,0f,1f],start_interpolation:0}
execute if entity @s[tag=aj.attack.locator_origin.right_hand] at @s on origin run tp @s ^-0.04488 ^3.13892 ^2.03551 ~156.0631 ~-52.16644
execute if entity @s[tag=aj.attack.bone.right_hand] run data modify entity @s {} merge value {transformation:[-0.6280998819575299f,-0.7372638015575259f,0.2488626633263463f,-0.7417440602290397f,0.30900561672368043f,-0.5298471197356439f,-0.789795896761347f,2.808974815871139f,0.7141470906740117f,-0.41917074876568805f,0.5606155690498236f,1.9211328095901303f,0f,0f,0f,1f],start_interpolation:0}
execute if entity @s[tag=aj.attack.bone.right_forearm] run data modify entity @s {} merge value {transformation:[-0.9048152481450938f,-0.9523977726489246f,0.7350263596598835f,-2.14955502305365f,0.5152791859415334f,-1.1378790444567932f,-0.8400800799560042f,1.2220554565262767f,1.0871120582888056f,-0.25334889551135487f,1.0099592119900753f,1.4419412197200698f,0f,0f,0f,1f],start_interpolation:0}
execute if entity @s[tag=aj.attack.bone.right_bicep] run data modify entity @s {} merge value {transformation:[-1.397791867905174f,0.24344634739161314f,-0.6926874677690449f,-2.136978144929076f,0.667989557894744f,1.0399274812470598f,-0.9824687996751728f,2.4755859467861043f,0.3047490813869568f,-1.1628365610580331f,-1.0236421678032699f,-0.23165439180828717f,0f,0f,0f,1f],start_interpolation:0}
execute if entity @s[tag=aj.attack.bone.right_shoulder] run data modify entity @s {} merge value {transformation:[-0.9861015588868751f,-0.16366308665769358f,0.028602615729177355f,-1.795433125f,-0.16553570819128383f,0.9531102831672298f,-0.2533351879121673f,3.0311517363060587f,0.01420017163575242f,-0.2545489779719402f,-0.9669556209769691f,-0.3024697231853149f,0f,0f,0f,1f],start_interpolation:0}