execute if entity @s[tag=aj.attack.bone.right_thumb_2] run data modify entity @s {} merge value {transformation:[-0.7986467484447792f,-0.548235557792847f,-0.2481957783084714f,0.17932222088639244f,0.06605483657541834f,0.3300717258937135f,-0.9416418715894808f,-1.2489265966884924f,0.5981639656177701f,-0.7684337505192698f,-0.22739710046373074f,2.0516991387636794f,0f,0f,0f,1f],start_interpolation:0}
execute if entity @s[tag=aj.attack.bone.right_thumb] run data modify entity @s {} merge value {transformation:[-0.5399546693476918f,-0.8042684941482399f,-0.2481957783084714f,-0.13088873752802227f,-0.060416407616186496f,0.33115018248555256f,-0.9416418715894808f,-1.162925460694855f,0.839522967369196f,-0.4934488281071382f,-0.22739710046373074f,2.034156169287584f,0f,0f,0f,1f],start_interpolation:0}
execute if entity @s[tag=aj.attack.bone.right_fingers2] run data modify entity @s {} merge value {transformation:[0.81528594342089f,-0.523170800112317f,-0.2481957783084714f,0.43115467666433305f,-0.32982697307877845f,-0.06726628798403189f,-0.9416418715894808f,-1.588771112472845f,0.47594432267860953f,0.8495690439338571f,-0.22739710046373074f,2.441509841480168f,0f,0f,0f,1f],start_interpolation:0}
execute if entity @s[tag=aj.attack.bone.right_fingers] run data modify entity @s {} merge value {transformation:[0.015834903820450275f,-0.9685804620426997f,-0.2481957783084714f,-0.028769610597127626f,-0.23865458382024116f,0.23739118621180408f,-0.9416418715894808f,-1.4732548432046977f,0.9709754092883016f,0.07414386864807743f,-0.22739710046373074f,2.429422222300943f,0f,0f,0f,1f],start_interpolation:0}
execute if entity @s[tag=aj.attack.locator_origin.right_hand] at @s on origin run tp @s ^0.13954 ^-1.50184 ^2.33679 ~-47.50407 ~-70.32914
execute if entity @s[tag=aj.attack.bone.right_hand] run data modify entity @s {} merge value {transformation:[-0.795945992288582f,-0.5521492850575802f,-0.2481957783084714f,-0.475080203139538f,0.06443381146891257f,0.33039199386342366f,-0.9416418715894808f,-1.2638210651236026f,0.6019287842422337f,-0.7654882738496747f,-0.22739710046373074f,1.9206681104541574f,0f,0f,0f,1f],start_interpolation:0}
execute if entity @s[tag=aj.attack.bone.right_forearm] run data modify entity @s {} merge value {transformation:[-1.1657848719737383f,-0.7676727302607086f,-0.5635956986250026f,-1.5467838993356944f,0.06089419236234099f,0.8289401416061454f,-1.2550561895739498f,-0.06557678842093129f,0.950396459184836f,-0.9947626454915833f,-0.6109089535445305f,0.4610933131289524f,0f,0f,0f,1f],start_interpolation:0}
execute if entity @s[tag=aj.attack.bone.right_bicep] run data modify entity @s {} merge value {transformation:[-1.4568469207517172f,-0.3203132256896362f,-0.5175911948526417f,-2.0133144269625616f,-0.1361007061504157f,1.4800215400351378f,-0.5328386217813248f,2.0513324296926223f,0.5932771741151377f,-0.4470344914262922f,-1.3932288097055834f,-0.30173734378105566f,0f,0f,0f,1f],start_interpolation:0}
execute if entity @s[tag=aj.attack.bone.right_shoulder] run data modify entity @s {} merge value {transformation:[-0.986101073252132f,-0.16518856023719136f,0.017816085365676387f,-1.795433125f,-0.16553844013874297f,0.9676609620450405f,-0.19033992584452358f,2.629472094898037f,0.014202048001083656f,-0.1906436521388287f,-0.9815565698072344f,-0.3971585064614913f,0f,0f,0f,1f],start_interpolation:0}