execute if entity @s[tag=aj.attack.bone.right_thumb_2] run data modify entity @s {} merge value {transformation:[-0.8243676247463724f,-0.5628849081470323f,-0.05982139625862461f,-0.18380228858067355f,0.1410021708745888f,-0.1018469464712861f,-0.9847566132314767f,-2.41561713319213f,0.5482120092433926f,-0.8202364169401295f,0.1633273193514802f,2.604184895694791f,0f,0f,0f,1f],start_interpolation:0}
execute if entity @s[tag=aj.attack.bone.right_thumb] run data modify entity @s {} merge value {transformation:[-0.7714814954288166f,-0.6334332662250899f,-0.05982139625862461f,-0.4792148199269654f,0.1494393420814546f,-0.0890072791131925f,-0.9847566132314767f,-2.419075480638397f,0.6184530582422396f,-0.7686611747085191f,0.1633273193514802f,2.475133487150978f,0f,0f,0f,1f],start_interpolation:0}
execute if entity @s[tag=aj.attack.bone.right_fingers2] run data modify entity @s {} merge value {transformation:[0.25436632202965f,-0.9652560151414634f,-0.05982139625862461f,0.1858205318546935f,0.14318046616824337f,0.09876116040588158f,-0.9847566132314767f,-2.498036152480163f,0.9564502748836203f,0.24192366239892021f,0.1633273193514802f,3.276545951662589f,0f,0f,0f,1f],start_interpolation:0}
execute if entity @s[tag=aj.attack.bone.right_fingers] run data modify entity @s {} merge value {transformation:[-0.3329942474960273f,-0.9410293468772498f,-0.05982139625862461f,-0.24331779108934348f,0.17393477335123547f,0.0010522908942432602f,-0.9847566132314767f,-2.51364391362332f,0.9267478220928328f,-0.3383233083895502f,0.1633273193514802f,3.075008941193314f,0f,0f,0f,1f],start_interpolation:0}
execute if entity @s[tag=aj.attack.locator_origin.right_hand] at @s on origin run tp @s ^-0.07726 ^-2.54586 ^2.97956 ~-159.88389 ~-79.98314
execute if entity @s[tag=aj.attack.bone.right_hand] run data modify entity @s {} merge value {transformation:[-0.7631240154611724f,-0.6434773792264069f,-0.05982139625862461f,-0.7464598158407565f,0.15059160853697715f,-0.08704355309336581f,-0.9847566132314767f,-2.59440792140854f,0.6284615377767062f,-0.7605000212286632f,0.1633273193514802f,2.582858886115182f,0f,0f,0f,1f],start_interpolation:0}
execute if entity @s[tag=aj.attack.bone.right_forearm] run data modify entity @s {} merge value {transformation:[-1.1231533146090114f,-0.9926443652791022f,0.1385629675627738f,-2.153265806235133f,0.23900610896748628f,-0.467367961055012f,-1.4108363366715733f,-3.1998673322005375f,0.9733543094764495f,-1.0306504029380144f,0.5063171290453198f,1.041608239610199f,0f,0f,0f,1f],start_interpolation:0}
execute if entity @s[tag=aj.attack.bone.right_bicep] run data modify entity @s {} merge value {transformation:[-1.4316424581371083f,0.12882573157072377f,-0.6532288733582203f,-2.140835187898632f,0.46317238983408526f,1.3055086714794129f,-0.7576427944829175f,-1.5002503406839502f,0.478304680511245f,-0.878609809654872f,-1.2215455755000342f,-0.29022970529421227f,0f,0f,0f,1f],start_interpolation:0}
execute if entity @s[tag=aj.attack.bone.right_shoulder] run data modify entity @s {} merge value {transformation:[-0.9946982432925475f,-0.10075274820487556f,-0.020598264972682145f,-1.795433125f,-0.09350538181947425f,0.9694812524994278f,-0.22663372348998487f,-1.084381272282933f,0.04280360220255082f,-0.2235061179952476f,-0.973762222956498f,-0.39432558853968425f,0f,0f,0f,1f],start_interpolation:0}