execute if entity @s[tag=aj.attack.bone.right_thumb_2] run data modify entity @s {} merge value {transformation:[-0.9050948531194537f,-0.24838947165273412f,-0.345117338348496f,-0.7926139193629556f,0.09744212519037274f,0.6688787154161372f,-0.7369574589497293f,-1.1275816579666775f,0.413894115801443f,-0.7006453699521136f,-0.5811950846915412f,1.7207972262798714f,0f,0f,0f,1f],start_interpolation:0}
execute if entity @s[tag=aj.attack.bone.right_thumb] run data modify entity @s {} merge value {transformation:[-0.9026127168933743f,-0.25726310670908736f,-0.345117338348496f,-0.9995571220215339f,0.09087083340589193f,0.6698031019146423f,-0.7369574589497293f,-0.9221864552903446f,0.4207526291521897f,-0.6965482744160036f,-0.5811950846915412f,1.5832395602572762f,0f,0f,0f,1f],start_interpolation:0}
execute if entity @s[tag=aj.attack.bone.right_fingers2] run data modify entity @s {} merge value {transformation:[-0.25423266281848095f,-0.9034709602015301f,-0.345117338348496f,-0.708025945906549f,-0.5226873474543257f,0.4285926276891834f,-0.7369574589497293f,-1.782049711346713f,0.8137344099688705f,-0.0069701910308587745f,-0.5811950846915412f,2.209886165285649f,0f,0f,0f,1f],start_interpolation:0}
execute if entity @s[tag=aj.attack.bone.right_fingers] run data modify entity @s {} merge value {transformation:[-0.6515817722198515f,-0.6755258817262946f,-0.345117338348496f,-0.9993222674035414f,-0.2575691234539341f,0.6249414775333207f,-0.7369574589497293f,-1.4810654507853402f,0.7135119766016613f,-0.3912964768259263f,-0.5811950846915412f,1.987230833005778f,0f,0f,0f,1f],start_interpolation:0}
execute if entity @s[tag=aj.attack.locator_origin.right_hand] at @s on origin run tp @s ^-0.82417 ^-1.50911 ^1.90811 ~-30.70211 ~-47.47288
execute if entity @s[tag=aj.attack.bone.right_hand] run data modify entity @s {} merge value {transformation:[-0.8661181819686928f,-0.36157062606701923f,-0.345117338348496f,-1.3184821632259929f,0.011514044904363387f,0.6758410541453503f,-0.7369574589497293f,-1.025386154206176f,0.4997066355704982f,-0.6422659510648262f,-0.5811950846915412f,1.5486196859682098f,0f,0f,0f,1f],start_interpolation:0}
execute if entity @s[tag=aj.attack.bone.right_forearm] run data modify entity @s {} merge value {transformation:[-1.3021651765080855f,-0.5614858346623178f,-0.5050895074940575f,-2.0863480448721012f,0.01445845593269357f,0.9880211113567292f,-1.1356148715928382f,0.409459332109829f,0.7550978123124655f,-0.9872000005086797f,-0.8492816687377365f,0.11110193741980645f,0f,0f,0f,1f],start_interpolation:0}
execute if entity @s[tag=aj.attack.bone.right_bicep] run data modify entity @s {} merge value {transformation:[-1.4089461331353992f,-0.044860726345188735f,-0.7111697878840406f,-2.111645129040307f,0.1045705282088829f,1.5456852959851761f,-0.3046738066355183f,2.622076337858733f,0.7048687513270568f,-0.3189806248840894f,-1.376341368409609f,-0.4532166056165451f,0f,0f,0f,1f],start_interpolation:0}
execute if entity @s[tag=aj.attack.bone.right_shoulder] run data modify entity @s {} merge value {transformation:[-0.9967050389075759f,-0.011531238180957077f,-0.08028758286473474f,-1.795433125f,0.0030702548647820772f,0.9837699875208464f,-0.17940787381912446f,2.8752105220554434f,0.08105330931746645f,-0.17906323519708803f,-0.9804930998479486f,-0.5254273771822606f,0f,0f,0f,1f],start_interpolation:0}