execute if entity @s[tag=aj.attack.bone.right_thumb_2] run data modify entity @s {} merge value {transformation:[-0.9079658517250218f,-0.20231228362716303f,-0.3669710506222773f,-0.9140780242908065f,0.10115372928355079f,0.7440195527567337f,-0.6604565301120885f,-1.3999911742322135f,0.4066521058021043f,-0.636792466200121f,-0.6550797049500786f,1.4206876134990087f,0f,0f,0f,1f],start_interpolation:0}
execute if entity @s[tag=aj.attack.bone.right_thumb] run data modify entity @s {} merge value {transformation:[-0.9079658517250218f,-0.20231228362716303f,-0.3669710506222773f,-1.1060607367821407f,0.10115372928355079f,0.7440195527567337f,-0.6604565301120885f,-1.1718058918088101f,0.4066521058021043f,-0.636792466200121f,-0.6550797049500786f,1.2981767777315285f,0f,0f,0f,1f],start_interpolation:0}
execute if entity @s[tag=aj.attack.bone.right_fingers2] run data modify entity @s {} merge value {transformation:[-0.3172212471301249f,-0.8744729431917204f,-0.3669710506222773f,-0.8700908784361319f,-0.5731498671856857f,0.4850736042883913f,-0.6604565301120885f,-2.1059779654296866f,0.7555593359321549f,0.0008185647677581565f,-0.6550797049500786f,1.8500480793563956f,0f,0f,0f,1f],start_interpolation:0}
execute if entity @s[tag=aj.attack.bone.right_fingers] run data modify entity @s {} merge value {transformation:[-0.6851653515490622f,-0.6291905029812765f,-0.3669710506222773f,-1.1381298665859634f,-0.2844080771312779f,0.6949166982414432f,-0.6604565301120885f,-1.7700934541184847f,0.67056728722712f,-0.34815239976679613f,-0.6550797049500786f,1.6491571514655006f,0f,0f,0f,1f],start_interpolation:0}
execute if entity @s[tag=aj.attack.locator_origin.right_hand] at @s on origin run tp @s ^-0.96298 ^-1.79843 ^1.57013 ~-29.25724 ~-41.3347
execute if entity @s[tag=aj.attack.bone.right_hand] run data modify entity @s {} merge value {transformation:[-0.8737910259744712f,-0.31909479928645473f,-0.3669710506222773f,-1.4284600785072197f,0.0031743059483717363f,0.7508575734545441f,-0.6604565301120885f,-1.2598057949009112f,0.4862912365118531f,-0.5782658674470516f,-0.6550797049500786f,1.2526709958006417f,0f,0f,0f,1f],start_interpolation:0}
execute if entity @s[tag=aj.attack.bone.right_forearm] run data modify entity @s {} merge value {transformation:[-1.3153431169709628f,-0.4803427082975463f,-0.5524122258240239f,-2.0815539673813603f,0.00477837532800747f,1.1302878053336847f,-0.9942044780931887f,0.37368802001802104f,0.7320283818156909f,-0.8704804763558475f,-0.986110586352748f,-0.020067420770088107f,0f,0f,0f,1f],start_interpolation:0}
execute if entity @s[tag=aj.attack.bone.right_bicep] run data modify entity @s {} merge value {transformation:[-1.3991625482135228f,-0.0610888347582467f,-0.7290517649584042f,-2.106158712721656f,0.058653891734815375f,1.5589486133075783f,-0.243193544517905f,2.6290956059743578f,0.7292517005159775f,-0.2425933498237355f,-1.379218830338499f,-0.47308224442785374f,0f,0f,0f,1f],start_interpolation:0}
execute if entity @s[tag=aj.attack.bone.right_shoulder] run data modify entity @s {} merge value {transformation:[-0.9961946950908679f,4.092450775875444e-8f,-0.08715577704782958f,-1.795433125f,0.015134480095956405f,0.9848077568783024f,-0.17298736804909098f,2.8623469963477404f,0.08583167821403559f,-0.17364815574121392f,-0.9810602637058732f,-0.5418151007625827f,0f,0f,0f,1f],start_interpolation:0}