execute if entity @s[tag=aj.attack.bone.right_thumb_2] run data modify entity @s {} merge value {transformation:[-0.6482934325767886f,-0.7090252883128212f,0.2774865146466151f,-0.2840355643171394f,0.2970364374890788f,-0.5710892788034195f,-0.7652623017237865f,3.22950351214969f,0.7010598976418505f,-0.41369091864423596f,0.5808397745933787f,1.5359062268008798f,0f,0f,0f,1f],start_interpolation:0}
execute if entity @s[tag=aj.attack.bone.right_thumb] run data modify entity @s {} merge value {transformation:[-0.48535603411847084f,-0.8291144398296679f,0.2774865146466151f,-0.5933106232425434f,0.4100940405857823f,-0.4961819096223078f,-0.7652623017237865f,3.1478036522790327f,0.7721738133482753f,-0.25762910982553344f,0.5808397745933787f,1.576016832810113f,0f,0f,0f,1f],start_interpolation:0}
execute if entity @s[tag=aj.attack.bone.right_fingers2] run data modify entity @s {} merge value {transformation:[0.6907202807016857f,-0.667762478742748f,0.2774865146466151f,0.21408214275455678f,0.5791297107279129f,0.28103805385146163f,-0.7652623017237865f,3.492508182848207f,0.4330291814411464f,0.6892828768152626f,0.5808397745933787f,1.9351778906708645f,0f,0f,0f,1f],start_interpolation:0}
execute if entity @s[tag=aj.attack.bone.right_fingers] run data modify entity @s {} merge value {transformation:[0.039279292413148814f,-0.9599262322578734f,0.2774865146466151f,-0.23857840952451104f,0.6131132569830002f,-0.1961268560705307f,-0.7652623017237865f,3.3651547535259296f,0.7890179157023118f,0.20018962248601502f,0.5808397745933787f,1.997627850368856f,0f,0f,0f,1f],start_interpolation:0}
execute if entity @s[tag=aj.attack.locator_origin.right_hand] at @s on origin run tp @s ^-0.09761 ^3.31436 ^1.87405 ~154.46464 ~-49.93033