execute if entity @s[tag=aj.attack.bone.right_thumb_2] run data modify entity @s {} merge value {transformation:[-0.89183395802345f,-0.3577583952029315f,-0.2768413299672758f,-0.5326424279829107f,0.09547852970793556f,0.44933296849577575f,-0.8882475633445809f,-0.34013487560810196f,0.44217195940158627f,-0.8186017432699478f,-0.36657215419936745f,2.244068191757743f,0f,0f,0f,1f],start_interpolation:0}
execute if entity @s[tag=aj.attack.bone.right_thumb] run data modify entity @s {} merge value {transformation:[-0.8790169420970926f,-0.3881856431248152f,-0.2768413299672758f,-0.7736296176408788f,0.07998560167475022f,0.45234784153032404f,-0.8882475633445809f,-0.19867500407591376f,0.47003352968804774f,-0.8029279773022178f,-0.36657215419936745f,2.083291734969206f,0f,0f,0f,1f],start_interpolation:0}
execute if entity @s[tag=aj.attack.bone.right_fingers2] run data modify entity @s {} merge value {transformation:[-0.09394594775062676f,-0.9563122068253581f,-0.2768413299672758f,-0.3509515754027676f,-0.35463543300987643f,0.2919759850849251f,-0.8882475633445809f,-0.8376429426613766f,0.9302730075387196f,0.01473048575238356f,-0.36657215419936745f,2.8517099301752897f,0f,0f,0f,1f],start_interpolation:0}
execute if entity @s[tag=aj.attack.bone.right_fingers] run data modify entity @s {} merge value {transformation:[-0.561218700457969f,-0.7799951591376824f,-0.2768413299672758f,-0.6952124993524644f,-0.16019641961688422f,0.43052685555531395f,-0.8882475633445809f,-0.6341880274697793f,0.8120164268031775f,-0.4541521533224691f,-0.36657215419936745f,2.5965413922602547f,0f,0f,0f,1f],start_interpolation:0}
execute if entity @s[tag=aj.attack.locator_origin.right_hand] at @s on origin run tp @s ^-0.52095 ^-0.662 ^2.5154 ~-37.0607 ~-62.65386
execute if entity @s[tag=aj.attack.bone.right_hand] run data modify entity @s {} merge value {transformation:[-0.8428482120869233f,-0.46148214418742856f,-0.2768413299672758f,-1.0813656253380104f,0.04125474697879691f,0.4575088109142057f,-0.8882475633445809f,-0.33501482375714764f,0.5365677377867517f,-0.7600788896766199f,-0.36657215419936745f,2.0834453425679946f,0f,0f,0f,1f],start_interpolation:0}
execute if entity @s[tag=aj.attack.bone.right_forearm] run data modify entity @s {} merge value {transformation:[-1.2612671891190153f,-0.7427797735695096f,-0.3514245091697592f,-2.108395952692589f,0.056362168737483856f,0.5640679885436358f,-1.3945130011057283f,0.5088988716535359f,0.8197830710647702f,-1.1815758174123765f,-0.4448035567745041f,0.36621409510941916f,0f,0f,0f,1f],start_interpolation:0}
execute if entity @s[tag=aj.attack.bone.right_bicep] run data modify entity @s {} merge value {transformation:[-1.4268756788955719f,0.0025929414227418967f,-0.6759609690474171f,-2.1274757849512183f,0.21865349213669458f,1.4957699762723262f,-0.4558146405098873f,2.5918280397332607f,0.6396253633160379f,-0.5055389330026994f,-1.3521146178729686f,-0.4642470413859531f,0f,0f,0f,1f],start_interpolation:0}
execute if entity @s[tag=aj.attack.bone.right_shoulder] run data modify entity @s {} merge value {transformation:[-0.9972411765088204f,-0.04001357087237769f,-0.06252159643950933f,-1.795433125f,-0.02711522497971382f,0.9804331282239971f,-0.19497601302521f,2.9073693363247015f,0.06909993089434434f,-0.19274282146671143f,-0.9788132632547684f,-0.4844580682314553f,0f,0f,0f,1f],start_interpolation:0}