execute if entity @s[tag=aj.armor.bone.right_thumb_2] run data modify entity @s {} merge value {transformation:[-0.9754826602281502f,0.17594940158520272f,-0.1321945069812666f,-2.3400507509564368f,0.20997177658777605f,0.5641619298217149f,-0.79851936105295f,1.259893957418042f,-0.06591989556108346f,-0.8066989060496162f,-0.5872745885423346f,0.723925392308335f,0f,0f,0f,1f],start_interpolation:0}
execute if entity @s[tag=aj.armor.bone.right_thumb] run data modify entity @s {} merge value {transformation:[-0.9754826602281502f,0.17594940158520272f,-0.1321945069812666f,-2.5015399831813334f,0.20997177658777605f,0.5641619298217149f,-0.79851936105295f,1.5256900394116788f,-0.06591989556108346f,-0.8066989060496162f,-0.5872745885423346f,0.47453553110097413f,0f,0f,0f,1f],start_interpolation:0}
execute if entity @s[tag=aj.armor.bone.right_fingers_2] run data modify entity @s {} merge value {transformation:[0.983738346004202f,-0.16780118409097522f,-0.06404396317049081f,-2.374397488313907f,-0.17473472213089858f,-0.8116428343612409f,-0.5574080070396269f,0.6993941627448085f,0.041552899811615945f,0.5595343350034184f,-0.8277648726960622f,0.744301120273589f,0f,0f,0f,1f],start_interpolation:0}
execute if entity @s[tag=aj.armor.bone.right_fingers] run data modify entity @s {} merge value {transformation:[-0.29476924214421785f,-0.9534198784728268f,-0.06404396317049081f,-2.8317326477153086f,-0.7818916594699522f,0.2791804909721225f,-0.5574080070396269f,0.7854034465893845f,0.5493236994132399f,-0.11423129515778209f,-0.8277648726960622f,0.7110313074344197f,0f,0f,0f,1f],start_interpolation:0}
execute if entity @s[tag=aj.armor.bone.right_hand] run data modify entity @s {} merge value {transformation:[-0.9901214299266028f,0.12473141056492587f,-0.06404396317049081f,-2.6921179959251615f,0.1391650501991716f,0.8184921517590583f,-0.5574080070396269f,1.4680612233707175f,-0.01710680575564387f,-0.5608142943321885f,-0.8277648726960622f,0.2514785418959262f,0f,0f,0f,1f],start_interpolation:0}
execute if entity @s[tag=aj.armor.bone.right_forearm] run data modify entity @s {} merge value {transformation:[-1.915985690329147f,-0.010698891780814351f,-0.12296166073392295f,-2.6256401646500516f,0.059787098728801315f,1.5929010762889588f,-1.0701994514224482f,3.7650810255445974f,0.10797934580916164f,-1.0718147679118712f,-1.5892730306673195f,-1.39474948587699f,0f,0f,0f,1f],start_interpolation:0}
execute if entity @s[tag=aj.armor.bone.right_bicep] run data modify entity @s {} merge value {transformation:[-1.6613804631995532f,0.14535195633340942f,1.9368335913939556e-16f,-2.3938575f,0.13784069852147077f,1.575526393549569f,0.5291774369442762f,6.216390309464158f,0.04612085256218025f,0.527163757033667f,-1.5815446484181843f,-0.5518694251630061f,0f,0f,0f,1f],start_interpolation:0}
execute if entity @s[tag=aj.armor.bone.right_shoulder] run data modify entity @s {} merge value {transformation:[-1.0664424999999997f,-4.1440476588456656e-17f,1.2385252922881934e-16f,-1.923835f,0f,1.011332649667237f,0.33838717103828736f,6.430629197585285f,-1.306015394099701e-16f,0.33838717103828736f,-1.011332649667237f,-0.4573200892989891f,0f,0f,0f,1f],start_interpolation:0}
execute if entity @s[tag=aj.armor.bone.right_arm] run data modify entity @s {} merge value {transformation:[-1.39935f,-2.2368397539577e-17f,1.6990484760631316e-16f,-1.84185625f,0f,1.3873783667634416f,0.1826518270831292f,6.595125092124529f,-1.7137094983868489e-16f,0.1826518270831292f,-1.3873783667634416f,-0.429494136666776f,0f,0f,0f,1f],start_interpolation:0}
execute if entity @s[tag=aj.armor.bone.left_thumb_2] run data modify entity @s {} merge value {transformation:[-0.9630324587018942f,-0.15566302961809986f,0.21985791934042107f,2.3552187825496054f,-0.258620308984141f,0.30583209927725935f,-0.9162872163424587f,1.7265476871357284f,0.07539243508159112f,-0.9392740538638225f,-0.3347838593341812f,2.0879873393795023f,0f,0f,0f,1f],start_interpolation:0}
execute if entity @s[tag=aj.armor.bone.left_thumb] run data modify entity @s {} merge value {transformation:[-0.9630324587018942f,-0.15566302961809986f,0.21985791934042107f,2.516498722161202f,-0.258620308984141f,0.30583209927725935f,-0.9162872163424587f,1.9253868487784076f,0.07539243508159112f,-0.9392740538638225f,-0.3347838593341812f,1.7824167238470243f,0f,0f,0f,1f],start_interpolation:0}
execute if entity @s[tag=aj.armor.bone.left_fingers_2] run data modify entity @s {} merge value {transformation:[0.9717763048837803f,0.17925355993994696f,0.15335897272504678f,2.4223440501300852f,0.23216864153016922f,-0.6114859049475448f,-0.7564275972890713f,1.1975467624211793f,-0.041815489432285496f,0.7706835597697265f,-0.6358445686991441f,2.2652078477563697f,0f,0f,0f,1f],start_interpolation:0}
execute if entity @s[tag=aj.armor.bone.left_fingers] run data modify entity @s {} merge value {transformation:[-0.3045622816515741f,0.9400653392610034f,0.15335897272504678f,2.874761130085835f,0.5759504695309227f,0.3099973333862597f,-0.7564275972890713f,1.306230919007413f,-0.7586322384675572f,-0.14205214258680693f,-0.6358445686991441f,2.231054293769011f,0f,0f,0f,1f],start_interpolation:0}
execute if entity @s[tag=aj.armor.bone.left_hand] run data modify entity @s {} merge value {transformation:[-0.9786703196371662f,-0.1366946631950399f,0.15335897272504678f,2.7247664288900277f,-0.205275027871441f,0.6210309597692062f,-0.7564275972890713f,1.823692587486759f,0.00815894562220755f,-0.7717740058217386f,-0.6358445686991441f,1.5935296693219665f,0f,0f,0f,1f],start_interpolation:0}
execute if entity @s[tag=aj.armor.bone.left_forearm] run data modify entity @s {} merge value {transformation:[-1.8971861874021896f,-0.01494323936539138f,0.29444264597617703f,2.628394771339383f,-0.23511422954240785f,1.2335949309398628f,-1.4523085234439665f,3.56863688202827f,-0.1778793727188839f,-1.4711408660623166f,-1.22079428357295f,-0.6283316912545766f,0f,0f,0f,1f],start_interpolation:0}
execute if entity @s[tag=aj.armor.bone.left_bicep] run data modify entity @s {} merge value {transformation:[-1.6471671230260378f,-0.14535195633340947f,0.21685366569022343f,2.3938575f,-0.13447613490411275f,1.6597991971303565f,0.0910770501157423f,6.157111478152191f,-0.22376074873508853f,0.07246839798550261f,-1.6510577498470604f,-0.49462028790580853f,0f,0f,0f,1f],start_interpolation:0}
execute if entity @s[tag=aj.armor.bone.left_shoulder] run data modify entity @s {} merge value {transformation:[-1.0664425f,-5.6967591380326806e-18f,1.3047723568338355e-16f,1.923835f,0f,1.0654274830443102f,0.046517568510357314f,6.3891124440152565f,-1.3060153940997012e-16f,0.046517568510357314f,-1.0654274830443102f,-0.4627858735982033f,0f,0f,0f,1f],start_interpolation:0}
execute if entity @s[tag=aj.armor.bone.left_arm] run data modify entity @s {} merge value {transformation:[-1.39935f,-2.2368397539577e-17f,1.6990484760631316e-16f,1.84185625f,0f,1.3873783667634416f,0.1826518270831292f,6.5536083385545005f,-1.7137094983868489e-16f,0.1826518270831292f,-1.3873783667634416f,-0.43495992096599023f,0f,0f,0f,1f],start_interpolation:0}
execute if entity @s[tag=aj.armor.bone.chest] run data modify entity @s {} merge value {transformation:[-2.749147083333334f,-4.394469922090158e-17f,3.3379312983963293e-16f,2.7997798581681846e-17f,0f,2.725627748931632f,0.35883570064036086f,7.369069375f,-3.3667341759894493e-16f,0.35883570064036086f,-2.725627748931632f,-0.228619375f,0f,0f,0f,1f],start_interpolation:0}
execute if entity @s[tag=aj.armor.bone.weist] run data modify entity @s {} merge value {transformation:[-2.0482337499999996f,0f,2.5083629058430797e-16f,2.3932660072337152e-17f,0f,2.0482337499999996f,0f,3.213496875f,-2.5083629058430797e-16f,0f,-2.0482337499999996f,-0.19542500000000002f,0f,0f,0f,1f],start_interpolation:0}
execute if entity @s[tag=aj.armor.bone.right_foot] run data modify entity @s {} merge value {transformation:[-1.2390464631471574f,-0.0001880703408153387f,0.006620869235125334f,-1.0844871044919313f,-0.00209194735269866f,1.186279115231606f,-0.3577953236683686f,-5.706584549040155f,-0.0062845076302969465f,-0.357801389757259f,-1.1862624834196605f,2.004161892122258f,0f,0f,0f,1f],start_interpolation:0}
execute if entity @s[tag=aj.armor.bone.right_knee] run data modify entity @s {} merge value {transformation:[-3.057471314791511f,-0.00028584213040628936f,0.016341748570798727f,-1.152776246382964f,-0.005162089730424059f,2.91745773007003f,-0.9147741367732517f,-2.117466041385171f,-0.015507652359069948f,-0.9147886568896169f,-2.9174165285693103f,0.7687822304805048f,0f,0f,0f,1f],start_interpolation:0}
execute if entity @s[tag=aj.armor.bone.right_thigh] run data modify entity @s {} merge value {transformation:[-2.6037184946093346f,0.1136156376581935f,-0.0006174324946299373f,-0.9398681249999999f,0.1034088808754471f,2.3638738931201417f,-1.0925500969269901f,1.2052287500000003f,-0.04706907370504479f,-1.091535889386423f,-2.3661345688688127f,-0.7170631250000001f,0f,0f,0f,1f],start_interpolation:0}
execute if entity @s[tag=aj.armor.bone.left_foot] run data modify entity @s {} merge value {transformation:[-1.2387987323381648f,0.0074428193245987834f,-0.024542092722863253f,1.0572903665627285f,-0.012503805656175352f,0.8599708361842415f,0.8919494519725037f,-5.120982306673019f,0.022391175021173774f,0.892006039480921f,-0.8597115038942387f,-3.4682047522208634f,0f,0f,0f,1f],start_interpolation:0}
execute if entity @s[tag=aj.armor.bone.left_knee] run data modify entity @s {} merge value {transformation:[-3.056860014194792f,0.01911943629686417f,-0.06032641210701568f,1.1474335182564162f,-0.030854393484470596f,2.094461274609949f,2.2272579443762175f,-2.44490881732149f,0.05525246822288392f,2.2273895913243287f,-2.0938196551853077f,-0.7769034184638082f,0f,0f,0f,1f],start_interpolation:0}
execute if entity @s[tag=aj.armor.bone.left_thigh] run data modify entity @s {} merge value {transformation:[-2.6037157247101455f,-0.10943190422992365f,0.03078923103614746f,0.9398681250000002f,-0.1098049598766199f,2.6036898214989836f,-0.03163981231211294f,1.1951841071428575f,-0.029431092362981432f,-0.032906918319171974f,-2.6058222961366955f,-0.779563125f,0f,0f,0f,1f],start_interpolation:0}