execute if entity @s[tag=aj.armor.bone.right_thumb_2] run data modify entity @s {} merge value {transformation:[-0.9754826602281502f,0.17594940158520275f,-0.13219450698126664f,-2.3400507509564368f,0.19875406941161383f,0.44640075640604926f,-0.8724810511251408f,1.5449252940012466f,-0.09450079093073499f,-0.8773643329665939f,-0.4704268569624288f,1.4320568500995656f,0f,0f,0f,1f],start_interpolation:0}
execute if entity @s[tag=aj.armor.bone.right_thumb] run data modify entity @s {} merge value {transformation:[-0.9754826602281502f,0.17594940158520275f,-0.13219450698126664f,-2.5015399831813334f,0.19875406941161383f,0.44640075640604926f,-0.8724810511251408f,1.7734263064639324f,-0.09450079093073499f,-0.8773643329665939f,-0.4704268569624288f,1.1481023689239342f,0f,0f,0f,1f],start_interpolation:0}
execute if entity @s[tag=aj.armor.bone.right_fingers_2] run data modify entity @s {} merge value {transformation:[0.983738346004202f,-0.16780118409097522f,-0.06404396317049083f,-2.374397488313907f,-0.16725116990599437f,-0.7258718535947865f,-0.6671859548311437f,0.9927159980453802f,0.06546688297141343f,0.6670478354485047f,-0.7421329210171665f,1.5302407773930753f,0f,0f,0f,1f],start_interpolation:0}
execute if entity @s[tag=aj.armor.bone.right_fingers] run data modify entity @s {} merge value {transformation:[-0.29476924214421785f,-0.9534198784728268f,-0.06404396317049083f,-2.8317326477153086f,-0.6978312609102557f,0.26056560205149415f,-0.6671859548311437f,1.073257982430806f,0.6527960057951687f,-0.151974018701889f,-0.7421329210171665f,1.4853245653414335f,0f,0f,0f,1f],start_interpolation:0}
execute if entity @s[tag=aj.armor.bone.right_hand] run data modify entity @s {} merge value {transformation:[-0.9901214299266028f,0.12473141056492588f,-0.06404396317049083f,-2.6921179959251615f,0.13542989829252292f,0.7324763779976334f,-0.6671859548311437f,1.685314797220704f,-0.03630835507946052f,-0.6692685790427876f,-0.7421329210171665f,0.9352365360376198f,0f,0f,0f,1f],start_interpolation:0}
execute if entity @s[tag=aj.armor.bone.right_forearm] run data modify entity @s {} merge value {transformation:[-1.915985690329147f,-0.010698891780814332f,-0.12296166073392298f,-2.6256401646500516f,0.07423307518973196f,1.4282312876079484f,-1.2809683998785677f,3.730869501068047f,0.0986077423109238f,-1.2830729225785436f,-1.424863358481766f,-1.0146538825685254f,0f,0f,0f,1f],start_interpolation:0}
execute if entity @s[tag=aj.armor.bone.right_bicep] run data modify entity @s {} merge value {transformation:[-1.661380463199552f,0.14535195633340933f,2.0081763471973494e-16f,-2.3938575f,0.1429180243888464f,1.6335604937718353f,0.3039190454772672f,6.275629043330325f,0.026488290143730324f,0.30276254175355766f,-1.6398004294752742f,-0.5211329871197936f,0f,0f,0f,1f],start_interpolation:0}
execute if entity @s[tag=aj.armor.bone.right_shoulder] run data modify entity @s {} merge value {transformation:[-1.0664424999999997f,-2.3800240164459302e-17f,1.284146045602603e-16f,-1.923835f,0f,1.0485848217597722f,0.1943437093946594f,6.500941697585285f,-1.306015394099701e-16f,0.1943437093946594f,-1.0485848217597722f,-0.4573200892989892f,0f,0f,0f,1f],start_interpolation:0}
execute if entity @s[tag=aj.armor.bone.right_arm] run data modify entity @s {} merge value {transformation:[-1.3993500000000008f,-2.2368397539577012e-17f,1.6990484760631323e-16f,-1.84185625f,0f,1.3873783667634423f,0.18265182708312927f,6.665437592124529f,-1.7137094983868496e-16f,0.18265182708312927f,-1.3873783667634423f,-0.4294941366667761f,0f,0f,0f,1f],start_interpolation:0}
execute if entity @s[tag=aj.armor.bone.left_thumb_2] run data modify entity @s {} merge value {transformation:[-0.9630324587018942f,-0.1556630296180999f,0.21985791934042107f,2.3552187825496054f,-0.2693624462381669f,0.5670858473950037f,-0.7783684951492329f,1.262976066400098f,-0.003515116381454243f,-0.8088155926380283f,-0.5880518523586332f,0.5513633711706067f,0f,0f,0f,1f],start_interpolation:0}
execute if entity @s[tag=aj.armor.bone.left_thumb] run data modify entity @s {} merge value {transformation:[-0.9630324587018942f,-0.1556630296180999f,0.21985791934042107f,2.516498722161202f,-0.2693624462381669f,0.5670858473950037f,-0.7783684951492329f,1.5424671041271012f,-0.003515116381454243f,-0.8088155926380283f,-0.5880518523586332f,0.3172796829094558f,0f,0f,0f,1f],start_interpolation:0}
execute if entity @s[tag=aj.armor.bone.left_fingers_2] run data modify entity @s {} merge value {transformation:[0.9717763048837803f,0.17925355993994702f,0.15335897272504678f,2.4223440501300852f,0.23424964200991089f,-0.8100929452773599f,-0.5374723483399688f,0.7052757040407567f,0.027891190090320858f,0.5582271771068725f,-0.8292192112189862f,0.5661752840268947f,0f,0f,0f,1f],start_interpolation:0}
execute if entity @s[tag=aj.armor.bone.left_fingers] run data modify entity @s {} merge value {transformation:[-0.3045622816515742f,0.9400653392610034f,0.15335897272504678f,2.874761130085835f,0.7725867740299501f,0.33798395134076087f,-0.5374723483399688f,0.8191964126836272f,-0.557091997060792f,-0.04521069072885943f,-0.8292192112189862f,0.5652902500532135f,0f,0f,0f,1f],start_interpolation:0}
execute if entity @s[tag=aj.armor.bone.left_hand] run data modify entity @s {} merge value {transformation:[-0.9786703196371662f,-0.13669466319503992f,0.15335897272504678f,2.7247664288900277f,-0.1986909302742087f,0.8195397421703775f,-0.5374723483399688f,1.500441628531298f,-0.05221417133361965f,-0.5564792719026519f,-0.8292192112189862f,0.10691356979293487f,0f,0f,0f,1f],start_interpolation:0}
execute if entity @s[tag=aj.armor.bone.left_forearm] run data modify entity @s {} merge value {transformation:[-1.8971861874021896f,-0.014943239365391433f,0.29444264597617703f,2.628394771339383f,-0.1728339604691584f,1.6098126622876059f,-1.0319238422911239f,3.8187495499412525f,-0.23884763821467675f,-1.0461907540107582f,-1.592065298215972f,-1.5076906783755997f,0f,0f,0f,1f],start_interpolation:0}
execute if entity @s[tag=aj.armor.bone.left_bicep] run data modify entity @s {} merge value {transformation:[-1.6471671230260367f,-0.14535195633340942f,0.21685366569022327f,2.3938575f,-0.06317885581461603f,1.5660861571018398f,0.5698199851032384f,6.255026685966107f,-0.2533004850196549f,0.5545801944129899f,-1.5522860261449127f,-0.623025097126433f,0f,0f,0f,1f],start_interpolation:0}
execute if entity @s[tag=aj.armor.bone.left_shoulder] run data modify entity @s {} merge value {transformation:[-1.0664425f,-4.3595689681537674e-17f,1.2311042984834814e-16f,1.923835f,0f,1.0052729483640706f,0.3559858214784107f,6.46758283102901f,-1.3060153940997012e-16f,0.3559858214784107f,-1.0052729483640706f,-0.5247511774340665f,0f,0f,0f,1f],start_interpolation:0}
execute if entity @s[tag=aj.armor.bone.left_arm] run data modify entity @s {} merge value {transformation:[-1.3993500000000008f,-2.2368397539577012e-17f,1.6990484760631323e-16f,1.84185625f,0f,1.3873783667634423f,0.18265182708312927f,6.6239208385545005f,-1.7137094983868496e-16f,0.18265182708312927f,-1.3873783667634423f,-0.43495992096599034f,0f,0f,0f,1f],start_interpolation:0}
execute if entity @s[tag=aj.armor.bone.chest] run data modify entity @s {} merge value {transformation:[-2.749147083333334f,-4.394469922090158e-17f,3.3379312983963293e-16f,2.7997798581681846e-17f,0f,2.725627748931632f,0.35883570064036086f,7.4393818750000005f,-3.3667341759894493e-16f,0.35883570064036086f,-2.725627748931632f,-0.228619375f,0f,0f,0f,1f],start_interpolation:0}
execute if entity @s[tag=aj.armor.bone.weist] run data modify entity @s {} merge value {transformation:[-2.0482337500000005f,0f,2.5083629058430807e-16f,2.3932660072337152e-17f,0f,2.0482337500000005f,0f,3.2838093750000006f,-2.5083629058430807e-16f,0f,-2.0482337500000005f,-0.19542500000000002f,0f,0f,0f,1f],start_interpolation:0}
execute if entity @s[tag=aj.armor.bone.right_foot] run data modify entity @s {} merge value {transformation:[-1.2389119260667858f,-0.002379129980393685f,0.01927662593362619f,-1.060590337926677f,-0.0017955803470159723f,1.2384966751284439f,0.03745358066150545f,-5.857267710146507f,-0.01933971194371747f,0.03742104426237845f,-1.2383479519527651f,-0.4608562849905782f,0f,0f,0f,1f],start_interpolation:0}
execute if entity @s[tag=aj.armor.bone.right_knee] run data modify entity @s {} merge value {transformation:[-3.0571393310635013f,-0.017787929322337963f,0.04450477794608987f,-1.1496285548948582f,-0.004430774444454954f,2.931872838563341f,0.8674675797730754f,-2.1892810825727502f,-0.047722677286900245f,0.8672965025237671f,-2.9315383841948255f,0.5141023157454023f,0f,0f,0f,1f],start_interpolation:0}
execute if entity @s[tag=aj.armor.bone.right_thigh] run data modify entity @s {} merge value {transformation:[-2.603785584813323f,0.11120397514416218f,-0.013899559149187392f,-0.9398681249999999f,0.10856053363192754f,2.422540346580761f,-0.9548674113404327f,1.2130412499999998f,-0.02782323435469597f,-0.9545631663826993f,-2.4249317356431996f,-0.7795631250000001f,0f,0f,0f,1f],start_interpolation:0}
execute if entity @s[tag=aj.armor.bone.left_foot] run data modify entity @s {} merge value {transformation:[-1.2379342529196025f,0.030855004743246123f,-0.04297398338578074f,0.9835560955209098f,-0.0011288498594446779f,0.990865172120224f,0.7439522467836993f,-4.709728443662463f,0.05289158972598511f,0.743312981508337f,-0.9899334828031654f,-1.141521698682995f,0f,0f,0f,1f],start_interpolation:0}
execute if entity @s[tag=aj.armor.bone.left_knee] run data modify entity @s {} merge value {transformation:[-3.0547268245985197f,0.07510603505772012f,-0.10677586712900747f,1.141541217741416f,-0.0027855501521645656f,2.4627440844469595f,1.81198283392996f,-1.5914546546724018f,0.13051529800599135f,1.8104277486948785f,-2.460429860607084f,1.01810957895316f,0f,0f,0f,1f],start_interpolation:0}
execute if entity @s[tag=aj.armor.bone.left_thigh] run data modify entity @s {} merge value {transformation:[-2.604050918191458f,-0.10550328850644836f,0.006838500903857506f,0.9398681250000002f,-0.09455927933801536f,2.2487635570325932f,-1.3139177678862763f,1.574152361111111f,0.047289022736382684f,-1.313084313435548f,-2.2507403732221527f,-0.779563125f,0f,0f,0f,1f],start_interpolation:0}
execute if entity @s[tag=aj.armor.bone.left] run data modify entity @s {} merge value {transformation:[-2.637335833333333f,0f,3.229804886568284e-16f,2.1756499999999996f,0f,2.637335833333333f,0f,9.100531875f,-3.229804886568284e-16f,0f,-2.637335833333333f,3.649444375f,0f,0f,0f,1f],start_interpolation:0}
execute if entity @s[tag=aj.armor.bone.left4] run data modify entity @s {} merge value {transformation:[-2.637335833333333f,0f,3.229804886568284e-16f,2.1756499999999996f,0f,2.637335833333333f,0f,9.100531875f,-3.229804886568284e-16f,0f,-2.637335833333333f,3.649444375f,0f,0f,0f,1f],start_interpolation:0}
execute if entity @s[tag=aj.armor.bone.mid] run data modify entity @s {} merge value {transformation:[-1.7014595833333332f,0f,2.083687032607756e-16f,1.8078468749999999f,0f,1.7014595833333332f,0f,9.725311875f,-2.083687032607756e-16f,0f,-1.7014595833333332f,2.16841875f,0f,0f,0f,1f],start_interpolation:0}
execute if entity @s[tag=aj.armor.bone.teeth] run data modify entity @s {} merge value {transformation:[-1.3826316666666663f,0f,1.693235444983103e-16f,1.8078468749999999f,0f,1.3826316666666663f,0f,9.725311875f,-1.693235444983103e-16f,0f,-1.3826316666666663f,2.16841875f,0f,0f,0f,1f],start_interpolation:0}
execute if entity @s[tag=aj.armor.bone.skull] run data modify entity @s {} merge value {transformation:[-1.7982291666666665f,0f,2.2021955930917455e-16f,1.8078468749999999f,0f,1.7982291666666665f,0f,9.725311875f,-2.2021955930917455e-16f,0f,-1.7982291666666665f,2.16841875f,0f,0f,0f,1f],start_interpolation:0}
execute if entity @s[tag=aj.armor.bone.left3] run data modify entity @s {} merge value {transformation:[-2.4411241666666665f,0f,2.989514897029583e-16f,2.1756499999999996f,0f,2.4411241666666665f,0f,8.229340625f,-2.989514897029583e-16f,0f,-2.4411241666666665f,3.6494443750000003f,0f,0f,0f,1f],start_interpolation:0}
execute if entity @s[tag=aj.armor.bone.left2] run data modify entity @s {} merge value {transformation:[-2.4411241666666665f,0f,2.989514897029583e-16f,2.1756499999999996f,0f,2.4411241666666665f,0f,8.229340625f,-2.989514897029583e-16f,0f,-2.4411241666666665f,3.6494443750000003f,0f,0f,0f,1f],start_interpolation:0}
execute if entity @s[tag=aj.armor.bone.mid2] run data modify entity @s {} merge value {transformation:[-2.612955833333333f,0f,3.1999479976050713e-16f,2.1756499999999996f,0f,2.612955833333333f,0f,8.229340625f,-3.1999479976050713e-16f,0f,-2.612955833333333f,3.6494443750000003f,0f,0f,0f,1f],start_interpolation:0}
execute if entity @s[tag=aj.armor.bone.teeth2] run data modify entity @s {} merge value {transformation:[-1.4398166666666667f,0f,1.763266872192345e-16f,1.8078468749999999f,0f,1.4398166666666667f,0f,9.725311875f,-1.763266872192345e-16f,0f,-1.4398166666666667f,2.1684187500000003f,0f,0f,0f,1f],start_interpolation:0}