execute if entity @s[tag=aj.armor.bone.right_thumb_2] run data modify entity @s {} merge value {transformation:[-0.9754826602281502f,0.17594940158520275f,-0.13219450698126667f,-2.340050750956437f,0.18097924476252591f,0.29956613075217003f,-0.9367532472702508f,2.180931954123701f,-0.1252201763271273f,-0.9377110116597664f,-0.32406475595568907f,2.204130876836821f,0f,0f,0f,1f],start_interpolation:0}
execute if entity @s[tag=aj.armor.bone.right_thumb] run data modify entity @s {} merge value {transformation:[-0.9754826602281502f,0.17594940158520275f,-0.13219450698126667f,-2.501539983181334f,0.18097924476252591f,0.29956613075217003f,-0.9367532472702508f,2.360818051360832f,-0.1252201763271273f,-0.9377110116597664f,-0.32406475595568907f,1.8871389966616534f,0f,0f,0f,1f],start_interpolation:0}
execute if entity @s[tag=aj.armor.bone.right_fingers_2] run data modify entity @s {} merge value {transformation:[0.983738346004202f,-0.16780118409097522f,-0.06404396317049085f,-2.3743974883139076f,-0.15455298226925407f,-0.6092099016359235f,-0.7778024629817188f,1.6516857218086956f,0.09149995777373994f,0.7750522939559723f,-0.6252373144342784f,2.389801595312358f,0f,0f,0f,1f],start_interpolation:0}
execute if entity @s[tag=aj.armor.bone.right_fingers] run data modify entity @s {} merge value {transformation:[-0.29476924214421785f,-0.9534198784728268f,-0.06404396317049085f,-2.831732647715309f,-0.583824814203122f,0.2327486088041386f,-0.7778024629817188f,1.7239604205902752f,0.756478473062131f,-0.19188178765218394f,-0.6252373144342784f,2.3325229320088017f,0f,0f,0f,1f],start_interpolation:0}
execute if entity @s[tag=aj.armor.bone.right_hand] run data modify entity @s {} merge value {transformation:[-0.9901214299266028f,0.1247314105649259f,-0.06404396317049085f,-2.692117995925162f,0.12783251939001472f,0.6153715752014985f,-0.7778024629817188f,2.239635711778086f,-0.05760556385021165f,-0.7783057880116981f,-0.6252373144342784f,1.6912044630930252f,0f,0f,0f,1f],start_interpolation:0}
execute if entity @s[tag=aj.armor.bone.right_forearm] run data modify entity @s {} merge value {transformation:[-1.915985690329147f,-0.010698891780814289f,-0.12296166073392303f,-2.625640164650052f,0.08911823697831685f,1.2034146580446123f,-1.493347348235864f,3.9451603835425346f,0.08539306841693019f,-1.4959658740625978f,-1.2004288106124035f,-0.5621380064412461f,0f,0f,0f,1f],start_interpolation:0}
execute if entity @s[tag=aj.armor.bone.right_bicep] run data modify entity @s {} merge value {transformation:[-1.661380463199552f,0.1453519563334094f,2.0418900939758203e-16f,-2.3938575f,0.1453173665039198f,1.6609850996393425f,0.03638126550240513f,6.536158620438409f,0.0031708362169616685f,0.03624282380336413f,-1.6673297928818853f,-0.4840858534798525f,0f,0f,0f,1f],start_interpolation:0}
execute if entity @s[tag=aj.armor.bone.right_shoulder] run data modify entity @s {} merge value {transformation:[-1.0664424999999997f,-2.8490575675652017e-18f,1.3057045978026833e-16f,-1.923835f,0f,1.0661887155641658f,0.02326432053346993f,6.768798840442427f,-1.306015394099701e-16f,0.02326432053346993f,-1.0661887155641658f,-0.4573200892989892f,0f,0f,0f,1f],start_interpolation:0}
execute if entity @s[tag=aj.armor.bone.right_arm] run data modify entity @s {} merge value {transformation:[-1.3993500000000008f,-2.2368397539577012e-17f,1.6990484760631323e-16f,-1.84185625f,0f,1.3873783667634423f,0.18265182708312927f,6.933294734981671f,-1.7137094983868496e-16f,0.18265182708312927f,-1.3873783667634423f,-0.4294941366667761f,0f,0f,0f,1f],start_interpolation:0}
execute if entity @s[tag=aj.armor.bone.left_thumb_2] run data modify entity @s {} merge value {transformation:[-0.9630324587018942f,-0.1556630296180999f,0.2198579193404211f,2.3552187825496054f,-0.2680310782284146f,0.6354208382600219f,-0.7241544720628632f,1.4486908595314438f,-0.026978224372593763f,-0.7563130168885399f,-0.6536534218488088f,0.15562236598044366f,0f,0f,0f,1f],start_interpolation:0}
execute if entity @s[tag=aj.armor.bone.left_thumb] run data modify entity @s {} merge value {transformation:[-0.9630324587018942f,-0.1556630296180999f,0.2198579193404211f,2.516498722161202f,-0.2680310782284146f,0.6354208382600219f,-0.7241544720628632f,1.7475200871947563f,-0.026978224372593763f,-0.7563130168885399f,-0.6536534218488088f,-0.05321131419066505f,0f,0f,0f,1f],start_interpolation:0}
execute if entity @s[tag=aj.armor.bone.left_fingers_2] run data modify entity @s {} merge value {transformation:[0.9717763048837803f,0.17925355993994702f,0.1533589727250468f,2.4223440501300852f,0.23092737401172456f,-0.8556630012895103f,-0.4631558875327785f,0.8918217721587193f,0.04820125722919349f,0.4854987018243017f,-0.8729075834980714f,0.12177112572440812f,0f,0f,0f,1f],start_interpolation:0}
execute if entity @s[tag=aj.armor.bone.left_fingers] run data modify entity @s {} merge value {transformation:[-0.3045622816515742f,0.9400653392610034f,0.1533589727250468f,2.874761130085835f,0.8182006148870513f,0.3406381916963729f,-0.4631558875327785f,1.0053861139049345f,-0.48763671969370564f,-0.015581408085262982f,-0.8729075834980714f,0.13081830354830487f,0f,0f,0f,1f],start_interpolation:0}
execute if entity @s[tag=aj.armor.bone.left_hand] run data modify entity @s {} merge value {transformation:[-0.9786703196371662f,-0.13669466319503992f,0.1533589727250468f,2.7247664288900277f,-0.19338408641354826f,0.8649215102919577f,-0.4631558875327785f,1.7239891460590413f,-0.06933253625307773f,-0.4829341053272929f,-0.8729075834980714f,-0.2664396822753874f,0f,0f,0f,1f],start_interpolation:0}
execute if entity @s[tag=aj.armor.bone.left_forearm] run data modify entity @s {} merge value {transformation:[-1.8971861874021896f,-0.014943239365391459f,0.2944426459761771f,2.628394771339383f,-0.1513593317574498f,1.6948683713134107f,-0.8892394269560947f,4.1741972384043855f,-0.2530022230379052f,-0.901905264071861f,-1.6759450980325052f,-1.6728460250090254f,0f,0f,0f,1f],start_interpolation:0}
execute if entity @s[tag=aj.armor.bone.left_bicep] run data modify entity @s {} merge value {transformation:[-1.6471671230260367f,-0.14535195633340944f,0.21685366569022327f,2.3938575f,-0.04086184928379321f,1.511791877702524f,0.7029422895920344f,6.524099918577427f,-0.2578430003051179f,0.6889632515699468f,-1.4967160251333342f,-0.5792113200549691f,0f,0f,0f,1f],start_interpolation:0}
execute if entity @s[tag=aj.armor.bone.left_shoulder] run data modify entity @s {} merge value {transformation:[-1.0664425f,-5.415957587381711e-17f,1.1884234277992934e-16f,1.923835f,0f,0.9704213726167578f,0.4422464984314262f,6.727282086872399f,-1.3060153940997012e-16f,0.4422464984314262f,-0.9704213726167578f,-0.4627858735982034f,0f,0f,0f,1f],start_interpolation:0}
execute if entity @s[tag=aj.armor.bone.left_arm] run data modify entity @s {} merge value {transformation:[-1.3993500000000008f,-2.2368397539577012e-17f,1.6990484760631323e-16f,1.84185625f,0f,1.3873783667634423f,0.18265182708312927f,6.891777981411643f,-1.7137094983868496e-16f,0.18265182708312927f,-1.3873783667634423f,-0.43495992096599034f,0f,0f,0f,1f],start_interpolation:0}
execute if entity @s[tag=aj.armor.bone.chest] run data modify entity @s {} merge value {transformation:[-2.749147083333334f,-4.394469922090158e-17f,3.3379312983963293e-16f,2.7997798581681846e-17f,0f,2.725627748931632f,0.35883570064036086f,7.707239017857143f,-3.3667341759894493e-16f,0.35883570064036086f,-2.725627748931632f,-0.228619375f,0f,0f,0f,1f],start_interpolation:0}
execute if entity @s[tag=aj.armor.bone.weist] run data modify entity @s {} merge value {transformation:[-2.0482337500000005f,0f,2.5083629058430807e-16f,2.3932660072337152e-17f,0f,2.0482337500000005f,0f,3.551666517857143f,-2.5083629058430807e-16f,0f,-2.0482337500000005f,-0.19542500000000002f,0f,0f,0f,1f],start_interpolation:0}
execute if entity @s[tag=aj.armor.bone.right_foot] run data modify entity @s {} merge value {transformation:[-1.2389521691850074f,-0.0012446067869645865f,0.016612722325731622f,-1.0676527111669474f,0.0028454763683469285f,1.2016343039129282f,0.30223651672372537f,-5.6869117236313365f,-0.01641447085236681f,0.3022473485921745f,-1.2015228314655524f,-2.7104416683765193f,0f,0f,0f,1f],start_interpolation:0}
execute if entity @s[tag=aj.armor.bone.right_knee] run data modify entity @s {} merge value {transformation:[-3.0572386349905454f,-0.009925560696273202f,0.03989219461261446f,-1.1470938387578618f,0.007021498088974077f,2.7973717780847243f,1.234123093117008f,-2.173040794339327f,-0.04050435175055446f,1.2341031535673872f,-2.7970961333263635f,-1.2755207030221773f,0f,0f,0f,1f],start_interpolation:0}
execute if entity @s[tag=aj.armor.bone.right_thigh] run data modify entity @s {} merge value {transformation:[-2.6038824701558583f,0.10963058809382611f,0.006009100039880631f,-0.9398681249999999f,0.10937891795432322f,2.5777149030607855f,0.36834905233966436f,1.4239787499999998f,0.009551305472493664f,0.36827422691058515f,-2.580027472696995f,-0.7170631250000001f,0f,0f,0f,1f],start_interpolation:0}
execute if entity @s[tag=aj.armor.bone.left_foot] run data modify entity @s {} merge value {transformation:[-1.23881997180931f,-0.0010469327688248872f,-0.02457621808820541f,1.0887903074213383f,-0.0005043254629752308f,1.2387622019526487f,-0.027348890043532928f,-5.473904143237721f,0.024593336893737484f,-0.027333497078921628f,-1.238518492730419f,1.1619894324955382f,0f,0f,0f,1f],start_interpolation:0}
execute if entity @s[tag=aj.armor.bone.left_knee] run data modify entity @s {} merge value {transformation:[-3.056912424718286f,-0.0025834115220077715f,-0.06064428095770613f,1.15199082686652f,-0.0012444736192129243f,3.056769871807757f,-0.06748612686169944f,-1.6827756170891663f,0.060686523325861455f,-0.06744814317896561f,-3.056168494879385f,0.9723894065082378f,0f,0f,0f,1f],start_interpolation:0}
execute if entity @s[tag=aj.armor.bone.left_thigh] run data modify entity @s {} merge value {transformation:[-2.6037427089385607f,-0.11306104097332702f,0.000013318267232786156f,0.9398681250000002f,-0.09844430151218084f,2.266975049591075f,-1.2819484145414677f,1.507684107142857f,0.055601426808377916f,-1.2807420579724988f,-2.2691115344538053f,-0.779563125f,0f,0f,0f,1f],start_interpolation:0}
execute if entity @s[tag=aj.armor.bone.left] run data modify entity @s {} merge value {transformation:[-2.637335833333333f,0f,3.229804886568284e-16f,2.1756499999999996f,0f,2.637335833333333f,0f,9.368389017857142f,-3.229804886568284e-16f,0f,-2.637335833333333f,3.649444375f,0f,0f,0f,1f],start_interpolation:0}
execute if entity @s[tag=aj.armor.bone.left4] run data modify entity @s {} merge value {transformation:[-2.637335833333333f,0f,3.229804886568284e-16f,2.1756499999999996f,0f,2.637335833333333f,0f,9.368389017857142f,-3.229804886568284e-16f,0f,-2.637335833333333f,3.649444375f,0f,0f,0f,1f],start_interpolation:0}
execute if entity @s[tag=aj.armor.bone.mid] run data modify entity @s {} merge value {transformation:[-1.7014595833333332f,0f,2.083687032607756e-16f,1.8078468749999999f,0f,1.7014595833333332f,0f,9.993169017857142f,-2.083687032607756e-16f,0f,-1.7014595833333332f,2.16841875f,0f,0f,0f,1f],start_interpolation:0}
execute if entity @s[tag=aj.armor.bone.teeth] run data modify entity @s {} merge value {transformation:[-1.3826316666666663f,0f,1.693235444983103e-16f,1.8078468749999999f,0f,1.3826316666666663f,0f,9.993169017857142f,-1.693235444983103e-16f,0f,-1.3826316666666663f,2.16841875f,0f,0f,0f,1f],start_interpolation:0}
execute if entity @s[tag=aj.armor.bone.skull] run data modify entity @s {} merge value {transformation:[-1.7982291666666665f,0f,2.2021955930917455e-16f,1.8078468749999999f,0f,1.7982291666666665f,0f,9.993169017857142f,-2.2021955930917455e-16f,0f,-1.7982291666666665f,2.16841875f,0f,0f,0f,1f],start_interpolation:0}
execute if entity @s[tag=aj.armor.bone.left3] run data modify entity @s {} merge value {transformation:[-2.4411241666666665f,0f,2.989514897029583e-16f,2.1756499999999996f,0f,2.4411241666666665f,0f,8.497197767857143f,-2.989514897029583e-16f,0f,-2.4411241666666665f,3.6494443750000003f,0f,0f,0f,1f],start_interpolation:0}
execute if entity @s[tag=aj.armor.bone.left2] run data modify entity @s {} merge value {transformation:[-2.4411241666666665f,0f,2.989514897029583e-16f,2.1756499999999996f,0f,2.4411241666666665f,0f,8.497197767857143f,-2.989514897029583e-16f,0f,-2.4411241666666665f,3.6494443750000003f,0f,0f,0f,1f],start_interpolation:0}
execute if entity @s[tag=aj.armor.bone.mid2] run data modify entity @s {} merge value {transformation:[-2.612955833333333f,0f,3.1999479976050713e-16f,2.1756499999999996f,0f,2.612955833333333f,0f,8.497197767857143f,-3.1999479976050713e-16f,0f,-2.612955833333333f,3.6494443750000003f,0f,0f,0f,1f],start_interpolation:0}
execute if entity @s[tag=aj.armor.bone.teeth2] run data modify entity @s {} merge value {transformation:[-1.4398166666666667f,0f,1.763266872192345e-16f,1.8078468749999999f,0f,1.4398166666666667f,0f,9.993169017857142f,-1.763266872192345e-16f,0f,-1.4398166666666667f,2.1684187500000003f,0f,0f,0f,1f],start_interpolation:0}