execute if entity @s[tag=aj.armor.bone.right_thumb_2] run data modify entity @s {} merge value {transformation:[-0.9754826602281502f,0.17594940158520275f,-0.13219450698126667f,-2.340050750956437f,0.19353589460802367f,0.39987127834460356f,-0.8959055855687721f,1.5412246910649108f,-0.10477326516093237f,-0.8995247460947706f,-0.4241200231899638f,1.6888453823058962f,0f,0f,0f,1f],start_interpolation:0}
execute if entity @s[tag=aj.armor.bone.right_thumb] run data modify entity @s {} merge value {transformation:[-0.9754826602281502f,0.17594940158520275f,-0.13219450698126667f,-2.501539983181334f,0.19353589460802367f,0.39987127834460356f,-0.8959055855687721f,1.754551521529676f,-0.10477326516093237f,-0.8995247460947706f,-0.4241200231899638f,1.3933212318882833f,0f,0f,0f,1f],start_interpolation:0}
execute if entity @s[tag=aj.armor.bone.right_fingers_2] run data modify entity @s {} merge value {transformation:[0.983738346004202f,-0.16780118409097522f,-0.06404396317049084f,-2.3743974883139076f,-0.16359568606782754f,-0.6899664851188183f,-0.7051118357486137f,0.9949107284799463f,0.07413041279335598f,0.7041228671407068f,-0.7061980387034764f,1.8157951534894838f,0f,0f,0f,1f],start_interpolation:0}
execute if entity @s[tag=aj.armor.bone.right_fingers] run data modify entity @s {} merge value {transformation:[-0.29476924214421785f,-0.9534198784728268f,-0.06404396317049084f,-2.831732647715309f,-0.6627102042251417f,0.25225480035688264f,-0.7051118357486137f,1.0729915999664406f,0.6884230378928308f,-0.16540269353843362f,-0.7061980387034764f,1.7667252557748994f,0f,0f,0f,1f],start_interpolation:0}
execute if entity @s[tag=aj.armor.bone.right_hand] run data modify entity @s {} merge value {transformation:[-0.9901214299266028f,0.12473141056492588f,-0.06404396317049084f,-2.692117995925162f,0.1333440638410295f,0.6964457335109314f,-0.7051118357486137f,1.6554202291320317f,-0.04334644897172933f,-0.7066862213832277f,-0.7061980387034764f,1.1853585243201317f,0f,0f,0f,1f],start_interpolation:0}
execute if entity @s[tag=aj.armor.bone.right_forearm] run data modify entity @s {} merge value {transformation:[-1.915985690329147f,-0.010698891780814316f,-0.122961660733923f,-2.625640164650052f,0.07929207182692335f,1.3591230979332745f,-1.3537844635877208f,3.5961221917234267f,0.09458754485224778f,-1.356062365903855f,-1.355869926644847f,-0.8689156987080264f,0f,0f,0f,1f],start_interpolation:0}
execute if entity @s[tag=aj.armor.bone.right_bicep] run data modify entity @s {} merge value {transformation:[-1.6613804631995532f,0.14535195633340947f,2.024903313316787e-16f,-2.3938575f,0.14410845019738933f,1.6471671230260378f,0.21768201146383923f,6.163223117464251f,0.01897223739193495f,0.2168536656902232f,-1.6534590338427404f,-0.509253580547051f,0f,0f,0f,1f],start_interpolation:0}
execute if entity @s[tag=aj.armor.bone.right_shoulder] run data modify entity @s {} merge value {transformation:[-1.0664424999999997f,-1.7046921637260398e-17f,1.2948422513552402e-16f,-1.923835f,0f,1.0573189365756395f,0.1391986787466323f,6.391566697585285f,-1.306015394099701e-16f,0.1391986787466323f,-1.0573189365756395f,-0.4573200892989891f,0f,0f,0f,1f],start_interpolation:0}
execute if entity @s[tag=aj.armor.bone.right_arm] run data modify entity @s {} merge value {transformation:[-1.39935f,-2.2368397539577e-17f,1.6990484760631316e-16f,-1.84185625f,0f,1.3873783667634416f,0.1826518270831292f,6.556062592124529f,-1.7137094983868489e-16f,0.1826518270831292f,-1.3873783667634416f,-0.429494136666776f,0f,0f,0f,1f],start_interpolation:0}
execute if entity @s[tag=aj.armor.bone.left_thumb_2] run data modify entity @s {} merge value {transformation:[-0.9630324587018942f,-0.15566302961809986f,0.21985791934042107f,2.3552187825496054f,-0.2689514949808104f,0.5092843311206908f,-0.8174928522149522f,1.233187296137773f,0.0152832206740479f,-0.846403267529766f,-0.5323231461065385f,0.9737623291767299f,0f,0f,0f,1f],start_interpolation:0}
execute if entity @s[tag=aj.armor.bone.left_thumb] run data modify entity @s {} merge value {transformation:[-0.9630324587018942f,-0.15566302961809986f,0.21985791934042107f,2.516498722161202f,-0.2689514949808104f,0.5092843311206908f,-0.8174928522149522f,1.495668655089927f,0.0152832206740479f,-0.846403267529766f,-0.5323231461065385f,0.7207525477802558f,0f,0f,0f,1f],start_interpolation:0}
execute if entity @s[tag=aj.armor.bone.left_fingers_2] run data modify entity @s {} merge value {transformation:[0.9717763048837803f,0.17925355993994696f,0.15335897272504678f,2.4223440501300852f,0.2356246127245484f,-0.7691796401546805f,-0.5940065008481996f,0.6778786906414765f,0.011482819550632031f,0.6133765910273812f,-0.7897070991416981f,1.0274413716417528f,0f,0f,0f,1f],start_interpolation:0}
execute if entity @s[tag=aj.armor.bone.left_fingers] run data modify entity @s {} merge value {transformation:[-0.3045622816515741f,0.9400653392610034f,0.15335897272504678f,2.874761130085835f,0.7318440182124553f,0.3340069010615273f,-0.5940065008481996f,0.7914601573145801f,-0.6096278779729764f,-0.0686771283861628f,-0.7897070991416981f,1.0186117866449913f,0f,0f,0f,1f],start_interpolation:0}
execute if entity @s[tag=aj.armor.bone.left_hand] run data modify entity @s {} merge value {transformation:[-0.9786703196371662f,-0.1366946631950399f,0.15335897272504678f,2.7247664288900277f,-0.20184920562593683f,0.7787253528287467f,-0.5940065008481996f,1.4390711531942157f,-0.03822700157565734f,-0.6122919188718224f,-0.7897070991416981f,0.513830424927306f,0f,0f,0f,1f],start_interpolation:0}
execute if entity @s[tag=aj.armor.bone.left_forearm] run data modify entity @s {} merge value {transformation:[-1.8971861874021896f,-0.014943239365391405f,0.29444264597617703f,2.628394771339383f,-0.18907411463202842f,1.5329126616876767f,-1.1404669888495484f,3.6391026941808424f,-0.22620952974686606f,-1.155937140625177f,-1.5162037387557221f,-1.2585577140930462f,0f,0f,0f,1f],start_interpolation:0}
execute if entity @s[tag=aj.armor.bone.left_bicep] run data modify entity @s {} merge value {transformation:[-1.6471671230260378f,-0.14535195633340953f,0.21685366569022343f,2.3938575f,-0.08069430392985762f,1.6009568087049375f,0.46014993283242955f,6.1311563329399394f,-0.24827632357216894f,0.44398461703359077f,-1.5882533682325797f,-0.5459932358091962f,0f,0f,0f,1f],start_interpolation:0}
execute if entity @s[tag=aj.armor.bone.left_shoulder] run data modify entity @s {} merge value {transformation:[-1.0664425f,-3.4901743305240885e-17f,1.2585162061137333e-16f,1.923835f,0f,1.027656469595937f,0.28499436188083643f,6.3500499440152565f,-1.3060153940997012e-16f,0.28499436188083643f,-1.027656469595937f,-0.4627858735982033f,0f,0f,0f,1f],start_interpolation:0}
execute if entity @s[tag=aj.armor.bone.left_arm] run data modify entity @s {} merge value {transformation:[-1.39935f,-2.2368397539577e-17f,1.6990484760631316e-16f,1.84185625f,0f,1.3873783667634416f,0.1826518270831292f,6.5145458385545005f,-1.7137094983868489e-16f,0.1826518270831292f,-1.3873783667634416f,-0.43495992096599023f,0f,0f,0f,1f],start_interpolation:0}
execute if entity @s[tag=aj.armor.bone.chest] run data modify entity @s {} merge value {transformation:[-2.749147083333334f,-4.394469922090158e-17f,3.3379312983963293e-16f,2.7997798581681846e-17f,0f,2.725627748931632f,0.35883570064036086f,7.330006875f,-3.3667341759894493e-16f,0.35883570064036086f,-2.725627748931632f,-0.228619375f,0f,0f,0f,1f],start_interpolation:0}
execute if entity @s[tag=aj.armor.bone.weist] run data modify entity @s {} merge value {transformation:[-2.0482337499999996f,0f,2.5083629058430797e-16f,2.3932660072337152e-17f,0f,2.0482337499999996f,0f,3.174434375f,-2.5083629058430797e-16f,0f,-2.0482337499999996f,-0.19542500000000002f,0f,0f,0f,1f],start_interpolation:0}
execute if entity @s[tag=aj.armor.bone.right_foot] run data modify entity @s {} merge value {transformation:[-1.2388239775121987f,-0.002818406787391478f,0.024232590480524417f,-1.0694322357504868f,0.011922587772026058f,1.0038336490008954f,0.726261568687017f,-5.442736738197267f,-0.021284119879251558f,0.7263539569893518f,-1.0036119392096914f,-3.5643270758425f,0f,0f,0f,1f],start_interpolation:0}
execute if entity @s[tag=aj.armor.bone.right_knee] run data modify entity @s {} merge value {transformation:[-3.056922309191583f,-0.012373619896517196f,0.058914041810571964f,-1.1512536293767417f,0.029420180110488973f,2.3034841212819495f,2.01034656992997f,-2.514720522293905f,-0.05252069872029213f,2.0105237555815116f,-2.302918535179512f,-1.149244411368702f,0f,0f,0f,1f],start_interpolation:0}
execute if entity @s[tag=aj.armor.bone.right_thigh] run data modify entity @s {} merge value {transformation:[-2.6037157247101455f,0.112323201680415f,-0.017516186098727116f,-0.9398681249999999f,0.10980495987661994f,2.5888747018090554f,0.27915863345709313f,1.0994048863636365f,0.029431092362980794f,0.27815493921805273f,-2.5911430941005524f,-0.7170631250000001f,0f,0f,0f,1f],start_interpolation:0}
execute if entity @s[tag=aj.armor.bone.left_foot] run data modify entity @s {} merge value {transformation:[-1.2388664548384671f,0.005052171979348392f,-0.021549750616196257f,1.0718514008397777f,0.00317876800602952f,1.2344602713952268f,0.1066665031682759f,-6.052794418958815f,0.021904602879144093f,0.10659419788372665f,-1.2342762553284385f,0.3951892189166885f,0f,0f,0f,1f],start_interpolation:0}
execute if entity @s[tag=aj.armor.bone.left_knee] run data modify entity @s {} merge value {transformation:[-3.057027126250876f,0.011303741881899134f,-0.05343547520870177f,1.1525348368709494f,0.00784392860468379f,3.0511714269140806f,0.19669614025735443f,-2.2597805498258228f,0.054051802702194944f,0.19652766784237707f,-3.050713564663533f,0.5335147371872623f,0f,0f,0f,1f],start_interpolation:0}
execute if entity @s[tag=aj.armor.bone.left_thigh] run data modify entity @s {} merge value {transformation:[-2.6037250745734344f,-0.11340556041214603f,0.003715968142014231f,0.9398681250000002f,-0.1066511280234407f,2.41688609016703f,-0.9693018402760389f,1.1349162500000003f,0.03873198217175343f,-0.9685348210254473f,-2.419235215420839f,-0.779563125f,0f,0f,0f,1f],start_interpolation:0}
execute if entity @s[tag=aj.armor.bone.left] run data modify entity @s {} merge value {transformation:[-2.637335833333333f,0f,3.229804886568284e-16f,2.1756499999999996f,0f,2.637335833333333f,0f,8.928656875f,-3.229804886568284e-16f,0f,-2.637335833333333f,3.649444375f,0f,0f,0f,1f],start_interpolation:0}
execute if entity @s[tag=aj.armor.bone.left4] run data modify entity @s {} merge value {transformation:[-2.637335833333333f,0f,3.229804886568284e-16f,2.1756499999999996f,0f,2.637335833333333f,0f,8.928656875f,-3.229804886568284e-16f,0f,-2.637335833333333f,3.649444375f,0f,0f,0f,1f],start_interpolation:0}
execute if entity @s[tag=aj.armor.bone.mid] run data modify entity @s {} merge value {transformation:[-1.7014595833333332f,0f,2.083687032607756e-16f,1.8078468749999999f,0f,1.7014595833333332f,0f,9.553436875f,-2.083687032607756e-16f,0f,-1.7014595833333332f,2.16841875f,0f,0f,0f,1f],start_interpolation:0}
execute if entity @s[tag=aj.armor.bone.teeth] run data modify entity @s {} merge value {transformation:[-1.3826316666666663f,0f,1.693235444983103e-16f,1.8078468749999999f,0f,1.3826316666666663f,0f,9.553436875f,-1.693235444983103e-16f,0f,-1.3826316666666663f,2.16841875f,0f,0f,0f,1f],start_interpolation:0}
execute if entity @s[tag=aj.armor.bone.skull] run data modify entity @s {} merge value {transformation:[-1.7982291666666665f,0f,2.2021955930917455e-16f,1.8078468749999999f,0f,1.7982291666666665f,0f,9.553436875f,-2.2021955930917455e-16f,0f,-1.7982291666666665f,2.16841875f,0f,0f,0f,1f],start_interpolation:0}
execute if entity @s[tag=aj.armor.bone.left3] run data modify entity @s {} merge value {transformation:[-2.4411241666666665f,0f,2.989514897029583e-16f,2.1756499999999996f,0f,2.4411241666666665f,0f,8.057465625f,-2.989514897029583e-16f,0f,-2.4411241666666665f,3.6494443750000003f,0f,0f,0f,1f],start_interpolation:0}
execute if entity @s[tag=aj.armor.bone.left2] run data modify entity @s {} merge value {transformation:[-2.4411241666666665f,0f,2.989514897029583e-16f,2.1756499999999996f,0f,2.4411241666666665f,0f,8.057465625f,-2.989514897029583e-16f,0f,-2.4411241666666665f,3.6494443750000003f,0f,0f,0f,1f],start_interpolation:0}
execute if entity @s[tag=aj.armor.bone.mid2] run data modify entity @s {} merge value {transformation:[-2.612955833333333f,0f,3.1999479976050713e-16f,2.1756499999999996f,0f,2.612955833333333f,0f,8.057465625f,-3.1999479976050713e-16f,0f,-2.612955833333333f,3.6494443750000003f,0f,0f,0f,1f],start_interpolation:0}
execute if entity @s[tag=aj.armor.bone.teeth2] run data modify entity @s {} merge value {transformation:[-1.4398166666666659f,0f,1.763266872192344e-16f,1.8078468749999999f,0f,1.4398166666666659f,0f,9.553436875f,-1.763266872192344e-16f,0f,-1.4398166666666659f,2.1684187500000003f,0f,0f,0f,1f],start_interpolation:0}