execute if entity @s[tag=aj.armor.bone.right_thumb_2] run data modify entity @s {} merge value {transformation:[-0.9754826602281502f,0.17594940158520275f,-0.13219450698126667f,-2.3400507509564368f,0.19577545504022276f,0.4193991487306358f,-0.886440254753704f,1.709102254754102f,-0.10052636867013959f,-0.8905875375985377f,-0.44356317146058016f,1.5825249997910755f,0f,0f,0f,1f],start_interpolation:0}
execute if entity @s[tag=aj.armor.bone.right_thumb] run data modify entity @s {} merge value {transformation:[-0.9754826602281502f,0.17594940158520275f,-0.13219450698126667f,-2.5015399831813334f,0.19577545504022276f,0.4193991487306358f,-0.886440254753704f,1.9288251445763844f,-0.10052636867013959f,-0.8905875375985377f,-0.44356317146058016f,1.2917248763998714f,0f,0f,0f,1f],start_interpolation:0}
execute if entity @s[tag=aj.armor.bone.right_fingers_2] run data modify entity @s {} merge value {transformation:[0.983738346004202f,-0.16780118409097522f,-0.06404396317049084f,-2.374397488313907f,-0.16517390115735134f,-0.7051626511764699f,-0.689538409200121f,1.1601489054345666f,0.07054395067883618f,0.6889037654153434f,-0.7214119163274081f,1.697526784080343f,0f,0f,0f,1f],start_interpolation:0}
execute if entity @s[tag=aj.armor.bone.right_fingers] run data modify entity @s {} merge value {transformation:[-0.29476924214421785f,-0.9534198784728268f,-0.06404396317049084f,-2.8317326477153086f,-0.6775703665694438f,0.2558030112893825f,-0.689538409200121f,1.2392816499653714f,0.6738022649358436f,-0.1598604227072598f,-0.7214119163274081f,1.6501718889074826f,0f,0f,0f,1f],start_interpolation:0}
execute if entity @s[tag=aj.armor.bone.right_hand] run data modify entity @s {} merge value {transformation:[-0.9901214299266028f,0.12473141056492588f,-0.06404396317049084f,-2.6921179959251615f,0.13425792936575523f,0.7116962769610267f,-0.689538409200121f,1.8342541252989397f,-0.04042724826795873f,-0.6913251655901855f,-0.7214119163274081f,1.0816491205775276f,0f,0f,0f,1f],start_interpolation:0}
execute if entity @s[tag=aj.armor.bone.right_forearm] run data modify entity @s {} merge value {transformation:[-1.915985690329147f,-0.010698891780814316f,-0.122961660733923f,-2.6256401646500516f,0.07720978604439745f,1.388382008052784f,-1.3238841529741707f,3.8193080093820932f,0.09629478300905155f,-1.3260905456535845f,-1.3850799187538811f,-0.9298000506148307f,0f,0f,0f,1f],start_interpolation:0}
execute if entity @s[tag=aj.armor.bone.right_bicep] run data modify entity @s {} merge value {transformation:[-1.661380463199552f,0.14535195633340936f,2.018605951043782e-16f,-2.3938575f,0.14366027911113247f,1.642044504069537f,0.25370022777255563f,6.377952046860482f,0.02211143178676694f,0.25273482181168816f,-1.648316847314029f,-0.5142225107312088f,0f,0f,0f,1f],start_interpolation:0}
execute if entity @s[tag=aj.armor.bone.right_shoulder] run data modify entity @s {} merge value {transformation:[-1.0664424999999997f,-1.9867548416660505e-17f,1.290815347606528e-16f,-1.923835f,0f,1.0540307201270145f,0.1622308442768402f,6.605108364251951f,-1.306015394099701e-16f,0.1622308442768402f,-1.0540307201270145f,-0.4573200892989892f,0f,0f,0f,1f],start_interpolation:0}
execute if entity @s[tag=aj.armor.bone.right_arm] run data modify entity @s {} merge value {transformation:[-1.3993500000000008f,-2.2368397539577012e-17f,1.6990484760631323e-16f,-1.84185625f,0f,1.3873783667634423f,0.18265182708312927f,6.769604258791195f,-1.7137094983868496e-16f,0.18265182708312927f,-1.3873783667634423f,-0.4294941366667761f,0f,0f,0f,1f],start_interpolation:0}
execute if entity @s[tag=aj.armor.bone.left_thumb_2] run data modify entity @s {} merge value {transformation:[-0.9630324587018942f,-0.1556630296180999f,0.21985791934042107f,2.3552187825496054f,-0.2693783377819597f,0.5623707786868388f,-0.7817764504082909f,1.365333469704657f,-0.0019479785453020788f,-0.8121010580520585f,-0.5835135618735131f,0.6435894677318743f,0f,0f,0f,1f],start_interpolation:0}
execute if entity @s[tag=aj.armor.bone.left_thumb] run data modify entity @s {} merge value {transformation:[-0.9630324587018942f,-0.1556630296180999f,0.21985791934042107f,2.516498722161202f,-0.2693783377819597f,0.5623707786868388f,-0.7817764504082909f,1.6434579415521802f,-0.0019479785453020788f,-0.8121010580520585f,-0.5835135618735131f,0.40788373712865544f,0f,0f,0f,1f],start_interpolation:0}
execute if entity @s[tag=aj.armor.bone.left_fingers_2] run data modify entity @s {} merge value {transformation:[0.9717763048837803f,0.17925355993994702f,0.15335897272504678f,2.4223440501300852f,0.23440794122101233f,-0.8068316202077424f,-0.5422874272242311f,0.8077287171177353f,0.026527916596526133f,0.5629306332771425f,-0.826078308490934f,0.6616456808088431f,0f,0f,0f,1f],start_interpolation:0}
execute if entity @s[tag=aj.armor.bone.left_fingers] run data modify entity @s {} merge value {transformation:[-0.3045622816515742f,0.9400653392610034f,0.15335897272504678f,2.874761130085835f,0.7693326878551517f,0.33771520793723797f,-0.5422874272242311f,0.9216423489743487f,-0.5615772716134035f,-0.04717622545310856f,-0.826078308490934f,0.6600979017340631f,0f,0f,0f,1f],start_interpolation:0}
execute if entity @s[tag=aj.armor.bone.left_hand] run data modify entity @s {} merge value {transformation:[-0.9786703196371662f,-0.13669466319503992f,0.15335897272504678f,2.7247664288900277f,-0.1989913358210733f,0.8162884260741844f,-0.5422874272242311f,1.6002093236271726f,-0.05105735725076126f,-0.5612377165794591f,-0.826078308490934f,0.1977656769948748f,0f,0f,0f,1f],start_interpolation:0}
execute if entity @s[tag=aj.armor.bone.left_forearm] run data modify entity @s {} merge value {transformation:[-1.8971861874021896f,-0.014943239365391433f,0.29444264597617703f,2.628394771339383f,-0.1742205869693664f,1.603698962446004f,-1.041168587101772f,3.909084678221904f,-0.2378380946110886f,-1.0555385067768577f,-1.5860348997751872f,-1.430298539681198f,0f,0f,0f,1f],start_interpolation:0}
execute if entity @s[tag=aj.armor.bone.left_bicep] run data modify entity @s {} merge value {transformation:[-1.6471671230260367f,-0.14535195633340942f,0.21685366569022327f,2.3938575f,-0.06465142080378547f,1.569286052588913f,0.5607795588723484f,6.350467331472927f,-0.2529286407690682f,0.5454597406326746f,-1.5555748161817078f,-0.5598215356372178f,0f,0f,0f,1f],start_interpolation:0}
execute if entity @s[tag=aj.armor.bone.left_shoulder] run data modify entity @s {} merge value {transformation:[-1.0664425f,-4.287872849762396e-17f,1.233619744438335e-16f,1.923835f,0f,1.0073269658625075f,0.3501313891276881f,6.5635916106819225f,-1.3060153940997012e-16f,0.3501313891276881f,-1.0073269658625075f,-0.4627858735982034f,0f,0f,0f,1f],start_interpolation:0}
execute if entity @s[tag=aj.armor.bone.left_arm] run data modify entity @s {} merge value {transformation:[-1.3993500000000008f,-2.2368397539577012e-17f,1.6990484760631323e-16f,1.84185625f,0f,1.3873783667634423f,0.18265182708312927f,6.728087505221167f,-1.7137094983868496e-16f,0.18265182708312927f,-1.3873783667634423f,-0.43495992096599034f,0f,0f,0f,1f],start_interpolation:0}
execute if entity @s[tag=aj.armor.bone.chest] run data modify entity @s {} merge value {transformation:[-2.749147083333334f,-4.394469922090158e-17f,3.3379312983963293e-16f,2.7997798581681846e-17f,0f,2.725627748931632f,0.35883570064036086f,7.5435485416666666f,-3.3667341759894493e-16f,0.35883570064036086f,-2.725627748931632f,-0.228619375f,0f,0f,0f,1f],start_interpolation:0}
execute if entity @s[tag=aj.armor.bone.weist] run data modify entity @s {} merge value {transformation:[-2.0482337500000005f,0f,2.5083629058430807e-16f,2.3932660072337152e-17f,0f,2.0482337500000005f,0f,3.3879760416666667f,-2.5083629058430807e-16f,0f,-2.0482337500000005f,-0.19542500000000002f,0f,0f,0f,1f],start_interpolation:0}
execute if entity @s[tag=aj.armor.bone.right_foot] run data modify entity @s {} merge value {transformation:[-1.2387553611497983f,-0.0013137070013386086f,0.027630391128395423f,-1.0599440725306972f,-0.00017009657719571023f,1.2380043886576344f,0.051235864869758105f,-5.908512601149902f,-0.027661081091452388f,0.05121930256956183f,-1.2376960276071427f,-1.0609753079507462f,0f,0f,0f,1f],start_interpolation:0}
execute if entity @s[tag=aj.armor.bone.right_knee] run data modify entity @s {} merge value {transformation:[-3.0567529914411957f,-0.019711126965345473f,0.06534979735282417f,-1.1506472783238884f,-0.000419730349900799f,2.9326284757088077f,0.8649208186379052f,-2.239585496731205f,-0.06825648955764226f,0.8646962878147372f,-2.931900297878098f,-0.08971591509500187f,0f,0f,0f,1f],start_interpolation:0}
execute if entity @s[tag=aj.armor.bone.right_thigh] run data modify entity @s {} merge value {transformation:[-2.603761201563757f,0.11221722680284597f,0.009684665921032055f,-0.9398681249999999f,0.1085077344119231f,2.5591779736013716f,-0.4807214001065808f,1.3458537499999998f,-0.03020877882528414f,-0.4798690310452618f,-2.5614589663392286f,-0.7170631250000001f,0f,0f,0f,1f],start_interpolation:0}
execute if entity @s[tag=aj.armor.bone.left_foot] run data modify entity @s {} merge value {transformation:[-1.2376257102181196f,0.03442669491161359f,-0.048758724367219106f,0.9802225739636655f,0.0017318426779269506f,1.0324757761939196f,0.6850334162732958f,-4.621291014857806f,0.05966247770076835f,0.6841699959568429f,-1.031325270952079f,-0.6885366021322292f,0f,0f,0f,1f],start_interpolation:0}
execute if entity @s[tag=aj.armor.bone.left_knee] run data modify entity @s {} merge value {transformation:[-3.0539654645630163f,0.08465941361503734f,-0.12052261268223721f,1.1495760338750103f,0.004273495358716413f,2.551827572137418f,1.6842077527851675f,-1.3969946218906095f,0.1472231426060916f,1.6820840647811284f,-2.5489834288428748f,1.3084186184985747f,0f,0f,0f,1f],start_interpolation:0}
execute if entity @s[tag=aj.armor.bone.left_thigh] run data modify entity @s {} merge value {transformation:[-2.603817483373784f,-0.11131549803111382f,0.0015055527760990377f,0.9398681250000002f,-0.09128201433108979f,2.1146414340100264f,-1.5205979392797229f,1.5845690277777775f,0.06372598097114901f,-1.5192627682465483f,-2.116610151606375f,-0.779563125f,0f,0f,0f,1f],start_interpolation:0}
execute if entity @s[tag=aj.armor.bone.left] run data modify entity @s {} merge value {transformation:[-2.637335833333333f,0f,3.229804886568284e-16f,2.1756499999999996f,0f,2.637335833333333f,0f,9.204698541666668f,-3.229804886568284e-16f,0f,-2.637335833333333f,3.649444375f,0f,0f,0f,1f],start_interpolation:0}
execute if entity @s[tag=aj.armor.bone.left4] run data modify entity @s {} merge value {transformation:[-2.637335833333333f,0f,3.229804886568284e-16f,2.1756499999999996f,0f,2.637335833333333f,0f,9.204698541666668f,-3.229804886568284e-16f,0f,-2.637335833333333f,3.649444375f,0f,0f,0f,1f],start_interpolation:0}
execute if entity @s[tag=aj.armor.bone.mid] run data modify entity @s {} merge value {transformation:[-1.7014595833333332f,0f,2.083687032607756e-16f,1.8078468749999999f,0f,1.7014595833333332f,0f,9.829478541666667f,-2.083687032607756e-16f,0f,-1.7014595833333332f,2.16841875f,0f,0f,0f,1f],start_interpolation:0}
execute if entity @s[tag=aj.armor.bone.teeth] run data modify entity @s {} merge value {transformation:[-1.3826316666666663f,0f,1.693235444983103e-16f,1.8078468749999999f,0f,1.3826316666666663f,0f,9.829478541666667f,-1.693235444983103e-16f,0f,-1.3826316666666663f,2.16841875f,0f,0f,0f,1f],start_interpolation:0}
execute if entity @s[tag=aj.armor.bone.skull] run data modify entity @s {} merge value {transformation:[-1.7982291666666665f,0f,2.2021955930917455e-16f,1.8078468749999999f,0f,1.7982291666666665f,0f,9.829478541666667f,-2.2021955930917455e-16f,0f,-1.7982291666666665f,2.16841875f,0f,0f,0f,1f],start_interpolation:0}
execute if entity @s[tag=aj.armor.bone.left3] run data modify entity @s {} merge value {transformation:[-2.4411241666666665f,0f,2.989514897029583e-16f,2.1756499999999996f,0f,2.4411241666666665f,0f,8.333507291666667f,-2.989514897029583e-16f,0f,-2.4411241666666665f,3.6494443750000003f,0f,0f,0f,1f],start_interpolation:0}
execute if entity @s[tag=aj.armor.bone.left2] run data modify entity @s {} merge value {transformation:[-2.4411241666666665f,0f,2.989514897029583e-16f,2.1756499999999996f,0f,2.4411241666666665f,0f,8.333507291666667f,-2.989514897029583e-16f,0f,-2.4411241666666665f,3.6494443750000003f,0f,0f,0f,1f],start_interpolation:0}
execute if entity @s[tag=aj.armor.bone.mid2] run data modify entity @s {} merge value {transformation:[-2.612955833333333f,0f,3.1999479976050713e-16f,2.1756499999999996f,0f,2.612955833333333f,0f,8.333507291666667f,-3.1999479976050713e-16f,0f,-2.612955833333333f,3.6494443750000003f,0f,0f,0f,1f],start_interpolation:0}
execute if entity @s[tag=aj.armor.bone.teeth2] run data modify entity @s {} merge value {transformation:[-1.4398166666666667f,0f,1.763266872192345e-16f,1.8078468749999999f,0f,1.4398166666666667f,0f,9.829478541666665f,-1.763266872192345e-16f,0f,-1.4398166666666667f,2.1684187500000003f,0f,0f,0f,1f],start_interpolation:0}