execute if entity @s[tag=aj.armor.bone.right_thumb_2] run data modify entity @s {} merge value {transformation:[-0.9754826602281502f,0.17594940158520272f,-0.1321945069812666f,-2.3400507509564368f,0.21369658973976857f,0.6137017285383304f,-0.7600683889773725f,1.248381561933477f,-0.052605580766722074f,-0.7696830493591985f,-0.6362551818266955f,0.3969213221016159f,0f,0f,0f,1f],start_interpolation:0}
execute if entity @s[tag=aj.armor.bone.right_thumb] run data modify entity @s {} merge value {transformation:[-0.9754826602281502f,0.17594940158520272f,-0.1321945069812666f,-2.5015399831813334f,0.21369658973976857f,0.6137017285383304f,-0.7600683889773725f,1.5293124750251923f,-0.052605580766722074f,-0.7696830493591985f,-0.6362551818266955f,0.16471304889488936f,0f,0f,0f,1f],start_interpolation:0}
execute if entity @s[tag=aj.armor.bone.right_fingers_2] run data modify entity @s {} merge value {transformation:[0.983738346004202f,-0.16780118409097522f,-0.06404396317049081f,-2.374397488313907f,-0.17699905123824466f,-0.8451746942191521f,-0.50433230326078f,0.6877083830263053f,0.03049922067328545f,0.5074667465649633f,-0.861131406156513f,0.3820627699185171f,0f,0f,0f,1f],start_interpolation:0}
execute if entity @s[tag=aj.armor.bone.right_fingers] run data modify entity @s {} merge value {transformation:[-0.29476924214421785f,-0.9534198784728268f,-0.06404396317049081f,-2.8317326477153086f,-0.8148410953620702f,0.28580223441536945f,-0.50433230326078f,0.7756369760289806f,0.49914435105975563f,-0.09647599771985713f,-0.861131406156513f,0.35425917507216514f,0f,0f,0f,1f],start_interpolation:0}
execute if entity @s[tag=aj.armor.bone.right_hand] run data modify entity @s {} merge value {transformation:[-0.9901214299266028f,0.12473141056492587f,-0.06404396317049081f,-2.6921179959251615f,0.13996458498271933f,0.8520908653648926f,-0.50433230326078f,1.4858032405254664f,-0.008334803579834203f,-0.5083141079885469f,-0.861131406156513f,-0.06152233159355602f,0f,0f,0f,1f],start_interpolation:0}
execute if entity @s[tag=aj.armor.bone.right_forearm] run data modify entity @s {} merge value {transformation:[-1.915985690329147f,-0.010698891780814354f,-0.12296166073392295f,-2.6256401646500516f,0.05288904332473098f,1.657057655994919f,-0.9682963779993494f,3.881657911951598f,0.11152033622607438f,-0.9696807001612059f,-1.6533353429309905f,-1.5602708376510668f,0f,0f,0f,1f],start_interpolation:0}
execute if entity @s[tag=aj.armor.bone.right_bicep] run data modify entity @s {} merge value {transformation:[-1.6613804631995532f,0.14535195633340942f,1.8923199540674012e-16f,-2.3938575f,0.13467274909613697f,1.539316565925501f,0.6274392362845371f,6.275205220034556f,0.05468493266740203f,0.6250516405613898f,-1.5451965051351197f,-0.5651350247349279f,0f,0f,0f,1f],start_interpolation:0}
execute if entity @s[tag=aj.armor.bone.right_shoulder] run data modify entity @s {} merge value {transformation:[-1.0664424999999997f,-4.913546792938281e-17f,1.210060654992739e-16f,-1.923835f,0f,0.9880895094285391f,0.40122154374300284f,6.4830845547281415f,-1.306015394099701e-16f,0.40122154374300284f,-0.9880895094285391f,-0.4573200892989891f,0f,0f,0f,1f],start_interpolation:0}
execute if entity @s[tag=aj.armor.bone.right_arm] run data modify entity @s {} merge value {transformation:[-1.39935f,-2.2368397539577e-17f,1.6990484760631316e-16f,-1.84185625f,0f,1.3873783667634416f,0.1826518270831292f,6.647580449267386f,-1.7137094983868489e-16f,0.1826518270831292f,-1.3873783667634416f,-0.429494136666776f,0f,0f,0f,1f],start_interpolation:0}
execute if entity @s[tag=aj.armor.bone.left_thumb_2] run data modify entity @s {} merge value {transformation:[-0.9630324587018942f,-0.15566302961809986f,0.21985791934042107f,2.3552187825496054f,-0.25232193146886944f,0.2353829356020513f,-0.9385779224588546f,1.9808581859663097f,0.09435108047290007f,-0.9593559792055685f,-0.26595860350084777f,2.4265088197612443f,0f,0f,0f,1f],start_interpolation:0}
execute if entity @s[tag=aj.armor.bone.left_thumb] run data modify entity @s {} merge value {transformation:[-0.9630324587018942f,-0.15566302961809986f,0.21985791934042107f,2.516498722161202f,-0.25232193146886944f,0.2353829356020513f,-0.9385779224588546f,2.1565051997543074f,0.09435108047290007f,-0.9593559792055685f,-0.26595860350084777f,2.1070427967994587f,0f,0f,0f,1f],start_interpolation:0}
execute if entity @s[tag=aj.armor.bone.left_fingers_2] run data modify entity @s {} merge value {transformation:[0.9717763048837803f,0.17925355993994696f,0.15335897272504678f,2.4223440501300852f,0.22843133795164905f,-0.5526902368617156f,-0.8014690423961239f,1.4664454601843973f,-0.05890617207089005f,0.8138806198249201f,-0.5780384066524976f,2.642445464386065f,0f,0f,0f,1f],start_interpolation:0}
execute if entity @s[tag=aj.armor.bone.left_fingers] run data modify entity @s {} merge value {transformation:[-0.3045622816515741f,0.9400653392610034f,0.15335897272504678f,2.874761130085835f,0.5181456225414618f,0.29861762828366467f,-0.8014690423961239f,1.5722996871365902f,-0.7992289599584765f,-0.16463495983032733f,-0.5780384066524976f,2.6003314075976007f,0f,0f,0f,1f],start_interpolation:0}
execute if entity @s[tag=aj.armor.bone.left_hand] run data modify entity @s {} merge value {transformation:[-0.9786703196371662f,-0.1366946631950399f,0.15335897272504678f,2.7247664288900277f,-0.20410591239944847f,0.562128233238848f,-0.8014690423961239f,2.0410924444293475f,0.023349132422334135f,-0.815675436953796f,-0.5780384066524976f,1.9262115548773084f,0f,0f,0f,1f],start_interpolation:0}
execute if entity @s[tag=aj.armor.bone.left_forearm] run data modify entity @s {} merge value {transformation:[-1.8971861874021896f,-0.01494323936539138f,0.29444264597617703f,2.628394771339383f,-0.2476500806797904f,1.1211787447689352f,-1.5387861650208217f,3.616579674293338f,-0.15996627679444497f,-1.558515358832714f,-1.1098089332911765f,-0.4188552853665915f,0f,0f,0f,1f],start_interpolation:0}
execute if entity @s[tag=aj.armor.bone.left_bicep] run data modify entity @s {} merge value {transformation:[-1.6471671230260378f,-0.14535195633340947f,0.21685366569022343f,2.3938575f,-0.15068892167833936f,1.6606055801278108f,-0.03153079198033967f,6.20784559462732f,-0.2131796247690099f,-0.05073608922196089f,-1.6532672293204498f,-0.47733950785501017f,0f,0f,0f,1f],start_interpolation:0}
execute if entity @s[tag=aj.armor.bone.left_shoulder] run data modify entity @s {} merge value {transformation:[-1.0664425f,3.988376836494548e-18f,1.3054062565524991e-16f,1.923835f,0f,1.0659451014458812f,-0.03256756837376632f,6.441567801158112f,-1.3060153940997012e-16f,-0.03256756837376632f,-1.0659451014458812f,-0.4627858735982033f,0f,0f,0f,1f],start_interpolation:0}
execute if entity @s[tag=aj.armor.bone.left_arm] run data modify entity @s {} merge value {transformation:[-1.39935f,-2.2368397539577e-17f,1.6990484760631316e-16f,1.84185625f,0f,1.3873783667634416f,0.1826518270831292f,6.606063695697356f,-1.7137094983868489e-16f,0.1826518270831292f,-1.3873783667634416f,-0.43495992096599023f,0f,0f,0f,1f],start_interpolation:0}
execute if entity @s[tag=aj.armor.bone.chest] run data modify entity @s {} merge value {transformation:[-2.749147083333334f,-4.394469922090158e-17f,3.3379312983963293e-16f,2.7997798581681846e-17f,0f,2.725627748931632f,0.35883570064036086f,7.421524732142856f,-3.3667341759894493e-16f,0.35883570064036086f,-2.725627748931632f,-0.228619375f,0f,0f,0f,1f],start_interpolation:0}
execute if entity @s[tag=aj.armor.bone.weist] run data modify entity @s {} merge value {transformation:[-2.0482337499999996f,0f,2.5083629058430797e-16f,2.3932660072337152e-17f,0f,2.0482337499999996f,0f,3.265952232142857f,-2.5083629058430797e-16f,0f,-2.0482337499999996f,-0.19542500000000002f,0f,0f,0f,1f],start_interpolation:0}
execute if entity @s[tag=aj.armor.bone.right_foot] run data modify entity @s {} merge value {transformation:[-1.23881997180931f,0.0010469327688249f,0.024576218088205707f,-1.0887903074213385f,0.0005043254629752351f,1.2387622019526487f,-0.027348890043532997f,-5.723904143237721f,-0.024593336893737775f,-0.027333497078921763f,-1.238518492730419f,1.2244894324955387f,0f,0f,0f,1f],start_interpolation:0}
execute if entity @s[tag=aj.armor.bone.right_knee] run data modify entity @s {} merge value {transformation:[-3.056912424718287f,0.002583411522007804f,0.06064428095770688f,-1.1519908268665202f,0.0012444736192129353f,3.056769871807758f,-0.06748612686169964f,-1.9327756170891663f,-0.0606865233258622f,-0.06744814317896597f,-3.056168494879386f,1.034889406508238f,0f,0f,0f,1f],start_interpolation:0}
execute if entity @s[tag=aj.armor.bone.right_thigh] run data modify entity @s {} merge value {transformation:[-2.6037427089385607f,0.11306104097332734f,-0.000013318267232230382f,-0.9398681249999999f,0.09844430151218084f,2.266975049591075f,-1.2819484145414677f,1.2576841071428575f,-0.05560142680837855f,-1.2807420579724988f,-2.2691115344538053f,-0.7170631250000001f,0f,0f,0f,1f],start_interpolation:0}
execute if entity @s[tag=aj.armor.bone.left_foot] run data modify entity @s {} merge value {transformation:[-1.2388488417889572f,0.0018732727190437647f,-0.023022753198533183f,1.0726958501269725f,-0.011426666432876504f,1.0235886441690976f,0.698151651104301f,-5.478617678647142f,0.02007455129641151f,0.6982426422775608f,-1.0233934893348007f,-3.6283587143618394f,0f,0f,0f,1f],start_interpolation:0}
execute if entity @s[tag=aj.armor.bone.left_knee] run data modify entity @s {} merge value {transformation:[-3.056983664286176f,0.010001781360593896f,-0.05611431084920467f,1.151670966166761f,-0.0281964445090076f,2.3506118333768735f,1.9550516475353452f,-2.494035439467509f,0.049535967029187465f,1.955229385106318f,-2.3501111069079808f,-1.2834429875371356f,0f,0f,0f,1f],start_interpolation:0}
execute if entity @s[tag=aj.armor.bone.left_thigh] run data modify entity @s {} merge value {transformation:[-2.6037157247101455f,-0.11264849148813932f,0.015285148891360376f,0.9398681250000002f,-0.10980495987661994f,2.5828292692571333f,0.33044625912426306f,1.110768522727273f,-0.029431092362981432f,0.3294877490107521f,-2.585117120667497f,-0.779563125f,0f,0f,0f,1f],start_interpolation:0}
execute if entity @s[tag=aj.armor.bone.left] run data modify entity @s {} merge value {transformation:[-2.637335833333333f,0f,3.229804886568284e-16f,2.1756499999999996f,0f,2.637335833333333f,0f,9.020174732142857f,-3.229804886568284e-16f,0f,-2.637335833333333f,3.649444375f,0f,0f,0f,1f],start_interpolation:0}
execute if entity @s[tag=aj.armor.bone.left4] run data modify entity @s {} merge value {transformation:[-2.637335833333333f,0f,3.229804886568284e-16f,2.1756499999999996f,0f,2.637335833333333f,0f,9.020174732142857f,-3.229804886568284e-16f,0f,-2.637335833333333f,3.649444375f,0f,0f,0f,1f],start_interpolation:0}
execute if entity @s[tag=aj.armor.bone.mid] run data modify entity @s {} merge value {transformation:[-1.7014595833333332f,0f,2.083687032607756e-16f,1.8078468749999999f,0f,1.7014595833333332f,0f,9.644954732142857f,-2.083687032607756e-16f,0f,-1.7014595833333332f,2.16841875f,0f,0f,0f,1f],start_interpolation:0}
execute if entity @s[tag=aj.armor.bone.teeth] run data modify entity @s {} merge value {transformation:[-1.3826316666666663f,0f,1.693235444983103e-16f,1.8078468749999999f,0f,1.3826316666666663f,0f,9.644954732142857f,-1.693235444983103e-16f,0f,-1.3826316666666663f,2.16841875f,0f,0f,0f,1f],start_interpolation:0}
execute if entity @s[tag=aj.armor.bone.skull] run data modify entity @s {} merge value {transformation:[-1.7982291666666665f,0f,2.2021955930917455e-16f,1.8078468749999999f,0f,1.7982291666666665f,0f,9.644954732142857f,-2.2021955930917455e-16f,0f,-1.7982291666666665f,2.16841875f,0f,0f,0f,1f],start_interpolation:0}
execute if entity @s[tag=aj.armor.bone.left3] run data modify entity @s {} merge value {transformation:[-2.4411241666666665f,0f,2.989514897029583e-16f,2.1756499999999996f,0f,2.4411241666666665f,0f,8.148983482142857f,-2.989514897029583e-16f,0f,-2.4411241666666665f,3.6494443750000003f,0f,0f,0f,1f],start_interpolation:0}
execute if entity @s[tag=aj.armor.bone.left2] run data modify entity @s {} merge value {transformation:[-2.4411241666666665f,0f,2.989514897029583e-16f,2.1756499999999996f,0f,2.4411241666666665f,0f,8.148983482142857f,-2.989514897029583e-16f,0f,-2.4411241666666665f,3.6494443750000003f,0f,0f,0f,1f],start_interpolation:0}
execute if entity @s[tag=aj.armor.bone.mid2] run data modify entity @s {} merge value {transformation:[-2.612955833333333f,0f,3.1999479976050713e-16f,2.1756499999999996f,0f,2.612955833333333f,0f,8.148983482142857f,-3.1999479976050713e-16f,0f,-2.612955833333333f,3.6494443750000003f,0f,0f,0f,1f],start_interpolation:0}
execute if entity @s[tag=aj.armor.bone.teeth2] run data modify entity @s {} merge value {transformation:[-1.4398166666666659f,0f,1.763266872192344e-16f,1.8078468749999999f,0f,1.4398166666666659f,0f,9.644954732142855f,-1.763266872192344e-16f,0f,-1.4398166666666659f,2.1684187500000003f,0f,0f,0f,1f],start_interpolation:0}