execute if entity @s[tag=aj.armor.bone.right_thumb_2] run data modify entity @s {} merge value {transformation:[-0.9754826602281502f,0.17594940158520275f,-0.13219450698126667f,-2.3400507509564368f,0.18778725136982805f,0.35224578090392705f,-0.9168745050759931f,7.058631038425306f,-0.114758563154024f,-0.9192196244191f,-0.37665070591415634f,1.9397514241326903f,0f,0f,0f,1f],start_interpolation:0}
execute if entity @s[tag=aj.armor.bone.right_thumb] run data modify entity @s {} merge value {transformation:[-0.9754826602281502f,0.17594940158520275f,-0.13219450698126667f,-2.5015399831813334f,0.18778725136982805f,0.35224578090392705f,-0.9168745050759931f,7.256198972878012f,-0.114758563154024f,-0.9192196244191f,-0.37665070591415634f,1.6334676156277592f,0f,0f,0f,1f],start_interpolation:0}
execute if entity @s[tag=aj.armor.bone.right_fingers_2] run data modify entity @s {} merge value {transformation:[0.983738346004202f,-0.16780118409097522f,-0.06404396317049084f,-2.374397488313907f,-0.1594917978255455f,-0.6521699664661219f,-0.7411050541360193f,6.519709817808871f,0.08259075630657381f,0.7392679469970569f,-0.6683275166529239f,2.095119078707712f,0f,0f,0f,1f],start_interpolation:0}
execute if entity @s[tag=aj.armor.bone.right_fingers] run data modify entity @s {} merge value {transformation:[-0.29476924214421785f,-0.9534198784728268f,-0.06404396317049084f,-2.8317326477153086f,-0.6257727049346682f,0.24325258578850914f,-0.7411050541360193f,6.595115562155025f,0.7221631502953273f,-0.17837801108898965f,-0.6683275166529239f,2.042029992509014f,0f,0f,0f,1f],start_interpolation:0}
execute if entity @s[tag=aj.armor.bone.right_hand] run data modify entity @s {} merge value {transformation:[-0.9901214299266028f,0.1247314105649259f,-0.06404396317049084f,-2.6921179959251615f,0.1308927425791801f,0.6585061796780255f,-0.7411050541360193f,7.1463196093078825f,-0.05026573326034137f,-0.7421668859120134f,-0.6683275166529239f,1.430978044703904f,0f,0f,0f,1f],start_interpolation:0}
execute if entity @s[tag=aj.armor.bone.right_forearm] run data modify entity @s {} merge value {transformation:[-1.915985690329147f,-0.010698891780814315f,-0.122961660733923f,-2.6256401646500516f,0.08413373440676147f,1.2862896463186542f,-1.4228898981825837f,8.976849501460407f,0.09030808950783135f,-1.4253349365429633f,-1.2831601495843574f,-0.7220493598917976f,0f,0f,0f,1f],start_interpolation:0}
execute if entity @s[tag=aj.armor.bone.right_bicep] run data modify entity @s {} merge value {transformation:[-1.661380463199552f,0.14535195633340936f,2.0360801602037233e-16f,-2.3938575f,0.14490388476079652f,1.6562589816892062f,0.13084832618787967f,11.55925556547932f,0.011404183056192303f,0.1303504088025451f,-1.662585621928969f,-0.49723182788465053f,0f,0f,0f,1f],start_interpolation:0}
execute if entity @s[tag=aj.armor.bone.right_shoulder] run data modify entity @s {} merge value {transformation:[-1.0664424999999997f,-1.024687868277076e-17f,1.301989384500294e-16f,-1.923835f,0f,1.063155013679691f,0.08367211419574228f,11.790004197585285f,-1.306015394099701e-16f,0.08367211419574228f,-1.063155013679691f,-0.4573200892989892f,0f,0f,0f,1f],start_interpolation:0}
execute if entity @s[tag=aj.armor.bone.right_arm] run data modify entity @s {} merge value {transformation:[-1.3993500000000008f,-2.2368397539577012e-17f,1.6990484760631323e-16f,-1.84185625f,0f,1.3873783667634423f,0.18265182708312927f,11.954500092124528f,-1.7137094983868496e-16f,0.18265182708312927f,-1.3873783667634423f,-0.4294941366667761f,0f,0f,0f,1f],start_interpolation:0}
execute if entity @s[tag=aj.armor.bone.left_thumb_2] run data modify entity @s {} merge value {transformation:[-0.9630324587018942f,-0.1556630296180999f,0.21985791934042107f,2.3552187825496054f,-0.26929884121602155f,0.535619199165922f,-0.8003687947468745f,6.589026589469864f,0.006827708714683368f,-0.829988611183895f,-0.5577385477970269f,0.8123289394885906f,0f,0f,0f,1f],start_interpolation:0}
execute if entity @s[tag=aj.armor.bone.left_thumb] run data modify entity @s {} merge value {transformation:[-0.9630324587018942f,-0.1556630296180999f,0.21985791934042107f,2.516498722161202f,-0.26929884121602155f,0.535619199165922f,-0.8003687947468745f,6.859325659004108f,0.006827708714683368f,-0.829988611183895f,-0.5577385477970269f,0.5676887418746612f,0f,0f,0f,1f],start_interpolation:0}
execute if entity @s[tag=aj.armor.bone.left_fingers_2] run data modify entity @s {} merge value {transformation:[0.9717763048837803f,0.17925355993994702f,0.15335897272504678f,2.4223440501300852f,0.23514766212337845f,-0.7880667207592809f,-0.5689080950642407f,6.0323058957783555f,0.018878301415520687f,0.5889134103419357f,-0.8079756214485032f,0.8485388297652761f,0f,0f,0f,1f],start_interpolation:0}
execute if entity @s[tag=aj.armor.bone.left_fingers] run data modify entity @s {} merge value {transformation:[-0.3045622816515742f,0.9400653392610034f,0.15335897272504678f,2.874761130085835f,0.7506317717700869f,0.3359992895523398f,-0.5689080950642407f,6.146108660821177f,-0.5863392872769888f,-0.058151830069373446f,-0.8079756214485032f,0.8432812817211155f,0f,0f,0f,1f],start_interpolation:0}
execute if entity @s[tag=aj.armor.bone.left_hand] run data modify entity @s {} merge value {transformation:[-0.9786703196371662f,-0.13669466319503992f,0.15335897272504678f,2.7247664288900277f,-0.2005488660909632f,0.797573652824619f,-0.5689080950642407f,6.8092556655079015f,-0.04454837562600858f,-0.5875294353255747f,-0.8079756214485032f,0.3590909521018639f,0f,0f,0f,1f],start_interpolation:0}
execute if entity @s[tag=aj.armor.bone.left_forearm] run data modify entity @s {} merge value {transformation:[-1.8971861874021896f,-0.014943239365391433f,0.29444264597617703f,2.628394771339383f,-0.18187540492999923f,1.568465124858166f,-1.0922791268842622f,9.063873680563265f,-0.23203687046185684f,-1.1072168051211855f,-1.5512785175607056f,-1.3433179596651743f,0f,0f,0f,1f],start_interpolation:0}
execute if entity @s[tag=aj.armor.bone.left_bicep] run data modify entity @s {} merge value {transformation:[-1.6471671230260367f,-0.14535195633340942f,0.21685366569022327f,2.3938575f,-0.07285593837751006f,1.586220939322732f,0.5098111205224429f,11.53231545013127f,-0.2506884835335858f,0.4940528060392604f,-1.5730160023914157f,-0.5528277924800468f,0f,0f,0f,1f],start_interpolation:0}
execute if entity @s[tag=aj.armor.bone.left_shoulder] run data modify entity @s {} merge value {transformation:[-1.0664425f,-3.8837616336404863e-17f,1.2469323018335918e-16f,1.923835f,0f,1.018197493923762f,0.31713320414869917f,11.748487444015257f,-1.3060153940997012e-16f,0.31713320414869917f,-1.018197493923762f,-0.4627858735982034f,0f,0f,0f,1f],start_interpolation:0}
execute if entity @s[tag=aj.armor.bone.left_arm] run data modify entity @s {} merge value {transformation:[-1.3993500000000008f,-2.2368397539577012e-17f,1.6990484760631323e-16f,1.84185625f,0f,1.3873783667634423f,0.18265182708312927f,11.9129833385545f,-1.7137094983868496e-16f,0.18265182708312927f,-1.3873783667634423f,-0.43495992096599034f,0f,0f,0f,1f],start_interpolation:0}
execute if entity @s[tag=aj.armor.bone.chest] run data modify entity @s {} merge value {transformation:[-2.749147083333334f,-4.394469922090158e-17f,3.3379312983963293e-16f,2.7997798581681846e-17f,0f,2.725627748931632f,0.35883570064036086f,12.728444375f,-3.3667341759894493e-16f,0.35883570064036086f,-2.725627748931632f,-0.228619375f,0f,0f,0f,1f],start_interpolation:0}
execute if entity @s[tag=aj.armor.bone.weist] run data modify entity @s {} merge value {transformation:[-2.0482337500000005f,0f,2.5083629058430807e-16f,2.3932660072337152e-17f,0f,2.0482337500000005f,0f,8.572871875f,-2.5083629058430807e-16f,0f,-2.0482337500000005f,-0.19542500000000002f,0f,0f,0f,1f],start_interpolation:0}
execute if entity @s[tag=aj.armor.bone.right_foot] run data modify entity @s {} merge value {transformation:[-1.23889450780396f,-0.0004084445079263929f,0.020499776184832844f,-1.0778449406262427f,0.01024585137058564f,1.060727486514595f,0.6403375914308659f,-0.1660460888824815f,-0.01776035416978397f,0.6404194263471984f,-1.0605788689646094f,-3.56432391934393f,0f,0f,0f,1f],start_interpolation:0}
execute if entity @s[tag=aj.armor.bone.right_knee] run data modify entity @s {} merge value {transformation:[-3.0570963497544645f,-0.006210292366230531f,0.05021270567942346f,-1.1523192641449262f,0.02528266501129776f,2.4408719538724615f,1.8411688860269604f,2.9265869976468024f,-0.043825453709562014f,1.8413319940446797f,-2.4404863844200384f,-1.363716697568396f,0f,0f,0f,1f],start_interpolation:0}
execute if entity @s[tag=aj.armor.bone.right_thigh] run data modify entity @s {} merge value {transformation:[-2.6037157247101455f,0.11316603095304581f,-0.010805917338138892f,-0.9398681249999999f,0.10980495987661991f,2.5676933421124724f,0.43261144826719367f,6.508495795454545f,0.029431092362980794f,0.4317444195628696f,-2.5700174047061832f,-0.7170631250000001f,0f,0f,0f,1f],start_interpolation:0}
execute if entity @s[tag=aj.armor.bone.left_foot] run data modify entity @s {} merge value {transformation:[-1.2389297701257265f,0.004244503636261247f,-0.01774874650384226f,1.0766949541695068f,0.0034542592615930397f,1.2378424155057102f,0.054902018043996574f,-0.610699286929258f,0.017919316575405048f,0.05484658313178124f,-1.2377199842975792f,0.8585207568336118f,0f,0f,0f,1f],start_interpolation:0}
execute if entity @s[tag=aj.armor.bone.left_knee] run data modify entity @s {} merge value {transformation:[-3.057183363067121f,0.007102224198960881f,-0.044468170886968555f,1.1524745977141035f,0.008523730885239042f,3.0559344624767433f,-0.09792794434568187f,3.1781323977197253f,0.04421770937532793f,-0.09804129070653164f,-3.055622796537425f,0.6313426586065981f,0f,0f,0f,1f],start_interpolation:0}
execute if entity @s[tag=aj.armor.bone.left_thigh] run data modify entity @s {} merge value {transformation:[-2.6037263246080706f,-0.11335506523401404f,0.004330039584419303f,0.9398681250000002f,-0.10568275926091976f,2.387808584731547f,-1.0389707457822808f,6.53335375f,0.04122225675540697f,-1.0381616855683813f,-2.390142241306963f,-0.779563125f,0f,0f,0f,1f],start_interpolation:0}
execute if entity @s[tag=aj.armor.bone.left] run data modify entity @s {} merge value {transformation:[-2.637335833333333f,0f,3.229804886568284e-16f,2.1756499999999996f,0f,2.637335833333333f,0f,14.389594375f,-3.229804886568284e-16f,0f,-2.637335833333333f,3.649444375f,0f,0f,0f,1f],start_interpolation:0}
execute if entity @s[tag=aj.armor.bone.left4] run data modify entity @s {} merge value {transformation:[-2.637335833333333f,0f,3.229804886568284e-16f,2.1756499999999996f,0f,2.637335833333333f,0f,14.389594375f,-3.229804886568284e-16f,0f,-2.637335833333333f,3.649444375f,0f,0f,0f,1f],start_interpolation:0}
execute if entity @s[tag=aj.armor.bone.mid] run data modify entity @s {} merge value {transformation:[-1.7014595833333332f,0f,2.083687032607756e-16f,1.8078468749999999f,0f,1.7014595833333332f,0f,15.014374375f,-2.083687032607756e-16f,0f,-1.7014595833333332f,2.16841875f,0f,0f,0f,1f],start_interpolation:0}
execute if entity @s[tag=aj.armor.bone.teeth] run data modify entity @s {} merge value {transformation:[-1.3826316666666663f,0f,1.693235444983103e-16f,1.8078468749999999f,0f,1.3826316666666663f,0f,15.014374375f,-1.693235444983103e-16f,0f,-1.3826316666666663f,2.16841875f,0f,0f,0f,1f],start_interpolation:0}
execute if entity @s[tag=aj.armor.bone.skull] run data modify entity @s {} merge value {transformation:[-1.7982291666666665f,0f,2.2021955930917455e-16f,1.8078468749999999f,0f,1.7982291666666665f,0f,15.014374375f,-2.2021955930917455e-16f,0f,-1.7982291666666665f,2.16841875f,0f,0f,0f,1f],start_interpolation:0}
execute if entity @s[tag=aj.armor.bone.left3] run data modify entity @s {} merge value {transformation:[-2.4411241666666665f,0f,2.989514897029583e-16f,2.1756499999999996f,0f,2.4411241666666665f,0f,13.518403125f,-2.989514897029583e-16f,0f,-2.4411241666666665f,3.6494443750000003f,0f,0f,0f,1f],start_interpolation:0}
execute if entity @s[tag=aj.armor.bone.left2] run data modify entity @s {} merge value {transformation:[-2.4411241666666665f,0f,2.989514897029583e-16f,2.1756499999999996f,0f,2.4411241666666665f,0f,13.518403125f,-2.989514897029583e-16f,0f,-2.4411241666666665f,3.6494443750000003f,0f,0f,0f,1f],start_interpolation:0}
execute if entity @s[tag=aj.armor.bone.mid2] run data modify entity @s {} merge value {transformation:[-2.612955833333333f,0f,3.1999479976050713e-16f,2.1756499999999996f,0f,2.612955833333333f,0f,13.518403125f,-3.1999479976050713e-16f,0f,-2.612955833333333f,3.6494443750000003f,0f,0f,0f,1f],start_interpolation:0}
execute if entity @s[tag=aj.armor.bone.teeth2] run data modify entity @s {} merge value {transformation:[-1.4398166666666667f,0f,1.763266872192345e-16f,1.8078468749999999f,0f,1.4398166666666667f,0f,15.014374375f,-1.763266872192345e-16f,0f,-1.4398166666666667f,2.1684187500000003f,0f,0f,0f,1f],start_interpolation:0}