execute if entity @s[tag=aj.armor.bone.right_thumb_2] run data modify entity @s {} merge value {transformation:[-0.9754826602281502f,0.17594940158520275f,-0.13219450698126667f,-2.340050750956437f,0.17417770132844512f,0.25007958330651514f,-0.952429698388904f,2.040794761834182f,-0.1345202882622174f,-0.9521039912189471f,-0.2745947595108129f,2.4405938513961547f,0f,0f,0f,1f],start_interpolation:0}
execute if entity @s[tag=aj.armor.bone.right_thumb] run data modify entity @s {} merge value {transformation:[-0.9754826602281502f,0.17594940158520275f,-0.13219450698126667f,-2.501539983181334f,0.17417770132844512f,0.25007958330651514f,-0.952429698388904f,2.203844258256698f,-0.1345202882622174f,-0.9521039912189471f,-0.2745947595108129f,2.1146218866621322f,0f,0f,0f,1f],start_interpolation:0}
execute if entity @s[tag=aj.armor.bone.right_fingers_2] run data modify entity @s {} merge value {transformation:[0.983738346004202f,-0.16780118409097522f,-0.06404396317049085f,-2.3743974883139076f,-0.1495524349921994f,-0.5678118976960888f,-0.8094589044680837f,1.5219910976845683f,0.09946323837891323f,0.8058736944785035f,-0.5836734127564375f,2.653708722261108f,0f,0f,0f,1f],start_interpolation:0}
execute if entity @s[tag=aj.armor.bone.right_fingers] run data modify entity @s {} merge value {transformation:[-0.29476924214421785f,-0.9534198784728268f,-0.06404396317049085f,-2.831732647715309f,-0.5434336783209305f,0.22238731808246864f,-0.8094589044680837f,1.591169012887035f,0.7859967755355658f,-0.20379994133695584f,-0.5836734127564375f,2.5927259919020096f,0f,0f,0f,1f],start_interpolation:0}
execute if entity @s[tag=aj.armor.bone.right_hand] run data modify entity @s {} merge value {transformation:[-0.9901214299266028f,0.1247314105649259f,-0.06404396317049085f,-2.692117995925162f,0.12464248709594064f,0.5737948521796514f,-0.8094589044680837f,2.07257357368338f,-0.06421685456823283f,-0.8094452068118112f,-0.5836734127564375f,1.925298068183959f,0f,0f,0f,1f],start_interpolation:0}
execute if entity @s[tag=aj.armor.bone.right_forearm] run data modify entity @s {} merge value {transformation:[-1.915985690329147f,-0.010698891780814289f,-0.12296166073392303f,-2.625640164650052f,0.0934652314239236f,1.123472615554048f,-1.5541263573007371f,3.6578300502740455f,0.080611952033519f,-1.5568975617093914f,-1.1206279031750623f,-0.4142165384024982f,0f,0f,0f,1f],start_interpolation:0}
execute if entity @s[tag=aj.armor.bone.right_bicep] run data modify entity @s {} merge value {transformation:[-1.6613804631995532f,0.1453519563334095f,2.0414235412468193e-16f,-2.3938575f,0.1452841628490739f,1.6606055801278108f,-0.050929892840373636f,6.249362348197349f,-0.004438832638561606f,-0.05073608922196095f,-1.6669488236674752f,-0.4718737235557961f,0f,0f,0f,1f],start_interpolation:0}
execute if entity @s[tag=aj.armor.bone.right_shoulder] run data modify entity @s {} merge value {transformation:[-1.0664424999999997f,3.988376836494554e-18f,1.305406256552499e-16f,-1.923835f,0f,1.065945101445881f,-0.03256756837376637f,6.4830845547281415f,-1.306015394099701e-16f,-0.03256756837376637f,-1.065945101445881f,-0.4573200892989891f,0f,0f,0f,1f],start_interpolation:0}
execute if entity @s[tag=aj.armor.bone.right_arm] run data modify entity @s {} merge value {transformation:[-1.39935f,-2.2368397539577e-17f,1.6990484760631316e-16f,-1.84185625f,0f,1.3873783667634416f,0.1826518270831292f,6.647580449267386f,-1.7137094983868489e-16f,0.1826518270831292f,-1.3873783667634416f,-0.429494136666776f,0f,0f,0f,1f],start_interpolation:0}
execute if entity @s[tag=aj.armor.bone.left_thumb_2] run data modify entity @s {} merge value {transformation:[-0.9630324587018942f,-0.1556630296180999f,0.21985791934042107f,2.3552187825496054f,-0.26892570021607753f,0.6031923642200313f,-0.7508914299084398f,1.1935030444660903f,-0.01573058326563071f,-0.7822582648695784f,-0.6227556148228289f,0.3761243753001893f,0f,0f,0f,1f],start_interpolation:0}
execute if entity @s[tag=aj.armor.bone.left_thumb] run data modify entity @s {} merge value {transformation:[-0.9630324587018942f,-0.1556630296180999f,0.21985791934042107f,2.516498722161202f,-0.26892570021607753f,0.6031923642200313f,-0.7508914299084398f,1.4833251012474757f,-0.01573058326563071f,-0.7822582648695784f,-0.6227556148228289f,0.1549602084858779f,0f,0f,0f,1f],start_interpolation:0}
execute if entity @s[tag=aj.armor.bone.left_fingers_2] run data modify entity @s {} merge value {transformation:[0.9717763048837803f,0.17925355993994702f,0.15335897272504678f,2.4223440501300852f,0.23274327062693362f,-0.8345818639356883f,-0.49930319683285596f,0.6357048830804195f,0.03848874178644647f,0.5209042845269056f,-0.8527469396703858f,0.36562208540853847f,0f,0f,0f,1f],start_interpolation:0}
execute if entity @s[tag=aj.armor.bone.left_fingers] run data modify entity @s {} merge value {transformation:[-0.3045622816515742f,0.9400653392610034f,0.15335897272504678f,2.874761130085835f,0.7970628075150404f,0.3396869124778457f,-0.49930319683285596f,0.7495484660899919f,-0.5214716650705276f,-0.029832187505491298f,-0.8527469396703858f,0.3699057462694088f,0f,0f,0f,1f],start_interpolation:0}
execute if entity @s[tag=aj.armor.bone.left_hand] run data modify entity @s {} merge value {transformation:[-0.9786703196371662f,-0.13669466319503992f,0.15335897272504678f,2.7247664288900277f,-0.19611780099388762f,0.8439396458075732f,-0.49930319683285596f,1.4508857234379122f,-0.06117363479971531f,-0.5187296437337877f,-0.8527469396703858f,-0.057095748549369496f,0f,0f,0f,1f],start_interpolation:0}
execute if entity @s[tag=aj.armor.bone.left_forearm] run data modify entity @s {} merge value {transformation:[-1.8971861874021896f,-0.014943239365391433f,0.29444264597617703f,2.628394771339383f,-0.16182119739202835f,1.6556138112568821f,-0.9586407094902193f,3.8400503819822527f,-0.24644202613757643f,-0.9720878609542294f,-1.6372375271109798f,-1.5648724996099237f,0f,0f,0f,1f],start_interpolation:0}
execute if entity @s[tag=aj.armor.bone.left_bicep] run data modify entity @s {} merge value {transformation:[-1.6471671230260378f,-0.14535195633340955f,0.21685366569022343f,2.3938575f,-0.05162335069677162f,1.539316565925501f,0.6396497277739374f,6.2336884664645265f,-0.25590571153468755f,0.6250516405613897f,-1.5248393187960991f,-0.5706008090341419f,0f,0f,0f,1f],start_interpolation:0}
execute if entity @s[tag=aj.armor.bone.left_shoulder] run data modify entity @s {} merge value {transformation:[-1.0664425f,-4.913546792938282e-17f,1.2100606549927392e-16f,1.923835f,0f,0.9880895094285393f,0.4012215437430028f,6.441567801158112f,-1.3060153940997012e-16f,0.4012215437430028f,-0.9880895094285393f,-0.4627858735982033f,0f,0f,0f,1f],start_interpolation:0}
execute if entity @s[tag=aj.armor.bone.left_arm] run data modify entity @s {} merge value {transformation:[-1.39935f,-2.2368397539577e-17f,1.6990484760631316e-16f,1.84185625f,0f,1.3873783667634416f,0.1826518270831292f,6.606063695697356f,-1.7137094983868489e-16f,0.1826518270831292f,-1.3873783667634416f,-0.43495992096599023f,0f,0f,0f,1f],start_interpolation:0}
execute if entity @s[tag=aj.armor.bone.chest] run data modify entity @s {} merge value {transformation:[-2.749147083333334f,-4.394469922090158e-17f,3.3379312983963293e-16f,2.7997798581681846e-17f,0f,2.725627748931632f,0.35883570064036086f,7.421524732142856f,-3.3667341759894493e-16f,0.35883570064036086f,-2.725627748931632f,-0.228619375f,0f,0f,0f,1f],start_interpolation:0}
execute if entity @s[tag=aj.armor.bone.weist] run data modify entity @s {} merge value {transformation:[-2.0482337499999996f,0f,2.5083629058430797e-16f,2.3932660072337152e-17f,0f,2.0482337499999996f,0f,3.265952232142857f,-2.5083629058430797e-16f,0f,-2.0482337499999996f,-0.19542500000000002f,0f,0f,0f,1f],start_interpolation:0}
execute if entity @s[tag=aj.armor.bone.right_foot] run data modify entity @s {} merge value {transformation:[-1.2389992874387115f,-0.00011661298552110915f,0.012679165790287526f,-1.0780033200432353f,0.0039794471508256875f,1.1728339861334776f,0.39965561936246147f,-5.7232979262214485f,-0.012039054950442538f,0.3996754139161307f,-1.1727722002947676f,-3.3542863466964867f,0f,0f,0f,1f],start_interpolation:0}
execute if entity @s[tag=aj.armor.bone.right_knee] run data modify entity @s {} merge value {transformation:[-3.057354904003362f,-0.004605522373973031f,0.030947622772294958f,-1.1511509135946865f,0.009819684631901741f,2.7301722287280965f,1.3763942569266232f,-2.2878915399726307f,-0.029707574544607783f,1.376421579993035f,-2.730014481531033f,-1.7402137435685132f,0f,0f,0f,1f],start_interpolation:0}
execute if entity @s[tag=aj.armor.bone.right_thigh] run data modify entity @s {} merge value {transformation:[-2.603761200198408f,0.11252132085138082f,0.005045612873419533f,-0.9398681249999999f,0.10972026644112155f,2.5074644768749397f,0.7020272458077657f,1.2052287500000003f,0.025455234972341177f,0.7015837391774473f,-2.509858797113566f,-0.7170631250000001f,0f,0f,0f,1f],start_interpolation:0}
execute if entity @s[tag=aj.armor.bone.left_foot] run data modify entity @s {} merge value {transformation:[-1.2390355325969524f,-0.0012698463926557894f,-0.00832739873467075f,1.0887060536692148f,0.0011120225993054445f,1.189526951737771f,-0.3468492519994046f,-5.684700964760868f,0.008349939238447849f,-0.34684871009843304f,-1.1894983227962657f,1.9332201364599397f,0f,0f,0f,1f],start_interpolation:0}
execute if entity @s[tag=aj.armor.bone.left_knee] run data modify entity @s {} merge value {transformation:[-3.0574443425635116f,-0.0031334732273679395f,-0.020548690880741453f,1.1526073670321972f,0.0027440272014823447f,2.9352769579534916f,-0.8558852876682816f,-2.071400539791692f,0.020604311832634076f,-0.8558839504733295f,-2.9352063131713715f,0.7702177124048996f,0f,0f,0f,1f],start_interpolation:0}
execute if entity @s[tag=aj.armor.bone.left_thigh] run data modify entity @s {} merge value {transformation:[-2.6037235179851397f,-0.11350213776136307f,0.000011346800828650805f,0.9398681250000002f,-0.10211279964876925f,2.3423398832994593f,-1.1381018147629094f,1.2219698214285717f,0.049555136495015785f,-1.137022440122594f,-2.3445645976638576f,-0.779563125f,0f,0f,0f,1f],start_interpolation:0}