execute if entity @s[tag=aj.armor.bone.right_thumb_2] run data modify entity @s {} merge value {transformation:[-0.9754826602281502f,0.17594940158520275f,-0.13219450698126664f,-2.3400507509564368f,0.2028363042255391f,0.4857410858033513f,-0.8502429248460146f,1.3236943833311876f,-0.08538743047038962f,-0.8562110754039511f,-0.5095209329098012f,1.2052921551172517f,0f,0f,0f,1f],start_interpolation:0}
execute if entity @s[tag=aj.armor.bone.right_thumb] run data modify entity @s {} merge value {transformation:[-0.9754826602281502f,0.17594940158520275f,-0.13219450698126664f,-2.5015399831813334f,0.2028363042255391f,0.4857410858033513f,-0.8502429248460146f,1.5648411937076108f,-0.08538743047038962f,-0.8562110754039511f,-0.5095209329098012f,0.9319954739784714f,0f,0f,0f,1f],start_interpolation:0}
execute if entity @s[tag=aj.armor.bone.right_fingers_2] run data modify entity @s {} merge value {transformation:[0.983738346004202f,-0.16780118409097522f,-0.06404396317049083f,-2.374397488313907f,-0.17004876993424634f,-0.7553839022217208f,-0.6328337665675995f,0.767599631978127f,0.0578124765493255f,0.6334334399776758f,-0.7716344955179764f,1.2783251451726296f,0f,0f,0f,1f],start_interpolation:0}
execute if entity @s[tag=aj.armor.bone.right_fingers] run data modify entity @s {} merge value {transformation:[-0.29476924214421785f,-0.9534198784728268f,-0.06404396317049083f,-2.8317326477153086f,-0.7267256697910014f,0.2671913635555705f,-0.6328337665675995f,0.8500962376058202f,0.6204682866614082f,-0.13999753774325702f,-0.7716344955179764f,1.237108796308143f,0f,0f,0f,1f],start_interpolation:0}
execute if entity @s[tag=aj.armor.bone.right_hand] run data modify entity @s {} merge value {transformation:[-0.9901214299266028f,0.12473141056492588f,-0.06404396317049083f,-2.6921179959251615f,0.13693753814444243f,0.7620823672929352f,-0.6328337665675995f,1.4864766193641286f,-0.030127473293302502f,-0.63535229650933f,-0.7716344955179764f,0.7153517702632037f,0f,0f,0f,1f],start_interpolation:0}
execute if entity @s[tag=aj.armor.bone.right_forearm] run data modify entity @s {} merge value {transformation:[-1.915985690329147f,-0.010698891780814334f,-0.12296166073392298f,-2.6256401646500516f,0.06968351557570052f,1.4849650449305354f,-1.2150136726939758f,3.618378423317161f,0.10187366663074933f,-1.216963249605737f,-1.481505115414082f,-1.1397388984928658f,0f,0f,0f,1f],start_interpolation:0}
execute if entity @s[tag=aj.armor.bone.right_bicep] run data modify entity @s {} merge value {transformation:[-1.6613804631995532f,0.14535195633340944f,1.9892252611017177e-16f,-2.3938575f,0.14156931226573496f,1.6181446436633036f,0.37799242944730815f,6.138130730709488f,0.03294421094147172f,0.3765540541342266f,-1.624325693323735f,-0.5312881514553732f,0f,0f,0f,1f],start_interpolation:0}
execute if entity @s[tag=aj.armor.bone.right_shoulder] run data modify entity @s {} merge value {transformation:[-1.0664424999999997f,-2.9601009660535674e-17f,1.272027606749588e-16f,-1.923835f,0f,1.0386893654849896f,0.24171058693122824f,6.360316697585285f,-1.306015394099701e-16f,0.24171058693122824f,-1.0386893654849896f,-0.4573200892989891f,0f,0f,0f,1f],start_interpolation:0}
execute if entity @s[tag=aj.armor.bone.right_arm] run data modify entity @s {} merge value {transformation:[-1.39935f,-2.2368397539577e-17f,1.6990484760631316e-16f,-1.84185625f,0f,1.3873783667634416f,0.1826518270831292f,6.524812592124529f,-1.7137094983868489e-16f,0.1826518270831292f,-1.3873783667634416f,-0.429494136666776f,0f,0f,0f,1f],start_interpolation:0}
execute if entity @s[tag=aj.armor.bone.left_thumb_2] run data modify entity @s {} merge value {transformation:[-0.9630324587018942f,-0.15566302961809986f,0.21985791934042107f,2.3552187825496054f,-0.2672302390748171f,0.4490016327782397f,-0.8526344662787746f,1.3146102533644262f,0.03400709941469008f,-0.8798673507822581f,-0.4740010149955485f,1.3271972649043915f,0f,0f,0f,1f],start_interpolation:0}
execute if entity @s[tag=aj.armor.bone.left_thumb] run data modify entity @s {} merge value {transformation:[-0.9630324587018942f,-0.15566302961809986f,0.21985791934042107f,2.516498722161202f,-0.2672302390748171f,0.4490016327782397f,-0.8526344662787746f,1.5588031507454496f,0.03400709941469008f,-0.8798673507822581f,-0.4740010149955485f,1.0564940285951039f,0f,0f,0f,1f],start_interpolation:0}
execute if entity @s[tag=aj.armor.bone.left_fingers_2] run data modify entity @s {} merge value {transformation:[0.9717763048837803f,0.17925355993994696f,0.15335897272504678f,2.4223440501300852f,0.23585164401089515f,-0.7245189691428346f,-0.6476467133936231f,0.7643988124377268f,-0.004981494131658493f,0.6655376958528041f,-0.7463476134584719f,1.419481918079058f,0f,0f,0f,1f],start_interpolation:0}
execute if entity @s[tag=aj.armor.bone.left_fingers] run data modify entity @s {} merge value {transformation:[-0.3045622816515741f,0.9400653392610034f,0.15335897272504678f,2.874761130085835f,0.6875357919029327f,0.3284026027345782f,-0.6476467133936231f,0.877087679652601f,-0.6591937131432567f,-0.09180897797736964f,-0.7463476134584719f,1.4027507989097738f,0f,0f,0f,1f],start_interpolation:0}
execute if entity @s[tag=aj.armor.bone.left_hand] run data modify entity @s {} merge value {transformation:[-0.9786703196371662f,-0.1366946631950399f,0.15335897272504678f,2.7247664288900277f,-0.20402409193766657f,0.7341170918453327f,-0.6476467133936231f,1.4879093598899051f,-0.024053593708583204f,-0.6651215411596183f,-0.7463476134584719f,0.8540239997885255f,0f,0f,0f,1f],start_interpolation:0}
execute if entity @s[tag=aj.armor.bone.left_forearm] run data modify entity @s {} merge value {transformation:[-1.8971861874021896f,-0.014943239365391405f,0.29444264597617703f,2.628394771339383f,-0.2043931187140747f,1.448544464687847f,-1.24345389487764f,3.558946187931914f,-0.21246935118863108f,-1.2600519176848652f,-1.4329553870885217f,-1.0675131332301706f,0f,0f,0f,1f],start_interpolation:0}
execute if entity @s[tag=aj.armor.bone.left_bicep] run data modify entity @s {} merge value {transformation:[-1.6471671230260378f,-0.14535195633340953f,0.21685366569022343f,2.3938575f,-0.09781661750771595f,1.6280277596636392f,0.34823807634296994f,6.094635294597576f,-0.24204258483288793f,0.33122599122918117f,-1.6164828995608866f,-0.5305213004231055f,0f,0f,0f,1f],start_interpolation:0}
execute if entity @s[tag=aj.armor.bone.left_shoulder] run data modify entity @s {} merge value {transformation:[-1.0664425f,-2.6037759143871917e-17f,1.279796749293406e-16f,1.923835f,0f,1.045033351807599f,0.21261443839971178f,6.3187999440152565f,-1.3060153940997012e-16f,0.21261443839971178f,-1.045033351807599f,-0.4627858735982033f,0f,0f,0f,1f],start_interpolation:0}
execute if entity @s[tag=aj.armor.bone.left_arm] run data modify entity @s {} merge value {transformation:[-1.39935f,-2.2368397539577e-17f,1.6990484760631316e-16f,1.84185625f,0f,1.3873783667634416f,0.1826518270831292f,6.4832958385545005f,-1.7137094983868489e-16f,0.1826518270831292f,-1.3873783667634416f,-0.43495992096599023f,0f,0f,0f,1f],start_interpolation:0}
execute if entity @s[tag=aj.armor.bone.chest] run data modify entity @s {} merge value {transformation:[-2.749147083333334f,-4.394469922090158e-17f,3.3379312983963293e-16f,2.7997798581681846e-17f,0f,2.725627748931632f,0.35883570064036086f,7.298756875f,-3.3667341759894493e-16f,0.35883570064036086f,-2.725627748931632f,-0.228619375f,0f,0f,0f,1f],start_interpolation:0}
execute if entity @s[tag=aj.armor.bone.weist] run data modify entity @s {} merge value {transformation:[-2.0482337499999996f,0f,2.5083629058430797e-16f,2.3932660072337152e-17f,0f,2.0482337499999996f,0f,3.143184375f,-2.5083629058430797e-16f,0f,-2.0482337499999996f,-0.19542500000000002f,0f,0f,0f,1f],start_interpolation:0}
execute if entity @s[tag=aj.armor.bone.right_foot] run data modify entity @s {} merge value {transformation:[-1.2388664548384671f,-0.0050521719793483995f,0.021549750616196565f,-1.071851400839778f,-0.0031787680060295156f,1.2344602713952268f,0.10666650316827588f,-6.052794418958815f,-0.021904602879144402f,0.10659419788372654f,-1.2342762553284385f,0.4576892189166898f,0f,0f,0f,1f],start_interpolation:0}
execute if entity @s[tag=aj.armor.bone.right_knee] run data modify entity @s {} merge value {transformation:[-3.057027126250876f,-0.011303741881899131f,0.05343547520870253f,-1.1525348368709496f,-0.007843928604683779f,3.0511714269140806f,0.1966961402573539f,-2.2597805498258228f,-0.05405180270219571f,0.1965276678423764f,-3.0507135646635333f,0.5960147371872626f,0f,0f,0f,1f],start_interpolation:0}
execute if entity @s[tag=aj.armor.bone.right_thigh] run data modify entity @s {} merge value {transformation:[-2.6037250745734344f,0.1134055604121463f,-0.0037159681420136526f,-0.9398681249999999f,0.10665112802344073f,2.41688609016703f,-0.9693018402760392f,1.1349162500000003f,-0.03873198217175409f,-0.9685348210254476f,-2.419235215420839f,-0.7170631250000001f,0f,0f,0f,1f],start_interpolation:0}
execute if entity @s[tag=aj.armor.bone.left_foot] run data modify entity @s {} merge value {transformation:[-1.2385400970288996f,0.019718672363601582f,-0.03015976009888479f,1.0110323594391946f,-0.007876700754631259f,0.863843977905299f,0.8882519623053655f,-5.014311774071855f,0.03516240541014422f,0.8880679956593005f,-0.8633532587815989f,-2.3920009867399146f,0f,0f,0f,1f],start_interpolation:0}
execute if entity @s[tag=aj.armor.bone.left_knee] run data modify entity @s {} merge value {transformation:[-3.0562218056508907f,0.046472665781331f,-0.07580594451748957f,1.1345767048757198f,-0.019436548449774715f,2.1944691624519073f,2.1289258537715647f,-2.217749179774928f,0.08676675903461857f,2.1285073083284924f,-2.1932455729224274f,0.17248189060197694f,0f,0f,0f,1f],start_interpolation:0}
execute if entity @s[tag=aj.armor.bone.left_thigh] run data modify entity @s {} merge value {transformation:[-2.6041466546071406f,-0.1003052383926134f,0.024858679842297865f,0.9398681250000002f,-0.10328211030143822f,2.5053414268147702f,-0.7105322190382888f,1.2963745833333336f,0.003449710738949172f,-0.7109585696443881f,-2.507346187756905f,-0.779563125f,0f,0f,0f,1f],start_interpolation:0}