execute if entity @s[tag=aj.armor.bone.right_thumb_2] run data modify entity @s {} merge value {transformation:[-0.9754826602281502f,0.17594940158520272f,-0.1321945069812666f,-2.3400507509564368f,0.20997177658777605f,0.5641619298217149f,-0.79851936105295f,1.115535400924919f,-0.06591989556108346f,-0.8066989060496161f,-0.5872745885423345f,0.6929427403904034f,0f,0f,0f,1f],start_interpolation:0}
execute if entity @s[tag=aj.armor.bone.right_thumb] run data modify entity @s {} merge value {transformation:[-0.9754826602281502f,0.17594940158520272f,-0.1321945069812666f,-2.5015399831813334f,0.20997177658777605f,0.5641619298217149f,-0.79851936105295f,1.3813314829185557f,-0.06591989556108346f,-0.8066989060496161f,-0.5872745885423345f,0.4435528791830426f,0f,0f,0f,1f],start_interpolation:0}
execute if entity @s[tag=aj.armor.bone.right_fingers_2] run data modify entity @s {} merge value {transformation:[0.983738346004202f,-0.16780118409097522f,-0.06404396317049081f,-2.374397488313907f,-0.17473472213089858f,-0.8116428343612409f,-0.5574080070396269f,0.5550356062516854f,0.04155289981161596f,0.5595343350034184f,-0.8277648726960621f,0.7133184683556575f,0f,0f,0f,1f],start_interpolation:0}
execute if entity @s[tag=aj.armor.bone.right_fingers] run data modify entity @s {} merge value {transformation:[-0.29476924214421785f,-0.9534198784728268f,-0.06404396317049081f,-2.8317326477153086f,-0.7818916594699522f,0.2791804909721225f,-0.5574080070396269f,0.6410448900962614f,0.5493236994132399f,-0.1142312951577821f,-0.8277648726960621f,0.6800486555164882f,0f,0f,0f,1f],start_interpolation:0}
execute if entity @s[tag=aj.armor.bone.right_hand] run data modify entity @s {} merge value {transformation:[-0.9901214299266028f,0.12473141056492587f,-0.06404396317049081f,-2.6921179959251615f,0.1391650501991716f,0.8184921517590583f,-0.5574080070396269f,1.3237026668775944f,-0.017106805755643877f,-0.5608142943321885f,-0.8277648726960621f,0.22049588997799474f,0f,0f,0f,1f],start_interpolation:0}
execute if entity @s[tag=aj.armor.bone.right_forearm] run data modify entity @s {} merge value {transformation:[-1.915985690329147f,-0.010698891780814351f,-0.12296166073392295f,-2.6256401646500516f,0.05978709872880132f,1.5929010762889588f,-1.0701994514224482f,3.6207224690514743f,0.10797934580916163f,-1.0718147679118712f,-1.5892730306673193f,-1.4257321377949213f,0f,0f,0f,1f],start_interpolation:0}
execute if entity @s[tag=aj.armor.bone.right_bicep] run data modify entity @s {} merge value {transformation:[-1.6613804631995532f,0.14535195633340942f,1.9368335913939556e-16f,-2.3938575f,0.13784069852147077f,1.575526393549569f,0.5291774369442762f,6.072031752971035f,0.04612085256218024f,0.5271637570336669f,-1.5815446484181843f,-0.5828520770809376f,0f,0f,0f,1f],start_interpolation:0}
execute if entity @s[tag=aj.armor.bone.right_shoulder] run data modify entity @s {} merge value {transformation:[-1.0664424999999997f,-4.144047658845665e-17f,1.2385252922881934e-16f,-1.923835f,0f,1.011332649667237f,0.3383871710382873f,6.286270641092162f,-1.306015394099701e-16f,0.3383871710382873f,-1.011332649667237f,-0.4883027412169205f,0f,0f,0f,1f],start_interpolation:0}
execute if entity @s[tag=aj.armor.bone.right_arm] run data modify entity @s {} merge value {transformation:[-1.39935f,-2.2368397539577e-17f,1.6990484760631316e-16f,-1.84185625f,0f,1.3873783667634416f,0.1826518270831292f,6.446687592124529f,-1.7137094983868489e-16f,0.1826518270831292f,-1.3873783667634416f,-0.429494136666776f,0f,0f,0f,1f],start_interpolation:0}
execute if entity @s[tag=aj.armor.bone.left_thumb_2] run data modify entity @s {} merge value {transformation:[-0.9630324587018942f,-0.15566302961809986f,0.21985791934042107f,2.3552187825496054f,-0.2662484638626313f,0.42581552897354014f,-0.8647501898096199f,1.285056360277532f,0.040990718185628994f,-0.8913193347477093f,-0.45151921833685854f,1.4575782972436122f,0f,0f,0f,1f],start_interpolation:0}
execute if entity @s[tag=aj.armor.bone.left_thumb] run data modify entity @s {} merge value {transformation:[-0.9630324587018942f,-0.15566302961809986f,0.21985791934042107f,2.516498722161202f,-0.2662484638626313f,0.42581552897354014f,-0.8647501898096199f,1.5220793942278346f,0.040990718185628994f,-0.8913193347477093f,-0.45151921833685854f,1.1805755993205507f,0f,0f,0f,1f],start_interpolation:0}
execute if entity @s[tag=aj.armor.bone.left_fingers_2] run data modify entity @s {} merge value {transformation:[0.9717763048837803f,0.17925355993994696f,0.15335897272504678f,2.4223440501300852f,0.23564042322863854f,-0.7068489487260947f,-0.6669618839374878f,0.7374491936655642f,-0.01115366339163526f,0.6842753283099358f,-0.7291384442335185f,1.564234183220035f,0f,0f,0f,1f],start_interpolation:0}
execute if entity @s[tag=aj.armor.bone.left_fingers] run data modify entity @s {} merge value {transformation:[-0.3045622816515741f,0.9400653392610034f,0.15335897272504678f,2.874761130085835f,0.6700445108048112f,0.3258867884939469f,-0.6669618839374878f,0.849661475578484f,-0.6769654128059486f,-0.10037409528955124f,-0.7291384442335185f,1.5445589467354646f,0f,0f,0f,1f],start_interpolation:0}
execute if entity @s[tag=aj.armor.bone.left_hand] run data modify entity @s {} merge value {transformation:[-0.9786703196371662f,-0.1366946631950399f,0.15335897272504678f,2.7247664288900277f,-0.20458382765610314f,0.7164546760515527f,-0.6669618839374878f,1.445909849425841f,-0.018704623034558124f,-0.6841105657844055f,-0.7291384442335185f,0.9800307350346172f,0f,0f,0f,1f],start_interpolation:0}
execute if entity @s[tag=aj.armor.bone.left_forearm] run data modify entity @s {} merge value {transformation:[-1.8971861874021896f,-0.014943239365391405f,0.29444264597617703f,2.628394771339383f,-0.20988487752019558f,1.4150637707635307f,-1.2805381933791242f,3.46593700666949f,-0.20704615514545588f,-1.2975386029369633f,-1.3999145207367905f,-0.9950613591914118f,0f,0f,0f,1f],start_interpolation:0}
execute if entity @s[tag=aj.armor.bone.left_bicep] run data modify entity @s {} merge value {transformation:[-1.6471671230260378f,-0.14535195633340953f,0.21685366569022343f,2.3938575f,-0.10411903442739512f,1.6361403608619336f,0.3058041545492809f,6.014814003457687f,-0.23939910234406372f,0.288495689846043f,-1.6250447813670317f,-0.5246301427438035f,0f,0f,0f,1f],start_interpolation:0}
execute if entity @s[tag=aj.armor.bone.left_shoulder] run data modify entity @s {} merge value {transformation:[-1.0664425f,-2.2678719319037094e-17f,1.2861740856626801e-16f,1.923835f,0f,1.0502408421417218f,0.18518579671156532f,6.2406749440152565f,-1.3060153940997012e-16f,0.18518579671156532f,-1.0502408421417218f,-0.4627858735982033f,0f,0f,0f,1f],start_interpolation:0}
execute if entity @s[tag=aj.armor.bone.left_arm] run data modify entity @s {} merge value {transformation:[-1.39935f,-2.2368397539577e-17f,1.6990484760631316e-16f,1.84185625f,0f,1.3873783667634416f,0.1826518270831292f,6.4051708385545005f,-1.7137094983868489e-16f,0.1826518270831292f,-1.3873783667634416f,-0.43495992096599023f,0f,0f,0f,1f],start_interpolation:0}
execute if entity @s[tag=aj.armor.bone.chest] run data modify entity @s {} merge value {transformation:[-2.749147083333334f,-4.394469922090158e-17f,3.3379312983963293e-16f,2.7997798581681846e-17f,0f,2.725627748931632f,0.35883570064036086f,7.220631875f,-3.3667341759894493e-16f,0.35883570064036086f,-2.725627748931632f,-0.228619375f,0f,0f,0f,1f],start_interpolation:0}
execute if entity @s[tag=aj.armor.bone.weist] run data modify entity @s {} merge value {transformation:[-2.0482337499999996f,0f,2.5083629058430797e-16f,2.3932660072337152e-17f,0f,2.0482337499999996f,0f,3.065059375f,-2.5083629058430797e-16f,0f,-2.0482337499999996f,-0.19542500000000002f,0f,0f,0f,1f],start_interpolation:0}
execute if entity @s[tag=aj.armor.bone.right_foot] run data modify entity @s {} merge value {transformation:[-1.2386196122607789f,-0.018347309010644727f,0.027655767796006953f,-1.0162666333631596f,0.009028932479130024f,0.8072820245202362f,0.9399437325617728f,-4.906450869016137f,-0.03193655614818308f,0.939808022021486f,-0.8068586910003617f,-2.655132837193318f,0f,0f,0f,1f],start_interpolation:0}
execute if entity @s[tag=aj.armor.bone.right_knee] run data modify entity @s {} merge value {transformation:[-3.0564180174539115f,-0.043016722674837256f,0.06968815809318767f,-1.1357358598574507f,0.022279795697097128f,2.0668715423405435f,2.2529854889438417f,-2.263927914936128f,-0.07880665271282992f,2.2526849678235394f,-2.0658165268133226f,0.06798991405587318f,0f,0f,0f,1f],start_interpolation:0}
execute if entity @s[tag=aj.armor.bone.right_thigh] run data modify entity @s {} merge value {transformation:[-2.604079314524306f,0.10109143022677856f,-0.028466470019758924f,-0.9398681249999999f,0.1049145278116901f,2.5360973756702747f,-0.5911530567344281f,1.2911662500000003f,0.0047706430102843755f,-0.5918188214032334f,-2.5381068963131197f,-0.7170631250000001f,0f,0f,0f,1f],start_interpolation:0}
execute if entity @s[tag=aj.armor.bone.left_foot] run data modify entity @s {} merge value {transformation:[-1.238770239122519f,0.0014239643311532058f,-0.026949510334729664f,1.0596588991338436f,-0.000023662836270075556f,1.2372803344528618f,0.06646339243257103f,-6.157882678640571f,0.026987093614694358f,0.06644814082545389f,-1.2369868028707636f,-1.2223418066477438f,0f,0f,0f,1f],start_interpolation:0}
execute if entity @s[tag=aj.armor.bone.left_knee] run data modify entity @s {} merge value {transformation:[-3.056789704329832f,0.01927496924988417f,-0.06374287637500001f,1.1498766275090675f,-0.00005839041978990871f,2.9258622046877054f,0.887540608082561f,-2.496567986711108f,0.06659335791729826f,0.8873312853525557f,-2.9251677712467847f,-0.2227251474037506f,0f,0f,0f,1f],start_interpolation:0}
execute if entity @s[tag=aj.armor.bone.left_thigh] run data modify entity @s {} merge value {transformation:[-2.6037855767491758f,-0.11166396843824149f,-0.009524808641085781f,0.9398681250000002f,-0.1085607153902241f,2.56813014762195f,-0.4303266311341751f,1.1005412500000002f,0.027823279838808668f,-0.42953183414265006f,-2.570406030585659f,-0.779563125f,0f,0f,0f,1f],start_interpolation:0}
execute if entity @s[tag=aj.armor.bone.left] run data modify entity @s {} merge value {transformation:[-2.637335833333333f,0f,3.229804886568284e-16f,2.1756499999999996f,0f,2.637335833333333f,0f,8.819281875f,-3.229804886568284e-16f,0f,-2.637335833333333f,3.649444375f,0f,0f,0f,1f],start_interpolation:0}
execute if entity @s[tag=aj.armor.bone.left4] run data modify entity @s {} merge value {transformation:[-2.637335833333333f,0f,3.229804886568284e-16f,2.1756499999999996f,0f,2.637335833333333f,0f,8.819281875f,-3.229804886568284e-16f,0f,-2.637335833333333f,3.649444375f,0f,0f,0f,1f],start_interpolation:0}
execute if entity @s[tag=aj.armor.bone.mid] run data modify entity @s {} merge value {transformation:[-1.7014595833333332f,0f,2.083687032607756e-16f,1.8078468749999999f,0f,1.7014595833333332f,0f,9.444061875f,-2.083687032607756e-16f,0f,-1.7014595833333332f,2.16841875f,0f,0f,0f,1f],start_interpolation:0}
execute if entity @s[tag=aj.armor.bone.teeth] run data modify entity @s {} merge value {transformation:[-1.3826316666666663f,0f,1.693235444983103e-16f,1.8078468749999999f,0f,1.3826316666666663f,0f,9.444061875f,-1.693235444983103e-16f,0f,-1.3826316666666663f,2.16841875f,0f,0f,0f,1f],start_interpolation:0}
execute if entity @s[tag=aj.armor.bone.skull] run data modify entity @s {} merge value {transformation:[-1.7982291666666665f,0f,2.2021955930917455e-16f,1.8078468749999999f,0f,1.7982291666666665f,0f,9.444061875f,-2.2021955930917455e-16f,0f,-1.7982291666666665f,2.16841875f,0f,0f,0f,1f],start_interpolation:0}
execute if entity @s[tag=aj.armor.bone.left3] run data modify entity @s {} merge value {transformation:[-2.4411241666666665f,0f,2.989514897029583e-16f,2.1756499999999996f,0f,2.4411241666666665f,0f,7.948090625000001f,-2.989514897029583e-16f,0f,-2.4411241666666665f,3.6494443750000003f,0f,0f,0f,1f],start_interpolation:0}
execute if entity @s[tag=aj.armor.bone.left2] run data modify entity @s {} merge value {transformation:[-2.4411241666666665f,0f,2.989514897029583e-16f,2.1756499999999996f,0f,2.4411241666666665f,0f,7.948090625000001f,-2.989514897029583e-16f,0f,-2.4411241666666665f,3.6494443750000003f,0f,0f,0f,1f],start_interpolation:0}
execute if entity @s[tag=aj.armor.bone.mid2] run data modify entity @s {} merge value {transformation:[-2.612955833333333f,0f,3.1999479976050713e-16f,2.1756499999999996f,0f,2.612955833333333f,0f,7.948090625000001f,-3.1999479976050713e-16f,0f,-2.612955833333333f,3.6494443750000003f,0f,0f,0f,1f],start_interpolation:0}
execute if entity @s[tag=aj.armor.bone.teeth2] run data modify entity @s {} merge value {transformation:[-1.4398166666666659f,0f,1.763266872192344e-16f,1.8078468749999999f,0f,1.4398166666666659f,0f,9.444061875f,-1.763266872192344e-16f,0f,-1.4398166666666659f,2.1684187500000003f,0f,0f,0f,1f],start_interpolation:0}