execute if entity @s[tag=aj.armor.bone.right_thumb_2] run data modify entity @s {} merge value {transformation:[-0.9754826602281502f,0.17594940158520275f,-0.13219450698126664f,-2.223047944291046f,0.20100359945044938f,0.46770342290639805f,-0.8607270538385572f,-1.4789431724020456f,-0.08961658664652655f,-0.8661958879395861f,-0.49160304221432305f,1.1264096953960965f,0f,0f,0f,1f],start_interpolation:0}
execute if entity @s[tag=aj.armor.bone.right_thumb] run data modify entity @s {} merge value {transformation:[-0.9754826602281502f,0.17594940158520275f,-0.13219450698126664f,-2.376462790714832f,0.20100359945044938f,0.46770342290639805f,-0.8607270538385572f,-1.2553406004700218f,-0.08961658664652655f,-0.8661958879395861f,-0.49160304221432305f,0.8620369763059763f,0f,0f,0f,1f],start_interpolation:0}
execute if entity @s[tag=aj.armor.bone.right_fingers_2] run data modify entity @s {} merge value {transformation:[0.983738346004202f,-0.16780118409097522f,-0.06404396317049083f,-2.255677826049949f,-0.16880074227052483f,-0.7419526049809564f,-0.6488548692665352f,-2.005664145502129f,0.06136103005846945f,0.6491140844101592f,-0.7582121928659049f,1.206839744384253f,0f,0f,0f,1f],start_interpolation:0}
execute if entity @s[tag=aj.armor.bone.right_fingers] run data modify entity @s {} merge value {transformation:[-0.29476924214421785f,-0.9534198784728268f,-0.06404396317049083f,-2.690145913432626f,-0.713572179458792f,0.2642008768561088f,-0.6488548692665352f,-1.9281294373414994f,0.635551601829586f,-0.1455624676945364f,-0.7582121928659049f,1.1660514069886236f,0f,0f,0f,1f],start_interpolation:0}
execute if entity @s[tag=aj.armor.bone.right_hand] run data modify entity @s {} merge value {transformation:[-0.9901214299266028f,0.12473141056492588f,-0.06404396317049083f,-2.5575121570488464f,0.13627656328368043f,0.7486094154689056f,-0.6488548692665352f,-1.3340812539221392f,-0.03298866926216225f,-0.6511728021729619f,-0.7582121928659049f,0.6578297951162486f,0f,0f,0f,1f],start_interpolation:0}
execute if entity @s[tag=aj.armor.bone.right_forearm] run data modify entity @s {} merge value {transformation:[-1.8201867592467695f,-0.010163949165354624f,-0.11681360037946378f,-2.494358422027898f,0.06821164147926993f,1.3861958207550478f,-1.183485056991194f,0.6538737518272106f,0.09537240199844246f,-1.1854055855664383f,-1.382948395377949f,-1.1465350168922097f,0f,0f,0f,1f],start_interpolation:0}
execute if entity @s[tag=aj.armor.bone.right_bicep] run data modify entity @s {} merge value {transformation:[-1.5783115230558002f,0.13808436577971753f,1.898559318910354e-16f,-2.274164375f,0.13511679261753415f,1.5443920065997732f,0.3266976250097067f,3.0592184475607853f,0.028473574161616708f,0.32545444191383505f,-1.5502913331682284f,-0.6187642948603318f,0f,0f,0f,1f],start_interpolation:0}
execute if entity @s[tag=aj.armor.bone.right_shoulder] run data modify entity @s {} merge value {transformation:[-1.0131204166666665f,-2.5584055895496837e-17f,1.2140504578477368e-16f,-1.827643125f,0f,0.9913474306983906f,0.20890967022744394f,3.2717207781996254f,-1.240714675421666e-16f,0.20890967022744394f,-0.9913474306983906f,-0.5529305917824119f,0f,0f,0f,1f],start_interpolation:0}
execute if entity @s[tag=aj.armor.bone.right_arm] run data modify entity @s {} merge value {transformation:[-1.3293824999999997f,-2.1249977662598144e-17f,1.6140960522599745e-16f,-1.74976375f,0f,1.3180094484252691f,0.17351923572897268f,3.4279917141596092f,-1.628024023467506e-16f,0.17351923572897268f,-1.3180094484252691f,-0.526496368108889f,0f,0f,0f,1f],start_interpolation:0}
execute if entity @s[tag=aj.armor.bone.left_thumb_2] run data modify entity @s {} merge value {transformation:[-0.9630324587018942f,-0.15566302961809986f,0.21985791934042107f,2.237457641871312f,-0.2682542802873767f,0.47943504082243293f,-0.8355726675395105f,-1.580226569144818f,0.024660182361167588f,-0.8636614283628199f,-0.5034687801286267f,0.9751401876869447f,0f,0f,0f,1f],start_interpolation:0}
execute if entity @s[tag=aj.armor.bone.left_thumb] run data modify entity @s {} merge value {transformation:[-0.9630324587018942f,-0.15566302961809986f,0.21985791934042107f,2.3906736219986136f,-0.2682542802873767f,0.47943504082243293f,-0.8355726675395105f,-1.3394089269570697f,0.024660182361167588f,-0.8636614283628199f,-0.5034687801286267f,0.726224767269251f,0f,0f,0f,1f],start_interpolation:0}
execute if entity @s[tag=aj.armor.bone.left_fingers_2] run data modify entity @s {} merge value {transformation:[0.9717763048837803f,0.17925355993994696f,0.15335897272504678f,2.3012270989699655f,0.23588182119988324f,-0.7473045423844852f,-0.6212050284398388f,-2.1056684870402425f,0.003252644132408722f,0.6398469208962173f,-0.7684955029964569f,1.0445154911245251f,0f,0f,0f,1f],start_interpolation:0}
execute if entity @s[tag=aj.armor.bone.left_fingers] run data modify entity @s {} merge value {transformation:[-0.3045622816515741f,0.9400653392610034f,0.15335897272504678f,2.7310230089785543f,0.7101224924932532f,0.3314066358663149f,-0.6212050284398388f,-1.9981244515006256f,-0.6347974970416599f,-0.08029196487735321f,-0.7684955029964569f,1.0323666413535433f,0f,0f,0f,1f],start_interpolation:0}
execute if entity @s[tag=aj.armor.bone.left_hand] run data modify entity @s {} merge value {transformation:[-0.9786703196371662f,-0.1366946631950399f,0.15335897272504678f,2.588528220242874f,-0.20306034765908865f,0.756882294580623f,-0.6212050284398388f,-1.4000046329702616f,-0.031159279033011633f,-0.6390960500616205f,-0.7684955029964569f,0.5316450798097581f,0f,0f,0f,1f],start_interpolation:0}
execute if entity @s[tag=aj.armor.bone.left_forearm] run data modify entity @s {} merge value {transformation:[-1.8023272279982925f,-0.014196080153640364f,0.27972056799200434f,2.4969753669967343f,-0.18701089411387725f,1.4170556420265632f,-1.1330528648376998f,0.6299895423006765f,-0.20849952117984896f,-1.1482945355362717f,-1.4017047374389577f,-1.2240392874310815f,0f,0f,0f,1f],start_interpolation:0}
execute if entity @s[tag=aj.armor.bone.left_bicep] run data modify entity @s {} merge value {transformation:[-1.5648088491807455f,-0.13808436577971758f,0.20601099324150396f,2.274164375f,-0.08484437704486134f,1.5347026500365042f,0.3842183800110392f,3.0196227303265393f,-0.23304345752028147f,0.36844950777772945f,-1.5231776859607837f,-0.6301378248928922f,0f,0f,0f,1f],start_interpolation:0}
execute if entity @s[tag=aj.armor.bone.left_shoulder] run data modify entity @s {} merge value {transformation:[-1.0131204166666667f,-2.8963908884517244e-17f,1.2064336301759948e-16f,1.827643125f,0f,0.9851278189074276f,0.23650826429859648f,3.230204024629597f,-1.2407146754216663e-16f,0.23650826429859648f,-0.9851278189074276f,-0.5583963760816261f,0f,0f,0f,1f],start_interpolation:0}
execute if entity @s[tag=aj.armor.bone.left_arm] run data modify entity @s {} merge value {transformation:[-1.3293824999999997f,-2.1249977662598144e-17f,1.6140960522599745e-16f,1.749763125f,0f,1.3180094484252691f,0.17351923572897268f,3.386474960589581f,-1.628024023467506e-16f,0.17351923572897268f,-1.3180094484252691f,-0.5319621524081032f,0f,0f,0f,1f],start_interpolation:0}
execute if entity @s[tag=aj.armor.bone.chest] run data modify entity @s {} merge value {transformation:[-2.632522916666667f,-4.2080479602706066e-17f,3.1963297600770146e-16f,2.6597874209406523e-17f,0f,2.6100013181779627f,0.3436131922445242f,4.1611625f,-3.2239107635778877e-16f,0.3436131922445242f,-2.6100013181779627f,-0.335938125f,0f,0f,0f,1f],start_interpolation:0}
execute if entity @s[tag=aj.armor.bone.weist] run data modify entity @s {} merge value {transformation:[-1.9493945833333333f,0f,2.387319836754355e-16f,2.5797644066588673e-17f,0f,1.9493945833333333f,0f,0.21336874999999988f,-2.387319836754355e-16f,0f,-1.9493945833333333f,-0.32940375f,0f,0f,0f,1f],start_interpolation:0}
execute if entity @s[tag=aj.armor.bone.right_foot] run data modify entity @s {} merge value {transformation:[-1.1768890022330236f,-0.00412593076060752f,0.02249773310534832f,-1.0161943330196173f,-0.0025005982752603043f,1.1740712301382337f,0.08450673610146803f,-8.541809065533808f,-0.022735837521115836f,0.08444298747448518f,-1.1738583212786626f,0.025460991992425408f,0f,0f,0f,1f],start_interpolation:0}
execute if entity @s[tag=aj.armor.bone.right_knee] run data modify entity @s {} merge value {transformation:[-2.904090748181443f,-0.012593002156249618f,0.055018461971083975f,-1.0949972223231852f,-0.006170475127495546f,2.8852842843001842f,0.33470167693201025f,-4.94990088077799f,-0.05610294196984577f,0.334521604087227f,-2.88476627213285f,0.34066561131805784f,0f,0f,0f,1f],start_interpolation:0}
execute if entity @s[tag=aj.armor.bone.right_thigh] run data modify entity @s {} merge value {transformation:[-2.473536636661414f,0.10781315755034905f,-0.002356499909957806f,-0.8928749999999999f,0.10187849444953809f,2.318524756367172f,-0.8625986606877509f,-1.6944856249999998f,-0.03535537302161374f,-0.8618770214541224f,-2.320760806379437f,-0.8249600000000002f,0f,0f,0f,1f],start_interpolation:0}
execute if entity @s[tag=aj.armor.bone.left_foot] run data modify entity @s {} merge value {transformation:[-1.1764971215227424f,0.021550668793860694f,-0.0313207056082908f,0.951546669123239f,-0.005978434503842355f,0.8528000740006801f,0.8113489921001199f,-7.5233491366639065f,0.03754565548964578f,0.8110847658139897f,-0.8522456930339284f,-2.1188224794291597f,0f,0f,0f,1f],start_interpolation:0}
execute if entity @s[tag=aj.armor.bone.left_knee] run data modify entity @s {} merge value {transformation:[-2.9031237435251342f,0.05128949156935219f,-0.07855320724956578f,1.0775453057545672f,-0.014752382168815312f,2.1522779590202137f,1.9504898469026064f,-4.785353864036565f,0.09264764182093957f,1.9498711915673723f,-2.150894567219574f,0.22529239981569882f,0f,0f,0f,1f],start_interpolation:0}
execute if entity @s[tag=aj.armor.bone.left_thigh] run data modify entity @s {} merge value {transformation:[-2.473984632378828f,-0.09512786997300328f,0.019064365891787043f,0.8928750000000001f,-0.09604871848431168f,2.33283383810694f,-0.8238165150079398f,-1.510457847222222f,0.013689608101695061f,-0.8239233550984612f,-2.3347324520150865f,-0.8874599999999999f,0f,0f,0f,1f],start_interpolation:0}