execute if entity @s[tag=aj.armor.bone.right_thumb_2] run data modify entity @s {} merge value {transformation:[-0.9754826602281502f,0.17594940158520275f,-0.13219450698126667f,-2.340050750956437f,0.18575583737555373f,0.3361495376748653f,-0.9233083218523925f,1.733998815786012f,-0.11801842430365664f,-0.9252271593521144f,-0.3605916736727275f,2.0219601859108325f,0f,0f,0f,1f],start_interpolation:0}
execute if entity @s[tag=aj.armor.bone.right_thumb] run data modify entity @s {} merge value {transformation:[-0.9754826602281502f,0.17594940158520275f,-0.13219450698126667f,-2.501539983181334f,0.18575583737555373f,0.3361495376748653f,-0.9233083218523925f,1.926191270174173f,-0.11801842430365664f,-0.9252271593521144f,-0.3605916736727275f,1.7122749900224123f,0f,0f,0f,1f],start_interpolation:0}
execute if entity @s[tag=aj.armor.bone.right_fingers_2] run data modify entity @s {} merge value {transformation:[0.983738346004202f,-0.16780118409097522f,-0.06404396317049084f,-2.3743974883139076f,-0.15802609900519582f,-0.6391686331443241f,-0.752656103700499f,1.1978712149366513f,0.08536169301341548f,0.7505372882289609f,-0.6552916605175139f,2.1867096494193974f,0f,0f,0f,1f],start_interpolation:0}
execute if entity @s[tag=aj.armor.bone.right_fingers] run data modify entity @s {} merge value {transformation:[-0.29476924214421785f,-0.9534198784728268f,-0.06404396317049084f,-2.831732647715309f,-0.6130739119077254f,0.24010241169247387f,-0.752656103700499f,1.272338942312981f,0.7329744009335398f,-0.18259618624800877f,-0.6552916605175139f,2.1323126372476353f,0f,0f,0f,1f],start_interpolation:0}
execute if entity @s[tag=aj.armor.bone.right_hand] run data modify entity @s {} merge value {transformation:[-0.9901214299266028f,0.1247314105649259f,-0.06404396317049084f,-2.692117995925162f,0.12999554897376447f,0.6454532878600847f,-0.752656103700499f,1.812794711472253f,-0.052542470888880866f,-0.7535463677897268f,-0.6552916605175139f,1.5117339185530851f,0f,0f,0f,1f],start_interpolation:0}
execute if entity @s[tag=aj.armor.bone.right_forearm] run data modify entity @s {} merge value {transformation:[-1.915985690329147f,-0.010698891780814315f,-0.122961660733923f,-2.625640164650052f,0.08569701391416568f,1.2612182135534282f,-1.4450674176138407f,3.6054702957202176f,0.088825999020429f,-1.4475667008319861f,-1.2581318652598628f,-0.6729127212139168f,0f,0f,0f,1f],start_interpolation:0}
execute if entity @s[tag=aj.armor.bone.right_bicep] run data modify entity @s {} merge value {transformation:[-1.6613804631995532f,0.14535195633340947f,2.038566681016045e-16f,-2.3938575f,0.1450808456350717f,1.658281653737714f,0.10181227734333495f,6.1914066537302315f,0.008873524652688725f,0.10142485089007665f,-1.6646160202561056f,-0.4931986302211865f,0f,0f,0f,1f],start_interpolation:0}
execute if entity @s[tag=aj.armor.bone.right_shoulder] run data modify entity @s {} merge value {transformation:[-1.0664424999999997f,-7.973033241982716e-18f,1.30357941212556e-16f,-1.923835f,0f,1.0644533697660115f,0.06510475712290151f,6.422816697585285f,-1.306015394099701e-16f,0.06510475712290151f,-1.0644533697660115f,-0.4573200892989891f,0f,0f,0f,1f],start_interpolation:0}
execute if entity @s[tag=aj.armor.bone.right_arm] run data modify entity @s {} merge value {transformation:[-1.39935f,-2.2368397539577e-17f,1.6990484760631316e-16f,-1.84185625f,0f,1.3873783667634416f,0.1826518270831292f,6.587312592124529f,-1.7137094983868489e-16f,0.1826518270831292f,-1.3873783667634416f,-0.429494136666776f,0f,0f,0f,1f],start_interpolation:0}
execute if entity @s[tag=aj.armor.bone.left_thumb_2] run data modify entity @s {} merge value {transformation:[-0.9630324587018942f,-0.1556630296180999f,0.21985791934042107f,2.3552187825496054f,-0.26935557368135954f,0.5442812923806483f,-0.7944843923521951f,1.20876925893606f,0.004007295019113106f,-0.8243342137595441f,-0.5660892558705422f,0.7582302639093236f,0f,0f,0f,1f],start_interpolation:0}
execute if entity @s[tag=aj.armor.bone.left_thumb] run data modify entity @s {} merge value {transformation:[-0.9630324587018942f,-0.1556630296180999f,0.21985791934042107f,2.516498722161202f,-0.26935557368135954f,0.5442812923806483f,-0.7944843923521951f,1.4816153271363894f,0.004007295019113106f,-0.8243342137595441f,-0.5660892558705422f,0.516433993575635f,0f,0f,0f,1f],start_interpolation:0}
execute if entity @s[tag=aj.armor.bone.left_fingers_2] run data modify entity @s {} merge value {transformation:[0.9717763048837803f,0.17925355993994702f,0.15335897272504678f,2.4223440501300852f,0.23493707933096114f,-0.7941904846572254f,-0.5604159551934247f,0.6516999084395693f,0.021339681859471958f,0.5806286552769995f,-0.8138888023860261f,0.7886083098573662f,0f,0f,0f,1f],start_interpolation:0}
execute if entity @s[tag=aj.armor.bone.left_fingers] run data modify entity @s {} merge value {transformation:[-0.3045622816515742f,0.9400653392610034f,0.15335897272504678f,2.874761130085835f,0.7567306325890119f,0.3365898199085573f,-0.5604159551934247f,0.7655514895126766f,-0.5784466840570709f,-0.05463012954423004f,-0.8138888023860261f,0.784542768075261f,0f,0f,0f,1f],start_interpolation:0}
execute if entity @s[tag=aj.armor.bone.left_hand] run data modify entity @s {} merge value {transformation:[-0.9786703196371662f,-0.13669466319503992f,0.15335897272504678f,2.7247664288900277f,-0.20007136889710458f,0.8036824027638529f,-0.5604159551934247f,1.4337324700313219f,-0.04664603744077006f,-0.5791452016046705f,-0.8138888023860261f,0.3073233191894096f,0f,0f,0f,1f],start_interpolation:0}
execute if entity @s[tag=aj.armor.bone.left_forearm] run data modify entity @s {} merge value {transformation:[-1.8971861874021896f,-0.014943239365391433f,0.29444264597617703f,2.628394771339383f,-0.1794355925716633f,1.5799736602733065f,-1.0759745827866316f,3.7060541215519893f,-0.23392870770950658f,-1.09073146753987f,-1.5626315711867345f,-1.3713823752985803f,0f,0f,0f,1f],start_interpolation:0}
execute if entity @s[tag=aj.armor.bone.left_bicep] run data modify entity @s {} merge value {transformation:[-1.6471671230260378f,-0.14535195633340955f,0.21685366569022343f,2.3938575f,-0.07022678796018988f,1.5809603514953237f,0.5262554512436792f,6.166082702514794f,-0.2514376697832509f,0.5106362800476916f,-1.5675911209317739f,-0.5550865618764355f,0f,0f,0f,1f],start_interpolation:0}
execute if entity @s[tag=aj.armor.bone.left_shoulder] run data modify entity @s {} merge value {transformation:[-1.0664425f,-4.014124743249663e-17f,1.2427969404056747e-16f,1.923835f,0f,1.0148207150591977f,0.32777815987797077f,6.3812999440152565f,-1.3060153940997012e-16f,0.32777815987797077f,-1.0148207150591977f,-0.4627858735982033f,0f,0f,0f,1f],start_interpolation:0}
execute if entity @s[tag=aj.armor.bone.left_arm] run data modify entity @s {} merge value {transformation:[-1.39935f,-2.2368397539577e-17f,1.6990484760631316e-16f,1.84185625f,0f,1.3873783667634416f,0.1826518270831292f,6.5457958385545005f,-1.7137094983868489e-16f,0.1826518270831292f,-1.3873783667634416f,-0.43495992096599023f,0f,0f,0f,1f],start_interpolation:0}
execute if entity @s[tag=aj.armor.bone.chest] run data modify entity @s {} merge value {transformation:[-2.749147083333334f,-4.394469922090158e-17f,3.3379312983963293e-16f,2.7997798581681846e-17f,0f,2.725627748931632f,0.35883570064036086f,7.361256875f,-3.3667341759894493e-16f,0.35883570064036086f,-2.725627748931632f,-0.228619375f,0f,0f,0f,1f],start_interpolation:0}
execute if entity @s[tag=aj.armor.bone.weist] run data modify entity @s {} merge value {transformation:[-2.0482337499999996f,0f,2.5083629058430797e-16f,2.3932660072337152e-17f,0f,2.0482337499999996f,0f,3.205684375f,-2.5083629058430797e-16f,0f,-2.0482337499999996f,-0.19542500000000002f,0f,0f,0f,1f],start_interpolation:0}
execute if entity @s[tag=aj.armor.bone.right_foot] run data modify entity @s {} merge value {transformation:[-1.238915252787368f,0.00010908092859609458f,0.019209206894720242f,-1.0797210629450509f,0.009563386677561564f,1.078082434643206f,0.6106773410454931f,-5.567540861560522f,-0.016659746799654217f,0.6107522094372555f,-1.0779537098695118f,-3.561283223682668f,0f,0f,0f,1f],start_interpolation:0}
execute if entity @s[tag=aj.armor.bone.right_knee] run data modify entity @s {} merge value {transformation:[-3.057147540079915f,-0.004799271625404775f,0.04715782437933009f,-1.152549970327412f,0.02359861499030087f,2.483952798494647f,1.782643984492179f,-2.4234846537952492f,-0.04110959473001044f,1.782793716913844f,-2.483617228837539f,-1.4347356719096096f,0f,0f,0f,1f],start_interpolation:0}
execute if entity @s[tag=aj.armor.bone.right_thigh] run data modify entity @s {} merge value {transformation:[-2.6037157247101455f,0.11335807703795449f,-0.008559484881789895f,-0.9398681249999999f,0.10980495987661991f,2.5586088011818426f,0.4834488254359197f,1.1448594318181822f,0.029431092362980787f,0.4826280580313724f,-2.5609496015964957f,-0.7170631250000001f,0f,0f,0f,1f],start_interpolation:0}
execute if entity @s[tag=aj.armor.bone.left_foot] run data modify entity @s {} merge value {transformation:[-1.23895688916911f,0.003080107900852336f,-0.016010897322831678f,1.0791749906937134f,0.003270434725372073f,1.238972352497472f,-0.014724914972525809f,-5.95847139050257f,0.015973107226530222f,-0.01476589988995399f,-1.2388732127071482f,1.0422730291515288f,0f,0f,0f,1f],start_interpolation:0}
execute if entity @s[tag=aj.armor.bone.left_knee] run data modify entity @s {} merge value {transformation:[-3.057250282024317f,0.005000222593904188f,-0.0399209977486895f,1.1525031176309384f,0.008070125420741054f,3.0483661141090286f,-0.2362136377360913f,-2.183751915617159f,0.03941524277399507f,-0.23629855554115292f,-3.0481153860231793f,0.6438839617682316f,0f,0f,0f,1f],start_interpolation:0}
execute if entity @s[tag=aj.armor.bone.left_thigh] run data modify entity @s {} merge value {transformation:[-2.6037260678010714f,-0.11338293498037139f,0.0037104477454001435f,0.9398681250000002f,-0.10530380989269844f,2.383903309752121f,-1.0479384575866222f,1.1661662500000003f,0.042196741453776915f,-1.0470951309800762f,-2.3862250763921167f,-0.779563125f,0f,0f,0f,1f],start_interpolation:0}