execute if entity @s[tag=aj.armor.bone.right_thumb_2] run data modify entity @s {} merge value {transformation:[-0.9754826602281502f,0.17594940158520275f,-0.13219450698126667f,-2.223047944291046f,0.17592359527171153f,0.26252081456884097f,-0.9487537670780481f,-0.8368077449841527f,-0.13222884791484096f,-0.948748981554089f,-0.2870381538736489f,2.2696114301020076f,0f,0f,0f,1f],start_interpolation:0}
execute if entity @s[tag=aj.armor.bone.right_thumb] run data modify entity @s {} merge value {transformation:[-0.9754826602281502f,0.17594940158520275f,-0.13219450698126667f,-2.376462790714832f,0.17592359527171153f,0.26252081456884097f,-0.9487537670780481f,-0.6778698751504646f,-0.13222884791484096f,-0.948748981554089f,-0.2870381538736489f,1.9619918626059705f,0f,0f,0f,1f],start_interpolation:0}
execute if entity @s[tag=aj.armor.bone.right_fingers_2] run data modify entity @s {} merge value {transformation:[0.983738346004202f,-0.16780118409097522f,-0.06404396317049085f,-2.255677826049949f,-0.15084155603687666f,-0.5783118126156145f,-0.801749507241268f,-1.3322788919613795f,0.09749713623122648f,0.7983722252226142f,-0.5942188977302897f,2.4656020390525564f,0f,0f,0f,1f],start_interpolation:0}
execute if entity @s[tag=aj.armor.bone.right_fingers] run data modify entity @s {} merge value {transformation:[-0.29476924214421785f,-0.9534198784728268f,-0.06404396317049085f,-2.690145913432626f,-0.553675500951484f,0.22503592443098297f,-0.801749507241268f,-1.2658070682989246f,0.7788161102159138f,-0.20087152124766877f,-0.5942188977302897f,2.4085335179919825f,0f,0f,0f,1f],start_interpolation:0}
execute if entity @s[tag=aj.armor.bone.right_hand] run data modify entity @s {} merge value {transformation:[-0.9901214299266028f,0.1247314105649259f,-0.06404396317049085f,-2.5575121570488464f,0.12547238132685135f,0.5843410041769729f,-0.801749507241268f,-0.8002124854317236f,-0.06257983320741994f,-0.8018651171212842f,-0.5942188977302897f,1.7805174868250115f,0f,0f,0f,1f],start_interpolation:0}
execute if entity @s[tag=aj.armor.bone.right_forearm] run data modify entity @s {} merge value {transformation:[-1.8201867592467695f,-0.010163949165354584f,-0.11681360037946384f,-2.494358422027898f,0.0877819609164721f,1.0865679591243342f,-1.4623586971654885f,0.7347442563639635f,0.0777370595913426f,-1.4649557419851462f,-1.0838312531129317f,-0.42211849774306665f,0f,0f,0f,1f],start_interpolation:0}
execute if entity @s[tag=aj.armor.bone.right_bicep] run data modify entity @s {} merge value {transformation:[-1.5783115230558002f,0.13808436577971755f,1.9399619094276988e-16f,-2.274164375f,0.13806333486198266f,1.5780711385661153f,-0.027650552886681785f,3.197205799339544f,-0.0024099044742223485f,-0.027545334185017787f,-1.584099113947283f,-0.4446615608449569f,0f,0f,0f,1f],start_interpolation:0}
execute if entity @s[tag=aj.armor.bone.right_shoulder] run data modify entity @s {} merge value {transformation:[-1.0131204166666665f,2.1653456788161204e-18f,1.240525708567063e-16f,-1.827643125f,0f,1.0129661135200492f,-0.01768138928157669f,3.419042206771054f,-1.240714675421666e-16f,-0.01768138928157669f,-1.0129661135200492f,-0.42793059178241194f,0f,0f,0f,1f],start_interpolation:0}
execute if entity @s[tag=aj.armor.bone.right_arm] run data modify entity @s {} merge value {transformation:[-1.3293824999999997f,-2.1249977662598144e-17f,1.6140960522599745e-16f,-1.74976375f,0f,1.3180094484252691f,0.17351923572897268f,3.575313142731038f,-1.628024023467506e-16f,0.17351923572897268f,-1.3180094484252691f,-0.401496368108889f,0f,0f,0f,1f],start_interpolation:0}
execute if entity @s[tag=aj.armor.bone.left_thumb_2] run data modify entity @s {} merge value {transformation:[-0.9630324587018942f,-0.1556630296180999f,0.21985791934042107f,2.237457641871312f,-0.26874622757732425f,0.6113509304728462f,-0.7443288956993019f,-1.6162086837144602f,-0.018545852623742434f,-0.7758988729339019f,-0.6305846416860776f,0.31131582318795215f,0f,0f,0f,1f],start_interpolation:0}
execute if entity @s[tag=aj.armor.bone.left_thumb] run data modify entity @s {} merge value {transformation:[-0.9630324587018942f,-0.1556630296180999f,0.21985791934042107f,2.3906736219986136f,-0.26874622757732425f,0.6113509304728462f,-0.7443288956993019f,-1.33869196279037f,-0.018545852623742434f,-0.7758988729339019f,-0.6305846416860776f,0.10410459540788197f,0f,0f,0f,1f],start_interpolation:0}
execute if entity @s[tag=aj.armor.bone.left_fingers_2] run data modify entity @s {} merge value {transformation:[0.9717763048837803f,0.17925355993994702f,0.15335897272504678f,2.3012270989699655f,0.2323274633708387f,-0.83999090049535f,-0.4903460378637542f,-2.1459832619686194f,0.04092386870882793f,0.5121361619080088f,-0.8579287783004113f,0.29579042321543425f,0f,0f,0f,1f],start_interpolation:0}
execute if entity @s[tag=aj.armor.bone.left_fingers] run data modify entity @s {} merge value {transformation:[-0.3045622816515742f,0.9400653392610034f,0.15335897272504678f,2.7310230089785543f,0.8024798427549356f,0.33998068345618015f,-0.4903460378637542f,-2.037880271864691f,-0.5130964028008778f,-0.026273423773140063f,-0.8579287783004113f,0.30099212115882135f,0f,0f,0f,1f],start_interpolation:0}
execute if entity @s[tag=aj.armor.bone.left_hand] run data modify entity @s {} merge value {transformation:[-0.9786703196371662f,-0.13669466319503992f,0.15335897272504678f,2.588528220242874f,-0.19546645063319606f,0.8493253969052015f,-0.4903460378637542f,-1.3673985501719632f,-0.06322398388386619f,-0.509863647680256f,-0.8579287783004113f,-0.09766018397636556f,0f,0f,0f,1f],start_interpolation:0}
execute if entity @s[tag=aj.armor.bone.left_forearm] run data modify entity @s {} merge value {transformation:[-1.8023272279982925f,-0.01419608015364039f,0.27972056799200434f,2.4969753669967343f,-0.1512700844641197f,1.5824177080322899f,-0.894371354911124f,0.9171832199713643f,-0.23571696246922114f,-0.9069626399403738f,-1.5648274169984937f,-1.5062020131516953f,0f,0f,0f,1f],start_interpolation:0}
execute if entity @s[tag=aj.armor.bone.left_bicep] run data modify entity @s {} merge value {transformation:[-1.5648088491807455f,-0.1380843657797176f,0.20601099324150396f,2.274164375f,-0.04649369669635452f,1.4560524970466762f,0.6228033541136022f,3.181123128891148f,-0.24361066802717243f,0.6090799534173316f,-1.442154641032647f,-0.537882949350961f,0f,0f,0f,1f],start_interpolation:0}
execute if entity @s[tag=aj.armor.bone.left_shoulder] run data modify entity @s {} merge value {transformation:[-1.0131204166666667f,-4.7879929004567684e-17f,1.1446065462238308e-16f,1.827643125f,0f,0.9346421735807829f,0.3909692903937981f,3.377525453201026f,-1.2407146754216663e-16f,0.3909692903937981f,-0.9346421735807829f,-0.4333963760816261f,0f,0f,0f,1f],start_interpolation:0}
execute if entity @s[tag=aj.armor.bone.left_arm] run data modify entity @s {} merge value {transformation:[-1.3293824999999997f,-2.1249977662598144e-17f,1.6140960522599745e-16f,1.749763125f,0f,1.3180094484252691f,0.17351923572897268f,3.53379638916101f,-1.628024023467506e-16f,0.17351923572897268f,-1.3180094484252691f,-0.40696215240810324f,0f,0f,0f,1f],start_interpolation:0}
execute if entity @s[tag=aj.armor.bone.chest] run data modify entity @s {} merge value {transformation:[-2.632522916666667f,-4.2080479602706066e-17f,3.1963297600770146e-16f,2.6597874209406526e-17f,0f,2.6100013181779627f,0.3436131922445242f,4.3084839285714285f,-3.2239107635778877e-16f,0.3436131922445242f,-2.6100013181779627f,-0.21093812500000003f,0f,0f,0f,1f],start_interpolation:0}
execute if entity @s[tag=aj.armor.bone.weist] run data modify entity @s {} merge value {transformation:[-1.9493945833333333f,0f,2.387319836754355e-16f,2.5797644066588673e-17f,0f,1.9493945833333333f,0f,0.3606901785714287f,-2.387319836754355e-16f,0f,-1.9493945833333333f,-0.20440375f,0f,0f,0f,1f],start_interpolation:0}
execute if entity @s[tag=aj.armor.bone.right_foot] run data modify entity @s {} merge value {transformation:[-1.1770400225676847f,-0.00043198956528778346f,0.01294192935549211f,-1.0212941131288675f,0.003510905572338307f,1.121742693719226f,0.35675187106189005f,-8.248011794240966f,-0.012464096136069787f,0.3567688850630234f,-1.1216735281867718f,-3.0540504299340325f,0f,0f,0f,1f],start_interpolation:0}
execute if entity @s[tag=aj.armor.bone.right_knee] run data modify entity @s {} merge value {transformation:[-2.9044634058881975f,-0.0057060585773819235f,0.0314396769364637f,-1.0923652764032261f,0.008663508938413505f,2.610273692203978f,1.2740976744091137f,-4.964922998814616f,-0.030756397760982202f,1.2741143517037041f,-2.6100987244381093f,-1.562861271503941f,0f,0f,0f,1f],start_interpolation:0}
execute if entity @s[tag=aj.armor.bone.right_thigh] run data modify entity @s {} merge value {transformation:[-2.473610394631756f,0.106018450729908f,0.0049423287649216045f,-0.8928749999999999f,0.1041535412964307f,2.4026622122719385f,0.5885397662817603f,-1.6163606249999998f,0.020405350871847437f,0.5882066854128798f,-2.404913561820976f,-0.6999600000000001f,0f,0f,0f,1f],start_interpolation:0}
execute if entity @s[tag=aj.armor.bone.left_foot] run data modify entity @s {} merge value {transformation:[-1.1770524463655103f,-0.0020502486004556728f,-0.011585761183719125f,1.0369655944614338f,0.0005075618093003128f,1.1491749040956307f,-0.25492680724939504f,-8.185790231263262f,0.011754818694458158f,-0.2549190678510276f,-1.1491166119937464f,1.6366853331902975f,0f,0f,0f,1f],start_interpolation:0}
execute if entity @s[tag=aj.armor.bone.left_knee] run data modify entity @s {} merge value {transformation:[-2.904494062845867f,-0.005059192481838113f,-0.02858901884582016f,1.0947760509322626f,0.0012524592818205463f,2.835703452657154f,-0.629057269625005f,-4.688266975370142f,0.029006185079777883f,-0.6290381718892348f,-2.8355596110939714f,0.7584158061832531f,0f,0f,0f,1f],start_interpolation:0}
execute if entity @s[tag=aj.armor.bone.left_thigh] run data modify entity @s {} merge value {transformation:[-2.4735434215673795f,-0.10768316621043256f,0.00001657407757000943f,0.8928750000000001f,-0.09613591978713928f,2.2081248850954904f,-1.1157755597286445f,-1.582878482142857f,0.04851339491815031f,-1.1147203911636252f,-2.210216646163129f,-0.7624599999999999f,0f,0f,0f,1f],start_interpolation:0}