execute if entity @s[tag=aj.armor.bone.right_thumb_2] run data modify entity @s {} merge value {transformation:[-0.9754826602281502f,0.1759494015852027f,-0.1321945069812666f,-2.3400507509564368f,0.21524352459631152f,0.6375752326117914f,-0.7397080828809275f,1.250917914981396f,-0.0458672509920546f,-0.7500264200958717f,-0.6598155533515428f,0.23207381097976762f,0f,0f,0f,1f],start_interpolation:0}
execute if entity @s[tag=aj.armor.bone.right_thumb] run data modify entity @s {} merge value {transformation:[-0.9754826602281502f,0.1759494015852027f,-0.1321945069812666f,-2.5015399831813334f,0.21524352459631152f,0.6375752326117914f,-0.7397080828809275f,1.5390040437517454f,-0.0458672509920546f,-0.7500264200958717f,-0.6598155533515428f,0.008804371767168695f,0f,0f,0f,1f],start_interpolation:0}
execute if entity @s[tag=aj.armor.bone.right_fingers_2] run data modify entity @s {} merge value {transformation:[0.983738346004202f,-0.16780118409097522f,-0.06404396317049081f,-2.374397488313907f,-0.1778697165637751f,-0.8606975672436574f,-0.4770346545801173f,0.6909881128454415f,0.024924496593489193f,0.4806687636600863f,-0.8765479502634439f,0.19961142045100216f,0f,0f,0f,1f],start_interpolation:0}
execute if entity @s[tag=aj.armor.bone.right_fingers] run data modify entity @s {} merge value {transformation:[-0.29476924214421785f,-0.9534198784728268f,-0.06404396317049081f,-2.8317326477153086f,-0.8301175234263346f,0.288691592586547f,-0.4770346545801173f,0.7797466504145685f,0.4733032761203454f,-0.08745112750961467f,-0.8765479502634439f,0.17458344885120836f,0f,0f,0f,1f],start_interpolation:0}
execute if entity @s[tag=aj.armor.bone.right_hand] run data modify entity @s {} merge value {transformation:[-0.9901214299266028f,0.12473141056492586f,-0.06404396317049081f,-2.6921179959251615f,0.14015732341630463f,0.8676369419419655f,-0.4770346545801173f,1.5026225034642495f,-0.0039342969990416934f,-0.48129846477635707f,-0.8765479502634439f,-0.21868603330041458f,0f,0f,0f,1f],start_interpolation:0}
execute if entity @s[tag=aj.armor.bone.right_forearm] run data modify entity @s {} merge value {transformation:[-1.915985690329147f,-0.010698891780814372f,-0.12296166073392295f,-2.6256401646500516f,0.049360007361026935f,1.6866984049266578f,-0.9158860640565661f,3.9443717934800295f,0.11312659266989927f,-0.9171527824601369f,-1.6829344459896134f,-1.6414393835728616f,0f,0f,0f,1f],start_interpolation:0}
execute if entity @s[tag=aj.armor.bone.right_bicep] run data modify entity @s {} merge value {transformation:[-1.6613804631995532f,0.14535195633340942f,1.8672504496130931e-16f,-2.3938575f,0.1328886009788576f,1.5189236596291247f,0.6756654280484241f,6.3054800591851565f,0.05888812223047459f,0.6730943171057299f,-1.5247257012496545f,-0.5716114722719995f,0f,0f,0f,1f],start_interpolation:0}
execute if entity @s[tag=aj.armor.bone.right_shoulder] run data modify entity @s {} merge value {transformation:[-1.0664424999999997f,-5.291211491244803e-17f,1.1940297396524872e-16f,-1.923835f,0f,0.974999273654916f,0.43206020665948336f,6.509870269013857f,-1.306015394099701e-16f,0.43206020665948336f,-0.974999273654916f,-0.4573200892989891f,0f,0f,0f,1f],start_interpolation:0}
execute if entity @s[tag=aj.armor.bone.right_arm] run data modify entity @s {} merge value {transformation:[-1.39935f,-2.2368397539577e-17f,1.6990484760631316e-16f,-1.84185625f,0f,1.3873783667634416f,0.1826518270831292f,6.674366163553101f,-1.7137094983868489e-16f,0.1826518270831292f,-1.3873783667634416f,-0.429494136666776f,0f,0f,0f,1f],start_interpolation:0}
execute if entity @s[tag=aj.armor.bone.left_thumb_2] run data modify entity @s {} merge value {transformation:[-0.9630324587018942f,-0.15566302961809986f,0.21985791934042107f,2.3552187825496054f,-0.2558316064400713f,0.2728656028801213f,-0.9274128271223989f,1.8976497683710492f,0.08437222666776659f,-0.9493752598287897f,-0.30260195536734463f,2.2491546406156555f,0f,0f,0f,1f],start_interpolation:0}
execute if entity @s[tag=aj.armor.bone.left_thumb] run data modify entity @s {} merge value {transformation:[-0.9630324587018942f,-0.15566302961809986f,0.21985791934042107f,2.516498722161202f,-0.2558316064400713f,0.2728656028801213f,-0.9274128271223989f,2.085703541879753f,0.08437222666776659f,-0.9493752598287897f,-0.30260195536734463f,1.9368307837798415f,0f,0f,0f,1f],start_interpolation:0}
execute if entity @s[tag=aj.armor.bone.left_fingers_2] run data modify entity @s {} merge value {transformation:[0.9717763048837803f,0.17925355993994696f,0.15335897272504678f,2.4223440501300852f,0.23056787113118027f,-0.584216935903192f,-0.7781574574634115f,1.3751560032744232f,-0.04989258530544634f,0.79155463049163f,-0.6090582869305672f,2.444729057074853f,0f,0f,0f,1f],start_interpolation:0}
execute if entity @s[tag=aj.armor.bone.left_fingers] run data modify entity @s {} merge value {transformation:[-0.3045622816515741f,0.9400653392610034f,0.15335897272504678f,2.874761130085835f,0.5491237327617362f,0.304850943104817f,-0.7781574574634115f,1.4825820105642518f,-0.778270481717638f,-0.15278435917396133f,-0.6090582869305672f,2.40680328614539f,0f,0f,0f,1f],start_interpolation:0}
execute if entity @s[tag=aj.armor.bone.left_hand] run data modify entity @s {} merge value {transformation:[-0.9786703196371662f,-0.1366946631950399f,0.15335897272504678f,2.7247664288900277f,-0.20486523677496926f,0.5937181201169582f,-0.7781574574634115f,1.977479166847854f,0.015317970571286949f,-0.792977529882644f,-0.6090582869305672f,1.7516078726814541f,0f,0f,0f,1f],start_interpolation:0}
execute if entity @s[tag=aj.armor.bone.left_forearm] run data modify entity @s {} merge value {transformation:[-1.8971861874021896f,-0.01494323936539138f,0.29444264597617703f,2.628394771339383f,-0.24117890488799013f,1.181501382434498f,-1.4940289224055339f,3.6438186452450925f,-0.1695656451325371f,-1.5132965290201648f,-1.1693657721552082f,-0.5297976676403092f,0f,0f,0f,1f],start_interpolation:0}
execute if entity @s[tag=aj.armor.bone.left_bicep] run data modify entity @s {} merge value {transformation:[-1.6471671230260378f,-0.14535195633340947f,0.21685366569022343f,2.3938575f,-0.14220335318878208f,1.661317202922269f,0.033400483941205206f,6.235382873263555f,-0.21893129030612105f,0.014498095588415836f,-1.6532305132861287f,-0.4865041782976343f,0f,0f,0f,1f],start_interpolation:0}
execute if entity @s[tag=aj.armor.bone.left_shoulder] run data modify entity @s {} merge value {transformation:[-1.0664425f,-1.1396989698033869e-18f,1.3059656650353486e-16f,1.923835f,0f,1.0664018931373624f,0.009306348333224657f,6.468353515443828f,-1.3060153940997012e-16f,0.009306348333224657f,-1.0664018931373624f,-0.4627858735982033f,0f,0f,0f,1f],start_interpolation:0}
execute if entity @s[tag=aj.armor.bone.left_arm] run data modify entity @s {} merge value {transformation:[-1.39935f,-2.2368397539577e-17f,1.6990484760631316e-16f,1.84185625f,0f,1.3873783667634416f,0.1826518270831292f,6.632849409983072f,-1.7137094983868489e-16f,0.1826518270831292f,-1.3873783667634416f,-0.43495992096599023f,0f,0f,0f,1f],start_interpolation:0}
execute if entity @s[tag=aj.armor.bone.chest] run data modify entity @s {} merge value {transformation:[-2.749147083333334f,-4.394469922090158e-17f,3.3379312983963293e-16f,2.7997798581681846e-17f,0f,2.725627748931632f,0.35883570064036086f,7.448310446428572f,-3.3667341759894493e-16f,0.35883570064036086f,-2.725627748931632f,-0.228619375f,0f,0f,0f,1f],start_interpolation:0}
execute if entity @s[tag=aj.armor.bone.weist] run data modify entity @s {} merge value {transformation:[-2.0482337499999996f,0f,2.5083629058430797e-16f,2.3932660072337152e-17f,0f,2.0482337499999996f,0f,3.292737946428572f,-2.5083629058430797e-16f,0f,-2.0482337499999996f,-0.19542500000000002f,0f,0f,0f,1f],start_interpolation:0}
execute if entity @s[tag=aj.armor.bone.right_foot] run data modify entity @s {} merge value {transformation:[-1.2385122084206215f,-0.005923058108516947f,0.036502549131249534f,-1.068411759946105f,0.0004900555848423766f,1.2203310917398758f,0.21464341475071666f,-5.575745689659101f,-0.036976729925182916f,0.2145622358034319f,-1.219785135804021f,0.6300327288749811f,0f,0f,0f,1f],start_interpolation:0}
execute if entity @s[tag=aj.armor.bone.right_knee] run data modify entity @s {} merge value {transformation:[-3.0561529877151994f,-0.014615739442599918f,0.09007369796455182f,-1.1519325213620382f,0.0012092612649110901f,3.0112892603445047f,0.5296541356829415f,-1.8206331731616159f,-0.09124378659205488f,0.5294538184954345f,-3.0099420593616006f,1.1820764301761355f,0f,0f,0f,1f],start_interpolation:0}
execute if entity @s[tag=aj.armor.bone.right_thigh] run data modify entity @s {} merge value {transformation:[-2.6037445095051948f,0.11301956774917261f,0.000006434689827329523f,-0.9398681249999999f,0.09569268661073138f,2.2046468112287f,-1.3865908700775462f,1.2844698214285717f,-0.06013594985393846f,-1.3852862190027653f,-2.206722604336633f,-0.7170631250000001f,0f,0f,0f,1f],start_interpolation:0}
execute if entity @s[tag=aj.armor.bone.left_foot] run data modify entity @s {} merge value {transformation:[-1.238915252787368f,-0.0001090809285962445f,-0.019209206894719975f,1.0797210629450518f,-0.009563386677561566f,1.078082434643206f,0.6106773410454931f,-5.567540861560522f,0.01665974679965392f,0.6107522094372555f,-1.0779537098695118f,-3.623783223682668f,0f,0f,0f,1f],start_interpolation:0}
execute if entity @s[tag=aj.armor.bone.left_knee] run data modify entity @s {} merge value {transformation:[-3.057147540079915f,0.004799271625404337f,-0.04715782437932948f,1.1525499703274125f,-0.02359861499030087f,2.483952798494647f,1.782643984492179f,-2.4234846537952492f,0.0411095947300097f,1.782793716913844f,-2.483617228837539f,-1.4972356719096096f,0f,0f,0f,1f],start_interpolation:0}
execute if entity @s[tag=aj.armor.bone.left_thigh] run data modify entity @s {} merge value {transformation:[-2.6037157247101455f,-0.11335807703795459f,0.008559484881790522f,0.9398681250000002f,-0.10980495987661991f,2.5586088011818426f,0.4834488254359197f,1.1448594318181822f,-0.02943109236298143f,0.4826280580313724f,-2.5609496015964957f,-0.779563125f,0f,0f,0f,1f],start_interpolation:0}
execute if entity @s[tag=aj.armor.bone.left] run data modify entity @s {} merge value {transformation:[-2.637335833333333f,0f,3.229804886568284e-16f,2.1756499999999996f,0f,2.637335833333333f,0f,9.046960446428571f,-3.229804886568284e-16f,0f,-2.637335833333333f,3.649444375f,0f,0f,0f,1f],start_interpolation:0}
execute if entity @s[tag=aj.armor.bone.left4] run data modify entity @s {} merge value {transformation:[-2.637335833333333f,0f,3.229804886568284e-16f,2.1756499999999996f,0f,2.637335833333333f,0f,9.046960446428571f,-3.229804886568284e-16f,0f,-2.637335833333333f,3.649444375f,0f,0f,0f,1f],start_interpolation:0}
execute if entity @s[tag=aj.armor.bone.mid] run data modify entity @s {} merge value {transformation:[-1.7014595833333332f,0f,2.083687032607756e-16f,1.8078468749999999f,0f,1.7014595833333332f,0f,9.67174044642857f,-2.083687032607756e-16f,0f,-1.7014595833333332f,2.16841875f,0f,0f,0f,1f],start_interpolation:0}
execute if entity @s[tag=aj.armor.bone.teeth] run data modify entity @s {} merge value {transformation:[-1.3826316666666663f,0f,1.693235444983103e-16f,1.8078468749999999f,0f,1.3826316666666663f,0f,9.67174044642857f,-1.693235444983103e-16f,0f,-1.3826316666666663f,2.16841875f,0f,0f,0f,1f],start_interpolation:0}
execute if entity @s[tag=aj.armor.bone.skull] run data modify entity @s {} merge value {transformation:[-1.7982291666666665f,0f,2.2021955930917455e-16f,1.8078468749999999f,0f,1.7982291666666665f,0f,9.67174044642857f,-2.2021955930917455e-16f,0f,-1.7982291666666665f,2.16841875f,0f,0f,0f,1f],start_interpolation:0}
execute if entity @s[tag=aj.armor.bone.left3] run data modify entity @s {} merge value {transformation:[-2.4411241666666665f,0f,2.989514897029583e-16f,2.1756499999999996f,0f,2.4411241666666665f,0f,8.175769196428572f,-2.989514897029583e-16f,0f,-2.4411241666666665f,3.6494443750000003f,0f,0f,0f,1f],start_interpolation:0}
execute if entity @s[tag=aj.armor.bone.left2] run data modify entity @s {} merge value {transformation:[-2.4411241666666665f,0f,2.989514897029583e-16f,2.1756499999999996f,0f,2.4411241666666665f,0f,8.175769196428572f,-2.989514897029583e-16f,0f,-2.4411241666666665f,3.6494443750000003f,0f,0f,0f,1f],start_interpolation:0}
execute if entity @s[tag=aj.armor.bone.mid2] run data modify entity @s {} merge value {transformation:[-2.612955833333333f,0f,3.1999479976050713e-16f,2.1756499999999996f,0f,2.612955833333333f,0f,8.175769196428572f,-3.1999479976050713e-16f,0f,-2.612955833333333f,3.6494443750000003f,0f,0f,0f,1f],start_interpolation:0}
execute if entity @s[tag=aj.armor.bone.teeth2] run data modify entity @s {} merge value {transformation:[-1.4398166666666659f,0f,1.763266872192344e-16f,1.8078468749999999f,0f,1.4398166666666659f,0f,9.67174044642857f,-1.763266872192344e-16f,0f,-1.4398166666666659f,2.1684187500000003f,0f,0f,0f,1f],start_interpolation:0}