execute if entity @s[tag=aj.armor.bone.right_thumb_2] run data modify entity @s {} merge value {transformation:[-0.9754826602281502f,0.17594940158520272f,-0.1321945069812666f,-2.223047944291046f,0.20878933605954525f,0.5499971680463333f,-0.8086470974960754f,-1.6513950484503312f,-0.06957436842706768f,-0.8164220251945817f,-0.5732490593408351f,0.7798113118300285f,0f,0f,0f,1f],start_interpolation:0}
execute if entity @s[tag=aj.armor.bone.right_thumb] run data modify entity @s {} merge value {transformation:[-0.9754826602281502f,0.17594940158520272f,-0.1321945069812666f,-2.376462790714832f,0.20878933605954525f,0.5499971680463333f,-0.8086470974960754f,-1.403061385611148f,-0.06957436842706768f,-0.8164220251945817f,-0.5732490593408351f,0.5385201253465719f,0f,0f,0f,1f],start_interpolation:0}
execute if entity @s[tag=aj.armor.bone.right_fingers_2] run data modify entity @s {} merge value {transformation:[0.983738346004202f,-0.16780118409097522f,-0.06404396317049081f,-2.255677826049949f,-0.17398291109021136f,-0.8017539965961924f,-0.5717696000930863f,-2.1834507904326617f,0.04459611249304289f,0.573614235841213f,-0.8179106890063296f,0.8084585404458556f,0f,0f,0f,1f],start_interpolation:0}
execute if entity @s[tag=aj.armor.bone.right_fingers] run data modify entity @s {} merge value {transformation:[-0.29476924214421785f,-0.9534198784728268f,-0.06404396317049081f,-2.690145913432626f,-0.7721855531152455f,0.2771443594401555f,-0.5717696000930863f,-2.1023058801821883f,0.5628859257841018f,-0.1190862685760437f,-0.8179106890063296f,0.7754309311243155f,0f,0f,0f,1f],start_interpolation:0}
execute if entity @s[tag=aj.armor.bone.right_hand] run data modify entity @s {} merge value {transformation:[-0.9901214299266028f,0.12473141056492587f,-0.06404396317049081f,-2.5575121570488464f,0.13884529976107404f,0.8085799324393658f,-0.5717696000930863f,-1.4614991125270334f,-0.019532965324209527f,-0.5750135372970224f,-0.8179106890063296f,0.3276038020607126f,0f,0f,0f,1f],start_interpolation:0}
execute if entity @s[tag=aj.armor.bone.right_forearm] run data modify entity @s {} merge value {transformation:[-1.8201867592467695f,-0.010163949165354642f,-0.11681360037946377f,-2.494358422027898f,0.058579379053903334f,1.495255376985992f,-1.0428846415484523f,0.6930433297049161f,0.10157351744381053f,-1.0444791110239346f,-1.4918360395238643f,-1.2741590843614325f,0f,0f,0f,1f],start_interpolation:0}
execute if entity @s[tag=aj.armor.bone.right_bicep] run data modify entity @s {} merge value {transformation:[-1.5783115230558002f,0.1380843657797175f,1.8504563902982217e-16f,-2.274164375f,0.13169340027743504f,1.5052624530995675f,0.4764203516806831f,3.0354068798360796f,0.04152276961083026f,0.47460742840730136f,-1.5110123111305085f,-0.5141866905571416f,0f,0f,0f,1f],start_interpolation:0}
execute if entity @s[tag=aj.armor.bone.right_shoulder] run data modify entity @s {} merge value {transformation:[-1.0131204166666665f,-3.7309009842935676e-17f,1.1832906169917273e-16f,-1.827643125f,0f,0.9662301145241062f,0.3046511848878522f,3.2404707781996254f,-1.240714675421666e-16f,0.3046511848878522f,-0.9662301145241062f,-0.42793059178241194f,0f,0f,0f,1f],start_interpolation:0}
execute if entity @s[tag=aj.armor.bone.right_arm] run data modify entity @s {} merge value {transformation:[-1.3293824999999997f,-2.1249977662598144e-17f,1.6140960522599745e-16f,-1.74976375f,0f,1.3180094484252691f,0.17351923572897268f,3.3967417141596092f,-1.628024023467506e-16f,0.17351923572897268f,-1.3180094484252691f,-0.401496368108889f,0f,0f,0f,1f],start_interpolation:0}
execute if entity @s[tag=aj.armor.bone.left_thumb_2] run data modify entity @s {} merge value {transformation:[-0.9630324587018942f,-0.15566302961809986f,0.21985791934042107f,2.237457641871312f,-0.2658806189796075f,0.41802118540790567f,-0.8686574612591491f,-1.4927844989436023f,0.04331258405596783f,-0.8950012903679436f,-0.4439557526399571f,1.431963245105445f,0f,0f,0f,1f],start_interpolation:0}
execute if entity @s[tag=aj.armor.bone.left_thumb] run data modify entity @s {} merge value {transformation:[-0.9630324587018942f,-0.15566302961809986f,0.21985791934042107f,2.3906736219986136f,-0.2658806189796075f,0.41802118540790567f,-0.8686574612591491f,-1.2699169384176456f,0.04331258405596783f,-0.8950012903679436f,-0.4439557526399571f,1.1668555806070517f,0f,0f,0f,1f],start_interpolation:0}
execute if entity @s[tag=aj.armor.bone.left_fingers_2] run data modify entity @s {} merge value {transformation:[0.9717763048837803f,0.17925355993994696f,0.15335897272504678f,2.3012270989699655f,0.23553411792384055f,-0.7008506811408753f,-0.6732993405894656f,-2.012107090202918f,-0.013209563212466607f,0.690417615645217f,-0.7232904143195242f,1.537822529140377f,0f,0f,0f,1f],start_interpolation:0}
execute if entity @s[tag=aj.armor.bone.left_fingers] run data modify entity @s {} merge value {transformation:[-0.3045622816515741f,0.9400653392610034f,0.15335897272504678f,2.7310230089785543f,0.6641114348569485f,0.32499846161795254f,-0.6732993405894656f,-1.9056724874488018f,-0.6827868032463956f,-0.10321413597980952f,-0.7232904143195242f,1.5182013806653818f,0f,0f,0f,1f],start_interpolation:0}
execute if entity @s[tag=aj.armor.bone.left_hand] run data modify entity @s {} merge value {transformation:[-0.9786703196371662f,-0.1366946631950399f,0.15335897272504678f,2.588528220242874f,-0.20473926428772066f,0.7104574805156981f,-0.6732993405894656f,-1.3439382291959272f,-0.016918602785392964f,-0.6903366841138323f,-0.7232904143195242f,0.9769768222621852f,0f,0f,0f,1f],start_interpolation:0}
execute if entity @s[tag=aj.armor.bone.left_forearm] run data modify entity @s {} merge value {transformation:[-1.8023272279982925f,-0.014196080153640364f,0.27972056799200434f,2.4969753669967343f,-0.20109953634979533f,1.333502788084896f,-1.2280707847201697f,0.5586406318247952f,-0.19494640630028415f,-1.2443461524477777f,-1.3192524827312335f,-0.9160360214884583f,0f,0f,0f,1f],start_interpolation:0}
execute if entity @s[tag=aj.armor.bone.left_bicep] run data modify entity @s {} merge value {transformation:[-1.5648088491807455f,-0.13808436577971755f,0.20601099324150396f,2.274164375f,-0.10089399023239722f,1.556665929930234f,0.27703093908971965f,2.983881265285314f,-0.22655733081081877f,0.26049653818267954f,-1.5462690210096766f,-0.49027365780224536f,0f,0f,0f,1f],start_interpolation:0}
execute if entity @s[tag=aj.armor.bone.left_shoulder] run data modify entity @s {} merge value {transformation:[-1.0131204166666667f,-2.0477698673455375e-17f,1.223699019984329e-16f,1.827643125f,0f,0.9992260795817339f,0.1672130992194055f,3.198954024629597f,-1.2407146754216663e-16f,0.1672130992194055f,-0.9992260795817339f,-0.4333963760816261f,0f,0f,0f,1f],start_interpolation:0}
execute if entity @s[tag=aj.armor.bone.left_arm] run data modify entity @s {} merge value {transformation:[-1.3293824999999997f,-2.1249977662598144e-17f,1.6140960522599745e-16f,1.749763125f,0f,1.3180094484252691f,0.17351923572897268f,3.355224960589581f,-1.628024023467506e-16f,0.17351923572897268f,-1.3180094484252691f,-0.40696215240810324f,0f,0f,0f,1f],start_interpolation:0}
execute if entity @s[tag=aj.armor.bone.chest] run data modify entity @s {} merge value {transformation:[-2.6116895833333333f,-4.1747461928732775e-17f,3.1710345564100863e-16f,2.6597874209406526e-17f,0f,2.589346216899341f,0.34089389657327307f,4.1299125f,-3.198397288595651e-16f,0.34089389657327307f,-2.589346216899341f,-0.21093812500000003f,0f,0f,0f,1f],start_interpolation:0}
execute if entity @s[tag=aj.armor.bone.weist] run data modify entity @s {} merge value {transformation:[-1.9458220833333333f,0f,2.382944786064401e-16f,2.5797644066588673e-17f,0f,1.9458220833333333f,0f,0.18211874999999988f,-2.382944786064401e-16f,0f,-1.9458220833333333f,-0.20440375f,0f,0f,0f,1f],start_interpolation:0}
execute if entity @s[tag=aj.armor.bone.right_foot] run data modify entity @s {} merge value {transformation:[-1.176432193059344f,-0.02363057251168467f,0.032245713713837124f,-0.9454320606230115f,0.0052042584662692504f,0.8508518224320981f,0.8133971888532419f,-7.471813591936578f,-0.03963717578184646f,0.8130705179646537f,-0.8502565036442188f,-1.841666965615169f,0f,0f,0f,1f],start_interpolation:0}
execute if entity @s[tag=aj.armor.bone.right_knee] run data modify entity @s {} merge value {transformation:[-2.902963526079401f,-0.056561113553694406f,0.08082261577207321f,-1.0778908665564577f,0.012842025742751383f,2.1428474139846485f,1.9608591819118861f,-4.745209603911612f,-0.09780867630990923f,1.9600853270577012f,-2.141361170383369f,0.5153340128190134f,0f,0f,0f,1f],start_interpolation:0}
execute if entity @s[tag=aj.armor.bone.right_thigh] run data modify entity @s {} merge value {transformation:[-2.4739903232990414f,0.09540185742361929f,-0.016825241807763458f,-0.8928749999999999f,0.0950134459575363f,2.3057169001549207f,-0.8970254981695441f,-1.5069856249999998f,-0.018895720389564986f,-0.8969842723700165f,-2.3076123785876286f,-0.6999600000000001f,0f,0f,0f,1f],start_interpolation:0}
execute if entity @s[tag=aj.armor.bone.left_foot] run data modify entity @s {} merge value {transformation:[-1.176932010414774f,0.0016878755493937503f,-0.0204716587928515f,1.0077728730093416f,-0.0014333941287713496f,1.1635223079152768f,0.1783386644599036f,-8.54683102161464f,0.02049104972598473f,0.17833643748881f,-1.1633430821651407f,-1.9374920932125463f,0f,0f,0f,1f],start_interpolation:0}
execute if entity @s[tag=aj.armor.bone.left_knee] run data modify entity @s {} merge value {transformation:[-2.904196875150495f,0.01432243762965069f,-0.048621668836759516f,1.0889437763819316f,-0.0035370426777412115f,2.722213282116075f,1.0131490633336977f,-5.133867501606801f,0.05056370466275767f,1.0130539980599247f,-2.721781327976148f,-0.7745391139390293f,0f,0f,0f,1f],start_interpolation:0}
execute if entity @s[tag=aj.armor.bone.left_thigh] run data modify entity @s {} merge value {transformation:[-2.4737067086573448f,-0.10360052509783502f,-0.007400924412651925f,0.8928750000000001f,-0.10353223897420372f,2.4736255616056573f,-0.02168823190460043f,-1.6757356249999997f,0.008301685111909872f,-0.021359660802836015f,-2.47578019417188f,-0.7624599999999999f,0f,0f,0f,1f],start_interpolation:0}