execute if entity @s[tag=aj.armor.bone.right_thumb_2] run data modify entity @s {} merge value {transformation:[-0.9754826602281502f,0.17594940158520275f,-0.13219450698126667f,-2.340050750956437f,0.18976146354819912f,0.3682347266558439f,-0.9101613994433855f,1.634704483162723f,-0.11146374543436355f,-0.9129320862838073f,-0.3925950067018664f,1.8568124911506048f,0f,0f,0f,1f],start_interpolation:0}
execute if entity @s[tag=aj.armor.bone.right_thumb] run data modify entity @s {} merge value {transformation:[-0.9754826602281502f,0.17594940158520275f,-0.13219450698126667f,-2.501539983181334f,0.18976146354819912f,0.3682347266558439f,-0.9101613994433855f,1.8375877165732586f,-0.11146374543436355f,-0.9129320862838073f,-0.3925950067018664f,1.554023367044271f,0f,0f,0f,1f],start_interpolation:0}
execute if entity @s[tag=aj.armor.bone.right_fingers_2] run data modify entity @s {} merge value {transformation:[0.983738346004202f,-0.16780118409097522f,-0.06404396317049084f,-2.3743974883139076f,-0.16090891389924578f,-0.6649726424984219f,-0.7293282567928047f,1.093153803403661f,0.07979466165528655f,0.7277734175870483f,-0.6811597937525276f,2.0027510102994195f,0f,0f,0f,1f],start_interpolation:0}
execute if entity @s[tag=aj.armor.bone.right_fingers] run data modify entity @s {} merge value {transformation:[-0.29476924214421785f,-0.9534198784728268f,-0.06404396317049084f,-2.831732647715309f,-0.6382808815336918f,0.2463286627904725f,-0.7293282567928047f,1.169474595399438f,0.7111319217657835f,-0.1741055002598063f,-0.6811597937525276f,1.9509860215237274f,0f,0f,0f,1f],start_interpolation:0}
execute if entity @s[tag=aj.armor.bone.right_hand] run data modify entity @s {} merge value {transformation:[-0.9901214299266028f,0.12473141056492588f,-0.06404396317049084f,-2.692117995925162f,0.13175006498721958f,0.6713584841345438f,-0.7293282567928047f,1.731259018453487f,-0.04797368420251572f,-0.7305613328113194f,-0.6811597937525276f,1.3496469769507518f,0f,0f,0f,1f],start_interpolation:0}
execute if entity @s[tag=aj.armor.bone.right_forearm] run data modify entity @s {} merge value {transformation:[-1.915985690329147f,-0.010698891780814316f,-0.122961660733923f,-2.625640164650052f,0.08254482694883515f,1.3109692627970435f,-1.4002789527044976f,3.5990856213726796f,0.09176267127633553f,-1.4026690014247407f,-1.3077975708970377f,-0.7711053594693653f,0f,0f,0f,1f],start_interpolation:0}
execute if entity @s[tag=aj.armor.bone.right_bicep] run data modify entity @s {} merge value {transformation:[-1.6613804631995532f,0.14535195633340947f,2.032973429650656e-16f,-2.3938575f,0.144682784759508f,1.653731797110338f,0.15984451736471136f,6.177174765497062f,0.013931367635062164f,0.15923626071775945f,-1.6600487839155675f,-0.5012528680459075f,0f,0f,0f,1f],start_interpolation:0}
execute if entity @s[tag=aj.armor.bone.right_shoulder] run data modify entity @s {} merge value {transformation:[-1.0664424999999997f,-1.2517602825048267e-17f,1.3000027582958552e-16f,-1.923835f,0f,1.06153281027719f,0.1022139839320489f,6.407191697585285f,-1.306015394099701e-16f,0.1022139839320489f,-1.06153281027719f,-0.4573200892989891f,0f,0f,0f,1f],start_interpolation:0}
execute if entity @s[tag=aj.armor.bone.right_arm] run data modify entity @s {} merge value {transformation:[-1.39935f,-2.2368397539577e-17f,1.6990484760631316e-16f,-1.84185625f,0f,1.3873783667634416f,0.1826518270831292f,6.571687592124529f,-1.7137094983868489e-16f,0.1826518270831292f,-1.3873783667634416f,-0.429494136666776f,0f,0f,0f,1f],start_interpolation:0}
execute if entity @s[tag=aj.armor.bone.left_thumb_2] run data modify entity @s {} merge value {transformation:[-0.9630324587018942f,-0.1556630296180999f,0.21985791934042107f,2.3552187825496054f,-0.26921257709802204f,0.5268983692701275f,-0.806165427683873f,1.2198497130282038f,0.009647373675051812f,-0.8355519910039082f,-0.5493266774066039f,0.8662877843593648f,0f,0f,0f,1f],start_interpolation:0}
execute if entity @s[tag=aj.armor.bone.left_thumb] run data modify entity @s {} merge value {transformation:[-0.9630324587018942f,-0.1556630296180999f,0.21985791934042107f,2.516498722161202f,-0.26921257709802204f,0.5268983692701275f,-0.806165427683873f,1.4875721425573958f,0.009647373675051812f,-0.8355519910039082f,-0.5493266774066039f,0.6188304870197068f,0f,0f,0f,1f],start_interpolation:0}
execute if entity @s[tag=aj.armor.bone.left_fingers_2] run data modify entity @s {} merge value {transformation:[0.9717763048837803f,0.17925355993994702f,0.15335897272504678f,2.4223440501300852f,0.23533245832477068f,-0.7818565364646999f,-0.5773378477514213f,0.6635387268394141f,0.016414850753080065f,0.5971335844149773f,-0.8019738368790313f,0.9083255481421757f,0f,0f,0f,1f],start_interpolation:0}
execute if entity @s[tag=aj.armor.bone.left_fingers] run data modify entity @s {} merge value {transformation:[-0.3045622816515742f,0.9400653392610034f,0.15335897272504678f,2.874761130085835f,0.7444505957185358f,0.3353719130876551f,-0.5773378477514213f,0.7772801960963229f,-0.5941675917866138f,-0.06166715359103822f,-0.8019738368790313f,0.90187657038535f,0f,0f,0f,1f],start_interpolation:0}
execute if entity @s[tag=aj.armor.bone.left_hand] run data modify entity @s {} merge value {transformation:[-0.9786703196371662f,-0.13669466319503992f,0.15335897272504678f,2.7247664288900277f,-0.2010043708416746f,0.7913774399465145f,-0.5773378477514213f,1.4353205034090748f,-0.04244582857984512f,-0.5958492398230406f,-0.8019738368790313f,0.4107684569586696f,0f,0f,0f,1f],start_interpolation:0}
execute if entity @s[tag=aj.armor.bone.left_forearm] run data modify entity @s {} merge value {transformation:[-1.8971861874021896f,-0.014943239365391433f,0.29444264597617703f,2.628394771339383f,-0.18429527260063505f,1.5567845895670898f,-1.1084638902667627f,3.671987637726548f,-0.23011958775654306f,-1.1235807239026205f,-1.5397553487639073f,-1.3151569837658372f,0f,0f,0f,1f],start_interpolation:0}
execute if entity @s[tag=aj.armor.bone.left_bicep] run data modify entity @s {} merge value {transformation:[-1.6471671230260378f,-0.14535195633340955f,0.21685366569022343f,2.3938575f,-0.0754770993201754f,1.591307580149061f,0.4933108832667933f,6.1485719034429085f,-0.24991180646669928f,0.477415153573179f,-1.578268384920119f,-0.5505591489725723f,0f,0f,0f,1f],start_interpolation:0}
execute if entity @s[tag=aj.armor.bone.left_shoulder] run data modify entity @s {} merge value {transformation:[-1.0664425f,-3.752972625802166e-17f,1.250930923082963e-16f,1.923835f,0f,1.0214626159590747f,0.30645347118982647f,6.3656749440152565f,-1.3060153940997012e-16f,0.30645347118982647f,-1.0214626159590747f,-0.4627858735982033f,0f,0f,0f,1f],start_interpolation:0}
execute if entity @s[tag=aj.armor.bone.left_arm] run data modify entity @s {} merge value {transformation:[-1.39935f,-2.2368397539577e-17f,1.6990484760631316e-16f,1.84185625f,0f,1.3873783667634416f,0.1826518270831292f,6.5301708385545005f,-1.7137094983868489e-16f,0.1826518270831292f,-1.3873783667634416f,-0.43495992096599023f,0f,0f,0f,1f],start_interpolation:0}
execute if entity @s[tag=aj.armor.bone.chest] run data modify entity @s {} merge value {transformation:[-2.749147083333334f,-4.394469922090158e-17f,3.3379312983963293e-16f,2.7997798581681846e-17f,0f,2.725627748931632f,0.35883570064036086f,7.345631875f,-3.3667341759894493e-16f,0.35883570064036086f,-2.725627748931632f,-0.228619375f,0f,0f,0f,1f],start_interpolation:0}
execute if entity @s[tag=aj.armor.bone.weist] run data modify entity @s {} merge value {transformation:[-2.0482337499999996f,0f,2.5083629058430797e-16f,2.3932660072337152e-17f,0f,2.0482337499999996f,0f,3.190059375f,-2.5083629058430797e-16f,0f,-2.0482337499999996f,-0.19542500000000002f,0f,0f,0f,1f],start_interpolation:0}
execute if entity @s[tag=aj.armor.bone.right_foot] run data modify entity @s {} merge value {transformation:[-1.2388723608951335f,-0.001069462685333657f,0.02177472794419528f,-1.0755019530405738f,0.01086735870133676f,1.0425581698790658f,0.6695030784474637f,-5.511396483135483f,-0.018899286820817346f,0.6695904179312447f,-1.0423874031710505f,-3.5658535094707204f,0f,0f,0f,1f],start_interpolation:0}
execute if entity @s[tag=aj.armor.bone.right_knee] run data modify entity @s {} merge value {transformation:[-3.0570417000375563f,-0.007945655928488199f,0.053206071160681365f,-1.1520262243359933f,0.026816296632244097f,2.3964164853601546f,1.8986487010908624f,-2.4719315246040603f,-0.046635884160385575f,1.8988214424929357f,-2.3959758344070643f,-1.2924431243769676f,0f,0f,0f,1f],start_interpolation:0}
execute if entity @s[tag=aj.armor.bone.right_thigh] run data modify entity @s {} merge value {transformation:[-2.6037157247101455f,0.11292947141982897f,-0.013048099326049561f,-0.9398681249999999f,0.10980495987661994f,2.575767890168978f,0.38160390495251584f,1.1221321590909095f,0.029431092362980797f,0.3806909559910149f,-2.5780743007801443f,-0.7170631250000001f,0f,0f,0f,1f],start_interpolation:0}
execute if entity @s[tag=aj.armor.bone.left_foot] run data modify entity @s {} merge value {transformation:[-1.238899575050674f,0.005596035196830117f,-0.01940454706239421f,1.0737499533750814f,0.003620764331686937f,1.2328028361717445f,0.1243545990702331f,-6.005106779621329f,0.01986811823689444f,0.12428137686049301f,-1.232655428885439f,0.6742954684039061f,0f,0f,0f,1f],start_interpolation:0}
execute if entity @s[tag=aj.armor.bone.left_knee] run data modify entity @s {} merge value {transformation:[-3.0571088536935296f,0.009582981884634561f,-0.048903970716455025f,1.1524547841343136f,0.00893459883145502f,3.057232953212261f,0.040556355380619837f,-2.2099359407857464f,0.049026572767817356f,0.04040806202030661f,-3.0568548475371555f,0.6187812273749088f,0f,0f,0f,1f],start_interpolation:0}
execute if entity @s[tag=aj.armor.bone.left_thigh] run data modify entity @s {} merge value {transformation:[-2.6037261621460965f,-0.11333342329730624f,0.004949872092881765f,0.9398681250000002f,-0.10606169609478233f,2.391680187478025f,-1.0299881994278572f,1.1505412500000003f,0.040247766292308924f,-1.0292134421502932f,-2.3940256267048787f,-0.779563125f,0f,0f,0f,1f],start_interpolation:0}
execute if entity @s[tag=aj.armor.bone.left] run data modify entity @s {} merge value {transformation:[-2.637335833333333f,0f,3.229804886568284e-16f,2.1756499999999996f,0f,2.637335833333333f,0f,8.944281875f,-3.229804886568284e-16f,0f,-2.637335833333333f,3.649444375f,0f,0f,0f,1f],start_interpolation:0}
execute if entity @s[tag=aj.armor.bone.left4] run data modify entity @s {} merge value {transformation:[-2.637335833333333f,0f,3.229804886568284e-16f,2.1756499999999996f,0f,2.637335833333333f,0f,8.944281875f,-3.229804886568284e-16f,0f,-2.637335833333333f,3.649444375f,0f,0f,0f,1f],start_interpolation:0}
execute if entity @s[tag=aj.armor.bone.mid] run data modify entity @s {} merge value {transformation:[-1.7014595833333332f,0f,2.083687032607756e-16f,1.8078468749999999f,0f,1.7014595833333332f,0f,9.569061875f,-2.083687032607756e-16f,0f,-1.7014595833333332f,2.16841875f,0f,0f,0f,1f],start_interpolation:0}
execute if entity @s[tag=aj.armor.bone.teeth] run data modify entity @s {} merge value {transformation:[-1.3826316666666663f,0f,1.693235444983103e-16f,1.8078468749999999f,0f,1.3826316666666663f,0f,9.569061875f,-1.693235444983103e-16f,0f,-1.3826316666666663f,2.16841875f,0f,0f,0f,1f],start_interpolation:0}
execute if entity @s[tag=aj.armor.bone.skull] run data modify entity @s {} merge value {transformation:[-1.7982291666666665f,0f,2.2021955930917455e-16f,1.8078468749999999f,0f,1.7982291666666665f,0f,9.569061875f,-2.2021955930917455e-16f,0f,-1.7982291666666665f,2.16841875f,0f,0f,0f,1f],start_interpolation:0}
execute if entity @s[tag=aj.armor.bone.left3] run data modify entity @s {} merge value {transformation:[-2.4411241666666665f,0f,2.989514897029583e-16f,2.1756499999999996f,0f,2.4411241666666665f,0f,8.073090625f,-2.989514897029583e-16f,0f,-2.4411241666666665f,3.6494443750000003f,0f,0f,0f,1f],start_interpolation:0}
execute if entity @s[tag=aj.armor.bone.left2] run data modify entity @s {} merge value {transformation:[-2.4411241666666665f,0f,2.989514897029583e-16f,2.1756499999999996f,0f,2.4411241666666665f,0f,8.073090625f,-2.989514897029583e-16f,0f,-2.4411241666666665f,3.6494443750000003f,0f,0f,0f,1f],start_interpolation:0}
execute if entity @s[tag=aj.armor.bone.mid2] run data modify entity @s {} merge value {transformation:[-2.612955833333333f,0f,3.1999479976050713e-16f,2.1756499999999996f,0f,2.612955833333333f,0f,8.073090625f,-3.1999479976050713e-16f,0f,-2.612955833333333f,3.6494443750000003f,0f,0f,0f,1f],start_interpolation:0}
execute if entity @s[tag=aj.armor.bone.teeth2] run data modify entity @s {} merge value {transformation:[-1.4398166666666659f,0f,1.763266872192344e-16f,1.8078468749999999f,0f,1.4398166666666659f,0f,9.569061875f,-1.763266872192344e-16f,0f,-1.4398166666666659f,2.1684187500000003f,0f,0f,0f,1f],start_interpolation:0}