execute if entity @s[tag=aj.armor.bone.right_thumb_2] run data modify entity @s {} merge value {transformation:[-0.9754826602281502f,0.17594940158520275f,-0.13219450698126664f,-2.223047944291046f,0.19875406941161383f,0.44640075640604926f,-0.8724810511251408f,-1.5302451095913538f,-0.09450079093073499f,-0.8773643329665939f,-0.4704268569624288f,1.36697746314399f,0f,0f,0f,1f],start_interpolation:0}
execute if entity @s[tag=aj.armor.bone.right_thumb] run data modify entity @s {} merge value {transformation:[-0.9754826602281502f,0.17594940158520275f,-0.13219450698126664f,-2.376462790714832f,0.19875406941161383f,0.44640075640604926f,-0.8724810511251408f,-1.3131684866835167f,-0.09450079093073499f,-0.8773643329665939f,-0.4704268569624288f,1.0972205641392598f,0f,0f,0f,1f],start_interpolation:0}
execute if entity @s[tag=aj.armor.bone.right_fingers_2] run data modify entity @s {} merge value {transformation:[0.983738346004202f,-0.16780118409097522f,-0.06404396317049083f,-2.255677826049949f,-0.16725116990599437f,-0.7258718535947865f,-0.6671859548311437f,-2.054843769812796f,0.06546688297141343f,0.6670478354485047f,-0.7421329210171665f,1.4602524435921436f,0f,0f,0f,1f],start_interpolation:0}
execute if entity @s[tag=aj.armor.bone.right_fingers] run data modify entity @s {} merge value {transformation:[-0.29476924214421785f,-0.9534198784728268f,-0.06404396317049083f,-2.690145913432626f,-0.6978312609102557f,0.26056560205149415f,-0.6671859548311437f,-1.9783287544806663f,0.6527960057951687f,-0.151974018701889f,-0.7421329210171665f,1.417581940129241f,0f,0f,0f,1f],start_interpolation:0}
execute if entity @s[tag=aj.armor.bone.right_hand] run data modify entity @s {} merge value {transformation:[-0.9901214299266028f,0.12473141056492588f,-0.06404396317049083f,-2.5575121570488464f,0.13542989829252292f,0.7324763779976334f,-0.6671859548311437f,-1.3968748614768207f,-0.03630835507946052f,-0.6692685790427876f,-0.7421329210171665f,0.8949981465528716f,0f,0f,0f,1f],start_interpolation:0}
execute if entity @s[tag=aj.armor.bone.right_forearm] run data modify entity @s {} merge value {transformation:[-1.8201867592467695f,-0.010163949165354624f,-0.11681360037946378f,-2.494358422027898f,0.07052143512371853f,1.3568199866875619f,-1.216920216179665f,0.5464021568493962f,0.0936773733851464f,-1.2189195131328547f,-1.3536204533964207f,-0.9573981149806556f,0f,0f,0f,1f],start_interpolation:0}
execute if entity @s[tag=aj.armor.bone.right_bicep] run data modify entity @s {} merge value {transformation:[-1.5783115230558002f,0.13808436577971753f,1.9077676301824812e-16f,-2.274164375f,0.1357721303107635f,1.5518825507093552f,0.28872310838969784f,2.963923420915955f,0.02516387696011654f,0.28762442979438535f,-1.5578104899394205f,-0.48855274802719845f,0f,0f,0f,1f],start_interpolation:0}
execute if entity @s[tag=aj.armor.bone.right_shoulder] run data modify entity @s {} merge value {transformation:[-1.0131204166666665f,-2.2610229086128644e-17f,1.219938793494972e-16f,-1.827643125f,0f,0.9961556216407382f,0.18462653151807334f,3.1779707781996254f,-1.240714675421666e-16f,0.18462653151807334f,-0.9961556216407382f,-0.42793059178241194f,0f,0f,0f,1f],start_interpolation:0}
execute if entity @s[tag=aj.armor.bone.right_arm] run data modify entity @s {} merge value {transformation:[-1.3293824999999997f,-2.1249977662598144e-17f,1.6140960522599745e-16f,-1.74976375f,0f,1.3180094484252691f,0.17351923572897268f,3.3342417141596092f,-1.628024023467506e-16f,0.17351923572897268f,-1.3180094484252691f,-0.401496368108889f,0f,0f,0f,1f],start_interpolation:0}
execute if entity @s[tag=aj.armor.bone.left_thumb_2] run data modify entity @s {} merge value {transformation:[-0.9630324587018942f,-0.1556630296180999f,0.21985791934042107f,2.237457641871312f,-0.2693624462381669f,0.5670858473950037f,-0.7783684951492329f,-1.7997648603901975f,-0.003515116381454243f,-0.8088155926380283f,-0.5880518523586332f,0.5269470924752336f,0f,0f,0f,1f],start_interpolation:0}
execute if entity @s[tag=aj.armor.bone.left_thumb] run data modify entity @s {} merge value {transformation:[-0.9630324587018942f,-0.1556630296180999f,0.21985791934042107f,2.3906736219986136f,-0.2693624462381669f,0.5670858473950037f,-0.7783684951492329f,-1.5342476960636358f,-0.003515116381454243f,-0.8088155926380283f,-0.5880518523586332f,0.3045675548406633f,0f,0f,0f,1f],start_interpolation:0}
execute if entity @s[tag=aj.armor.bone.left_fingers_2] run data modify entity @s {} merge value {transformation:[0.9717763048837803f,0.17925355993994702f,0.15335897272504678f,2.3012270989699655f,0.23424964200991089f,-0.8100929452773599f,-0.5374723483399688f,-2.3295800463385534f,0.027891190090320858f,0.5582271771068725f,-0.8292192112189862f,0.541018714527708f,0f,0f,0f,1f],start_interpolation:0}
execute if entity @s[tag=aj.armor.bone.left_fingers] run data modify entity @s {} merge value {transformation:[-0.3045622816515742f,0.9400653392610034f,0.15335897272504678f,2.7310230089785543f,0.7725867740299501f,0.33798395134076087f,-0.5374723483399688f,-2.2213552476811103f,-0.557091997060792f,-0.04521069072885943f,-0.8292192112189862f,0.5401778301954848f,0f,0f,0f,1f],start_interpolation:0}
execute if entity @s[tag=aj.armor.bone.left_hand] run data modify entity @s {} merge value {transformation:[-0.9786703196371662f,-0.13669466319503992f,0.15335897272504678f,2.588528220242874f,-0.1986909302742087f,0.8195397421703775f,-0.5374723483399688f,-1.574172336745813f,-0.05221417133361965f,-0.5564792719026519f,-0.8292192112189862f,0.1047198192381047f,0f,0f,0f,1f],start_interpolation:0}
execute if entity @s[tag=aj.armor.bone.left_forearm] run data modify entity @s {} merge value {transformation:[-1.8023272279982925f,-0.01419608015364039f,0.27972056799200434f,2.4969753669967343f,-0.1641922943276775f,1.5293223261288136f,-0.9803278405313577f,0.6282203069219232f,-0.22690530036319437f,-0.9938814092967695f,-1.5124623269869775f,-1.4291545537553443f,0f,0f,0f,1f],start_interpolation:0}
execute if entity @s[tag=aj.armor.bone.left_bicep] run data modify entity @s {} merge value {transformation:[-1.5648088491807455f,-0.1380843657797176f,0.20601099324150396f,2.274164375f,-0.06001991618082025f,1.4877819275012867f,0.5413290143209674f,2.9426832271008054f,-0.24063547342564676f,0.526851212403726f,-1.4746718024026382f,-0.5887218606521477f,0f,0f,0f,1f],start_interpolation:0}
execute if entity @s[tag=aj.armor.bone.left_shoulder] run data modify entity @s {} merge value {transformation:[-1.0131204166666667f,-4.141590690077539e-17f,1.1695491316594278e-16f,1.827643125f,0f,0.9550093402225959f,0.3381865443131093f,3.1446119116433504f,-1.2407146754216663e-16f,0.3381865443131093f,-0.9550093402225959f,-0.4953616799174893f,0f,0f,0f,1f],start_interpolation:0}
execute if entity @s[tag=aj.armor.bone.left_arm] run data modify entity @s {} merge value {transformation:[-1.3293824999999997f,-2.1249977662598144e-17f,1.6140960522599745e-16f,1.749763125f,0f,1.3180094484252691f,0.17351923572897268f,3.292724960589581f,-1.628024023467506e-16f,0.17351923572897268f,-1.3180094484252691f,-0.40696215240810324f,0f,0f,0f,1f],start_interpolation:0}
execute if entity @s[tag=aj.armor.bone.chest] run data modify entity @s {} merge value {transformation:[-2.6116895833333333f,-4.1747461928732775e-17f,3.1710345564100863e-16f,2.6597874209406526e-17f,0f,2.589346216899341f,0.34089389657327307f,4.0674125f,-3.198397288595651e-16f,0.34089389657327307f,-2.589346216899341f,-0.21093812500000003f,0f,0f,0f,1f],start_interpolation:0}
execute if entity @s[tag=aj.armor.bone.weist] run data modify entity @s {} merge value {transformation:[-1.9458220833333333f,0f,2.382944786064401e-16f,2.5797644066588673e-17f,0f,1.9458220833333333f,0f,0.11961874999999988f,-2.382944786064401e-16f,0f,-1.9458220833333333f,-0.20440375f,0f,0f,0f,1f],start_interpolation:0}
execute if entity @s[tag=aj.armor.bone.right_foot] run data modify entity @s {} merge value {transformation:[-1.1769666213942769f,-0.0022601740414038437f,0.018312799174522016f,-1.0075611397106357f,-0.00170580175233169f,1.176572132905105f,0.035580910444729864f,-8.567529040874302f,-0.01837273089895872f,0.03555000085790039f,-1.1764308458532018f,-0.4596883862800972f,0f,0f,0f,1f],start_interpolation:0}
execute if entity @s[tag=aj.armor.bone.right_knee] run data modify entity @s {} merge value {transformation:[-2.904282281187232f,-0.016898532371406618f,0.042279537835796556f,-1.0921471657984858f,-0.004209235601470344f,2.785279116726249f,0.8240941771413766f,-5.082941968397452f,-0.04533654212186177f,0.8239316537591964f,-2.7849613850852752f,0.4665223854347069f,0f,0f,0f,1f],start_interpolation:0}
execute if entity @s[tag=aj.armor.bone.right_thigh] run data modify entity @s {} merge value {transformation:[-2.473596118246089f,0.10564376838650308f,-0.013204580191739115f,-0.8928749999999999f,0.10313249914005974f,2.3014131549646506f,-0.9071239720764971f,-1.8507356249999998f,-0.02643207063524835f,-0.9068349393885389f,-2.303684974401921f,-0.7624600000000001f,0f,0f,0f,1f],start_interpolation:0}
execute if entity @s[tag=aj.armor.bone.left_foot] run data modify entity @s {} merge value {transformation:[-1.1760378316743156f,0.029312261769126866f,-0.04082529433225393f,0.9343779850936506f,-0.0010724076321954668f,0.9413221467566466f,0.7067548095654466f,-7.459311127193877f,0.05024702268998026f,0.7061475074033741f,-0.9404370416861282f,-1.1063204110949418f,0f,0f,0f,1f],start_interpolation:0}
execute if entity @s[tag=aj.armor.bone.left_knee] run data modify entity @s {} merge value {transformation:[-2.9019904001112526f,0.0713507312578004f,-0.10143707086235423f,1.0844641954904672f,-0.0026462725686354736f,2.339606813101908f,1.7213836428474183f,-4.496951270965061f,0.1239895295484648f,1.7199063119164753f,-2.337408300517101f,0.945329302699415f,0f,0f,0f,1f],start_interpolation:0}
execute if entity @s[tag=aj.armor.bone.left_thigh] run data modify entity @s {} merge value {transformation:[-2.4738481849362284f,-0.10022811649080476f,0.006496575366676001f,0.8928750000000001f,-0.08983130856814843f,2.136325217396076f,-1.2482217849635548f,-1.4896245138888886f,0.044924568197405416f,-1.247430003295325f,-2.1382031926339375f,-0.7624599999999999f,0f,0f,0f,1f],start_interpolation:0}