execute if entity @s[tag=aj.armor.bone.right_thumb_2] run data modify entity @s {} merge value {transformation:[-0.9754826602281502f,0.17594940158520272f,-0.1321945069812666f,-2.3400507509564368f,0.21254803438564496f,0.5974481080109632f,-0.7732264165901985f,1.2495623582662332f,-0.057069367203516304f,-0.7823666444295345f,-0.6201979692090749f,0.5063613208833957f,0f,0f,0f,1f],start_interpolation:0}
execute if entity @s[tag=aj.armor.bone.right_thumb] run data modify entity @s {} merge value {transformation:[-0.9754826602281502f,0.17594940158520272f,-0.1321945069812666f,-2.5015399831813334f,0.21254803438564496f,0.5974481080109632f,-0.7732264165901985f,1.5255686554083963f,-0.057069367203516304f,-0.7823666444295345f,-0.6201979692090749f,0.26832060164807925f,0f,0f,0f,1f],start_interpolation:0}
execute if entity @s[tag=aj.armor.bone.right_fingers_2] run data modify entity @s {} merge value {transformation:[0.983738346004202f,-0.16780118409097522f,-0.06404396317049081f,-2.374397488313907f,-0.17632150493591642f,-0.834361751758663f,-0.5222558703349811f,0.6887009702137294f,0.03419932014017464f,0.5250554540426006f,-0.8503806069531856f,0.5032478805563408f,0f,0f,0f,1f],start_interpolation:0}
execute if entity @s[tag=aj.armor.bone.right_fingers] run data modify entity @s {} merge value {transformation:[-0.29476924214421785f,-0.9534198784728268f,-0.06404396317049081f,-2.8317326477153086f,-0.8042090966621833f,0.28371911240952113f,-0.5222558703349811f,0.7760280044653867f,0.5160996248124178f,-0.10244022933600472f,-0.8503806069531856f,0.4736089459833826f,0f,0f,0f,1f],start_interpolation:0}
execute if entity @s[tag=aj.armor.bone.right_hand] run data modify entity @s {} merge value {transformation:[-0.9901214299266028f,0.12473141056492587f,-0.06404396317049081f,-2.6921179959251615f,0.13975933748008204f,0.8412586602750548f,-0.5222558703349811f,1.4773310468721328f,-0.01126417272718315f,-0.5260474709859405f,-0.8503806069531856f,0.043046026974846274f,0f,0f,0f,1f],start_interpolation:0}
execute if entity @s[tag=aj.armor.bone.right_forearm] run data modify entity @s {} merge value {transformation:[-1.915985690329147f,-0.010698891780814353f,-0.12296166073392295f,-2.6256401646500516f,0.05521294959030985f,1.6363867754922623f,-1.0027088575620617f,3.8412728472635416f,0.11038825342091364f,-1.004170830362314f,-1.6326942698490678f,-1.5055487732767436f,0f,0f,0f,1f],start_interpolation:0}
execute if entity @s[tag=aj.armor.bone.right_bicep] run data modify entity @s {} merge value {transformation:[-1.6613804631995532f,0.14535195633340942f,1.9079969134610211e-16f,-2.3938575f,0.13578844795798606f,1.552069062270567f,0.5949414744786542f,6.255135762903153f,0.051852566099573824f,0.5926775425505209f,-1.5579977139444963f,-0.5607578828257024f,0f,0f,0f,1f],start_interpolation:0}
execute if entity @s[tag=aj.armor.bone.right_shoulder] run data modify entity @s {} merge value {transformation:[-1.0664424999999997f,-4.659053187717592e-17f,1.2200854247000832e-16f,-1.923835f,0f,0.9962753551061042f,0.38044056383941927f,6.465227411870999f,-1.306015394099701e-16f,0.38044056383941927f,-0.9962753551061042f,-0.4573200892989891f,0f,0f,0f,1f],start_interpolation:0}
execute if entity @s[tag=aj.armor.bone.right_arm] run data modify entity @s {} merge value {transformation:[-1.39935f,-2.2368397539577e-17f,1.6990484760631316e-16f,-1.84185625f,0f,1.3873783667634416f,0.1826518270831292f,6.629723306410243f,-1.7137094983868489e-16f,0.1826518270831292f,-1.3873783667634416f,-0.429494136666776f,0f,0f,0f,1f],start_interpolation:0}
execute if entity @s[tag=aj.armor.bone.left_thumb_2] run data modify entity @s {} merge value {transformation:[-0.9630324587018942f,-0.15566302961809986f,0.21985791934042107f,2.3552187825496054f,-0.2527312124913923f,0.23956666177759772f,-0.937408528229485f,1.9504366194878118f,0.0932492236922927f,-0.958319798279704f,-0.270051377530151f,2.4070178600776533f,0f,0f,0f,1f],start_interpolation:0}
execute if entity @s[tag=aj.armor.bone.left_thumb] run data modify entity @s {} merge value {transformation:[-0.9630324587018942f,-0.15566302961809986f,0.21985791934042107f,2.516498722161202f,-0.2527312124913923f,0.23956666177759772f,-0.937408528229485f,2.1274758903069833f,0.0932492236922927f,-0.958319798279704f,-0.270051377530151f,2.0883212804482554f,0f,0f,0f,1f],start_interpolation:0}
execute if entity @s[tag=aj.armor.bone.left_fingers_2] run data modify entity @s {} merge value {transformation:[0.9717763048837803f,0.17925355993994696f,0.15335897272504678f,2.4223440501300852f,0.22868618929747586f,-0.5562361885141611f,-0.7989392526417999f,1.4350865921778853f,-0.0579088947487761f,0.8114613138259238f,-0.5815299614576026f,2.6207079073186543f,0f,0f,0f,1f],start_interpolation:0}
execute if entity @s[tag=aj.armor.bone.left_fingers] run data modify entity @s {} merge value {transformation:[-0.3045622816515741f,0.9400653392610034f,0.15335897272504678f,2.874761130085835f,0.5216279733102058f,0.299333138907889f,-0.7989392526417999f,1.5411235681291338f,-0.7969605222691237f,-0.1633304315540887f,-0.5815299614576026f,2.5790561261569476f,0f,0f,0f,1f],start_interpolation:0}
execute if entity @s[tag=aj.armor.bone.left_hand] run data modify entity @s {} merge value {transformation:[-0.9786703196371662f,-0.1366946631950399f,0.15335897272504678f,2.7247664288900277f,-0.2042058489445578f,0.565681926390613f,-0.7989392526417999f,2.012853256265123f,0.022458332932777783f,-0.8132149329722124f,-0.5815299614576026f,1.9069881783623095f,0f,0f,0f,1f],start_interpolation:0}
execute if entity @s[tag=aj.armor.bone.left_forearm] run data modify entity @s {} merge value {transformation:[-1.8971861874021896f,-0.01494323936539138f,0.29444264597617703f,2.628394771339383f,-0.24694974088872873f,1.1279683564909722f,-1.5339290772626633f,3.5985577405435807f,-0.16104532792718151f,-1.553608473262863f,-1.1165125686710844f,-0.4311820004773771f,0f,0f,0f,1f],start_interpolation:0}
execute if entity @s[tag=aj.armor.bone.left_bicep] run data modify entity @s {} merge value {transformation:[-1.6471671230260378f,-0.14535195633340947f,0.21685366569022343f,2.3938575f,-0.1497573185923383f,1.660811149608718f,-0.024316775578064158f,6.190054178644611f,-0.2138350978236956f,-0.04348987050488507f,-1.6533890700053968f,-0.4783591715887086f,0f,0f,0f,1f],start_interpolation:0}
execute if entity @s[tag=aj.armor.bone.left_shoulder] run data modify entity @s {} merge value {transformation:[-1.0664425f,3.418749746063444e-18f,1.3055678552426055e-16f,1.923835f,0f,1.0660770567902458f,-0.02791621019581901f,6.42371065830097f,-1.3060153940997012e-16f,-0.02791621019581901f,-1.0660770567902458f,-0.4627858735982033f,0f,0f,0f,1f],start_interpolation:0}
execute if entity @s[tag=aj.armor.bone.left_arm] run data modify entity @s {} merge value {transformation:[-1.39935f,-2.2368397539577e-17f,1.6990484760631316e-16f,1.84185625f,0f,1.3873783667634416f,0.1826518270831292f,6.588206552840214f,-1.7137094983868489e-16f,0.1826518270831292f,-1.3873783667634416f,-0.43495992096599023f,0f,0f,0f,1f],start_interpolation:0}
execute if entity @s[tag=aj.armor.bone.chest] run data modify entity @s {} merge value {transformation:[-2.749147083333334f,-4.394469922090158e-17f,3.3379312983963293e-16f,2.7997798581681846e-17f,0f,2.725627748931632f,0.35883570064036086f,7.403667589285714f,-3.3667341759894493e-16f,0.35883570064036086f,-2.725627748931632f,-0.228619375f,0f,0f,0f,1f],start_interpolation:0}
execute if entity @s[tag=aj.armor.bone.weist] run data modify entity @s {} merge value {transformation:[-2.0482337499999996f,0f,2.5083629058430797e-16f,2.3932660072337152e-17f,0f,2.0482337499999996f,0f,3.2480950892857146f,-2.5083629058430797e-16f,0f,-2.0482337499999996f,-0.19542500000000002f,0f,0f,0f,1f],start_interpolation:0}
execute if entity @s[tag=aj.armor.bone.right_foot] run data modify entity @s {} merge value {transformation:[-1.2389553109214477f,0.002430134042429794f,0.01624318643110964f,-1.0925467936725006f,-0.00007190364784227912f,1.2246114093370821f,-0.18869790690061078f,-5.737811292992567f,-0.01642380853411862f,-0.18868227178869232f,-1.2245036822906064f,1.6166659958474878f,0f,0f,0f,1f],start_interpolation:0}
execute if entity @s[tag=aj.armor.bone.right_knee] run data modify entity @s {} merge value {transformation:[-3.0572463875400517f,0.005996599277605128f,0.040081690276396124f,-1.1522224331983313f,-0.00017742945663897102f,3.0218513729535954f,-0.46563099501886523f,-2.0036668088715572f,-0.0405273934160222f,-0.46559241381338495f,-3.0215855456709035f,0.9346089842673231f,0f,0f,0f,1f],start_interpolation:0}
execute if entity @s[tag=aj.armor.bone.right_thigh] run data modify entity @s {} merge value {transformation:[-2.6037355120043015f,0.11322666060466842f,-0.000019237365896543792f,-0.9398681249999999f,0.10027860000529658f,2.305779058668441f,-1.2106139056285112f,1.2398269642857145f,-0.05257831703980979f,-1.209471599273193f,-2.307958592488797f,-0.7170631250000001f,0f,0f,0f,1f],start_interpolation:0}
execute if entity @s[tag=aj.armor.bone.left_foot] run data modify entity @s {} merge value {transformation:[-1.2387977923695674f,0.0039026337779690065f,-0.025393073607622368f,1.0657185528792996f,-0.012353992244076155f,0.9833084917040045f,0.7538115136662414f,-5.403782134771948f,0.022525932018018228f,0.7539026387470416f,-0.9830581889157574f,-3.623746976028067f,0f,0f,0f,1f],start_interpolation:0}
execute if entity @s[tag=aj.armor.bone.left_knee] run data modify entity @s {} merge value {transformation:[-3.056857694728082f,0.015054669161775731f,-0.06158219176960375f,1.1507743781238517f,-0.030484713877056282f,2.2550601390315492f,2.0645029490886775f,-2.5339831065260494f,0.0555849946168279f,2.064673122194514f,-2.2544252442886656f,-1.13987559824686f,0f,0f,0f,1f],start_interpolation:0}
execute if entity @s[tag=aj.armor.bone.left_thigh] run data modify entity @s {} merge value {transformation:[-2.6037157247101455f,-0.1119537299482236f,0.01974033337774915f,0.9398681250000002f,-0.10980495987661991f,2.5939018098757507f,0.2277612017527625f,1.0880412500000003f,-0.029431092362981436f,0.2267127181876855f,-2.596149850784491f,-0.779563125f,0f,0f,0f,1f],start_interpolation:0}
execute if entity @s[tag=aj.armor.bone.left] run data modify entity @s {} merge value {transformation:[-2.637335833333333f,0f,3.229804886568284e-16f,2.1756499999999996f,0f,2.637335833333333f,0f,9.002317589285715f,-3.229804886568284e-16f,0f,-2.637335833333333f,3.649444375f,0f,0f,0f,1f],start_interpolation:0}
execute if entity @s[tag=aj.armor.bone.left4] run data modify entity @s {} merge value {transformation:[-2.637335833333333f,0f,3.229804886568284e-16f,2.1756499999999996f,0f,2.637335833333333f,0f,9.002317589285715f,-3.229804886568284e-16f,0f,-2.637335833333333f,3.649444375f,0f,0f,0f,1f],start_interpolation:0}
execute if entity @s[tag=aj.armor.bone.mid] run data modify entity @s {} merge value {transformation:[-1.7014595833333332f,0f,2.083687032607756e-16f,1.8078468749999999f,0f,1.7014595833333332f,0f,9.627097589285714f,-2.083687032607756e-16f,0f,-1.7014595833333332f,2.16841875f,0f,0f,0f,1f],start_interpolation:0}
execute if entity @s[tag=aj.armor.bone.teeth] run data modify entity @s {} merge value {transformation:[-1.3826316666666663f,0f,1.693235444983103e-16f,1.8078468749999999f,0f,1.3826316666666663f,0f,9.627097589285714f,-1.693235444983103e-16f,0f,-1.3826316666666663f,2.16841875f,0f,0f,0f,1f],start_interpolation:0}
execute if entity @s[tag=aj.armor.bone.skull] run data modify entity @s {} merge value {transformation:[-1.7982291666666665f,0f,2.2021955930917455e-16f,1.8078468749999999f,0f,1.7982291666666665f,0f,9.627097589285714f,-2.2021955930917455e-16f,0f,-1.7982291666666665f,2.16841875f,0f,0f,0f,1f],start_interpolation:0}
execute if entity @s[tag=aj.armor.bone.left3] run data modify entity @s {} merge value {transformation:[-2.4411241666666665f,0f,2.989514897029583e-16f,2.1756499999999996f,0f,2.4411241666666665f,0f,8.131126339285714f,-2.989514897029583e-16f,0f,-2.4411241666666665f,3.6494443750000003f,0f,0f,0f,1f],start_interpolation:0}
execute if entity @s[tag=aj.armor.bone.left2] run data modify entity @s {} merge value {transformation:[-2.4411241666666665f,0f,2.989514897029583e-16f,2.1756499999999996f,0f,2.4411241666666665f,0f,8.131126339285714f,-2.989514897029583e-16f,0f,-2.4411241666666665f,3.6494443750000003f,0f,0f,0f,1f],start_interpolation:0}
execute if entity @s[tag=aj.armor.bone.mid2] run data modify entity @s {} merge value {transformation:[-2.612955833333333f,0f,3.1999479976050713e-16f,2.1756499999999996f,0f,2.612955833333333f,0f,8.131126339285714f,-3.1999479976050713e-16f,0f,-2.612955833333333f,3.6494443750000003f,0f,0f,0f,1f],start_interpolation:0}
execute if entity @s[tag=aj.armor.bone.teeth2] run data modify entity @s {} merge value {transformation:[-1.4398166666666659f,0f,1.763266872192344e-16f,1.8078468749999999f,0f,1.4398166666666659f,0f,9.627097589285713f,-1.763266872192344e-16f,0f,-1.4398166666666659f,2.1684187500000003f,0f,0f,0f,1f],start_interpolation:0}