execute if entity @s[tag=aj.armor.bone.right_thumb_2] run data modify entity @s {} merge value {transformation:[-0.9754826602281502f,0.17594940158520275f,-0.13219450698126667f,-2.223047944291046f,0.1793246583660782f,0.2872662082895806f,-0.940914869941387f,-0.8881056467059523f,-0.1275783935315869f,-0.9415518751809357f,-0.3117752713849565f,2.157281885630563f,0f,0f,0f,1f],start_interpolation:0}
execute if entity @s[tag=aj.armor.bone.right_thumb] run data modify entity @s {} merge value {transformation:[-0.9754826602281502f,0.17594940158520275f,-0.13219450698126667f,-2.376462790714832f,0.1793246583660782f,0.2872662082895806f,-0.940914869941387f,-0.7211696993938602f,-0.1275783935315869f,-0.9415518751809357f,-0.3117752713849565f,1.853928240080136f,0f,0f,0f,1f],start_interpolation:0}
execute if entity @s[tag=aj.armor.bone.right_fingers_2] run data modify entity @s {} merge value {transformation:[0.983738346004202f,-0.16780118409097522f,-0.06404396317049085f,-2.255677826049949f,-0.15334204389826522f,-0.599012588071185f,-0.7859199303398302f,-1.3885374441351053f,0.09351515478262891f,0.7829602045761502f,-0.6150026291619033f,2.340235410891933f,0f,0f,0f,1f],start_interpolation:0}
execute if entity @s[tag=aj.armor.bone.right_fingers] run data modify entity @s {} merge value {transformation:[-0.29476924214421785f,-0.9534198784728268f,-0.06404396317049085f,-2.690145913432626f,-0.5738727992441229f,0.23021701366830216f,-0.7859199303398302f,-1.3205945189806392f,0.7640556944185664f,-0.19491193383297112f,-0.6150026291619033f,2.284926475280151f,0f,0f,0f,1f],start_interpolation:0}
execute if entity @s[tag=aj.armor.bone.right_hand] run data modify entity @s {} merge value {transformation:[-0.9901214299266028f,0.1247314105649259f,-0.06404396317049085f,-2.5575121570488464f,0.12706753413449923f,0.6051311468298542f,-0.7859199303398302f,-0.838719940564129f,-0.059273904621487225f,-0.7862940737121635f,-0.6150026291619033f,1.669313494850151f,0f,0f,0f,1f],start_interpolation:0}
execute if entity @s[tag=aj.armor.bone.right_forearm] run data modify entity @s {} merge value {transformation:[-1.8201867592467695f,-0.010163949165354584f,-0.11681360037946384f,-2.494358422027898f,0.08571696124034077f,1.1245436901536499f,-1.433486188675999f,0.7533690982016448f,0.08000828489582128f,-1.4360107049414652f,-1.1217399392350496f,-0.4923872180932701f,0f,0f,0f,1f],start_interpolation:0}
execute if entity @s[tag=aj.armor.bone.right_bicep] run data modify entity @s {} merge value {transformation:[-1.5783115230558002f,0.13808436577971755f,1.9401835409733432e-16f,-2.274164375f,0.13807910795018283f,1.5782514257892193f,0.013825802887550302f,3.2155769257053164f,0.0012049981197469705f,0.013773191533439174f,-1.5842800898382903f,-0.4504628277298634f,0f,0f,0f,1f],start_interpolation:0}
execute if entity @s[tag=aj.armor.bone.right_shoulder] run data modify entity @s {} merge value {transformation:[-1.0131204166666665f,-1.0827140658420759e-18f,1.240667432808588e-16f,-1.827643125f,0f,1.0130818401455743f,0.008841031280169111f,3.4368993496281965f,-1.240714675421666e-16f,0.008841031280169111f,-1.0130818401455743f,-0.42793059178241194f,0f,0f,0f,1f],start_interpolation:0}
execute if entity @s[tag=aj.armor.bone.right_arm] run data modify entity @s {} merge value {transformation:[-1.3293824999999997f,-2.1249977662598144e-17f,1.6140960522599745e-16f,-1.74976375f,0f,1.3180094484252691f,0.17351923572897268f,3.5931702855881804f,-1.628024023467506e-16f,0.17351923572897268f,-1.3180094484252691f,-0.401496368108889f,0f,0f,0f,1f],start_interpolation:0}
execute if entity @s[tag=aj.armor.bone.left_thumb_2] run data modify entity @s {} merge value {transformation:[-0.9630324587018942f,-0.1556630296180999f,0.2198579193404211f,2.237457641871312f,-0.2682988920558023f,0.6274660510951301f,-0.730959683734139f,-1.612852408008226f,-0.024169981551781544f,-0.7629255376071754f,-0.6460343923186974f,0.20657161841503127f,0f,0f,0f,1f],start_interpolation:0}
execute if entity @s[tag=aj.armor.bone.left_thumb] run data modify entity @s {} merge value {transformation:[-0.9630324587018942f,-0.1556630296180999f,0.2198579193404211f,2.3906736219986136f,-0.2682988920558023f,0.6274660510951301f,-0.730959683734139f,-1.3310570465503249f,-0.024169981551781544f,-0.7629255376071754f,-0.6460343923186974f,0.005217707175655589f,0f,0f,0f,1f],start_interpolation:0}
execute if entity @s[tag=aj.armor.bone.left_fingers_2] run data modify entity @s {} merge value {transformation:[0.9717763048837803f,0.17925355993994702f,0.1533589727250468f,2.3012270989699655f,0.23141946527712268f,-0.8505320471500203f,-0.472271392169424f,-2.1421856584976857f,0.04578039271649419f,0.49443239984820037f,-0.8680096529550074f,0.17995486175796013f,0f,0f,0f,1f],start_interpolation:0}
execute if entity @s[tag=aj.armor.bone.left_fingers] run data modify entity @s {} merge value {transformation:[-0.3045622816515742f,0.9400653392610034f,0.1533589727250468f,2.7310230089785543f,0.813049325972412f,0.3404563491464954f,-0.472271392169424f,-2.0342153133083425f,-0.49617800246584204f,-0.0191476433519642f,-0.8680096529550074f,0.18741935709243224f,0f,0f,0f,1f],start_interpolation:0}
execute if entity @s[tag=aj.armor.bone.left_hand] run data modify entity @s {} merge value {transformation:[-0.9786703196371662f,-0.13669466319503992f,0.1533589727250468f,2.588528220242874f,-0.1940995183932644f,0.8598169044034066f,-0.472271392169424f,-1.3555318953753868f,-0.06730365830168425f,-0.4919648970771567f,-0.8680096529550074f,-0.1971040072646424f,0f,0f,0f,1f],start_interpolation:0}
execute if entity @s[tag=aj.armor.bone.left_forearm] run data modify entity @s {} merge value {transformation:[-1.8023272279982925f,-0.014196080153640416f,0.2797205679920044f,2.4969753669967343f,-0.14630042483317526f,1.6010646501033703f,-0.8614039316815958f,0.958047102642543f,-0.23883322746873095f,-0.8736240719732656f,-1.5832145249331266f,-1.5574922492522583f,0f,0f,0f,1f],start_interpolation:0}
execute if entity @s[tag=aj.armor.bone.left_bicep] run data modify entity @s {} merge value {transformation:[-1.5648088491807455f,-0.13808436577971764f,0.20601099324150396f,2.274164375f,-0.04138170296246336f,1.4429775525455801f,0.6528689710753609f,3.2012115477131697f,-0.24453093070011467f,0.6394396348837685f,-1.42879534334143f,-0.541973173660551f,0f,0f,0f,1f],start_interpolation:0}
execute if entity @s[tag=aj.armor.bone.left_shoulder] run data modify entity @s {} merge value {transformation:[-1.0131204166666667f,-5.026651123413961e-17f,1.134328299321454e-16f,1.827643125f,0f,0.9262493480660853f,0.41045721320740886f,3.3953825960581683f,-1.2407146754216663e-16f,0.41045721320740886f,-0.9262493480660853f,-0.4333963760816261f,0f,0f,0f,1f],start_interpolation:0}
execute if entity @s[tag=aj.armor.bone.left_arm] run data modify entity @s {} merge value {transformation:[-1.3293824999999997f,-2.1249977662598144e-17f,1.6140960522599745e-16f,1.749763125f,0f,1.3180094484252691f,0.17351923572897268f,3.551653532018152f,-1.628024023467506e-16f,0.17351923572897268f,-1.3180094484252691f,-0.40696215240810324f,0f,0f,0f,1f],start_interpolation:0}
execute if entity @s[tag=aj.armor.bone.chest] run data modify entity @s {} merge value {transformation:[-2.632522916666667f,-4.2080479602706066e-17f,3.1963297600770146e-16f,2.6597874209406526e-17f,0f,2.6100013181779627f,0.3436131922445242f,4.326341071428571f,-3.2239107635778877e-16f,0.3436131922445242f,-2.6100013181779627f,-0.21093812500000003f,0f,0f,0f,1f],start_interpolation:0}
execute if entity @s[tag=aj.armor.bone.weist] run data modify entity @s {} merge value {transformation:[-1.9493945833333333f,0f,2.387319836754355e-16f,2.5797644066588673e-17f,0f,1.9493945833333333f,0f,0.3785473214285715f,-2.387319836754355e-16f,0f,-1.9493945833333333f,-0.20440375f,0f,0f,0f,1f],start_interpolation:0}
execute if entity @s[tag=aj.armor.bone.right_foot] run data modify entity @s {} merge value {transformation:[-1.1770176508450496f,-0.0009683267185320488f,0.01481238735415543f,-1.0163732030991641f,0.0029730307795695723f,1.1354257592923243f,0.31046803555276775f,-8.350289278601474f,-0.014543230856556559f,0.3104807600405815f,-1.135333029096502f,-2.748098143858872f,0f,0f,0f,1f],start_interpolation:0}
execute if entity @s[tag=aj.armor.bone.right_knee] run data modify entity @s {} merge value {transformation:[-2.904408201435949f,-0.008233679075612331f,0.03569165861233402f,-1.0904344299389304f,0.007336249352848604f,2.642196188357138f,1.2065132283611584f,-5.029926610062252f,-0.035886869619018075f,1.2065074377283849f,-2.6419652957276067f,-1.3420131751700195f,0f,0f,0f,1f],start_interpolation:0}
execute if entity @s[tag=aj.armor.bone.right_thigh] run data modify entity @s {} merge value {transformation:[-2.4736679979403933f,0.10464277978850825f,0.005408099736597829f,-0.8928749999999999f,0.10399140020634653f,2.436049061839332f,0.4299575327097947f,-1.6319856249999998f,0.012850976139993786f,0.42979946473780595f,-2.438261674936143f,-0.6999600000000001f,0f,0f,0f,1f],start_interpolation:0}
execute if entity @s[tag=aj.armor.bone.left_foot] run data modify entity @s {} merge value {transformation:[-1.1769501363286234f,-0.001961008068232327f,-0.019375910816100607f,1.0370625287902366f,-0.0002607562936235483f,1.1726103135529835f,-0.1028390948613002f,-8.203689330200836f,0.019473147633407725f,-0.10282072686522167f,-1.1724502503410188f,1.2693605757710897f,0f,0f,0f,1f],start_interpolation:0}
execute if entity @s[tag=aj.armor.bone.left_knee] run data modify entity @s {} merge value {transformation:[-2.9042416026469815f,-0.004838982586511644f,-0.04781198841340282f,1.0944830733453996f,-0.0006434421074590799f,2.8935326580077083f,-0.2537657020937326f,-4.621521278392473f,0.048051929938039736f,-0.2537203772352514f,-2.8931376861011744f,0.8544590620039911f,0f,0f,0f,1f],start_interpolation:0}
execute if entity @s[tag=aj.armor.bone.left_thigh] run data modify entity @s {} merge value {transformation:[-2.473552537287051f,-0.10747356856954512f,0.000016696723435142253f,0.8928750000000001f,-0.09439338231725837f,2.172322205985989f,-1.1841109938236092f,-1.565021339285714f,0.05138538308275209f,-1.1829955149442262f,-2.17437206498022f,-0.7624599999999999f,0f,0f,0f,1f],start_interpolation:0}