# This file was generated by Animated Java via MC-Build. It is not recommended to edit this file directly.
$data merge entity $(bone_right_thumb_2) { transformation: [-0.017891198891006155f,-0.9742986128584633f,-0.2245486984694322f,-0.8446398817854026f,0.7317159441205563f,0.14029193025989883f,-0.667015705530023f,2.2560868233476254f,0.6813748469983355f,-0.1762395735526653f,0.710399838535996f,2.9515490347565816f,0f,0f,0f,1f], start_interpolation: 0, interpolation_duration: 1 }
$data merge entity $(bone_right_thumb) { transformation: [-0.017891198891006155f,-0.9779128003559195f,0.20824615219082737f,-1.157149609677485f,0.7317159441205563f,-0.15474534917189559f,-0.6638114597002908f,2.3963929222432245f,0.6813748469983355f,0.14050064700815718f,0.7183229677995016f,3.1130390606481773f,0f,0f,0f,1f], start_interpolation: 0, interpolation_duration: 1 }
$data merge entity $(bone_right_fingers_2) { transformation: [0.05873043826774948f,0.9349819765126313f,-0.3497991412473892f,-0.5791754581727303f,-0.7408842436036132f,-0.19402248313966147f,-0.6429975222473423f,1.929889510915011f,-0.6690599922284846f,0.296924198462929f,0.6813183889829827f,3.289015815707657f,0f,0f,0f,1f], start_interpolation: 0, interpolation_duration: 1 }
$data merge entity $(bone_right_fingers) { transformation: [0.9366538665829715f,-0.017891198891006363f,-0.3497991412473892f,-0.5461600611346156f,-0.22615473354219465f,0.7317159441205563f,-0.6429975222473423f,2.2363053238157007f,0.2674576054473449f,0.6813748469983354f,0.6813183889829827f,3.6075392395776142f,0f,0f,0f,1f], start_interpolation: 0, interpolation_duration: 1 }
$data merge entity $(bone_right_hand) { transformation: [-0.017891198891006155f,-0.9366538665829715f,-0.3497991412473892f,-1.284559959727348f,0.7317159441205563f,0.2261547335421948f,-0.6429975222473423f,2.3964091434783565f,0.6813748469983355f,-0.26745760544734476f,0.6813183889829827f,3.366901501435529f,0f,0f,0f,1f], start_interpolation: 0, interpolation_duration: 1 }
$data merge entity $(bone_right_forearm) { transformation: [-0.8824702524095147f,-1.4632176659922644f,-0.6380194959199458f,-3.422806366622366f,1.3620636383967846f,-0.31007719226761876f,-1.1728014927626282f,1.8305869472450886f,0.832380598165951f,-1.043874876791795f,1.242697204886739f,1.8439328807490691f,0f,0f,0f,1f], start_interpolation: 0, interpolation_duration: 1 }
$data merge entity $(bone_right_bicep) { transformation: [-0.698332469769123f,0.7654372923632504f,-1.1985708443847942f,-2.2108235861892247f,1.2136755032228872f,1.0167518616533204f,-0.0578098658075361f,3.4143050827927874f,0.7412544033099128f,-0.943639740137956f,-1.0345146235261937f,0.3825482408458405f,0f,0f,0f,1f], start_interpolation: 0, interpolation_duration: 1 }
$data merge entity $(bone_right_shoulder) { transformation: [-0.6694031138408415f,0.4491780422372171f,-0.6136379520686167f,-1.8051054118547714f,0.4730256419981712f,0.8860502948482316f,0.13256921089913662f,3.3968566415142143f,0.5954487315119944f,-0.19891440379756947f,-0.7951646664493174f,0.09278823911834323f,0f,0f,0f,1f], start_interpolation: 0, interpolation_duration: 1 }
$data merge entity $(bone_right_arm) { transformation: [-1.2296523616517292f,0.11378443682901518f,-0.4922052445129752f,-1.717360722569709f,0.00766497231660038f,1.2992770700902432f,0.28120841851436157f,3.549976038510816f,0.5051278541022655f,0.25727422797370597f,-1.202461497902042f,0.09910412568213833f,0f,0f,0f,1f], start_interpolation: 0, interpolation_duration: 1 }
$data merge entity $(bone_left_thumb_2) { transformation: [-0.6488025511226185f,0.25005932106554973f,0.7186971445643972f,3.3171583368879163f,-0.7579719916741556f,-0.12879738695229265f,-0.6394448318281842f,2.1837405022468244f,-0.0673328262758618f,-0.9596257442683046f,0.27310203485731643f,-0.0588561525334943f,0f,0f,0f,1f], start_interpolation: 0, interpolation_duration: 1 }
$data merge entity $(bone_left_thumb) { transformation: [-0.6488025511226185f,0.34172883054847786f,0.6799092998545846f,3.5348532635810357f,-0.7579719916741556f,-0.21115980648554894f,-0.6171628601613184f,2.3105130114586334f,-0.0673328262758618f,-0.9157690442993556f,0.39602190344569244f,-0.3416366498758186f,0f,0f,0f,1f], start_interpolation: 0, interpolation_duration: 1 }
$data merge entity $(bone_left_fingers_2) { transformation: [0.6868195000814599f,0.26199687341856337f,0.6779650526588747f,3.6324256286397802f,0.6625652752470449f,0.15778855162210317f,-0.7321953489430306f,2.0473815852609913f,-0.2988080158641349f,0.952082145245827f,-0.06521777640676513f,0.28905619652266973f,0f,0f,0f,1f], start_interpolation: 0, interpolation_duration: 1 }
$data merge entity $(bone_left_fingers) { transformation: [-0.04334025233520079f,0.7338153786210604f,0.6779650526588747f,3.9635360390760304f,0.04875160450092007f,0.6793476665484172f,-0.7321953489430306f,2.338273814947791f,-0.9978701837343908f,0.0013183529308194164f,-0.06521777640676513f,0.33580494195605337f,0f,0f,0f,1f], start_interpolation: 0, interpolation_duration: 1 }
$data merge entity $(bone_left_hand) { transformation: [-0.7151411183079766f,-0.1701075197587268f,0.6779650526588747f,3.7989126356977354f,-0.6774924762875572f,-0.06995652621412311f,-0.7321953489430306f,2.266389826341749f,0.17198001476616454f,-0.9829392230253032f,-0.06521777640676513f,-0.4365330614936682f,0f,0f,0f,1f], start_interpolation: 0, interpolation_duration: 1 }
$data merge entity $(bone_left_forearm) { transformation: [-1.2527310091937875f,-0.4778717080751586f,1.2365808549622426f,3.0891844808333664f,-1.2084922833707354f,-0.28779994087142124f,-1.3354947235767347f,1.7337150482604249f,0.5450137441122073f,-1.7365593529416847f,-0.11895458828080982f,-2.971139421647872f,0f,0f,0f,1f], start_interpolation: 0, interpolation_duration: 1 }
$data merge entity $(bone_left_bicep) { transformation: [-1.0881558929338515f,-0.7226755269601186f,-0.8965441379484632f,1.9697889288261685f,-1.0497289442537678f,1.129625287926541f,0.3635249762482019f,3.488623118533366f,0.47341361635752316f,0.8436950559848629f,-1.2546683849677163f,-1.6369873607074334f,0f,0f,0f,1f], start_interpolation: 0, interpolation_duration: 1 }
$data merge entity $(bone_left_shoulder) { transformation: [-0.7431935976945361f,-0.41961828613519575f,-0.545890784822068f,1.5615883969968614f,-0.6186194878768017f,0.7596034806752546f,0.258312717518751f,3.376802504357827f,0.30230147904324906f,0.5228154786861607f,-0.813443771677714f,-1.3729021097956702f,0f,0f,0f,1f], start_interpolation: 0, interpolation_duration: 1 }
$data merge entity $(bone_left_arm) { transformation: [-1.2296523616517292f,0.11378443682901518f,-0.4922052445129752f,1.5196320063908777f,0.00766497231660038f,1.2992770700902432f,0.28120841851436157f,3.529798417233212f,0.5051278541022655f,0.25727422797370597f,-1.202461497902042f,-1.2306173809135612f,0f,0f,0f,1f], start_interpolation: 0, interpolation_duration: 1 }
$data merge entity $(bone_chest) { transformation: [-2.435031318361319f,0.22532276264535842f,-0.9746943305511602f,2.6597874209406523e-17f,0.015178637660015907f,2.5729063396818366f,0.5568657674511648f,4.2549125f,1.0002844567089388f,0.5094698486015166f,-2.381186340001056f,-0.335938125f,0f,0f,0f,1f], start_interpolation: 0, interpolation_duration: 1 }
$data merge entity $(bone_weist) { transformation: [-1.7682521916524319f,-0.0006261422794125072f,-0.8206235654619948f,-0.16666666666666657f,0.05525048245389256f,1.9448798767053184f,-0.1205358490435826f,0.5085076388888887f,0.8187617556006893f,-0.1325937957141704f,-1.7641392559639746f,-0.7391259722222222f,0f,0f,0f,1f], start_interpolation: 0, interpolation_duration: 1 }
$data merge entity $(bone_right_cheek) { transformation: [-0.9446688515697408f,0.31230941813870033f,-0.1003174372468395f,-0.9292893687544502f,0.3041681398924756f,0.7194962753487253f,-0.6243451388724532f,-1.3311378498255364f,-0.12281084458735142f,-0.6203127736079421f,-0.7746802949285362f,-0.7798059960886163f,0f,0f,0f,1f], start_interpolation: 0, interpolation_duration: 1 }
$data merge entity $(bone_right_foot) { transformation: [-1.071692219105795f,-0.11511444989426421f,0.4730912658358854f,-1.6240963692502939f,0.03257041772864061f,1.1242284321889338f,0.34733340614394725f,-7.311962349215955f,-0.4858043333211854f,0.3293174616690031f,-1.0203602569890726f,1.2252191606824403f,0f,0f,0f,1f], start_interpolation: 0, interpolation_duration: 1 }
$data merge entity $(bone_right_knee) { transformation: [-2.644507215632003f,-0.18122984683568333f,1.187714619603637f,-1.8676155016603775f,0.08037074746274311f,2.838288511129753f,0.6120355864450621f,-3.7669502005467024f,-1.1987705443313903f,0.5900870772511342f,-2.5790841614493045f,1.8424351302265694f,0f,0f,0f,1f], start_interpolation: 0, interpolation_duration: 1 }
$data merge entity $(bone_right_leg) { transformation: [-2.2541522982776905f,0.7372639033543854f,0.7108108580481343f,-0.8016515277777777f,0.06850724552254302f,1.8231524529737018f,-1.6737486709377694f,-1.1900411805555562f,-1.0218203836386235f,-1.5041840954370218f,-1.6802755826214901f,-0.21195666666666685f,0f,0f,0f,1f], start_interpolation: 0, interpolation_duration: 1 }
$data merge entity $(bone_left_cheek) { transformation: [-0.7594980807607621f,-0.22666564117903212f,-0.6097420376106744f,-0.03346009715255516f,0.25053664229304173f,0.7630989392112424f,-0.5957444081510166f,-1.97221319837633f,0.6003282903455803f,-0.6052294573825491f,-0.5227841310973178f,-0.9892089555159312f,0f,0f,0f,1f], start_interpolation: 0, interpolation_duration: 1 }
$data merge entity $(bone_left_foot) { transformation: [-1.099796189812282f,-0.024759373059030074f,-0.4188391209004632f,1.4380476711962085f,-0.024380231561853146f,1.1768456540968548f,-0.005550280974749974f,-7.4496740458055095f,0.41886136138338126f,0.003489234247229045f,-1.1000608528899618f,0.836291875945973f,0f,0f,0f,1f], start_interpolation: 0, interpolation_duration: 1 }
$data merge entity $(bone_left_knee) { transformation: [-2.713856560524353f,0.2525191302224535f,-1.0040644134240835f,1.7778718242218992f,-0.06016064793107828f,2.7736969856719167f,0.8601827809535942f,-3.9767837845933243f,1.0335820982744748f,0.8244803266787151f,-2.586284772715548f,1.7478406212458002f,0f,0f,0f,1f], start_interpolation: 0, interpolation_duration: 1 }
$data merge entity $(bone_left_leg) { transformation: [-2.313265007159365f,-0.6061696113727368f,-0.641386102000401f,0.8928750000000001f,-0.051280352724356534f,1.8887069093627264f,-1.6000528925285642f,-1.3090689583333335f,0.8810153545855539f,-1.481673829057119f,-1.7772077346812234f,-0.27634888888888887f,0f,0f,0f,1f], start_interpolation: 0, interpolation_duration: 1 }
data modify entity @s data merge value {"locators":{"consume":{"posx":3.718089231501942,"posy":2.319811431199589,"posz":0.452059115383051,"roty":84.50526138969383,"rotx":-47.070755013408274}},"cameras":{}}