# This file was generated by Animated Java via MC-Build. It is not recommended to edit this file directly.
$data merge entity $(bone_right_thumb_2) { transformation: [-0.4205851837059428f,0.6879977479649282f,-0.5914111953981129f,-3.6989004096369684f,0.9066321502419075f,0.34283724215050393f,-0.2459283829540052f,3.323073175710289f,0.03355960957420989f,-0.6396262378841442f,-0.7679531420701411f,-2.937362471173183f,0f,0f,0f,1f], start_interpolation: 0, interpolation_duration: 1 }
$data merge entity $(bone_right_thumb) { transformation: [-0.4205851837059428f,0.3735965450711532f,-0.8267609840564173f,-3.6412704339925273f,0.9066321502419075f,0.20678223653044858f,-0.36777608786216753f,3.599904014247368f,0.03355960957420989f,-0.904249262187348f,-0.4256841839190915f,-3.1892962573532664f,0f,0f,0f,1f], start_interpolation: 0, interpolation_duration: 1 }
$data merge entity $(bone_right_fingers_2) { transformation: [0.3870643961841589f,-0.7769294597529051f,-0.4965498643385688f,-4.1787816020569695f,-0.9219958377505143f,-0.33210351276347705f,-0.19907519177659f,3.0882825308961954f,-0.010238573011874676f,0.5348718270559948f,-0.8448711737563674f,-3.0104874966917428f,0f,0f,0f,1f], start_interpolation: 0, interpolation_duration: 1 }
$data merge entity $(bone_right_fingers) { transformation: [-0.7593064832282066f,-0.4205851837059426f,-0.4965498643385688f,-4.40385494279472f,-0.3720043174035066f,0.9066321502419076f,-0.19907519177659f,3.4686950175413562f,0.5339161473122573f,0.033559609574209774f,-0.8448711737563674f,-2.9778352427938977f,0f,0f,0f,1f], start_interpolation: 0, interpolation_duration: 1 }
$data merge entity $(bone_right_hand) { transformation: [-0.4205851837059428f,0.7593064832282065f,-0.4965498643385688f,-3.783930994019337f,0.9066321502419075f,0.3720043174035068f,-0.19907519177659f,3.7346420057350653f,0.03355960957420989f,-0.5339161473122573f,-0.8448711737563674f,-3.3946573409795633f,0f,0f,0f,1f], start_interpolation: 0, interpolation_duration: 1 }
$data merge entity $(bone_right_forearm) { transformation: [-0.16468832471330686f,1.50408050312806f,-1.0185519905467129f,-1.6052539466658466f,1.8165046037549026f,0.13870716095630475f,-0.08888143602683238f,3.852387911313158f,0.004164357558440866f,-1.0224141652202348f,-1.510457048219724f,-4.960284403533091f,0f,0f,0f,1f], start_interpolation: 0, interpolation_duration: 1 }
$data merge entity $(bone_right_bicep) { transformation: [-0.1983278179670533f,0.5720820310353687f,1.4640774509124783f,-0.7308345671039307f,1.5715836924103717f,0.04360981468225992f,0.19585054939077226f,3.913214312500894f,0.030419241504609538f,1.4768056370806997f,-0.5729348443902309f,-2.648488271466226f,0f,0f,0f,1f], start_interpolation: 0, interpolation_duration: 1 }
$data merge entity $(bone_right_shoulder) { transformation: [-0.24429293353719644f,0.3003852290509574f,0.9362172052780456f,-0.5765247448197446f,0.9348185251887667f,0.36992250221786543f,0.12523835667882283f,3.579537805435288f,-0.30471013480770476f,0.8940576240867903f,-0.3663682262759603f,-2.3112628111750846f,0f,0f,0f,1f], start_interpolation: 0, interpolation_duration: 1 }
$data merge entity $(bone_right_arm) { transformation: [-0.5317681316258313f,-0.2134871349387512f,1.1995431333257944f,-0.4950732415330583f,0.04815401382841773f,1.3041107676374226f,0.2534445264561738f,3.5985880780147763f,-1.2174406254292789f,0.14483155821168622f,-0.5139260400160609f,-2.05630604049492f,0f,0f,0f,1f], start_interpolation: 0, interpolation_duration: 1 }
$data merge entity $(bone_left_thumb_2) { transformation: [0.2826825067850114f,0.8543275818036551f,-0.4361364274252504f,-0.43851910623708484f,-0.8173511920753187f,-0.02342987515270306f,-0.5756631565102849f,2.197975633185229f,-0.5020235344790102f,0.5192065330095987f,0.6916624515682154f,2.2225775721898304f,0f,0f,0f,1f], start_interpolation: 0, interpolation_duration: 1 }
$data merge entity $(bone_left_thumb) { transformation: [0.2826825067850114f,0.7900914637488727f,-0.5439173459900921f,-0.23503506504201424f,-0.8173511920753187f,-0.09836854914344045f,-0.567680066016476f,2.370201318495507f,-0.5020235344790102f,0.6050447152488634f,0.6179751316830018f,2.4915751896054523f,0f,0f,0f,1f], start_interpolation: 0, interpolation_duration: 1 }
$data merge entity $(bone_left_fingers_2) { transformation: [0.06163796217022571f,-0.9934342883727643f,-0.0963798542476666f,-0.8549248505355533f,0.7562474114637582f,0.10950304447391321f,-0.6450573121090171f,2.070105011620159f,0.6513759392807408f,-0.033126997090649174f,0.7580316535540508f,2.444555610547995f,0f,0f,0f,1f], start_interpolation: 0, interpolation_duration: 1 }
$data merge entity $(bone_left_fingers) { transformation: [0.9659900129698192f,-0.23994628260876855f,-0.0963798542476666f,-1.0066973079282724f,0.1229730728139385f,0.7541741758091351f,-0.6450573121090171f,2.3912304825737762f,0.2274663012520014f,0.6112667944562709f,0.7580316535540508f,2.709661988201963f,0f,0f,0f,1f], start_interpolation: 0, interpolation_duration: 1 }
$data merge entity $(bone_left_hand) { transformation: [0.06855855402291014f,0.9929806888180083f,-0.0963798542476666f,-0.21693102183209012f,-0.7640706254546715f,-0.009856135753814f,-0.6450573121090171f,2.36329847402599f,-0.6414793870325023f,0.11786521209634404f,0.7580316535540508f,2.7749550243911187f,0f,0f,0f,1f], start_interpolation: 0, interpolation_duration: 1 }
$data merge entity $(bone_left_forearm) { transformation: [0.125048031629563f,1.8111566434345407f,-0.17579295879530135f,2.445930465873794f,-1.393633939641542f,-0.01797719326280335f,-1.1765584662204827f,2.225582452275324f,-1.170032475488725f,0.21498138314474263f,1.382619098969924f,3.094155382459984f,0f,0f,0f,1f], start_interpolation: 0, interpolation_duration: 1 }
$data merge entity $(bone_left_bicep) { transformation: [-0.2020211943837274f,-0.7947752029740326f,1.3556011100765828f,1.1876253930457572f,-1.2105479209020802f,0.9501718969349189f,0.3766718112073903f,3.6998101981527647f,-1.0019459686544627f,-0.9877450576419958f,-0.7284219470090028f,1.559218460090023f,0f,0f,0f,1f], start_interpolation: 0, interpolation_duration: 1 }
$data merge entity $(bone_left_shoulder) { transformation: [-0.2952169952371217f,-0.4333926084343781f,0.8668510548787786f,0.9451281962781413f,-0.5196018500676416f,0.8357095287231356f,0.24086610320773505f,3.648625197395111f,-0.8180915729894115f,-0.37439739478612966f,-0.4657958218446249f,1.1262660967210953f,0f,0f,0f,1f], start_interpolation: 0, interpolation_duration: 1 }
$data merge entity $(bone_left_arm) { transformation: [-0.5317681316258313f,-0.2134871349387512f,1.1995431333257944f,0.9047773416460752f,0.04815401382841773f,1.3041107676374226f,0.2534445264561738f,3.4718252648051324f,-1.2174406254292789f,0.14483155821168622f,-0.5139260400160609f,1.1485399593633383f,0f,0f,0f,1f], start_interpolation: 0, interpolation_duration: 1 }
$data merge entity $(bone_chest) { transformation: [-1.0530391312192071f,-0.42276002214544856f,2.3754072195250755f,2.6597874209406523e-17f,0.09535746478744325f,2.5824783173219705f,0.5018860440840834f,4.2549125f,-2.4108489062580385f,0.2868041335347851f,-1.0177071518648928f,-0.335938125f,0f,0f,0f,1f], start_interpolation: 0, interpolation_duration: 1 }
$data merge entity $(bone_weist) { transformation: [-1.185872753885657f,0.03926296277374949f,1.5467073003238894f,0.12500000000000006f,0.08373943687870342f,1.9475391968990545f,0.014765662273097313f,0.4946187499999999f,-1.5449377851008192f,0.07542372190069041f,-1.186430673858259f,-0.51690375f,0f,0f,0f,1f], start_interpolation: 0, interpolation_duration: 1 }
$data merge entity $(bone_right_cheek) { transformation: [-0.6082038883642484f,0.20850237942937241f,0.765907819486718f,0.06519330990528638f,-0.7790664554808787f,0.02812700827341204f,-0.6263100904105311f,-2.9135428746648255f,-0.1521298396865949f,-0.9776173224620549f,0.14533025390142787f,-0.3087877059302734f,0f,0f,0f,1f], start_interpolation: 0, interpolation_duration: 1 }
$data merge entity $(bone_right_foot) { transformation: [-1.1190681654691979f,-0.13699479280844637f,0.33839291164759566f,-1.4537038611413007f,-0.13074697767291515f,1.169111452580783f,0.04092107220506922f,-5.0785537747443685f,-0.34085563474785757f,0.001316459032821661f,-1.1266794566658314f,2.8170589292218158f,0f,0f,0f,1f], start_interpolation: 0, interpolation_duration: 1 }
$data merge entity $(bone_right_knee) { transformation: [-2.781911927939784f,-0.047592651151575176f,0.8340441554718446f,-1.54655673248974f,0.05668369001712318f,2.882485019606333f,0.35354739366193677f,-1.4880667576752662f,-0.8334756583166784f,0.35488553060877287f,-2.7597650761780677f,3.1443960332342167f,0f,0f,0f,1f], start_interpolation: 0, interpolation_duration: 1 }
$data merge entity $(bone_right_leg) { transformation: [-2.4373060673548315f,0.43042618052355036f,-0.06546113422708309f,-0.8928749999999999f,0.055716670453091706f,-0.060836800709360934f,-2.474511519320962f,-1.532553806818182f,-0.4317956803952649f,-2.4374258777937063f,0.0502026253559786f,-0.256778181818182f,0f,0f,0f,1f], start_interpolation: 0, interpolation_duration: 1 }
$data merge entity $(bone_left_cheek) { transformation: [-0.8182109481768356f,-0.2599350985842403f,0.5128007301160602f,1.1075473422379893f,0.09189920326706147f,0.8213523712605784f,0.5629696427548331f,-0.8796264550411412f,-0.5675256652543941f,0.5077539037256398f,-0.6481516740153733f,0.16273390820807615f,0f,0f,0f,1f], start_interpolation: 0, interpolation_duration: 1 }
$data merge entity $(bone_left_foot) { transformation: [-1.0723373560785041f,0.13733776926426505f,-0.4656413069827903f,1.139965671145043f,-0.42576001352729836f,0.27643758409028263f,1.0620271031664517f,-4.603315113551006f,0.23326358592022137f,1.135918788519851f,-0.20215711772726697f,-5.01274340718804f,0f,0f,0f,1f], start_interpolation: 0, interpolation_duration: 1 }
$data merge entity $(bone_left_knee) { transformation: [-2.6460991553223216f,0.46464809505359617f,-1.104169414763687f,1.738096862150618f,-1.0506052090589741f,0.38628399912034633f,2.6802876814356638f,-4.008725360326629f,0.5756011148657275f,2.8410940688968185f,-0.18383834414690278f,-1.5061680921311136f,0f,0f,0f,1f], start_interpolation: 0, interpolation_duration: 1 }
$data merge entity $(bone_left_leg) { transformation: [-2.2555092522275375f,-0.580982238423484f,-0.8397323232384668f,0.8928750000000001f,-0.8955256890901789f,2.1037691083415933f,0.9498431459489718f,-1.1007356250000004f,0.49063680684860467f,1.169028614005285f,-2.126654731342478f,0.17504000000000008f,0f,0f,0f,1f], start_interpolation: 0, interpolation_duration: 1 }
data modify entity @s data merge value {"locators":{"consume":{"posx":-1.0476960459867477,"posy":2.3364935519572936,"posz":2.446179541527672,"roty":187.24598694144655,"rotx":-40.16997267006857}},"cameras":{}}