# This file was generated by Animated Java via MC-Build. It is not recommended to edit this file directly.
$data merge entity $(bone_right_thumb_2) { transformation: [-0.4094671536089801f,0.7463040363393834f,-0.5247541666903702f,-3.702500527395176f,0.9114805881133703f,0.30990487856488225f,-0.27048494178824384f,3.3132645335831805f,-0.03924012752099451f,-0.5890579356780031f,-0.8071375104695023f,-3.1346589119308943f,0f,0f,0f,1f], start_interpolation: 0, interpolation_duration: 1 }
$data merge entity $(bone_right_thumb) { transformation: [-0.4094671536089801f,0.4546104658633926f,-0.7909905021192287f,-3.6191159432878877f,0.9114805881133703f,0.16655732875841825f,-0.37611407010289344f,3.5791733648020214f,-0.03924012752099451f,-0.874978845781045f,-0.4825683701070831f,-3.3911090327927056f,0f,0f,0f,1f], start_interpolation: 0, interpolation_duration: 1 }
$data merge entity $(bone_right_fingers_2) { transformation: [0.37381493152451895f,-0.8255047409785674f,-0.42285259794782876f,-4.177238324950018f,-0.9255552729197598f,-0.3024747037898937f,-0.22772020186545705f,3.080625609600622f,0.060081891945474766f,0.4764986633655175f,-0.877119826518092f,-3.2407863339704654f,0f,0f,0f,1f], start_interpolation: 0, interpolation_duration: 1 }
$data merge entity $(bone_right_fingers) { transformation: [-0.8084134650809154f,-0.40946715360897995f,-0.42285259794782876f,-4.399089385573715f,-0.34255896887230874f,0.9114805881133704f,-0.22772020186545705f,3.4643113130254646f,0.4786658775398645f,-0.039240127520994615f,-0.877119826518092f,-3.2430724395103936f,0f,0f,0f,1f], start_interpolation: 0, interpolation_duration: 1 }
$data merge entity $(bone_right_hand) { transformation: [-0.4094671536089801f,0.8084134650809153f,-0.42285259794782876f,-3.7412710042864394f,0.9114805881133703f,0.34255896887230897f,-0.22772020186545705f,3.7070154656972836f,-0.03924012752099451f,-0.4786658775398645f,-0.877119826518092f,-3.613401800818556f,0f,0f,0f,1f], start_interpolation: 0, interpolation_duration: 1 }
$data merge entity $(bone_right_forearm) { transformation: [-0.1805699384718444f,1.5749122599029555f,-0.9021498947298883f,-1.4529411295005414f,1.814983110866618f,0.16053149660099023f,-0.08303317109135343f,3.8571732481830554f,0.007704947937135329f,-0.9059302257016927f,-1.5830538909243974f,-5.010786822373685f,0f,0f,0f,1f], start_interpolation: 0, interpolation_duration: 1 }
$data merge entity $(bone_right_bicep) { transformation: [-0.19891758319236644f,0.5233920938460347f,1.482102245825125f,-0.6547312100048622f,1.5715979741881188f,0.04206840071350514f,0.19607297894588896f,3.9155914219752197f,0.02541964807417654f,1.4947994921207253f,-0.524464370315957f,-2.6715222584425953f,0f,0f,0f,1f], start_interpolation: 0, interpolation_duration: 1 }
$data merge entity $(bone_right_shoulder) { transformation: [-0.23399845181632864f,0.2709987169829933f,0.9477433189466297f,-0.5116180502849781f,0.93516422627509f,0.368999398249981f,0.125380591214525f,3.5815578297659902f,-0.31164976032352937f,0.9037765864147861f,-0.3353733552409365f,-2.3297434901139553f,0f,0f,0f,1f], start_interpolation: 0, interpolation_duration: 1 }
$data merge entity $(bone_right_arm) { transformation: [-0.4915810115121475f,-0.21786889313161398f,1.2157874344771578f,-0.4385609119198676f,0.049438072222089985f,1.3040190084839958f,0.25366933956162135f,3.6003458415248435f,-1.2341644207486728f,0.1390158344372004f,-0.47409979080365716f,-2.0722364410129215f,0f,0f,0f,1f], start_interpolation: 0, interpolation_duration: 1 }
$data merge entity $(bone_left_thumb_2) { transformation: [0.25374817307969993f,0.8561721563369065f,-0.45009010583673925f,-0.5668246870749223f,-0.824912294807796f,-0.05144125085415917f,-0.5629151832962894f,2.2750620500738825f,-0.5051055043588916f,0.5141235614363262f,0.6932138148092394f,2.313672557893642f,0f,0f,0f,1f], start_interpolation: 0, interpolation_duration: 1 }
$data merge entity $(bone_left_thumb) { transformation: [0.25374817307969993f,0.790098937180771f,-0.5579924140385167f,-0.356428099445413f,-0.824912294807796f,-0.1244763392405143f,-0.5513849352713729f,2.4402461178229196f,-0.5051055043588916f,0.6002077227386342f,0.6201766837210612f,2.581767055324479f,0f,0f,0f,1f], start_interpolation: 0, interpolation_duration: 1 }
$data merge entity $(bone_left_fingers_2) { transformation: [0.08933185317984951f,-0.9896486813905705f,-0.11231788561649425f,-0.9857659462015976f,0.7526606514759484f,0.1409324862263277f,-0.6431484883336561f,2.159997239961804f,0.6523202922853579f,-0.027083606627847256f,0.7574593814355814f,2.5378760371993057f,0f,0f,0f,1f], start_interpolation: 0, interpolation_duration: 1 }
$data merge entity $(bone_left_fingers) { transformation: [0.9707073290594633f,-0.21239579534652686f,-0.11231788561649425f,-1.1257536252301725f,0.09191972193234246f,0.7602044374206283f,-0.6431484883336561f,2.4852499356781466f,0.2219865897529047f,0.6139847224850976f,0.7574593814355814f,2.8044317950445645f,0f,0f,0f,1f], start_interpolation: 0, interpolation_duration: 1 }
$data merge entity $(bone_left_hand) { transformation: [0.04060746722534485f,0.9928422463695747f,-0.11231788561649425f,-0.3368990995187202f,-0.7646169160513209f,-0.041484860398708884f,-0.6431484883336561f,2.432227065453396f,-0.6432044817114615f,0.11199678647852779f,0.7574593814355814f,2.8650228573240617f,0f,0f,0f,1f], start_interpolation: 0, interpolation_duration: 1 }
$data merge entity $(bone_left_forearm) { transformation: [0.07406637900056198f,1.81090413000398f,-0.20486328384994185f,2.322088407540346f,-1.3946303516105856f,-0.07566670868747055f,-1.1730768488025185f,2.209742618767133f,-1.17317897846057f,0.20427761200004785f,1.3815752977551674f,3.168291685646129f,0f,0f,0f,1f], start_interpolation: 0, interpolation_duration: 1 }
$data merge entity $(bone_left_bicep) { transformation: [-0.1693130149366624f,-0.761800900673478f,1.3788136373671545f,1.1150368057965863f,-1.2095430163435157f,0.9512941637564561f,0.3770671843332982f,3.6857195222740753f,-1.0091944066785121f,-1.0123405344149219f,-0.6832480133837371f,1.5943701279704918f,0f,0f,0f,1f], start_interpolation: 0, interpolation_duration: 1 }
$data merge entity $(bone_left_shoulder) { transformation: [-0.2683510863833121f,-0.42073205814732834f,0.8816945096522094f,0.886846763641524f,-0.5187525597360165f,0.8361641124679321f,0.241118928031141f,3.6350030868623993f,-0.8278263434266073f,-0.38759139687907046f,-0.4369089525989416f,1.1536551503150265f,0f,0f,0f,1f], start_interpolation: 0, interpolation_duration: 1 }
$data merge entity $(bone_left_arm) { transformation: [-0.4915810115121475f,-0.21786889313161398f,1.2157874344771578f,0.8554992709292711f,0.049438072222089985f,1.3040190084839958f,0.25366933956162135f,3.4702028146763673f,-1.2341644207486728f,0.1390158344372004f,-0.47409979080365716f,1.1766340372570938f,0f,0f,0f,1f], start_interpolation: 0, interpolation_duration: 1 }
$data merge entity $(bone_chest) { transformation: [-0.9734581869431177f,-0.4314370423845469f,2.407575158433703f,2.6597874209406523e-17f,0.09790023419179482f,2.5822966103458294f,0.5023312324719685f,4.2549125f,-2.443966368261598f,0.2752874886915311f,-0.9388408257800147f,-0.335938125f,0f,0f,0f,1f], start_interpolation: 0, interpolation_duration: 1 }
$data merge entity $(bone_weist) { transformation: [-1.117290201521269f,0.036416095612716255f,1.597020887494659f,0.16964285714285718f,0.08516536415749802f,1.9474742148036022f,0.015175142581005703f,0.4946187499999999f,-1.595164163295372f,0.07846841520483644f,-1.1177804978987411f,-0.57940375f,0f,0f,0f,1f], start_interpolation: 0, interpolation_duration: 1 }
$data merge entity $(bone_right_cheek) { transformation: [-0.5538083178128034f,0.22273805525192322f,0.8022992620362703f,0.1728885678253671f,-0.794903334017371f,0.14537476664684215f,-0.5890627019175839f,-2.9385455025012877f,-0.2478407486460225f,-0.9639781823075497f,0.09654546776318261f,-0.44957601025648186f,0f,0f,0f,1f], start_interpolation: 0, interpolation_duration: 1 }
$data merge entity $(bone_right_foot) { transformation: [-1.1134363095975583f,-0.10006847428419041f,0.3685604154012842f,-1.4876112006046749f,-0.08853056061734095f,1.1726714783165693f,0.05093955885335347f,-5.468141714449601f,-0.3715007660599264f,0.020464585845534827f,-1.1167628559455325f,2.548710957063665f,0f,0f,0f,1f], start_interpolation: 0, interpolation_duration: 1 }
$data merge entity $(bone_right_knee) { transformation: [-2.7675657124975612f,-0.0700273518378316f,0.8789794568341581f,-1.6064468017207396f,0.09683051493225069f,2.853816860069069f,0.5322423029950752f,-1.9062197498225122f,-0.8764317240491961f,0.536427243635264f,-2.7168073052574147f,3.1018459070868336f,0f,0f,0f,1f], start_interpolation: 0, interpolation_duration: 1 }
$data merge entity $(bone_right_leg) { transformation: [-2.4300626856633936f,0.4740049464026182f,-0.011286162825655309f,-0.8928749999999999f,0.056333589917387294f,0.23012233601815046f,-2.4645248954010652f,-1.5439174431818188f,-0.47078083365032586f,-2.419168399303873f,-0.23664823138173618f,-0.26814181818181837f,0f,0f,0f,1f], start_interpolation: 0, interpolation_duration: 1 }
$data merge entity $(bone_left_cheek) { transformation: [-0.8197019254543253f,-0.27190449810810996f,0.5041395613469037f,1.088654191276187f,0.1143521461886241f,0.7847458559143743f,0.6091777476954258f,-0.8790173015738072f,-0.5612596013152267f,0.5569936135484796f,-0.6121648261683119f,0.1309993035880856f,0f,0f,0f,1f], start_interpolation: 0, interpolation_duration: 1 }
$data merge entity $(bone_left_foot) { transformation: [-1.0577041170136325f,0.09993776187854173f,-0.5068188428617099f,1.2217550093195497f,-0.44398495932794013f,0.4144798263279104f,1.0083028931498288f,-5.1578876445715744f,0.2640648625234754f,1.0971826703855905f,-0.33473994542415286f,-4.9337460933765005f,0f,0f,0f,1f], start_interpolation: 0, interpolation_duration: 1 }
$data merge entity $(bone_left_knee) { transformation: [-2.6099901814908146f,0.33682251580307726f,-1.229402510939219f,1.6561638382919268f,-1.095577076741762f,0.8392875510220412f,2.555823930585091f,-4.004376669835467f,0.6516063305198513f,2.7602673218515514f,-0.6271062035085792f,-1.5443405795829734f,0f,0f,0f,1f], start_interpolation: 0, interpolation_duration: 1 }
$data merge entity $(bone_left_leg) { transformation: [-2.224730313198896f,-0.5685847713217426f,-0.9259044844334686f,0.8303750000000001f,-0.9338592728655478f,2.079094649124948f,0.9671013501190561f,-1.1319856250000004f,0.5554229154041412f,1.2182321292512657f,-2.0826494153464603f,0.20629000000000008f,0f,0f,0f,1f], start_interpolation: 0, interpolation_duration: 1 }
data modify entity @s data merge value {"locators":{"consume":{"posx":-1.1699996385116584,"posy":2.432345869731915,"posz":2.5411002968977927,"roty":188.43449504758595,"rotx":-40.026997013921}},"cameras":{}}