# This file was generated by Animated Java via MC-Build. It is not recommended to edit this file directly.
$data merge entity $(bone_right_thumb_2) { transformation: [-0.3597717180473344f,0.8478686029448919f,-0.38946520131270557f,-3.6709010788201053f,0.9161875725934097f,0.24204850881736856f,-0.31939450716110274f,3.2894466422048416f,-0.17653510336096f,-0.47173228797652317f,-0.8638888850782664f,-3.55135230161193f,0f,0f,0f,1f], start_interpolation: 0, interpolation_duration: 1 }
$data merge entity $(bone_right_thumb) { transformation: [-0.3597717180473344f,0.6038348108455738f,-0.7113000998905871f,-3.534282531935135f,0.9161875725934097f,0.08438849695583775f,-0.39176384903016515f,3.5318518685646927f,-0.17653510336096f,-0.7926298649386262f,-0.5835865441292412f,-3.808261310324007f,0f,0f,0f,1f], start_interpolation: 0, interpolation_duration: 1 }
$data merge entity $(bone_right_fingers_2) { transformation: [0.3205447756816168f,-0.9062949379402623f,-0.27546421228006696f,-4.129461471586996f,-0.9276017113388164f,-0.24143547381162356f,-0.2850683726874233f,3.061984154567698f,0.19184919052349644f,0.34689825230060295f,-0.9180716152056257f,-3.7208900790868853f,0f,0f,0f,1f], start_interpolation: 0, interpolation_duration: 1 }
$data merge entity $(bone_right_fingers) { transformation: [-0.891450379239468f,-0.35977171804733415f,-0.27546421228006696f,-4.332057420472554f,-0.28166709910591203f,0.9161875725934098f,-0.2850683726874233f,3.4501106837091737f,0.35493642618794247f,-0.1765351033609601f,-0.9180716152056257f,-3.789814075363704f,0f,0f,0f,1f], start_interpolation: 0, interpolation_duration: 1 }
$data merge entity $(bone_right_hand) { transformation: [-0.3597717180473344f,0.8914503792394679f,-0.27546421228006696f,-3.611396005879106f,0.9161875725934097f,0.28166709910591226f,-0.2850683726874233f,3.6449120251909135f,-0.17653510336096f,-0.3549364261879425f,-0.9180716152056257f,-4.057159782648398f,0f,0f,0f,1f], start_interpolation: 0, interpolation_duration: 1 }
$data merge entity $(bone_right_forearm) { transformation: [-0.21380876063501528f,1.6887529153244196f,-0.6551549179335362f,-1.1440454184889943f,1.8113665437015711f,0.20228202378991128f,-0.06972652897991749f,3.8571928496843553f,0.00810060910352969f,-0.6588050815440315f,-1.7008053405070849f,-5.095814587866844f,0f,0f,0f,1f], start_interpolation: 0, interpolation_duration: 1 }
$data merge entity $(bone_right_bicep) { transformation: [-0.20010434649583797f,0.4244929317000052f,1.513241077070575f,-0.5005618426486619f,1.57160438319225f,0.042060280161838964f,0.19602334413819436f,3.9155989727492444f,0.012347838996639968f,1.5258346042913522f,-0.4263928319081723f,-2.709346890392922f,0f,0f,0f,1f], start_interpolation: 0, interpolation_duration: 1 }
$data merge entity $(bone_right_shoulder) { transformation: [-0.21308155448863247f,0.211311178979315f,0.9676553185106355f,-0.3801226413269206f,0.9351698534396894f,0.368995920352546f,0.125348851800114f,3.581562785381705f,-0.326292162059001f,0.9195665147602912f,-0.2726606472839696f,-2.358937461291204f,0f,0f,0f,1f], start_interpolation: 0, interpolation_duration: 1 }
$data merge entity $(bone_right_arm) { transformation: [-0.40979602904850787f,-0.22645426221400614f,1.24420396760637f,-0.324065719874177f,0.04944664990673725f,1.3040266508450982f,0.25362837775959934f,3.6003499372200207f,-1.2636772035196822f,0.12446201154197857f,-0.3935568120282627f,-2.097203092757538f,0f,0f,0f,1f], start_interpolation: 0, interpolation_duration: 1 }
$data merge entity $(bone_left_thumb_2) { transformation: [0.19610808881734174f,0.8587061821457395f,-0.4734609912602067f,-0.8228418281600636f,-0.8350007098463975f,-0.10691214249259035f,-0.5397625481113489f,2.431867606612251f,-0.5141161659162466f,0.5011920655121468f,0.6960539357055935f,2.4952022729757872f,0f,0f,0f,1f], start_interpolation: 0, interpolation_duration: 1 }
$data merge entity $(bone_left_thumb) { transformation: [0.19610808881734174f,0.7895607713643908f,-0.5814941150371838f,-0.5990358491481538f,-0.8350007098463975f,-0.17645064440071007f,-0.5211899698253856f,2.5820446957151897f,-0.5141161659162466f,0.5877575677207758f,0.6246804059121241f,2.7612565635708495f,0f,0f,0f,1f], start_interpolation: 0, interpolation_duration: 1 }
$data merge entity $(bone_left_fingers_2) { transformation: [0.1440235070721229f,-0.9795794889135404f,-0.1402898938289326f,-1.2447539652771336f,0.7410505981934522f,0.20071775823758148f,-0.6407467459497603f,2.340698136233309f,0.655821042913212f,-0.011679316245691407f,0.7548260417104462f,2.724760904879856f,0f,0f,0f,1f], start_interpolation: 0, interpolation_duration: 1 }
$data merge entity $(bone_left_fingers) { transformation: [0.9775502670236603f,-0.15720757339084274f,-0.1402898938289326f,-1.36097934353469f,0.031410284255515966f,0.767109510824746f,-0.6407467459497603f,2.6718467849347687f,0.20834795291760871f,0.6219556071543867f,0.7548260417104462f,2.9954453564154035f,0f,0f,0f,1f], start_interpolation: 0, interpolation_duration: 1 }
$data merge entity $(bone_left_hand) { transformation: [-0.014930585338942093f,0.9899978905588149f,-0.1402898938289326f,-0.5760036342286989f,-0.7609097322905827f,-0.10227407716653802f,-0.6407467459497603f,2.5707709815841566f,-0.6486859462998332f,0.0971812215853951f,0.7548260417104462f,3.0441380879782676f,0f,0f,0f,1f], start_interpolation: 0, interpolation_duration: 1 }
$data merge entity $(bone_left_forearm) { transformation: [-0.027232784213739595f,1.805716139964535f,-0.25588309629409745f,2.068666728961039f,-1.3878685982630095f,-0.18654378317447987f,-1.168696167764714f,2.1856658366951294f,-1.1831769483272327f,0.1772546204307216f,1.3767721925273346f,3.3070041591840775f,0f,0f,0f,1f], start_interpolation: 0, interpolation_duration: 1 }
$data merge entity $(bone_left_bicep) { transformation: [-0.10297428451148319f,-0.6939186918464852f,1.420565979361366f,0.9672024129572443f,-1.2095433322224671f,0.9513124971761759f,0.3770199146943101f,3.661671957561185f,-1.0181040124118088f,-1.0600075177591892f,-0.5915934736696175f,1.657491276418244f,0f,0f,0f,1f], start_interpolation: 0, interpolation_duration: 1 }
$data merge entity $(bone_left_shoulder) { transformation: [-0.21364212619380035f,-0.3944507948559393f,0.9083934120301348f,0.7683280320699903f,-0.5187487398843101f,0.8361751980080948f,0.24108870104466543f,3.610960244081603f,-0.843605218956517f,-0.41428563496756865f,-0.37829965090611173f,1.2027937435107856f,0f,0f,0f,1f], start_interpolation: 0, interpolation_duration: 1 }
$data merge entity $(bone_left_arm) { transformation: [-0.40979602904850787f,-0.22645426221400614f,1.24420396760637f,0.7546999603747614f,0.04944664990673725f,1.3040266508450982f,0.25362837775959934f,3.4701843300848707f,-1.2636772035196822f,0.12446201154197857f,-0.3935568120282627f,1.229358175381597f,0f,0f,0f,1f], start_interpolation: 0, interpolation_duration: 1 }
$data merge entity $(bone_chest) { transformation: [-0.8115026620473763f,-0.44843830489359815f,2.4638472807723595f,2.6597874209406523e-17f,0.09791722023712479f,2.5823117442074075f,0.5022501174561391f,4.2549125f,-2.5024093498559004f,0.246467136161857f,-0.7793447910399585f,-0.335938125f,0f,0f,0f,1f], start_interpolation: 0, interpolation_duration: 1 }
$data merge entity $(bone_weist) { transformation: [-0.9740002944100475f,0.02950069257825089f,1.6883697394693749f,0.2589285714285715f,0.08518713339970416f,1.9474737269055684f,0.015115450539654188f,0.4946187499999999f,-1.6864773405894375f,0.08133285731658058f,-0.9743297119191425f,-0.70440375f,0f,0f,0f,1f], start_interpolation: 0, interpolation_duration: 1 }
$data merge entity $(bone_right_cheek) { transformation: [-0.430633576376691f,0.24074112113902596f,0.8698266697967736f,0.4059033769194669f,-0.7873867258830516f,0.3708268460049985f,-0.4924526314125586f,-2.9275330687692813f,-0.4411086791258918f,-0.8969566114783424f,0.029865872247451797f,-0.7344615370601093f,0f,0f,0f,1f], start_interpolation: 0, interpolation_duration: 1 }
$data merge entity $(bone_right_foot) { transformation: [-1.1009446064610362f,-0.026507033126473383f,0.415703314367048f,-1.5005717235014082f,-0.0022195498990899326f,1.1750821491716148f,0.06905006280248405f,-6.183221426021511f,-0.41654164495181284f,0.0637982348471614f,-1.0990967828757339f,1.880657987727503f,0f,0f,0f,1f], start_interpolation: 0, interpolation_duration: 1 }
$data merge entity $(bone_right_knee) { transformation: [-2.739930734273662f,-0.13140741122891372f,0.955217437126611f,-1.692352282809861f,0.17521261322191134f,2.7617759851537644f,0.8825092841040997f,-2.7217839016663734f,-0.9481607459099775f,0.8900866186142202f,-2.5972419409468515f,2.8751622547772553f,0f,0f,0f,1f], start_interpolation: 0, interpolation_duration: 1 }
$data merge entity $(bone_right_leg) { transformation: [-2.4137079250160287f,0.5372951494755424f,0.12385757144371337f,-0.8928749999999999f,0.05750896234110507f,0.7984370574138298f,-2.3429049719392925f,-1.5666447159090913f,-0.5483789701514176f,-2.2811893631694544f,-0.7908655495071658f,-0.29086909090909113f,0f,0f,0f,1f], start_interpolation: 0, interpolation_duration: 1 }
$data merge entity $(bone_left_cheek) { transformation: [-0.8219333515523702f,-0.29212807630105136f,0.48896498099816377f,1.0358884467496379f,0.15868404461020308f,0.7070290879646968f,0.6891511029940793f,-0.8702287932966769f,-0.5470328505602151f,0.6440272166674761f,-0.5347747232241898f,0.06027285118562087f,0f,0f,0f,1f], start_interpolation: 0, interpolation_duration: 1 }
$data merge entity $(bone_left_foot) { transformation: [-1.0253151804589287f,-0.0008501263902883868f,-0.5782032107158847f,1.4803066541335483f,-0.4781674955938217f,0.6630413735587939f,0.8469491590310265f,-6.140678563975628f,0.3250777164841811f,0.9726079935467069f,-0.5778832615771474f,-4.51279498676336f,0f,0f,0f,1f], start_interpolation: 0, interpolation_duration: 1 }
$data merge entity $(bone_left_knee) { transformation: [-2.5300672568874902f,-0.009014915138395226f,-1.4267470327513854f,1.4769952995328546f,-1.179925887148496f,1.6462335868283433f,2.081974679713744f,-4.000077483329775f,0.8021616202466119f,2.393065481226404f,-1.4376032227634974f,-1.6101781700050264f,0f,0f,0f,1f], start_interpolation: 0, interpolation_duration: 1 }
$data merge entity $(bone_left_leg) { transformation: [-2.1566047875377365f,-0.5328860032618996f,-1.0932067603321582f,0.7053749999999999f,-1.0057573806534248f,2.0327183679238967f,0.9932375601561965f,-1.1944856250000004f,0.6837547839463621f,1.3092369026159594f,-1.987055824882153f,0.26879f,0f,0f,0f,1f], start_interpolation: 0, interpolation_duration: 1 }
data modify entity @s data merge value {"locators":{"consume":{"posx":-1.4120877623162844,"posy":2.623658349590267,"posz":2.7324513792412755,"roty":190.52870237445632,"rotx":-39.84752502633901}},"cameras":{}}