# This file was generated by Animated Java via MC-Build. It is not recommended to edit this file directly.
$data merge entity $(bone_right_thumb_2) { transformation: [-0.3223965709418518f,0.8899682010946107f,-0.32251674698433563f,-3.633726155785919f,0.9159525404511004f,0.20729187160055046f,-0.3436000925633109f,3.275044121893116f,-0.2389380561696074f,-0.4061855253560414f,-0.8819988233014406f,-3.7686036315537907f,0f,0f,0f,1f], start_interpolation: 0, interpolation_duration: 1 }
$data merge entity $(bone_right_thumb) { transformation: [-0.3223965709418518f,0.67028364387426f,-0.668416253392734f,-3.470387037180825f,0.9159525404511004f,0.04265856356793038f,-0.3990127699654433f,3.504910275448127f,-0.2389380561696074f,-0.7408779141727502f,-0.6277009810450549f,-4.021406012199401f,0f,0f,0f,1f], start_interpolation: 0, interpolation_duration: 1 }
$data merge entity $(bone_right_fingers_2) { transformation: [0.28176572224427665f,-0.9376341508061061f,-0.2035934110188083f,-4.08148422800958f,-0.9260016236395803f,-0.21017568979477147f,-0.3136035274612725f,3.0506053403793407f,0.25125499156240116f,0.27689055357921516f,-0.9274710510595859f,-3.968353017532603f,0f,0f,0f,1f], start_interpolation: 0, interpolation_duration: 1 }
$data merge entity $(bone_right_fingers) { transformation: [-0.924451282672409f,-0.3223965709418516f,-0.2035934110188083f,-4.2685489960676275f,-0.25036727263167147f,0.9159525404511005f,-0.3136035274612725f,3.4398527931638987f,0.28758660393056557f,-0.23893805616960745f,-0.9274710510595859f,-4.068007578106305f,0f,0f,0f,1f], start_interpolation: 0, interpolation_duration: 1 }
$data merge entity $(bone_right_hand) { transformation: [-0.3223965709418518f,0.9244512826724088f,-0.2035934110188083f,-3.523618886934433f,0.9159525404511004f,0.2503672726316717f,-0.3136035274612725f,3.610112068392418f,-0.2389380561696074f,-0.2875866039305656f,-0.9274710510595859f,-4.279821354891325f,0f,0f,0f,1f], start_interpolation: 0, interpolation_duration: 1 }
$data merge entity $(bone_right_forearm) { transformation: [-0.230941292063451f,1.7311155977512747f,-0.5260546249923265f,-0.9879219437354783f,1.8092734710761071f,0.22240491427804154f,-0.06240290537064849f,3.852387844026169f,0.004918141293715198f,-0.5297201175722235f,-1.745336921788739f,-5.1302502671102435f,0f,0f,0f,1f], start_interpolation: 0, interpolation_duration: 1 }
$data merge entity $(bone_right_bicep) { transformation: [-0.20060182595969234f,0.3744258181429595f,1.5263350778951255f,-0.4227335313653355f,1.5715836640360492f,0.04360984437026033f,0.19585077046704225f,3.9132142887740495f,0.004272029982303761f,1.5388430862389715f,-0.37693270165621495f,-2.724097183697621f,0f,0f,0f,1f], start_interpolation: 0, interpolation_duration: 1 }
$data merge entity $(bone_right_shoulder) { transformation: [-0.20243041954271185f,0.1811173125284002f,0.9760283925240553f,-0.3137605935323679f,0.9348185016457895f,0.36992251385154257f,0.12523849804798842f,3.5795377917538613f,-0.3339899293262034f,0.9256170004462346f,-0.24103293190025407f,-2.3696152548975182f,0f,0f,0f,1f], start_interpolation: 0, interpolation_duration: 1 }
$data merge entity $(bone_right_arm) { transformation: [-0.3683107754895996f,-0.23056522997496004f,1.2563616830718343f,-0.26628448383252357f,0.04815398105527416f,1.3041107333575688f,0.25344470907154776f,3.598588067070282f,-1.2764349564599942f,0.11572683860897161f,-0.35295740827866884f,-2.10620811526989f,0f,0f,0f,1f], start_interpolation: 0, interpolation_duration: 1 }
$data merge entity $(bone_left_thumb_2) { transformation: [0.1676168458239239f,0.8594332322986513f,-0.48298976409105315f,-0.950536510371815f,-0.8376451802475565f,-0.1341901373926317f,-0.529474795466777f,2.5111107395497143f,-0.5198606976912925f,0.4933229431591835f,0.6974075772091117f,2.5855953819101893f,0f,0f,0f,1f], start_interpolation: 0, interpolation_duration: 1 }
$data merge entity $(bone_left_thumb) { transformation: [0.1676168458239239f,0.7890378470683159f,-0.5910362669835376f,-0.7202686708484319f,-0.8376451802475565f,-0.2021524510937393f,-0.5074297375251395f,2.653404432338069f,-0.5198606976912925f,0.5801324524714938f,0.6270495934017757f,2.8504658916896664f,0f,0f,0f,1f], start_interpolation: 0, interpolation_duration: 1 }
$data merge entity $(bone_left_fingers_2) { transformation: [0.1708376051610132f,-0.9734431778244836f,-0.15239059094911528f,-1.3729652781538961f,0.733205092373383f,0.2289167737299345f,-0.6403182046629761f,2.4309545011647433f,0.6581981503928651f,-0.00234312868805836f,0.7528410885222474f,2.8182921864770383f,0f,0f,0f,1f], start_interpolation: 0, interpolation_duration: 1 }
$data merge entity $(bone_left_fingers) { transformation: [0.9797611179267682f,-0.12978928919240068f,-0.15239059094911528f,-1.4773143889630735f,0.0021572160859077427f,0.7681067264358137f,-0.6403182046629761f,2.763915767180271f,0.20015868259370606f,0.6270301405953221f,0.7528410885222474f,3.0915793921740597f,0f,0f,0f,1f], start_interpolation: 0, interpolation_duration: 1 }
$data merge entity $(bone_left_hand) { transformation: [-0.042316234422277936f,0.9874140185831362f,-0.15239059094911528f,-0.6952017162147137f,-0.7568120559769681f,-0.1312558901729658f,-0.6403182046629761f,2.6400147595660632f,-0.6522613343072187f,0.08823518119437462f,0.7528410885222474f,3.1330820640045545f,0f,0f,0f,1f], start_interpolation: 0, interpolation_duration: 1 }
$data merge entity $(bone_left_forearm) { transformation: [-0.07718310130509372f,1.8010032619123892f,-0.2779542787714687f,1.9393647061930719f,-1.380394602281394f,-0.23940543874992845f,-1.1679145257778298f,2.177519055214641f,-1.1896983115474387f,0.1609374043266327f,1.3731517181372515f,3.371500526635362f,0f,0f,0f,1f], start_interpolation: 0, interpolation_duration: 1 }
$data merge entity $(bone_left_bicep) { transformation: [-0.06951241325235386f,-0.6590492187650475f,1.4390818974375714f,0.8921740348926086f,-1.2105479153692498f,0.9501718202212636f,0.37667202250244364f,3.6517466786745216f,-1.0197432642006048f,-1.0830337922641649f,-0.5452486000118698f,1.6854533532611007f,0f,0f,0f,1f], start_interpolation: 0, interpolation_duration: 1 }
$data merge entity $(bone_left_shoulder) { transformation: [-0.18590883930317112f,-0.380816284737044f,0.9202335787260008f,0.70826311057349f,-0.5196018635208669f,0.8357094814162326f,0.24086623832221565f,3.6005616588969267f,-0.8496262622832644f,-0.42776348443611545f,-0.34866401375605605f,1.2245527030598804f,0f,0f,0f,1f], start_interpolation: 0, interpolation_duration: 1 }
$data merge entity $(bone_left_arm) { transformation: [-0.3683107754895996f,-0.23056522997496004f,1.2563616830718343f,0.703273530642577f,0.04815398105527416f,1.3041107333575688f,0.25344470907154776f,3.47182534013415f,-1.2764349564599942f,0.11572683860897161f,-0.35295740827866884f,1.253937241180346f,0f,0f,0f,1f], start_interpolation: 0, interpolation_duration: 1 }
$data merge entity $(bone_chest) { transformation: [-0.7293510761061192f,-0.45657908968683036f,2.487922717734368f,2.6597874209406523e-17f,0.09535739988809976f,2.582478249438949f,0.5018864057099939f,4.2549125f,-2.5276730169949992f,0.22916922308778898f,-0.6989474179935941f,-0.335938125f,0f,0f,0f,1f], start_interpolation: 0, interpolation_duration: 1 }
$data merge entity $(bone_weist) { transformation: [-0.8995808586569675f,0.025569461988726762f,1.729230962850521f,0.30357142857142866f,0.0837394957866691f,1.947539195779269f,0.014765475887125278f,0.4946187499999999f,-1.7273914487205055f,0.0810957769947727f,-0.8998230378081161f,-0.76690375f,0f,0f,0f,1f], start_interpolation: 0, interpolation_duration: 1 }
$data merge entity $(bone_right_cheek) { transformation: [-0.3627599467326923f,0.24351311825548355f,0.8995035198841554f,0.5303265387090463f,-0.7633396950091845f,0.47601828521864137f,-0.43671398209902695f,-2.8895203183416f,-0.5345257066500912f,-0.845049083411724f,0.013202861630174395f,-0.8730936210151903f,0f,0f,0f,1f], start_interpolation: 0, interpolation_duration: 1 }
$data merge entity $(bone_right_foot) { transformation: [-1.0946339988000877f,0.009346164062792315f,0.432758538638816f,-1.476070540381822f,0.040728156176228415f,1.1738397596244663f,0.0776680815768099f,-6.498170077416629f,-0.4309391150057939f,0.0871995574452567f,-1.091915111726153f,1.486719440815146f,0f,0f,0f,1f], start_interpolation: 0, interpolation_duration: 1 }
$data merge entity $(bone_right_knee) { transformation: [-2.7270526793617074f,-0.16983963964383256f,0.9855287257740445f,-1.714219652302932f,0.21238206356214873f,2.698793973728302f,1.0527742564191567f,-3.108235669304639f,-0.9772442026419197f,1.060468892852345f,-2.5213742650049604f,2.6946093216868476f,0f,0f,0f,1f], start_interpolation: 0, interpolation_duration: 1 }
$data merge entity $(bone_right_leg) { transformation: [-2.4046007641969975f,0.5540120332161625f,0.20243160527440351f,-0.8928749999999999f,0.05806631419266803f,1.0679368477088707f,-2.232969304625744f,-1.578008352272728f,-0.5869720529278686f,-2.1639302852209434f,-1.050182009331863f,-0.3022327272727275f,0f,0f,0f,1f], start_interpolation: 0, interpolation_duration: 1 }
$data merge entity $(bone_left_cheek) { transformation: [-0.8225197918634828f,-0.3008361303597541f,0.48265807220331625f,1.00175734021333f,0.180401120214615f,0.6668208329818763f,0.7230528421399561f,-0.8626443676510106f,-0.5393668768270486f,0.6817973301293614f,-0.49420215783655774f,0.021695635741866726f,0f,0f,0f,1f], start_interpolation: 0, interpolation_duration: 1 }
$data merge entity $(bone_left_foot) { transformation: [-1.007631665209646f,-0.06337692427060063f,-0.6051881423271585f,1.6500536853410928f,-0.4940343203681769f,0.7686754820035986f,0.7420640056905143f,-6.53836505124929f,0.3552455663928151f,0.889220031102031f,-0.68460150359294f,-4.185824173878398f,0f,0f,0f,1f], start_interpolation: 0, interpolation_duration: 1 }
$data merge entity $(bone_left_knee) { transformation: [-2.4864314229784914f,-0.22137955543698273f,-1.485119038930449f,1.3802265757564989f,-1.2190788564963202f,1.9748501329908916f,1.7466374501892221f,-4.000548710884329f,0.87660379248712f,2.1184632952200064f,-1.7834258454830179f,-1.6374815968355096f,0f,0f,0f,1f], start_interpolation: 0, interpolation_duration: 1 }
$data merge entity $(bone_left_leg) { transformation: [-2.1194100259913116f,-0.5099112324643792f,-1.1739269141105957f,0.6428749999999999f,-1.03913099193272f,2.0113187193863604f,1.0024053639072337f,-1.2257356250000004f,0.7472085694580126f,1.3507776526844566f,-1.935740635951997f,0.30004f,0f,0f,0f,1f], start_interpolation: 0, interpolation_duration: 1 }
data modify entity @s data merge value {"locators":{"consume":{"posx":-1.5319940441352085,"posy":2.718575290755845,"posz":2.828797345015137,"roty":191.44322948287993,"rotx":-39.815551313319325}},"cameras":{}}
execute on vehicle unless entity @s[tag=aj.transforms_only] at @s run function animated_java:armor/animations/punch_3old/zzz/frames/zzz/2