# This file was generated by Animated Java via MC-Build. It is not recommended to edit this file directly.
$data merge entity $(bone_neck) { transformation: [-1.0489695833333332f,-7.746238771212868e-18f,1.2822796257281927e-16f,-4.919181239269078e-17f,0f,1.0470607742746445f,0.06325283972983967f,4.5684410884496724f,-1.2846172426320994e-16f,0.06325283972983967f,-1.0470607742746445f,0.4016816312012577f,0f,0f,0f,1f], start_interpolation: 0, interpolation_duration: 1 }
$data merge entity $(bone_right_thumb_2) { transformation: [-0.958020661992631f,-0.08416632299018063f,-0.27406649059947763f,-3.1461172034601264f,0.15325202272242144f,0.6575671457647606f,-0.7376444037219239f,-1.0349250850607126f,0.24230193710882167f,-0.7486798240136426f,-0.6170642530468069f,0.47710569955747406f,0f,0f,0f,1f], start_interpolation: 0, interpolation_duration: 1 }
$data merge entity $(bone_right_thumb) { transformation: [-0.958020661992631f,-0.08416632299018063f,-0.27406649059947763f,-3.3116227881302884f,0.15325202272242144f,0.6575671457647606f,-0.7376444037219239f,-0.8238310772108017f,0.24230193710882167f,-0.7486798240136426f,-0.6170642530468069f,0.2982705486964795f,0f,0f,0f,1f], start_interpolation: 0, interpolation_duration: 1 }
$data merge entity $(bone_right_fingers2) { transformation: [0.7763641049896783f,-0.5614952042427208f,-0.28632483667331576f,-3.2706044339210396f,-0.6246630598342944f,-0.6249245558499199f,-0.468257793500799f,-1.5895016881727684f,0.08399308401310432f,0.5423950913385975f,-0.8359143058530354f,0.5111158200623324f,0f,0f,0f,1f], start_interpolation: 0, interpolation_duration: 1 }
$data merge entity $(bone_right_fingers) { transformation: [-0.3020503051527798f,-0.9092764711907548f,-0.28632483667331576f,-3.6880373602483005f,-0.7838409466811328f,0.40783331047351745f,-0.468257793500799f,-1.3642912801973632f,0.5425486000932433f,0.08299572161924876f,-0.8359143058530354f,0.5182216749318428f,0f,0f,0f,1f], start_interpolation: 0, interpolation_duration: 1 }
$data merge entity $(bone_right_hand) { transformation: [-0.9321418183925492f,0.221652246340593f,-0.28632483667331576f,-3.5983907375105133f,0.337965141694901f,0.816403210322515f,-0.468257793500799f,-0.7812430775472281f,0.12996612405922303f,-0.5332504851073843f,-0.8359143058530354f,0.12591481142312633f,0f,0f,0f,1f], start_interpolation: 0, interpolation_duration: 1 }
$data merge entity $(bone_right_forearm) { transformation: [-1.4031802666960072f,0.3336595912736795f,-0.4310131277854118f,-3.075501808812015f,0.5087487851099671f,1.2289555642587826f,-0.7048821140757296f,0.9790792584462047f,0.19564179722496677f,-0.8027175083712943f,-1.2583261854344947f,-1.032769437941336f,0f,0f,0f,1f], start_interpolation: 0, interpolation_duration: 1 }
$data merge entity $(bone_right_bicep) { transformation: [-1.4717525027812066f,0.5708618357312178f,0.031072384962902114f,-2.1470430523743276f,0.5336109091211345f,1.3408503056536232f,0.6405341626642139f,2.919359007695756f,0.20520264683628017f,0.6075700621151547f,-1.4427940433052862f,-0.21669956655616585f,0f,0f,0f,1f], start_interpolation: 0, interpolation_duration: 1 }
$data merge entity $(bone_right_shoulder) { transformation: [-0.9807644126656507f,0.19420059301590012f,0.019679850631392947f,-1.795433125f,0.1853627107764222f,0.8950195106626727f,0.4056855198140136f,3.0524620276748284f,0.061170518243821304f,0.40152983102806017f,-0.9138008330551902f,-0.08163994061159997f,0f,0f,0f,1f], start_interpolation: 0, interpolation_duration: 1 }
$data merge entity $(bone_right_arm) { transformation: [-1.46271875f,-2.6344433583325265e-17f,1.771835866619917e-16f,-1.4259925f,0f,1.4468137816173106f,0.2151186252368216f,3.1064340082896704f,-1.7913138352403177e-16f,0.2151186252368216f,-1.4468137816173106f,-0.0818616939131025f,0f,0f,0f,1f], start_interpolation: 0, interpolation_duration: 1 }
$data merge entity $(bone_left_thumb_2) { transformation: [-0.958020661992631f,0.0841663229901808f,0.27406649059947774f,3.191022453509985f,-0.15325202272242144f,0.6575671457647606f,-0.7376444037219239f,-1.0780367675918723f,-0.24230193710882192f,-0.7486798240136425f,-0.6170642530468068f,0.4370698814362109f,0f,0f,0f,1f], start_interpolation: 0, interpolation_duration: 1 }
$data merge entity $(bone_left_thumb) { transformation: [-0.958020661992631f,0.0841663229901808f,0.27406649059947774f,3.3565280381801466f,-0.15325202272242144f,0.6575671457647606f,-0.7376444037219239f,-0.8669427597419614f,-0.24230193710882192f,-0.7486798240136425f,-0.6170642530468068f,0.2582347305752165f,0f,0f,0f,1f], start_interpolation: 0, interpolation_duration: 1 }
$data merge entity $(bone_left_fingers2) { transformation: [0.7763641049896783f,0.5614952042427207f,0.28632483667331593f,3.3155096839708973f,0.6246630598342944f,-0.6249245558499199f,-0.468257793500799f,-1.6326133707039279f,-0.08399308401310408f,0.5423950913385975f,-0.8359143058530353f,0.4710800019410692f,0f,0f,0f,1f], start_interpolation: 0, interpolation_duration: 1 }
$data merge entity $(bone_left_fingers) { transformation: [-0.30205030515277964f,0.9092764711907548f,0.28632483667331593f,3.732942610298158f,0.7838409466811328f,0.40783331047351745f,-0.468257793500799f,-1.4074029627285227f,-0.5425486000932433f,0.08299572161924901f,-0.8359143058530353f,0.4781858568105798f,0f,0f,0f,1f], start_interpolation: 0, interpolation_duration: 1 }
$data merge entity $(bone_left_hand) { transformation: [-0.9321418183925492f,-0.22165224634059286f,0.28632483667331593f,3.6432959875603714f,-0.337965141694901f,0.816403210322515f,-0.468257793500799f,-0.8243547600783876f,-0.12996612405922328f,-0.5332504851073843f,-0.8359143058530353f,0.08587899330186333f,0f,0f,0f,1f], start_interpolation: 0, interpolation_duration: 1 }
$data merge entity $(bone_left_forearm) { transformation: [-1.4031802666960078f,-0.33365959127367945f,0.43101312778541223f,3.1204070588618733f,-0.5087487851099673f,1.228955564258783f,-0.70488211407573f,0.935967575915045f,-0.19564179722496725f,-0.8027175083712947f,-1.2583261854344951f,-1.072805256062599f,0f,0f,0f,1f], start_interpolation: 0, interpolation_duration: 1 }
$data merge entity $(bone_left_bicep) { transformation: [-1.4717525027812066f,-0.5708618357312181f,-0.031072384962901753f,2.086975267247187f,-0.5336109091211345f,1.3408503056536232f,0.6405341626642139f,2.8824184932838537f,-0.20520264683628056f,0.6075700621151546f,-1.4427940433052862f,-0.16341017188045479f,0f,0f,0f,1f], start_interpolation: 0, interpolation_duration: 1 }
$data merge entity $(bone_left_shoulder) { transformation: [-0.9807644126656507f,-0.19420059301590023f,-0.019679850631392718f,1.795433125f,-0.1853627107764222f,0.8950195106626727f,0.4056855198140136f,3.0524620276748284f,-0.06117051824382155f,0.40152983102806017f,-0.9138008330551902f,-0.08163994061159952f,0f,0f,0f,1f], start_interpolation: 0, interpolation_duration: 1 }
$data merge entity $(bone_left_arm) { transformation: [-1.46271875f,-2.6344433583325265e-17f,1.771835866619917e-16f,1.4259925f,0f,1.4468137816173106f,0.2151186252368216f,3.0446136061439524f,-1.7913138352403177e-16f,0.2151186252368216f,-1.4468137816173106f,-0.09105342272446887f,0f,0f,0f,1f], start_interpolation: 0, interpolation_duration: 1 }
$data merge entity $(bone_chest) { transformation: [-2.06546125f,-3.720018405421888e-17f,2.5019562536294874e-16f,-3.7372286673436466e-17f,0f,2.0430023214623567f,0.3037625548861851f,3.8221202859469106f,-2.529460508575391e-16f,0.3037625548861851f,-2.0430023214623567f,0.30516787942006224f,0f,0f,0f,1f], start_interpolation: 0, interpolation_duration: 1 }
$data merge entity $(bone_weist) { transformation: [-2.0892733333333333f,6.889506534873096e-18f,2.557694176051514e-16f,3.368072520102977e-17f,0f,2.0885157890685546f,-0.05625709012320809f,0.22342730279711986f,-2.5586219002105877e-16f,-0.05625709012320809f,-2.0885157890685546f,-0.27502399242360825f,0f,0f,0f,1f], start_interpolation: 0, interpolation_duration: 1 }
$data merge entity $(bone_right_foot) { transformation: [-1.1266657303684222f,0.04492807292710377f,0.10902730243589147f,-1.7998244765151168f,0.016624783480876804f,1.0974339405099331f,-0.2804345114122989f,-7.101369510009992f,-0.11674374067848123f,-0.2773109570137785f,-1.0921312579230107f,2.841615805271421f,0f,0f,0f,1f], start_interpolation: 0, interpolation_duration: 1 }
$data merge entity $(bone_right_knee) { transformation: [-3.081865338832493f,0.3815795937632881f,0.30506780738731815f,-1.3582561922706493f,0.311583498660858f,3.0360013389218747f,-0.6497498854210111f,-3.204996429637031f,-0.3762779250008176f,-0.6112742460351182f,-3.036662977590541f,2.1674791153421658f,0f,0f,0f,1f], start_interpolation: 0, interpolation_duration: 1 }
$data merge entity $(bone_right_thigh) { transformation: [-2.3533419553527866f,0.37260426263373475f,-0.01827765542783314f,-0.77532f,0.23792815044669952f,1.4092142375904726f,-1.9065392195918132f,-1.4537756989366926f,-0.2873294353973858f,-1.8848521597419563f,-1.4290418116747827f,-0.5001588023628328f,0f,0f,0f,1f], start_interpolation: 0, interpolation_duration: 1 }
$data merge entity $(bone_right_leg) { transformation: [-1.1368933333333335f,3.748975265460874e-18f,1.3917879537662822e-16f,-0.748445f,0f,1.1364811100925583f,-0.030612706194725343f,-1.5745275570259953f,-1.3922927816386319e-16f,-0.030612706194725343f,-1.1364811100925583f,-0.6889338170134078f,0f,0f,0f,1f], start_interpolation: 0, interpolation_duration: 1 }
$data merge entity $(bone_left_foot) { transformation: [-1.128830671529611f,-0.020216200752893255f,-0.09281041235296048f,1.1778590087780336f,-0.022670842967278663f,1.132218783233216f,0.029117214376541304f,-7.937633514151296f,0.09224153236563687f,0.03087206700263516f,-1.1286361537651648f,-2.2033338243979226f,0f,0f,0f,1f], start_interpolation: 0, interpolation_duration: 1 }
$data merge entity $(bone_left_knee) { transformation: [-3.1064445430763397f,-0.04967764593882472f,-0.28999612491028903f,1.159052514499117f,-0.19435566946719943f,2.6554664512729453f,1.627048591802839f,-4.609371947255637f,0.22088796869672167f,1.6378624416707352f,-2.6467297647525694f,-0.023084465743588134f,0f,0f,0f,1f], start_interpolation: 0, interpolation_duration: 1 }
$data merge entity $(bone_left_thigh) { transformation: [-2.366209350262731f,-0.2137056872363347f,-0.1810236393858953f,0.77532f,-0.18316436689166496f,2.3458617896935667f,-0.375192812299644f,-1.4590117977736188f,0.2118737677836601f,-0.3586763317295779f,-2.346027954570579f,-0.6945463021445221f,0f,0f,0f,1f], start_interpolation: 0, interpolation_duration: 1 }
$data merge entity $(bone_left_leg) { transformation: [-1.1368933333333335f,3.748975265460874e-18f,1.3917879537662822e-16f,0.748445f,0f,1.1364811100925583f,-0.030612706194725343f,-1.5745275570259953f,-1.3922927816386319e-16f,-0.030612706194725343f,-1.1364811100925583f,-0.6889338170134076f,0f,0f,0f,1f], start_interpolation: 0, interpolation_duration: 1 }
data modify entity @s data merge value {"locators":{"consume":{"posx":-3.5182260418824156,"posy":-1.4576259718183358,"posz":0.5049170799954887,"roty":341.09218419917613,"rotx":-27.921265449394184}},"cameras":{}}