# This file was generated by Animated Java via MC-Build. It is not recommended to edit this file directly.
$data merge entity $(bone_neck) { transformation: [-1.0489695833333332f,-2.2307144318258093e-17f,1.265101020197256e-16f,-5.591322793349972e-17f,0f,1.033033378340652f,0.18215165657387253f,4.533368833323874f,-1.2846172426320994e-16f,0.18215165657387253f,-1.033033378340652f,0.45656615419587654f,0f,0f,0f,1f], start_interpolation: 0, interpolation_duration: 1 }
$data merge entity $(bone_right_thumb_2) { transformation: [-0.919047648842231f,0.03617935712733655f,-0.39248244964000595f,-3.675572142025067f,0.1913792484141062f,0.9114779172923934f,-0.36411809837575015f,0.12488936229669328f,0.34456552705402627f,-0.40975487844096914f,-0.8446156150343231f,-1.7417788470509499f,0f,0f,0f,1f], start_interpolation: 0, interpolation_duration: 1 }
$data merge entity $(bone_right_thumb) { transformation: [-0.919047648842231f,0.03617935712733655f,-0.39248244964000595f,-3.8008317037033086f,0.1913792484141062f,0.9114779172923934f,-0.36411809837575015f,0.4143881701915877f,0.34456552705402627f,-0.40975487844096914f,-0.8446156150343231f,-1.80837668730298f,0f,0f,0f,1f], start_interpolation: 0, interpolation_duration: 1 }
$data merge entity $(bone_right_fingers2) { transformation: [0.6563444850012664f,-0.6649536104063531f,-0.3564387928045683f,-3.894089158765992f,-0.7194728811844593f,-0.6938542237726437f,-0.030415282227763463f,-0.3667580585414517f,-0.22709181017499236f,0.2764109479749629f,-0.9338234831010772f,-1.9281711605773837f,0f,0f,0f,1f], start_interpolation: 0, interpolation_duration: 1 }
$data merge entity $(bone_right_fingers) { transformation: [-0.4368109365932453f,-0.8259222679263186f,-0.3564387928045683f,-4.2664703319033785f,-0.8780902025184395f,0.4775274932903142f,-0.030415282227763463f,-0.10070362976031966f,0.1953299821165647f,0.29969968384253415f,-0.9338234831010772f,-1.8034002832269982f,0f,0f,0f,1f], start_interpolation: 0, interpolation_duration: 1 }
$data merge entity $(bone_right_hand) { transformation: [-0.8608499659631935f,0.3631648703897317f,-0.3564387928045683f,-4.074642407321879f,0.3991797532089162f,0.9163680675553214f,-0.030415282227763463f,0.5694596639313483f,0.3155833657359609f,-0.16846614401634274f,-0.9338234831010772f,-1.9297711892021499f,0f,0f,0f,1f], start_interpolation: 0, interpolation_duration: 1 }
$data merge entity $(bone_right_forearm) { transformation: [-1.2958625618884023f,0.5466826717063827f,-0.5365577109401733f,-3.247232577232289f,0.6008969252481834f,1.3794355794929953f,-0.04578501144985064f,2.5417775333865826f,0.4750568449571758f,-0.2535970001836678f,-1.4057117256303084f,-2.304006333164879f,0f,0f,0f,1f], start_interpolation: 0, interpolation_duration: 1 }
$data merge entity $(bone_right_bicep) { transformation: [-1.359190272259513f,0.6920090862012356f,0.40820262916165284f,-2.1356222407770606f,0.630262251143203f,0.42085783075074334f,1.3851181679279658f,3.1651653130005344f,0.49827247227140375f,1.35532515248377f,-0.6385314655252579f,-0.3886992197101699f,0f,0f,0f,1f], start_interpolation: 0, interpolation_duration: 1 }
$data merge entity $(bone_right_shoulder) { transformation: [-0.9238795325129066f,0.28214382185331516f,0.25853717951919036f,-1.795433125f,0.3468289747185981f,0.33181972140983107f,0.8772715285355772f,3.082337504308247f,0.161729006981986f,0.9001613945696111f,-0.40441710155124977f,-0.19635063736532665f,0f,0f,0f,1f], start_interpolation: 0, interpolation_duration: 1 }
$data merge entity $(bone_right_arm) { transformation: [-1.46271875f,-4.636261363158332e-17f,1.7302762964475437e-16f,-1.4259925f,0f,1.4128778172222631f,0.37857947012855275f,3.1359832165538553f,-1.7913138352403177e-16f,0.37857947012855275f,-1.4128778172222631f,-0.19042093048580605f,0f,0f,0f,1f], start_interpolation: 0, interpolation_duration: 1 }
$data merge entity $(bone_left_thumb_2) { transformation: [-0.9190476488422309f,-0.03617935712733644f,0.3924824496400062f,3.719790121117876f,-0.1913792484141062f,0.9114779172923934f,-0.36411809837575015f,0.13148803259996023f,-0.34456552705402654f,-0.40975487844096914f,-0.844615615034323f,-1.8007635337121801f,0f,0f,0f,1f], start_interpolation: 0, interpolation_duration: 1 }
$data merge entity $(bone_left_thumb) { transformation: [-0.9190476488422309f,-0.03617935712733644f,0.3924824496400062f,3.845049682796117f,-0.1913792484141062f,0.9114779172923934f,-0.36411809837575015f,0.42098684049485435f,-0.34456552705402654f,-0.40975487844096914f,-0.844615615034323f,-1.86736137396421f,0f,0f,0f,1f], start_interpolation: 0, interpolation_duration: 1 }
$data merge entity $(bone_left_fingers2) { transformation: [0.6563444850012664f,0.6649536104063531f,0.3564387928045686f,3.938307137858801f,0.7194728811844593f,-0.6938542237726437f,-0.030415282227763463f,-0.3601593882381847f,0.22709181017499247f,0.27641094797496313f,-0.9338234831010771f,-1.9871558472386135f,0f,0f,0f,1f], start_interpolation: 0, interpolation_duration: 1 }
$data merge entity $(bone_left_fingers) { transformation: [-0.4368109365932452f,0.8259222679263185f,0.3564387928045686f,4.310688310996187f,0.8780902025184395f,0.4775274932903142f,-0.030415282227763463f,-0.09410495945705266f,-0.19532998211656485f,0.2996996838425343f,-0.9338234831010771f,-1.8623849698882278f,0f,0f,0f,1f], start_interpolation: 0, interpolation_duration: 1 }
$data merge entity $(bone_left_hand) { transformation: [-0.8608499659631934f,-0.36316487038973166f,0.3564387928045686f,4.1188603864146875f,-0.3991797532089162f,0.9163680675553214f,-0.030415282227763463f,0.5760583342346153f,-0.31558336573596113f,-0.16846614401634288f,-0.9338234831010771f,-1.9887558758633797f,0f,0f,0f,1f], start_interpolation: 0, interpolation_duration: 1 }
$data merge entity $(bone_left_forearm) { transformation: [-1.2958625618884025f,-0.546682671706383f,0.536557710940174f,3.2914505563250964f,-0.6008969252481836f,1.379435579492996f,-0.045785011449850664f,2.5483762036898496f,-0.47505684495717637f,-0.25359700018366815f,-1.4057117256303089f,-2.3629910198261093f,0f,0f,0f,1f], start_interpolation: 0, interpolation_duration: 1 }
$data merge entity $(bone_left_bicep) { transformation: [-1.3591902722595128f,-0.6920090862012359f,-0.4082026291616527f,2.0940383437149537f,-0.630262251143203f,0.42085783075074334f,1.3851181679279658f,3.0886590315471487f,-0.4982724722714041f,1.3553251524837697f,-0.6385314655252581f,-0.37353121379959037f,0f,0f,0f,1f], start_interpolation: 0, interpolation_duration: 1 }
$data merge entity $(bone_left_shoulder) { transformation: [-0.9238795325129066f,-0.2821438218533154f,-0.25853717951919025f,1.795433125f,-0.3468289747185981f,0.33181972140983107f,0.8772715285355772f,3.0823375043082475f,-0.16172900698198622f,0.900161394569611f,-0.4044171015512499f,-0.19635063736532618f,0f,0f,0f,1f], start_interpolation: 0, interpolation_duration: 1 }
$data merge entity $(bone_left_arm) { transformation: [-1.46271875f,-4.636261363158332e-17f,1.7302762964475437e-16f,1.4259925f,0f,1.4128778172222631f,0.37857947012855275f,3.0756128524107886f,-1.7913138352403177e-16f,0.37857947012855275f,-1.4128778172222631f,-0.2065971208047132f,0f,0f,0f,1f], start_interpolation: 0, interpolation_duration: 1 }
$data merge entity $(bone_chest) { transformation: [-2.06546125f,-6.546725534540192e-17f,2.4432712318112513e-16f,-3.375604622338e-17f,0f,1.9950823645743014f,0.5345807084212588f,3.802906635698518f,-2.529460508575391e-16f,0.5345807084212588f,-1.9950823645743014f,0.27563903524577266f,0f,0f,0f,1f], start_interpolation: 0, interpolation_duration: 1 }
$data merge entity $(bone_weist) { transformation: [-2.0892733333333333f,-2.229985921232783e-17f,2.5488855714112144e-16f,8.705265040565013e-17f,0f,2.081323017531135f,0.1820921691695422f,0.2937649733347616f,-2.5586219002105877e-16f,0.1820921691695422f,-2.081323017531135f,-0.7108388350523562f,0f,0f,0f,1f], start_interpolation: 0, interpolation_duration: 1 }
$data merge entity $(bone_right_foot) { transformation: [-1.12737427088268f,0.03526172261724844f,0.10519038297207013f,-1.816862811234037f,0.03090162354285251f,1.131377655835279f,-0.04807121736636924f,-6.94630803407753f,-0.10655278229198133f,-0.044970692620117776f,-1.1269007470896029f,2.3302782618126017f,0f,0f,0f,1f], start_interpolation: 0, interpolation_duration: 1 }
$data merge entity $(bone_right_knee) { transformation: [-3.0818406073624907f,0.40425519007076394f,0.2745897527043244f,-1.345297458254782f,0.3525743322611317f,3.053319429689584f,-0.5380475078359397f,-3.0314253666360016f,-0.33839788891183786f,-0.5003813763108085f,-3.0613181257750868f,1.7987843052619166f,0f,0f,0f,1f], start_interpolation: 0, interpolation_duration: 1 }
$data merge entity $(bone_right_thigh) { transformation: [-2.3533230701648975f,0.36625886772875543f,-0.07149361708681887f,-0.7753199999999999f,0.2692291444521524f,1.3502844063941402f,-1.9446423984040953f,-1.3644111540559098f,-0.2584038762318953f,-1.92872310913291f,-1.3750058083838983f,-0.9250126813008651f,0f,0f,0f,1f], start_interpolation: 0, interpolation_duration: 1 }
$data merge entity $(bone_right_leg) { transformation: [-1.1368933333333335f,-1.21346311505918e-17f,1.3869946872598132e-16f,-0.7484449999999999f,0f,1.1325671109625184f,0.09908678289152757f,-1.4453149072086893f,-1.3922927816386319e-16f,0.09908678289152757f,-1.1325671109625184f,-1.3269266453054829f,0f,0f,0f,1f], start_interpolation: 0, interpolation_duration: 1 }
$data merge entity $(bone_left_foot) { transformation: [-1.130342759974329f,0.024634754701272032f,-0.07070732801078941f,0.9898574661517682f,0.018483269828284146f,1.128449495758827f,0.09767935635590681f,-7.6582314713473325f,0.07255870802372415f,0.09631208014811807f,-1.1263837576543223f,-4.479542812749153f,0f,0f,0f,1f], start_interpolation: 0, interpolation_duration: 1 }
$data merge entity $(bone_left_knee) { transformation: [-3.1152902750744507f,0.026754474128538316f,-0.1755392272924677f,1.0644540119238939f,-0.07872210716825827f,2.5569053934447252f,1.7867850903211722f,-4.462601600940274f,0.15916234494163664f,1.7883182958481287f,-2.552087055894704f,-2.1102494382310293f,0f,0f,0f,1f], start_interpolation: 0, interpolation_duration: 1 }
$data merge entity $(bone_left_thigh) { transformation: [-2.366218265544047f,-0.14040159436061792f,-0.24224962363471592f,0.7753200000000001f,-0.20602800717131572f,2.2690702850673845f,0.6973226439243744f,-1.329912005884962f,0.18960471542443583f,0.7134380153661983f,-2.265489487542064f,-1.3193397492955141f,0f,0f,0f,1f], start_interpolation: 0, interpolation_duration: 1 }
$data merge entity $(bone_left_leg) { transformation: [-1.1368933333333335f,-1.21346311505918e-17f,1.3869946872598132e-16f,0.7484450000000001f,0f,1.1325671109625184f,0.09908678289152757f,-1.4453149072086893f,-1.3922927816386319e-16f,0.09908678289152757f,-1.1325671109625184f,-1.3269266453054827f,0f,0f,0f,1f], start_interpolation: 0, interpolation_duration: 1 }
data modify entity @s data merge value {"locators":{"consume":{"posx":-4.115203521717176,"posy":-0.20619325033156244,"posz":-1.864347414737754,"roty":339.10823182733014,"rotx":-1.742936103436712}},"cameras":{}}