# This file was generated by Animated Java via MC-Build. It is not recommended to edit this file directly.
$data merge entity $(bone_right_thumb_2) { transformation: [-0.8723112331487758f,-0.138290373579701f,-0.46898708414800594f,-3.5131599378733176f,0.29456737718305276f,0.6169357854644015f,-0.729808397398193f,-0.3236411123210178f,0.39026039104930843f,-0.7747683584069553f,-0.4974241831570236f,0.14788016706675744f,0f,0f,0f,1f], start_interpolation: 0, interpolation_duration: 1 }
$data merge entity $(bone_right_thumb) { transformation: [-0.8723112331487758f,-0.138290373579701f,-0.46898708414800594f,-3.6815303554104726f,0.29456737718305276f,0.6169357854644015f,-0.729808397398193f,-0.10333843040607767f,0.39026039104930843f,-0.7747683584069553f,-0.4974241831570236f,-0.01659755400838958f,0f,0f,0f,1f], start_interpolation: 0, interpolation_duration: 1 }
$data merge entity $(bone_right_fingers2) { transformation: [0.6970886440429644f,-0.5252824667049983f,-0.4880017956100707f,-3.6957526907266813f,-0.7169848793165924f,-0.5103979764159218f,-0.474791099855403f,-0.8534756972165367f,0.0003243111349090777f,0.6808613925336379f,-0.7324122192996531f,0.24859842170767854f,0f,0f,0f,1f], start_interpolation: 0, interpolation_duration: 1 }
$data merge entity $(bone_right_fingers) { transformation: [-0.2913521943951086f,-0.8227807401139755f,-0.4880017956100707f,-4.074496662198306f,-0.702376713102829f,0.530321001270893f,-0.474791099855403f,-0.5742994481958766f,0.6494465734084836f,0.20442966836674115f,-0.7324122192996531f,0.30888187775219456f,0f,0f,0f,1f], start_interpolation: 0, interpolation_duration: 1 }
$data merge entity $(bone_right_hand) { transformation: [-0.8450428278972107f,0.2185334448107011f,-0.4880017956100707f,-3.987504378947392f,0.46708680563363336f,0.7459244784165919f,-0.474791099855403f,-0.033064724314559646f,0.26025475023993944f,-0.6291580135372221f,-0.7324122192996531f,-0.13987609160077175f,0f,0f,0f,1f], start_interpolation: 0, interpolation_duration: 1 }
$data merge entity $(bone_right_forearm) { transformation: [-1.2720676159161515f,0.3289647683656886f,-0.7346033363175446f,-3.4740401823789187f,0.7031193918854725f,1.1228618734911162f,-0.7147168906860838f,1.5687296770086978f,0.3917690662997294f,-0.9470899082196418f,-1.1025214757348305f,-1.5129405339376503f,0f,0f,0f,1f], start_interpolation: 0, interpolation_duration: 1 }
$data merge entity $(bone_right_bicep) { transformation: [-1.3342324873480533f,0.833551718027526f,0.13386321796083578f,-2.168478577149415f,0.7374802435029061f,1.028921281556239f,0.9435825585755624f,3.0531900303573796f,0.41091449012217207f,0.8598934165223442f,-1.2588235587538108f,-0.3362597968543946f,0f,0f,0f,1f], start_interpolation: 0, interpolation_duration: 1 }
$data merge entity $(bone_right_shoulder) { transformation: [-0.9238795325129066f,0.37317350197067256f,0.08478293950245898f,-1.795433125f,0.346828974718598f,0.7228808505105802f,0.5976227390760379f,3.082337504308247f,0.16172900698198595f,0.5815365967779194f,-0.7972822053128843f,-0.19635063736532665f,0f,0f,0f,1f], start_interpolation: 0, interpolation_duration: 1 }
$data merge entity $(bone_left_thumb_2) { transformation: [-0.8723112331487757f,0.13829037357970117f,0.4689870841480059f,3.5663118419162245f,-0.29456737718305276f,0.6169357854644015f,-0.729808397398193f,-0.3469214319240268f,-0.39026039104930865f,-0.7747683584069553f,-0.4974241831570236f,0.10193599223314131f,0f,0f,0f,1f], start_interpolation: 0, interpolation_duration: 1 }
$data merge entity $(bone_left_thumb) { transformation: [-0.8723112331487757f,0.13829037357970117f,0.4689870841480059f,3.734682259453379f,-0.29456737718305276f,0.6169357854644015f,-0.729808397398193f,-0.12661875000908684f,-0.39026039104930865f,-0.7747683584069553f,-0.4974241831570236f,-0.06254172884200557f,0f,0f,0f,1f], start_interpolation: 0, interpolation_duration: 1 }
$data merge entity $(bone_left_fingers2) { transformation: [0.6970886440429647f,0.5252824667049982f,0.4880017956100707f,3.7489045947695883f,0.7169848793165924f,-0.5103979764159218f,-0.474791099855403f,-0.8767560168195456f,-0.00032431113490891117f,0.6808613925336379f,-0.7324122192996531f,0.2026542468740624f,0f,0f,0f,1f], start_interpolation: 0, interpolation_duration: 1 }
$data merge entity $(bone_left_fingers) { transformation: [-0.29135219439510845f,0.8227807401139756f,0.4880017956100707f,4.127648566241213f,0.702376713102829f,0.530321001270893f,-0.474791099855403f,-0.5975797677988856f,-0.6494465734084837f,0.20442966836674137f,-0.7324122192996531f,0.26293770291857854f,0f,0f,0f,1f], start_interpolation: 0, interpolation_duration: 1 }
$data merge entity $(bone_left_hand) { transformation: [-0.8450428278972107f,-0.21853344481070092f,0.4880017956100707f,4.040656282990299f,-0.46708680563363336f,0.7459244784165919f,-0.474791099855403f,-0.05634504391756856f,-0.26025475023993966f,-0.6291580135372221f,-0.7324122192996531f,-0.18582026643438776f,0f,0f,0f,1f], start_interpolation: 0, interpolation_duration: 1 }
$data merge entity $(bone_left_forearm) { transformation: [-1.272067615916152f,-0.3289647683656885f,0.7346033363175448f,3.5271920864218256f,-0.7031193918854728f,1.1228618734911167f,-0.7147168906860841f,1.5454493574056887f,-0.3917690662997299f,-0.9470899082196422f,-1.102521475734831f,-1.5588847087712665f,0f,0f,0f,1f], start_interpolation: 0, interpolation_duration: 1 }
$data merge entity $(bone_left_bicep) { transformation: [-1.3342324873480533f,-0.833551718027526f,-0.13386321796083547f,2.116035040086262f,-0.7374802435029061f,1.028921281556239f,0.9435825585755624f,2.9941617982452153f,-0.41091449012217246f,0.8598934165223442f,-1.2588235587538108f,-0.2965377219587129f,0f,0f,0f,1f], start_interpolation: 0, interpolation_duration: 1 }
$data merge entity $(bone_left_shoulder) { transformation: [-0.9238795325129066f,-0.37317350197067267f,-0.08478293950245878f,1.795433125f,-0.346828974718598f,0.7228808505105802f,0.5976227390760379f,3.0823375043082475f,-0.16172900698198617f,0.5815365967779194f,-0.7972822053128843f,-0.19635063736532618f,0f,0f,0f,1f], start_interpolation: 0, interpolation_duration: 1 }
$data merge entity $(bone_left_cheek) { transformation: [-1.1364998011408456f,-0.028760861586092923f,-0.008213782650045518f,0.7747396107553062f,-0.029704648698450707f,1.1218653707247432f,0.18183007229860018f,-1.467628817063641f,0.0035053145790662032f,0.1819817413567584f,-1.122228501669888f,-1.3702426695820966f,0f,0f,0f,1f], start_interpolation: 0, interpolation_duration: 1 }
$data merge entity $(bone_left_foot) { transformation: [-1.1303396434738555f,0.02455918298758356f,-0.07078339722265652f,0.9899430135890502f,0.018396708096983252f,1.128444702056167f,0.09775105080030361f,-7.69970592896366f,0.07262922223590436f,0.09638751647569052f,-1.1263727602996516f,-4.3881031039770315f,0f,0f,0f,1f], start_interpolation: 0, interpolation_duration: 1 }
$data merge entity $(bone_left_knee) { transformation: [-3.1152748250558857f,0.026679443970260217f,-0.17582460527535834f,1.0644540119238939f,-0.0789578928879846f,2.5567853796919118f,1.7869464159627595f,-4.504232233730896f,0.15934784498538848f,1.788490997920006f,-2.5519544539108434f,-2.0185964080554815f,0f,0f,0f,1f], start_interpolation: 0, interpolation_duration: 1 }
$data merge entity $(bone_right_cheek) { transformation: [-1.1346913946672275f,0.06894401617615367f,0.01576746268182273f,-0.8066158946777702f,0.06999670207937538f,1.131014371530768f,0.09183356938860218f,-1.3893787197606866f,-0.010116913755270065f,0.09262648326554528f,-1.1330685919359447f,-1.276821943003445f,0f,0f,0f,1f], start_interpolation: 0, interpolation_duration: 1 }
data modify entity @s data merge value {"locators":{"consume":{"posx":-3.9225234077655107,"posy":-0.6901917730295433,"posz":0.27427899155298824,"roty":326.32472120882926,"rotx":-28.345749433641544}},"cameras":{}}