# This file was generated by Animated Java via MC-Build. It is not recommended to edit this file directly.
$data merge entity $(bone_right_thumb_2) { transformation: [-0.871852310365239f,-0.1402206114975689f,-0.4692672255997032f,-3.509632909470208f,0.29571712269325784f,0.6130633880304388f,-0.7326013005739618f,-0.32338163208064824f,0.39041635756819343f,-0.7774904902105796f,-0.49303509548032887f,0.16747191591643204f,0f,0f,0f,1f], start_interpolation: 0, interpolation_duration: 1 }
$data merge entity $(bone_right_thumb) { transformation: [-0.871852310365239f,-0.1402206114975689f,-0.4692672255997032f,-3.67848886258553f,0.29571712269325784f,0.6130633880304388f,-0.7326013005739618f,-0.10401921547085768f,0.39041635756819343f,-0.7774904902105796f,-0.49303509548032887f,0.002236970559059581f,0f,0f,0f,1f], start_interpolation: 0, interpolation_duration: 1 }
$data merge entity $(bone_right_fingers2) { transformation: [0.6976981301783792f,-0.5236119228391743f,-0.4889252227143286f,-3.691591604354297f,-0.7163874263900505f,-0.5075402050842119f,-0.47874000828562047f,-0.8528763547277651f,0.002524768471201644f,0.6842758906199593f,-0.7292188499075076f,0.27108339987849805f,0f,0f,0f,1f], start_interpolation: 0, interpolation_duration: 1 }
$data merge entity $(bone_right_fingers) { transformation: [-0.28957569237766717f,-0.822859675143787f,-0.4889252227143286f,-4.070463099903266f,-0.6994715505824731f,0.530610548700678f,-0.47874000828562047f,-0.5737308702758858f,0.6533647283942906f,0.20335781428267374f,-0.7292188499075076f,0.3307043474273973f,0f,0f,0f,1f], start_interpolation: 0, interpolation_duration: 1 }
$data merge entity $(bone_right_hand) { transformation: [-0.8449666302025798f,0.2167568232786246f,-0.4889252227143286f,-3.9847457081932474f,0.46762845284529564f,0.7430556066380222f,-0.47874000828562047f,-0.03460055623338465f,0.259528464592252f,-0.6331546769991989f,-0.7292188499075076f,-0.12082353872887985f,0f,0f,0f,1f], start_interpolation: 0, interpolation_duration: 1 }
$data merge entity $(bone_right_forearm) { transformation: [-1.2719529133039906f,0.32629036815532586f,-0.7359933980708745f,-3.475136639825549f,0.7039347492312313f,1.1185432771274082f,-0.720661297722586f,1.560963961753199f,0.3906757673309341f,-0.9531062022983064f,-1.0977144036488933f,-1.5025504344856975f,0f,0f,0f,1f], start_interpolation: 0, interpolation_duration: 1 }
$data merge entity $(bone_right_bicep) { transformation: [-1.3341121793159851f,0.8342340187825487f,0.13077634706289648f,-2.1687068041906916f,0.7383354466744183f,1.0337713797549146f,0.9375935476677253f,3.05219921868355f,0.4097677625549427f,0.8533900013182614f,-1.2636138826655783f,-0.33543874497724396f,0f,0f,0f,1f], start_interpolation: 0, interpolation_duration: 1 }
$data merge entity $(bone_right_shoulder) { transformation: [-0.9238795325129066f,0.3736123070053971f,0.0828278543597392f,-1.795433125f,0.3468289747185981f,0.7260000724853776f,0.5938295690236993f,3.082337504308247f,0.16172900698198597f,0.5773540844276858f,-0.8003161809530589f,-0.19635063736532665f,0f,0f,0f,1f], start_interpolation: 0, interpolation_duration: 1 }
$data merge entity $(bone_left_thumb_2) { transformation: [-0.871852310365239f,0.1402206114975691f,0.46926722559970324f,3.5628482303974627f,-0.29571712269325784f,0.6130633880304388f,-0.7326013005739618f,-0.3469287325742304f,-0.39041635756819365f,-0.7774904902105795f,-0.49303509548032864f,0.12173758458535336f,0f,0f,0f,1f], start_interpolation: 0, interpolation_duration: 1 }
$data merge entity $(bone_left_thumb) { transformation: [-0.871852310365239f,0.1402206114975691f,0.46926722559970324f,3.7317041835127847f,-0.29571712269325784f,0.6130633880304388f,-0.7326013005739618f,-0.12756631596444007f,-0.39041635756819365f,-0.7774904902105795f,-0.49303509548032864f,-0.04349736077201896f,0f,0f,0f,1f], start_interpolation: 0, interpolation_duration: 1 }
$data merge entity $(bone_left_fingers2) { transformation: [0.6976981301783793f,0.5236119228391742f,0.48892522271432876f,3.7448069252815523f,0.7163874263900505f,-0.5075402050842119f,-0.47874000828562047f,-0.8764234552213472f,-0.0025247684712014218f,0.6842758906199593f,-0.7292188499075074f,0.2253490685474194f,0f,0f,0f,1f], start_interpolation: 0, interpolation_duration: 1 }
$data merge entity $(bone_left_fingers) { transformation: [-0.289575692377667f,0.822859675143787f,0.48892522271432876f,4.1236784208305215f,0.6994715505824731f,0.530610548700678f,-0.47874000828562047f,-0.5972779707694679f,-0.6533647283942906f,0.20335781428267397f,-0.7292188499075074f,0.2849700160963188f,0f,0f,0f,1f], start_interpolation: 0, interpolation_duration: 1 }
$data merge entity $(bone_left_hand) { transformation: [-0.8449666302025798f,-0.21675682327862444f,0.48892522271432876f,4.037961029120503f,-0.46762845284529564f,0.7430556066380222f,-0.47874000828562047f,-0.05814765672696676f,-0.2595284645922522f,-0.6331546769991989f,-0.7292188499075074f,-0.16655787005995837f,0f,0f,0f,1f], start_interpolation: 0, interpolation_duration: 1 }
$data merge entity $(bone_left_forearm) { transformation: [-1.2719529133039913f,-0.32629036815532575f,0.735993398070875f,3.528351960752804f,-0.7039347492312317f,1.1185432771274086f,-0.7206612977225864f,1.5374168612596166f,-0.3906757673309346f,-0.9531062022983069f,-1.0977144036488935f,-1.5482847658167762f,0f,0f,0f,1f], start_interpolation: 0, interpolation_duration: 1 }
$data merge entity $(bone_left_bicep) { transformation: [-1.3341121793159851f,-0.8342340187825488f,-0.13077634706289618f,2.1161410743061184f,-0.7383354466744183f,1.0337713797549146f,0.9375935476677253f,2.993408059699657f,-0.409767762554943f,0.8533900013182611f,-1.2636138826655783f,-0.2955270466040514f,0f,0f,0f,1f], start_interpolation: 0, interpolation_duration: 1 }
$data merge entity $(bone_left_shoulder) { transformation: [-0.9238795325129066f,-0.3736123070053972f,-0.08282785435973901f,1.795433125f,-0.3468289747185981f,0.7260000724853776f,0.5938295690236993f,3.0823375043082475f,-0.1617290069819862f,0.5773540844276857f,-0.8003161809530589f,-0.19635063736532618f,0f,0f,0f,1f], start_interpolation: 0, interpolation_duration: 1 }
$data merge entity $(bone_left_cheek) { transformation: [-1.1364978603996456f,-0.02887080906869675f,-0.008095743852479867f,0.7747498815834861f,-0.029789763995738117f,1.1221046494777496f,0.18033351590670338f,-1.4678915846622818f,0.0034109596720472537f,0.1804829171470637f,-1.1224708162575898f,-1.3706370877525116f,0f,0f,0f,1f], start_interpolation: 0, interpolation_duration: 1 }
$data merge entity $(bone_left_foot) { transformation: [-1.1303402676514016f,0.024574296593722348f,-0.07076818262949928f,0.9899259077856086f,0.018414020478999336f,1.1284456616156135f,0.09773671280895208f,-7.699737164798714f,0.07261511946941483f,0.0963724292929483f,-1.126374960524522f,-4.388060441340068f,0f,0f,0f,1f], start_interpolation: 0, interpolation_duration: 1 }
$data merge entity $(bone_left_knee) { transformation: [-3.115277917368514f,0.0266944471126687f,-0.17576752893302164f,1.0644540119238939f,-0.07891073571822886f,2.556809383162681f,1.7869141541040674f,-4.504232233730896f,0.1593107451563751f,1.788456458749386f,-2.551980975989653f,-2.0185964080554815f,0f,0f,0f,1f], start_interpolation: 0, interpolation_duration: 1 }
$data merge entity $(bone_right_cheek) { transformation: [-1.1346794136359302f,0.06920483898934754f,0.015484505450891016f,-0.8067912761038427f,0.07021846762477119f,1.131140600445561f,0.09009306413849373f,-1.3895917646911733f,-0.009922018596492778f,0.09087399882195293f,-1.1332122136929415f,-1.2781782175318894f,0f,0f,0f,1f], start_interpolation: 0, interpolation_duration: 1 }
data modify entity @s data merge value {"locators":{"consume":{"posx":-3.918454270464777,"posy":-0.6896611876527741,"posz":0.29638615928762846,"roty":326.15901532526243,"rotx":-28.603142262295044}},"cameras":{}}