# This file was generated by Animated Java via MC-Build. It is not recommended to edit this file directly.
$data merge entity $(bone_neck) { transformation: [-1.0489695833333332f,1.3962938706879634e-17f,1.277006301603281e-16f,-3.508308851328384e-17f,0f,1.042754778351099f,-0.11401604704802377f,4.5631830887617335f,-1.2846172426320994e-16f,-0.11401604704802377f,-1.042754778351099f,0.2864751578798887f,0f,0f,0f,1f], start_interpolation: 0, interpolation_duration: 1 }
$data merge entity $(bone_right_thumb_2) { transformation: [-0.9306024603971396f,-0.14526247852090515f,-0.33597302426944015f,-3.1405490577304036f,0.277851636956822f,0.3171789499822291f,-0.9067502310606737f,-0.4637634687109029f,0.23828035702341185f,-0.9371746507573357f,-0.25480609379420494f,1.9108773544534587f,0f,0f,0f,1f], start_interpolation: 0, interpolation_duration: 1 }
$data merge entity $(bone_right_thumb) { transformation: [-0.9306024603971396f,-0.14526247852090515f,-0.33597302426944015f,-3.319520281716936f,0.277851636956822f,0.3171789499822291f,-0.9067502310606737f,-0.3318465601127348f,0.23828035702341185f,-0.9371746507573357f,-0.25480609379420494f,1.6774206773133735f,0f,0f,0f,1f], start_interpolation: 0, interpolation_duration: 1 }
$data merge entity $(bone_right_fingers2) { transformation: [0.7746898784102543f,-0.5160840718816071f,-0.36539406541267966f,-3.2668127977969093f,-0.5764390555358314f,-0.33882074206135615f,-0.7435849110908254f,-0.9552109777586847f,0.259949240317536f,0.7866751143255339f,-0.5599720144429039f,2.169229403717711f,0f,0f,0f,1f], start_interpolation: 0, interpolation_duration: 1 }
$data merge entity $(bone_right_fingers) { transformation: [-0.2592443881094313f,-0.8940243420595217f,-0.36539406541267966f,-3.679683404071691f,-0.4964776520293984f,0.4478743362076297f,-0.7435849110908254f,-0.7267259555588443f,0.8284336354042742f,-0.011360227621583223f,-0.5599720144429039f,2.1207224339025563f,0f,0f,0f,1f], start_interpolation: 0, interpolation_duration: 1 }
$data merge entity $(bone_right_hand) { transformation: [-0.9132169467234965f,0.1803385293779699f,-0.36539406541267966f,-3.620295840035124f,0.4028991606211648f,0.5336232251025158f,-0.7435849110908254f,-0.34705255583188155f,0.06088575028506581f,-0.8262713043867497f,-0.5599720144429039f,1.525568986869387f,0f,0f,0f,1f], start_interpolation: 0, interpolation_duration: 1 }
$data merge entity $(bone_right_forearm) { transformation: [-1.3746921053971586f,0.2714688481464316f,-0.5500383439926144f,-3.187479845095285f,0.6064958577085574f,0.8032786047575491f,-1.1193400545582595f,0.7980835092645329f,0.09165309573849285f,-1.2438102940730853f,-0.842942205857991f,-0.26776044606195903f,0f,0f,0f,1f], start_interpolation: 0, interpolation_duration: 1 }
$data merge entity $(bone_right_bicep) { transformation: [-1.4418721490687505f,0.6433574798643987f,-0.0001299493639177938f,-2.1566725871144286f,0.6361347987103529f,1.425732502605119f,0.23563426518553587f,2.8398393115865663f,0.0961321052200885f,0.21513284770652405f,-1.5612112714902107f,-0.02004923655656539f,0f,0f,0f,1f], start_interpolation: 0, interpolation_duration: 1 }
$data merge entity $(bone_right_shoulder) { transformation: [-0.9701001916250125f,0.24270478247276558f,-0.00008230408044313345f,-1.795433125f,0.2399748119861961f,0.9592390054850181f,0.14924014194680824f,2.9874541700785384f,0.03630024547167638f,0.1447581393945127f,-0.9888009775772549f,0.06540813339880444f,0f,0f,0f,1f], start_interpolation: 0, interpolation_duration: 1 }
$data merge entity $(bone_right_arm) { transformation: [-1.46271875f,3.8764735940002664e-18f,1.7908943440557504e-16f,-1.4259925f,0f,1.4623762094529142f,-0.031653809054979914f,3.040617657967855f,-1.7913138352403177e-16f,-0.031653809054979914f,-1.4623762094529142f,0.05609859949757634f,0f,0f,0f,1f], start_interpolation: 0, interpolation_duration: 1 }
$data merge entity $(bone_left_thumb_2) { transformation: [-0.9306024603971395f,0.14526247852090537f,0.3359730242694402f,3.1885301635732834f,-0.277851636956822f,0.3171789499822291f,-0.9067502310606737f,-0.5137806720416075f,-0.2382803570234121f,-0.9371746507573357f,-0.2548060937942049f,1.8849147228762113f,0f,0f,0f,1f], start_interpolation: 0, interpolation_duration: 1 }
$data merge entity $(bone_left_thumb) { transformation: [-0.9306024603971395f,0.14526247852090537f,0.3359730242694402f,3.3675013875598157f,-0.277851636956822f,0.3171789499822291f,-0.9067502310606737f,-0.3818637634434395f,-0.2382803570234121f,-0.9371746507573357f,-0.2548060937942049f,1.651458045736126f,0f,0f,0f,1f], start_interpolation: 0, interpolation_duration: 1 }
$data merge entity $(bone_left_fingers2) { transformation: [0.7746898784102543f,0.5160840718816069f,0.3653940654126798f,3.3147939036397887f,0.5764390555358314f,-0.33882074206135615f,-0.7435849110908254f,-1.005228181089389f,-0.2599492403175358f,0.7866751143255342f,-0.5599720144429039f,2.1432667721404632f,0f,0f,0f,1f], start_interpolation: 0, interpolation_duration: 1 }
$data merge entity $(bone_left_fingers) { transformation: [-0.25924438810943107f,0.8940243420595217f,0.3653940654126798f,3.7276645099145704f,0.4964776520293984f,0.4478743362076297f,-0.7435849110908254f,-0.7767431588895487f,-0.8284336354042743f,-0.011360227621583008f,-0.5599720144429039f,2.0947598023253087f,0f,0f,0f,1f], start_interpolation: 0, interpolation_duration: 1 }
$data merge entity $(bone_left_hand) { transformation: [-0.9132169467234965f,-0.1803385293779697f,0.3653940654126798f,3.668276945878004f,-0.4028991606211648f,0.5336232251025158f,-0.7435849110908254f,-0.397069759162586f,-0.060885750285066036f,-0.8262713043867498f,-0.5599720144429039f,1.4996063552921393f,0f,0f,0f,1f], start_interpolation: 0, interpolation_duration: 1 }
$data merge entity $(bone_left_forearm) { transformation: [-1.374692105397159f,-0.2714688481464314f,0.550038343992615f,3.235460950938165f,-0.6064958577085576f,0.8032786047575494f,-1.11934005455826f,0.7480663059338282f,-0.09165309573849324f,-1.243810294073086f,-0.8429422058579914f,-0.293723077639207f,0f,0f,0f,1f], start_interpolation: 0, interpolation_duration: 1 }
$data merge entity $(bone_left_bicep) { transformation: [-1.4418721490687505f,-0.6433574798643988f,0.00012994936391817616f,2.0960361811328374f,-0.6361347987103529f,1.425732502605119f,0.23563426518553587f,2.815513376965754f,-0.09613210522008886f,0.21513284770652386f,-1.5612112714902107f,0.0394820592000338f,0f,0f,0f,1f], start_interpolation: 0, interpolation_duration: 1 }
$data merge entity $(bone_left_shoulder) { transformation: [-0.9701001916250125f,-0.24270478247276564f,0.00008230408044337564f,1.795433125f,-0.2399748119861961f,0.9592390054850181f,0.14924014194680824f,2.9874541700785384f,-0.03630024547167662f,0.14475813939451265f,-0.9888009775772549f,0.0654081333988049f,0f,0f,0f,1f], start_interpolation: 0, interpolation_duration: 1 }
$data merge entity $(bone_left_arm) { transformation: [-1.46271875f,3.8764735940002664e-18f,1.7908943440557504e-16f,1.4259925f,0f,1.4623762094529142f,-0.031653809054979914f,2.9781322942635837f,-1.7913138352403177e-16f,-0.031653809054979914f,-1.4623762094529142f,0.057451124079582805f,0f,0f,0f,1f], start_interpolation: 0, interpolation_duration: 1 }
$data merge entity $(bone_chest) { transformation: [-2.06546125f,5.4738520272990156e-18f,2.5288681576627906e-16f,-3.882735168623165e-17f,0f,2.064977558773262f,-0.044697393820896957f,3.8112689573278997f,-2.529460508575391e-16f,-0.044697393820896957f,-2.064977558773262f,0.31704938691927137f,0f,0f,0f,1f], start_interpolation: 0, interpolation_duration: 1 }
$data merge entity $(bone_weist) { transformation: [-2.0892733333333333f,4.987243796619457e-17f,2.5095457798908644e-16f,-4.302244584214631e-17f,0f,2.0491996399599524f,-0.4072393607766558f,0.16626685131034358f,-2.5586219002105877e-16f,-0.4072393607766558f,-2.0491996399599524f,0.35130493030398807f,0f,0f,0f,1f], start_interpolation: 0, interpolation_duration: 1 }
$data merge entity $(bone_right_foot) { transformation: [-1.1199482721928133f,-0.014337743711537078f,0.16968043233559602f,-1.4992631886249466f,-0.008991312317037503f,1.1322017931352932f,0.036323660664149805f,-7.876907383125221f,-0.17004757074168975f,0.03456415956578559f,-1.1194508899270037f,1.5043821525488632f,0f,0f,0f,1f], start_interpolation: 0, interpolation_duration: 1 }
$data merge entity $(bone_right_knee) { transformation: [-3.0818822411395757f,0.16908595614328312f,0.4582304129598948f,-1.3340370571418538f,0.24367187042331517f,3.069346194820174f,0.5062620626563812f,-3.9803145139053475f,-0.42330744322618175f,0.5358051847041068f,-3.0447145896998755f,2.2920561617902555f,0f,0f,0f,1f], start_interpolation: 0, interpolation_duration: 1 }
$data merge entity $(bone_right_thigh) { transformation: [-2.3533548621167193f,0.34520935521116025f,0.1412011404725099f,-0.7753200000000001f,0.18607017924531175f,1.8684578316970997f,-1.4668434093691918f,-1.567615772123549f,-0.3232416269474896f,-1.4377350939199167f,-1.8723832455893936f,0.19691875738586462f,0f,0f,0f,1f], start_interpolation: 0, interpolation_duration: 1 }
$data merge entity $(bone_right_leg) { transformation: [-1.1368933333333335f,2.713845112376241e-17f,1.365587652574288e-16f,-0.7484450000000001f,0f,1.115086940597945f,-0.22160227048857892f,-1.6757174549280422f,-1.3922927816386319e-16f,-0.22160227048857892f,-1.115086940597945f,0.2461534375660816f,0f,0f,0f,1f], start_interpolation: 0, interpolation_duration: 1 }
$data merge entity $(bone_left_foot) { transformation: [-1.1257726187101058f,-0.021429790873312912f,-0.12432991363994858f,1.1387895881657233f,-0.020661005954938638f,1.1326023322495185f,-0.0081383177550296f,-7.857428907813673f,0.12445997828828748f,-0.005820089868542767f,-1.1259471536259602f,-0.44295105460634576f,0f,0f,0f,1f], start_interpolation: 0, interpolation_duration: 1 }
$data merge entity $(bone_left_knee) { transformation: [-3.0987086337679526f,-0.008768740878439981f,-0.36673046283766814f,1.174796676782442f,-0.18976874405082417f,2.707935380370416f,1.5387128126123073f,-4.459168255502718f,0.3139362148129717f,1.5503458985333922f,-2.6896904967128408f,1.6262744131324707f,0f,0f,0f,1f], start_interpolation: 0, interpolation_duration: 1 }
$data merge entity $(bone_left_thigh) { transformation: [-2.366203657043171f,-0.22624600046018867f,-0.16516467151220846f,0.7753199999999999f,-0.1449092345347547f,2.19097123466872f,-0.9252203686934383f,-1.5627975194631942f,0.2397247070840193f,-0.9087596845010447f,-2.1895374554191775f,0.22116386374789582f,0f,0f,0f,1f], start_interpolation: 0, interpolation_duration: 1 }
$data merge entity $(bone_left_leg) { transformation: [-1.1368933333333335f,2.713845112376241e-17f,1.365587652574288e-16f,0.7484449999999999f,0f,1.115086940597945f,-0.22160227048857892f,-1.6757174549280422f,-1.3922927816386319e-16f,-0.22160227048857892f,-1.115086940597945f,0.24615343756608177f,0f,0f,0f,1f], start_interpolation: 0, interpolation_duration: 1 }
data modify entity @s data merge value {"locators":{"consume":{"posx":-3.512688046238918,"posy":-0.8253102215425545,"posz":2.1315830837136716,"roty":326.87466731375525,"rotx":-48.0376970739629}},"cameras":{}}