# This file was generated by Animated Java via MC-Build. It is not recommended to edit this file directly.
$data merge entity $(bone_neck) {transformation: [-0.7071f,-0.7064f,-0.0308f,0.0514f,-0.7071f,0.7064f,0.0308f,1.5111f,0f,0.0436f,-0.999f,-1.457f,0f,0f,0f,1f],start_interpolation: 0,interpolation_duration: 1}
$data merge entity $(bone_left_fingers_2) {transformation: [-0.6919f,-0.6795f,-0.244f,1.8497f,-0.6955f,0.718f,-0.0274f,3.791f,0.1938f,0.1507f,-0.9694f,3.3456f,0f,0f,0f,1f],start_interpolation: 0,interpolation_duration: 1}
$data merge entity $(bone_left_fingers) {transformation: [-0.6919f,-0.7042f,0.1593f,1.9469f,-0.6955f,0.5909f,-0.4089f,3.5683f,0.1938f,-0.3938f,-0.8986f,2.8228f,0f,0f,0f,1f],start_interpolation: 0,interpolation_duration: 1}
$data merge entity $(bone_left_index_finger_2) {transformation: [-0.5578f,-0.8228f,0.1094f,1.3502f,-0.7739f,0.5631f,0.2897f,3.2452f,-0.2999f,0.0769f,-0.9509f,3.2669f,0f,0f,0f,1f],start_interpolation: 0,interpolation_duration: 1}
$data merge entity $(bone_left_index_finger) {transformation: [-0.5578f,-0.6352f,0.5343f,1.6545f,-0.7739f,0.6306f,-0.0583f,3.2153f,-0.2999f,-0.446f,-0.8433f,2.7783f,0f,0f,0f,1f],start_interpolation: 0,interpolation_duration: 1}
$data merge entity $(bone_left_thumb) {transformation: [-0.8586f,0.0946f,0.5038f,2.0105f,0.3886f,0.7611f,0.5194f,2.9034f,-0.3343f,0.6417f,-0.6902f,2.1371f,0f,0f,0f,1f],start_interpolation: 0,interpolation_duration: 1}
$data merge entity $(bone_left_hand) {transformation: [-0.6349f,-0.6902f,0.347f,2.2015f,-0.7665f,0.6189f,-0.1714f,3.2839f,-0.0965f,-0.3748f,-0.9221f,2.1957f,0f,0f,0f,1f],start_interpolation: 0,interpolation_duration: 1}
$data merge entity $(bone_left_forearm) {transformation: [-1.0121f,-1.5532f,0.7541f,2.2574f,-1.7038f,1.0399f,-0.1448f,3.5953f,-0.2794f,-0.7152f,-1.8482f,-0.019f,0f,0f,0f,1f],start_interpolation: 0,interpolation_duration: 1}
$data merge entity $(bone_left_bicep) {transformation: [-0.1817f,-0.7854f,1.0073f,1.087f,-1.2752f,0.1705f,-0.0971f,2.935f,-0.074f,-1.0092f,-0.8003f,-1.2483f,0f,0f,0f,1f],start_interpolation: 0,interpolation_duration: 1}
$data merge entity $(bone_left_shoulder) {transformation: [-0.1736f,-0.7505f,0.9625f,0.9385f,-1.2184f,0.1629f,-0.0928f,2.5524f,-0.0707f,-0.9643f,-0.7647f,-1.3473f,0f,0f,0f,1f],start_interpolation: 0,interpolation_duration: 1}
$data merge entity $(bone_right_fingers_2) {transformation: [-0.6636f,-0.5734f,-0.4804f,-0.8069f,-0.7014f,0.2536f,0.6662f,-2.3658f,-0.2601f,0.779f,-0.5705f,0.3663f,0f,0f,0f,1f],start_interpolation: 0,interpolation_duration: 1}
$data merge entity $(bone_right_fingers) {transformation: [-0.6636f,-0.7417f,-0.0971f,-0.8763f,-0.7014f,0.5718f,0.4256f,-2.1269f,-0.2601f,0.3505f,-0.8997f,-0.1538f,0f,0f,0f,1f],start_interpolation: 0,interpolation_duration: 1}
$data merge entity $(bone_right_index_finger_2) {transformation: [-0.6406f,-0.394f,-0.6591f,-0.3642f,-0.7238f,0.5965f,0.3468f,-1.7744f,0.2565f,0.6992f,-0.6673f,0.3666f,0f,0f,0f,1f],start_interpolation: 0,interpolation_duration: 1}
$data merge entity $(bone_right_index_finger) {transformation: [-0.6406f,-0.6865f,-0.3441f,-0.5665f,-0.7238f,0.6895f,-0.028f,-1.7865f,0.2565f,0.2311f,-0.9385f,-0.1729f,0f,0f,0f,1f],start_interpolation: 0,interpolation_duration: 1}
$data merge entity $(bone_right_thumb) {transformation: [0.5206f,-0.7088f,-0.4761f,-0.3316f,-0.8535f,-0.4469f,-0.268f,-1.9421f,-0.0228f,0.5458f,-0.8376f,-0.9375f,0f,0f,0f,1f],start_interpolation: 0,interpolation_duration: 1}
$data merge entity $(bone_right_hand) {transformation: [-0.6726f,-0.74f,-0.0112f,-0.7193f,-0.7389f,0.6723f,-0.0462f,-2.152f,0.0417f,-0.0228f,-0.9989f,-0.8705f,0f,0f,0f,1f],start_interpolation: 0,interpolation_duration: 1}
$data merge entity $(bone_right_forearm) {transformation: [-1.346f,-1.4232f,-0.4101f,-1.7744f,-1.4787f,1.3225f,0.2638f,-1.2696f,0.0834f,0.4804f,-1.941f,-2.6349f,0f,0f,0f,1f],start_interpolation: 0,interpolation_duration: 1}
$data merge entity $(bone_right_bicep) {transformation: [-1.2813f,-0.0883f,-0.1225f,-1.1427f,-0.1321f,1.1625f,0.5437f,0.2341f,0.0732f,0.5525f,-1.1636f,-1.9921f,0f,0f,0f,1f],start_interpolation: 0,interpolation_duration: 1}
$data merge entity $(bone_right_shoulder) {transformation: [-1.2243f,-0.0844f,-0.117f,-0.7463f,-0.1262f,1.1108f,0.5195f,0.3704f,0.0699f,0.5279f,-1.1118f,-1.9417f,0f,0f,0f,1f],start_interpolation: 0,interpolation_duration: 1}
$data merge entity $(bone_chest) {transformation: [-1.947f,-3.5361f,-0.4994f,0.135f,-3.5655f,1.8926f,0.4994f,1.4275f,-0.2018f,0.6769f,-4.0057f,-1.4215f,0f,0f,0f,1f],start_interpolation: 0,interpolation_duration: 1}
$data merge entity $(bone_weist) {transformation: [-0.7632f,-0.7893f,0.0676f,-0.3007f,-0.7922f,0.7602f,-0.0676f,1.8632f,0.0018f,-0.0956f,-1.0958f,-3.8651f,0f,0f,0f,1f],start_interpolation: 0,interpolation_duration: 1}
$data merge entity $(bone_right_fingers2) {transformation: [-0.7024f,-0.7118f,0.0017f,1.4683f,-0.7118f,0.7023f,-0.004f,1.1019f,0.0017f,-0.004f,-1f,-9.4393f,0f,0f,0f,1f],start_interpolation: 0,interpolation_duration: 1}
$data merge entity $(bone_left_foot) {transformation: [-0.708f,-0.5975f,-0.3765f,0.9643f,-0.7062f,0.6043f,0.369f,1.6209f,0.0071f,0.5271f,-0.8498f,-8.7549f,0f,0f,0f,1f],start_interpolation: 0,interpolation_duration: 1}
$data merge entity $(bone_left_knee) {transformation: [-1.1222f,-1.0914f,0.2484f,1.0646f,-1.1193f,1.0906f,-0.2646f,1.5639f,0.0112f,-0.3627f,-1.5429f,-6.6803f,0f,0f,0f,1f],start_interpolation: 0,interpolation_duration: 1}
$data merge entity $(bone_left_thigh) {transformation: [-1.1354f,0.2296f,-1.109f,0.6076f,-1.1324f,-0.2144f,1.115f,1.9994f,0.0114f,1.5726f,0.3139f,-4.6704f,0f,0f,0f,1f],start_interpolation: 0,interpolation_duration: 1}
$data merge entity $(bone_left_leg) {transformation: [-0.7071f,-0.7044f,0.0616f,0.2837f,-0.7071f,0.7044f,-0.0616f,2.0223f,0f,-0.0872f,-0.9962f,-4.9893f,0f,0f,0f,1f],start_interpolation: 0,interpolation_duration: 1}
$data merge entity $(bone_left_fingers2) {transformation: [-0.5734f,-0.7463f,-0.3381f,0.785f,-0.8193f,0.5216f,0.2381f,0.149f,-0.0013f,0.4135f,-0.9105f,-5.5705f,0f,0f,0f,1f],start_interpolation: 0,interpolation_duration: 1}
$data merge entity $(bone_right_foot) {transformation: [-0.5734f,-0.6872f,-0.446f,0.2012f,-0.8193f,0.4801f,0.3135f,0.5506f,-0.0013f,0.5452f,-0.8383f,-4.8707f,0f,0f,0f,1f],start_interpolation: 0,interpolation_duration: 1}
$data merge entity $(bone_right_knee) {transformation: [-0.9088f,-1.2195f,0.4461f,0.0543f,-1.2986f,0.8544f,-0.3098f,0.6304f,-0.0021f,-0.5431f,-1.4891f,-2.8042f,0f,0f,0f,1f],start_interpolation: 0,interpolation_duration: 1}
$data merge entity $(bone_right_thigh) {transformation: [-0.9195f,-1.0224f,0.8252f,-0.4548f,-1.3139f,0.7172f,-0.5755f,1.0267f,-0.0022f,-1.006f,-1.2489f,-4.6057f,0f,0f,0f,1f],start_interpolation: 0,interpolation_duration: 1}
$data merge entity $(bone_right_leg) {transformation: [-0.5736f,-0.816f,0.0714f,-0.4972f,-0.8192f,0.5714f,-0.05f,1.3162f,0f,-0.0872f,-0.9962f,-4.9364f,0f,0f,0f,1f],start_interpolation: 0,interpolation_duration: 1}