# This file was generated by Animated Java via MC-Build. It is not recommended to edit this file directly.
$data merge entity $(bone_neck) {transformation: [-0.7071f,-0.7064f,-0.0308f,0.0254f,-0.7071f,0.7064f,0.0308f,1.5371f,0f,0.0436f,-0.999f,-1.457f,0f,0f,0f,1f],start_interpolation: 0,interpolation_duration: 1}
$data merge entity $(bone_left_fingers_2) {transformation: [-0.5383f,-0.5108f,-0.6704f,2.9867f,-0.8241f,0.4855f,0.2919f,3.2136f,0.1764f,0.7095f,-0.6822f,2.1079f,0f,0f,0f,1f],start_interpolation: 0,interpolation_duration: 1}
$data merge entity $(bone_left_fingers) {transformation: [-0.5383f,-0.7909f,-0.2909f,2.8218f,-0.8241f,0.5663f,-0.0147f,3.2197f,0.1764f,0.2318f,-0.9566f,1.5555f,0f,0f,0f,1f],start_interpolation: 0,interpolation_duration: 1}
$data merge entity $(bone_left_index_finger_2) {transformation: [-0.4853f,-0.7792f,-0.3968f,2.5367f,-0.8063f,0.2232f,0.5478f,2.6321f,-0.3382f,0.5857f,-0.7365f,2.0358f,0f,0f,0f,1f],start_interpolation: 0,interpolation_duration: 1}
$data merge entity $(bone_left_index_finger) {transformation: [-0.4853f,-0.8703f,0.084f,2.5801f,-0.8063f,0.4826f,0.3421f,2.832f,-0.3382f,0.0983f,-0.9359f,1.497f,0f,0f,0f,1f],start_interpolation: 0,interpolation_duration: 1}
$data merge entity $(bone_left_thumb) {transformation: [-0.9516f,0.1586f,0.2632f,2.9079f,0.2802f,0.7992f,0.5317f,2.6478f,-0.126f,0.5797f,-0.805f,0.7741f,0f,0f,0f,1f],start_interpolation: 0,interpolation_duration: 1}
$data merge entity $(bone_left_hand) {transformation: [-0.5248f,-0.8282f,0.1965f,2.9978f,-0.8417f,0.5394f,0.0255f,3.0766f,-0.1271f,-0.152f,-0.9802f,0.8573f,0f,0f,0f,1f],start_interpolation: 0,interpolation_duration: 1}
$data merge entity $(bone_left_forearm) {transformation: [-1.1171f,-1.6058f,0.4227f,2.6905f,-1.6408f,1.1458f,0.0167f,3.6016f,-0.2554f,-0.3372f,-1.9561f,-1.2956f,0f,0f,0f,1f],start_interpolation: 0,interpolation_duration: 1}
$data merge entity $(bone_left_bicep) {transformation: [-0.1297f,-1.2701f,0.1855f,1.0438f,-1.2526f,0.166f,0.2609f,3.0335f,-0.2807f,-0.1539f,-1.2498f,-1.6224f,0f,0f,0f,1f],start_interpolation: 0,interpolation_duration: 1}
$data merge entity $(bone_left_shoulder) {transformation: [-0.124f,-1.2137f,0.1773f,0.884f,-1.1968f,0.1586f,0.2493f,2.6505f,-0.2682f,-0.147f,-1.1942f,-1.6996f,0f,0f,0f,1f],start_interpolation: 0,interpolation_duration: 1}
$data merge entity $(bone_right_fingers_2) {transformation: [0.0271f,-0.6914f,0.722f,-3.962f,-0.9963f,-0.0777f,-0.037f,-0.3308f,0.0817f,-0.7183f,-0.6909f,0.9642f,0f,0f,0f,1f],start_interpolation: 0,interpolation_duration: 1}
$data merge entity $(bone_right_fingers) {transformation: [0.0271f,-0.1952f,0.9804f,-3.3977f,-0.9963f,-0.0854f,0.0106f,-0.3389f,0.0817f,-0.977f,-0.1968f,0.8462f,0f,0f,0f,1f],start_interpolation: 0,interpolation_duration: 1}
$data merge entity $(bone_right_index_finger_2) {transformation: [-0.3528f,-0.688f,0.6341f,-3.8253f,-0.8461f,-0.0548f,-0.5302f,0.3368f,0.3996f,-0.7236f,-0.5628f,0.774f,0f,0f,0f,1f],start_interpolation: 0,interpolation_duration: 1}
$data merge entity $(bone_right_index_finger) {transformation: [-0.3528f,-0.2396f,0.9045f,-3.3054f,-0.8461f,-0.3311f,-0.4177f,0.0941f,0.3996f,-0.9127f,-0.0859f,0.7193f,0f,0f,0f,1f],start_interpolation: 0,interpolation_duration: 1}
$data merge entity $(bone_right_thumb) {transformation: [0.5571f,-0.8219f,0.119f,-2.6111f,-0.1784f,-0.2584f,-0.9494f,-0.0695f,0.811f,0.5077f,-0.2906f,0.3946f,0f,0f,0f,1f],start_interpolation: 0,interpolation_duration: 1}
$data merge entity $(bone_right_hand) {transformation: [-0.2005f,-0.5939f,0.7791f,-2.7476f,-0.9401f,-0.1071f,-0.3235f,-0.448f,0.2756f,-0.7974f,-0.5369f,0.523f,0f,0f,0f,1f],start_interpolation: 0,interpolation_duration: 1}
$data merge entity $(bone_right_forearm) {transformation: [-1.1836f,-0.491f,1.5373f,-1.3916f,-1.6138f,0.3434f,-1.1328f,-1.4358f,0.0142f,-1.9095f,-0.599f,-0.9569f,0f,0f,0f,1f],start_interpolation: 0,interpolation_duration: 1}
$data merge entity $(bone_right_bicep) {transformation: [-1.198f,-0.4784f,-0.0216f,-1.2126f,-0.4401f,1.1228f,-0.4584f,0.2481f,0.1888f,-0.4183f,-1.2058f,-1.5363f,0f,0f,0f,1f],start_interpolation: 0,interpolation_duration: 1}
$data merge entity $(bone_right_shoulder) {transformation: [-1.1447f,-0.4572f,-0.0206f,-0.8799f,-0.4206f,1.0728f,-0.4381f,0.4974f,0.1804f,-0.3997f,-1.1521f,-1.6095f,0f,0f,0f,1f],start_interpolation: 0,interpolation_duration: 1}
$data merge entity $(bone_chest) {transformation: [-3.0456f,-2.6494f,-0.4994f,0.135f,-2.6957f,3.0047f,0.4994f,1.4275f,0.0436f,0.705f,-4.0057f,-1.4215f,0f,0f,0f,1f],start_interpolation: 0,interpolation_duration: 1}
$data merge entity $(bone_weist) {transformation: [-0.8424f,-0.7042f,0.0669f,-0.3007f,-0.7073f,0.8398f,-0.0668f,1.8632f,-0.0083f,-0.0942f,-1.0959f,-3.8651f,0f,0f,0f,1f],start_interpolation: 0,interpolation_duration: 1}
$data merge entity $(bone_right_fingers2) {transformation: [-0.7076f,-0.0271f,-0.7061f,1.3124f,-0.7066f,0.0329f,0.7069f,1.2976f,0.0041f,0.9991f,-0.0425f,-6.2268f,0f,0f,0f,1f],start_interpolation: 0,interpolation_duration: 1}
$data merge entity $(bone_left_foot) {transformation: [-0.7076f,-0.4245f,-0.5649f,1.0149f,-0.7066f,0.4297f,0.5622f,1.6076f,0.0041f,0.797f,-0.604f,-5.3283f,0f,0f,0f,1f],start_interpolation: 0,interpolation_duration: 1}
$data merge entity $(bone_left_knee) {transformation: [-1.1216f,-1.1185f,-0.0564f,1.5087f,-1.1199f,1.1206f,0.0473f,1.1472f,0.0065f,0.0733f,-1.5833f,-3.3633f,0f,0f,0f,1f],start_interpolation: 0,interpolation_duration: 1}
$data merge entity $(bone_left_thigh) {transformation: [-1.1348f,-1.1143f,0.2056f,0.5865f,-1.1331f,1.1143f,-0.215f,2.0205f,0.0066f,-0.2974f,-1.5758f,-4.6329f,0f,0f,0f,1f],start_interpolation: 0,interpolation_duration: 1}
$data merge entity $(bone_left_leg) {transformation: [-0.7071f,-0.7044f,0.0616f,0.2576f,-0.7071f,0.7044f,-0.0616f,2.0484f,0f,-0.0872f,-0.9962f,-4.9525f,0f,0f,0f,1f],start_interpolation: 0,interpolation_duration: 1}
$data merge entity $(bone_left_fingers2) {transformation: [-0.5529f,-0.8277f,-0.0962f,0.6677f,-0.832f,0.5418f,0.1197f,0.2454f,-0.047f,0.1462f,-0.9881f,-8.5879f,0f,0f,0f,1f],start_interpolation: 0,interpolation_duration: 1}
$data merge entity $(bone_right_foot) {transformation: [-0.5729f,-0.4285f,-0.6987f,0.3869f,-0.8196f,0.2946f,0.4913f,0.4305f,-0.0047f,0.8541f,-0.52f,-7.6505f,0f,0f,0f,1f],start_interpolation: 0,interpolation_duration: 1}
$data merge entity $(bone_right_knee) {transformation: [-0.908f,-1.2971f,-0.074f,0.9228f,-1.2991f,0.906f,0.0608f,0.0251f,-0.0074f,0.0955f,-1.5821f,-5.6892f,0f,0f,0f,1f],start_interpolation: 0,interpolation_duration: 1}
$data merge entity $(bone_right_thigh) {transformation: [-0.9187f,-0.6892f,-1.1193f,-0.5404f,-1.3144f,0.4739f,0.7871f,1.0788f,-0.0075f,1.3683f,-0.8363f,-4.6545f,0f,0f,0f,1f],start_interpolation: 0,interpolation_duration: 1}
$data merge entity $(bone_right_leg) {transformation: [-0.5736f,-0.816f,0.0714f,-0.4712f,-0.8192f,0.5714f,-0.05f,1.2901f,0f,-0.0872f,-0.9962f,-4.9733f,0f,0f,0f,1f],start_interpolation: 0,interpolation_duration: 1}