execute if entity @s[tag=aj.beast.bone.right_thumb] run data modify entity @s {} merge value {transformation:[-0.8544040918012057f,0.33842896185811794f,0.50789712116628f,-8.165941102535681f,0.06036270037208117f,0.9163606309493527f,-0.5090575001410902f,-6.224538458843962f,-0.6073302168648856f,-0.3850312088931784f,-0.765115008257654f,-1.1206584096582888f,0f,0f,0f,1f],start_interpolation:0}
execute if entity @s[tag=aj.beast.bone.right_fingers_2] run data modify entity @s {} merge value {transformation:[-0.7825302845163717f,0.39200701020125983f,0.4837115439678854f,-8.870051803725369f,0.13333246998882983f,0.8643929962919696f,-0.4848166668010379f,-8.157692626796218f,-0.6081684028798309f,-0.3148892692907467f,-0.7286809602453843f,-0.7650310502785316f,0f,0f,0f,1f],start_interpolation:0}
execute if entity @s[tag=aj.beast.bone.right_fingers] run data modify entity @s {} merge value {transformation:[-0.7246684470880053f,0.49079403422134554f,0.4837115439678854f,-8.775102108200878f,0.2450177186123751f,0.8395946147742481f,-0.4848166668010379f,-7.33102348727664f,-0.6440667351766012f,-0.2328134420836102f,-0.7286809602453843f,-1.25227921829457f,0f,0f,0f,1f],start_interpolation:0}
execute if entity @s[tag=aj.beast.locator_origin.consume] at @s on origin run tp @s ^-8.8139 ^-7.31233 ^0.02654 ~33.57692 ~-29.00046
execute if entity @s[tag=aj.beast.bone.right_hand] run data modify entity @s {} merge value {transformation:[-0.7376991176146845f,0.5480333257946284f,0.5078971211662797f,-8.095480971971558f,0.29547747470579666f,0.8695133831584132f,-0.5090575001410899f,-6.030537883996036f,-0.6862893513759349f,-0.21472296180634548f,-0.7651150082576536f,-1.5803552479002314f,0f,0f,0f,1f],start_interpolation:0}
execute if entity @s[tag=aj.beast.bone.right_forearm] run data modify entity @s {} merge value {transformation:[-3.7954018818150472f,1.1920229113324032f,-1.5651296861197852f,-6.14196228456393f,1.3777602608102872f,4.038181393435339f,-0.2655046090835044f,0.030933292887687536f,1.4043953215696645f,-0.7401333748529639f,-3.9693200133249515f,-2.0762247844287653f,0f,0f,0f,1f],start_interpolation:0}
execute if entity @s[tag=aj.beast.bone.right_bicep] run data modify entity @s {} merge value {transformation:[-3.19612790047583f,0.8242622131254137f,-1.4371354312706799f,-4.287792806594472f,1.160219166998137f,3.3427948926204722f,-0.6630337777222493f,4.122680665807531f,1.182648691848139f,-1.051814674685652f,-3.233423566714668f,-2.4492526589513175f,0f,0f,0f,1f],start_interpolation:0}
execute if entity @s[tag=aj.beast.bone.right_arm] run data modify entity @s {} merge value {transformation:[-1.1924537555696573f,0.014457734393930584f,0.13358523400441838f,-4.024928238418382f,0.03921154791218687f,1.1785453047862406f,0.2224711645958594f,5.441229653268631f,-0.12851651776386933f,0.22543721627651064f,-1.1716064041218566f,-2.1516371778121677f,0f,0f,0f,1f],start_interpolation:0}
execute if entity @s[tag=aj.beast.bone.left_thumb] run data modify entity @s {} merge value {transformation:[-1.0408377223915604f,-0.1313884060581494f,0.04351921874585431f,3.897115324580417f,-0.12252979846040003f,1.0282368528446946f,0.17382584083298258f,-7.26311195969027f,-0.06436834731453356f,0.16723056301268177f,-1.0345968561031194f,-2.5258820483381075f,0f,0f,0f,1f],start_interpolation:0}
execute if entity @s[tag=aj.beast.bone.left_fingers_2] run data modify entity @s {} merge value {transformation:[-0.991274021325295f,-0.12513181529347553f,0.041446874996051694f,3.9262628383378635f,-0.11669504615276186f,0.9792731931854228f,0.16554841984093568f,-9.254516375944064f,-0.06130318791860334f,0.15926720286922064f,-0.9853303391458273f,-3.201762770323432f,0f,0f,0f,1f],start_interpolation:0}
execute if entity @s[tag=aj.beast.bone.left_fingers] run data modify entity @s {} merge value {transformation:[-0.991274021325295f,-0.12513181529347553f,0.041446874996051694f,4.2630515409844145f,-0.11669504615276186f,0.9792731931854228f,0.16554841984093568f,-8.365853304566999f,-0.06130318791860334f,0.15926720286922064f,-0.9853303391458273f,-3.0384856944996965f,0f,0f,0f,1f],start_interpolation:0}
execute if entity @s[tag=aj.beast.bone.left_hand] run data modify entity @s {} merge value {transformation:[-1.0408377223915597f,-0.1313884060581493f,0.04351921874585428f,4.174930904054242f,-0.12252979846039995f,1.028236852844694f,0.17382584083298247f,-6.89653404693134f,-0.06436834731453352f,0.1672305630126817f,-1.0345968561031187f,-2.7317003512390086f,0f,0f,0f,1f],start_interpolation:0}
execute if entity @s[tag=aj.beast.bone.left_forearm] run data modify entity @s {} merge value {transformation:[-4.244918651435854f,0.3412278705374919f,-0.3739708318311213f,4.793357901443855f,0.28759730899311986f,4.224317721768097f,0.5899598066105127f,-0.7065387153676621f,0.41662744814993613f,0.5606499138717912f,-4.217548843051332f,-1.280817677960577f,0f,0f,0f,1f],start_interpolation:0}
execute if entity @s[tag=aj.beast.bone.left_bicep] run data modify entity @s {} merge value {transformation:[-3.574668338051246f,0.12225332663505412f,-0.40841204323649727f,4.625125162893831f,0.24218720757315362f,3.420591766116017f,-1.0958546099128452f,3.7934594170158054f,0.3508441668631042f,-1.1156191526260109f,-3.404747020979997f,-1.4838087275811147f,0f,0f,0f,1f],start_interpolation:0}
execute if entity @s[tag=aj.beast.bone.left_arm] run data modify entity @s {} merge value {transformation:[-1.1924537555696573f,0.0056898869519674275f,0.13424479883516713f,4.38123128897586f,0.03921154791218687f,1.1614716384938664f,0.29907538762777514f,5.108004597747289f,-0.12851651776386933f,0.3015812629472321f,-1.1543536054870718f,-1.1540649873346969f,0f,0f,0f,1f],start_interpolation:0}
execute if entity @s[tag=aj.beast.bone.chest] run data modify entity @s {} merge value {transformation:[-6.023429648162165f,0.028741268666472506f,0.6781094005855358f,-1.447364127657288e-17f,0.19806889713032624f,5.866929992149929f,1.5107164940011801f,5.791906874999999f,-0.6491741920906973f,1.5233743967695805f,-5.830974743697346f,0.11818624999999994f,0f,0f,0f,1f],start_interpolation:0}
execute if entity @s[tag=aj.beast.bone.waist] run data modify entity @s {} merge value {transformation:[-5.023832916666667f,0f,6.152420900846945e-16f,0.0000012500000003397785f,0f,5.023832916666667f,0f,0.7895225000000003f,-6.152420900846945e-16f,0f,-5.023832916666667f,-2.7745f,0f,0f,0f,1f],start_interpolation:0}
execute if entity @s[tag=aj.beast.bone.hip] run data modify entity @s {} merge value {transformation:[-4.3939320833333335f,0f,5.381014861525028e-16f,1.6621078226072983e-16f,0f,4.3939320833333335f,0f,-2.52446125f,-5.381014861525028e-16f,0f,-4.3939320833333335f,-1.357214034090909f,0f,0f,0f,1f],start_interpolation:0}