execute if entity @s[tag=aj.beast.bone.right_thumb] run data modify entity @s {} merge value {transformation:[-0.5898578720552002f,-0.8402395512222091f,-0.22037510598162605f,-0.1787805493531618f,0.856035483950591f,-0.5170216450010789f,-0.3199872947756792f,-4.803448136580277f,0.14754979156877895f,-0.35942470026735795f,0.9754706268492819f,4.581926174356891f,0f,0f,0f,1f],start_interpolation:0}
execute if entity @s[tag=aj.beast.bone.right_fingers_2] run data modify entity @s {} merge value {transformation:[0.9224337101077954f,-0.07842874280845188f,-0.3781071048767173f,0.8826706816628862f,-0.08823200491834782f,0.910448963648639f,-0.4041012223431247f,-4.769741792468974f,0.3759403726189244f,0.40611773772220827f,0.8329088901809966f,5.485341944861977f,0f,0f,0f,1f],start_interpolation:0}
execute if entity @s[tag=aj.beast.bone.right_fingers] run data modify entity @s {} merge value {transformation:[0.24179199886487857f,-0.8936283604086619f,-0.3781071048767173f,0.22756129449871476f,0.8253650497747194f,0.3943028489767317f,-0.4041012223431247f,-4.063641876579609f,0.510205021432856f,-0.2143679471426619f,0.8329088901809966f,5.530758767512103f,0f,0f,0f,1f],start_interpolation:0}
execute if entity @s[tag=aj.beast.locator_origin.right_hand] at @s on origin run tp @s ^0.97652 ^-4.44162 ^4.53517 ~-155.58386 ~-23.83482
execute if entity @s[tag=aj.beast.bone.right_hand] run data modify entity @s {} merge value {transformation:[-0.7697289177996121f,-0.5936316194510391f,-0.39701246012055297f,-0.671519895698669f,0.7141489550815873f,-0.6422269441342368f,-0.42430628346028076f,-4.885012791765562f,-0.002943307478723985f,-0.5810731904123053f,0.8745543346900461f,4.648837905148928f,0f,0f,0f,1f],start_interpolation:0}
execute if entity @s[tag=aj.beast.bone.right_forearm] run data modify entity @s {} merge value {transformation:[-2.138279493120702f,-3.660070012307852f,-0.5543223920285703f,-6.059749656459321f,2.298150574276802f,-0.8106638169004283f,-3.5123999080286454f,-5.541459218532157f,2.90204923239608f,-2.0548325189594476f,2.373056799104499f,1.2814037452077764f,0f,0f,0f,1f],start_interpolation:0}
execute if entity @s[tag=aj.beast.bone.right_bicep] run data modify entity @s {} merge value {transformation:[-1.8006564152595386f,0.33191140066361147f,-3.0995921177300394f,-4.4375f,1.9352846941278332f,2.9252178716192483f,-0.811032401469815f,-2.001550248955148f,2.4438309325440675f,-2.0719399667144986f,-1.641570938909408f,-0.9894642278867926f,0f,0f,0f,1f],start_interpolation:0}
execute if entity @s[tag=aj.beast.bone.right_arm] run data modify entity @s {} merge value {transformation:[-1.2000000000000002f,2.3950472482274672e-17f,1.449928127122395e-16f,-4.5625f,0f,1.1839561644483056f,-0.19557044936507348f,-0.6628525582842069f,-1.469576158976824e-16f,-0.19557044936507348f,-1.1839561644483056f,-1.193505108945147f,0f,0f,0f,1f],start_interpolation:0}
execute if entity @s[tag=aj.beast.bone.left_thumb] run data modify entity @s {} merge value {transformation:[-0.9499032683244553f,0.44415064925651987f,-0.05398130779753069f,0.4892263756860777f,-0.3157850911204774f,-0.7552818778487976f,-0.6575173467059464f,-4.797752389456871f,-0.3169598666275457f,-0.578601318489863f,0.8168579785918983f,4.528011140283336f,0f,0f,0f,1f],start_interpolation:0}
execute if entity @s[tag=aj.beast.bone.left_fingers_2] run data modify entity @s {} merge value {transformation:[0.0010387847214071155f,0.9986770517655341f,-0.05141076933098157f,-0.7465648126109542f,-0.7790232319952315f,-0.03142612116966026f,-0.6262069968628057f,-3.766099196370113f,-0.6269941984883165f,0.040700677944361885f,0.7779599796113312f,5.710585432322901f,0f,0f,0f,1f],start_interpolation:0}
execute if entity @s[tag=aj.beast.bone.left_fingers] run data modify entity @s {} merge value {transformation:[-0.7643632880273793f,0.6427329902165988f,-0.05141076933098157f,0.144486955240253f,-0.4766726756936953f,-0.6169667392388991f,-0.6262069968628057f,-4.079834769902869f,-0.4342026303040862f,-0.45414353013133446f,0.7779599796113312f,5.51718216177525f,0f,0f,0f,1f],start_interpolation:0}
execute if entity @s[tag=aj.beast.bone.left_hand] run data modify entity @s {} merge value {transformation:[-0.9499032683244543f,0.4441506492565194f,-0.05398130779753063f,0.8747896754148679f,-0.3157850911204771f,-0.7552818778487967f,-0.6575173467059457f,-5.0877000673887185f,-0.3169598666275454f,-0.5786013184898623f,0.8168579785918975f,4.673590404240314f,0f,0f,0f,1f],start_interpolation:0}
execute if entity @s[tag=aj.beast.bone.left_forearm] run data modify entity @s {} merge value {transformation:[-2.137645303053474f,3.635192579889231f,0.7010509720781435f,6.204356215319746f,-2.3041640571503734f,-0.6727346916390559f,-3.537496435673348f,-5.535282764581055f,-2.897744908729849f,-2.146724933889666f,2.295707189984528f,1.1808916033987082f,0f,0f,0f,1f],start_interpolation:0}
execute if entity @s[tag=aj.beast.bone.left_bicep] run data modify entity @s {} merge value {transformation:[-1.8001223604660832f,-0.45626850829736315f,3.0840522913345882f,4.4375f,-1.9403486797055778f,2.9513981034129815f,-0.695913957565936f,-2.001550248955148f,-2.4402062389303993f,-2.0102408521135873f,-1.721721588404699f,-0.9894642278867916f,0f,0f,0f,1f],start_interpolation:0}
execute if entity @s[tag=aj.beast.bone.left_arm] run data modify entity @s {} merge value {transformation:[-1.2000000000000002f,2.3950472482274672e-17f,1.449928127122395e-16f,4.5625f,0f,1.1839561644483056f,-0.19557044936507348f,-0.6628525582842069f,-1.469576158976824e-16f,-0.19557044936507348f,-1.1839561644483056f,-1.1935051089451458f,0f,0f,0f,1f],start_interpolation:0}
execute if entity @s[tag=aj.beast.bone.waist] run data modify entity @s {} merge value {transformation:[-5.023832916666667f,0f,6.152420900846945e-16f,0.0000012500000003474323f,0f,5.023832916666667f,0f,-4.618810833333333f,-6.152420900846945e-16f,0f,-5.023832916666667f,-2.837f,0f,0f,0f,1f],start_interpolation:0}
execute if entity @s[tag=aj.beast.bone.hip] run data modify entity @s {} merge value {transformation:[-4.393932083333333f,0f,5.381014861525027e-16f,1.6968989248558029e-16f,0f,4.393932083333333f,0f,-7.71196125f,-5.381014861525027e-16f,0f,-4.393932083333333f,-1.385623125f,0f,0f,0f,1f],start_interpolation:0}
execute if entity @s[tag=aj.beast.bone.right_foot] run data modify entity @s {} merge value {transformation:[-2.04f,0f,2.4982794702606004e-16f,-2.025f,0f,2.04f,0f,-15.66192f,-2.4982794702606004e-16f,0f,-2.04f,-2.1758325000000003f,0f,0f,0f,1f],start_interpolation:0}
execute if entity @s[tag=aj.beast.bone.right_knee] run data modify entity @s {} merge value {transformation:[-2.85f,0f,3.4902433775699566e-16f,-2.019375f,0f,2.85f,0f,-11.983046875f,-3.4902433775699566e-16f,0f,-2.85f,-0.8183781250000004f,0f,0f,0f,1f],start_interpolation:0}
execute if entity @s[tag=aj.beast.bone.right_thigh] run data modify entity @s {} merge value {transformation:[-3.8249999999999997f,0f,4.684274006738626e-16f,-1.6874999999999996f,0f,3.8249999999999997f,0f,-8.37699625f,-4.684274006738626e-16f,0f,-3.8249999999999997f,-2.6872187500000004f,0f,0f,0f,1f],start_interpolation:0}
execute if entity @s[tag=aj.beast.bone.right_leg] run data modify entity @s {} merge value {transformation:[-1.7250000000000003f,0f,2.1125157285291847e-16f,-1.6701387499999996f,0f,1.7250000000000003f,0f,-8.384594374999999f,-2.1125157285291847e-16f,0f,-1.7250000000000003f,-2.6401250000000003f,0f,0f,0f,1f],start_interpolation:0}
execute if entity @s[tag=aj.beast.bone.left_foot] run data modify entity @s {} merge value {transformation:[-2.04f,0f,2.4982794702606004e-16f,2.025f,0f,2.04f,0f,-15.66192f,-2.4982794702606004e-16f,0f,-2.04f,-2.1133324999999994f,0f,0f,0f,1f],start_interpolation:0}
execute if entity @s[tag=aj.beast.bone.left_knee] run data modify entity @s {} merge value {transformation:[-2.85f,0f,3.4902433775699566e-16f,2.019375f,0f,2.85f,0f,-11.983046875f,-3.4902433775699566e-16f,0f,-2.85f,-0.8183781249999995f,0f,0f,0f,1f],start_interpolation:0}
execute if entity @s[tag=aj.beast.bone.left_thigh] run data modify entity @s {} merge value {transformation:[-3.8249999999999997f,0f,4.684274006738626e-16f,1.6875000000000004f,0f,3.8249999999999997f,0f,-8.37699625f,-4.684274006738626e-16f,0f,-3.8249999999999997f,-2.6872187499999995f,0f,0f,0f,1f],start_interpolation:0}
execute if entity @s[tag=aj.beast.bone.left_leg] run data modify entity @s {} merge value {transformation:[-1.7250000000000003f,0f,2.1125157285291847e-16f,1.6701387500000004f,0f,1.7250000000000003f,0f,-8.384594374999999f,-2.1125157285291847e-16f,0f,-1.7250000000000003f,-2.6401249999999994f,0f,0f,0f,1f],start_interpolation:0}