execute if entity @s[tag=aj.beast.bone.right_thumb] run data modify entity @s {} merge value {transformation:[-0.8552456720134752f,0.2097203765966697f,-0.571902267998974f,-5.16625087243286f,0.5826891955295129f,-0.005693906086251588f,-0.8734648709860344f,3.4574945964884853f,-0.17756165665871734f,-1.0288269743128002f,-0.1117448657029925f,-0.9458827671125526f,0f,0f,0f,1f],start_interpolation:0}
execute if entity @s[tag=aj.beast.bone.right_fingers_2] run data modify entity @s {} merge value {transformation:[0.1737547915508199f,-0.8550730621747826f,-0.4885277174901863f,-5.371284287826292f,-0.44555761190096055f,0.37413725521726804f,-0.8133263359412393f,2.7143470517399355f,0.8782298599400066f,0.3589865911166165f,-0.31597617079176543f,0.21586932053887142f,0f,0f,0f,1f],start_interpolation:0}
execute if entity @s[tag=aj.beast.bone.right_fingers] run data modify entity @s {} merge value {transformation:[-0.7440782080487203f,-0.4557283067254369f,-0.4885277174901863f,-6.093640088258402f,0.1991843396065516f,0.5466496776912066f,-0.8133263359412393f,3.270233350887789f,0.6377093532029358f,-0.7024854733937675f,-0.31597617079176543f,-0.09877430032608148f,0f,0f,0f,1f],start_interpolation:0}
execute if entity @s[tag=aj.beast.locator_origin.consume] at @s on origin run tp @s ^-4.87379 ^3.59285 ^0.22201 ~-57.10551 ~-54.42221
execute if entity @s[tag=aj.beast.bone.right_hand] run data modify entity @s {} merge value {transformation:[-0.7410736804524971f,0.5386909020782804f,-0.5129541033646956f,-5.366731610137519f,0.6103261451981469f,0.02643001242091434f,-0.8539926527383013f,3.41877172242295f,-0.4252197039509822f,-0.9008959798231527f,-0.3317749793313537f,-1.4065670939173378f,0f,0f,0f,1f],start_interpolation:0}
execute if entity @s[tag=aj.beast.bone.right_forearm] run data modify entity @s {} merge value {transformation:[-3.6674480625996884f,1.5718802167004509f,-1.5344843734882199f,-2.851266596185367f,1.650085526381352f,0.000027183021968994742f,-3.9437092634837896f,4.022855129561309f,-1.4500577449745118f,-3.975527334028382f,-0.6067453771003165f,-7.247035712812811f,0f,0f,0f,1f],start_interpolation:0}
execute if entity @s[tag=aj.beast.bone.right_bicep] run data modify entity @s {} merge value {transformation:[-3.0883773158734225f,0.9621751406518724f,1.5799191604351248f,-1.8156900375510492f,1.389545706426402f,3.236302685674528f,0.7453238601090071f,7.504448174535838f,-1.221101258925905f,1.2492253301175849f,-3.1477528159056867f,-4.577657157344728f,0f,0f,0f,1f],start_interpolation:0}
execute if entity @s[tag=aj.beast.bone.right_arm] run data modify entity @s {} merge value {transformation:[-0.6844177680886833f,0.10904167166869415f,0.9796337236764582f,-1.573411947470078f,0.22006648460041478f,1.179434591268242f,0.022467471498393905f,8.685471622157474f,-0.9608033415221461f,0.19246807205251587f,-0.6926853399345669f,-4.167495960304735f,0f,0f,0f,1f],start_interpolation:0}
execute if entity @s[tag=aj.beast.bone.left_thumb] run data modify entity @s {} merge value {transformation:[-0.02668416697123622f,0.8047239881414229f,-0.6739490026276578f,-3.488110989818804f,-0.22827364559234672f,-0.6624803137507634f,-0.7819916729867844f,5.614322257012971f,-1.02453848046866f,0.12664571371528172f,0.19178572740565467f,1.1096806000300274f,0f,0f,0f,1f],start_interpolation:0}
execute if entity @s[tag=aj.beast.bone.left_fingers_2] run data modify entity @s {} merge value {transformation:[0.45378304063669594f,0.6181436560908613f,-0.6418561929787217f,-5.218000828476306f,-0.5609079663860598f,-0.36155742427591786f,-0.744753974273128f,6.513777790702685f,-0.6924328164343234f,0.6979789748879166f,0.1826530737196711f,0.5459483801499647f,0f,0f,0f,1f],start_interpolation:0}
execute if entity @s[tag=aj.beast.bone.left_fingers] run data modify entity @s {} merge value {transformation:[0.12008863505793307f,0.7573634182245568f,-0.6418561929787217f,-4.625003927111593f,-0.3328796830261988f,-0.5783879618670833f,-0.744753974273128f,6.168613338041819f,-0.9352913109605476f,0.30309737429159045f,0.1826530737196711f,1.2234616742928865f,0f,0f,0f,1f],start_interpolation:0}
execute if entity @s[tag=aj.beast.bone.left_hand] run data modify entity @s {} merge value {transformation:[-0.02668416697123622f,0.8047239881414229f,-0.6739490026276578f,-3.4334984537071387f,-0.22827364559234672f,-0.6624803137507634f,-0.7819916729867844f,5.2920660208359385f,-1.02453848046866f,0.12664571371528172f,0.19178572740565467f,1.4932042958749419f,0f,0f,0f,1f],start_interpolation:0}
execute if entity @s[tag=aj.beast.bone.left_forearm] run data modify entity @s {} merge value {transformation:[1.3999068966820405f,2.985023915085851f,-2.7213081242276838f,1.3881715464670847f,-1.210373815771737f,-2.437767309132104f,-3.2966514484581144f,2.170203165936619f,-3.853684069395962f,1.850012911547472f,0.046864916423929995f,4.287667645450273f,0f,0f,0f,1f],start_interpolation:0}
execute if entity @s[tag=aj.beast.bone.left_bicep] run data modify entity @s {} merge value {transformation:[1.0102715602233048f,2.189252472772775f,2.6732985215015295f,3.2889534783096264f,-1.1248127729247648f,2.8418843670322738f,-1.9022327592287125f,6.062351904119529f,-3.267131402387923f,-0.30144129590331586f,1.481548360552182f,3.0395903003138014f,0f,0f,0f,1f],start_interpolation:0}
execute if entity @s[tag=aj.beast.bone.left_arm] run data modify entity @s {} merge value {transformation:[-0.6198588317624175f,-0.15251710091692464f,1.0161267453492349f,2.973441172295175f,-0.0061091896291910865f,1.1872328830239716f,0.1744728038081126f,7.398274536907327f,-1.0274909763536644f,0.08495066447348239f,-0.6140404531603013f,2.9300143352961863f,0f,0f,0f,1f],start_interpolation:0}
execute if entity @s[tag=aj.beast.bone.hip] run data modify entity @s {} merge value {transformation:[-3.031244011992884f,0.08312797692030445f,3.179825251826966f,0.172794117647059f,0.32836517484528416f,4.377142466078614f,0.1985932943129102f,0.6189211029411759f,-3.163917698779808f,0.37463678950466883f,-3.025873629919716f,-1.448123125f,0f,0f,0f,1f],start_interpolation:0}
execute if entity @s[tag=aj.beast.bone.right_foot] run data modify entity @s {} merge value {transformation:[-1.3351962798964339f,0f,1.5423523897445501f,-0.5279678089629312f,0f,2.04f,0f,-7.124420000000001f,-1.5423523897445501f,0f,-1.3351962798964339f,-3.2265404869342547f,0f,0f,0f,1f],start_interpolation:0}
execute if entity @s[tag=aj.beast.bone.right_knee] run data modify entity @s {} merge value {transformation:[-1.865347743972959f,0f,2.154757015084298f,-1.550596495323729f,0f,2.85f,0f,-3.4455468749999993f,-2.154757015084298f,0f,-1.865347743972959f,-2.3338229556492296f,0f,0f,0f,1f],start_interpolation:0}
execute if entity @s[tag=aj.beast.bone.right_thigh] run data modify entity @s {} merge value {transformation:[-2.503493024805814f,0f,2.891910730771032f,0.07956481321111299f,0f,3.8250000000000006f,0f,0.1605037500000006f,-2.891910730771032f,0f,-2.503493024805814f,-3.30607827470455f,0f,0f,0f,1f],start_interpolation:0}
execute if entity @s[tag=aj.beast.bone.right_leg] run data modify entity @s {} merge value {transformation:[-1.1290262660888966f,0f,1.3041950354457594f,-0.02675639705882318f,0f,1.7250000000000003f,0f,0.1529056250000007f,-1.3041950354457594f,0f,-1.1290262660888966f,-3.4452720588235293f,0f,0f,0f,1f],start_interpolation:0}
execute if entity @s[tag=aj.beast.bone.left_foot] run data modify entity @s {} merge value {transformation:[-1.365963354345263f,0.608501586401558f,1.3876130346507363f,-0.8021891370232136f,-0.03127069532673623f,1.8565380643150033f,-0.8449192620382631f,-5.446254428117434f,-1.5148485925001285f,-0.5870197910601379f,-1.2337915167094042f,2.094303973762582f,0f,0f,0f,1f],start_interpolation:0}
execute if entity @s[tag=aj.beast.bone.left_knee] run data modify entity @s {} merge value {transformation:[-1.9787237033421072f,0.8501125104139414f,1.866671161578762f,-0.5569008003270437f,0f,2.59369288396949f,-1.1812100675349961f,-1.56152453685863f,-2.0511344436267693f,-0.8201011786869574f,-1.800772487263221f,1.849859199539238f,0f,0f,0f,1f],start_interpolation:0}
execute if entity @s[tag=aj.beast.bone.left_thigh] run data modify entity @s {} merge value {transformation:[-2.655655496590723f,1.8856833003148943f,2.005571582951108f,1.970319441839264f,0f,2.786691544852599f,-2.6201097751519957f,-0.2144962499999994f,-2.7528383322359278f,-1.8191134447198642f,-1.9347693381413582f,-1.04927516252918f,0f,0f,0f,1f],start_interpolation:0}
execute if entity @s[tag=aj.beast.bone.left_leg] run data modify entity @s {} merge value {transformation:[-1.1976485572860125f,0f,1.2414761106162027f,2.1995505147058823f,0f,1.7250000000000003f,0f,-0.2220943749999993f,-1.2414761106162027f,0f,-1.1976485572860125f,-1.2945367647058819f,0f,0f,0f,1f],start_interpolation:0}