execute if entity @s[tag=aj.beast.bone.right_thumb] run data modify entity @s {} merge value {transformation:[-1.0085716745622129f,-0.15330289449191792f,0.24855864461163968f,-0.6538660242523799f,0.18865003727605248f,0.3401752571553335f,0.9752907042800357f,4.6436916854536205f,-0.22292227503441556f,0.9814677870209007f,-0.2992100304698654f,-2.4337804190258367f,0f,0f,0f,1f],start_interpolation:0}
execute if entity @s[tag=aj.beast.bone.right_fingers_2] run data modify entity @s {} merge value {transformation:[0.6795308982411479f,-0.7059981096981385f,0.19951046949529694f,0.08566009029180621f,-0.1937418991298742f,0.08960163874081242f,0.9769522111426487f,4.746657065637712f,-0.7076028793448539f,-0.7025227508327512f,-0.07589433249759542f,-3.6112667859307175f,0f,0f,0f,1f],start_interpolation:0}
execute if entity @s[tag=aj.beast.bone.right_fingers] run data modify entity @s {} merge value {transformation:[-0.43100795876148307f,-0.8800157453398352f,0.19951046949529694f,-0.858830382901261f,0.01793436662647934f,0.21270339827373805f,0.9769522111426487f,4.93654425780512f,-0.9021698831029367f,0.42465227223785995f,-0.07589433249759542f,-3.652360440520333f,0f,0f,0f,1f],start_interpolation:0}
execute if entity @s[tag=aj.beast.locator_origin.right_hand] at @s on origin run tp @s ^-0.24263 ^3.85886 ^-3.26007 ~69.17305 ~77.67491
execute if entity @s[tag=aj.beast.bone.right_hand] run data modify entity @s {} merge value {transformation:[-1.0268665474647862f,0.06450358476159354f,0.2094859929700617f,-0.8799171366632361f,0.21354427619554903f,0.06807031588597279f,1.0257998216997808f,4.993388792646602f,0.04943617907836229f,1.045803862895948f,-0.07968904912247515f,-2.149993766893019f,0f,0f,0f,1f],start_interpolation:0}
execute if entity @s[tag=aj.beast.bone.right_forearm] run data modify entity @s {} merge value {transformation:[-3.267462917073711f,-2.63811497844043f,0.7997877506416362f,-4.963467812309999f,1.5162976125018057f,-0.6841334723948993f,3.9380741412866036f,3.4146423727883524f,-2.3022060367980712f,3.2936204627244385f,1.4586077648406273f,2.5014284144091268f,0f,0f,0f,1f],start_interpolation:0}
execute if entity @s[tag=aj.beast.bone.right_bicep] run data modify entity @s {} merge value {transformation:[-2.75154771964102f,-0.14639143013767023f,-2.3167983718313847f,-4.05f,1.2768822000015208f,-3.095946128919413f,-1.32086691765226f,-0.04606913248232136f,-1.938699820461534f,-1.8313074881109273f,2.418213367370891f,-0.238743705214302f,0f,0f,0f,1f],start_interpolation:0}
execute if entity @s[tag=aj.beast.bone.right_arm] run data modify entity @s {} merge value {transformation:[-1.2000000000000002f,1.0725094819459441e-16f,-1.0046778081400618e-16f,-4.175f,0f,-0.820381687878952f,-0.875770452911539f,-0.9594635126986395f,-1.469576158976824e-16f,-0.875770452911539f,0.820381687878952f,-1.2384711152316674f,0f,0f,0f,1f],start_interpolation:0}
execute if entity @s[tag=aj.beast.bone.left_thumb] run data modify entity @s {} merge value {transformation:[-1.0054710598929117f,0.05516594732954239f,-0.2974637221125632f,0.6888807182356441f,-0.302535454354158f,-0.18164800979719165f,0.9889268422868521f,4.476723938181826f,0.0004965647483381904f,1.032695850089442f,0.1898394970270863f,-2.5767358261155993f,0f,0f,0f,1f],start_interpolation:0}
execute if entity @s[tag=aj.beast.bone.left_fingers_2] run data modify entity @s {} merge value {transformation:[-0.41452840500400223f,0.8648167441809615f,-0.28329878296434574f,0.06095641086417436f,-0.2902588819566584f,0.1694002616889615f,0.9418350878922395f,4.99627081386732f,0.8625056422366806f,0.47264738476368734f,0.1807995209781773f,-4.400400333707134f,0f,0f,0f,1f],start_interpolation:0}
execute if entity @s[tag=aj.beast.bone.left_fingers] run data modify entity @s {} merge value {transformation:[-0.9113642538350452f,0.29859168843524775f,-0.28329878296434574f,0.723822256650156f,-0.3230864506373915f,-0.09253006338239679f,0.9418350878922395f,5.062024024433454f,0.25501047477745686f,0.949884830370418f,0.1807995209781773f,-3.7031962933144396f,0f,0f,0f,1f],start_interpolation:0}
execute if entity @s[tag=aj.beast.bone.left_hand] run data modify entity @s {} merge value {transformation:[-1.0054710598929109f,0.05516594732954233f,-0.2974637221125629f,0.9188791952308639f,-0.3025354543541577f,-0.18164800979719145f,0.988926842286851f,4.773349025958509f,0.0004965647483381898f,1.032695850089441f,0.1898394970270861f,-2.240527120084014f,0f,0f,0f,1f],start_interpolation:0}
execute if entity @s[tag=aj.beast.bone.left_forearm] run data modify entity @s {} merge value {transformation:[-3.2675635396513387f,2.6066230471292413f,-0.8967551530467425f,4.969925951437035f,-1.515872957535291f,-0.5375725773322212f,3.960905187039146f,3.40913867739125f,2.302342869981451f,3.345468130811452f,1.3351723839154659f,2.5062091261586046f,0f,0f,0f,1f],start_interpolation:0}
execute if entity @s[tag=aj.beast.bone.left_bicep] run data modify entity @s {} merge value {transformation:[-2.7516324544432327f,0.1410954647449475f,2.3170263066014423f,4.05f,-1.2765245958191924f,-3.0932116529789075f,-1.3276018326833352f,-0.04606913248232136f,1.938815048405433f,-1.8363370441462832f,2.4143037233067295f,-0.23874370521430088f,0f,0f,0f,1f],start_interpolation:0}
execute if entity @s[tag=aj.beast.bone.left_arm] run data modify entity @s {} merge value {transformation:[-1.2000000000000002f,1.0725094819459441e-16f,-1.0046778081400618e-16f,4.175f,0f,-0.820381687878952f,-0.875770452911539f,-0.9594635126986395f,-1.469576158976824e-16f,-0.875770452911539f,0.820381687878952f,-1.2384711152316663f,0f,0f,0f,1f],start_interpolation:0}
execute if entity @s[tag=aj.beast.bone.waist] run data modify entity @s {} merge value {transformation:[-5.023832916666667f,0f,6.152420900846945e-16f,0.0000012500000003474323f,0f,5.023832916666667f,0f,-4.902144166666666f,-6.152420900846945e-16f,0f,-5.023832916666667f,-2.837f,0f,0f,0f,1f],start_interpolation:0}
execute if entity @s[tag=aj.beast.bone.hip] run data modify entity @s {} merge value {transformation:[-4.393932083333333f,0f,5.381014861525027e-16f,1.6968989248558029e-16f,0f,4.393932083333333f,0f,-8.41196125f,-5.381014861525027e-16f,0f,-4.393932083333333f,-1.385623125f,0f,0f,0f,1f],start_interpolation:0}
execute if entity @s[tag=aj.beast.bone.right_foot] run data modify entity @s {} merge value {transformation:[-2.04f,0f,2.4982794702606004e-16f,-2.025f,0f,2.04f,0f,-16.51192f,-2.4982794702606004e-16f,0f,-2.04f,-2.1758325000000003f,0f,0f,0f,1f],start_interpolation:0}
execute if entity @s[tag=aj.beast.bone.right_knee] run data modify entity @s {} merge value {transformation:[-2.85f,0f,3.4902433775699566e-16f,-2.019375f,0f,2.85f,0f,-12.833046874999999f,-3.4902433775699566e-16f,0f,-2.85f,-0.8183781250000004f,0f,0f,0f,1f],start_interpolation:0}
execute if entity @s[tag=aj.beast.bone.right_thigh] run data modify entity @s {} merge value {transformation:[-3.8249999999999997f,0f,4.684274006738626e-16f,-1.6874999999999996f,0f,3.8249999999999997f,0f,-9.22699625f,-4.684274006738626e-16f,0f,-3.8249999999999997f,-2.6872187500000004f,0f,0f,0f,1f],start_interpolation:0}
execute if entity @s[tag=aj.beast.bone.right_leg] run data modify entity @s {} merge value {transformation:[-1.7250000000000003f,0f,2.1125157285291847e-16f,-1.6701387499999996f,0f,1.7250000000000003f,0f,-9.234594374999999f,-2.1125157285291847e-16f,0f,-1.7250000000000003f,-2.6401250000000003f,0f,0f,0f,1f],start_interpolation:0}
execute if entity @s[tag=aj.beast.bone.left_foot] run data modify entity @s {} merge value {transformation:[-2.04f,0f,2.4982794702606004e-16f,2.025f,0f,2.04f,0f,-16.51192f,-2.4982794702606004e-16f,0f,-2.04f,-2.1133324999999994f,0f,0f,0f,1f],start_interpolation:0}
execute if entity @s[tag=aj.beast.bone.left_knee] run data modify entity @s {} merge value {transformation:[-2.85f,0f,3.4902433775699566e-16f,2.019375f,0f,2.85f,0f,-12.833046874999999f,-3.4902433775699566e-16f,0f,-2.85f,-0.8183781249999995f,0f,0f,0f,1f],start_interpolation:0}
execute if entity @s[tag=aj.beast.bone.left_thigh] run data modify entity @s {} merge value {transformation:[-3.8249999999999997f,0f,4.684274006738626e-16f,1.6875000000000004f,0f,3.8249999999999997f,0f,-9.22699625f,-4.684274006738626e-16f,0f,-3.8249999999999997f,-2.6872187499999995f,0f,0f,0f,1f],start_interpolation:0}
execute if entity @s[tag=aj.beast.bone.left_leg] run data modify entity @s {} merge value {transformation:[-1.7250000000000003f,0f,2.1125157285291847e-16f,1.6701387500000004f,0f,1.7250000000000003f,0f,-9.234594374999999f,-2.1125157285291847e-16f,0f,-1.7250000000000003f,-2.6401249999999994f,0f,0f,0f,1f],start_interpolation:0}