execute if entity @s[tag=aj.beast.bone.right_thumb] run data modify entity @s {} merge value {transformation:[-0.6678826345614296f,-0.7665762586058027f,-0.26228539073538704f,-0.33927632828950394f,0.653920070132077f,-0.7107111766356501f,0.4120414606367069f,0.6036768189017709f,-0.4783527237611857f,0.09874443349931418f,0.9294773846216786f,5.819554809210615f,0f,0f,0f,1f],start_interpolation:0}
execute if entity @s[tag=aj.beast.bone.right_fingers_2] run data modify entity @s {} merge value {transformation:[0.8973078993893856f,-0.18254336991229322f,-0.401891094445338f,0.6483612545039634f,0.2943464652560405f,0.9259440127722208f,0.23661750485234959f,1.361883476214818f,0.3289356959721498f,-0.3306139793056865f,0.8845878727424296f,6.446985727891058f,0f,0f,0f,1f],start_interpolation:0}
execute if entity @s[tag=aj.beast.bone.right_fingers] run data modify entity @s {} merge value {transformation:[0.13536271867643818f,-0.905627121169663f,-0.401891094445338f,-0.06463463806322589f,0.9707751762972238f,0.040096302604382905f,0.23661750485234959f,1.8306577565595297f,-0.19817288280089534f,-0.42217508680570676f,0.8845878727424296f,5.997880373415261f,0f,0f,0f,1f],start_interpolation:0}
execute if entity @s[tag=aj.beast.locator_origin.right_hand] at @s on origin run tp @s ^0.7824 ^0.95916 ^5.53093 ~-155.56648 ~13.68699
execute if entity @s[tag=aj.beast.bone.right_hand] run data modify entity @s {} merge value {transformation:[-0.8241337561153211f,-0.4952087074434845f,-0.4219856491676047f,-0.82707007744912f,0.4289709163171059f,-0.9256118816125085f,0.24844838009496698f,0.5366666442300394f,-0.48917022086929435f,0.02260488199270095f,0.9288172663795506f,5.926741239794658f,0f,0f,0f,1f],start_interpolation:0}
execute if entity @s[tag=aj.beast.bone.right_forearm] run data modify entity @s {} merge value {transformation:[-2.5236801767118675f,-3.4237874238222825f,-0.42935188615858755f,-5.887509245746855f,3.408345545666444f,-2.3904086590486378f,-0.9719835822075394f,-2.829123055387658f,0.5383716253734623f,-0.9161064999341909f,4.140836856695886f,3.9602799995446647f,0f,0f,0f,1f],start_interpolation:0}
execute if entity @s[tag=aj.beast.bone.right_bicep] run data modify entity @s {} merge value {transformation:[-2.1252043593363097f,0.23545240286592303f,-2.8962162552272597f,-4.40625f,2.8701857226664798f,0.7299286803795454f,-2.0467628194201875f,-1.6505579291897812f,0.453365579261863f,-3.517352169963088f,-0.6186221496168051f,-0.1307279572063884f,0f,0f,0f,1f],start_interpolation:0}
execute if entity @s[tag=aj.beast.bone.right_arm] run data modify entity @s {} merge value {transformation:[-1.2000000000000002f,1.1946094259697383e-16f,8.558985958729741e-17f,-4.53125f,0f,0.6988942415632687f,-0.9754726234547558f,-0.8482344047932271f,-1.469576158976824e-16f,-0.9754726234547558f,-0.6988942415632687f,-1.2216088628742223f,0f,0f,0f,1f],start_interpolation:0}
execute if entity @s[tag=aj.beast.bone.left_thumb] run data modify entity @s {} merge value {transformation:[-0.9841761249767118f,0.36587464664875796f,-0.00575308312743617f,0.5752846706987981f,-0.3651083668093922f,-0.9829709525506218f,-0.0544425102975847f,0.6090324739210282f,-0.02435642649493244f,-0.04902906669895676f,1.0485718454674566f,5.773806513230342f,0f,0f,0f,1f],start_interpolation:0}
execute if entity @s[tag=aj.beast.bone.left_fingers_2] run data modify entity @s {} merge value {transformation:[-0.08031977318790773f,0.9967540886320372f,-0.005479126788034444f,-0.516846024170687f,-0.9954054210051736f,-0.08049611367329301f,-0.051850009807223485f,2.2289407685545637f,-0.05212275768372117f,0.0012893714796772641f,0.9986398528261485f,6.189880773877331f,0f,0f,0f,1f],start_interpolation:0}
execute if entity @s[tag=aj.beast.bone.left_fingers] run data modify entity @s {} merge value {transformation:[-0.8151864857707137f,0.5791726621538987f,-0.005479126788034444f,0.34267393488656817f,-0.5781706706648392f,-0.8142666959086321f,-0.051850009807223485f,1.7922281068222001f,-0.0344915786789127f,-0.03909955687223188f,0.9986398528261485f,6.172116224514479f,0f,0f,0f,1f],start_interpolation:0}
execute if entity @s[tag=aj.beast.bone.left_hand] run data modify entity @s {} merge value {transformation:[-0.9841761249767108f,0.3658746466487576f,-0.005753083127436164f,0.9617264777904291f,-0.3651083668093918f,-0.9829709525506208f,-0.05444251029758464f,0.42818912863977143f,-0.02435642649493241f,-0.0490290666989567f,1.0485718454674555f,6.041911810323326f,0f,0f,0f,1f],start_interpolation:0}
execute if entity @s[tag=aj.beast.bone.left_forearm] run data modify entity @s {} merge value {transformation:[-2.5237006156560375f,3.409771543691563f,0.529167480452639f,5.986587661927135f,-3.409190635401826f,-2.3626804555157586f,-1.034787551438623f,-2.8870883053450367f,-0.5328971889828582f,-1.0328717659782856f,4.113978791999185f,3.905732907851121f,0f,0f,0f,1f],start_interpolation:0}
execute if entity @s[tag=aj.beast.bone.left_bicep] run data modify entity @s {} merge value {transformation:[-2.1252215710787685f,-0.31994247113564617f,2.8880910804517765f,4.40625f,-2.8708973771804853f,0.7837844117643382f,-2.0257419000389567f,-1.6505579291897812f,-0.4487555275645122f,-3.4990454142578447f,-0.7178437611635622f,-0.1307279572063873f,0f,0f,0f,1f],start_interpolation:0}
execute if entity @s[tag=aj.beast.bone.left_arm] run data modify entity @s {} merge value {transformation:[-1.2000000000000002f,1.1946094259697383e-16f,8.558985958729741e-17f,4.53125f,0f,0.6988942415632687f,-0.9754726234547558f,-0.8482344047932271f,-1.469576158976824e-16f,-0.9754726234547558f,-0.6988942415632687f,-1.2216088628742212f,0f,0f,0f,1f],start_interpolation:0}
execute if entity @s[tag=aj.beast.bone.waist] run data modify entity @s {} merge value {transformation:[-5.023832916666667f,0f,6.152420900846945e-16f,0.0000012500000003474323f,0f,5.023832916666667f,0f,-4.702144166666667f,-6.152420900846945e-16f,0f,-5.023832916666667f,-2.837f,0f,0f,0f,1f],start_interpolation:0}
execute if entity @s[tag=aj.beast.bone.hip] run data modify entity @s {} merge value {transformation:[-4.393932083333333f,0f,5.381014861525027e-16f,1.6968989248558029e-16f,0f,4.393932083333333f,0f,-7.86821125f,-5.381014861525027e-16f,0f,-4.393932083333333f,-1.385623125f,0f,0f,0f,1f],start_interpolation:0}
execute if entity @s[tag=aj.beast.bone.right_foot] run data modify entity @s {} merge value {transformation:[-2.04f,0f,2.4982794702606004e-16f,-2.025f,0f,2.04f,0f,-15.91192f,-2.4982794702606004e-16f,0f,-2.04f,-2.1758325000000003f,0f,0f,0f,1f],start_interpolation:0}
execute if entity @s[tag=aj.beast.bone.right_knee] run data modify entity @s {} merge value {transformation:[-2.85f,0f,3.4902433775699566e-16f,-2.019375f,0f,2.85f,0f,-12.233046875f,-3.4902433775699566e-16f,0f,-2.85f,-0.8183781250000004f,0f,0f,0f,1f],start_interpolation:0}
execute if entity @s[tag=aj.beast.bone.right_thigh] run data modify entity @s {} merge value {transformation:[-3.8249999999999997f,0f,4.684274006738626e-16f,-1.6874999999999996f,0f,3.8249999999999997f,0f,-8.62699625f,-4.684274006738626e-16f,0f,-3.8249999999999997f,-2.6872187500000004f,0f,0f,0f,1f],start_interpolation:0}
execute if entity @s[tag=aj.beast.bone.right_leg] run data modify entity @s {} merge value {transformation:[-1.7250000000000003f,0f,2.1125157285291847e-16f,-1.6701387499999996f,0f,1.7250000000000003f,0f,-8.634594374999999f,-2.1125157285291847e-16f,0f,-1.7250000000000003f,-2.6401250000000003f,0f,0f,0f,1f],start_interpolation:0}
execute if entity @s[tag=aj.beast.bone.left_foot] run data modify entity @s {} merge value {transformation:[-2.04f,0f,2.4982794702606004e-16f,2.025f,0f,2.04f,0f,-15.91192f,-2.4982794702606004e-16f,0f,-2.04f,-2.1133324999999994f,0f,0f,0f,1f],start_interpolation:0}
execute if entity @s[tag=aj.beast.bone.left_knee] run data modify entity @s {} merge value {transformation:[-2.85f,0f,3.4902433775699566e-16f,2.019375f,0f,2.85f,0f,-12.233046875f,-3.4902433775699566e-16f,0f,-2.85f,-0.8183781249999995f,0f,0f,0f,1f],start_interpolation:0}
execute if entity @s[tag=aj.beast.bone.left_thigh] run data modify entity @s {} merge value {transformation:[-3.8249999999999997f,0f,4.684274006738626e-16f,1.6875000000000004f,0f,3.8249999999999997f,0f,-8.62699625f,-4.684274006738626e-16f,0f,-3.8249999999999997f,-2.6872187499999995f,0f,0f,0f,1f],start_interpolation:0}
execute if entity @s[tag=aj.beast.bone.left_leg] run data modify entity @s {} merge value {transformation:[-1.7250000000000003f,0f,2.1125157285291847e-16f,1.6701387500000004f,0f,1.7250000000000003f,0f,-8.634594374999999f,-2.1125157285291847e-16f,0f,-1.7250000000000003f,-2.6401249999999994f,0f,0f,0f,1f],start_interpolation:0}