execute if entity @s[tag=aj.beast.bone.right_thumb] run data modify entity @s {} merge value {transformation:[-0.9928018046320897f,-0.30987568819373534f,0.14429703595613116f,-0.5438562014992763f,0.12753244114718829f,0.07545311384394195f,1.0394913679614142f,13.515046487811802f,-0.3171435844760304f,1.0003918659593911f,-0.03370550916368014f,-0.9193646947938354f,0f,0f,0f,1f],start_interpolation:0}
execute if entity @s[tag=aj.beast.bone.right_fingers_2] run data modify entity @s {} merge value {transformation:[0.7761181234778305f,-0.6266574875396405f,0.07029261497310123f,0.30408529093428527f,0.05628666880927516f,0.1798717234076078f,0.9820783950544538f,13.977098111605523f,-0.6280704334098255f,-0.7582523039390534f,0.17487416689583213f,-1.9250875245114798f,0f,0f,0f,1f],start_interpolation:0}
execute if entity @s[tag=aj.beast.bone.right_fingers] run data modify entity @s {} merge value {transformation:[-0.32341738497170064f,-0.9436419571947351f,0.07029261497310123f,-0.646620284723128f,0.18827530570764572f,0.008627585291408876f,0.9820783950544538f,14.068922107260835f,-0.9273368343588857f,0.3308555899387666f,0.17487416689583213f,-2.057508634554477f,0f,0f,0f,1f],start_interpolation:0}
execute if entity @s[tag=aj.beast.locator_origin.consume] at @s on origin run tp @s ^0.06335 ^13.00094 ^-1.83306 ~158.10179 ~79.13632
execute if entity @s[tag=aj.beast.bone.right_hand] run data modify entity @s {} merge value {transformation:[-1.0453568635005506f,-0.06543331270278054f,0.07380724572175629f,-0.8468880075872809f,0.08402172416769238f,-0.17917417084167347f,1.0311823148071766f,13.75983723398817f,-0.05166602171814455f,1.0325284974720743f,0.18361787524062373f,-0.5997223146006956f,0f,0f,0f,1f],start_interpolation:0}
execute if entity @s[tag=aj.beast.bone.right_forearm] run data modify entity @s {} merge value {transformation:[-3.1674556625222303f,-2.8153888907079354f,0.562525572782423f,-5.157666787797362f,1.911628040036007f,-1.4431771719470807f,3.540980497958004f,11.116349570532591f,-2.142084933541139f,2.8751434824107753f,2.328228316348482f,3.3031886463038242f,0f,0f,0f,1f],start_interpolation:0}
execute if entity @s[tag=aj.beast.bone.right_bicep] run data modify entity @s {} merge value {transformation:[-2.6673310842292475f,-0.06536065250306393f,-2.4168311633642934f,-4.125f,1.6097920337145326f,-2.7329965867229684f,-1.7027328813263218f,8.173780616821748f,-1.8038609966662231f,-2.3423188600327207f,2.0541732796045618f,0.048288022622949844f,0f,0f,0f,1f],start_interpolation:0}
execute if entity @s[tag=aj.beast.bone.right_arm] run data modify entity @s {} merge value {transformation:[-1.2000000000000004f,1.2512790766625999e-16f,-7.706846043223315e-17f,-4.25f,0f,-0.6293117369505331f,-1.0217469049311108f,7.478036487301364f,-1.4695761589768243e-16f,-1.0217469049311108f,0.6293117369505331f,-1.1134711152316674f,0f,0f,0f,1f],start_interpolation:0}
execute if entity @s[tag=aj.beast.bone.left_thumb] run data modify entity @s {} merge value {transformation:[-1.01736394655284f,0.09919222239658376f,-0.24006562284187472f,0.6177177140543273f,-0.25962600664512003f,-0.4184238820802898f,0.927370363758929f,13.416802653497568f,-0.008058345235755555f,0.9579051925534632f,0.4299450024726127f,-1.0625975692233323f,0f,0f,0f,1f],start_interpolation:0}
execute if entity @s[tag=aj.beast.bone.left_fingers_2] run data modify entity @s {} merge value {transformation:[-0.3701593063159011f,0.9003935892672575f,-0.22863392651607115f,-0.07722014636964936f,-0.4678906324475224f,0.0319167850330134f,0.883209870246599f,14.367151505618642f,0.8025337650314716f,0.4339040253784031f,0.4094714309262978f,-2.6762482617504f,0f,0f,0f,1f],start_interpolation:0}
execute if entity @s[tag=aj.beast.bone.left_fingers] run data modify entity @s {} merge value {transformation:[-0.9114526423128368f,0.34202428052229256f,-0.22863392651607115f,0.622791871254994f,-0.3419766996218372f,-0.3209240751560123f,0.883209870246599f,14.24627530263139f,0.22870508900482267f,0.8831914455645883f,0.4094714309262978f,-2.0241898235091016f,0f,0f,0f,1f],start_interpolation:0}
execute if entity @s[tag=aj.beast.bone.left_hand] run data modify entity @s {} merge value {transformation:[-1.01736394655284f,0.09919222239658376f,-0.24006562284187472f,0.8784297373586423f,-0.25962600664512003f,-0.4184238820802898f,0.927370363758929f,13.619099964029914f,-0.008058345235755555f,0.9579051925534632f,0.4299450024726127f,-0.6817733641286088f,0f,0f,0f,1f],start_interpolation:0}
execute if entity @s[tag=aj.beast.bone.left_forearm] run data modify entity @s {} merge value {transformation:[-3.167705562455347f,2.800992720878756f,-0.629051863659646f,5.177630300846096f,-1.910470580654332f,-1.357655444823473f,3.57526206782041f,11.097692330975171f,2.1427479156549776f,2.930330437122306f,2.257746641948748f,3.313590542999559f,0f,0f,0f,1f],start_interpolation:0}
execute if entity @s[tag=aj.beast.bone.left_bicep] run data modify entity @s {} merge value {transformation:[-2.6675415262781876f,0.048838171459923405f,2.4169892508221653f,4.125f,-1.6088173310773326f,-2.722370243424216f,-1.7205833467006442f,8.173780616821748f,1.8044192973936657f,-2.355061589582496f,2.039057603028057f,0.048288022622950955f,0f,0f,0f,1f],start_interpolation:0}
execute if entity @s[tag=aj.beast.bone.left_arm] run data modify entity @s {} merge value {transformation:[-1.2000000000000004f,1.2512790766625999e-16f,-7.706846043223315e-17f,4.25f,0f,-0.6293117369505331f,-1.0217469049311108f,7.478036487301364f,-1.4695761589768243e-16f,-1.0217469049311108f,0.6293117369505331f,-1.1134711152316663f,0f,0f,0f,1f],start_interpolation:0}
execute if entity @s[tag=aj.beast.bone.waist] run data modify entity @s {} merge value {transformation:[-5.023832916666667f,0f,6.152420900846945e-16f,0.0000012500000003321243f,0f,5.023832916666667f,0f,3.568689166666667f,-6.152420900846945e-16f,0f,-5.023832916666667f,-2.712f,0f,0f,0f,1f],start_interpolation:0}
execute if entity @s[tag=aj.beast.bone.hip] run data modify entity @s {} merge value {transformation:[-4.393932083333333f,0f,5.381014861525027e-16f,1.5438180749623837e-16f,0f,4.393932083333333f,0f,0.12553875000000048f,-5.381014861525027e-16f,0f,-4.393932083333333f,-1.260623125f,0f,0f,0f,1f],start_interpolation:0}
execute if entity @s[tag=aj.beast.bone.right_foot] run data modify entity @s {} merge value {transformation:[-2.04f,0f,2.4982794702606004e-16f,-2.025f,0f,2.04f,0f,-7.97442f,-2.4982794702606004e-16f,0f,-2.04f,-2.0508325000000003f,0f,0f,0f,1f],start_interpolation:0}
execute if entity @s[tag=aj.beast.bone.right_knee] run data modify entity @s {} merge value {transformation:[-2.85f,0f,3.4902433775699566e-16f,-2.019375f,0f,2.85f,0f,-4.295546874999999f,-3.4902433775699566e-16f,0f,-2.85f,-0.6933781250000004f,0f,0f,0f,1f],start_interpolation:0}
execute if entity @s[tag=aj.beast.bone.right_thigh] run data modify entity @s {} merge value {transformation:[-3.8250000000000006f,0f,4.684274006738627e-16f,-1.6874999999999996f,0f,3.8250000000000006f,0f,-0.689496249999999f,-4.684274006738627e-16f,0f,-3.8250000000000006f,-2.5622187500000004f,0f,0f,0f,1f],start_interpolation:0}
execute if entity @s[tag=aj.beast.bone.right_leg] run data modify entity @s {} merge value {transformation:[-1.7250000000000003f,0f,2.1125157285291847e-16f,-1.6701387499999996f,0f,1.7250000000000003f,0f,-0.6970943749999989f,-2.1125157285291847e-16f,0f,-1.7250000000000003f,-2.5151250000000003f,0f,0f,0f,1f],start_interpolation:0}
execute if entity @s[tag=aj.beast.bone.left_foot] run data modify entity @s {} merge value {transformation:[-2.04f,0f,2.4982794702606004e-16f,2.025f,0f,2.04f,0f,-7.97442f,-2.4982794702606004e-16f,0f,-2.04f,-1.9883324999999996f,0f,0f,0f,1f],start_interpolation:0}
execute if entity @s[tag=aj.beast.bone.left_knee] run data modify entity @s {} merge value {transformation:[-2.85f,0f,3.4902433775699566e-16f,2.019375f,0f,2.85f,0f,-4.295546874999999f,-3.4902433775699566e-16f,0f,-2.85f,-0.6933781249999995f,0f,0f,0f,1f],start_interpolation:0}
execute if entity @s[tag=aj.beast.bone.left_thigh] run data modify entity @s {} merge value {transformation:[-3.8250000000000006f,0f,4.684274006738627e-16f,1.6875000000000004f,0f,3.8250000000000006f,0f,-0.689496249999999f,-4.684274006738627e-16f,0f,-3.8250000000000006f,-2.5622187499999995f,0f,0f,0f,1f],start_interpolation:0}
execute if entity @s[tag=aj.beast.bone.left_leg] run data modify entity @s {} merge value {transformation:[-1.7250000000000003f,0f,2.1125157285291847e-16f,1.6701387500000004f,0f,1.7250000000000003f,0f,-0.6970943749999989f,-2.1125157285291847e-16f,0f,-1.7250000000000003f,-2.5151249999999994f,0f,0f,0f,1f],start_interpolation:0}