execute if entity @s[tag=aj.beast.bone.right_thumb] run data modify entity @s {} merge value {transformation:[-0.5512073949832667f,-0.8303993701879664f,-0.3303139320513003f,-2.644931585216109f,0.5682789342865212f,-0.6252056174298615f,0.6234396432537176f,2.7697449957995106f,-0.6897314408970626f,0.14850865942959554f,0.7776346941286039f,1.1714595896467905f,0f,0f,0f,1f],start_interpolation:0}
execute if entity @s[tag=aj.beast.bone.right_fingers_2] run data modify entity @s {} merge value {transformation:[0.87582619915114f,-0.0644758140241519f,-0.4783004686244727f,-1.6742347435851639f,0.30786934405247823f,0.8378506969016535f,0.4508022589718357f,3.590341454150806f,0.3716785383542664f,-0.5420784805794603f,0.7536617178943743f,1.7444726628354825f,0f,0f,0f,1f],start_interpolation:0}
execute if entity @s[tag=aj.beast.bone.right_fingers] run data modify entity @s {} merge value {transformation:[0.2389627555043886f,-0.8450594435868752f,-0.4783004686244727f,-2.2891468196191687f,0.8926196343772227f,-0.0027407353324967465f,0.4508022589718357f,3.987590436848044f,-0.38226560112835484f,-0.5346653394175441f,0.7536617178943743f,1.1168705017152576f,0f,0f,0f,1f],start_interpolation:0}
execute if entity @s[tag=aj.beast.locator_origin.right_hand] at @s on origin run tp @s ^-1.4716 ^2.98639 ^0.96122 ~-147.59934 ~26.79517
execute if entity @s[tag=aj.beast.bone.right_hand] run data modify entity @s {} merge value {transformation:[-0.7237503380115236f,-0.5713711996307299f,-0.5022154920556962f,-3.145665692744683f,0.35601156801233397f,-0.8670079367492215f,0.4733423719204273f,2.756670341132411f,-0.6722657299532707f,0.1559877874911918f,0.7913448037890927f,1.2263817444932332f,0f,0f,0f,1f],start_interpolation:0}
execute if entity @s[tag=aj.beast.bone.right_forearm] run data modify entity @s {} merge value {transformation:[-3.218905941430278f,-2.653217275000661f,-0.9352580562940462f,-6.9948339068716505f,2.519972893082922f,-3.351151115942877f,0.8337552496039211f,-2.3159176838473483f,-1.2506023182259587f,0.07648064953224053f,4.087269204725202f,0.7201115837227792f,0f,0f,0f,1f],start_interpolation:0}
execute if entity @s[tag=aj.beast.bone.right_bicep] run data modify entity @s {} merge value {transformation:[-2.7106576348886557f,1.7992133670273944f,-1.5411575021164405f,-3.9944228364818946f,2.1220824362803556f,0.8029661737059423f,-2.7949975773718427f,-0.7150941232316552f,-1.0531387942955441f,-3.0129846637170234f,-1.6651792985008382f,-2.2386699473235856f,0f,0f,0f,1f],start_interpolation:0}
execute if entity @s[tag=aj.beast.bone.right_arm] run data modify entity @s {} merge value {transformation:[-1.0349060878313217f,0.5960583901534936f,0.11697771111324726f,-3.188734221022833f,0.1405104404016398f,0.4597399851701388f,-1.099498050100089f,-0.1991797849167758f,-0.5909536407433379f,-0.9345338632512928f,-0.46628344698134827f,-3.2096779293152693f,0f,0f,0f,1f],start_interpolation:0}
execute if entity @s[tag=aj.beast.bone.left_thumb] run data modify entity @s {} merge value {transformation:[-0.7325471484523715f,-0.02264850974236867f,-0.7519053931850408f,-1.0252451820769104f,-0.38392331632391496f,-0.891287489564305f,0.4008858916562262f,3.2006923658000717f,-0.6468984174328671f,0.5546112656199925f,0.6135379218681136f,1.4364965771164426f,0f,0f,0f,1f],start_interpolation:0}
execute if entity @s[tag=aj.beast.bone.left_fingers_2] run data modify entity @s {} merge value {transformation:[-0.4218876768195916f,0.5560674795771039f,-0.7161003744619431f,-1.5400527964135131f,-0.9036700575940508f,-0.19393858496120997f,0.3817960872916437f,4.791536955252605f,0.07342489465932212f,0.8081935309194269f,0.584321830350584f,0.34372178764597294f,0f,0f,0f,1f],start_interpolation:0}
execute if entity @s[tag=aj.beast.bone.left_fingers] run data modify entity @s {} merge value {transformation:[-0.6794743574562593f,0.15973368854086065f,-0.7161003744619431f,-1.0996552815387746f,-0.5728796414406409f,-0.7252866082809157f,0.3817960872916437f,4.428538642847117f,-0.4583923144886338f,0.6696599768490697f,0.584321830350584f,1.1209542768228853f,0f,0f,0f,1f],start_interpolation:0}
execute if entity @s[tag=aj.beast.bone.left_hand] run data modify entity @s {} merge value {transformation:[-0.7325471484523707f,-0.02264850974236865f,-0.7519053931850399f,-1.0152865393509725f,-0.3839233163239146f,-0.8912874895643041f,0.40088589165622573f,3.170024390308564f,-0.6468984174328664f,0.554611265619992f,0.6135379218681131f,1.9393706536449384f,0f,0f,0f,1f],start_interpolation:0}
execute if entity @s[tag=aj.beast.bone.left_forearm] run data modify entity @s {} merge value {transformation:[-2.7407806349773804f,1.2960707560853275f,-3.013958710094317f,1.392872545989818f,-2.9538153620327092f,-2.6840007741218344f,1.5319071941645068f,-1.0079976500923513f,-1.427837987291473f,3.064631370937425f,2.616283287855815f,6.128458422731995f,0f,0f,0f,1f],start_interpolation:0}
execute if entity @s[tag=aj.beast.bone.left_bicep] run data modify entity @s {} merge value {transformation:[-2.3080257978756893f,2.3583385434208144f,1.4391859612142164f,3.4796081176047284f,-2.487423462764387f,-0.957635053158089f,-2.4198470244732695f,-1.6926386377682876f,-1.2023898840349247f,-2.545815079611774f,2.2434536204681796f,2.1919254069741063f,0f,0f,0f,1f],start_interpolation:0}
execute if entity @s[tag=aj.beast.bone.left_arm] run data modify entity @s {} merge value {transformation:[-0.9926244431520261f,0.644416282658598f,0.19855570881141735f,4.074715026396178f,0.0751922031243647f,0.4569240941479822f,-1.1070530722491814f,-1.1517092462435516f,-0.6701065940926375f,-0.9032984151605273f,-0.41834092044891497f,1.0912885862452402f,0f,0f,0f,1f],start_interpolation:0}
execute if entity @s[tag=aj.beast.bone.chest] run data modify entity @s {} merge value {transformation:[-5.227610700532998f,0.14168513809919747f,3.0650244422126085f,8.344437127690384e-19f,0.7097589727387296f,5.9466938095508315f,0.9356484821302808f,0.3544068749999987f,-2.9850781749119677f,1.1658135370365392f,-5.145148222604728f,-0.006813750000000063f,0f,0f,0f,1f],start_interpolation:0}
execute if entity @s[tag=aj.beast.bone.waist] run data modify entity @s {} merge value {transformation:[-4.496393185773435f,0.31639446515392966f,2.2183868093580275f,0.6597234722222225f,0.258096847829324f,5.013526789627772f,-0.19191748593790403f,-5.050755277777778f,-2.2259226200958326f,-0.057800057855659934f,-4.5034236772972065f,-2.4550555555555555f,0f,0f,0f,1f],start_interpolation:0}
execute if entity @s[tag=aj.beast.bone.hip] run data modify entity @s {} merge value {transformation:[-3.933672846363346f,0.13583762843954794f,1.9530502373030787f,0.10416666666666685f,0.24371447160804535f,4.383222875899059f,0.1860097563838957f,-8.080016805555555f,-1.9425396642175687f,0.2748536189339778f,-3.931619805378744f,-1.4897897916666667f,0f,0f,0f,1f],start_interpolation:0}
execute if entity @s[tag=aj.beast.bone.right_foot] run data modify entity @s {} merge value {transformation:[-1.848867885554766f,0f,0.8621412539510271f,-1.2724612191265137f,0f,2.04f,0f,-16.06192f,-0.8621412539510271f,0f,-1.848867885554766f,-2.738861356038332f,0f,0f,0f,1f],start_interpolation:0}
execute if entity @s[tag=aj.beast.bone.right_knee] run data modify entity @s {} merge value {transformation:[-2.5829771930544525f,0f,1.2044620459609938f,-1.8410482461792403f,0f,2.85f,0f,-12.383046875f,-1.2044620459609938f,0f,-2.5829771930544525f,-1.506212657706572f,0f,0f,0f,1f],start_interpolation:0}
execute if entity @s[tag=aj.beast.bone.right_thigh] run data modify entity @s {} merge value {transformation:[-3.4666272854151856f,0f,1.6165148511581757f,-0.7504611729485494f,0f,3.8249999999999997f,0f,-8.77699625f,-1.6165148511581757f,0f,-3.4666272854151856f,-3.059701033259317f,0f,0f,0f,1f],start_interpolation:0}
execute if entity @s[tag=aj.beast.bone.right_leg] run data modify entity @s {} merge value {transformation:[-1.5633809326382215f,0f,0.7290165015027068f,-0.8263887499999996f,0f,1.7250000000000003f,0f,-8.784594375f,-0.7290165015027068f,0f,-1.5633809326382215f,-3.077625f,0f,0f,0f,1f],start_interpolation:0}
execute if entity @s[tag=aj.beast.bone.left_foot] run data modify entity @s {} merge value {transformation:[-1.7676905102676876f,0.30373088024773465f,0.9719145087370072f,0.630381139786883f,-0.008867120002178812f,1.9424695086690873f,-0.6231641694399177f,-15.306762421312927f,-1.0182296568517482f,-0.5442056231561851f,-1.6818586758799796f,1.1431373079366305f,0f,0f,0f,1f],start_interpolation:0}
execute if entity @s[tag=aj.beast.bone.left_knee] run data modify entity @s {} merge value {transformation:[-2.4886364011007576f,0.4243299062284528f,1.3225479173914345f,0.5722822263231138f,0f,2.7137441665229893f,-0.8706851317568518f,-11.408159613255755f,-1.388952433712641f,-0.7602872676446705f,-2.36965702318735f,1.23569326434668f,0f,0f,0f,1f],start_interpolation:0}
execute if entity @s[tag=aj.beast.bone.left_thigh] run data modify entity @s {} merge value {transformation:[-3.340012012003648f,0.7878113111048334f,1.689466808720024f,1.850652210906912f,0f,3.4666272854151856f,-1.6165148511581753f,-8.929774027777778f,-1.8641203715617023f,-1.411550070706038f,-3.0270788952748546f,-1.7357848997239378f,0f,0f,0f,1f],start_interpolation:0}
execute if entity @s[tag=aj.beast.bone.left_leg] run data modify entity @s {} merge value {transformation:[-1.5062799269820377f,0f,0.8406817361944934f,1.947916527777778f,0f,1.7250000000000003f,0f,-8.937372152777778f,-0.8406817361944934f,0f,-1.5062799269820377f,-1.9456805555555552f,0f,0f,0f,1f],start_interpolation:0}