execute if entity @s[tag=aj.beast.bone.right_thumb] run data modify entity @s {} merge value {transformation:[0.7585872958605228f,0.3764658727087343f,-0.6207404942845852f,-10.383479409205274f,-0.0492688342097879f,-0.8690248700676061f,-0.5872549337209425f,16.482008360349973f,-0.7243051128734551f,0.45339742157364704f,-0.6101744681447601f,-7.919949674443644f,0f,0f,0f,1f],start_interpolation:0}
execute if entity @s[tag=aj.beast.bone.right_fingers_2] run data modify entity @s {} merge value {transformation:[-0.7913167371465292f,0.3524934000985539f,-0.4995660360740427f,-11.482477397699155f,0.6045975988839906f,0.32953541943089837f,-0.7251676707935999f,17.13636239229412f,-0.09099211468849389f,-0.8758737410308993f,-0.4738835562003112f,-8.474926349648086f,0f,0f,0f,1f],start_interpolation:0}
execute if entity @s[tag=aj.beast.bone.right_fingers] run data modify entity @s {} merge value {transformation:[0.06058918309348932f,0.8641543418240355f,-0.4995660360740427f,-10.717377696008521f,0.5164465593514621f,-0.4554281508315242f,-0.7251676707935999f,16.97837993608999f,-0.8541732272941481f,-0.21406184372009524f,-0.4738835562003112f,-9.040144960588874f,0f,0f,0f,1f],start_interpolation:0}
execute if entity @s[tag=aj.beast.locator_origin.consume] at @s on origin run tp @s ^-10.79939 ^17.61988 ^-7.91021 ~-46.51128 ~-46.4828
execute if entity @s[tag=aj.beast.bone.right_hand] run data modify entity @s {} merge value {transformation:[0.8626390351870221f,0.2884564656443016f,-0.5245443378777449f,-10.189767073615908f,-0.2342814653727973f,-0.6839901744654141f,-0.7614260543332799f,16.024563753257492f,-0.5508775634879122f,0.7425970028641177f,-0.4975777340103268f,-8.004460020630354f,0f,0f,0f,1f],start_interpolation:0}
execute if entity @s[tag=aj.beast.bone.right_forearm] run data modify entity @s {} merge value {transformation:[3.029850666389167f,2.60416571909101f,1.5211675932954658f,-6.502534229478162f,3.0141399709518124f,-2.6882669080697625f,-1.4013587215583427f,12.274120836750196f,0.10290857540418373f,2.065712210954913f,-3.7413724602904805f,-4.379263947225203f,0f,0f,0f,1f],start_interpolation:0}
execute if entity @s[tag=aj.beast.bone.right_bicep] run data modify entity @s {} merge value {transformation:[2.551453192748773f,2.5068972800747398f,0.406881595019939f,-3.9351498518954555f,2.538223133433106f,-2.5367099304338043f,-0.28727348249281104f,8.996145773700563f,0.08665985297194422f,0.49047808920725317f,-3.565378144585857f,-2.652154293563977f,0f,0f,0f,1f],start_interpolation:0}
execute if entity @s[tag=aj.beast.bone.right_arm] run data modify entity @s {} merge value {transformation:[-1.0280075359988927f,0.5539087937164684f,0.2763793664025106f,-3.3594916466436926f,0.5346226164634441f,1.0645111822656161f,-0.1448951372449815f,9.588983025780784f,-0.3120563473080902f,-0.000995527512346395f,-1.158714738419127f,-2.571517479402742f,0f,0f,0f,1f],start_interpolation:0}
execute if entity @s[tag=aj.beast.bone.left_thumb] run data modify entity @s {} merge value {transformation:[-0.7360590779937641f,0.5850265752334052f,-0.46739805302722726f,4.650283534625785f,0.7098884069663576f,0.3366220462602108f,-0.6965946078074069f,2.967415268268922f,-0.23827606543196295f,-0.8043192800388794f,-0.6315021871696106f,1.229261483102841f,0f,0f,0f,1f],start_interpolation:0}
execute if entity @s[tag=aj.beast.bone.left_fingers_2] run data modify entity @s {} merge value {transformation:[-0.7010086457083468f,0.5571681668889573f,-0.44514100288307357f,3.1797935038024696f,0.6760841971108167f,0.32059242500972457f,-0.6634234360070541f,2.2482252329300576f,-0.22692958612567898f,-0.7660183619417898f,-0.6014306544472482f,2.5497843489795713f,0f,0f,0f,1f],start_interpolation:0}
execute if entity @s[tag=aj.beast.bone.left_fingers] run data modify entity @s {} merge value {transformation:[-0.7010086457083468f,0.5571681668889573f,-0.44514100288307357f,3.969332467008397f,0.6760841971108167f,0.32059242500972457f,-0.6634234360070541f,2.2193269772557414f,-0.22692958612567898f,-0.7660183619417898f,-0.6014306544472482f,1.9969722610618859f,0f,0f,0f,1f],start_interpolation:0}
execute if entity @s[tag=aj.beast.bone.left_hand] run data modify entity @s {} merge value {transformation:[-0.7360590779937641f,0.5850265752334052f,-0.46739805302722726f,4.904443266097828f,0.7098884069663576f,0.3366220462602108f,-0.6965946078074069f,2.671827283405143f,-0.23827606543196295f,-0.8043192800388794f,-0.6315021871696106f,0.9099612948280655f,0f,0f,0f,1f],start_interpolation:0}
execute if entity @s[tag=aj.beast.bone.left_forearm] run data modify entity @s {} merge value {transformation:[-3.5804786068947743f,2.335716236891631f,-0.015086626185158996f,8.426623777246283f,0.9750873113009823f,1.469582717897888f,-3.894246572906711f,5.419062286568916f,-2.122499159224493f,-3.2650239349776062f,-1.763587543365702f,-3.6562733653463044f,0f,0f,0f,1f],start_interpolation:0}
execute if entity @s[tag=aj.beast.bone.left_bicep] run data modify entity @s {} merge value {transformation:[-2.337315349553922f,-2.1730970080490226f,1.6657149667179008f,4.982785237433236f,-0.5053885341179787f,2.494855110128238f,2.545639489214665f,7.539297820487563f,-2.69101084842141f,1.418924724245584f,-1.92486707089162f,-1.665276578707049f,0f,0f,0f,1f],start_interpolation:0}
execute if entity @s[tag=aj.beast.bone.left_arm] run data modify entity @s {} merge value {transformation:[-1.1257649344827898f,-0.25871018271431506f,-0.32514974034879196f,4.460896961836326f,-0.36007086641308045f,0.13876348774306158f,1.1362630266051588f,7.604894397562049f,-0.20736991934582674f,1.1635350170189585f,-0.20780755693958405f,-0.39265176949524705f,0f,0f,0f,1f],start_interpolation:0}
execute if entity @s[tag=aj.beast.bone.chest] run data modify entity @s {} merge value {transformation:[-5.793744010367845f,0.5629432578568389f,1.6905585990453786f,-1.447364127657288e-17f,0.9588009593444791f,5.832440134178642f,1.3437655850736572f,8.791906875000002f,-1.5018635786025478f,1.5518054374507682f,-5.663803388325851f,0.11818624999999994f,0f,0f,0f,1f],start_interpolation:0}
execute if entity @s[tag=aj.beast.bone.waist] run data modify entity @s {} merge value {transformation:[-4.899141295578547f,0.4693890858557377f,1.0084570524419894f,-0.09821303571428505f,0.4596748301986005f,5.001856747550391f,-0.09500158972364613f,3.4145225000000003f,-1.012921907662362f,-0.000371008958257564f,-4.920659127181389f,-2.551285714285714f,0f,0f,0f,1f],start_interpolation:0}
execute if entity @s[tag=aj.beast.bone.hip] run data modify entity @s {} merge value {transformation:[-4.3099399136034835f,0.09821802423162544f,0.8493587662405296f,-0.23214285714285685f,0.178572847745331f,4.371989509677397f,0.4005728626166713f,0.4755387500000001f,-0.8361631611843f,0.4274343223617256f,-4.29240844059503f,-1.5909802678571427f,0f,0f,0f,1f],start_interpolation:0}
execute if entity @s[tag=aj.beast.bone.right_foot] run data modify entity @s {} merge value {transformation:[-1.3460046022120877f,-0.6985974949330326f,1.3644900699151938f,0.3313683925732165f,0.0368882741495903f,1.8005568710283033f,0.9582453805904991f,-6.336145673257673f,-1.5324851927683163f,0.6569295961258386f,-1.175386166193817f,-4.717180287487638f,0f,0f,0f,1f],start_interpolation:0}
execute if entity @s[tag=aj.beast.bone.right_knee] run data modify entity @s {} merge value {transformation:[-1.8804476060315933f,-0.9759817943917367f,1.9062728917932856f,-1.832706748830926f,0.051535088885457034f,2.5154838639366f,1.3387251640602562f,-3.7268131232028137f,-2.140971960485148f,0.9177692887052157f,-1.6420836145354796f,-2.7461440330621247f,0f,0f,0f,1f],start_interpolation:0}
execute if entity @s[tag=aj.beast.bone.right_thigh] run data modify entity @s {} merge value {transformation:[-2.523758629147665f,-0.49756923714098955f,2.8308465581966176f,-0.6997097324715512f,0.06916551403048182f,3.755645560332049f,0.7217808232608238f,0.1605037500000006f,-2.8734097364405935f,0.5274241930449408f,-2.46900085198837f,-3.2059186469456344f,0f,0f,0f,1f],start_interpolation:0}
execute if entity @s[tag=aj.beast.bone.right_leg] run data modify entity @s {} merge value {transformation:[-1.4155721229802622f,0f,0.9857893104721484f,-0.8487101785714276f,0f,1.7250000000000003f,0f,0.1529056250000007f,-0.9857893104721484f,0f,-1.4155721229802622f,-3.2740535714285715f,0f,0f,0f,1f],start_interpolation:0}
execute if entity @s[tag=aj.beast.bone.left_foot] run data modify entity @s {} merge value {transformation:[-1.8973083346761699f,0f,0.7495472521251347f,1.7330921027621677f,0f,2.0399999999999996f,0f,-7.134868113958964f,-0.7495472521251347f,0f,-1.8973083346761697f,-1.4109334886836853f,0f,0f,0f,1f],start_interpolation:0}
execute if entity @s[tag=aj.beast.bone.left_knee] run data modify entity @s {} merge value {transformation:[-2.737163303818303f,0f,0.7940006600944813f,1.3669197616652506f,0f,2.8499999999999996f,0f,-3.455994988958963f,-0.7940006600944813f,0f,-2.7371633038183028f,-0.16881582494476088f,0f,0f,0f,1f],start_interpolation:0}
execute if entity @s[tag=aj.beast.bone.left_thigh] run data modify entity @s {} merge value {transformation:[-3.673561276177197f,0.07963481382799224f,1.0626527403615684f,1.6463613723039192f,0f,3.8143045242180147f,-0.28584260796807287f,0.18728946428571414f,-1.0656324648636462f,-0.27452557796418614f,-3.6632892537816426f,-2.323374578077889f,0f,0f,0f,1f],start_interpolation:0}
execute if entity @s[tag=aj.beast.bone.left_leg] run data modify entity @s {} merge value {transformation:[-1.6567041049426574f,0f,0.48057934689929144f,1.6165673214285718f,0f,1.7250000000000003f,0f,-0.0078086607142857645f,-0.48057934689929144f,0f,-1.6567041049426574f,-2.282982142857142f,0f,0f,0f,1f],start_interpolation:0}