execute if entity @s[tag=aj.beast.bone.right_thumb] run data modify entity @s {} merge value {transformation:[0.22094669755793003f,-1.0220978192957737f,-0.09486097526944136f,1.3419725994959448f,-0.9425319212300625f,-0.16357211508068228f,-0.4328715059118594f,-8.273229477612611f,0.40659086844223813f,0.17623907330344488f,-0.9519052761386141f,2.9281001199852867f,0f,0f,0f,1f],start_interpolation:0}
execute if entity @s[tag=aj.beast.bone.right_fingers_2] run data modify entity @s {} merge value {transformation:[0.12478498482533847f,-0.9880620971875121f,-0.09034378597089647f,3.355508624029067f,-0.9078110018040729f,-0.07695486108651921f,-0.41225857705891344f,-8.32377639723939f,0.400384680732949f,0.13345876313142435f,-0.9065764534653461f,2.378149738437989f,0f,0f,0f,1f],start_interpolation:0}
execute if entity @s[tag=aj.beast.bone.right_fingers] run data modify entity @s {} merge value {transformation:[-0.005250551241153777f,-0.9958967978902777f,-0.09034378597089647f,2.5025401163646874f,-0.9100891778277055f,0.04219661173899115f,-0.41225857705891344f,-8.695137127742258f,0.41437919845541865f,0.08005631711264233f,-0.9065764534653461f,2.631810971034526f,0f,0f,0f,1f],start_interpolation:0}
execute if entity @s[tag=aj.beast.locator_origin.right_hand] at @s on origin run tp @s ^2.27153 ^-7.54121 ^3.18867 ~-5.69095 ~-24.34679
execute if entity @s[tag=aj.beast.bone.right_hand] run data modify entity @s {} merge value {transformation:[-0.05112026018701647f,-1.0444558939320228f,-0.09486097526944126f,1.0123545341933982f,-0.952751503448552f,0.08594668141425035f,-0.43287150591185897f,-8.639997757500442f,0.43835064922380906f,0.0650004121874249f,-0.9519052761386131f,2.824393823048183f,0f,0f,0f,1f],start_interpolation:0}
execute if entity @s[tag=aj.beast.bone.right_forearm] run data modify entity @s {} merge value {transformation:[-0.3035290693209147f,-3.7722918124884948f,-1.9882931336977063f,-4.30684857753353f,1.6459038255433236f,1.7352134709648355f,-3.543396648308516f,-5.515131827850899f,3.933763554300008f,-1.017090798117079f,1.3291559755147369f,1.1676361867567255f,0f,0f,0f,1f],start_interpolation:0}
execute if entity @s[tag=aj.beast.bone.right_bicep] run data modify entity @s {} merge value {transformation:[-0.2556034267965598f,-1.42654161565278f,-3.2953976857157334f,-4.931165295392918f,1.3860242741417463f,3.0085251201596512f,-1.4098628702317855f,-1.6135487201000258f,3.3126429930947436f,-1.368851935082505f,0.33561999362549966f,-1.0020109507094346f,0f,0f,0f,1f],start_interpolation:0}
execute if entity @s[tag=aj.beast.bone.right_arm] run data modify entity @s {} merge value {transformation:[-1.1704401647418552f,0.0030251489369810735f,-0.26468976034778563f,-4.6801907793846365f,-0.02810661368808158f,1.1917180993177285f,0.13790572876254964f,-0.26492295279829836f,0.2632106362327481f,0.1407082806108086f,-1.1622914181656434f,-0.881742416856987f,0f,0f,0f,1f],start_interpolation:0}
execute if entity @s[tag=aj.beast.bone.left_thumb] run data modify entity @s {} merge value {transformation:[-0.7987828000373844f,0.48962607491771193f,-0.4740383371892109f,1.0790081230290374f,-0.26348068928839274f,0.4516903704856061f,0.9105238797432449f,-8.093088276763906f,0.6285093195303874f,0.8116292971370936f,-0.22075760302240668f,-11.82729554258081f,0f,0f,0f,1f],start_interpolation:0}
execute if entity @s[tag=aj.beast.bone.left_fingers_2] run data modify entity @s {} merge value {transformation:[-0.7607455238451275f,0.4663105475406777f,-0.4514650830373434f,-0.22095160503122357f,-0.2509339897984691f,0.43018130522438647f,0.8671655997554707f,-8.748665674438401f,0.5985803043146543f,0.7729802829877077f,-0.21024533621181574f,-13.34508303036182f,0f,0f,0f,1f],start_interpolation:0}
execute if entity @s[tag=aj.beast.bone.left_fingers] run data modify entity @s {} merge value {transformation:[-0.7607455238451275f,0.4663105475406777f,-0.4514650830373434f,0.5177200783102427f,-0.2509339897984691f,0.43018130522438647f,0.8671655997554707f,-8.268768901566025f,0.5985803043146543f,0.7729802829877077f,-0.21024533621181574f,-12.952818681018956f,0f,0f,0f,1f],start_interpolation:0}
execute if entity @s[tag=aj.beast.bone.left_hand] run data modify entity @s {} merge value {transformation:[-0.7987828000373836f,0.4896260749177114f,-0.4740383371892104f,1.3232022437132058f,-0.26348068928839247f,0.4516903704856056f,0.9105238797432439f,-7.6525739593322974f,0.6285093195303867f,0.8116292971370928f,-0.22075760302240643f,-11.842735869362595f,0f,0f,0f,1f],start_interpolation:0}
execute if entity @s[tag=aj.beast.bone.left_forearm] run data modify entity @s {} merge value {transformation:[-3.4723587077272215f,0.7613956204603968f,-2.374579270947732f,2.851598560589653f,-0.8689904837712611f,3.4462089068104866f,2.3757366667488773f,-2.8679745891004713f,2.337350111554948f,2.4123734950798563f,-2.6444042006187845f,-7.89619710071535f,0f,0f,0f,1f],start_interpolation:0}
execute if entity @s[tag=aj.beast.bone.left_bicep] run data modify entity @s {} merge value {transformation:[-3.4125064678874524f,0.9786691985386791f,-0.5974999635631498f,3.7952739183005892f,0.27074431438925123f,2.510577606003573f,2.5658717038190484f,-0.6383112289623897f,1.1142248977886826f,2.387301129741498f,-2.453425399942451f,-4.093886101900591f,0f,0f,0f,1f],start_interpolation:0}
execute if entity @s[tag=aj.beast.bone.left_arm] run data modify entity @s {} merge value {transformation:[-1.1704401647418552f,0.2569898585391616f,-0.06345103125309162f,3.8423054043175946f,-0.02810661368808158f,0.16536306087823308f,1.1882192879952636f,-0.4742711366182637f,0.2632106362327481f,1.1604358106784727f,-0.15527037795068466f,-2.727458981422685f,0f,0f,0f,1f],start_interpolation:0}
execute if entity @s[tag=aj.beast.bone.chest] run data modify entity @s {} merge value {transformation:[-5.912232618478318f,0.25813325868559894f,-1.3119587767179919f,8.344437127690384e-19f,-0.14197465470462142f,5.792707369726557f,1.7795358024448833f,0.3544068749999987f,1.3295532364176017f,1.766429080241266f,-5.643968430285156f,-0.006813750000000063f,0f,0f,0f,1f],start_interpolation:0}
execute if entity @s[tag=aj.beast.bone.waist] run data modify entity @s {} merge value {transformation:[-4.886083947719579f,-0.4274769629937207f,-1.087356554461425f,-0.4999987499999996f,-0.437855910611326f,5.0047157138169425f,5.726063014076669e-8f,-4.6479775f,1.083218829213785f,0.09476942844051527f,-4.904747995366661f,-3.212f,0f,0f,0f,1f],start_interpolation:0}
execute if entity @s[tag=aj.beast.bone.hip] run data modify entity @s {} merge value {transformation:[-4.32717838187575f,0f,-0.7629982990630914f,2.23268189948277e-16f,0f,4.393932083333333f,0f,-7.96196125f,0.7629982990630914f,0f,-4.32717838187575f,-1.823123125f,0f,0f,0f,1f],start_interpolation:0}
execute if entity @s[tag=aj.beast.bone.right_foot] run data modify entity @s {} merge value {transformation:[-2.038757287118955f,0.017825797696774934f,-0.06892724538113566f,-1.988563903658389f,0f,1.9750211863713403f,0.5107752082710588f,-15.337196324858459f,0.07119497327310147f,0.5104640578148645f,-1.9738180568278896f,-2.854078971587044f,0f,0f,0f,1f],start_interpolation:0}
execute if entity @s[tag=aj.beast.bone.right_knee] run data modify entity @s {} merge value {transformation:[-2.848263857004423f,0.013842652857392874f,-0.09849559301896883f,-1.9181603522783066f,0f,2.8222639959134757f,0.39664333773618515f,-11.883046875f,0.09946356560212705f,0.39640171333178065f,-2.8205447489421864f,-0.9991621517068412f,0f,0f,0f,1f],start_interpolation:0}
execute if entity @s[tag=aj.beast.bone.right_thigh] run data modify entity @s {} merge value {transformation:[-3.822669913348041f,0f,-0.13349057488706526f,-1.6517091187910309f,0f,3.8249999999999997f,0f,-8.27699625f,0.13349057488706526f,0f,-3.822669913348041f,-2.8784465999606175f,0f,0f,0f,1f],start_interpolation:0}
execute if entity @s[tag=aj.beast.bone.right_leg] run data modify entity @s {} merge value {transformation:[-1.7239491766079404f,0f,-0.060201631811813754f,-1.7576387499999993f,0f,1.7250000000000003f,0f,-8.284594375f,0.060201631811813754f,0f,-1.7239491766079404f,-2.8276250000000003f,0f,0f,0f,1f],start_interpolation:0}
execute if entity @s[tag=aj.beast.bone.left_foot] run data modify entity @s {} merge value {transformation:[-2.04f,0f,2.4982794702606004e-16f,1.6500000000000004f,0f,2.04f,0f,-15.49942f,-2.4982794702606004e-16f,0f,-2.04f,-2.4883324999999994f,0f,0f,0f,1f],start_interpolation:0}
execute if entity @s[tag=aj.beast.bone.left_knee] run data modify entity @s {} merge value {transformation:[-2.85f,0f,3.4902433775699566e-16f,1.6443750000000004f,0f,2.85f,0f,-11.820546875f,-3.4902433775699566e-16f,0f,-2.85f,-1.1933781249999995f,0f,0f,0f,1f],start_interpolation:0}
execute if entity @s[tag=aj.beast.bone.left_thigh] run data modify entity @s {} merge value {transformation:[-3.8249999999999997f,0f,4.684274006738626e-16f,1.6875000000000004f,0f,3.8249999999999997f,0f,-8.21449625f,-4.684274006738626e-16f,0f,-3.8249999999999997f,-3.0622187499999995f,0f,0f,0f,1f],start_interpolation:0}
execute if entity @s[tag=aj.beast.bone.left_leg] run data modify entity @s {} merge value {transformation:[-1.7250000000000003f,0f,2.1125157285291847e-16f,1.6701387500000004f,0f,1.7250000000000003f,0f,-8.409594375f,-2.1125157285291847e-16f,0f,-1.7250000000000003f,-3.0151249999999994f,0f,0f,0f,1f],start_interpolation:0}