execute if entity @s[tag=aj.beast.bone.right_thumb] run data modify entity @s {} merge value {transformation:[-1.0005616649329367f,-0.149920298873399f,0.28089189851674295f,-0.8695788812243164f,0.18955705231078784f,0.46378262230155387f,0.9227533815545409f,12.603163209898202f,-0.2558211847870984f,0.9300159048300226f,-0.4148806312390593f,-3.0617360527640223f,0f,0f,0f,1f],start_interpolation:0}
execute if entity @s[tag=aj.beast.bone.right_fingers_2] run data modify entity @s {} merge value {transformation:[0.6784006279765274f,-0.6976730468063328f,0.23027137842341922f,-0.11854130089816917f,-0.30027136920801994f,0.022759107923533667f,0.9535822606573943f,12.53706163190123f,-0.6705294123265544f,-0.716054706545871f,-0.1940514479165577f,-4.23457364688364f,0f,0f,0f,1f],start_interpolation:0}
execute if entity @s[tag=aj.beast.bone.right_fingers] run data modify entity @s {} merge value {transformation:[-0.4235715337923769f,-0.8761062995092271f,0.23027137842341922f,-1.056358474188108f,-0.08131229096170713f,0.2899468632320287f,0.9535822606573943f,12.748499353898445f,-0.9022058895281787f,0.3851864074213362f,-0.1940514479165577f,-4.309414326652843f,0f,0f,0f,1f],start_interpolation:0}
execute if entity @s[tag=aj.beast.locator_origin.right_hand] at @s on origin run tp @s ^-0.47679 ^11.70992 ^-3.77983 ~49.87891 ~72.47435
execute if entity @s[tag=aj.beast.bone.right_hand] run data modify entity @s {} merge value {transformation:[-1.02008601116582f,0.058860590052937464f,0.2417849473445902f,-1.0867638557151826f,0.248597061150087f,0.1953846532955601f,1.001261373690264f,12.991971159024612f,0.011136921089157802f,1.0299807125355283f,-0.2037540203123856f,-2.825979607079932f,0f,0f,0f,1f],start_interpolation:0}
execute if entity @s[tag=aj.beast.bone.right_forearm] run data modify entity @s {} merge value {transformation:[-3.3677718605390403f,-2.4555754276071045f,0.950729727469166f,-4.922515111702994f,1.2597660607590682f,-0.14710646741688205f,4.082520564480198f,12.18699460956754f,-2.3122991085759192f,3.496302905438302f,0.8395021297785369f,2.218084205414129f,0f,0f,0f,1f],start_interpolation:0}
execute if entity @s[tag=aj.beast.bone.right_bicep] run data modify entity @s {} merge value {transformation:[-2.836018408874982f,-0.16104975677427558f,-2.2115746789030584f,-4.050000000000001f,1.0608556301129f,-3.251472895557808f,-1.1236144096222231f,8.50260499299479f,-1.9471992493270904f,-1.5368757221375713f,2.608913202489524f,-0.2280313570934176f,0f,0f,0f,1f],start_interpolation:0}
execute if entity @s[tag=aj.beast.bone.right_arm] run data modify entity @s {} merge value {transformation:[-1.2000000000000004f,9.469881214531592e-17f,-1.1237738139232884e-16f,-4.1375f,0f,-0.9176309567017229f,-0.7732744838042194f,7.478036487301364f,-1.4695761589768243e-16f,-0.7732744838042194f,0.9176309567017229f,-1.1134711152316674f,0f,0f,0f,1f],start_interpolation:0}
execute if entity @s[tag=aj.beast.bone.left_thumb] run data modify entity @s {} merge value {transformation:[-0.9976495212266979f,0.0719958348679231f,-0.3193932255978691f,0.6543456925698661f,-0.32062358413662523f,-0.007407852905392012f,0.9998228048062903f,12.444711910290941f,0.06630196144553273f,1.0475026126349296f,0.029022860497756427f,-3.312012262434278f,0f,0f,0f,1f],start_interpolation:0}
execute if entity @s[tag=aj.beast.bone.left_fingers_2] run data modify entity @s {} merge value {transformation:[-0.4156900368105315f,0.8571311875139662f,-0.30418402437892295f,-0.007988066899401014f,-0.15878779130655282f,0.2609183261543227f,0.9522121950536098f,12.64196964046495f,0.895537955995415f,0.44412583179514f,0.027640819521672785f,-5.1861449970679505f,0f,0f,0f,1f],start_interpolation:0}
execute if entity @s[tag=aj.beast.bone.left_fingers] run data modify entity @s {} merge value {transformation:[-0.9000205189580162f,0.3121460311571913f,-0.30418402437892295f,0.6613735494819808f,-0.2967770417620627f,0.07221719375706706f,0.9522121950536098f,12.83666133225535f,0.3191965741318384f,0.9472853488567574f,0.027640819521672785f,-4.519918113932546f,0f,0f,0f,1f],start_interpolation:0}
execute if entity @s[tag=aj.beast.bone.left_hand] run data modify entity @s {} merge value {transformation:[-0.9976495212266979f,0.0719958348679231f,-0.3193932255978691f,0.8809959219925161f,-0.32062358413662523f,-0.007407852905392012f,0.9998228048062903f,12.797816188150557f,0.06630196144553273f,1.0475026126349296f,0.029022860497756427f,-3.032961946917565f,0f,0f,0f,1f],start_interpolation:0}
execute if entity @s[tag=aj.beast.bone.left_forearm] run data modify entity @s {} merge value {transformation:[-3.2734721423289423f,2.5551762450014013f,-1.015420843974015f,4.873149424461466f,-1.1876518755377505f,0.10989664662017311f,4.105244298405798f,12.370658413813672f,2.479816153654949f,3.425583466220344f,0.6257114031482846f,1.9353175677684273f,0f,0f,0f,1f],start_interpolation:0}
execute if entity @s[tag=aj.beast.bone.left_bicep] run data modify entity @s {} merge value {transformation:[-2.756608119855952f,0.21881447080718727f,2.3050448804545227f,4.05f,-1.000127895189685f,-3.3448349146713143f,-0.8785349093002508f,8.50260499299479f,2.0882662346567993f,-1.3130878192113122f,2.622011539301687f,-0.2280313570934167f,0f,0f,0f,1f],start_interpolation:0}
execute if entity @s[tag=aj.beast.bone.left_arm] run data modify entity @s {} merge value {transformation:[-1.2000000000000004f,9.469881214531592e-17f,-1.1237738139232884e-16f,4.1375f,0f,-0.9176309567017229f,-0.7732744838042194f,7.478036487301364f,-1.4695761589768243e-16f,-0.7732744838042194f,0.9176309567017229f,-1.1134711152316665f,0f,0f,0f,1f],start_interpolation:0}
execute if entity @s[tag=aj.beast.bone.waist] run data modify entity @s {} merge value {transformation:[-5.023832916666667f,0f,6.152420900846945e-16f,0.0000012500000003321243f,0f,5.023832916666667f,0f,3.485355833333333f,-6.152420900846945e-16f,0f,-5.023832916666667f,-2.712f,0f,0f,0f,1f],start_interpolation:0}