execute if entity @s[tag=aj.beast.bone.right_thumb] run data modify entity @s {} merge value {transformation:[-0.9473999790200166f,-0.4518484086631055f,0.0276820400529409f,-0.4658016742948198f,0.1191309483099426f,-0.18690665351815078f,1.0263399631824837f,5.167589742376781f,-0.436739163469052f,0.929192616446809f,0.21990903717921106f,0.4907169457753785f,0f,0f,0f,1f],start_interpolation:0}
execute if entity @s[tag=aj.beast.bone.right_fingers_2] run data modify entity @s {} merge value {transformation:[0.8439453845005489f,-0.5321777591826566f,-0.06740193329235085f,0.4546113909020634f,0.2640394037909899f,0.3027376143332894f,0.9157691467359488f,5.919238603061748f,-0.4669468719521729f,-0.7906559109366822f,0.3960099105767005f,-0.238555751850141f,0f,0f,0f,1f],start_interpolation:0}
execute if entity @s[tag=aj.beast.bone.right_fingers] run data modify entity @s {} merge value {transformation:[-0.21143719188440813f,-0.9750647636318774f,-0.06740193329235085f,-0.4728411936243134f,0.3747870969515408f,-0.14457351709476127f,0.9157691467359488f,5.963675394994697f,-0.9026787611585155f,0.16836628189266795f,0.3960099105767005f,-0.498681035371886f,0f,0f,0f,1f],start_interpolation:0}
execute if entity @s[tag=aj.beast.locator_origin.right_hand] at @s on origin run tp @s ^0.31674 ^4.93286 ^-0.40391 ~-170.34067 ~66.31519
execute if entity @s[tag=aj.beast.bone.right_hand] run data modify entity @s {} merge value {transformation:[-1.0308436827280287f,-0.18668856835779749f,-0.07077202995696837f,-0.8361315263021396f,0.010349114244569904f,-0.4216632185574563f,0.9615576040727458f,5.305401728284121f,-0.19938454707942363f,0.9433172894420425f,0.4158104061055353f,0.803423986602076f,0f,0f,0f,1f],start_interpolation:0}
execute if entity @s[tag=aj.beast.bone.right_forearm] run data modify entity @s {} merge value {transformation:[-3.0566321079911316f,-2.9720489879854024f,0.315515402813622f,-5.341907206765956f,2.3075876711475694f,-2.0600040587220616f,2.95077064815556f,1.8371507426938871f,-1.8993852416941226f,2.2801169029380017f,3.0771785149014326f,3.714227192899818f,0f,0f,0f,1f],start_interpolation:0}
execute if entity @s[tag=aj.beast.bone.right_bicep] run data modify entity @s {} merge value {transformation:[-2.5740059856767425f,0.008351662530749907f,-2.5168280504303984f,-4.2f,1.9432317230716376f,-2.2812345780075645f,-1.994948438068186f,-0.5093041716910793f,-1.5994823087950507f,-2.7849414805046857f,1.626578400820579f,0.0386744347564385f,0f,0f,0f,1f],start_interpolation:0}
execute if entity @s[tag=aj.beast.bone.right_arm] run data modify entity @s {} merge value {transformation:[-1.2000000000000002f,1.379809077247701e-16f,-5.057479583527011e-17f,-4.325f,0f,-0.41297454801239225f,-1.126699615112192f,-0.9594635126986395f,-1.469576158976824e-16f,-1.126699615112192f,0.41297454801239225f,-1.2384711152316674f,0f,0f,0f,1f],start_interpolation:0}
execute if entity @s[tag=aj.beast.bone.left_thumb] run data modify entity @s {} merge value {transformation:[-1.0253342250050792f,0.13947199722690581f,-0.1781496253792673f,0.581032903948066f,-0.22625133806015688f,-0.6311756072507261f,0.8080394079731928f,5.1252954167852565f,0.0002430210360184778f,0.8274448107283152f,0.6464015981876596f,0.3607115809888862f,0f,0f,0f,1f],start_interpolation:0}
execute if entity @s[tag=aj.beast.bone.left_fingers_2] run data modify entity @s {} merge value {transformation:[-0.3263257309745042f,0.929905834261705f,-0.16966630988501635f,-0.17094427202785534f,-0.6333078805965614f,-0.08183196762366746f,0.7695613409268498f,6.43993349748637f,0.7017354527728008f,0.3585786782295931f,0.6156205697025325f,-0.9416812828019693f,0f,0f,0f,1f],start_interpolation:0}
execute if entity @s[tag=aj.beast.bone.left_fingers] run data modify entity @s {} merge value {transformation:[-0.908855999399698f,0.38104345637365067f,-0.16966630988501635f,0.5612435097791089f,-0.3637164558337149f,-0.5248672997116802f,0.7695613409268498f,6.154576105875161f,0.20418401531691446f,0.7611308705132067f,0.6156205697025325f,-0.3828608291903808f,0f,0f,0f,1f],start_interpolation:0}
execute if entity @s[tag=aj.beast.bone.left_hand] run data modify entity @s {} merge value {transformation:[-1.0253342250050783f,0.13947199722690568f,-0.1781496253792671f,0.8714603742571088f,-0.22625133806015665f,-0.6311756072507254f,0.808039407973192f,5.227576279346726f,0.00024302103601847756f,0.8274448107283143f,0.646401598187659f,0.7596007206927018f,0f,0f,0f,1f],start_interpolation:0}
execute if entity @s[tag=aj.beast.bone.left_forearm] run data modify entity @s {} merge value {transformation:[-3.056963334454875f,2.9682509083801216f,-0.3465353036836558f,5.376173692246476f,-2.305936580817509f,-2.027599883078916f,2.9744108995540666f,1.8039927227402046f,1.9008568218164663f,2.313860466631245f,3.050970023437604f,3.7244258826816337f,0f,0f,0f,1f],start_interpolation:0}
execute if entity @s[tag=aj.beast.bone.left_bicep] run data modify entity @s {} merge value {transformation:[-2.574284913225158f,-0.03693797263392978f,2.5162855107715902f,4.2f,-1.9418413312147447f,-2.260471166225702f,-2.0197827484777604f,-0.5093041716910793f,1.6007215341612349f,-2.80158985093106f,1.5964914272342943f,0.03867443475643961f,0f,0f,0f,1f],start_interpolation:0}
execute if entity @s[tag=aj.beast.bone.left_arm] run data modify entity @s {} merge value {transformation:[-1.2000000000000002f,1.379809077247701e-16f,-5.057479583527011e-17f,4.325f,0f,-0.41297454801239225f,-1.126699615112192f,-0.9594635126986395f,-1.469576158976824e-16f,-1.126699615112192f,0.41297454801239225f,-1.2384711152316663f,0f,0f,0f,1f],start_interpolation:0}
execute if entity @s[tag=aj.beast.bone.waist] run data modify entity @s {} merge value {transformation:[-5.023832916666667f,0f,6.152420900846945e-16f,0.0000012500000003474323f,0f,5.023832916666667f,0f,-4.8354775f,-6.152420900846945e-16f,0f,-5.023832916666667f,-2.837f,0f,0f,0f,1f],start_interpolation:0}
execute if entity @s[tag=aj.beast.bone.hip] run data modify entity @s {} merge value {transformation:[-4.393932083333333f,0f,5.381014861525027e-16f,1.6968989248558029e-16f,0f,4.393932083333333f,0f,-8.21196125f,-5.381014861525027e-16f,0f,-4.393932083333333f,-1.385623125f,0f,0f,0f,1f],start_interpolation:0}
execute if entity @s[tag=aj.beast.bone.right_foot] run data modify entity @s {} merge value {transformation:[-2.04f,0f,2.4982794702606004e-16f,-2.025f,0f,2.04f,0f,-16.31192f,-2.4982794702606004e-16f,0f,-2.04f,-2.1758325000000003f,0f,0f,0f,1f],start_interpolation:0}
execute if entity @s[tag=aj.beast.bone.right_knee] run data modify entity @s {} merge value {transformation:[-2.85f,0f,3.4902433775699566e-16f,-2.019375f,0f,2.85f,0f,-12.633046875f,-3.4902433775699566e-16f,0f,-2.85f,-0.8183781250000004f,0f,0f,0f,1f],start_interpolation:0}
execute if entity @s[tag=aj.beast.bone.right_thigh] run data modify entity @s {} merge value {transformation:[-3.8249999999999997f,0f,4.684274006738626e-16f,-1.6874999999999996f,0f,3.8249999999999997f,0f,-9.02699625f,-4.684274006738626e-16f,0f,-3.8249999999999997f,-2.6872187500000004f,0f,0f,0f,1f],start_interpolation:0}
execute if entity @s[tag=aj.beast.bone.right_leg] run data modify entity @s {} merge value {transformation:[-1.7250000000000003f,0f,2.1125157285291847e-16f,-1.6701387499999996f,0f,1.7250000000000003f,0f,-9.034594375f,-2.1125157285291847e-16f,0f,-1.7250000000000003f,-2.6401250000000003f,0f,0f,0f,1f],start_interpolation:0}
execute if entity @s[tag=aj.beast.bone.left_foot] run data modify entity @s {} merge value {transformation:[-2.04f,0f,2.4982794702606004e-16f,2.025f,0f,2.04f,0f,-16.31192f,-2.4982794702606004e-16f,0f,-2.04f,-2.1133324999999994f,0f,0f,0f,1f],start_interpolation:0}
execute if entity @s[tag=aj.beast.bone.left_knee] run data modify entity @s {} merge value {transformation:[-2.85f,0f,3.4902433775699566e-16f,2.019375f,0f,2.85f,0f,-12.633046875f,-3.4902433775699566e-16f,0f,-2.85f,-0.8183781249999995f,0f,0f,0f,1f],start_interpolation:0}
execute if entity @s[tag=aj.beast.bone.left_thigh] run data modify entity @s {} merge value {transformation:[-3.8249999999999997f,0f,4.684274006738626e-16f,1.6875000000000004f,0f,3.8249999999999997f,0f,-9.02699625f,-4.684274006738626e-16f,0f,-3.8249999999999997f,-2.6872187499999995f,0f,0f,0f,1f],start_interpolation:0}
execute if entity @s[tag=aj.beast.bone.left_leg] run data modify entity @s {} merge value {transformation:[-1.7250000000000003f,0f,2.1125157285291847e-16f,1.6701387500000004f,0f,1.7250000000000003f,0f,-9.034594375f,-2.1125157285291847e-16f,0f,-1.7250000000000003f,-2.6401249999999994f,0f,0f,0f,1f],start_interpolation:0}