execute if entity @s[tag=aj.beast.bone.right_thumb] run data modify entity @s {} merge value {transformation:[-1.02992049847429f,-0.07269935182733438f,0.19099364142912428f,-5.816864528881777f,-0.048887796982178156f,1.0404689453325777f,0.1324173595294214f,-12.626969998356595f,-0.19842819892520513f,0.12099247101534945f,-1.0239565771207784f,-3.9065048876321553f,0f,0f,0f,1f],start_interpolation:0}
execute if entity @s[tag=aj.beast.bone.right_fingers_2] run data modify entity @s {} merge value {transformation:[-0.9831785771827423f,0.01651502587663628f,0.18189870612297537f,-5.865138149566403f,0.03998198055362076f,0.9912099991682877f,0.12611177098040124f,-14.622236328640911f,-0.17821707718377727f,0.13126306208944433f,-0.9751967401150264f,-4.519619611089498f,0f,0f,0f,1f],start_interpolation:0}
execute if entity @s[tag=aj.beast.bone.right_fingers] run data modify entity @s {} merge value {transformation:[-0.9726117047185511f,0.14470429349283798f,0.18189870612297537f,-6.1768140738689885f,0.169018796049312f,0.9775113645386574f,0.12611177098040124f,-13.71166757026132f,-0.15955913770923638f,0.1534020848701565f,-0.9751967401150264f,-4.460199558730096f,0f,0f,0f,1f],start_interpolation:0}
execute if entity @s[tag=aj.beast.locator_origin.right_hand] at @s on origin run tp @s ^-5.50879 ^-13.65493 ^-3.34417 ~10.56569 ~7.24496
execute if entity @s[tag=aj.beast.bone.right_hand] run data modify entity @s {} merge value {transformation:[-1.0136427853203493f,0.19634085846213004f,0.19099364142912406f,-6.0073182038625985f,0.2220711931943417f,1.0176689186805778f,0.13241735952942127f,-12.245203658607611f,-0.16035176619309305f,0.16822674950749203f,-1.0239565771207775f,-4.174653905253034f,0f,0f,0f,1f],start_interpolation:0}
execute if entity @s[tag=aj.beast.bone.right_forearm] run data modify entity @s {} merge value {transformation:[-4.242948496574593f,0.47145521531636564f,-0.22526214809950432f,-5.328904615462566f,0.43307382705365205f,4.204273623557489f,0.6419932698867539f,-6.08321152506538f,0.29233562173725475f,0.6143600558384166f,-4.220512599916474f,-2.634146639207904f,0f,0f,0f,1f],start_interpolation:0}
execute if entity @s[tag=aj.beast.bone.right_bicep] run data modify entity @s {} merge value {transformation:[-3.5730092602733414f,0.34301614985563667f,-0.27558074486285594f,-4.3807244187820435f,0.36469374909781227f,3.5701531818121364f,-0.28461329513159045f,-1.7401810517492624f,0.24617736567347767f,-0.31039680947924575f,-3.5781350624725135f,-1.8867970326172208f,0f,0f,0f,1f],start_interpolation:0}
execute if entity @s[tag=aj.beast.bone.right_arm] run data modify entity @s {} merge value {transformation:[-1.1995886128831732f,0.007903848716416573f,0.03040869968434889f,-4.122318888297215f,0.009200970047060332f,1.1988651709589881f,0.05135799851697718f,-0.3900469713095389f,-0.030041670912551104f,0.05157354978033539f,-1.1985147754499474f,-1.8055029073631923f,0f,0f,0f,1f],start_interpolation:0}
execute if entity @s[tag=aj.beast.bone.left_thumb] run data modify entity @s {} merge value {transformation:[-1.049675135486251f,-0.02335737167165318f,0.011685167115392435f,4.2265587008926815f,-0.022958750568680106f,1.0491719150058816f,0.03480213406126426f,-12.871334015722327f,-0.012450129085576826f,0.03453586471315481f,-1.049358026764111f,-3.056809787477108f,0f,0f,0f,1f],start_interpolation:0}
execute if entity @s[tag=aj.beast.bone.left_fingers_2] run data modify entity @s {} merge value {transformation:[-0.9996906052250002f,-0.02224511587776492f,0.011128730586088025f,4.031319495236573f,-0.021865476732076276f,0.9992113476246484f,0.03314488958215642f,-14.925299201782325f,-0.011857265795787445f,0.03289129972681409f,-0.9993885969182003f,-3.4648104541592337f,0f,0f,0f,1f],start_interpolation:0}
execute if entity @s[tag=aj.beast.bone.left_fingers] run data modify entity @s {} merge value {transformation:[-0.9996906052250002f,-0.02224511587776492f,0.011128730586088025f,4.459745374522535f,-0.021865476732076276f,0.9992113476246484f,0.03314488958215642f,-14.06207459362595f,-0.011857265795787445f,0.03289129972681409f,-0.9993885969182003f,-3.4316045814777176f,0f,0f,0f,1f],start_interpolation:0}
execute if entity @s[tag=aj.beast.bone.left_hand] run data modify entity @s {} merge value {transformation:[-1.04967513548625f,-0.023357371671653155f,0.011685167115392423f,4.528593407498008f,-0.022958750568680082f,1.0491719150058805f,0.03480213406126422f,-12.564331725564806f,-0.012450129085576812f,0.03453586471315478f,-1.0493580267641098f,-3.3184329247833277f,0f,0f,0f,1f],start_interpolation:0}
execute if entity @s[tag=aj.beast.bone.left_forearm] run data modify entity @s {} merge value {transformation:[-4.272769532105001f,0.11013671625654108f,-0.08327922458473726f,4.760867044785882f,0.10762179852968036f,4.271737775411914f,0.1276672495204459f,-6.233199665322724f,0.0865047628541102f,0.1255041108932494f,-4.27228166723034f,-2.5021177401298016f,0f,0f,0f,1f],start_interpolation:0}
execute if entity @s[tag=aj.beast.bone.left_bicep] run data modify entity @s {} merge value {transformation:[-3.5981217112463173f,0.08490806436473983f,-0.07944036545554096f,4.438866365746006f,0.0906288829723624f,3.5887845139544328f,-0.2690949980435085f,-1.8158242982272372f,0.07284611608767175f,-0.27095448512007914f,-3.5890496110202017f,-1.6639046163500186f,0f,0f,0f,1f],start_interpolation:0}
execute if entity @s[tag=aj.beast.bone.left_arm] run data modify entity @s {} merge value {transformation:[-1.1995886128831732f,0.007397321130945182f,0.030535872037827774f,4.196869966175901f,0.009200970047060332f,1.1978459106027521f,0.07127774268632121f,-0.4632864943568762f,-0.030041670912551104f,0.07148744010209061f,-1.1974919807315756f,-1.5726718379892297f,0f,0f,0f,1f],start_interpolation:0}
execute if entity @s[tag=aj.beast.bone.chest] run data modify entity @s {} merge value {transformation:[-6.059469881065878f,0.037366013741829227f,0.15424554294541237f,8.344437127690384e-19f,0.04647676735005913f,6.050666986584831f,0.36004454390414425f,0.3544068749999987f,-0.1517491897776331f,0.3611037863488837f,-6.048879184190435f,-0.006813750000000063f,0f,0f,0f,1f],start_interpolation:0}
execute if entity @s[tag=aj.beast.bone.waist] run data modify entity @s {} merge value {transformation:[-5.023832916666667f,0f,6.152420900846945e-16f,0.000001250000000320388f,0f,5.023832916666667f,0f,-4.6479775f,-6.152420900846945e-16f,0f,-5.023832916666667f,-2.6161666666666674f,0f,0f,0f,1f],start_interpolation:0}
execute if entity @s[tag=aj.beast.bone.hip] run data modify entity @s {} merge value {transformation:[-4.393932083333333f,0f,5.381014861525027e-16f,1.436661480036991e-16f,0f,4.393932083333333f,0f,-7.96196125f,-5.381014861525027e-16f,0f,-4.393932083333333f,-1.1731231250000005f,0f,0f,0f,1f],start_interpolation:0}