execute if entity @s[tag=aj.beast.bone.right_thumb] run data modify entity @s {} merge value {transformation:[-0.31072388128245954f,-0.9960194546491463f,0.1178809380738941f,-1.1954734939257923f,-0.8460144756999877f,0.1939970766957255f,-0.5908677018923844f,-1.0760669515533476f,0.5387115893563446f,-0.2698339863581499f,-0.859929906038411f,4.380191772969718f,0f,0f,0f,1f],start_interpolation:0}
execute if entity @s[tag=aj.beast.bone.right_fingers_2] run data modify entity @s {} merge value {transformation:[-0.3774764747287037f,-0.9191885040524793f,0.11226756007037533f,0.7059815908241824f,-0.7865592151341955f,0.254279885004269f,-0.5627311446594137f,-1.8500813344259641f,0.488708616778821f,-0.3007228526400695f,-0.8189808628937247f,4.760583717055319f,0f,0f,0f,1f],start_interpolation:0}
execute if entity @s[tag=aj.beast.bone.right_fingers] run data modify entity @s {} merge value {transformation:[-0.49422528652568987f,-0.8620541520777244f,0.11226756007037533f,-0.2514783535900944f,-0.7466399068632558f,0.35477106464526487f,-0.5627311446594137f,-1.8813459583500263f,0.4452754379458049f,-0.3619394018009384f,-0.8189808628937247f,4.650578870424287f,0f,0f,0f,1f],start_interpolation:0}
execute if entity @s[tag=aj.beast.locator_origin.consume] at @s on origin run tp @s ^-0.23357 ^-0.61568 ^4.95518 ~7.80557 ~-34.24489
execute if entity @s[tag=aj.beast.bone.right_hand] run data modify entity @s {} merge value {transformation:[-0.5579250259313315f,-0.8816596564878887f,0.1178809380738941f,-1.5716690785691627f,-0.7669770933499553f,0.40635144534856293f,-0.5908677018923844f,-1.3412234901829376f,0.4505172623951015f,-0.40006843537673953f,-0.859929906038411f,4.175031035383588f,0f,0f,0f,1f],start_interpolation:0}
execute if entity @s[tag=aj.beast.bone.right_forearm] run data modify entity @s {} merge value {transformation:[-1.2561267827182436f,-2.5634634188522436f,-3.1822045512418393f,-4.929775479653623f,1.7777559536233798f,2.6547662941059538f,-2.840321230606771f,3.0487904995533923f,3.6793143756812263f,-2.157891615416609f,0.2859624119008596f,0.9727735103842496f,0f,0f,0f,1f],start_interpolation:0}
execute if entity @s[tag=aj.beast.bone.right_bicep] run data modify entity @s {} merge value {transformation:[-1.0577909749206265f,-0.8937279659565593f,-3.322999936238884f,-4.803644113655313f,1.4970576451565307f,3.010696723718138f,-1.2862828790243832f,6.899330829125989f,3.098370000573665f,-1.7598169111188882f,-0.5129793162351894f,-1.367508707820885f,0f,0f,0f,1f],start_interpolation:0}
execute if entity @s[tag=aj.beast.bone.right_arm] run data modify entity @s {} merge value {transformation:[-1.1903197169051745f,0.005127907731214985f,-0.15202853715367506f,-4.5477383845683335f,-0.016331597845970776f,1.188077575304999f,0.16794330581834138f,8.240973507472534f,0.15123574464584652f,0.16865758097309355f,-1.1784236801429788f,-1.192148023486129f,0f,0f,0f,1f],start_interpolation:0}
execute if entity @s[tag=aj.beast.bone.left_thumb] run data modify entity @s {} merge value {transformation:[-0.9572146027887921f,0.18768830988375576f,-0.388604300723595f,2.6800017819006547f,-0.24084908224701487f,0.5522148032055614f,0.8599712382989411f,-2.069537330072792f,0.35809485306084154f,0.8731162061567879f,-0.4603652536385776f,-9.174969995179147f,0f,0f,0f,1f],start_interpolation:0}
execute if entity @s[tag=aj.beast.bone.left_fingers_2] run data modify entity @s {} merge value {transformation:[-0.9116329550369449f,0.17875077131786263f,-0.3700993340224714f,1.963328525905495f,-0.22938007833049034f,0.5259188601957727f,0.8190202269513724f,-2.9334401354946285f,0.3410427172008015f,0.8315392439588456f,-0.43844309870340725f,-10.953566988292074f,0f,0f,0f,1f],start_interpolation:0}
execute if entity @s[tag=aj.beast.bone.left_fingers] run data modify entity @s {} merge value {transformation:[-0.9116329550369449f,0.17875077131786263f,-0.3700993340224714f,2.523941013083329f,-0.22938007833049034f,0.5259188601957727f,0.8190202269513724f,-2.381429415593617f,0.3410427172008015f,0.8315392439588456f,-0.43844309870340725f,-10.396067308934436f,0f,0f,0f,1f],start_interpolation:0}
execute if entity @s[tag=aj.beast.bone.left_hand] run data modify entity @s {} merge value {transformation:[-0.9572146027887921f,0.18768830988375576f,-0.388604300723595f,2.9088700782452896f,-0.24084908224701487f,0.5522148032055614f,0.8599712382989411f,-1.6209474342199068f,0.35809485306084154f,0.8731162061567879f,-0.4603652536385776f,-9.157407410031183f,0f,0f,0f,1f],start_interpolation:0}
execute if entity @s[tag=aj.beast.bone.left_forearm] run data modify entity @s {} merge value {transformation:[-3.8285892445653555f,0.5702136454888846f,-1.8144932611880233f,4.074993470121422f,-0.3403469348813984f,3.8071383596080137f,1.9145460231391764f,3.761440995309664f,1.8712812082408432f,1.8590801244969177f,-3.36418678589421f,-5.921112349922245f,0f,0f,0f,1f],start_interpolation:0}
execute if entity @s[tag=aj.beast.bone.left_bicep] run data modify entity @s {} merge value {transformation:[-3.496037164580108f,0.22733388169565816f,-0.8282773992497099f,4.178207961258136f,-0.04047742933425971f,3.4241485448172693f,1.1106612088032393f,7.520164295677304f,0.8579543819977661f,1.0878998342030242f,-3.3227079662756807f,-3.4349834851822107f,0f,0f,0f,1f],start_interpolation:0}
execute if entity @s[tag=aj.beast.bone.left_arm] run data modify entity @s {} merge value {transformation:[-1.1903197169051745f,0.13016405415367704f,-0.07871652020424205f,4.07820498058087f,-0.016331597845970776f,0.5080319006898976f,1.0870312170279235f,8.07473921131458f,0.15123574464584652f,1.0793335475596457f,-0.5021621676846312f,-2.178524072804575f,0f,0f,0f,1f],start_interpolation:0}
execute if entity @s[tag=aj.beast.bone.chest] run data modify entity @s {} merge value {transformation:[-6.012650000144846f,0.14634292889468897f,-0.7543121826980668f,-1.447364127657288e-17f,-0.08249563574923495f,5.7932512981358375f,1.781515369783763f,8.791906875000002f,0.7639355940696356f,1.7774099948678057f,-5.744526026079394f,0.11818624999999994f,0f,0f,0f,1f],start_interpolation:0}
execute if entity @s[tag=aj.beast.bone.waist] run data modify entity @s {} merge value {transformation:[-4.978644698576366f,-0.24958394319899976f,-0.6242611594662839f,-0.2857130357142852f,-0.2544852911816943f,5.017327607999637f,0.023623826115113083f,3.7895225000000003f,0.6222791789005309f,0.05503366138453158f,-4.9848407290709895f,-3.087f,0f,0f,0f,1f],start_interpolation:0}
execute if entity @s[tag=aj.beast.bone.hip] run data modify entity @s {} merge value {transformation:[-4.37209764778208f,0f,-0.4374943556257696f,2.0796010495893507e-16f,0f,4.393932083333333f,0f,0.4755387500000001f,0.4374943556257696f,0f,-4.37209764778208f,-1.698123125f,0f,0f,0f,1f],start_interpolation:0}