execute if entity @s[tag=aj.beast.bone.right_thumb] run data modify entity @s {} merge value {transformation:[-1.0085716745622122f,-0.1533028944919178f,0.2485586446116395f,-0.6538660242523799f,0.18865003727605237f,0.34017525715533325f,0.9752907042800352f,13.081191685453623f,-0.2229222750344154f,0.9814677870209f,-0.29921003046986516f,-2.308780419025836f,0f,0f,0f,1f],start_interpolation:0}
execute if entity @s[tag=aj.beast.bone.right_fingers_2] run data modify entity @s {} merge value {transformation:[0.6795308982411479f,-0.7059981096981385f,0.19951046949529694f,0.08566009029180788f,-0.1937418991298742f,0.08960163874081242f,0.9769522111426487f,13.184157065637715f,-0.7076028793448539f,-0.7025227508327512f,-0.07589433249759542f,-3.4862667859307175f,0f,0f,0f,1f],start_interpolation:0}
execute if entity @s[tag=aj.beast.bone.right_fingers] run data modify entity @s {} merge value {transformation:[-0.43100795876148307f,-0.8800157453398352f,0.19951046949529694f,-0.8588303829012609f,0.01793436662647934f,0.21270339827373805f,0.9769522111426487f,13.374044257805123f,-0.9021698831029367f,0.42465227223785995f,-0.07589433249759542f,-3.527360440520332f,0f,0f,0f,1f],start_interpolation:0}
execute if entity @s[tag=aj.beast.locator_origin.consume] at @s on origin run tp @s ^-0.24263 ^12.29636 ^-3.13507 ~69.17305 ~77.67491
execute if entity @s[tag=aj.beast.bone.right_hand] run data modify entity @s {} merge value {transformation:[-1.0268665474647867f,0.06450358476159357f,0.2094859929700618f,-0.8799171366632361f,0.2135442761955491f,0.06807031588597282f,1.0257998216997812f,13.430888792646606f,0.04943617907836231f,1.0458038628959485f,-0.0796890491224752f,-2.024993766893019f,0f,0f,0f,1f],start_interpolation:0}
execute if entity @s[tag=aj.beast.bone.right_forearm] run data modify entity @s {} merge value {transformation:[-3.2674629170737104f,-2.6381149784404294f,0.7997877506416361f,-4.963467812309999f,1.5162976125018055f,-0.6841334723948991f,3.9380741412866027f,11.852142372788355f,-2.302206036798071f,3.293620462724438f,1.4586077648406268f,2.6264284144091268f,0f,0f,0f,1f],start_interpolation:0}
execute if entity @s[tag=aj.beast.bone.right_bicep] run data modify entity @s {} merge value {transformation:[-2.75154771964102f,-0.14639143013767023f,-2.3167983718313847f,-4.05f,1.2768822000015208f,-3.095946128919413f,-1.32086691765226f,8.391430867517682f,-1.938699820461534f,-1.8313074881109273f,2.418213367370891f,-0.113743705214302f,0f,0f,0f,1f],start_interpolation:0}
execute if entity @s[tag=aj.beast.bone.right_arm] run data modify entity @s {} merge value {transformation:[-1.2000000000000004f,1.0725094819459444e-16f,-1.0046778081400619e-16f,-4.175f,0f,-0.8203816878789522f,-0.8757704529115392f,7.478036487301364f,-1.4695761589768243e-16f,-0.8757704529115392f,0.8203816878789522f,-1.1134711152316674f,0f,0f,0f,1f],start_interpolation:0}
execute if entity @s[tag=aj.beast.bone.left_thumb] run data modify entity @s {} merge value {transformation:[-1.0054710598929113f,0.05516594732954235f,-0.29746372211256306f,0.6888807182356442f,-0.30253545435415785f,-0.18164800979719153f,0.9889268422868515f,12.91422393818183f,0.00049656474833819f,1.0326958500894414f,0.1898394970270862f,-2.4517358261155984f,0f,0f,0f,1f],start_interpolation:0}
execute if entity @s[tag=aj.beast.bone.left_fingers_2] run data modify entity @s {} merge value {transformation:[-0.41452840500400223f,0.8648167441809615f,-0.28329878296434574f,0.060956410864173916f,-0.2902588819566584f,0.1694002616889615f,0.9418350878922395f,13.433770813867326f,0.8625056422366806f,0.47264738476368734f,0.1807995209781773f,-4.275400333707135f,0f,0f,0f,1f],start_interpolation:0}
execute if entity @s[tag=aj.beast.bone.left_fingers] run data modify entity @s {} merge value {transformation:[-0.9113642538350452f,0.29859168843524775f,-0.28329878296434574f,0.7238222566501561f,-0.3230864506373915f,-0.09253006338239679f,0.9418350878922395f,13.499524024433459f,0.25501047477745686f,0.949884830370418f,0.1807995209781773f,-3.5781962933144387f,0f,0f,0f,1f],start_interpolation:0}
execute if entity @s[tag=aj.beast.bone.left_hand] run data modify entity @s {} merge value {transformation:[-1.0054710598929113f,0.05516594732954235f,-0.29746372211256306f,0.9188791952308639f,-0.30253545435415785f,-0.18164800979719153f,0.9889268422868515f,13.210849025958513f,0.00049656474833819f,1.0326958500894414f,0.1898394970270862f,-2.1155271200840144f,0f,0f,0f,1f],start_interpolation:0}
execute if entity @s[tag=aj.beast.bone.left_forearm] run data modify entity @s {} merge value {transformation:[-3.267563539651338f,2.6066230471292404f,-0.8967551530467422f,4.969925951437035f,-1.5158729575352905f,-0.5375725773322211f,3.9609051870391454f,11.846638677391255f,2.3023428699814508f,3.3454681308114513f,1.3351723839154657f,2.631209126158604f,0f,0f,0f,1f],start_interpolation:0}
execute if entity @s[tag=aj.beast.bone.left_bicep] run data modify entity @s {} merge value {transformation:[-2.7516324544432327f,0.1410954647449475f,2.3170263066014423f,4.05f,-1.2765245958191924f,-3.0932116529789075f,-1.3276018326833352f,8.391430867517682f,1.938815048405433f,-1.8363370441462832f,2.4143037233067295f,-0.1137437052143011f,0f,0f,0f,1f],start_interpolation:0}
execute if entity @s[tag=aj.beast.bone.left_arm] run data modify entity @s {} merge value {transformation:[-1.2000000000000004f,1.0725094819459444e-16f,-1.0046778081400619e-16f,4.175f,0f,-0.8203816878789522f,-0.8757704529115392f,7.478036487301364f,-1.4695761589768243e-16f,-0.8757704529115392f,0.8203816878789522f,-1.1134711152316665f,0f,0f,0f,1f],start_interpolation:0}
execute if entity @s[tag=aj.beast.bone.waist] run data modify entity @s {} merge value {transformation:[-5.023832916666667f,0f,6.152420900846945e-16f,0.0000012500000003321243f,0f,5.023832916666667f,0f,3.535355833333334f,-6.152420900846945e-16f,0f,-5.023832916666667f,-2.712f,0f,0f,0f,1f],start_interpolation:0}
execute if entity @s[tag=aj.beast.bone.hip] run data modify entity @s {} merge value {transformation:[-4.393932083333333f,0f,5.381014861525027e-16f,1.5438180749623837e-16f,0f,4.393932083333333f,0f,0.02553875000000083f,-5.381014861525027e-16f,0f,-4.393932083333333f,-1.260623125f,0f,0f,0f,1f],start_interpolation:0}
execute if entity @s[tag=aj.beast.bone.right_foot] run data modify entity @s {} merge value {transformation:[-2.04f,0f,2.4982794702606004e-16f,-2.025f,0f,2.04f,0f,-8.07442f,-2.4982794702606004e-16f,0f,-2.04f,-2.0508325000000003f,0f,0f,0f,1f],start_interpolation:0}
execute if entity @s[tag=aj.beast.bone.right_knee] run data modify entity @s {} merge value {transformation:[-2.85f,0f,3.4902433775699566e-16f,-2.019375f,0f,2.85f,0f,-4.395546874999999f,-3.4902433775699566e-16f,0f,-2.85f,-0.6933781250000004f,0f,0f,0f,1f],start_interpolation:0}
execute if entity @s[tag=aj.beast.bone.right_thigh] run data modify entity @s {} merge value {transformation:[-3.8250000000000006f,0f,4.684274006738627e-16f,-1.6874999999999996f,0f,3.8250000000000006f,0f,-0.7894962499999987f,-4.684274006738627e-16f,0f,-3.8250000000000006f,-2.5622187500000004f,0f,0f,0f,1f],start_interpolation:0}
execute if entity @s[tag=aj.beast.bone.right_leg] run data modify entity @s {} merge value {transformation:[-1.7250000000000003f,0f,2.1125157285291847e-16f,-1.6701387499999996f,0f,1.7250000000000003f,0f,-0.7970943749999986f,-2.1125157285291847e-16f,0f,-1.7250000000000003f,-2.5151250000000003f,0f,0f,0f,1f],start_interpolation:0}
execute if entity @s[tag=aj.beast.bone.left_foot] run data modify entity @s {} merge value {transformation:[-2.04f,0f,2.4982794702606004e-16f,2.025f,0f,2.04f,0f,-8.07442f,-2.4982794702606004e-16f,0f,-2.04f,-1.9883324999999996f,0f,0f,0f,1f],start_interpolation:0}
execute if entity @s[tag=aj.beast.bone.left_knee] run data modify entity @s {} merge value {transformation:[-2.85f,0f,3.4902433775699566e-16f,2.019375f,0f,2.85f,0f,-4.395546874999999f,-3.4902433775699566e-16f,0f,-2.85f,-0.6933781249999995f,0f,0f,0f,1f],start_interpolation:0}
execute if entity @s[tag=aj.beast.bone.left_thigh] run data modify entity @s {} merge value {transformation:[-3.8250000000000006f,0f,4.684274006738627e-16f,1.6875000000000004f,0f,3.8250000000000006f,0f,-0.7894962499999987f,-4.684274006738627e-16f,0f,-3.8250000000000006f,-2.5622187499999995f,0f,0f,0f,1f],start_interpolation:0}
execute if entity @s[tag=aj.beast.bone.left_leg] run data modify entity @s {} merge value {transformation:[-1.7250000000000003f,0f,2.1125157285291847e-16f,1.6701387500000004f,0f,1.7250000000000003f,0f,-0.7970943749999986f,-2.1125157285291847e-16f,0f,-1.7250000000000003f,-2.5151249999999994f,0f,0f,0f,1f],start_interpolation:0}