execute if entity @s[tag=aj.beast.bone.right_thumb] run data modify entity @s {} merge value {transformation:[-0.8775460233014352f,-0.5508886724729499f,0.17010187397212234f,-1.2330995837649281f,0.07954753067305054f,0.19113516806936007f,1.0293879433386217f,12.49337670439407f,-0.5710386741295699f,0.8732061715700871f,-0.1180076886488954f,-2.3171128072658873f,0f,0f,0f,1f],start_interpolation:0}
execute if entity @s[tag=aj.beast.bone.right_fingers_2] run data modify entity @s {} merge value {transformation:[0.9106263461411993f,-0.41081628230652256f,0.04460537978064938f,-0.1489990245390359f,-0.011632005397942301f,0.08241686754405582f,0.9965300579484031f,12.840306822311732f,-0.41306700929020057f,-0.9079853755078177f,0.07027235373869484f,-3.1223086583629236f,0f,0f,0f,1f],start_interpolation:0}
execute if entity @s[tag=aj.beast.bone.right_fingers] run data modify entity @s {} merge value {transformation:[-0.07458847555879661f,-0.9962163015171146f,0.04460537978064938f,-1.0332472870636544f,0.0734681421060697f,0.03911873848725887f,0.9965300579484031f,12.90679297402909f,-0.9945043948667581f,0.07760673225131065f,0.07027235373869484f,-3.5011129482029797f,0f,0f,0f,1f],start_interpolation:0}
execute if entity @s[tag=aj.beast.locator_origin.consume] at @s on origin run tp @s ^-0.42579 ^11.87984 ^-2.98018 ~147.59466 ~85.22554
execute if entity @s[tag=aj.beast.bone.right_hand] run data modify entity @s {} merge value {transformation:[-0.9963740060058486f,-0.32794094309826594f,0.04683564876968185f,-1.6018024609103638f,0.06746884474751079f,-0.05555090065279848f,1.0463565608458234f,12.77163740923113f,-0.32432513800859364f,0.9959261193866153f,0.07378597142562958f,-2.1157395104801964f,0f,0f,0f,1f],start_interpolation:0}
execute if entity @s[tag=aj.beast.bone.right_forearm] run data modify entity @s {} merge value {transformation:[-3.3573280798510687f,-2.433253991773456f,1.0407920905551082f,-5.417526530352368f,1.6436342199115783f,-0.5993981497133942f,3.900617054935771f,11.326085460652429f,-2.074232319529127f,3.4634696288026974f,1.40625865863365f,2.798951128546972f,0f,0f,0f,1f],start_interpolation:0}
execute if entity @s[tag=aj.beast.bone.right_bicep] run data modify entity @s {} merge value {transformation:[-2.8272236461903746f,0.11049314389611421f,-2.2258925669434184f,-4.214675371753975f,1.3841130272939612f,-2.73102528976518f,-1.8936029135851487f,8.475535344447787f,-1.7467219532876865f,-2.342923842512806f,2.102301188242988f,-0.4793112064812941f,0f,0f,0f,1f],start_interpolation:0}
execute if entity @s[tag=aj.beast.bone.right_arm] run data modify entity @s {} merge value {transformation:[-1.1932076003067453f,0.07759067481221626f,-0.1011697076817181f,-4.044912101595659f,0.03221155103805758f,-0.7378568859911107f,-0.9457957664185352f,7.654063077104458f,-0.12336141434801237f,-0.9431579416925283f,0.7315976069345581f,-1.5454769988146182f,0f,0f,0f,1f],start_interpolation:0}
execute if entity @s[tag=aj.beast.bone.left_thumb] run data modify entity @s {} merge value {transformation:[-0.9946678701157338f,0.13884831797042144f,-0.3063608538247244f,0.5435375823836507f,-0.31881176236392333f,-0.08434013762269564f,0.9968679959574359f,12.485928315787211f,0.10721421705090588f,1.0373562000501901f,0.12205419238842988f,-2.9047500861054796f,0f,0f,0f,1f],start_interpolation:0}
execute if entity @s[tag=aj.beast.bone.left_fingers_2] run data modify entity @s {} merge value {transformation:[-0.4163425745386503f,0.8611200959086995f,-0.2917722417378327f,-0.23534777429213294f,-0.23547484441581046f,0.20783373575073927f,0.9493980913880342f,12.823432424635334f,0.8781858905003421f,0.4639798688586434f,0.11624208798898084f,-4.71289795222104f,0f,0f,0f,1f],start_interpolation:0}
execute if entity @s[tag=aj.beast.bone.left_fingers] run data modify entity @s {} merge value {transformation:[-0.8807988526224115f,0.37291063295422755f,-0.2917722417378327f,0.47731275004208196f,-0.3140736655955886f,0.0009983226475679813f,0.9493980913880342f,12.965036442166477f,0.35433192602190616f,0.9278667270581316f,0.11624208798898084f,-4.078964700668527f,0f,0f,0f,1f],start_interpolation:0}
execute if entity @s[tag=aj.beast.bone.left_hand] run data modify entity @s {} merge value {transformation:[-0.9946678701157338f,0.13884831797042144f,-0.3063608538247244f,0.7912888500240571f,-0.31881176236392333f,-0.08434013762269564f,0.9968679959574359f,12.816378275041881f,0.10721421705090588f,1.0373562000501901f,0.12205419238842988f,-2.6160561825653526f,0f,0f,0f,1f],start_interpolation:0}
execute if entity @s[tag=aj.beast.bone.left_forearm] run data modify entity @s {} merge value {transformation:[-3.342078391303084f,2.4320536577649707f,-1.091444928586415f,4.612506998059045f,-1.320600660232754f,0.009931796574173365f,4.065899685876378f,12.248147536422751f,2.3156318624897607f,3.515770380040317f,0.7435272101634033f,2.471080574031272f,0f,0f,0f,1f],start_interpolation:0}
execute if entity @s[tag=aj.beast.bone.left_bicep] run data modify entity @s {} merge value {transformation:[-2.814381803202598f,0.5257343232258478f,2.1823974173335965f,4.191019266654619f,-1.1120847665117932f,-3.3667545504899183f,-0.6230820723210114f,8.25749328562333f,1.9500057789387466f,-1.1612782690370549f,2.7944427430111727f,0.41766450444068404f,0f,0f,0f,1f],start_interpolation:0}
execute if entity @s[tag=aj.beast.bone.left_arm] run data modify entity @s {} merge value {transformation:[-1.1914944089764623f,0.09965549342787385f,-0.10202870188078843f,4.224227855644301f,0.019246428493700785f,-0.7382517869573714f,-0.9458403004971223f,7.439060180677993f,-0.14131754444536831f,-0.940772598284993f,0.7314207202069384f,-0.6637282054467241f,0f,0f,0f,1f],start_interpolation:0}
execute if entity @s[tag=aj.beast.bone.chest] run data modify entity @s {} merge value {transformation:[-6.0272375364918185f,0.059087433466950924f,0.6413107670672088f,-1.447364127657288e-17f,0.16270988340611656f,5.979877607836065f,0.9782394569780919f,8.791906875000002f,-0.6231342701152064f,0.9899169745757028f,-5.947615590377449f,0.11818624999999994f,0f,0f,0f,1f],start_interpolation:0}
execute if entity @s[tag=aj.beast.bone.waist] run data modify entity @s {} merge value {transformation:[-5.0023481873793205f,0.05879189238179614f,0.46038386178981233f,0.1319456944444449f,0.05736738721780085f,5.023472484314573f,-0.018175720114409852f,3.358966944444445f,-0.4605635349114568f,-0.012840845300904659f,-5.00266064385596f,-2.6356111111111113f,0f,0f,0f,1f],start_interpolation:0}
execute if entity @s[tag=aj.beast.bone.hip] run data modify entity @s {} merge value {transformation:[-4.375181443094535f,0.048760863591819976f,0.4025529420200559f,0.02083333333333351f,0.054147268367328034f,4.393236993131973f,0.05635555386207458f,0.051927638888889405f,-0.40186386535191143f,0.06107579966340643f,-4.375090208597521f,-1.2814564583333334f,0f,0f,0f,1f],start_interpolation:0}
execute if entity @s[tag=aj.beast.bone.right_foot] run data modify entity @s {} merge value {transformation:[-2.032237184107161f,0f,0.17779771520522308f,-1.8772314763008284f,0f,2.04f,0f,-8.024420000000001f,-0.17779771520522308f,0f,-2.032237184107161f,-2.163167081912759f,0f,0f,0f,1f],start_interpolation:0}
execute if entity @s[tag=aj.beast.bone.right_knee] run data modify entity @s {} merge value {transformation:[-2.839154889561475f,0f,0.24839386683082637f,-1.989937825423246f,0f,2.85f,0f,-4.345546875f,-0.24839386683082637f,0f,-2.839154889561475f,-0.8103879795833593f,0f,0f,0f,1f],start_interpolation:0}
execute if entity @s[tag=aj.beast.bone.right_thigh] run data modify entity @s {} merge value {transformation:[-3.8104447202009273f,0f,0.33337071600979334f,-1.4964455172451747f,0f,3.8250000000000006f,0f,-0.7394962499999997f,-0.33337071600979334f,0f,-3.8104447202009273f,-2.6431922896624442f,0f,0f,0f,1f],start_interpolation:0}
execute if entity @s[tag=aj.beast.bone.right_leg] run data modify entity @s {} merge value {transformation:[-1.7184358542082614f,0f,0.15034365623971072f,-1.5013887499999994f,0f,1.7250000000000003f,0f,-0.7470943749999996f,-0.15034365623971072f,0f,-1.7184358542082614f,-2.602625f,0f,0f,0f,1f],start_interpolation:0}
execute if entity @s[tag=aj.beast.bone.left_foot] run data modify entity @s {} merge value {transformation:[-2.028839283978582f,0.012865907721115436f,0.21271019769580038f,1.9648554723287657f,-0.0003602276291250492f,2.0360685556430593f,-0.12658873155870035f,-7.9516399232894175f,-0.2130986391822575f,-0.12593373313015552f,-2.0249270764248704f,-1.2256636706016528f,0f,0f,0f,1f],start_interpolation:0}
execute if entity @s[tag=aj.beast.bone.left_knee] run data modify entity @s {} merge value {transformation:[-2.8352419826436943f,0.017974429904499507f,0.28910174631825136f,1.8511024336429867f,0f,2.8445075409719216f,-0.176852620432588f,-4.199500126482107f,-0.28965997282098593f,-0.17593683304948196f,-2.8297779649509365f,-0.16757429100819898f,0f,0f,0f,1f],start_interpolation:0}
execute if entity @s[tag=aj.beast.bone.left_thigh] run data modify entity @s {} merge value {transformation:[-3.805193187232327f,0.033882158785512005f,0.38727484704886667f,1.7421056383639537f,0f,3.8104447202009273f,-0.33337071600979284f,-0.7700518055555547f,-0.388754174049218f,-0.3316444385315625f,-3.790713278335675f,-2.3660536109134904f,0f,0f,0f,1f],start_interpolation:0}
execute if entity @s[tag=aj.beast.bone.left_leg] run data modify entity @s {} merge value {transformation:[-1.7160675158106573f,0f,0.17532050986533362f,1.7256943055555558f,0f,1.7250000000000003f,0f,-0.7776499305555546f,-0.17532050986533362f,0f,-1.7160675158106573f,-2.3762361111111105f,0f,0f,0f,1f],start_interpolation:0}