execute if entity @s[tag=aj.beast.bone.right_thumb] run data modify entity @s {} merge value {transformation:[-0.7723983401531902f,-0.6760616621499879f,-0.2210009798611594f,-0.4210505794701422f,0.27449776552824173f,-0.5843108377957535f,0.8280892594125515f,12.597038700420917f,-0.6561644464984365f,0.5513814231595227f,0.6065696541585146f,3.7519362779544494f,0f,0f,0f,1f],start_interpolation:0}
execute if entity @s[tag=aj.beast.bone.right_fingers_2] run data modify entity @s {} merge value {transformation:[0.8869867083465359f,-0.3071407198818095f,-0.34484657082108405f,0.5330941335703919f,0.46171046571185725f,0.6041124774104937f,0.6495164050962041f,13.61364987998732f,0.008833179988945256f,-0.7353316889862966f,0.67764982262511f,3.761126708496273f,0f,0f,0f,1f],start_interpolation:0}
execute if entity @s[tag=aj.beast.bone.right_fingers] run data modify entity @s {} merge value {transformation:[0.014749453100837362f,-0.9385431776035481f,-0.34484657082108405f,-0.2619863948642345f,0.7255943168050654f,-0.22724728146029544f,0.6495164050962041f,13.744430895348229f,-0.6879646364846211f,-0.259798723712685f,0.67764982262511f,3.231455709219831f,0f,0f,0f,1f],start_interpolation:0}
execute if entity @s[tag=aj.beast.locator_origin.right_hand] at @s on origin run tp @s ^0.62727 ^12.79503 ^3.17778 ~-153.02909 ~40.50515
execute if entity @s[tag=aj.beast.bone.right_hand] run data modify entity @s {} merge value {transformation:[-0.9045292838692817f,-0.39143122458695095f,-0.3620888993621383f,-0.8877480215937448f,0.07111000207454461f,-0.7951917832609504f,0.6819922253510143f,12.575636743365942f,-0.5284601614387626f,0.5629845683965327f,0.7115323137563655f,3.940768187015342f,0f,0f,0f,1f],start_interpolation:0}
execute if entity @s[tag=aj.beast.bone.right_forearm] run data modify entity @s {} merge value {transformation:[-2.8061443515519926f,-3.2187471728359016f,-0.20210273529502587f,-5.680597140999129f,3.0159298259384206f,-2.7139051396018403f,1.3470379275498388f,8.38126687607916f,-1.1425174673797747f,0.7416269484070822f,4.052193024292957f,4.430067096182003f,0f,0f,0f,1f],start_interpolation:0}
execute if entity @s[tag=aj.beast.bone.right_bicep] run data modify entity @s {} merge value {transformation:[-2.3630689276227312f,0.13469753425226358f,-2.7125194593901663f,-4.3500000000000005f,2.5397303797376183f,-1.1641654267276318f,-2.2703498535357705f,7.393389823533869f,-0.9621199725303369f,-3.4039059084349614f,0.6691410351934727f,0.238038829409442f,0f,0f,0f,1f],start_interpolation:0}
execute if entity @s[tag=aj.beast.bone.right_arm] run data modify entity @s {} merge value {transformation:[-1.2000000000000004f,1.467732422942539e-16f,7.359090756541354e-18f,-4.4750000000000005f,0f,0.06009153628348224f,-1.1984944752759992f,7.478036487301364f,-1.4695761589768243e-16f,-1.1984944752759992f,-0.06009153628348224f,-1.1134711152316674f,0f,0f,0f,1f],start_interpolation:0}
execute if entity @s[tag=aj.beast.bone.left_thumb] run data modify entity @s {} merge value {transformation:[-1.0283556165817196f,0.20772664556272238f,-0.04282950581188843f,0.6206579780930578f,-0.20669028314990937f,-0.9339350526871577f,0.43306401860885085f,12.62790716526622f,0.047579961078607715f,0.4325678652945638f,0.9555737487071643f,3.669168269548484f,0f,0f,0f,1f],start_interpolation:0}
execute if entity @s[tag=aj.beast.bone.left_fingers_2] run data modify entity @s {} merge value {transformation:[-0.24166397308181714f,0.9695022947692049f,-0.04079000553513183f,-0.21370022000092292f,-0.8878580589347327f,-0.20396011316392243f,0.41244192248461986f,14.383017171618183f,0.3915438561629591f,0.13588808879149517f,0.9100702368639659f,3.207210056126354f,0f,0f,0f,1f],start_interpolation:0}
execute if entity @s[tag=aj.beast.bone.left_fingers] run data modify entity @s {} merge value {transformation:[-0.8948110824941029f,0.4445776671113558f,-0.04079000553513183f,0.5664914890165317f,-0.4203501533921526f,-0.8082062911907982f,0.41244192248461986f,13.880936245582944f,0.150395728625934f,0.3862036882079711f,0.9100702368639659f,3.4699337304331066f,0f,0f,0f,1f],start_interpolation:0}
execute if entity @s[tag=aj.beast.bone.left_hand] run data modify entity @s {} merge value {transformation:[-1.0283556165817196f,0.20772664556272238f,-0.04282950581188843f,0.9663503088768053f,-0.20669028314990937f,-0.9339350526871577f,0.43306401860885085f,12.54225447877048f,0.047579961078607715f,0.4325678652945638f,0.9555737487071643f,4.0256545467927f,0f,0f,0f,1f],start_interpolation:0}
execute if entity @s[tag=aj.beast.bone.left_forearm] run data modify entity @s {} merge value {transformation:[-2.806442426358132f,3.2148504985775177f,0.2534604097940394f,5.745826094697509f,-3.0142993765680077f,-2.734526227762541f,1.3084305782503305f,8.322903648874755f,1.146082534531787f,0.6802408260863597f,4.061944391860448f,4.422195180917169f,0f,0f,0f,1f],start_interpolation:0}
execute if entity @s[tag=aj.beast.bone.left_bicep] run data modify entity @s {} merge value {transformation:[-2.363319937985796f,-0.18980736993724454f,2.7090020363662193f,4.3500000000000005f,-2.538357369741481f,-1.1218894294071342f,-2.2930560332585985f,7.393389823533869f,0.9651221343425578f,-3.4154556461037595f,0.6026624223394268f,0.2380388294094431f,0f,0f,0f,1f],start_interpolation:0}
execute if entity @s[tag=aj.beast.bone.left_arm] run data modify entity @s {} merge value {transformation:[-1.2000000000000004f,1.467732422942539e-16f,7.359090756541354e-18f,4.4750000000000005f,0f,0.06009153628348224f,-1.1984944752759992f,7.478036487301364f,-1.4695761589768243e-16f,-1.1984944752759992f,-0.06009153628348224f,-1.1134711152316663f,0f,0f,0f,1f],start_interpolation:0}
execute if entity @s[tag=aj.beast.bone.waist] run data modify entity @s {} merge value {transformation:[-5.023832916666667f,0f,6.152420900846945e-16f,0.0000012500000003321243f,0f,5.023832916666667f,0f,3.668689166666667f,-6.152420900846945e-16f,0f,-5.023832916666667f,-2.712f,0f,0f,0f,1f],start_interpolation:0}
execute if entity @s[tag=aj.beast.bone.hip] run data modify entity @s {} merge value {transformation:[-4.393932083333333f,0f,5.381014861525027e-16f,1.5438180749623837e-16f,0f,4.393932083333333f,0f,0.4255387499999994f,-5.381014861525027e-16f,0f,-4.393932083333333f,-1.260623125f,0f,0f,0f,1f],start_interpolation:0}
execute if entity @s[tag=aj.beast.bone.right_foot] run data modify entity @s {} merge value {transformation:[-2.04f,0f,2.4982794702606004e-16f,-2.025f,0f,2.04f,0f,-7.674420000000001f,-2.4982794702606004e-16f,0f,-2.04f,-2.0508325000000003f,0f,0f,0f,1f],start_interpolation:0}
execute if entity @s[tag=aj.beast.bone.right_knee] run data modify entity @s {} merge value {transformation:[-2.85f,0f,3.4902433775699566e-16f,-2.019375f,0f,2.85f,0f,-3.995546875f,-3.4902433775699566e-16f,0f,-2.85f,-0.6933781250000004f,0f,0f,0f,1f],start_interpolation:0}
execute if entity @s[tag=aj.beast.bone.right_thigh] run data modify entity @s {} merge value {transformation:[-3.8250000000000006f,0f,4.684274006738627e-16f,-1.6874999999999996f,0f,3.8250000000000006f,0f,-0.3894962500000001f,-4.684274006738627e-16f,0f,-3.8250000000000006f,-2.5622187500000004f,0f,0f,0f,1f],start_interpolation:0}
execute if entity @s[tag=aj.beast.bone.right_leg] run data modify entity @s {} merge value {transformation:[-1.7250000000000003f,0f,2.1125157285291847e-16f,-1.6701387499999996f,0f,1.7250000000000003f,0f,-0.397094375f,-2.1125157285291847e-16f,0f,-1.7250000000000003f,-2.5151250000000003f,0f,0f,0f,1f],start_interpolation:0}
execute if entity @s[tag=aj.beast.bone.left_foot] run data modify entity @s {} merge value {transformation:[-2.04f,0f,2.4982794702606004e-16f,2.025f,0f,2.04f,0f,-7.674420000000001f,-2.4982794702606004e-16f,0f,-2.04f,-1.9883324999999996f,0f,0f,0f,1f],start_interpolation:0}
execute if entity @s[tag=aj.beast.bone.left_knee] run data modify entity @s {} merge value {transformation:[-2.85f,0f,3.4902433775699566e-16f,2.019375f,0f,2.85f,0f,-3.995546875f,-3.4902433775699566e-16f,0f,-2.85f,-0.6933781249999995f,0f,0f,0f,1f],start_interpolation:0}
execute if entity @s[tag=aj.beast.bone.left_thigh] run data modify entity @s {} merge value {transformation:[-3.8250000000000006f,0f,4.684274006738627e-16f,1.6875000000000004f,0f,3.8250000000000006f,0f,-0.3894962500000001f,-4.684274006738627e-16f,0f,-3.8250000000000006f,-2.5622187499999995f,0f,0f,0f,1f],start_interpolation:0}
execute if entity @s[tag=aj.beast.bone.left_leg] run data modify entity @s {} merge value {transformation:[-1.7250000000000003f,0f,2.1125157285291847e-16f,1.6701387500000004f,0f,1.7250000000000003f,0f,-0.397094375f,-2.1125157285291847e-16f,0f,-1.7250000000000003f,-2.5151249999999994f,0f,0f,0f,1f],start_interpolation:0}