execute if entity @s[tag=aj.beast.bone.right_thumb] run data modify entity @s {} merge value {transformation:[-0.6830195748160008f,-0.7505898994179547f,-0.26944213350906193f,-0.37181644175054385f,0.5607630363825472f,-0.7042743618890114f,0.5404095115862172f,7.133868756635384f,-0.5670353405610601f,0.20763531991829282f,0.8589869012256431f,5.626960819773933f,0f,0f,0f,1f],start_interpolation:0}
execute if entity @s[tag=aj.beast.bone.right_fingers_2] run data modify entity @s {} merge value {transformation:[0.8912731309289854f,-0.20348099311642598f,-0.40525015919108043f,0.6001656784379906f,0.3592854142804628f,0.8621191863368486f,0.35730169274047197f,7.998189129506884f,0.2766698342236814f,-0.46405386970721785f,0.8414914193504278f,6.1291320444863855f,0f,0f,0f,1f],start_interpolation:0}
execute if entity @s[tag=aj.beast.bone.right_fingers] run data modify entity @s {} merge value {transformation:[0.11362377628095555f,-0.9071173826684498f,-0.40525015919108043f,-0.12383322749586712f,0.9330098865257143f,-0.042755724880620904f,0.35730169274047197f,8.379320105795347f,-0.34144134065594545f,-0.4187003726421479f,0.8414914193504278f,5.618864613359142f,0f,0f,0f,1f],start_interpolation:0}
execute if entity @s[tag=aj.beast.locator_origin.consume] at @s on origin run tp @s ^1.02378 ^8.01522 ^5.18569 ~-154.2852 ~20.93458
execute if entity @s[tag=aj.beast.bone.right_hand] run data modify entity @s {} merge value {transformation:[-0.8343145090634658f,-0.47471914861372616f,-0.42551266715063446f,-0.8578095032035415f,0.3334236010259009f,-0.9222681776094771f,0.3751667773774956f,7.073170367173182f,-0.5433672811691085f,0.1629820189725027f,0.8835659903179492f,5.745487128525683f,0f,0f,0f,1f],start_interpolation:0}
execute if entity @s[tag=aj.beast.bone.right_forearm] run data modify entity @s {} merge value {transformation:[-2.5968495756087844f,-3.372267153257152f,-0.39976434148554146f,-5.846977840269278f,3.3956757240651356f,-2.5731258732688365f,-0.3521854870791873f,3.3440224177538496f,0.0371975624898919f,-0.5314720005582455f,4.241671705114321f,4.32943290524809f,0f,0f,0f,1f],start_interpolation:0}
execute if entity @s[tag=aj.beast.bone.right_bicep] run data modify entity @s {} merge value {transformation:[-2.1868206952495033f,0.21245273865738995f,-2.8517852444855407f,-4.4f,2.8595163992127466f,0.2017786192231755f,-2.177717004447034f,3.9303950063740447f,0.031324263149382664f,-3.588056468711351f,-0.2913238196179377f,0.1007317891741144f,0f,0f,0f,1f],start_interpolation:0}
execute if entity @s[tag=aj.beast.bone.right_arm] run data modify entity @s {} merge value {transformation:[-1.2000000000000002f,1.3137938405694345e-16f,6.584829773918927e-17f,-4.525f,0f,0.5376921556895868f,-1.0727940835546614f,4.55218922590497f,-1.469576158976824e-16f,-1.0727940835546614f,-0.5376921556895868f,-1.1022296136600371f,0f,0f,0f,1f],start_interpolation:0}
execute if entity @s[tag=aj.beast.bone.left_thumb] run data modify entity @s {} merge value {transformation:[-1.0005952341030053f,0.318279073239966f,-0.002758446639215064f,0.600805132981953f,-0.3176909509382506f,-0.9981127924729473f,0.07309796983368967f,7.153026225033104f,0.019535536396605022f,0.07049315597535206f,1.047448842559069f,5.578094054972976f,0f,0f,0f,1f],start_interpolation:0}
execute if entity @s[tag=aj.beast.bone.left_fingers_2] run data modify entity @s {} merge value {transformation:[-0.12801049144233395f,0.9917693343051694f,-0.002627092037347678f,-0.4105388598682963f,-0.9893898986813339f,-0.12751896254253092f,0.06961711412732345f,8.861921855809914f,0.06870911488319624f,0.011510939316893565f,0.9975703262467317f,5.794494561694242f,0f,0f,0f,1f],start_interpolation:0}
execute if entity @s[tag=aj.beast.bone.left_fingers] run data modify entity @s {} merge value {transformation:[-0.8420229452093002f,0.5394353141281008f,-0.002627092037347678f,0.4270527354039704f,-0.538282375373379f,-0.8398842430853053f,0.06961711412732345f,8.385500156959314f,0.035347476620661455f,0.060033324816648775f,0.9975703262467317f,5.830142458445441f,0f,0f,0f,1f],start_interpolation:0}
execute if entity @s[tag=aj.beast.bone.left_hand] run data modify entity @s {} merge value {transformation:[-1.0005952341030047f,0.31827907323996585f,-0.002758446639215062f,0.9795986916762232f,-0.3176909509382504f,-0.9981127924729466f,0.07309796983368963f,6.9875850422889485f,0.01953553639660501f,0.07049315597535201f,1.0474488425590682f,5.866306981598454f,0f,0f,0f,1f],start_interpolation:0}
execute if entity @s[tag=aj.beast.bone.left_forearm] run data modify entity @s {} merge value {transformation:[-2.5969611175156224f,3.3601610702917304f,0.49064807735069216f,5.937348695670245f,-3.3956428771685214f,-2.563765601831397f,-0.41513900033696677f,3.2816496736720184f,-0.032053156579107844f,-0.6419100564425073f,4.226410897510001f,4.28823454060236f,0f,0f,0f,1f],start_interpolation:0}
execute if entity @s[tag=aj.beast.bone.left_bicep] run data modify entity @s {} merge value {transformation:[-2.186914625276314f,-0.2893582499071918f,2.8449387031996323f,4.4f,-2.8594887386682295f,0.25508546955428196f,-2.172154588571415f,3.9303950063740447f,-0.026992131856090822f,-3.579274117252397f,-0.38479633364280535f,0.10073178917411552f,0f,0f,0f,1f],start_interpolation:0}
execute if entity @s[tag=aj.beast.bone.left_arm] run data modify entity @s {} merge value {transformation:[-1.2000000000000002f,1.3137938405694345e-16f,6.584829773918927e-17f,4.525f,0f,0.5376921556895868f,-1.0727940835546614f,4.55218922590497f,-1.469576158976824e-16f,-1.0727940835546614f,-0.5376921556895868f,-1.102229613660036f,0f,0f,0f,1f],start_interpolation:0}
execute if entity @s[tag=aj.beast.bone.waist] run data modify entity @s {} merge value {transformation:[-5.023832916666667f,0f,6.152420900846945e-16f,0.0000012500000003321243f,0f,5.023832916666667f,0f,0.7186891666666675f,-6.152420900846945e-16f,0f,-5.023832916666667f,-2.712f,0f,0f,0f,1f],start_interpolation:0}
execute if entity @s[tag=aj.beast.bone.hip] run data modify entity @s {} merge value {transformation:[-4.3939320833333335f,0f,5.381014861525028e-16f,1.5438180749623837e-16f,0f,4.3939320833333335f,0f,-2.46196125f,-5.381014861525028e-16f,0f,-4.3939320833333335f,-1.260623125f,0f,0f,0f,1f],start_interpolation:0}
execute if entity @s[tag=aj.beast.bone.right_foot] run data modify entity @s {} merge value {transformation:[-2.04f,0f,2.4982794702606004e-16f,-2.025f,0f,2.04f,0f,-10.524420000000003f,-2.4982794702606004e-16f,0f,-2.04f,-2.0508325000000003f,0f,0f,0f,1f],start_interpolation:0}
execute if entity @s[tag=aj.beast.bone.right_knee] run data modify entity @s {} merge value {transformation:[-2.85f,0f,3.4902433775699566e-16f,-2.019375f,0f,2.85f,0f,-6.845546875000001f,-3.4902433775699566e-16f,0f,-2.85f,-0.6933781250000004f,0f,0f,0f,1f],start_interpolation:0}
execute if entity @s[tag=aj.beast.bone.right_thigh] run data modify entity @s {} merge value {transformation:[-3.8250000000000006f,0f,4.684274006738627e-16f,-1.6874999999999996f,0f,3.8250000000000006f,0f,-3.239496250000001f,-4.684274006738627e-16f,0f,-3.8250000000000006f,-2.5622187500000004f,0f,0f,0f,1f],start_interpolation:0}
execute if entity @s[tag=aj.beast.bone.right_leg] run data modify entity @s {} merge value {transformation:[-1.7250000000000003f,0f,2.1125157285291847e-16f,-1.6701387499999996f,0f,1.7250000000000003f,0f,-3.2470943750000014f,-2.1125157285291847e-16f,0f,-1.7250000000000003f,-2.5151250000000003f,0f,0f,0f,1f],start_interpolation:0}
execute if entity @s[tag=aj.beast.bone.left_foot] run data modify entity @s {} merge value {transformation:[-2.04f,0f,2.4982794702606004e-16f,2.025f,0f,2.04f,0f,-10.524420000000003f,-2.4982794702606004e-16f,0f,-2.04f,-1.9883324999999996f,0f,0f,0f,1f],start_interpolation:0}
execute if entity @s[tag=aj.beast.bone.left_knee] run data modify entity @s {} merge value {transformation:[-2.85f,0f,3.4902433775699566e-16f,2.019375f,0f,2.85f,0f,-6.845546875000001f,-3.4902433775699566e-16f,0f,-2.85f,-0.6933781249999995f,0f,0f,0f,1f],start_interpolation:0}
execute if entity @s[tag=aj.beast.bone.left_thigh] run data modify entity @s {} merge value {transformation:[-3.8250000000000006f,0f,4.684274006738627e-16f,1.6875000000000004f,0f,3.8250000000000006f,0f,-3.239496250000001f,-4.684274006738627e-16f,0f,-3.8250000000000006f,-2.5622187499999995f,0f,0f,0f,1f],start_interpolation:0}
execute if entity @s[tag=aj.beast.bone.left_leg] run data modify entity @s {} merge value {transformation:[-1.7250000000000003f,0f,2.1125157285291847e-16f,1.6701387500000004f,0f,1.7250000000000003f,0f,-3.2470943750000014f,-2.1125157285291847e-16f,0f,-1.7250000000000003f,-2.5151249999999994f,0f,0f,0f,1f],start_interpolation:0}