execute if entity @s[tag=aj.beast.bone.right_thumb] run data modify entity @s {} merge value {transformation:[-0.6673721855361177f,-0.7852762318455995f,0.20113578913540844f,-3.3195214848375603f,-0.7044938336880472f,0.4329785900196429f,-0.6470842131284933f,-10.221839209385942f,0.40100224970474313f,-0.5462332654489102f,-0.802076315227396f,4.293952241393376f,0f,0f,0f,1f],start_interpolation:0}
execute if entity @s[tag=aj.beast.bone.right_fingers_2] run data modify entity @s {} merge value {transformation:[-0.6983561582224438f,-0.6896406668404969f,0.19155789441467458f,-1.8886390454060409f,-0.6324537631917757f,0.46926824676288986f,-0.6162706791699932f,-11.444726094888685f,0.33511328487147485f,-0.5515279351219464f,-0.7638822049784718f,5.197528937159891f,0f,0f,0f,1f],start_interpolation:0}
execute if entity @s[tag=aj.beast.bone.right_fingers] run data modify entity @s {} merge value {transformation:[-0.7823977947211849f,-0.5925869251872192f,0.19155789441467458f,-2.744905181169134f,-0.5657912361932752f,0.5478053733236291f,-0.6162706791699932f,-11.230188433101068f,0.2602575029894663f,-0.5905505982173891f,-0.7638822049784718f,4.809469683218874f,0f,0f,0f,1f],start_interpolation:0}
execute if entity @s[tag=aj.beast.locator_origin.right_hand] at @s on origin run tp @s ^-2.48017 ^-9.9987 ^5.13866 ~14.0777 ~-38.04431
execute if entity @s[tag=aj.beast.bone.right_hand] run data modify entity @s {} merge value {transformation:[-0.8478764742242986f,-0.5857899613221857f,0.20113578913540822f,-3.6761675172859123f,-0.5684256832019601f,0.6005616236459531f,-0.6470842131284926f,-10.390035651692193f,0.24596285722311034f,-0.631407837627858f,-0.8020763152273951f,3.9802077586300175f,0f,0f,0f,1f],start_interpolation:0}
execute if entity @s[tag=aj.beast.bone.right_forearm] run data modify entity @s {} merge value {transformation:[-1.8865178358645722f,-1.4565547899887759f,-3.5489609181738824f,-5.342614636007848f,1.7993524323650896f,3.1568834947382327f,-2.2521195405198093f,-5.340022845211828f,3.3880682223217837f,-2.4876012028478502f,-0.7800378045218325f,0.44129841500624223f,0f,0f,0f,1f],start_interpolation:0}
execute if entity @s[tag=aj.beast.bone.right_bicep] run data modify entity @s {} merge value {transformation:[-1.5886465986227978f,-0.478285784001185f,-3.194909183921601f,-4.691332729878186f,1.5152441535706018f,3.034074644464594f,-1.207653181541439f,-1.4889273020662073f,2.8531100819551867f,-1.8776671059161205f,-1.1375979516535069f,-1.8091206144886718f,0f,0f,0f,1f],start_interpolation:0}
execute if entity @s[tag=aj.beast.bone.right_arm] run data modify entity @s {} merge value {transformation:[-1.1975773711960336f,0.0036865859818944937f,-0.07612390612019451f,-4.43660792332995f,-0.008215201080049767f,1.1853672072466246f,0.18664697815810585f,-0.15229667414954284f,0.07576906011303321f,0.1867913088667035f,-1.1829488815927134f,-1.597512425623382f,0f,0f,0f,1f],start_interpolation:0}
execute if entity @s[tag=aj.beast.bone.left_thumb] run data modify entity @s {} merge value {transformation:[-0.9943531431431583f,-0.060200601840605494f,-0.3318700261538424f,3.8944542335934056f,-0.30521537719220165f,0.6002969124418153f,0.8055974121347758f,-11.554862524131229f,0.1435458123622745f,0.8593715753100367f,-0.5859821629558378f,-7.207531082775051f,0f,0f,0f,1f],start_interpolation:0}
execute if entity @s[tag=aj.beast.bone.left_fingers_2] run data modify entity @s {} merge value {transformation:[-0.9470029934696739f,-0.05733390651486234f,-0.3160666915750878f,3.6740240185727124f,-0.2906813116116204f,0.5717113451826809f,0.7672356306045478f,-12.545654618897203f,0.13671029748788038f,0.8184491193428916f,-0.5580782504341308f,-9.049567299096529f,0f,0f,0f,1f],start_interpolation:0}
execute if entity @s[tag=aj.beast.bone.left_fingers] run data modify entity @s {} merge value {transformation:[-0.9470029934696739f,-0.05733390651486234f,-0.3160666915750878f,4.048836003981552f,-0.2906813116116204f,0.5717113451826809f,0.7672356306045478f,-11.927106218344573f,0.13671029748788038f,0.8184491193428916f,-0.5580782504341308f,-8.411819747225975f,0f,0f,0f,1f],start_interpolation:0}
execute if entity @s[tag=aj.beast.bone.left_hand] run data modify entity @s {} merge value {transformation:[-0.9943531431431571f,-0.06020060184060543f,-0.3318700261538421f,4.080185254982986f,-0.3052153771922013f,0.6002969124418147f,0.8055974121347749f,-11.088437095402092f,0.14354581236227434f,0.8593715753100358f,-0.5859821629558372f,-7.164248947216572f,0f,0f,0f,1f],start_interpolation:0}
execute if entity @s[tag=aj.beast.bone.left_forearm] run data modify entity @s {} merge value {transformation:[-4.028609702835631f,0.3177829480205508f,-1.3946120823246797f,4.811615906704058f,-0.22098714700675892f,3.9798316770801767f,1.5452279776677003f,-5.39631768872203f,1.413185601071715f,1.5282600629659089f,-3.734026330499962f,-4.359192700130051f,0f,0f,0f,1f],start_interpolation:0}
execute if entity @s[tag=aj.beast.bone.left_bicep] run data modify entity @s {} merge value {transformation:[-3.5042696502676804f,-0.19478550918799908f,-0.8013443851573443f,4.39707281405238f,-0.19141159032669325f,3.5947199838613506f,-0.03674017850343592f,-1.0818427455195834f,0.802156980460456f,0.006844197413146303f,-3.5094867624284234f,-3.1210687964702357f,0f,0f,0f,1f],start_interpolation:0}
execute if entity @s[tag=aj.beast.bone.left_arm] run data modify entity @s {} merge value {transformation:[-1.1975773711960336f,0.05600689423644894f,-0.05168817850519897f,4.211500753192657f,-0.008215201080049767f,0.7142404567742734f,0.9642577873048743f,-0.2911706388951598f,0.07576906011303321f,0.9626649457131308f,-0.712415083939639f,-2.0090234654764165f,0f,0f,0f,1f],start_interpolation:0}
execute if entity @s[tag=aj.beast.bone.chest] run data modify entity @s {} merge value {transformation:[-6.049310516183716f,0.07258470766934555f,-0.37806994729502574f,8.344437127690384e-19f,-0.04149736249314451f,5.795203622127052f,1.776585515261685f,0.3544068749999987f,0.3827314903966232f,1.7755871097594933f,-5.78300701780317f,-0.006813750000000063f,0f,0f,0f,1f],start_interpolation:0}
execute if entity @s[tag=aj.beast.bone.waist] run data modify entity @s {} merge value {transformation:[-5.01251681205156f,-0.12654980767378973f,-0.31234200752012015f,-0.142855892857143f,-0.12802476784730615f,5.022162510739779f,0.019762315680789205f,-4.6479775f,0.311740344359878f,0.027677364057124912f,-5.014075098739621f,-3.212f,0f,0f,0f,1f],start_interpolation:0}
execute if entity @s[tag=aj.beast.bone.hip] run data modify entity @s {} merge value {transformation:[-4.388470079595044f,0f,-0.21901943622670247f,2.23268189948277e-16f,0f,4.393932083333333f,0f,-7.96196125f,0.21901943622670247f,0f,-4.388470079595044f,-1.823123125f,0f,0f,0f,1f],start_interpolation:0}