execute if entity @s[tag=aj.beast.bone.right_thumb] run data modify entity @s {} merge value {transformation:[-0.12117306475591082f,-1.041198825487949f,0.0610089680307498f,-0.23639354251177108f,-0.8936717019151925f,0.0719815746189347f,-0.5465066716073866f,-9.12374134411463f,0.5377434123944849f,-0.11499416819080838f,-0.8944877661032825f,3.9528088683848153f,0f,0f,0f,1f],start_interpolation:0}
execute if entity @s[tag=aj.beast.bone.right_fingers_2] run data modify entity @s {} merge value {transformation:[-0.2013889729950071f,-0.9777864963339383f,0.05810377907690453f,1.7809855043428247f,-0.8419022892214112f,0.14247265137967657f,-0.5204825443879869f,-9.657544121221743f,0.5006426040198376f,-0.1537371496933859f,-0.8518931105745542f,4.020367078879185f,0f,0f,0f,1f],start_interpolation:0}
execute if entity @s[tag=aj.beast.bone.right_fingers] run data modify entity @s {} merge value {transformation:[-0.32729281058390325f,-0.9431348615108401f,0.05810377907690453f,0.8289761876210655f,-0.8161032857473316f,0.25114407813009804f,-0.5204825443879869f,-9.808398111661099f,0.4762928123880296f,-0.21776887983160423f,-0.8518931105745542f,4.0473749035363f,0f,0f,0f,1f],start_interpolation:0}
execute if entity @s[tag=aj.beast.locator_origin.right_hand] at @s on origin run tp @s ^0.73606 ^-8.55995 ^4.4048 ~3.90184 ~-31.36463
execute if entity @s[tag=aj.beast.bone.right_hand] run data modify entity @s {} merge value {transformation:[-0.3865262784729886f,-0.9743589389283828f,0.06100896803074973f,-0.6033362836841567f,-0.8445903746957408f,0.3008281184662171f,-0.5465066716073861f,-9.429153999873598f,0.4896575691451418f,-0.250254073434242f,-0.8944877661032815f,3.7915693864542797f,0f,0f,0f,1f],start_interpolation:0}
execute if entity @s[tag=aj.beast.bone.right_forearm] run data modify entity @s {} merge value {transformation:[-0.9365714745822573f,-3.04193694137651f,-2.853958394526407f,-4.717121685444366f,1.746822918785892f,2.3701203979051493f,-3.0994780189312974f,-5.424503223776127f,3.7877524422014646f,-1.8452029547241857f,0.7237281896361243f,0.9910164915304027f,0f,0f,0f,1f],start_interpolation:0}
execute if entity @s[tag=aj.beast.bone.right_bicep] run data modify entity @s {} merge value {transformation:[-0.7886917680692694f,-1.0869597639611857f,-3.340132297755468f,-4.851685453825529f,1.4710087737144353f,3.006431377355924f,-1.3257087013763322f,-1.5631503279364933f,3.189686267117023f,-1.655260959721823f,-0.21450564697897112f,-1.3309088341488549f,0f,0f,0f,1f],start_interpolation:0}
execute if entity @s[tag=aj.beast.bone.right_arm] run data modify entity @s {} merge value {transformation:[-1.1848865392108134f,0.004997259215952553f,-0.18978650267432262f,-4.596528499204462f,-0.020322033237383248f,1.1893536605327404f,0.15819255716521644f,-0.2190993896372918f,0.18876150074133438f,0.15941423266979704f,-1.174289656882057f,-1.1738540923665046f,0f,0f,0f,1f],start_interpolation:0}
execute if entity @s[tag=aj.beast.bone.left_thumb] run data modify entity @s {} merge value {transformation:[-0.9146990424958398f,0.30002646814036665f,-0.4192967684974605f,2.1073434593445195f,-0.23379889718461858f,0.5196981759010942f,0.8819024218360743f,-9.804325414236212f,0.45952555677834894f,0.8616251646628564f,-0.38592530143442966f,-10.232991339058525f,0f,0f,0f,1f],start_interpolation:0}
execute if entity @s[tag=aj.beast.bone.left_fingers_2] run data modify entity @s {} merge value {transformation:[-0.8711419452341326f,0.28573949346701566f,-0.39933025571186687f,1.170173236866106f,-0.22266561636630325f,0.49495064371532754f,0.8399070684153083f,-10.595695795398711f,0.43764338740795106f,0.8205953949170056f,-0.367547906128028f,-11.941441154213553f,0f,0f,0f,1f],start_interpolation:0}
execute if entity @s[tag=aj.beast.bone.left_fingers] run data modify entity @s {} merge value {transformation:[-0.8711419452341326f,0.28573949346701566f,-0.39933025571186687f,1.804037497684026f,-0.22266561636630325f,0.49495064371532754f,0.8399070684153083f,-10.073136293750641f,0.43764338740795106f,0.8205953949170056f,-0.367547906128028f,-11.43650971902231f,0f,0f,0f,1f],start_interpolation:0}
execute if entity @s[tag=aj.beast.bone.left_hand] run data modify entity @s {} merge value {transformation:[-0.9146990424958389f,0.3000264681403663f,-0.41929676849746006f,2.346981540234119f,-0.23379889718461833f,0.5196981759010937f,0.8819024218360734f,-9.361068514303767f,0.45952555677834844f,0.8616251646628555f,-0.38592530143442927f,-10.228638526185703f,0f,0f,0f,1f],start_interpolation:0}
execute if entity @s[tag=aj.beast.bone.left_forearm] run data modify entity @s {} merge value {transformation:[-3.7103288312423732f,0.6579206654072621f,-2.018966409349516f,3.6721480366444528f,-0.4771941393757815f,3.702325346375162f,2.0834341321322f,-4.1576580213614145f,2.0691473406688607f,2.0336057699608623f,-3.139856980020726f,-6.768579612492325f,0f,0f,0f,1f],start_interpolation:0}
execute if entity @s[tag=aj.beast.bone.left_bicep] run data modify entity @s {} merge value {transformation:[-3.480105077398559f,0.468602652122304f,-0.7932718353053484f,4.056475740106277f,0.0559315123753668f,3.201325207434353f,1.6457182572265543f,-0.8272935343307144f,0.919641406303662f,1.5785843248522855f,-3.101988267731276f,-3.755200211906118f,0f,0f,0f,1f],start_interpolation:0}
execute if entity @s[tag=aj.beast.bone.left_arm] run data modify entity @s {} merge value {transformation:[-1.1848865392108134f,0.1715053011510875f,-0.08142371198917961f,4.004291248963436f,-0.020322033237383248f,0.3971232456627836f,1.1322014585396698f,-0.3993315143125682f,0.18876150074133438f,1.1193208027332164f,-0.3892172098026345f,-2.447389263620039f,0f,0f,0f,1f],start_interpolation:0}
execute if entity @s[tag=aj.beast.bone.chest] run data modify entity @s {} merge value {transformation:[-5.985205444366401f,0.18351322108189141f,-0.9412767034517253f,8.344437127690384e-19f,-0.1026524818604093f,5.792751500133609f,1.7820930592182151f,0.3544068749999987f,0.9534890679712573f,1.775588944951502f,-5.716686596436027f,-0.006813750000000063f,0f,0f,0f,1f],start_interpolation:0}
execute if entity @s[tag=aj.beast.bone.waist] run data modify entity @s {} merge value {transformation:[-4.953315506162981f,-0.3097700676854363f,-0.7794903310208806f,-0.3571416071428562f,-0.3166432816661228f,5.013805798163028f,0.019637338567749914f,-4.6479775f,0.7767236980835529f,0.06849159113698736f,-4.962953392221454f,-3.212f,0f,0f,0f,1f],start_interpolation:0}
execute if entity @s[tag=aj.beast.bone.hip] run data modify entity @s {} merge value {transformation:[-4.3598316842217075f,0f,-0.5463577932111078f,2.23268189948277e-16f,0f,4.393932083333333f,0f,-7.96196125f,0.5463577932111078f,0f,-4.3598316842217075f,-1.823123125f,0f,0f,0f,1f],start_interpolation:0}