execute if entity @s[tag=aj.beast.bone.right_thumb] run data modify entity @s {} merge value {transformation:[-0.6214245096935391f,-0.8346277405003589f,-0.14045680310832187f,-2.0159633730848947f,0.46180457146483544f,-0.4803948747191945f,0.8114538200770942f,11.947769661818603f,-0.7092729492419152f,0.41847018905866507f,0.6513943385867589f,0.7846561975152445f,0f,0f,0f,1f],start_interpolation:0}
execute if entity @s[tag=aj.beast.bone.right_fingers_2] run data modify entity @s {} merge value {transformation:[0.9480799301262f,-0.09773621922031661f,-0.3026418304603944f,-0.901366932797955f,0.281481004089456f,0.7008056742503689f,0.6554691840775411f,12.759642348295737f,0.14803003218499794f,-0.7066251045575752f,0.6919306837973761f,0.9908415609827349f,0f,0f,0f,1f],start_interpolation:0}
execute if entity @s[tag=aj.beast.bone.right_fingers] run data modify entity @s {} merge value {transformation:[0.23242042960110765f,-0.9243314699606513f,-0.3026418304603944f,-1.5868797542499409f,0.7548140940600936f,-0.024815965283716657f,0.6554691840775411f,13.076399901125486f,-0.613381143590408f,-0.3807827484372407f,0.6919306837973761f,0.39122092049454593f,0f,0f,0f,1f],start_interpolation:0}
execute if entity @s[tag=aj.beast.locator_origin.consume] at @s on origin run tp @s ^-0.88578 ^11.98017 ^0.34937 ~-156.37603 ~40.95524
execute if entity @s[tag=aj.beast.bone.right_hand] run data modify entity @s {} merge value {transformation:[-0.8032788525312563f,-0.5968775582842325f,-0.31777392198341414f,-2.498613797256062f,0.2792242802026923f,-0.7421966486816652f,0.6882426432814182f,12.003275586780028f,-0.6158545984413503f,0.4420195867858772f,0.726527217987245f,0.9184085674817122f,0f,0f,0f,1f],start_interpolation:0}
execute if entity @s[tag=aj.beast.bone.right_forearm] run data modify entity @s {} merge value {transformation:[-3.1186546285497116f,-2.909137026569356f,-0.29417693395074856f,-6.82163774074869f,2.5516212220044228f,-2.91773683115823f,1.80323762258871f,7.432368033897952f,-1.42788215453591f,1.1398940936534117f,3.8648957305484903f,2.0237695105654825f,0f,0f,0f,1f],start_interpolation:0}
execute if entity @s[tag=aj.beast.bone.right_bicep] run data modify entity @s {} merge value {transformation:[-2.6262354766734424f,1.4043541565598459f,-2.022542119219006f,-4.152083006709496f,2.1487336606353042f,-0.1369265484452257f,-2.885168067198805f,7.927636622419315f,-1.2024270775039245f,-3.3119541849614955f,-0.7383282467855403f,-1.5745186045239379f,0f,0f,0f,1f],start_interpolation:0}
execute if entity @s[tag=aj.beast.bone.right_arm] run data modify entity @s {} merge value {transformation:[-1.093216950042496f,0.4931799632482091f,-0.040622949059357726f,-3.4697545232564666f,0.11848088730983465f,0.16521862166897552f,-1.1826517181301006f,8.117107784430658f,-0.4804570526925984f,-1.0814232894220006f,-0.1992101644335515f,-2.7369208402347702f,0f,0f,0f,1f],start_interpolation:0}
execute if entity @s[tag=aj.beast.bone.left_thumb] run data modify entity @s {} merge value {transformation:[-0.8534340272043555f,-0.0542565476589501f,-0.6092672551892868f,-0.27438139854847265f,-0.39121222427938235f,-0.7555703382013254f,0.6152775468068968f,12.305386962872443f,-0.4702162872382598f,0.7270967549552584f,0.5939082017866053f,0.7922537979001917f,0f,0f,0f,1f],start_interpolation:0}
execute if entity @s[tag=aj.beast.bone.left_fingers_2] run data modify entity @s {} merge value {transformation:[-0.508527628490941f,0.6361637626621938f,-0.5802545287517017f,-0.7375428035239345f,-0.8031591434294048f,-0.10753814164644887f,0.5859786160065684f,13.714300518889596f,0.3103788674944296f,0.7640230462274736f,0.565626858844386f,-0.5458098151929374f,0f,0f,0f,1f],start_interpolation:0}
execute if entity @s[tag=aj.beast.bone.left_fingers] run data modify entity @s {} merge value {transformation:[-0.7984729483487839f,0.16045445652377752f,-0.5802545287517017f,-0.24324412406584386f,-0.5461314137452403f,-0.5986397418344791f,0.5859786160065684f,13.44754008092929f,-0.2533405409243167f,0.7847832993113497f,0.565626858844386f,0.237973172868448f,0f,0f,0f,1f],start_interpolation:0}
execute if entity @s[tag=aj.beast.bone.left_hand] run data modify entity @s {} merge value {transformation:[-0.8534340272043555f,-0.0542565476589501f,-0.6092672551892868f,-0.2006599249900276f,-0.39121222427938235f,-0.7555703382013254f,0.6152775468068968f,12.370659694345544f,-0.4702162872382598f,0.7270967549552584f,0.5939082017866053f,1.286446726818129f,0f,0f,0f,1f],start_interpolation:0}
execute if entity @s[tag=aj.beast.bone.left_forearm] run data modify entity @s {} merge value {transformation:[-3.228390730857793f,1.413838000450524f,-2.419541360959457f,2.3012442277772367f,-2.7663239029885385f,-2.197729636453675f,2.406877958851975f,8.78398016365762f,-0.44785081518932013f,3.3832930043871836f,2.574564641604285f,5.942599671257364f,0f,0f,0f,1f],start_interpolation:0}
execute if entity @s[tag=aj.beast.bone.left_bicep] run data modify entity @s {} merge value {transformation:[-2.7186448259855105f,1.832676825267029f,1.486696325505441f,3.6886778594075618f,-2.329535918306138f,-1.7217174405854583f,-2.137510575437099f,7.108554698681159f,-0.3771375285804802f,-2.576234598966683f,2.4861179729898546f,1.9945028840533987f,0f,0f,0f,1f],start_interpolation:0}
execute if entity @s[tag=aj.beast.bone.left_arm] run data modify entity @s {} merge value {transformation:[-1.0658123894327765f,0.5511941876936846f,0.01513003583260531f,4.188296099414652f,0.06685733724376973f,0.16186496950727378f,-1.1871519818890433f,7.315541582001981f,-0.5473335792624726f,-1.0535581137740384f,-0.17447422134121104f,0.7454278332513539f,0f,0f,0f,1f],start_interpolation:0}
execute if entity @s[tag=aj.beast.bone.chest] run data modify entity @s {} merge value {transformation:[-5.522155771662314f,0.13991609492605828f,2.4957127771286602f,-1.447364127657288e-17f,0.5984813130314551f,5.950023181682262f,0.9906600837027041f,8.791906875000002f,-2.4269278723305217f,1.1489172162825072f,-5.434369648697162f,0.11818624999999994f,0f,0f,0f,1f],start_interpolation:0}
execute if entity @s[tag=aj.beast.bone.waist] run data modify entity @s {} merge value {transformation:[-4.683959733576423f,0.24885077671296213f,1.7993031094697602f,0.527779027777778f,0.2150057166094014f,5.017434894389896f,-0.1342266626547638f,3.379800277777779f,-1.803660425535658f,-0.04814089811702167f,-4.68864465468098f,-2.4064444444444444f,0f,0f,0f,1f],start_interpolation:0}
execute if entity @s[tag=aj.beast.bone.hip] run data modify entity @s {} merge value {transformation:[-4.097334421745742f,0.12934940819503285f,1.5816948251553078f,0.08333333333333348f,0.20299000310883372f,4.386056804133399f,0.16715239303997043f,0.2810943055555555f,-1.5739392770883383f,0.22894015475819846f,-4.095966395189777f,-1.3439564583333332f,0f,0f,0f,1f],start_interpolation:0}
execute if entity @s[tag=aj.beast.bone.right_foot] run data modify entity @s {} merge value {transformation:[-1.9169729464032532f,0f,0.6977210923843643f,-1.425470192447095f,0f,2.04f,0f,-7.72442f,-0.6977210923843643f,0f,-1.9169729464032532f,-2.501058633180412f,0f,0f,0f,1f],start_interpolation:0}
execute if entity @s[tag=aj.beast.bone.right_knee] run data modify entity @s {} merge value {transformation:[-2.6781239692398393f,0f,0.9747574084781561f,-1.8844611613507305f,0f,2.85f,0f,-4.045546874999999f,-0.9747574084781561f,0f,-2.6781239692398393f,-1.2235449106331577f,0f,0f,0f,1f],start_interpolation:0}
execute if entity @s[tag=aj.beast.bone.right_thigh] run data modify entity @s {} merge value {transformation:[-3.5943242745061004f,0f,1.3082270482206833f,-0.9334195344120745f,0f,3.8250000000000006f,0f,-0.43949624999999903f,-1.3082270482206833f,0f,-3.5943242745061004f,-2.8661727203043763f,0f,0f,0f,1f],start_interpolation:0}
execute if entity @s[tag=aj.beast.bone.right_leg] run data modify entity @s {} merge value {transformation:[-1.6209697708556923f,0f,0.5899847472367787f,-0.9951387499999998f,0f,1.7250000000000003f,0f,-0.44709437499999893f,-0.5899847472367787f,0f,-1.6209697708556923f,-2.865125f,0f,0f,0f,1f],start_interpolation:0}
execute if entity @s[tag=aj.beast.bone.left_foot] run data modify entity @s {} merge value {transformation:[-1.8641247770141944f,0.19862966607015145f,0.8044781361097644f,1.1037271453829596f,-0.005708117024447626f,1.9773994870858527f,-0.5014565642931023f,-7.195433786149726f,-0.8286170606026739f,-0.46047532423515064f,-1.806365478702668f,0.76462306613124f,0f,0f,0f,1f],start_interpolation:0}
execute if entity @s[tag=aj.beast.bone.left_knee] run data modify entity @s {} merge value {transformation:[-2.6169159046087813f,0.2774973275980057f,1.0941875439711288f,0.9595988512286725f,0f,2.7625434010758236f,-0.7006097038811422f,-3.3111164962998014f,-1.128827333211597f,-0.643311114740284f,-2.5366118468236345f,1.0845483236540323f,0f,0f,0f,1f],start_interpolation:0}
execute if entity @s[tag=aj.beast.bone.left_thigh] run data modify entity @s {} merge value {transformation:[-3.512176608817049f,0.5181622631853448f,1.4236391177152383f,1.8389375073032248f,0f,3.5943242745061004f,-1.3082270482206828f,-0.5617184722222208f,-1.5150051050997753f,-1.201235147132668f,-3.3003664422022574f,-1.7918872206385177f,0f,0f,0f,1f],start_interpolation:0}
execute if entity @s[tag=aj.beast.bone.left_leg] run data modify entity @s {} merge value {transformation:[-1.5839227843684731f,0f,0.6832375964175457f,1.8923609722222223f,0f,1.7250000000000003f,0f,-0.5693165972222207f,-0.6832375964175457f,0f,-1.5839227843684731f,-1.959569444444444f,0f,0f,0f,1f],start_interpolation:0}