execute if entity @s[tag=aj.beast.bone.right_thumb] run data modify entity @s {} merge value {transformation:[-0.7060662035022014f,-0.7769448196127249f,0.018090426997167168f,-1.5223383592630206f,0.3407711083669771f,-0.2875490241589202f,0.9506264305223142f,9.446975090958551f,-0.6984594247158037f,0.6451141805775199f,0.44551332869339083f,-0.05326551995552686f,0f,0f,0f,1f],start_interpolation:0}
execute if entity @s[tag=aj.beast.bone.right_fingers_2] run data modify entity @s {} merge value {transformation:[0.9737214412814372f,-0.17698051721658575f,-0.14333335729881724f,-0.3451459342491463f,0.2163829534670348f,0.5226593073354668f,0.8246245605755949f,10.174286092810425f,-0.07102796799630184f,-0.8339695108224039f,0.5472201410592967f,-0.224179501043419f,0f,0f,0f,1f],start_interpolation:0}
execute if entity @s[tag=aj.beast.bone.right_fingers] run data modify entity @s {} merge value {transformation:[0.166725060855055f,-0.9755297549374533f,-0.14333335729881724f,-1.1037593752882948f,0.5651464230462392f,-0.024573453431461945f,0.8246245605755949f,10.406395531765666f,-0.8079679910744728f,-0.21848991422517405f,0.5472201410592967f,-0.7723026109118515f,0f,0f,0f,1f],start_interpolation:0}
execute if entity @s[tag=aj.beast.locator_origin.consume] at @s on origin run tp @s ^-0.15301 ^9.60106 ^-1.06342 ~-165.32226 ~55.55045
execute if entity @s[tag=aj.beast.bone.right_hand] run data modify entity @s {} merge value {transformation:[-0.8793425081628323f,-0.553720593588145f,-0.1505000251637581f,-1.9713350377387275f,0.2032477254063281f,-0.558107619960031f,0.8658557886043746f,9.577984875335709f,-0.536607040072205f,0.6959952505433801f,0.5745811481122616f,0.13424569369664674f,0f,0f,0f,1f],start_interpolation:0}
execute if entity @s[tag=aj.beast.bone.right_forearm] run data modify entity @s {} merge value {transformation:[-3.1056630412910198f,-2.921718674725563f,0.306662778502566f,-6.401615447382406f,2.419121801757155f,-2.290209905306811f,2.679256109052993f,5.809013757652134f,-1.6668328597139632f,2.1199348045150987f,3.3171025975063393f,2.7745159248461926f,0f,0f,0f,1f],start_interpolation:0}
execute if entity @s[tag=aj.beast.bone.right_bicep] run data modify entity @s {} merge value {transformation:[-2.6152951926661223f,0.9270708801228308f,-2.2936369892478092f,-4.22062379750916f,2.03715520147971f,-1.0866983652958309f,-2.7620798952867993f,5.135473017977106f,-1.4036487239696536f,-3.3044857763488187f,0.264847151403812f,-1.1125278242235264f,0f,0f,0f,1f],start_interpolation:0}
execute if entity @s[tag=aj.beast.bone.right_arm] run data modify entity @s {} merge value {transformation:[-1.1394390958293175f,0.352371135734622f,-0.13233718145993908f,-3.7083995615569725f,0.09245981665924181f,-0.14695122745978095f,-1.1873737907884794f,4.97719133168191f,-0.3648694687131379f,-1.1376466584353673f,0.11238483595145765f,-2.3616951430953934f,0f,0f,0f,1f],start_interpolation:0}
execute if entity @s[tag=aj.beast.bone.left_thumb] run data modify entity @s {} merge value {transformation:[-0.9374843229990764f,-0.029613101223664045f,-0.471959964792441f,0.28857100280343745f,-0.382176399025418f,-0.5697301352668982f,0.7948891576796897f,9.697049992942452f,-0.2785037596854473f,0.8814934130239883f,0.49790061120307133f,-0.2836693756306197f,0f,0f,0f,1f],start_interpolation:0}
execute if entity @s[tag=aj.beast.bone.left_fingers_2] run data modify entity @s {} merge value {transformation:[-0.5300005957594601f,0.7190702269535963f,-0.4494856807547054f,-0.21151610722541037f,-0.6533187068294521f,-0.008318910452236039f,0.7570372930282754f,10.82837535767069f,0.5406237469824176f,0.6948876200061355f,0.47419105828863906f,-1.8521036042730197f,0f,0f,0f,1f],start_interpolation:0}
execute if entity @s[tag=aj.beast.bone.left_fingers] run data modify entity @s {} merge value {transformation:[-0.8697188132449172f,0.20384260762738515f,-0.4494856807547054f,0.3517529054918307f,-0.4920105367549674f,-0.42990716286950703f,0.7570372930282754f,10.681541065961389f,-0.038920657881664045f,0.8795612671264911f,0.47419105828863906f,-1.0833541013528625f,0f,0f,0f,1f],start_interpolation:0}
execute if entity @s[tag=aj.beast.bone.left_hand] run data modify entity @s {} merge value {transformation:[-0.9374843229990758f,-0.029613101223664024f,-0.4719599647924407f,0.4295526896473012f,-0.3821763990254177f,-0.5697301352668978f,0.7948891576796892f,9.858315916305024f,-0.27850375968544716f,0.8814934130239878f,0.49790061120307105f,0.1724440993586125f,0f,0f,0f,1f],start_interpolation:0}
execute if entity @s[tag=aj.beast.bone.left_forearm] run data modify entity @s {} merge value {transformation:[-3.4786287862560927f,1.6722356381513357f,-1.8380410055075098f,3.2330811174725533f,-2.4208509350611496f,-1.567264043842645f,3.155754928236908f,7.093913691269427f,0.5605778426267053f,3.6087305783855053f,2.222260357154713f,5.202539861875854f,0f,0f,0f,1f],start_interpolation:0}
execute if entity @s[tag=aj.beast.bone.left_bicep] run data modify entity @s {} merge value {transformation:[-2.9293716094788156f,1.2977610831819855f,1.64152311727792f,3.9005187782751065f,-2.0386113137357054f,-2.4069931278171603f,-1.7350642622536314f,4.500524099446365f,0.4720655516856467f,-2.34140988586349f,2.6935021554274727f,1.5764747485654205f,0f,0f,0f,1f],start_interpolation:0}
execute if entity @s[tag=aj.beast.bone.left_arm] run data modify entity @s {} merge value {transformation:[-1.1239258577687756f,0.40783197453221065f,-0.10229245714069453f,4.250922783780079f,0.05396218131168624f,-0.1496166947880715f,-1.1894128499510914f,4.353753088363092f,-0.4169877087238991f,-1.1186098181179402f,0.12179214089316827f,0.27128470344461697f,0f,0f,0f,1f],start_interpolation:0}
execute if entity @s[tag=aj.beast.bone.chest] run data modify entity @s {} merge value {transformation:[-5.755637231243957f,0.12714222339761622f,1.897060374208981f,-1.447364127657288e-17f,0.46704134087184096f,5.957218230856917f,1.0177359588363941f,5.791906874999999f,-1.8430614732778288f,1.1125416626003326f,-5.666369084408768f,0.11818624999999994f,0f,0f,0f,1f],start_interpolation:0}
execute if entity @s[tag=aj.beast.bone.waist] run data modify entity @s {} merge value {transformation:[-4.831637692559853f,0.18330854272976632f,1.364027991128004f,0.3958345833333334f,0.16628731244749867f,5.0203495187818055f,-0.0856528666758135f,0.3728558333333343f,-1.3662074923441885f,-0.03722716767477977f,-4.83435501390134f,-2.4828333333333337f,0f,0f,0f,1f],start_interpolation:0}
execute if entity @s[tag=aj.beast.bone.hip] run data modify entity @s {} merge value {transformation:[-4.226202406573093f,0.1130747332119692f,1.1971075458499303f,0.06250000000000012f,0.15697462730390754f,4.388907183823702f,0.13961321968033114f,-2.795294583333334f,-1.1921456865688016f,0.17705081032220965f,-4.2254089536405415f,-1.323123125f,0f,0f,0f,1f],start_interpolation:0}
execute if entity @s[tag=aj.beast.bone.right_foot] run data modify entity @s {} merge value {transformation:[-1.9704886856296995f,0f,0.5279908520091423f,-1.5773456669893957f,0f,2.04f,0f,-10.82442f,-0.5279908520091423f,0f,-1.9704886856296995f,-2.3883280526366324f,0f,0f,0f,1f],start_interpolation:0}
execute if entity @s[tag=aj.beast.bone.right_knee] run data modify entity @s {} merge value {transformation:[-2.752888604923845f,0f,0.7376342785421841f,-1.923247379324259f,0f,2.85f,0f,-7.145546875f,-0.7376342785421841f,0f,-2.752888604923845f,-1.075671956686345f,0f,0f,0f,1f],start_interpolation:0}
execute if entity @s[tag=aj.beast.bone.right_thigh] run data modify entity @s {} merge value {transformation:[-3.694666285555687f,0f,0.9899828475171419f,-1.1189891997132764f,0f,3.8250000000000006f,0f,-3.53949625f,-0.9899828475171419f,0f,-3.694666285555687f,-2.79493781099865f,0f,0f,0f,1f],start_interpolation:0}
execute if entity @s[tag=aj.beast.bone.right_leg] run data modify entity @s {} merge value {transformation:[-1.6662220503486431f,0f,0.44646285280184833f,-1.16388875f,0f,1.7250000000000003f,0f,-3.5470943750000004f,-0.44646285280184833f,0f,-1.6662220503486431f,-2.7776249999999996f,0f,0f,0f,1f],start_interpolation:0}
execute if entity @s[tag=aj.beast.bone.left_foot] run data modify entity @s {} merge value {transformation:[-1.9403654478845218f,0.11361204338482567f,0.6194144269015894f,1.493589901966984f,-0.0032253685409348895f,2.004707861527206f,-0.3778041647848698f,-10.485709025528886f,-0.6297392521144566f,-0.3603313662851769f,-1.906617366127085f,0.17017667554740024f,0f,0f,0f,1f],start_interpolation:0}
execute if entity @s[tag=aj.beast.bone.left_knee] run data modify entity @s {} merge value {transformation:[-2.718093309632447f,0.15872270766997704f,0.8421851709696881f,1.310446062317969f,0f,2.8006948065453607f,-0.5278338759400002f,-6.630648800248705f,-0.8570115285871782f,-0.5034041146631147f,-2.671070110874837f,0.7323287343938041f,0f,0f,0f,1f],start_interpolation:0}
execute if entity @s[tag=aj.beast.bone.left_thigh] run data modify entity @s {} merge value {transformation:[-3.6479673366119685f,0.2976935836581589f,1.1110075792995058f,1.8174068655725366f,0f,3.694666285555687f,-0.9899828475171416f,-3.631162916666667f,-1.1501996831038446f,-0.9441634226270951f,-3.5236658638924476f,-1.9791989872962847f,0f,0f,0f,1f],start_interpolation:0}
execute if entity @s[tag=aj.beast.bone.left_leg] run data modify entity @s {} merge value {transformation:[-1.6451617400406917f,0f,0.5187175041448712f,1.8368054166666667f,0f,1.7250000000000003f,0f,-3.638761041666667f,-0.5187175041448712f,0f,-1.6451617400406917f,-2.0984583333333333f,0f,0f,0f,1f],start_interpolation:0}