execute if entity @s[tag=aj.armor.bone.right_thumb_2] run data modify entity @s {} merge value {transformation:[0.15403332942932751f,-0.9442446736297923f,-0.2909909444410314f,-0.12488665710248908f,0.7677582223660141f,0.29976054999209034f,-0.5662957925482206f,0.27566027090415446f,0.6219493913609805f,-0.1361822638606315f,0.7711247276514348f,0.16429635474241008f,0f,0f,0f,1f],start_interpolation:0}
execute if entity @s[tag=aj.armor.bone.right_thumb] run data modify entity @s {} merge value {transformation:[0.15403332942932751f,-0.9442446736297923f,-0.2909909444410314f,-0.36847005963442264f,0.7677582223660141f,0.29976054999209034f,-0.5662957925482206f,0.5590622503453282f,0.6219493913609805f,-0.1361822638606315f,0.7711247276514348f,0.22575857026336069f,0f,0f,0f,1f],start_interpolation:0}
execute if entity @s[tag=aj.armor.bone.right_fingers_2] run data modify entity @s {} merge value {transformation:[-0.1882489861672793f,0.7803063608071138f,-0.5963927418161202f,0.04474281556243381f,-0.7462922542988707f,-0.5084040438870379f,-0.4296198311679945f,-0.11996035073240396f,-0.6384435686734581f,0.36420778608270404f,0.6780431388755693f,0.48001593159291056f,0f,0f,0f,1f],start_interpolation:0}
execute if entity @s[tag=aj.armor.bone.right_fingers] run data modify entity @s {} merge value {transformation:[0.7982021550732116f,0.08478807195314067f,-0.5963927418161202f,0.11444017398746964f,-0.40664389057651923f,0.8062676645655432f,-0.4296198311679945f,0.21265814140343015f,0.44442554595035616f,0.5854429399441872f,0.6780431388755693f,0.7645243766501204f,0f,0f,0f,1f],start_interpolation:0}
execute if entity @s[tag=aj.armor.bone.right_hand] run data modify entity @s {} merge value {transformation:[0.22210630026068978f,-0.7713523766045962f,-0.5963927418161202f,-0.4989514912884938f,0.7234056765091901f,0.5404729668183827f,-0.4296198311679945f,0.6202059035470576f,0.6537224323662062f,-0.3360126236393157f,0.6780431388755693f,0.4705351746848605f,0f,0f,0f,1f],start_interpolation:0}
execute if entity @s[tag=aj.armor.bone.right_forearm] run data modify entity @s {} merge value {transformation:[-0.8893183820995326f,-1.5334754794630785f,-0.4294116099721308f,-2.731758590755762f,0.5113168948787651f,0.19082258809998726f,-1.7403937297392984f,0.8068867708118299f,1.508143365169543f,-0.9689521429822063f,0.33684402375399536f,-1.009805524043358f,0f,0f,0f,1f],start_interpolation:0}
execute if entity @s[tag=aj.armor.bone.right_bicep] run data modify entity @s {} merge value {transformation:[-0.8950005112645547f,0.27505033077017416f,-1.2780672737625787f,-2.2833918729298412f,0.04410754957088154f,1.5543498086097796f,0.30362106716942455f,3.228339985634995f,1.3065845417693203f,0.1359358080178499f,-0.8857160082055063f,-0.7901647413030288f,0f,0f,0f,1f],start_interpolation:0}
execute if entity @s[tag=aj.armor.bone.right_shoulder] run data modify entity @s {} merge value {transformation:[-1.012158060183066f,0.044147907540219945f,0.00004618564085255648f,-1.827643125f,0.04398409016008073f,1.0083099658643488f,0.08825752782774628f,3.4276187993074703f,0.0037999586949227578f,0.08817569770234716f,-1.009268836988174f,-0.7520389380836099f,0f,0f,0f,1f],start_interpolation:0}
execute if entity @s[tag=aj.armor.bone.left_thumb_2] run data modify entity @s {} merge value {transformation:[-0.2505324954780337f,0.9500542377985605f,-0.23959147032386857f,0.29168373208321247f,-0.8833205399282512f,-0.39381954167344857f,-0.42413769361319054f,3.009048989072957f,-0.4108784587756191f,0.18676502993851357f,0.9553440564520671f,1.7328675490238177f,0f,0f,0f,1f],start_interpolation:0}
execute if entity @s[tag=aj.armor.bone.left_thumb] run data modify entity @s {} merge value {transformation:[-0.2505324954780337f,0.9500542377985605f,-0.23959147032386857f,0.6477590600297781f,-0.8833205399282512f,-0.39381954167344857f,-0.42413769361319054f,3.099034860189042f,-0.4108784587756191f,0.18676502993851357f,0.9553440564520671f,1.83948916612963f,0f,0f,0f,1f],start_interpolation:0}
execute if entity @s[tag=aj.armor.bone.left_fingers_2] run data modify entity @s {} merge value {transformation:[0.9998008960661782f,0.14856956792456183f,0.03314981769759895f,-0.14058391272960707f,-0.15155583998399802f,0.8197335799894254f,-0.6483127917996097f,3.1831631080548264f,-0.06088500260493915f,0.5562778983651098f,0.8962323731825055f,2.1532772966264773f,0f,0f,0f,1f],start_interpolation:0}
execute if entity @s[tag=aj.armor.bone.left_fingers] run data modify entity @s {} merge value {transformation:[0.702751958043308f,0.7265083851920227f,0.03314981769759895f,0.14693216179646595f,-0.6192595174527458f,0.5580770241102274f,-0.6483127917996097f,3.4526003326723322f,-0.3869438485249811f,0.40426048760716554f,0.8962323731825055f,2.357098118420611f,0f,0f,0f,1f],start_interpolation:0}
execute if entity @s[tag=aj.armor.locator_origin.consume] at @s on origin run tp @s ^-0.03437 ^3.44986 ^2.13443 ~179.49865 ~-33.71129
execute if entity @s[tag=aj.armor.bone.left_hand] run data modify entity @s {} merge value {transformation:[-0.5571838731089825f,0.8433391250471527f,0.03314981769759895f,0.7960117515532996f,-0.6788806611891581f,-0.48379061861398936f,-0.6483127917996097f,3.0521110533486047f,-0.47842787707770373f,-0.2902737504264351f,0.8962323731825055f,2.1033557560703335f,0f,0f,0f,1f],start_interpolation:0}
execute if entity @s[tag=aj.armor.bone.left_forearm] run data modify entity @s {} merge value {transformation:[-0.8783492097756321f,1.6209378146587992f,0.060463927675288534f,3.1429808658016185f,-1.3104464636710829f,-0.7711360055890439f,-1.182496329600486f,1.8100001486535862f,-0.9154568767407791f,-0.4513778939959774f,1.6346916259598072f,1.4641392473014825f,0f,0f,0f,1f],start_interpolation:0}
execute if entity @s[tag=aj.armor.bone.left_bicep] run data modify entity @s {} merge value {transformation:[-0.76295777916941f,-0.5309142403920272f,1.3051149375084352f,2.3739315163283323f,-1.1382890910760788f,1.1942987276457568f,-0.2781284802925071f,3.6229835568856683f,-0.795190498072998f,-1.2002055679728179f,-0.8540808534477516f,-0.4026484950762146f,0f,0f,0f,1f],start_interpolation:0}
execute if entity @s[tag=aj.armor.bone.left_shoulder] run data modify entity @s {} merge value {transformation:[-0.8048092966483957f,-0.192993412232016f,0.5843359628930931f,1.965143125f,-0.5036393834900742f,0.7593624279633734f,-0.4428645990166166f,3.5760435983936096f,-0.3536132719411038f,-0.6422890505835f,-0.6991676537673158f,-0.6847145070333643f,0f,0f,0f,1f],start_interpolation:0}
execute if entity @s[tag=aj.armor.bone.right_foot] run data modify entity @s {} merge value {transformation:[-1.1489375354894176f,0.037788224007909564f,0.2531906091196785f,-1.6154127913000285f,0.050402909106387006f,1.1748195436532227f,0.05338053466020449f,-3.7197118822443285f,-0.25098402573406753f,0.06294429960944882f,-1.1483187400933415f,0.28641445863504944f,0f,0f,0f,1f],start_interpolation:0}
execute if entity @s[tag=aj.armor.bone.right_knee] run data modify entity @s {} merge value {transformation:[-2.8329526404107113f,0.14853090876024647f,0.6238963013729621f,-1.473210694659893f,0.36141781529971423f,2.7039906857722715f,0.9973666440055048f,-0.32188499782128766f,-0.5297973088908516f,1.0503816587001495f,-2.655737538065906f,1.4872138933142172f,0f,0f,0f,1f],start_interpolation:0}
execute if entity @s[tag=aj.armor.bone.right_thigh] run data modify entity @s {} merge value {transformation:[-2.4147813503951836f,0.3630092481415424f,-0.4087395729390385f,-0.9084999999999996f,0.30806903992570583f,-0.6256122152207797f,-2.3756505521109084f,-1.1632356249999998f,-0.45159408694305253f,-2.3678780299815534f,0.5650036625614118f,-1.8249600000000001f,0f,0f,0f,1f],start_interpolation:0}
execute if entity @s[tag=aj.armor.bone.left_foot] run data modify entity @s {} merge value {transformation:[-1.099918267142429f,0.41785879314118013f,-0.03412813322693083f,0.8764114161037301f,-0.1490004845595096f,-0.3000464078993113f,1.128433384646304f,-3.1343848128919585f,0.3918795173060083f,1.0587526042366455f,0.3332630519795036f,-2.9364906275694374f,0f,0f,0f,1f],start_interpolation:0}
execute if entity @s[tag=aj.armor.bone.left_knee] run data modify entity @s {} merge value {transformation:[-2.820782809699125f,0.6504936799720621f,-0.23868598902394814f,1.7386920792712868f,-0.3378271811660908f,-0.417521526233131f,2.854553775869593f,-3.547313395491816f,0.6049676228570495f,2.7999040047798753f,0.4811241293536724f,0.5410559760088882f,0f,0f,0f,1f],start_interpolation:0}
execute if entity @s[tag=aj.armor.bone.left_thigh] run data modify entity @s {} merge value {transformation:[-2.4044079047467792f,-0.5708951258497732f,-0.15137405924145983f,0.8928750000000003f,-0.28796061222477143f,1.6871517991041551f,-1.789024934294044f,-1.1632356249999998f,0.515668533398539f,-1.7197704163636627f,-1.7048426325036616f,-1.8249599999999997f,0f,0f,0f,1f],start_interpolation:0}