execute if entity @s[tag=aj.armor.bone.right_thumb_2] run data modify entity @s {} merge value {transformation:[0.15400844968420152f,-0.9442415409275359f,-0.291014277678366f,-0.12487403896789007f,0.7677711795223658f,0.2997532059873077f,-0.5662821129041297f,0.27569388658697885f,0.6219395576104669f,-0.1362201449387091f,0.7711259681739252f,0.16439851277140632f,0f,0f,0f,1f],start_interpolation:0}
execute if entity @s[tag=aj.armor.bone.right_thumb] run data modify entity @s {} merge value {transformation:[0.15400844968420152f,-0.9442415409275359f,-0.291014277678366f,-0.3684609270919682f,0.7677711795223658f,0.2997532059873077f,-0.5662821129041297f,0.5590958654231288f,0.6219395576104669f,-0.1362201449387091f,0.7711259681739252f,0.22584691553938252f,0f,0f,0f,1f],start_interpolation:0}
execute if entity @s[tag=aj.armor.bone.right_fingers_2] run data modify entity @s {} merge value {transformation:[-0.18822365359461946f,0.7802965322294146f,-0.5964135964397879f,0.044746690736433795f,-0.7463057042275756f,-0.5083930402707497f,-0.4296094883049556f,-0.1199197048692564f,-0.6384353154900457f,0.3642442015942231f,0.6780313484936461f,0.48013159589227183f,0f,0f,0f,1f],start_interpolation:0}
execute if entity @s[tag=aj.armor.bone.right_fingers] run data modify entity @s {} merge value {transformation:[0.7981891040161088f,0.08476423899097368f,-0.5964135964397879f,0.11443276001592517f,-0.4066312255297143f,0.8062795631681088f,-0.4296094883049556f,0.2127047106889104f,0.4444605726655215f,0.5854300041898468f,0.6780313484936461f,0.7646358811218218f,0f,0f,0f,1f],start_interpolation:0}
execute if entity @s[tag=aj.armor.bone.right_hand] run data modify entity @s {} merge value {transformation:[0.22208056308248797f,-0.771343662372825f,-0.5964135964397879f,-0.49895095758340613f,0.7234195936075444f,0.5404625603527493f,-0.4296094883049556f,0.6202436722307071f,0.6537157754602989f,-0.3360493644901411f,0.6780313484936461f,0.4706178984406151f,0f,0f,0f,1f],start_interpolation:0}
execute if entity @s[tag=aj.armor.bone.right_forearm] run data modify entity @s {} merge value {transformation:[-0.8893666116515131f,-1.5334524900572915f,-0.429393819762354f,-2.7317213196513808f,0.5113218135786156f,0.19078701094622244f,-1.7403961850815424f,0.8068718797260575f,1.5081132565797861f,-0.9689955308590459f,0.3368540160618743f,-1.0097848495922406f,0f,0f,0f,1f],start_interpolation:0}
execute if entity @s[tag=aj.armor.bone.right_bicep] run data modify entity @s {} merge value {transformation:[-0.8950218606461477f,0.275028495062575f,-1.2780570221052852f,-2.2833887439890095f,0.0441137015877716f,1.5543551081392168f,0.30359304178003627f,3.228333707358898f,1.3065697096524314f,0.13591939003926182f,-0.8857404072941588f,-0.7901693273922247f,0f,0f,0f,1f],start_interpolation:0}
execute if entity @s[tag=aj.armor.bone.right_shoulder] run data modify entity @s {} merge value {transformation:[-1.0121586771237328f,0.04413374279664892f,0.00006112883287312283f,-1.827643125f,0.04397133045181061f,1.0083117040896912f,0.08824402620506695f,3.4276187993074703f,0.0037832642351071557f,0.08816291062199634f,-1.0092700167790705f,-0.7520389380836099f,0f,0f,0f,1f],start_interpolation:0}
execute if entity @s[tag=aj.armor.bone.left_thumb_2] run data modify entity @s {} merge value {transformation:[-0.4053552969227195f,0.8911539432247717f,-0.20379335791834408f,0.5591460569936488f,-0.9139220706948636f,-0.40012939637995343f,0.06813893783606109f,4.3527888977900275f,-0.02082143015035745f,0.21387172704112792f,0.976639827376981f,1.7028781152405348f,0f,0f,0f,1f],start_interpolation:0}
execute if entity @s[tag=aj.armor.bone.left_thumb] run data modify entity @s {} merge value {transformation:[-0.4053552969227195f,0.8911539432247717f,-0.20379335791834408f,0.929448631652362f,-0.9139220706948636f,-0.40012939637995343f,0.06813893783606109f,4.426739446727079f,-0.02082143015035745f,0.21387172704112792f,0.976639827376981f,1.7317654721634195f,0f,0f,0f,1f],start_interpolation:0}
execute if entity @s[tag=aj.armor.bone.left_fingers_2] run data modify entity @s {} merge value {transformation:[0.9502249750101626f,0.310462461468392f,0.026183141253923514f,0.2000697939297965f,-0.2999970616221527f,0.9343956254645931f,-0.19211084855027266f,4.745280730834214f,-0.08410861956428664f,0.17469366082264923f,0.9810238860411968f,2.0355037855354494f,0f,0f,0f,1f],start_interpolation:0}
execute if entity @s[tag=aj.armor.bone.left_fingers] run data modify entity @s {} merge value {transformation:[0.5648665862554048f,0.8247667445079501f,0.026183141253923514f,0.537280378540493f,-0.8068276871328134f,0.5586792506843339f,-0.19211084855027266f,5.027616403017151f,-0.17307461687977224f,0.08739171590344685f,0.9810238860411968f,2.0903984868329f,0f,0f,0f,1f],start_interpolation:0}
execute if entity @s[tag=aj.armor.locator_origin.consume] at @s on origin run tp @s ^0.33901 ^4.95614 ^1.91812 ~178.47116 ~-11.076
execute if entity @s[tag=aj.armor.bone.left_hand] run data modify entity @s {} merge value {transformation:[-0.6829569736127639f,0.729989188486906f,0.026183141253923514f,1.0923984403785072f,-0.7200657948214703f,-0.6667823280482307f,-0.19211084855027266f,4.476852383136339f,-0.12278038655183776f,-0.15005702814200345f,0.9810238860411968f,1.9589561186390678f,0f,0f,0f,1f],start_interpolation:0}
execute if entity @s[tag=aj.armor.bone.left_forearm] run data modify entity @s {} merge value {transformation:[-1.124900381592971f,1.4349728091140899f,0.047756991411864146f,3.154062726766197f,-1.4143705556165989f,-1.0970882529682415f,-0.3504024232755684f,2.784344789659267f,-0.24694862730998876f,-0.2531382308854508f,1.7893479184237489f,1.6480794707523199f,0f,0f,0f,1f],start_interpolation:0}
execute if entity @s[tag=aj.armor.bone.left_bicep] run data modify entity @s {} merge value {transformation:[-0.9771187670860763f,-0.6123452209040982f,1.0864652784730877f,2.3584774899840437f,-1.2285603562067235f,0.7100067287876142f,-0.7047442458913913f,3.758278464934037f,-0.2145062284617887f,-1.2771289407870017f,-0.9127230151797839f,-0.34095302919690934f,0f,0f,0f,1f],start_interpolation:0}
execute if entity @s[tag=aj.armor.bone.left_shoulder] run data modify entity @s {} merge value {transformation:[-0.7210701704184933f,-0.15425152010867094f,0.6947497798082772f,1.9928216964285714f,-0.5829514202107496f,0.6953350089124651f,-0.450654907575422f,3.6625419545039475f,-0.40821370588670264f,-0.7205058449393082f,-0.5836487611580944f,-0.6665339022521922f,0f,0f,0f,1f],start_interpolation:0}
execute if entity @s[tag=aj.armor.bone.right_foot] run data modify entity @s {} merge value {transformation:[-1.1489361618823941f,0.03778325105869901f,0.25319758437819057f,-1.6154160344217838f,0.05039943419520304f,1.1748194392874913f,0.053386112253944275f,-3.7197230783789426f,-0.2509910114492529f,0.06294923262616198f,-1.1483169428167561f,0.28639981630972877f,0f,0f,0f,1f],start_interpolation:0}
execute if entity @s[tag=aj.armor.bone.right_knee] run data modify entity @s {} merge value {transformation:[-2.8329507349062433f,0.1485137984867261f,0.6239090268518676f,-1.4732346934236635f,0.36140889112218677f,2.7039870654814546f,0.9973796928255811f,-0.3219004402618275f,-0.5298135856563436f,1.0503933976858686f,-2.65572964796606f,1.4872137241628496f,0f,0f,0f,1f],start_interpolation:0}
execute if entity @s[tag=aj.armor.bone.right_thigh] run data modify entity @s {} merge value {transformation:[-2.4147797261616595f,0.363026498945797f,-0.4087338475350926f,-0.9084999999999996f,0.30806143304334793f,-0.6256013340484787f,-2.375654404000529f,-1.1632356249999998f,-0.45160796110006957f,-2.3678782601390185f,0.5649916084076976f,-1.8249600000000001f,0f,0f,0f,1f],start_interpolation:0}
execute if entity @s[tag=aj.armor.bone.left_foot] run data modify entity @s {} merge value {transformation:[-1.0999243184952485f,0.4178406782698273f,-0.03415488314042818f,0.8764380658462125f,-0.14902215227063392f,-0.300046608578582f,1.1284304700289167f,-3.1343857870929774f,0.3918542925526702f,1.0587596965978938f,0.33327018040104406f,-2.936489294361241f,0f,0f,0f,1f],start_interpolation:0}
execute if entity @s[tag=aj.armor.bone.left_knee] run data modify entity @s {} merge value {transformation:[-2.820788780934286f,0.6504591103738347f,-0.23870963034818612f,1.7386751537242522f,-0.33784376794665116f,-0.4175153881985587f,2.8545527106030186f,-3.5473064173366478f,0.6049305169595081f,2.7999129513045777f,0.481118720589852f,0.5410690579696766f,0f,0f,0f,1f],start_interpolation:0}
execute if entity @s[tag=aj.armor.bone.left_thigh] run data modify entity @s {} merge value {transformation:[-2.404412994569708f,-0.570882546571596f,-0.15134065053157045f,0.8928750000000003f,-0.2879747506356255f,1.6871469924791982f,-1.789027191437796f,-1.1632356249999998f,0.5156369046914104f,-1.719779307564604f,-1.704843229957504f,-1.8249599999999997f,0f,0f,0f,1f],start_interpolation:0}