execute if entity @s[tag=aj.armor.bone.right_thumb_2] run data modify entity @s {} merge value {transformation:[0.15405385965030505f,-0.9442472575937729f,-0.2909716908111225f,-0.12489707220444585f,0.7677475298844384f,0.2997666096857199f,-0.5663070810733986f,0.2756325329415311f,0.6219575055284626f,-0.13615100529988308f,0.7711237028341458f,0.1642120558772518f,0f,0f,0f,1f],start_interpolation:0}
execute if entity @s[tag=aj.armor.bone.right_thumb] run data modify entity @s {} merge value {transformation:[0.15405385965030505f,-0.9442472575937729f,-0.2909716908111225f,-0.3684775981541274f,0.7677475298844384f,0.2997666096857199f,-0.5663070810733986f,0.55903451265637f,0.6219575055284626f,-0.13615100529988308f,0.7711237028341458f,0.22568566931212133f,0f,0f,0f,1f],start_interpolation:0}
execute if entity @s[tag=aj.armor.bone.right_fingers_2] run data modify entity @s {} merge value {transformation:[-0.18826989000096492f,0.7803144699739709f,-0.5963755330899025f,0.044739614428015315f,-0.7462811552042748f,-0.5084131235455415f,-0.42962836637452007f,-0.11999388982895887f,-0.6384503785776914f,0.36417773649127305f,0.6780528669197525f,0.47992048722098635f,0f,0f,0f,1f],start_interpolation:0}
execute if entity @s[tag=aj.armor.bone.right_fingers] run data modify entity @s {} merge value {transformation:[0.7982129233628359f,0.08480773849295936f,-0.5963755330899025f,0.11444628839878934f,-0.4066543412798404f,0.8062578455584914f,-0.42962836637452007f,0.2126197141960548f,0.44439664230821446f,0.5854536138474931f,0.6780528669197525f,0.7644323646750549f,0f,0f,0f,1f],start_interpolation:0}
execute if entity @s[tag=aj.armor.bone.right_hand] run data modify entity @s {} merge value {transformation:[0.222127537915448f,-0.7713595662409043f,-0.5963755330899025f,-0.4989519342055342f,0.7233941919293315f,0.5404815536993568f,-0.42962836637452007f,0.6201747381816811f,0.6537279250441508f,-0.33598230560458664f,0.6780528669197525f,0.47046691218037595f,0f,0f,0f,1f],start_interpolation:0}
execute if entity @s[tag=aj.armor.bone.right_forearm] run data modify entity @s {} merge value {transformation:[-0.8892785838534805f,-1.5334944483475803f,-0.4294262903225733f,-2.7317893464312473f,0.5113128349491873f,0.19085194566413655f,-1.7403917034064333f,0.8068990593076832f,1.5081682090368038f,-0.9689163397099223f,0.3368357782768248f,-1.009822583969122f,0f,0f,0f,1f],start_interpolation:0}
execute if entity @s[tag=aj.armor.bone.right_bicep] run data modify entity @s {} merge value {transformation:[-0.8949828943337843f,0.2750683494276429f,-1.2780757324496f,-2.28339445476573f,0.04410247268955091f,1.5543454351341217f,0.3036441931996913f,3.2283451663734075f,1.3065967804323169f,0.13594935566002594f,-0.8856958744078208f,-0.7901609569635502f,0f,0f,0f,1f],start_interpolation:0}
execute if entity @s[tag=aj.armor.bone.right_shoulder] run data modify entity @s {} merge value {transformation:[-1.0121575507708414f,0.044159596219152594f,0.00003385518169830829f,-1.827643125f,0.04399461913993425f,1.0083085312411142f,0.0882686692998092f,3.4276187993074703f,0.0038137345403232658f,0.08818624923982397f,-1.0092678631268843f,-0.7520389380836099f,0f,0f,0f,1f],start_interpolation:0}
execute if entity @s[tag=aj.armor.bone.left_thumb_2] run data modify entity @s {} merge value {transformation:[-0.797206420058866f,0.3707565320212388f,0.47644676279780834f,2.2917657802247615f,-0.5583763546825256f,-0.15279147538528087f,-0.8153959845259501f,1.119109201618199f,-0.22951638361646687f,-0.9160755203656373f,0.3288280259321663f,3.295187199073668f,0f,0f,0f,1f],start_interpolation:0}
execute if entity @s[tag=aj.armor.bone.left_thumb] run data modify entity @s {} merge value {transformation:[-0.797206420058866f,0.3707565320212388f,0.47644676279780834f,2.5593442547500995f,-0.5583763546825256f,-0.15279147538528087f,-0.8153959845259501f,1.2285748728278552f,-0.22951638361646687f,-0.9160755203656373f,0.3288280259321663f,3.0505523964100534f,0f,0f,0f,1f],start_interpolation:0}
execute if entity @s[tag=aj.armor.bone.left_fingers_2] run data modify entity @s {} merge value {transformation:[0.7806169502731275f,0.3508293046994202f,0.5172581327639064f,2.3914486917210143f,0.4746863503168722f,0.20558562774842137f,-0.8558080500241484f,0.8674894937577972f,-0.40658338107838254f,0.9135936452424617f,-0.006050256479014693f,3.79309178097831f,0f,0f,0f,1f],start_interpolation:0}
execute if entity @s[tag=aj.armor.bone.left_fingers] run data modify entity @s {} merge value {transformation:[-0.05981984743992151f,0.8537362648627862f,0.5172581327639064f,2.7748173160542455f,-0.029101675449648118f,0.5164742723504125f,-0.8558080500241484f,1.0892124994712693f,-0.9977848858036925f,-0.06624738529368748f,-0.006050256479014693f,3.8105630432465274f,0f,0f,0f,1f],start_interpolation:0}
execute if entity @s[tag=aj.armor.locator_origin.consume] at @s on origin run tp @s ^2.50758 ^1.11488 ^3.85554 ~89.32985 ~-58.84912
execute if entity @s[tag=aj.armor.bone.left_hand] run data modify entity @s {} merge value {transformation:[-0.8491820927596446f,0.10646030915767266f,0.5172581327639064f,2.8261680060624914f,-0.5123482919448991f,0.07135691455639895f,-0.8558080500241484f,1.1358892606548607f,-0.12801953396843233f,-0.9917531917362522f,-0.006050256479014693f,3.020652573046546f,0f,0f,0f,1f],start_interpolation:0}
execute if entity @s[tag=aj.armor.bone.left_forearm] run data modify entity @s {} merge value {transformation:[-1.5179190871179788f,0.3641941022339235f,0.9434579283118327f,3.331179218069665f,-0.9143898090697663f,0.23264977999328515f,-1.560959294335358f,1.3730474028544672f,-0.4320202352503697f,-1.772022939298645f,-0.01103542328652344f,0.39379026883629475f,0f,0f,0f,1f],start_interpolation:0}
execute if entity @s[tag=aj.armor.bone.left_bicep] run data modify entity @s {} merge value {transformation:[-1.3406688763198134f,-0.6315220938579323f,0.5602868594926788f,2.388078313081257f,-0.7851823291461688f,1.3190656178679856f,-0.39203209261316024f,3.3646606192591864f,-0.3102099771887958f,-0.6094097936621538f,-1.4291689995674703f,-0.5955341196322301f,0f,0f,0f,1f],start_interpolation:0}
execute if entity @s[tag=aj.armor.bone.left_shoulder] run data modify entity @s {} merge value {transformation:[-0.9448431740119613f,-0.21322963005407927f,0.29701427584687534f,1.918989278846154f,-0.298502441077514f,0.9251168100441776f,-0.28542627614025085f,3.441172058261113f,-0.21114129833030898f,-0.35370183955914886f,-0.9255956673940874f,-0.7471059552471815f,0f,0f,0f,1f],start_interpolation:0}
execute if entity @s[tag=aj.armor.bone.right_foot] run data modify entity @s {} merge value {transformation:[-1.1489386689156738f,0.03779232751408811f,0.25318485327505363f,-1.615410114983388f,0.05040577651984145f,1.1748196297438633f,0.0533759322024942f,-3.7197026434778357f,-0.25097826129024475f,0.06294022899641637f,-1.1483202231129461f,0.28642654104435317f,0f,0f,0f,1f],start_interpolation:0}
execute if entity @s[tag=aj.armor.bone.right_knee] run data modify entity @s {} merge value {transformation:[-2.8329542126946f,0.14854502763736424f,0.6238858005069191f,-1.473190891423596f,0.36142517930863216f,2.7039936730516123f,0.9973558765017606f,-0.3218722552241773f,-0.5297838777007732f,1.050371971919989f,-2.655744048673981f,1.4872140327483139f,0f,0f,0f,1f],start_interpolation:0}
execute if entity @s[tag=aj.armor.bone.right_thigh] run data modify entity @s {} merge value {transformation:[-2.414782690594719f,0.3629950131714479f,-0.4087442972762449f,-0.9084999999999996f,0.3080753169354749f,-0.6256211940067558f,-2.3756473735897186f,-1.1632356249999998f,-0.4515826383269153f,-2.3678778399573917f,0.5650136093400593f,-1.8249600000000001f,0f,0f,0f,1f],start_interpolation:0}
execute if entity @s[tag=aj.armor.bone.left_foot] run data modify entity @s {} merge value {transformation:[-1.0999132729847667f,0.41787374104669317f,-0.03410606005011642f,0.8763894253568878f,-0.14898260493177112f,-0.30004624243604155f,1.1284357893581354f,-3.134384008827171f,0.391900331993027f,1.058746751503973f,0.3332571692253625f,-2.936491727532311f,0f,0f,0f,1f],start_interpolation:0}
execute if entity @s[tag=aj.armor.bone.left_knee] run data modify entity @s {} merge value {transformation:[-2.8207778819506144f,0.6505222057964886f,-0.23866648067523247f,1.7387060455798649f,-0.33781349418665935f,-0.41752659149321314f,2.854554654771122f,-3.5473191538980844f,0.6049982416318498f,2.7998966219658454f,0.48112859243723993f,0.5410451808142047f,0f,0f,0f,1f],start_interpolation:0}
execute if entity @s[tag=aj.armor.bone.left_thigh] run data modify entity @s {} merge value {transformation:[-2.404403704381749f,-0.5709055057970687f,-0.1514016272864235f,0.8928750000000003f,-0.28794894557627093f,1.687155765562076f,-1.7890230715145123f,-1.1632356249999998f,0.5156946325451697f,-1.719763079357241f,-1.7048421392559676f,-1.8249599999999997f,0f,0f,0f,1f],start_interpolation:0}