execute if entity @s[tag=aj.armor.bone.right_thumb_2] run data modify entity @s {} merge value {transformation:[0.15407404197337343f,-0.9442497968248361f,-0.29095276384018554f,-0.12490731336597632f,0.7677370181357288f,0.29977256632519245f,-0.5663181786441852f,0.27560526586536427f,0.6219654818187633f,-0.13612027650230435f,0.7711226943560213f,0.16412918524995979f,0f,0f,0f,1f],start_interpolation:0}
execute if entity @s[tag=aj.armor.bone.right_thumb] run data modify entity @s {} merge value {transformation:[0.15407404197337343f,-0.9442497968248361f,-0.29095276384018554f,-0.3684850111723162f,0.7677370181357288f,0.29977256632519245f,-0.5663181786441852f,0.559007245650399f,0.6219654818187633f,-0.13612027650230435f,0.7711226943560213f,0.22561400339427334f,0f,0f,0f,1f],start_interpolation:0}
execute if entity @s[tag=aj.armor.bone.right_fingers_2] run data modify entity @s {} merge value {transformation:[-0.18829043956098362f,0.7803224407031255f,-0.5963586160231514f,0.04473646451965867f,-0.7462702437433885f,-0.5084220490923532f,-0.42963675738921075f,-0.12002685972012322f,-0.6384570726940961f,0.364148195837697f,0.6780624291280528f,0.47982665957741477f,0f,0f,0f,1f],start_interpolation:0}
execute if entity @s[tag=aj.armor.bone.right_fingers] run data modify entity @s {} merge value {transformation:[0.7982235081571186f,0.08482707185971763f,-0.5963586160231514f,0.11445229616938601f,-0.4066646146988029f,0.8062481924643043f,-0.42963675738921075f,0.2125819388214495f,0.4443682281365494f,0.585464106523831f,0.6780624291280528f,0.7643419110862462f,0f,0f,0f,1f],start_interpolation:0}
execute if entity @s[tag=aj.armor.bone.right_hand] run data modify entity @s {} merge value {transformation:[0.22214841559516155f,-0.7713666330244722f,-0.5963586160231514f,-0.4989523718339264f,0.7233829015268542f,0.5404899947997867f,-0.42963675738921075f,0.620144101396811f,0.6537333242440287f,-0.33595250107391056f,0.6780624291280528f,0.4703998058357233f,0f,0f,0f,1f],start_interpolation:0}
execute if entity @s[tag=aj.armor.bone.right_forearm] run data modify entity @s {} merge value {transformation:[-0.8892394597715704f,-1.533513094496583f,-0.42944072213308604f,-2.731819581263387f,0.5113088428252015f,0.1908808058120916f,-1.7403897112011393f,0.8069111401821214f,1.508192630955153f,-0.9688811426658831f,0.33682767248629303f,-1.0098393546459112f,0f,0f,0f,1f],start_interpolation:0}
execute if entity @s[tag=aj.armor.bone.right_bicep] run data modify entity @s {} merge value {transformation:[-0.8949655760316116f,0.27508606302016153f,-1.278084047132261f,-2.2833969927647306f,0.04409748151168123f,1.5543411353996697f,0.30366692742591955f,3.228350259358247f,1.306608811284479f,0.1359626736278729f,-0.885676081610669f,-0.7901572367529666f,0f,0f,0f,1f],start_interpolation:0}
execute if entity @s[tag=aj.armor.bone.right_shoulder] run data modify entity @s {} merge value {transformation:[-1.0121570497033576f,0.04417108703970613f,0.000021733966081478833f,-1.827643125f,0.04400496965351691f,1.008307120683706f,0.08827962217390432f,3.4276187993074703f,0.0038272768945599163f,0.0881966219030239f,-1.0092669054830379f,-0.7520389380836099f,0f,0f,0f,1f],start_interpolation:0}
execute if entity @s[tag=aj.armor.bone.left_thumb_2] run data modify entity @s {} merge value {transformation:[-0.4388409863244636f,0.7983816951577872f,0.4126677210477622f,0.2444651230117198f,-0.5579184907658024f,0.27216748790988887f,-1.0887214353073225f,-1.2056327421656339f,-0.7375738854744112f,-0.6009507529722042f,0.3698526977339901f,2.4578528326989377f,0f,0f,0f,1f],start_interpolation:0}
execute if entity @s[tag=aj.armor.bone.left_thumb] run data modify entity @s {} merge value {transformation:[-0.4388409863244636f,0.7983816951577872f,0.4126677210477622f,0.5676115961926738f,-0.5579184907658024f,0.27216748790988887f,-1.0887214353073225f,-0.9544428823467523f,-0.7375738854744112f,-0.6009507529722042f,0.3698526977339901f,2.419002941223874f,0f,0f,0f,1f],start_interpolation:0}
execute if entity @s[tag=aj.armor.bone.left_fingers_2] run data modify entity @s {} merge value {transformation:[-0.25195473063041873f,0.8092597246466107f,0.5309490580214344f,0.2919034981045979f,-0.11083669641340785f,0.6717244174307432f,-1.0522186470818207f,-1.5891653281011286f,-0.9652420981888035f,-0.3298496388203488f,0.038144065160267304f,3.4655762073495002f,0f,0f,0f,1f],start_interpolation:0}
execute if entity @s[tag=aj.armor.bone.left_fingers] run data modify entity @s {} merge value {transformation:[-0.5338951705457691f,0.6582844636553861f,0.5309490580214344f,0.6114567009793569f,-0.3518586612734623f,0.5828326936019943f,-1.0522186470818207f,-1.3247486377258306f,-0.7742978447070872f,-0.6640451340291547f,0.038144065160267304f,3.209536263477561f,0f,0f,0f,1f],start_interpolation:0}
execute if entity @s[tag=aj.armor.locator_origin.consume] at @s on origin run tp @s ^0.34025 ^-1.30261 ^3.19565 ~85.8713 ~-57.52653
execute if entity @s[tag=aj.armor.bone.left_hand] run data modify entity @s {} merge value {transformation:[-0.7833024108191656f,0.32375889397364543f,0.5309490580214344f,0.837045915981198f,-0.5873231382833445f,0.3443109023564497f,-1.0522186470818207f,-1.0626685865585248f,-0.3636112433160883f,-0.95303722701685f,0.038144065160267304f,2.4419994011361807f,0f,0f,0f,1f],start_interpolation:0}
execute if entity @s[tag=aj.armor.bone.left_forearm] run data modify entity @s {} merge value {transformation:[-1.218939888887136f,0.9508527369023179f,0.9684296226400013f,2.219690582950044f,-0.8644645054801674f,0.8914488513316323f,-1.9192042851069213f,0.13132933063817243f,-1.1036323231411573f,-1.497844395495259f,0.06957323319636066f,0.19117506748238233f,0f,0f,0f,1f],start_interpolation:0}
execute if entity @s[tag=aj.armor.bone.left_bicep] run data modify entity @s {} merge value {transformation:[-1.3957923783782433f,0.04372194751629607f,0.7488077140252033f,2.274085005762278f,-0.1667113950862499f,1.9415433731673175f,-0.3810393378620763f,3.1654476100851365f,-0.7308252206192047f,-0.5263969477494754f,-1.3432165076045952f,-0.6151055833452403f,0f,0f,0f,1f],start_interpolation:0}
execute if entity @s[tag=aj.armor.bone.left_shoulder] run data modify entity @s {} merge value {transformation:[-0.9875092388126719f,-0.08908291884219359f,0.20809304528746916f,1.815143125f,-0.1469535288804975f,0.960710930650344f,-0.28609814180689636f,3.316548530062596f,-0.17217183938155017f,-0.30904970468574355f,-0.9493461520564922f,-0.7392563213768808f,0f,0f,0f,1f],start_interpolation:0}
execute if entity @s[tag=aj.armor.bone.right_foot] run data modify entity @s {} merge value {transformation:[-1.1489397830963435f,0.03779636142849264f,0.2531791949545945f,-1.6154074838745043f,0.050408595336792004f,1.1748197143494885f,0.05337140778094611f,-3.7196935613023054f,-0.2509725945422356f,0.06293622736640019f,-1.1483216809545074f,0.2864384186063018f,0f,0f,0f,1f],start_interpolation:0}
execute if entity @s[tag=aj.armor.bone.right_knee] run data modify entity @s {} merge value {transformation:[-2.8329557582499114f,0.1485589071322954f,0.6238754775148267f,-1.4731714237819653f,0.3614324185058548f,2.7039966096166923f,0.9973452915457436f,-0.32185972870558033f,-0.5297706741465629f,1.0503624492655443f,-2.6557504488413826f,1.4872141696910115f,0f,0f,0f,1f],start_interpolation:0}
execute if entity @s[tag=aj.armor.bone.right_thigh] run data modify entity @s {} merge value {transformation:[-2.4147840080110745f,0.3629810194361548f,-0.4087489414324194f,-0.9084999999999996f,0.30808148755696557f,-0.6256300205363482f,-2.375644248907533f,-1.1632356249999998f,-0.45157138374538397f,-2.367877653062303f,0.5650233875243582f,-1.8249600000000001f,0f,0f,0f,1f],start_interpolation:0}
execute if entity @s[tag=aj.armor.bone.left_foot] run data modify entity @s {} merge value {transformation:[-1.099908362827234f,0.41788843557117544f,-0.03408436115217644f,0.876367807290284f,-0.14896502836797096f,-0.300046079893761f,1.1284381529974423f,-3.134383218233161f,0.3919207937614513f,1.0587409977104054f,0.33325138568523843f,-2.936492808704587f,0f,0f,0f,1f],start_interpolation:0}
execute if entity @s[tag=aj.armor.bone.left_knee] run data modify entity @s {} merge value {transformation:[-2.820773037339365f,0.6505502480109557f,-0.23864730286798333f,1.738719774971508f,-0.3378000392025542f,-0.41753157117330675f,2.8545555186617633f,-3.547324814887828f,0.6050283413758664f,2.7998893639607365f,0.4811329797940837f,0.5410345683333533f,0f,0f,0f,1f],start_interpolation:0}
execute if entity @s[tag=aj.armor.bone.left_thigh] run data modify entity @s {} merge value {transformation:[-2.4043995748821136f,-0.5709157096752286f,-0.1514287280927961f,0.8928750000000003f,-0.28793747667833614f,1.6871596649258718f,-1.7890212400948164f,-1.1632356249999998f,0.515720289274995f,-1.719755866520685f,-1.7048416541535067f,-1.8249599999999997f,0f,0f,0f,1f],start_interpolation:0}