execute if entity @s[tag=aj.armor.bone.right_thumb_2] run data modify entity @s {} merge value {transformation:[0.15406273290424932f,-0.9442483740942653f,-0.2909633694306049f,-0.1249015744681774f,0.7677429084002771f,0.29976922859551325f,-0.5663119601318112f,0.27562054473867464f,0.6219610123883631f,-0.13613749523032762f,0.7711232595773876f,0.16417562144527523f,0f,0f,0f,1f],start_interpolation:0}
execute if entity @s[tag=aj.armor.bone.right_thumb] run data modify entity @s {} merge value {transformation:[0.15406273290424932f,-0.9442483740942653f,-0.2909633694306049f,-0.36848085704869f,0.7677429084002771f,0.29976922859551325f,-0.5663119601318112f,0.5590225245086586f,0.6219610123883631f,-0.13613749523032762f,0.7711232595773876f,0.22565416109098885f,0f,0f,0f,1f],start_interpolation:0}
execute if entity @s[tag=aj.armor.bone.right_fingers_2] run data modify entity @s {} merge value {transformation:[-0.18827892471782676f,0.7803179744676889f,-0.5963680954156938f,0.04473822992461195f,-0.7462763579834766f,-0.5084170477351332f,-0.42963205546980393f,-0.12000838530327174f,-0.6384533217252586f,0.36416474883620187f,0.6780570711105735f,0.4798792355309815f,0f,0f,0f,1f],start_interpolation:0}
execute if entity @s[tag=aj.armor.bone.right_fingers] run data modify entity @s {} merge value {transformation:[0.7982175771423141f,0.08481623848834532f,-0.5963680954156938f,0.11444893011339663f,-0.40665885806041013f,0.806253601588107f,-0.42963205546980393f,0.21260310599319787f,0.44438414992217795f,0.5854582270451871f,0.6780570711105735f,0.764392596425937f,0f,0f,0f,1f],start_interpolation:0}
execute if entity @s[tag=aj.armor.bone.right_hand] run data modify entity @s {} merge value {transformation:[0.22213671689713033f,-0.7713626733103064f,-0.5963680954156938f,-0.49895212634019215f,0.7233892281036784f,0.5404852649021572f,-0.42963205546980393f,0.6201612685175122f,0.6537302988769362f,-0.3359692019325915f,0.6780570711105735f,0.47043740863042527f,0f,0f,0f,1f],start_interpolation:0}
execute if entity @s[tag=aj.armor.bone.right_forearm] run data modify entity @s {} merge value {transformation:[-0.8892613827952018f,-1.5335026463735266f,-0.4294326353085704f,-2.7318026392779364f,0.5113110799141818f,0.19086463415674673f,-1.7403908275495792f,0.8069043706462353f,1.5081789463653394f,-0.968900865221571f,0.33683221453229806f,-1.0098299572958491f,0f,0f,0f,1f],start_interpolation:0}
execute if entity @s[tag=aj.armor.bone.right_bicep] run data modify entity @s {} merge value {transformation:[-0.8949752802481921f,0.2750761372591788f,-1.2780793881206076f,-2.2833955706195166f,0.04410027833456323f,1.5543435447807101f,0.3036541883999895f,3.228347405523751f,1.3066020699046021f,0.13595521097998303f,-0.8856871724327411f,-0.7901593213552454f,0f,0f,0f,1f],start_interpolation:0}
execute if entity @s[tag=aj.armor.bone.right_shoulder] run data modify entity @s {} merge value {transformation:[-1.0121573305092695f,0.044164648186723894f,0.00002852599569391262f,-1.827643125f,0.043999169797865674f,1.0083079111127637f,0.08827348475818189f,3.4276187993074703f,0.003819688506686094f,0.08819080963908484f,-1.0092674421290695f,-0.7520389380836099f,0f,0f,0f,1f],start_interpolation:0}
execute if entity @s[tag=aj.armor.bone.left_thumb_2] run data modify entity @s {} merge value {transformation:[-0.32884710828210445f,0.9240774376968675f,0.20342693755828858f,0.0843340374237384f,-0.6690753207616967f,-0.059462384036273075f,-1.009071860416973f,0.18256682600928903f,-0.6951594953217136f,-0.377635931244519f,0.6717914480207948f,2.3891545111439876f,0f,0f,0f,1f],start_interpolation:0}
execute if entity @s[tag=aj.armor.bone.left_thumb] run data modify entity @s {} merge value {transformation:[-0.32884710828210445f,0.9240774376968675f,0.20342693755828858f,0.43083914557102465f,-0.6690753207616967f,-0.059462384036273075f,-1.009071860416973f,0.3529861281883515f,-0.6951594953217136f,-0.377635931244519f,0.6717914480207948f,2.39676496363296f,0f,0f,0f,1f],start_interpolation:0}
execute if entity @s[tag=aj.armor.bone.left_fingers_2] run data modify entity @s {} merge value {transformation:[0.3582287879770281f,0.8433649917907354f,0.40478349335981556f,-0.1725254905826607f,-0.13495405180474063f,0.529100016613018f,-1.0822495810923667f,0.018315410973557156f,-0.9311585650971436f,0.22250130640930377f,0.40074463867793997f,3.2560412433252073f,0f,0f,0f,1f],start_interpolation:0}
execute if entity @s[tag=aj.armor.bone.left_fingers] run data modify entity @s {} merge value {transformation:[-0.0696767144667163f,0.9136397153007314f,0.40478349335981556f,0.23675165183407682f,-0.36312809734457635f,0.4077957927655954f,-1.0822495810923667f,0.20587573110931684f,-0.9291926485248205f,-0.2305734733984972f,0.40074463867793997f,3.2013248100182308f,0f,0f,0f,1f],start_interpolation:0}
execute if entity @s[tag=aj.armor.locator_origin.consume] at @s on origin run tp @s ^-0.01663 ^0.26447 ^3.09626 ~124.03348 ~-62.95196
execute if entity @s[tag=aj.armor.bone.left_hand] run data modify entity @s {} merge value {transformation:[-0.7056189233162762f,0.5845462419446873f,0.40478349335981556f,0.6726311154560392f,-0.5455937165162049f,0.022066267841381576f,-1.0822495810923667f,0.21433627077506473f,-0.47961077474886726f,-0.8285750475680579f,0.40074463867793997f,2.5253677570324067f,0f,0f,0f,1f],start_interpolation:0}
execute if entity @s[tag=aj.armor.bone.left_forearm] run data modify entity @s {} merge value {transformation:[-1.0429309550689763f,1.3059383265011464f,0.7383087318887803f,2.5762836111100986f,-0.96609201146096f,0.24205683631090583f,-1.9739794949919076f,0.4461880578666513f,-1.1642210560432218f,-1.301475181456178f,0.7309420241860826f,0.587543643259786f,0f,0f,0f,1f],start_interpolation:0}
execute if entity @s[tag=aj.armor.bone.left_bicep] run data modify entity @s {} merge value {transformation:[-1.1837055793693696f,-0.1560397518748223f,1.0455942151552127f,2.315763673671963f,-0.48113947027896337f,1.8222547383065204f,-0.3692470485652671f,3.2930689481376887f,-0.9367392739674206f,-0.7387899427696679f,-1.131602364014542f,-0.5535131184514812f,0f,0f,0f,1f],start_interpolation:0}
execute if entity @s[tag=aj.armor.bone.left_shoulder] run data modify entity @s {} merge value {transformation:[-0.9546988057446677f,-0.14617818282556697f,0.3059331754523541f,1.8568097916666668f,-0.2533963704429104f,0.9149847108879039f,-0.3535622108690045f,3.3886304934878777f,-0.2252852601101659f,-0.40969244119709375f,-0.8987834187777948f,-0.7241058173925707f,0f,0f,0f,1f],start_interpolation:0}
execute if entity @s[tag=aj.armor.bone.right_foot] run data modify entity @s {} merge value {transformation:[-1.1489391587752391f,0.03779410105040658f,0.25318236556916857f,-1.6154089582215099f,0.05040701582683908f,1.1748196669443214f,0.05337394301368965f,-3.7196986504521803f,-0.25097576987598075f,0.0629384696603552f,-1.1483208640656726f,0.28643176308331797f,0f,0f,0f,1f],start_interpolation:0}
execute if entity @s[tag=aj.armor.bone.right_knee] run data modify entity @s {} merge value {transformation:[-2.83295489221572f,0.14855112983877175f,0.6238812619630978f,-1.473182332380781f,0.3614283620588893f,2.703994964137703f,0.9973512227652774f,-0.32186674786299185f,-0.5297780726912652f,1.0503677852426692f,-2.6557468625518434f,1.4872140929715243f,0f,0f,0f,1f],start_interpolation:0}
execute if entity @s[tag=aj.armor.bone.right_thigh] run data modify entity @s {} merge value {transformation:[-2.4147832698119305f,0.36298886075772663f,-0.40874633911665953f,-0.9084999999999996f,0.30807802988092065f,-0.6256250746451301f,-2.3756459998112147f,-1.1632356249999998f,-0.45157769019312066f,-2.367877757799195f,0.5650179083699584f,-1.8249600000000001f,0f,0f,0f,1f],start_interpolation:0}
execute if entity @s[tag=aj.armor.bone.left_foot] run data modify entity @s {} merge value {transformation:[-1.099911114287578f,0.4178802015736491f,-0.034096519998197905f,0.8763799208674956f,-0.1489748773022133f,-0.3000461709592564f,1.128436828582815f,-3.1343836612576523f,0.39190932813089785f,1.058744221850593f,0.33325462652232335f,-2.936492202893266f,0f,0f,0f,1f],start_interpolation:0}
execute if entity @s[tag=aj.armor.bone.left_knee] run data modify entity @s {} merge value {transformation:[-2.8207757520391046f,0.650534534715953f,-0.23865804906633162f,1.738712081802321f,-0.3378075786317608f,-0.4175287808021204f,2.854555034599064f,-3.547321642759086f,0.6050114751483611f,2.7998934309858683f,0.4811305213712912f,0.5410405150133182f,0f,0f,0f,1f],start_interpolation:0}
execute if entity @s[tag=aj.armor.bone.left_thigh] run data modify entity @s {} merge value {transformation:[-2.4044018888658387f,-0.5709099920017127f,-0.1514135422941184f,0.8928750000000003f,-0.2879439032146576f,1.6871574799211764f,-1.7890222663473463f,-1.1632356249999998f,0.5157059126662757f,-1.719759908219078f,-1.704841926004406f,-1.8249599999999997f,0f,0f,0f,1f],start_interpolation:0}