execute if entity @s[tag=aj.armor.bone.right_thumb_2] run data modify entity @s {} merge value {transformation:[0.1540966601787837f,-0.9442526414109988f,-0.29093155296408857f,-0.12491879357732452f,0.7677252371437531f,0.29977924145999923f,-0.566330616020568f,0.2755747088206617f,0.6219744203536933f,-0.13608583900619264f,0.7711215629507893f,0.16403631233972116f,0f,0f,0f,1f],start_interpolation:0}
execute if entity @s[tag=aj.armor.bone.right_thumb] run data modify entity @s {} merge value {transformation:[0.1540966601787837f,-0.9442526414109988f,-0.29093155296408857f,-0.36849332153953857f,0.7677252371437531f,0.29977924145999923f,-0.566330616020568f,0.558976688450097f,0.6219744203536933f,-0.13608583900619264f,0.7711215629507893f,0.2255336874630142f,0f,0f,0f,1f],start_interpolation:0}
execute if entity @s[tag=aj.armor.bone.right_fingers_2] run data modify entity @s {} merge value {transformation:[-0.18831346927398482f,0.7803313722455114f,-0.5963396572251698f,0.04473293087958913f,-0.7462580148088308f,-0.5084320516020664f,-0.42964616166945635f,-0.12006380785690329f,-0.6384645742902096f,0.36411508948840726f,0.6780731442722612f,0.4797215067618028f,0f,0f,0f,1f],start_interpolation:0}
execute if entity @s[tag=aj.armor.bone.right_fingers] run data modify entity @s {} merge value {transformation:[0.7982353692696673f,0.08484873875011328f,-0.5963396572251698f,0.11445902547343845f,-0.40667612783192153f,0.8062373737394827f,-0.42964616166945635f,0.2125396049675885f,0.4443363841714436f,0.5854758651884608f,0.6780731442722612f,0.7642405393434661f,0f,0f,0f,1f],start_interpolation:0}
execute if entity @s[tag=aj.armor.bone.right_hand] run data modify entity @s {} merge value {transformation:[0.22217181297738606f,-0.7713745515240367f,-0.5963396572251698f,-0.4989528648932038f,0.7233702479281869f,0.5404994543706934f,-0.42964616166945635f,0.6201097674860668f,0.6537393746216109f,-0.33591909901950295f,0.6780731442722612f,0.47032459946957506f,0f,0f,0f,1f],start_interpolation:0}
execute if entity @s[tag=aj.armor.bone.right_forearm] run data modify entity @s {} merge value {transformation:[-0.8891956133672251f,-1.5335339895949252f,-0.4294568960432046f,-2.7318534656445292f,0.5113043677069969f,0.19091314928116487f,-1.7403874783015432f,0.8069246798685841f,1.508219999325609f,-0.9688416969877625f,0.3368185883315237f,-1.009858149254784f,0f,0f,0f,1f],start_interpolation:0}
execute if entity @s[tag=aj.armor.bone.right_bicep] run data modify entity @s {} merge value {transformation:[-0.8949461676326028f,0.27510591485593333f,-1.278093364560862f,-2.283399836983286f,0.04409188754336978f,1.554336316277555f,0.3036924056295954f,3.2283559670791186f,1.306622293693203f,0.13597759887388738f,-0.8856538997327974f,-0.7901530675367795f,0f,0f,0f,1f],start_interpolation:0}
execute if entity @s[tag=aj.armor.bone.right_shoulder] run data modify entity @s {} merge value {transformation:[-1.012156487821295f,0.04418396498364611f,0.00000815014287122636f,-1.827643125f,0.044016569356421564f,1.008305539592271f,0.08829189722998679f,3.4276187993074703f,0.0038424536681948137f,0.08820824639852648f,-1.0092658319213748f,-0.7520389380836099f,0f,0f,0f,1f],start_interpolation:0}
execute if entity @s[tag=aj.armor.bone.left_thumb_2] run data modify entity @s {} merge value {transformation:[-0.790623551243642f,0.2960447902511286f,0.5368701921101335f,1.4122139852101188f,-0.2808389194588482f,0.8001610621887314f,-0.8188285604844079f,-2.8667801858396267f,-0.5640843956846844f,-0.6929611372249697f,-0.45105154966791455f,1.1621948600288523f,0f,0f,0f,1f],start_interpolation:0}
execute if entity @s[tag=aj.armor.bone.left_thumb] run data modify entity @s {} merge value {transformation:[-0.790623551243642f,0.2960447902511286f,0.5368701921101335f,1.6528992822977662f,-0.2808389194588482f,0.8001610621887314f,-0.8188285604844079f,-2.525592479190349f,-0.5640843956846844f,-0.6929611372249697f,-0.45105154966791455f,1.091918282414286f,0f,0f,0f,1f],start_interpolation:0}
execute if entity @s[tag=aj.armor.bone.left_fingers_2] run data modify entity @s {} merge value {transformation:[-0.21125110029530358f,0.8419775381486713f,0.4973977469484966f,1.821447161850585f,0.8584215365540236f,0.574117366206973f,-0.5684277887212918f,-3.6643275979101184f,-0.6647535784835181f,0.2485860480331024f,-0.7057913999430337f,1.5906856377900676f,0f,0f,0f,1f],start_interpolation:0}
execute if entity @s[tag=aj.armor.bone.left_fingers] run data modify entity @s {} merge value {transformation:[-0.7670658274779528f,0.40640277858109825f,0.4973977469484966f,2.0406414265119963f,0.14774377335247457f,1.022091024339699f,-0.5684277887212918f,-3.225656670862337f,-0.6295424003315724f,-0.32767164901486523f,-0.7057913999430337f,1.4698116573700495f,0f,0f,0f,1f],start_interpolation:0}
execute if entity @s[tag=aj.armor.locator_origin.consume] at @s on origin run tp @s ^1.79149 ^-3.30099 ^1.56377 ~34.44077 ~-29.40422
execute if entity @s[tag=aj.armor.bone.left_hand] run data modify entity @s {} merge value {transformation:[-0.8583487612622723f,-0.12957857138584375f,0.4973977469484966f,1.9048664729218272f,-0.48919818558841077f,0.9094962450814238f,-0.5684277887212918f,-2.5167063412511506f,-0.31115541414953574f,-0.6378672680337106f,-0.7057913999430337f,0.9601151761442104f,0f,0f,0f,1f],start_interpolation:0}
execute if entity @s[tag=aj.armor.bone.left_forearm] run data modify entity @s {} merge value {transformation:[-1.5734180117884944f,0.17691262168738497f,0.9072333872751186f,2.130376802858782f,-0.4325232184357086f,1.8332977444089953f,-1.0367893126711756f,0.11834192761180606f,-0.849318112033213f,-0.976911878736362f,-1.287334987760346f,-0.5679756535423393f,0f,0f,0f,1f],start_interpolation:0}
execute if entity @s[tag=aj.armor.bone.left_bicep] run data modify entity @s {} merge value {transformation:[-1.549756872920573f,0.09236032814963335f,0.31978394043278846f,2.2657431077345227f,0.05456210736279118f,1.8628598602713753f,-0.12198471524531082f,3.0269977394423844f,-0.3246708597319524f,-0.12780479797722075f,-1.5469300296300754f,-0.7484269980704624f,0f,0f,0f,1f],start_interpolation:0}
execute if entity @s[tag=aj.armor.bone.left_shoulder] run data modify entity @s {} merge value {transformation:[-1.0101839182810988f,-0.017595170793167716f,0.07504558533215755f,1.815143125f,-0.02450073262058202f,1.00851327412674f,-0.09334703357931572f,3.2386006775353997f,-0.07308313084523425f,-0.09489133017174116f,-1.0060156410866266f,-0.7809292416777007f,0f,0f,0f,1f],start_interpolation:0}
execute if entity @s[tag=aj.armor.bone.right_foot] run data modify entity @s {} merge value {transformation:[-1.1489410317058917f,0.03780088214654052f,0.25317285369507375f,-1.6154045350370994f,0.05041175436017584f,1.1748198091356785f,0.05336633734198912f,-3.7196833830041514f,-0.2509662438685593f,0.06293174276875735f,-1.148323314692842f,0.2864517295955207f,0f,0f,0f,1f],start_interpolation:0}
execute if entity @s[tag=aj.armor.bone.right_knee] run data modify entity @s {} merge value {transformation:[-2.8329574902438632f,0.14857446164539018f,0.6238639085185169f,-1.4731496065344596f,0.36144053140166765f,2.703999900497709f,0.9973334291511964f,-0.3218456904862955f,-0.5297558770464923f,1.0503517772580702f,-2.6557576213351126f,1.4872143230103443f,0f,0f,0f,1f],start_interpolation:0}
execute if entity @s[tag=aj.armor.bone.right_thigh] run data modify entity @s {} merge value {transformation:[-2.414785484345918f,0.3629653367595057f,-0.4087541459635251f,-0.9084999999999996f,0.3080884029106595f,-0.6256399122500709f,-2.3756407470681973f,-1.1632356249999998f,-0.4515587708408191f,-2.367877443502903f,0.5650343458285932f,-1.8249600000000001f,0f,0f,0f,1f],start_interpolation:0}
execute if entity @s[tag=aj.armor.bone.left_foot] run data modify entity @s {} merge value {transformation:[-1.099902859302675f,0.41790490354128734f,-0.03406004360699361f,0.876343580094506f,-0.148945330517615f,-0.30004589787159675f,1.1284408015328002f,-3.134382332037143f,0.3919437249036671f,1.0587345491874425f,0.33324490355002284f,-2.9364940201897944f,0f,0f,0f,1f],start_interpolation:0}
execute if entity @s[tag=aj.armor.bone.left_knee] run data modify entity @s {} merge value {transformation:[-2.820767607581358f,0.6505816744875699f,-0.23862581036994823f,1.7387351611232447f,-0.33778496035593614f,-0.41753715216958676f,2.854556486680457f,-3.547331159316758f,0.6050620737669017f,2.7998812296083355f,0.48113789656379774f,0.5410226747347469f,0f,0f,0f,1f],start_interpolation:0}
execute if entity @s[tag=aj.armor.bone.left_thigh] run data modify entity @s {} merge value {transformation:[-2.404394946609059f,-0.5709271448935408f,-0.15145909970547144f,0.8928750000000003f,-0.28792462361574717f,1.6871640350603823f,-1.789019187391114f,-1.1632356249999998f,0.5157490424379017f,-1.7197477829500294f,-1.7048411102510135f,-1.8249599999999997f,0f,0f,0f,1f],start_interpolation:0}