execute if entity @s[tag=aj.armor.bone.right_thumb_2] run data modify entity @s {} merge value {transformation:[0.15410118383061022f,-0.9442532101882354f,-0.2909273108376325f,-0.12492109000611548f,0.7677228808712955f,0.29978057643503064f,-0.5663331035521042f,0.2755685975240322f,0.6219762080085398f,-0.13607895150056304f,0.7711213365157422f,0.1640177376745418f,0f,0f,0f,1f],start_interpolation:0}
execute if entity @s[tag=aj.armor.bone.right_thumb] run data modify entity @s {} merge value {transformation:[0.15410118383061022f,-0.9442532101882354f,-0.2909273108376325f,-0.36849498395217983f,0.7677228808712955f,0.29978057643503064f,-0.5663331035521042f,0.5589705770926344f,0.6219762080085398f,-0.13607895150056304f,0.7711213365157422f,0.22551762419071447f,0f,0f,0f,1f],start_interpolation:0}
execute if entity @s[tag=aj.armor.bone.right_fingers_2] run data modify entity @s {} merge value {transformation:[-0.18831807522085348f,0.7803331584054298f,-0.5963358654635145f,0.0447322236987462f,-0.7462555689492167f,-0.5084340520712503f,-0.4296480425961332f,-0.12007119737274596f,-0.6384660745547823f,0.36410846816218734f,0.6780752871585809f,0.47970047605333016f,0f,0f,0f,1f],start_interpolation:0}
execute if entity @s[tag=aj.armor.bone.right_fingers] run data modify entity @s {} merge value {transformation:[0.7982377413454462f,0.08485307215181517f,-0.5963358654635145f,0.11446037088497707f,-0.4066784304355564f,0.8062352099181618f,-0.4296480425961332f,0.2125311382751629f,0.4443300153154094f,0.585478216874561f,0.6780752871585809f,0.7642202648247727f,0f,0f,0f,1f],start_interpolation:0}
execute if entity @s[tag=aj.armor.bone.right_hand] run data modify entity @s {} merge value {transformation:[0.2221764924516153f,-0.7713761350753459f,-0.5963358654635145f,-0.4989529638365515f,0.7233677171372489f,0.540501346248976f,-0.4296480425961332f,0.6201029007568264f,0.6537405846400709f,-0.33591241855469683f,0.6780752871585809f,0.4703095580720704f,0f,0f,0f,1f],start_interpolation:0}
execute if entity @s[tag=aj.armor.bone.right_forearm] run data modify entity @s {} merge value {transformation:[-0.8891868440292265f,-1.5335381684309477f,-0.4294601308670039f,-2.7318602425863947f,0.5113034725329159f,0.19091961800032f,-1.7403870316891865f,0.8069273879042291f,1.508225472870231f,-0.9688338077614609f,0.33681677149052747f,-1.0098619081619566f,0f,0f,0f,1f],start_interpolation:0}
execute if entity @s[tag=aj.armor.bone.right_bicep] run data modify entity @s {} merge value {transformation:[-0.8949422859582664f,0.2751098852732959f,-1.2780952279514282f,-2.283400405815497f,0.044090768698100066f,1.5543353523955252f,0.30369750129461964f,3.228357108631594f,1.3066249901187827f,0.1359805839151269f,-0.8856494633198272f,-0.7901522336916813f,0f,0f,0f,1f],start_interpolation:0}
execute if entity @s[tag=aj.armor.bone.right_shoulder] run data modify entity @s {} merge value {transformation:[-1.012156375401644f,0.04418654061050965f,0.000005433415992544414f,-1.827643125f,0.044018889295658274f,1.008305223336652f,0.08829435227714472f,3.4276187993074703f,0.0038454890225834678f,0.08821057129244624f,-1.009265617165906f,-0.7520389380836099f,0f,0f,0f,1f],start_interpolation:0}
execute if entity @s[tag=aj.armor.bone.left_thumb_2] run data modify entity @s {} merge value {transformation:[-0.8658551039694854f,0.1539261724660871f,0.47605526295958184f,1.79325082323862f,-0.2745679269197319f,0.778590815259785f,-0.7566303869839994f,-2.67697655658638f,-0.43320216629814134f,-0.7071474757499465f,-0.5590801758388859f,0.9049512403390809f,0f,0f,0f,1f],start_interpolation:0}
execute if entity @s[tag=aj.armor.bone.left_thumb] run data modify entity @s {} merge value {transformation:[-0.8658551039694854f,0.1539261724660871f,0.47605526295958184f,2.0093542527723143f,-0.2745679269197319f,0.778590815259785f,-0.7566303869839994f,-2.3463964811191502f,-0.43320216629814134f,-0.7071474757499465f,-0.5590801758388859f,0.8063152738916775f,0f,0f,0f,1f],start_interpolation:0}
execute if entity @s[tag=aj.armor.bone.left_fingers_2] run data modify entity @s {} merge value {transformation:[0.24774888235308734f,0.8701641027615588f,0.42598341116709293f,2.1048716848882094f,1.004459776454812f,-0.04773925734266782f,-0.4928105796349877f,-3.4273255270724614f,-0.3716931568084545f,0.4915545093365271f,-0.7877249989010473f,1.1256727018656578f,0f,0f,0f,1f],start_interpolation:0}
execute if entity @s[tag=aj.armor.bone.left_fingers] run data modify entity @s {} merge value {transformation:[-0.6787386710472257f,0.5982297977091062f,0.42598341116709293f,2.4038567777154225f,0.47551983122465913f,0.8860583329100584f,-0.4928105796349877f,-3.0633052077466356f,-0.6036878951967108f,-0.12386510267332457f,-0.7877249989010473f,1.0927044017449852f,0f,0f,0f,1f],start_interpolation:0}
execute if entity @s[tag=aj.armor.locator_origin.consume] at @s on origin run tp @s ^2.16068 ^-3.13126 ^1.19907 ~28.07691 ~-26.14948
execute if entity @s[tag=aj.armor.bone.left_hand] run data modify entity @s {} merge value {transformation:[-0.8920559571969395f,-0.151000806857063f,0.42598341116709293f,2.250593160948892f,-0.38934232889809295f,0.9271628929888692f,-0.4928105796349877f,-2.3376547345903167f,-0.2836518379692201f,-0.5471044445843878f,-0.7877249989010473f,0.6565389579239203f,0f,0f,0f,1f],start_interpolation:0}
execute if entity @s[tag=aj.armor.bone.left_forearm] run data modify entity @s {} merge value {transformation:[-1.6481175230482419f,0.08327244100383888f,0.7769765251392429f,2.3296575139529785f,-0.3272887221519076f,1.8047250790717542f,-0.8988665794932906f,0.26575894847490256f,-0.7210900759668207f,-0.8622630134588726f,-1.4367785607768047f,-0.7031354309008959f,0f,0f,0f,1f],start_interpolation:0}
execute if entity @s[tag=aj.armor.bone.left_bicep] run data modify entity @s {} merge value {transformation:[-1.5570194933812371f,-0.018260601581943415f,0.29250475065981385f,2.292734386188319f,-0.025930763557868112f,1.7733475075848621f,-0.04977580508055781f,3.033562196580639f,-0.2918089248389245f,-0.06014943617935001f,-1.556309061836218f,-0.7777940262073028f,0f,0f,0f,1f],start_interpolation:0}
execute if entity @s[tag=aj.armor.bone.left_shoulder] run data modify entity @s {} merge value {transformation:[-1.0111471114695432f,-0.026399793185288033f,0.05742428539750279f,1.840143125f,-0.029101982830606807f,1.0115935853521922f,-0.047375851828375f,3.2428759293269707f,-0.056103228329276195f,-0.048933093718986284f,-1.0103815906759992f,-0.7926753994375245f,0f,0f,0f,1f],start_interpolation:0}
execute if entity @s[tag=aj.armor.bone.right_foot] run data modify entity @s {} merge value {transformation:[-1.1489412814225757f,0.03780178628405038f,0.2531715854383099f,-1.6154039452466755f,0.05041238616540904f,1.174819828089054f,0.0533653232584412f,-3.719681347344773f,-0.2509649737328342f,0.06293084584767022f,-1.148323641434216f,0.286454391784289f,0f,0f,0f,1f],start_interpolation:0}
execute if entity @s[tag=aj.armor.bone.right_knee] run data modify entity @s {} merge value {transformation:[-2.8329578366307446f,0.14857757253617707f,0.6238615947032922f,-1.4731452430769783f,0.36144215398113133f,2.7040005586615994f,0.9973310566794072f,-0.32184288285772067f,-0.5297529176247716f,1.0503496428480568f,-2.6557590558202055f,1.4872143536550693f,0f,0f,0f,1f],start_interpolation:0}
execute if entity @s[tag=aj.armor.bone.right_thigh] run data modify entity @s {} merge value {transformation:[-2.414785779602736f,0.3629622002188149f,-0.4087551868536803f,-0.9084999999999996f,0.30808978598165493f,-0.6256418905818242f,-2.375640046695215f,-1.1632356249999998f,-0.4515562482584514f,-2.3678774015773247f,0.565036537488713f,-1.8249600000000001f,0f,0f,0f,1f],start_interpolation:0}
execute if entity @s[tag=aj.armor.bone.left_foot] run data modify entity @s {} merge value {transformation:[-1.0999017585011441f,0.4179081971313188f,-0.03405518012145623f,0.8763387346487338f,-0.14894139095044526f,-0.30004586148457657f,1.1284413311928483f,-3.1343821547744124f,0.39194831111308637f,1.0587332594440355f,0.33324360704921274f,-2.936494262464847f,0f,0f,0f,1f],start_interpolation:0}
execute if entity @s[tag=aj.armor.bone.left_knee] run data modify entity @s {} merge value {transformation:[-2.8207665215723927f,0.6505879597647495f,-0.23862151185412708f,1.7387382383237293f,-0.33778194458849997f,-0.41753826840946895f,2.854556680267123f,-3.547332428229975f,0.6050688202348722f,2.7998796026895136f,0.48113887990560117f,0.5410202959768375f,0f,0f,0f,1f],start_interpolation:0}
execute if entity @s[tag=aj.armor.bone.left_thigh] run data modify entity @s {} merge value {transformation:[-2.4043940209055514f,-0.5709294319166076f,-0.15146517403045734f,0.8928750000000003f,-0.2879220530048382f,1.6871649091073038f,-1.7890187768185903f,-1.1632356249999998f,0.5157547930617574f,-1.719746166208079f,-1.704841001438404f,-1.8249599999999997f,0f,0f,0f,1f],start_interpolation:0}