execute if entity @s[tag=aj.armor.bone.right_thumb_2] run data modify entity @s {} merge value {transformation:[0.1540536856650716f,-0.9442472356998112f,-0.2909718539760722f,-0.12489698392972068f,0.7677476205008245f,0.29976655833388227f,-0.5663069854063079f,0.27563276800577047f,0.6219574367658358f,-0.13615127020312517f,0.7711237115234796f,0.16421277027681147f,0f,0f,0f,1f],start_interpolation:0}
execute if entity @s[tag=aj.armor.bone.right_thumb] run data modify entity @s {} merge value {transformation:[0.1540536856650716f,-0.9442472356998112f,-0.2909718539760722f,-0.36847753425858293f,0.7677476205008245f,0.29976655833388227f,-0.5663069854063079f,0.5590347477191472f,0.6219574367658358f,-0.13615127020312517f,0.7711237115234796f,0.22568628711927435f,0f,0f,0f,1f],start_interpolation:0}
execute if entity @s[tag=aj.armor.bone.right_fingers_2] run data modify entity @s {} merge value {transformation:[-0.1882697128497089f,0.7803144012565025f,-0.5963756789266258f,0.04473964156933466f,-0.7462812492664948f,-0.5084130466002281f,-0.42962829404022373f,-0.11999360560254457f,-0.6384503208682152f,0.36417799115045313f,0.6780527844828106f,0.4799212960757876f,0f,0f,0f,1f],start_interpolation:0}
execute if entity @s[tag=aj.armor.bone.right_fingers] run data modify entity @s {} merge value {transformation:[0.7982128321103761f,0.08480757182668636f,-0.5963756789266258f,0.11444623659470321f,-0.4066542527152215f,0.8062579287726173f,-0.42962829404022373f,0.2126200398480934f,0.4443968872561518f,0.5854535233920364f,0.6780527844828106f,0.7644331444424624f,0f,0f,0f,1f],start_interpolation:0}
execute if entity @s[tag=aj.armor.bone.right_hand] run data modify entity @s {} merge value {transformation:[0.22212735793538685f,-0.771359505316069f,-0.5963756789266258f,-0.49895193044243813f,0.7233942892583325f,0.5404814809302148f,-0.42962829404022373f,0.6201750022934198f,0.6537278784976788f,-0.3359825625386396f,0.6780527844828106f,0.4704674906797608f,0f,0f,0f,1f],start_interpolation:0}
execute if entity @s[tag=aj.armor.bone.right_forearm] run data modify entity @s {} merge value {transformation:[-0.8892789211284006f,-1.5334942875996185f,-0.42942616591162003f,-2.731789085788036f,0.5113128693597091f,0.19085169687049003f,-1.7403917205796804f,0.8068989551650514f,1.5081679984992902f,-0.9689166431300993f,0.3368358481540384f,-1.0098224393939013f,0f,0f,0f,1f],start_interpolation:0}
execute if entity @s[tag=aj.armor.bone.right_bicep] run data modify entity @s {} merge value {transformation:[-0.8949830436296503f,0.2750681967257075f,-1.2780756607685564f,-2.2833944328860962f,0.04410251571545744f,1.5543454721991363f,0.30364399721568336f,3.2283451224686055f,1.3065966767164539f,0.1359492408497288f,-0.8856960450343034f,-0.7901609890342775f,0f,0f,0f,1f],start_interpolation:0}
execute if entity @s[tag=aj.armor.bone.right_shoulder] run data modify entity @s {} merge value {transformation:[-1.0121575550891413f,0.044159497161453086f,0.00003395967602564663f,-1.827643125f,0.04399452991133015f,1.008308543400015f,0.08826857487951777f,3.4276187993074703f,0.003813617795880451f,0.08818615982016433f,-1.0092678713811905f,-0.7520389380836099f,0f,0f,0f,1f],start_interpolation:0}
execute if entity @s[tag=aj.armor.bone.left_thumb_2] run data modify entity @s {} merge value {transformation:[-0.24096229760043647f,0.975493507367523f,0.016540317854758013f,0.008440576386232135f,-0.7230809889083655f,-0.22657656202611454f,-0.8994420561876666f,1.0655982392041152f,-0.668525916492077f,-0.1452096124460116f,0.7996931949920085f,2.0975625629918486f,0f,0f,0f,1f],start_interpolation:0}
execute if entity @s[tag=aj.armor.bone.left_thumb] run data modify entity @s {} merge value {transformation:[-0.24096229760043647f,0.975493507367523f,0.016540317854758013f,0.35941383504429836f,-0.7230809889083655f,-0.22657656202611454f,-0.8994420561876666f,1.191943887029156f,-0.668525916492077f,-0.1452096124460116f,0.7996931949920085f,2.1652183654897477f,0f,0f,0f,1f],start_interpolation:0}
execute if entity @s[tag=aj.armor.bone.left_fingers_2] run data modify entity @s {} merge value {transformation:[0.7717768216604806f,0.5843247442793144f,0.26990576997606053f,-0.39380602605967857f,-0.1371262887622604f,0.5512589091296299f,-1.0298004969191221f,1.003344975587398f,-0.6218850195966887f,0.5997086216970315f,0.6009413699757172f,2.7726696625694727f,0f,0f,0f,1f],start_interpolation:0}
execute if entity @s[tag=aj.armor.bone.left_fingers] run data modify entity @s {} merge value {transformation:[0.34683144881232614f,0.9037603749579765f,0.26990576997606053f,-0.009521076094912928f,-0.40755005085750534f,0.39571828364449535f,-1.0298004969191221f,1.1881058651006173f,-0.8447929581762534f,0.18087638417533175f,0.6009413699757172f,2.8969983632783287f,0f,0f,0f,1f],start_interpolation:0}
execute if entity @s[tag=aj.armor.locator_origin.consume] at @s on origin run tp @s ^-0.23316 ^1.25072 ^2.72578 ~152.83478 ~-57.59104
execute if entity @s[tag=aj.armor.bone.left_hand] run data modify entity @s {} merge value {transformation:[-0.609263719241194f,0.7522450329818249f,0.26990576997606053f,0.5636068647444556f,-0.5464771118068618f,-0.15508955553399184f,-1.0298004969191221f,1.0557436267199258f,-0.5790400227286377f,-0.6411739706311743f,0.6009413699757172f,2.364435320740878f,0f,0f,0f,1f],start_interpolation:0}
execute if entity @s[tag=aj.armor.bone.left_forearm] run data modify entity @s {} merge value {transformation:[-0.8896157638706965f,1.525146298560974f,0.49229721574479784f,2.7867043152093394f,-1.028183694963186f,-0.12795550458882077f,-1.8783144852770615f,0.7443486985094245f,-1.221758218274705f,-0.9952000362517077f,1.0960927707886716f,0.8893856617807485f,0f,0f,0f,1f],start_interpolation:0}
execute if entity @s[tag=aj.armor.bone.left_bicep] run data modify entity @s {} merge value {transformation:[-0.94919050870937f,-0.27325717077331013f,1.2487645945856922f,2.3413517073334766f,-0.7097135845394569f,1.6979668663097223f,-0.2918573674564047f,3.3956016402441582f,-1.0514174061616581f,-0.8994496692189033f,-0.9303444632253987f,-0.5053131270086937f,0f,0f,0f,1f],start_interpolation:0}
execute if entity @s[tag=aj.armor.bone.left_shoulder] run data modify entity @s {} merge value {transformation:[-0.9181720307161715f,-0.1765541387548495f,0.39013040994764253f,1.890143125f,-0.33516627305161417f,0.870778735290052f,-0.3947416145305536f,3.4462960642281026f,-0.26652705319736875f,-0.486812087896378f,-0.8475790816547659f,-0.7119854142051226f,0f,0f,0f,1f],start_interpolation:0}
execute if entity @s[tag=aj.armor.bone.right_foot] run data modify entity @s {} merge value {transformation:[-1.1489386593105173f,0.037792292738788036f,0.2531849020535381f,-1.6154101376646994f,0.050405752219711296f,1.174819629014393f,0.053375971206250226f,-3.7197027217724585f,-0.25097831014149213f,0.06294026349318159f,-1.1483202105451649f,0.28642643865131534f,0f,0f,0f,1f],start_interpolation:0}
execute if entity @s[tag=aj.armor.bone.right_knee] run data modify entity @s {} merge value {transformation:[-2.8329541993705036f,0.1485449079862047f,0.6238858894977698f,-1.4731910592478625f,0.3614251169017681f,2.703993647736041f,0.9973559677515857f,-0.3218723632118464f,-0.5297839915244671f,1.0503720540115913f,-2.6557439934997302f,1.48721403156722f,0f,0f,0f,1f],start_interpolation:0}
execute if entity @s[tag=aj.armor.bone.right_thigh] run data modify entity @s {} merge value {transformation:[-2.4147826792373888f,0.36299513380694226f,-0.4087442572399524f,-0.9084999999999996f,0.30807526374046934f,-0.6256211179156671f,-2.375647400526486f,-1.1632356249999998f,-0.45158273534912796f,-2.3678778415681605f,0.5650135250453465f,-1.8249600000000001f,0f,0f,0f,1f],start_interpolation:0}
execute if entity @s[tag=aj.armor.bone.left_foot] run data modify entity @s {} merge value {transformation:[-1.0999133153109237f,0.4178736143696429f,-0.03410624711025916f,0.8763896117193399f,-0.14898275645395653f,-0.3000462438377703f,1.128435768980578f,-3.1343840156419587f,0.3919001555979228f,1.0587468011045222f,0.33325721908133893f,-2.936491718211226f,0f,0f,0f,1f],start_interpolation:0}
execute if entity @s[tag=aj.armor.bone.left_knee] run data modify entity @s {} merge value {transformation:[-2.82077792371285f,0.6505219640527372f,-0.23866664600068932f,1.738705927222179f,-0.33781361017795614f,-0.41752654856610805f,2.8545546473232966f,-3.54731910509724f,0.6049979821510028f,2.7998966845334605f,0.48112855461484755f,0.5410452723000077f,0f,0f,0f,1f],start_interpolation:0}
execute if entity @s[tag=aj.armor.bone.left_thigh] run data modify entity @s {} merge value {transformation:[-2.4044037399794735f,-0.5709054178320077f,-0.15140139365885308f,0.8928750000000003f,-0.2879490444461272f,1.687155731947448f,-1.7890230873016966f,-1.1632356249999998f,0.5156944113662126f,-1.7197631415360641f,-1.704842143436959f,-1.8249599999999997f,0f,0f,0f,1f],start_interpolation:0}