execute if entity @s[tag=aj.armor.bone.right_thumb_2] run data modify entity @s {} merge value {transformation:[0.15401627896293352f,-0.9442425268951529f,-0.2910069349982373f,-0.1248780092892878f,0.767767102176065f,0.29975551709421155f,-0.5662864176260537f,0.2756833081031777f,0.6219426522040272f,-0.1362082243267209f,0.7711255779671573f,0.16436636523032822f,0f,0f,0f,1f],start_interpolation:0}
execute if entity @s[tag=aj.armor.bone.right_thumb] run data modify entity @s {} merge value {transformation:[0.15401627896293352f,-0.9442425268951529f,-0.2910069349982373f,-0.36846380060016337f,0.767767102176065f,0.29975551709421155f,-0.5662864176260537f,0.5590852871620205f,0.6219426522040272f,-0.1362082243267209f,0.7711255779671573f,0.22581911467198418f,0f,0f,0f,1f],start_interpolation:0}
execute if entity @s[tag=aj.armor.bone.right_fingers_2] run data modify entity @s {} merge value {transformation:[-0.18823162537856758f,0.7802996253000045f,-0.5964070337982399f,0.04474547176843133f,-0.746301471811574f,-0.508396502982804f,-0.42961274297526764f,-0.11993249564668773f,-0.638437912705081f,0.3642327422288225f,0.6780350589086463f,0.48009519819390994f,0f,0f,0f,1f],start_interpolation:0}
execute if entity @s[tag=aj.armor.bone.right_fingers] run data modify entity @s {} merge value {transformation:[0.7981932111516549f,0.08477173884847869f,-0.5964070337982399f,0.11443509357236858f,-0.40663521105893163f,0.806275818935632f,-0.42961274297526764f,0.21269005593351836f,0.44444955034116945f,0.5854340749326783f,0.6780350589086463f,0.7646007924870848f,0f,0f,0f,1f],start_interpolation:0}
execute if entity @s[tag=aj.armor.bone.right_hand] run data modify entity @s {} merge value {transformation:[0.2220886621969084f,-0.771346404775165f,-0.5964070337982399f,-0.4989511251721428f,0.7234152141784866f,0.5404658351536761f,-0.42961274297526764f,0.620231786923116f,0.6537178703528623f,-0.3360378027425885f,0.6780350589086463f,0.4705918666246516f,0f,0f,0f,1f],start_interpolation:0}
execute if entity @s[tag=aj.armor.bone.right_forearm] run data modify entity @s {} merge value {transformation:[-0.8893514345819097f,-1.5334597246853505f,-0.42939941803469556f,-2.7317330482492177f,0.5113202658995699f,0.19079820652648094f,-1.740395412456657f,0.8068765656251426f,1.508122731451588f,-0.968981877429973f,0.33685087164024635f,-1.0097913555542635f,0f,0f,0f,1f],start_interpolation:0}
execute if entity @s[tag=aj.armor.bone.right_bicep] run data modify entity @s {} merge value {transformation:[-0.8950151423033484f,0.2750353663844972f,-1.2780602482547403f,-2.2833897286332423f,0.044111765694512875f,1.554353440517756f,0.30360186093209807f,3.2283356830311614f,1.306574377162868f,0.13592455654467292f,-0.8857327292999312f,-0.7901678842193259f,0f,0f,0f,1f],start_interpolation:0}
execute if entity @s[tag=aj.armor.bone.right_shoulder] run data modify entity @s {} merge value {transformation:[-1.012158483028577f,0.04413820019203521f,0.00005642638873665449f,-1.827643125f,0.043975345746081064f,1.0083111571362877f,0.08824827492836697f,3.4276187993074703f,0.0037885177368138906f,0.08816693453402938f,-1.0092696455631023f,-0.7520389380836099f,0f,0f,0f,1f],start_interpolation:0}
execute if entity @s[tag=aj.armor.bone.left_thumb_2] run data modify entity @s {} merge value {transformation:[-0.5868378896130669f,0.7843518096234433f,0.20103116687447256f,1.1749598496246767f,-0.7860675577458743f,-0.4923175840476621f,-0.373792978929393f,3.416028910834655f,-0.19421402105388436f,-0.3773799612829263f,0.9054641234461903f,2.9275380298616227f,0f,0f,0f,1f],start_interpolation:0}
execute if entity @s[tag=aj.armor.bone.left_thumb] run data modify entity @s {} merge value {transformation:[-0.5868378896130669f,0.7843518096234433f,0.20103116687447256f,1.5350452794547502f,-0.7860675577458743f,-0.4923175840476621f,-0.373792978929393f,3.4524621061662537f,-0.19421402105388436f,-0.3773799612829263f,0.9054641234461903f,2.8160110583301856f,0f,0f,0f,1f],start_interpolation:0}
execute if entity @s[tag=aj.armor.bone.left_fingers_2] run data modify entity @s {} merge value {transformation:[0.8883376803570406f,0.26732242685364654f,0.3733562451050598f,1.031644829258232f,0.008872631811283282f,0.8029299416449374f,-0.5960073701010745f,3.5729287441682422f,-0.459105044693057f,0.532768457128549f,0.7109010683817061f,3.4875933673241346f,0f,0f,0f,1f],start_interpolation:0}
execute if entity @s[tag=aj.armor.bone.left_fingers] run data modify entity @s {} merge value {transformation:[0.3461068425476948f,0.8607062029419308f,0.3733562451050598f,1.397865156031647f,-0.6214931702494089f,0.5084500507606822f,-0.5960073701010745f,3.8210438828703683f,-0.702820242220587f,-0.025756127401920556f,0.7109010683817061f,3.515150373616786f,0f,0f,0f,1f],start_interpolation:0}
execute if entity @s[tag=aj.armor.locator_origin.consume] at @s on origin run tp @s ^1.14085 ^3.82231 ^3.42547 ~152.29211 ~-36.58448
execute if entity @s[tag=aj.armor.bone.left_hand] run data modify entity @s {} merge value {transformation:[-0.7706321222630076f,0.5164603047451602f,0.3733562451050598f,1.7778931702036571f,-0.6258800953978386f,-0.5030400788903338f,-0.5960073701010745f,3.4066361652175994f,-0.12000099300091446f,-0.6929786668091182f,0.7109010683817061f,2.956026848512744f,0f,0f,0f,1f],start_interpolation:0}
execute if entity @s[tag=aj.armor.bone.left_forearm] run data modify entity @s {} merge value {transformation:[-1.3074028488426799f,1.0741431306781417f,0.6809867012567228f,3.3261924184272793f,-1.2253434035023145f,-0.8022407019555596f,-1.0870933544331516f,2.126520904711307f,-0.34067564627503893f,-1.2367113456972563f,1.2966548164767182f,1.1739605669972701f,0f,0f,0f,1f],start_interpolation:0}
execute if entity @s[tag=aj.armor.bone.left_bicep] run data modify entity @s {} merge value {transformation:[-1.1500626590402145f,-0.6823663410163199f,0.8496273376091769f,2.365747893712167f,-1.0553420216960971f,1.0052612986361333f,-0.6211581880570325f,3.582491711168664f,-0.2715578270042181f,-1.0168384601282057f,-1.1842425631940243f,-0.444407858697562f,0f,0f,0f,1f],start_interpolation:0}
execute if entity @s[tag=aj.armor.bone.left_shoulder] run data modify entity @s {} merge value {transformation:[-0.8446110140613151f,-0.20437429910013f,0.5208419716770991f,1.9382200480769232f,-0.45214755818909147f,0.804827648469035f,-0.4174063015220134f,3.567669141828447f,-0.32955697415894514f,-0.5804279290264851f,-0.7621736013901729f,-0.7010647821071876f,0f,0f,0f,1f],start_interpolation:0}
execute if entity @s[tag=aj.armor.bone.right_foot] run data modify entity @s {} merge value {transformation:[-1.1489365941420342f,0.03778481597941835f,0.2531953893720547f,-1.6154150138839394f,0.05040052769811738f,1.1748194721340546f,0.05338435706248834f,-3.7197195551195223f,-0.25098881314834776f,0.06294768027993937f,-1.1483175084001465f,0.2864044240443495f,0f,0f,0f,1f],start_interpolation:0}
execute if entity @s[tag=aj.armor.bone.right_knee] run data modify entity @s {} merge value {transformation:[-2.832951334553465f,0.14851918285139776f,0.6239050223478902f,-1.4732271413738116f,0.36141169942947277f,2.7039882047471977f,0.9973755865457855f,-0.3218955807359485f,-0.5298084635991284f,1.0503897036087146f,-2.655732130879459f,1.4872137774131142f,0f,0f,0f,1f],start_interpolation:0}
execute if entity @s[tag=aj.armor.bone.right_thigh] run data modify entity @s {} merge value {transformation:[-2.414780237295134f,0.3630210703768609f,-0.4087356492531034f,-0.9084999999999996f,0.3080638268172373f,-0.6256047582055607f,-2.3756531918729937f,-1.1632356249999998f,-0.4516035951081844f,-2.3678781877267383f,0.5649954016736441f,-1.8249600000000001f,0f,0f,0f,1f],start_interpolation:0}
execute if entity @s[tag=aj.armor.bone.left_foot] run data modify entity @s {} merge value {transformation:[-1.0999224143284358f,0.417846378758156f,-0.03414646530994081f,0.8764296795708085f,-0.14901533375699091f,-0.3000465454088311f,1.1284313872673344f,-3.134385480551802f,0.3918622304327886f,1.0587574647781635f,0.33326793727167653f,-2.93648971392619f,0f,0f,0f,1f],start_interpolation:0}
execute if entity @s[tag=aj.armor.bone.left_knee] run data modify entity @s {} merge value {transformation:[-2.8207869019366414f,0.6504699889384551f,-0.23870219078825863f,1.7386804799778135f,-0.33783854832834126f,-0.41751731970372846f,2.8545530458453277f,-3.5473086132297764f,0.6049421936516806f,2.7999101360171976f,0.4811204226615953f,0.5410649413102517f,0f,0f,0f,1f],start_interpolation:0}
execute if entity @s[tag=aj.armor.bone.left_thigh] run data modify entity @s {} merge value {transformation:[-2.4044113929303426f,-0.570886505108099f,-0.1513511637592885f,0.8928750000000003f,-0.28797030148360964f,1.6871485050317183f,-1.7890264811823602f,-1.1632356249999998f,0.5156468577905517f,-1.7197765096644855f,-1.7048430419824674f,-1.8249599999999997f,0f,0f,0f,1f],start_interpolation:0}