execute if entity @s[tag=aj.armor.bone.right_thumb_2] run data modify entity @s {} merge value {transformation:[0.15408308924479247f,-0.9442509347992973f,-0.2909442794409858f,-0.12491190506399558f,0.7677323058129996f,0.2997752364310443f,-0.5663231535384773f,0.2755930429351738f,0.6219690572848747f,-0.1361065015102681f,0.7711222419479284f,0.16409203616899848f,0f,0f,0f,1f],start_interpolation:0}
execute if entity @s[tag=aj.armor.bone.right_thumb] run data modify entity @s {} merge value {transformation:[0.15408308924479247f,-0.9442509347992973f,-0.2909442794409858f,-0.3684883349800098f,0.7677323058129996f,0.2997752364310443f,-0.5663231535384773f,0.5589950226876813f,0.6219690572848747f,-0.1361065015102681f,0.7711222419479284f,0.2255818771078197f,0f,0f,0f,1f],start_interpolation:0}
execute if entity @s[tag=aj.armor.bone.right_fingers_2] run data modify entity @s {} merge value {transformation:[-0.18829965144191496f,0.780326013468638f,-0.59635103250602f,0.04473505151645754f,-0.7462653522422668f,-0.5084260501289958f,-0.4296405190306801f,-0.12004163908634602f,-0.6384600733871916f,0.364134953354344f,0.678066715328257f,0.47978459859652284f,0f,0f,0f,1f],start_interpolation:0}
execute if entity @s[tag=aj.armor.bone.right_fingers] run data modify entity @s {} merge value {transformation:[0.798228252748868f,0.08483573859225257f,-0.59635103250602f,0.11445498834027623f,-0.406669219975038f,0.8062438650507308f,-0.4296405190306801f,0.2125650052015604f,0.4443554906135211f,0.5854688100365085f,0.678066715328257f,0.7643013625592743f,0f,0f,0f,1f],start_interpolation:0}
execute if entity @s[tag=aj.armor.bone.right_hand] run data modify entity @s {} merge value {transformation:[0.2221577745502663f,-0.7713698005729009f,-0.59635103250602f,-0.4989525687261471f,0.7233778401585906f,0.5404937786640467f,-0.4296405190306801f,0.6201303677796058f,0.6537357444521181f,-0.33593914030607297f,0.678066715328257f,0.4703697234135409f,0f,0f,0f,1f],start_interpolation:0}
execute if entity @s[tag=aj.armor.bone.right_forearm] run data modify entity @s {} merge value {transformation:[-0.8892219212669635f,-1.5335214527195642f,-0.42944719165535894f,-2.731833134950206f,0.5113070529283591f,0.1908937431743805f,-1.7403888180737357f,0.8069165559583551f,1.5082035784328034f,-0.9688653644853128f,0.3368240388344269f,-1.009846872504061f,0f,0f,0f,1f],start_interpolation:0}
execute if entity @s[tag=aj.armor.bone.right_bicep] run data modify entity @s {} merge value {transformation:[-0.8949578126665431f,0.27509400370426157f,-1.278087774198855f,-2.2833981304636524f,0.04409524397596422f,1.5543392078084297f,0.30367711868309993f,3.228352542438295f,1.3066142043041333f,0.13596864373424147f,-0.8856672088969165f,-0.7901555690683524f,0f,0f,0f,1f],start_interpolation:0}
execute if entity @s[tag=aj.armor.bone.right_shoulder] run data modify entity @s {} merge value {transformation:[-1.012156824993771f,0.0441762381792063f,0.00001630039903449489f,-1.827643125f,0.04400960953602271f,1.0083064882844635f,0.08828453216039554f,3.4276187993074703f,0.0038333476043520553f,0.08820127170640524f,-1.0092664761015087f,-0.7520389380836099f,0f,0f,0f,1f],start_interpolation:0}
execute if entity @s[tag=aj.armor.bone.left_thumb_2] run data modify entity @s {} merge value {transformation:[-0.52488773256911f,0.6810571895239184f,0.5196065782137654f,0.31032220452420656f,-0.436374317178485f,0.5799305867494751f,-1.0527438841606847f,-2.3302395314769955f,-0.7648177922612024f,-0.6564990177142752f,0.061757957186167944f,2.105007515281601f,0f,0f,0f,1f],start_interpolation:0}
execute if entity @s[tag=aj.armor.bone.left_thumb] run data modify entity @s {} merge value {transformation:[-0.52488773256911f,0.6810571895239184f,0.5196065782137654f,0.6117676519806697f,-0.436374317178485f,0.5799305867494751f,-1.0527438841606847f,-2.0127448229675795f,-0.7648177922612024f,-0.6564990177142752f,0.061757957186167944f,2.0680802828543206f,0f,0f,0f,1f],start_interpolation:0}
execute if entity @s[tag=aj.armor.bone.left_fingers_2] run data modify entity @s {} merge value {transformation:[-0.633703988851197f,0.5319597465779213f,0.5698904332076596f,0.6419992037003082f,-0.22387710911937123f,0.8615002283475699f,-0.9179913465538456f,-2.888777482042526f,-0.7477808689717471f,-0.6195331302459341f,-0.27704464156963876f,3.087815720619739f,0f,0f,0f,1f],start_interpolation:0}
execute if entity @s[tag=aj.armor.bone.left_fingers] run data modify entity @s {} merge value {transformation:[-0.7629481293087902f,0.32011258870806986f,0.5698904332076596f,0.8235887170648417f,-0.4692777388724198f,0.7563610296871137f,-0.9179913465538456f,-2.54126454151336f,-0.5304283137588698f,-0.813414612258342f,-0.27704464156963876f,2.7518772479022204f,0f,0f,0f,1f],start_interpolation:0}
execute if entity @s[tag=aj.armor.locator_origin.consume] at @s on origin run tp @s ^0.55334 ^-2.57166 ^2.79742 ~59.77621 ~-48.52185
execute if entity @s[tag=aj.armor.bone.left_hand] run data modify entity @s {} merge value {transformation:[-0.818796222379801f,0.11888929170338222f,0.5698904332076596f,0.8853536957247591f,-0.643707813250988f,0.6147713840039996f,-0.9179913465538456f,-2.0679771982570037f,-0.30987016644020293f,-0.9203140808565236f,-0.27704464156963876f,2.0147817213676347f,0f,0f,0f,1f],start_interpolation:0}
execute if entity @s[tag=aj.armor.bone.left_forearm] run data modify entity @s {} merge value {transformation:[-1.3474678357300605f,0.6795223108203697f,1.0394571170990956f,1.8658926545368946f,-0.7576245189928349f,1.4359189899151052f,-1.6743791139639579f,-0.05821560522692737f,-1.0686162462085425f,-1.4125333363444361f,-0.505318229002091f,-0.13232321822944115f,0f,0f,0f,1f],start_interpolation:0}
execute if entity @s[tag=aj.armor.bone.left_bicep] run data modify entity @s {} merge value {transformation:[-1.4925923572416335f,0.24234032909811615f,0.4970019726134134f,2.2331818185230317f,0.08859664097697538f,1.9985376783331155f,-0.3195265099173822f,3.064809910016269f,-0.5238828554123219f,-0.3524673426308321f,-1.4700429941202058f,-0.6649389516056201f,0f,0f,0f,1f],start_interpolation:0}
execute if entity @s[tag=aj.armor.bone.left_shoulder] run data modify entity @s {} merge value {transformation:[-1.0031356971974508f,-0.029404482159504516f,0.1388060809329202f,1.7818097916666666f,-0.059474907151486844f,0.9869911467923661f,-0.22073556632235913f,3.2588829593223707f,-0.12881959126758255f,-0.22670869248721362f,-0.9789901226893105f,-0.7513767245643289f,0f,0f,0f,1f],start_interpolation:0}
execute if entity @s[tag=aj.armor.bone.right_foot] run data modify entity @s {} merge value {transformation:[-1.1489402825453885f,0.03779816972181169f,0.25317665845564585f,-1.6154063043624856f,0.050409858945589116f,1.1748197522678276f,0.05336937960111875f,-3.7196894899827897f,-0.25097005427375485f,0.06293443352890048f,-1.1483223344561349f,0.2864437430110687f,0f,0f,0f,1f],start_interpolation:0}
execute if entity @s[tag=aj.armor.bone.right_knee] run data modify entity @s {} merge value {transformation:[-2.8329564510594007f,0.14856512894936574f,0.6238708499322658f,-1.473162696890943f,0.361435663663879f,2.7039979259814126f,0.9973405465808021f,-0.3218541134025812f,-0.5297647553082413f,1.0503581804710713f,-2.6557533178525303f,1.4872142310378875f,0f,0f,0f,1f],start_interpolation:0}
execute if entity @s[tag=aj.armor.bone.right_thigh] run data modify entity @s {} merge value {transformation:[-2.414784598555163f,0.362974746370856f,-0.408751023260928f,-0.9084999999999996f,0.30808425369818665f,-0.6256339772328308f,-2.3756428481769145f,-1.1632356249999998f,-0.45156633858501277f,-2.3678775692522414f,0.5650277708467819f,-1.8249600000000001f,0f,0f,0f,1f],start_interpolation:0}
execute if entity @s[tag=aj.armor.bone.left_foot] run data modify entity @s {} merge value {transformation:[-1.0999061615140293f,0.41789502276321105f,-0.034074634110604816f,0.8763581164185892f,-0.1489571492249276f,-0.30004600706748324f,1.1284392124586087f,-3.134382863778279f,0.391929966237361f,1.0587384183400341f,0.3332487929049195f,-2.936493293320659f,0f,0f,0f,1f],start_interpolation:0}
execute if entity @s[tag=aj.armor.bone.left_knee] run data modify entity @s {} merge value {transformation:[-2.820770865493526f,0.6505628186197444f,-0.2386387058849833f,1.7387259294620647f,-0.3377940076620196f,-0.417533803531194f,2.854555905886313f,-3.547327352631969f,0.6050418343425168f,2.7998861102681176f,0.4811349465141092f,0.5410298109320986f,0f,0f,0f,1f],start_interpolation:0}
execute if entity @s[tag=aj.armor.bone.left_thigh] run data modify entity @s {} merge value {transformation:[-2.4043977236217886f,-0.5709202837831487f,-0.15144087673541531f,0.8928750000000003f,-0.2879323354516918f,1.6871614129596573f,-1.7890204190451178f,-1.1632356249999998f,0.515731790548883f,-1.7197526331202413f,-1.7048414366246207f,-1.8249599999999997f,0f,0f,0f,1f],start_interpolation:0}