execute if entity @s[tag=aj.armor.bone.right_thumb_2] run data modify entity @s {} merge value {transformation:[0.15410553349920486f,-0.9442537570454179f,-0.29092323188521474f,-0.12492329823222156f,0.767720615201422f,0.2997818600485428f,-0.5663354954270357f,0.27556272131258447f,0.6219779268910397f,-0.13607232889698315f,0.7711211187413269f,0.16399987739343197f,0f,0f,0f,1f],start_interpolation:0}
execute if entity @s[tag=aj.armor.bone.right_thumb] run data modify entity @s {} merge value {transformation:[0.15410553349920486f,-0.9442537570454179f,-0.29092323188521474f,-0.3684965825324968f,0.767720615201422f,0.2997818600485428f,-0.5663354954270357f,0.5589647008133529f,0.6219779268910397f,-0.13607232889698315f,0.7711211187413269f,0.2255021787095331f,0f,0f,0f,1f],start_interpolation:0}
execute if entity @s[tag=aj.armor.bone.right_fingers_2] run data modify entity @s {} merge value {transformation:[-0.18832250401726078f,0.7803348758201917f,-0.5963322195381989f,0.04473154357482381f,-0.7462532171382739f,-0.5084359755890125f,-0.42964985120167876f,-0.12007830264137992f,-0.6384675170996912f,0.3641021014846447f,0.6780773475813954f,0.47968025417257354f,0f,0f,0f,1f],start_interpolation:0}
execute if entity @s[tag=aj.armor.bone.right_fingers] run data modify entity @s {} merge value {transformation:[0.7982400221414179f,0.08485723889164593f,-0.5963322195381989f,0.11446166440869332f,-0.4066806444702848f,0.8062331292967367f,-0.42964985120167876f,0.21252299724938956f,0.4443238913955698f,0.5854804780964751f,0.6780773475813954f,0.7642007700417806f,0f,0f,0f,1f],start_interpolation:0}
execute if entity @s[tag=aj.armor.bone.right_hand] run data modify entity @s {} merge value {transformation:[0.2221809919453695f,-0.7713776576741234f,-0.5963322195381989f,-0.49895305907858756f,0.7233652836620426f,0.5405031653514231f,-0.42964985120167876f,0.6200962981491949f,0.6537417481014228f,-0.33590599501389534f,0.6780773475813954f,0.4702950951507907f,0f,0f,0f,1f],start_interpolation:0}
execute if entity @s[tag=aj.armor.bone.right_forearm] run data modify entity @s {} merge value {transformation:[-0.8891784119555013f,-1.5335421864847802f,-0.4294632412876331f,-2.731866758897283f,0.5113026117413166f,0.19092583793054663f,-1.7403866022440337f,0.8069299918155748f,1.5082307358532072f,-0.9688262219384369f,0.33681502452487655f,-1.0098655224911859f,0f,0f,0f,1f],start_interpolation:0}
execute if entity @s[tag=aj.armor.bone.right_bicep] run data modify entity @s {} merge value {transformation:[-0.8949385535808155f,0.27511370299808113f,-1.2780970196432149f,-2.283400952765932f,0.044089692869117986f,1.5543344255677722f,0.3037024009801627f,3.228358206280814f,1.3066275828180312f,0.13598345414458424f,-0.88564519752637f,-0.7901514319169636f,0f,0f,0f,1f],start_interpolation:0}
execute if entity @s[tag=aj.armor.bone.right_shoulder] run data modify entity @s {} merge value {transformation:[-1.012156267292234f,0.044189017186770464f,0.0000028211904803398317f,-1.827643125f,0.044021120006040144f,1.0083049192329754f,0.08829671291071f,3.4276187993074703f,0.0038484076324661466f,0.08821280676574027f,-1.0092654106567034f,-0.7520389380836099f,0f,0f,0f,1f],start_interpolation:0}
execute if entity @s[tag=aj.armor.bone.left_thumb_2] run data modify entity @s {} merge value {transformation:[-0.9341730615874904f,-0.10976203066380391f,0.33951875887616745f,2.505997767695763f,-0.3212074668534756f,0.6730549654777014f,-0.666200252689372f,-2.0609151890426025f,-0.15539129397050627f,-0.7314022901730404f,-0.664006201543181f,0.7160003869969109f,0f,0f,0f,1f],start_interpolation:0}
execute if entity @s[tag=aj.armor.bone.left_thumb] run data modify entity @s {} merge value {transformation:[-0.9341730615874904f,-0.10976203066380391f,0.33951875887616745f,2.661935236989289f,-0.3212074668534756f,0.6730549654777014f,-0.666200252689372f,-1.7563272428405436f,-0.15539129397050627f,-0.7314022901730404f,-0.664006201543181f,0.5537140703349832f,0f,0f,0f,1f],start_interpolation:0}
execute if entity @s[tag=aj.armor.bone.left_fingers_2] run data modify entity @s {} merge value {transformation:[0.9325261419360793f,0.2322047282251879f,0.2765428697248906f,2.6179179194449396f,0.33116988423936766f,-0.8552381680559737f,-0.398615332962927f,-2.582582552199624f,0.14394965223540812f,0.4633018887184986f,-0.8744311622598872f,0.6675063152088878f,0f,0f,0f,1f],start_interpolation:0}
execute if entity @s[tag=aj.armor.bone.left_fingers] run data modify entity @s {} merge value {transformation:[-0.31564445702884136f,0.9076853077753821f,0.2765428697248906f,3.035004314351817f,0.8217582452773974f,0.4072090404761014f,-0.398615332962927f,-2.4449833606869467f,-0.47442803781562115f,0.10143066303264821f,-0.8744311622598872f,0.7270314365414592f,0f,0f,0f,1f],start_interpolation:0}
execute if entity @s[tag=aj.armor.locator_origin.consume] at @s on origin run tp @s ^2.80402 ^-2.49716 ^0.86128 ~17.5498 ~-23.49164
execute if entity @s[tag=aj.armor.bone.left_hand] run data modify entity @s {} merge value {transformation:[-0.9489624298756854f,-0.15163887327712894f,0.2765428697248906f,2.8806090192999405f,-0.25684864342203695f,0.8804172821447304f,-0.398615332962927f,-1.7527228753761666f,-0.18302754179820668f,-0.44930063589107994f,-0.8744311622598872f,0.3724730102227549f,0f,0f,0f,1f],start_interpolation:0}
execute if entity @s[tag=aj.armor.bone.left_forearm] run data modify entity @s {} merge value {transformation:[-1.7520791287059925f,-0.05123362554600908f,0.5044030174372157f,2.745993472093424f,-0.2576428532765168f,1.6528263711799196f,-0.7270582566213383f,0.6373941043780569f,-0.436654839137152f,-0.7696548992757313f,-1.594927098369226f,-0.8444515361177942f,0f,0f,0f,1f],start_interpolation:0}
execute if entity @s[tag=aj.armor.bone.left_bicep] run data modify entity @s {} merge value {transformation:[-1.543902230089438f,-0.24861086389457507f,0.25434837951510386f,2.352061398588023f,-0.2436352645288686f,1.5646804768751927f,0.05051157339732148f,3.0731180859381877f,-0.2591183468732279f,0.010109377958997919f,-1.5629747402547727f,-0.8164352732848631f,0f,0f,0f,1f],start_interpolation:0}
execute if entity @s[tag=aj.armor.bone.left_shoulder] run data modify entity @s {} merge value {transformation:[-1.0105863201273002f,-0.061054552087865054f,0.03742472321544461f,1.892546971153846f,-0.06063085208472277f,1.011227446654918f,0.012487176386009784f,3.267238568356029f,-0.03810732231321078f,0.010216235508494594f,-1.0123519344501657f,-0.810412568314673f,0f,0f,0f,1f],start_interpolation:0}
execute if entity @s[tag=aj.armor.bone.right_foot] run data modify entity @s {} merge value {transformation:[-1.148941521533129f,0.03780265564512287f,0.25317036595912484f,-1.6154033781332862f,0.05041299367061583f,1.1748198463122381f,0.05336434817944237f,-3.7196793899800675f,-0.2509637524481721f,0.06292998342305962f,-1.1483239556066343f,0.28645695157832196f,0f,0f,0f,1f],start_interpolation:0}
execute if entity @s[tag=aj.armor.bone.right_knee] run data modify entity @s {} merge value {transformation:[-2.83295816969131f,0.14858056377359824f,0.6238593698759426f,-1.4731410474422764f,0.3614437141537868f,2.7040011915076207f,0.9973287754587749f,-0.3218401832196699f,-0.5297500720264267f,1.050347590528061f,-2.6557604351284976f,1.4872143831151303f,0f,0f,0f,1f],start_interpolation:0}
execute if entity @s[tag=aj.armor.bone.right_thigh] run data modify entity @s {} merge value {transformation:[-2.4147860635003306f,0.36295918431261937f,-0.4087561877045478f,-0.9084999999999996f,0.3080911158576924f,-0.6256437928204354f,-2.3756393732580454f,-1.1632356249999998f,-0.4515538226980252f,-2.367877361259961f,0.5650386448539799f,-1.8249600000000001f,0f,0f,0f,1f],start_interpolation:0}
execute if entity @s[tag=aj.armor.bone.left_foot] run data modify entity @s {} merge value {transformation:[-1.0999007000077612f,0.41791136404355583f,-0.03405050370044238f,0.8763340755641809f,-0.14893760290600208f,-0.3000458265025304f,1.1284418404665744f,-3.1343819843220855f,0.3919527209238549f,1.0587320192939431f,0.3332423603906303f,-2.9364944954147143f,0f,0f,0f,1f],start_interpolation:0}
execute if entity @s[tag=aj.armor.bone.left_knee] run data modify entity @s {} merge value {transformation:[-2.8207654773149704f,0.6505940032947954f,-0.238617378660741f,1.7387411971609619f,-0.3377790448127127f,-0.4175393417298176f,2.854556866402781f,-3.547333648347461f,0.6050753072200875f,2.799878038329296f,0.48113982542275047f,0.541018008697612f,0f,0f,0f,1f],start_interpolation:0}
execute if entity @s[tag=aj.armor.bone.left_thigh] run data modify entity @s {} merge value {transformation:[-2.404393130790654f,-0.5709316309707746f,-0.15147101472832925f,0.8928750000000003f,-0.2879195812640856f,1.6871657495433283f,-1.7890183820273267f,-1.1632356249999998f,0.5157603225050296f,-1.7197446116397663f,-1.7048408968008006f,-1.8249599999999997f,0f,0f,0f,1f],start_interpolation:0}