execute if entity @s[tag=aj.armor.bone.right_thumb_2] run data modify entity @s {} merge value {transformation:[0.15406951834303703f,-0.9442492277676074f,-0.2909570060641641f,-0.12490501771022633f,0.7677393742600638f,0.29977123124630206f,-0.5663156912251699f,0.2756113773866139f,0.6219636940596375f,-0.13612716399511687f,0.7711229204830684f,0.16414775974887158f,0f,0f,0f,1f],start_interpolation:0}
execute if entity @s[tag=aj.armor.bone.right_thumb] run data modify entity @s {} merge value {transformation:[0.15406951834303703f,-0.9442492277676074f,-0.2909570060641641f,-0.3684833494380667f,0.7677393742600638f,0.29977123124630206f,-0.5663156912251699f,0.5590133571730562f,0.6219636940596375f,-0.13612716399511687f,0.7711229204830684f,0.22563006649447362f,0f,0f,0f,1f],start_interpolation:0}
execute if entity @s[tag=aj.armor.bone.right_fingers_2] run data modify entity @s {} merge value {transformation:[-0.18828583362265308f,0.7803206542460907f,-0.5963624077806848f,0.04473717079484679f,-0.7462726894575995f,-0.5084200485576534f,-0.4296348766037907f,-0.12001946998125707f,-0.6384555723202231f,0.3641548170511909f,0.6780602859566914f,0.47984768999518246f,0f,0f,0f,1f],start_interpolation:0}
execute if entity @s[tag=aj.armor.bone.right_fingers] run data modify entity @s {} merge value {transformation:[0.7982211357878795f,0.08482273850526234f,-0.5963624077806848f,0.11445094985930748f,-0.40666231204919157f,0.8062503561329145f,-0.4296348766037907f,0.2125904056705662f,0.4443745968665555f,0.5854617547440791f,0.6780602859566914f,0.76436218526466f,0f,0f,0f,1f],start_interpolation:0}
execute if entity @s[tag=aj.armor.bone.right_hand] run data modify entity @s {} merge value {transformation:[0.22214373611650232f,-0.7713650491759568f,-0.5963624077806848f,-0.4989522735535603f,0.7233854321753853f,0.5404881028497082f,-0.4296348766037907f,0.6201509682318672f,0.6537321141114554f,-0.33595918143086556f,0.6780602859566914f,0.47041484698467473f,0f,0f,0f,1f],start_interpolation:0}
execute if entity @s[tag=aj.armor.bone.right_forearm] run data modify entity @s {} merge value {transformation:[-0.8892482289953071f,-1.5335089152932713f,-0.4294374873928357f,-2.7318128044527965f,0.5113097376984032f,0.190874337143617f,-1.7403901577486245f,0.8069084323431794f,1.5081871571515941f,-0.9688890317108286f,0.33682948930720613f,-1.0098355957095362f,0f,0f,0f,1f],start_interpolation:0}
execute if entity @s[tag=aj.armor.bone.right_bicep] run data modify entity @s {} merge value {transformation:[-0.8949694577168782f,0.27508209270321604f,-1.2780821835513878f,-2.2833964239095197f,0.0440986002537359f,1.5543420991664871f,0.30366183180947465f,3.2283491178223733f,1.3066061147465693f,0.13595968857070737f,-0.8856805179488471f,-0.7901580705943433f,0f,0f,0f,1f],start_interpolation:0}
execute if entity @s[tag=aj.armor.bone.right_shoulder] run data modify entity @s {} merge value {transformation:[-1.012157162036532f,0.04416851148899413f,0.000024450768486050415f,-1.827643125f,0.044002649711592234f,1.0083074368646618f,0.0882771671986298f,3.4276187993074703f,0.003824241539494847f,0.08819429699874315f,-1.0092671201522345f,-0.7520389380836099f,0f,0f,0f,1f],start_interpolation:0}
execute if entity @s[tag=aj.armor.bone.left_thumb_2] run data modify entity @s {} merge value {transformation:[-0.3945998427260619f,0.8299673084311429f,0.3946114351281967f,0.29165788335439136f,-0.5849965455064917f,0.21572209295818823f,-1.0692351920547478f,-0.8996519016793274f,-0.7352424986489519f,-0.5588123069664648f,0.4499482687068779f,2.5488936093601993f,0f,0f,0f,1f],start_interpolation:0}
execute if entity @s[tag=aj.armor.bone.left_thumb] run data modify entity @s {} merge value {transformation:[-0.3945998427260619f,0.8299673084311429f,0.3946114351281967f,0.6155928284336842f,-0.5849965455064917f,0.21572209295818823f,-1.0692351920547478f,-0.6606790551796871f,-0.7352424986489519f,-0.5588123069664648f,0.4499482687068779f,2.519072679057402f,0f,0f,0f,1f],start_interpolation:0}
execute if entity @s[tag=aj.armor.bone.left_fingers_2] run data modify entity @s {} merge value {transformation:[-0.042511862625240315f,0.842647641156745f,0.5370387770607538f,0.24952806922582232f,-0.046507219428790325f,0.652878209855348f,-1.0505274852236004f,-1.2516100404109203f,-1.0111329764603936f,-0.1282120244289851f,0.12836647325224587f,3.51672176286507f,0f,0f,0f,1f],start_interpolation:0}
execute if entity @s[tag=aj.armor.bone.left_fingers] run data modify entity @s {} merge value {transformation:[-0.3815721918570505f,0.7525057926769069f,0.5370387770607538f,0.6035200724836056f,-0.3080359504706612f,0.57751773269793f,-1.0505274852236004f,-0.9915728203636169f,-0.8715674092998376f,-0.5283923450810042f,0.12836647325224587f,3.3257732408892213f,0f,0f,0f,1f],start_interpolation:0}
execute if entity @s[tag=aj.armor.locator_origin.consume] at @s on origin run tp @s ^0.33396 ^-0.96568 ^3.28809 ~94.83989 ~-57.3565
execute if entity @s[tag=aj.armor.bone.left_hand] run data modify entity @s {} merge value {transformation:[-0.747626180761143f,0.391046543842802f,0.5370387770607538f,0.8835605701437417f,-0.5861431018429722f,0.2912887614118f,-1.0505274852236004f,-0.7714714784570376f,-0.4027175566410376f,-0.9362941785928749f,0.12836647325224587f,2.569409602319677f,0f,0f,0f,1f],start_interpolation:0}
execute if entity @s[tag=aj.armor.bone.left_forearm] run data modify entity @s {} merge value {transformation:[-1.1505824633375723f,1.021960784627593f,0.9795370240415753f,2.3743724697323914f,-0.9088116055649431f,0.774156098923117f,-1.9161196742286526f,0.248088751993492f,-1.125866752610427f,-1.479333446503544f,0.23413525906713586f,0.35149405549386536f,0f,0f,0f,1f],start_interpolation:0}
execute if entity @s[tag=aj.armor.bone.left_bicep] run data modify entity @s {} merge value {transformation:[-1.322659271558419f,-0.04302517327183698f,0.8715164899001043f,2.292037283492031f,-0.2946376331589443f,1.899513959795385f,-0.3880900949264308f,3.216330264418179f,-0.8209114887553679f,-0.6124419743355627f,-1.2649030168102622f,-0.5903359584727597f,0f,0f,0f,1f],start_interpolation:0}
execute if entity @s[tag=aj.armor.bone.left_shoulder] run data modify entity @s {} merge value {transformation:[-0.9761327905428728f,-0.11437400661343505f,0.2459600384310718f,1.8318097916666667f,-0.19000072652767863f,0.9439384528267217f,-0.31510775912517547f,3.3453813154327086f,-0.19359100653898847f,-0.3497309859779731f,-0.930926279734833f,-0.7331961197831568f,0f,0f,0f,1f],start_interpolation:0}
execute if entity @s[tag=aj.armor.bone.right_foot] run data modify entity @s {} merge value {transformation:[-1.148939533369208f,0.03779545727878324f,0.253180463201639f,-1.6154080736190424f,0.05040796353267172f,1.1748196953883876f,0.053372421872982447f,-3.719695596962192f,-0.2509738646759811f,0.06293712428437151f,-1.1483213542005473f,0.28643575639937824f,0f,0f,0f,1f],start_interpolation:0}
execute if entity @s[tag=aj.armor.bone.right_knee] run data modify entity @s {} merge value {transformation:[-2.8329554118392117f,0.1485557962178442f,0.6238777912981258f,-1.4731757872234865f,0.36143079592699334f,2.7039959514281753f,0.9973476640317767f,-0.3218625363647233f,-0.5297736335648705f,1.0503645836585234f,-2.6557490143289817f,1.4872141390080025f,0f,0f,0f,1f],start_interpolation:0}
execute if entity @s[tag=aj.armor.bone.right_thigh] run data modify entity @s {} merge value {transformation:[-2.4147837127339544f,0.36298415596612366f,-0.40874790051013216f,-0.9084999999999996f,0.3080801044864835f,-0.6256280421826097f,-2.375644949270285f,-1.1632356249999998f,-0.45157390632484234f,-2.3678776949604847f,0.565021195862781f,-1.8249600000000001f,0f,0f,0f,1f],start_interpolation:0}
execute if entity @s[tag=aj.armor.bone.left_foot] run data modify entity @s {} merge value {transformation:[-1.0999094634355264f,0.41788514197316246f,-0.034089224684710914f,0.8763726527228229f,-0.14896896794094291f,-0.30004611631560585f,1.1284376232433473f,-3.1343833954488396f,0.39191620751398537f,1.0587422873761838f,0.33325268203851427f,-2.9364925663855557f,0f,0f,0f,1f],start_interpolation:0}
execute if entity @s[tag=aj.armor.bone.left_knee] run data modify entity @s {} merge value {transformation:[-2.8207741232336017f,0.6505439626974903f,-0.23865160135137625f,1.7387166977112987f,-0.33780305497376517f,-0.41753045501467523f,2.854555325040952f,-3.5473235460294736f,0.6050215948874232f,2.7998909907828744f,0.4811319964280015f,0.5410369470148864f,0f,0f,0f,1f],start_interpolation:0}
execute if entity @s[tag=aj.armor.bone.left_thigh] run data modify entity @s {} merge value {transformation:[-2.404400500487828f,-0.5709134226109711f,-0.15142265377271213f,0.8928750000000003f,-0.2879400472924627f,1.6871587909189885f,-1.7890216506037742f,-1.1632356249999998f,0.5157145386336885f,-1.7197574832069968f,-1.7048417629018942f,-1.8249599999999997f,0f,0f,0f,1f],start_interpolation:0}