execute if entity @s[tag=aj.armor.bone.right_thumb_2] run data modify entity @s {} merge value {transformation:[0.15407630378988463f,-0.9442500813359515f,-0.29095064273429044f,-0.12490846124216515f,0.7677358400643048f,0.29977323385814586f,-0.5663194223607254f,0.2756022101187803f,0.6219663756918079f,-0.13611683275509676f,0.7711225812732485f,0.16411989799011165f,0f,0f,0f,1f],start_interpolation:0}
execute if entity @s[tag=aj.armor.bone.right_thumb] run data modify entity @s {} merge value {transformation:[0.15407630378988463f,-0.9442500813359515f,-0.29095064273429044f,-0.3684858420818395f,0.7677358400643048f,0.29977323385814586f,-0.5663194223607254f,0.5590041898993973f,0.6219663756918079f,-0.13611683275509676f,0.7711225812732485f,0.2256059718334163f,0f,0f,0f,1f],start_interpolation:0}
execute if entity @s[tag=aj.armor.bone.right_fingers_2] run data modify entity @s {} merge value {transformation:[-0.1882927425306824f,0.7803233339130737f,-0.5963567201441263f,0.04473611132546289f,-0.7462690208771964f,-0.5084230493556079f,-0.42963769779074956f,-0.12003055457561529f,-0.6384578228742006f,0.3641448852239046f,0.6780635006959193f,0.4798161443503617f,0f,0f,0f,1f],start_interpolation:0}
execute if entity @s[tag=aj.armor.bone.right_fingers] run data modify entity @s {} merge value {transformation:[0.7982246943233976f,0.08482923853989799f,-0.5963567201441263f,0.1144529692682682f,-0.4066657660207344f,0.806247110620456f,-0.42963769779074956f,0.21257770540668697f,0.44436504376366953f,0.5854652824078529f,0.6780635006959193f,0.7643317739757712f,0f,0f,0f,1f],start_interpolation:0}
execute if entity @s[tag=aj.armor.bone.right_hand] run data modify entity @s {} merge value {transformation:[0.22215075533421422f,-0.7713674249301552f,-0.5963567201441263f,-0.4989524210155447f,0.7233816361936896f,0.5404909407703382f,-0.42963769779074956f,0.6201406679858986f,0.6537339293031825f,-0.3359491608886924f,0.6780635006959193f,0.4703922852457123f,0f,0f,0f,1f],start_interpolation:0}
execute if entity @s[tag=aj.armor.bone.right_forearm] run data modify entity @s {} merge value {transformation:[-0.8892350751525603f,-1.5335151840752843f,-0.4294423395084314f,-2.731822969676887f,0.5113083953697959f,0.19088404014949498f,-1.7403894879233432f,0.8069124941138863f,1.5081953678407487f,-0.9688771981320752f,0.33682676407458256f,-1.0098412341122736f,0f,0f,0f,1f],start_interpolation:0}
execute if entity @s[tag=aj.armor.bone.right_bicep] run data modify entity @s {} merge value {transformation:[-0.8949636351896615f,0.27508804818491045f,-1.2780849789108037f,-2.2833972771908986f,0.0440969221342029f,1.5543406535090603f,0.30366947523717835f,3.2283508301272215f,1.306610159546413f,0.1359641661554603f,-0.8856738634369052f,-0.7901568198320456f,0f,0f,0f,1f],start_interpolation:0}
execute if entity @s[tag=aj.armor.bone.right_shoulder] run data modify entity @s {} merge value {transformation:[-1.012156993531366f,0.04417237481982169f,0.00002037556959943636f,-1.827643125f,0.04400612962431134f,1.0083069625885617f,0.08828084966603439f,3.4276187993074703f,0.0038287945720502114f,0.08819778435451672f,-1.0092667981430476f,-0.7520389380836099f,0f,0f,0f,1f],start_interpolation:0}
execute if entity @s[tag=aj.armor.bone.left_thumb_2] run data modify entity @s {} merge value {transformation:[-0.4630957732594353f,0.7298264087262896f,0.5041301561968778f,0.4261259883342475f,-0.49957453119027184f,0.4550962088338223f,-1.0639140083526826f,-1.8073288369723624f,-0.7591477067780659f,-0.6417048025012699f,0.21836419255519893f,2.4060335788693177f,0f,0f,0f,1f],start_interpolation:0}
execute if entity @s[tag=aj.armor.bone.left_thumb] run data modify entity @s {} merge value {transformation:[-0.4630957732594353f,0.7298264087262896f,0.5041301561968778f,0.7296880592521016f,-0.49957453119027184f,0.4550962088338223f,-1.0639140083526826f,-1.5138389291693404f,-0.7591477067780659f,-0.6417048025012699f,0.21836419255519893f,2.3657933679408893f,0f,0f,0f,1f],start_interpolation:0}
execute if entity @s[tag=aj.armor.bone.left_fingers_2] run data modify entity @s {} merge value {transformation:[-0.3890334783697623f,0.7083487141401179f,0.5900394464404233f,0.5992640722495723f,-0.07660625727603049f,0.8029720874936582f,-0.9684872723635584f,-2.3048656308518316f,-0.9214953532278887f,-0.41467665286107086f,-0.1210900590520207f,3.3953680188896738f,0f,0f,0f,1f],start_interpolation:0}
execute if entity @s[tag=aj.armor.bone.left_fingers] run data modify entity @s {} merge value {transformation:[-0.613614606614079f,0.525910698375954f,0.5900394464404233f,0.8647176296465394f,-0.3545432065103874f,0.7245217779094685f,-0.9684872723635584f,-1.9771807037482048f,-0.7163630917231874f,-0.7126951194342841f,-0.1210900590520207f,3.1138336067232943f,0f,0f,0f,1f],start_interpolation:0}
execute if entity @s[tag=aj.armor.locator_origin.consume] at @s on origin run tp @s ^0.59263 ^-1.98841 ^3.12843 ~71.97353 ~-51.66206
execute if entity @s[tag=aj.armor.bone.left_hand] run data modify entity @s {} merge value {transformation:[-0.7783831613922534f,0.2173122227980649f,0.5900394464404233f,1.005637249464341f,-0.6275214032746879f,0.5068032955495958f,-0.9684872723635584f,-1.5884465424055931f,-0.3480474758479773f,-0.9486692611255536f,-0.1210900590520207f,2.3516503200450884f,0f,0f,0f,1f],start_interpolation:0}
execute if entity @s[tag=aj.armor.bone.left_forearm] run data modify entity @s {} merge value {transformation:[-1.252105164205682f,0.777818007574642f,1.076208102879705f,2.136609849313921f,-0.8401770059007234f,1.2077441870942758f,-1.7664816417638725f,0.07815455298140517f,-1.0936609630196603f,-1.4835649573518697f,-0.2208633736543324f,0.11047815125508154f,0f,0f,0f,1f],start_interpolation:0}
execute if entity @s[tag=aj.armor.bone.left_bicep] run data modify entity @s {} merge value {transformation:[-1.426246807064432f,0.09034756526566409f,0.6862458329300876f,2.264477633090039f,-0.10242864552596713f,1.9593493356368237f,-0.37156296049571497f,3.1401282916530397f,-0.6822484692527607f,-0.4830372509426464f,-1.3788191248518626f,-0.6275369359579145f,0f,0f,0f,1f],start_interpolation:0}
execute if entity @s[tag=aj.armor.bone.left_shoulder] run data modify entity @s {} merge value {transformation:[-0.9923114718754076f,-0.07526648255606018f,0.1899101841791033f,1.8068097916666668f,-0.12523603176476267f,0.9682369016063475f,-0.27064038387202277f,3.30213213737754f,-0.16139038942613032f,-0.28855716528656633f,-0.9576538431132116f,-0.7422864221737429f,0f,0f,0f,1f],start_interpolation:0}
execute if entity @s[tag=aj.armor.bone.right_foot] run data modify entity @s {} merge value {transformation:[-1.148939907959258f,0.037796813502584896f,0.25317856083046486f,-1.6154071889993675f,0.05040891123892174f,1.1748197238295564f,0.053370900735458617f,-3.719692543472395f,-0.25097195947523915f,0.06293577890721984f,-1.1483218443307013f,0.28643974970862884f,0f,0f,0f,1f],start_interpolation:0}
execute if entity @s[tag=aj.armor.bone.right_knee] run data modify entity @s {} merge value {transformation:[-2.8329559314537724f,0.14856046258804204f,0.623874320621182f,-1.4731692420602074f,0.36143322979532333f,2.703996938709412f,0.9973441053036178f,-0.32185832487791943f,-0.529769194437196f,1.0503613820679907f,-2.6557511660958775f,1.4872141850301237f,0f,0f,0f,1f],start_interpolation:0}
execute if entity @s[tag=aj.armor.bone.right_thigh] run data modify entity @s {} merge value {transformation:[-2.4147841556483653f,0.36297945117050034f,-0.4087494618915549f,-0.9084999999999996f,0.3080821790922389f,-0.6256310097118434f,-2.375643898725518f,-1.1632356249999998f,-0.4515701224554732f,-2.3678776321115f,0.5650244833550555f,-1.8249600000000001f,0f,0f,0f,1f],start_interpolation:0}
execute if entity @s[tag=aj.armor.bone.left_foot] run data modify entity @s {} merge value {transformation:[-1.0999078125110102f,0.41789008236968317f,-0.03408192938884626f,0.8763653845731871f,-0.1489630585818475f,-0.30004606168501496f,1.128438417868612f,-3.134383129622381f,0.39192308688280664f,1.0587403528726644f,0.33325073749937967f,-2.9364929298613536f,0f,0f,0f,1f],start_interpolation:0}
execute if entity @s[tag=aj.armor.bone.left_knee] run data modify entity @s {} merge value {transformation:[-2.820772494385076f,0.650553390665421f,-0.23864515362425992f,1.7387213135978798f,-0.3377985313171847f,-0.41753212925770006f,2.854555615470035f,-3.547325449320434f,0.6050317146188087f,2.799888550543625f,0.4811334714756075f,0.5410333789878135f,0f,0f,0f,1f],start_interpolation:0}
execute if entity @s[tag=aj.armor.bone.left_thigh] run data modify entity @s {} merge value {transformation:[-2.4043991120731443f,-0.5709168532047831f,-0.1514317652531447f,0.8928750000000003f,-0.28793619137147397f,1.6871601019318159f,-1.7890210348363649f,-1.1632356249999998f,0.5157231645945578f,-1.7197550581740515f,-1.7048415997752993f,-1.8249599999999997f,0f,0f,0f,1f],start_interpolation:0}