execute if entity @s[tag=aj.armor.bone.right_thumb_2] run data modify entity @s {} merge value {transformation:[0.1541057074860175f,-0.9442537789188079f,-0.29092306872743057f,-0.124923386563744f,0.7677205245741521f,0.2997819113927504f,-0.5663355911023935f,0.2755624862648462f,0.6219779956460055f,-0.1360720639927987f,0.771121110029363f,0.16399916298165418f,0f,0f,0f,1f],start_interpolation:0}
execute if entity @s[tag=aj.armor.bone.right_thumb] run data modify entity @s {} merge value {transformation:[0.1541057074860175f,-0.9442537789188079f,-0.29092306872743057f,-0.36849664647788427f,0.7677205245741521f,0.2997819113927504f,-0.5663355911023935f,0.5589644657627109f,0.6219779956460055f,-0.1360720639927987f,0.771121110029363f,0.22550156088973383f,0f,0f,0f,1f],start_interpolation:0}
execute if entity @s[tag=aj.armor.bone.right_fingers_2] run data modify entity @s {} merge value {transformation:[-0.1883226811691444f,0.7803349445158299f,-0.5963320737011731f,0.044731516366963736f,-0.74625312306537f,-0.5084360525295131f,-0.4296499235463533f,-0.1200785868514106f,-0.6384675748011372f,0.3641018468171816f,0.6780774299973944f,0.479679445296411f,0f,0f,0f,1f],start_interpolation:0}
execute if entity @s[tag=aj.armor.bone.right_fingers] run data modify entity @s {} merge value {transformation:[0.7982401133723162f,0.08485740556139057f,-0.5963320737011731f,0.1144617161467616f,-0.40668073303152663f,0.8062330460713901f,-0.4296499235463533f,0.21252267160886057f,0.44432364643837213f,0.5854805685450515f,0.6780774299973944f,0.7641999902493697f,0f,0f,0f,1f],start_interpolation:0}
execute if entity @s[tag=aj.armor.bone.right_hand] run data modify entity @s {} merge value {transformation:[0.22218117192510545f,-0.7713777185771219f,-0.5963320737011731f,-0.4989530628903944f,0.7233651863225776f,0.5405032381152908f,-0.4296499235463533f,0.6200960340452285f,0.6537417946395112f,-0.3359057380719174f,0.6780774299973944f,0.4702945166331425f,0f,0f,0f,1f],start_interpolation:0}
execute if entity @s[tag=aj.armor.bone.right_forearm] run data modify entity @s {} merge value {transformation:[-0.8891780746721861f,-1.533542347205756f,-0.4294633657047263f,-2.731867019550139f,0.5113025773086883f,0.1909260867279183f,-1.7403865850660196f,0.8069300959726591f,1.5082309463716965f,-0.9688259185049345f,0.33681495464618616f,-1.0098656670642616f,0f,0f,0f,1f],start_interpolation:0}
execute if entity @s[tag=aj.armor.bone.right_bicep] run data modify entity @s {} merge value {transformation:[-0.8949384042857527f,0.2751138557073944f,-1.2780970913102763f,-2.2834009746438753f,0.04408964983562783f,1.554334388494293f,0.30370259696774005f,3.2283582501868358f,1.306627686525641f,0.13598356895371155f,-0.8856450268943921f,-0.7901513998459629f,0f,0f,0f,1f],start_interpolation:0}
execute if entity @s[tag=aj.armor.bone.right_shoulder] run data modify entity @s {} merge value {transformation:[-1.0121562629675804f,0.04418911625006497f,0.0000027167017019287287f,-1.827643125f,0.044021209234446794f,1.0083049070685892f,0.08829680733628303f,3.4276187993074703f,0.003848524376859288f,0.08821289618463884f,-1.0092654023960588f,-0.7520389380836099f,0f,0f,0f,1f],start_interpolation:0}
execute if entity @s[tag=aj.armor.bone.left_thumb_2] run data modify entity @s {} merge value {transformation:[-0.9170642210593645f,0.019790911415759768f,0.398980299259176f,2.098712058419253f,-0.2814257168621461f,0.7396512538974693f,-0.7047913929192466f,-2.4228909341482687f,-0.2916272346295621f,-0.7154590306975406f,-0.6348801992977096f,0.6973872004814065f,0f,0f,0f,1f],start_interpolation:0}
execute if entity @s[tag=aj.armor.bone.left_thumb] run data modify entity @s {} merge value {transformation:[-0.9170642210593645f,0.019790911415759768f,0.398980299259176f,2.2881237223679887f,-0.2814257168621461f,0.7396512538974693f,-0.7047913929192466f,-2.1049404711843573f,-0.2916272346295621f,-0.7154590306975406f,-0.6348801992977096f,0.5684983588824134f,0f,0f,0f,1f],start_interpolation:0}
execute if entity @s[tag=aj.armor.bone.left_fingers_2] run data modify entity @s {} merge value {transformation:[0.6918435756570505f,0.6350467037182799f,0.3444588449110306f,2.297043879133435f,0.7564897903479985f,-0.6023950284223117f,-0.4334267479838401f,-3.072685696090036f,-0.06369723800700278f,0.5285252171440821f,-0.8465250691844451f,0.752956284982673f,0f,0f,0f,1f],start_interpolation:0}
execute if entity @s[tag=aj.armor.bone.left_fingers] run data modify entity @s {} merge value {transformation:[-0.5190000453464887f,0.7826690245638499f,0.3444588449110306f,2.6691356442762557f,0.7133196216666794f,0.6529408016918392f,-0.4334267479838401f,-2.82202119200452f,-0.531982638035889f,0.019766540296576207f,-0.8465250691844451f,0.7794261021295145f,0f,0f,0f,1f],start_interpolation:0}
execute if entity @s[tag=aj.armor.locator_origin.consume] at @s on origin run tp @s ^2.43145 ^-2.88005 ^0.89953 ~22.01644 ~-24.0074
execute if entity @s[tag=aj.armor.bone.left_hand] run data modify entity @s {} merge value {transformation:[-0.9274243120112957f,-0.14770238512549586f,0.3444588449110306f,2.517998099187953f,-0.298342014755378f,0.9198633677891396f,-0.4334267479838401f,-2.099606497144471f,-0.2385963913330279f,-0.4758865466997111f,-0.8465250691844451f,0.401699047060908f,0f,0f,0f,1f],start_interpolation:0}
execute if entity @s[tag=aj.armor.bone.left_forearm] run data modify entity @s {} merge value {transformation:[-1.712666864175277f,0.02843021797715977f,0.6282790112394047f,2.5074028487986495f,-0.24455090440742797f,1.7467971984092416f,-0.7905528706581267f,0.42676159168236394f,-0.5793048988551301f,-0.7792410093090647f,-1.5440275124708818f,-0.833751314995096f,0f,0f,0f,1f],start_interpolation:0}
execute if entity @s[tag=aj.armor.bone.left_bicep] run data modify entity @s {} merge value {transformation:[-1.5582603203495367f,-0.11541352026357868f,0.26477221821898866f,2.31923043916722f,-0.10660965352578668f,1.675423990230633f,0.02254759044542097f,3.0405849530166327f,-0.26569477165119004f,0.004621611271015576f,-1.5618968706377538f,-0.8071870968559843f,0f,0f,0f,1f],start_interpolation:0}
execute if entity @s[tag=aj.armor.bone.left_shoulder] run data modify entity @s {} merge value {transformation:[-1.0118046021883613f,-0.033614250527321f,0.03917279437031f,1.8651431250000001f,-0.03369229887432178f,1.0125591019232454f,-0.0013684939877053825f,3.2471511811185416f,-0.039105685697292995f,-0.0026694457697263537f,-1.0123618908632759f,-0.8044215571973484f,0f,0f,0f,1f],start_interpolation:0}
execute if entity @s[tag=aj.armor.bone.right_foot] run data modify entity @s {} merge value {transformation:[-1.1489415311375177f,0.03780269041952667f,0.2531703171799263f,-1.6154033554486036f,0.05041301797082771f,1.174819847041141f,0.05336430917630985f,-3.719679311685483f,-0.2509637035967793f,0.06292994892606543f,-1.148323968173491f,0.28645705397002574f,0f,0f,0f,1f],start_interpolation:0}
execute if entity @s[tag=aj.armor.bone.right_knee] run data modify entity @s {} merge value {transformation:[-2.8329581830136563f,0.14858068342301925f,0.6238592808827463f,-1.4731408796168373f,0.3614437765606951f,2.7040012168213834f,0.9973286842099961f,-0.3218400752342466f,-0.5297499582024818f,1.0503475084352074f,-2.655760490300743f,1.4872143842934118f,0f,0f,0f,1f],start_interpolation:0}
execute if entity @s[tag=aj.armor.bone.right_thigh] run data modify entity @s {} merge value {transformation:[-2.4147860748561696f,0.3629590636763373f,-0.40875622773847947f,-0.9084999999999996f,0.3080911690527357f,-0.6256438689099089f,-2.375639346320527f,-1.1632356249999998f,-0.4515537256755987f,-2.3678773596471796f,0.565038729148586f,-1.8249600000000001f,0f,0f,0f,1f],start_interpolation:0}
execute if entity @s[tag=aj.armor.bone.left_foot] run data modify entity @s {} merge value {transformation:[-1.0999006576674066f,0.41791149072001976f,-0.03405031664375245f,0.8763338892007565f,-0.1489374513842429f,-0.30004582510336f,1.1284418608372222f,-3.1343819775038404f,0.39195289731616384f,1.058731969687691f,0.33324231052381376f,-2.9364945047325692f,0f,0f,0f,1f],start_interpolation:0}
execute if entity @s[tag=aj.armor.bone.left_knee] run data modify entity @s {} merge value {transformation:[-2.8207654355443057f,0.6505942450358809f,-0.23861721333290148f,1.73874131551426f,-0.3377789288216932f,-0.41753938466289164f,2.8545568738480984f,-3.547333697152335f,0.6050755666994305f,2.7998779757545775f,0.4811398632433577f,0.5410179172061984f,0f,0f,0f,1f],start_interpolation:0}
execute if entity @s[tag=aj.armor.bone.left_thigh] run data modify entity @s {} merge value {transformation:[-2.4043930951857444f,-0.5709317189328093f,-0.15147124835625986f,0.8928750000000003f,-0.28791948239446574f,1.6871657831608977f,-1.7890183662354728f,-1.1632356249999998f,0.5157605436827046f,-1.7197445494568562f,-1.7048408926150902f,-1.8249599999999997f,0f,0f,0f,1f],start_interpolation:0}