execute if entity @s[tag=aj.armor.bone.right_thumb_2] run data modify entity @s {} merge value {transformation:[0.15399261717558532f,-0.94423954665472f,-0.291029126358003f,-0.12486601127512525f,0.767779424596689f,0.2997485322571644f,-0.5662734079714962f,0.27571527897455794f,0.6219332994955251f,-0.1362442510455558f,0.7711267567888204f,0.16446352198958672f,0f,0f,0f,1f],start_interpolation:0}
execute if entity @s[tag=aj.armor.bone.right_thumb] run data modify entity @s {} merge value {transformation:[0.15399261717558532f,-0.94423954665472f,-0.291029126358003f,-0.3684551172548233f,0.767779424596689f,0.2997485322571644f,-0.5662734079714962f,0.5591172572697292f,0.6219332994955251f,-0.1362442510455558f,0.7711267567888204f,0.22590313480858132f,0f,0f,0f,1f],start_interpolation:0}
execute if entity @s[tag=aj.armor.bone.right_fingers_2] run data modify entity @s {} merge value {transformation:[-0.18820753288902853f,0.7802902769000424f,-0.5964268675529969f,0.04474915437892095f,-0.7463142628914398f,-0.5083860377975871f,-0.42960290685384894f,-0.11989383873480264f,-0.6384300631773472f,0.36426737480554694f,0.678023844775125f,0.4802051996830888f,0f,0f,0f,1f],start_interpolation:0}
execute if entity @s[tag=aj.armor.bone.right_fingers] run data modify entity @s {} merge value {transformation:[0.7981807980276296f,0.08474907268457793f,-0.5964268675529969f,0.11442803967540316f,-0.40662316583387564f,0.8062871346052591f,-0.42960290685384894f,0.21273434609982123f,0.4444828620624332f,0.5854217721003759f,0.678023844775125f,0.7647068376194603f,0f,0f,0f,1f],start_interpolation:0}
execute if entity @s[tag=aj.armor.bone.right_hand] run data modify entity @s {} merge value {transformation:[0.2220641848666018f,-0.771338116172442f,-0.5964268675529969f,-0.498950619693189f,0.7234284495690464f,0.540455937868064f,-0.42960290685384894f,0.6202677071251592f,0.6537115389479194f,-0.3360727447483647f,0.678023844775125f,0.4706705401780582f,0f,0f,0f,1f],start_interpolation:0}
execute if entity @s[tag=aj.armor.bone.right_forearm] run data modify entity @s {} merge value {transformation:[-0.889397302884538f,-1.533437859471339f,-0.4293824989390852f,-2.731697602020504f,0.511324942870558f,0.19076437107241248f,-1.740397747401804f,0.8068624040968664f,1.5080940958884617f,-0.9690231408500057f,0.33686037475051733f,-1.009771693046736f,0f,0f,0f,1f],start_interpolation:0}
execute if entity @s[tag=aj.armor.bone.right_bicep] run data modify entity @s {} merge value {transformation:[-0.8950354466449019f,0.275014599875903f,-1.2780504978238398f,-2.2833867527844744f,0.044117616236668496f,1.5543584802646406f,0.3035752075688951f,3.228329712135872f,1.3065602707377342f,0.13590894219292815f,-0.8857559337905923f,-0.7901722458028537f,0f,0f,0f,1f],start_interpolation:0}
execute if entity @s[tag=aj.armor.bone.right_shoulder] run data modify entity @s {} merge value {transformation:[-1.0121590694953375f,0.04412472906883497f,0.00007063833511059235f,-1.827643125f,0.043963210630417755f,1.0083128100371233f,0.08823543445207167f,3.4276187993074703f,0.0037726404861846276f,0.08815477336186757f,-1.0092707673286292f,-0.7520389380836099f,0f,0f,0f,1f],start_interpolation:0}
execute if entity @s[tag=aj.armor.bone.left_thumb_2] run data modify entity @s {} merge value {transformation:[-0.43116922601281216f,0.8804692807222432f,-0.19714701175510765f,0.5593059489055827f,-0.9018049885753564f,-0.4275557112970838f,0.06280028915415764f,4.366116491220207f,-0.028997605420339606f,0.20486571075145943f,0.9783604547599957f,1.7177043216479206f,0f,0f,0f,1f],start_interpolation:0}
execute if entity @s[tag=aj.armor.bone.left_thumb] run data modify entity @s {} merge value {transformation:[-0.43116922601281216f,0.8804692807222432f,-0.19714701175510765f,0.9316871378303919f,-0.9018049885753564f,-0.4275557112970838f,0.06280028915415764f,4.429238862350141f,-0.028997605420339606f,0.20486571075145943f,0.9783604547599957f,1.7455427173422413f,0f,0f,0f,1f],start_interpolation:0}
execute if entity @s[tag=aj.armor.bone.left_fingers_2] run data modify entity @s {} merge value {transformation:[0.9409408366180845f,0.33761656628181724f,0.025404648325349166f,0.213071987644411f,-0.3257502659282134f,0.9232109379368996f,-0.20388312417011883f,4.764795533164433f,-0.09228816951352756f,0.18356638648114526f,0.9786655585653851f,2.056529836373621f,0f,0f,0f,1f],start_interpolation:0}
execute if entity @s[tag=aj.armor.bone.left_fingers] run data modify entity @s {} merge value {transformation:[0.5409706124006501f,0.8406577189096232f,0.025404648325349166f,0.5583971621170198f,-0.8204502714298545f,0.5341282840192135f,-0.20388312417011883f,5.03685115692649f,-0.1849652633051499f,0.08945152792635434f,0.9786655585653851f,2.112868986579455f,0f,0f,0f,1f],start_interpolation:0}
execute if entity @s[tag=aj.armor.locator_origin.consume] at @s on origin run tp @s ^0.35736 ^4.97296 ^1.94081 ~178.51302 ~-11.76413
execute if entity @s[tag=aj.armor.bone.left_hand] run data modify entity @s {} merge value {transformation:[-0.7036433038261605f,0.7100990809908652f,0.025404648325349166f,1.097069979188099f,-0.6990452509814695f,-0.6853958044508924f,-0.20388312417011883f,4.472149321125321f,-0.1273649797270032f,-0.1612199938501514f,0.9786655585653851f,1.9724496249445087f,0f,0f,0f,1f],start_interpolation:0}
execute if entity @s[tag=aj.armor.bone.left_forearm] run data modify entity @s {} merge value {transformation:[-1.1656497354606208f,1.402120584502975f,0.04633705177423373f,3.108494114742305f,-1.3791347882719172f,-1.1342508961833775f,-0.37187457821002823f,2.725704311829432f,-0.25705348010144896f,-0.27269274404308685f,1.7850464244236037f,1.6321723110359665f,0f,0f,0f,1f],start_interpolation:0}
execute if entity @s[tag=aj.armor.bone.left_bicep] run data modify entity @s {} merge value {transformation:[-1.0125147533104986f,-0.5980745742338067f,1.0617227669533784f,2.3313368965980956f,-1.1979536197271683f,0.7414560904273568f,-0.724765166681085f,3.7442125720035024f,-0.22328357573870566f,-1.2659716527263698f,-0.9260641312469173f,-0.3417629819556148f,0f,0f,0f,1f],start_interpolation:0}
execute if entity @s[tag=aj.armor.bone.left_shoulder] run data modify entity @s {} merge value {transformation:[-0.7392183298060154f,-0.1379349860783539f,0.6789279631604591f,1.9615716964285714f,-0.5576817737260035f,0.7075388323651142f,-0.46345746149573414f,3.6625419545039475f,-0.411047781650095f,-0.7118818153161488f,-0.5921798551872233f,-0.6665339022521922f,0f,0f,0f,1f],start_interpolation:0}
execute if entity @s[tag=aj.armor.bone.right_foot] run data modify entity @s {} merge value {transformation:[-1.148935287741399f,0.0377800864226322f,0.2532020231535474f,-1.615418098106085f,0.05039722289100804f,1.1748193728526528f,0.05338966165406238f,-3.7197302031932113f,-0.25099545689917413f,0.06295237181043825f,-1.1483157990622512f,0.2863904984186785f,0f,0f,0f,1f],start_interpolation:0}
execute if entity @s[tag=aj.armor.bone.right_knee] run data modify entity @s {} merge value {transformation:[-2.8329495222499697f,0.14850291006873192f,0.6239171248000904f,-1.4732499653223456f,0.36140321210170556f,2.7039847615953745f,0.9973879966575678f,-0.32191026734969386f,-0.5298239435890598f,1.0504008679047943f,-2.655724626921739f,1.48721361642057f,0f,0f,0f,1f],start_interpolation:0}
execute if entity @s[tag=aj.armor.bone.right_thigh] run data modify entity @s {} merge value {transformation:[-2.4147786925052146f,0.3630374767021749f,-0.4087302040118706f,-0.9084999999999996f,0.3080565923013776f,-0.6255944096083873f,-2.3756568551761545f,-1.1632356249999998f,-0.4516167901014425f,-2.3678784065309415f,0.5649839375787765f,-1.8249600000000001f,0f,0f,0f,1f],start_interpolation:0}
execute if entity @s[tag=aj.armor.bone.left_foot] run data modify entity @s {} merge value {transformation:[-1.0999281688488742f,0.4178291506034829f,-0.03417190593597321f,0.8764550247385023f,-0.14903594082928046f,-0.30004673637498464f,1.1284286150255203f,-3.1343864069155725f,0.39183824033707626f,1.058764209714918f,0.3332747162820056f,-2.9364884458405838f,0f,0f,0f,1f],start_interpolation:0}
execute if entity @s[tag=aj.armor.bone.left_knee] run data modify entity @s {} merge value {transformation:[-2.820792580510043f,0.6504371114433641f,-0.23872467474211848f,1.7386643827648292f,-0.33785432318053976f,-0.4175114823898426f,2.85455203261648f,-3.5473019768364686f,0.6049069040618872f,2.7999186442937716f,0.48111527858551134f,0.5410773826533195f,0f,0f,0f,1f],start_interpolation:0}
execute if entity @s[tag=aj.armor.bone.left_thigh] run data modify entity @s {} merge value {transformation:[-2.4044162332912267f,-0.5708745414682755f,-0.15131939045633724f,0.8928750000000003f,-0.28798374781460395f,1.6871439338229655f,-1.7890286276351435f,-1.1632356249999998f,0.515616777286529f,-1.719784965455512f,-1.7048436099868218f,-1.8249599999999997f,0f,0f,0f,1f],start_interpolation:0}