execute if entity @s[tag=aj.armor.bone.right_thumb_2] run data modify entity @s {} merge value {transformation:[0.154044464455274f,-0.9442460752210717f,-0.2909805017527641f,-0.1248923056420024f,0.7677524231170774f,0.2997638366498254f,-0.5663019150902046f,0.27564522648976497f,0.621953792309802f,-0.13616531007044125f,0.7711241719495483f,0.1642506333948714f,0f,0f,0f,1f],start_interpolation:0}
execute if entity @s[tag=aj.armor.bone.right_thumb] run data modify entity @s {} merge value {transformation:[0.154044464455274f,-0.9442460752210717f,-0.2909805017527641f,-0.368474148034057f,0.7677524231170774f,0.2997638366498254f,-0.5663019150902046f,0.5590472061046822f,0.621953792309802f,-0.13616531007044125f,0.7711241719495483f,0.22571903083771683f,0f,0f,0f,1f],start_interpolation:0}
execute if entity @s[tag=aj.armor.bone.right_fingers_2] run data modify entity @s {} merge value {transformation:[-0.18826032383614472f,0.7803107591258892f,-0.5963834082714646f,0.044741079739775216f,-0.7462862345129003f,-0.5084089684754863f,-0.4296244603723677f,-0.11997854152383441f,-0.6384472622274029f,0.3641914880472503f,0.6780484152243581f,0.47996416527777114f,0f,0f,0f,1f],start_interpolation:0}
execute if entity @s[tag=aj.armor.bone.right_fingers] run data modify entity @s {} merge value {transformation:[0.7982079956265058f,0.08479873853087533f,-0.5963834082714646f,0.11444349066116122f,-0.4066495587741715f,0.8062623390674548f,-0.4296244603723677f,0.2126372994615091f,0.4444098694523873f,0.5854487292197744f,0.6780484152243581f,0.7644744719950749f,0f,0f,0f,1f],start_interpolation:0}
execute if entity @s[tag=aj.armor.bone.right_hand] run data modify entity @s {} merge value {transformation:[0.22211781899057711f,-0.7713562761949766f,-0.5963834082714646f,-0.4989517312322347f,0.723399447645191f,0.5404776241403382f,-0.4296244603723677f,0.6201890002529739f,0.6537254114943842f,-0.3359961800054202f,0.6780484152243581f,0.47049815105951875f,0f,0f,0f,1f],start_interpolation:0}
execute if entity @s[tag=aj.armor.bone.right_forearm] run data modify entity @s {} merge value {transformation:[-0.8892967966588387f,-1.5334857678280958f,-0.42941957216050525f,-2.7317752717441612f,0.5113146930112444f,0.1908385108250446f,-1.7403926307389388f,0.8068934356749344f,1.5081568399197252f,-0.9689327243355254f,0.3368395516393415f,-1.0098147768968877f,0f,0f,0f,1f],start_interpolation:0}
execute if entity @s[tag=aj.armor.bone.right_bicep] run data modify entity @s {} merge value {transformation:[-0.8949909563143993f,0.27506010355856025f,-1.2780718616061062f,-2.2833932732574094f,0.04410479605209937f,1.554347436604267f,0.3036336100803945f,3.2283427955199424f,1.3065911797360896f,0.13594315589835507f,-0.8857050882115084f,-0.7901626887815072f,0f,0f,0f,1f],start_interpolation:0}
execute if entity @s[tag=aj.armor.bone.right_shoulder] run data modify entity @s {} merge value {transformation:[-1.012157783928532f,0.04415424713024723f,0.00003949790201874785f,-1.827643125f,0.04398980079436526f,1.0083091877954184f,0.08826357062942534f,3.4276187993074703f,0.003807430340173151f,0.08818142057454363f,-1.0092683088289753f,-0.7520389380836099f,0f,0f,0f,1f],start_interpolation:0}
execute if entity @s[tag=aj.armor.bone.left_thumb_2] run data modify entity @s {} merge value {transformation:[-0.7514517132046119f,0.48843927457550435f,0.4435621690067911f,2.038515844088822f,-0.6155808261162908f,-0.27708297474574595f,-0.7377569190621208f,1.766963520447825f,-0.23744592908668444f,-0.8274370671889212f,0.5088883282233518f,3.380695411585049f,0f,0f,0f,1f],start_interpolation:0}
execute if entity @s[tag=aj.armor.bone.left_thumb] run data modify entity @s {} merge value {transformation:[-0.7514517132046119f,0.48843927457550435f,0.4435621690067911f,2.333574440705398f,-0.6155808261162908f,-0.27708297474574595f,-0.7377569190621208f,1.8475330460484005f,-0.23744592908668444f,-0.8274370671889212f,0.5088883282233518f,3.157365753939433f,0f,0f,0f,1f],start_interpolation:0}
execute if entity @s[tag=aj.armor.bone.left_fingers_2] run data modify entity @s {} merge value {transformation:[0.7920362742041106f,0.32243704286801217f,0.5183752441344038f,2.091883914232179f,0.38344920074170546f,0.39796584590357786f,-0.8334205996642969f,1.6139408082738251f,-0.47502131614846316f,0.8588699196506892f,0.19156515947269878f,3.931450551982519f,0f,0f,0f,1f],start_interpolation:0}
execute if entity @s[tag=aj.armor.bone.left_fingers] run data modify entity @s {} merge value {transformation:[0.039634865342435294f,0.8542342674687573f,0.5183752441344038f,2.4708251326965995f,-0.2003567207775248f,0.5150410551543245f,-0.8334205996642969f,1.8432391094155023f,-0.9789209681524672f,-0.07082745080571196f,0.19156515947269878f,3.9476887918272867f,0f,0f,0f,1f],start_interpolation:0}
execute if entity @s[tag=aj.armor.locator_origin.consume] at @s on origin run tp @s ^2.20029 ^1.8705 ^3.96069 ~110.28175 ~-56.45174
execute if entity @s[tag=aj.armor.bone.left_hand] run data modify entity @s {} merge value {transformation:[-0.8297419339556111f,0.20691889547404702f,0.5183752441344038f,2.602402123563287f,-0.5443927297146185f,-0.09511393109881128f,-0.8334205996642969f,1.7567692558633878f,-0.12314576269392506f,-0.9737237343347089f,0.19156515947269878f,3.170524314878158f,0f,0f,0f,1f],start_interpolation:0}
execute if entity @s[tag=aj.armor.bone.left_forearm] run data modify entity @s {} merge value {transformation:[-1.4642369372071689f,0.5374728119699237f,0.9454954943017021f,3.3648427723462175f,-1.0058258182277604f,-0.0660415064089768f,-1.5201254897051077f,1.5520331846535296f,-0.4137066312474726f,-1.7417204303383145f,0.3494071084530072f,0.6037260617670315f,0f,0f,0f,1f],start_interpolation:0}
execute if entity @s[tag=aj.armor.bone.left_bicep] run data modify entity @s {} merge value {transformation:[-1.29316355747977f,-0.6631783078594652f,0.630917666161306f,2.38635364572171f,-0.8630736524095742f,1.2471600557982532f,-0.4580722886414337f,3.419331660298634f,-0.3049039848971639f,-0.7175798792395591f,-1.3792197913269213f,-0.5565554550630871f,0f,0f,0f,1f],start_interpolation:0}
execute if entity @s[tag=aj.armor.bone.left_shoulder] run data modify entity @s {} merge value {transformation:[-0.923689339255888f,-0.22080835864643877f,0.3527813089772856f,1.9237969711538463f,-0.3389363460002159f,0.8974687676991787f,-0.32570683602187345f,3.472796329152947f,-0.2415225384345804f,-0.41497766014958365f,-0.8921173598085251f,-0.735595661962183f,0f,0f,0f,1f],start_interpolation:0}
execute if entity @s[tag=aj.armor.bone.right_foot] run data modify entity @s {} merge value {transformation:[-1.1489381502335345f,0.03779044964357672f,0.2531874873097856f,-1.6154113397580099f,0.05040446431321009f,1.1748195903497434f,0.05337803840833803f,-3.719706871387708f,-0.25098089925690537f,0.0629420918206565f,-1.14831954444832f,0.28642101181393387f,0f,0f,0f,1f],start_interpolation:0}
execute if entity @s[tag=aj.armor.bone.right_knee] run data modify entity @s {} merge value {transformation:[-2.832953493185001f,0.14853856646639207f,0.6238906060015914f,-1.4731999539283624f,0.36142180933819273f,2.7039923060020676f,0.9973608039974047f,-0.32187808656915196f,-0.529790024179043f,1.0503764048605393f,-2.6557410692548022f,1.4872139689558013f,0f,0f,0f,1f],start_interpolation:0}
execute if entity @s[tag=aj.armor.bone.right_thigh] run data modify entity @s {} merge value {transformation:[-2.414782077291717f,0.36300152748436443f,-0.4087421353051111f,-0.9084999999999996f,0.3080724444053618f,-0.6256170850801686f,-2.3756488281715713f,-1.1632356249999998f,-0.4515878775253703f,-2.367877926929274f,0.5650090574250292f,-1.8249600000000001f,0f,0f,0f,1f],start_interpolation:0}
execute if entity @s[tag=aj.armor.bone.left_foot] run data modify entity @s {} merge value {transformation:[-1.0999155585290747f,0.41786690048316266f,-0.03411616131440317f,0.8763994889246406f,-0.14899078713182598f,-0.30004631814168475f,1.1284346889368564f,-3.134384376809068f,0.3918908066439868f,1.058749429906234f,0.333259861396046f,-2.936491224178206f,0f,0f,0f,1f],start_interpolation:0}
execute if entity @s[tag=aj.armor.bone.left_knee] run data modify entity @s {} merge value {transformation:[-2.820780137070845f,0.6505091516211071f,-0.2386754082384605f,1.7386996542437558f,-0.3378197577180124f,-0.41752427345822113f,2.8545542525764946f,-3.547316518671842f,0.6049842296588828f,2.799900000582948f,0.4811265500195102f,0.5410501210205829f,0f,0f,0f,1f],start_interpolation:0}
execute if entity @s[tag=aj.armor.bone.left_thigh] run data modify entity @s {} merge value {transformation:[-2.4044056266243583f,-0.570900755669244f,-0.15138901139935088f,0.8928750000000003f,-0.2879542845496386f,1.6871539503863084f,-1.789023924000023f,-1.1632356249999998f,0.515682688875332f,-1.719766436994053f,-1.7048423650068494f,-1.8249599999999997f,0f,0f,0f,1f],start_interpolation:0}