execute if entity @s[tag=aj.attack.bone.neck] run data modify entity @s {} merge value {transformation:[-1.0487199193685515f,0.000009100671222488641f,0.022884872630264133f,-0.0003549762521124655f,0.005935788622413451f,1.0131781615136004f,0.2716099523284399f,4.445131639038096f,-0.02210167169142769f,0.2716748050659191f,-1.0129370677190888f,0.17954124040059805f,0f,0f,0f,1f],start_interpolation:0}
execute if entity @s[tag=aj.attack.bone.right_thumb_2] run data modify entity @s {} merge value {transformation:[-0.7743584186419622f,0.0938284673588621f,0.6257517544453282f,-2.267369403380144f,0.26950481815137295f,0.9436626092694841f,0.19201050195211852f,-1.484924215878449f,-0.5724824822398628f,0.31732806144398273f,-0.7560203098784376f,-2.7392077742592584f,0f,0f,0f,1f],start_interpolation:0}
execute if entity @s[tag=aj.attack.bone.right_thumb] run data modify entity @s {} merge value {transformation:[-0.7743584186419622f,0.0938284673588621f,0.6257517544453282f,-2.3547523786457685f,0.26950481815137295f,0.9436626092694841f,0.19201050195211852f,-1.1746708713420866f,-0.5724824822398628f,0.31732806144398273f,-0.7560203098784376f,-2.732737246587297f,0f,0f,0f,1f],start_interpolation:0}
execute if entity @s[tag=aj.attack.bone.right_fingers2] run data modify entity @s {} merge value {transformation:[-0.7743584186419622f,0.0938284673588621f,0.6257517544453282f,-2.542075386980454f,0.26950481815137295f,0.9436626092694841f,0.19201050195211852f,-2.1278504403653824f,-0.5724824822398628f,0.31732806144398273f,-0.7560203098784376f,-3.353229093806986f,0f,0f,0f,1f],start_interpolation:0}
execute if entity @s[tag=aj.attack.bone.right_fingers] run data modify entity @s {} merge value {transformation:[-0.7743584186419622f,0.0938284673588621f,0.6257517544453282f,-2.4566282105797086f,0.26950481815137295f,0.9436626092694841f,0.19201050195211852f,-1.6934373276179637f,-0.5724824822398628f,0.31732806144398273f,-0.7560203098784376f,-3.1829220283802875f,0f,0f,0f,1f],start_interpolation:0}
execute if entity @s[tag=aj.attack.locator_origin.right_hand] at @s on origin run tp @s ^-2.30736 ^-1.77356 ^-3.08793 ~39.61428 ~11.07014
execute if entity @s[tag=aj.attack.bone.right_hand] run data modify entity @s {} merge value {transformation:[-0.7743584186419622f,0.0938284673588621f,0.6257517544453282f,-2.4205666768038006f,0.26950481815137295f,0.9436626092694841f,0.19201050195211852f,-1.0056281835946372f,-0.5724824822398628f,0.31732806144398273f,-0.7560203098784376f,-3.0170770829718756f,0f,0f,0f,1f],start_interpolation:0}
execute if entity @s[tag=aj.attack.bone.right_forearm] run data modify entity @s {} merge value {transformation:[-1.40086029388688f,0.14124272857892647f,0.5325944316758356f,-2.1787192376117575f,0.2956455123323523f,1.420522849226125f,0.4009045595669808f,1.0330626845102329f,-0.4649731906962675f,0.47768318629341944f,-1.3496794454549794f,-2.3100084098288862f,0f,0f,0f,1f],start_interpolation:0}
execute if entity @s[tag=aj.attack.bone.right_bicep] run data modify entity @s {} merge value {transformation:[-1.578517542866354f,-0.017211121077578318f,0.02983793255009894f,-2.0972984145260307f,0.0089344602864679f,1.1162949788533791f,1.116561621071836f,2.693512708315777f,-0.03326710578034768f,1.1164647130753529f,-1.1159318985381736f,-0.8082731074520699f,0f,0f,0f,1f],start_interpolation:0}
execute if entity @s[tag=aj.attack.bone.right_shoulder] run data modify entity @s {} merge value {transformation:[-0.9997619912257242f,-0.01090074973034593f,0.018898004013422235f,-1.788094243667521f,0.005658685167544294f,0.7070110154285572f,0.7071798946130009f,2.8625920448560347f,-0.021069888052611337f,0.7071185174480985f,-0.7067810566925613f,-0.6308308176933346f,0f,0f,0f,1f],start_interpolation:0}
execute if entity @s[tag=aj.attack.bone.right_arm] run data modify entity @s {} merge value {transformation:[-1.4623706101032028f,0.000012690284490822522f,0.03191144225676945f,-1.419527859956557f,0.008277064894913934f,1.4128099779853538f,0.3787421258631176f,3.025932825760905f,-0.0308193203149556f,0.3788325587189477f,-1.4124737886245335f,-0.5413069734415743f,0f,0f,0f,1f],start_interpolation:0}
execute if entity @s[tag=aj.attack.bone.left_thumb_2] run data modify entity @s {} merge value {transformation:[-0.7744427031340507f,0.04883065446839088f,0.6307567413406004f,1.6874834173791797f,-0.43861393557984285f,0.6770540421003877f,-0.5909447009582943f,-1.4935849848495601f,-0.45591261780914344f,-0.7343115083258025f,-0.5029217569987394f,1.0300107093112216f,0f,0f,0f,1f],start_interpolation:0}
execute if entity @s[tag=aj.attack.bone.left_thumb] run data modify entity @s {} merge value {transformation:[-0.7744427031340507f,0.04883065446839088f,0.6307567413406004f,1.815769036799523f,-0.43861393557984285f,0.6770540421003877f,-0.5909447009582943f,-1.2347928312692638f,-0.45591261780914344f,-0.7343115083258025f,-0.5029217569987394f,0.8868177940331388f,0f,0f,0f,1f],start_interpolation:0}
execute if entity @s[tag=aj.attack.bone.left_fingers2] run data modify entity @s {} merge value {transformation:[-0.7744427031340507f,0.04883065446839088f,0.6307567413406004f,2.056378505643542f,-0.43861393557984285f,0.6770540421003877f,-0.5909447009582943f,-1.9820376338571077f,-0.45591261780914344f,-0.7343115083258025f,-0.5029217569987394f,1.7308460051902939f,0f,0f,0f,1f],start_interpolation:0}
execute if entity @s[tag=aj.attack.bone.left_fingers] run data modify entity @s {} merge value {transformation:[-0.7744427031340507f,0.04883065446839088f,0.6307567413406004f,2.048471639617068f,-0.43861393557984285f,0.6770540421003877f,-0.5909447009582943f,-1.6877037525385468f,-0.45591261780914344f,-0.7343115083258025f,-0.5029217569987394f,1.358924619957331f,0f,0f,0f,1f],start_interpolation:0}
execute if entity @s[tag=aj.attack.bone.left_hand] run data modify entity @s {} merge value {transformation:[-0.7744427031340507f,0.04883065446839088f,0.6307567413406004f,2.149753003312346f,-0.43861393557984285f,0.6770540421003877f,-0.5909447009582943f,-1.20020459744534f,-0.45591261780914344f,-0.7343115083258025f,-0.5029217569987394f,0.8549672230582228f,0f,0f,0f,1f],start_interpolation:0}
execute if entity @s[tag=aj.attack.bone.left_forearm] run data modify entity @s {} merge value {transformation:[-1.4787774890690812f,0.0735062083986908f,0.27171653458476513f,2.2124685115583227f,-0.15099476450396554f,1.0191891969832751f,-1.0974834221355423f,0.2692588958239668f,-0.23755761181721288f,-1.1053805309018236f,-0.9938391031692545f,-0.7423557108071677f,0f,0f,0f,1f],start_interpolation:0}
execute if entity @s[tag=aj.attack.bone.left_bicep] run data modify entity @s {} merge value {transformation:[-1.5785175428663545f,0.005253576079515542f,0.03404298526845225f,2.0493301932776853f,0.008934460286467903f,1.569463259330993f,0.17207385354541985f,2.589690586205474f,-0.033267105780347694f,0.1722255369942502f,-1.5691194416374066f,-0.5253062748202046f,0f,0f,0f,1f],start_interpolation:0}
execute if entity @s[tag=aj.attack.bone.left_shoulder] run data modify entity @s {} merge value {transformation:[-0.9997619912257242f,0.003327378720653839f,0.02156129521212257f,1.8007810938332167f,0.005658685167544294f,0.9940274154034003f,0.10898383691451807f,2.8313018240135746f,-0.021069888052611337f,0.10907990638648812f,-0.9938096567452771f,-0.5042029588201882f,0f,0f,0f,1f],start_interpolation:0}
execute if entity @s[tag=aj.attack.bone.left_arm] run data modify entity @s {} merge value {transformation:[-1.4623706101032028f,0.000012690284490822522f,0.03191144225676945f,1.4317778003505939f,0.008277064894913934f,1.4128099779853538f,0.3787421258631176f,2.949426875079405f,-0.0308193203149556f,0.3788325587189477f,-1.4124737886245335f,-0.4974029732169826f,0f,0f,0f,1f],start_interpolation:0}
execute if entity @s[tag=aj.attack.bone.chest] run data modify entity @s {} merge value {transformation:[-2.0649696520995735f,0.00001791956988810726f,0.04506118993345087f,0.00007669502728521998f,0.011687794939512497f,1.9949865708237489f,0.5348103897026629f,3.72516686679543f,-0.04351903731450668f,0.5349380872244482f,-1.994511847916535f,-0.0343005467241872f,0f,0f,0f,1f],start_interpolation:0}
execute if entity @s[tag=aj.attack.bone.weist] run data modify entity @s {} merge value {transformation:[-2.0887760679481393f,0.00001812615923538894f,0.045580686878646276f,-0.00296250871459251f,0.011822540022279159f,2.0179861727157404f,0.5409760582995113f,0.1860991282899016f,-0.04402075524463946f,0.5411052280077296f,-2.0175059768704955f,-0.840569174809754f,0f,0f,0f,1f],start_interpolation:0}
execute if entity @s[tag=aj.attack.bone.right_foot] run data modify entity @s {} merge value {transformation:[-1.132550378900325f,0.007441075772540302f,0.023567393663233824f,-0.8811306707547314f,0.006410271731497528f,1.1317295792389284f,-0.049276975272500245f,-8.154000550873011f,-0.02386839058375918f,-0.04913188645905555f,-1.131502324374067f,-0.3423390970916861f,0f,0f,0f,1f],start_interpolation:0}
execute if entity @s[tag=aj.attack.bone.right_knee] run data modify entity @s {} merge value {transformation:[-3.1196039967812172f,0.01184778177506558f,0.06703621044957751f,-0.9026746260401529f,0.017657059400262944f,3.1083905394048923f,0.2723229754708061f,-4.201717778620811f,-0.0657453549520056f,0.27263749702296736f,-3.1077177580496373f,0.1160960171432095f,0f,0f,0f,1f],start_interpolation:0}
execute if entity @s[tag=aj.attack.bone.right_thigh] run data modify entity @s {} merge value {transformation:[-2.382159556813299f,0.040553533300289754f,0.03252114488103466f,-0.7701316394922657f,0.013483100046978922f,1.92167453348948f,-1.4086772381903372f,-1.3719819344182476f,-0.05020378412663844f,-1.408157933727355f,-1.9214466377665855f,-1.6545342212001242f,0f,0f,0f,1f],start_interpolation:0}
execute if entity @s[tag=aj.attack.bone.right_leg] run data modify entity @s {} merge value {transformation:[-1.136622742744584f,0.00000986348184551508f,0.02480306344522677f,-0.7432332579597092f,0.006433321442413323f,1.0981019045789637f,0.2943760705510013f,-1.4721308022573978f,-0.023954215261093474f,0.2944463591905005f,-1.0978406025049634f,-1.6822368076243288f,0f,0f,0f,1f],start_interpolation:0}
execute if entity @s[tag=aj.attack.bone.left_foot] run data modify entity @s {} merge value {transformation:[-1.132550378900325f,-0.022945422161774854f,0.009181462549531607f,0.8678073998793867f,0.006410271731497528f,0.13371344422638862f,1.1248825608255493f,-4.7121679915573225f,-0.02386839058375918f,1.1246667839119882f,-0.13355177833337417f,-4.543147423840336f,0f,0f,0f,1f],start_interpolation:0}
execute if entity @s[tag=aj.attack.bone.left_knee] run data modify entity @s {} merge value {transformation:[-3.1196039967812172f,-0.06343674090128452f,0.024698245853762915f,0.8203014029896483f,0.017657059400262944f,0.3393265454270065f,3.1017912637699667f,-4.391312058839086f,-0.0657453549520056f,3.101192769830694f,-0.33888681418703454f,-0.5775502861429798f,0f,0f,0f,1f],start_interpolation:0}
execute if entity @s[tag=aj.attack.bone.left_thigh] run data modify entity @s {} merge value {transformation:[-2.382159556813299f,0.02698496935575152f,0.044430005135945104f,0.780224210379031f,0.013483100046978922f,2.2875793695777347f,-0.6664722064271709f,-1.4137017710362194f,-0.05020378412663844f,-0.6660621647831735f,-2.2871876050617628f,-1.6347396687792264f,0f,0f,0f,1f],start_interpolation:0}
execute if entity @s[tag=aj.attack.bone.left_leg] run data modify entity @s {} merge value {transformation:[-1.136622742744584f,0.00000986348184551508f,0.02480306344522677f,0.7533004690861651f,0.006433321442413323f,1.0981019045789637f,0.2943760705510013f,-1.4806012314978432f,-0.023954215261093474f,0.2944463591905005f,-1.0978406025049634f,-1.6506975028972555f,0f,0f,0f,1f],start_interpolation:0}