execute if entity @s[tag=aj.attack.bone.neck] run data modify entity @s {} merge value {transformation:[-1.0449779327129292f,-1.35520991160955e-8f,-0.09142377645623388f,0.0016144878478000578f,-0.02366222573663363f,1.0132268171469807f,0.2704601686864337f,0.42197735206288023f,0.08830858381102144f,0.2714932849495645f,-1.0093711790075508f,0.17849743369778115f,0f,0f,0f,1f],start_interpolation:0}
execute if entity @s[tag=aj.attack.bone.right_thumb_2] run data modify entity @s {} merge value {transformation:[-0.7417169757007942f,-0.19882327770131974f,-0.6405663370810015f,-1.213882307878458f,0.6666263432749214f,-0.3237995118669699f,-0.6713890039065423f,-2.9666431525725634f,-0.07392730489591823f,-0.9249990164096481f,0.3727084292473274f,2.317329416975113f,0f,0f,0f,1f],start_interpolation:0}
execute if entity @s[tag=aj.attack.bone.right_thumb] run data modify entity @s {} merge value {transformation:[-0.7417169757007942f,-0.19882327770131974f,-0.6405663370810015f,-1.3803305852721546f,0.6666263432749214f,-0.3237995118669699f,-0.6713890039065423f,-2.9610751860178777f,-0.07392730489591823f,-0.9249990164096481f,0.3727084292473274f,2.0412881907212395f,0f,0f,0f,1f],start_interpolation:0}
execute if entity @s[tag=aj.attack.bone.right_fingers2] run data modify entity @s {} merge value {transformation:[-0.7417169757007942f,-0.19882327770131974f,-0.6405663370810015f,-1.4475463430576436f,0.6666263432749214f,-0.3237995118669699f,-0.6713890039065423f,-2.551502072734127f,-0.07392730489591823f,-0.9249990164096481f,0.3727084292473274f,3.1166408024265686f,0f,0f,0f,1f],start_interpolation:0}
execute if entity @s[tag=aj.attack.bone.right_fingers] run data modify entity @s {} merge value {transformation:[-0.7417169757007942f,-0.19882327770131974f,-0.6405663370810015f,-1.512040328442879f,0.6666263432749214f,-0.3237995118669699f,-0.6713890039065423f,-2.740847349400862f,-0.07392730489591823f,-0.9249990164096481f,0.3727084292473274f,2.686513657190254f,0f,0f,0f,1f],start_interpolation:0}
execute if entity @s[tag=aj.attack.locator_origin.right_hand] at @s on origin run tp @s ^-1.36767 ^-2.86252 ^2.73209 ~-120.19264 ~-42.17436
execute if entity @s[tag=aj.attack.bone.right_hand] run data modify entity @s {} merge value {transformation:[-0.7417169757007942f,-0.19882327770131974f,-0.6405663370810015f,-1.717318657457216f,0.6666263432749214f,-0.3237995118669699f,-0.6713890039065423f,-2.9471228555171853f,-0.07392730489591823f,-0.9249990164096481f,0.3727084292473274f,2.0406052875654073f,0f,0f,0f,1f],start_interpolation:0}
execute if entity @s[tag=aj.attack.bone.right_forearm] run data modify entity @s {} merge value {transformation:[-1.419433432711826f,-0.299294478936063f,-0.40205403243304805f,-2.1068802057446203f,0.4823486992339832f,-0.4874248493657794f,-1.3400644195654905f,-3.659017266119692f,0.13625110078295957f,-1.3924279985394223f,0.5555140020164153f,0.026617974713869452f,0f,0f,0f,1f],start_interpolation:0}
execute if entity @s[tag=aj.attack.bone.right_bicep] run data modify entity @s {} merge value {transformation:[-1.5728851605000231f,-0.04706530896887259f,-0.12931081399065134f,-2.1130164151489557f,-0.03561602839681888f,1.572353312695979f,-0.13907090500770417f,-1.476303769701886f,0.13292076002076295f,-0.1356247572904351f,-1.5674317065856036f,-0.3210997943367361f,0f,0f,0f,1f],start_interpolation:0}
execute if entity @s[tag=aj.attack.bone.right_shoulder] run data modify entity @s {} merge value {transformation:[-0.9961946936461973f,-0.029809049145523403f,-0.0818996516488245f,-1.8094939895558393f,-0.02255758995550821f,0.9958578451759328f,-0.0880812541744666f,-1.2286255736608098f,0.08418602904614389f,-0.08589861925891243f,-0.992740721297789f,-0.3681152799125002f,0f,0f,0f,1f],start_interpolation:0}
execute if entity @s[tag=aj.attack.bone.right_arm] run data modify entity @s {} merge value {transformation:[-1.457152657046799f,-1.88975064615121e-8f,-0.12748441341205896f,-1.4448937390800831f,-0.032995409782733534f,1.4128778250501008f,0.3771388285718258f,-1.0378561589803126f,0.12314048317383931f,0.3785794409146635f,-1.4075013925115731f,-0.39097527180625435f,0f,0f,0f,1f],start_interpolation:0}
execute if entity @s[tag=aj.attack.bone.left_thumb_2] run data modify entity @s {} merge value {transformation:[-0.8417157586540198f,-0.2931909124673007f,-0.4533802713838347f,2.516986711695179f,-0.4587531352978732f,0.8311585813058164f,0.31419893948909744f,-3.8658063171802652f,0.2847106293903674f,0.47245581969988887f,-0.8341015261608427f,-4.235231983564721f,0f,0f,0f,1f],start_interpolation:0}
execute if entity @s[tag=aj.attack.bone.left_thumb] run data modify entity @s {} merge value {transformation:[-0.8417157586540198f,-0.2931909124673007f,-0.4533802713838347f,2.5571670221713823f,-0.4587531352978732f,0.8311585813058164f,0.31419893948909744f,-3.559871304585803f,0.2847106293903674f,0.47245581969988887f,-0.8341015261608427f,-4.141829089554487f,0f,0f,0f,1f],start_interpolation:0}
execute if entity @s[tag=aj.attack.bone.left_fingers2] run data modify entity @s {} merge value {transformation:[-0.8417157586540198f,-0.2931909124673007f,-0.4533802713838347f,3.0120727344870972f,-0.4587531352978732f,0.8311585813058164f,0.31419893948909744f,-4.321031845953496f,0.2847106293903674f,0.47245581969988887f,-0.8341015261608427f,-4.8782710464584005f,0f,0f,0f,1f],start_interpolation:0}
execute if entity @s[tag=aj.attack.bone.left_fingers] run data modify entity @s {} merge value {transformation:[-0.8417157586540198f,-0.2931909124673007f,-0.4533802713838347f,2.8307889501188943f,-0.4587531352978732f,0.8311585813058164f,0.31419893948909744f,-3.9475445776052016f,0.2847106293903674f,0.47245581969988887f,-0.8341015261608427f,-4.648784840069243f,0f,0f,0f,1f],start_interpolation:0}
execute if entity @s[tag=aj.attack.bone.left_hand] run data modify entity @s {} merge value {transformation:[-0.8417157586540198f,-0.2931909124673007f,-0.4533802713838347f,2.6634145121991533f,-0.4587531352978732f,0.8311585813058164f,0.31419893948909744f,-3.323656687273623f,0.2847106293903674f,0.47245581969988887f,-0.8341015261608427f,-4.357862003965657f,0f,0f,0f,1f],start_interpolation:0}
execute if entity @s[tag=aj.attack.bone.left_forearm] run data modify entity @s {} merge value {transformation:[-1.321720360284017f,-0.4413488319386415f,-0.5694579859607263f,1.9911683711735242f,-0.6467243323947818f,1.251167254564934f,0.5313605546240061f,-1.5397170637342978f,0.31751980586504136f,0.7112015253556508f,-1.2881729166663083f,-3.3184673274733045f,0f,0f,0f,1f],start_interpolation:0}
execute if entity @s[tag=aj.attack.bone.left_bicep] run data modify entity @s {} merge value {transformation:[-1.5728851605000231f,0.12713477880528012f,-0.052660971709537985f,1.9867272675719456f,-0.03561602839681888f,0.2075236285433818f,1.5647905930704815f,-1.1542770097532997f,0.13292076002076295f,1.5600239900907822f,-0.20386608335174775f,-1.0431222135790095f,0f,0f,0f,1f],start_interpolation:0}
execute if entity @s[tag=aj.attack.bone.left_shoulder] run data modify entity @s {} merge value {transformation:[-0.9961946936461973f,0.08052144886626084f,-0.033353090166237526f,1.7577213130764846f,-0.02255758995550821f,0.13143612944723845f,0.9910679588258959f,-1.1281425176005426f,0.08418602904614389f,0.9880490069568446f,-0.12911960488258512f,-0.7833699159153393f,0f,0f,0f,1f],start_interpolation:0}
execute if entity @s[tag=aj.attack.bone.left_arm] run data modify entity @s {} merge value {transformation:[-1.457152657046799f,-1.88975064615121e-8f,-0.12748441341205896f,1.396238585085932f,-0.032995409782733534f,1.4128778250501008f,0.3771388285718258f,-1.0338926152685923f,0.12314048317383931f,0.3785794409146635f,-1.4075013925115731f,-0.6472487529260584f,0f,0f,0f,1f],start_interpolation:0}
execute if entity @s[tag=aj.attack.bone.chest] run data modify entity @s {} merge value {transformation:[-2.057601537181842f,-2.6684601751278472e-8f,-0.180016914312193f,-0.00013602656617327843f,-0.046591827946491436f,1.9950823756277565f,0.5325464217133328f,-0.29804425996186f,0.1738829807861847f,0.5345806671692025f,-1.987490476589361f,-0.03514615606758448f,0f,0f,0f,1f],start_interpolation:0}
execute if entity @s[tag=aj.attack.bone.weist] run data modify entity @s {} merge value {transformation:[-2.0813230082431695f,-2.699224052233663e-8f,-0.18209227533143815f,0.01187975377353052f,-0.047128971158311155f,2.0180830820246025f,0.5386859897021808f,-3.8371291251658f,0.17588762552533385f,0.5407436873638548f,-2.0104036582589524f,-0.8412557844880824f,0f,0f,0f,1f],start_interpolation:0}
execute if entity @s[tag=aj.attack.bone.right_foot] run data modify entity @s {} merge value {transformation:[-1.1285092728562853f,0.09835612293063802f,0.008605031053488685f,-1.2259495090277022f,-0.025553689053398814f,-0.3863357828957354f,1.0645998423023093f,-6.889805066473706f,0.09536761742405274f,1.06035460499608f,0.3870843339770638f,-6.563255751128694f,0f,0f,0f,1f],start_interpolation:0}
execute if entity @s[tag=aj.attack.bone.right_knee] run data modify entity @s {} merge value {transformation:[-3.1084727916699326f,0.27092141764170224f,0.02370251228290158f,-0.9156058278356012f,-0.07038750062570352f,-1.0641598597948172f,2.9324346050227477f,-8.352290034988044f,0.2626895951140382f,2.9207411214351504f,1.0662217397682046f,-2.87598161916777f,0f,0f,0f,1f],start_interpolation:0}
execute if entity @s[tag=aj.attack.bone.right_thigh] run data modify entity @s {} merge value {transformation:[-2.3736596617426247f,0.04494764551380888f,-0.20274586906543038f,-0.7927148767677816f,-0.05374857112272156f,2.1140123108829694f,1.0979296009225534f,-5.437582065290679f,0.20059229636902162f,1.098325100615686f,-2.104953935847383f,-1.5814648590097713f,0f,0f,0f,1f],start_interpolation:0}
execute if entity @s[tag=aj.attack.bone.right_leg] run data modify entity @s {} merge value {transformation:[-1.1325671059084037f,-1.468802468876309e-8f,-0.09908684066029806f,-0.7657242538308991f,-0.02564557363648424f,1.0981546384866938f,0.29312991300921754f,-5.516964323005581f,0.09571053518236733f,0.2942496242103558f,-1.093975823994729f,-1.602581867276941f,0f,0f,0f,1f],start_interpolation:0}
execute if entity @s[tag=aj.attack.bone.left_foot] run data modify entity @s {} merge value {transformation:[-1.1285092728562853f,-0.06670226565730437f,-0.07279272788926569f,1.2261309115743912f,-0.025553689053398814f,1.0040698456164383f,-0.5239006647252362f,-11.810411469438062f,0.09536761742405274f,-0.5202650336895269f,-1.0017536946110532f,1.6473403496584569f,0f,0f,0f,1f],start_interpolation:0}
execute if entity @s[tag=aj.attack.bone.left_knee] run data modify entity @s {} merge value {transformation:[-3.1084727916699326f,-0.18373103608947944f,-0.20050718192373357f,1.0332703917239978f,-0.07038750062570352f,2.7657050509964223f,-1.4430815953459875f,-8.23269367478876f,0.2626895951140382f,-1.4330672689891915f,-2.759325225367329f,-0.082950437910851f,0f,0f,0f,1f],start_interpolation:0}
execute if entity @s[tag=aj.attack.bone.left_thigh] run data modify entity @s {} merge value {transformation:[-2.3736596617426247f,-0.14029878277991498f,-0.15310920877205886f,0.7533862724351688f,-0.05374857112272156f,2.1119189247596f,-1.1019509582503955f,-5.41956852908773f,0.20059229636902162f,-1.0943039225174938f,-2.107047228669703f,-1.7004382501282493f,0f,0f,0f,1f],start_interpolation:0}
execute if entity @s[tag=aj.attack.bone.left_leg] run data modify entity @s {} merge value {transformation:[-1.1325671059084037f,-1.468802468876309e-8f,-0.09908684066029806f,0.7254696211411572f,-0.02564557363648424f,1.0981546384866938f,0.29312991300921754f,-5.483198092177081f,0.09571053518236733f,0.2942496242103558f,-1.093975823994729f,-1.7285990922958232f,0f,0f,0f,1f],start_interpolation:0}