execute if entity @s[tag=aj.attack.bone.neck] run data modify entity @s {} merge value {transformation:[-1.0467234996339592f,0.000006183646866914922f,0.06860832336026282f,-0.0011782229420503915f,0.017774984986371516f,1.0131781068237264f,0.27109290016584864f,4.452952974763203f,-0.06626576779362131f,0.2716750091071298f,-1.0110087656414604f,0.17950828874721725f,0f,0f,0f,1f],start_interpolation:0}
execute if entity @s[tag=aj.attack.bone.right_thumb_2] run data modify entity @s {} merge value {transformation:[-0.8050440050612518f,0.2583108456685147f,0.5340221502194044f,-2.5211087031524637f,0.4478135861537934f,0.8550334994677753f,0.26149704939820884f,-0.3269832690256645f,-0.38905930392553045f,0.44965900613454535f,-0.8040146990143122f,-3.9022401625605254f,0f,0f,0f,1f],start_interpolation:0}
execute if entity @s[tag=aj.attack.bone.right_thumb] run data modify entity @s {} merge value {transformation:[-0.8050440050612518f,0.2583108456685147f,0.5340221502194044f,-2.565874763698975f,0.4478135861537934f,0.8550334994677753f,0.26149704939820884f,-0.01581943612146136f,-0.38905930392553045f,0.44965900613454535f,-0.8040146990143122f,-3.8307708768068784f,0f,0f,0f,1f],start_interpolation:0}
execute if entity @s[tag=aj.attack.bone.right_fingers2] run data modify entity @s {} merge value {transformation:[-0.8050440050612518f,0.2583108456685147f,0.5340221502194044f,-2.9593824225447913f,0.4478135861537934f,0.8550334994677753f,0.26149704939820884f,-0.8151377174486035f,-0.38905930392553045f,0.44965900613454535f,-0.8040146990143122f,-4.5621349040101595f,0f,0f,0f,1f],start_interpolation:0}
execute if entity @s[tag=aj.attack.bone.right_fingers] run data modify entity @s {} merge value {transformation:[-0.8050440050612518f,0.2583108456685147f,0.5340221502194044f,-2.7956152826804255f,0.4478135861537934f,0.8550334994677753f,0.26149704939820884f,-0.4303000375018847f,-0.38905930392553045f,0.44965900613454535f,-0.8040146990143122f,-4.3383029290604505f,0f,0f,0f,1f],start_interpolation:0}
execute if entity @s[tag=aj.attack.locator_origin.right_hand] at @s on origin run tp @s ^-2.64621 ^-0.54136 ^-4.28291 ~33.59189 ~15.15891
execute if entity @s[tag=aj.attack.bone.right_hand] run data modify entity @s {} merge value {transformation:[-0.8050440050612518f,0.2583108456685147f,0.5340221502194044f,-2.648182995703058f,0.4478135861537934f,0.8550334994677753f,0.26149704939820884f,0.2081961041933067f,-0.38905930392553045f,0.44965900613454535f,-0.8040146990143122f,-4.069095209009802f,0f,0f,0f,1f],start_interpolation:0}
execute if entity @s[tag=aj.attack.bone.right_forearm] run data modify entity @s {} merge value {transformation:[-1.3266181296996093f,0.38884285005114727f,0.5957360790935647f,-2.051612870431789f,0.600980997782387f,1.2871068652259103f,0.4981903830968437f,2.045394444470083f,-0.38068632530491475f,0.6768848169886769f,-1.2895428516623282f,-3.0773779649345525f,0f,0f,0f,1f],start_interpolation:0}
execute if entity @s[tag=aj.attack.bone.right_bicep] run data modify entity @s {} merge value {transformation:[-1.5755125617309944f,-0.08828040080982125f,0.05358074938950258f,-2.066977495998158f,0.02675464164165746f,0.4422973759914505f,1.5154409847916044f,2.8298062509763673f,-0.09974224292099038f,1.5131040149534924f,-0.43985438835273116f,-0.9835692514846869f,0f,0f,0f,1f],start_interpolation:0}
execute if entity @s[tag=aj.attack.bone.right_shoulder] run data modify entity @s {} merge value {transformation:[-0.9978587713742503f,-0.055912833974316144f,0.03393563596622693f,-1.7692438239010473f,0.016945186274980026f,0.2801312581754207f,0.9598121372722697f,2.8922126281980627f,-0.06317224907804014f,0.9583320057214079f,-0.2785839797195913f,-0.7322906966940943f,0f,0f,0f,1f],start_interpolation:0}
execute if entity @s[tag=aj.attack.bone.right_arm] run data modify entity @s {} merge value {transformation:[-1.4595867347410796f,0.00000862268683413386f,0.09566977210742397f,-1.40465847467516f,0.02478604168665595f,1.4128099017239393f,0.3780211307980873f,3.0497019917373502f,-0.09240323320611957f,0.37883284324092936f,-1.4097848988326598f,-0.6008307109708354f,0f,0f,0f,1f],start_interpolation:0}
execute if entity @s[tag=aj.attack.bone.left_thumb_2] run data modify entity @s {} merge value {transformation:[-0.7783470118034909f,0.10421906050753205f,0.619123829813959f,1.497029629509976f,-0.6271964731633377f,-0.08463280176972984f,-0.7742492317826838f,0.40811741525497885f,-0.028293343175509113f,-0.9909468584598938f,0.13123951554474678f,2.209477374162881f,0f,0f,0f,1f],start_interpolation:0}
execute if entity @s[tag=aj.attack.bone.left_thumb] run data modify entity @s {} merge value {transformation:[-0.7783470118034909f,0.10421906050753205f,0.619123829813959f,1.6417673417500893f,-0.6271964731633377f,-0.08463280176972984f,-0.7742492317826838f,0.47641852459739437f,-0.028293343175509113f,-0.9909468584598938f,0.13123951554474678f,1.9296189402918993f,0f,0f,0f,1f],start_interpolation:0}
execute if entity @s[tag=aj.attack.bone.left_fingers2] run data modify entity @s {} merge value {transformation:[-0.7783470118034909f,0.10421906050753205f,0.619123829813959f,1.8196624452277994f,-0.6271964731633377f,-0.08463280176972984f,-0.7742492317826838f,0.5926041034572013f,-0.028293343175509113f,-0.9909468584598938f,0.13123951554474678f,3.062537991303383f,0f,0f,0f,1f],start_interpolation:0}
execute if entity @s[tag=aj.attack.bone.left_fingers] run data modify entity @s {} merge value {transformation:[-0.7783470118034909f,0.10421906050753205f,0.619123829813959f,1.8376224950253155f,-0.6271964731633377f,-0.08463280176972984f,-0.7742492317826838f,0.5171467383223618f,-0.028293343175509113f,-0.9909468584598938f,0.13123951554474678f,2.594559261365586f,0f,0f,0f,1f],start_interpolation:0}
execute if entity @s[tag=aj.attack.bone.left_hand] run data modify entity @s {} merge value {transformation:[-0.7783470118034909f,0.10421906050753205f,0.619123829813959f,1.9778603534140504f,-0.6271964731633377f,-0.08463280176972984f,-0.7742492317826838f,0.4740276254261424f,-0.028293343175509113f,-0.9909468584598938f,0.13123951554474678f,1.9014788303076349f,0f,0f,0f,1f],start_interpolation:0}
execute if entity @s[tag=aj.attack.bone.left_forearm] run data modify entity @s {} merge value {transformation:[-1.4630439978698782f,0.15688399150458618f,0.31765637648861345f,2.161102751488185f,-0.33128342225478274f,-0.12740022496069264f,-1.4628863171266884f,0.28610648817021644f,-0.1255764884580156f,-1.4917012086563837f,0.15834755968122755f,-0.2539340345047194f,0f,0f,0f,1f],start_interpolation:0}
execute if entity @s[tag=aj.attack.bone.left_bicep] run data modify entity @s {} merge value {transformation:[-1.5755125617309949f,0.02890638058837702f,0.09914003749022529f,2.052256294254398f,0.026754641641657466f,1.578278569932608f,-0.0350014697770414f,2.5689067843666975f,-0.0997422429209904f,-0.033246577225431014f,-1.5753889386828663f,-0.39222271024637845f,0f,0f,0f,1f],start_interpolation:0}
execute if entity @s[tag=aj.attack.bone.left_shoulder] run data modify entity @s {} merge value {transformation:[-0.9978587713742503f,0.01830800091311447f,0.06279083925253043f,1.8078018459921656f,0.016945186274980026f,0.9996106365213238f,-0.0221683561758709f,2.8146821636307573f,-0.06317224907804014f,-0.021056886189544793f,-0.9977804740975955f,-0.41306691060116607f,0f,0f,0f,1f],start_interpolation:0}
execute if entity @s[tag=aj.attack.bone.left_arm] run data modify entity @s {} merge value {transformation:[-1.4595867347410796f,0.00000862268683413386f,0.09566977210742397f,1.4412194049668485f,0.02478604168665595f,1.4128099017239393f,0.3780211307980873f,2.9410071124535073f,-0.09240323320611957f,0.37883284324092936f,-1.4097848988326598f,-0.4368514207943769f,0f,0f,0f,1f],start_interpolation:0}
execute if entity @s[tag=aj.attack.bone.chest] run data modify entity @s {} merge value {transformation:[-2.0610386252461232f,0.00001217583730760863f,0.13509241409820924f,0.00013101959715925565f,0.03499962562500309f,1.9949864631372942f,0.5337922942087333f,3.73297834147914f,-0.13047983254604015f,0.5349384889893999f,-1.9907149473362726f,-0.03429672251936222f,0f,0f,0f,1f],start_interpolation:0}
execute if entity @s[tag=aj.attack.bone.weist] run data modify entity @s {} merge value {transformation:[-2.0847997214649845f,0.000012316208884476453f,0.1366498540270424f,-0.008907484037040204f,0.03540312581268177f,2.017986063787801f,0.5399462254879521f,0.1939787477175723f,-0.1319840954054405f,0.541105634404509f,-2.0136653029621083f,-0.8408194909100095f,0f,0f,0f,1f],start_interpolation:0}
execute if entity @s[tag=aj.attack.bone.right_foot] run data modify entity @s {} merge value {transformation:[-1.1303943733881783f,0.03564356187004658f,0.06495575039643627f,-1.0791063755519938f,0.019195845916022875f,1.100101623894276f,-0.26960914117430396f,-7.910975495474371f,-0.07156278720058544f,-0.2679311590733589f,-1.0983500416013514f,0.9051986297343799f,0f,0f,0f,1f],start_interpolation:0}
execute if entity @s[tag=aj.attack.bone.right_knee] run data modify entity @s {} merge value {transformation:[-3.113665291061737f,0.08626784524901178f,0.18495846639528898f,-1.0099682189237293f,0.05287485550917967f,3.072306911443551f,-0.5428607664298938f,-3.975008003410138f,-0.19711931683649894f,-0.5385642217508146f,-3.067190224644964f,0.3267992655178593f,0f,0f,0f,1f],start_interpolation:0}
execute if entity @s[tag=aj.attack.bone.right_thigh] run data modify entity @s {} merge value {transformation:[-2.3776247041206626f,0.1256872941181712f,0.0921403196045441f,-0.759161059529626f,0.04037574720902891f,1.8574526603625316f,-1.4918531367376322f,-1.380188740185979f,-0.150522202471555f,-1.4870974032166995f,-1.855605224166419f,-1.6852955231701572f,0f,0f,0f,1f],start_interpolation:0}
execute if entity @s[tag=aj.attack.bone.right_leg] run data modify entity @s {} merge value {transformation:[-1.1344589847835758f,0.000006701954956923801f,0.07435901543646004f,-0.7317411229553866f,0.019264869308116286f,1.0981018453050304f,0.2938156795101404f,-1.4559847805048256f,-0.07182010882849664f,0.2944465803342742f,-1.0957506717657497f,-1.7133236885288379f,0f,0f,0f,1f],start_interpolation:0}
execute if entity @s[tag=aj.attack.bone.left_foot] run data modify entity @s {} merge value {transformation:[-1.1303943733881783f,-0.07370174973713875f,-0.00760033538945048f,1.0785124424064119f,0.019195845916022875f,-0.4035524769441523f,1.0583279596853745f,-2.905954052060982f,-0.07156278720058544f,1.0559330484637384f,0.40393726870661506f,-5.864432788401842f,0f,0f,0f,1f],start_interpolation:0}
execute if entity @s[tag=aj.attack.bone.left_knee] run data modify entity @s {} merge value {transformation:[-3.113665291061737f,-0.20234406785367523f,-0.026620548822891523f,0.8557374932059474f,0.05287485550917967f,-1.1929051735654588f,2.8828362452129364f,-4.530560183079135f,-0.19711931683649894f,2.8762123435627913f,1.1937796487814334f,-2.2392166225875334f,0f,0f,0f,1f],start_interpolation:0}
execute if entity @s[tag=aj.attack.bone.left_thigh] run data modify entity @s {} merge value {transformation:[-2.3776247041206626f,0.000014046108220056876f,0.15584330015205033f,0.7889250667018723f,0.04037574720902891f,2.301426591932551f,0.6157855219372078f,-1.4147549605139016f,-0.150522202471555f,0.6171077781010978f,-2.2964989494477637f,-1.6016678364574433f,0f,0f,0f,1f],start_interpolation:0}
execute if entity @s[tag=aj.attack.bone.left_leg] run data modify entity @s {} merge value {transformation:[-1.1344589847835758f,0.000006701954956923801f,0.07435901543646004f,0.7619436933270148f,0.019264869308116286f,1.0981018453050304f,0.2938156795101404f,-1.4813498603879804f,-0.07182010882849664f,0.2944465803342742f,-1.0957506717657497f,-1.6187617806064103f,0f,0f,0f,1f],start_interpolation:0}