execute if entity @s[tag=aj.attack.bone.neck] run data modify entity @s {} merge value {transformation:[-1.0479710761546797f,-0.000010188470617018296f,-0.04575817083214997f,0.0007530451424451385f,-0.011863480349312713f,1.0131618972660263f,0.2714763608876736f,0.46848361545765016f,0.04419353047348248f,0.2717354533052468f,-1.0121975904139409f,0.17985589000770763f,0f,0f,0f,1f],start_interpolation:0}
execute if entity @s[tag=aj.attack.bone.right_thumb_2] run data modify entity @s {} merge value {transformation:[-0.7920247067261886f,-0.04361191347402596f,-0.6089292774521762f,-1.6825127035689287f,0.5754313769971198f,0.27981149867840327f,-0.7684947986646005f,-4.410989917006748f,0.20390094237765016f,-0.9590638801510982f,-0.1965219567555397f,1.8058931906180211f,0f,0f,0f,1f],start_interpolation:0}
execute if entity @s[tag=aj.attack.bone.right_thumb] run data modify entity @s {} merge value {transformation:[-0.7920247067261886f,-0.04361191347402596f,-0.6089292774521762f,-1.8118971679390978f,0.5754313769971198f,0.27981149867840327f,-0.7684947986646005f,-4.245867892155359f,0.20390094237765016f,-0.9590638801510982f,-0.1965219567555397f,1.5610888459277215f,0f,0f,0f,1f],start_interpolation:0}
execute if entity @s[tag=aj.attack.bone.right_fingers2] run data modify entity @s {} merge value {transformation:[-0.7920247067261886f,-0.04361191347402596f,-0.6089292774521762f,-2.0589134335608974f,0.5754313769971198f,0.27981149867840327f,-0.7684947986646005f,-4.547284436640124f,0.20390094237765016f,-0.9590638801510982f,-0.1965219567555397f,2.6458848470036003f,0f,0f,0f,1f],start_interpolation:0}
execute if entity @s[tag=aj.attack.bone.right_fingers] run data modify entity @s {} merge value {transformation:[-0.7920247067261886f,-0.04361191347402596f,-0.6089292774521762f,-2.0475468610598884f,0.5754313769971198f,0.27981149867840327f,-0.7684947986646005f,-4.448265698423532f,0.20390094237765016f,-0.9590638801510982f,-0.1965219567555397f,2.1821105920825357f,0f,0f,0f,1f],start_interpolation:0}
execute if entity @s[tag=aj.attack.locator_origin.right_hand] at @s on origin run tp @s ^-1.89823 ^-4.57207 ^2.17201 ~-72.11336 ~-50.21891
execute if entity @s[tag=aj.attack.bone.right_hand] run data modify entity @s {} merge value {transformation:[-0.7920247067261886f,-0.04361191347402596f,-0.6089292774521762f,-2.1456090656863287f,0.5754313769971198f,0.27981149867840327f,-0.7684947986646005f,-4.237492841966783f,0.20390094237765016f,-0.9590638801510982f,-0.1965219567555397f,1.5128983643529792f,0f,0f,0f,1f],start_interpolation:0}
execute if entity @s[tag=aj.attack.bone.right_forearm] run data modify entity @s {} merge value {transformation:[-1.4338649457252022f,-0.06565028536659429f,-0.453582690883493f,-2.1976229557904894f,0.4183127873501244f,0.421208410129312f,-1.3833343005915344f,-3.6370188633772047f,0.1872475083337433f,-1.4437068314879529f,-0.38296847827880404f,-0.573107940611404f,0f,0f,0f,1f],start_interpolation:0}
execute if entity @s[tag=aj.attack.bone.right_bicep] run data modify entity @s {} merge value {transformation:[-1.5773903952570436f,-0.007513397544843267f,-0.06846347823917079f,-2.11332183726621f,-0.017856733246867276f,1.5604174958684918f,0.2401718836785456f,-1.4119974700732358f,0.06651944131622342f,0.24071756373244502f,-1.5590171187264552f,-0.43690673355343207f,0f,0f,0f,1f],start_interpolation:0}
execute if entity @s[tag=aj.attack.bone.right_shoulder] run data modify entity @s {} merge value {transformation:[-0.9990481066424438f,-0.004758647963242144f,-0.043361686818090384f,-1.8028561392677118f,-0.01130965143108714f,0.9882982358118926f,0.15211406534442623f,-1.169654374287664f,0.04213042129691477f,0.15245967453941053f,-0.9874112999356861f,-0.41320690639401986f,0f,0f,0f,1f],start_interpolation:0}
execute if entity @s[tag=aj.attack.bone.right_arm] run data modify entity @s {} merge value {transformation:[-1.4613263977379023f,-0.000014207148845993773f,-0.06380674473820273f,-1.4368511101794812f,-0.016542839204215495f,1.4127872985671326f,0.37855584142898985f,-0.974925677269907f,0.061624957176396565f,0.3789171286800109f,-1.411442636399888f,-0.4507493740978911f,0f,0f,0f,1f],start_interpolation:0}
execute if entity @s[tag=aj.attack.bone.left_thumb_2] run data modify entity @s {} merge value {transformation:[-0.77056981376735f,-0.1370345371818923f,-0.6224497551850237f,2.3487178504907864f,-0.12726877692823735f,0.9900272802843482f,-0.060403995827818455f,-5.58510613226639f,0.6245196718516892f,0.032672923225833206f,-0.7803253549373725f,-2.104883281504258f,0f,0f,0f,1f],start_interpolation:0}
execute if entity @s[tag=aj.attack.bone.left_thumb] run data modify entity @s {} merge value {transformation:[-0.77056981376735f,-0.1370345371818923f,-0.6224497551850237f,2.4231576158704957f,-0.12726877692823735f,0.9900272802843482f,-0.060403995827818455f,-5.282554001611432f,0.6245196718516892f,0.032672923225833206f,-0.7803253549373725f,-2.1876825535842945f,0f,0f,0f,1f],start_interpolation:0}
execute if entity @s[tag=aj.attack.bone.left_fingers2] run data modify entity @s {} merge value {transformation:[-0.77056981376735f,-0.1370345371818923f,-0.6224497551850237f,2.6582457587787247f,-0.12726877692823735f,0.9900272802843482f,-0.060403995827818455f,-6.364624787574515f,0.6245196718516892f,0.032672923225833206f,-0.7803253549373725f,-2.5078508092722855f,0f,0f,0f,1f],start_interpolation:0}
execute if entity @s[tag=aj.attack.bone.left_fingers] run data modify entity @s {} merge value {transformation:[-0.77056981376735f,-0.1370345371818923f,-0.6224497551850237f,2.5526086501629734f,-0.12726877692823735f,0.9900272802843482f,-0.060403995827818455f,-5.903751907434534f,0.6245196718516892f,0.032672923225833206f,-0.7803253549373725f,-2.469674132481373f,0f,0f,0f,1f],start_interpolation:0}
execute if entity @s[tag=aj.attack.bone.left_hand] run data modify entity @s {} merge value {transformation:[-0.77056981376735f,-0.1370345371818923f,-0.6224497551850237f,2.4859435814068482f,-0.12726877692823735f,0.9900272802843482f,-0.060403995827818455f,-5.199525272477347f,0.6245196718516892f,0.032672923225833206f,-0.7803253549373725f,-2.5084944102046065f,0f,0f,0f,1f],start_interpolation:0}
execute if entity @s[tag=aj.attack.bone.left_forearm] run data modify entity @s {} merge value {transformation:[-0.9296633659850808f,-0.20628208566057032f,-1.1658428826810998f,2.1660698274880494f,-0.16735975887053423f,1.4903169408077046f,-0.13023834715521815f,-3.0545914585401137f,1.1720634100053835f,0.049183504292107494f,-0.9433261609058987f,-2.4006219695133195f,0f,0f,0f,1f],start_interpolation:0}
execute if entity @s[tag=aj.attack.bone.left_bicep] run data modify entity @s {} merge value {transformation:[-1.5773903952570436f,0.03178910881498285f,-0.06109952173316455f,2.0227675362711053f,-0.017856733246867276f,1.1640073809398368f,1.0666171347956943f,-1.2679745415641845f,0.06651944131622342f,1.0662928433234349f,-1.1625398463057712f,-0.8738865400060094f,0f,0f,0f,1f],start_interpolation:0}
execute if entity @s[tag=aj.attack.bone.left_shoulder] run data modify entity @s {} merge value {transformation:[-0.9990481066424438f,0.020133791272568244f,-0.03869768808521869f,1.778457642614348f,-0.01130965143108714f,0.7372299042408418f,0.675547304100569f,-1.0926487720975326f,0.04213042129691477f,0.6753419124725134f,-0.736300433830724f,-0.7001869561309579f,0f,0f,0f,1f],start_interpolation:0}
execute if entity @s[tag=aj.attack.bone.left_arm] run data modify entity @s {} merge value {transformation:[-1.4613263977379023f,-0.000014207148845993773f,-0.06380674473820273f,1.4124197112954835f,-0.016542839204215495f,1.4127872985671326f,0.37855584142898985f,-1.0030372174361974f,0.061624957176396565f,0.3789171286800109f,-1.411442636399888f,-0.587095321693918f,0f,0f,0f,1f],start_interpolation:0}
execute if entity @s[tag=aj.attack.bone.chest] run data modify entity @s {} merge value {transformation:[-2.0634951511558355f,-0.000020061488522234608f,-0.09009958937451176f,-0.00011581087607402977f,-0.023359646781917535f,1.9949545458978992f,0.5345473430437143f,-0.251472073844464f,0.08701875263495222f,0.5350575059284814f,-1.9930557888054747f,-0.03401514604436462f,0f,0f,0f,1f],start_interpolation:0}
execute if entity @s[tag=aj.attack.bone.weist] run data modify entity @s {} merge value {transformation:[-2.087284567925214f,-0.00002029277140710217f,-0.09113832052015053f,0.005933368461461698f,-0.023628953144265535f,2.017953778584125f,0.5407099790545176f,-3.790466016002114f,0.08802196573774278f,0.5412260234541888f,-2.016033131290606f,-0.8405906725301342f,0f,0f,0f,1f],start_interpolation:0}
execute if entity @s[tag=aj.attack.bone.right_foot] run data modify entity @s {} merge value {transformation:[-1.1317416761666934f,0.010684815213364425f,-0.048246922712852955f,-0.8819532932014312f,-0.012811799334164136f,1.0047591312576407f,0.5230450251672535f,-11.935751353060468f,0.047726183853571f,0.5230927979605988f,-1.0036818661789837f,-4.6120774349448315f,0f,0f,0f,1f],start_interpolation:0}
execute if entity @s[tag=aj.attack.bone.right_knee] run data modify entity @s {} merge value {transformation:[-3.1173764294013937f,0.029431266692829368f,-0.1328958920781545f,-0.8738778097046893f,-0.03529003314415465f,2.7676036846301035f,1.4407247407330572f,-8.46038825110011f,0.13146151965909034f,1.4408563306383135f,-2.7646363636988847f,-2.6748236818414295f,0f,0f,0f,1f],start_interpolation:0}
execute if entity @s[tag=aj.attack.bone.right_thigh] run data modify entity @s {} merge value {transformation:[-2.3804585649797945f,0.013543862184761966f,-0.10305315257623769f,-0.7847604086656668f,-0.026947808055556157f,2.201211232112257f,0.911772611624348f,-5.394668163165572f,0.10038527830206008f,0.9120701965662528f,-2.198962737401491f,-1.6182730947241828f,0f,0f,0f,1f],start_interpolation:0}
execute if entity @s[tag=aj.attack.bone.right_leg] run data modify entity @s {} merge value {transformation:[-1.135811132121083f,-0.00001104245967222658f,-0.04959358230320381f,-0.7578012679952305f,-0.01285786731432676f,1.0980842770758097f,0.2942312815878027f,-5.461414369554497f,0.047897795102987084f,0.29451209091434216f,-1.0970391428327941f,-1.6348026679793741f,0f,0f,0f,1f],start_interpolation:0}
execute if entity @s[tag=aj.attack.bone.left_foot] run data modify entity @s {} merge value {transformation:[-1.1317416761666934f,-0.013145772470628191f,-0.047635275726652666f,0.9799620761021707f,-0.012811799334164136f,1.1327178391935708f,-0.008204082548920561f,-11.216790428793487f,0.047726183853571f,-0.007657534772945248f,-1.1317882867108922f,0.7934992212263999f,0f,0f,0f,1f],start_interpolation:0}
execute if entity @s[tag=aj.attack.bone.left_knee] run data modify entity @s {} merge value {transformation:[-3.1173764294013937f,-0.03620996037277158f,-0.1312111137068627f,0.9727359852322077f,-0.03529003314415465f,3.120065265268557f,-0.02259810175895768f,-7.238837356151381f,0.13146151965909034f,-0.021092638816090633f,-3.1175048178975557f,0.8771840064768082f,0f,0f,0f,1f],start_interpolation:0}
execute if entity @s[tag=aj.attack.bone.left_thigh] run data modify entity @s {} merge value {transformation:[-2.3804585649797945f,-0.0945263605194176f,-0.04322216590748601f,0.7644030921291363f,-0.026947808055556157f,1.5182300953611503f,-1.8362019391192022f,-5.331856092968236f,0.10038527830206008f,-1.8339652430597124f,-1.5178539624066578f,-1.6714592476938717f,0f,0f,0f,1f],start_interpolation:0}
execute if entity @s[tag=aj.attack.bone.left_leg] run data modify entity @s {} merge value {transformation:[-1.135811132121083f,-0.00001104245967222658f,-0.04959358230320381f,0.7376638523567772f,-0.01285786731432676f,1.0980842770758097f,0.2942312815878027f,-5.444485065423817f,0.047897795102987084f,0.29451209091434216f,-1.0970391428327941f,-1.697867274314513f,0f,0f,0f,1f],start_interpolation:0}