execute if entity @s[tag=aj.attack.bone.neck] run data modify entity @s {} merge value {transformation:[-1.0474095900812768f,0.000008639820346794297f,0.057186862911265506f,-0.000963246026163956f,0.014821761246297473f,1.0131659397007557f,0.2713158321630888f,4.499758293464815f,-0.05523271456153612f,0.271720380748565f,-1.0116593145355435f,0.17976494035029345f,0f,0f,0f,1f],start_interpolation:0}
execute if entity @s[tag=aj.attack.bone.right_thumb_2] run data modify entity @s {} merge value {transformation:[-0.7021099408835931f,0.18170195436487396f,0.6884954834219483f,-2.458289293724852f,0.1885864695995488f,0.979818076761461f,-0.0662697512855614f,-1.3908048172888146f,-0.6866416637493065f,0.08331228139630409f,-0.7222065420446754f,-2.301458542232379f,0f,0f,0f,1f],start_interpolation:0}
execute if entity @s[tag=aj.attack.bone.right_thumb] run data modify entity @s {} merge value {transformation:[-0.7021099408835931f,0.18170195436487396f,0.6884954834219483f,-2.5098230418360137f,0.1885864695995488f,0.979818076761461f,-0.0662697512855614f,-1.0821299027350324f,-0.6866416637493065f,0.08331228139630409f,-0.7222065420446754f,-2.3789108489859916f,0f,0f,0f,1f],start_interpolation:0}
execute if entity @s[tag=aj.attack.bone.right_fingers2] run data modify entity @s {} merge value {transformation:[-0.7021099408835931f,0.18170195436487396f,0.6884954834219483f,-2.766853405239801f,0.1885864695995488f,0.979818076761461f,-0.0662697512855614f,-2.1388945422388783f,-0.6866416637493065f,0.08331228139630409f,-0.7222065420446754f,-2.760794629348443f,0f,0f,0f,1f],start_interpolation:0}
execute if entity @s[tag=aj.attack.bone.right_fingers] run data modify entity @s {} merge value {transformation:[-0.7021099408835931f,0.18170195436487396f,0.6884954834219483f,-2.64278607128715f,0.1885864695995488f,0.979818076761461f,-0.0662697512855614f,-1.685744741755677f,-0.6866416637493065f,0.08331228139630409f,-0.7222065420446754f,-2.6953498130225397f,0f,0f,0f,1f],start_interpolation:0}
execute if entity @s[tag=aj.attack.locator_origin.right_hand] at @s on origin run tp @s ^-2.50973 ^-1.75311 ^-2.57092 ~43.63108 ~-3.79976
execute if entity @s[tag=aj.attack.bone.right_hand] run data modify entity @s {} merge value {transformation:[-0.7021099408835931f,0.18170195436487396f,0.6884954834219483f,-2.5384167391745196f,0.1885864695995488f,0.979818076761461f,-0.0662697512855614f,-0.9850555338623064f,-0.6866416637493065f,0.08331228139630409f,-0.7222065420446754f,-2.70064841604741f,0f,0f,0f,1f],start_interpolation:0}
execute if entity @s[tag=aj.attack.bone.right_forearm] run data modify entity @s {} merge value {transformation:[-0.8998179633358574f,0.2735212515457805f,1.1753848977370354f,-2.122462819053817f,0.26693601474716194f,1.4749487289762666f,-0.13887876345777694f,1.1348973708403012f,-1.176897912695224f,0.1254124071273973f,-0.930160701841085f,-2.482752187862246f,0f,0f,0f,1f],start_interpolation:0}
execute if entity @s[tag=aj.attack.bone.right_bicep] run data modify entity @s {} merge value {transformation:[-1.576545254814326f,-0.046238068948216464f,0.072603433436826f,-2.077219274547444f,0.02230949342274774f,1.0667511297836008f,1.1638077468607415f,2.7812673620364685f,-0.0831354561549765f,1.1631028441757827f,-1.064511356371811f,-0.9304837453187219f,0f,0f,0f,1f],start_interpolation:0}
execute if entity @s[tag=aj.attack.bone.right_shoulder] run data modify entity @s {} merge value {transformation:[-0.9985128327104593f,-0.029285112535499425f,0.0459837481760385f,-1.7728471867236975f,0.014129829388568202f,0.6756321704972265f,0.7371034649970496f,2.940121960656789f,-0.05265425751051993f,0.7366570113512733f,-0.6742135987897501f,-0.7360521219468901f,0f,0f,0f,1f],start_interpolation:0}
execute if entity @s[tag=aj.attack.bone.right_arm] run data modify entity @s {} merge value {transformation:[-1.4605434425212027f,0.000012047658405621891f,0.07974330043791801f,-1.408620744138808f,0.020667966380959753f,1.4127929354751694f,0.3783319947330566f,3.0925739564343706f,-0.07701836972796584f,0.3788961109959721f,-1.4106920462659944f,-0.5858274462839186f,0f,0f,0f,1f],start_interpolation:0}
execute if entity @s[tag=aj.attack.bone.left_thumb_2] run data modify entity @s {} merge value {transformation:[-0.6625988005149712f,0.05992884667945459f,0.7465730794046834f,1.6676354818341124f,-0.7316996125379578f,0.16105636953048497f,-0.6623265983225057f,-0.2371633509294374f,-0.15993281892070682f,-0.9851240425293303f,-0.06286584337099173f,1.9693383439883285f,0f,0f,0f,1f],start_interpolation:0}
execute if entity @s[tag=aj.attack.bone.left_thumb] run data modify entity @s {} merge value {transformation:[-0.6625988005149712f,0.05992884667945459f,0.7465730794046834f,1.7825966584812836f,-0.7316996125379578f,0.16105636953048497f,-0.6623265983225057f,-0.08301848010657162f,-0.15993281892070682f,-0.9851240425293303f,-0.06286584337099173f,1.7105757567514466f,0f,0f,0f,1f],start_interpolation:0}
execute if entity @s[tag=aj.attack.bone.left_fingers2] run data modify entity @s {} merge value {transformation:[-0.6625988005149712f,0.05992884667945459f,0.7465730794046834f,2.0031790868260524f,-0.7316996125379578f,0.16105636953048497f,-0.6623265983225057f,-0.19618482643775606f,-0.15993281892070682f,-0.9851240425293303f,-0.06286584337099173f,2.8362702548656853f,0f,0f,0f,1f],start_interpolation:0}
execute if entity @s[tag=aj.attack.bone.left_fingers] run data modify entity @s {} merge value {transformation:[-0.6625988005149712f,0.05992884667945459f,0.7465730794046834f,2.0066621729856764f,-0.7316996125379578f,0.16105636953048497f,-0.6623265983225057f,-0.15963613664210752f,-0.15993281892070682f,-0.9851240425293303f,-0.06286584337099173f,2.3633299516549724f,0f,0f,0f,1f],start_interpolation:0}
execute if entity @s[tag=aj.attack.bone.left_hand] run data modify entity @s {} merge value {transformation:[-0.6625988005149712f,0.05992884667945459f,0.7465730794046834f,2.1121659299742612f,-0.7316996125379578f,0.16105636953048497f,-0.6623265983225057f,-0.019721848734328418f,-0.15993281892070682f,-0.9851240425293303f,-0.06286584337099173f,1.6769049025502334f,0f,0f,0f,1f],start_interpolation:0}
execute if entity @s[tag=aj.attack.bone.left_forearm] run data modify entity @s {} merge value {transformation:[-1.3369336808166423f,0.09021264083127783f,0.6859197566404347f,2.2015359307578946f,-0.6652011108839215f,0.2424428505316837f,-1.3284369937344525f,0.3156843968593508f,-0.19008344271456956f,-1.482935954003975f,-0.1754569495501912f,-0.46650649087259866f,0f,0f,0f,1f],start_interpolation:0}
execute if entity @s[tag=aj.attack.bone.left_bicep] run data modify entity @s {} merge value {transformation:[-1.5765452548143264f,0.01588364288161558f,0.08459862561345162f,2.0511971707172956f,0.022309493422747746f,1.574153340927462f,0.12019860146680264f,2.614094292528678f,-0.08313545615497651f,0.12121521018487809f,-1.5720367447340997f,-0.40721506805655844f,0f,0f,0f,1f],start_interpolation:0}
execute if entity @s[tag=aj.attack.bone.left_shoulder] run data modify entity @s {} merge value {transformation:[-0.9985128327104593f,0.010059984766724105f,0.053580963214816035f,1.8045865149853821f,0.014129829388568202f,0.9969979020711522f,0.07612838621152535f,2.858536137275971f,-0.05265425751051993f,0.07677226043444654f,-0.9956573452718568f,-0.4017962091332075f,0f,0f,0f,1f],start_interpolation:0}
execute if entity @s[tag=aj.attack.bone.left_arm] run data modify entity @s {} merge value {transformation:[-1.4605434425212027f,0.000012047658405621891f,0.07974330043791801f,1.4391223622787317f,0.020667966380959753f,1.4127929354751694f,0.3783319947330566f,2.9919091577051553f,-0.07701836972796584f,0.3788961109959721f,-1.4106920462659944f,-0.45184801363402294f,0f,0f,0f,1f],start_interpolation:0}
execute if entity @s[tag=aj.attack.bone.chest] run data modify entity @s {} merge value {transformation:[-2.0623895635911866f,0.00001701213687870535f,0.11260312141457655f,0.00012554771371164506f,0.029184615071198818f,1.9949625056065714f,0.5342312558421312f,3.779796637155854f,-0.10875532853550039f,0.5350278274876008f,-1.9919959030029648f,-0.03408500120756636f,0f,0f,0f,1f],start_interpolation:0}
execute if entity @s[tag=aj.attack.bone.weist] run data modify entity @s {} merge value {transformation:[-2.0861662343730902f,0.00001720826470295468f,0.11390128903244753f,-0.007420338013196789f,0.02952107574608518f,2.017961830057891f,0.5403902477783799f,0.2408098151821001f,-0.11000913610319567f,0.5411960028594636f,-2.0149610263825317f,-0.8406791548125288f,0f,0f,0f,1f],start_interpolation:0}
execute if entity @s[tag=aj.attack.bone.right_foot] run data modify entity @s {} merge value {transformation:[-1.1311353071510626f,0.021760522245941997f,0.05779748253907936f,-1.039119236191633f,0.016006553327957834f,1.127240976034249f,-0.1111428117329818f,-7.178375716323652f,-0.059647795993067194f,-0.11016085521153891f,-1.1258720525940027f,1.1547010581001467f,0f,0f,0f,1f],start_interpolation:0}
execute if entity @s[tag=aj.attack.bone.right_knee] run data modify entity @s {} merge value {transformation:[-3.1157061891719726f,0.0599392428232649f,0.15920285833807762f,-1.0026358311590355f,0.04408996603318749f,3.1049792748173126f,-0.3061422839594733f,-3.2093665638355615f,-0.16429953690875915f,-0.3034374899423339f,-3.101208582479876f,0.8775705537570908f,0f,0f,0f,1f],start_interpolation:0}
execute if entity @s[tag=aj.attack.bone.right_thigh] run data modify entity @s {} merge value {transformation:[-2.379183153508084f,0.11832655012616805f,0.05359773915953543f,-0.7614441882598639f,0.033667521279591814f,1.5112419007513571f,-1.841847111860471f,-1.301690803609244f,-0.12546070348384944f,-1.8383506501734401f,-1.5106663651953973f,-1.6803601611471524f,0f,0f,0f,1f],start_interpolation:0}
execute if entity @s[tag=aj.attack.bone.right_leg] run data modify entity @s {} merge value {transformation:[-1.1352025827563028f,0.00000936400283624505f,0.06198021775947428f,-0.7347463735950137f,0.016064108833000596f,1.098088658344025f,0.2940572974802665f,-1.4111616989938311f,-0.05986227433532669f,0.2944957549886108f,-1.0964557491220828f,-1.705617674705495f,0f,0f,0f,1f],start_interpolation:0}
execute if entity @s[tag=aj.attack.bone.left_foot] run data modify entity @s {} merge value {transformation:[-1.1311353071510626f,-0.030870995148550937f,0.05348879298329197f,0.9811371702309877f,0.016006553327957834f,0.8010636034981141f,0.800825852355664f,-6.879527078071552f,-0.059647795993067194f,0.8003906778624765f,-0.7994360860156459f,-5.919641730468742f,0f,0f,0f,1f],start_interpolation:0}
execute if entity @s[tag=aj.attack.bone.left_knee] run data modify entity @s {} merge value {transformation:[-3.1157061891719726f,-0.09448807130141787f,0.1414576520198837f,0.8898160265836754f,0.04408996603318749f,2.0575302593608384f,2.3454612823253953f,-4.341808719707414f,-0.16429953690875915f,2.343971961516186f,-2.053135267335133f,-2.856504124980047f,0f,0f,0f,1f],start_interpolation:0}
execute if entity @s[tag=aj.attack.bone.left_thigh] run data modify entity @s {} merge value {transformation:[-2.379183153508084f,-0.025322894316697875f,0.12740738256160633f,0.7868893921466436f,0.033667521279591814f,2.1369456315724134f,1.0534306971789422f,-1.3656422028444395f,-0.12546070348384944f,1.0536643140827393f,-2.1334098277532925f,-1.6099873468219956f,0f,0f,0f,1f],start_interpolation:0}
execute if entity @s[tag=aj.attack.bone.left_leg] run data modify entity @s {} merge value {transformation:[-1.1352025827563028f,0.00000936400283624505f,0.06198021775947428f,0.7599175005609458f,0.016064108833000596f,1.098088658344025f,0.2940572974802665f,-1.432312499307285f,-0.05986227433532669f,0.2944957549886108f,-1.0964557491220828f,-1.6268000431805727f,0f,0f,0f,1f],start_interpolation:0}