# This file was generated by Animated Java via MC-Build. It is not recommended to edit this file directly.
$data merge entity $(bone_neck) { transformation: [-1f,-9.242526717056603e-17f,8.034405899049454e-17f,1.2133036080238016e-16f,0f,0.6560590289905073f,0.754709580222772f,2.651054359224746f,-1.2246467991473532e-16f,0.754709580222772f,-0.6560590289905073f,-0.9907375815366118f,0f,0f,0f,1f], start_interpolation: 0, interpolation_duration: 1 }
$data merge entity $(bone_left_fingers_2) { transformation: [-0.938696283369651f,0.29774385181891466f,0.1737753903521445f,2.8365823176981118f,0.31317871086509835f,0.9471982202292365f,0.06880862340900012f,2.7377230511508452f,-0.14411239588903962f,0.11901315178837413f,-0.9823784846241892f,3.4030234401486696f,0f,0f,0f,1f], start_interpolation: 0, interpolation_duration: 1 }
$data merge entity $(bone_left_fingers) { transformation: [-0.938696283369651f,0.29774385181891466f,0.1737753903521445f,2.951362212483914f,0.31317871086509835f,0.9471982202292365f,0.06880862340900012f,2.7785517084408324f,-0.14411239588903962f,0.11901315178837413f,-0.9823784846241892f,2.8395271920737484f,0f,0f,0f,1f], start_interpolation: 0, interpolation_duration: 1 }
$data merge entity $(bone_left_index_finger_2) { transformation: [-0.938696283369651f,0.29774385181891466f,0.1737753903521445f,2.4930016600589884f,0.31317871086509835f,0.9471982202292365f,0.06880862340900012f,3.0974248479289987f,-0.14411239588903962f,0.11901315178837407f,-0.9823784846241892f,3.32179400423931f,0f,0f,0f,1f], start_interpolation: 0, interpolation_duration: 1 }
$data merge entity $(bone_left_index_finger) { transformation: [-0.938696283369651f,0.34222211641874156f,0.04163304723271295f,2.5189752369567686f,0.31317871086509835f,0.8969863656841272f,-0.31198486315469875f,2.9228096521330684f,-0.14411239588903962f,-0.27982044744917833f,-0.949174448950488f,2.773145419717359f,0f,0f,0f,1f], start_interpolation: 0, interpolation_duration: 1 }
$data merge entity $(bone_left_thumb) { transformation: [-0.6123044323144828f,0.6520020943167176f,0.4471873781477436f,2.3285197157162587f,0.7319139456949466f,0.6813407305824921f,0.008762702013103758f,2.8106683835871853f,-0.29897367487003623f,0.3326681196867677f,-0.8943973747047654f,1.9495712764239217f,0f,0f,0f,1f], start_interpolation: 0, interpolation_duration: 1 }
$data merge entity $(bone_left_hand) { transformation: [-0.938696283369651f,0.29774385181891466f,0.1737753903521445f,2.931195130398185f,0.31317871086509835f,0.9471982202292365f,0.06880862340900012f,2.7537844506330402f,-0.14411239588903962f,0.11901315178837413f,-0.9823784846241892f,2.1060662554239356f,0f,0f,0f,1f], start_interpolation: 0, interpolation_duration: 1 }
$data merge entity $(bone_left_forearm) { transformation: [-0.6459971024634241f,-1.466059225787617f,1.1994484246696768f,3.427929277373566f,-1.8120667736209028f,0.8474366507918423f,0.05986287818449905f,3.027361913306236f,-0.5517428612122562f,-1.0666957873397716f,-1.6009554477634889f,-0.06636447647619592f,0f,0f,0f,1f], start_interpolation: 0, interpolation_duration: 1 }
$data merge entity $(bone_left_bicep) { transformation: [-0.416440897853399f,-0.8282831823409621f,0.8972288292054015f,1.8657297490099025f,-1.1681456639656163f,0.5463527685249775f,-0.037815123886267614f,2.8919067237666427f,-0.3556800667235882f,-0.8245854993191023f,-0.9263077609300712f,-1.0698654601508744f,0f,0f,0f,1f], start_interpolation: 0, interpolation_duration: 1 }
$data merge entity $(bone_left_shoulder) { transformation: [-0.7545646742865795f,-0.5230514307314702f,0.8226710539494678f,1.3743293750000003f,-0.5444738451254286f,1.089050651161399f,0.19301611605521718f,2.7309575028745403f,-0.8086523939066135f,-0.24520234479399358f,-0.897605384238758f,-1.5367446417941757f,0f,0f,0f,1f], start_interpolation: 0, interpolation_duration: 1 }
$data merge entity $(bone_right_fingers_2) { transformation: [-0.938696283369651f,-0.29774385181891455f,-0.1737753903521444f,-2.836582226521461f,-0.31317871086509835f,0.9471982202292365f,0.06880862340900012f,2.737722822944982f,0.14411239588903935f,0.11901315178837407f,-0.9823784846241892f,3.4030246419706067f,0f,0f,0f,1f], start_interpolation: 0, interpolation_duration: 1 }
$data merge entity $(bone_right_fingers) { transformation: [-0.938696283369651f,-0.29774385181891455f,-0.1737753903521444f,-2.9513627729649774f,-0.31317871086509835f,0.9471982202292365f,0.06880862340900012f,2.778551738267307f,0.14411239588903935f,0.11901315178837407f,-0.9823784846241892f,2.8395247099763683f,0f,0f,0f,1f], start_interpolation: 0, interpolation_duration: 1 }
$data merge entity $(bone_right_index_finger_2) { transformation: [-0.938696283369651f,-0.29774385181891455f,-0.1737753903521444f,-2.493001677491957f,-0.31317871086509835f,0.9471982202292365f,0.06880862340900012f,3.097424662728525f,0.14411239588903935f,0.11901315178837407f,-0.9823784846241892f,3.3217945920746947f,0f,0f,0f,1f], start_interpolation: 0, interpolation_duration: 1 }
$data merge entity $(bone_right_index_finger) { transformation: [-0.938696283369651f,-0.3422221164187414f,-0.0416330472327129f,-2.518975254389737f,-0.31317871086509835f,0.8969863656841272f,-0.31198486315469875f,2.922809466932595f,0.14411239588903935f,-0.27982044744917833f,-0.949174448950488f,2.7731460075527443f,0f,0f,0f,1f], start_interpolation: 0, interpolation_duration: 1 }
$data merge entity $(bone_right_thumb) { transformation: [-0.6123044323144828f,-0.6520020943167177f,-0.44718737814774356f,-2.328519733149227f,-0.7319139456949466f,0.6813407305824921f,0.008762702013103758f,2.8106681983867117f,0.298973674870036f,0.3326681196867675f,-0.8943973747047654f,1.9495718642593067f,0f,0f,0f,1f], start_interpolation: 0, interpolation_duration: 1 }
$data merge entity $(bone_right_hand) { transformation: [-0.938696283369651f,-0.29774385181891455f,-0.1737753903521444f,-2.9311951478311533f,-0.31317871086509835f,0.9471982202292365f,0.06880862340900012f,2.7537842654325666f,0.14411239588903935f,0.11901315178837407f,-0.9823784846241892f,2.1060668432593204f,0f,0f,0f,1f], start_interpolation: 0, interpolation_duration: 1 }
$data merge entity $(bone_right_forearm) { transformation: [-0.6459977749301621f,1.4660607519184026f,-1.1994496732653228f,-3.4279334568961826f,1.8120686599368443f,0.8474375329520843f,0.0598629405002498f,3.027360498339025f,0.5517434355626993f,-1.0666968977432605f,-1.6009571143178494f,-0.06636472286711714f,0f,0f,0f,1f], start_interpolation: 0, interpolation_duration: 1 }
$data merge entity $(bone_right_bicep) { transformation: [-0.4164408978533989f,0.828283182340962f,-0.897228829205401f,-1.865729749009902f,1.168145663965616f,0.5463527685249774f,-0.037815123886267614f,2.8919067237666427f,0.355680066723588f,-0.8245854993191021f,-0.9263077609300714f,-1.0698654601508748f,0f,0f,0f,1f], start_interpolation: 0, interpolation_duration: 1 }
$data merge entity $(bone_right_shoulder) { transformation: [-0.7545646742865795f,0.5230514307314702f,-0.8226710539494675f,-1.3743293749999999f,0.5444738451254286f,1.089050651161399f,0.19301611605521718f,2.7309575028745403f,0.8086523939066133f,-0.24520234479399344f,-0.8976053842387582f,-1.5367446417941761f,0f,0f,0f,1f], start_interpolation: 0, interpolation_duration: 1 }
$data merge entity $(bone_chest) { transformation: [-4.0674850000000005f,-2.833330632376442e-16f,4.096939663398055e-16f,1.510853723756618e-16f,0f,3.3454051129276645f,2.3135900362040034f,2.3224251979728f,-4.981232485829872e-16f,2.3135900362040034f,-3.3454051129276645f,-1.2337056895167922f,0f,0f,0f,1f], start_interpolation: 0, interpolation_duration: 1 }
$data merge entity $(bone_weist) { transformation: [-1.0999999999999999f,-9.357822648718801e-17f,9.690309023824277e-17f,3.726037015000147e-16f,0f,0.7912737803725161f,0.7641242075048968f,4.079550411831632f,-1.3471114790620883e-16f,0.7641242075048968f,-0.7912737803725161f,-3.04254011654165f,0f,0f,0f,1f], start_interpolation: 0, interpolation_duration: 1 }
$data merge entity $(bone_right_fingers2) { transformation: [-0.9999976794084763f,0.00037709127153325375f,-0.0021210798747872185f,0.7513768227553277f,-0.0016090504249129081f,-0.7854175168594031f,0.6189642438518879f,5.394988424621866f,-0.0014325272745681033f,0.6189662204131837f,0.7854163009850412f,-7.492891089397933f,0f,0f,0f,1f], start_interpolation: 0, interpolation_duration: 1 }
$data merge entity $(bone_left_foot) { transformation: [-0.9999976794084763f,-0.0019843380092105993f,-0.0008387969524837606f,0.7544353122850807f,-0.0016090504249129081f,0.4290490776500172f,0.9032797462161983f,5.632585193277174f,-0.0014325272745681033f,0.9032789997394682f,-0.4290512749022812f,-6.525745534276191f,0f,0f,0f,1f], start_interpolation: 0, interpolation_duration: 1 }
$data merge entity $(bone_left_knee) { transformation: [-1.5850104884962264f,-0.0032757504254805146f,-0.0009640280758907228f,0.7729088058232785f,-0.002550367718367979f,0.8381146237910487f,1.3452982128681052f,3.6316801842209614f,-0.0022705760243268334f,1.3452966421502603f,-0.8381179497169707f,-5.966083320159759f,0f,0f,0f,1f], start_interpolation: 0, interpolation_duration: 1 }
$data merge entity $(bone_left_thigh) { transformation: [-1.603649611909001f,-0.001923073504453381f,-0.002870108624775167f,0.7385400000000004f,-0.0025803590774130013f,-0.2191671815121417f,1.588604136280076f,4.38199059281234f,-0.0022972771389520538f,1.5886050679282848f,0.2191635785923984f,-3.997838920479408f,0f,0f,0f,1f], start_interpolation: 0, interpolation_duration: 1 }
$data merge entity $(bone_left_leg) { transformation: [-1f,-8.507111498835274e-17f,8.809371839840253e-17f,0.5257450000000005f,0f,0.7193398003386511f,0.6946583704589973f,4.634821977298628f,-1.2246467991473532e-16f,0.6946583704589973f,-0.7193398003386511f,-3.922369284957253f,0f,0f,0f,1f], start_interpolation: 0, interpolation_duration: 1 }
$data merge entity $(bone_left_fingers2) { transformation: [-0.9990985863521417f,-0.019286692178449066f,0.03781584659856176f,-0.8366740892580984f,0.031756344532668616f,-0.9307334678277421f,0.36431682152663114f,4.4745327812179605f,0.028170007651306225f,0.3651893144249412f,0.9305069668190381f,-7.224316116850077f,0f,0f,0f,1f], start_interpolation: 0, interpolation_duration: 1 }
$data merge entity $(bone_right_foot) { transformation: [-0.9990985863521417f,0.042409016749693426f,0.0018681668759577231f,-0.8004987000257998f,0.031756344532668616f,0.7174830777402487f,0.6958516851587717f,5.035209448380551f,0.028170007651306225f,0.6952837611038418f,-0.7181830840490612f,-6.402023517017918f,0f,0f,0f,1f], start_interpolation: 0, interpolation_duration: 1 }
$data merge entity $(bone_right_knee) { transformation: [-1.5835854132647844f,0.06608001746275924f,0.01267196595446059f,-0.8555319187263589f,0.0503342559658273f,0.9653632656957871f,1.2561091260139616f,3.1158340516806358f,0.04464986120242876f,1.2553792674213293f,-0.9665915338742199f,-5.620186300229944f,0f,0f,0f,1f], start_interpolation: 0, interpolation_duration: 1 }
$data merge entity $(bone_right_thigh) { transformation: [-1.602207778332233f,0.052511717933231214f,0.043321680975023376f,-0.7385399999999995f,0.050926167764295795f,0.2473370114249236f,1.583646091059281f,4.3823735889076385f,0.04517492667004273f,1.5835943090861997f,-0.24878163867389477f,-3.9757451527830137f,0f,0f,0f,1f], start_interpolation: 0, interpolation_duration: 1 }
$data merge entity $(bone_right_leg) { transformation: [-1f,-8.507111498835274e-17f,8.809371839840253e-17f,-0.5257449999999996f,0f,0.7193398003386511f,0.6946583704589973f,4.634821977298628f,-1.2246467991473532e-16f,0.6946583704589973f,-0.7193398003386511f,-3.922369284957253f,0f,0f,0f,1f], start_interpolation: 0, interpolation_duration: 1 }