# This file was generated by Animated Java via MC-Build. It is not recommended to edit this file directly.
$data merge entity $(bone_neck) { transformation: [-1f,-6.580022455450643e-17f,1.0328566345430089e-16f,1.486198668884053e-16f,0f,0.8433914458128857f,0.5372996083468239f,2.385816903214435f,-1.2246467991473532e-16f,0.5372996083468239f,-0.8433914458128857f,-1.2135733093972911f,0f,0f,0f,1f], start_interpolation: 0, interpolation_duration: 1 }
$data merge entity $(bone_left_fingers_2) { transformation: [-0.9588385303588219f,-0.24009128085918677f,0.1516075511138213f,3.233447393648867f,-0.21410276871283163f,0.9620120625930386f,0.1693894797647941f,-0.22140208709546716f,-0.18651723011248741f,0.12995756338467926f,-0.9738184402599301f,0.895275092551948f,0f,0f,0f,1f], start_interpolation: 0, interpolation_duration: 1 }
$data merge entity $(bone_left_fingers) { transformation: [-0.9588385303588219f,-0.24009128085918677f,0.1516075511138213f,3.3326173935606564f,-0.21410276871283163f,0.9620120625930386f,0.1693894797647941f,-0.11527067291778352f,-0.18651723011248741f,0.12995756338467926f,-0.9738184402599301f,0.33735855834651973f,0f,0f,0f,1f], start_interpolation: 0, interpolation_duration: 1 }
$data merge entity $(bone_left_index_finger_2) { transformation: [-0.9588385303588219f,-0.24009128085918677f,0.1516075511138213f,2.7785846897796382f,-0.21410276871283163f,0.9620120625930386f,0.16938947976479407f,-0.20303040285741455f,-0.18651723011248741f,0.12995756338467923f,-0.97381844025993f,0.8166306586868946f,0f,0f,0f,1f], start_interpolation: 0, interpolation_duration: 1 }
$data merge entity $(bone_left_index_finger) { transformation: [-0.9588385303588219f,-0.20447343334368132f,0.1970261093255966f,2.8909523955141236f,-0.21410276871283163f,0.9763910209024506f,-0.02864574541830406f,-0.21389176075613164f,-0.18651723011248741f,-0.06965047995324694f,-0.9799796597447563f,0.25144405922595514f,0f,0f,0f,1f], start_interpolation: 0, interpolation_duration: 1 }
$data merge entity $(bone_left_thumb) { transformation: [-0.9631360936063897f,-0.0012203445616267693f,0.26901185095042734f,2.8185265841912974f,0.05618763748545129f,0.977021945532545f,0.20559928828088062f,-0.3909581308650606f,-0.2630813839602254f,0.21313523572359416f,-0.9409365317100942f,-0.5795344853913367f,0f,0f,0f,1f], start_interpolation: 0, interpolation_duration: 1 }
$data merge entity $(bone_left_hand) { transformation: [-0.9588385303588219f,-0.24009128085918677f,0.1516075511138213f,3.3570341983981056f,-0.21410276871283163f,0.9620120625930386f,0.1693894797647941f,-0.1314453005502343f,-0.18651723011248741f,0.12995756338467926f,-0.9738184402599301f,-0.3962130297843678f,0f,0f,0f,1f], start_interpolation: 0, interpolation_duration: 1 }
$data merge entity $(bone_left_forearm) { transformation: [-1.8477581754344905f,-0.6971913392292027f,0.3240870175886255f,3.2755861673851863f,-0.66151038291881f,1.8715902028740308f,0.25470092097841074f,0.9453555538441432f,-0.3918062936660266f,0.12803430149937137f,-1.958421170033136f,-2.3581418929131672f,0f,0f,0f,1f], start_interpolation: 0, interpolation_duration: 1 }
$data merge entity $(bone_left_bicep) { transformation: [-1.1911540634773436f,-0.4810498568709912f,0.11932583868099622f,1.8161763485836617f,-0.4264415068605552f,1.153020810141248f,0.39139018398374686f,1.9551653217886327f,-0.25257723927350106f,0.3219156257417942f,-1.2235484018277978f,-1.7957924353883061f,0f,0f,0f,1f], start_interpolation: 0, interpolation_duration: 1 }
$data merge entity $(bone_left_shoulder) { transformation: [-1.1524032570879867f,-0.238940878699337f,0.36689548841211744f,1.3743293750000003f,0.00863860828208885f,1.0204138608014557f,0.6916785648037638f,2.0415868595477846f,-0.4377561163224634f,0.6491541566133845f,-0.9522115171807249f,-1.9023780548736209f,0f,0f,0f,1f], start_interpolation: 0, interpolation_duration: 1 }
$data merge entity $(bone_right_fingers_2) { transformation: [-0.9588385303588218f,0.2400912808591867f,-0.15160755111382107f,-3.233447158432151f,0.21410276871283163f,0.9620120625930386f,0.1693894797647941f,-0.22140151306842168f,0.18651723011248722f,0.12995756338467923f,-0.9738184402599301f,0.8952752156982837f,0f,0f,0f,1f], start_interpolation: 0, interpolation_duration: 1 }
$data merge entity $(bone_right_fingers) { transformation: [-0.9588385303588218f,0.2400912808591867f,-0.15160755111382107f,-3.332617726872257f,0.21410276871283163f,0.9620120625930386f,0.1693894797647941f,-0.1152694636801889f,0.18651723011248722f,0.12995756338467923f,-0.9738184402599301f,0.33735502967370434f,0f,0f,0f,1f], start_interpolation: 0, interpolation_duration: 1 }
$data merge entity $(bone_right_index_finger_2) { transformation: [-0.9588385303588218f,0.2400912808591867f,-0.15160755111382107f,-2.778584549317642f,0.21410276871283163f,0.9620120625930386f,0.16938947976479407f,-0.2030297229619442f,0.18651723011248722f,0.12995756338467923f,-0.97381844025993f,0.8166301731967051f,0f,0f,0f,1f], start_interpolation: 0, interpolation_duration: 1 }
$data merge entity $(bone_right_index_finger) { transformation: [-0.9588385303588218f,0.20447343334368132f,-0.1970261093255964f,-2.8909522550521274f,0.21410276871283163f,0.9763910209024506f,-0.02864574541830406f,-0.21389108086066128f,0.18651723011248722f,-0.06965047995324697f,-0.9799796597447563f,0.25144357373576565f,0f,0f,0f,1f], start_interpolation: 0, interpolation_duration: 1 }
$data merge entity $(bone_right_thumb) { transformation: [-0.9631360936063897f,0.001220344561626732f,-0.2690118509504271f,-2.8185264437293007f,-0.05618763748545129f,0.977021945532545f,0.20559928828088062f,-0.3909574509695902f,0.26308138396022523f,0.21313523572359408f,-0.9409365317100942f,-0.5795349708815261f,0f,0f,0f,1f], start_interpolation: 0, interpolation_duration: 1 }
$data merge entity $(bone_right_hand) { transformation: [-0.9588385303588218f,0.2400912808591867f,-0.15160755111382107f,-3.357034057936109f,0.21410276871283163f,0.9620120625930386f,0.1693894797647941f,-0.13144462065476392f,0.18651723011248722f,0.12995756338467923f,-0.9738184402599301f,-0.3962135152745574f,0f,0f,0f,1f], start_interpolation: 0, interpolation_duration: 1 }
$data merge entity $(bone_right_forearm) { transformation: [-1.8477600989042833f,0.6971920649878538f,-0.32408735495506025f,-3.2755876216108186f,0.661511071534483f,1.8715921511523652f,0.2547011861156642f,0.945353709027992f,0.39180670152652475f,0.12803443477985935f,-1.9584232087003235f,-2.358145636324871f,0f,0f,0f,1f], start_interpolation: 0, interpolation_duration: 1 }
$data merge entity $(bone_right_bicep) { transformation: [-1.1911540634773434f,0.48104985687099105f,-0.11932583868099587f,-1.816176348583661f,0.42644150686055515f,1.153020810141248f,0.39139018398374675f,1.9551653217886327f,0.25257723927350073f,0.3219156257417941f,-1.2235484018277976f,-1.7957924353883068f,0f,0f,0f,1f], start_interpolation: 0, interpolation_duration: 1 }
$data merge entity $(bone_right_shoulder) { transformation: [-1.1524032570879867f,0.2389408786993368f,-0.36689548841211717f,-1.3743293749999999f,-0.00863860828208885f,1.0204138608014557f,0.6916785648037638f,2.0415868595477846f,0.43775611632246314f,0.6491541566133845f,-0.952211517180725f,-1.9023780548736213f,0f,0f,0f,1f], start_interpolation: 0, interpolation_duration: 1 }
$data merge entity $(bone_chest) { transformation: [-4.0674850000000005f,-1.9329764270285214e-16f,4.590890895070249e-16f,1.6571922956903752e-16f,0f,3.748746902589878f,1.578395034694359f,2.001714107012836f,-4.981232485829872e-16f,1.578395034694359f,-3.748746902589878f,-1.3532002017595413f,0f,0f,0f,1f], start_interpolation: 0, interpolation_duration: 1 }
$data merge entity $(bone_weist) { transformation: [-1.0999999999999999f,-6.220268573299147e-17f,1.1949024754268097e-16f,4.4315474250628106e-16f,0f,0.9757119164960439f,0.5079234745585374f,3.288066623375347f,-1.3471114790620883e-16f,0.5079234745585374f,-0.9757119164960439f,-3.6186330851868687f,0f,0f,0f,1f], start_interpolation: 0, interpolation_duration: 1 }
$data merge entity $(bone_right_fingers2) { transformation: [-0.9998694971367363f,-0.012955080302297473f,-0.009651662545442377f,0.7999369773722023f,-0.014601606505928073f,0.4690769855879617f,0.8830365647464193f,0.5936692771631177f,-0.006912436833426425f,0.8830622557249701f,-0.4692049346830782f,-6.4021450490880945f,0f,0f,0f,1f], start_interpolation: 0, interpolation_duration: 1 }
$data merge entity $(bone_left_foot) { transformation: [-0.9998694971367363f,-0.0161307843395793f,0.0008868439096337121f,0.7888487511694154f,-0.014601606505928073f,0.9258442383284344f,0.37762314473756403f,1.4212814503165387f,-0.006912436833426425f,0.3775609144901406f,-0.9259589483699551f,-5.848279320130851f,0f,0f,0f,1f], start_interpolation: 0, interpolation_duration: 1 }
$data merge entity $(bone_left_knee) { transformation: [-1.5848073177796032f,-0.020240893297317434f,0.01568375863032703f,0.7926148432644678f,-0.02314375316798816f,1.5476684889154084f,-0.3412572689945573f,1.2815712300776214f,-0.010956310307169356f,-0.341441742015898f,-1.547762063305478f,-3.7752017070033106f,0f,0f,0f,1f], start_interpolation: 0, interpolation_duration: 1 }
$data merge entity $(bone_left_thigh) { transformation: [-1.6034440519816509f,-0.024768837147956243f,0.007595418494970271f,0.7385400000000004f,-0.02341591494525324f,1.586737176792219f,0.23112948800152314f,3.2548179953186063f,-0.011085152369380397f,0.2309884196294429f,-1.5868917678610446f,-4.511072657455398f,0f,0f,0f,1f], start_interpolation: 0, interpolation_duration: 1 }
$data merge entity $(bone_left_leg) { transformation: [-1f,-5.654789612090135e-17f,1.0862749776607362e-16f,0.5257450000000005f,0f,0.8870108331782218f,0.461748613235034f,3.5849464038647096f,-1.2246467991473532e-16f,0.461748613235034f,-0.8870108331782218f,-4.574664654367362f,0f,0f,0f,1f], start_interpolation: 0, interpolation_duration: 1 }
$data merge entity $(bone_left_fingers2) { transformation: [-0.9998694971367363f,0.015368656145976527f,0.004979267395592011f,-0.798113266604264f,0.01460160650592807f,0.7278434495745968f,0.6855878543256126f,0.3191943895462699f,0.00691243683342618f,0.6855710884508026f,-0.7279728709899882f,-5.523451377106438f,0f,0f,0f,1f], start_interpolation: 0, interpolation_duration: 1 }
$data merge entity $(bone_right_foot) { transformation: [-0.9998694971367363f,0.012275624148426229f,-0.010502273434673207f,-0.7888595241566457f,0.01460160650592807f,0.9648568985319916f,-0.26236988859751387f,1.3130818556097468f,0.00691243683342618f,-0.2624889986399286f,-0.9649102257775236f,-5.586174392643196f,0f,0f,0f,1f], start_interpolation: 0, interpolation_duration: 1 }
$data merge entity $(bone_right_knee) { transformation: [-1.5848073177796032f,0.018456226466036982f,-0.01774941550818208f,-0.7889637125927401f,0.023143753167988158f,1.502544391381483f,-0.5040779970911002f,1.4254963391999735f,0.010956310307168968f,-0.5042713834501324f,-1.5026177955926685f,-3.5159901073207074f,0f,0f,0f,1f], start_interpolation: 0, interpolation_duration: 1 }
$data merge entity $(bone_right_thigh) { transformation: [-1.6034440519816509f,0.023565535258079726f,-0.010763420635462772f,-0.7385399999999995f,0.023415914945253233f,1.6033308722600417f,0.022041381450386813f,3.2614601885812564f,0.011085152369380003f,0.021881341754220462f,-1.6034657276633928f,-4.489997493738528f,0f,0f,0f,1f], start_interpolation: 0, interpolation_duration: 1 }
$data merge entity $(bone_right_leg) { transformation: [-1f,-5.654789612090135e-17f,1.0862749776607362e-16f,-0.5257449999999996f,0f,0.8870108331782218f,0.461748613235034f,3.5849464038647096f,-1.2246467991473532e-16f,0.461748613235034f,-0.8870108331782218f,-4.574664654367362f,0f,0f,0f,1f], start_interpolation: 0, interpolation_duration: 1 }