# This file was generated by Animated Java via MC-Build. It is not recommended to edit this file directly.
$data merge entity $(bone_right_thumb_2) { transformation: [-0.9754826602281502f,0.17594940158520272f,-0.1321945069812666f,-2.223047944291046f,0.20779757423320533f,0.5385445249788813f,-0.816572080564886f,-1.5403054987211495f,-0.07248274095953196f,-0.824021603295132f,-0.561902704714894f,0.7229946988580573f,0f,0f,0f,1f], start_interpolation: 0, interpolation_duration: 1 }
$data merge entity $(bone_right_thumb) { transformation: [-0.9754826602281502f,0.17594940158520272f,-0.1321945069812666f,-2.376462790714832f,0.20779757423320533f,0.5385445249788813f,-0.816572080564886f,-1.2953649935117029f,-0.07248274095953196f,-0.824021603295132f,-0.561902704714894f,0.47825975308720825f,0f,0f,0f,1f], start_interpolation: 0, interpolation_duration: 1 }
$data merge entity $(bone_right_fingers_2) { transformation: [0.983738346004202f,-0.16780118409097522f,-0.06404396317049081f,-2.255677826049949f,-0.17334329296853604f,-0.793666939425164f,-0.5831336828260885f,-2.071909400270774f,0.04702094622336743f,0.5847525561134036f,-0.8098478120826775f,0.7590677932769294f,0f,0f,0f,1f], start_interpolation: 0, interpolation_duration: 1 }
$data merge entity $(bone_right_fingers) { transformation: [-0.29476924214421785f,-0.9534198784728268f,-0.06404396317049081f,-2.690145913432626f,-0.7642511687572905f,0.2754546405613787f,-0.5831336828260885f,-1.9912335371383356f,0.5736124518687148f,-0.12294420005051629f,-0.8098478120826775f,0.7249104434838074f,0f,0f,0f,1f], start_interpolation: 0, interpolation_duration: 1 }
$data merge entity $(bone_right_hand) { transformation: [-0.9901214299266028f,0.12473141056492587f,-0.06404396317049081f,-2.5575121570488464f,0.1385590428935115f,0.8004726726042038f,-0.5831336828260885f,-1.3567418758944498f,-0.021469644443570093f,-0.5862470261181432f,-0.8098478120826775f,0.2681799071607245f,0f,0f,0f,1f], start_interpolation: 0, interpolation_duration: 1 }
$data merge entity $(bone_right_forearm) { transformation: [-1.8201867592467695f,-0.010163949165354642f,-0.11681360037946377f,-2.494358422027898f,0.059991856739127526f,1.480526419778191f,-1.0636122691551044f,0.7752264478976718f,0.10074572061006351f,-1.0652543246143815f,-1.477129677889732f,-1.363508955963992f,0f,0f,0f,1f], start_interpolation: 0, interpolation_duration: 1 }
$data merge entity $(bone_right_bicep) { transformation: [-1.5783115230558002f,0.1380843657797175f,1.85842220269586e-16f,-2.274164375f,0.1322603117302621f,1.5117422806564154f,0.4552768857522426f,3.1279725454362843f,0.03967999513357723f,0.4535444197501055f,-1.5175168905759324f,-0.63631514352846f,0f,0f,0f,1f], start_interpolation: 0, interpolation_duration: 1 }
$data merge entity $(bone_right_shoulder) { transformation: [-1.0131204166666665f,-3.565324141143366e-17f,1.1883844258035752e-16f,-1.827643125f,0f,0.9703895250703914f,0.29113080960369014f,3.3342207781996254f,-1.240714675421666e-16f,0.29113080960369014f,-0.9703895250703914f,-0.5529305917824119f,0f,0f,0f,1f], start_interpolation: 0, interpolation_duration: 1 }
$data merge entity $(bone_right_arm) { transformation: [-1.3293824999999997f,-2.1249977662598144e-17f,1.6140960522599745e-16f,-1.74976375f,0f,1.3180094484252691f,0.17351923572897268f,3.4904917141596092f,-1.628024023467506e-16f,0.17351923572897268f,-1.3180094484252691f,-0.526496368108889f,0f,0f,0f,1f], start_interpolation: 0, interpolation_duration: 1 }
$data merge entity $(bone_left_thumb_2) { transformation: [-0.9630324587018942f,-0.15566302961809986f,0.21985791934042107f,2.237457641871312f,-0.26221161402239607f,0.35457077279741356f,-0.897510243144676f,-1.257484750267444f,0.06175397119501313f,-0.9219807960516093f,-0.382279817350702f,1.629698457954815f,0f,0f,0f,1f], start_interpolation: 0, interpolation_duration: 1 }
$data merge entity $(bone_left_thumb) { transformation: [-0.9630324587018942f,-0.15566302961809986f,0.21985791934042107f,2.3906736219986136f,-0.26221161402239607f,0.35457077279741356f,-0.897510243144676f,-1.0536530597555926f,0.06175397119501313f,-0.9219807960516093f,-0.382279817350702f,1.349690127268629f,0f,0f,0f,1f], start_interpolation: 0, interpolation_duration: 1 }
$data merge entity $(bone_left_fingers_2) { transformation: [0.9717763048837803f,0.17925355993994696f,0.15335897272504678f,2.3012270989699655f,0.23403891610107969f,-0.6509823458280111f,-0.7221134060315538f,-1.7681579274281594f,-0.029607414893191436f,0.7376246651713291f,-0.6745615274489251f,1.7715259867962185f,0f,0f,0f,1f], start_interpolation: 0, interpolation_duration: 1 }
$data merge entity $(bone_left_fingers) { transformation: [-0.3045622816515741f,0.9400653392610034f,0.15335897272504678f,2.7310230089785543f,0.6148648930662685f,0.3170069275333186f,-0.7221134060315538f,-1.6633512961453936f,-0.7274496407792043f,-0.12563345818682084f,-0.6745615274489251f,1.744528131880269f,0f,0f,0f,1f], start_interpolation: 0, interpolation_duration: 1 }
$data merge entity $(bone_left_hand) { transformation: [-0.9786703196371662f,-0.1366946631950399f,0.15335897272504678f,2.588528220242874f,-0.20542071180106175f,0.660571389020637f,-0.7221134060315538f,-1.140739311010886f,-0.0025955008056558204f,-0.7382140672334421f,-0.6745615274489251f,1.165437368262499f,0f,0f,0f,1f], start_interpolation: 0, interpolation_duration: 1 }
$data merge entity $(bone_left_forearm) { transformation: [-1.8023272279982925f,-0.014196080153640364f,0.27972056799200434f,2.4969753669967343f,-0.2142084418590719f,1.2434532426029101f,-1.317105667184727f,0.6251550627952849f,-0.1804435321251685f,-1.3343354399857958f,-1.2303729625384383f,-0.8556813837081805f,0f,0f,0f,1f], start_interpolation: 0, interpolation_duration: 1 }
$data merge entity $(bone_left_bicep) { transformation: [-1.5648088491807455f,-0.13808436577971755f,0.20601099324150396f,2.274164375f,-0.11645205804134931f,1.5710452898888554f,0.1684938312802076f,3.0741876131085757f,-0.21896743955910902f,0.151274455638624f,-1.5618270888186288f,-0.60013239031234f,0f,0f,0f,1f], start_interpolation: 0, interpolation_duration: 1 }
$data merge entity $(bone_left_shoulder) { transformation: [-1.0131204166666667f,-1.1891723172867504e-17f,1.2350026711730949e-16f,1.827643125f,0f,1.0084562112381723f,0.09710328872901955f,3.292704024629597f,-1.2407146754216663e-16f,0.09710328872901955f,-1.0084562112381723f,-0.5583963760816261f,0f,0f,0f,1f], start_interpolation: 0, interpolation_duration: 1 }
$data merge entity $(bone_left_arm) { transformation: [-1.3293824999999997f,-2.1249977662598144e-17f,1.6140960522599745e-16f,1.749763125f,0f,1.3180094484252691f,0.17351923572897268f,3.448974960589581f,-1.628024023467506e-16f,0.17351923572897268f,-1.3180094484252691f,-0.5319621524081032f,0f,0f,0f,1f], start_interpolation: 0, interpolation_duration: 1 }
$data merge entity $(bone_chest) { transformation: [-2.632522916666667f,-4.2080479602706066e-17f,3.1963297600770146e-16f,2.6597874209406523e-17f,0f,2.6100013181779627f,0.3436131922445242f,4.2236625f,-3.2239107635778877e-16f,0.3436131922445242f,-2.6100013181779627f,-0.335938125f,0f,0f,0f,1f], start_interpolation: 0, interpolation_duration: 1 }
$data merge entity $(bone_weist) { transformation: [-1.9493945833333333f,0f,2.387319836754355e-16f,2.5797644066588673e-17f,0f,1.9493945833333333f,0f,0.2758687499999999f,-2.387319836754355e-16f,0f,-1.9493945833333333f,-0.32940375f,0f,0f,0f,1f], start_interpolation: 0, interpolation_duration: 1 }
$data merge entity $(bone_right_foot) { transformation: [-1.1770521091443111f,-0.0012634321194383371f,0.011731622853242925f,-1.028586581890567f,-0.0027083312062220633f,1.1680260139554222f,-0.14594105159977472f,-8.341338026623232f,-0.011484431965428848f,-0.14596071162902105f,-1.1679702365042286f,1.2522263933224855f,0f,0f,0f,1f], start_interpolation: 0, interpolation_duration: 1 }
$data merge entity $(bone_right_knee) { transformation: [-2.9044932307189946f,-0.0018519418622776587f,0.029057383793159638f,-1.094956995795495f,-0.0066830768101979994f,2.863768815943869f,-0.48550200189682596f,-4.8041973025962506f,-0.028338978914442686f,-0.48554446518605804f,-2.8636291944201324f,0.5510853791815228f,0f,0f,0f,1f], start_interpolation: 0, interpolation_duration: 1 }
$data merge entity $(bone_right_thigh) { transformation: [-2.4735378942254447f,0.10778447555125148f,-0.0023485314465710957f,-0.8928749999999999f,0.09931857298804662f,2.2571922053395763f,-1.0125373534605726f,-1.6319856249999998f,-0.041938405184650474f,-1.0116711807318937f,-2.2593749833053756f,-0.8249600000000002f,0f,0f,0f,1f], start_interpolation: 0, interpolation_duration: 1 }
$data merge entity $(bone_left_foot) { transformation: [-1.1768581935915465f,0.009824848815465253f,-0.02234187545301283f,0.9965185012440612f,-0.011736256741195165f,0.716967352707817f,0.9334939583657799f,-7.381491434206164f,0.02139970398649097f,0.9335160321994803f,-0.7167152608758882f,-3.321293752676199f,0f,0f,0f,1f], start_interpolation: 0, interpolation_duration: 1 }
$data merge entity $(bone_left_knee) { transformation: [-2.90401472479223f,0.021815945816024317f,-0.05613582841721717f,1.0867276371495933f,-0.028960381612639557f,1.8679812169580967f,2.2241259312194135f,-4.986626288618764f,0.05280589948845911f,2.2242074827079255f,-1.867362123258184f,-0.6261404021765316f,0f,0f,0f,1f], start_interpolation: 0, interpolation_duration: 1 }
$data merge entity $(bone_left_thigh) { transformation: [-2.4735297511530967f,-0.10148376921294637f,0.03693694202142728f,0.8928750000000001f,-0.1043147039829886f,2.4643424973925665f,-0.2148190424915148f,-1.5382356249999998f,-0.027959535627443917f,-0.2161708191925155f,-2.466272727059235f,-0.8874599999999999f,0f,0f,0f,1f], start_interpolation: 0, interpolation_duration: 1 }
data modify entity @s data merge value {"locators":{"consume":{"posx":2.5125567175989305,"posy":-1.6372593466604153,"posz":1.9048144928224233,"roty":12.808266719459823,"rotx":-46.22924393853557}},"cameras":{}}