execute if entity @s[tag=aj.attack.bone.right_thumb_2] run data modify entity @s {} merge value {transformation:[-0.776292869657772f,-0.6285424801043556f,0.04799720015550002f,0.12444713958354492f,0.14584599514298927f,-0.25316055874759613f,-0.9563674383809585f,1.3099718218311407f,0.6132685596207037f,-0.7354210237672506f,0.2881971401347987f,2.476887166879666f,0f,0f,0f,1f],start_interpolation:0}
execute if entity @s[tag=aj.attack.bone.right_thumb] run data modify entity @s {} merge value {transformation:[-0.5563443121729885f,-0.829564509299908f,0.04799720015550002f,-0.1954331060607702f,0.2140333440819827f,-0.19887445895772415f,-0.9563674383809585f,1.2845549225477406f,0.8029139019433205f,-0.5217965834348435f,0.2881971401347987f,2.4458162871371294f,0f,0f,0f,1f],start_interpolation:0}
execute if entity @s[tag=aj.attack.bone.right_fingers2] run data modify entity @s {} merge value {transformation:[0.7689565689769524f,-0.6374967167008991f,0.04799720015550002f,0.49681250199080784f,0.21952784588838867f,0.1927922396888625f,-0.9563674383809585f,1.3051881484179821f,0.600427614210737f,0.7459417460575095f,0.2881971401347987f,2.9849380296081627f,0f,0f,0f,1f],start_interpolation:0}
execute if entity @s[tag=aj.attack.bone.right_fingers] run data modify entity @s {} merge value {transformation:[-0.0006124690304238345f,-0.9988472824505855f,0.04799720015550002f,0.025775095709142937f,0.2885014458813504f,-0.04613283569231551f,-0.9563674383809585f,1.2622022231109629f,0.957479263799513f,0.013261516205404167f,0.2881971401347987f,2.948931903393909f,0f,0f,0f,1f],start_interpolation:0}
execute if entity @s[tag=aj.attack.locator_origin.consume] at @s on origin run tp @s ^0.19149 ^1.23465 ^2.85145 ~170.54458 ~-73.01229
execute if entity @s[tag=aj.attack.bone.right_hand] run data modify entity @s {} merge value {transformation:[-0.7563803472600351f,-0.652368790682097f,0.04799720015550002f,-0.48006082886678114f,0.1536446794905074f,-0.24850479928746483f,-0.9563674383809585f,1.0686178338573642f,0.6358318038153236f,-0.7160030207164461f,0.2881971401347987f,2.492268460162877f,0f,0f,0f,1f],start_interpolation:0}
execute if entity @s[tag=aj.attack.bone.right_forearm] run data modify entity @s {} merge value {transformation:[-1.094816488011414f,-1.0276836797877067f,0.10610849114803206f,-1.9354789951160836f,0.24954092250384857f,-0.4130639742426094f,-1.4258763555077945f,0.5285902502346089f,1.0025577716977923f,-1.0194411741234803f,0.4707796798157911f,0.972665787358064f,0f,0f,0f,1f],start_interpolation:0}
execute if entity @s[tag=aj.attack.bone.right_bicep] run data modify entity @s {} merge value {transformation:[-1.484799213939085f,0.010187052203569335f,-0.5368162407171754f,-2.080722145000051f,0.2868785312586381f,1.3494316028784519f,-0.7678796881675037f,2.2906707065552956f,0.4538459657562302f,-0.819655251410456f,-1.2708631972980022f,-0.2985212926980618f,0f,0f,0f,1f],start_interpolation:0}
execute if entity @s[tag=aj.attack.bone.right_shoulder] run data modify entity @s {} merge value {transformation:[-0.9861065117340183f,-0.16439964231645351f,0.023805569138092442f,-1.795433125f,-0.16550784219072182f,0.9601311515647296f,-0.22528942711178734f,2.838491530736446f,0.014181032724646069f,-0.2260993794799277f,-0.9740010107333843f,-0.3540928696813068f,0f,0f,0f,1f],start_interpolation:0}