execute if entity @s[tag=aj.attack.bone.right_thumb_2] run data modify entity @s {} merge value {transformation:[-0.757708844192078f,-0.6453479175934946f,0.09697098891341266f,-0.16670864652566925f,0.20087691009282352f,-0.3720225187482625f,-0.9062271859394632f,2.5576233948571105f,0.6209072188537228f,-0.6671771210120582f,0.41152024831519085f,2.164825360695723f,0f,0f,0f,1f],start_interpolation:0}
execute if entity @s[tag=aj.attack.bone.right_thumb] run data modify entity @s {} merge value {transformation:[-0.6766042380341531f,-0.7299337863007698f,0.09697098891341266f,-0.47577937145901383f,0.2432110817931341f,-0.34583327942413966f,-0.9062271859394632f,2.4943898136768428f,0.6950216361864113f,-0.5895727355122241f,0.41152024831519085f,2.0984055512190287f,0f,0f,0f,1f],start_interpolation:0}
execute if entity @s[tag=aj.attack.bone.right_fingers2] run data modify entity @s {} merge value {transformation:[0.4233224128601344f,-0.90077453454204f,0.09697098891341266f,0.2852850939554808f,0.41175950788547144f,0.09594996159538607f,-0.9062271859394632f,2.6865300729302786f,0.807002008941854f,0.4235550056254975f,0.41152024831519085f,2.752535703290289f,0f,0f,0f,1f],start_interpolation:0}
execute if entity @s[tag=aj.attack.bone.right_fingers] run data modify entity @s {} merge value {transformation:[-0.19551059304028534f,-0.9758956067726664f,0.09697098891341266f,-0.16544127120891128f,0.38806892888295713f,-0.16779390304738737f,-0.9062271859394632f,2.5818888510387383f,0.9006542702084248f,-0.1395455867519042f,0.41152024831519085f,2.648053994638697f,0f,0f,0f,1f],start_interpolation:0}
execute if entity @s[tag=aj.attack.locator_origin.consume] at @s on origin run tp @s ^-0.00921 ^2.5425 ^2.53959 ~166.74066 ~-64.98907
execute if entity @s[tag=aj.attack.bone.right_hand] run data modify entity @s {} merge value {transformation:[-0.6954798216525121f,-0.7119722220587996f,0.09697098891341266f,-0.7080630582261127f,0.23407487955110795f,-0.3520812949126607f,-0.9062271859394632f,2.3217692071670744f,0.6793502546090081f,-0.6075642491039769f,0.41152024831519085f,2.274174647971583f,0f,0f,0f,1f],start_interpolation:0}
execute if entity @s[tag=aj.attack.bone.right_forearm] run data modify entity @s {} merge value {transformation:[-1.012289594426564f,-1.0101327737010797f,0.47001857040762374f,-2.1687795980886317f,0.38444842062525036f,-0.9127490271314367f,-1.133624508100776f,1.0738585240323817f,1.0456983737731513f,-0.6422903494393635f,0.8717763005052427f,1.2569181094482371f,0f,0f,0f,1f],start_interpolation:0}
execute if entity @s[tag=aj.attack.bone.right_bicep] run data modify entity @s {} merge value {transformation:[-1.4131451677978448f,0.2001847361284514f,-0.6751673601376386f,-2.14488323647664f,0.5909000764334753f,1.1605506370702343f,-0.8926720990997926f,2.523536284911824f,0.38309527854694114f,-1.0516427379397908f,-1.1136380549074223f,-0.28778821174993907f,0f,0f,0f,1f],start_interpolation:0}
execute if entity @s[tag=aj.attack.bone.right_shoulder] run data modify entity @s {} merge value {transformation:[-0.9911561994061909f,-0.13264604078917216f,0.00379687261207995f,-1.795433125f,-0.1296063837083951f,0.9615079677103281f,-0.24229034923328419f,3.0167093048401767f,0.028488132278324974f,-0.24063968062751376f,-0.9701963566344604f,-0.345162417798718f,0f,0f,0f,1f],start_interpolation:0}