execute if entity @s[tag=aj.attack.bone.right_thumb_2] run data modify entity @s {} merge value {transformation:[-0.6529200737395979f,-0.7047670618701986f,0.2774865146466151f,-0.2896947720556492f,0.2932923315593067f,-0.5730211320788432f,-0.7652623017237865f,3.22825909296497f,0.698337300705314f,-0.4182704516146577f,0.5808397745933787f,1.5369702839960755f,0f,0f,0f,1f],start_interpolation:0}
execute if entity @s[tag=aj.attack.bone.right_thumb] run data modify entity @s {} merge value {transformation:[-0.5068934005603483f,-0.8161251832027f,0.2774865146466151f,-0.5984251403650043f,0.39696498340091585f,-0.5067468909760808f,-0.7652623017237865f,3.141593468669729f,0.7651652647774058f,-0.2777539807607379f,0.5808397745933787f,1.570278228089208f,0f,0f,0f,1f],start_interpolation:0}
execute if entity @s[tag=aj.attack.bone.right_fingers2] run data modify entity @s {} merge value {transformation:[0.6517520585874398f,-0.7058473548270253f,0.2774865146466151f,0.2130704270549263f,0.5941311100472612f,0.24775357441300913f,-0.7652623017237865f,3.5010101718566156f,0.4714100955654688f,0.6636246514779791f,0.5808397745933787f,1.9468626778324531f,0f,0f,0f,1f],start_interpolation:0}
execute if entity @s[tag=aj.attack.bone.right_fingers] run data modify entity @s {} merge value {transformation:[0.009946252266977484f,-0.9606780450573f,0.2774865146466151f,-0.23857840952451104f,0.6068378727568997f,-0.21475894800518552f,-0.7652623017237865f,3.3651547535259296f,0.7947634039471893f,0.17600081817023072f,0.5808397745933787f,1.997627850368856f,0f,0f,0f,1f],start_interpolation:0}
execute if entity @s[tag=aj.attack.locator_origin.consume] at @s on origin run tp @s ^-0.09761 ^3.31436 ^1.87405 ~154.46464 ~-49.93033