execute if entity @s[tag=aj.attack.bone.right_thumb_2] run data modify entity @s {} merge value {transformation:[-0.7035632715405645f,-0.6836429675095099f,0.19398715399203353f,-0.09785572191562314f,0.24325018783800664f,-0.4881712779384496f,-0.8381635577336416f,2.7066062374834f,0.6677035787352888f,-0.5425136831184372f,0.5097556616393346f,1.9673574238572977f,0f,0f,0f,1f],start_interpolation:0}
execute if entity @s[tag=aj.attack.bone.right_thumb] run data modify entity @s {} merge value {transformation:[-0.5122660530647032f,-0.8366316244103983f,0.19398715399203353f,-0.4132567017444351f,0.356606309470223f,-0.4126909140425945f,-0.8381635577336416f,2.640943778532969f,0.7812908747217889f,-0.3601856944731511f,0.5097556616393346f,1.979417825933238f,0f,0f,0f,1f],start_interpolation:0}
execute if entity @s[tag=aj.attack.bone.right_fingers2] run data modify entity @s {} merge value {transformation:[0.7328369669845843f,-0.6521648287870991f,0.19398715399203353f,0.3526606712269486f,0.4692574835930048f,0.2779914829257282f,-0.8381635577336416f,2.8852057880610373f,0.49269401651815925f,0.7052671632182006f,0.5097556616393346f,2.420844278806356f,0f,0f,0f,1f],start_interpolation:0}
execute if entity @s[tag=aj.attack.bone.right_fingers] run data modify entity @s {} merge value {transformation:[0.029248830895500677f,-0.9805679425604925f,0.19398715399203353f,-0.10995390022528195f,0.5243370503105583f,-0.15017492520027295f,-0.8381635577336416f,2.783085264417923f,0.8510083216766269f,0.12622995628524536f,0.5097556616393346f,2.4449197008575005f,0f,0f,0f,1f],start_interpolation:0}
execute if entity @s[tag=aj.attack.locator_origin.right_hand] at @s on origin run tp @s ^0.0422 ^2.74188 ^2.33145 ~159.16571 ~-56.9467
execute if entity @s[tag=aj.attack.bone.right_hand] run data modify entity @s {} merge value {transformation:[-0.6703438795886681f,-0.7162458147759638f,0.19398715399203353f,-0.6511801527230299f,0.2661319782064587f,-0.4760836278041932f,-0.8381635577336416f,2.4395296479839477f,0.6926852483443906f,-0.5102316259824691f,0.5097556616393346f,2.14337355055575f,0f,0f,0f,1f],start_interpolation:0}
execute if entity @s[tag=aj.attack.bone.right_forearm] run data modify entity @s {} merge value {transformation:[-0.9662744352473331f,-1.002614667215668f,0.5719208379564633f,-2.1108656211742858f,0.4451771412079306f,-1.011871209151237f,-1.0217386500735444f,1.0415201278637054f,1.0649633462005823f,-0.48672002752320565f,0.9460299076004041f,1.3424750795354106f,0f,0f,0f,1f],start_interpolation:0}
execute if entity @s[tag=aj.attack.bone.right_bicep] run data modify entity @s {} merge value {transformation:[-1.4297551083207825f,0.19383200303148637f,-0.6411970390417239f,-2.1228876430489305f,0.5753030172012725f,1.129480264573581f,-0.9413845804889466f,2.429214892836897f,0.34311940585484857f,-1.0860974378866932f,-1.0934192182261202f,-0.24831533372370795f,0f,0f,0f,1f],start_interpolation:0}
execute if entity @s[tag=aj.attack.bone.right_shoulder] run data modify entity @s {} merge value {transformation:[-0.986107968236341f,-0.16382195938242491f,0.027448872561523514f,-1.795433125f,-0.16549964626089986f,0.9549004565999524f,-0.24652583043713605f,2.9828554449916056f,0.014175403638438375f,-0.24764386446933365f,-0.968747425453292f,-0.31541067544044094f,0f,0f,0f,1f],start_interpolation:0}