execute if entity @s[tag=aj.attack.bone.right_thumb_2] run data modify entity @s {} merge value {transformation:[-0.7941803534592604f,-0.6074897153668402f,0.015290909156728455f,-0.1583013342222006f,0.16773257878843192f,-0.24332561256318766f,-0.9553315802818055f,2.1221117406021377f,0.5840747796235568f,-0.7561407884741207f,0.2951402375370539f,2.3939646429089376f,0f,0f,0f,1f],start_interpolation:0}
execute if entity @s[tag=aj.attack.bone.right_thumb] run data modify entity @s {} merge value {transformation:[-0.7274532007356544f,-0.6859869013593569f,0.015290909156728455f,-0.46227971769027165f,0.19188064581456782f,-0.22477408542368138f,-0.9553315802818055f,2.0860020516216466f,0.6587819506492538f,-0.6920249863157655f,0.2951402375370539f,2.2928309559569846f,0f,0f,0f,1f],start_interpolation:0}
execute if entity @s[tag=aj.attack.bone.right_fingers2] run data modify entity @s {} merge value {transformation:[0.3420963775403725f,-0.9395404496725595f,0.015290909156728455f,0.2547700696874979f,0.2823595162159118f,0.08726210700289264f,-0.9553315802818055f,2.1496518239161797f,0.8962383455733587f,0.33113300667632056f,0.2951402375370539f,3.0338635790116784f,0f,0f,0f,1f],start_interpolation:0}
execute if entity @s[tag=aj.attack.bone.right_fingers] run data modify entity @s {} merge value {transformation:[-0.2649851706226765f,-0.9641312397424073f,0.015290909156728455f,-0.18783047458190438f,0.28074869169789296f,-0.09231329170920896f,-0.9553315802818055f,2.0852383259972354f,0.9224765750196546f,-0.24885579906158267f,0.2951402375370539f,2.8758252022980124f,0f,0f,0f,1f],start_interpolation:0}
execute if entity @s[tag=aj.attack.locator_origin.consume] at @s on origin run tp @s ^-0.02609 ^2.04995 ^2.77424 ~177.03422 ~-72.81031
execute if entity @s[tag=aj.attack.bone.right_hand] run data modify entity @s {} merge value {transformation:[-0.7319273616144837f,-0.6812110725885342f,0.015290909156728455f,-0.7134305922968935f,0.19040540360468242f,-0.2260251180608165f,-0.9553315802818055f,1.9098315437424467f,0.654238580028875f,-0.696321851293188f,0.2951402375370539f,2.434391882605331f,0f,0f,0f,1f],start_interpolation:0}
execute if entity @s[tag=aj.attack.bone.right_forearm] run data modify entity @s {} merge value {transformation:[-1.0713286376123548f,-1.013888429605114f,0.30050141856885015f,-2.1635051169302555f,0.30841037965061685f,-0.708735442937884f,-1.2917403027175254f,0.9586620610121463f,1.0115106959260385f,-0.8577530088865191f,0.7121248400320725f,1.1244813947436498f,0f,0f,0f,1f],start_interpolation:0}
execute if entity @s[tag=aj.attack.bone.right_bicep] run data modify entity @s {} merge value {transformation:[-1.4242961793373934f,0.16488457100498918f,-0.661133594528253f,-2.1439592814900497f,0.5276336743441528f,1.2362421410572946f,-0.8283792805331441f,2.535849950712417f,0.43114644526823664f,-0.9682058691017222f,-1.1702966700003834f,-0.3195820615572082f,0f,0f,0f,1f],start_interpolation:0}
execute if entity @s[tag=aj.attack.bone.right_shoulder] run data modify entity @s {} merge value {transformation:[-0.9931170482085229f,-0.11681519702104884f,-0.008528675308858176f,-1.795433125f,-0.111571439310725f,0.9656655476381262f,-0.23461002543559642f,2.997414016278622f,0.03564186425712876f,-0.23204365936110286f,-0.9720521578920469f,-0.3697440031692011f,0f,0f,0f,1f],start_interpolation:0}