execute if entity @s[tag=aj.attack.bone.right_thumb_2] run data modify entity @s {} merge value {transformation:[-0.7808155385740245f,-0.623818134844549f,0.03432243232092132f,0.1397164654596162f,0.13730622887114563f,-0.22493732358741048f,-0.9646502993160359f,1.149052950440991f,0.6094867465618434f,-0.7485012592483737f,0.2612886730592404f,2.4910696099068295f,0f,0f,0f,1f],start_interpolation:0}
execute if entity @s[tag=aj.attack.bone.right_thumb] run data modify entity @s {} merge value {transformation:[-0.5579960597149134f,-0.8291335043177346f,0.03432243232092132f,-0.18028400047359877f,0.1984021444496501f,-0.1734542853528359f,-0.9646502993160359f,1.1286154099180021f,0.8057772560828529f,-0.531461421845961f,0.2612886730592404f,2.4576510726778964f,0f,0f,0f,1f],start_interpolation:0}
execute if entity @s[tag=aj.attack.bone.right_fingers2] run data modify entity @s {} merge value {transformation:[0.7732180763394733f,-0.6332106893139605f,0.03432243232092132f,0.5052118843964838f,0.19127669945154158f,0.18128161593611053f,-0.9646502993160359f,1.124675880805746f,0.6046048549828309f,0.7524501303489369f,0.2612886730592404f,2.9993435015566803f,0f,0f,0f,1f],start_interpolation:0}
execute if entity @s[tag=aj.attack.bone.right_fingers] run data modify entity @s {} merge value {transformation:[-0.0011345029180980792f,-0.9994101678203525f,0.03432243232092132f,0.03382200931164614f,0.26140493686109717f,-0.03342542466639213f,-0.9646502993160359f,1.0888829308071641f,0.9652285594033029f,0.007877654674251444f,0.2612886730592404f,2.9602165362524824f,0f,0f,0f,1f],start_interpolation:0}
execute if entity @s[tag=aj.attack.locator_origin.right_hand] at @s on origin run tp @s ^0.20037 ^1.06228 ^2.86389 ~172.51657 ~-74.72018
execute if entity @s[tag=aj.attack.bone.right_hand] run data modify entity @s {} merge value {transformation:[-0.7621066010033318f,-0.6465411814778116f,0.03432243232092132f,-0.4686629170184742f,0.14387067360199993f,-0.22079635256677058f,-0.9646502993160359f,0.913981804350322f,0.6312644121003936f,-0.7302283693109207f,0.2612886730592404f,2.492450682952958f,0f,0f,0f,1f],start_interpolation:0}
execute if entity @s[tag=aj.attack.bone.right_forearm] run data modify entity @s {} merge value {transformation:[-1.1037018215167151f,-1.021792265977566f,0.06163403594181696f,-1.9131934886922215f,0.2315125273110538f,-0.33745218289463064f,-1.4486351762866518f,0.48033155669115635f,0.9971259393356963f,-1.0526549717098388f,0.40456553443889104f,0.9291895717500801f,0f,0f,0f,1f],start_interpolation:0}
execute if entity @s[tag=aj.attack.bone.right_bicep] run data modify entity @s {} merge value {transformation:[-1.4869604046304945f,-0.01057784333011876f,-0.5307928243072284f,-2.0764305653878843f,0.25690018169016116f,1.3671181185713117f,-0.7469233592317512f,2.276577136097805f,0.4646022059279561f,-0.7897976431649851f,-1.2857949413270984f,-0.30363831048404755f,0f,0f,0f,1f],start_interpolation:0}
execute if entity @s[tag=aj.attack.bone.right_shoulder] run data modify entity @s {} merge value {transformation:[-0.9861061718692559f,-0.16445532179963498f,0.023432134626194964f,-1.795433125f,-0.16550975457125328f,0.9606388442636294f,-0.22311327175585471f,2.8237926594668297f,0.014182346178440802f,-0.2238916211554529f,-0.974510853214708f,-0.3580314203676495f,0f,0f,0f,1f],start_interpolation:0}