execute if entity @s[tag=aj.attack.bone.right_thumb_2] run data modify entity @s {} merge value {transformation:[-0.8011496311663856f,-0.5901535874164217f,-0.09938818713253908f,0.2321354229043736f,0.06481584806347965f,0.07953269185913875f,-0.994722803983829f,-0.4923916761211259f,0.5949438413176293f,-0.8033637371609248f,-0.025466281492518755f,2.1757501691469945f,0f,0f,0f,1f],start_interpolation:0}
execute if entity @s[tag=aj.attack.bone.right_thumb] run data modify entity @s {} merge value {transformation:[-0.5473694198374999f,-0.8309685351956875f,-0.09938818713253908f,-0.08682277597239124f,0.033282045835888535f,0.09705075300855015f,-0.994722803983829f,-0.4596625005829379f,0.8362290497535569f,-0.5477886863154506f,-0.025466281492518755f,2.142145730027948f,0f,0f,0f,1f],start_interpolation:0}
execute if entity @s[tag=aj.attack.bone.right_fingers2] run data modify entity @s {} merge value {transformation:[0.8212890610765464f,-0.5617884534364447f,-0.09938818713253908f,0.5395728450668784f,-0.09645511991779883f,0.03497074600565216f,-0.994722803983829f,-0.7046407214840877f,0.5622994646962133f,0.8265414572235901f,-0.025466281492518755f,2.635458725511737f,0f,0f,0f,1f],start_interpolation:0}
execute if entity @s[tag=aj.attack.bone.right_fingers] run data modify entity @s {} merge value {transformation:[0.01956428728420706f,-0.9948563850735284f,-0.09938818713253908f,0.06828163883018856f,-0.027541546218020248f,0.09883322551889848f,-0.994722803983829f,-0.6647904528236379f,0.9994291880343408f,0.02219834705472773f,-0.025466281492518755f,2.59916789984365f,0f,0f,0f,1f],start_interpolation:0}
execute if entity @s[tag=aj.attack.locator_origin.consume] at @s on origin run tp @s ^0.23854 ^-0.68571 ^2.50807 ~-75.62827 ~-84.11115
execute if entity @s[tag=aj.attack.bone.right_hand] run data modify entity @s {} merge value {transformation:[-0.7933561229496411f,-0.6005897521909789f,-0.09938818713253908f,-0.40766841527367936f,0.06376924436139676f,0.08037429133824608f,-0.994722803983829f,-0.6332309652397883f,0.6054085774515344f,-0.7955073367700976f,-0.025466281492518755f,2.075372192072136f,0f,0f,0f,1f],start_interpolation:0}
execute if entity @s[tag=aj.attack.bone.right_forearm] run data modify entity @s {} merge value {transformation:[-1.1562558275751917f,-0.8965459067429254f,-0.353968640303452f,-1.6631888732833462f,0.07571229727767433f,0.4666151625628213f,-1.4291794282471215f,0.05507750277485446f,0.9609141529068588f,-1.1155678496561012f,-0.3133181507259302f,0.4429174068406193f,0f,0f,0f,1f],start_interpolation:0}
execute if entity @s[tag=aj.attack.bone.right_bicep] run data modify entity @s {} merge value {transformation:[-1.4735653615512279f,-0.22480777219918732f,-0.5205485076721303f,-2.033538320351207f,-0.04404526275540561f,1.4904992703405402f,-0.5190145450635931f,2.135779739498309f,0.5653046064818956f,-0.46986971462055255f,-1.397339368663602f,-0.35482205360378816f,0f,0f,0f,1f],start_interpolation:0}
execute if entity @s[tag=aj.attack.bone.right_shoulder] run data modify entity @s {} merge value {transformation:[-0.986102772925691f,-0.1649654134314974f,0.01969095222781825f,-1.795433125f,-0.165528878312182f,0.965444078115624f,-0.2012906417998204f,2.676803946770667f,0.014195480723594028f,-0.20175268127796442f,-0.9793336223801254f,-0.3974169272310766f,0f,0f,0f,1f],start_interpolation:0}