execute if entity @s[tag=aj.attack.bone.neck] run data modify entity @s {} merge value {transformation:[-1.0489695833333332f,0f,1.2846172426320994e-16f,-3.0248775938939622e-18f,0f,1.0489695833333332f,0f,4.6073875f,-1.2846172426320994e-16f,0f,-1.0489695833333332f,0.0247f,0f,0f,0f,1f],start_interpolation:0}
execute if entity @s[tag=aj.attack.bone.right_thumb_2] run data modify entity @s {} merge value {transformation:[-0.9880400219339242f,-0.12964494887156833f,-0.08348114930269579f,-2.462105352468361f,-0.07473954120173243f,0.8761913948696928f,-0.4761330071915377f,-1.3726339625896198f,0.13487370402626708f,-0.4641991240711154f,-0.8754017690031498f,-1.146989608729875f,0f,0f,0f,1f],start_interpolation:0}
execute if entity @s[tag=aj.attack.bone.right_thumb] run data modify entity @s {} merge value {transformation:[-0.9880400219339242f,-0.12964494887156833f,-0.08348114930269579f,-2.645076563394159f,-0.07473954120173243f,0.8761913948696928f,-0.4761330071915377f,-1.1325220995346355f,0.13487370402626708f,-0.4641991240711154f,-0.8754017690031498f,-1.2601382679496673f,0f,0f,0f,1f],start_interpolation:0}
execute if entity @s[tag=aj.attack.bone.right_fingers2] run data modify entity @s {} merge value {transformation:[0.862854868190991f,-0.4903107500714058f,-0.12278780396897271f,-2.4901351596694683f,-0.5044366957074335f,-0.8507146751165005f,-0.14774356691644197f,-1.9094918921891486f,-0.03201712764870757f,0.1894199300650341f,-0.981374033501643f,-1.3346245225872537f,0f,0f,0f,1f],start_interpolation:0}
execute if entity @s[tag=aj.attack.bone.right_fingers] run data modify entity @s {} merge value {transformation:[-0.2081522104816509f,-0.9703585999351371f,-0.12278780396897271f,-2.9394446485451553f,-0.9630280457908749f,0.22527499074467933f,-0.14774356691644197f,-1.759496842063045f,0.17102526214513172f,0.08749494886509174f,-0.981374033501643f,-1.3092683170361064f,0f,0f,0f,1f],start_interpolation:0}
execute if entity @s[tag=aj.attack.locator_origin.right_hand] at @s on origin run tp @s ^-2.75542 ^-1.81813 ^-1.32979 ~-7.13169 ~-8.49619
execute if entity @s[tag=aj.attack.bone.right_hand] run data modify entity @s {} merge value {transformation:[-0.984807753012208f,0.12278780396897283f,-0.12278780396897271f,-2.9180126026877296f,0.14048432677478684f,0.9789974424713488f,-0.14774356691644197f,-1.0647757323352514f,0.10206783792008473f,-0.16274877213372568f,-0.981374033501643f,-1.4463436461323327f,0f,0f,0f,1f],start_interpolation:0}
execute if entity @s[tag=aj.attack.bone.right_forearm] run data modify entity @s {} merge value {transformation:[-1.4824598341687394f,0.18483606262544386f,-0.1848360626254437f,-2.608370001000596f,0.2114751545536175f,1.473713404244193f,-0.22240270046668845f,1.0552842799278468f,0.15364569339970952f,-0.24499047353208445f,-1.4772909560393335f,-1.7987124184455747f,0f,0f,0f,1f],start_interpolation:0}
execute if entity @s[tag=aj.attack.bone.right_bicep] run data modify entity @s {} merge value {transformation:[-1.554906395845955f,0.27417195006379835f,1.5643044735879752e-16f,-2.107345625f,0.22180976698253244f,1.2579456989016768f,0.9280502162762372f,2.9062659698684703f,0.16115422883976896f,0.9139510481734948f,-1.2773515389719754f,-0.5276763997214419f,0f,0f,0f,1f],start_interpolation:0}
execute if entity @s[tag=aj.attack.bone.right_shoulder] run data modify entity @s {} merge value {transformation:[-1f,-7.198293278059966e-17f,9.907600726170917e-17f,-1.795433125f,0f,0.8090169943749475f,0.5877852522924731f,3.0650227862990604f,-1.2246467991473532e-16f,0.5877852522924731f,-0.8090169943749475f,-0.33507857238014105f,0f,0f,0f,1f],start_interpolation:0}
execute if entity @s[tag=aj.attack.bone.right_arm] run data modify entity @s {} merge value {transformation:[-1.46271875f,-1.5612328780452606e-17f,1.7844973452847951e-16f,-1.4259925f,0f,1.4571526635493854f,0.12748433908717616f,3.118883182428125f,-1.7913138352403177e-16f,0.12748433908717616f,-1.4571526635493854f,-0.3385544312431937f,0f,0f,0f,1f],start_interpolation:0}
execute if entity @s[tag=aj.attack.bone.left_thumb_2] run data modify entity @s {} merge value {transformation:[-0.9880400219339242f,0.1296449488715685f,0.08348114930269596f,2.4957065135762124f,-0.013458530344540726f,0.46681873111848166f,-0.8842506094077038f,-1.130684106825582f,-0.1536091892361121f,-0.8747985250953612f,-0.4594907588550668f,1.4529106788860315f,0f,0f,0f,1f],start_interpolation:0}
execute if entity @s[tag=aj.attack.bone.left_thumb] run data modify entity @s {} merge value {transformation:[-0.9880400219339242f,0.1296449488715685f,0.08348114930269596f,2.6786777245020104f,-0.013458530344540726f,0.46681873111848166f,-0.8842506094077038f,-0.9948942780097471f,-0.1536091892361121f,-0.8747985250953612f,-0.4594907588550668f,1.2248373392491105f,0f,0f,0f,1f],start_interpolation:0}
execute if entity @s[tag=aj.attack.bone.left_fingers2] run data modify entity @s {} merge value {transformation:[0.862854868190991f,0.4903107500714057f,0.12278780396897293f,2.5237363207773202f,0.4361007242876513f,-0.5993521485272423f,-0.671262363261612f,-1.6806836138600918f,-0.2555340187037597f,0.6327498482182307f,-0.7309787923496225f,1.5975614297791905f,0f,0f,0f,1f],start_interpolation:0}
execute if entity @s[tag=aj.attack.bone.left_fingers] run data modify entity @s {} merge value {transformation:[-0.20815221048165078f,0.9703585999351371f,0.12278780396897293f,2.9730458096530072f,0.7027503204791107f,0.2356879859792237f,-0.671262363261612f,-1.542153071405128f,-0.6803048172239483f,-0.05343557613591949f,-0.7309787923496225f,1.5347065092922643f,0f,0f,0f,1f],start_interpolation:0}
execute if entity @s[tag=aj.attack.bone.left_hand] run data modify entity @s {} merge value {transformation:[-0.984807753012208f,-0.12278780396897274f,0.12278780396897293f,2.9516137637955815f,-0.17354239588891238f,0.720617704818284f,-0.671262363261612f,-1.0428547202651801f,-0.0060602340038824615f,-0.6823732693320465f,-0.7309787923496225f,1.0325827967500412f,0f,0f,0f,1f],start_interpolation:0}
execute if entity @s[tag=aj.attack.bone.left_forearm] run data modify entity @s {} merge value {transformation:[-1.48245983416874f,-0.1848360626254438f,0.18483606262544408f,2.6419711621084474f,-0.2612384301847933f,1.0847668490793538f,-1.0104708139033f,0.517712569090166f,-0.009122647002869385f,-1.0271963848792187f,-1.1003636963386638f,-0.4450666686823578f,0f,0f,0f,1f],start_interpolation:0}
execute if entity @s[tag=aj.attack.bone.left_bicep] run data modify entity @s {} merge value {transformation:[-1.554906395845955f,-0.2741719500637985f,1.9324087781080725e-16f,2.044845625f,-0.2740049319196978f,1.5539591888817705f,0.05510258268026746f,2.8235268637618316f,-0.009568463067169993f,0.05426545063452358f,-1.5779315141749368f,-0.34351179582426006f,0f,0f,0f,1f],start_interpolation:0}
execute if entity @s[tag=aj.attack.bone.left_shoulder] run data modify entity @s {} merge value {transformation:[-1f,-4.273955692857145e-18f,1.2239007774061617e-16f,1.795433125f,0f,0.9993908270190958f,0.03489949670250099f,3.0650227862990604f,-1.2246467991473532e-16f,0.03489949670250099f,-0.9993908270190958f,-0.33507857238014055f,0f,0f,0f,1f],start_interpolation:0}
execute if entity @s[tag=aj.attack.bone.left_arm] run data modify entity @s {} merge value {transformation:[-1.46271875f,-1.5612328780452606e-17f,1.7844973452847951e-16f,1.4259925f,0f,1.4571526635493854f,0.12748433908717616f,3.056621013797391f,-1.7913138352403177e-16f,0.12748433908717616f,-1.4571526635493854f,-0.3440016651649219f,0f,0f,0f,1f],start_interpolation:0}
execute if entity @s[tag=aj.attack.bone.chest] run data modify entity @s {} merge value {transformation:[-2.06546125f,-2.204570093757574e-17f,2.5198351476752546e-16f,-5.651744978065014e-19f,0f,2.057601546363949f,0.1800168093602565f,3.856605f,-2.529460508575391e-16f,0.1800168093602565f,-2.057601546363949f,0.004614999999999994f,0f,0f,0f,1f],start_interpolation:0}
execute if entity @s[tag=aj.attack.bone.weist] run data modify entity @s {} merge value {transformation:[-2.0892733333333333f,2.2299859212327835e-17f,2.548885571411215e-16f,4.3783572363116175e-17f,0f,2.081323017531135f,-0.1820921691695423f,0.22947500000000032f,-2.5586219002105877e-16f,-0.1820921691695423f,-2.081323017531135f,-0.35752f,0f,0f,0f,1f],start_interpolation:0}
execute if entity @s[tag=aj.attack.bone.right_foot] run data modify entity @s {} merge value {transformation:[-1.1328200000000002f,1.570473150838596e-17f,1.3783865941899005e-16f,-0.8202675000000001f,0f,1.125538069547552f,-0.12823886462055997f,-8.15817871331378f,-1.387304387010105e-16f,-0.12823886462055997f,-1.125538069547552f,1.1008307500716936f,0f,0f,0f,1f],start_interpolation:0}
execute if entity @s[tag=aj.attack.bone.right_knee] run data modify entity @s {} merge value {transformation:[-3.1203466666666664f,-6.669127440255716e-18f,3.8207405516289383e-16f,-0.8545118750000001f,0f,3.119871422755595f,0.054457558251889845f,-4.183628601543315f,-3.821322557563446e-16f,0.054457558251889845f,-3.119871422755595f,1.2823376084013347f,0f,0f,0f,1f],start_interpolation:0}
execute if entity @s[tag=aj.attack.bone.right_thigh] run data modify entity @s {} merge value {transformation:[-2.3827266666666667f,1.5246500728068254e-16f,2.48800279359085e-16f,-0.7753199999999999f,0f,2.031608456677545f,-1.2449712634437502f,-1.5250094872945983f,-2.9179985855763755e-16f,-1.2449712634437502f,-2.031608456677545f,-0.5746367490297112f,0f,0f,0f,1f],start_interpolation:0}
execute if entity @s[tag=aj.attack.bone.right_leg] run data modify entity @s {} merge value {transformation:[-1.1368933333333335f,1.2134631150591802e-17f,1.3869946872598134e-16f,-0.7484449999999999f,0f,1.1325671109625184f,-0.09908678289152761f,-1.590166875f,-1.3922927816386319e-16f,-0.09908678289152761f,-1.1325671109625184f,-0.5664266666666667f,0f,0f,0f,1f],start_interpolation:0}
execute if entity @s[tag=aj.attack.bone.left_foot] run data modify entity @s {} merge value {transformation:[-1.1328200000000002f,-3.120755845537925e-17f,1.3517478654478772e-16f,0.8202675000000004f,0f,1.1037858967900105f,0.2548290533818172f,-8.382843795133414f,-1.387304387010105e-16f,0.2548290533818172f,-1.1037858967900105f,-2.5143519454047043f,0f,0f,0f,1f],start_interpolation:0}
execute if entity @s[tag=aj.attack.bone.left_knee] run data modify entity @s {} merge value {transformation:[-3.1203466666666664f,-1.338255365832025e-16f,3.5793265658172394e-16f,0.8545118750000001f,0f,2.922741943480607f,1.0927684347550417f,-4.696856185661925f,-3.821322557563446e-16f,1.0927684347550417f,-2.922741943480607f,-1.0165239601480633f,0f,0f,0f,1f],start_interpolation:0}
execute if entity @s[tag=aj.attack.bone.left_thigh] run data modify entity @s {} merge value {transformation:[-2.3827266666666667f,-5.067051368200179e-17f,2.8736676303542723e-16f,0.7753200000000001f,0f,2.3465276946422686f,0.413756143545066f,-1.4751997523900109f,-2.9179985855763755e-16f,0.413756143545066f,-2.3465276946422686f,-0.6456612028337605f,0f,0f,0f,1f],start_interpolation:0}
execute if entity @s[tag=aj.attack.bone.left_leg] run data modify entity @s {} merge value {transformation:[-1.1368933333333335f,1.2134631150591802e-17f,1.3869946872598134e-16f,0.7484450000000001f,0f,1.1325671109625184f,-0.09908678289152761f,-1.590166875f,-1.3922927816386319e-16f,-0.09908678289152761f,-1.1325671109625184f,-0.6330933333333332f,0f,0f,0f,1f],start_interpolation:0}