execute if entity @s[tag=aj.attack.bone.neck] run data modify entity @s {} merge value {transformation:[-1.0489695833333332f,0f,1.2846172426320994e-16f,-3.0248775938939622e-18f,0f,1.0489695833333332f,0f,4.644887499999999f,-1.2846172426320994e-16f,0f,-1.0489695833333332f,0.0247f,0f,0f,0f,1f],start_interpolation:0}
execute if entity @s[tag=aj.attack.bone.right_thumb_2] run data modify entity @s {} merge value {transformation:[-0.9880400219339242f,-0.1296449488715683f,-0.08348114930269587f,-2.462105352468361f,0.0027105106652396127f,0.5267044444989184f,-0.8500441643097254f,-1.1465562096888648f,0.15417382459011705f,-0.8401039312949168f,-0.5200536668787958f,1.1806142189723785f,0f,0f,0f,1f],start_interpolation:0}
execute if entity @s[tag=aj.attack.bone.right_thumb] run data modify entity @s {} merge value {transformation:[-0.9880400219339242f,-0.1296449488715683f,-0.08348114930269587f,-2.645076563394159f,0.0027105106652396127f,0.5267044444989184f,-0.8500441643097254f,-0.9951875661431344f,0.15417382459011705f,-0.8401039312949168f,-0.5200536668787958f,0.9625686741563979f,0f,0f,0f,1f],start_interpolation:0}
execute if entity @s[tag=aj.attack.bone.right_fingers2] run data modify entity @s {} merge value {transformation:[0.862854868190991f,-0.4903107500714059f,-0.12278780396897276f,-2.4901351596694683f,-0.4528635569080719f,-0.6420305549905977f,-0.6186366989461864f,-1.705306271873864f,0.22449070195372692f,0.5893998089776415f,-0.7760230601686027f,1.2865465817347483f,0f,0f,0f,1f],start_interpolation:0}
execute if entity @s[tag=aj.attack.bone.right_fingers] run data modify entity @s {} merge value {transformation:[-0.20815221048165095f,-0.9703585999351371f,-0.12278780396897276f,-2.9394446485451553f,-0.7484941211392153f,0.23884133925474252f,-0.6186366989461864f,-1.5627286452471645f,0.6296262446020147f,-0.03686464695234984f,-0.7760230601686027f,1.23350817482257f,0f,0f,0f,1f],start_interpolation:0}
execute if entity @s[tag=aj.attack.locator_origin.right_hand] at @s on origin run tp @s ^-2.75542 ^-1.62377 ^1.24505 ~-8.9912 ~-38.21665
execute if entity @s[tag=aj.attack.bone.right_hand] run data modify entity @s {} merge value {transformation:[-0.984807753012208f,0.1227878039689729f,-0.12278780396897276f,-2.9180126026877296f,0.17269691478056223f,0.7664622693533196f,-0.6186366989461864f,-1.0296201802256917f,0.01815117716075255f,-0.6304432923382058f,-0.7760230601686027f,0.7674369027292289f,0f,0f,0f,1f],start_interpolation:0}
execute if entity @s[tag=aj.attack.bone.right_forearm] run data modify entity @s {} merge value {transformation:[-1.4824598341687394f,0.18483606262544397f,-0.18483606262544378f,-2.608370001000596f,0.25996570281252807f,1.1537780092070746f,-0.9312518664940802f,0.6302212617850786f,0.027323496389414666f,-0.949024675886061f,-1.168170146477719f,-0.5977534117259224f,0f,0f,0f,1f],start_interpolation:0}
execute if entity @s[tag=aj.attack.bone.right_bicep] run data modify entity @s {} merge value {transformation:[-1.554906395845955f,0.2741719500637985f,1.9229942767861817e-16f,-2.107345625f,0.2726700074342645f,1.54638845591697f,0.1650392937968761f,2.8687364365755763f,0.02865877261126446f,0.16253197608282324f,-1.5702439904509977f,-0.42249477535610164f,0f,0f,0f,1f],start_interpolation:0}
execute if entity @s[tag=aj.attack.bone.right_shoulder] run data modify entity @s {} merge value {transformation:[-1f,-1.2801044796052338e-17f,1.2179380558447151e-16f,-1.795433125f,0f,0.9945218953682734f,0.10452846326765336f,3.1025227862990605f,-1.2246467991473532e-16f,0.10452846326765336f,-0.9945218953682734f,-0.33507857238014105f,0f,0f,0f,1f],start_interpolation:0}
execute if entity @s[tag=aj.attack.bone.right_arm] run data modify entity @s {} merge value {transformation:[-1.46271875f,-1.5612328780452606e-17f,1.7844973452847951e-16f,-1.4259925f,0f,1.4571526635493854f,0.12748433908717616f,3.156383182428125f,-1.7913138352403177e-16f,0.12748433908717616f,-1.4571526635493854f,-0.3385544312431937f,0f,0f,0f,1f],start_interpolation:0}
execute if entity @s[tag=aj.attack.bone.left_thumb_2] run data modify entity @s {} merge value {transformation:[-0.9880400219339242f,0.12964494887156847f,0.08348114930269601f,2.4957065135762124f,0.04506448305546473f,0.7605320859136481f,-0.6477346205528767f,-1.4574614659817737f,-0.1474656143775706f,-0.6362256938602244f,-0.7572785214492234f,-0.2490232726722692f,0f,0f,0f,1f],start_interpolation:0}
execute if entity @s[tag=aj.attack.bone.left_thumb] run data modify entity @s {} merge value {transformation:[-0.9880400219339242f,0.12964494887156847f,0.08348114930269601f,2.6786777245020104f,0.04506448305546473f,0.7605320859136481f,-0.6477346205528767f,-1.2461215522789664f,-0.1474656143775706f,-0.6362256938602244f,-0.7572785214492234f,-0.4096214256475199f,0f,0f,0f,1f],start_interpolation:0}
execute if entity @s[tag=aj.attack.bone.left_fingers2] run data modify entity @s {} merge value {transformation:[0.862854868190991f,0.4903107500714058f,0.12278780396897296f,2.5237363207773202f,0.5000702787728857f,-0.7927419004398409f,-0.348554150133143f,-2.0215992539510035f,-0.07356080972308451f,0.3621541766312309f,-0.9292110414870454f,-0.32093887360379875f,0f,0f,0f,1f],start_interpolation:0}
execute if entity @s[tag=aj.attack.bone.left_fingers] run data modify entity @s {} merge value {transformation:[-0.20815221048165083f,0.9703585999351371f,0.12278780396897296f,2.9730458096530072f,0.9064254210045649f,0.238543414458793f,-0.348554150133143f,-1.8696101039793467f,-0.3675127391374341f,0.03874567008403538f,-0.9292110414870454f,-0.32732248646624346f,0f,0f,0f,1f],start_interpolation:0}
execute if entity @s[tag=aj.attack.bone.left_hand] run data modify entity @s {} merge value {transformation:[-0.984807753012208f,-0.12278780396897278f,0.12278780396897296f,2.9516137637955815f,-0.15863550393553955f,0.9237666270850445f,-0.348554150133143f,-1.2185698807617755f,-0.07062907686047752f,-0.36273733455545676f,-0.9292110414870454f,-0.6058430313118097f,0f,0f,0f,1f],start_interpolation:0}
execute if entity @s[tag=aj.attack.bone.left_forearm] run data modify entity @s {} merge value {transformation:[-1.48245983416874f,-0.18483606262544386f,0.18483606262544414f,2.6419711621084474f,-0.23879865094303251f,1.3905728469444079f,-0.5246887283581325f,0.7819001464020321f,-0.1063200094128186f,-0.5460390895452537f,-1.3987684827391598f,-1.3912969623082643f,0f,0f,0f,1f],start_interpolation:0}
execute if entity @s[tag=aj.attack.bone.left_bicep] run data modify entity @s {} merge value {transformation:[-1.554906395845955f,-0.2741719500637986f,1.7664193164698594e-16f,2.044845625f,-0.2504685395937971f,1.4204776749845f,0.6421937741747605f,2.8817708070847474f,-0.11151577859449555f,0.6324374077434752f,-1.4423908327688515f,-0.4333636858649865f,0f,0f,0f,1f],start_interpolation:0}
execute if entity @s[tag=aj.attack.bone.left_shoulder] run data modify entity @s {} merge value {transformation:[-1f,-4.981087280387183e-17f,1.1187705205776151e-16f,1.795433125f,0f,0.9135454576426009f,0.40673664307580026f,3.1025227862990605f,-1.2246467991473532e-16f,0.40673664307580026f,-0.9135454576426009f,-0.33507857238014055f,0f,0f,0f,1f],start_interpolation:0}
execute if entity @s[tag=aj.attack.bone.left_arm] run data modify entity @s {} merge value {transformation:[-1.46271875f,-1.5612328780452606e-17f,1.7844973452847951e-16f,1.4259925f,0f,1.4571526635493854f,0.12748433908717616f,3.094121013797391f,-1.7913138352403177e-16f,0.12748433908717616f,-1.4571526635493854f,-0.3440016651649219f,0f,0f,0f,1f],start_interpolation:0}
execute if entity @s[tag=aj.attack.bone.chest] run data modify entity @s {} merge value {transformation:[-2.06546125f,-2.204570093757574e-17f,2.5198351476752546e-16f,-5.651744978065014e-19f,0f,2.057601546363949f,0.1800168093602565f,3.894105f,-2.529460508575391e-16f,0.1800168093602565f,-2.057601546363949f,0.004614999999999994f,0f,0f,0f,1f],start_interpolation:0}
execute if entity @s[tag=aj.attack.bone.weist] run data modify entity @s {} merge value {transformation:[-2.0892733333333333f,2.2299859212327835e-17f,2.548885571411215e-16f,4.3783572363116175e-17f,0f,2.081323017531135f,-0.1820921691695423f,0.2669750000000004f,-2.5586219002105877e-16f,-0.1820921691695423f,-2.081323017531135f,-0.35752f,0f,0f,0f,1f],start_interpolation:0}
execute if entity @s[tag=aj.attack.bone.right_foot] run data modify entity @s {} merge value {transformation:[-1.1328200000000002f,-2.4211800014326808e-18f,1.3870930938324036e-16f,-0.8202674999999998f,0f,1.1326474660270631f,0.019770435060283517f,-8.5206637337807f,-1.387304387010105e-16f,0.019770435060283517f,-1.1326474660270631f,-1.442886078114423f,0f,0f,0f,1f],start_interpolation:0}
execute if entity @s[tag=aj.attack.bone.right_knee] run data modify entity @s {} merge value {transformation:[-3.1203466666666664f,-5.648274369697506e-17f,3.77934862845298e-16f,-0.8545118749999999f,0f,3.0860723525218123f,0.4612166033202433f,-4.603807848272761f,-3.821322557563446e-16f,0.4612166033202433f,-3.0860723525218123f,-0.7441491442422175f,0f,0f,0f,1f],start_interpolation:0}
execute if entity @s[tag=aj.attack.bone.right_thigh] run data modify entity @s {} merge value {transformation:[-2.3827266666666667f,-2.79677770287517e-17f,2.9045646989235296e-16f,-0.7753199999999999f,0f,2.3717570657481f,0.2283742304166716f,-1.36298515003313f,-2.9179985855763755e-16f,0.2283742304166716f,-2.3717570657481f,-0.6271978835398352f,0f,0f,0f,1f],start_interpolation:0}
execute if entity @s[tag=aj.attack.bone.right_leg] run data modify entity @s {} merge value {transformation:[-1.1368933333333335f,1.2134631150591802e-17f,1.3869946872598134e-16f,-0.7484449999999999f,0f,1.1325671109625184f,-0.09908678289152761f,-1.552666875f,-1.3922927816386319e-16f,-0.09908678289152761f,-1.1325671109625184f,-0.6080933333333335f,0f,0f,0f,1f],start_interpolation:0}
execute if entity @s[tag=aj.attack.bone.left_foot] run data modify entity @s {} merge value {transformation:[-1.1328200000000002f,-6.190121836015522e-17f,1.2415463659365772e-16f,0.8202675000000003f,0f,1.0137995435100065f,0.5054618066470533f,-7.597510864344519f,-1.387304387010105e-16f,0.5054618066470533f,-1.0137995435100065f,-1.3443877189553386f,0f,0f,0f,1f],start_interpolation:0}
execute if entity @s[tag=aj.attack.bone.left_knee] run data modify entity @s {} merge value {transformation:[-3.1203466666666664f,-2.136856456062162e-16f,3.168019977072224e-16f,0.8545118749999999f,0f,2.58688462606355f,1.744875712368599f,-4.3630283849476985f,-3.821322557563446e-16f,1.744875712368599f,-2.58688462606355f,0.9725318784995035f,0f,0f,0f,1f],start_interpolation:0}
execute if entity @s[tag=aj.attack.bone.left_thigh] run data modify entity @s {} merge value {transformation:[-2.3827266666666667f,1.2562307715615397e-16f,2.633742583094944e-16f,0.7753200000000001f,0f,2.150614025961329f,-1.02579027066104f,-1.5248667884730387f,-2.9179985855763755e-16f,-1.02579027066104f,-2.150614025961329f,-0.5963684086766737f,0f,0f,0f,1f],start_interpolation:0}
execute if entity @s[tag=aj.attack.bone.left_leg] run data modify entity @s {} merge value {transformation:[-1.1368933333333335f,1.2134631150591802e-17f,1.3869946872598134e-16f,0.7484450000000001f,0f,1.1325671109625184f,-0.09908678289152761f,-1.552666875f,-1.3922927816386319e-16f,-0.09908678289152761f,-1.1325671109625184f,-0.5914266666666664f,0f,0f,0f,1f],start_interpolation:0}