execute if entity @s[tag=aj.attack.bone.neck] run data modify entity @s {} merge value {transformation:[-1.0489695833333332f,0f,1.2846172426320994e-16f,-4.129509006724875e-17f,0f,1.0489695833333332f,0f,4.5073875f,-1.2846172426320994e-16f,0f,-1.0489695833333332f,0.3372f,0f,0f,0f,1f],start_interpolation:0}
execute if entity @s[tag=aj.attack.bone.right_thumb_2] run data modify entity @s {} merge value {transformation:[-0.9880400219339242f,-0.1296449488715683f,-0.08348114930269583f,-2.462105352468361f,-0.010736937840566008f,0.5979200571884165f,-0.8014838260237123f,-1.3999885122847076f,0.15382338321145575f,-0.791001765133232f,-0.5921609361765536f,1.1170149144123152f,0f,0f,0f,1f],start_interpolation:0}
execute if entity @s[tag=aj.attack.bone.right_thumb] run data modify entity @s {} merge value {transformation:[-0.9880400219339242f,-0.1296449488715683f,-0.08348114930269583f,-2.645076563394159f,-0.010736937840566008f,0.5979200571884165f,-0.8014838260237123f,-1.230191950715857f,0.15382338321145575f,-0.791001765133232f,-0.5921609361765536f,0.912991745281043f,0f,0f,0f,1f],start_interpolation:0}
execute if entity @s[tag=aj.attack.bone.right_fingers2] run data modify entity @s {} merge value {transformation:[0.862854868190991f,-0.4903107500714059f,-0.12278780396897274f,-2.4901351596694683f,-0.47070592821951085f,-0.6909570130213085f,-0.5486477333368649f,-1.9658449755494054f,0.18416678739152756f,0.5312003148729172f,-0.8269877991245077f,1.1738458958724858f,0f,0f,0f,1f],start_interpolation:0}
execute if entity @s[tag=aj.attack.bone.right_fingers] run data modify entity @s {} merge value {transformation:[-0.20815221048165095f,-0.9703585999351371f,-0.12278780396897274f,-2.9394446485451553f,-0.8005214180334342f,0.2411454415369686f,-0.5486477333368649f,-1.8191872980887993f,0.5619947655817994f,-0.015907971519362407f,-0.8269877991245077f,1.1334357750591895f,0f,0f,0f,1f],start_interpolation:0}
execute if entity @s[tag=aj.attack.locator_origin.consume] at @s on origin run tp @s ^-2.75542 ^-1.881 ^1.13962 ~-8.44535 ~-33.27429
execute if entity @s[tag=aj.attack.bone.right_hand] run data modify entity @s {} merge value {transformation:[-0.984807753012208f,0.12278780396897289f,-0.12278780396897274f,-2.9180126026877296f,0.17045777155400835f,0.8184924024211596f,-0.5486477333368649f,-1.2474866838339385f,0.033133634329594625f,-0.5612426769012806f,-0.8269877991245077f,0.7156015091009382f,0f,0f,0f,1f],start_interpolation:0}
execute if entity @s[tag=aj.attack.bone.right_forearm] run data modify entity @s {} merge value {transformation:[-1.4824598341687394f,0.18483606262544394f,-0.18483606262544372f,-2.608370001000596f,0.2565950552052524f,1.232100486059642f,-0.8258954352175383f,0.5250227362183959f,0.04987702615400673f,-0.8448549711175738f,-1.2448888544995957f,-0.4997291303236935f,0f,0f,0f,1f],start_interpolation:0}
execute if entity @s[tag=aj.attack.bone.right_bicep] run data modify entity @s {} merge value {transformation:[-1.554906395845955f,0.27417195006379846f,1.8980612337434676e-16f,-2.107345625f,0.26913463912148006f,1.5263383858790232f,0.3012670507400574f,2.7397448883168525f,0.05231447435210142f,0.2966901272959308f,-1.5498846157642934f,-0.1300379532665189f,0f,0f,0f,1f],start_interpolation:0}
execute if entity @s[tag=aj.attack.bone.right_shoulder] run data modify entity @s {} merge value {transformation:[-1f,-2.3367362543640773e-17f,1.2021465881652135e-16f,-1.795433125f,0f,0.9816271834476639f,0.1908089953765448f,2.9650227862990604f,-1.2246467991473532e-16f,0.1908089953765448f,-0.9816271834476639f,-0.022578572380141035f,0f,0f,0f,1f],start_interpolation:0}
execute if entity @s[tag=aj.attack.bone.right_arm] run data modify entity @s {} merge value {transformation:[-1.46271875f,-1.5612328780452606e-17f,1.7844973452847951e-16f,-1.4259925f,0f,1.4571526635493854f,0.12748433908717616f,3.018883182428125f,-1.7913138352403177e-16f,0.12748433908717616f,-1.4571526635493854f,-0.026054431243193676f,0f,0f,0f,1f],start_interpolation:0}
execute if entity @s[tag=aj.attack.bone.left_thumb_2] run data modify entity @s {} merge value {transformation:[-0.9880400219339242f,0.12964494887156844f,0.08348114930269598f,2.4957065135762124f,0.05857297845859921f,0.8163635763541437f,-0.5745604558240678f,-1.5832270359356126f,-0.1426398305218395f,-0.5627989858149716f,-0.8141935766845256f,-0.3606398836821985f,0f,0f,0f,1f],start_interpolation:0}
execute if entity @s[tag=aj.attack.bone.left_thumb] run data modify entity @s {} merge value {transformation:[-0.9880400219339242f,0.12964494887156844f,0.08348114930269598f,2.6786777245020104f,0.05857297845859921f,0.8163635763541437f,-0.5745604558240678f,-1.357877745011946f,-0.1426398305218395f,-0.5627989858149716f,-0.8141935766845256f,-0.5009040021985628f,0f,0f,0f,1f],start_interpolation:0}
execute if entity @s[tag=aj.attack.bone.left_fingers2] run data modify entity @s {} merge value {transformation:[0.862854868190991f,0.4903107500714058f,0.12278780396897294f,2.5237363207773202f,0.5047422139891f,-0.8229654584307627f,-0.2606974331427647f,-2.138240894623154f,-0.026772632602886724f,0.28692023733828903f,-0.9575802856937119f,-0.4846677601331184f,0f,0f,0f,1f],start_interpolation:0}
execute if entity @s[tag=aj.attack.bone.left_fingers] run data modify entity @s {} merge value {transformation:[-0.20815221048165083f,0.9703585999351371f,0.12278780396897294f,2.9730458096530072f,0.9366550185868528f,0.23391071909777023f,-0.2606974331427647f,-1.9863162007654898f,-0.2816913797539158f,0.06074506583323833f,-0.9575802856937119f,-0.4768999020924892f,0f,0f,0f,1f],start_interpolation:0}
execute if entity @s[tag=aj.attack.bone.left_hand] run data modify entity @s {} merge value {transformation:[-0.984807753012208f,-0.12278780396897279f,0.12278780396897294f,2.9516137637955815f,-0.15138575434876728f,0.9534774259168532f,-0.2606974331427647f,-1.3122110664235307f,-0.08506493394637132f,-0.2753251776780481f,-0.9575802856937119f,-0.6937162621810795f,0f,0f,0f,1f],start_interpolation:0}
execute if entity @s[tag=aj.attack.bone.left_forearm] run data modify entity @s {} merge value {transformation:[-1.48245983416874f,-0.1848360626254439f,0.1848360626254441f,2.6419711621084474f,-0.2278853914390346f,1.4352973789908954f,-0.39243544978493716f,0.7525924681748362f,-0.12805072613004623f,-0.4144550202764482f,-1.4414735334797444f,-1.2898744381785552f,0f,0f,0f,1f],start_interpolation:0}
execute if entity @s[tag=aj.attack.bone.left_bicep] run data modify entity @s {} merge value {transformation:[-1.554906395845955f,-0.2741719500637986f,1.685692761619644e-16f,2.044845625f,-0.23902195830290632f,1.355560886612695f,0.77345157843222f,2.7543593215117474f,-0.13430845710836603f,0.7617011110195802f,-1.3764725982979653f,-0.14095215247118165f,0f,0f,0f,1f],start_interpolation:0}
execute if entity @s[tag=aj.attack.bone.left_shoulder] run data modify entity @s {} merge value {transformation:[-1f,-5.999170303815034e-17f,1.0676419527726028e-16f,1.795433125f,0f,0.871795813712114f,0.48986943076092543f,2.9650227862990604f,-1.2246467991473532e-16f,0.48986943076092543f,-0.871795813712114f,-0.02257857238014055f,0f,0f,0f,1f],start_interpolation:0}
execute if entity @s[tag=aj.attack.bone.left_arm] run data modify entity @s {} merge value {transformation:[-1.46271875f,-1.5612328780452606e-17f,1.7844973452847951e-16f,1.4259925f,0f,1.4571526635493854f,0.12748433908717616f,2.956621013797391f,-1.7913138352403177e-16f,0.12748433908717616f,-1.4571526635493854f,-0.03150166516492192f,0f,0f,0f,1f],start_interpolation:0}
execute if entity @s[tag=aj.attack.bone.chest] run data modify entity @s {} merge value {transformation:[-2.06546125f,-2.204570093757574e-17f,2.5198351476752546e-16f,-3.883538697116129e-17f,0f,2.057601546363949f,0.1800168093602565f,3.756605f,-2.529460508575391e-16f,0.1800168093602565f,-2.057601546363949f,0.317115f,0f,0f,0f,1f],start_interpolation:0}
execute if entity @s[tag=aj.attack.bone.weist] run data modify entity @s {} merge value {transformation:[-2.0892733333333333f,3.339671739653208e-17f,2.5367325351622816e-16f,-2.140682604909573e-18f,0f,2.0713993103386654f,-0.2727048927068946f,0.31697500000000023f,-2.5586219002105877e-16f,-0.2727048927068946f,-2.0713993103386654f,0.017479999999999996f,0f,0f,0f,1f],start_interpolation:0}
execute if entity @s[tag=aj.attack.bone.right_foot] run data modify entity @s {} merge value {transformation:[-1.1328200000000002f,-7.75770768169885e-17f,1.1501274614018173e-16f,-0.8202674999999996f,0f,0.9391503429418024f,0.6334649049097315f,-7.070418769410647f,-1.387304387010105e-16f,0.6334649049097315f,-0.9391503429418024f,-2.9556381122813398f,0f,0f,0f,1f],start_interpolation:0}
execute if entity @s[tag=aj.attack.bone.right_knee] run data modify entity @s {} merge value {transformation:[-3.1203466666666664f,-2.5320849373405757e-16f,2.862001390467204e-16f,-0.8545118749999999f,0f,2.337001486844893f,2.067604258716482f,-4.1660264287448445f,-3.821322557563446e-16f,2.067604258716482f,-2.337001486844893f,-0.23635540133032035f,0f,0f,0f,1f],start_interpolation:0}
execute if entity @s[tag=aj.attack.bone.right_thigh] run data modify entity @s {} merge value {transformation:[-2.3827266666666667f,-1.0183668201522534e-17f,2.916221019679726e-16f,-0.7753199999999999f,0f,2.381275173960453f,0.08315596144629456f,-1.1748290086261153f,-2.9179985855763755e-16f,0.08315596144629456f,-2.381275173960453f,-0.301209874423056f,0f,0f,0f,1f],start_interpolation:0}
execute if entity @s[tag=aj.attack.bone.right_leg] run data modify entity @s {} merge value {transformation:[-1.1368933333333335f,4.859031734171332e-18f,1.3914446344945495e-16f,-0.7484449999999999f,0f,1.1362007686324966f,-0.039677005137762f,-1.502666875f,-1.3922927816386319e-16f,-0.039677005137762f,-1.1362007686324966f,-0.2872600000000001f,0f,0f,0f,1f],start_interpolation:0}
execute if entity @s[tag=aj.attack.bone.left_foot] run data modify entity @s {} merge value {transformation:[-1.1328200000000002f,1.2913429130074712e-18f,1.3872442847478544e-16f,0.8202675000000001f,0f,1.132770922778476f,-0.010544615099688811f,-7.851534547367839f,-1.387304387010105e-16f,-0.010544615099688811f,-1.132770922778476f,0.16381851510206746f,0f,0f,0f,1f],start_interpolation:0}
execute if entity @s[tag=aj.attack.bone.left_knee] run data modify entity @s {} merge value {transformation:[-3.1203466666666664f,-4.63495408058194e-17f,3.793109291287585e-16f,0.854511875f,0f,3.09730878644234f,0.37847272240526614f,-3.917384016634684f,-3.821322557563446e-16f,0.37847272240526614f,-3.09730878644234f,0.7574959798313115f,0f,0f,0f,1f],start_interpolation:0}
execute if entity @s[tag=aj.attack.bone.left_thigh] run data modify entity @s {} merge value {transformation:[-2.3827266666666667f,8.059411379352792e-17f,2.804491866204878e-16f,0.7753200000000001f,0f,2.290041396554071f,-0.6581008814103844f,-1.0760788534315906f,-2.9179985855763755e-16f,-0.6581008814103844f,-2.290041396554071f,-0.2610907786780075f,0f,0f,0f,1f],start_interpolation:0}
execute if entity @s[tag=aj.attack.bone.left_leg] run data modify entity @s {} merge value {transformation:[-1.1368933333333335f,1.1004552024078778e-17f,1.38793702064538e-16f,0.7484450000000001f,0f,1.133336584566028f,-0.08985898653996055f,-1.502666875f,-1.3922927816386319e-16f,-0.08985898653996055f,-1.133336584566028f,-0.2247599999999999f,0f,0f,0f,1f],start_interpolation:0}