execute if entity @s[tag=aj.attack.bone.neck] run data modify entity @s {} merge value {transformation:[-1.0489695833333332f,0f,1.2846172426320994e-16f,-4.129509006724875e-17f,0f,1.0489695833333332f,0f,4.6823875f,-1.2846172426320994e-16f,0f,-1.0489695833333332f,0.3372f,0f,0f,0f,1f],start_interpolation:0}
execute if entity @s[tag=aj.attack.bone.right_thumb_2] run data modify entity @s {} merge value {transformation:[-0.9880400219339242f,-0.12964494887156833f,-0.08348114930269582f,-2.462105352468361f,-0.06023196915782003f,0.8228695056418334f,-0.5650291024152083f,-1.3581918275392042f,0.14194726115068923f,-0.5532431327335686f,-0.820836774965014f,-0.36618043465043304f,0f,0f,0f,1f],start_interpolation:0}
execute if entity @s[tag=aj.attack.bone.right_thumb] run data modify entity @s {} merge value {transformation:[-0.9880400219339242f,-0.12964494887156833f,-0.08348114930269582f,-2.645076563394159f,-0.06023196915782003f,0.8228695056418334f,-0.5650291024152083f,-1.1312225778623943f,0.14194726115068923f,-0.5532431327335686f,-0.820836774965014f,-0.5038077777335505f,0f,0f,0f,1f],start_interpolation:0}
execute if entity @s[tag=aj.attack.bone.right_fingers2] run data modify entity @s {} merge value {transformation:[0.862854868190991f,-0.4903107500714058f,-0.12278780396897274f,-2.4901351596694683f,-0.5050200398596294f,-0.8262545969125024f,-0.24951573181091458f,-1.911721982428885f,0.020886258144670357f,0.2773061655379724f,-0.960554555855804f,-0.4966705304430431f,0f,0f,0f,1f],start_interpolation:0}
execute if entity @s[tag=aj.attack.bone.right_fingers] run data modify entity @s {} merge value {transformation:[-0.2081522104816509f,-0.9703585999351371f,-0.12278780396897274f,-2.9394446485451553f,-0.9398754695607668f,0.23318662332301868f,-0.24951573181091458f,-1.759898175681053f,0.2707522095746038f,0.06346799378528499f,-0.960554555855804f,-0.48713198092640486f,0f,0f,0f,1f],start_interpolation:0}
execute if entity @s[tag=aj.attack.locator_origin.right_hand] at @s on origin run tp @s ^-2.75542 ^-1.82035 ^-0.50141 ~-7.28462 ~-14.44886
execute if entity @s[tag=aj.attack.bone.right_hand] run data modify entity @s {} merge value {transformation:[-0.984807753012208f,0.12278780396897285f,-0.12278780396897274f,-2.9180126026877296f,0.15038373318043527f,0.9566225129974619f,-0.24951573181091458f,-1.083311094384554f,0.08682408883346504f,-0.26419031553578515f,-0.960554555855804f,-0.6960745270268588f,0f,0f,0f,1f],start_interpolation:0}
execute if entity @s[tag=aj.attack.bone.right_forearm] run data modify entity @s {} merge value {transformation:[-1.4824598341687394f,0.1848360626254439f,-0.18483606262544372f,-2.608370001000596f,0.22637701974872693f,1.4400317703050416f,-0.37560330863714747f,0.9883024410324137f,0.13069883329027254f,-0.3976933875268871f,-1.4459507891042873f,-1.26811960145348f,0f,0f,0f,1f],start_interpolation:0}
execute if entity @s[tag=aj.attack.bone.right_bicep] run data modify entity @s {} merge value {transformation:[-1.554906395845955f,0.2741719500637984f,1.6745351739211642e-16f,-2.107345625f,0.23743987376036804f,1.3465884393094993f,0.7894466666666666f,2.962003701399202f,0.13708597503189907f,0.7774531979229775f,-1.367361736532558f,-0.19752672261666848f,0f,0f,0f,1f],start_interpolation:0}
execute if entity @s[tag=aj.attack.bone.right_shoulder] run data modify entity @s {} merge value {transformation:[-1f,-6.123233995736767e-17f,1.060575238724907e-16f,-1.795433125f,0f,0.8660254037844386f,0.5f,3.1400227862990606f,-1.2246467991473532e-16f,0.5f,-0.8660254037844386f,-0.022578572380141035f,0f,0f,0f,1f],start_interpolation:0}
execute if entity @s[tag=aj.attack.bone.right_arm] run data modify entity @s {} merge value {transformation:[-1.46271875f,-1.5612328780452606e-17f,1.7844973452847951e-16f,-1.4259925f,0f,1.4571526635493854f,0.12748433908717616f,3.193883182428125f,-1.7913138352403177e-16f,0.12748433908717616f,-1.4571526635493854f,-0.026054431243193676f,0f,0f,0f,1f],start_interpolation:0}
execute if entity @s[tag=aj.attack.bone.left_thumb_2] run data modify entity @s {} merge value {transformation:[-0.9880400219339242f,0.1296449488715685f,0.08348114930269596f,2.4957065135762124f,-0.025469080269998723f,0.39674378354028417f,-0.9175759893176917f,-0.9024661228950137f,-0.15207971924951394f,-0.9087279887041163f,-0.3886967989818806f,2.089090273509269f,0f,0f,0f,1f],start_interpolation:0}
execute if entity @s[tag=aj.attack.bone.left_thumb] run data modify entity @s {} merge value {transformation:[-0.9880400219339242f,0.1296449488715685f,0.08348114930269596f,2.6786777245020104f,-0.025469080269998723f,0.39674378354028417f,-0.9175759893176917f,-0.7849893167913962f,-0.15207971924951394f,-0.9087279887041163f,-0.3886967989818806f,1.8510660606848903f,0f,0f,0f,1f],start_interpolation:0}
execute if entity @s[tag=aj.attack.bone.left_fingers2] run data modify entity @s {} merge value {transformation:[0.862854868190991f,0.4903107500714057f,0.12278780396897293f,2.5237363207773202f,0.4147074032607321f,-0.5478595649638666f,-0.7265450204621483f,-1.4394209978909611f,-0.28896236107813067f,0.6778239192017483f,-0.6760587906670052f,2.27644757838486f,0f,0f,0f,1f],start_interpolation:0}
execute if entity @s[tag=aj.attack.bone.left_fingers] run data modify entity @s {} merge value {transformation:[-0.20815221048165078f,0.9703585999351371f,0.12278780396897293f,2.9730458096530072f,0.6472078749934483f,0.23076893159201783f,-0.7265450204621483f,-1.3062490390896044f,-0.7333448191799457f,-0.0717627183417613f,-0.6760587906670052f,2.2029174375493215f,0f,0f,0f,1f],start_interpolation:0}
execute if entity @s[tag=aj.attack.bone.left_hand] run data modify entity @s {} merge value {transformation:[-0.984807753012208f,-0.12278780396897274f,0.12278780396897293f,2.9516137637955815f,-0.1734829030790772f,0.6648578912676844f,-0.7265450204621483f,-0.8478860305633917f,0.007574427126938398f,-0.736808753758779f,-0.6760587906670052f,1.6631671077087045f,0f,0f,0f,1f],start_interpolation:0}
execute if entity @s[tag=aj.attack.bone.left_forearm] run data modify entity @s {} merge value {transformation:[-1.48245983416874f,-0.1848360626254438f,0.18483606262544408f,2.6419711621084474f,-0.26114887392294145f,1.0008299754137409f,-1.0936894101981023f,0.5919355097913153f,0.011402006074971575f,-1.1091397072884082f,-1.0176910159724377f,0.06763204409238072f,0f,0f,0f,1f],start_interpolation:0}
execute if entity @s[tag=aj.attack.bone.left_bicep] run data modify entity @s {} merge value {transformation:[-1.554906395845955f,-0.2741719500637985f,1.9317463208026353e-16f,2.044845625f,-0.2739109991188678f,1.5534264694961575f,-0.0688703599152132f,2.898609652010328f,0.01195921249454219f,-0.0678240643972432f,-1.5773905767341179f,-0.012038247306595216f,0f,0f,0f,1f],start_interpolation:0}
execute if entity @s[tag=aj.attack.bone.left_shoulder] run data modify entity @s {} merge value {transformation:[-1f,5.341834311772722e-18f,1.223481206754078e-16f,1.795433125f,0f,0.9990482215818577f,-0.04361938736533598f,3.1400227862990606f,-1.2246467991473532e-16f,-0.04361938736533598f,-0.9990482215818577f,-0.02257857238014055f,0f,0f,0f,1f],start_interpolation:0}
execute if entity @s[tag=aj.attack.bone.left_arm] run data modify entity @s {} merge value {transformation:[-1.46271875f,-1.5612328780452606e-17f,1.7844973452847951e-16f,1.4259925f,0f,1.4571526635493854f,0.12748433908717616f,3.131621013797391f,-1.7913138352403177e-16f,0.12748433908717616f,-1.4571526635493854f,-0.03150166516492192f,0f,0f,0f,1f],start_interpolation:0}
execute if entity @s[tag=aj.attack.bone.chest] run data modify entity @s {} merge value {transformation:[-2.06546125f,-2.204570093757574e-17f,2.5198351476752546e-16f,-3.883538697116129e-17f,0f,2.057601546363949f,0.1800168093602565f,3.9316050000000002f,-2.529460508575391e-16f,0.1800168093602565f,-2.057601546363949f,0.317115f,0f,0f,0f,1f],start_interpolation:0}
execute if entity @s[tag=aj.attack.bone.weist] run data modify entity @s {} merge value {transformation:[-2.0892733333333333f,3.339671739653208e-17f,2.5367325351622816e-16f,-2.140682604909573e-18f,0f,2.0713993103386654f,-0.2727048927068946f,0.4919750000000003f,-2.5586219002105877e-16f,-0.2727048927068946f,-2.0713993103386654f,0.017479999999999996f,0f,0f,0f,1f],start_interpolation:0}
execute if entity @s[tag=aj.attack.bone.right_foot] run data modify entity @s {} merge value {transformation:[-1.1328200000000002f,-6.441626981474908e-17f,1.228685427818214e-16f,-0.8202674999999998f,0f,1.0032977905741252f,0.5259987602923405f,-6.930280216639024f,-1.387304387010105e-16f,0.5259987602923405f,-1.0032977905741252f,-0.5290927913374763f,0f,0f,0f,1f],start_interpolation:0}
execute if entity @s[tag=aj.attack.bone.right_knee] run data modify entity @s {} merge value {transformation:[-3.1203466666666664f,-2.2009167999678222e-16f,3.123855202880351e-16f,-0.8545118750000001f,0f,2.5508213511481848f,1.797184952837166f,-3.743642513003898f,-3.821322557563446e-16f,1.797184952837166f,-2.5508213511481848f,1.8532030501495464f,0f,0f,0f,1f],start_interpolation:0}
execute if entity @s[tag=aj.attack.bone.right_thigh] run data modify entity @s {} merge value {transformation:[-2.3827266666666667f,1.7696234094149957e-16f,2.3201613595343275e-16f,-0.7753199999999999f,0f,1.8945555250295136f,-1.4450071732086966f,-1.337219181495629f,-2.9179985855763755e-16f,-1.4450071732086966f,-1.8945555250295136f,-0.22646119534844317f,0f,0f,0f,1f],start_interpolation:0}
execute if entity @s[tag=aj.attack.bone.right_leg] run data modify entity @s {} merge value {transformation:[-1.1368933333333335f,1.1731119980441196e-17f,1.387341800784323e-16f,-0.7484449999999999f,0f,1.1328505506650932f,-0.09579186414081887f,-1.327666875f,-1.3922927816386319e-16f,-0.09579186414081887f,-1.1328505506650932f,-0.22476000000000013f,0f,0f,0f,1f],start_interpolation:0}
execute if entity @s[tag=aj.attack.bone.left_foot] run data modify entity @s {} merge value {transformation:[-1.1328200000000002f,-1.6113637315891124e-17f,1.3779145588397976e-16f,0.8202675000000004f,0f,1.1251526234332672f,0.13157783392819924f,-7.797752745984983f,-1.387304387010105e-16f,0.13157783392819924f,-1.1251526234332672f,-1.9509122696058894f,0f,0f,0f,1f],start_interpolation:0}
execute if entity @s[tag=aj.attack.bone.left_knee] run data modify entity @s {} merge value {transformation:[-3.1203466666666664f,-9.354588139357159e-17f,3.7050536968272426e-16f,0.8545118750000003f,0f,3.025405936966353f,0.7638600897720214f,-3.969094642715448f,-3.821322557563446e-16f,0.7638600897720214f,-3.025405936966353f,-0.8686135775324694f,0f,0f,0f,1f],start_interpolation:0}
execute if entity @s[tag=aj.attack.bone.left_thigh] run data modify entity @s {} merge value {transformation:[-2.3827266666666667f,-7.143253297282146e-17f,2.829214567461154e-16f,0.7753200000000001f,0f,2.3102290141377613f,0.5832908967920838f,-1.0253280084845342f,-2.9179985855763755e-16f,0.5832908967920838f,-2.3102290141377613f,-0.3256665962406686f,0f,0f,0f,1f],start_interpolation:0}
execute if entity @s[tag=aj.attack.bone.left_leg] run data modify entity @s {} merge value {transformation:[-1.1368933333333335f,-1.0124195421442876e-17f,1.3886069481713975e-16f,0.7484450000000001f,0f,1.1338836219048625f,0.08267032934305414f,-1.390166875f,-1.3922927816386319e-16f,0.08267032934305414f,-1.1338836219048625f,-0.3497599999999999f,0f,0f,0f,1f],start_interpolation:0}