execute if entity @s[tag=aj.attack.bone.neck] run data modify entity @s {} merge value {transformation:[-1.0489695833333332f,0f,1.2846172426320994e-16f,-4.129509006724875e-17f,0f,1.0489695833333332f,0f,4.6323875f,-1.2846172426320994e-16f,0f,-1.0489695833333332f,0.3372f,0f,0f,0f,1f],start_interpolation:0}
execute if entity @s[tag=aj.attack.bone.right_thumb_2] run data modify entity @s {} merge value {transformation:[-0.9880400219339242f,-0.1296449488715683f,-0.08348114930269587f,-2.462105352468361f,0.01747493824857399f,0.44375920822716036f,-0.8959756646510062f,-0.9942215766924882f,0.1532042479503068f,-0.8867186432830271f,-0.4361863203543741f,1.8933924439130343f,0f,0f,0f,1f],start_interpolation:0}
execute if entity @s[tag=aj.attack.bone.right_thumb] run data modify entity @s {} merge value {transformation:[-0.9880400219339242f,-0.1296449488715683f,-0.08348114930269587f,-2.645076563394159f,0.01747493824857399f,0.44375920822716036f,-0.8959756646510062f,-0.8644485436816415f,0.1532042479503068f,-0.8867186432830271f,-0.4361863203543741f,1.661842695983701f,0f,0f,0f,1f],start_interpolation:0}
execute if entity @s[tag=aj.attack.bone.right_fingers2] run data modify entity @s {} merge value {transformation:[0.862854868190991f,-0.4903107500714059f,-0.12278780396897276f,-2.4901351596694683f,-0.42926218266278504f,-0.5825833054464725f,-0.6901671324763615f,-1.5402460974036565f,0.26686223969435857f,0.6482222308587366f,-0.7131567039899671f,2.0523909352715934f,0f,0f,0f,1f],start_interpolation:0}
execute if entity @s[tag=aj.attack.bone.right_fingers] run data modify entity @s {} merge value {transformation:[-0.20815221048165095f,-0.9703585999351371f,-0.12278780396897276f,-2.9394446485451553f,-0.6847012014617948f,0.234208441278556f,-0.6901671324763615f,-1.4034083759101963f,0.6984675525666005f,-0.059586857324326115f,-0.7131567039899671f,1.9859312467471761f,0f,0f,0f,1f],start_interpolation:0}
execute if entity @s[tag=aj.attack.locator_origin.right_hand] at @s on origin run tp @s ^-2.75542 ^-1.46306 ^2.00327 ~-9.76912 ~-43.64334
execute if entity @s[tag=aj.attack.bone.right_hand] run data modify entity @s {} merge value {transformation:[-0.984807753012208f,0.1227878039689729f,-0.12278780396897276f,-2.9180126026877296f,0.17364156567641253f,0.7025083173306921f,-0.6901671324763615f,-0.9174251883123046f,0.0015153469866382979f,-0.7010030094640655f,-0.7131567039899671f,1.4709094923324249f,0f,0f,0f,1f],start_interpolation:0}
execute if entity @s[tag=aj.attack.bone.right_forearm] run data modify entity @s {} merge value {transformation:[-1.4824598341687394f,0.18483606262544397f,-0.18483606262544378f,-2.608370001000596f,0.2613877133583693f,1.0575062599038128f,-1.0389287143913641f,0.6039269799352369f,0.0022810960166070727f,-1.055240276067367f,-1.0735355869199636f,-0.04708450879770208f,0f,0f,0f,1f],start_interpolation:0}
execute if entity @s[tag=aj.attack.bone.right_bicep] run data modify entity @s {} merge value {transformation:[-1.554906395845955f,0.2741719500637985f,1.9335130418063285e-16f,-2.107345625f,0.2741615104360499f,1.5548471897749008f,0.013778268721479345f,2.8489342707974727f,0.002392571254889964f,0.013568945859998495f,-1.5788332139131995f,-0.0871848998799023f,0f,0f,0f,1f],start_interpolation:0}
execute if entity @s[tag=aj.attack.bone.right_shoulder] run data modify entity @s {} merge value {transformation:[-1f,-1.0686923765729455e-18f,1.2246001683497694e-16f,-1.795433125f,0f,0.9999619230641713f,0.008726535498373975f,3.0900227862990604f,-1.2246467991473532e-16f,0.008726535498373975f,-0.9999619230641713f,-0.022578572380141035f,0f,0f,0f,1f],start_interpolation:0}
execute if entity @s[tag=aj.attack.bone.right_arm] run data modify entity @s {} merge value {transformation:[-1.46271875f,-1.5612328780452606e-17f,1.7844973452847951e-16f,-1.4259925f,0f,1.4571526635493854f,0.12748433908717616f,3.143883182428125f,-1.7913138352403177e-16f,0.12748433908717616f,-1.4571526635493854f,-0.026054431243193676f,0f,0f,0f,1f],start_interpolation:0}
execute if entity @s[tag=aj.attack.bone.left_thumb_2] run data modify entity @s {} merge value {transformation:[-0.9880400219339242f,0.12964494887156844f,0.08348114930269598f,2.4957065135762124f,0.06998698750370833f,0.8594573269460135f,-0.5063940409789288f,-1.4156284049335346f,-0.13739991498165635f,-0.49449498520298635f,-0.8582516955836045f,-0.7296636016385065f,0f,0f,0f,1f],start_interpolation:0}
execute if entity @s[tag=aj.attack.bone.left_thumb] run data modify entity @s {} merge value {transformation:[-0.9880400219339242f,0.12964494887156844f,0.08348114930269598f,2.6786777245020104f,0.06998698750370833f,0.8594573269460135f,-0.5063940409789288f,-1.1796116427972518f,-0.13739991498165635f,-0.49449498520298635f,-0.8582516955836045f,-0.8511231169251952f,0f,0f,0f,1f],start_interpolation:0}
execute if entity @s[tag=aj.attack.bone.left_fingers2] run data modify entity @s {} merge value {transformation:[0.862854868190991f,0.4903107500714058f,0.12278780396897294f,2.5237363207773202f,0.5052467881426315f,-0.8435857824972682f,-0.18190302537348474f,-1.958707659245207f,0.014393036881155973f,0.2189940545605913f,-0.9756200308298567f,-0.8984481418323186f,0f,0f,0f,1f],start_interpolation:0}
execute if entity @s[tag=aj.attack.bone.left_fingers] run data modify entity @s {} merge value {transformation:[-0.20815221048165083f,0.9703585999351371f,0.12278780396897294f,2.9730458096530072f,0.9564726995532477f,0.22819128898644697f,-0.18190302537348474f,-1.8079190632388895f,-0.20453027228487544f,0.07957966550962788f,-0.9756200308298567f,-0.8783421343537586f,0f,0f,0f,1f],start_interpolation:0}
execute if entity @s[tag=aj.attack.bone.left_hand] run data modify entity @s {} merge value {transformation:[-0.984807753012208f,-0.12278780396897279f,0.12278780396897294f,2.9516137637955815f,-0.14396086369159852f,0.9727212134446037f,-0.18190302537348474f,-1.1184050188361938f,-0.09710282865197499f,-0.19681614799435215f,-0.9756200308298567f,-1.0395793779412539f,0f,0f,0f,1f],start_interpolation:0}
execute if entity @s[tag=aj.attack.bone.left_forearm] run data modify entity @s {} merge value {transformation:[-1.48245983416874f,-0.1848360626254439f,0.1848360626254441f,2.6419711621084474f,-0.21670848697348766f,1.4642656136335546f,-0.2738239295996134f,0.9880660173421274f,-0.14617172013565366f,-0.2962730880468815f,-1.4686292879924163f,-1.4657225241261682f,0f,0f,0f,1f],start_interpolation:0}
execute if entity @s[tag=aj.attack.bone.left_bicep] run data modify entity @s {} merge value {transformation:[-1.554906395845955f,-0.2741719500637986f,1.6030159966198688e-16f,2.044845625f,-0.2272988479435736f,1.2890758239624394f,0.8829059473372722f,2.889691556524446f,-0.1533150088064123f,0.869492622118334f,-1.308961896390005f,-0.1577036930526351f,0f,0f,0f,1f],start_interpolation:0}
execute if entity @s[tag=aj.attack.bone.left_shoulder] run data modify entity @s {} merge value {transformation:[-1f,-6.848137993413652e-17f,1.0152782096024234e-16f,1.795433125f,0f,0.8290375725550417f,0.5591929034707468f,3.0900227862990604f,-1.2246467991473532e-16f,0.5591929034707468f,-0.8290375725550417f,-0.02257857238014055f,0f,0f,0f,1f],start_interpolation:0}
execute if entity @s[tag=aj.attack.bone.left_arm] run data modify entity @s {} merge value {transformation:[-1.46271875f,-1.5612328780452606e-17f,1.7844973452847951e-16f,1.4259925f,0f,1.4571526635493854f,0.12748433908717616f,3.081621013797391f,-1.7913138352403177e-16f,0.12748433908717616f,-1.4571526635493854f,-0.03150166516492192f,0f,0f,0f,1f],start_interpolation:0}
execute if entity @s[tag=aj.attack.bone.chest] run data modify entity @s {} merge value {transformation:[-2.06546125f,-2.204570093757574e-17f,2.5198351476752546e-16f,-3.883538697116129e-17f,0f,2.057601546363949f,0.1800168093602565f,3.881605f,-2.529460508575391e-16f,0.1800168093602565f,-2.057601546363949f,0.317115f,0f,0f,0f,1f],start_interpolation:0}
execute if entity @s[tag=aj.attack.bone.weist] run data modify entity @s {} merge value {transformation:[-2.0892733333333333f,3.339671739653208e-17f,2.5367325351622816e-16f,-2.140682604909573e-18f,0f,2.0713993103386654f,-0.2727048927068946f,0.44197500000000023f,-2.5586219002105877e-16f,-0.2727048927068946f,-2.0713993103386654f,0.017479999999999996f,0f,0f,0f,1f],start_interpolation:0}
execute if entity @s[tag=aj.attack.bone.right_foot] run data modify entity @s {} merge value {transformation:[-1.1328200000000002f,-2.8848416843942557e-17f,1.3569783884709794e-16f,-0.8202674999999996f,0f,1.1080569429616445f,0.23556520021958946f,-7.68382169439583f,-1.387304387010105e-16f,0.23556520021958946f,-1.1080569429616445f,-2.249449475723943f,0f,0f,0f,1f],start_interpolation:0}
execute if entity @s[tag=aj.attack.bone.right_knee] run data modify entity @s {} merge value {transformation:[-3.1203466666666664f,-1.2757094185905332e-16f,3.6020926651410065e-16f,-0.8545118749999998f,0f,2.94133187434036f,1.0416957930063853f,-3.97230480875888f,-3.821322557563446e-16f,1.0416957930063853f,-2.94133187434036f,-0.8160494135545902f,0f,0f,0f,1f],start_interpolation:0}
execute if entity @s[tag=aj.attack.bone.right_thigh] run data modify entity @s {} merge value {transformation:[-2.3827266666666667f,-6.316699298887865e-17f,2.848808320175302e-16f,-0.7753199999999999f,0f,2.326228527407864f,0.5157976408614956f,-1.024805122797722f,-2.9179985855763755e-16f,0.5157976408614956f,-2.326228527407864f,-0.3102051711598063f,0f,0f,0f,1f],start_interpolation:0}
execute if entity @s[tag=aj.attack.bone.right_leg] run data modify entity @s {} merge value {transformation:[-1.1368933333333335f,-6.07795120610215e-18f,1.3909655066595516e-16f,-0.7484449999999999f,0f,1.1358095310647902f,0.04963023796194835f,-1.4151668750000002f,-1.3922927816386319e-16f,0.04963023796194835f,-1.1358095310647902f,-0.3247600000000001f,0f,0f,0f,1f],start_interpolation:0}
execute if entity @s[tag=aj.attack.bone.left_foot] run data modify entity @s {} merge value {transformation:[-1.1328200000000002f,-2.583691341580412e-17f,1.363032960985136e-16f,0.8202675000000001f,0f,1.113000876607143f,0.2109744085706407f,-7.514263728422077f,-1.387304387010105e-16f,0.2109744085706407f,-1.113000876607143f,0.3935176058628671f,0f,0f,0f,1f],start_interpolation:0}
execute if entity @s[tag=aj.attack.bone.left_knee] run data modify entity @s {} merge value {transformation:[-3.1203466666666664f,-1.1956442029684915e-16f,3.6294546462039e-16f,0.8545118749999999f,0f,2.9636746274361463f,0.9763175829969467f,-3.771920319584464f,-3.821322557563446e-16f,0.9763175829969467f,-2.9636746274361463f,1.7443910791848474f,0f,0f,0f,1f],start_interpolation:0}
execute if entity @s[tag=aj.attack.bone.left_thigh] run data modify entity @s {} merge value {transformation:[-2.3827266666666667f,1.6848019515864305e-16f,2.3824689146673637e-16f,0.7753200000000001f,0f,1.9454335048490157f,-1.3757451967044338f,-1.3124765926688648f,-2.9179985855763755e-16f,-1.3757451967044338f,-1.9454335048490157f,-0.23270466579453775f,0f,0f,0f,1f],start_interpolation:0}
execute if entity @s[tag=aj.attack.bone.left_leg] run data modify entity @s {} merge value {transformation:[-1.1368933333333335f,1.1569687527252559e-17f,1.3874773594027445e-16f,0.7484450000000001f,0f,1.1329612426772848f,-0.0944736681246203f,-1.377666875f,-1.3922927816386319e-16f,-0.0944736681246203f,-1.1329612426772848f,-0.2247599999999999f,0f,0f,0f,1f],start_interpolation:0}