# This file was generated by Animated Java via MC-Build. It is not recommended to edit this file directly.
$data merge entity $(bone_left_fingers_2) { transformation: [-0.8706415414342606f,0.06008075871778833f,-0.6267037440541674f,5.726029728479622f,-0.49105280954737907f,0.6732520560221557f,0.6359706392923986f,-0.9947075826289641f,0.47334527649805636f,0.7544665351688268f,-0.4831130972795117f,-1.6845491590708839f,0f,0f,0f,1f], start_interpolation: 0, interpolation_duration: 1 }
$data merge entity $(bone_left_fingers) { transformation: [-0.8706415414342606f,0.06008075871778833f,-0.6267037440541674f,5.377165502470233f,-0.49105280954737907f,0.6732520560221557f,0.6359706392923986f,-0.6175374728541908f,0.47334527649805636f,0.7544665351688268f,-0.4831130972795117f,-1.9651221853195504f,0f,0f,0f,1f], start_interpolation: 0, interpolation_duration: 1 }
$data merge entity $(bone_left_index_finger_2) { transformation: [-0.8706415414342606f,0.06008075871778834f,-0.6267037440541674f,5.319319856597364f,-0.49105280954737907f,0.6732520560221557f,0.6359706392923985f,-1.0170161308348302f,0.47334527649805636f,0.7544665351688267f,-0.4831130972795116f,-1.3137586913981254f,0f,0f,0f,1f], start_interpolation: 0, interpolation_duration: 1 }
$data merge entity $(bone_left_index_finger) { transformation: [-0.8706415414342606f,-0.21040478746155877f,-0.5933777092146896f,4.9761262424470765f,-0.49105280954737907f,0.8789463871071894f,0.29185652908794185f,-0.8437286732519524f,0.47334527649805636f,0.47960647848563553f,-0.7567004977183939f,-1.747087517332633f,0f,0f,0f,1f], start_interpolation: 0, interpolation_duration: 1 }
$data merge entity $(bone_left_thumb) { transformation: [-0.711909229026968f,0.5763181810726448f,-0.5616285051900307f,4.250574125884491f,-0.14303888325157058f,0.6953685940772519f,0.7712731312535047f,-0.6596516900346877f,0.7931351198230403f,0.5173534270466762f,-0.3604939409505098f,-2.1909307517358463f,0f,0f,0f,1f], start_interpolation: 0, interpolation_duration: 1 }
$data merge entity $(bone_left_hand) { transformation: [-0.8706415414342606f,0.06008075871778833f,-0.6267037440541674f,4.820096083305627f,-0.49105280954737907f,0.6732520560221557f,0.6359706392923986f,-0.2986079470750094f,0.47334527649805636f,0.7544665351688268f,-0.4831130972795117f,-2.3434722520782705f,0f,0f,0f,1f], start_interpolation: 0, interpolation_duration: 1 }
$data merge entity $(bone_left_forearm) { transformation: [-1.795616557555897f,-0.8159232489022045f,-0.8565663083274099f,3.391982493583799f,-1.2599491001786811f,1.1512764631230241f,1.2199894959597821f,1.342587279491451f,0.12475532278770397f,1.4842856241320168f,-1.3760405751223868f,-3.0611849570856418f,0f,0f,0f,1f], start_interpolation: 0, interpolation_duration: 1 }
$data merge entity $(bone_left_bicep) { transformation: [-1.1575410610628016f,-0.7360502496818082f,-0.19948883316017724f,1.7318946854651962f,-0.8122239751960807f,1.0423732013817861f,0.28774594509034385f,1.9751921048759238f,0.08042329978816523f,0.35831969968472027f,-1.2546047503779758f,-2.212128702450671f,0f,0f,0f,1f], start_interpolation: 0, interpolation_duration: 1 }
$data merge entity $(bone_left_shoulder) { transformation: [-1.1627023534136904f,-0.4828065168351308f,-0.4115612400864653f,1.3743293750000003f,-0.5227830150585104f,1.1717363799704004f,-0.15398435408868075f,1.9387337316201665f,0.4821223452096558f,0.022537887934661036f,-1.152096152754329f,-1.9112304697357827f,0f,0f,0f,1f], start_interpolation: 0, interpolation_duration: 1 }
$data merge entity $(bone_right_fingers_2) { transformation: [-0.8706415414342606f,-0.06008075958387196f,0.6267037439711378f,-5.726031483276083f,0.49105280954737907f,0.6732520551432657f,0.6359706402228102f,-0.9947099165553601f,-0.47334527649805636f,0.7544665358364727f,-0.48311309623686427f,-1.6845482989202272f,0f,0f,0f,1f], start_interpolation: 0, interpolation_duration: 1 }
$data merge entity $(bone_right_fingers) { transformation: [-0.8706415414342606f,-0.06008075958387196f,0.6267037439711378f,-5.377164907180516f,0.49105280954737907f,0.6732520551432657f,0.6359706402228102f,-0.6175374213595533f,-0.47334527649805636f,0.7544665358364727f,-0.48311309623686427f,-1.9651231362382422f,0f,0f,0f,1f], start_interpolation: 0, interpolation_duration: 1 }
$data merge entity $(bone_right_index_finger_2) { transformation: [-0.8706415414342606f,-0.060080759583871934f,0.6267037439711378f,-5.319321219919681f,0.49105280954737907f,0.6732520551432657f,0.6359706402228102f,-1.0170180674461538f,-0.47334527649805636f,0.7544665358364726f,-0.48311309623686416f,-1.3137581329764267f,0f,0f,0f,1f], start_interpolation: 0, interpolation_duration: 1 }
$data merge entity $(bone_right_index_finger) { transformation: [-0.8706415414342606f,0.21040478664153062f,0.593377709505462f,-4.976127605606559f,0.49105280954737907f,0.8789463867038536f,0.29185653030261616f,-0.8437306091655656f,-0.47334527649805636f,0.47960647953137014f,-0.7567004970555937f,-1.7470869585228992f,0f,0f,0f,1f], start_interpolation: 0, interpolation_duration: 1 }
$data merge entity $(bone_right_thumb) { transformation: [-0.7119092205686505f,-0.5763182698632724f,0.5616284247986233f,-4.250575488881762f,0.14303881183688155f,0.6953685347271241f,0.7712731980071407f,-0.659653625004173f,-0.7931351334853765f,0.5173534142283779f,-0.360493929287378f,-2.1909301922993176f,0f,0f,0f,1f], start_interpolation: 0, interpolation_duration: 1 }
$data merge entity $(bone_right_hand) { transformation: [-0.8706415414342606f,-0.06008075958387196f,0.6267037439711378f,-4.820097446423382f,0.49105280954737907f,0.6732520551432657f,0.6359706402228102f,-0.29860988222045814f,-0.47334527649805636f,0.7544665358364727f,-0.48311309623686427f,-2.343471692600654f,0f,0f,0f,1f], start_interpolation: 0, interpolation_duration: 1 }
$data merge entity $(bone_right_forearm) { transformation: [-1.7956184267475774f,0.8159240982577872f,0.8565671999913961f,-3.3919837932389507f,1.2599504117540092f,1.15127766157287f,1.219990765938167f,1.3425854516388114f,-0.12475545265485809f,1.4842871692360249f,-1.3760420075460207f,-3.0611888638994884f,0f,0f,0f,1f], start_interpolation: 0, interpolation_duration: 1 }
$data merge entity $(bone_right_bicep) { transformation: [-1.1575410610628016f,0.736050249681808f,0.1994888331601775f,-1.7318946854651958f,0.8122239751960806f,1.042373201381786f,0.2877459450903438f,1.9751921048759238f,-0.08042329978816551f,0.3583196996847203f,-1.2546047503779756f,-2.212128702450671f,0f,0f,0f,1f], start_interpolation: 0, interpolation_duration: 1 }
$data merge entity $(bone_right_shoulder) { transformation: [-1.1627023534136904f,0.4828065168351308f,0.41156124008646555f,-1.3743293749999999f,0.5227830150585104f,1.1717363799704004f,-0.15398435408868075f,1.9387337316201665f,-0.4821223452096561f,0.022537887934661157f,-1.1520961527543288f,-1.911230469735783f,0f,0f,0f,1f], start_interpolation: 0, interpolation_duration: 1 }
$data merge entity $(bone_chest) { transformation: [-4.0674850000000005f,2.245209196680822e-17f,4.976491456254112e-16f,1.6765306575852148e-16f,0f,4.199067444079579f,-0.1774212038176937f,1.9628409388271173f,-4.981232485829872e-16f,-0.1833352439449502f,-4.063613655560883f,-1.3689911725997086f,0f,0f,0f,1f], start_interpolation: 0, interpolation_duration: 1 }
$data merge entity $(bone_weist) { transformation: [-1.0999999999999999f,-1.7583333185789616e-17f,1.380106312067574e-16f,4.729075003114881e-16f,0f,1.0905893475111912f,0.1483647718234586f,2.28590138326067f,-1.3471114790620883e-16f,0.14357881144205673f,-1.1269423257615645f,-3.8615827897541135f,0f,0f,0f,1f], start_interpolation: 0, interpolation_duration: 1 }
$data merge entity $(bone_right_fingers2) { transformation: [-1f,-1.0328566345430089e-16f,-6.580022455450642e-17f,0.7480000000000011f,0f,-0.5372996083468238f,0.8433914458128857f,1.4874904663719108f,-1.2246467991473532e-16f,0.8433914458128857f,0.5372996083468238f,-8.705511195141142f,0f,0f,0f,1f], start_interpolation: 0, interpolation_duration: 1 }
$data merge entity $(bone_left_foot) { transformation: [-1f,-7.871877887341988e-17f,9.381338752702732e-17f,0.752826250000001f,0f,0.766044443118978f,0.6427876096865394f,2.106018195314201f,-1.2246467991473532e-16f,0.6427876096865394f,-0.766044443118978f,-7.924977877808806f,0f,0f,0f,1f], start_interpolation: 0, interpolation_duration: 1 }
$data merge entity $(bone_left_knee) { transformation: [-1.5850141666666666f,-9.459899292150958e-17f,1.6949644320263882e-16f,0.7688818750000008f,0f,1.3840434917287894f,0.7724593979862034f,0.6250037566119881f,-1.9410825258115427e-16f,0.7724593979862034f,-1.3840434917287894f,-6.4677468156910365f,0f,0f,0f,1f], start_interpolation: 0, interpolation_duration: 1 }
$data merge entity $(bone_left_thigh) { transformation: [-1.6036533333333332f,-1.928908275205641e-16f,3.691220912072992e-17f,0.7385400000000005f,0f,0.3014110611029208f,1.5750731366371282f,1.9664835606064577f,-1.9639089216086498e-16f,1.5750731366371282f,-0.3014110611029208f,-4.843664229421549f,0f,0f,0f,1f], start_interpolation: 0, interpolation_duration: 1 }
$data merge entity $(bone_left_leg) { transformation: [-1f,-1.5984848350717836e-17f,1.2141697760125282e-16f,0.5257450000000006f,0f,0.9914448613738104f,0.13052619222005157f,2.208852264863032f,-1.2246467991473532e-16f,0.13052619222005157f,-0.9914448613738104f,-4.921538112204195f,0f,0f,0f,1f], start_interpolation: 0, interpolation_duration: 1 }
$data merge entity $(bone_left_fingers2) { transformation: [-0.9988303873371979f,-0.03894506282339295f,0.02865553024296025f,-0.8072035048283824f,0.04816225526597129f,-0.8537389245928841f,0.5184691367889519f,1.0796960331571472f,0.004272528469027707f,0.5192428436836347f,0.854616062793003f,-8.516156976345622f,0f,0f,0f,1f], start_interpolation: 0, interpolation_duration: 1 }
$data merge entity $(bone_right_foot) { transformation: [-0.9988303873371979f,0.04509299608419659f,0.017449327665381938f,-0.7715300496170464f,0.04816225526597129f,0.8959860246999881f,0.4414628418225111f,1.86555266526185f,0.004272528469027707f,0.44178690026579875f,-0.8971098484879199f,-7.9054288355204845f,0f,0f,0f,1f], start_interpolation: 0, interpolation_duration: 1 }
$data merge entity $(bone_right_knee) { transformation: [-1.5831603140266126f,0.07224720956595315f,0.025566957877667128f,-0.8449644476146988f,0.07633785689518076f,1.4399010484172f,0.6581241607065693f,0.535071354986242f,0.006772018150895559f,0.6585857727061897f,-1.4416965104671589f,-6.31711939640911f,0f,0f,0f,1f], start_interpolation: 0, interpolation_duration: 1 }
$data merge entity $(bone_right_thigh) { transformation: [-1.6017776800879215f,0.027169980186549095f,0.07262278747010963f,-0.7385399999999994f,0.07723556119812573f,0.4263536802005638f,1.5440081673932156f,1.9799333111162596f,0.006851654521117845f,1.5456999531174245f,-0.42716357905868474f,-4.826131817486639f,0f,0f,0f,1f], start_interpolation: 0, interpolation_duration: 1 }
$data merge entity $(bone_right_leg) { transformation: [-1f,-1.5984848350717836e-17f,1.2141697760125282e-16f,-0.5257449999999995f,0f,0.9914448613738104f,0.13052619222005157f,2.208852264863032f,-1.2246467991473532e-16f,0.13052619222005157f,-0.9914448613738104f,-4.921538112204195f,0f,0f,0f,1f], start_interpolation: 0, interpolation_duration: 1 }