# This file was generated by Animated Java via MC-Build. It is not recommended to edit this file directly.
$data merge entity $(bone_left_fingers_2) { transformation: [0.4994509732148523f,0.8798548303473084f,-0.1671703839125167f,3.7824261411110838f,-0.9562893601824399f,0.6042440461648932f,-0.08709731699600148f,3.7453873152408814f,0.061163835164175506f,0.0875138024196726f,1.0355590830186159f,-7.446749089235451f,0f,0f,0f,1f], start_interpolation: 0, interpolation_duration: 1 }
$data merge entity $(bone_left_fingers) { transformation: [0.4994509732148523f,0.8798548303473084f,-0.1671703839125167f,3.6843041514127384f,-0.9562893601824399f,0.6042440461648932f,-0.08709731699600148f,3.71183537905932f,0.061163835164175506f,0.0875138024196726f,1.0355590830186159f,-6.850268526919518f,0f,0f,0f,1f], start_interpolation: 0, interpolation_duration: 1 }
$data merge entity $(bone_left_index_finger_2) { transformation: [0.4994509732148523f,0.8798548303473084f,-0.16717038391251665f,4.211778209888961f,-0.9562893601824399f,0.6042440461648931f,-0.08709731699600154f,3.4610550988259723f,0.061163835164175506f,0.08751380241967255f,1.0355590830186159f,-7.344668405922871f,0f,0f,0f,1f], start_interpolation: 0, interpolation_duration: 1 }
$data merge entity $(bone_left_index_finger) { transformation: [0.4994509732148523f,0.7267700271419429f,-0.5233505396873577f,3.91436375594983f,-0.9562893601824399f,0.5108221675986468f,-0.33430154508084986f,3.2713445925252835f,0.061163835164175506f,0.5169606202012562f,0.9015503298193832f,-6.822094935347019f,0f,0f,0f,1f], start_interpolation: 0, interpolation_duration: 1 }
$data merge entity $(bone_left_thumb) { transformation: [0.8615857766519753f,0.5553276094350723f,-0.02868675754337599f,3.6873726505334727f,-0.5543635891114111f,0.9872938419480037f,0.07154041564618278f,2.7958793327062277f,0.050543906449451816f,-0.14328552888786528f,1.0299013862989264f,-6.033317948332507f,0f,0f,0f,1f], start_interpolation: 0, interpolation_duration: 1 }
$data merge entity $(bone_left_hand) { transformation: [0.4994509732148523f,0.8798548303473084f,-0.1671703839125167f,3.520367910482575f,-0.9562893601824399f,0.6042440461648932f,-0.08709731699600148f,3.467217062802029f,0.061163835164175506f,0.0875138024196726f,1.0355590830186159f,-6.112573842424341f,0f,0f,0f,1f], start_interpolation: 0, interpolation_duration: 1 }
$data merge entity $(bone_left_forearm) { transformation: [-0.9945784715145151f,1.2390758382953753f,-1.2989473519489265f,2.6561586927503127f,-2.0251570844839772f,-0.9146400599382914f,0.4666505749252574f,3.322140859723605f,-0.06991593315743522f,1.3730558356167932f,1.5654784053266175f,-3.8968176829692043f,0f,0f,0f,1f], start_interpolation: 0, interpolation_duration: 1 }
$data merge entity $(bone_left_bicep) { transformation: [-0.6411532653687354f,-0.6831937874020588f,-0.9340531858468768f,1.6288197029788893f,-1.3055139587169118f,0.1920063009651004f,0.6334687031650597f,2.46628737173695f,-0.04507118355068639f,1.1495971843870687f,-0.6930698294856895f,-2.319881162772303f,0f,0f,0f,1f], start_interpolation: 0, interpolation_duration: 1 }
$data merge entity $(bone_left_shoulder) { transformation: [-0.6718107636467584f,-0.5949426339765629f,-0.8903829616016226f,1.3743293750000003f,-0.8939902759774001f,1.064562745513069f,-0.15386244492143f,2.237095985926606f,0.8546207744610544f,0.4595180907375818f,-0.8399594806126692f,-1.8470431890155132f,0f,0f,0f,1f], start_interpolation: 0, interpolation_duration: 1 }
$data merge entity $(bone_right_fingers_2) { transformation: [0.4994509732148523f,-0.8798548303473084f,0.16717038391251626f,-3.7824296009902376f,0.9562893601824399f,0.6042440461648932f,-0.08709731699600148f,3.745386282150496f,-0.061163835164175506f,0.08751380241967247f,1.035559083018616f,-7.446754500215072f,0f,0f,0f,1f], start_interpolation: 0, interpolation_duration: 1 }
$data merge entity $(bone_right_fingers) { transformation: [0.4994509732148523f,-0.8798548303473084f,0.16717038391251626f,-3.684306984402953f,0.9562893601824399f,0.6042440461648932f,-0.08709731699600148f,3.711834019353996f,-0.061163835164175506f,0.08751380241967247f,1.035559083018616f,-6.850270054552578f,0f,0f,0f,1f], start_interpolation: 0, interpolation_duration: 1 }
$data merge entity $(bone_right_index_finger_2) { transformation: [0.4994509732148523f,-0.8798548303473084f,0.16717038391251632f,-4.211781565286624f,0.9562893601824399f,0.6042440461648931f,-0.08709731699600154f,3.4610540112997636f,-0.061163835164175506f,0.08751380241967249f,1.035559083018616f,-7.344673169678066f,0f,0f,0f,1f], start_interpolation: 0, interpolation_duration: 1 }
$data merge entity $(bone_right_index_finger) { transformation: [0.4994509732148523f,-0.7267700271419432f,0.5233505396873573f,-3.914367111347494f,0.9562893601824399f,0.5108221675986468f,-0.33430154508084986f,3.271343504999075f,-0.061163835164175506f,0.5169606202012562f,0.9015503298193834f,-6.822099699102213f,0f,0f,0f,1f], start_interpolation: 0, interpolation_duration: 1 }
$data merge entity $(bone_right_thumb) { transformation: [0.8615857766519753f,-0.5553276094350722f,0.028686757543375546f,-3.687376005931137f,0.5543635891114111f,0.9872938419480037f,0.07154041564618278f,2.795878245180019f,-0.05054390644945172f,-0.14328552888786544f,1.0299013862989264f,-6.033322712087701f,0f,0f,0f,1f], start_interpolation: 0, interpolation_duration: 1 }
$data merge entity $(bone_right_hand) { transformation: [0.4994509732148523f,-0.8798548303473084f,0.16717038391251626f,-3.520371265880239f,0.9562893601824399f,0.6042440461648932f,-0.08709731699600148f,3.4672159752758205f,-0.061163835164175506f,0.08751380241967247f,1.035559083018616f,-6.112578606179535f,0f,0f,0f,1f], start_interpolation: 0, interpolation_duration: 1 }
$data merge entity $(bone_right_forearm) { transformation: [-0.9945795068456922f,-1.239077128142163f,1.2989487041204533f,-2.656158085120505f,2.0251591926215733f,-0.9146410120555925f,0.46665106069677054f,3.322141929030618f,0.06991600593816316f,1.3730572649333885f,1.5654800349502689f,-3.8968221462638146f,0f,0f,0f,1f], start_interpolation: 0, interpolation_duration: 1 }
$data merge entity $(bone_right_bicep) { transformation: [-0.6411532653687353f,0.6831937874020583f,0.9340531858468769f,-1.6288197029788887f,1.3055139587169116f,0.19200630096510038f,0.6334687031650595f,2.46628737173695f,0.04507118355068624f,1.1495971843870687f,-0.6930698294856894f,-2.3198811627723033f,0f,0f,0f,1f], start_interpolation: 0, interpolation_duration: 1 }
$data merge entity $(bone_right_shoulder) { transformation: [-0.6718107636467581f,0.5949426339765628f,0.8903829616016229f,-1.3743293749999999f,0.8939902759774001f,1.064562745513069f,-0.15386244492143f,2.237095985926606f,-0.8546207744610546f,0.45951809073758193f,-0.8399594806126691f,-1.8470431890155137f,0f,0f,0f,1f], start_interpolation: 0, interpolation_duration: 1 }
$data merge entity $(bone_chest) { transformation: [-4.0674850000000005f,2.3764815085835307e-17f,4.976491456254112e-16f,1.6765306575852148e-16f,0f,4.444577435769716f,-0.1774212038176937f,1.9628409388271173f,-4.981232485829872e-16f,-0.19405444167560243f,-4.063613655560883f,-1.3689911725997086f,0f,0f,0f,1f], start_interpolation: 0, interpolation_duration: 1 }
$data merge entity $(bone_weist) { transformation: [-1.0999999999999999f,-1.7583333185789616e-17f,1.460798011765073e-16f,4.729075003114881e-16f,0f,1.0905893475111912f,0.15703932501474954f,2.28590138326067f,-1.3471114790620883e-16f,0.14357881144205673f,-1.1928320988403656f,-3.8615827897541135f,0f,0f,0f,1f], start_interpolation: 0, interpolation_duration: 1 }
$data merge entity $(bone_right_fingers2) { transformation: [-1f,-7.76907704851586e-17f,-9.466647774181197e-17f,0.7480000000000011f,0f,-0.7730104533627367f,0.6343932841636457f,2.3642930099827923f,-1.2246467991473532e-16f,0.6343932841636457f,0.7730104533627367f,-9.131758698020416f,0f,0f,0f,1f], start_interpolation: 0, interpolation_duration: 1 }
$data merge entity $(bone_left_foot) { transformation: [-1f,-1.0399727334354742e-16f,6.46696603031596e-17f,0.752826250000001f,0f,0.5280678506503682f,0.8492021815265787f,2.7093124442444583f,-1.2246467991473532e-16f,0.8492021815265787f,-0.5280678506503682f,-8.197536882326688f,0f,0f,0f,1f], start_interpolation: 0, interpolation_duration: 1 }
$data merge entity $(bone_left_knee) { transformation: [-1.5850141666666666f,-1.033998458662759e-16f,1.6427563907938256e-16f,0.7688818750000008f,0f,1.3414123908522657f,0.8443238159628302f,1.1535612516150824f,-1.9410825258115427e-16f,0.8443238159628302f,-1.3414123908522657f,-6.820378807638967f,0f,0f,0f,1f], start_interpolation: 0, interpolation_duration: 1 }
$data merge entity $(bone_left_thigh) { transformation: [-1.6036533333333332f,-1.9539199430212201e-16f,-1.9782595542041627e-17f,0.7385400000000005f,0f,-0.1615371514122687f,1.5954967133230704f,1.974656410611933f,-1.9639089216086498e-16f,1.5954967133230704f,0.1615371514122687f,-4.880529573440401f,0f,0f,0f,1f], start_interpolation: 0, interpolation_duration: 1 }
$data merge entity $(bone_left_leg) { transformation: [-1f,-1.5984848350717836e-17f,1.2141697760125282e-16f,0.5257450000000006f,0f,0.9914448613738104f,0.13052619222005157f,2.2170251148685076f,-1.2246467991473532e-16f,0.13052619222005157f,-0.9914448613738104f,-4.9584034562230475f,0f,0f,0f,1f], start_interpolation: 0, interpolation_duration: 1 }
$data merge entity $(bone_left_fingers2) { transformation: [-0.9988303863930803f,-0.04726323478807138f,0.010200287016434429f,-0.7299989053885f,0.0481622767435797f,-0.9911731968891365f,0.12351554099563006f,2.757851212194405f,0.004272507077213971f,0.12386234458436485f,0.9922902122249009f,-9.32912653142612f,0f,0f,0f,1f], start_interpolation: 0, interpolation_duration: 1 }
$data merge entity $(bone_right_foot) { transformation: [-0.9988303863930803f,0.033997352355331766f,0.03438079770274999f,-0.7085417316536015f,0.0481622767435797f,0.6367289211930673f,0.7695821437736108f,3.2250571487240607f,0.004272507077213971f,0.7703378875202358f,-0.6376215842756071f,-8.44987099053249f,0f,0f,0f,1f], start_interpolation: 0, interpolation_duration: 1 }
$data merge entity $(bone_right_knee) { transformation: [-1.5831603125301728f,0.07079947734152242f,0.029338837256454284f,-0.7862273013395167f,0.07633789093749437f,1.4032176885603718f,0.7330910949210393f,1.8128377115431356f,0.0067719842445677384f,0.7336466868005883f,-1.4049863300793846f,-6.9339880083457945f,0f,0f,0f,1f], start_interpolation: 0, interpolation_duration: 1 }
$data merge entity $(bone_right_thigh) { transformation: [-1.6017776785738844f,-0.024935335094480676f,0.07342009940945841f,-0.7385399999999994f,0.07723559564076406f,-0.6472698413988799f,1.4651895538436637f,1.988106161121735f,0.006851620216064442f,1.467011927351071f,0.6477137282945453f,-4.862997161505492f,0f,0f,0f,1f], start_interpolation: 0, interpolation_duration: 1 }
$data merge entity $(bone_right_leg) { transformation: [-1f,-1.5984848350717836e-17f,1.2141697760125282e-16f,-0.5257449999999995f,0f,0.9914448613738104f,0.13052619222005157f,2.2170251148685076f,-1.2246467991473532e-16f,0.13052619222005157f,-0.9914448613738104f,-4.9584034562230475f,0f,0f,0f,1f], start_interpolation: 0, interpolation_duration: 1 }