execute if entity @s[tag=aj.armor.bone.right_thumb_2] run data modify entity @s {} merge value {transformation:[-0.8828430253350542f,-0.07746055220255847f,-0.4632365005801282f,-2.165091561896566f,0.162334573289854f,0.875192257900916f,-0.4557257925826642f,-2.1393630384934483f,0.4407217704312431f,-0.4775336371008551f,-0.7600828550264632f,-0.15300001114801753f,0f,0f,0f,1f],start_interpolation:0}
execute if entity @s[tag=aj.armor.bone.right_thumb] run data modify entity @s {} merge value {transformation:[-0.8828430253350542f,-0.07746055220255847f,-0.4632365005801282f,-2.362001211244503f,0.162334573289854f,0.875192257900916f,-0.4557257925826642f,-1.8163682099657088f,0.4407217704312431f,-0.4775336371008551f,-0.7600828550264632f,-0.1711132829386673f,0f,0f,0f,1f],start_interpolation:0}
execute if entity @s[tag=aj.armor.bone.right_fingers_2] run data modify entity @s {} merge value {transformation:[0.8857386286473168f,-0.047056516044346575f,-0.46179299044023814f,-2.2621325070516325f,-0.11950813140873881f,-0.9844289371085347f,-0.12890878290695218f,-2.6247092128457816f,-0.4485363845321371f,0.16936750597776493f,-0.8775703730583152f,-0.35297708851515364f,0f,0f,0f,1f],start_interpolation:0}
execute if entity @s[tag=aj.armor.bone.right_fingers] run data modify entity @s {} merge value {transformation:[-0.16226603152586586f,-0.8720189040342579f,-0.46179299044023814f,-2.6578854958306115f,-0.9604080697518227f,0.24697948344958942f,-0.12890878290695218f,-2.5619299034753533f,0.22646428983048167f,0.4225921979424905f,-0.8775703730583152f,-0.16356703445652562f,0f,0f,0f,1f],start_interpolation:0}
execute if entity @s[tag=aj.armor.bone.right_hand] run data modify entity @s {} merge value {transformation:[-0.8869481781378572f,0.008376352320533187f,-0.46179299044023814f,-2.617471554072641f,0.07645419900708764f,0.9887048503692256f,-0.12890878290695218f,-1.7801438597792738f,0.4554971841319331f,-0.14964142333648583f,-0.8775703730583152f,-0.28986612203867723f,0f,0f,0f,1f],start_interpolation:0}
execute if entity @s[tag=aj.armor.bone.right_forearm] run data modify entity @s {} merge value {transformation:[-1.7374514893551631f,0.0047222636873911076f,-0.5550392634730433f,-2.554001356813859f,0.1606895886366116f,1.7500702110790636f,-0.48812055276436106f,0.7671516593014758f,0.5312906359751018f,-0.5138681914196048f,-1.667482624678837f,-1.1377711559171078f,0f,0f,0f,1f],start_interpolation:0}
execute if entity @s[tag=aj.armor.bone.right_bicep] run data modify entity @s {} merge value {transformation:[-1.5309086415387534f,0.1718966334854886f,-0.3700065331069587f,-2.2764136498673566f,0.0954600868909706f,1.5478862827148838f,0.3241450037828345f,3.178100526836384f,0.3966618950141842f,0.2909195061575643f,-1.506041081067944f,-0.6655624290192003f,0f,0f,0f,1f],start_interpolation:0}
execute if entity @s[tag=aj.armor.bone.right_shoulder] run data modify entity @s {} merge value {transformation:[-1.013060138647179f,0.010674959509555689f,0.0028599633683318347f,-1.8276431249999998f,0.011019295487445863f,0.9956840708103116f,0.1868282230510325f,3.3871433872443513f,-0.000842186415948747f,0.18684821390881784f,-0.9957409373667256f,-0.6040917676254489f,0f,0f,0f,1f],start_interpolation:0}
execute if entity @s[tag=aj.armor.bone.right_arm] run data modify entity @s {} merge value {transformation:[-1.3293824999999997f,-3.0017542686766885e-17f,1.6001115380160654e-16f,-1.7497637499999998f,0f,1.3065902259574969f,0.24511183720617463f,3.54174089650171f,-1.628024023467506e-16f,0.24511183720617463f,-1.3065902259574969f,-0.5691778200048763f,0f,0f,0f,1f],start_interpolation:0}
execute if entity @s[tag=aj.armor.bone.left_thumb_2] run data modify entity @s {} merge value {transformation:[-0.9402704660655695f,-0.14072170729193398f,0.3099820184166817f,2.4072007527703816f,-0.27540243070513604f,0.8496874027323705f,-0.4496496622923461f,-2.2603589405809017f,-0.20011234796118768f,-0.5081620988766885f,-0.8376910704183845f,-0.5466669659081353f,0f,0f,0f,1f],start_interpolation:0}
execute if entity @s[tag=aj.armor.bone.left_thumb] run data modify entity @s {} merge value {transformation:[-0.9402704660655695f,-0.14072170729193398f,0.3099820184166817f,2.556224312416841f,-0.27540243070513604f,0.8496874027323705f,-0.4496496622923461f,-1.9207583610574608f,-0.20011234796118768f,-0.5081620988766885f,-0.8376910704183845f,-0.6234171120617057f,0f,0f,0f,1f],start_interpolation:0}
execute if entity @s[tag=aj.armor.bone.left_fingers_2] run data modify entity @s {} merge value {transformation:[0.9497680847214289f,0.19701445640685183f,0.24315815678545732f,2.5056963457827615f,0.23360443512450216f,-0.9633407935885292f,-0.13192226233045273f,-2.744144908118426f,0.2082535789242302f,0.18209837828749387f,-0.9609737912608823f,-0.749690218857784f,0f,0f,0f,1f],start_interpolation:0}
execute if entity @s[tag=aj.armor.bone.left_fingers] run data modify entity @s {} merge value {transformation:[-0.3192985820117469f,0.915927140286817f,0.24315815678545732f,2.9263037536316077f,0.9246077821525986f,0.35734712239567235f,-0.13192226233045273f,-2.631081161687485f,-0.2077230480908177f,0.18270333275982029f,-0.9609737912608823f,-0.6675693561206604f,0f,0f,0f,1f],start_interpolation:0}
execute if entity @s[tag=aj.armor.locator_origin.consume] at @s on origin run tp @s ^2.69917 ^-2.719 ^-0.54599 ~14.19969 ~-7.58069
execute if entity @s[tag=aj.armor.bone.left_hand] run data modify entity @s {} merge value {transformation:[-0.9574577658467326f,-0.15539864030448391f,0.24315815678545732f,2.7689318211229423f,-0.19136176022439955f,0.972613588957832f,-0.13192226233045273f,-1.8658778349802945f,-0.21599838736343105f,-0.17284116745174744f,-0.9609737912608823f,-0.8034814894465905f,0f,0f,0f,1f],start_interpolation:0}
execute if entity @s[tag=aj.armor.bone.left_forearm] run data modify entity @s {} merge value {transformation:[-1.7684203327145605f,-0.05306968546256525f,0.4435106503345041f,2.6283959155901333f,-0.11449557100041076f,1.804389348379617f,-0.24062087463264326f,0.773489038488969f,-0.43175091510791286f,-0.261134543047435f,-1.7527773559024526f,-1.2785373182019848f,0f,0f,0f,1f],start_interpolation:0}
execute if entity @s[tag=aj.armor.bone.left_bicep] run data modify entity @s {} merge value {transformation:[-1.5563110098841075f,-0.20630300385873873f,0.2132361765645711f,2.2990646440914415f,-0.1475648973326023f,1.5260474785735736f,0.3994223955888848f,3.149232535944749f,-0.25740084978926203f,0.372495261206913f,-1.5182643507603233f,-0.678458817850696f,0f,0f,0f,1f],start_interpolation:0}
execute if entity @s[tag=aj.armor.bone.left_shoulder] run data modify entity @s {} merge value {transformation:[-1.0121561474245557f,-0.04387400366165868f,0.005289962213313928f,1.8432681250000003f,-0.04135931721964148f,0.9831905233945816f,0.24091239124016486f,3.3410720595100405f,-0.015566591683685797f,0.240467139494414f,-0.9840458397420152f,-0.6127345904165109f,0f,0f,0f,1f],start_interpolation:0}
execute if entity @s[tag=aj.armor.bone.left_arm] run data modify entity @s {} merge value {transformation:[-1.3293824999999997f,-3.0017542686766885e-17f,1.6001115380160654e-16f,1.7497631250000003f,0f,1.3065902259574969f,0.24511183720617463f,3.54174089650171f,-1.628024023467506e-16f,0.24511183720617463f,-1.3065902259574969f,-0.5691778200048758f,0f,0f,0f,1f],start_interpolation:0}
execute if entity @s[tag=aj.armor.bone.chest] run data modify entity @s {} merge value {transformation:[-2.632522916666667f,-5.944253743744465e-17f,3.1686367866660193e-16f,1.226790419116786e-16f,0f,2.587388289319131f,0.48538515332609256f,4.26343325428671f,-3.2239107635778877e-16f,0.48538515332609256f,-2.587388289319131f,-0.3389345010110576f,0f,0f,0f,1f],start_interpolation:0}
execute if entity @s[tag=aj.armor.bone.weist] run data modify entity @s {} merge value {transformation:[-1.9493945833333333f,-2.6041103205193038e-18f,2.387177803161025e-16f,1.47818615193554e-16f,0f,1.9492786041028898f,0.02126417447326352f,0.3835607997215267f,-2.387319836754355e-16f,0.02126417447326352f,-1.9492786041028898f,-0.5442146952628089f,0f,0f,0f,1f],start_interpolation:0}
execute if entity @s[tag=aj.armor.bone.right_foot] run data modify entity @s {} merge value {transformation:[-1.1394797411914135f,0.009753347461011357f,0.2950960631798005f,-1.8902939350406034f,0.01667565344032351f,1.1767168821997276f,0.025498953018769567f,-7.9083808253442545f,-0.2947859170198778f,0.02886427265704042f,-1.139236152765217f,0.30416429033067555f,0f,0f,0f,1f],start_interpolation:0}
execute if entity @s[tag=aj.armor.bone.right_knee] run data modify entity @s {} merge value {transformation:[-2.8059040952238363f,0.18992311577592738f,0.7264709953150871f,-1.6926101144059023f,0.2919622306195122f,2.865013638008321f,0.3786602678550146f,-4.333445867289158f,-0.6918012379519195f,0.4388106113738776f,-2.7867158059349904f,0.7379031609170397f,0f,0f,0f,1f],start_interpolation:0}
execute if entity @s[tag=aj.armor.bone.right_thigh] run data modify entity @s {} merge value {transformation:[-2.391725432854989f,0.5377071499711171f,0.3471789130169286f,-0.8967812499999999f,0.24886577327941625f,2.0185700125542545f,-1.4118971826042492f,-1.4913606249999998f,-0.5896846645994075f,-1.3290067148911315f,-2.0040024628352207f,-1.0749600000000001f,0f,0f,0f,1f],start_interpolation:0}
execute if entity @s[tag=aj.armor.bone.right_leg] run data modify entity @s {} merge value {transformation:[-1f,0f,1.2246467991473532e-16f,-0.8128849999999999f,0f,1f,0f,-1.4271681249999997f,-1.2246467991473532e-16f,0f,-1f,-1.1162968750000002f,0f,0f,0f,1f],start_interpolation:0}
execute if entity @s[tag=aj.armor.bone.left_foot] run data modify entity @s {} merge value {transformation:[-1.1581189274347317f,0.08779431318491158f,-0.19142518999958924f,1.5420885233561203f,-0.00416085258510553f,1.0602004417544257f,0.5114182295206611f,-7.880376611385376f,0.21055671943624643f,0.503843305753557f,-1.042784103265933f,-1.992493577262295f,0f,0f,0f,1f],start_interpolation:0}
execute if entity @s[tag=aj.armor.bone.left_knee] run data modify entity @s {} merge value {transformation:[-2.8641218390029244f,-0.11107935272199258f,-0.4705275308410706f,1.4523082273932888f,-0.343625738232427f,2.456279132321095f,1.5118011987963802f,-4.772758271539431f,0.34008253690060464f,1.5463773440065705f,-2.4351570106612135f,-0.16437539487645159f,0f,0f,0f,1f],start_interpolation:0}
execute if entity @s[tag=aj.armor.bone.left_thigh] run data modify entity @s {} merge value {transformation:[-2.441349672926805f,-0.3660579771459169f,-0.18927771872854454f,0.8928750000000001f,-0.2929032460207818f,2.3412899386476305f,-0.7500545544138276f,-1.4913606249999998f,0.28988305557540267f,-0.7171999048342628f,-2.351936400826998f,-1.121835f,0f,0f,0f,1f],start_interpolation:0}
execute if entity @s[tag=aj.armor.bone.left_leg] run data modify entity @s {} merge value {transformation:[-1f,0f,1.2246467991473532e-16f,0.8089781250000001f,0f,1f,0f,-1.4271681249999997f,-1.2246467991473532e-16f,0f,-1f,-1.163171875f,0f,0f,0f,1f],start_interpolation:0}