# This file was generated by Animated Java via MC-Build. It is not recommended to edit this file directly.
$data merge entity $(bone_right_thumb_2) { transformation: [-0.5262306505751575f,-0.6880916185284972f,0.49961107564392454f,-1.3267908356786322f,-0.4368908919041082f,-0.285283442243696f,-0.8530766121239175f,1.4532629521448595f,0.7295256342079277f,-0.6671905890316653f,-0.15049606952043604f,1.6614131275014108f,0f,0f,0f,1f], start_interpolation: 0, interpolation_duration: 1 }
$data merge entity $(bone_right_thumb) { transformation: [-0.29494561281819853f,-0.7678573664004296f,0.5686845789573457f,-1.590407800281941f,-0.3308369042232672f,-0.47628202919801466f,-0.8146793059032409f,1.26792315978149f,0.8964117515312157f,-0.4284279327116964f,-0.11355825900884556f,1.670902449430082f,0f,0f,0f,1f], start_interpolation: 0, interpolation_duration: 1 }
$data merge entity $(bone_right_fingers2) { transformation: [0.8098952101470858f,0.42006256763108396f,0.40941078131381503f,-0.7748093256771797f,0.4650724629503568f,-0.0345073731445838f,-0.8845998221817306f,1.396213220174315f,-0.35745958203144645f,0.9068388393059934f,-0.22330688914599567f,1.901809764078146f,0f,0f,0f,1f], start_interpolation: 0, interpolation_duration: 1 }
$data merge entity $(bone_right_fingers) { transformation: [0.6488424426079415f,-0.6413940261762432f,0.40941078131381503f,-1.104449196255716f,0.11023789217596756f,-0.4531343749095298f,-0.8845998221817306f,1.1700106449613599f,0.7528951399757868f,0.6190984909210957f,-0.22330688914599567f,2.1571339104255074f,0f,0f,0f,1f], start_interpolation: 0, interpolation_duration: 1 }
$data merge entity $(bone_right_hand) { transformation: [-0.463088017731234f,-0.7860867000387219f,0.40941078131381503f,-1.6756635729109781f,-0.41237361656949134f,-0.21778694853789715f,-0.8845998221817306f,0.9648075692044931f,0.7845364798345289f,-0.5784777826924588f,-0.22330688914599567f,1.791768022116059f,0f,0f,0f,1f], start_interpolation: 0, interpolation_duration: 1 }
$data merge entity $(bone_right_forearm) { transformation: [-0.6970998998246769f,-1.1833192370970391f,0.616297990259474f,-3.3644627452201f,-0.6207580325858718f,-0.3278410457534289f,-1.3316139131583058f,0.5145862496211822f,1.1809856454089114f,-0.8707994785556199f,-0.33615037334906733f,0.5033756645328532f,0f,0f,0f,1f], start_interpolation: 0, interpolation_duration: 1 }
$data merge entity $(bone_right_bicep) { transformation: [-0.9270610731196642f,0.904319694514868f,-0.9031432969707499f,-2.021858355949929f,0.6408740422259533f,1.2942352987268242f,0.6380749263016842f,2.37990144449643f,1.1057768250201427f,0.008064718623004452f,-1.126985683851551f,0.3999161052049884f,0f,0f,0f,1f], start_interpolation: 0, interpolation_duration: 1 }
$data merge entity $(bone_right_shoulder) { transformation: [-0.7306920736508675f,0.01985634631165174f,-0.6824183606959494f,-1.7464970674099765f,-0.17669762038953435f,0.9600167759727946f,0.21713069980884145f,2.653426426076619f,0.6594444968702606f,0.27923738174168755f,-0.6979680796322822f,0.3053259220928403f,0f,0f,0f,1f], start_interpolation: 0, interpolation_duration: 1 }
$data merge entity $(bone_right_arm) { transformation: [-1.290837544505601f,-4.636261363158332e-17f,-0.6879568120865678f,-1.4243050865564968f,-0.17805632517601977f,1.4128778172222631f,0.33409334065142227f,2.8725366880954737f,0.6645152521659112f,0.37857947012855275f,-1.2468533217815247f,0.17669643551162925f,0f,0f,0f,1f], start_interpolation: 0, interpolation_duration: 1 }
$data merge entity $(bone_left_thumb_2) { transformation: [0.44664581876431897f,-0.7494585982706436f,0.4886914384952464f,3.698226380069122f,-0.7694806038881897f,-0.6004609430673837f,-0.21759194858839612f,3.700851126947116f,0.4565162788118493f,-0.27885204917452233f,-0.8448872243388176f,-2.8055007737181477f,0f,0f,0f,1f], start_interpolation: 0, interpolation_duration: 1 }
$data merge entity $(bone_left_thumb) { transformation: [-0.06400096283112f,-0.7437088656244235f,0.6654329417366732f,3.4945030596422817f,-0.9747318858055416f,-0.0964109401317376f,-0.20150107051052388f,3.8170642561534414f,0.21401314807894928f,-0.6615149687002915f,-0.7187463520845098f,-3.0266932401471873f,0f,0f,0f,1f], start_interpolation: 0, interpolation_duration: 1 }
$data merge entity $(bone_left_fingers2) { transformation: [0.10611740288023408f,0.963228562642593f,0.2468396907214038f,4.2043774926481f,0.9734759084264426f,-0.050035336834079784f,-0.22325125034635912f,3.5082022509927446f,-0.20269127391001981f,0.26398333503724136f,-0.9429894200378649f,-2.9468272705716507f,0f,0f,0f,1f], start_interpolation: 0, interpolation_duration: 1 }
$data merge entity $(bone_left_fingers) { transformation: [-0.9688119282215633f,0.021762693311680355f,0.2468396907214038f,4.171519925164848f,-0.03499907857451315f,0.9741324056398711f,-0.22325125034635912f,3.9645482885981855f,-0.24531309022257994f,-0.2249276360567982f,-0.9429894200378649f,-3.072083580739693f,0f,0f,0f,1f], start_interpolation: 0, interpolation_duration: 1 }
$data merge entity $(bone_left_hand) { transformation: [-0.06400096283112f,-0.966940558587368f,0.2468396907214038f,3.5009786623143486f,-0.9747318858055416f,0.007525291539860979f,-0.22325125034635912f,4.024244794397718f,0.21401314807894928f,-0.25489081220394905f,-0.9429894200378649f,-3.2927578672981306f,0f,0f,0f,1f], start_interpolation: 0, interpolation_duration: 1 }
$data merge entity $(bone_left_forearm) { transformation: [-0.09634251604443421f,-1.4555638252745242f,0.3715749859339086f,1.397746945615876f,-1.4672923373830848f,0.011328040842622646f,-0.33606661864117626f,3.9998154621033133f,0.3221602338533947f,-0.38369457392596057f,-1.4195094778410828f,-3.8317535089088675f,0f,0f,0f,1f], start_interpolation: 0, interpolation_duration: 1 }
$data merge entity $(bone_left_bicep) { transformation: [-0.8043291692890274f,0.08947418194343296f,-1.3557112953135784f,1.4550687902641042f,-1.355532476475487f,-0.15969415620709143f,0.793683589182731f,3.5880859875339985f,-0.0921436416444464f,1.5682462514807114f,0.15816890359878347f,-1.4842346257734267f,0f,0f,0f,1f], start_interpolation: 0, interpolation_duration: 1 }
$data merge entity $(bone_left_shoulder) { transformation: [-0.4918461284572654f,0.14426887349180006f,-0.8586465384912503f,1.3672577991810448f,-0.8630535468950729f,0.04947623725784081f,0.5026834760946893f,3.3847852373532574f,0.11500417867813992f,0.9883008621306635f,0.10017706722775244f,-1.2167350372934174f,0f,0f,0f,1f], start_interpolation: 0, interpolation_duration: 1 }
$data merge entity $(bone_left_arm) { transformation: [-1.290837544505601f,-4.636261363158332e-17f,-0.6879568120865678f,1.0925487613666303f,-0.17805632517601977f,1.4128778172222631f,0.33409334065142227f,3.159337622985205f,0.6645152521659112f,0.37857947012855275f,-1.2468533217815247f,-1.1351406817273688f,0f,0f,0f,1f], start_interpolation: 0, interpolation_duration: 1 }
$data merge entity $(bone_chest) { transformation: [-1.8227529579568655f,-6.546725534540192e-17f,-0.9714431684411902f,-0.03533083593638671f,-0.25142799322731607f,1.9950823645743017f,0.47176318003619105f,3.761935630176149f,0.9383420451694271f,0.5345807084212588f,-1.7606441570353288f,-0.025740977891025973f,0f,0f,0f,1f], start_interpolation: 0, interpolation_duration: 1 }
$data merge entity $(bone_weist) { transformation: [-1.8389812945555082f,-6.622200769909015e-17f,-0.9915698965038849f,0.035330835936386806f,-0.2566371737655409f,2.018083070843716f,0.47596338261825405f,0.22775824021816438f,0.957782971603881f,0.5407437290914938f,-1.7763195264736698f,-0.8501655648381361f,0f,0f,0f,1f], start_interpolation: 0, interpolation_duration: 1 }
$data merge entity $(bone_right_foot) { transformation: [-1.1078709885872036f,0.05147748445900773f,-0.23076631825417182f,-0.6862806429458561f,0.045400581788007204f,1.1313864125047244f,0.034419836911304326f,-6.715311621233626f,0.2320383852299519f,0.02441324627047654f,-1.1085320624981552f,0.2992412539918601f,0f,0f,0f,1f], start_interpolation: 0, interpolation_duration: 1 }
$data merge entity $(bone_right_knee) { transformation: [-3.0516247473868616f,0.2845621014172602f,-0.5858106620324058f,-0.33602727201447674f,0.12505566113498667f,3.0105304304266016f,0.8109444674398442f,-2.905932759221704f,0.6391484983413042f,0.7696065605815702f,-2.955631617633639f,1.3933716253930066f,0f,0f,0f,1f], start_interpolation: 0, interpolation_duration: 1 }
$data merge entity $(bone_right_thigh) { transformation: [-2.3302499494474778f,-0.3758483058665441f,-0.32566791693644304f,-0.7957413095585898f,0.09549370324364484f,1.1931360398130273f,-2.0602654467773194f,-1.4560660416227622f,0.48805992847732127f,-2.027942506463381f,-1.151795582878393f,-1.4718387013988778f,0f,0f,0f,1f], start_interpolation: 0, interpolation_duration: 1 }
$data merge entity $(bone_right_leg) { transformation: [-1.0891318899547306f,-3.6035188824684315e-17f,-0.3260646832476871f,-0.7692783333333333f,-0.0843917499598223f,1.0981546324025333f,0.2818880757487871f,-1.4456354168474341f,0.31495429858970553f,0.2942496469167552f,-1.052020620742298f,-1.474544104529249f,0f,0f,0f,1f], start_interpolation: 0, interpolation_duration: 1 }
$data merge entity $(bone_left_foot) { transformation: [-0.6422206252235119f,0.6441126505533769f,-0.6752427077241372f,-0.4706383883130132f,-0.3902815418862632f,0.5591749023752595f,0.9045910120139934f,-5.601487806909065f,0.8476521332483054f,0.7454686273417027f,-0.09509752388403767f,-6.599108252877251f,0f,0f,0f,1f], start_interpolation: 0, interpolation_duration: 1 }
$data merge entity $(bone_left_knee) { transformation: [-2.048425304164672f,1.4965149738323054f,-1.8168544318495463f,1.524540507418565f,-1.4577431377797352f,1.0844855534506477f,2.536816774777144f,-4.294380312972935f,1.8481076910428507f,2.5141394825328036f,-0.012804095271680948f,-3.4144737085161903f,0f,0f,0f,1f], start_interpolation: 0, interpolation_duration: 1 }
$data merge entity $(bone_left_thigh) { transformation: [-1.7995962213484644f,-0.5311592242094348f,-1.4685740317362292f,0.6234126034906323f,-1.1375184259565256f,1.9810500545544223f,0.6774059934808321f,-1.5855698532655373f,1.0699960928723806f,1.2127229394761179f,-1.749799360312687f,-1.8739559040058562f,0f,0f,0f,1f], start_interpolation: 0, interpolation_duration: 1 }
$data merge entity $(bone_left_leg) { transformation: [-1.0842744431926543f,-3.6035188824684315e-17f,-0.34187041875107815f,0.5609450000000002f,-0.08848257532995298f,1.0981546324025333f,0.28063087601619013f,-1.3672569306041567f,0.33022146671592495f,0.2942496469167552f,-1.047328687464984f,-1.9280442351243434f,0f,0f,0f,1f], start_interpolation: 0, interpolation_duration: 1 }
data modify entity @s data merge value {"locators":{"consume":{"posx":-0.988464864804328,"posy":1.2503691748575396,"posz":2.0236633058630726,"rotx":61.39041209476791,"roty":-62.20231544589501}},"cameras":{}}