# This file was generated by Animated Java via MC-Build. It is not recommended to edit this file directly.
$data merge entity $(bone_left_fingers_2) { transformation: [-0.6997019678359747f,-0.5101067185817172f,-0.5002082484968211f,4.6814453705261165f,0.17941501878487995f,0.5522476290066167f,-0.8141454460297564f,2.3027536215474425f,0.6915398811644096f,-0.6594040429921272f,-0.2948879462520486f,1.427693659239197f,0f,0f,0f,1f], start_interpolation: 0, interpolation_duration: 1 }
$data merge entity $(bone_left_fingers) { transformation: [-0.6997019678359747f,-0.5101067185817172f,-0.5002082484968211f,4.399834668369412f,0.17941501878487995f,0.5522476290066167f,-0.8141454460297564f,1.834271242439605f,0.6915398811644096f,-0.6594040429921272f,-0.2948879462520486f,1.2444203715131241f,0f,0f,0f,1f], start_interpolation: 0, interpolation_duration: 1 }
$data merge entity $(bone_left_index_finger_2) { transformation: [-0.8505288110382082f,-0.5101067185817172f,-0.12803076681690556f,4.084797414924839f,-0.20975434562901868f,0.5522476290066167f,-0.8068616180896896f,2.199470740208187f,0.48229021976780145f,-0.6594040429921272f,-0.5766996202547412f,1.8027541507118507f,0f,0f,0f,1f], start_interpolation: 0, interpolation_duration: 1 }
$data merge entity $(bone_left_index_finger) { transformation: [-0.8505288110382082f,-0.5101067185817172f,-0.12803076681690556f,4.0080598347849365f,-0.20975434562901868f,0.5522476290066167f,-0.8068616180896896f,1.7376531469842382f,0.48229021976780145f,-0.6594040429921272f,-0.5766996202547412f,1.4665753039936678f,0f,0f,0f,1f], start_interpolation: 0, interpolation_duration: 1 }
$data merge entity $(bone_left_thumb) { transformation: [-0.8022300824509171f,-0.4811307413628119f,0.35346867545295435f,3.819675623773177f,-0.5819658178116616f,0.4981193394647952f,-0.6428008327234492f,0.9186490982835867f,0.13320165805874434f,-0.7213808518160344f,-0.6796079641407787f,1.322120825222634f,0f,0f,0f,1f], start_interpolation: 0, interpolation_duration: 1 }
$data merge entity $(bone_left_hand) { transformation: [-0.8505288110382082f,-0.5101067185817172f,-0.12803076681690556f,4.268403013973808f,-0.20975434562901868f,0.5522476290066167f,-0.8068616180896896f,1.1681078821007254f,0.48229021976780145f,-0.6594040429921272f,-0.5766996202547412f,0.9652480745077852f,0f,0f,0f,1f], start_interpolation: 0, interpolation_duration: 1 }
$data merge entity $(bone_left_forearm) { transformation: [-1.7021881166210882f,-0.9194302983712316f,-0.512368983664738f,3.313687815737196f,-0.41978748974243596f,1.4863982520499777f,-1.2726810806754414f,0.5408981040215737f,0.9652214836193777f,-0.9749803054885029f,-1.4570790386316894f,-0.9582882548336005f,0f,0f,0f,1f], start_interpolation: 0, interpolation_duration: 1 }
$data merge entity $(bone_left_bicep) { transformation: [-1.1074727146573895f,-0.6482680717275594f,-0.133222809530261f,1.7780503405439942f,-0.2537571970012364f,0.6557990042262228f,-1.0816795156316317f,1.473312202784835f,0.6112340752695157f,-0.9023146883131395f,-0.6904467626072943f,-1.4463980705909252f,0f,0f,0f,1f], start_interpolation: 0, interpolation_duration: 1 }
$data merge entity $(bone_left_shoulder) { transformation: [-1.0582203574765952f,-0.6194378078347753f,-0.12729802482651936f,1.374329375f,-0.24247191661600495f,0.6266338190550907f,-1.0335742529430434f,1.4748624264682055f,0.5840508150430459f,-0.8621862727503018f,-0.659740696339307f,-1.3229348541192885f,0f,0f,0f,1f], start_interpolation: 0, interpolation_duration: 1 }
$data merge entity $(bone_right_fingers_2) { transformation: [-0.6301373015177095f,0.44440239854156394f,0.6367365934250082f,-4.877988731056335f,-0.08253608609333499f,0.7770453785697438f,-0.6240098349672039f,2.064142167885395f,-0.7720846946600954f,-0.44576561982044854f,-0.4529660433826342f,1.6705233152249208f,0f,0f,0f,1f], start_interpolation: 0, interpolation_duration: 1 }
$data merge entity $(bone_right_fingers) { transformation: [-0.6301373015177095f,0.44440239854156394f,0.6367365934250082f,-4.517114913662101f,-0.08253608609333499f,0.7770453785697438f,-0.6240098349672039f,1.7078691604196552f,-0.7720846946600954f,-0.44576561982044854f,-0.4529660433826342f,1.396272737109922f,0f,0f,0f,1f], start_interpolation: 0, interpolation_duration: 1 }
$data merge entity $(bone_right_index_finger_2) { transformation: [-0.850528811038208f,0.44440239854156394f,0.28126011051060423f,-4.2900079033917144f,0.20975434562901868f,0.7770453785697438f,-0.5934674330855448f,1.9487864614756505f,-0.4822902197678017f,-0.44576561982044854f,-0.7541148162597103f,2.055621366578492f,0f,0f,0f,1f], start_interpolation: 0, interpolation_duration: 1 }
$data merge entity $(bone_right_index_finger) { transformation: [-0.850528811038208f,0.44440239854156394f,0.28126011051060423f,-4.125340959015472f,0.20975434562901868f,0.7770453785697438f,-0.5934674330855448f,1.6112529195500167f,-0.4822902197678017f,-0.44576561982044854f,-0.7541148162597103f,1.6184300261992663f,0f,0f,0f,1f], start_interpolation: 0, interpolation_duration: 1 }
$data merge entity $(bone_right_thumb) { transformation: [-0.8781488890421686f,0.4272768612390002f,-0.21514881483232334f,-3.80209340565043f,0.47623781905828927f,0.738216933866651f,-0.4777376877022836f,0.8975292594720983f,-0.04529976128644797f,-0.5219868220580562f,-0.8517497808776482f,1.28192906710392f,0f,0f,0f,1f], start_interpolation: 0, interpolation_duration: 1 }
$data merge entity $(bone_right_hand) { transformation: [-0.850528811038208f,0.44440239854156394f,0.28126011051060423f,-4.268403625901801f,0.20975434562901868f,0.7770453785697438f,-0.5934674330855448f,1.1681079817912199f,-0.4822902197678017f,-0.44576561982044854f,-0.7541148162597103f,0.9652493404717155f,0f,0f,0f,1f], start_interpolation: 0, interpolation_duration: 1 }
$data merge entity $(bone_right_forearm) { transformation: [-1.7021898885561104f,0.9194312554750506f,0.5123695170279653f,-3.313689063276076f,0.41978792673065596f,1.486399799353178f,-1.272682405504441f,0.5408938955137674f,-0.9652224883906692f,-0.9749813204184816f,-1.4570805554143256f,-0.9582877416486559f,0f,0f,0f,1f], start_interpolation: 0, interpolation_duration: 1 }
$data merge entity $(bone_right_bicep) { transformation: [-1.1074727146573888f,0.6482680717275595f,0.13322280953026114f,-1.7780503405439942f,0.25375719700123633f,0.6557990042262227f,-1.0816795156316314f,1.473312202784835f,-0.6112340752695159f,-0.9023146883131391f,-0.6904467626072942f,-1.4463980705909254f,0f,0f,0f,1f], start_interpolation: 0, interpolation_duration: 1 }
$data merge entity $(bone_right_shoulder) { transformation: [-1.058220357476595f,0.6194378078347755f,0.1272980248265195f,-1.374329375f,0.24247191661600495f,0.6266338190550907f,-1.0335742529430434f,1.4748624264682055f,-0.5840508150430462f,-0.8621862727503015f,-0.659740696339307f,-1.3229348541192887f,0f,0f,0f,1f], start_interpolation: 0, interpolation_duration: 1 }
$data merge entity $(bone_chest) { transformation: [-4.0674850000000005f,3.99489487195524e-17f,4.965187330555325e-16f,9.103870852450256e-17f,0f,4.054383136437608f,-0.326207921723769f,1.7109632627898403f,-4.981232485829872e-16f,-0.326207921723769f,-4.054383136437608f,-0.7433874696597196f,0f,0f,0f,1f], start_interpolation: 0, interpolation_duration: 1 }
$data merge entity $(bone_weist) { transformation: [-1.0999999999999999f,1.0428674764619278e-17f,1.3430687291744333e-16f,4.156310381908138e-16f,0f,1.0966988441969796f,-0.0851565918588129f,1.676273302534749f,-1.3471114790620883e-16f,-0.0851565918588129f,-1.0966988441969796f,-3.393884983655633f,0f,0f,0f,1f], start_interpolation: 0, interpolation_duration: 1 }
$data merge entity $(bone_right_fingers2) { transformation: [-0.9114032766354453f,-0.37241046278391066f,-0.17508430697023514f,2.450153902432775f,0f,-0.4254634214069963f,0.9049756223482778f,0.0019858406209582458f,-0.4115143586051087f,0.8247977474834216f,0.38776875635886343f,-8.102140886836647f,0f,0f,0f,1f], start_interpolation: 0, interpolation_duration: 1 }
$data merge entity $(bone_left_foot) { transformation: [-0.9114032766354453f,-0.3476837816604116f,0.2201364470243156f,2.0712718016800467f,0f,0.5349423232047162f,0.8448885789524799f,0.35457576888726416f,-0.4115143586051087f,0.7700342192491552f,-0.48754818617975587f,-7.25128202671956f,0f,0f,0f,1f], start_interpolation: 0, interpolation_duration: 1 }
$data merge entity $(bone_left_knee) { transformation: [-1.4445871050135997f,-0.05117542286125814f,0.6502454003354626f,1.2866022381658586f,0f,1.580128096962569f,0.12435877823249027f,-0.3831392150223927f,-0.6522560881758442f,0.11334099795947207f,-1.440133925075416f,-5.474415628323472f,0f,0f,0f,1f], start_interpolation: 0, interpolation_duration: 1 }
$data merge entity $(bone_left_thigh) { transformation: [-1.461574902587354f,-0.6354301874271361f,0.1781328003041344f,0.6394346799391704f,0f,0.43287140917255695f,1.5441264056521005f,1.090236386025892f,-0.6599263728916112f,1.407321865650637f,-0.3945204206816711f,-4.1148306068033556f,0f,0f,0f,1f], start_interpolation: 0, interpolation_duration: 1 }
$data merge entity $(bone_left_leg) { transformation: [-0.9114032766354453f,-0.12333369467815629f,0.3925975892631148f,0.5257450000000006f,0f,0.9540313261337581f,0.29970690475106343f,1.4582312499999999f,-0.4115143586051087f,0.27315385502038647f,-0.8695072766511662f,-4.380138125f,0f,0f,0f,1f], start_interpolation: 0, interpolation_duration: 1 }
$data merge entity $(bone_left_fingers2) { transformation: [-0.9114032766354453f,0.37241046278391043f,0.17508430697023503f,-2.4366688234797156f,0f,-0.4254634214069963f,0.9049756223482778f,0.00120959801637327f,0.4115143586051085f,0.8247977474834216f,0.38776875635886343f,-8.072274747571996f,0f,0f,0f,1f], start_interpolation: 0, interpolation_duration: 1 }
$data merge entity $(bone_right_foot) { transformation: [-0.9114032766354453f,0.34768378166041136f,-0.22013644702431548f,-2.0577867227269877f,0f,0.5349423232047162f,0.8448885789524799f,0.3537995262826792f,0.4115143586051085f,0.7700342192491552f,-0.48754818617975587f,-7.221415887454908f,0f,0f,0f,1f], start_interpolation: 0, interpolation_duration: 1 }
$data merge entity $(bone_right_knee) { transformation: [-1.4445871050135997f,0.05117542286125812f,-0.6502454003354623f,-1.2704435358127464f,0f,1.580128096962569f,0.12435877823249027f,-0.35334848137129105f,0.6522560881758438f,0.11334099795947207f,-1.440133925075416f,-5.438628069608092f,0f,0f,0f,1f], start_interpolation: 0, interpolation_duration: 1 }
$data merge entity $(bone_right_thigh) { transformation: [-1.461574902587354f,0.6354301874271358f,-0.17813280030413425f,-0.6313727487577844f,0f,0.43287140917255695f,1.5441264056521005f,1.1004578543508134f,0.6599263728916108f,1.407321865650637f,-0.3945204206816711f,-4.096975408458321f,0f,0f,0f,1f], start_interpolation: 0, interpolation_duration: 1 }
$data merge entity $(bone_right_leg) { transformation: [-0.9114032766354453f,0.12333369467815623f,-0.39259758926311455f,-0.5257449999999995f,0f,0.9540313261337581f,0.29970690475106343f,1.4582312499999999f,0.4115143586051085f,0.27315385502038647f,-0.8695072766511662f,-4.380138125f,0f,0f,0f,1f], start_interpolation: 0, interpolation_duration: 1 }