# This file was generated by Animated Java via MC-Build. It is not recommended to edit this file directly.
$data merge entity $(bone_left_fingers_2) { transformation: [-0.999884597815731f,0.001977952378004586f,-0.015062494988025144f,2.9864449453569066f,0.000005019394905783625f,0.9915308920165833f,0.1298710520154693f,-1.339397104756081f,0.015191807847639831f,0.12985598900778275f,-0.9914164771139983f,0.8213513921877359f,0f,0f,0f,1f], start_interpolation: 0, interpolation_duration: 1 }
$data merge entity $(bone_left_fingers) { transformation: [-0.999884597815731f,0.001977952378004586f,-0.015062494988025144f,2.9915239544414827f,0.000005019394905783625f,0.9915308920165833f,0.1298710520154693f,-1.2588142590634748f,0.015191807847639831f,0.12985598900778275f,-0.9914164771139983f,0.2505186375700138f,0f,0f,0f,1f], start_interpolation: 0, interpolation_duration: 1 }
$data merge entity $(bone_left_index_finger_2) { transformation: [-0.999884597815731f,0.001977952378004586f,-0.015062494988025144f,2.5396215157080015f,0.000005019394905783625f,0.9915308920165833f,0.1298710520154693f,-1.3393948617139826f,0.015191807847639831f,0.12985598900778275f,-0.9914164771139983f,0.8281402313196499f,0f,0f,0f,1f], start_interpolation: 0, interpolation_duration: 1 }
$data merge entity $(bone_left_index_finger) { transformation: [-0.999884597815731f,0.001977952378004586f,-0.015062494988025144f,2.5309521115726112f,0.000005019394905783625f,0.9915308920165833f,0.1298710520154693f,-1.2588119470046963f,0.015191807847639831f,0.12985598900778275f,-0.9914164771139983f,0.2575163640598329f,0f,0f,0f,1f], start_interpolation: 0, interpolation_duration: 1 }
$data merge entity $(bone_left_thumb) { transformation: [-0.999884597815731f,0.0006576427337319183f,-0.015177567555728626f,2.2565476359539733f,0.000005019394905783625f,0.9990768256209274f,0.042959242102454456f,-1.417770526306904f,0.015191807847639831f,0.042954208329875995f,-0.9989615332739665f,-0.5340376094696276f,0f,0f,0f,1f], start_interpolation: 0, interpolation_duration: 1 }
$data merge entity $(bone_left_hand) { transformation: [-0.999884597815731f,0.001977952378004586f,-0.015062494988025144f,2.863656888122108f,0.000005019394905783625f,0.9915308920165833f,0.1298710520154693f,-1.2816801464653031f,0.015191807847639831f,0.12985598900778275f,-0.9914164771139983f,-0.4720547070771537f,0f,0f,0f,1f], start_interpolation: 0, interpolation_duration: 1 }
$data merge entity $(bone_left_forearm) { transformation: [-2.0010982089093923f,0.002639859245377864f,-0.030288987990395935f,2.81805837476221f,0.000010045461423962856f,1.9938283251191862f,0.17310991653341257f,-0.19845822481524733f,0.030403808139877152f,0.17308978723853385f,-1.9935982462259059f,-2.4289441443715374f,0f,0f,0f,1f], start_interpolation: 0, interpolation_duration: 1 }
$data merge entity $(bone_left_bicep) { transformation: [-1.2852439103920592f,-0.11073599087206717f,-0.019525742926231583f,1.7872121797022165f,-0.1120163876221248f,1.2804274706340892f,0.11159500374474664f,1.266770860210416f,0.009800164046061396f,0.11286565590241156f,-1.285169609045242f,-1.9226936633306813f,0f,0f,0f,1f], start_interpolation: 0, interpolation_duration: 1 }
$data merge entity $(bone_left_shoulder) { transformation: [-1.2280855792645484f,-0.10581125683301007f,-0.018657379442332447f,1.3743293750000003f,-0.10703471081848999f,1.2234833398278682f,0.1066320670409483f,1.345822208933127f,0.009364323800393298f,0.10784620980285695f,-1.2280145823029534f,-1.8837724495634114f,0f,0f,0f,1f], start_interpolation: 0, interpolation_duration: 1 }
$data merge entity $(bone_right_fingers_2) { transformation: [-0.999884597815731f,-0.0019779523780046244f,0.015062494988025386f,-2.9864452271169166f,-0.000005019394905783625f,0.9915308920165833f,0.1298710520154693f,-1.339397174079856f,-0.015191807847640078f,0.12985598900778275f,-0.9914164771139983f,0.8213520087138382f,0f,0f,0f,1f], start_interpolation: 0, interpolation_duration: 1 }
$data merge entity $(bone_right_fingers) { transformation: [-0.999884597815731f,-0.0019779523780046244f,0.015062494988025386f,-2.9915241797171364f,-0.000005019394905783625f,0.9915308920165833f,0.1298710520154693f,-1.2588138413708048f,-0.015191807847640078f,0.12985598900778275f,-0.9914164771139983f,0.25051553628432677f,0f,0f,0f,1f], start_interpolation: 0, interpolation_duration: 1 }
$data merge entity $(bone_right_index_finger_2) { transformation: [-0.999884597815731f,-0.0019779523780046244f,0.015062494988025386f,-2.539621788053952f,-0.000005019394905783625f,0.9915308920165833f,0.1298710520154693f,-1.3393948498683501f,-0.015191807847640078f,0.12985598900778275f,-0.9914164771139983f,0.828140228210454f,0f,0f,0f,1f], start_interpolation: 0, interpolation_duration: 1 }
$data merge entity $(bone_right_index_finger) { transformation: [-0.999884597815731f,-0.0019779523780046244f,0.015062494988025386f,-2.5309523839185615f,-0.000005019394905783625f,0.9915308920165833f,0.1298710520154693f,-1.2588119351590639f,-0.015191807847640078f,0.12985598900778275f,-0.9914164771139983f,0.257516360950637f,0f,0f,0f,1f], start_interpolation: 0, interpolation_duration: 1 }
$data merge entity $(bone_right_thumb) { transformation: [-0.999884597815731f,-0.0006576427337319358f,0.01517756755572887f,-2.2565479082999236f,-0.000005019394905783625f,0.9990768256209274f,0.042959242102454456f,-1.4177705144612716f,-0.015191807847640078f,0.042954208329875995f,-0.9989615332739665f,-0.5340376125788234f,0f,0f,0f,1f], start_interpolation: 0, interpolation_duration: 1 }
$data merge entity $(bone_right_hand) { transformation: [-0.999884597815731f,-0.0019779523780046244f,0.015062494988025386f,-2.8636571604680583f,-0.000005019394905783625f,0.9915308920165833f,0.1298710520154693f,-1.2816801346196707f,-0.015191807847640078f,0.12985598900778275f,-0.9914164771139983f,-0.4720547101863497f,0f,0f,0f,1f], start_interpolation: 0, interpolation_duration: 1 }
$data merge entity $(bone_right_forearm) { transformation: [-2.001100292002304f,-0.0026398619934050065f,0.030289019520471208f,-2.818058595691007f,-0.000010045471881035573f,1.993830400644332f,0.17311009673648228f,-0.1984610559527289f,-0.030403839789477322f,0.17308996742064953f,-1.993600321511545f,-2.4289475306823665f,0f,0f,0f,1f], start_interpolation: 0, interpolation_duration: 1 }
$data merge entity $(bone_right_bicep) { transformation: [-1.285243910392059f,0.11073599087206712f,0.019525742926231895f,-1.787212179702216f,0.11201638762212479f,1.280427470634089f,0.11159500374474662f,1.266770860210416f,-0.00980016404606171f,0.11286565590241157f,-1.2851696090452418f,-1.9226936633306815f,0f,0f,0f,1f], start_interpolation: 0, interpolation_duration: 1 }
$data merge entity $(bone_right_shoulder) { transformation: [-1.2280855792645484f,0.10581125683301004f,0.01865737944233275f,-1.3743293749999999f,0.10703471081848999f,1.2234833398278682f,0.1066320670409483f,1.345822208933127f,-0.009364323800393598f,0.10784620980285697f,-1.2280145823029534f,-1.8837724495634116f,0f,0f,0f,1f], start_interpolation: 0, interpolation_duration: 1 }
$data merge entity $(bone_chest) { transformation: [-4.0674850000000005f,4.3414301710126624e-17f,4.962277392346086e-16f,1.5992509097654118e-16f,0f,4.052006991567704f,-0.35450467628995846f,1.5859632627898401f,-4.981232485829872e-16f,-0.35450467628995846f,-4.052006991567704f,-1.3058874696597196f,0f,0f,0f,1f], start_interpolation: 0, interpolation_duration: 1 }
$data merge entity $(bone_weist) { transformation: [-1.0999999999999999f,1.174085015215527e-17f,1.341985313180182e-16f,4.837579983167432e-16f,0f,1.09581416790092f,-0.09587131702242399f,1.5377623554752027f,-1.3471114790620883e-16f,-0.09587131702242399f,-1.09581416790092f,-3.950183829766707f,0f,0f,0f,1f], start_interpolation: 0, interpolation_duration: 1 }
$data merge entity $(bone_right_fingers2) { transformation: [-0.9978589232386035f,0.0028528444287947417f,-0.06534087994326289f,0.7117665325980076f,0f,0.9990482215818578f,0.043619387365336f,-1.4423772597762041f,0.06540312923014309f,0.0435259949087017f,-0.9969091826511145f,-5.491729885344628f,0f,0f,0f,1f], start_interpolation: 0, interpolation_duration: 1 }
$data merge entity $(bone_left_foot) { transformation: [-0.9978589232386035f,0f,-0.0654031292301431f,0.7296853938901663f,0f,1f,0f,-0.46684038477620415f,0.06540312923014309f,-2.7755575615628914e-17f,-0.9978589232386036f,-5.2921332331918f,0f,0f,0f,1f], start_interpolation: 0, interpolation_duration: 1 }
$data merge entity $(bone_left_knee) { transformation: [-1.5816205296679324f,-0.026830446902007834f,-0.10013259102807222f,0.8815613017726098f,0f,1.531006118617379f,-0.4102318530906343f,-0.5138731701145585f,0.10366488637410755f,-0.4093535152031974f,-1.5277281169952515f,-3.2204417636800735f,0f,0f,0f,1f], start_interpolation: 0, interpolation_duration: 1 }
$data merge entity $(bone_left_thigh) { transformation: [-1.6002197884479972f,-0.022701040823908468f,-0.10239777788638334f,0.7604951499499077f,0f,1.5656403461379047f,-0.34709410835721877f,1.0705057853515652f,0.10488394620034971f,-0.34635095322779746f,-1.562288189976084f,-4.603633454403475f,0f,0f,0f,1f], start_interpolation: 0, interpolation_duration: 1 }
$data merge entity $(bone_left_leg) { transformation: [-0.9978589232386035f,-0.011357134204529105f,-0.06440950873710428f,0.5257450000000006f,0f,0.984807753012208f,-0.17364817766693055f,1.3072312499999998f,0.06540312923014309f,-0.17327638358906902f,-0.9826992040177904f,-4.931638125f,0f,0f,0f,1f], start_interpolation: 0, interpolation_duration: 1 }
$data merge entity $(bone_left_fingers2) { transformation: [-0.9978589232386035f,-0.002852844428794756f,0.06534087994326314f,-0.7116553947147155f,0f,0.9990482215818578f,0.043619387365336f,-1.4345359841651195f,-0.06540312923014334f,0.0435259949087017f,-0.9969091826511145f,-5.49342552177452f,0f,0f,0f,1f], start_interpolation: 0, interpolation_duration: 1 }
$data merge entity $(bone_right_foot) { transformation: [-0.9978589232386035f,-3.469446951953614e-18f,0.06540312923014335f,-0.7295742560068743f,0f,1f,0f,-0.45899910916511955f,-0.06540312923014334f,-2.7755575615628914e-17f,-0.9978589232386036f,-5.2938288696216915f,0f,0f,0f,1f], start_interpolation: 0, interpolation_duration: 1 }
$data merge entity $(bone_right_knee) { transformation: [-1.5816205296679324f,0.026830446902007934f,0.10013259102807262f,-0.8811833785669039f,0f,1.531006118617379f,-0.4102318530906343f,-0.4750494394102611f,-0.10366488637410795f,-0.4093535152031974f,-1.5277281169952515f,-3.2262077575637136f,0f,0f,0f,1f], start_interpolation: 0, interpolation_duration: 1 }
$data merge entity $(bone_right_thigh) { transformation: [-1.6002197884479972f,0.02270104082390855f,0.10239777788638374f,-0.7613242353644337f,0f,1.5656403461379047f,-0.34709410835721877f,1.088605138344223f,-0.10488394620035012f,-0.34635095322779746f,-1.562288189976084f,-4.590984055380049f,0f,0f,0f,1f], start_interpolation: 0, interpolation_duration: 1 }
$data merge entity $(bone_right_leg) { transformation: [-0.9978589232386035f,0.011357134204529147f,0.06440950873710453f,-0.5257449999999995f,0f,0.984807753012208f,-0.17364817766693055f,1.3072312499999998f,-0.06540312923014334f,-0.17327638358906902f,-0.9826992040177904f,-4.931638125f,0f,0f,0f,1f], start_interpolation: 0, interpolation_duration: 1 }