# This file was generated by Animated Java via MC-Build. It is not recommended to edit this file directly.
$data merge entity $(bone_right_thumb) { transformation: [-1.0342569131292683f,-0.1800614288604453f,0.01976156575409554f,-6.832320813636689f,-0.11205592034651096f,0.7259800568476568f,0.7502642386351431f,-5.5948967512909435f,-0.1423239556772332f,0.7369062619466668f,-0.734311277827174f,-7.360816930828162f,0f,0f,0f,1f], start_interpolation: 0, interpolation_duration: 1 }
$data merge entity $(bone_right_fingers_2) { transformation: [0.9813608211211147f,-0.18880379168936223f,0.03583388078636586f,-6.288207216348711f,-0.1904987854511439f,-0.9311745703612916f,0.3108442250615301f,-6.677877754422406f,-0.02532096977073632f,-0.3118766547149435f,-0.9497851339822526f,-8.050068284079531f,0f,0f,0f,1f], start_interpolation: 0, interpolation_duration: 1 }
$data merge entity $(bone_right_fingers) { transformation: [-0.5499824862175773f,-0.8344070935950393f,0.03583388078636586f,-7.247023258462433f,-0.7873923976739637f,0.5323430095635175f,0.3108442250615301f,-6.575547187319876f,-0.2784465423365479f,0.14274355441537684f,-0.9497851339822526f,-8.052956288765985f,0f,0f,0f,1f], start_interpolation: 0, interpolation_duration: 1 }
$data merge entity $(bone_right_hand) { transformation: [-1.0304288621771704f,0.19824398127383014f,0.037625574825684155f,-7.067298866329805f,0.20002372472370103f,0.9777332988793562f,0.3263864363146066f,-5.179829303437748f,0.026587018259273128f,0.32747048745069074f,-0.9972743906813653f,-7.523378810170347f,0f,0f,0f,1f], start_interpolation: 0, interpolation_duration: 1 }
$data merge entity $(bone_right_forearm) { transformation: [-4.195317510292765f,0.8071362094720226f,0.15318984036171404f,-5.945036448838755f,0.8143823078036397f,3.980771288294521f,1.328859062138041f,0.5534441990327488f,0.10824714576989772f,1.3332726989063834f,-4.0603314477741295f,-4.940036653262586f,0f,0f,0f,1f], start_interpolation: 0, interpolation_duration: 1 }
$data merge entity $(bone_right_bicep) { transformation: [-3.3967836861795475f,1.1646641037318486f,0.2557696518021195f,-4.200984177228488f,1.1888972543360745f,3.2486318291715266f,0.9964509807942423f,3.994125971460152f,0.09156368241082315f,1.0246700756693126f,-3.4498793208011236f,-2.6077670661912977f,0f,0f,0f,1f], start_interpolation: 0, interpolation_duration: 1 }
$data merge entity $(bone_right_arm) { transformation: [-1.195765427501671f,-1.9181818020861403e-17f,0.10072260119628836f,-3.953281689758179f,0.013146937604650313f,1.1897338336485725f,0.15607870804017526f,5.331662889213304f,-0.0998609053802637f,0.1566314306640619f,-1.1855354885049894f,-2.3935646864211355f,0f,0f,0f,1f], start_interpolation: 0, interpolation_duration: 1 }
$data merge entity $(bone_left_thumb) { transformation: [-0.5966725612673176f,0.6047999411994248f,0.6170080110953771f,2.3828162693931554f,0.45797005141481767f,0.8572296741403306f,-0.3973923977385241f,-4.519917448015832f,-0.7326290238844004f,0.043293381693236606f,-0.7509197004099408f,3.4964433805847537f,0f,0f,0f,1f], start_interpolation: 0, interpolation_duration: 1 }
$data merge entity $(bone_left_fingers_2) { transformation: [0.7775688957269475f,-0.5569973254821887f,0.29178860807725887f,1.2678939734851378f,-0.18964122747240214f,-0.6501664186943685f,-0.7357444072807484f,-5.35315947231946f,0.5995188214232609f,0.5167568165083339f,-0.6111788407262115f,3.4150130982708524f,0f,0f,0f,1f], start_interpolation: 0, interpolation_duration: 1 }
$data merge entity $(bone_left_fingers) { transformation: [0.2170356947594006f,0.9315336362132288f,0.29178860807725887f,1.966441723605929f,0.6732480028049582f,0.07360226813240953f,-0.7357444072807484f,-5.591758050049114f,-0.706846966407467f,0.35612889622877364f,-0.6111788407262115f,4.035424129487886f,0f,0f,0f,1f], start_interpolation: 0, interpolation_duration: 1 }
$data merge entity $(bone_left_hand) { transformation: [-0.8164473405132949f,0.5848471917562982f,0.30637803848112183f,2.862974982444008f,0.19912328884602232f,0.6826747396290869f,-0.7725316276447859f,-4.5907103297093155f,-0.6294947624944239f,-0.5425946573337507f,-0.6417377827625221f,3.3609516306035863f,0f,0f,0f,1f], start_interpolation: 0, interpolation_duration: 1 }
$data merge entity $(bone_left_forearm) { transformation: [-3.3241070292327004f,2.3811635664363564f,1.2473962995302814f,6.262935924076041f,0.8107162474445193f,2.7794614399184248f,-3.145307341125199f,-0.004318692832585125f,-2.5629429615844397f,-2.2091353905731275f,-2.612789544104554f,0.495845692585968f,0f,0f,0f,1f], start_interpolation: 0, interpolation_duration: 1 }
$data merge entity $(bone_left_bicep) { transformation: [-3.415997392798292f,-0.9669254659665748f,0.5966715643137364f,4.4800988856298f,-1.1317469392667021f,2.7283454509766005f,-2.0579795833767993f,3.8004397977010367f,0.10055186649550966f,-2.140370585529668f,-2.892871078832179f,-1.1365745152825018f,0f,0f,0f,1f], start_interpolation: 0, interpolation_duration: 1 }
$data merge entity $(bone_left_arm) { transformation: [-1.195765427501671f,-1.9181818020861403e-17f,0.10072260119628836f,4.229565778307746f,0.013146937604650313f,1.1897338336485725f,0.15607870804017526f,5.143454606122793f,-0.0998609053802637f,0.1566314306640619f,-1.1855354885049894f,-0.9639808460874493f,0f,0f,0f,1f], start_interpolation: 0, interpolation_duration: 1 }
$data merge entity $(bone_chest) { transformation: [-6.04015786324565f,-9.689292421852628e-17f,0.5087790612021743f,-7.259153895602126e-18f,0.0664089935400123f,6.009690533950293f,0.7883988062974576f,5.8747863725668825f,-0.5044263858034871f,0.7911907685218865f,-5.988483475401513f,0.05927548988537934f,0f,0f,0f,1f], start_interpolation: 0, interpolation_duration: 1 }
$data merge entity $(bone_waist) { transformation: [-5.02272429554945f,-8.030520731226113e-17f,-0.10553589664558727f,0.0000012500000003843875f,-0.0137751987316775f,4.980853329629769f,0.6555970768692106f,0.8720302657585961f,0.10463302241974505f,0.6557417809622557f,-4.979754192919894f,-3.138761111800971f,0f,0f,0f,1f], start_interpolation: 0, interpolation_duration: 1 }
$data merge entity $(bone_hip) { transformation: [-4.382828761490789f,-7.023633801543701e-17f,-0.3121717482334446f,2.6014005602124667e-16f,-0.040746589615588205f,4.356341385246354f,0.5720739493899172f,-2.541079286989339f,0.30950107565212753f,0.5735232237110184f,-4.345333053861384f,-2.1242047601183156f,0f,0f,0f,1f], start_interpolation: 0, interpolation_duration: 1 }
$data merge entity $(bone_right_foot) { transformation: [-2.0399573787810357f,-0.0013455825789976418f,-0.01311800916027688f,-1.998315736908414f,-0.00172122805032933f,2.0391603806795926f,0.05849768577180634f,-11.37050368658905f,0.013074025042226654f,0.05850753177310866f,-2.0391189123234117f,-0.38720983131469455f,0f,0f,0f,1f], start_interpolation: 0, interpolation_duration: 1 }
$data merge entity $(bone_right_knee) { transformation: [-2.8499404556499766f,-0.009624961940853164f,-0.01570857591388488f,-1.9976330785403436f,-0.002404656835018917f,2.603668397111463f,-1.159053534358327f,-7.457541753321046f,0.01826518204428724f,-1.1590160645955951f,-2.6036221202651944f,-0.6432370436417942f,0f,0f,0f,1f], start_interpolation: 0, interpolation_duration: 1 }
$data merge entity $(bone_right_thigh) { transformation: [-3.8249200852144427f,-0.004808357469444944f,-0.0242532765125078f,-1.682147937524214f,-0.0032273025943674945f,3.816965564762586f,-0.24776695085220313f,-3.9798410531434962f,0.02451379695417498f,-0.24774131087705115f,-3.816889874838389f,-2.7438022945018785f,0f,0f,0f,1f], start_interpolation: 0, interpolation_duration: 1 }
$data merge entity $(bone_right_leg) { transformation: [-1.7249639599986704f,-2.7573863404988267e-17f,-0.011150637009030117f,-1.6701387499999998f,-0.0014554501896167132f,1.7102423858698232f,0.2251529774154478f,-3.3788252301973927f,0.01105524176364754f,0.22515768157958901f,-1.7102066541957006f,-3.4998230281124676f,0f,0f,0f,1f], start_interpolation: 0, interpolation_duration: 1 }
$data merge entity $(bone_left_foot) { transformation: [-2.0343659194471986f,0.13395008587100715f,-0.07080028451146295f,1.9629377919878213f,-0.019776034450007852f,0.7103691938632847f,1.912219787804597f,-8.478712391625718f,0.15021389500704116f,1.907624958660684f,-0.7071087630920979f,-5.025062100822797f,0f,0f,0f,1f], start_interpolation: 0, interpolation_duration: 1 }
$data merge entity $(bone_left_knee) { transformation: [-2.8421288580512334f,0.14202050676616138f,-0.15695136154323452f,2.211967021113082f,-0.02762828342280509f,1.8462780244587755f,2.170943143971235f,-7.0819422603262705f,0.20985764743630753f,2.166468931708572f,-1.83980220017099f,-1.392148175727005f,0f,0f,0f,1f], start_interpolation: 0, interpolation_duration: 1 }
$data merge entity $(bone_left_thigh) { transformation: [-3.814436098963498f,-0.02804659908872369f,-0.2826935358364117f,1.7164473869398775f,-0.03708006459376473f,3.8229042556637793f,0.1210500757434339f,-3.421941310464014f,0.2816510531382022f,0.12345622830511727f,-3.812618030167567f,-3.114112387461534f,0f,0f,0f,1f], start_interpolation: 0, interpolation_duration: 1 }
$data merge entity $(bone_left_leg) { transformation: [-1.720235887767852f,-2.7573863404988267e-17f,-0.12811514522315837f,1.6701387500000002f,-0.01672238207169782f,1.7102423858698232f,0.22453584015061773f,-3.3788252301973927f,0.12701910239565983f,0.22515768157958901f,-1.7055190312782518f,-3.499823028112467f,0f,0f,0f,1f], start_interpolation: 0, interpolation_duration: 1 }
data modify entity @s data merge value {"locators":{"consume":{"posx":-6.543328724196003,"posy":-7.274849278123721,"posz":-7.244853553642071,"roty":2.1606537374990467,"rotx":18.110114769394727}},"cameras":{}}