# This file was generated by Animated Java via MC-Build. It is not recommended to edit this file directly.
$data merge entity $(bone_right_thumb) { transformation: [-0.9849447750140522f,-0.28577243933689955f,-0.22520635667750957f,-5.796242996053083f,-0.35598241089357696f,0.8912645367044864f,0.42593901998682304f,-6.715477887995398f,0.07523505371112674f,0.4759008704849958f,-0.9329298195280868f,-3.174271855554691f,0f,0f,0f,1f], start_interpolation: 0, interpolation_duration: 1 }
$data merge entity $(bone_right_fingers_2) { transformation: [0.9923882666194662f,0.015351089377688754f,-0.12218785672451044f,-5.068314614696785f,0.00939142675354171f,-0.998744698090864f,-0.04920192210596919f,-7.84423564375804f,-0.12278977717849376f,0.04767989188648828f,-0.9912866883652522f,-3.548439048501663f,0f,0f,0f,1f], start_interpolation: 0, interpolation_duration: 1 }
$data merge entity $(bone_right_fingers) { transformation: [-0.3655879908309811f,-0.9227218154076757f,-0.12218785672451044f,-6.020063428097728f,-0.9263137281951642f,0.373526502163171f,-0.04920192210596919f,-7.939796799075578f,0.09104008961628804f,0.09519665725491415f,-0.9912866883652522f,-3.4265770366460804f,0f,0f,0f,1f], start_interpolation: 0, interpolation_duration: 1 }
$data merge entity $(bone_right_hand) { transformation: [-1.0420076799504396f,-0.016118643846573272f,-0.12829724956073596f,-6.13754461616755f,-0.009860998091218882f,1.0486819329954071f,-0.051662018211267646f,-6.440807575109027f,0.12892926603741847f,-0.05006388648081269f,-1.0408510227835148f,-3.423252697099218f,0f,0f,0f,1f], start_interpolation: 0, interpolation_duration: 1 }
$data merge entity $(bone_right_forearm) { transformation: [-4.242459839798218f,-0.06562590708961974f,-0.522353087497282f,-6.2138107334644825f,-0.04014834937139116f,4.269633584338443f,-0.21033821700301825f,-0.06200614229446666f,0.5249262974380609f,-0.20383153781473734f,-4.2377505927614525f,-3.0936613629058534f,0f,0f,0f,1f], start_interpolation: 0, interpolation_duration: 1 }
$data merge entity $(bone_right_bicep) { transformation: [-3.4037187491705727f,1.1702376807287653f,-0.07240474533672674f,-4.3565520761319005f,1.172377308975472f,3.399814456515214f,-0.1636860002248f,3.936122092143804f,0.01516977073479668f,-0.17834077456578243f,-3.5955478645379113f,-2.1528894921786974f,0f,0f,0f,1f], start_interpolation: 0, interpolation_duration: 1 }
$data merge entity $(bone_right_arm) { transformation: [-1.1998177753011747f,-1.9181818020861403e-17f,0.020911864367878057f,-4.10688388397998f,0.0027295460281612795f,1.1897338336485725f,0.15660764556799578f,5.275821867409993f,-0.020732960469278788f,0.1566314306640619f,-1.1895531679073066f,-1.9551156462584303f,0f,0f,0f,1f], start_interpolation: 0, interpolation_duration: 1 }
$data merge entity $(bone_left_thumb) { transformation: [-0.8222091264137465f,0.4800700816612059f,0.4427243715177066f,3.944940727000913f,0.5396977632371018f,0.9003040814533934f,0.026055426982342728f,-6.197930664310827f,-0.36769345493061767f,0.24796225037728295f,-0.9517437919886953f,-0.12251631310708666f,0f,0f,0f,1f], start_interpolation: 0, interpolation_duration: 1 }
$data merge entity $(bone_left_fingers_2) { transformation: [0.9257603575168205f,-0.3131642837516722f,0.2118865069621732f,2.964019840609078f,-0.20969095233690443f,-0.8915314059990889f,-0.40149901198549665f,-7.173664295895537f,0.3146386259796641f,0.3272611854461052f,-0.8910121500529827f,-0.2948908549945238f,0f,0f,0f,1f], start_interpolation: 0, interpolation_duration: 1 }
$data merge entity $(bone_left_fingers) { transformation: [-0.06494707909034264f,0.9751338293203665f,0.2118865069621732f,3.8259960188635627f,0.9039128719697593f,0.14744511949213993f,-0.40149901198549665f,-7.4523653202074955f,-0.4227569003635707f,0.1654507529537019f,-0.8910121500529827f,0.035458801155553554f,0f,0f,0f,1f], start_interpolation: 0, interpolation_duration: 1 }
$data merge entity $(bone_left_hand) { transformation: [-0.9720483753926614f,0.3288224979392559f,0.22248083231028187f,4.377344753945969f,0.22017549995374974f,0.9361079762990433f,-0.4215739625847715f,-6.112589786542314f,-0.3303705572786473f,-0.3436242447184104f,-0.9355627575556319f,-0.3667820049131141f,0f,0f,0f,1f], start_interpolation: 0, interpolation_duration: 1 }
$data merge entity $(bone_left_forearm) { transformation: [-3.9576255283844066f,1.3387773130383989f,0.9058148172632904f,6.286215895132985f,0.8964288212402667f,3.8112967606461043f,-1.716408276237998f,-0.204142151913711f,-1.3450801260630638f,-1.3990415677820993f,-3.809076941476501f,-1.8667860724726184f,0f,0f,0f,1f], start_interpolation: 0, interpolation_duration: 1 }
$data merge entity $(bone_left_bicep) { transformation: [-3.4077483694997586f,-1.1278075465756041f,0.27441061943528544f,4.414501422711953f,-1.1604481949317726f,3.2922689774770095f,-0.8799573664798103f,3.8965863311168736f,0.02471916364546805f,-0.9214201635679613f,-3.479996242112779f,-1.8525855727586835f,0f,0f,0f,1f], start_interpolation: 0, interpolation_duration: 1 }
$data merge entity $(bone_left_arm) { transformation: [-1.1998177753011747f,-1.9181818020861403e-17f,0.020911864367878057f,4.164245541821718f,0.0027295460281612795f,1.1897338336485725f,0.15660764556799578f,5.237423417228131f,-0.020732960469278788f,0.1566314306640619f,-1.1895531679073066f,-1.6634504603672826f,0f,0f,0f,1f], start_interpolation: 0, interpolation_duration: 1 }
$data merge entity $(bone_chest) { transformation: [-6.060627446880391f,-9.689292421852628e-17f,0.10563188991060594f,8.048931093739767e-18f,0.013787728367038982f,6.009690533950293f,0.7910706231056304f,5.893124824164213f,-0.10472819444907432f,0.7911907685218865f,-6.00877793891064f,-0.06572451011462066f,0f,0f,0f,1f], start_interpolation: 0, interpolation_duration: 1 }
$data merge entity $(bone_waist) { transformation: [-5.0237852349915375f,-8.030520731226113e-17f,-0.02188806214659224f,0.0000012500000003996957f,-0.0028569654070706133f,4.980853329629769f,0.6557355572547623f,0.8903687173559263f,0.021700806740669484f,0.6557417809622557f,-4.98080605587798f,-3.263761111800971f,0f,0f,0f,1f], start_interpolation: 0, interpolation_duration: 1 }
$data merge entity $(bone_hip) { transformation: [-4.390903569807501f,-7.023633801543701e-17f,0.16311037244070672f,2.7544814101058856e-16f,0.02129017582627982f,4.356341385246354f,0.5731279233724046f,-2.5227408353920087f,-0.1617149405931071f,0.5735232237110184f,-4.3533387810735675f,-2.2492047601183156f,0f,0f,0f,1f], start_interpolation: 0, interpolation_duration: 1 }
$data merge entity $(bone_right_foot) { transformation: [-2.032614076994226f,0.010125322534402185f,0.17314009312832995f,-2.242415100469805f,0.022637928598158465f,2.034586802720811f,0.14677897118828853f,-11.421086037625992f,-0.17195213925304073f,0.1481688902498837f,-2.0273328394144907f,-2.131240299062078f,0f,0f,0f,1f], start_interpolation: 0, interpolation_duration: 1 }
$data merge entity $(bone_right_knee) { transformation: [-2.839681431094874f,0.08393116877469828f,0.22729920546073562f,-2.2367319326388277f,0.03162651789448609f,2.7790737030715094f,-0.6310698188491346f,-7.533250898682811f,-0.24022725336821868f,-0.6262626540075041f,-2.76994331258505f,-1.6198430711843994f,0f,0f,0f,1f], start_interpolation: 0, interpolation_duration: 1 }
$data merge entity $(bone_right_thigh) { transformation: [-3.8111513943641735f,0.004501377400907633f,0.3251611705562565f,-1.7429456662329192f,0.04244611612154713f,3.7987991378711548f,0.44491396621771007f,-3.738205540439822f,-0.3224102610994514f,0.4469114539938221f,-3.7850953456718783f,-3.019883520359187f,0f,0f,0f,1f], start_interpolation: 0, interpolation_duration: 1 }
$data merge entity $(bone_right_leg) { transformation: [-1.7187545503995294f,-2.7573863404988267e-17f,0.14665536294630693f,-1.6701387499999998f,0.019142366094031058f,1.7102423858698232f,0.22434248682453725f,-3.3604867786000625f,-0.1454007059860271f,0.22515768157958901f,-1.7040503669564673f,-3.6248230281124676f,0f,0f,0f,1f], start_interpolation: 0, interpolation_duration: 1 }
$data merge entity $(bone_left_foot) { transformation: [-2.038908836846356f,0.047371094307788304f,-0.04697589226318583f,2.0579757783204573f,-0.008707921681766723f,1.2351842619713456f,1.6235282600183731f,-8.56453996024836f,0.06614323192756785f,1.6228603816725533f,-1.2343213740626024f,-3.299303604011045f,0f,0f,0f,1f], start_interpolation: 0, interpolation_duration: 1 }
$data merge entity $(bone_left_knee) { transformation: [-2.8484755808882913f,0.04193615728474596f,-0.08323595254035271f,2.1443062652529314f,-0.012165478820115275f,2.356150226957616f,1.603405160629294f,-6.25170740237321f,0.09240598578116097f,1.6029028251019348f,-2.354710951915765f,-0.16013196963636478f,0f,0f,0f,1f], start_interpolation: 0, interpolation_duration: 1 }
$data merge entity $(bone_left_thigh) { transformation: [-3.8229540690869177f,-0.054835281747752956f,-0.11242898882150083f,1.7059811553355333f,-0.01632735315331261f,3.6272209152134907f,-1.213930331516937f,-3.4266403988353398f,0.12401855986418973f,-1.2128011065766136f,-3.6255148424321417f,-3.064124898497546f,0f,0f,0f,1f], start_interpolation: 0, interpolation_duration: 1 }
$data merge entity $(bone_left_leg) { transformation: [-1.7240773252744925f,-2.7573863404988267e-17f,-0.05641255599911174f,1.6701387500000002f,-0.00736331612796451f,1.7102423858698232f,0.22503724836101077f,-3.3604867786000625f,0.055929938762281646f,0.22515768157958901f,-1.709327604754499f,-3.624823028112467f,0f,0f,0f,1f], start_interpolation: 0, interpolation_duration: 1 }
data modify entity @s data merge value {"locators":{"consume":{"posx":-5.101496463813961,"posy":-8.150983651383081,"posz":-2.5612018071572886,"roty":352.9730596030073,"rotx":-2.820201132890212}},"cameras":{}}