# This file was generated by Animated Java via MC-Build. It is not recommended to edit this file directly.
$data merge entity $(bone_right_thumb) { transformation: [-0.47594333786442855f,-0.6354325334960162f,-0.6871706007370383f,-1.7242843304009932f,-0.34542661722636475f,0.835748761969124f,-0.5335770412776659f,-3.6105988010052523f,0.8698611333161277f,-0.015795639965251636f,-0.5878708246750057f,4.91469277260187f,0f,0f,0f,1f], start_interpolation: 0, interpolation_duration: 1 }
$data merge entity $(bone_right_fingers_2) { transformation: [0.6851047096505104f,0.6490145275631718f,-0.33077436391994286f,-0.5894613088976263f,0.10804216397591566f,-0.5395946962410748f,-0.8349637444775091f,-4.415242506557329f,-0.7203876925781638f,0.5363000156632991f,-0.43979980170692873f,4.82141842008454f,0f,0f,0f,1f], start_interpolation: 0, interpolation_duration: 1 }
$data merge entity $(bone_right_fingers) { transformation: [0.33743301649955115f,-0.8813213259358761f,-0.33077436391994286f,-1.19124474479348f,-0.5398664418592292f,0.10667600649795575f,-0.8349637444775091f,-4.565915340548475f,0.7711570425861833f,0.4603183138745157f,-0.43979980170692873f,5.559634161943025f,0f,0f,0f,1f], start_interpolation: 0, interpolation_duration: 1 }
$data merge entity $(bone_right_hand) { transformation: [-0.7193599451330358f,-0.6814652539413304f,-0.34731308211594003f,-2.2137286691925535f,-0.11344427217471152f,0.5665744310531285f,-0.8767119317013846f,-3.715968861726078f,0.756407077207072f,-0.5631150164464641f,-0.4617897917922752f,4.857566371886794f,0f,0f,0f,1f], start_interpolation: 0, interpolation_duration: 1 }
$data merge entity $(bone_right_forearm) { transformation: [-2.928822633755931f,-2.774537105332559f,-1.4140604057577555f,-6.168763082709342f,-0.4618802509970397f,2.3067673264305943f,-3.569470007641351f,0.2348234182340363f,3.07965738577165f,-2.2926825669606035f,-1.88014415229712f,1.7668548298619693f,0f,0f,0f,1f], start_interpolation: 0, interpolation_duration: 1 }
$data merge entity $(bone_right_bicep) { transformation: [-3.423034638916751f,0.8547548850006139f,-0.7157010181239499f,-4.481741358358144f,1.1030357840943918f,2.261530961374102f,-2.5746436199508467f,3.6476180190260834f,-0.16169699992065864f,-2.66737170212813f,-2.412256678486505f,-0.6469143236348072f,0f,0f,0f,1f], start_interpolation: 0, interpolation_duration: 1 }
$data merge entity $(bone_right_arm) { transformation: [-1.1885537108359816f,-1.9181818020861403e-17f,-0.16534834882156565f,-4.231802599276243f,-0.02158229036155183f,1.1897338336485725f,0.15513739012443292f,4.992403419593053f,0.1639337707757856f,0.1566314306640619f,-1.1783854690751077f,-0.4877696370087169f,0f,0f,0f,1f], start_interpolation: 0, interpolation_duration: 1 }
$data merge entity $(bone_left_thumb) { transformation: [-1.024179045455364f,0.21133305737627664f,-0.09431660357612578f,6.415550795265761f,0.03382680705698174f,0.5600349545020534f,0.8875339975799317f,-3.930091041783049f,0.22893892192999946f,0.8626698027611026f,-0.5530712263620765f,-10.37361355076873f,0f,0f,0f,1f], start_interpolation: 0, interpolation_duration: 1 }
$data merge entity $(bone_left_fingers_2) { transformation: [0.9746788804854322f,0.19293931682212284f,-0.11302875722521745f,5.855081619606671f,0.22359099807531346f,-0.8344732984850977f,0.5036480712710873f,-4.86470503278115f,0.002854034924424903f,-0.5161673509043492f,-0.8564829947786684f,-11.243295032015029f,0f,0f,0f,1f], start_interpolation: 0, interpolation_duration: 1 }
$data merge entity $(bone_left_fingers) { transformation: [-0.5512461452665982f,0.8266511884518398f,-0.11302875722521745f,6.80782390861665f,0.6853882303081662f,0.5259102528568478f,0.5036480712710873f,-4.722178187216791f,0.4757842589701306f,0.20016547797062065f,-0.8564829947786684f,-11.285441409969904f,0f,0f,0f,1f], start_interpolation: 0, interpolation_duration: 1 }
$data merge entity $(bone_left_hand) { transformation: [-1.0234128245097038f,-0.20258628266322892f,-0.11868019508647833f,6.62605333551185f,-0.23477054797907898f,0.8761969634093526f,0.5288304748346417f,-3.4800734046528397f,-0.002996736670646145f,0.5419757184495667f,-0.8993071445176019f,-10.457844441490394f,0f,0f,0f,1f], start_interpolation: 0, interpolation_duration: 1 }
$data merge entity $(bone_left_forearm) { transformation: [-4.166752214075222f,-0.8248155794145748f,-0.4831979371378045f,5.525857892986957f,-0.9558515167719642f,3.567373351023792f,2.153095504683898f,1.518696647494925f,-0.012200999301916444f,2.2066154251160923f,-3.661464802678807f,-6.63614028738609f,0f,0f,0f,1f], start_interpolation: 0, interpolation_duration: 1 }
$data merge entity $(bone_left_bicep) { transformation: [-3.3920607771586817f,-1.0530098880000442f,-0.5874468995881915f,4.02354075970571f,-1.1959574768221717f,2.7146274121611147f,2.039726385272445f,3.9799680811849187f,-0.15365349880425275f,2.117065938726894f,-2.907648949475784f,-3.171363675142236f,0f,0f,0f,1f], start_interpolation: 0, interpolation_duration: 1 }
$data merge entity $(bone_left_arm) { transformation: [-1.1885537108359816f,-1.9181818020861403e-17f,-0.16534834882156565f,3.7782488059392847f,-0.02158229036155183f,1.1897338336485725f,0.15513739012443292f,5.3157608607679085f,0.1639337707757856f,0.1566314306640619f,-1.1783854690751077f,-2.9439132506929018f,0f,0f,0f,1f], start_interpolation: 0, interpolation_duration: 1 }
$data merge entity $(bone_chest) { transformation: [-6.003729391470233f,-9.689292421852628e-17f,-0.835222449436362f,-1.5186220245989161e-18f,-0.10901840598163298f,6.009690533950293f,0.7836439365882168f,5.792600791915881f,0.8280770055977283f,0.7911907685218865f,-5.952366654252076f,0.01240048988537934f,0f,0f,0f,1f], start_interpolation: 0, interpolation_duration: 1 }
$data merge entity $(bone_waist) { transformation: [-5.020833428959429f,-8.030520731226113e-17f,0.17357664942901974f,0.000001250000000390128f,0.02265629910828466f,4.980853329629769f,0.6553502692532192f,0.7898446851075942f,-0.172091677130885f,0.6557417809622557f,-4.977879502955674f,-3.185636111800971f,0f,0f,0f,1f], start_interpolation: 0, interpolation_duration: 1 }
$data merge entity $(bone_hip) { transformation: [-4.210365868881386f,-7.023633801543701e-17f,1.2567650548550051f,2.658805878922499e-16f,0.164040757125448f,4.356341385246354f,0.5495630247183562f,-2.6232648676403407f,-1.24601325559017f,0.5735232237110184f,-4.174345605206128f,-2.1710797601183156f,0f,0f,0f,1f], start_interpolation: 0, interpolation_duration: 1 }
$data merge entity $(bone_right_foot) { transformation: [-1.949398506164259f,-0.03346816037860031f,0.6002710607762373f,-1.4024885778758214f,0.07847278360352536f,2.0052464082561854f,0.3666454205484933f,-10.740715381307977f,-0.5960599687934689f,0.3734524392965449f,-1.9149009867837525f,-6.594935742929222f,0f,0f,0f,1f], start_interpolation: 0, interpolation_duration: 1 }
$data merge entity $(bone_right_knee) { transformation: [-2.723424383611832f,-0.0688881219397215f,0.837086646294236f,-1.8847406229790273f,0.10963109474021926f,2.786942408636568f,0.5860315981319303f,-7.422582154509558f,-0.8327308387555816f,0.5922047260860229f,-2.6605174144490773f,-4.561651123184855f,0f,0f,0f,1f], start_interpolation: 0, interpolation_duration: 1 }
$data merge entity $(bone_right_thigh) { transformation: [-3.6551221990579856f,-0.6652977263086872f,0.9099921127801116f,-1.750210785896961f,0.1471364692566101f,2.7797897524737456f,2.6233079863898277f,-3.5329674629032155f,-1.1176124414877544f,2.5418050411883373f,-2.630740307065929f,-3.353716240373268f,0f,0f,0f,1f], start_interpolation: 0, interpolation_duration: 1 }
$data merge entity $(bone_right_leg) { transformation: [-1.648388442712425f,-2.7573863404988267e-17f,0.508370477046128f,-1.6701387499999998f,0.0663556626059222f,1.7102423858698232f,0.21515786672679346f,-3.4610108108483946f,-0.5040212971415363f,0.22515768157958901f,-1.6342862510752114f,-3.5466980281124676f,0f,0f,0f,1f], start_interpolation: 0, interpolation_duration: 1 }
$data merge entity $(bone_left_foot) { transformation: [-2.035747861275245f,0.03936351435852593f,0.1256230832713943f,1.6757915495511277f,0.01718323920171561f,2.009468187975323f,-0.3512012781948692f,-9.912550619678285f,-0.13051965983637162f,-0.3494110977809944f,-2.005611254242376f,1.0621932638446607f,0f,0f,0f,1f], start_interpolation: 0, interpolation_duration: 1 }
$data merge entity $(bone_left_knee) { transformation: [-2.8440595120757104f,0.09786426179435533f,0.1557179438443755f,1.7257511057653434f,0.024005995943573277f,2.5899116836348974f,-1.1892355456889978f,-6.029007708951763f,-0.18234364241846035f,-1.1854450882410783f,-2.5853376450349126f,0.7063218726194664f,0f,0f,0f,1f], start_interpolation: 0, interpolation_duration: 1 }
$data merge entity $(bone_left_thigh) { transformation: [-3.817027239891085f,0.1349019716865896f,0.20671117039124845f,1.6227439572539097f,0.03221857350321677f,3.4481064150506286f,-1.655339576645264f,-3.584256602249479f,-0.24472436219319682f,-1.650148056545768f,-3.442055545459335f,-2.5523418045604567f,0f,0f,0f,1f], start_interpolation: 0, interpolation_duration: 1 }
$data merge entity $(bone_left_leg) { transformation: [-1.721404441519509f,-2.7573863404988267e-17f,0.11131823173635283f,1.6701387500000002f,0.014529944913215407f,1.7102423858698232f,0.22468836702222597f,-3.4610108108483946f,-0.11036588883222602f,0.22515768157958901f,-1.7066775878905711f,-3.546698028112467f,0f,0f,0f,1f], start_interpolation: 0, interpolation_duration: 1 }
data modify entity @s data merge value {"locators":{"consume":{"posx":-0.15061768165553913,"posy":-3.8215072861942803,"posz":5.545799193517593,"roty":323.05309677728417,"rotx":-56.61206320991922}},"cameras":{}}