# This file was generated by Animated Java via MC-Build. It is not recommended to edit this file directly.
$data merge entity $(bone_right_thumb) { transformation: [-1.0286029840032826f,-0.18038689146561493f,-0.10925415638279508f,-6.639533661146762f,-0.21006985857020133f,0.9243948968374538f,0.4515138195240212f,-6.45354484199575f,0.018616009772220995f,0.4641709212006361f,-0.9416468552976294f,-4.189892448044389f,0f,0f,0f,1f], start_interpolation: 0, interpolation_duration: 1 }
$data merge entity $(bone_right_fingers_2) { transformation: [0.9886620981619593f,-0.13139111882710997f,-0.07268857923602844f,-6.062173040325931f,-0.13409680346988945f,-0.9903961937103534f,-0.03366640436996696f,-7.676428857765596f,-0.06756702566452012f,0.0430320041062997f,-0.9967863079243441f,-4.529280552367645f,0f,0f,0f,1f], start_interpolation: 0, interpolation_duration: 1 }
$data merge entity $(bone_right_fingers) { transformation: [-0.49973417061201514f,-0.863123472726451f,-0.07268857923602844f,-7.023047699264036f,-0.8636901474250348f,0.5028975069114177f,-0.03366640436996696f,-7.6334625729805f,0.0656131691327506f,0.045956157051167554f,-0.9967863079243441f,-4.460856314472274f,0f,0f,0f,1f], start_interpolation: 0, interpolation_duration: 1 }
$data merge entity $(bone_right_hand) { transformation: [-1.0380952030700574f,0.1379606747684653f,-0.07632300819782986f,-6.923318443317213f,0.14080164364338388f,1.039916003395871f,-0.0353497245884653f,-6.133192220756542f,0.07094537694774614f,-0.045183604311614674f,-1.0466256233205613f,-4.4559045372503405f,0f,0f,0f,1f], start_interpolation: 0, interpolation_duration: 1 }
$data merge entity $(bone_right_forearm) { transformation: [-4.226530469642376f,0.5616970329858944f,-0.31074367623402155f,-6.097891221651264f,0.5732638348337771f,4.23394372811176f,-0.14392387868160872f,0.19080844846861478f,0.28884903471582346f,-0.18396181755443114f,-4.26126146637657f,-4.096404711280137f,0f,0f,0f,1f], start_interpolation: 0, interpolation_duration: 1 }
$data merge entity $(bone_right_bicep) { transformation: [-3.4000148239605665f,1.1793221534986786f,0.09538582240375414f,-4.284169175792614f,1.181921010206524f,3.372010908665366f,0.43886804107176425f,3.9603324102777466f,0.05442354711695096f,0.4458045424948217f,-3.5718757519558535f,-2.4169428171861123f,0f,0f,0f,1f], start_interpolation: 0, interpolation_duration: 1 }
$data merge entity $(bone_right_arm) { transformation: [-1.1983989945381588f,-1.9181818020861403e-17f,0.06196652233206804f,-4.035373445058621f,0.008088254205123612f,1.1897338336485725f,0.15642245751740422f,5.298918390188536f,-0.06143639014333433f,0.1566314306640619f,-1.1881465250103986f,-2.2107088556143313f,0f,0f,0f,1f], start_interpolation: 0, interpolation_duration: 1 }
$data merge entity $(bone_left_thumb) { transformation: [-0.7159852055362363f,0.5454749488587984f,0.540668350859125f,3.1554402640544854f,0.5239422854059509f,0.887364331446039f,-0.20141753856333947f,-5.488539653040257f,-0.5615600297535642f,0.13244479395135317f,-0.8772734519739903f,1.8583094070663029f,0f,0f,0f,1f], start_interpolation: 0, interpolation_duration: 1 }
$data merge entity $(bone_left_fingers_2) { transformation: [0.8594895474430653f,-0.44008053047012763f,0.2600131622384635f,2.0987456875285915f,-0.22111011738440095f,-0.7787203488505707f,-0.5871157758707404f,-6.391841749901956f,0.4608557624966525f,0.447128331675791f,-0.7666082579691225f,1.751460066393785f,0f,0f,0f,1f], start_interpolation: 0, interpolation_duration: 1 }
$data merge entity $(bone_left_fingers) { transformation: [0.07766898466063071f,0.9624763292073943f,0.2600131622384635f,2.886090835380103f,0.8040589705044019f,0.09372426406806045f,-0.5871157758707404f,-6.671771222893534f,-0.589454579058631f,0.2546666017371718f,-0.7666082579691225f,2.232641109717973f,0f,0f,0f,1f], start_interpolation: 0, interpolation_duration: 1 }
$data merge entity $(bone_left_hand) { transformation: [-0.9024640248152186f,0.46208455699363415f,0.2730138203503867f,3.6178179459324173f,0.2321656232536211f,0.8176563662930995f,-0.6164715646642774f,-5.490609764085282f,-0.4838985506214851f,-0.4694847482595806f,-0.8049386708675786f,1.6579980742078526f,0f,0f,0f,1f], start_interpolation: 0, interpolation_duration: 1 }
$data merge entity $(bone_left_forearm) { transformation: [-3.6743178153191036f,1.8813442677597958f,1.1115562685694313f,6.29929279611381f,0.9452457518183144f,3.3290294913361897f,-2.5099199418474147f,-0.18268915728830937f,-1.9701583846731892f,-1.9114736179140064f,-3.2772503028179982f,-0.674216784522949f,0f,0f,0f,1f], start_interpolation: 0, interpolation_duration: 1 }
$data merge entity $(bone_left_bicep) { transformation: [-3.4119134327012484f,-1.0574501760021149f,0.4479350991224974f,4.455886025893144f,-1.1466383952903847f,3.058846391721386f,-1.5128381084236837f,3.8425286298337538f,0.06377396176086637f,-1.576470068579215f,-3.2358422403873726f,-1.5221342673840805f,0f,0f,0f,1f], start_interpolation: 0, interpolation_duration: 1 }
$data merge entity $(bone_left_arm) { transformation: [-1.1983989945381588f,-1.9181818020861403e-17f,0.06196652233206804f,4.205348842236238f,0.008088254205123612f,1.1897338336485725f,0.15642245751740422f,5.184484715663345f,-0.06143639014333433f,0.1566314306640619f,-1.1881465250103986f,-1.3414988017053555f,0f,0f,0f,1f], start_interpolation: 0, interpolation_duration: 1 }
$data merge entity $(bone_chest) { transformation: [-6.053460773898503f,-9.689292421852628e-17f,0.3130108702875212f,4.221909846404294e-18f,0.04085611702211453f,6.009690533950293f,0.7901351845704181f,5.878457722015067f,-0.31033301890070725f,0.7911907685218865f,-6.0016725778096f,-0.03447451011462066f,0f,0f,0f,1f], start_interpolation: 0, interpolation_duration: 1 }
$data merge entity $(bone_waist) { transformation: [-5.02341391347694f,-8.030520731226113e-17f,-0.06488319096504591f,0.0000012500000003958686f,-0.008468955855753975f,4.980853329629769f,0.6556870900713726f,0.8757016152067809f,0.0643281062718304f,0.6557417809622557f,-4.980437911070415f,-3.232511111800971f,0f,0f,0f,1f], start_interpolation: 0, interpolation_duration: 1 }
$data merge entity $(bone_hip) { transformation: [-4.393180153315442f,-7.023633801543701e-17f,-0.08128525980345679f,2.716211197632531e-16f,-0.010609855445762902f,4.356341385246354f,0.5734250771489671f,-2.537407937541154f,0.08058985313757237f,0.5735232237110184f,-4.355595888094004f,-2.2179547601183156f,0f,0f,0f,1f], start_interpolation: 0, interpolation_duration: 1 }
$data merge entity $(bone_right_foot) { transformation: [-2.04f,-1.2522007030511646e-16f,2.1618033469313896e-16f,-2.0249999999999995f,0f,1.7652463946637682f,1.0224994699884042f,-9.209161561471474f,-2.4982794702606004e-16f,1.0224994699884042f,-1.7652463946637682f,-1.7882299079588098f,0f,0f,0f,1f], start_interpolation: 0, interpolation_duration: 1 }
$data merge entity $(bone_right_knee) { transformation: [-2.85f,-7.899464559322284e-17f,3.39967401840692e-16f,-2.019375f,0f,2.776044505872146f,0.6450402324018809f,-5.932985126056739f,-3.4902433775699566e-16f,0.6450402324018809f,-2.776044505872146f,0.3666384903632576f,0f,0f,0f,1f], start_interpolation: 0, interpolation_duration: 1 }
$data merge entity $(bone_right_thigh) { transformation: [-3.8250000000000006f,1.9923860797507098e-16f,4.239436363412329e-16f,-1.6874999999999998f,0f,3.461762498676344f,-1.626906697619172f,-3.464263167270309f,-4.684274006738627e-16f,-1.626906697619172f,-3.461762498676344f,-2.858509301896653f,0f,0f,0f,1f], start_interpolation: 0, interpolation_duration: 1 }
$data merge entity $(bone_right_leg) { transformation: [-1.7250000000000003f,-2.7573863404988267e-17f,2.0944428636216116e-16f,-1.6701387499999998f,0f,1.7102423858698232f,0.22515768157958901f,-3.375153880749208f,-2.1125157285291847e-16f,0.22515768157958901f,-1.7102423858698232f,-3.5935730281124676f,0f,0f,0f,1f], start_interpolation: 0, interpolation_duration: 1 }
$data merge entity $(bone_left_foot) { transformation: [-2.04f,-1.7669261728848547e-17f,2.492023280493449e-16f,2.025f,0f,2.034891433373682f,0.14428047124403995f,-11.408902578170451f,-2.4982794702606004e-16f,0.14428047124403995f,-2.034891433373682f,-3.6925021725477167f,0f,0f,0f,1f], start_interpolation: 0, interpolation_duration: 1 }
$data merge entity $(bone_left_knee) { transformation: [-2.85f,1.0705336732057958e-17f,3.4886012112616515e-16f,2.019375f,0f,2.848659069448066f,-0.08741570826389664f,-7.692041298612537f,-3.4902433775699566e-16f,-0.08741570826389664f,-2.848659069448066f,-2.510996128677432f,0f,0f,0f,1f], start_interpolation: 0, interpolation_duration: 1 }
$data merge entity $(bone_left_thigh) { transformation: [-3.8250000000000006f,-1.472147273977201e-16f,4.446932130573688e-16f,1.6875000000000002f,0f,3.6311956505906973f,1.2020994747237874f,-3.6813726243733638f,-4.684274006738627e-16f,1.2020994747237874f,-3.6311956505906973f,-3.1518574063264033f,0f,0f,0f,1f], start_interpolation: 0, interpolation_duration: 1 }
$data merge entity $(bone_left_leg) { transformation: [-1.7250000000000003f,-2.7573863404988267e-17f,2.0944428636216116e-16f,1.6701387500000002f,0f,1.7102423858698232f,0.22515768157958901f,-3.375153880749208f,-2.1125157285291847e-16f,0.22515768157958901f,-1.7102423858698232f,-3.593573028112467f,0f,0f,0f,1f], start_interpolation: 0, interpolation_duration: 1 }
data modify entity @s data merge value {"locators":{"consume":{"posx":-6.194052712118005,"posy":-7.972604267730617,"posz":-3.5470786257303137,"roty":355.8292064490248,"rotx":-1.9293074536784383}},"cameras":{}}