# This file was generated by Animated Java via MC-Build. It is not recommended to edit this file directly.
$data merge entity $(bone_left_fingers_2) { transformation: [-0.9614049483876761f,0.11519171411295609f,-0.24986275075610737f,1.9582441440685534f,0.16309763423087456f,0.9699814111639987f,-0.18037523029670438f,-1.081335246296646f,0.22158449161433103f,-0.21416566250455812f,-0.9513324245919521f,1.6421518308188503f,0f,0f,0f,1f], start_interpolation: 0, interpolation_duration: 1 }
$data merge entity $(bone_left_fingers) { transformation: [-0.9614049483876761f,0.11519171411295609f,-0.24986275075610737f,1.8281284051717885f,0.16309763423087456f,0.9699814111639987f,-0.18037523029670438f,-1.181921293470272f,0.22158449161433103f,-0.21416566250455812f,-0.9513324245919521f,1.0895925428659736f,0f,0f,0f,1f], start_interpolation: 0, interpolation_duration: 1 }
$data merge entity $(bone_left_index_finger_2) { transformation: [-0.926253196867112f,0.34034061477496896f,0.16193604054703573f,1.2872736083964957f,0.290283883567988f,0.9182241278109143f,-0.2694433484919828f,-0.9182861058010199f,-0.24039609446524238f,-0.2025653401756618f,-0.9493034292181697f,1.6107761666142058f,0f,0f,0f,1f], start_interpolation: 0, interpolation_duration: 1 }
$data merge entity $(bone_left_index_finger) { transformation: [-0.926253196867112f,0.34034061477496896f,0.16193604054703573f,1.3825695486582283f,0.290283883567988f,0.9182241278109143f,-0.2694433484919828f,-1.0682608489208916f,-0.24039609446524238f,-0.2025653401756618f,-0.9493034292181697f,1.062500120453682f,0f,0f,0f,1f], start_interpolation: 0, interpolation_duration: 1 }
$data merge entity $(bone_left_thumb) { transformation: [-0.7262366896774166f,0.4757105552401092f,0.49626579390436987f,1.1651863012362766f,0.34648524701955585f,0.8767959836657444f,-0.33343181705622627f,-1.0537337864977376f,-0.5937408897525795f,-0.07020164286372815f,-0.801588101942044f,0.2380871005533202f,0f,0f,0f,1f], start_interpolation: 0, interpolation_duration: 1 }
$data merge entity $(bone_left_hand) { transformation: [-0.9672919544392076f,0.22198414811886275f,0.1227571295734822f,1.7769698106479705f,0.2467526611655479f,0.9356214367716316f,0.25243940116611724f,-1.0817442960725627f,-0.05881665652600637f,0.2744732501307374f,-0.9597942674749477f,0.36410481640251535f,0f,0f,0f,1f], start_interpolation: 0, interpolation_duration: 1 }
$data merge entity $(bone_left_forearm) { transformation: [-1.9449348726938847f,0.46003240414044627f,-0.10448426422518618f,1.8639923596590233f,0.4708018474604424f,1.9208934489241447f,-0.3063207659608349f,-0.517531958317758f,0.029872977048693225f,-0.32226848802164854f,-1.9749858379799041f,-1.798984811802262f,0f,0f,0f,1f], start_interpolation: 0, interpolation_duration: 1 }
$data merge entity $(bone_left_bicep) { transformation: [-2.401521072042929f,0.5732164057354289f,0.003549002479422069f,2.051921875203779f,0.5728454411944167f,2.40043283286485f,-0.07525568481029217f,3.1093619129527386f,-0.020922326008756625f,-0.07237589232091231f,-2.46783651994499f,-1.7542830300155288f,0f,0f,0f,1f], start_interpolation: 0, interpolation_duration: 1 }
$data merge entity $(bone_left_shoulder) { transformation: [-1.199090980001546f,0.286209698389843f,0.001772033945743389f,1.116775644099631f,0.2860244740167545f,1.1985476169647982f,-0.03757552407112404f,1.1057516979031181f,-0.010446617641547537f,-0.03613762988044177f,-1.2322026009403866f,-1.4617407995101905f,0f,0f,0f,1f], start_interpolation: 0, interpolation_duration: 1 }
$data merge entity $(bone_right_fingers_2) { transformation: [-0.9836659466581387f,0.1710343545003661f,-0.056111985936973335f,-2.9728942669566445f,0.17246292848565364f,0.9847779673495438f,-0.021653944699592614f,0.7808435329210489f,0.051554279000877334f,-0.030977485429643847f,-0.9981896371497533f,-0.05323838092051003f,0f,0f,0f,1f], start_interpolation: 0, interpolation_duration: 1 }
$data merge entity $(bone_right_fingers) { transformation: [-0.9836659466581387f,0.1710343545003661f,-0.056111985936973335f,-3.017769122243998f,0.17246292848565364f,0.9847779673495438f,-0.021653944699592614f,0.7764315000299059f,0.051554279000877334f,-0.030977485429643847f,-0.9981896371497533f,-0.6279909614753848f,0f,0f,0f,1f], start_interpolation: 0, interpolation_duration: 1 }
$data merge entity $(bone_right_index_finger_2) { transformation: [-0.9843276816008147f,0.17569020155357024f,-0.015230505980791047f,-2.5566715908786595f,0.17582795980647886f,0.9843865575858262f,-0.008223976812824163f,0.6952464702266701f,0.013547833208904268f,-0.010773036823128801f,-0.9998501877246168f,-0.06668655923876543f,0f,0f,0f,1f], start_interpolation: 0, interpolation_duration: 1 }
$data merge entity $(bone_right_index_finger) { transformation: [-0.9843276816008147f,0.17569020155357024f,-0.015230505980791047f,-2.564433006633096f,0.17582795980647886f,0.9843865575858262f,-0.008223976812824163f,0.6962008734839822f,0.013547833208904268f,-0.010773036823128801f,-0.9998501877246168f,-0.6429844094321921f,0f,0f,0f,1f], start_interpolation: 0, interpolation_duration: 1 }
$data merge entity $(bone_right_thumb) { transformation: [-0.9275722929812602f,0.12978955502064662f,-0.3503773861153567f,-2.3655750191991465f,0.13709382032228448f,0.9905500241743761f,0.003991746182272923f,0.4623282506178259f,0.34758441524747397f,-0.04433194125780024f,-0.9366001031717789f,-1.4385234947642815f,0f,0f,0f,1f], start_interpolation: 0, interpolation_duration: 1 }
$data merge entity $(bone_right_hand) { transformation: [-0.984175981375963f,0.17634324141528734f,-0.017340671550142808f,-2.935736824825336f,0.17417715274437445f,0.9807581639940877f,0.08818017476059387f,0.7046429412899375f,0.0325569830377922f,0.08376446123563228f,-0.9959535922367976f,-1.3540059117880734f,0f,0f,0f,1f], start_interpolation: 0, interpolation_duration: 1 }
$data merge entity $(bone_right_forearm) { transformation: [-1.969997675082964f,0.34810161761138136f,-0.057106884091306535f,-2.820176472345933f,0.3459500550377811f,1.9698417766015281f,0.07327145966372095f,1.6722596411346884f,0.06895282310126578f,0.062252800726037893f,-1.9991740467539818f,-3.367767575819602f,0f,0f,0f,1f], start_interpolation: 0, interpolation_duration: 1 }
$data merge entity $(bone_right_bicep) { transformation: [-2.386640449020954f,0.2966769413209456f,0.5584113736973557f,-1.548796983098392f,0.6090470961875729f,1.6647435538346245f,1.718599324240706f,3.983917533364406f,-0.17000618933322684f,1.7990288477797058f,-1.6824048868015933f,-0.35697729390665867f,0f,0f,0f,1f], start_interpolation: 0, interpolation_duration: 1 }
$data merge entity $(bone_right_shoulder) { transformation: [-1.1916610136147532f,0.14813221855670422f,0.2788174749435646f,-1.4351187073114364f,0.30410013384283885f,0.831214434325452f,0.8581048785804472f,2.247244190448523f,-0.08488490504915433f,0.8982637251232322f,-0.840032822513685f,-1.751816450816155f,0f,0f,0f,1f], start_interpolation: 0, interpolation_duration: 1 }
$data merge entity $(bone_chest) { transformation: [-3.9570986184349124f,0.938719799145411f,0.06789615525130169f,-0.13282143322518064f,0.9407503690639409f,3.953802545988463f,0.16391581884068057f,1.8043406945339364f,-0.028168995572582393f,0.1751707488496624f,-4.063613655560883f,-1.0388429796643581f,0f,0f,0f,1f], start_interpolation: 0, interpolation_duration: 1 }
$data merge entity $(bone_right_fingers2) { transformation: [-0.9227780464472563f,0.38532367482403096f,-0.0025184549012850638f,-0.30063261605085956f,0.3853219017818754f,0.9226872886707428f,-0.013236288476461383f,-0.5542937076809813f,-0.002776508992274846f,-0.013184572254636456f,-0.9999092249060801f,-5.208549430611337f,0f,0f,0f,1f], start_interpolation: 0, interpolation_duration: 1 }
$data merge entity $(bone_left_foot) { transformation: [-0.9237133052824984f,0.3757099176270823f,-0.07480499609473235f,0.08533086066105514f,0.3830827238194338f,0.9053335085752768f,-0.1833544789795508f,0.3637771266233581f,-0.0011646266205597201f,-0.19802347347582344f,-0.9801965861996279f,-5.205349200998395f,0f,0f,0f,1f], start_interpolation: 0, interpolation_duration: 1 }
$data merge entity $(bone_left_knee) { transformation: [-1.4643621473237667f,0.6014614558718613f,-0.0784699121947739f,-0.022353322189137215f,0.6065586616472923f,1.4520564040105146f,-0.18944312625884954f,0.06184914192747337f,-1.7933264165125956e-16f,-0.20505176226158592f,-1.5716945260856023f,-3.152442109101438f,0f,0f,0f,1f], start_interpolation: 0, interpolation_duration: 1 }
$data merge entity $(bone_left_thigh) { transformation: [-1.4815824919101666f,0.5953521914573765f,-0.14890635078219805f,0.5414113209967755f,0.6136915619237173f,1.4373073350049421f,-0.3594917315818686f,1.5021845298131493f,-1.8144152563905446e-16f,-0.3891110463338214f,-1.5557302488323963f,-4.582734505230643f,0f,0f,0f,1f], start_interpolation: 0, interpolation_duration: 1 }
$data merge entity $(bone_left_leg) { transformation: [-0.9238795325112867f,0.3749443470032682f,-0.07657248890442962f,0.431842843828853f,0.3826834323650897f,0.9051957276704141f,-0.18486234121773767f,1.793722958447521f,-1.1314261122877003e-16f,-0.20009355626187034f,-0.9797767953684542f,-4.931638125f,0f,0f,0f,1f], start_interpolation: 0, interpolation_duration: 1 }
$data merge entity $(bone_left_fingers2) { transformation: [-0.9386544853766735f,0.3446163581883439f,0.012935329576599874f,-1.698103063329846f,0.34482488453588533f,0.9373731514591854f,0.049268386702716105f,0.017071775391923727f,0.004853461348924379f,0.05070641569346146f,-0.9987018090103053f,-4.818880647929436f,0f,0f,0f,1f], start_interpolation: 0, interpolation_duration: 1 }
$data merge entity $(bone_right_foot) { transformation: [-0.9250536985814107f,0.3262452958399568f,-0.19452419305359278f,-1.3453320673638647f,0.37719657508677273f,0.7287433090811863f,-0.5715382167556353f,0.8443108715482505f,-0.04470345046706088f,-0.6020774006817577f,-0.79718530161101f,-5.2467360041200815f,0f,0f,0f,1f], start_interpolation: 0, interpolation_duration: 1 }
$data merge entity $(bone_right_knee) { transformation: [-1.4643621473237667f,0.5998575268685212f,-0.08991305510622953f,-1.4557387311178456f,0.6065586616472923f,1.4481841768575674f,-0.2170693170718593f,0.619720976542911f,-1.7933264165125956e-16f,-0.23495413572137702f,-1.5675032576174917f,-3.1886617222166143f,0f,0f,0f,1f], start_interpolation: 0, interpolation_duration: 1 }
$data merge entity $(bone_right_thigh) { transformation: [-1.4815824919101666f,0.5977695431029671f,-0.13888450782877712f,-0.8346576348424535f,0.6136915619237173f,1.4431433381327519f,-0.3352968624037465f,2.0398562421846953f,-1.8144152563905446e-16f,-0.36292270864832715f,-1.5620470930988195f,-4.574111214241835f,0f,0f,0f,1f], start_interpolation: 0, interpolation_duration: 1 }
$data merge entity $(bone_right_leg) { transformation: [-0.9238795325112867f,0.37617772093231694f,-0.07026330251912496f,-0.5557766821774469f,0.3826834323650897f,0.908173355737401f,-0.16963061787879546f,2.1570742881743463f,-1.1314261122877003e-16f,-0.18360685772278768f,-0.9829997567635325f,-4.931638125f,0f,0f,0f,1f], start_interpolation: 0, interpolation_duration: 1 }