# This file was generated by Animated Java via MC-Build. It is not recommended to edit this file directly.
$data merge entity $(bone_left_fingers_2) { transformation: [-0.9263475120356516f,0.19268100353215903f,-0.32365771707654156f,1.9235268480511816f,0.2536298918970323f,0.9543475463477341f,-0.15777401153662587f,-1.251412324954045f,0.2784818932743351f,-0.22824283484460103f,-0.9329271372730253f,2.2834402590195935f,0f,0f,0f,1f], start_interpolation: 0, interpolation_duration: 1 }
$data merge entity $(bone_left_fingers) { transformation: [-0.9263475120356516f,0.19268100353215903f,-0.32365771707654156f,1.750847643157706f,0.2536298918970323f,0.9543475463477341f,-0.15777401153662587f,-1.3403080460342838f,0.2784818932743351f,-0.22824283484460103f,-0.9329271372730253f,1.740624573847695f,0f,0f,0f,1f], start_interpolation: 0, interpolation_duration: 1 }
$data merge entity $(bone_left_index_finger_2) { transformation: [-0.8892578218434412f,0.42009564748982026f,0.18094245839594242f,1.2073955612455134f,0.348937608406235f,0.8788143142182985f,-0.3254657379276028f,-1.0117653132970752f,-0.2957415623986515f,-0.2262853245023435f,-0.9280796734035682f,2.2667469579972286f,0f,0f,0f,1f], start_interpolation: 0, interpolation_duration: 1 }
$data merge entity $(bone_left_index_finger) { transformation: [-0.8892578218434412f,0.42009564748982026f,0.18094245839594242f,1.3141066488963213f,0.348937608406235f,0.8788143142182985f,-0.3254657379276028f,-1.1942549460789633f,-0.2957415623986515f,-0.2262853245023435f,-0.9280796734035682f,1.7305654212979786f,0f,0f,0f,1f], start_interpolation: 0, interpolation_duration: 1 }
$data merge entity $(bone_left_thumb) { transformation: [-0.6584453279423984f,0.5411620355682983f,0.5230615655641343f,1.0431712033938734f,0.34284493545500183f,0.8343519483063663f,-0.4316412591379867f,-1.2326588689865123f,-0.67000529874299f,-0.10488316174175363f,-0.7349098053770751f,0.9229501278201404f,0f,0f,0f,1f], start_interpolation: 0, interpolation_duration: 1 }
$data merge entity $(bone_left_hand) { transformation: [-0.9481486985321781f,0.30862132350384897f,0.07594026698971704f,1.6583216498378253f,0.31707592934669276f,0.9349274020967369f,0.1592909534078375f,-1.2984626304794749f,-0.021838051668311948f,0.17511034089219144f,-0.9843065924862806f,1.0135255602274003f,0f,0f,0f,1f], start_interpolation: 0, interpolation_duration: 1 }
$data merge entity $(bone_left_forearm) { transformation: [-1.9013065530796354f,0.6212654881663281f,-0.06618925728987446f,1.858096934178632f,0.6244357897222467f,1.8966125361395978f,-0.1351268501178533f,-0.5692510318354822f,0.020779053902543355f,-0.14902521371322774f,-1.9956648390817877f,-1.0919923109690963f,0f,0f,0f,1f], start_interpolation: 0, interpolation_duration: 1 }
$data merge entity $(bone_left_bicep) { transformation: [-2.3533680936939256f,0.7142197955597862f,-0.21781139066407634f,2.122926677741421f,0.7465465175040189f,2.236268099533665f,-0.7332573810741865f,2.8869216192379707f,-0.014832918630620558f,-0.7647798201624381f,-2.3475061051861545f,-2.0331412720814983f,0f,0f,0f,1f], start_interpolation: 0, interpolation_duration: 1 }
$data merge entity $(bone_left_shoulder) { transformation: [-1.1750479671499527f,0.35661336665505583f,-0.10875427116894279f,1.0931292085255946f,0.37275425384009847f,1.116579378891281f,-0.36611892433559134f,1.1209638288108983f,-0.0074061473555773385f,-0.38185822923630425f,-1.172121048195808f,-1.1412648350930952f,0f,0f,0f,1f], start_interpolation: 0, interpolation_duration: 1 }
$data merge entity $(bone_right_fingers_2) { transformation: [-0.9881269449767149f,0.151912840527674f,-0.022970187064920773f,-3.144805086137252f,0.15336538206096675f,0.9842062248238714f,-0.08841474200175475f,0.702077427620789f,0.009176066492655795f,-0.09088782042032184f,-0.9958188609897715f,-0.43659403532962215f,0f,0f,0f,1f], start_interpolation: 0, interpolation_duration: 1 }
$data merge entity $(bone_right_fingers) { transformation: [-0.9881269449767149f,0.151912840527674f,-0.022970187064920773f,-3.170751418210312f,0.15336538206096675f,0.9842062248238714f,-0.08841474200175475f,0.6589235380624677f,0.009176066492655795f,-0.09088782042032184f,-0.9958188609897715f,-1.0109095210983101f,0f,0f,0f,1f], start_interpolation: 0, interpolation_duration: 1 }
$data merge entity $(bone_right_index_finger_2) { transformation: [-0.9875669246618168f,0.15719728424170984f,-0.0007636367149668546f,-2.7161804713984994f,0.15709883064380756f,0.9867516051386112f,-0.04051206199050675f,0.6050571481383831f,-0.005614866369703125f,-0.04012833890663153f,-0.9991787576266046f,-0.4356460135509187f,0f,0f,0f,1f], start_interpolation: 0, interpolation_duration: 1 }
$data merge entity $(bone_right_index_finger) { transformation: [-0.9875669246618168f,0.15719728424170984f,-0.0007636367149668546f,-2.7157112839008524f,0.15709883064380756f,0.9867516051386112f,-0.04051206199050675f,0.5874169019278717f,-0.005614866369703125f,-0.04012833890663153f,-0.9991787576266046f,-1.011726705966817f,0f,0f,0f,1f], start_interpolation: 0, interpolation_duration: 1 }
$data merge entity $(bone_right_thumb) { transformation: [-0.9438858338352522f,0.07957048584263732f,-0.32054339872768756f,-2.4677242518729106f,0.06510149947534583f,0.9963271471365739f,0.05562383162599749f,0.48482977708739394f,0.32379210529472785f,0.0316346907913202f,-0.9455992379900406f,-1.8211102077424157f,0f,0f,0f,1f], start_interpolation: 0, interpolation_duration: 1 }
$data merge entity $(bone_right_hand) { transformation: [-0.9878757100766061f,0.1508499234955575f,0.03668626475979252f,-3.046663442283651f,0.15523662814989475f,0.9571234284374539f,0.24457377622465026f,0.7039802966773789f,0.001780651929051344f,0.24730354489476786f,-0.9689364199787255f,-1.7330955537774415f,0f,0f,0f,1f], start_interpolation: 0, interpolation_duration: 1 }
$data merge entity $(bone_right_forearm) { transformation: [-1.9782461279756818f,0.3002709410205839f,0.04130849010066541f,-2.8522828298854632f,0.3028518960384597f,1.9471773923949234f,0.3494391275151913f,1.9436518773363847f,0.012237583163913116f,0.3516594044687006f,-1.9701554956483986f,-3.58520323478218f,0f,0f,0f,1f], start_interpolation: 0, interpolation_duration: 1 }
$data merge entity $(bone_right_bicep) { transformation: [-2.348679427062433f,0.37221495184954895f,0.6641190263818527f,-1.4838458539396309f,0.7579074364014666f,1.346660374979543f,1.9256103590800437f,3.6780371374811986f,-0.07193308995238978f,2.0356460809209094f,-1.3953006007632571f,-0.26609258719171835f,0f,0f,0f,1f], start_interpolation: 0, interpolation_duration: 1 }
$data merge entity $(bone_right_shoulder) { transformation: [-1.1727068934315057f,0.1858487092119613f,0.331597812508244f,-1.453431812814678f,0.37842681509015236f,0.672393978783545f,0.9614664803279076f,2.1752274388343222f,-0.03591653653581123f,1.0164078435636255f,-0.6966802766143091f,-1.913870278442529f,0f,0f,0f,1f], start_interpolation: 0, interpolation_duration: 1 }
$data merge entity $(bone_chest) { transformation: [-3.8791002702354977f,1.2216404670712189f,0.06789615525130169f,-0.13282143322518064f,1.223428054997336f,3.8756663457790363f,0.16391581884068057f,1.8043406945339364f,-0.015463276797915228f,0.1767460625722416f,-4.063613655560883f,-1.0388429796643581f,0f,0f,0f,1f], start_interpolation: 0, interpolation_duration: 1 }
$data merge entity $(bone_right_fingers2) { transformation: [-0.9238795325112867f,0.38268343236508967f,1.1449174941446927e-16f,-0.3026373444304543f,0.3826834323650897f,0.9238795325112868f,-4.163336342344337e-17f,-0.5602493768596422f,-1.1314261122877003e-16f,-2.7755575615628914e-17f,-1f,-5.4906455634561615f,0f,0f,0f,1f], start_interpolation: 0, interpolation_duration: 1 }
$data merge entity $(bone_left_foot) { transformation: [-0.9238795325112867f,0.38231920253318397f,-0.016692416874629093f,0.0781321889172269f,0.3826834323650897f,0.9230002039112792f,-0.04029905920751539f,0.3463979956683356f,-1.1314261122877003e-16f,-0.04361938736533602f,-0.9990482215818577f,-5.33304731477397f,0f,0f,0f,1f], start_interpolation: 0, interpolation_duration: 1 }
$data merge entity $(bone_left_knee) { transformation: [-1.4643621473237667f,0.6059813522037991f,0.0264577172221932f,-0.16323276880057858f,0.6065586616472923f,1.4629683990355997f,0.06387457974725058f,-0.2782639287414852f,-1.7933264165125956e-16f,0.06913734691537855f,-1.5835055843903834f,-3.3661400072177763f,0f,0f,0f,1f], start_interpolation: 0, interpolation_duration: 1 }
$data merge entity $(bone_left_thigh) { transformation: [-1.4815824919101666f,0.608441345537737f,-0.08010282277547862f,0.45904234799422283f,0.6136915619237173f,1.4689073483057398f,-0.19338532112892945f,1.303328238071643f,-1.8144152563905446e-16f,-0.20931876324099308f,-1.5899338567583154f,-4.610918235586475f,0f,0f,0f,1f], start_interpolation: 0, interpolation_duration: 1 }
$data merge entity $(bone_left_leg) { transformation: [-0.9238795325112867f,0.38122720636965346f,-0.033353058785002485f,0.3641202088717829f,0.3826834323650897f,0.9203638919632243f,-0.08052140686538041f,1.63022605465452f,-1.1314261122877003e-16f,-0.08715574274765814f,-0.9961946980917455f,-4.931638125f,0f,0f,0f,1f], start_interpolation: 0, interpolation_duration: 1 }
$data merge entity $(bone_left_fingers2) { transformation: [-0.9342756879855211f,0.35616880698894265f,-0.016514229235866984f,-1.6053450079155578f,0.3501802002347997f,0.9253130177012496f,0.1454979265698378f,0.20646383974004656f,0.06710265421499426f,0.13015221934596283f,-0.9892207203635713f,-4.19050117267931f,0f,0f,0f,1f], start_interpolation: 0, interpolation_duration: 1 }
$data merge entity $(bone_right_foot) { transformation: [-0.9238263060317744f,0.25262449602434134f,-0.2876209663639526f,-1.3057367692974458f,0.3828093454425952f,0.6068969137029954f,-0.6965149970959639f,0.939902377146405f,-0.0014004733122075547f,-0.7535628707322478f,-0.6573743518941665f,-4.7939371003673825f,0f,0f,0f,1f], start_interpolation: 0, interpolation_duration: 1 }
$data merge entity $(bone_right_knee) { transformation: [-1.4643621473237667f,0.5533844699209789f,-0.24835264941133933f,-1.2002030880161936f,0.6065586616472923f,1.3359882924898734f,-0.5995763344601465f,1.2366385917886507f,-1.7933264165125956e-16f,-0.6489767478995662f,-1.4460633074729925f,-2.7447640322232383f,0f,0f,0f,1f], start_interpolation: 0, interpolation_duration: 1 }
$data merge entity $(bone_right_thigh) { transformation: [-1.4815824919101666f,0.529966611012297f,-0.3094393711028258f,-0.7624260873907958f,0.6136915619237173f,1.279452579910794f,-0.7470527264486438f,2.2142386236736833f,-1.8144152563905446e-16f,-0.8086040443151794f,-1.3848694931394243f,-4.526517570512095f,0f,0f,0f,1f], start_interpolation: 0, interpolation_duration: 1 }
$data merge entity $(bone_right_leg) { transformation: [-0.9238795325112867f,0.3385767639039733f,-0.1783602656172034f,-0.5276838914075257f,0.3826834323650897f,0.8173966153213656f,-0.4305997722415204f,2.224896284656f,-1.1314261122877003e-16f,-0.4660778349219029f,-0.8847437209692485f,-4.931638125f,0f,0f,0f,1f], start_interpolation: 0, interpolation_duration: 1 }