# This file was generated by Animated Java via MC-Build. It is not recommended to edit this file directly.
$data merge entity $(bone_neck) { transformation: [-1.2033625000000001f,4.066995906607953e-17f,1.4164637476225355e-16f,0f,0f,1.1566304248773873f,-0.3320954179964014f,3.5258630851651835f,-1.473694033838957e-16f,-0.3320954179964014f,-1.1566304248773873f,-0.3032593310356402f,0f,0f,0f,1f], start_interpolation: 0, interpolation_duration: 1 }
$data merge entity $(bone_right_thumb_2) { transformation: [-0.8876065902562135f,0.26022860497292943f,-0.3800468577525422f,-3.235520787558608f,0.3861957721617224f,0.8701219448148287f,-0.30617091095672466f,-2.259939329853543f,0.2510126819468472f,-0.4185318079973166f,-0.872825159580284f,-0.9062286925309269f,0f,0f,0f,1f], start_interpolation: 0, interpolation_duration: 1 }
$data merge entity $(bone_right_thumb) { transformation: [-0.8876065902562135f,0.26022860497292943f,-0.3800468577525422f,-3.333451595002679f,0.3861957721617224f,0.8701219448148287f,-0.30617091095672466f,-1.895945454632549f,0.2510126819468472f,-0.4185318079973166f,-0.872825159580284f,-0.9429053285804485f,0f,0f,0f,1f], start_interpolation: 0, interpolation_duration: 1 }
$data merge entity $(bone_right_fingers_2) { transformation: [0.9030980565011816f,-0.33544526617887793f,-0.2681238030126556f,-3.406044422458781f,-0.3455952559314164f,-0.938331526610132f,0.009892686551043695f,-2.6993085841255304f,-0.25490747227471855f,0.08372824832564044f,-0.9633336706514692f,-1.156917810380597f,0f,0f,0f,1f], start_interpolation: 0, interpolation_duration: 1 }
$data merge entity $(bone_right_fingers) { transformation: [-0.45045343594164644f,-0.8515875341422013f,-0.2681238030126556f,-3.804651618824907f,-0.8851947375166165f,0.46511548181681783f,0.009892686551043695f,-2.535713923138433f,0.11628404327874384f,0.24179797407735606f,-0.9633336706514692f,-1.0530576722492204f,0f,0f,0f,1f], start_interpolation: 0, interpolation_duration: 1 }
$data merge entity $(bone_right_hand) { transformation: [-0.9168704242668628f,0.29573341265865316f,-0.2681238030126556f,-3.537256373272808f,0.3043368794890935f,0.9525130962541373f,0.009892686551043695f,-1.7914508044470399f,0.25831703174112153f,-0.07252964981042549f,-0.9633336706514692f,-1.110905378706454f,0f,0f,0f,1f], start_interpolation: 0, interpolation_duration: 1 }
$data merge entity $(bone_right_forearm) { transformation: [-1.728434126817846f,0.3165076337367639f,-0.48904698002471203f,-3.0128594436828244f,0.3235801477792476f,1.7949370096739048f,0.018043860439688926f,0.8350095800908499f,0.48439644801350157f,-0.06966068276123309f,-1.7570816805324243f,-1.306863493197769f,0f,0f,0f,1f], start_interpolation: 0, interpolation_duration: 1 }
$data merge entity $(bone_right_bicep) { transformation: [-1.5133087889457895f,0.4468817402890328f,-0.14257550764131904f,-2.3091545723200024f,0.34974333130054513f,1.3958513246834658f,0.6628825216233392f,3.003584302356418f,0.3125870557040576f,0.6016895756610423f,-1.4319195309201596f,-0.35041506978683296f,0f,0f,0f,1f], start_interpolation: 0, interpolation_duration: 1 }
$data merge entity $(bone_right_shoulder) { transformation: [-0.9889220715187412f,0.20033455579094916f,-0.09117116257877113f,-1.827643125f,0.1450011147001013f,0.908684908953834f,0.42388605974026816f,3.12973439092437f,0.16559224578961937f,0.40071284065081475f,-0.9156535404500684f,-0.31716713836926547f,0f,0f,0f,1f], start_interpolation: 0, interpolation_duration: 1 }
$data merge entity $(bone_right_arm) { transformation: [-1.3293824999999997f,-2.158798629571733e-17f,1.6136474539864396e-16f,-1.74976375f,0f,1.3176431401363426f,0.17627928567443057f,3.285949620475842f,-1.628024023467506e-16f,0.17627928567443057f,-1.3176431401363426f,-0.2904056798288184f,0f,0f,0f,1f], start_interpolation: 0, interpolation_duration: 1 }
$data merge entity $(bone_left_thumb_2) { transformation: [-0.869844066164857f,-0.16838343545108972f,0.4637006784807162f,3.0429283453147287f,-0.3310475349298338f,0.8961197480071429f,-0.2955958843564897f,-2.2788798303600757f,-0.3657578846377318f,-0.4106292925465785f,-0.8352273666062604f,-1.0053295003997322f,0f,0f,0f,1f], start_interpolation: 0, interpolation_duration: 1 }
$data merge entity $(bone_left_thumb) { transformation: [-0.869844066164857f,-0.16838343545108972f,0.4637006784807162f,3.161608770096409f,-0.3310475349298338f,0.8961197480071429f,-0.2955958843564897f,-1.919400173349509f,-0.3657578846377318f,-0.4106292925465785f,-0.8352273666062604f,-1.0161226855718015f,0f,0f,0f,1f], start_interpolation: 0, interpolation_duration: 1 }
$data merge entity $(bone_left_fingers_2) { transformation: [0.882835820621449f,0.27858003309369694f,0.3781455790950979f,3.220321970411069f,0.289591654164649f,-0.9567192565583134f,0.02872173338588696f,-2.717711454953292f,0.3697804587398236f,0.08415122870179852f,-0.9253004825688482f,-1.2521634374898198f,0f,0f,0f,1f], start_interpolation: 0, interpolation_duration: 1 }
$data merge entity $(bone_left_fingers) { transformation: [-0.39142994031327377f,0.8389210468436108f,0.3781455790950979f,3.611513136931163f,0.9107350947752946f,0.4119910790004378f,0.02872173338588696f,-2.578562982289018f,-0.13169733851138338f,0.3556329962009641f,-0.9253004825688482f,-1.097098895498869f,0f,0f,0f,1f], start_interpolation: 0, interpolation_duration: 1 }
$data merge entity $(bone_left_hand) { transformation: [-0.8941470469163811f,-0.23980612899079118f,0.3781455790950979f,3.388239906297952f,-0.2475845192264471f,0.9684404823584767f,0.02872173338588696f,-1.8199372669321474f,-0.3730991347217572f,-0.06794153830855573f,-0.9253004825688482f,-1.1554962654084329f,0f,0f,0f,1f], start_interpolation: 0, interpolation_duration: 1 }
$data merge entity $(bone_left_forearm) { transformation: [-1.6740273256245395f,-0.22078108743780692f,0.6897222528856368f,3.015297236481419f,-0.21715980864852846f,1.8102280939001656f,0.05238728085913347f,0.8352576385266031f,-0.6908709663921283f,-0.03403705507030097f,-1.6877106826444086f,-1.305628383895204f,0f,0f,0f,1f], start_interpolation: 0, interpolation_duration: 1 }
$data merge entity $(bone_left_bicep) { transformation: [-1.4817523843558649f,-0.446881740289033f,0.33888218828298017f,2.309154572320003f,-0.2602276971809631f,1.3958513246834658f,0.7028621350469895f,3.003584302356418f,-0.49681583404628815f,0.6016895756610421f,-1.3788684627132615f,-0.35041506978683234f,0f,0f,0f,1f], start_interpolation: 0, interpolation_duration: 1 }
$data merge entity $(bone_left_shoulder) { transformation: [-0.9889220715187415f,-0.20033455579094933f,0.09117116257877138f,1.827643125f,-0.14500111470010132f,0.9086849089538342f,0.4238860597402682f,3.12973439092437f,-0.16559224578961962f,0.4007128406508148f,-0.9156535404500686f,-0.31716713836926497f,0f,0f,0f,1f], start_interpolation: 0, interpolation_duration: 1 }
$data merge entity $(bone_left_arm) { transformation: [-1.3293824999999997f,-2.158798629571733e-17f,1.6136474539864396e-16f,1.749763125f,0f,1.3176431401363426f,0.17627928567443057f,3.285949620475842f,-1.628024023467506e-16f,0.17627928567443057f,-1.3176431401363426f,-0.29040567982881793f,0f,0f,0f,1f], start_interpolation: 0, interpolation_duration: 1 }
$data merge entity $(bone_chest) { transformation: [-2.632522916666667f,-4.274982456002078e-17f,3.195441418884425e-16f,-8.343943832688263e-17f,0f,2.609275932545788f,0.3490788085984047f,4.01871969433404f,-3.2239107635778877e-16f,0.3490788085984047f,-2.609275932545788f,-0.09831230648030104f,0f,0f,0f,1f], start_interpolation: 0, interpolation_duration: 1 }
$data merge entity $(bone_weist) { transformation: [-1.9493945833333333f,-7.24887256848044e-18f,2.386219056920264e-16f,-7.885662435860752e-17f,0f,1.9484957283860473f,0.05919153647833308f,0.052233288821292856f,-2.387319836754355e-16f,0.05919153647833308f,-1.9484957283860473f,-0.1357338223938349f,0f,0f,0f,1f], start_interpolation: 0, interpolation_duration: 1 }
$data merge entity $(bone_right_cheek) { transformation: [-0.997859921283552f,-0.020307874572151254f,-0.0621543862196782f,-0.8060070586596483f,-0.020417985273496163f,0.9997908848404669f,0.0011368673131055274f,-1.8659913942510418f,0.06211830143648844f,0.0024035016700818534f,-0.9980658995308713f,-0.8586327881859278f,0f,0f,0f,1f], start_interpolation: 0, interpolation_duration: 1 }
$data merge entity $(bone_right_foot) { transformation: [-1.1541112380736294f,-0.16366718312485845f,0.16380231438136314f,-1.1399128111983063f,-0.07944819101884311f,1.0620261630097256f,0.5013774116404088f,-8.784038203323668f,-0.21749972407465326f,0.480525105616113f,-1.0523214279756141f,0.17505343119954853f,0f,0f,0f,1f], start_interpolation: 0, interpolation_duration: 1 }
$data merge entity $(bone_right_knee) { transformation: [-2.861273408368418f,0.02434662288785934f,0.4994501106734858f,-1.1567128872593373f,0.042598364592035275f,2.9025156947756328f,0.10255100901131314f,-5.177594422624249f,-0.49822540123109427f,0.1083446910056546f,-2.859538698117763f,0.20053419299133324f,0f,0f,0f,1f], start_interpolation: 0, interpolation_duration: 1 }
$data merge entity $(bone_right_leg) { transformation: [-2.438921698284383f,0.15725761561625212f,0.39616122337676285f,-0.8928749999999999f,0.036310432764336015f,2.3695032087755505f,-0.7170417135801086f,-1.851971690729755f,-0.42468249910862693f,-0.700526451229447f,-2.336433219464616f,-0.7310708523055776f,0f,0f,0f,1f], start_interpolation: 0, interpolation_duration: 1 }
$data merge entity $(bone_left_cheek) { transformation: [-0.9895628928065807f,0.004886743212909932f,-0.14401875197710431f,0.9058572531115291f,0.006735838087683241f,0.9999009928183752f,-0.012354474739306232f,-1.8515560996195737f,0.1439441199407885f,-0.013195616757041562f,-0.9894978352845818f,-0.8391259308867605f,0f,0f,0f,1f], start_interpolation: 0, interpolation_duration: 1 }
$data merge entity $(bone_left_foot) { transformation: [-1.1557707741602135f,0.14472942563191313f,-0.16981815518347781f,1.2542008462507421f,0.08058131849140268f,1.1061704496582518f,0.3943152067694204f,-8.658816010388893f,0.20806600775679415f,0.37554124212352524f,-1.0960238166924254f,0.8466252158746055f,0f,0f,0f,1f], start_interpolation: 0, interpolation_duration: 1 }
$data merge entity $(bone_left_knee) { transformation: [-2.861273408368418f,-0.0733135576742153f,-0.49463955903157386f,1.2103987997439405f,-0.04259836459203532f,2.898543183233498f,-0.18319793339099963f,-5.067076273544371f,0.4982254012310936f,-0.17320861908634497f,-2.8563436264525914f,0.5228114114226845f,0f,0f,0f,1f], start_interpolation: 0, interpolation_duration: 1 }
$data merge entity $(bone_left_leg) { transformation: [-2.438921698284383f,-0.19543014073429554f,-0.37878850651683627f,0.892875f,-0.03631043276433606f,2.2875633259468136f,-0.9464398053731056f,-1.8521930836014224f,0.4246824991086264f,-0.9267544511977208f,-2.2562765090021935f,-0.7265763016944067f,0f,0f,0f,1f], start_interpolation: 0, interpolation_duration: 1 }
data modify entity @s data merge value {"locators":{"consume":{"posx":3.381903497038675,"posy":-2.70365605644909,"posz":-1.0213944447261658,"roty":22.228522496652914,"rotx":1.6458604450201595}},"cameras":{}}