# This file was generated by Animated Java via MC-Build. It is not recommended to edit this file directly.
$data merge entity $(bone_neck) { transformation: [-1.2033625000000001f,1.7653424133900374e-17f,1.4630822830611404e-16f,0f,0f,1.1946973479045513f,-0.14415114746710136f,3.6317647792012937f,-1.473694033838957e-16f,-0.14415114746710136f,-1.1946973479045513f,-0.4267151988623289f,0f,0f,0f,1f], start_interpolation: 0, interpolation_duration: 1 }
$data merge entity $(bone_right_thumb_2) { transformation: [-0.8308140163869502f,0.31537561362375577f,-0.458569833838232f,-3.841421636038879f,0.4998984412562195f,0.7850508545862399f,-0.36578231797479727f,-1.7417052846819574f,0.24464181695815265f,-0.5331354218628256f,-0.8098870312275411f,-0.8283261522236203f,0f,0f,0f,1f], start_interpolation: 0, interpolation_duration: 1 }
$data merge entity $(bone_right_thumb) { transformation: [-0.8308140163869502f,0.31537561362375577f,-0.458569833838232f,-3.9067331621087185f,0.4998984412562195f,0.7850508545862399f,-0.36578231797479727f,-1.3764562819248805f,0.24464181695815265f,-0.5331354218628256f,-0.8098870312275411f,-0.9041860917460224f,0f,0f,0f,1f], start_interpolation: 0, interpolation_duration: 1 }
$data merge entity $(bone_right_fingers_2) { transformation: [0.8497914086316518f,-0.41652531636614043f,-0.32304987639978905f,-4.067137084262912f,-0.4617873433388531f,-0.8837954742840779f,-0.07521973921135727f,-2.187866341752932f,-0.2541790930581752f,0.21310143232992812f,-0.9433879203122414f,-1.0153061860605774f,0f,0f,0f,1f], start_interpolation: 0, interpolation_duration: 1 }
$data merge entity $(bone_right_fingers) { transformation: [-0.5238819212933137f,-0.7881538618189388f,-0.32304987639978905f,-4.441693571715938f,-0.815959137942945f,0.5731951465603843f,-0.07521973921135727f,-1.9741231869966294f,0.2444553491937357f,0.224189237162519f,-0.9433879203122414f,-0.9130362496535858f,0f,0f,0f,1f], start_interpolation: 0, interpolation_duration: 1 }
$data merge entity $(bone_right_hand) { transformation: [-0.8671511746310377f,0.3790614959265742f,-0.32304987639978905f,-4.109484388369639f,0.42279720696716333f,0.90309717783511f,-0.07521973921135727f,-1.2722552416001345f,0.2632325248079668f,-0.20181147066548683f,-0.9433879203122414f,-1.0736370281565435f,0f,0f,0f,1f], start_interpolation: 0, interpolation_duration: 1 }
$data merge entity $(bone_right_forearm) { transformation: [-1.6583623471214903f,0.4790313048967449f,-0.589229917954044f,-3.3532683002123624f,0.5495631855061879f,1.7337778520534153f,-0.1371977641903892f,1.2476384874581128f,0.5240641109821383f,-0.302277902420061f,-1.7207014380544157f,-1.612115157898443f,0f,0f,0f,1f], start_interpolation: 0, interpolation_duration: 1 }
$data merge entity $(bone_right_bicep) { transformation: [-1.4411906078409695f,0.657314841327988f,-0.03227053027833775f,-2.322829321159695f,0.5554616938853421f,1.2566091089561358f,0.7890059630940686f,3.1966893210064224f,0.35293978860495395f,0.70640307370646f,-1.3735220271117103f,-0.4931393684517945f,0f,0f,0f,1f], start_interpolation: 0, interpolation_duration: 1 }
$data merge entity $(bone_right_shoulder) { transformation: [-0.9547089179534346f,0.3384051264185514f,-0.0206356744659897f,-1.827643125f,0.28380926756963004f,0.8314492719579114f,0.5045368038796464f,3.2431344622121565f,0.18546201845286858f,0.4696669641790265f,-0.8783107429247832f,-0.45433184752189376f,0f,0f,0f,1f], start_interpolation: 0, interpolation_duration: 1 }
$data merge entity $(bone_right_arm) { transformation: [-1.3293824999999997f,-2.933305358093513e-17f,1.6013804725139887e-16f,-1.74976375f,0f,1.307626389607952f,0.23952255949517806f,3.397879851653717f,-1.628024023467506e-16f,0.23952255949517806f,-1.307626389607952f,-0.42007928479133294f,0f,0f,0f,1f], start_interpolation: 0, interpolation_duration: 1 }
$data merge entity $(bone_left_thumb_2) { transformation: [-0.8269011506707463f,-0.21362718608721826f,0.5201902655604508f,3.59239897537722f,-0.43511427170019945f,0.8290593879710898f,-0.3511923999459648f,-1.801549801897494f,-0.3562443790183927f,-0.5167436081670082f,-0.778502399377382f,-0.9535876757352465f,0f,0f,0f,1f], start_interpolation: 0, interpolation_duration: 1 }
$data merge entity $(bone_left_thumb) { transformation: [-0.8269011506707463f,-0.21362718608721826f,0.5201902655604508f,3.6854496717010043f,-0.43511427170019945f,0.8290593879710898f,-0.3511923999459648f,-1.437566114947302f,-0.3562443790183927f,-0.5167436081670082f,-0.778502399377382f,-1.00138520103475f,0f,0f,0f,1f], start_interpolation: 0, interpolation_duration: 1 }
$data merge entity $(bone_left_fingers_2) { transformation: [0.8426310167748302f,0.34223011806268266f,0.4157541531480079f,3.811459688402923f,0.3954786390041051f,-0.9172994658180935f,-0.04645789600595329f,-2.2505066352928074f,0.36547177135926034f,0.20356875079599418f,-0.9082896828869533f,-1.141786642851592f,0f,0f,0f,1f], start_interpolation: 0, interpolation_duration: 1 }
$data merge entity $(bone_left_fingers) { transformation: [-0.44928771002672785f,0.7907521974418541f,0.4157541531480079f,4.184451433693116f,0.8578315208727162f,0.5118268708224509f,-0.04645789600595329f,-2.065523129257907f,-0.24953083059241565f,0.33577405579492925f,-0.9082896828869533f,-0.9898126357601604f,0f,0f,0f,1f], start_interpolation: 0, interpolation_duration: 1 }
$data merge entity $(bone_left_hand) { transformation: [-0.8567568868464679f,-0.3051493420955236f,0.4157541531480079f,3.9103464989709336f,-0.355090190241129f,0.9336769359329908f,-0.04645789600595329f,-1.337402436910271f,-0.37400346741128865f,-0.18743334368636308f,-0.9082896828869533f,-1.1430474440336602f,0f,0f,0f,1f], start_interpolation: 0, interpolation_duration: 1 }
$data merge entity $(bone_left_forearm) { transformation: [-1.6219691821255364f,-0.3478464804830389f,0.7583187719449433f,3.355641734992637f,-0.4198445785599302f,1.7729576073047912f,-0.08473732464156189f,1.248164503128581f,-0.7209542729760041f,-0.24990540280101523f,-1.6566836715444528f,-1.6108423748989054f,0f,0f,0f,1f], start_interpolation: 0, interpolation_duration: 1 }
$data merge entity $(bone_left_bicep) { transformation: [-1.424648872965974f,-0.657314841327988f,0.22010757372304965f,2.322829321159695f,-0.44772369809103135f,1.2566091089561358f,0.8547582075298622f,3.1966893210064224f,-0.5292009399159988f,0.7064030737064598f,-1.31570346907409f,-0.49313936845179396f,0f,0f,0f,1f], start_interpolation: 0, interpolation_duration: 1 }
$data merge entity $(bone_left_shoulder) { transformation: [-0.9547089179534347f,-0.3384051264185516f,0.020635674465989923f,1.827643125f,-0.2838092675696301f,0.8314492719579116f,0.5045368038796465f,3.2431344622121565f,-0.18546201845286883f,0.46966696417902654f,-0.8783107429247833f,-0.4543318475218933f,0f,0f,0f,1f], start_interpolation: 0, interpolation_duration: 1 }
$data merge entity $(bone_left_arm) { transformation: [-1.3293824999999997f,-2.933305358093513e-17f,1.6013804725139887e-16f,1.749763125f,0f,1.307626389607952f,0.23952255949517806f,3.397879851653717f,-1.628024023467506e-16f,0.23952255949517806f,-1.307626389607952f,-0.4200792847913325f,0f,0f,0f,1f], start_interpolation: 0, interpolation_duration: 1 }
$data merge entity $(bone_chest) { transformation: [-2.632522916666667f,-5.808707107820585e-17f,3.1711496068254034e-16f,-9.723624631052003e-17f,0f,2.589440162692852f,0.4743169305521259f,4.12055014197785f,-3.2239107635778877e-16f,0.4743169305521259f,-2.589440162692852f,-0.1929240587686953f,0f,0f,0f,1f], start_interpolation: 0, interpolation_duration: 1 }
$data merge entity $(bone_weist) { transformation: [-1.9493945833333333f,-1.6486836931476676e-17f,2.381620125830383e-16f,-7.077573814207033e-17f,0f,1.9447404161661628f,0.13462524005252335f,0.166237048949873f,-2.387319836754355e-16f,0.13462524005252335f,-1.9447404161661628f,-0.408990504921762f,0f,0f,0f,1f], start_interpolation: 0, interpolation_duration: 1 }
$data merge entity $(bone_right_cheek) { transformation: [-0.9998513785157268f,0.007308305375572824f,-0.015614402093523105f,-0.8440470317830558f,0.0069131977257904376f,0.9996582756760375f,0.02520991014692381f,-1.7244183274777656f,0.015793307994368067f,0.025098217963616942f,-0.9995602287394422f,-1.1860770240298892f,0f,0f,0f,1f], start_interpolation: 0, interpolation_duration: 1 }
$data merge entity $(bone_right_foot) { transformation: [-1.1491802096326442f,-0.1029976817504434f,0.23316778984085434f,-1.543455888199757f,-0.04195279905756651f,1.1384789633928276f,0.29613596107158463f,-8.48919701286148f,-0.25142733207921114f,0.2807989001805207f,-1.1151354936587314f,0.008005334628745114f,0f,0f,0f,1f], start_interpolation: 0, interpolation_duration: 1 }
$data merge entity $(bone_right_knee) { transformation: [-2.838858040360293f,0.13798468632770675f,0.5989774132258961f,-1.4153261653789282f,0.18572113194759313f,2.8907639501999807f,0.21428983621799091f,-4.890308668604122f,-0.5859363244959698f,0.2477351390038827f,-2.834119724548154f,0.20537228936292795f,0f,0f,0f,1f], start_interpolation: 0, interpolation_duration: 1 }
$data merge entity $(bone_right_leg) { transformation: [-2.4198150560284724f,0.34243805766932617f,0.39654002851747755f,-0.8928749999999999f,0.15830689133451686f,2.2641593200943726f,-0.9892088881145645f,-1.7099686089377686f,-0.49944643928351734f,-0.9414517899651105f,-2.2347784016312597f,-1.0633856980977023f,0f,0f,0f,1f], start_interpolation: 0, interpolation_duration: 1 }
$data merge entity $(bone_left_cheek) { transformation: [-0.9919183132658385f,-0.008023366739114607f,-0.12662418960855554f,0.9120951446948111f,-0.005453699884579697f,0.9997723598571711f,-0.020627302857915142f,-1.6951947326720407f,0.12676086527561528f,-0.019770029129793587f,-0.9917362698735912f,-1.1365291763469925f,0f,0f,0f,1f], start_interpolation: 0, interpolation_duration: 1 }
$data merge entity $(bone_left_foot) { transformation: [-1.153111086097726f,0.06287534337871664f,-0.22797458014018548f,1.7458853447539584f,0.04266041842202241f,1.1714338592746842f,0.10730189616889366f,-8.207548502153362f,0.23260654912350034f,0.09685194585753323f,-1.1498281561890142f,1.081118175207737f,0f,0f,0f,1f], start_interpolation: 0, interpolation_duration: 1 }
$data merge entity $(bone_left_knee) { transformation: [-2.838858040360293f,-0.23356353901830376f,-0.5685611563033355f,1.5001846107976045f,-0.18572113194759304f,2.8871276491777045f,-0.25870888472519055f,-4.629351934196759f,0.5859363244959689f,-0.21649641828190253f,-2.8366770371406904f,0.7022926126374911f,0f,0f,0f,1f], start_interpolation: 0, interpolation_duration: 1 }
$data merge entity $(bone_left_leg) { transformation: [-2.4198150560284724f,-0.40237096438854786f,-0.3355673174998005f,0.892875f,-0.15830689133451678f,2.073132047235825f,-1.344274959157858f,-1.7102133807724735f,0.4994464392835167f,-1.2923752723879736f,-2.0519093870213148f,-1.0603957003136f,0f,0f,0f,1f], start_interpolation: 0, interpolation_duration: 1 }
data modify entity @s data merge value {"locators":{"consume":{"posx":3.9612393076785377,"posy":-2.198440642407699,"posz":-0.9085149771266035,"roty":24.59513260935273,"rotx":-2.662799822111863}},"cameras":{}}