# This file was generated by Animated Java via MC-Build. It is not recommended to edit this file directly.
$data merge entity $(bone_neck) { transformation: [-1.2033625000000001f,-1.923556707344069e-17f,1.461086377086876e-16f,1.1102230246251565e-16f,0f,1.193067566994942f,0.15707032498540183f,3.7941199719348577f,-1.473694033838957e-16f,0.15707032498540183f,-1.193067566994942f,-0.624048708963867f,0f,0f,0f,1f], start_interpolation: 0, interpolation_duration: 1 }
$data merge entity $(bone_right_thumb_2) { transformation: [-0.7104781986960319f,0.3329326542862979f,-0.6199811101053984f,-4.550606356315955f,0.6606585650874477f,0.6190125764633295f,-0.4246806924700305f,-0.6776928734448371f,0.24238603415674764f,-0.7113222039906463f,-0.6597497499473972f,-0.6057966190157154f,0f,0f,0f,1f], start_interpolation: 0, interpolation_duration: 1 }
$data merge entity $(bone_right_thumb) { transformation: [-0.7104781986960319f,0.3329326542862979f,-0.6199811101053984f,-4.577453200957109f,0.6606585650874477f,0.6190125764633295f,-0.4246806924700305f,-0.32576996702352823f,0.24238603415674764f,-0.7113222039906463f,-0.6597497499473972f,-0.743116227031998f,0f,0f,0f,1f], start_interpolation: 0, interpolation_duration: 1 }
$data merge entity $(bone_right_fingers_2) { transformation: [0.7326978141707903f,-0.4934101739657777f,-0.46872200005590364f,-4.8592403125927275f,-0.6283214839394766f,-0.7550565463056766f,-0.1873545427819579f,-1.108119155680846f,-0.2614689769923753f,0.4317823666015133f,-0.8632484937505287f,-0.6724823150889423f,0f,0f,0f,1f], start_interpolation: 0, interpolation_duration: 1 }
$data merge entity $(bone_right_fingers) { transformation: [-0.5848252372595961f,-0.6620265315890672f,-0.46872200005590364f,-5.182301565350425f,-0.6665845220927479f,0.721500762442664f,-0.1873545427819579f,-0.8229780191644206f,0.4622169585493801f,0.20287316546749987f,-0.8632484937505287f,-0.568733591608779f,0f,0f,0f,1f], start_interpolation: 0, interpolation_duration: 1 }
$data merge entity $(bone_right_hand) { transformation: [-0.7535226977124541f,0.46098072703285425f,-0.46872200005590364f,-4.7877611513612415f,0.5947883571353675f,0.7817448979783452f,-0.1873545427819579f,-0.22205904146772415f,0.2800541987693735f,-0.41996628887219895f,-0.8632484937505287f,-0.9034101642930197f,0f,0f,0f,1f], start_interpolation: 0, interpolation_duration: 1 }
$data merge entity $(bone_right_forearm) { transformation: [-1.4723845621818057f,0.6542224279821123f,-0.8549299839211326f,-3.7930964135342164f,0.8894751863910836f,1.5552765137203248f,-0.3417271137881871f,2.011461101201414f,0.6064207742786729f,-0.692774524812112f,-1.574530362974342f,-2.0141377211493525f,0f,0f,0f,1f], start_interpolation: 0, interpolation_duration: 1 }
$data merge entity $(bone_right_bicep) { transformation: [-1.258700355643453f,0.9443838316140853f,0.18424752148251727f,-2.3180360727190097f,0.8589879887699162f,0.9662089501736743f,0.9158135485112711f,3.5048107962200725f,0.4335292443833121f,0.8274744703455761f,-1.2796378202734746f,-0.7076867507658386f,0f,0f,0f,1f], start_interpolation: 0, interpolation_duration: 1 }
$data merge entity $(bone_right_shoulder) { transformation: [-0.8544570548763499f,0.5314460220410265f,0.11781869841261608f,-1.827643125f,0.49334797483416487f,0.6633732575008784f,0.5856250298839191f,3.4205068934054044f,0.23005194145214766f,0.5512839790491664f,-0.818275660975356f,-0.6719075321169001f,0f,0f,0f,1f], start_interpolation: 0, interpolation_duration: 1 }
$data merge entity $(bone_right_arm) { transformation: [-1.3293824999999997f,-4.213636231578237e-17f,1.5725504500863043e-16f,-1.74976375f,0f,1.284084889766727f,0.3440695092260017f,3.571990551284608f,-1.628024023467506e-16f,0.3440695092260017f,-1.284084889766727f,-0.6253020066658597f,0f,0f,0f,1f], start_interpolation: 0, interpolation_duration: 1 }
$data merge entity $(bone_left_thumb_2) { transformation: [-0.7296033530806081f,-0.23230565046009372f,0.6432052797807601f,4.257789846660717f,-0.5882666851719784f,0.6928232414186957f,-0.4170590644823146f,-0.8220096918649962f,-0.3487423895804833f,-0.6826639297007011f,-0.642143834974136f,-0.7714705831594967f,0f,0f,0f,1f], start_interpolation: 0, interpolation_duration: 1 }
$data merge entity $(bone_left_thumb) { transformation: [-0.7296033530806081f,-0.23230565046009372f,0.6432052797807601f,4.318681883881126f,-0.5882666851719784f,0.6928232414186957f,-0.4170590644823146f,-0.46358174893848547f,-0.3487423895804833f,-0.6826639297007011f,-0.642143834974136f,-0.8775306105476296f,0f,0f,0f,1f], start_interpolation: 0, interpolation_duration: 1 }
$data merge entity $(bone_left_fingers_2) { transformation: [0.7480266584903099f,0.40604306593336836f,0.524962043194792f,4.542203146888762f,0.5530867981074559f,-0.8185879100791003f,-0.1549478209965287f,-1.2671164083667024f,0.36681209351255417f,0.4062546763789435f,-0.8369026382878577f,-0.8486571820338964f,0f,0f,0f,1f], start_interpolation: 0, interpolation_duration: 1 }
$data merge entity $(bone_left_fingers) { transformation: [-0.5002063826279342f,0.6886279314572024f,0.524962043194792f,4.873499483452552f,0.7393924633065044f,0.6552022267773259f,-0.1549478209965287f,-1.014325024881612f,-0.45065769713144294f,0.31064708922345885f,-0.8369026382878577f,-0.6977363676770895f,0f,0f,0f,1f], start_interpolation: 0, interpolation_duration: 1 }
$data merge entity $(bone_left_hand) { transformation: [-0.7650260526405206f,-0.3730281383300895f,0.524962043194792f,4.547764031135215f,-0.5168540788873361f,0.8419341030662378f,-0.1549478209965287f,-0.36338457989823025f,-0.384183549776388f,-0.3898678931484825f,-0.8369026382878577f,-1.0122949735344489f,0f,0f,0f,1f], start_interpolation: 0, interpolation_duration: 1 }
$data merge entity $(bone_left_forearm) { transformation: [-1.4722474471741889f,-0.49243423764213107f,0.9575095495713881f,3.7952756563886965f,-0.734212802028741f,1.6455658208668806f,-0.2826185630232364f,2.0124269036493274f,-0.7875579834270583f,-0.6135553866001238f,-1.5264765874220882f,-2.01277831395557f,0f,0f,0f,1f], start_interpolation: 0, interpolation_duration: 1 }
$data merge entity $(bone_left_bicep) { transformation: [-1.2719811270171841f,-0.9443838316140853f,-0.01837789382653754f,2.3180360727190097f,-0.7321015721770481f,0.9662089501736743f,1.020099067984912f,3.5048107962200725f,-0.5968465937001693f,0.827474470345576f,-1.2121034198443301f,-0.7076867507658381f,0f,0f,0f,1f], start_interpolation: 0, interpolation_duration: 1 }
$data merge entity $(bone_left_shoulder) { transformation: [-0.8544570548763502f,-0.5314460220410266f,-0.11781869841261591f,1.827643125f,-0.493347974834165f,0.6633732575008786f,0.5856250298839192f,3.4205068934054044f,-0.23005194145214794f,0.5512839790491664f,-0.8182756609753561f,-0.6719075321168997f,0f,0f,0f,1f], start_interpolation: 0, interpolation_duration: 1 }
$data merge entity $(bone_left_arm) { transformation: [-1.3293824999999997f,-4.213636231578237e-17f,1.5725504500863043e-16f,1.749763125f,0f,1.284084889766727f,0.3440695092260017f,3.571990551284608f,-1.628024023467506e-16f,0.3440695092260017f,-1.284084889766727f,-0.6253020066658592f,0f,0f,0f,1f], start_interpolation: 0, interpolation_duration: 1 }
$data merge entity $(bone_chest) { transformation: [-2.632522916666667f,-8.344095053249674e-17f,3.114058668191193e-16f,-9.309114617226717e-18f,0f,2.542821873506158f,0.6813470675021694f,4.274016117546315f,-3.2239107635778877e-16f,0.6813470675021694f,-2.542821873506158f,-0.3406760248204012f,0f,0f,0f,1f], start_interpolation: 0, interpolation_duration: 1 }
$data merge entity $(bone_weist) { transformation: [-1.9493945833333333f,-3.116077679029411e-17f,2.366895984605869e-16f,5.300238573342176e-17f,0f,1.9327172424357735f,0.254447052096894f,0.35914338325788275f,-2.387319836754355e-16f,0.254447052096894f,-1.9327172424357735f,-0.8494880381619798f,0f,0f,0f,1f], start_interpolation: 0, interpolation_duration: 1 }
$data merge entity $(bone_right_cheek) { transformation: [-0.9982955220320807f,0.044600281491414887f,0.0376412749728566f,-0.9031640117886468f,0.04676411120754265f,0.9971791267010164f,0.05871036684238351f,-1.4681522028122187f,-0.03491659481771138f,0.06037055708443684f,-0.9975651493730374f,-1.7182284138193136f,0f,0f,0f,1f], start_interpolation: 0, interpolation_duration: 1 }
$data merge entity $(bone_right_foot) { transformation: [-1.1377349466983662f,0.029864163261258906f,0.3004300545726633f,-2.1698188239003504f,0.01822845292375452f,1.175996287975899f,-0.04786803784861314f,-7.8553456615899195f,-0.3013599333717657f,-0.041614388090835196f,-1.1371197510106634f,-0.3112863660705403f,0f,0f,0f,1f], start_interpolation: 0, interpolation_duration: 1 }
$data merge entity $(bone_right_knee) { transformation: [-2.785316391271561f,0.30830121737242766f,0.7641280314284212f,-1.8234801371286533f,0.42131983778265564f,2.847776878302854f,0.3867623743702014f,-4.298626291918199f,-0.708117845657622f,0.48171142741724393f,-2.775509305675424f,0.17570962423113468f,0f,0f,0f,1f], start_interpolation: 0, interpolation_duration: 1 }
$data merge entity $(bone_right_leg) { transformation: [-2.3741766737115233f,0.6337870641762795f,0.30267441620652547f,-0.8928749999999998f,0.3591289428267967f,2.012403336568967f,-1.3968793563974158f,-1.4677059627420626f,-0.6035927827329082f,-1.2955923321739609f,-2.021664904078775f,-1.5898297026252717f,0f,0f,0f,1f], start_interpolation: 0, interpolation_duration: 1 }
$data merge entity $(bone_left_cheek) { transformation: [-0.9954383909357563f,-0.06606337656827382f,-0.06883342304165271f,0.9154830824331524f,-0.0642387556425455f,0.9975305100700436f,-0.028394783902962684f,-1.4047343752782584f,0.07053929489816312f,-0.023843484556520966f,-0.9972239949577391f,-1.6320372325431134f,0f,0f,0f,1f], start_interpolation: 0, interpolation_duration: 1 }
$data merge entity $(bone_left_foot) { transformation: [-1.1472656094795484f,-0.09651692486809395f,-0.24506529618876946f,2.480901309817934f,-0.020370013466549167f,1.1244643901885316f,-0.34749934190710213f,-7.239871121216989f,0.2625977508156824f,-0.3344476241334406f,-1.0976238439714237f,1.2785289491006369f,0f,0f,0f,1f], start_interpolation: 0, interpolation_duration: 1 }
$data merge entity $(bone_left_knee) { transformation: [-2.785316391271561f,-0.49556699556676087f,-0.6582967734638597f,1.9057890162047146f,-0.4213198377826557f,2.8508427026776664f,-0.3634751262663236f,-3.705009358508018f,0.7081178456576214f,-0.25305715960718667f,-2.8056122111166357f,0.8526574840636767f,0f,0f,0f,1f], start_interpolation: 0, interpolation_duration: 1 }
$data merge entity $(bone_left_leg) { transformation: [-2.3741766737115233f,-0.6905291970353309f,-0.1283248728224142f,0.8928750000000001f,-0.35912894282679675f,1.5822933745560541f,-1.8701301564862225f,-1.4677059627420626f,0.6035927827329076f,-1.7746914739798625f,-1.6174543726964878f,-1.5898297026252715f,0f,0f,0f,1f], start_interpolation: 0, interpolation_duration: 1 }
data modify entity @s data merge value {"locators":{"consume":{"posx":4.656680589393144,"posy":-1.1569506507555314,"posz":-0.615593042786384,"roty":32.09872301039317,"rotx":-8.913770055498034}},"cameras":{}}
execute on vehicle unless entity @s[tag=aj.transforms_only] at @s run function animated_java:armor/animations/jump_init/zzz/frames/zzz/4