# This file was generated by Animated Java via MC-Build. It is not recommended to edit this file directly.
$data merge entity $(bone_neck) { transformation: [-1.2033625000000001f,-3.545219637242123e-17f,1.4304154230885745e-16f,0f,0f,1.1680228324480866f,0.2894891522772478f,3.938823122543071f,-1.473694033838957e-16f,0.2894891522772478f,-1.1680228324480866f,-0.5998333553302766f,0f,0f,0f,1f], start_interpolation: 0, interpolation_duration: 1 }
$data merge entity $(bone_right_thumb_2) { transformation: [-0.06364531370310347f,-0.6060844544483721f,-0.7928498648039566f,-3.2709024217993f,0.7955056265155117f,-0.5105210902077922f,0.3264031474039584f,5.05939939766479f,-0.6025944508753768f,-0.609942497723405f,0.5146358685955894f,1.7900258347784028f,0f,0f,0f,1f], start_interpolation: 0, interpolation_duration: 1 }
$data merge entity $(bone_right_thumb) { transformation: [-0.06364531370310347f,-0.6060844544483721f,-0.7928498648039566f,-3.437142833592558f,0.7955056265155117f,-0.5105210902077922f,0.3264031474039584f,5.062754008762798f,-0.6025944508753768f,-0.609942497723405f,0.5146358685955894f,1.4497611849128276f,0f,0f,0f,1f], start_interpolation: 0, interpolation_duration: 1 }
$data merge entity $(bone_right_fingers_2) { transformation: [0.0505703495300252f,0.3008546596596141f,-0.9523282593252751f,-3.402238037059978f,-0.8205436502905348f,0.5561070318197647f,0.1321101325731491f,5.295509654852152f,0.5693423905843435f,0.7747460506009102f,0.27498690761924643f,2.250429557702482f,0f,0f,0f,1f], start_interpolation: 0, interpolation_duration: 1 }
$data merge entity $(bone_right_fingers) { transformation: [0.2916800511764998f,-0.08940712631644984f,-0.9523282593252751f,-3.436019629022503f,0.6584518972943126f,0.740937252283231f,0.1321101325731491f,5.65394833044215f,0.6938038964254911f,-0.6655962394295882f,0.27498690761924643f,1.9919370853231468f,0f,0f,0f,1f], start_interpolation: 0, interpolation_duration: 1 }
$data merge entity $(bone_right_hand) { transformation: [-0.03739912182238539f,-0.3027741603529032f,-0.9523282593252751f,-3.666423319273427f,0.8440197225905787f,-0.5197861298165114f,0.1321101325731491f,5.212678416564519f,-0.5350065546935261f,-0.7988430303088128f,0.27498690761924643f,1.3747100874077498f,0f,0f,0f,1f], start_interpolation: 0, interpolation_duration: 1 }
$data merge entity $(bone_right_forearm) { transformation: [0.0044519043228497075f,-0.5564270518055501f,-1.7370082550754873f,-4.555779853502826f,1.6500354086613418f,-0.7390184592075822f,0.24096354236223247f,4.0602265742629084f,-0.777297814447722f,-1.5719634902258197f,0.5015650054433225f,-0.8819656935019506f,0f,0f,0f,1f], start_interpolation: 0, interpolation_duration: 1 }
$data merge entity $(bone_right_bicep) { transformation: [0.01442717605676824f,1.5839784921354472f,-0.030635745899987403f,-2.0836919644834437f,1.37219936052408f,-0.0278061493718358f,-0.7914734922395843f,4.022942701087967f,-0.791830365325705f,-0.019326416970890777f,-1.3721391030208034f,-0.8920572959013398f,0f,0f,0f,1f], start_interpolation: 0, interpolation_duration: 1 }
$data merge entity $(bone_right_shoulder) { transformation: [-0.07908861293757286f,1.0098386951516103f,-0.019590297214275673f,-1.827643125f,0.875675639480949f,0.05876288445858772f,-0.5061146870982678f,3.660137639348629f,-0.5033389954991385f,-0.05644211062176461f,-0.8774264199494558f,-0.6647160927177773f,0f,0f,0f,1f], start_interpolation: 0, interpolation_duration: 1 }
$data merge entity $(bone_right_arm) { transformation: [-1.3293824999999997f,-1.0804627937900026e-16f,1.2178104828842744e-16f,-1.74976375f,0f,0.994417724140676f,0.882264824880335f,3.7747575622668808f,-1.628024023467506e-16f,0.882264824880335f,-0.994417724140676f,-0.555255383432458f,0f,0f,0f,1f], start_interpolation: 0, interpolation_duration: 1 }
$data merge entity $(bone_left_thumb_2) { transformation: [-0.05967625935960228f,0.5921824353394298f,0.8035911319472777f,3.3226316781561884f,-0.8653791677547831f,-0.4319482039260175f,0.25404654128943827f,4.722646880782795f,0.4975516456458407f,-0.680250477692261f,0.5382393961004399f,1.9240402136492265f,0f,0f,0f,1f], start_interpolation: 0, interpolation_duration: 1 }
$data merge entity $(bone_left_thumb) { transformation: [-0.05967625935960228f,0.5921824353394298f,0.8035911319472777f,3.483290102901758f,-0.8653791677547831f,-0.4319482039260175f,0.25404654128943827f,4.768397942890951f,0.4975516456458407f,-0.680250477692261f,0.5382393961004399f,1.5841536579410005f,0f,0f,0f,1f], start_interpolation: 0, interpolation_duration: 1 }
$data merge entity $(bone_left_fingers_2) { transformation: [0.04733514599613203f,-0.2839601076949636f,0.9576669782295875f,3.4632541956192773f,0.8860506106296222f,0.45457124054011816f,0.09099067356982606f,4.897543394719073f,-0.4611655877842552f,0.8442343540224374f,0.2731202228541853f,2.408400825655009f,0f,0f,0f,1f], start_interpolation: 0, interpolation_duration: 1 }
$data merge entity $(bone_left_fingers) { transformation: [0.2753523132442702f,0.08399441886006345f,0.9576669782295875f,3.4954601707192055f,-0.5663351328815543f,0.8191368717054195f,0.09099067356982606f,5.2857810428829985f,-0.7768176239343834f,-0.5674149478230361f,0.2731202228541853f,2.1970429724604283f,0f,0f,0f,1f], start_interpolation: 0, interpolation_duration: 1 }
$data merge entity $(bone_left_hand) { transformation: [-0.034903927491903984f,0.2857545706620463f,0.9576669782295875f,3.7124189517035835f,-0.9050354058073045f,-0.4154896046335175f,0.09099067356982606f,4.925437725416347f,0.42390167501538284f,-0.8635465903975493f,0.2731202228541853f,1.5248408114691316f,0f,0f,0f,1f], start_interpolation: 0, interpolation_duration: 1 }
$data merge entity $(bone_left_forearm) { transformation: [0.004912172063430885f,0.5250555434863472f,1.7467458625837307f,4.556043014082386f,-1.735543103222807f,-0.5358870010310305f,0.16596331105163928f,4.064862599568974f,0.5609764425132967f,-1.6625192810953298f,0.49816024787702695f,-0.8750330952379645f,0f,0f,0f,1f], start_interpolation: 0, interpolation_duration: 1 }
$data merge entity $(bone_left_bicep) { transformation: [0.017698420660113047f,-1.5838931987251557f,0.033221330825826546f,2.0840646512523167f,-1.4632030471775292f,-0.0290792075940675f,-0.6068985074125662f,4.022939271272488f,0.6073369448008554f,-0.023901686162328746f,-1.4631148624636643f,-0.8916423372054303f,0f,0f,0f,1f], start_interpolation: 0, interpolation_duration: 1 }
$data merge entity $(bone_left_shoulder) { transformation: [-0.07985875088823899f,-1.009716566849917f,0.022539148214331454f,1.827643125f,-0.8752813262438652f,0.057911208632761495f,-0.5068943386055063f,3.660137639348629f,0.5039029256733791f,-0.05942831993544977f,-0.8769054082136223f,-0.6647160927177769f,0f,0f,0f,1f], start_interpolation: 0, interpolation_duration: 1 }
$data merge entity $(bone_left_arm) { transformation: [-1.3293824999999997f,-1.0804627937900026e-16f,1.2178104828842744e-16f,1.749763125f,0f,0.994417724140676f,0.882264824880335f,3.7747575622668808f,-1.628024023467506e-16f,0.882264824880335f,-0.994417724140676f,-0.5552553834324575f,0f,0f,0f,1f], start_interpolation: 0, interpolation_duration: 1 }
$data merge entity $(bone_chest) { transformation: [-2.632522916666667f,-2.1395971928755445e-16f,2.411581320161619e-16f,-3.6025738646026845e-17f,0f,1.9692055879627133f,1.7471136938137715f,4.275231358089977f,-3.2239107635778877e-16f,1.7471136938137715f,-1.9692055879627133f,0.013407807675410499f,0f,0f,0f,1f], start_interpolation: 0, interpolation_duration: 1 }
$data merge entity $(bone_weist) { transformation: [-1.9493945833333333f,-5.597393623212152e-17f,2.320773114552364e-16f,1.8536501336850825e-16f,0f,1.8950550609107675f,0.45706187507363555f,0.8847902002388803f,-2.387319836754355e-16f,0.45706187507363555f,-1.8950550609107675f,-1.7943848731912357f,0f,0f,0f,1f], start_interpolation: 0, interpolation_duration: 1 }
$data merge entity $(bone_right_cheek) { transformation: [-0.9978445847887908f,0.007554014555491041f,0.06518528569993001f,-0.8753186377096123f,0.01176670283414782f,0.9978492026957967f,0.06448653645355656f,-0.6187881132804401f,-0.06455795312816943f,0.06511455707795649f,-0.9957873091902923f,-2.827025425274386f,0f,0f,0f,1f], start_interpolation: 0, interpolation_duration: 1 }
$data merge entity $(bone_right_foot) { transformation: [-1.03876671508148f,-0.20342784786845483f,0.5149482665540324f,-2.352064114465915f,-0.11691168015208701f,1.1506855710081745f,0.21873561802818123f,-5.358242979257987f,-0.5411896761389761f,0.14188277648031508f,-1.0356514409082764f,-2.130869671709443f,0f,0f,0f,1f], start_interpolation: 0, interpolation_duration: 1 }
$data merge entity $(bone_right_knee) { transformation: [-2.572557874422565f,-0.14709010205079892f,1.340611492252385f,-2.5463745640054194f,0.8056272152946282f,2.1479547565170605f,1.7816239340742996f,-2.613671826009149f,-1.0815911710332624f,1.9497649997803441f,-1.8615868695573878f,0.20085520251494815f,0f,0f,0f,1f], start_interpolation: 0, interpolation_duration: 1 }
$data merge entity $(bone_right_leg) { transformation: [-2.1928233777558908f,1.1495567173347356f,-0.007596745151388354f,-0.8928749999999998f,0.6867088235482238f,1.296744727753156f,-1.994215842291017f,-0.7804686433254977f,-0.9219378225061183f,-1.7683283596702402f,-1.4673302923192502f,-2.2286653734221953f,0f,0f,0f,1f], start_interpolation: 0, interpolation_duration: 1 }
$data merge entity $(bone_left_cheek) { transformation: [-0.9952158510862672f,0.01051821187703596f,-0.09713278007730637f,0.8646592955495894f,0.004501360303719303f,0.9980686581751403f,0.061957173304557744f,-0.645963322094989f,0.09759686215269779f,0.06122353132076486f,-0.9933410953497107f,-2.6554222293382126f,0f,0f,0f,1f], start_interpolation: 0, interpolation_duration: 1 }
$data merge entity $(bone_left_foot) { transformation: [-1.0340920341295605f,0.20776668414425292f,-0.5225682393583181f,2.348855488218322f,0.1175863345641729f,1.149534663156896f,0.22435330842465231f,-5.366935784920265f,0.5499254619947257f,0.14489291920941821f,-1.0306206494580938f,-2.182530978347059f,0f,0f,0f,1f], start_interpolation: 0, interpolation_duration: 1 }
$data merge entity $(bone_left_knee) { transformation: [-2.5622025577242113f,0.168676697272025f,-1.3577904527293359f,2.569135558372601f,-0.7980738309438568f,2.157091049194841f,1.7739687298202647f,-2.6114575086444143f,1.1113617332300634f,1.9378944929523194f,-1.8564397972008058f,0.13397166489003887f,0f,0f,0f,1f], start_interpolation: 0, interpolation_duration: 1 }
$data merge entity $(bone_left_leg) { transformation: [-2.183996606251163f,-1.1661996582761638f,-0.012243523145773405f,0.8928750000000002f,-0.6802703919971883f,1.294946141105483f,-1.9975883981308749f,-0.7805796461847718f,0.9473139609413844f,-1.7587227102677787f,-1.4627041432678611f,-2.28166525718023f,0f,0f,0f,1f], start_interpolation: 0, interpolation_duration: 1 }
data modify entity @s data merge value {"locators":{"consume":{"posx":3.314170655411968,"posy":5.11249888511857,"posz":2.302908137842355,"roty":105.9177956158558,"rotx":5.220602366169967}},"cameras":{}}