# This file was generated by Animated Java via MC-Build. It is not recommended to edit this file directly.
$data merge entity $(bone_neck) { transformation: [-1.2033625000000001f,-5.262031991751919e-17f,1.3765479644931848e-16f,1.1102230246251565e-16f,0f,1.124036714464604f,0.4296775197073598f,4.153198477528496f,-1.473694033838957e-16f,0.4296775197073598f,-1.124036714464604f,-0.6992481229067827f,0f,0f,0f,1f], start_interpolation: 0, interpolation_duration: 1 }
$data merge entity $(bone_right_thumb_2) { transformation: [0.022495441581737982f,-0.6286397207117126f,-0.7773712476362521f,1.6361574514033335f,0.9910400621708555f,0.11642005565304055f,-0.06546728812262005f,3.3968555213247105f,0.13165694163404307f,-0.7689333340317897f,0.6256260684580908f,2.4997500980933722f,0f,0f,0f,1f], start_interpolation: 0, interpolation_duration: 1 }
$data merge entity $(bone_right_thumb) { transformation: [0.022495441581737982f,-0.997358177427261f,0.06906968240129197f,1.3323772482738576f,0.9910400621708555f,0.01314813774156083f,-0.13291622040336593f,3.6228321898045746f,0.13165694163404307f,0.07144083141244703f,0.988717683328598f,2.5086547803622286f,0f,0f,0f,1f], start_interpolation: 0, interpolation_duration: 1 }
$data merge entity $(bone_right_fingers_2) { transformation: [-0.08665222908777505f,0.9584667452564455f,0.27172208123675934f,2.0029786615394185f,-0.8887892397453605f,0.048838392414501997f,-0.4557065928195811f,3.5851720569489203f,-0.45005008444281425f,-0.28099165408225824f,0.8476429742699065f,2.5302472350087752f,0f,0f,0f,1f], start_interpolation: 0, interpolation_duration: 1 }
$data merge entity $(bone_right_fingers) { transformation: [0.9589524834047939f,-0.0811002166467048f,0.27172208123675934f,2.014432019231454f,0.20243305930621242f,0.8668058362520964f,-0.4557065928195811f,3.972762449072848f,-0.19857238244958958f,0.49200650107408295f,0.8476429742699065f,2.7449105689105235f,0f,0f,0f,1f], start_interpolation: 0, interpolation_duration: 1 }
$data merge entity $(bone_right_hand) { transformation: [-0.28673312298185794f,-0.9186681809845354f,0.27172208123675934f,1.2939656185694925f,0.802444543676631f,-0.38524570806742586f,-0.4557065928195811f,3.644530202668608f,0.5233229122718349f,0.08737572696231546f,0.8476429742699065f,2.7892492909048903f,0f,0f,0f,1f], start_interpolation: 0, interpolation_duration: 1 }
$data merge entity $(bone_right_forearm) { transformation: [-0.522989627521855f,-1.7467918139118601f,0.0450418692837372f,-1.2500285922252048f,1.4636264155325347f,-0.46360170541361595f,-0.9847333324948836f,2.8558873072091764f,0.9545198410161225f,-0.24621206148685934f,1.5346335248255387f,2.445997615264779f,0f,0f,0f,1f], start_interpolation: 0, interpolation_duration: 1 }
$data merge entity $(bone_right_bicep) { transformation: [-1.475975422409824f,-0.4795926429794977f,-0.3187820652508361f,-1.9898891408753525f,0.22295466759145893f,0.33273675427046057f,-1.5328770415268955f,3.394215703442743f,0.5309635811661948f,-1.4728922924100754f,-0.2424881983059598f,0.1491477366192629f,0f,0f,0f,1f], start_interpolation: 0, interpolation_duration: 1 }
$data merge entity $(bone_right_shoulder) { transformation: [-0.9438254678168755f,-0.30667973446509833f,-0.2038479959075215f,-1.6368170175162855f,0.14257032349352763f,0.21277144455863936f,-0.9802117087171632f,3.397831085924845f,0.3395293327918031f,-0.9418539332166571f,-0.1550612115427529f,-0.2032718264099208f,0f,0f,0f,1f], start_interpolation: 0, interpolation_duration: 1 }
$data merge entity $(bone_right_arm) { transformation: [-1.0941361979138589f,0.10739522275996012f,-0.7473888397943821f,-1.556657120142535f,-0.3691572462294119f,1.0717926143280065f,0.6944359946996579f,3.5441169230043337f,0.6586704329762887f,0.779092221310497f,-0.852306519230349f,-0.14531136246763576f,0f,0f,0f,1f], start_interpolation: 0, interpolation_duration: 1 }
$data merge entity $(bone_left_thumb_2) { transformation: [-0.9202290660251303f,-0.10765617053391222f,0.3762826264770791f,1.4985532591993393f,0.346309831782161f,0.2239422389445222f,0.9109991075887648f,2.3094619826001956f,-0.18234024913202027f,0.9686382310039636f,-0.16879576707958338f,-5.926796298476703f,0f,0f,0f,1f], start_interpolation: 0, interpolation_duration: 1 }
$data merge entity $(bone_left_thumb) { transformation: [-0.9202290660251303f,0.24648364006308854f,0.30401362012871336f,1.762165268997165f,0.346309831782161f,0.8746947726890573f,0.33908487881568794f,2.487720045558592f,-0.18234024913202027f,0.41731866698206577f,-0.8902792616560181f,-5.7214674618325905f,0f,0f,0f,1f], start_interpolation: 0, interpolation_duration: 1 }
$data merge entity $(bone_left_fingers_2) { transformation: [0.9575669645307112f,-0.2763833349017398f,-0.08171756621456369f,1.6018140136378152f,-0.2506273009189245f,-0.9385236051900355f,0.23740134484706024f,1.9349729863804448f,-0.14230764025003634f,-0.20684703210268862f,-0.9679684090076368f,-6.068380907309595f,0f,0f,0f,1f], start_interpolation: 0, interpolation_duration: 1 }
$data merge entity $(bone_left_fingers) { transformation: [0.10590469262979084f,0.9910128331414064f,-0.08171756621456369f,2.032858136403264f,0.9677862968542681f,-0.08384679532283333f,0.23740134484706024f,1.854720007438911f,0.22841602329979274f,-0.10422705725066304f,-0.9679684090076368f,-6.1331749038786425f,0f,0f,0f,1f], start_interpolation: 0, interpolation_duration: 1 }
$data merge entity $(bone_left_hand) { transformation: [-0.9904438427875935f,-0.11110010646310275f,-0.08171756621456369f,1.9122665489149429f,-0.12760800098223934f,0.9629936653738299f,0.23740134484706024f,2.611266555881395f,0.052318183927399245f,0.2455605155430394f,-0.9679684090076368f,-5.9285553706046175f,0f,0f,0f,1f], start_interpolation: 0, interpolation_duration: 1 }
$data merge entity $(bone_left_forearm) { transformation: [-1.8065295388059244f,-0.15716038253926676f,-0.19641843400065712f,1.5908563724967868f,-0.23275183630156487f,1.584540196273736f,0.8728616790331367f,4.967107897105f,0.09542625295697582f,0.8895850393224971f,-1.5894530032982068f,-4.680199272601355f,0f,0f,0f,1f], start_interpolation: 0, interpolation_duration: 1 }
$data merge entity $(bone_left_bicep) { transformation: [-1.5533836716936307f,0.1269474097988765f,-0.28463675016497186f,1.7879799709407858f,-0.30182267653784006f,-0.25202947753143995f,1.5347699405012694f,4.553126617319918f,0.07769682314390278f,1.5590061107911322f,0.2712889715280731f,-2.2506988618999673f,0f,0f,0f,1f], start_interpolation: 0, interpolation_duration: 1 }
$data merge entity $(bone_left_shoulder) { transformation: [-0.9933248537713446f,0.08117763793515032f,-0.1820134738041297f,1.3716331462716447f,-0.19300316560553887f,-0.16116246647683394f,0.9814221396179039f,4.412870328753928f,0.04968391704785273f,0.996920171912081f,0.1734781193361546f,-2.0143600398772827f,0f,0f,0f,1f], start_interpolation: 0, interpolation_duration: 1 }
$data merge entity $(bone_left_arm) { transformation: [-1.0941361979138589f,0.10739522275996012f,-0.7473888397943821f,1.323596704102834f,-0.3691572462294119f,1.0717926143280065f,0.6944359946996579f,4.515903225502538f,0.6586704329762887f,0.779092221310497f,-0.852306519230349f,-1.8792253277623565f,0f,0f,0f,1f], start_interpolation: 0, interpolation_duration: 1 }
$data merge entity $(bone_chest) { transformation: [-2.166674087377237f,0.21267045794277922f,-1.480024182971886f,4.2043082159241105e-17f,-0.7310273082069957f,2.1224279837688225f,1.3751637848437614f,4.621173292300092f,1.3043386755435973f,1.5428051195172363f,-1.6877884611075393f,-0.48737505759196864f,0f,0f,0f,1f], start_interpolation: 0, interpolation_duration: 1 }
$data merge entity $(bone_weist) { transformation: [-1.8616420294883445f,0.051746856870681375f,-0.5759778280245366f,3.0686702685413186e-16f,-0.3417882948158669f,1.4677233926561668f,1.236571083968113f,1.2213999028064815f,0.4664857522998098f,1.2818929545727353f,-1.3925806035728787f,-2.6498266712267853f,0f,0f,0f,1f], start_interpolation: 0, interpolation_duration: 1 }
$data merge entity $(bone_right_cheek) { transformation: [-0.9647545912959132f,0.11140347600726609f,-0.23840688770871094f,-1.1174509722222217f,-0.09482613851702629f,0.6979294695741627f,0.7098608729560163f,0.19304131943824193f,0.24547216141022016f,0.7074487409229211f,-0.6627666987252516f,-4.190654649196393f,0f,0f,0f,1f], start_interpolation: 0, interpolation_duration: 1 }
$data merge entity $(bone_right_foot) { transformation: [-1.17711125f,-9.251434335010001e-17f,1.1055148695554951e-16f,-0.879136249999999f,0f,0.902721397161367f,0.7554369424270909f,-6.280183541191504f,-1.44154552455284e-16f,0.7554369424270909f,-0.902721397161367f,-7.784486822478227f,0f,0f,0f,1f], start_interpolation: 0, interpolation_duration: 1 }
$data merge entity $(bone_right_knee) { transformation: [-2.904639166666666f,-1.969936845233849e-16f,2.9618769660537036e-16f,-0.9442056249999993f,0f,2.418556083366957f,1.608575506509629f,-3.22376669170181f,-3.5571570581363683e-16f,1.608575506509629f,-2.418556083366957f,-5.870995177940616f,0f,0f,0f,1f], start_interpolation: 0, interpolation_duration: 1 }
$data merge entity $(bone_right_leg) { transformation: [-2.47588625f,-1.3412683612368648e-16f,2.719291402592684e-16f,-0.8928749999999994f,0f,2.220469938341373f,1.0952287322113676f,-0.1364324446812173f,-3.0320861711154433e-16f,1.0952287322113676f,-2.220469938341373f,-4.301601231163571f,0f,0f,0f,1f], start_interpolation: 0, interpolation_duration: 1 }
$data merge entity $(bone_left_cheek) { transformation: [-0.9906130595468036f,-0.04585608235651737f,-0.12877494308378967f,0.45018182870370416f,-0.10771002265334095f,0.8419015324059201f,0.5287725037788747f,0.45466533448145696f,0.0841683864365817f,0.5376792998093525f,-0.838937812523185f,-4.410077366861895f,0f,0f,0f,1f], start_interpolation: 0, interpolation_duration: 1 }
$data merge entity $(bone_left_foot) { transformation: [-1.17711125f,-3.9186869527010333e-17f,1.3872607631680602e-16f,0.9624689583333333f,0f,1.1327843784297036f,0.31998507287402184f,-4.914259226528652f,-1.44154552455284e-16f,0.31998507287402184f,-1.1327843784297036f,-0.7815498574695163f,0f,0f,0f,1f], start_interpolation: 0, interpolation_duration: 1 }
$data merge entity $(bone_left_knee) { transformation: [-2.904639166666666f,1.3164515358934465e-17f,3.5547202266543874e-16f,1.0275389583333334f,0f,2.902649342756885f,-0.10749642564778754f,-1.3157886778670804f,-3.5571570581363683e-16f,-0.10749642564778754f,-2.902649342756885f,-1.0142383659417877f,0f,0f,0f,1f], start_interpolation: 0, interpolation_duration: 1 }
$data merge entity $(bone_left_leg) { transformation: [-2.47588625f,2.6140493794468436e-16f,1.5363243117529196e-16f,0.9762083333333337f,0f,1.2545040029685035f,-2.134533304840911f,0.4749366190474795f,-3.0320861711154433e-16f,-2.134533304840911f,-1.2545040029685035f,-3.978683174670212f,0f,0f,0f,1f], start_interpolation: 0, interpolation_duration: 1 }
data modify entity @s data merge value {"locators":{"consume":{"posx":1.8478418627863076,"posy":1.7214872571301156,"posz":-5.9844535518701925,"roty":355.17443353420447,"rotx":13.733216226217356}},"cameras":{}}