# This file was generated by Animated Java via MC-Build. It is not recommended to edit this file directly.
$data merge entity $(bone_neck) { transformation: [-1.2033625000000001f,-5.791310692863895e-17f,1.3551314733116267e-16f,1.1102230246251565e-16f,0f,1.1065488222850228f,0.47289640546939987f,4.2089335204224865f,-1.473694033838957e-16f,0.47289640546939987f,-1.1065488222850228f,-0.7362053207430964f,0f,0f,0f,1f], start_interpolation: 0, interpolation_duration: 1 }
$data merge entity $(bone_right_thumb_2) { transformation: [-0.06102684097049571f,-0.7439953662143687f,-0.6653920797039212f,1.6312559609421542f,0.9878113147942995f,-0.1406542862599318f,0.06667216901426096f,4.08457115174558f,-0.14319403285583804f,-0.6532130332504527f,0.7435107276604858f,1.940098760993883f,0f,0f,0f,1f], start_interpolation: 0, interpolation_duration: 1 }
$data merge entity $(bone_right_thumb) { transformation: [-0.06102684097049571f,-0.9717954931581f,0.22779210732325061f,1.310380493344536f,0.9878113147942995f,-0.026061340725258585f,0.15345883123482662f,4.285733012150807f,-0.14319403285583804f,0.23438072872403043f,0.9615410251035961f,1.9401082093329014f,0f,0f,0f,1f], start_interpolation: 0, interpolation_duration: 1 }
$data merge entity $(bone_right_fingers_2) { transformation: [-0.0597098412611113f,0.8961609967531269f,0.43969330533340517f,1.9770662523158427f,-0.9827296317508274f,0.024513783134058248f,-0.1834163169277454f,4.295130549228596f,-0.17514909573119622f,-0.443051399202055f,0.8792202522290113f,1.8562478476602966f,0f,0f,0f,1f], start_interpolation: 0, interpolation_duration: 1 }
$data merge entity $(bone_right_fingers) { transformation: [0.8929148026734012f,-0.09681400937728965f,0.43969330533340517f,1.9799216246249076f,0.1947905733789051f,0.9635429866940953f,-0.1834163169277454f,4.727289412330428f,-0.4059061316233576f,0.24942325549337996f,0.8792202522290113f,1.9545758817224277f,0f,0f,0f,1f], start_interpolation: 0, interpolation_duration: 1 }
$data merge entity $(bone_right_hand) { transformation: [-0.2877812659585678f,-0.8507947697349045f,0.43969330533340517f,1.3118138396601813f,0.8985427740969487f,-0.3987221310672639f,-0.1834163169277454f,4.382808798998796f,0.3313650948447101f,0.3422994624432103f,0.8792202522290113f,2.2070422340125067f,0f,0f,0f,1f], start_interpolation: 0, interpolation_duration: 1 }
$data merge entity $(bone_right_forearm) { transformation: [-0.5249013979489284f,-1.7065068776451544f,0.3730165688204132f,-1.159498169734773f,1.638905703849048f,-0.6158861597949398f,-0.5113715808466526f,3.3814123633613717f,0.6043965403241679f,0.18800818162073585f,1.7106099226069484f,2.5256454431273103f,0f,0f,0f,1f], start_interpolation: 0, interpolation_duration: 1 }
$data merge entity $(bone_right_bicep) { transformation: [-1.4971717134390996f,-0.49867007081563225f,-0.1412075664901502f,-1.9313554337994983f,0.14862256788994987f,0.0004428127868156748f,-1.5773540161023265f,3.40200513526297f,0.4965105725713555f,-1.5038159861741978f,0.04636040266538656f,0.17691754055320766f,0f,0f,0f,1f], start_interpolation: 0, interpolation_duration: 1 }
$data merge entity $(bone_right_shoulder) { transformation: [-0.9573796225764619f,-0.3188789635164767f,-0.09029642057606223f,-1.5772856039429621f,0.09503800844993232f,0.00028316053189370293f,-1.0086529013673748f,3.3806892905314383f,0.31749805336735887f,-0.9616283612256924f,0.029645567310596945f,-0.17387119079116972f,0f,0f,0f,1f], start_interpolation: 0, interpolation_duration: 1 }
$data merge entity $(bone_right_arm) { transformation: [-1.043068450491775f,0.11515680838980952f,-0.8160912622840717f,-1.4988923962534957f,-0.4271864567902373f,1.0501781222317572f,0.6941869157705525f,3.5278005695983654f,0.7048246377858395f,0.8069217139063132f,-0.7869926358631365f,-0.11558442370917504f,0f,0f,0f,1f], start_interpolation: 0, interpolation_duration: 1 }
$data merge entity $(bone_left_thumb_2) { transformation: [-0.9244700839209034f,-0.04652217997718561f,0.37840553736097504f,1.1920017985132763f,0.3784813682679654f,0.007508470731684813f,0.9255784552058675f,3.1571115167189534f,-0.045901174378075116f,0.998889037700105f,0.010666421765135103f,-6.467193824056019f,0f,0f,0f,1f], start_interpolation: 0, interpolation_duration: 1 }
$data merge entity $(bone_left_thumb) { transformation: [-0.9244700839209034f,0.28328764329692097f,0.2551532384481027f,1.4698857180268208f,0.3784813682679654f,0.762496165616459f,0.5247394127509443f,3.286111250839391f,-0.045901174378075116f,0.5816766357483112f,-0.8121239890652413f,-6.244557897598496f,0f,0f,0f,1f], start_interpolation: 0, interpolation_duration: 1 }
$data merge entity $(bone_left_fingers_2) { transformation: [0.9437329450644047f,-0.30148389424451627f,-0.13592494219688528f,1.2813243292451002f,-0.21436563710010273f,-0.8706428746713502f,0.44275089882988816f,2.82240441148696f,-0.25182434757332783f,-0.3887009728508124f,-0.886282151278079f,-6.692900785326876f,0f,0f,0f,1f], start_interpolation: 0, interpolation_duration: 1 }
$data merge entity $(bone_left_fingers) { transformation: [0.13302617034563313f,0.9817476499039597f,-0.13592494219688528f,1.706558303348394f,0.8946400553180252f,-0.05992339281020506f,0.44275089882988816f,2.7578515731601465f,0.4265245707151399f,-0.18050135429454778f,-0.886282151278079f,-6.799890676079633f,0f,0f,0f,1f], start_interpolation: 0, interpolation_duration: 1 }
$data merge entity $(bone_left_hand) { transformation: [-0.9872684435538874f,-0.08261616337895489f,-0.13592494219688528f,1.6091047092340034f,-0.1351325790529137f,0.8864033098222466f,0.44275089882988816f,3.4517037100314134f,0.0839059380568076f,0.45548187876655144f,-0.886282151278079f,-6.428614264919656f,0f,0f,0f,1f], start_interpolation: 0, interpolation_duration: 1 }
$data merge entity $(bone_left_forearm) { transformation: [-1.800737738942697f,-0.08138712333108547f,-0.27847494202700057f,1.3960890380795483f,-0.2464763625841112f,1.3526620786297558f,1.1984920798060532f,5.479052597536048f,0.15304103981728726f,1.2208644473595025f,-1.3464386369005927f,-4.680424719669585f,0f,0f,0f,1f], start_interpolation: 0, interpolation_duration: 1 }
$data merge entity $(bone_left_bicep) { transformation: [-1.5592495371343622f,0.19618343673119884f,-0.20096640510821828f,1.7001559278228058f,-0.25212768900802296f,-0.4783833153975487f,1.489199646745939f,4.712591481919567f,0.12372172511430043f,1.4975967476544187f,0.5020273618371374f,-2.349589859907096f,0f,0f,0f,1f], start_interpolation: 0, interpolation_duration: 1 }
$data merge entity $(bone_left_shoulder) { transformation: [-0.9970758330286482f,0.1254512244170237f,-0.12850973562083712f,1.2907480619819254f,-0.16122526866948808f,-0.3059064193045293f,0.9522818144003241f,4.555286354725959f,0.07911494548768462f,0.9576514144444166f,0.321025812793815f,-2.111865565743307f,0f,0f,0f,1f], start_interpolation: 0, interpolation_duration: 1 }
$data merge entity $(bone_left_arm) { transformation: [-1.043068450491775f,0.11515680838980952f,-0.8160912622840717f,1.2469283701253113f,-0.4271864567902373f,1.0501781222317572f,0.6941869157705525f,4.652345601726787f,0.7048246377858395f,0.8069217139063132f,-0.7869926358631365f,-1.9709968141187724f,0f,0f,0f,1f], start_interpolation: 0, interpolation_duration: 1 }
$data merge entity $(bone_chest) { transformation: [-2.0655466726631264f,0.22804041507720008f,-1.61607283836988f,3.3507614148641207e-17f,-0.8459402295350923f,2.0796256708336913f,1.3746705438172482f,4.668349853921339f,1.395735998632828f,1.59791474900137f,-1.5584499940067007f,-0.5063635151878909f,0f,0f,0f,1f], start_interpolation: 0, interpolation_duration: 1 }
$data merge entity $(bone_weist) { transformation: [-1.842004038599435f,0.0564724156466612f,-0.6355873107478954f,3.142608701795048e-16f,-0.39590714059020987f,1.4216501164450912f,1.2736984431060132f,1.354894201370861f,0.500417724848346f,1.3326143681545795f,-1.3318634644643257f,-2.7988878269023783f,0f,0f,0f,1f], start_interpolation: 0, interpolation_duration: 1 }
$data merge entity $(bone_right_cheek) { transformation: [-0.947129008401966f,0.07358728304308502f,-0.3123004214179762f,-1.1257105208333327f,-0.18390588748341158f,0.6730808829004906f,0.7163384323229032f,0.3629808545565081f,0.26291684235219204f,0.7358987952485264f,-0.6239612946003299f,-4.323046282369648f,0f,0f,0f,1f], start_interpolation: 0, interpolation_duration: 1 }
$data merge entity $(bone_right_foot) { transformation: [-1.17711125f,-1.3966946756395104e-16f,3.567877273653973e-17f,-0.8791362499999988f,0f,0.2913392886943458f,1.1404877525601207f,-5.3383363574116185f,-1.44154552455284e-16f,1.1404877525601207f,-0.2913392886943458f,-9.109620304969877f,0f,0f,0f,1f], start_interpolation: 0, interpolation_duration: 1 }
$data merge entity $(bone_right_knee) { transformation: [-2.904639166666666f,-2.300722964805286e-16f,2.7129393976767997e-16f,-0.9442056249999992f,0f,2.2152831327086746f,1.8786828711814205f,-2.5249392258468153f,-3.5571570581363683e-16f,1.8786828711814205f,-2.2152831327086746f,-6.853976092851596f,0f,0f,0f,1f], start_interpolation: 0, interpolation_duration: 1 }
$data merge entity $(bone_right_leg) { transformation: [-2.47588625f,-2.0199398755702363e-16f,2.261280488606137e-16f,-0.8928749999999994f,0f,1.8464756452068696f,1.6494060793500598f,0.029928574704142896f,-3.0320861711154433e-16f,1.6494060793500598f,-1.8464756452068696f,-4.515754410736201f,0f,0f,0f,1f], start_interpolation: 0, interpolation_duration: 1 }
$data merge entity $(bone_left_cheek) { transformation: [-0.9864814041510392f,-0.04396743023002507f,-0.15786482934194607f,0.3897796296296301f,-0.12819431476774107f,0.8071394029112131f,0.5762744154735309f,0.6727221996811771f,0.10208161894005799f,0.5887213681760654f,-0.8018643861199216f,-4.587456340333753f,0f,0f,0f,1f], start_interpolation: 0, interpolation_duration: 1 }
$data merge entity $(bone_left_foot) { transformation: [-1.17711125f,1.648129771668935e-17f,1.4320929375971758e-16f,0.912121736111111f,0f,1.1693926269960075f,-0.13458000893126282f,-4.105522196753f,-1.44154552455284e-16f,-0.13458000893126282f,-1.1693926269960075f,0.3377776669940278f,0f,0f,0f,1f], start_interpolation: 0, interpolation_duration: 1 }
$data merge entity $(bone_left_knee) { transformation: [-2.904639166666666f,1.2946424996446338e-16f,3.3131959094450297e-16f,0.9771917361111113f,0f,2.7054297710587294f,-1.0571558269257828f,-0.7842820921611886f,-3.5571570581363683e-16f,-1.0571558269257828f,-2.7054297710587294f,-1.0666789536286014f,0f,0f,0f,1f], start_interpolation: 0, interpolation_duration: 1 }
$data merge entity $(bone_left_leg) { transformation: [-2.47588625f,2.7378112819307453e-16f,1.3030487073023173e-16f,0.9258611111111116f,0f,1.064020016391298f,-2.235592567454482f,0.7417147862022135f,-3.0320861711154433e-16f,-2.235592567454482f,-1.064020016391298f,-4.175692244084561f,0f,0f,0f,1f], start_interpolation: 0, interpolation_duration: 1 }
data modify entity @s data merge value {"locators":{"consume":{"posx":1.5288723437501412,"posy":2.5955567139563147,"posz":-6.672658187151574,"roty":351.2807526658779,"rotx":26.27953146937787}},"cameras":{}}