# This file was generated by Animated Java via MC-Build. It is not recommended to edit this file directly.
$data merge entity $(bone_neck) { transformation: [-1.2033625000000001f,-6.228100109186594e-17f,1.3356203785776991e-16f,1.1102230246251565e-16f,0f,1.0906168043778908f,0.5085629679939425f,4.203052688877944f,-1.473694033838957e-16f,0.5085629679939425f,-1.0906168043778908f,-0.7682502708549794f,0f,0f,0f,1f], start_interpolation: 0, interpolation_duration: 1 }
$data merge entity $(bone_right_thumb_2) { transformation: [-0.256644127863196f,-0.1164917962578591f,-0.9594599799042989f,-0.9814609860332888f,0.537680828872516f,0.8077057515202601f,-0.2418899444459327f,0.8955124765188046f,0.8031395382474353f,-0.577962871096154f,-0.1446575326002307f,0.8030345359063418f,0f,0f,0f,1f], start_interpolation: 0, interpolation_duration: 1 }
$data merge entity $(bone_right_thumb) { transformation: [-0.256644127863196f,-0.8527605533137962f,-0.4548991430474322f,-1.2797245886450175f,0.537680828872516f,0.265136344091398f,-0.800376189866248f,1.1279568671421318f,0.8031395382474353f,-0.45000239749783155f,0.3904673153413739f,0.8239052930027212f,0f,0f,0f,1f], start_interpolation: 0, interpolation_duration: 1 }
$data merge entity $(bone_right_fingers_2) { transformation: [0.3568514848373774f,0.922512313036153f,-0.1470647818685564f,-0.7383474035183837f,-0.22883542718982636f,-0.06630770539510056f,-0.9712042192392321f,0.882309967911321f,-0.9056993789509896f,0.38022929989931553f,0.1874414961151018f,1.1372088510750578f,0f,0f,0f,1f], start_interpolation: 0, interpolation_duration: 1 }
$data merge entity $(bone_right_fingers) { transformation: [0.8465306680874797f,-0.5116226909758003f,-0.1470647818685564f,-0.9254038371396693f,-0.025563487440397593f,0.23687311506753653f,-0.9712042192392321f,0.9772924720772709f,0.5317258091321597f,0.8259136452661876f,0.1874414961151018f,1.5276266438743438f,0f,0f,0f,1f], start_interpolation: 0, interpolation_duration: 1 }
$data merge entity $(bone_right_hand) { transformation: [-0.6827179613392478f,-0.7157290934416007f,-0.1470647818685564f,-1.468192910299176f,0.2367912277870077f,-0.026311194861412646f,-0.9712042192392321f,0.956849802035988f,0.6912496652497583f,-0.6978822148659682f,0.1874414961151018f,0.9499275148887654f,0f,0f,0f,1f], start_interpolation: 0, interpolation_duration: 1 }
$data merge entity $(bone_right_forearm) { transformation: [-1.2452499682985172f,-1.191552759095009f,-0.5969783081311425f,-3.188622361177829f,0.43189762917137897f,0.41212637823234316f,-1.7234978525993991f,1.4733833838730734f,1.2608114514082553f,-1.318022166843817f,0.0007831600381905196f,-1.0463193228868746f,0f,0f,0f,1f], start_interpolation: 0, interpolation_duration: 1 }
$data merge entity $(bone_right_bicep) { transformation: [-1.4149517337498323f,0.5479092206032325f,-0.45589651569167433f,-2.323520670414352f,0.4877902240691734f,1.4832444438932446f,0.268665540860512f,3.783003847817768f,0.5197180431199174f,0.09957892106909091f,-1.49335586851153f,-0.8732215590645662f,0f,0f,0f,1f], start_interpolation: 0, interpolation_duration: 1 }
$data merge entity $(bone_right_shoulder) { transformation: [-0.9048033332860771f,0.35036537099832377f,-0.29152703741926084f,-1.842206685778174f,0.3119217498059077f,0.9484737075490514f,0.17180054351781654f,3.8494107840777496f,0.3323382745626281f,0.06367661705998126f,-0.9549395469700539f,-0.9863564816113244f,0f,0f,0f,1f], start_interpolation: 0, interpolation_duration: 1 }
$data merge entity $(bone_right_arm) { transformation: [-1.3098280394424051f,0.03451655289393165f,-0.22453718171615755f,-1.760379090569106f,-0.12837860850470503f,0.9715638893967192f,0.8982429365182696f,3.968758851564254f,0.1874227074692659f,0.9067138731170318f,-0.9539394699498759f,-0.8851396148994988f,0f,0f,0f,1f], start_interpolation: 0, interpolation_duration: 1 }
$data merge entity $(bone_left_thumb_2) { transformation: [-0.7321608648463835f,-0.5649551209165505f,0.38048150984977064f,3.958109047515183f,0.3985146207909315f,0.09770773594382204f,0.9119425943295951f,0.8158872836637983f,-0.5523826255443373f,0.8193161231703537f,0.153605095325143f,-4.99662937367304f,0f,0f,0f,1f], start_interpolation: 0, interpolation_duration: 1 }
$data merge entity $(bone_left_thumb) { transformation: [-0.7321608648463835f,-0.012372738345987705f,0.6810193707474238f,4.085391222855347f,0.3985146207909315f,0.8030624954058809f,0.44303129177106615f,0.956400180980719f,-0.5523826255443373f,0.5957663500218027f,-0.5830402140319683f,-4.668784084847299f,0f,0f,0f,1f], start_interpolation: 0, interpolation_duration: 1 }
$data merge entity $(bone_left_fingers_2) { transformation: [0.9169012965356665f,-0.11233296342664673f,0.3829795265272034f,4.128945201493969f,-0.262159384412891f,-0.8930488620081352f,0.36569958604054853f,0.4600544441720057f,0.30093931211370056f,-0.43571210150024764f,-0.8482867999861665f,-5.119710615087755f,0f,0f,0f,1f], start_interpolation: 0, interpolation_duration: 1 }
$data merge entity $(bone_left_fingers) { transformation: [-0.04859186594246567f,0.9224779199662332f,0.3829795265272034f,4.540945687828272f,0.9250049424859238f,-0.10310028683948425f,0.36569958604054853f,0.3744034667576933f,0.3768350925018023f,0.37202798016867955f,-0.8482867999861665f,-4.980579929330496f,0f,0f,0f,1f], start_interpolation: 0, interpolation_duration: 1 }
$data merge entity $(bone_left_hand) { transformation: [-0.8900943052142157f,-0.2471008095620518f,0.3829795265272034f,4.311988242485403f,-0.09955131426818192f,0.9253936181956568f,0.36569958604054853f,1.1010021986247907f,-0.444771473514995f,0.2873810037502993f,-0.8482867999861665f,-4.760564167618609f,0f,0f,0f,1f], start_interpolation: 0, interpolation_duration: 1 }
$data merge entity $(bone_left_forearm) { transformation: [-1.6234960380658938f,-0.616139838091179f,0.5580867996421593f,3.354398568320373f,-0.18157757369287883f,1.4577296161563102f,1.08114870047838f,3.281095129361355f,-0.811245191510963f,0.9067660270054557f,-1.3588543605377983f,-3.5188304186892f,0f,0f,0f,1f], start_interpolation: 0, interpolation_duration: 1 }
$data merge entity $(bone_left_bicep) { transformation: [-1.4104510401541936f,-0.704259421057381f,-0.15742009739350904f,2.253243133355019f,-0.4733461466429006f,0.6420049266775936f,1.3689074678237099f,4.263845836426089f,-0.544707118247758f,1.2656946305713423f,-0.7819500069420058f,-1.5353062281424237f,0f,0f,0f,1f], start_interpolation: 0, interpolation_duration: 1 }
$data merge entity $(bone_left_shoulder) { transformation: [-0.9019253251743511f,-0.4503448820703754f,-0.10066366608166488f,1.759312382238956f,-0.3026853574330748f,0.4105356979948216f,0.8753599223944152f,4.202402163504951f,-0.34831775847865265f,0.8093595656639666f,-0.5000248106479145f,-1.501696231871449f,0f,0f,0f,1f], start_interpolation: 0, interpolation_duration: 1 }
$data merge entity $(bone_left_arm) { transformation: [-1.3098280394424051f,0.03451655289393165f,-0.22453718171615755f,1.6876717342742016f,-0.12837860850470503f,0.9715638893967192f,0.8982429365182696f,4.306708531688161f,0.1874227074692659f,0.9067138731170318f,-0.9539394699498759f,-1.3785196629849517f,0f,0f,0f,1f], start_interpolation: 0, interpolation_duration: 1 }
$data merge entity $(bone_chest) { transformation: [-2.593800001673486f,0.06835174714396514f,-0.4446419871718882f,2.6573646685903917e-17f,-0.2542230162488331f,1.923949054423887f,1.7787545082911107f,4.654766892079679f,0.3711456804317459f,1.795529164736394f,-1.889048122535013f,-0.5236180945325923f,0f,0f,0f,1f], start_interpolation: 0, interpolation_duration: 1 }
$data merge entity $(bone_weist) { transformation: [-1.9422606621731098f,0.015564565672658109f,-0.16589305591143422f,3.2034959381116556e-16f,-0.10868506208524768f,1.3527808899036624f,1.3993965351966258f,1.4174664663003178f,0.1262945722655514f,1.4035244385959997f,-1.3469625357853814f,-2.92248074888975f,0f,0f,0f,1f], start_interpolation: 0, interpolation_duration: 1 }
$data merge entity $(bone_right_cheek) { transformation: [-0.9979798598230378f,0.02581295756896906f,-0.058050758902295656f,-0.9098685069444438f,-0.02637895962434159f,0.6628870529055418f,0.7482545727086087f,0.588879672752415f,0.05779576002378731f,0.7482743122089305f,-0.6608670091716826f,-4.681583225078406f,0f,0f,0f,1f], start_interpolation: 0, interpolation_duration: 1 }
$data merge entity $(bone_right_foot) { transformation: [-1.17711125f,-1.1184042594712408e-16f,-9.095193300611632e-17f,-0.879136249999999f,0f,-0.742678893779338f,0.9132463827529029f,-3.0962272234484614f,-1.44154552455284e-16f,0.9132463827529029f,0.742678893779338f,-8.530416306049725f,0f,0f,0f,1f], start_interpolation: 0, interpolation_duration: 1 }
$data merge entity $(bone_right_knee) { transformation: [-2.904639166666666f,-3.553360519922078e-16f,1.6430262234206068e-17f,-0.9442056249999995f,0f,0.13416327259129296f,2.9015390579521103f,-2.830483506174125f,-3.5571570581363683e-16f,2.9015390579521103f,-0.13416327259129296f,-4.934235761598574f,0f,0f,0f,1f], start_interpolation: 0, interpolation_duration: 1 }
$data merge entity $(bone_right_leg) { transformation: [-2.47588625f,-3.698466325605322e-17f,3.0094451344812955e-16f,-0.8928749999999994f,0f,2.4573984405761635f,0.3020026940159675f,0.6016347448783277f,-3.0320861711154433e-16f,0.3020026940159675f,-2.4573984405761635f,-4.470345231624857f,0f,0f,0f,1f], start_interpolation: 0, interpolation_duration: 1 }
$data merge entity $(bone_left_cheek) { transformation: [-0.9989504298176111f,-0.026729775335648246f,-0.03719620784052864f,0.7935701388888894f,-0.04236066873438142f,0.8480431132047859f,0.5282314378095179f,0.6375197642502132f,0.01742448023861931f,0.5292526780815006f,-0.8482853235981236f,-4.490608161128868f,0f,0f,0f,1f], start_interpolation: 0, interpolation_duration: 1 }
$data merge entity $(bone_left_foot) { transformation: [-1.17711125f,1.472757076606011e-17f,1.4340025680909333e-16f,0.8487536805555557f,0f,1.1709519586294936f,-0.1202597416358251f,-5.164659703138487f,-1.44154552455284e-16f,-0.1202597416358251f,-1.1709519586294936f,-1.883385261717873f,0f,0f,0f,1f], start_interpolation: 0, interpolation_duration: 1 }
$data merge entity $(bone_left_knee) { transformation: [-2.904639166666666f,-1.795579746008816e-17f,3.552622308944002e-16f,0.9138236805555557f,0f,2.900936262943304f,0.14662021304909897f,-1.5596228441233433f,-3.5571570581363683e-16f,0.14662021304909897f,-2.900936262943304f,-1.800659953002885f,0f,0f,0f,1f], start_interpolation: 0, interpolation_duration: 1 }
$data merge entity $(bone_left_leg) { transformation: [-2.47588625f,2.3857032772423735e-16f,1.8713541679822424e-16f,0.862493055555556f,0f,1.5280766415958886f,-1.9480745623173903f,0.6106074546770213f,-3.0320861711154433e-16f,-1.9480745623173903f,-1.5280766415958886f,-4.49968395496647f,0f,0f,0f,1f], start_interpolation: 0, interpolation_duration: 1 }
data modify entity @s data merge value {"locators":{"consume":{"posx":4.311923025145485,"posy":0.22909772217668933,"posz":-4.957452275523457,"roty":24.297943713388804,"rotx":21.450642761310956}},"cameras":{}}