# This file was generated by Animated Java via MC-Build. It is not recommended to edit this file directly.
$data merge entity $(bone_neck) { transformation: [-1.2033625000000001f,-6.994157333548607e-17f,1.2971475387588797e-16f,1.1102230246251565e-16f,0f,1.0592013465939765f,0.571116287440445f,4.252801795967798f,-1.473694033838957e-16f,0.571116287440445f,-1.0592013465939765f,-0.8280312428481387f,0f,0f,0f,1f], start_interpolation: 0, interpolation_duration: 1 }
$data merge entity $(bone_right_thumb_2) { transformation: [-0.9019889257532929f,0.3589867116752236f,-0.23988438602591589f,-3.348674602012403f,-0.3119088554595316f,-0.15760746115304575f,0.9369486400410731f,2.459009974782402f,0.2985445422451157f,0.9199393616046122f,0.2541313189399397f,-6.379931213876117f,0f,0f,0f,1f], start_interpolation: 0, interpolation_duration: 1 }
$data merge entity $(bone_right_thumb) { transformation: [-0.9019889257532929f,0.00940453357391666f,-0.4316567300143458f,-3.5244651901457655f,-0.3119088554595316f,0.6771034679729356f,0.6665161359974332f,2.570376816973627f,0.2985445422451157f,0.7358277301157393f,-0.6078064723975662f,-6.063510204047385f,0f,0f,0f,1f], start_interpolation: 0, interpolation_duration: 1 }
$data merge entity $(bone_right_fingers_2) { transformation: [0.993763928702718f,0.05524031241664512f,-0.0968594956287241f,-3.5446214765776505f,0.10082947533984574f,-0.8160821300743984f,0.5690723801731409f,2.172705879524374f,-0.047609567442172956f,-0.5752898963629937f,-0.8165628354453963f,-6.604844042638364f,0f,0f,0f,1f], start_interpolation: 0, interpolation_duration: 1 }
$data merge entity $(bone_right_fingers) { transformation: [-0.11816420730362753f,-0.98825880123521f,-0.0968594956287241f,-3.9864501509088615f,-0.8211928634398618f,0.042413525667132745f,0.5690723801731409f,2.1577531890833863f,-0.5582826355420216f,0.14678431326824054f,-0.8165628354453963f,-6.573194745990314f,0f,0f,0f,1f], start_interpolation: 0, interpolation_duration: 1 }
$data merge entity $(bone_right_hand) { transformation: [-0.9392577062369686f,0.3292615971853047f,-0.0968594956287241f,-3.6932156408966814f,0.2191468220883493f,0.7925473465305739f,0.5690723801731409f,2.773343002026376f,0.26413941705668637f,0.5132791678281213f,-0.8165628354453963f,-6.168427073529679f,0f,0f,0f,1f], start_interpolation: 0, interpolation_duration: 1 }
$data merge entity $(bone_right_forearm) { transformation: [-1.7131680945106036f,0.625821257771875f,-0.015211670034663734f,-2.695231769122171f,0.3997149463050897f,1.127672461491636f,1.376739388165829f,4.469990355262184f,0.4817796210766232f,1.289779490667971f,-1.19632178940327f,-4.341653462930598f,0f,0f,0f,1f], start_interpolation: 0, interpolation_duration: 1 }
$data merge entity $(bone_right_bicep) { transformation: [-1.4770275876017878f,0.3980930613955457f,0.41236631265838486f,-2.074926316988966f,0.45398184348421017f,0.11671660988506971f,1.5134108082893822f,4.631243358722445f,0.3498921935874373f,1.5290630148326672f,-0.22288181940416896f,-1.9537822198349657f,0f,0f,0f,1f], start_interpolation: 0, interpolation_duration: 1 }
$data merge entity $(bone_right_shoulder) { transformation: [-0.9444982841046321f,0.25456411008040253f,0.26369126616029315f,-1.608352786628106f,0.2903026834330844f,0.07463546293129823f,0.9677638546316045f,4.499936455553995f,0.22374164114396822f,0.9777727957960599f,-0.14252374007932936f,-1.8357136734884982f,0f,0f,0f,1f], start_interpolation: 0, interpolation_duration: 1 }
$data merge entity $(bone_right_arm) { transformation: [-1.2345088996616191f,-0.0733400382500788f,0.4877159488390604f,-1.546900999101456f,0.29946049113109063f,0.9330739498940159f,0.8983063228025029f,4.589634354630693f,-0.39187883613948066f,0.9440614779371659f,-0.8499627844601843f,-1.6965643458996529f,0f,0f,0f,1f], start_interpolation: 0, interpolation_duration: 1 }
$data merge entity $(bone_left_thumb_2) { transformation: [-0.2547685156203744f,0.4764704623572875f,0.8414683012149796f,-0.16620489200469513f,-0.7368461039809266f,0.4678661089137204f,-0.48801549481349843f,1.9315481637985124f,-0.6262194683149993f,-0.7443636225870844f,0.2318878497729291f,1.4628998163102147f,0f,0f,0f,1f], start_interpolation: 0, interpolation_duration: 1 }
$data merge entity $(bone_left_thumb) { transformation: [-0.2547685156203744f,0.9625827089700639f,0.0923446362299637f,0.18062389294233322f,-0.7368461039809266f,-0.13140191478101884f,-0.663167667969429f,2.08010369846593f,-0.6262194683149993f,-0.2369980278055816f,0.7427523896424331f,1.4955832513928211f,0f,0f,0f,1f], start_interpolation: 0, interpolation_duration: 1 }
$data merge entity $(bone_left_fingers_2) { transformation: [0.22974129978665528f,-0.9506136006603957f,-0.20869287820099638f,-0.4604020352030557f,0.4790074491715995f,0.2971017083486299f,-0.8260038974087488f,2.1053666803749875f,0.8472135497089597f,0.08980176577219057f,0.5236075286450157f,1.6956790193854028f,0f,0f,0f,1f], start_interpolation: 0, interpolation_duration: 1 }
$data merge entity $(bone_left_fingers) { transformation: [0.8962774860064241f,0.39132333263707675f,-0.20869287820099638f,-0.33168835136694297f,-0.3757668364524356f,0.42013907945832096f,-0.8260038974087488f,2.3011211769020066f,-0.2355545641683317f,0.8187485592327638f,0.5236075286450157f,2.071911398472857f,0f,0f,0f,1f], start_interpolation: 0, interpolation_duration: 1 }
$data merge entity $(bone_left_hand) { transformation: [-0.5760373601990872f,0.7903342598186234f,-0.20869287820099638f,0.27684878690277515f,-0.3288492766976959f,-0.4577944021948708f,-0.8260038974087488f,1.9345172291368495f,-0.7483576102841939f,-0.40718060252913557f,0.5236075286450157f,1.7196923456662647f,0f,0f,0f,1f], start_interpolation: 0, interpolation_duration: 1 }
$data merge entity $(bone_left_forearm) { transformation: [-1.0506688634931605f,1.4909373297845525f,0.0054202928340065515f,2.422497936538006f,-0.5998077897049975f,-0.4166104191610718f,-1.6713751630585958f,1.2264068651504068f,-1.3649740350382873f,-0.9645569962085457f,0.7302768285862231f,0.26832908547606926f,0f,0f,0f,1f], start_interpolation: 0, interpolation_duration: 1 }
$data merge entity $(bone_left_bicep) { transformation: [-1.4253397572973943f,-0.12517835883265296f,0.68034661065583f,2.2141248362936263f,-0.33257450729559895f,1.4902960250110653f,-0.42254764325081057f,3.556410998505593f,-0.6065767298932607f,-0.5229557268064746f,-1.367010071080611f,-0.5319032859739439f,0f,0f,0f,1f], start_interpolation: 0, interpolation_duration: 1 }
$data merge entity $(bone_left_shoulder) { transformation: [-0.9114460463256092f,-0.08004640273269568f,0.4350536251013326f,1.786067860879851f,-0.21266769430329938f,0.9529829031266509f,-0.2702018075714132f,3.6765362561006976f,-0.3878808259040065f,-0.33440863987746433f,-0.8741466153558971f,-0.7581988713855314f,0f,0f,0f,1f], start_interpolation: 0, interpolation_duration: 1 }
$data merge entity $(bone_left_arm) { transformation: [-1.2345088996616191f,-0.0733400382500788f,0.4877159488390604f,1.7028763011056065f,0.29946049113109063f,0.9330739498940159f,0.8983063228025029f,3.801320955955781f,-0.39187883613948066f,0.9440614779371659f,-0.8499627844601843f,-0.6649646980828399f,0f,0f,0f,1f], start_interpolation: 0, interpolation_duration: 1 }
$data merge entity $(bone_chest) { transformation: [-2.444648526054889f,-0.14523234012975378f,0.9658043581457213f,1.4667212690181554e-17f,0.5930096157718725f,1.8477289689315775f,1.778880029610856f,4.689527674192833f,-0.7760219625983076f,1.8694871306127414f,-1.6831472570198918f,-0.5575481003882474f,0f,0f,0f,1f], start_interpolation: 0, interpolation_duration: 1 }
$data merge entity $(bone_weist) { transformation: [-1.914518748842462f,-0.033800322785878106f,0.36553350057088474f,3.309979432541635e-16f,0.25458783996781537f,1.2761879284193005f,1.451436751852011f,1.5971857069795734f,-0.2644659403412027f,1.4732077759317472f,-1.2489418949106552f,-3.140584538194019f,0f,0f,0f,1f], start_interpolation: 0, interpolation_duration: 1 }
$data merge entity $(bone_right_cheek) { transformation: [-0.9883827013146121f,-0.00801595998109536f,0.1517741088842615f,-0.8208847266763843f,0.09614036635360067f,0.740456896500689f,0.6651921635001148f,0.9848989342938118f,-0.11771433939595302f,0.6720560458846787f,-0.731084130241127f,-5.019621628029965f,0f,0f,0f,1f], start_interpolation: 0, interpolation_duration: 1 }
$data merge entity $(bone_right_foot) { transformation: [-1.17711125f,3.232612073775226e-17f,1.4048329762513229e-16f,-0.8791362499999998f,0f,1.1471331793211088f,-0.2639628075642623f,-4.212904562121714f,-1.44154552455284e-16f,-0.2639628075642623f,-1.1471331793211088f,-0.6661240596158025f,0f,0f,0f,1f], start_interpolation: 0, interpolation_duration: 1 }
$data merge entity $(bone_right_knee) { transformation: [-2.904639166666666f,8.999475350145235e-17f,3.441432953069211e-16f,-0.9442056249999998f,0f,2.8101432637273622f,-0.7348629299820176f,-0.7506922368876745f,-3.5571570581363683e-16f,-0.7348629299820176f,-2.8101432637273622f,-1.6742014606903788f,0f,0f,0f,1f], start_interpolation: 0, interpolation_duration: 1 }
$data merge entity $(bone_right_leg) { transformation: [-2.47588625f,2.6687790970809256e-16f,1.4391541543745174e-16f,-0.8928749999999994f,0f,1.1751585480617859f,-2.179223510761661f,0.9298051239067293f,-3.0320861711154433e-16f,-2.179223510761661f,-1.1751585480617859f,-4.702494500237524f,0f,0f,0f,1f], start_interpolation: 0, interpolation_duration: 1 }
$data merge entity $(bone_left_cheek) { transformation: [-0.9939963569749899f,-0.04069767568996726f,0.1015625005298839f,0.979532060860059f,0.04480389523697532f,0.695450830706354f,0.7171755385130172f,0.7951267377783615f,-0.09981910284130267f,0.7174202682272619f,-0.6894521777793448f,-4.735474904304361f,0f,0f,0f,1f], start_interpolation: 0, interpolation_duration: 1 }
$data merge entity $(bone_left_foot) { transformation: [-1.17711125f,-1.0361295508570581e-16f,-1.0022420132877453e-16f,1.0438586570699724f,0f,-0.8183927104415292f,0.8460639847982716f,-2.9464285347678465f,-1.44154552455284e-16f,0.8460639847982716f,0.8183927104415292f,-9.929875347241707f,0f,0f,0f,1f], start_interpolation: 0, interpolation_duration: 1 }
$data merge entity $(bone_left_knee) { transformation: [-2.904639166666666f,-3.552349512153044e-16f,1.8487639047593416e-17f,1.108928657069972f,0f,0.15096302918086454f,2.9007135074589083f,-2.6598647913011306f,-3.5571570581363683e-16f,2.9007135074589083f,-0.15096302918086454f,-6.335293945674883f,0f,0f,0f,1f], start_interpolation: 0, interpolation_duration: 1 }
$data merge entity $(bone_left_leg) { transformation: [-2.47588625f,-1.3272097901035436e-16f,2.7261806106938e-16f,1.0575980320699716f,0f,2.226095403664038f,1.0837490377042578f,0.43553165318162357f,-3.0320861711154433e-16f,1.0837490377042578f,-2.226095403664038f,-4.781861950224113f,0f,0f,0f,1f], start_interpolation: 0, interpolation_duration: 1 }
data modify entity @s data merge value {"locators":{"consume":{"posx":-0.47432624809906054,"posy":2.3978650176604948,"posz":1.8612099806031475,"roty":201.7306130237712,"rotx":-55.69040347679892}},"cameras":{}}