# This file was generated by Animated Java via MC-Build. It is not recommended to edit this file directly.
$data merge entity $(bone_neck) { transformation: [-1.2033625000000001f,-5.440968965513701e-17f,1.3695739018160735e-16f,1.1102230246251565e-16f,0f,1.1183419601223996f,0.44428883244556033f,4.111217616139918f,-1.473694033838957e-16f,0.44428883244556033f,-1.1183419601223996f,-0.711518360486479f,0f,0f,0f,1f], start_interpolation: 0, interpolation_duration: 1 }
$data merge entity $(bone_right_thumb_2) { transformation: [-0.6208432141932517f,0.6451413493397631f,-0.44536091292597996f,-4.061518405951914f,-0.21638521578876535f,0.4050111976850561f,0.88833741795433f,-0.5118182418652939f,0.7534793572343184f,0.6478877750982697f,-0.111849403663909f,-3.0918473483182147f,0f,0f,0f,1f], start_interpolation: 0, interpolation_duration: 1 }
$data merge entity $(bone_right_thumb) { transformation: [-0.6208432141932517f,0.005219573827278667f,-0.7839173804931576f,-4.162350323842539f,-0.21638521578876535f,0.9599882913861574f,0.1777636599238878f,-0.2722391662450703f,0.7534793572343184f,0.279991493532478f,-0.5948727778031286f,-2.8164168657342956f,0f,0f,0f,1f], start_interpolation: 0, interpolation_duration: 1 }
$data merge entity $(bone_right_fingers_2) { transformation: [0.8459792421392168f,0.14542305391942684f,-0.5130022000521091f,-4.210764364826453f,0.18555844885300815f,-0.982246721876709f,0.027557928473023352f,-0.8961871984580432f,-0.4998871711984836f,-0.11850532794438481f,-0.8579448136797445f,-3.0612345712036966f,0f,0f,0f,1f], start_interpolation: 0, interpolation_duration: 1 }
$data merge entity $(bone_right_fingers) { transformation: [-0.0036890027749618415f,-0.8583793648499609f,-0.5130022000521091f,-4.593515111162984f,-0.9995460735690361f,-0.01217404579415507f,0.027557928473023352f,-0.9481159373768331f,-0.029900469415190964f,0.5128709960689719f,-0.8579448136797445f,-2.8438797676125445f,0f,0f,0f,1f], start_interpolation: 0, interpolation_duration: 1 }
$data merge entity $(bone_right_hand) { transformation: [-0.8372339001607322f,0.18938885702000896f,-0.5130022000521091f,-4.410934062352927f,0.20445589397729977f,0.9784877863296091f,0.027557928473023352f,-0.18007153875570303f,0.5071855516865524f,-0.08181389148815585f,-0.8579448136797445f,-2.918352089266934f,0f,0f,0f,1f], start_interpolation: 0, interpolation_duration: 1 }
$data merge entity $(bone_right_forearm) { transformation: [-1.5270807956897106f,0.5758428778751115f,-0.8144064004351254f,-3.527432939959377f,0.37291928718887984f,1.7108998193847558f,0.510471913924022f,2.3405388799299227f,0.925085947526891f,0.2608742027553239f,-1.5501577989542081f,-2.639721943934232f,0f,0f,0f,1f], start_interpolation: 0, interpolation_duration: 1 }
$data merge entity $(bone_right_bicep) { transformation: [-1.3756534853931703f,0.7830813533630108f,-0.06704951919503653f,-2.300487620483587f,0.5635251274552888f,1.0769670238545797f,1.016226360679458f,4.006310335587847f,0.5478608169376874f,0.8585220902390756f,-1.2136403510593265f,-1.2860155137190434f,0f,0f,0f,1f], start_interpolation: 0, interpolation_duration: 1 }
$data merge entity $(bone_right_shoulder) { transformation: [-0.879673722673014f,0.500748260069128f,-0.04287540487485201f,-1.8024251045821578f,0.3603511000058996f,0.688676037337606f,0.6498348859428449f,3.984849942081723f,0.35033441884859035f,0.5489895029065248f,-0.776072998715525f,-1.3046092076488052f,0f,0f,0f,1f], start_interpolation: 0, interpolation_duration: 1 }
$data merge entity $(bone_right_arm) { transformation: [-1.3251465341108075f,-0.016179367780862226f,0.10479848519217884f,-1.727179582613816f,0.0548487323929998f,1.0198328513625667f,0.8509937738566757f,4.0994213299794895f,-0.0907530219620527f,0.8526060137285905f,-1.0159156981092707f,-1.1932715268919605f,0f,0f,0f,1f], start_interpolation: 0, interpolation_duration: 1 }
$data merge entity $(bone_left_thumb_2) { transformation: [-0.32089224585354437f,-0.10535698892603546f,0.9412375212641642f,1.6928070991649609f,-0.33023058717748593f,0.9438748366047489f,-0.006931963413894682f,0.31084351305633234f,-0.8876800807968382f,-0.31304983262860575f,-0.33767421643904166f,-0.07335150705704518f,0f,0f,0f,1f], start_interpolation: 0, interpolation_duration: 1 }
$data merge entity $(bone_left_thumb) { transformation: [-0.32089224585354437f,0.7105863534521712f,0.626175056065486f,1.9542767879701344f,-0.33023058717748593f,0.5357060331397496f,-0.7771530128295756f,0.5799757314909074f,-0.8876800807968382f,-0.4561645320991316f,0.06275343664931168f,-0.022081528379819984f,0f,0f,0f,1f], start_interpolation: 0, interpolation_duration: 1 }
$data merge entity $(bone_left_fingers_2) { transformation: [0.48043407745965794f,-0.8190795287463106f,0.3135152672585645f,1.5190420578953927f,0.02961852848360716f,-0.34211674642874595f,-0.9391905422135995f,0.15935823128006454f,0.8765305699095457f,0.46050500258057003f,-0.140104613101482f,0.2698815231032132f,0f,0f,0f,1f], start_interpolation: 0, interpolation_duration: 1 }
$data merge entity $(bone_left_fingers) { transformation: [0.72320936820299f,0.6153668718246237f,0.3135152672585645f,1.7589925544242242f,0.3317760208219862f,0.08857650605016026f,-0.9391905422135995f,0.17492744274484803f,-0.6057168329764007f,0.7832482464945087f,-0.140104613101482f,0.6421975142464185f,0f,0f,0f,1f], start_interpolation: 0, interpolation_duration: 1 }
$data merge entity $(bone_left_hand) { transformation: [-0.7573113763265383f,0.5728766503202894f,0.3135152672585645f,2.1846758326644684f,-0.15828636304203672f,0.3047401396131624f,-0.9391905422135995f,0.41910408188726267f,-0.633581018151056f,-0.760884873569159f,-0.140104613101482f,0.019344658545954685f,0f,0f,0f,1f], start_interpolation: 0, interpolation_duration: 1 }
$data merge entity $(bone_left_forearm) { transformation: [-1.381305342418146f,0.8612967513587073f,0.8227952471541947f,3.422266907002568f,-0.28870792878150203f,0.9802629479241359f,-1.510814630065279f,1.786563938446439f,-1.1556261698747092f,-1.274394374069317f,-0.6060327519818457f,-1.9326050711763916f,0f,0f,0f,1f], start_interpolation: 0, interpolation_duration: 1 }
$data merge entity $(bone_left_bicep) { transformation: [-1.4063779398085905f,-0.6907126941946207f,0.2348438212550207f,2.3372030084778883f,-0.5156104904028308f,1.3018675124204853f,0.7412296258071154f,3.806974132220914f,-0.5161215636744932f,0.5815423544902061f,-1.3804207971947142f,-1.0088683967475651f,0f,0f,0f,1f], start_interpolation: 0, interpolation_duration: 1 }
$data merge entity $(bone_left_shoulder) { transformation: [-0.8993207453278402f,-0.4416823084092524f,0.15017294739097503f,1.8412138822183997f,-0.3297116638440994f,0.8324906331703686f,0.47398580471950275f,3.834037202071935f,-0.3300384741435066f,0.371872374328496f,-0.882722222141911f,-1.0550735974509584f,0f,0f,0f,1f], start_interpolation: 0, interpolation_duration: 1 }
$data merge entity $(bone_left_arm) { transformation: [-1.3251465341108075f,-0.016179367780862226f,0.10479848519217884f,1.7611963433772937f,0.0548487323929998f,1.0198328513625667f,0.8509937738566757f,3.9550350355390362f,-0.0907530219620527f,0.8526060137285905f,-1.0159156981092707f,-0.9543691497780232f,0f,0f,0f,1f], start_interpolation: 0, interpolation_duration: 1 }
$data merge entity $(bone_chest) { transformation: [-2.624134603086853f,-0.03203935395591422f,0.20752824254897534f,3.9141492529434553e-17f,0.1086147478056085f,2.019534146403663f,1.6851888840257416f,4.576391686441477f,-0.17971457430187107f,1.6883815380662297f,-2.0117771647167544f,-0.49356490814978105f,0f,0f,0f,1f], start_interpolation: 0, interpolation_duration: 1 }
$data merge entity $(bone_weist) { transformation: [-1.947851555715643f,-0.0072646251767780065f,0.07720611145842071f,3.093686114034875e-16f,0.04710940365935946f,1.4307897799825875f,1.3231630856072045f,1.205086801993564f,-0.06159758528017708f,1.3239815226232425f,-1.4294816916523385f,-2.7001367871780495f,0f,0f,0f,1f], start_interpolation: 0, interpolation_duration: 1 }
$data merge entity $(bone_right_cheek) { transformation: [-0.999432796415391f,-0.007216165657035605f,0.03289395693013998f,-0.9506314467930024f,0.014822992356566842f,0.7827964293388597f,0.6221013013263424f,0.32383467176753605f,-0.03023845807756813f,0.6222360301103931f,-0.7822454592297416f,-4.407049775286724f,0f,0f,0f,1f], start_interpolation: 0, interpolation_duration: 1 }
$data merge entity $(bone_right_foot) { transformation: [-1.17711125f,1.8948625591264338e-17f,1.4290375985881303e-16f,-0.8791362499999997f,0f,1.1668977533629143f,-0.15472726997251057f,-5.4771576061000005f,-1.44154552455284e-16f,-0.15472726997251057f,-1.1668977533629143f,-1.4400285291786639f,0f,0f,0f,1f], start_interpolation: 0, interpolation_duration: 1 }
$data merge entity $(bone_right_knee) { transformation: [-2.904639166666666f,-7.47482222273907e-18f,3.556371611561878e-16f,-0.9442056249999998f,0f,2.9039978008663088f,0.0610365554210677f,-1.8712488635868496f,-3.5571570581363683e-16f,0.0610365554210677f,-2.9039978008663088f,-1.4636160730735028f,0f,0f,0f,1f], start_interpolation: 0, interpolation_duration: 1 }
$data merge entity $(bone_right_leg) { transformation: [-2.47588625f,2.4492169333264336e-16f,1.7874235543308056e-16f,-0.8928749999999994f,0f,1.4595420945657798f,-1.999937398302657f,0.2039959951430923f,-3.0320861711154433e-16f,-1.999937398302657f,-1.4595420945657798f,-4.236338361605405f,0f,0f,0f,1f], start_interpolation: 0, interpolation_duration: 1 }
$data merge entity $(bone_left_cheek) { transformation: [-0.9997554037699858f,-0.021660297166130958f,0.004468127055881033f,0.864827250364432f,-0.014919268919060398f,0.8096469312681406f,0.5867275876443886f,0.32605326212142294f,-0.016326299263254837f,0.5865174150992943f,-0.809772050479398f,-4.24691158153434f,0f,0f,0f,1f], start_interpolation: 0, interpolation_duration: 1 }
$data merge entity $(bone_left_foot) { transformation: [-1.17711125f,-1.084472002182272e-16f,-9.497231048263995e-17f,1.117473817419826f,0f,-0.7755077672089894f,0.8855385919738851f,-3.4749643810681725f,-1.44154552455284e-16f,0.8855385919738851f,0.7755077672089894f,-7.526379037025724f,0f,0f,0f,1f], start_interpolation: 0, interpolation_duration: 1 }
$data merge entity $(bone_left_knee) { transformation: [-2.904639166666666f,-3.555221020551132e-16f,-1.1734492439278088e-17f,1.1825438174198257f,0f,-0.09581940235705579f,2.903058272006603f,-3.494574004434509f,-3.5571570581363683e-16f,2.903058272006603f,0.09581940235705579f,-3.920446467740603f,0f,0f,0f,1f], start_interpolation: 0, interpolation_duration: 1 }
$data merge entity $(bone_left_leg) { transformation: [-2.47588625f,1.7158462413136958e-17f,3.02722732311784e-16f,1.1312131924198257f,0f,2.471918699518518f,-0.14010947830087309f,-0.03468452851989223f,-3.0320861711154433e-16f,-0.14010947830087309f,-2.471918699518518f,-4.074702512879587f,0f,0f,0f,1f], start_interpolation: 0, interpolation_duration: 1 }
data modify entity @s data merge value {"locators":{"consume":{"posx":1.5103351748287666,"posy":0.2710034892072767,"posz":0.5870710353996642,"roty":65.92094874654549,"rotx":-69.91605987338052}},"cameras":{}}
execute on vehicle unless entity @s[tag=aj.transforms_only] at @s run function animated_java:armor/animations/charge/zzz/frames/zzz/1