execute if entity @s[tag=aj.beast.bone.right_thumb] run data modify entity @s {} merge value {transformation:[-0.34741845975843494f,-0.6801713997241268f,-0.7205326368849634f,-2.212620767987435f,0.9762242948328137f,-0.10422020900929059f,-0.3723228091485066f,-13.610537503714898f,0.16966596593675468f,-0.793098364032723f,0.66686463766747f,3.190642520557907f,0f,0f,0f,1f],start_interpolation:0}
execute if entity @s[tag=aj.beast.bone.right_fingers_2] run data modify entity @s {} merge value {transformation:[0.1936889336995074f,-0.7011309214483166f,-0.6862215589380604f,-1.046037205246373f,0.7525316198723928f,0.554941310367036f,-0.35459315157000626f,-13.926954108884443f,0.6294289142187386f,-0.44772265191427496f,0.6351091787309238f,4.805853989977012f,0f,0f,0f,1f],start_interpolation:0}
execute if entity @s[tag=aj.beast.bone.right_fingers] run data modify entity @s {} merge value {transformation:[-0.18282592370846498f,-0.7040416562027877f,-0.6862215589380604f,-1.7293220126841022f,0.9291821551440647f,0.10432746245108153f,-0.35459315157000626f,-13.422049631213296f,0.3212401036327464f,-0.7024536475168689f,0.6351091787309238f,4.349782253841532f,0f,0f,0f,1f],start_interpolation:0}
execute if entity @s[tag=aj.beast.locator_origin.right_hand] at @s on origin run tp @s ^-1.03734 ^-13.86425 ^3.33952 ~-132.78476 ~-20.76851
execute if entity @s[tag=aj.beast.bone.right_hand] run data modify entity @s {} merge value {transformation:[-0.34741845975843494f,-0.6801713997241268f,-0.7205326368849634f,-2.6912183289636413f,0.9762242948328137f,-0.10422020900929059f,-0.3723228091485066f,-13.452894794854902f,0.16966596593675468f,-0.793098364032723f,0.66686463766747f,3.1945395836811303f,0f,0f,0f,1f],start_interpolation:0}
execute if entity @s[tag=aj.beast.bone.right_forearm] run data modify entity @s {} merge value {transformation:[-2.5383046353983114f,-2.5587695106326525f,-2.298985247750009f,-6.189633276345574f,1.3150691676669832f,1.918261461057974f,-3.5869891345348934f,-10.053781591648782f,3.17855748133758f,-2.837004856970896f,-0.35185334921872685f,-0.9298606121321326f,0f,0f,0f,1f],start_interpolation:0}
execute if entity @s[tag=aj.beast.bone.right_bicep] run data modify entity @s {} merge value {transformation:[-2.137519692967f,0.5899601393887275f,-2.8360106833562346f,-4.299530673799032f,1.1074266675090387f,3.4232420624978155f,-0.12255593676166823f,-6.032575997947136f,2.6766799842842786f,-0.9451776634464752f,-2.2140513648634657f,-1.6894055660553153f,0f,0f,0f,1f],start_interpolation:0}
execute if entity @s[tag=aj.beast.bone.right_arm] run data modify entity @s {} merge value {transformation:[-1.1974868581810507f,-0.07754109790033006f,-0.0035500169138114545f,-4.1375f,-0.07731546934345396f,1.1963800555824695f,-0.05193342666038337f,-4.6657704019190955f,0.006895120294697377f,-0.05159593725187494f,-1.198870433606244f,-1.732215746683828f,0f,0f,0f,1f],start_interpolation:0}
execute if entity @s[tag=aj.beast.bone.left_thumb] run data modify entity @s {} merge value {transformation:[-0.17755569269478133f,0.8591266939553855f,0.5769534640895793f,2.2499846723867805f,-0.9986529946352672f,0.011285273882182497f,-0.3241370680737036f,-13.667180771582736f,-0.27141512908769283f,-0.6035511298363158f,0.8152054105411825f,3.0689823278295294f,0f,0f,0f,1f],start_interpolation:0}
execute if entity @s[tag=aj.beast.bone.left_fingers_2] run data modify entity @s {} merge value {transformation:[0.33162693542413846f,0.766874087578979f,0.5494794896091231f,0.7595411330195162f,-0.7723240724911709f,0.5551744059477485f,-0.3087019695940034f,-14.164010140092174f,-0.5417924904904521f,-0.32200234902943314f,0.7763861052773166f,4.360988900169508f,0f,0f,0f,1f],start_interpolation:0}
execute if entity @s[tag=aj.beast.bone.left_fingers] run data modify entity @s {} merge value {transformation:[-0.019894566568107508f,0.8352703135631987f,0.5494794896091231f,1.4819607173960048f,-0.933810005495226f,0.18083685356085125f,-0.3087019695940034f,-13.591678420311954f,-0.35721573293749653f,-0.5192509370952031f,0.7763861052773166f,4.0775203220308756f,0f,0f,0f,1f],start_interpolation:0}
execute if entity @s[tag=aj.beast.bone.left_hand] run data modify entity @s {} merge value {transformation:[-0.17755569269478133f,0.8591266939553855f,0.5769534640895793f,2.6912183289636404f,-0.9986529946352672f,0.011285273882182497f,-0.3241370680737036f,-13.458331686663357f,-0.27141512908769283f,-0.6035511298363158f,0.8152054105411825f,3.1939501483363655f,0f,0f,0f,1f],start_interpolation:0}
execute if entity @s[tag=aj.beast.bone.left_forearm] run data modify entity @s {} merge value {transformation:[-2.538304635398311f,2.558769510632653f,2.298985247750009f,6.189633276345574f,-1.3150691676669832f,1.918261461057974f,-3.5869891345348934f,-10.059218483457236f,-3.1785574813375805f,-2.8370048569708954f,-0.35185334921872635f,-0.9304500474768964f,0f,0f,0f,1f],start_interpolation:0}
execute if entity @s[tag=aj.beast.bone.left_bicep] run data modify entity @s {} merge value {transformation:[-2.1375196929669995f,-0.5899601393887273f,2.836010683356235f,4.299530673799032f,-1.1074266675090387f,3.4232420624978155f,-0.12255593676166823f,-6.038012889755591f,-2.676679984284279f,-0.9451776634464755f,-2.214051364863465f,-1.6899950014000795f,0f,0f,0f,1f],start_interpolation:0}
execute if entity @s[tag=aj.beast.bone.left_arm] run data modify entity @s {} merge value {transformation:[-1.1974868581810507f,0.07754109790033006f,0.003550016913811749f,4.1375f,0.07731546934345396f,1.1963800555824695f,-0.05193342666038337f,-4.671207293727551f,-0.00689512029469767f,-0.051595937251874904f,-1.198870433606244f,-1.7328051820285921f,0f,0f,0f,1f],start_interpolation:0}
execute if entity @s[tag=aj.beast.bone.chest] run data modify entity @s {} merge value {transformation:[-6.061547916666667f,-8.00096735073826e-17f,7.380011096260034e-16f,8.344437127690384e-19f,0f,6.026236382113018f,0.6533285643100398f,-4.020593124999998f,-7.423255254024141e-16f,0.6533285643100398f,-6.026236382113018f,-0.006813750000000063f,0f,0f,0f,1f],start_interpolation:0}
execute if entity @s[tag=aj.beast.bone.waist] run data modify entity @s {} merge value {transformation:[-5.023832916666667f,4.425599587347744e-17f,6.136483001207043e-16f,0.0000012500000003217913f,0f,5.010818633976345f,-0.3613776307118933f,-9.3979775f,-6.152420900846945e-16f,-0.3613776307118933f,-5.010818633976345f,-2.627625f,0f,0f,0f,1f],start_interpolation:0}
execute if entity @s[tag=aj.beast.bone.hip] run data modify entity @s {} merge value {transformation:[-4.393932083333333f,3.8707067566523225e-17f,5.367075295912408e-16f,1.314196800122255e-16f,0f,4.38254956420837f,-0.3160671925445981f,-12.64946125f,-5.381014861525027e-16f,-0.3160671925445981f,-4.38254956420837f,-1.073123125f,0f,0f,0f,1f],start_interpolation:0}
execute if entity @s[tag=aj.beast.bone.right_foot] run data modify entity @s {} merge value {transformation:[-0.6338015132352531f,-1.8691072804119861f,-0.5160752039495895f,0.6174033698028021f,-1.938958371143712f,0.6057809831656196f,0.18726941930443028f,-14.769375831290656f,-0.018332397345320894f,0.5486960677331325f,-1.9647382900686212f,2.057486835378998f,0f,0f,0f,1f],start_interpolation:0}
execute if entity @s[tag=aj.beast.bone.right_knee] run data modify entity @s {} merge value {transformation:[-0.8854579964316036f,-2.347451108517774f,1.352012362988594f,-3.0794395525856633f,-2.708838900862539f,0.7807078312766418f,-0.4185535704747428f,-13.549336771056117f,-0.025611437467727722f,-1.415086066393841f,-2.473737148318075f,1.4538936253481327f,0f,0f,0f,1f],start_interpolation:0}
execute if entity @s[tag=aj.beast.bone.right_thigh] run data modify entity @s {} merge value {transformation:[-1.0498227296641394f,-0.508075843664996f,3.6428500069814347f,-1.6874999999999998f,-3.6777907597966855f,0.09505007833549205f,-1.046635375745792f,-13.65199625f,0.04850116941533154f,-3.7899141704915325f,-0.5146097714509764f,-2.3747187500000004f,0f,0f,0f,1f],start_interpolation:0}
execute if entity @s[tag=aj.beast.bone.left_foot] run data modify entity @s {} merge value {transformation:[-0.4277814160352958f,1.9920545190820302f,0.101596521100372f,-0.5504344134558248f,1.99268420186256f,0.43141094697346566f,-0.06851471724257831f,-14.224690387073274f,-0.08838965857050364f,0.08487277441157835f,-2.03631625255545f,2.7083462842962645f,0f,0f,0f,1f],start_interpolation:0}
execute if entity @s[tag=aj.beast.bone.left_knee] run data modify entity @s {} merge value {transformation:[-0.5976358018140162f,2.185968339373516f,-1.7282574656707579f,3.0866414870028818f,2.7838970467197526f,0.3900267348068903f,-0.46935741114945073f,-13.49398302983839f,-0.12348555241467421f,-1.7865949640006455f,-2.2170542963473796f,1.4493814486009473f,0f,0f,0f,1f],start_interpolation:0}
execute if entity @s[tag=aj.beast.bone.left_thigh] run data modify entity @s {} merge value {transformation:[-1.3080397803531696f,0.4822460087400283f,-3.56189496196448f,1.6875000000000002f,3.5943919288382564f,0.17349528639702086f,-1.2964841100069124f,-13.65199625f,-0.0018960263800183738f,-3.790509619121462f,-0.512501934075998f,-2.3747187499999995f,0f,0f,0f,1f],start_interpolation:0}