execute if entity @s[tag=aj.beast.bone.right_thumb] run data modify entity @s {} merge value {transformation:[-0.3406764820989706f,-0.7108787010455574f,-0.6936072425692014f,-2.010205978471141f,0.9818647369299441f,-0.13060442896818267f,-0.3484022409620622f,-13.473740166244369f,0.14960338538335785f,-0.7616389929183488f,0.7071243678082112f,3.1308717442245495f,0f,0f,0f,1f],start_interpolation:0}
execute if entity @s[tag=aj.beast.bone.right_fingers_2] run data modify entity @s {} merge value {transformation:[0.21818060932680758f,-0.7183547150218336f,-0.6605783262563822f,-0.7807980304330068f,0.7734682777463062f,0.5400443008645026f,-0.33181165805910684f,-13.735863604675123f,0.5951000294353431f,-0.4385415105889875f,0.673451778864963f,4.708779272615735f,0f,0f,0f,1f],start_interpolation:0}
execute if entity @s[tag=aj.beast.bone.right_fingers] run data modify entity @s {} merge value {transformation:[-0.17022740722073332f,-0.7312037368006425f,-0.6605783262563822f,-1.4816385396582676f,0.9398653279819505f,0.0809579448445127f,-0.33181165805910684f,-13.246133368664642f,0.29610098798938067f,-0.6773381035017371f,0.673451778864963f,4.262914983044103f,0f,0f,0f,1f],start_interpolation:0}
execute if entity @s[tag=aj.beast.locator_origin.right_hand] at @s on origin run tp @s ^-0.82991 ^-13.72352 ^3.24195 ~-135.55289 ~-19.37877
execute if entity @s[tag=aj.beast.bone.right_hand] run data modify entity @s {} merge value {transformation:[-0.3406764820989706f,-0.7108787010455574f,-0.6936072425692014f,-2.4883127902976767f,0.9818647369299441f,-0.13060442896818267f,-0.3484022409620622f,-13.315514328064483f,0.14960338538335785f,-0.7616389929183488f,0.7071243678082112f,3.1482065862317787f,0f,0f,0f,1f],start_interpolation:0}
execute if entity @s[tag=aj.beast.bone.right_forearm] run data modify entity @s {} merge value {transformation:[-2.4472640510536436f,-2.6916818789372337f,-2.245300052781683f,-6.191076740601332f,1.3180131725368744f,1.8307981050491962f,-3.631341979980342f,-10.039857410862904f,3.247978593131393f,-2.7710380656261644f,-0.21819279871484287f,-0.8969343972966239f,0f,0f,0f,1f],start_interpolation:0}
execute if entity @s[tag=aj.beast.bone.right_bicep] run data modify entity @s {} merge value {transformation:[-2.0608539377293846f,0.5863957411851561f,-2.8929260415823292f,-4.296527797242649f,1.1099058295047366f,3.4232650289577697f,-0.09677598434614264f,-6.0272319968263535f,2.7351398679001213f,-0.9473101795265761f,-2.1404703517658534f,-1.690037416990333f,0f,0f,0f,1f],start_interpolation:0}
execute if entity @s[tag=aj.beast.bone.right_arm] run data modify entity @s {} merge value {transformation:[-1.1973146890093886f,-0.08016718156620067f,-0.0032800125127397236f,-4.1375f,-0.0799432937376065f,1.1961495177598855f,-0.05324848306925653f,-4.660120592501461f,0.006826805163081549f,-0.052910813285433005f,-1.1988135136745584f,-1.734317841782259f,0f,0f,0f,1f],start_interpolation:0}
execute if entity @s[tag=aj.beast.bone.left_thumb] run data modify entity @s {} merge value {transformation:[-0.1635823192852852f,0.8877387618885234f,0.536340111736833f,2.053840722824791f,-1.007303330029266f,-0.006597572402367891f,-0.2963046968077751f,-13.533865088256086f,-0.24714535425372436f,-0.5606927524759233f,0.8526680545158087f,3.0080734908916447f,0f,0f,0f,1f],start_interpolation:0}
execute if entity @s[tag=aj.beast.bone.left_fingers_2] run data modify entity @s {} merge value {transformation:[0.37260435922526186f,0.7747575380541339f,0.5108001064160315f,0.5040278298395079f,-0.7785918585406636f,0.5605004267445064f,-0.2821949493407382f,-13.995446625881826f,-0.5049363418298661f,-0.2925577359215158f,0.8120648138245797f,4.2381336967149235f,0f,0f,0f,1f],start_interpolation:0}
execute if entity @s[tag=aj.beast.bone.left_fingers] run data modify entity @s {} merge value {transformation:[0.0027654940531509353f,0.8596950641524079f,0.5108001064160315f,1.2371594577337044f,-0.9440472075127062f,0.17070700206505848f,-0.2821949493407382f,-13.427179952179706f,-0.32979875989776486f,-0.4814390056050166f,0.8120648138245797f,3.974696622843468f,0f,0f,0f,1f],start_interpolation:0}
execute if entity @s[tag=aj.beast.bone.left_hand] run data modify entity @s {} merge value {transformation:[-0.1635823192852852f,0.8877387618885234f,0.536340111736833f,2.4883127902976767f,-1.007303330029266f,-0.006597572402367891f,-0.2963046968077751f,-13.320172842730374f,-0.24714535425372436f,-0.5606927524759233f,0.8526680545158087f,3.1476861082229313f,0f,0f,0f,1f],start_interpolation:0}
execute if entity @s[tag=aj.beast.bone.left_forearm] run data modify entity @s {} merge value {transformation:[-2.447264051053643f,2.691681878937234f,2.245300052781683f,6.191076740601332f,-1.3180131725368744f,1.8307981050491962f,-3.631341979980342f,-10.044515925528795f,-3.247978593131394f,-2.771038065626164f,-0.21819279871484215f,-0.8974548753054704f,0f,0f,0f,1f],start_interpolation:0}
execute if entity @s[tag=aj.beast.bone.left_bicep] run data modify entity @s {} merge value {transformation:[-2.060853937729384f,-0.5863957411851559f,2.8929260415823297f,4.296527797242649f,-1.1099058295047366f,3.4232650289577697f,-0.09677598434614264f,-6.031890511492243f,-2.735139867900122f,-0.9473101795265764f,-2.1404703517658525f,-1.6905578949991802f,0f,0f,0f,1f],start_interpolation:0}
execute if entity @s[tag=aj.beast.bone.left_arm] run data modify entity @s {} merge value {transformation:[-1.1973146890093886f,0.08016718156620067f,0.0032800125127400172f,4.1375f,0.0799432937376065f,1.1961495177598855f,-0.05324848306925653f,-4.664779107167351f,-0.006826805163081843f,-0.05291081328543297f,-1.1988135136745584f,-1.7348383197911061f,0f,0f,0f,1f],start_interpolation:0}
execute if entity @s[tag=aj.beast.bone.chest] run data modify entity @s {} merge value {transformation:[-6.061547916666667f,-8.242434376077335e-17f,7.377353273495692e-16f,8.344437127690384e-19f,0f,6.0240661051268765f,0.6730458432436225f,-4.020593124999998f,-7.423255254024141e-16f,0.6730458432436225f,-6.0240661051268765f,-0.006813750000000063f,0f,0f,0f,1f],start_interpolation:0}
execute if entity @s[tag=aj.beast.bone.waist] run data modify entity @s {} merge value {transformation:[-5.023832916666667f,4.5594662400838524e-17f,6.13550288217956e-16f,0.000001250000000322174f,0f,5.0100183060547225f,-0.37230867244811566f,-9.3979775f,-6.152420900846945e-16f,-0.37230867244811566f,-5.0100183060547225f,-2.63075f,0f,0f,0f,1f],start_interpolation:0}
execute if entity @s[tag=aj.beast.bone.hip] run data modify entity @s {} merge value {transformation:[-4.393932083333333f,3.987788871066251e-17f,5.366218066678917e-16f,1.314196800122255e-16f,0f,4.3818495834187345f,-0.32562767271695847f,-12.64946125f,-5.381014861525027e-16f,-0.32562767271695847f,-4.3818495834187345f,-1.073123125f,0f,0f,0f,1f],start_interpolation:0}
execute if entity @s[tag=aj.beast.bone.right_foot] run data modify entity @s {} merge value {transformation:[-0.555451759596814f,-1.9019291068229254f,-0.4855296235870165f,0.47155229886944827f,-1.962813776333388f,0.5327972732711294f,0.15839553349357163f,-14.62934923962079f,-0.020866772550318113f,0.5102869175420788f,-1.9750371742295725f,2.161882122619378f,0f,0f,0f,1f],start_interpolation:0}
execute if entity @s[tag=aj.beast.bone.right_knee] run data modify entity @s {} merge value {transformation:[-0.7759987817896666f,-2.3146682321446566f,1.4705906520039091f,-3.2426198422411447f,-2.742166305171645f,0.6711950300422441f,-0.3905396092944706f,-13.564242867300122f,-0.029152108710003247f,-1.5212850511153133f,-2.409842722629599f,1.3909430812629826f,0f,0f,0f,1f],start_interpolation:0}
execute if entity @s[tag=aj.beast.bone.right_thigh] run data modify entity @s {} merge value {transformation:[-0.904975932249519f,-0.35115824389495287f,3.699774513371555f,-1.6874999999999998f,-3.7160659950079693f,0.034301406094025856f,-0.9057052137894572f,-13.65199625f,0.04997081943041191f,-3.8086922035371393f,-0.34927298195089124f,-2.3747187500000004f,0f,0f,0f,1f],start_interpolation:0}
execute if entity @s[tag=aj.beast.bone.left_foot] run data modify entity @s {} merge value {transformation:[-0.349308365495592f,2.0071190480469947f,0.1051512851168373f,-0.3919667255100032f,2.0072078121059973f,0.35386067345805117f,-0.086599207851286f,-14.065866094517833f,-0.10344305107378472f,0.08863267313321334f,-2.0354468267281773f,2.717246321410015f,0f,0f,0f,1f],start_interpolation:0}
execute if entity @s[tag=aj.beast.bone.left_knee] run data modify entity @s {} merge value {transformation:[-0.48800433414825356f,2.166618289265725f,-1.7860898517352881f,3.248650700158319f,2.804187384559849f,0.2827477708992906f,-0.42318649591743296f,-13.495179878209756f,-0.14451602723543455f,-1.8298412189779598f,-2.180205547924631f,1.3862019516729318f,0f,0f,0f,1f],start_interpolation:0}
execute if entity @s[tag=aj.beast.bone.left_thigh] run data modify entity @s {} merge value {transformation:[-1.1740960378518224f,0.33091940362649086f,-3.625274588524867f,1.6875000000000002f,3.640346093135902f,0.10468507908495973f,-1.1694213767531163f,-13.65199625f,-0.001953481719945607f,-3.8092201803676913f,-0.34707751495697137f,-2.3747187499999995f,0f,0f,0f,1f],start_interpolation:0}