execute if entity @s[tag=aj.beast.bone.right_thumb] run data modify entity @s {} merge value {transformation:[-0.4176456398510182f,-0.48021883751486916f,-0.8351418966913955f,-3.3357737425118157f,0.921167709243525f,0.06737846537736351f,-0.4994098455681744f,-14.38040423351668f,0.2819967570034629f,-0.9313162784464035f,0.39449691828995426f,3.242619629609775f,0f,0f,0f,1f],start_interpolation:0}
execute if entity @s[tag=aj.beast.bone.right_fingers_2] run data modify entity @s {} merge value {transformation:[0.01572426576943098f,-0.6059159715673724f,-0.7953732349441861f,-2.5482489562241435f,0.6034627085842202f,0.6400080947128104f,-0.4756284243506423f,-15.033443268438518f,0.7972361675276709f,-0.47249917894282667f,0.37571135075233736f,4.981380538325687f,0f,0f,0f,1f],start_interpolation:0}
execute if entity @s[tag=aj.beast.bone.right_fingers] run data modify entity @s {} merge value {transformation:[-0.2893403721715009f,-0.5326007568207897f,-0.7953732349441861f,-3.1327980815505825f,0.8426180832269055f,0.2525319143568608f,-0.4756284243506423f,-14.440722763663583f,0.45417718442329635f,-0.8078143759956126f,0.37571135075233736f,4.494766922148888f,0f,0f,0f,1f],start_interpolation:0}
execute if entity @s[tag=aj.beast.locator_origin.right_hand] at @s on origin run tp @s ^-2.21402 ^-14.66602 ^3.60028 ~-115.2847 ~-28.40027
execute if entity @s[tag=aj.beast.bone.right_hand] run data modify entity @s {} merge value {transformation:[-0.4176456398510182f,-0.48021883751486916f,-0.8351418966913955f,-3.8093257492897963f,0.921167709243525f,0.06737846537736351f,-0.4994098455681744f,-14.224439147328205f,0.2819967570034629f,-0.9313162784464035f,0.39449691828995426f,3.169507216868527f,0f,0f,0f,1f],start_interpolation:0}
execute if entity @s[tag=aj.beast.bone.right_forearm] run data modify entity @s {} merge value {transformation:[-3.015520229956253f,-1.7923043414158641f,-2.4433394955401564f,-6.1530916970090725f,1.2487816707644663f,2.40566917300339f,-3.3058924920244888f,-10.143006799848962f,2.760943150716307f,-3.0456569041510604f,-1.1733677772589808f,-1.149315060415135f,0f,0f,0f,1f],start_interpolation:0}
execute if entity @s[tag=aj.beast.bone.right_bicep] run data modify entity @s {} merge value {transformation:[-2.5393854568052667f,0.5992469156919668f,-2.4804081591140554f,-4.316038010028684f,1.0516056174858666f,3.4341139659819198f,-0.24695524679605468f,-6.061697191058245f,2.3250047584979434f,-0.8987571433271595f,-2.597419579174748f,-1.6856325413395412f,0f,0f,0f,1f],start_interpolation:0}
execute if entity @s[tag=aj.beast.bone.right_arm] run data modify entity @s {} merge value {transformation:[-1.1983319078819819f,-0.06308124645805809f,-0.0046254618394400634f,-4.1375f,-0.06286589356524107f,1.1975183124400903f,-0.04469642935271793f,-4.696719230891385f,0.006965484776680234f,-0.044391978058388626f,-1.1991583858297827f,-1.7203245488412071f,0f,0f,0f,1f],start_interpolation:0}
execute if entity @s[tag=aj.beast.bone.left_thumb] run data modify entity @s {} merge value {transformation:[-0.29050069382840676f,0.6596180254818215f,0.7635531463786116f,3.3417288438412105f,-0.926969410488226f,0.1393753331702575f,-0.47307740225336287f,-14.418698568444201f,-0.39854367251823813f,-0.804971165299194f,0.5437686678473967f,3.1336634906465206f,0f,0f,0f,1f],start_interpolation:0}
execute if entity @s[tag=aj.beast.bone.left_fingers_2] run data modify entity @s {} merge value {transformation:[0.06519177119905517f,0.6833298516602627f,0.7271934727415348f,2.2385096534185362f,-0.7057034424027802f,0.5467974330280729f,-0.4505499069079646f,-15.15870415696215f,-0.7055017252628059f,-0.48381079056163356f,0.5178749217594254f,4.690688771038479f,0f,0f,0f,1f],start_interpolation:0}
execute if entity @s[tag=aj.beast.bone.left_fingers] run data modify entity @s {} merge value {transformation:[-0.17968960795233363f,0.6624962626279813f,0.7271934727415348f,2.8849145494590775f,-0.8530814562651552f,0.2631668869021066f,-0.4505499069079646f,-14.552212396496023f,-0.48986087185083316f,-0.7013144028481163f,0.5178749217594254f,4.311035583233171f,0f,0f,0f,1f],start_interpolation:0}
execute if entity @s[tag=aj.beast.bone.left_hand] run data modify entity @s {} merge value {transformation:[-0.29050069382840676f,0.6596180254818215f,0.7635531463786116f,3.809325749289796f,-0.926969410488226f,0.1393753331702575f,-0.47307740225336287f,-14.234165253906784f,-0.39854367251823813f,-0.804971165299194f,0.5437686678473967f,3.1686295594964644f,0f,0f,0f,1f],start_interpolation:0}
execute if entity @s[tag=aj.beast.bone.left_forearm] run data modify entity @s {} merge value {transformation:[-3.0155202299562527f,1.7923043414158648f,2.443339495540157f,6.1530916970090725f,-1.2487816707644663f,2.40566917300339f,-3.3058924920244888f,-10.152732906427541f,-2.7609431507163076f,-3.0456569041510595f,-1.17336777725898f,-1.1501927177871962f,0f,0f,0f,1f],start_interpolation:0}
execute if entity @s[tag=aj.beast.bone.left_bicep] run data modify entity @s {} merge value {transformation:[-2.5393854568052663f,-0.5992469156919665f,2.4804081591140563f,4.316038010028684f,-1.0516056174858666f,3.4341139659819198f,-0.24695524679605468f,-6.071423297636825f,-2.325004758497944f,-0.8987571433271597f,-2.597419579174747f,-1.6865101987116031f,0f,0f,0f,1f],start_interpolation:0}
execute if entity @s[tag=aj.beast.bone.left_arm] run data modify entity @s {} merge value {transformation:[-1.1983319078819819f,0.06308124645805809f,0.0046254618394403575f,4.1375f,0.06286589356524107f,1.1975183124400903f,-0.04469642935271793f,-4.706445337469964f,-0.006965484776680527f,-0.044391978058388626f,-1.1991583858297827f,-1.721202206213269f,0f,0f,0f,1f],start_interpolation:0}
execute if entity @s[tag=aj.beast.bone.chest] run data modify entity @s {} merge value {transformation:[-6.061547916666667f,-6.671436491160073e-17f,7.393215668289488e-16f,8.344437127690384e-19f,0f,6.037018733431495f,0.5447641308338851f,-4.020593124999998f,-7.423255254024141e-16f,0.5447641308338851f,-6.037018733431495f,-0.006813750000000063f,0f,0f,0f,1f],start_interpolation:0}
execute if entity @s[tag=aj.beast.bone.waist] run data modify entity @s {} merge value {transformation:[-5.023832916666667f,3.688973561944693e-17f,6.141351454018167e-16f,0.0000012500000003196864f,0f,5.014794027383255f,-0.30122755103864235f,-9.3979775f,-6.152420900846945e-16f,-0.30122755103864235f,-5.014794027383255f,-2.6104375f,0f,0f,0f,1f],start_interpolation:0}
execute if entity @s[tag=aj.beast.bone.hip] run data modify entity @s {} merge value {transformation:[-4.393932083333333f,3.226440758931934e-17f,5.371333329839457e-16f,1.314196800122255e-16f,0f,4.386026512770203f,-0.26345888146511365f,-12.64946125f,-5.381014861525027e-16f,-0.26345888146511365f,-4.386026512770203f,-1.073123125f,0f,0f,0f,1f],start_interpolation:0}
execute if entity @s[tag=aj.beast.bone.right_foot] run data modify entity @s {} merge value {transformation:[-1.0408497340126524f,-1.6302185695823608f,-0.6485516529888986f,1.1757450528013038f,-1.7544863587195345f,0.9658037075331204f,0.3880732090499769f,-15.713042037014922f,-0.003073804297684945f,0.7557847669172219f,-1.8948297912538263f,1.3406628993326986f,0f,0f,0f,1f],start_interpolation:0}
execute if entity @s[tag=aj.beast.bone.right_knee] run data modify entity @s {} merge value {transformation:[-1.454128304870617f,-2.3547720295796366f,0.6804847990098705f,-2.195375898830884f,-2.451120648211114f,1.3983513528055918f,-0.3988998145147442f,-13.707156672244842f,-0.004294285415883379f,-0.7887725799089166f,-2.7386710967724106f,1.6682166695364993f,0f,0f,0f,1f],start_interpolation:0}
execute if entity @s[tag=aj.beast.bone.right_thigh] run data modify entity @s {} merge value {transformation:[-1.8118831914667743f,-1.249335721617628f,3.1283964830517146f,-1.6874999999999998f,-3.368392891440727f,0.6293092454226027f,-1.699565886489022f,-13.65199625f,0.04041818120299832f,-3.5600217876181315f,-1.3982976229374229f,-2.3747187500000004f,0f,0f,0f,1f],start_interpolation:0}
execute if entity @s[tag=aj.beast.bone.left_foot] run data modify entity @s {} merge value {transformation:[-0.8556715298656584f,1.8506776632667794f,0.06647119423311765f,-1.248322969810498f,1.8517969246143557f,0.8557408951593538f,0.0124767920829562f,-15.312612613369321f,-0.0165645092344159f,0.06557215138518152f,-2.0388785912840772f,2.5153521668791505f,0f,0f,0f,1f],start_interpolation:0}
execute if entity @s[tag=aj.beast.bone.left_knee] run data modify entity @s {} merge value {transformation:[-1.1954234608417287f,2.186404447808024f,-1.3831479819146157f,2.220914215015754f,2.5870692329171145f,0.9965761685752205f,-0.6606123858372509f,-13.710971162248239f,-0.02314159378337516f,-1.5326354853105888f,-2.4027053368659135f,1.6648726454610214f,0f,0f,0f,1f],start_interpolation:0}
execute if entity @s[tag=aj.beast.bone.left_thigh] run data modify entity @s {} merge value {transformation:[-2.007894026246102f,1.1895529529951234f,-3.0305033165112696f,1.6875000000000002f,3.2556080971546417f,0.7319275569472223f,-1.8697387435474528f,-13.65199625f,-0.0015802235141737875f,-3.560880624705335f,-1.3966931228769592f,-2.3747187499999995f,0f,0f,0f,1f],start_interpolation:0}