execute if entity @s[tag=aj.beast.bone.right_thumb] run data modify entity @s {} merge value {transformation:[-0.35597917362234366f,-0.6475499197817407f,-0.745961077629265f,-2.416963049122553f,0.9693514395435058f,-0.07640529390292308f,-0.39625751440009405f,-13.74823922416626f,0.1900963297964644f,-0.8230074923439451f,0.6237163240958543f,3.235568950508836f,0f,0f,0f,1f],start_interpolation:0}
execute if entity @s[tag=aj.beast.bone.right_fingers_2] run data modify entity @s {} merge value {transformation:[0.16668857872257142f,-0.6837332610692015f,-0.7104391215516809f,-1.315541155442248f,0.7298090630004831f,0.5700499511302801f,-0.3773881089524705f,-14.121110783260804f,0.6630185889443866f,-0.4555786221104323f,0.5940155467579564f,4.884138445667523f,0f,0f,0f,1f],start_interpolation:0}
execute if entity @s[tag=aj.beast.bone.right_fingers] run data modify entity @s {} merge value {transformation:[-0.19751008684013155f,-0.6754746628595919f,-0.7104391215516809f,-1.981003496912987f,0.9170581640356762f,0.1287732076046589f,-0.3773881089524705f,-13.600757709862616f,0.34640163015193504f,-0.7260519546409386f,0.5940155467579564f,4.419164640772493f,0f,0f,0f,1f],start_interpolation:0}
execute if entity @s[tag=aj.beast.locator_origin.right_hand] at @s on origin run tp @s ^-1.24808 ^-14.00632 ^3.42249 ~-129.89982 ~-22.17199
execute if entity @s[tag=aj.beast.bone.right_hand] run data modify entity @s {} merge value {transformation:[-0.35597917362234366f,-0.6475499197817407f,-0.745961077629265f,-2.8956572592352163f,0.9693514395435058f,-0.07640529390292308f,-0.39625751440009405f,-13.591144880269855f,0.1900963297964644f,-0.8230074923439451f,0.6237163240958543f,3.2258090093999456f,0f,0f,0f,1f],start_interpolation:0}
execute if entity @s[tag=aj.beast.bone.right_forearm] run data modify entity @s {} merge value {transformation:[-2.6282137834966917f,-2.4230545843696154f,-2.344551937877126f,-6.1867401402729065f,1.3092547689713019f,2.005999719393372f,-3.54082505579132f,-10.068471871236632f,3.1070837224258865f,-2.8948914672158423f,-0.49118136658162853f,-0.9650265909391401f,0f,0f,0f,1f],start_interpolation:0}
execute if entity @s[tag=aj.beast.bone.right_bicep] run data modify entity @s {} merge value {transformation:[-2.213232659786688f,0.5930690565983289f,-2.7766653179234817f,-4.302533349290011f,1.102530331765307f,3.4238381833597913f,-0.14750919193394454f,-6.037904916020988f,2.616491555727063f,-0.9410638598273187f,-2.286563086935474f,-1.6887569276933805f,0f,0f,0f,1f],start_interpolation:0}
execute if entity @s[tag=aj.beast.bone.right_arm] run data modify entity @s {} merge value {transformation:[-1.197653328942754f,-0.07491385495132288f,-0.003797105301734139f,-4.1375f,-0.07468769575474142f,1.1966033446390758f,-0.050618017557241435f,-4.6714133020064255f,0.0069463497743404426f,-0.05028270015532364f,-1.1989259352812014f,-1.7300951739161883f,0f,0f,0f,1f],start_interpolation:0}
execute if entity @s[tag=aj.beast.bone.left_thumb] run data modify entity @s {} merge value {transformation:[-0.19355696626839797f,0.8280122624898993f,0.6159800272535891f,2.4481820304814734f,-0.9887583539411191f,0.03073748085885905f,-0.35201154069447693f,-13.801429033957426f,-0.29562242526679594f,-0.6449425559201447f,0.774051988720763f,3.115410331963814f,0f,0f,0f,1f],start_interpolation:0}
execute if entity @s[tag=aj.beast.bone.left_fingers_2] run data modify entity @s {} merge value {transformation:[0.2881453178141316f,0.7568466267571895f,0.5866476450034182f,1.0208562786110176f,-0.7643139470743067f,0.5508468393228345f,-0.3352490863756923f,-14.336168818879909f,-0.5768851411931895f,-0.35178252255378817f,0.7371923702102504f,4.465894014207567f,0f,0f,0f,1f],start_interpolation:0}
execute if entity @s[tag=aj.beast.bone.left_fingers] run data modify entity @s {} merge value {transformation:[-0.04460341006037882f,0.8086130572918849f,0.5866476450034182f,1.7315736881117005f,-0.9222851288377046f,0.19234913883114071f,-0.3352490863756923f,-13.75916763040359f,-0.38392795800228396f,-0.5560096513262959f,0.7371923702102504f,4.16297739122564f,0f,0f,0f,1f],start_interpolation:0}
execute if entity @s[tag=aj.beast.bone.left_hand] run data modify entity @s {} merge value {transformation:[-0.19355696626839797f,0.8280122624898993f,0.6159800272535891f,2.8956572592352154f,-0.9887583539411191f,0.03073748085885905f,-0.35201154069447693f,-13.597360642115907f,-0.29562242526679594f,-0.6449425559201447f,0.774051988720763f,3.2251557065045233f,0f,0f,0f,1f],start_interpolation:0}
execute if entity @s[tag=aj.beast.bone.left_forearm] run data modify entity @s {} merge value {transformation:[-2.6282137834966908f,2.423054584369616f,2.3445519378771262f,6.1867401402729065f,-1.3092547689713019f,2.005999719393372f,-3.54082505579132f,-10.074687633082684f,-3.107083722425887f,-2.894891467215842f,-0.4911813665816281f,-0.9656798938345614f,0f,0f,0f,1f],start_interpolation:0}
execute if entity @s[tag=aj.beast.bone.left_bicep] run data modify entity @s {} merge value {transformation:[-2.2132326597866876f,-0.5930690565983285f,2.7766653179234826f,4.302533349290011f,-1.102530331765307f,3.4238381833597913f,-0.14750919193394454f,-6.04412067786704f,-2.6164915557270634f,-0.9410638598273189f,-2.2865630869354736f,-1.6894102305888024f,0f,0f,0f,1f],start_interpolation:0}
execute if entity @s[tag=aj.beast.bone.left_arm] run data modify entity @s {} merge value {transformation:[-1.197653328942754f,0.0749138549513229f,0.0037971053017344324f,4.1375f,0.07468769575474142f,1.1966033446390758f,-0.050618017557241435f,-4.677629063852477f,-0.006946349774340737f,-0.05028270015532361f,-1.1989259352812014f,-1.7307484768116101f,0f,0f,0f,1f],start_interpolation:0}
execute if entity @s[tag=aj.beast.bone.chest] run data modify entity @s {} merge value {transformation:[-6.061547916666667f,-7.75941464146678e-17f,7.382589885034583e-16f,8.344437127690384e-19f,0f,6.028342122948942f,0.633604288752413f,-4.020593124999998f,-7.423255254024141e-16f,0.633604288752413f,-6.028342122948942f,-0.006813750000000063f,0f,0f,0f,1f],start_interpolation:0}
execute if entity @s[tag=aj.beast.bone.waist] run data modify entity @s {} merge value {transformation:[-5.023832916666667f,4.2917118703273763e-17f,6.137433912752074e-16f,0.0000012500000003214087f,0f,5.011595112178626f,-0.35044486894633076f,-9.3979775f,-6.152420900846945e-16f,-0.35044486894633076f,-5.011595112178626f,-2.6245000000000003f,0f,0f,0f,1f],start_interpolation:0}
execute if entity @s[tag=aj.beast.bone.hip] run data modify entity @s {} merge value {transformation:[-4.393932083333333f,3.753606219047186e-17f,5.367906979771213e-16f,1.314196800122255e-16f,0f,4.3832286856165865f,-0.3065052080045114f,-12.64946125f,-5.381014861525027e-16f,-0.3065052080045114f,-4.3832286856165865f,-1.073123125f,0f,0f,0f,1f],start_interpolation:0}
execute if entity @s[tag=aj.beast.bone.right_foot] run data modify entity @s {} merge value {transformation:[-0.71099355725142f,-1.8328152138868896f,-0.5448637933389641f,0.7508819769595823f,-1.9120254235008067f,0.6767154467633811f,0.21866637601240332f,-14.920808024685295f,-0.015714370287488143f,0.5868940243831001f,-1.953690984447099f,1.9447798056662533f,0f,0f,0f,1f],start_interpolation:0}
execute if entity @s[tag=aj.beast.bone.right_knee] run data modify entity @s {} merge value {transformation:[-0.9932998226306603f,-2.3706846596721918f,1.2311416274161309f,-2.9153062478007534f,-2.6712119887143624f,0.8922830053764882f,-0.43698689873377466f,-13.547944635825349f,-0.02195389966634373f,-1.3062102750748983f,-2.532949415913827f,1.5096051920505804f,0f,0f,0f,1f],start_interpolation:0}
execute if entity @s[tag=aj.beast.bone.right_thigh] run data modify entity @s {} merge value {transformation:[-1.1930599223441434f,-0.6595821345946001f,3.5738193056476457f,-1.6874999999999998f,-3.633871359659379f,0.1678364865974578f,-1.1821314881238552f,-13.65199625f,0.04703151223899569f,-3.763961652499963f,-0.6789740167092269f,-2.3747187500000004f,0f,0f,0f,1f],start_interpolation:0}
execute if entity @s[tag=aj.beast.bone.left_foot] run data modify entity @s {} merge value {transformation:[-0.5063407789186652f,1.9737794438713443f,0.09702434001304476f,-0.7007311703170598f,1.9747805477871982f,0.5091217788813419f,-0.051349803797016425f,-14.396413808862341f,-0.07389725086451292f,0.08117709787634768f,-2.0370442987561765f,2.6914821175748305f,0f,0f,0f,1f],start_interpolation:0}
execute if entity @s[tag=aj.beast.bone.left_knee] run data modify entity @s {} merge value {transformation:[-0.7073878529010765f,2.1994858494008587f,-1.6686414905105862f,2.9244958459898815f,2.758884588820351f,0.4987540402135689f,-0.5121525485050414f,-13.505468766364714f,-0.10323880635483423f,-1.7424139593265515f,-2.2529614606571506f,1.5053171236591059f,0f,0f,0f,1f],start_interpolation:0}
execute if entity @s[tag=aj.beast.bone.left_thigh] run data modify entity @s {} merge value {transformation:[-1.440190726842816f,0.6278185942683363f,-3.4874517176596007f,1.6875000000000002f,3.543511293896564f,0.25321127111956737f,-1.4177576528467486f,-13.65199625f,-0.0018385710396632954f,-3.7646185550290427f,-0.6769555042893058f,-2.3747187499999995f,0f,0f,0f,1f],start_interpolation:0}