execute if entity @s[tag=aj.beast.bone.right_thumb] run data modify entity @s {} merge value {transformation:[-0.33123711036153153f,-0.8239115766752667f,-0.5603139214224649f,-1.1452649003818325f,0.9940845603668703f,-0.2331724210818955f,-0.24479891520800326f,-11.428119240524317f,0.06765991102233687f,-0.6077008605122136f,0.853593463291025f,2.6935594165059933f,0f,0f,0f,1f],start_interpolation:0}
execute if entity @s[tag=aj.beast.bone.right_fingers_2] run data modify entity @s {} merge value {transformation:[0.29753617005996f,-0.7916494106450752f,-0.5336323061166329f,0.33252418634458136f,0.8480428777145834f,0.47588671704090196f,-0.23314182400762198f,-11.47189279896021f,0.4385151138371618f,-0.38317495112459776f,0.8129461555152614f,4.066209429641842f,0f,0f,0f,1f],start_interpolation:0}
execute if entity @s[tag=aj.beast.bone.right_fingers] run data modify entity @s {} merge value {transformation:[-0.13815082350588523f,-0.8343565855395941f,-0.5336323061166329f,-0.44203889948097697f,0.9723700341197403f,-0.011891452576293565f,-0.23314182400762198f,-11.046898771059f,0.18817775296410832f,-0.5510967986863432f,0.8129461555152614f,3.6798932502318777f,0f,0f,0f,1f],start_interpolation:0}
execute if entity @s[tag=aj.beast.locator_origin.consume] at @s on origin run tp @s ^0.53245 ^-11.52458 ^3.00207 ~-146.71839 ~-13.48211
execute if entity @s[tag=aj.beast.bone.right_hand] run data modify entity @s {} merge value {transformation:[-0.3312371103615313f,-0.8239115766752662f,-0.5603139214224646f,-1.6170878992099773f,0.9940845603668697f,-0.23317242108189537f,-0.2447989152080031f,-11.267671808483442f,0.06765991102233683f,-0.6077008605122132f,0.8535934632910245f,2.7681363261924576f,0f,0f,0f,1f],start_interpolation:0}
execute if entity @s[tag=aj.beast.bone.right_forearm] run data modify entity @s {} merge value {transformation:[-2.026945585179911f,-3.2423979118587027f,-1.9115366530344078f,-6.182432906038113f,1.2948551972777544f,1.437887749128013f,-3.8120144069757074f,-8.54983702377111f,3.534185424224718f,-2.3864114486152412f,0.3003311257856083f,-0.7779253962169351f,0f,0f,0f,1f],start_interpolation:0}
execute if entity @s[tag=aj.beast.bone.right_bicep] run data modify entity @s {} merge value {transformation:[-1.7069015454146628f,0.5668697316478529f,-3.1185166059526654f,-4.283017355399324f,1.0904043766549514f,3.4307870392514936f,0.026806467049945524f,-4.5654986209147275f,2.9761561467155526f,-0.9318578210464644f,-1.7983702599080567f,-1.6926706446419688f,0f,0f,0f,1f],start_interpolation:0}
execute if entity @s[tag=aj.beast.bone.right_arm] run data modify entity @s {} merge value {transformation:[-1.1964694388948298f,-0.09196579652579319f,-0.0017815891972487302f,-4.1375f,-0.0917664951481944f,1.1950226027681337f,-0.05915986174334726f,-3.1971125711608885f,0.0063081026392854175f,-0.05884956365727752f,-1.19853950151776f,-1.7435480096233769f,0f,0f,0f,1f],start_interpolation:0}
execute if entity @s[tag=aj.beast.bone.left_thumb] run data modify entity @s {} merge value {transformation:[-0.12478823950254346f,0.9849043561427515f,0.3418937035584152f,1.2178622980676674f,-1.032877911248276f,-0.06997813259633714f,-0.17540319670327859f,-11.504041765047065f,-0.14174313294567545f,-0.35716448620959373f,0.9771603829737383f,2.569952588118783f,0f,0f,0f,1f],start_interpolation:0}
execute if entity @s[tag=aj.beast.bone.left_fingers_2] run data modify entity @s {} merge value {transformation:[0.5244053059555492f,0.7867497798531116f,0.32561305100801424f,-0.5498579608342152f,-0.7870989404172161f,0.5937754910816946f,-0.16705066352693188f,-11.836897804295594f,-0.3247681220190223f,-0.16868743311750678f,0.9306289361654644f,3.4913606072455865f,0f,0f,0f,1f],start_interpolation:0}
execute if entity @s[tag=aj.beast.bone.left_fingers] run data modify entity @s {} merge value {transformation:[0.07928704250148744f,0.9421728641308982f,0.32561305100801424f,0.21943441226580696f,-0.9759775016648748f,0.1398641914830271f,-0.16705066352693188f,-11.280661057076975f,-0.20293220822569386f,-0.3045460589733177f,0.9306289361654644f,3.3222511341726584f,0f,0f,0f,1f],start_interpolation:0}
execute if entity @s[tag=aj.beast.bone.left_hand] run data modify entity @s {} merge value {transformation:[-0.12478823950254339f,0.984904356142751f,0.341893703558415f,1.6170878992099746f,-1.0328779112482755f,-0.0699781325963371f,-0.17540319670327847f,-11.2688343947721f,-0.14174313294567534f,-0.3571644862095935f,0.9771603829737376f,2.7679890708460233f,0f,0f,0f,1f],start_interpolation:0}
execute if entity @s[tag=aj.beast.bone.left_forearm] run data modify entity @s {} merge value {transformation:[-2.0269455851799103f,3.2423979118587036f,1.9115366530344078f,6.1824329060381125f,-1.2948551972777544f,1.437887749128013f,-3.8120144069757074f,-8.550999610059765f,-3.5341854242247184f,-2.3864114486152403f,0.3003311257856087f,-0.7780726515633679f,0f,0f,0f,1f],start_interpolation:0}
execute if entity @s[tag=aj.beast.bone.left_bicep] run data modify entity @s {} merge value {transformation:[-1.7069015454146619f,-0.5668697316478527f,3.118516605952666f,4.283017355399323f,-1.0904043766549514f,3.4307870392514936f,0.026806467049945524f,-4.566661207203384f,-2.976156146715553f,-0.9318578210464646f,-1.7983702599080558f,-1.6928178999884023f,0f,0f,0f,1f],start_interpolation:0}
execute if entity @s[tag=aj.beast.bone.left_arm] run data modify entity @s {} merge value {transformation:[-1.1964694388948298f,0.09196579652579322f,0.0017815891972490236f,4.1375f,0.0917664951481944f,1.1950226027681337f,-0.05915986174334726f,-3.1982751574495447f,-0.006308102639285709f,-0.05884956365727748f,-1.19853950151776f,-1.7436952649698103f,0f,0f,0f,1f],start_interpolation:0}
execute if entity @s[tag=aj.beast.bone.chest] run data modify entity @s {} merge value {transformation:[-6.061547916666667f,-9.327906339019636e-17f,7.364415808446844e-16f,8.344437127690384e-19f,0f,6.01350186321006f,0.7616813554335902f,-2.5830931250000013f,-7.423255254024141e-16f,0.7616813554335902f,-6.01350186321006f,-0.006813750000000063f,0f,0f,0f,1f],start_interpolation:0}
execute if entity @s[tag=aj.beast.bone.waist] run data modify entity @s {} merge value {transformation:[-5.023832916666667f,5.1615884255444194e-17f,6.130731032302036e-16f,0.0000012500000003238962f,0f,5.006121794929354f,-0.42147568010124375f,-7.9604775f,-6.152420900846945e-16f,-0.42147568010124375f,-5.006121794929354f,-2.6448125000000005f,0f,0f,0f,1f],start_interpolation:0}
execute if entity @s[tag=aj.beast.bone.hip] run data modify entity @s {} merge value {transformation:[-4.3939320833333335f,4.5144154593042605e-17f,5.362044523366172e-16f,1.314196800122255e-16f,0f,4.378441626679167f,-0.36862999702831645f,-11.21196125f,-5.381014861525028e-16f,-0.36862999702831645f,-4.378441626679167f,-1.073123125f,0f,0f,0f,1f],start_interpolation:0}
execute if entity @s[tag=aj.beast.bone.right_foot] run data modify entity @s {} merge value {transformation:[-0.19197997306405434f,-2.0038099072549045f,-0.330892045128644f,-0.30893446962784177f,-2.0307088005824334f,0.18430771166769533f,0.06206798415344443f,-12.727281956147962f,-0.031071806825151194f,0.33522607745655664f,-2.012028334744248f,2.5240296055330846f,0f,0f,0f,1f],start_interpolation:0}
execute if entity @s[tag=aj.beast.bone.right_knee] run data modify entity @s {} merge value {transformation:[-0.26820731531007597f,-2.056069095872671f,1.955286349620305f,-3.935019865396126f,-2.8370196478725176f,0.22437961795635092f,-0.1532100017331109f,-12.355838269084876f,-0.04340914188807888f,-1.9607992401169219f,-2.0678205885321486f,1.0216004775799203f,0f,0f,0f,1f],start_interpolation:0}
execute if entity @s[tag=aj.beast.bone.right_thigh] run data modify entity @s {} merge value {transformation:[-0.23925383582643464f,0.39410509166918894f,3.797112558084467f,-1.6874999999999998f,-3.8170906202084787f,-0.08108946600386427f,-0.2320963067773036f,-12.21449625f,0.05658444272760418f,-3.803778473468668f,0.39836230446363496f,-2.3747187500000004f,0f,0f,0f,1f],start_interpolation:0}
execute if entity @s[tag=aj.beast.bone.left_foot] run data modify entity @s {} merge value {transformation:[-0.002159733722925682f,2.0372121575866795f,0.10659249753745147f,0.3923973989936398f,2.0323050695491203f,0.011397486408774417f,-0.1766527712449082f,-12.08300291423055f,-0.1770068920556211f,0.10600340694801924f,-2.0295398093854233f,2.6615735829708944f,0f,0f,0f,1f],start_interpolation:0}
execute if entity @s[tag=aj.beast.bone.left_knee] run data modify entity @s {} merge value {transformation:[-0.00301727505408735f,2.0106804931429028f,-2.0198155486444453f,3.9482201946151436f,2.8392497295171535f,-0.17313505605095242f,-0.17659339116456943f,-12.21692135082732f,-0.2472890403718236f,-2.0123837126305824f,-2.0029128597248396f,1.0157746842781918f,0f,0f,0f,1f],start_interpolation:0}
execute if entity @s[tag=aj.beast.bone.left_thigh] run data modify entity @s {} merge value {transformation:[-0.5541344278142732f,-0.39637413520174825f,-3.763834159584348f,1.6875000000000002f,3.784647294211544f,-0.060259257873320794f,-0.5508526847150659f,-12.21449625f,-0.002212312859428685f,-3.8039297268461234f,0.4009223601748713f,-2.3747187499999995f,0f,0f,0f,1f],start_interpolation:0}