execute if entity @s[tag=aj.beast.bone.right_thumb] run data modify entity @s {} merge value {transformation:[-0.8557428954206732f,0.1033010512642753f,-0.5996106984908951f,-5.448911363845813f,0.47657911763826544f,0.7570820610141602f,-0.5497263842328143f,-16.569214911438305f,0.3782544666863508f,-0.7201775098531242f,-0.6639035417389917f,0.5973035324983872f,0f,0f,0f,1f],start_interpolation:0}
execute if entity @s[tag=aj.beast.bone.right_fingers_2] run data modify entity @s {} merge value {transformation:[-0.6673419253337962f,-0.4780666632543502f,-0.5710578080865667f,-5.491298494719043f,-0.15248213728665644f,0.8382396483064418f,-0.523548937364585f,-18.338076521265194f,0.728974589749379f,-0.2623100407760722f,-0.6322890873704683f,1.5664664208946824f,0f,0f,0f,1f],start_interpolation:0}
execute if entity @s[tag=aj.beast.bone.right_fingers] run data modify entity @s {} merge value {transformation:[-0.8169683919766607f,-0.08034691241382982f,-0.5710578080865667f,-5.925677792342204f,0.2870664196396299f,0.8021778985360403f,-0.523548937364585f,-17.524553318458047f,0.5001554930482655f,-0.5916544538544999f,-0.6322890873704683f,1.2848590480508038f,0f,0f,0f,1f],start_interpolation:0}
execute if entity @s[tag=aj.beast.locator_origin.right_hand] at @s on origin run tp @s ^-4.68764 ^-17.12809 ^1.35622 ~-42.08707 ~-31.57061
execute if entity @s[tag=aj.beast.bone.right_hand] run data modify entity @s {} merge value {transformation:[-0.8557428954206732f,0.1033010512642753f,-0.5996106984908951f,-5.8263029041288545f,0.47657911763826544f,0.7570820610141602f,-0.5497263842328143f,-16.36437105989504f,0.3782544666863508f,-0.7201775098531242f,-0.6639035417389917f,0.3336054893926583f,0f,0f,0f,1f],start_interpolation:0}
execute if entity @s[tag=aj.beast.bone.right_forearm] run data modify entity @s {} merge value {transformation:[-4.033316371295691f,0.005066317274374109f,-1.4170244816048303f,-5.6626010474498125f,0.658659991796755f,3.791794597990965f,-1.8612054539606395f,-10.443077497127483f,1.2546517701117152f,-1.9743082482418508f,-3.5782091717337776f,-2.057009271112964f,0f,0f,0f,1f],start_interpolation:0}
execute if entity @s[tag=aj.beast.bone.right_bicep] run data modify entity @s {} merge value {transformation:[-3.3964769442490037f,0.4285821937717571f,-1.113670359831286f,-4.363740557690407f,0.5546610457235833f,3.5418047490708595f,-0.3285882587919592f,-6.143758429158927f,1.0565488590414447f,-0.4815977809758873f,-3.4076044497296523f,-1.6719017641168805f,0f,0f,0f,1f],start_interpolation:0}
execute if entity @s[tag=aj.beast.bone.right_arm] run data modify entity @s {} merge value {transformation:[-1.199808957280504f,-0.021068566611738605f,-0.0038185770121697184f,-4.1375f,-0.020989150667411163f,1.1995822877946343f,-0.02370211728206949f,-4.7854708497517f,0.00423338915431256f,-0.023631553277747044f,-1.1997598210083342f,-1.6825905355510893f,0f,0f,0f,1f],start_interpolation:0}
execute if entity @s[tag=aj.beast.bone.left_thumb] run data modify entity @s {} merge value {transformation:[-0.8357712150293988f,-0.020699424886177927f,0.6352621584335593f,5.422459101627421f,-0.450107836604841f,0.7602333589813485f,-0.5674047720268539f,-16.58000619599481f,-0.44876431626767366f,-0.7239590967045844f,-0.6139982204725755f,0.5639264707941593f,0f,0f,0f,1f],start_interpolation:0}
execute if entity @s[tag=aj.beast.bone.left_fingers_2] run data modify entity @s {} merge value {transformation:[-0.782113475932871f,0.14919617784271305f,0.6050115794605326f,5.429833855363636f,-0.26572579434485577f,0.7983566350133389f,-0.5403854971684323f,-18.360959893044665f,-0.5636384594613802f,-0.5834099620741009f,-0.5847602099738813f,1.6402024377386855f,0f,0f,0f,1f],start_interpolation:0}
execute if entity @s[tag=aj.beast.bone.left_fingers] run data modify entity @s {} merge value {transformation:[-0.7956430525127001f,0.03021790374835406f,0.6050115794605326f,5.811859854337642f,-0.38244766624691356f,0.7494780163769419f,-0.5403854971684323f,-17.54976220853851f,-0.4697721953996025f,-0.6613392331177241f,-0.5847602099738813f,1.2854877060048806f,0f,0f,0f,1f],start_interpolation:0}
execute if entity @s[tag=aj.beast.bone.left_hand] run data modify entity @s {} merge value {transformation:[-0.8357712150293988f,-0.020699424886177927f,0.6352621584335593f,5.8263029041288545f,-0.450107836604841f,0.7602333589813485f,-0.5674047720268539f,-16.38662091943686f,-0.44876431626767366f,-0.7239590967045844f,-0.6139982204725755f,0.3327677501672559f,0f,0f,0f,1f],start_interpolation:0}
execute if entity @s[tag=aj.beast.bone.left_forearm] run data modify entity @s {} merge value {transformation:[-4.03331637129569f,-0.005066317274373694f,1.417024481604831f,5.6626010474498125f,-0.658659991796755f,3.791794597990965f,-1.8612054539606395f,-10.465327356669306f,-1.2546517701117161f,-1.9743082482418508f,-3.578209171733777f,-2.0578470103383664f,0f,0f,0f,1f],start_interpolation:0}
execute if entity @s[tag=aj.beast.bone.left_bicep] run data modify entity @s {} merge value {transformation:[-3.3964769442490037f,-0.428582193771757f,1.113670359831287f,4.363740557690407f,-0.5546610457235833f,3.5418047490708595f,-0.3285882587919592f,-6.16600828870075f,-1.0565488590414456f,-0.4815977809758874f,-3.407604449729652f,-1.6727395033422834f,0f,0f,0f,1f],start_interpolation:0}
execute if entity @s[tag=aj.beast.bone.left_arm] run data modify entity @s {} merge value {transformation:[-1.199808957280504f,0.02106856661173861f,0.003818577012170013f,4.1375f,0.020989150667411163f,1.1995822877946343f,-0.02370211728206949f,-4.807720709293523f,-0.004233389154312853f,-0.023631553277747044f,-1.1997598210083342f,-1.6834282747764922f,0f,0f,0f,1f],start_interpolation:0}
execute if entity @s[tag=aj.beast.bone.chest] run data modify entity @s {} merge value {transformation:[-6.061547916666667f,-2.792983402209416e-17f,7.417999123992051e-16f,8.344437127690384e-19f,0f,6.057255960785388f,0.2280644022549195f,-4.020593124999998f,-7.423255254024141e-16f,0.2280644022549195f,-6.057255960785388f,-0.006813750000000063f,0f,0f,0f,1f],start_interpolation:0}
execute if entity @s[tag=aj.beast.bone.waist] run data modify entity @s {} merge value {transformation:[-5.023832916666667f,1.5434255907394205e-17f,6.150484640712214e-16f,0.0000012500000003135632f,0f,5.022251840281149f,-0.1260302637310622f,-9.3979775f,-6.152420900846945e-16f,-0.1260302637310622f,-5.022251840281149f,-2.5604375f,0f,0f,0f,1f],start_interpolation:0}
execute if entity @s[tag=aj.beast.bone.hip] run data modify entity @s {} merge value {transformation:[-4.393932083333333f,1.3499070000694473e-17f,5.379321374566205e-16f,1.314196800122255e-16f,0f,4.392549246290031f,-0.11022827161344032f,-12.64946125f,-5.381014861525027e-16f,-0.11022827161344032f,-4.392549246290031f,-1.073123125f,0f,0f,0f,1f],start_interpolation:0}
execute if entity @s[tag=aj.beast.bone.right_foot] run data modify entity @s {} merge value {transformation:[-1.8700000973394437f,-0.6009854364271802f,-0.5509229902199602f,0.07578270789211217f,-0.8140505819118623f,1.452375154059705f,1.178782448952734f,-18.434886219432112f,0.04495871483293592f,1.3003933701278543f,-1.5711638351515387f,-1.7458532903185935f,0f,0f,0f,1f],start_interpolation:0}
execute if entity @s[tag=aj.beast.bone.right_knee] run data modify entity @s {} merge value {transformation:[-2.612500135988929f,-1.017567888034216f,-0.5117603273988843f,-0.9855930303974153f,-1.1372765482592195f,2.4010157802423704f,1.0316129486424233f,-15.831193131149202f,0.06280996925189576f,1.1498603464198185f,-2.6069860167430647f,0.9964435075235354f,0f,0f,0f,1f],start_interpolation:0}
execute if entity @s[tag=aj.beast.bone.right_thigh] run data modify entity @s {} merge value {transformation:[-3.4433427856158443f,-1.4685919294156464f,0.7856546350671837f,-1.6874999999999998f,-1.6654518213834077f,3.01770914222699f,-1.6584109151746245f,-13.65199625f,0.016902408053600212f,-1.8350188766808027f,-3.3560460412257638f,-2.3747187500000004f,0f,0f,0f,1f],start_interpolation:0}
execute if entity @s[tag=aj.beast.bone.left_foot] run data modify entity @s {} merge value {transformation:[-1.8213800972957792f,0.9177997285798932f,-0.04264034935940599f,-0.6994323976435761f,0.9168270209742955f,1.8217159337697237f,0.048777764000638005f,-19.320592252711723f,0.06002295216179265f,0.024386776502384976f,-2.0389709488723975f,0.5905585159496456f,0f,0f,0f,1f],start_interpolation:0}
execute if entity @s[tag=aj.beast.bone.left_knee] run data modify entity @s {} merge value {transformation:[-2.544575135927927f,1.227286374003151f,-0.3760392716240832f,1.0529985772626387f,1.2808612793023246f,2.482281275400984f,-0.5658392465865851f,-15.853186586278184f,0.08385559493191622f,-0.6742016211637729f,-2.7678367750318573f,0.9955151373375069f,0f,0f,0f,1f],start_interpolation:0}
execute if entity @s[tag=aj.beast.bone.left_thigh] run data modify entity @s {} merge value {transformation:[-3.483503415131434f,1.386282204060234f,-0.7576612748936952f,1.6875000000000002f,1.579819141573986f,3.0559863445967332f,-1.672047828728213f,-13.65199625f,-0.0006608207578017958f,-1.8356998971357483f,-3.3557160861687527f,-2.3747187499999995f,0f,0f,0f,1f],start_interpolation:0}