execute if entity @s[tag=aj.beast.bone.right_thumb] run data modify entity @s {} merge value {transformation:[-0.45703678240127965f,-0.3978155840053f,-0.8575314225466072f,-3.728032517012326f,0.889595290331185f,0.14117788835744305f,-0.5396193318066991f,-14.667378682622045f,0.3197461476747769f,-0.9614112361323097f,0.2755917924860682f,3.1383894376853414f,0f,0f,0f,1f],start_interpolation:0}
execute if entity @s[tag=aj.beast.bone.right_fingers_2] run data modify entity @s {} merge value {transformation:[-0.06495480834495043f,-0.5733999895499672f,-0.8166965929015306f,-3.0845663959282668f,0.5338095691314855f,0.6715134518413441f,-0.5139231731492372f,-15.457393731018827f,0.8431062903196302f,-0.4693422375838557f,0.2624683737962554f,4.879587973795265f,0f,0f,0f,1f],start_interpolation:0}
execute if entity @s[tag=aj.beast.bone.right_fingers] run data modify entity @s {} merge value {transformation:[-0.3429525088996601f,-0.46410155330752806f,-0.8166965929015306f,-3.6346088460634247f,0.798049373571764f,0.3146429237118396f,-0.5139231731492372f,-14.831578538646543f,0.4954803467153301f,-0.8280154459764656f,0.2624683737962554f,4.394184290048868f,0f,0f,0f,1f],start_interpolation:0}
execute if entity @s[tag=aj.beast.locator_origin.right_hand] at @s on origin run tp @s ^-2.63708 ^-14.97075 ^3.56922 ~-107.81627 ~-30.92551
execute if entity @s[tag=aj.beast.bone.right_hand] run data modify entity @s {} merge value {transformation:[-0.45703678240127965f,-0.3978155840053f,-0.8575314225466072f,-4.196039630346668f,0.889595290331185f,0.14117788835744305f,-0.5396193318066991f,-14.51064863779268f,0.3197461476747769f,-0.9614112361323097f,0.2755917924860682f,3.0367672400791124f,0f,0f,0f,1f],start_interpolation:0}
execute if entity @s[tag=aj.beast.bone.right_forearm] run data modify entity @s {} merge value {transformation:[-3.1766431402054827f,-1.511003087868211f,-2.4292865265830996f,-6.1257501412222926f,1.2047661132468785f,2.5859618535271225f,-3.1838600635823457f,-10.179748102005952f,2.5948221465367247f,-3.05045831975382f,-1.4957362960385905f,-1.2437785873637344f,0f,0f,0f,1f],start_interpolation:0}
execute if entity @s[tag=aj.beast.bone.right_bicep] run data modify entity @s {} merge value {transformation:[-2.6750679075414596f,0.5965802275809663f,-2.3341173325480455f,-4.322033137149494f,1.014539884839477f,3.442483834966938f,-0.28286722691260846f,-6.072172195785139f,2.1851133865572425f,-0.867984491826191f,-2.726147906816058f,-1.6841374817370611f,0f,0f,0f,1f],start_interpolation:0}
execute if entity @s[tag=aj.beast.bone.right_arm] run data modify entity @s {} merge value {transformation:[-1.1985964311408692f,-0.05781976407159377f,-0.004844598959425255f,-4.1375f,-0.05761507391771267f,1.1978777367366693f,-0.04206460612073454f,-4.707919571280161f,0.006862835698815445f,-0.04178280403875814f,-1.1992527251471354f,-1.7158626448702332f,0f,0f,0f,1f],start_interpolation:0}
execute if entity @s[tag=aj.beast.bone.left_thumb] run data modify entity @s {} merge value {transformation:[-0.3459605072471911f,0.5724479896353544f,0.809391516256322f,3.7244933026750626f,-0.8894840930234158f,0.1992992283573659f,-0.5211505212838901f,-14.699604160961595f,-0.43775492650977416f,-0.857369883270109f,0.41927020831180234f,3.036596847629065f,0f,0f,0f,1f],start_interpolation:0}
execute if entity @s[tag=aj.beast.bone.left_fingers_2] run data modify entity @s {} merge value {transformation:[-0.04502427349821772f,0.6354246900395588f,0.770849063101259f,2.780825023763776f,-0.6677180288390046f,0.5548020938723968f,-0.49633382979418095f,-15.549180188974455f,-0.743051444221268f,-0.5370568870454371f,0.3993049602969546f,4.647527211513897f,0f,0f,0f,1f],start_interpolation:0}
execute if entity @s[tag=aj.beast.bone.left_fingers] run data modify entity @s {} merge value {transformation:[-0.2507235111344886f,0.5856017784128611f,0.770849063101259f,3.3933544334721155f,-0.8126339406186536f,0.30541579519802176f,-0.49633382979418095f,-14.924715034859576f,-0.5260834529986594f,-0.7508606722709978f,0.3993049602969546f,4.2417451497025676f,0f,0f,0f,1f],start_interpolation:0}
execute if entity @s[tag=aj.beast.bone.left_hand] run data modify entity @s {} merge value {transformation:[-0.3459605072471911f,0.5724479896353544f,0.809391516256322f,4.196039630346667f,-0.8894840930234158f,0.1992992283573659f,-0.5211505212838901f,-14.52193734306324f,-0.43775492650977416f,-0.857369883270109f,0.41927020831180234f,3.035823021179652f,0f,0f,0f,1f],start_interpolation:0}
execute if entity @s[tag=aj.beast.bone.left_forearm] run data modify entity @s {} merge value {transformation:[-3.176643140205482f,1.5110030878682115f,2.4292865265830996f,6.1257501412222926f,-1.2047661132468785f,2.5859618535271225f,-3.1838600635823457f,-10.19103680727651f,-2.594822146536725f,-3.0504583197538206f,-1.4957362960385894f,-1.2447228062631956f,0f,0f,0f,1f],start_interpolation:0}
execute if entity @s[tag=aj.beast.bone.left_bicep] run data modify entity @s {} merge value {transformation:[-2.675067907541459f,-0.596580227580966f,2.334117332548046f,4.322033137149494f,-1.014539884839477f,3.442483834966938f,-0.28286722691260846f,-6.083460901055696f,-2.1851133865572425f,-0.8679844918261912f,-2.7261479068160575f,-1.6850817006365229f,0f,0f,0f,1f],start_interpolation:0}
execute if entity @s[tag=aj.beast.bone.left_arm] run data modify entity @s {} merge value {transformation:[-1.1985964311408692f,0.05781976407159378f,0.004844598959425549f,4.1375f,0.05761507391771267f,1.1978777367366693f,-0.04206460612073454f,-4.719208276550718f,-0.006862835698815738f,-0.04178280403875814f,-1.1992527251471354f,-1.716806863769695f,0f,0f,0f,1f],start_interpolation:0}
execute if entity @s[tag=aj.beast.bone.chest] run data modify entity @s {} merge value {transformation:[-6.061547916666667f,-6.187412220810479e-17f,7.397423731711917e-16f,8.344437127690384e-19f,0f,6.040454877979751f,0.5052405497747102f,-4.020593124999998f,-7.423255254024141e-16f,0.5052405497747102f,-6.040454877979751f,-0.006813750000000063f,0f,0f,0f,1f],start_interpolation:0}
execute if entity @s[tag=aj.beast.bone.waist] run data modify entity @s {} merge value {transformation:[-5.023832916666667f,3.4209722873730607e-17f,6.142902606038012e-16f,0.0000012500000003189211f,0f,5.016060639128718f,-0.27934358622868855f,-9.3979775f,-6.152420900846945e-16f,-0.27934358622868855f,-5.016060639128718f,-2.6041875f,0f,0f,0f,1f],start_interpolation:0}
execute if entity @s[tag=aj.beast.bone.hip] run data modify entity @s {} merge value {transformation:[-4.393932083333333f,2.9920421596457435e-17f,5.372689994509475e-16f,1.314196800122255e-16f,0f,4.387134313542608f,-0.24431878332013116f,-12.64946125f,-5.381014861525027e-16f,-0.24431878332013116f,-4.387134313542608f,-1.073123125f,0f,0f,0f,1f],start_interpolation:0}
execute if entity @s[tag=aj.beast.bone.right_foot] run data modify entity @s {} merge value {transformation:[-1.1764616727927009f,-1.5220881393093828f,-0.6788119243380318f,1.261959255093721f,-1.6665922155499233f,1.0758898259920717f,0.47595322185604405f,-16.102845973995898f,0.002884357502066667f,0.829040878666698f,-1.8639428376378255f,1.0253427608933054f,0f,0f,0f,1f],start_interpolation:0}
execute if entity @s[tag=aj.beast.bone.right_knee] run data modify entity @s {} merge value {transformation:[-1.6435861605192144f,-2.2853442898821754f,0.44533808466449765f,-1.9031342845412336f,-2.328327359959452f,1.6122957835540814f,-0.31920841341979445f,-13.860544996233301f,0.004029617098475491f,-0.5479085535348627f,-2.7968339205518395f,1.6893084008828758f,0f,0f,0f,1f],start_interpolation:0}
execute if entity @s[tag=aj.beast.bone.right_thigh] run data modify entity @s {} merge value {transformation:[-2.0699779514428234f,-1.4497935288828612f,2.871221866061548f,-1.6874999999999998f,-3.2162729418544433f,0.8931687843367301f,-1.8677427248369678f,-13.65199625f,0.037478581023646075f,-3.425050838497997f,-1.7024238924746755f,-2.3747187500000004f,0f,0f,0f,1f],start_interpolation:0}
execute if entity @s[tag=aj.beast.bone.left_foot] run data modify entity @s {} merge value {transformation:[-1.005487130786842f,1.7743029247672046f,0.04944452431348394f,-1.4089980342037596f,1.7749865240595883f,1.0049564083605715f,0.03294626992363817f,-15.78256483415051f,0.004297584077698774f,0.059260007235597364f,-2.039134566994913f,2.383946110645495f,0f,0f,0f,1f],start_interpolation:0}
execute if entity @s[tag=aj.beast.bone.left_knee] run data modify entity @s {} merge value {transformation:[-1.4047246680110292f,2.1414843811439024f,-1.2503172606974686f,1.9381138592608422f,2.4797605850832483f,1.2165714533106085f,-0.7023114264037724f,-13.87835267532682f,0.006003977755608581f,-1.4340497007797297f,-2.462918067647537f,1.6863479657285092f,0f,0f,0f,1f],start_interpolation:0}
execute if entity @s[tag=aj.beast.bone.left_thigh] run data modify entity @s {} merge value {transformation:[-2.243241064048225f,1.3785361236682103f,-2.774550897768793f,1.6875000000000002f,3.0981433766074513f,0.9965224497098065f,-2.009745164245396f,-13.65199625f,-0.0014651113178242015f,-3.4259606190039893f,-1.7010046121285611f,-2.3747187499999995f,0f,0f,0f,1f],start_interpolation:0}