execute if entity @s[tag=aj.beast.bone.right_thumb] run data modify entity @s {} merge value {transformation:[-0.9107931599827432f,0.13182049311772603f,-0.5055483926617201f,-5.467178050622249f,0.39512800728036335f,0.8385155508624587f,-0.49321955438169435f,-16.775388886021467f,0.34180356579664073f,-0.618073643311238f,-0.7769525685990583f,0.01654005774204459f,0f,0f,0f,1f],start_interpolation:0}
execute if entity @s[tag=aj.beast.bone.right_fingers_2] run data modify entity @s {} merge value {transformation:[-0.7243464663717689f,-0.49346159804269557f,-0.4814746596778287f,-5.510163735398587f,-0.2620704477994005f,0.8430124997019528f,-0.46973290893494696f,-18.644362715475175f,0.6376843082944362f,-0.21406909305972824f,-0.7399548272371983f,0.7748499044070671f,0f,0f,0f,1f],start_interpolation:0}
execute if entity @s[tag=aj.beast.bone.right_fingers] run data modify entity @s {} merge value {transformation:[-0.8740332400407903f,-0.06517704651115536f,-0.4814746596778287f,-5.957109058884945f,0.19454658447553186f,0.8611054643494128f,-0.46973290893494696f,-17.821907071284496f,0.44521626404782555f,-0.5042314269020378f,-0.7399548272371983f,0.5433014660582227f,0f,0f,0f,1f],start_interpolation:0}
execute if entity @s[tag=aj.beast.locator_origin.right_hand] at @s on origin run tp @s ^-4.75318 ^-17.38695 ^0.78076 ~-33.05129 ~-28.01696
execute if entity @s[tag=aj.beast.bone.right_hand] run data modify entity @s {} merge value {transformation:[-0.9107931599827432f,0.13182049311772603f,-0.5055483926617201f,-5.828038141636053f,0.39512800728036335f,0.8385155508624587f,-0.49321955438169435f,-16.5568455015028f,0.34180356579664073f,-0.618073643311238f,-0.7769525685990583f,-0.2590335620525801f,0f,0f,0f,1f],start_interpolation:0}
execute if entity @s[tag=aj.beast.bone.right_forearm] run data modify entity @s {} merge value {transformation:[-4.108412960979882f,0.10452907940130444f,-1.1771327935335203f,-5.552861578406239f,0.5555996512344179f,3.9291307941903555f,-1.5902406200613974f,-10.472721645978087f,1.0430134081596014f,-1.6812584196680116f,-3.789606596560481f,-2.185499096959485f,0f,0f,0f,1f],start_interpolation:0}
execute if entity @s[tag=aj.beast.bone.right_bicep] run data modify entity @s {} merge value {transformation:[-3.45971617766727f,0.3775156714207645f,-0.9207854732884898f,-4.36964429042549f,0.46787339051319415f,3.5568650653419414f,-0.2996754868182595f,-6.1537339508309685f,0.878327080555454f,-0.40766754197728583f,-3.4673258737507116f,-1.6699091915190687f,0f,0f,0f,1f],start_interpolation:0}
execute if entity @s[tag=aj.beast.bone.right_arm] run data modify entity @s {} merge value {transformation:[-1.1998908232951393f,-0.015845263513328333f,-0.0033075362896358737f,-4.1375f,-0.015784736880910415f,1.1997107365283606f,-0.021094803629812663f,-4.796422322452251f,0.0035852829336746913f,-0.021049377253807698f,-1.1998100139036652f,-1.677548565939943f,0f,0f,0f,1f],start_interpolation:0}
execute if entity @s[tag=aj.beast.bone.left_thumb] run data modify entity @s {} merge value {transformation:[-0.8980220974050722f,-0.06611077459847349f,0.5400793257052015f,5.443612356884712f,-0.3691875209627307f,0.8396348245556439f,-0.5110909270949806f,-16.787286835222414f,-0.3996959931467772f,-0.6270109463760607f,-0.7413503801759385f,-0.007891167301017576f,0f,0f,0f,1f],start_interpolation:0}
execute if entity @s[tag=aj.beast.bone.left_fingers_2] run data modify entity @s {} merge value {transformation:[-0.8530564898053028f,0.0879040201690761f,0.5143612625763823f,5.4986748739803915f,-0.20601858076143034f,0.8488978763454182f,-0.4867532638999815f,-18.681994720117753f,-0.4794277522026666f,-0.5211960080184361f,-0.7060479811199414f,0.8604312262441549f,0f,0f,0f,1f],start_interpolation:0}
execute if entity @s[tag=aj.beast.bone.left_fingers] run data modify entity @s {} merge value {transformation:[-0.8573722395344148f,-0.018583176170185622f,0.5143612625763823f,5.866629663276665f,-0.3097202696029725f,0.8167892106778695f,-0.4867532638999815f,-17.845845784694344f,-0.4110793080085694f,-0.5766368448890956f,-0.7060479811199414f,0.5517690825118015f,0f,0f,0f,1f],start_interpolation:0}
execute if entity @s[tag=aj.beast.bone.left_hand] run data modify entity @s {} merge value {transformation:[-0.8980220974050722f,-0.06611077459847349f,0.5400793257052015f,5.828038141636053f,-0.3691875209627307f,0.8396348245556439f,-0.5110909270949806f,-16.580662112419034f,-0.3996959931467772f,-0.6270109463760607f,-0.7413503801759385f,-0.25977422761833946f,0f,0f,0f,1f],start_interpolation:0}
execute if entity @s[tag=aj.beast.bone.left_forearm] run data modify entity @s {} merge value {transformation:[-4.108412960979882f,-0.10452907940130403f,1.1771327935335212f,5.552861578406239f,-0.5555996512344179f,3.9291307941903555f,-1.5902406200613974f,-10.496538256894322f,-1.0430134081596023f,-1.6812584196680116f,-3.789606596560481f,-2.1862397625252443f,0f,0f,0f,1f],start_interpolation:0}
execute if entity @s[tag=aj.beast.bone.left_bicep] run data modify entity @s {} merge value {transformation:[-3.4597161776672696f,-0.37751567142076436f,0.9207854732884906f,4.36964429042549f,-0.46787339051319415f,3.5568650653419414f,-0.2996754868182595f,-6.1775505617472035f,-0.8783270805554548f,-0.4076675419772859f,-3.4673258737507116f,-1.6706498570848283f,0f,0f,0f,1f],start_interpolation:0}
execute if entity @s[tag=aj.beast.bone.left_arm] run data modify entity @s {} merge value {transformation:[-1.1998908232951393f,0.015845263513328336f,0.003307536289636167f,4.1375f,0.015784736880910415f,1.1997107365283606f,-0.021094803629812663f,-4.820238933368486f,-0.0035852829336749854f,-0.021049377253807698f,-1.1998100139036652f,-1.6782892315057025f,0f,0f,0f,1f],start_interpolation:0}
execute if entity @s[tag=aj.beast.bone.chest] run data modify entity @s {} merge value {transformation:[-6.061547916666667f,-2.307420140068842e-17f,7.419668233106454e-16f,8.344437127690384e-19f,0f,6.058618891808084f,0.1884151529792392f,-4.020593124999998f,-7.423255254024141e-16f,0.1884151529792392f,-6.058618891808084f,-0.006813750000000063f,0f,0f,0f,1f],start_interpolation:0}
execute if entity @s[tag=aj.beast.bone.waist] run data modify entity @s {} merge value {transformation:[-5.023832916666667f,1.275046231055089e-17f,6.151099536852339e-16f,0.0000012500000003127977f,0f,5.022753941083236f,-0.10411542592875152f,-9.3979775f,-6.152420900846945e-16f,-0.10411542592875152f,-5.022753941083236f,-2.5541875000000003f,0f,0f,0f,1f],start_interpolation:0}
execute if entity @s[tag=aj.beast.bone.hip] run data modify entity @s {} merge value {transformation:[-4.393932083333333f,1.115177720934927e-17f,5.379859173478476e-16f,1.314196800122255e-16f,0f,4.39298839242804f,-0.09106117140969602f,-12.64946125f,-5.381014861525027e-16f,-0.09106117140969602f,-4.39298839242804f,-1.073123125f,0f,0f,0f,1f],start_interpolation:0}
execute if entity @s[tag=aj.beast.bone.right_foot] run data modify entity @s {} merge value {transformation:[-1.926737437723879f,-0.4663220427996789f,-0.4814837468413206f,-0.29254958571699763f,-0.6683933448373396f,1.446692984158386f,1.2735500564029891f,-18.593238921053644f,0.050330732662815125f,1.3605966198642558f,-1.519158864425833f,-2.18680213881467f,0f,0f,0f,1f],start_interpolation:0}
execute if entity @s[tag=aj.beast.bone.right_knee] run data modify entity @s {} merge value {transformation:[-2.691765537996596f,-0.7866524022263945f,-0.5080120928928196f,-1.0580615708264718f,-0.9337848199933422f,2.370946269663923f,1.2763854027356822f,-16.145490936160126f,0.07031499416128584f,1.371966393334097f,-2.4970510641871f,0.7863884802769245f,0f,0f,0f,1f],start_interpolation:0}
execute if entity @s[tag=aj.beast.bone.right_thigh] run data modify entity @s {} merge value {transformation:[-3.5631422509823207f,-1.2789423675617737f,0.5467620320762295f,-1.6874999999999998f,-1.3908441096812432f,3.2610419400674835f,-1.4358910570394599f,-13.65199625f,0.013962873258488221f,-1.5364038810079832f,-3.5028407261241528f,-2.3747187500000004f,0f,0f,0f,1f],start_interpolation:0}
execute if entity @s[tag=aj.beast.bone.left_foot] run data modify entity @s {} merge value {transformation:[-1.8915126447804702f,0.7627987102200381f,-0.04379546006423093f,-0.33328872131448484f,0.7620483461598907f,1.8919123496633234f,0.0393697765599187f,-19.74189803354668f,0.055337444380520795f,0.020144202095102745f,-2.039149817539502f,0.2227778067327988f,0f,0f,0f,1f],start_interpolation:0}
execute if entity @s[tag=aj.beast.bone.left_knee] run data modify entity @s {} merge value {transformation:[-2.6425544302080097f,1.0302775773135475f,-0.2791669698817335f,1.1197107507949984f,1.0646263659586708f,2.5978653642987184f,-0.4900675972585023f,-16.161162870596556f,0.07730966494337464f,-0.5586802866237659f,-2.7936355440615963f,0.7856618672531743f,0f,0f,0f,1f],start_interpolation:0}
execute if entity @s[tag=aj.beast.bone.left_thigh] run data modify entity @s {} merge value {transformation:[-3.59083240162765f,1.2069191282417708f,-0.5290499799689361f,1.6875000000000002f,1.3177812282086927f,3.2881066944552555f,-1.4430634083294216f,-13.65199625f,-0.000545895409481318f,-1.5369858762404618f,-3.5026131842148294f,-2.3747187499999995f,0f,0f,0f,1f],start_interpolation:0}