execute if entity @s[tag=aj.beast.bone.right_thumb] run data modify entity @s {} merge value {transformation:[-0.9359841484394602f,0.13944577129107363f,-0.4549599441039793f,-5.449758804939048f,0.3534041506315371f,0.8759678596716641f,-0.45856931334166445f,-16.86641417184248f,0.3186521303654821f,-0.561903181777147f,-0.8277835671975244f,-0.2880372400132127f,0f,0f,0f,1f],start_interpolation:0}
execute if entity @s[tag=aj.beast.bone.right_fingers_2] run data modify entity @s {} merge value {transformation:[-0.7469410455577138f,-0.5043157316973956f,-0.4332951848609326f,-5.480547056036932f,-0.31546517827139187f,0.842464413530843f,-0.43673267937301374f,-18.776944624945422f,0.5852869345537695f,-0.189524021423811f,-0.7883653020928804f,0.3591646134979372f,0f,0f,0f,1f],start_interpolation:0}
execute if entity @s[tag=aj.beast.bone.right_fingers] run data modify entity @s {} merge value {transformation:[-0.8990277864309876f,-0.06327971239922489f,-0.4332951848609326f,-5.937049127059711f,0.14803134837300935f,0.8873281730377646f,-0.43673267937301374f,-17.95290407025292f,0.41211134311477904f,-0.45677608445729123f,-0.7883653020928804f,0.15332217005342785f,0f,0f,0f,1f],start_interpolation:0}
execute if entity @s[tag=aj.beast.locator_origin.right_hand] at @s on origin run tp @s ^-4.75748 ^-17.5049 ^0.47414 ~-28.79373 ~-25.8956
execute if entity @s[tag=aj.beast.bone.right_hand] run data modify entity @s {} merge value {transformation:[-0.9359841484394602f,0.13944577129107363f,-0.4549599441039793f,-5.8025837035020205f,0.3534041506315371f,0.8759678596716641f,-0.45856931334166445f,-16.640542240573406f,0.3186521303654821f,-0.561903181777147f,-0.8277835671975244f,-0.5680702697594997f,0f,0f,0f,1f],start_interpolation:0}
execute if entity @s[tag=aj.beast.bone.right_forearm] run data modify entity @s {} merge value {transformation:[-4.140922580503576f,0.13980218758388704f,-1.0530149716990553f,-5.493716695183474f,0.502619888466149f,3.9912735790783183f,-1.4466283090931218f,-10.485924889495553f,0.9358196567682676f,-1.5250624791457263f,-3.882531520117771f,-2.249986177432591f,0f,0f,0f,1f],start_interpolation:0}
execute if entity @s[tag=aj.beast.bone.right_bicep] run data modify entity @s {} merge value {transformation:[-3.487092699371433f,0.3490727610727244f,-0.8236095637299995f,-4.372589509558315f,0.4232588534451782f,3.563929267837908f,-0.28153173325333825f,-6.158697984561383f,0.788058658331173f,-0.36953535869442894f,-3.493194407659536f,-1.6688906957199487f,0f,0f,0f,1f],start_interpolation:0}
execute if entity @s[tag=aj.beast.bone.right_arm] run data modify entity @s {} merge value {transformation:[-1.1999231893252909f,-0.0132374977084665f,-0.0030180082573993167f,-4.1375f,-0.013185961337956726f,1.199764292048268f,-0.01979328041313686f,-4.801885625339695f,0.0032357600370387096f,-0.019758850683617733f,-1.1998329540717934f,-1.6750007292460998f,0f,0f,0f,1f],start_interpolation:0}
execute if entity @s[tag=aj.beast.bone.left_thumb] run data modify entity @s {} merge value {transformation:[-0.9261556842499414f,-0.08200984564931116f,0.4878627201868358f,5.428059692038454f,-0.3283231902100125f,0.8764536466074468f,-0.4759547122561442f,-16.879296938004483f,-0.37005341682227805f,-0.5723664827408094f,-0.7987221532755131f,-0.30838670313150557f,0f,0f,0f,1f],start_interpolation:0}
execute if entity @s[tag=aj.beast.bone.left_fingers_2] run data modify entity @s {} merge value {transformation:[-0.8833784350254871f,0.0613222940992934f,0.4646311620827007f,5.493658901787769f,-0.17778404066539466f,0.873453391727726f,-0.45329020214870874f,-18.823721056336286f,-0.43363045951202106f,-0.4830307948006335f,-0.7606877650242981f,0.44667715503457506f,0f,0f,0f,1f],start_interpolation:0}
execute if entity @s[tag=aj.beast.bone.left_fingers] run data modify entity @s {} merge value {transformation:[-0.8847249708005008f,-0.037143091736309426f,0.4646311620827007f,5.857993967284342f,-0.2736688731624382f,0.848312053726684f,-0.45329020214870874f,-17.97677703046797f,-0.3773156157702119f,-0.5281922474234964f,-0.7606877650242981f,0.16426988663519693f,0f,0f,0f,1f],start_interpolation:0}
execute if entity @s[tag=aj.beast.bone.left_hand] run data modify entity @s {} merge value {transformation:[-0.9261556842499414f,-0.08200984564931116f,0.4878627201868358f,5.80258370350202f,-0.3283231902100125f,0.8764536466074468f,-0.4759547122561442f,-16.66514209555657f,-0.37005341682227805f,-0.5723664827408094f,-0.7987221532755131f,-0.5687547204136325f,0f,0f,0f,1f],start_interpolation:0}
execute if entity @s[tag=aj.beast.bone.left_forearm] run data modify entity @s {} merge value {transformation:[-4.140922580503576f,-0.13980218758388674f,1.053014971699056f,5.493716695183474f,-0.502619888466149f,3.9912735790783183f,-1.4466283090931218f,-10.510524744478715f,-0.9358196567682687f,-1.5250624791457261f,-3.8825315201177704f,-2.2506706280867235f,0f,0f,0f,1f],start_interpolation:0}
execute if entity @s[tag=aj.beast.bone.left_bicep] run data modify entity @s {} merge value {transformation:[-3.487092699371433f,-0.3490727610727244f,0.8236095637300003f,4.372589509558315f,-0.4232588534451782f,3.563929267837908f,-0.28153173325333825f,-6.183297839544546f,-0.7880586583311738f,-0.36953535869442905f,-3.4931944076595354f,-1.6695751463740818f,0f,0f,0f,1f],start_interpolation:0}
execute if entity @s[tag=aj.beast.bone.left_arm] run data modify entity @s {} merge value {transformation:[-1.1999231893252909f,0.013237497708466503f,0.0030180082573996103f,4.1375f,0.013185961337956726f,1.199764292048268f,-0.01979328041313686f,-4.826485480322859f,-0.003235760037039003f,-0.019758850683617733f,-1.1998329540717934f,-1.675685179900233f,0f,0f,0f,1f],start_interpolation:0}
execute if entity @s[tag=aj.beast.bone.chest] run data modify entity @s {} merge value {transformation:[-6.061547916666667f,-2.0646001430034226e-17f,7.420383603890848e-16f,8.344437127690384e-19f,0f,6.059203036383394f,0.16858739552015142f,-4.020593124999998f,-7.423255254024141e-16f,0.16858739552015142f,-6.059203036383394f,-0.006813750000000063f,0f,0f,0f,1f],start_interpolation:0}
execute if entity @s[tag=aj.beast.bone.waist] run data modify entity @s {} merge value {transformation:[-5.023832916666667f,1.1408471287056081e-17f,6.151363070041271e-16f,0.000001250000000312415f,0f,5.022969132262534f,-0.09315723762148484f,-9.3979775f,-6.152420900846945e-16f,-0.09315723762148484f,-5.022969132262534f,-2.5510625000000005f,0f,0f,0f,1f],start_interpolation:0}
execute if entity @s[tag=aj.beast.bone.hip] run data modify entity @s {} merge value {transformation:[-4.393932083333333f,9.97804840278068e-18f,5.380089664211962e-16f,1.314196800122255e-16f,0f,4.393176602394902f,-0.08147694837179001f,-12.64946125f,-5.381014861525027e-16f,-0.08147694837179001f,-4.393176602394902f,-1.073123125f,0f,0f,0f,1f],start_interpolation:0}
execute if entity @s[tag=aj.beast.bone.right_foot] run data modify entity @s {} merge value {transformation:[-1.9508100562483515f,-0.40050861302876706f,-0.44219110724897825f,-0.4865588253413573f,-0.594257438586256f,1.4385028027954365f,1.318775107072686f,-18.64818611944378f,0.052898214763886016f,1.3899289684150937f,-1.4922798804632287f,-2.4081104951816115f,0f,0f,0f,1f],start_interpolation:0}
execute if entity @s[tag=aj.beast.bone.right_knee] run data modify entity @s {} merge value {transformation:[-2.7253964021116674f,-0.6730766055385273f,-0.49161197547813285f,-1.1135633979573343f,-0.8302125980249164f,2.341229542394192f,1.3971010242288848f,-16.29636147270714f,0.07390191768484076f,1.4792268632286987f,-2.4349386837588103f,0.6722858041664392f,0f,0f,0f,1f],start_interpolation:0}
execute if entity @s[tag=aj.beast.bone.right_thigh] run data modify entity @s {} merge value {transformation:[-3.6148843805551625f,-1.1699730629527383f,0.4409069597809844f,-1.6874999999999998f,-1.2502319135281466f,3.3690105514126096f,-1.3104629208284588f,-13.65199625f,0.01249310265994048f,-1.382590299559307f,-3.5663585049669977f,-2.3747187500000004f,0f,0f,0f,1f],start_interpolation:0}
execute if entity @s[tag=aj.beast.bone.left_foot] run data modify entity @s {} merge value {transformation:[-1.9215173422957612f,0.6837620909380423f,-0.04290112181133384f,-0.12904275705481627f,0.6831343326024047f,1.9219115756786127f,0.034400274598048425f,-19.934328029417973f,0.05194792466019855f,0.018036026962454026f,-2.0392587169986323f,0.030135274203714868f,0f,0f,0f,1f],start_interpolation:0}
execute if entity @s[tag=aj.beast.bone.left_knee] run data modify entity @s {} merge value {transformation:[-2.684472757619078f,0.9278270921105445f,-0.23503808360925957f,1.171218010931197f,0.9543788470180655f,2.6478499412998184f,-0.4478299953364216f,-16.308945740667834f,0.0725743065105715f,-0.5005272974616293f,-2.8047647663449897f,0.6716528161654587f,0f,0f,0f,1f],start_interpolation:0}
execute if entity @s[tag=aj.beast.bone.left_thigh] run data modify entity @s {} merge value {transformation:[-3.637149622301593f,1.1040159015001447f,-0.4276874024637715f,1.6875000000000002f,1.1839625781353265f,3.390981719297714f,-1.3153328829478408f,-13.65199625f,-0.0004884327351298483f,-1.3831185302148004f,-3.566175527481775f,-2.3747187499999995f,0f,0f,0f,1f],start_interpolation:0}