execute if entity @s[tag=aj.beast.bone.right_thumb] run data modify entity @s {} merge value {transformation:[-0.47931605844107084f,-0.35558750229740865f,-0.8638944636530591f,-3.9166985748316576f,0.8712565626124901f,0.1802639903171975f,-0.5575992251605f,-14.811782642091535f,0.3371470276084077f,-0.9713714130057627f,0.2127662091827644f,3.060872022372742f,0f,0f,0f,1f],start_interpolation:0}
execute if entity @s[tag=aj.beast.bone.right_fingers_2] run data modify entity @s {} merge value {transformation:[-0.1077689833858268f,-0.5580836591738287f,-0.8227566320505324f,-3.3445779740185526f,0.49578393477834f,0.6871590064054361f,-0.531046881105238f,-15.672632277023041f,0.8617332163933873f,-0.4651399029099133f,0.20263448493596609f,4.793373304332217f,0f,0f,0f,1f],start_interpolation:0}
execute if entity @s[tag=aj.beast.bone.right_fingers] run data modify entity @s {} merge value {transformation:[-0.3723725069390635f,-0.42943013458859874f,-0.8227566320505324f,-3.8781758140167395f,0.7729409855089677f,0.34720518859721156f,-0.531046881105238f,-15.030246346007448f,0.5137129052265896f,-0.8336895804305058f,0.20263448493596609f,4.311271915688997f,0f,0f,0f,1f],start_interpolation:0}
execute if entity @s[tag=aj.beast.locator_origin.right_hand] at @s on origin run tp @s ^-2.84336 ^-15.12561 ^3.52701 ~-103.83586 ~-32.07622
execute if entity @s[tag=aj.beast.bone.right_hand] run data modify entity @s {} merge value {transformation:[-0.47931605844107084f,-0.35558750229740865f,-0.8638944636530591f,-4.38113475206527f,0.8712565626124901f,0.1802639903171975f,-0.5575992251605f,-14.654249546147494f,0.3371470276084077f,-0.9713714130057627f,0.2127662091827644f,2.945094662370919f,0f,0f,0f,1f],start_interpolation:0}
execute if entity @s[tag=aj.beast.bone.right_forearm] run data modify entity @s {} merge value {transformation:[-3.2542317832756513f,-1.3724443663637154f,-2.4087334767373227f,-6.108886105122156f,1.1790398382674572f,2.676552737872305f,-3.117940907260193f,-10.198726849372902f,2.5090766350386393f,-3.0377766380405204f,-1.6589371708652545f,-1.293625362357839f,0f,0f,0f,1f],start_interpolation:0}
execute if entity @s[tag=aj.beast.bone.right_bicep] run data modify entity @s {} merge value {transformation:[-2.7404057122321284f,0.5937018766754739f,-2.2578074793917984f,-4.325028482359237f,0.9928756532778589f,3.447470700964647f,-0.29856942763517597f,-6.077386614399832f,2.1129066400325387f,-0.8499787336294667f,-2.7880390389813523f,-1.6833656108612935f,0f,0f,0f,1f],start_interpolation:0}
execute if entity @s[tag=aj.beast.bone.right_arm] run data modify entity @s {} merge value {transformation:[-1.1987201386474746f,-0.05518898272183513f,-0.004919897062889059f,-4.1375f,-0.05499072471620203f,1.1980465494418848f,-0.040749056008468745f,-4.713508730370595f,0.006785970539821642f,-0.040480137802673274f,-1.1992978400077732f,-1.7136042270788892f,0f,0f,0f,1f],start_interpolation:0}
execute if entity @s[tag=aj.beast.bone.left_thumb] run data modify entity @s {} merge value {transformation:[-0.3762245533129147f,0.5268495836045181f,0.8266707940530161f,3.9089122253889457f,-0.8682644431805666f,0.23194090745128704f,-0.5429735464633744f,-14.841156298978674f,-0.45505158190345696f,-0.8781417492104676f,0.35255513909279784f,2.9631036878532915f,0f,0f,0f,1f],start_interpolation:0}
execute if entity @s[tag=aj.beast.bone.left_fingers_2] run data modify entity @s {} merge value {transformation:[-0.10175666017941265f,0.6081082166904309f,0.7873055181457296f,3.0469225844348635f,-0.6460888679169196f,0.5613897906611613f,-0.5171176632984518f,-15.74952242334119f,-0.7564487800657524f,-0.5612894972605506f,0.33576679913599794f,4.590474335171136f,0f,0f,0f,1f],start_interpolation:0}
execute if entity @s[tag=aj.beast.bone.left_fingers] run data modify entity @s {} merge value {transformation:[-0.2882654419343353f,0.5450257389185275f,0.7873055181457296f,3.641601295948935f,-0.7901168545980342f,0.32909676143173777f,-0.5171176632984518f,-15.114913038867325f,-0.5409421328261569f,-0.7711305113477582f,0.33576679913599794f,4.1740175578713945f,0f,0f,0f,1f],start_interpolation:0}
execute if entity @s[tag=aj.beast.bone.left_hand] run data modify entity @s {} merge value {transformation:[-0.3762245533129147f,0.5268495836045181f,0.8266707940530161f,4.381134752065269f,-0.8682644431805666f,0.23194090745128704f,-0.5429735464633744f,-14.666320021243983f,-0.45505158190345696f,-0.8781417492104676f,0.35255513909279784f,2.9441248202004324f,0f,0f,0f,1f],start_interpolation:0}
execute if entity @s[tag=aj.beast.bone.left_forearm] run data modify entity @s {} merge value {transformation:[-3.254231783275651f,1.3724443663637163f,2.408733476737323f,6.108886105122156f,-1.1790398382674572f,2.676552737872305f,-3.117940907260193f,-10.21079732446939f,-2.50907663503864f,-3.0377766380405204f,-1.6589371708652538f,-1.294595204528326f,0f,0f,0f,1f],start_interpolation:0}
execute if entity @s[tag=aj.beast.bone.left_bicep] run data modify entity @s {} merge value {transformation:[-2.740405712232128f,-0.5937018766754738f,2.2578074793917993f,4.325028482359237f,-0.9928756532778589f,3.447470700964647f,-0.29856942763517597f,-6.089457089496321f,-2.1129066400325396f,-0.849978733629467f,-2.788039038981352f,-1.6843354530317807f,0f,0f,0f,1f],start_interpolation:0}
execute if entity @s[tag=aj.beast.bone.left_arm] run data modify entity @s {} merge value {transformation:[-1.1987201386474746f,0.055188982721835145f,0.004919897062889352f,4.1375f,0.05499072471620203f,1.1980465494418848f,-0.040749056008468745f,-4.725579205467084f,-0.006785970539821936f,-0.040480137802673274f,-1.1992978400077732f,-1.7145740692493763f,0f,0f,0f,1f],start_interpolation:0}
execute if entity @s[tag=aj.beast.bone.chest] run data modify entity @s {} merge value {transformation:[-6.061547916666667f,-5.945299396252627e-17f,7.399408943779645e-16f,8.344437127690384e-19f,0f,6.042075926651996f,0.48547053733304785f,-4.020593124999998f,-7.423255254024141e-16f,0.48547053733304785f,-6.042075926651996f,-0.006813750000000063f,0f,0f,0f,1f],start_interpolation:0}
execute if entity @s[tag=aj.beast.bone.waist] run data modify entity @s {} merge value {transformation:[-5.023832916666667f,3.286946907247374e-17f,6.1436343268026375e-16f,0.0000012500000003185383f,0f,5.016658134476059f,-0.26839958341751063f,-9.3979775f,-6.152420900846945e-16f,-0.26839958341751063f,-5.016658134476059f,-2.6010625000000003f,0f,0f,0f,1f],start_interpolation:0}
execute if entity @s[tag=aj.beast.bone.hip] run data modify entity @s {} merge value {transformation:[-4.393932083333333f,2.8748212194824044e-17f,5.373329970280379e-16f,1.314196800122255e-16f,0f,4.387656893417351f,-0.23474696716506072f,-12.64946125f,-5.381014861525027e-16f,-0.23474696716506072f,-4.387656893417351f,-1.073123125f,0f,0f,0f,1f],start_interpolation:0}
execute if entity @s[tag=aj.beast.bone.right_foot] run data modify entity @s {} merge value {transformation:[-1.2413504482671422f,-1.464502997064949f,-0.6898405875089892f,1.279879698868643f,-1.6188310807052582f,1.1261704982710017f,0.5222316928018554f,-16.301366506802605f,0.005915803378401586f,0.8651999655639305f,-1.8474290305336658f,0.8579298776761666f,0f,0f,0f,1f],start_interpolation:0}
execute if entity @s[tag=aj.beast.bone.right_knee] run data modify entity @s {} merge value {transformation:[-1.7342395968438016f,-2.2369783273248003f,0.33292789582458676f,-1.7673075560889295f,-2.2616022451029343f,1.713801449291444f,-0.2655934437291657f,-13.954602353401807f,0.008264725308061039f,-0.4258081205022831f,-2.8179991374785573f,1.6883303153588427f,0f,0f,0f,1f],start_interpolation:0}
execute if entity @s[tag=aj.beast.bone.right_thigh] run data modify entity @s {} merge value {transformation:[-2.1943600837730504f,-1.533235872447473f,2.7321413913236214f,-1.6874999999999998f,-3.1327483413295525f,1.035487407087952f,-1.9350138654953393f,-13.65199625f,0.03600906331015301f,-3.3477721829901315f,-1.8497972208209792f,-2.3747187500000004f,0f,0f,0f,1f],start_interpolation:0}
execute if entity @s[tag=aj.beast.bone.left_foot] run data modify entity @s {} merge value {transformation:[-1.0783943167392447f,1.7311900426671532f,0.04057996789795391f,-1.467253873295203f,1.7316123825452479f,1.0776903168491323f,0.041256970145505986f,-16.0285338102912f,0.013574028159236431f,0.05625492991479404f,-2.0391790329982835f,2.306000463370583f,0f,0f,0f,1f],start_interpolation:0}
execute if entity @s[tag=aj.beast.bone.left_knee] run data modify entity @s {} merge value {transformation:[-1.506580295444533f,2.1101113474871567f,-1.1832776151792108f,1.8071128929111577f,2.4191643579676256f,1.32495786348569f,-0.7173774941594706f,-13.977869632384138f,0.018963715810697956f,-1.3836245015152677f,-2.491530376352911f,1.6855530022157597f,0f,0f,0f,1f],start_interpolation:0}
execute if entity @s[tag=aj.beast.bone.left_thigh] run data modify entity @s {} merge value {transformation:[-2.356382356544146f,1.4568151586792977f,-2.637380667103191f,1.6875000000000002f,3.0129860948511955f,1.1377746234839567f,-2.063494293277616f,-13.65199625f,-0.0014078355027070835f,-3.348698777077174f,-1.8484695070249453f,-2.3747187499999995f,0f,0f,0f,1f],start_interpolation:0}