execute if entity @s[tag=aj.beast.bone.right_thumb] run data modify entity @s {} merge value {transformation:[-0.947880551237464f,0.1415103706338528f,-0.4289490361206455f,-5.434273312940367f,0.33238226681468747f,0.8937154919973269f,-0.43965287224252864f,-16.90855994963054f,0.3058504361495846f,-0.5326794855887026f,-0.8515914961647185f,-0.44344516840081494f,0f,0f,0f,1f],start_interpolation:0}
execute if entity @s[tag=aj.beast.bone.right_fingers_2] run data modify entity @s {} merge value {transformation:[-0.7566227324826318f,-0.5105204087746896f,-0.4085228915434719f,-5.4557746954952355f,-0.3416452593407249f,0.8414003642388929f,-0.41871702118336057f,-18.837481412315167f,0.5574948945600526f,-0.1772409074767499f,-0.8110395201568747f,0.14710072242435096f,0f,0f,0f,1f],start_interpolation:0}
execute if entity @s[tag=aj.beast.bone.right_fingers] run data modify entity @s {} merge value {transformation:[-0.9105147117981013f,-0.06381227690798141f,-0.4085228915434719f,-5.9178679430840795f,0.12482670844785576f,0.8994967198547233f,-0.41871702118336057f,-18.013429654958053f,0.39418428743075773f,-0.43224257574469893f,-0.8110395201568747f,-0.045815373012666694f,0f,0f,0f,1f],start_interpolation:0}
execute if entity @s[tag=aj.beast.locator_origin.right_hand] at @s on origin run tp @s ^-4.75227 ^-17.56057 ^0.31654 ~-26.73452 ~-24.75361
execute if entity @s[tag=aj.beast.bone.right_hand] run data modify entity @s {} merge value {transformation:[-0.947880551237464f,0.1415103706338528f,-0.4289490361206455f,-5.783174658546251f,0.33238226681468747f,0.8937154919973269f,-0.43965287224252864f,-16.67892511484017f,0.3058504361495846f,-0.5326794855887026f,-0.8515914961647185f,-0.7253276435837905f,0f,0f,0f,1f],start_interpolation:0}
execute if entity @s[tag=aj.beast.bone.right_forearm] run data modify entity @s {} merge value {transformation:[-4.155894588619181f,0.15372389015030413f,-0.9902192352619966f,-5.4630777466358005f,0.47581765150597743f,4.020518970608737f,-1.372825469420852f,-10.492074932992f,0.8819085728130397f,-1.444791048066226f,-3.925613467552117f,-2.282240448416058f,0f,0f,0f,1f],start_interpolation:0}
execute if entity @s[tag=aj.beast.bone.right_bicep] run data modify entity @s {} merge value {transformation:[-3.499700706205627f,0.33411243592290113f,-0.7748960234415319f,-4.374060364672159f,0.4006885486366127f,3.567312843023076f,-0.2715285749126668f,-6.161174064800489f,0.7426598507899284f,-0.35021130787609384f,-3.5051117508376817f,-1.66837594897025f,0f,0f,0f,1f],start_interpolation:0}
execute if entity @s[tag=aj.beast.bone.right_arm] run data modify entity @s {} merge value {transformation:[-1.1999372304352358f,-0.011934668231377905f,-0.0028647355242169613f,-4.1375f,-0.0118874858000577f,1.199788410692316f,-0.019143073153509965f,-4.804614142806025f,0.003054618923891854f,-0.019113693065814008f,-1.1998438798612994f,-1.6737201098329944f,0f,0f,0f,1f],start_interpolation:0}
execute if entity @s[tag=aj.beast.bone.left_thumb] run data modify entity @s {} merge value {transformation:[-0.9393616949869424f,-0.08814141506150568f,0.46079355132446637f,5.413599086788682f,-0.3078872318318657f,0.8939658114722737f,-0.45665148679669254f,-16.92204074399254f,-0.35398454551882524f,-0.543650824398965f,-0.8256141487790505f,-0.46186510835607497f,0f,0f,0f,1f],start_interpolation:0}
execute if entity @s[tag=aj.beast.bone.left_fingers_2] run data modify entity @s {} merge value {transformation:[-0.8972111889838059f,0.04921261072260644f,0.43885100126139653f,5.480980297001459f,-0.1641607583281734f,0.8853857136006488f,-0.4349061779016119f,-18.889213036500827f,-0.40995527535010956f,-0.46224480213165703f,-0.7862991893133814f,0.23456915231637715f,0f,0f,0f,1f],start_interpolation:0}
execute if entity @s[tag=aj.beast.bone.left_fingers] run data modify entity @s {} merge value {transformation:[-0.8974402907860201f,-0.04484108791915387f,0.43885100126139653f,5.844426358204821f,-0.25580947655943864f,0.8633760062252119f,-0.4349061779016119f,-18.037392427194096f,-0.3593917586371307f,-0.5025645716809227f,-0.7862991893133814f,-0.03397637139476273f,0f,0f,0f,1f],start_interpolation:0}
execute if entity @s[tag=aj.beast.bone.left_hand] run data modify entity @s {} merge value {transformation:[-0.9393616949869424f,-0.08814141506150568f,0.46079355132446637f,5.783174658546251f,-0.3078872318318657f,0.8939658114722737f,-0.45665148679669254f,-16.703916547964557f,-0.35398454551882524f,-0.543650824398965f,-0.8256141487790505f,-0.7259820672914858f,0f,0f,0f,1f],start_interpolation:0}
execute if entity @s[tag=aj.beast.bone.left_forearm] run data modify entity @s {} merge value {transformation:[-4.155894588619181f,-0.15372389015030377f,0.9902192352619976f,5.463077746635801f,-0.47581765150597743f,4.020518970608737f,-1.372825469420852f,-10.517066366116389f,-0.8819085728130407f,-1.4447910480662263f,-3.9256134675521164f,-2.282894872123754f,0f,0f,0f,1f],start_interpolation:0}
execute if entity @s[tag=aj.beast.bone.left_bicep] run data modify entity @s {} merge value {transformation:[-3.499700706205627f,-0.334112435922901f,0.7748960234415327f,4.374060364672159f,-0.4006885486366127f,3.567312843023076f,-0.2715285749126668f,-6.186165497924879f,-0.7426598507899292f,-0.3502113078760939f,-3.5051117508376817f,-1.669030372677946f,0f,0f,0f,1f],start_interpolation:0}
execute if entity @s[tag=aj.beast.bone.left_arm] run data modify entity @s {} merge value {transformation:[-1.1999372304352358f,0.011934668231377909f,0.002864735524217255f,4.1375f,0.0118874858000577f,1.199788410692316f,-0.019143073153509965f,-4.8296055759304135f,-0.003054618923892148f,-0.019113693065814008f,-1.1998438798612994f,-1.6743745335406903f,0f,0f,0f,1f],start_interpolation:0}
execute if entity @s[tag=aj.beast.bone.chest] run data modify entity @s {} merge value {transformation:[-6.061547916666667f,-1.943181690607377e-17f,7.420711489848524e-16f,8.344437127690384e-19f,0f,6.0594707755861625f,0.15867282648027953f,-4.020593124999998f,-7.423255254024141e-16f,0.15867282648027953f,-6.0594707755861625f,-0.006813750000000063f,0f,0f,0f,1f],start_interpolation:0}
execute if entity @s[tag=aj.beast.bone.waist] run data modify entity @s {} merge value {transformation:[-5.023832916666667f,1.0737455013481883e-17f,6.151483857343827e-16f,0.0000012500000003122239f,0f,5.023067762579977f,-0.08767797393467014f,-9.3979775f,-6.152420900846945e-16f,-0.08767797393467014f,-5.023067762579977f,-2.5495f,0f,0f,0f,1f],start_interpolation:0}
execute if entity @s[tag=aj.beast.bone.hip] run data modify entity @s {} merge value {transformation:[-4.393932083333333f,9.391165840839762e-18f,5.380195306898087e-16f,1.314196800122255e-16f,0f,4.393262866194553f,-0.07668468857615321f,-12.64946125f,-5.381014861525027e-16f,-0.07668468857615321f,-4.393262866194553f,-1.073123125f,0f,0f,0f,1f],start_interpolation:0}
execute if entity @s[tag=aj.beast.bone.right_foot] run data modify entity @s {} merge value {transformation:[-1.9617640084288228f,-0.3680691380061456f,-0.4214345558692251f,-0.5854388118783406f,-0.5569109533884252f,1.4331055753695188f,1.3407679142345241f,-18.669376061053217f,0.05414947118184534f,1.4043979206379555f,-1.4786258199012061f,-2.5187922678502837f,0f,0f,0f,1f],start_interpolation:0}
execute if entity @s[tag=aj.beast.bone.right_knee] run data modify entity @s {} merge value {transformation:[-2.740699717657914f,-0.617109068681591f,-0.4798348205171958f,-1.1459643278115994f,-0.7780373613514764f,2.3227583380400785f,1.4566919946943224f,-16.369759178707973f,0.07564999650404863f,1.5318192127063266f,-2.4021463272691586f,0.6130582139694338f,0f,0f,0f,1f],start_interpolation:0}
execute if entity @s[tag=aj.beast.bone.right_thigh] run data modify entity @s {} merge value {transformation:[-3.638679900642905f,-1.1122954961709925f,0.3917043653765804f,-1.6874999999999998f,-1.1791926587410166f,3.4192432965197113f,-1.2445501005489157f,-13.65199625f,0.011758155834858708f,-1.3046834897409978f,-3.5955928214090953f,-2.3747187500000004f,0f,0f,0f,1f],start_interpolation:0}
execute if entity @s[tag=aj.beast.bone.left_foot] run data modify entity @s {} merge value {transformation:[-1.9352423458407597f,0.6439453090202429f,-0.04208921305487765f,-0.02199096457667249f,0.643379114118224f,1.9356254833112692f,0.03189520140185923f,-20.025523282389287f,0.05000378366888319f,0.016983148908243567f,-2.03931635463259f,-0.06826346461480925f,0f,0f,0f,1f],start_interpolation:0}
execute if entity @s[tag=aj.beast.bone.left_knee] run data modify entity @s {} merge value {transformation:[-2.703647394924591f,0.8757513776587275f,-0.21412680459559075f,1.2013533225556938f,0.8988384682534013f,2.67083772083538f,-0.42569387704165373f,-16.380855071599715f,0.06985822718446916f,-0.4713654564048114f,-2.8098815694977124f,0.6124702877285393f,0f,0f,0f,1f],start_interpolation:0}
execute if entity @s[tag=aj.beast.bone.left_thigh] run data modify entity @s {} merge value {transformation:[-3.6584425314659392f,1.0495769000717075f,-0.3805411604504325f,1.6875000000000002f,1.1164331743053926f,3.4388236943228057f,-1.24847649824674f,-13.65199625f,-0.0004596427765098027f,-1.3051838683495602f,-3.5954304135289004f,-2.3747187499999995f,0f,0f,0f,1f],start_interpolation:0}