execute if entity @s[tag=aj.beast.bone.right_thumb] run data modify entity @s {} merge value {transformation:[-0.33797235439592127f,-0.7254907324532918f,-0.6796601244655045f,-1.9099909747250035f,0.9842471511260388f,-0.14327606531720866f,-0.3364959354992228f,-11.968146057599748f,0.13975776602520468f,-0.7454093950518778f,0.7261767006755584f,3.095583382222615f,0f,0f,0f,1f],start_interpolation:0}
execute if entity @s[tag=aj.beast.bone.right_fingers_2] run data modify entity @s {} merge value {transformation:[0.22948102590179462f,-0.7268749411221739f,-0.6472953566338133f,-0.6501221743739772f,0.7832943095801571f,0.5326795631511022f,-0.3204723195230691f,-12.203929253223503f,0.577744306186054f,-0.4334804528116429f,0.6915968577862456f,4.653492769315198f,0f,0f,0f,1f],start_interpolation:0}
execute if entity @s[tag=aj.beast.bone.right_fingers] run data modify entity @s {} merge value {transformation:[-0.16470107244361798f,-0.744232677337018f,-0.6472953566338133f,-1.3596148246690578f,0.9446925523117597f,0.06966687897557314f,-0.3204723195230691f,-11.721680101514993f,0.2836010196431164f,-0.6642772372718913f,0.6915968577862456f,4.213192845396398f,0f,0f,0f,1f],start_interpolation:0}
execute if entity @s[tag=aj.beast.locator_origin.consume] at @s on origin run tp @s ^-0.72769 ^-12.2161 ^3.1879 ~-136.89512 ~-18.69149
execute if entity @s[tag=aj.beast.bone.right_hand] run data modify entity @s {} merge value {transformation:[-0.33797235439592105f,-0.7254907324532913f,-0.6796601244655041f,-2.387713754999091f,0.9842471511260382f,-0.14327606531720857f,-0.3364959354992226f,-11.809625732802719f,0.13975776602520457f,-0.7454093950518773f,0.7261767006755578f,3.1195476882529993f,0f,0f,0f,1f],start_interpolation:0}
execute if entity @s[tag=aj.beast.bone.right_forearm] run data modify entity @s {} merge value {transformation:[-2.4013582531302258f,-2.7569298153078776f,-2.215500289683983f,-6.191287318139737f,1.3183972631470913f,1.7871422815767446f,-3.652885999032398f,-8.595691870764494f,3.2819098398112043f,-2.7351573005710534f,-0.15364681735480132f,-0.8813287117025936f,0f,0f,0f,1f],start_interpolation:0}
execute if entity @s[tag=aj.beast.bone.right_bicep] run data modify entity @s {} merge value {transformation:[-2.022196423688612f,0.584468102189513f,-2.920465487134539f,-4.295026390784036f,1.1102292742291298f,3.423507098039961f,-0.08360686762861852f,-4.587054346676141f,2.763713549314699f,-0.9476266074741667f,-2.1033048352869237f,-1.6903469487378828f,0f,0f,0f,1f],start_interpolation:0}
execute if entity @s[tag=aj.beast.bone.right_arm] run data modify entity @s {} merge value {transformation:[-1.1972264705074176f,-0.0814796951577454f,-0.003136493799258743f,-4.1375f,-0.08125714857033069f,1.1960315333477574f,-0.053905909175451926f,-3.2197931156986974f,0.0067863187790667525f,-0.053568932365819506f,-1.198784515817007f,-1.735361953162863f,0f,0f,0f,1f],start_interpolation:0}
execute if entity @s[tag=aj.beast.bone.left_thumb] run data modify entity @s {} merge value {transformation:[-0.15734882337857278f,0.9010914185395466f,0.5155342890785908f,1.956798648870208f,-1.0111853639577926f,-0.014975667604954137f,-0.2824533396816783f,-12.030019502116398f,-0.2350436289264746f,-0.5388042175170638f,0.8700255787543836f,2.972351239596869f,0f,0f,0f,1f],start_interpolation:0}
execute if entity @s[tag=aj.beast.bone.left_fingers_2] run data modify entity @s {} merge value {transformation:[0.3921265200258791f,0.7779270438291258f,0.4909850372177052f,0.37875393185473016f,-0.7810911091208717f,0.563501524445969f,-0.26900318064921724f,-12.47494420455912f,-0.4859356660554156f,-0.27802076617825944f,0.8285957892898885f,4.170293827332224f,0f,0f,0f,1f],start_interpolation:0}
execute if entity @s[tag=aj.beast.bone.left_fingers] run data modify entity @s {} merge value {transformation:[0.013320613027927364f,0.8710661596554472f,0.4909850372177052f,1.116869768371627f,-0.9487026575216867f,0.16613415185293348f,-0.26900318064921724f,-11.908497070105287f,-0.31588895023385855f,-0.46221552233911145f,0.8285957892898885f,3.9170533410326986f,0f,0f,0f,1f],start_interpolation:0}
execute if entity @s[tag=aj.beast.bone.left_hand] run data modify entity @s {} merge value {transformation:[-0.15734882337857267f,0.901091418539546f,0.5155342890785904f,2.3877137549990883f,-1.011185363957792f,-0.014975667604954127f,-0.28245333968167813f,-11.81389525153605f,-0.23504362892647446f,-0.5388042175170634f,0.870025578754383f,3.1190635967829516f,0f,0f,0f,1f],start_interpolation:0}
execute if entity @s[tag=aj.beast.bone.left_forearm] run data modify entity @s {} merge value {transformation:[-2.4013582531302253f,2.756929815307879f,2.215500289683983f,6.191287318139737f,-1.3183972631470913f,1.7871422815767446f,-3.652885999032398f,-8.599961389497825f,-3.2819098398112048f,-2.7351573005710526f,-0.15364681735480062f,-0.8818128031726395f,0f,0f,0f,1f],start_interpolation:0}
execute if entity @s[tag=aj.beast.bone.left_bicep] run data modify entity @s {} merge value {transformation:[-2.0221964236886114f,-0.5844681021895127f,2.92046548713454f,4.295026390784036f,-1.1102292742291298f,3.423507098039961f,-0.08360686762861852f,-4.591323865409471f,-2.7637135493146996f,-0.9476266074741669f,-2.103304835286923f,-1.6908310402079292f,0f,0f,0f,1f],start_interpolation:0}
execute if entity @s[tag=aj.beast.bone.left_arm] run data modify entity @s {} merge value {transformation:[-1.1972264705074176f,0.0814796951577454f,0.0031364937992590367f,4.1375f,0.08125714857033069f,1.1960315333477574f,-0.053905909175451926f,-3.224062634432027f,-0.006786318779067046f,-0.05356893236581947f,-1.198784515817007f,-1.7358460446329094f,0f,0f,0f,1f],start_interpolation:0}
execute if entity @s[tag=aj.beast.bone.chest] run data modify entity @s {} merge value {transformation:[-6.061547916666667f,-8.36313494913629e-17f,7.375994733229029e-16f,8.344437127690384e-19f,0f,6.022956772813584f,0.6829017929870907f,-2.5830931250000013f,-7.423255254024141e-16f,0.6829017929870907f,-6.022956772813584f,-0.006813750000000063f,0f,0f,0f,1f],start_interpolation:0}
execute if entity @s[tag=aj.beast.bone.waist] run data modify entity @s {} merge value {transformation:[-5.023832916666667f,4.626391468229501e-17f,6.135001871312287e-16f,0.0000012500000003223654f,0f,5.009609199635123f,-0.3777735320461847f,-7.9604775f,-6.152420900846945e-16f,-0.3777735320461847f,-5.009609199635123f,-2.6323125000000003f,0f,0f,0f,1f],start_interpolation:0}
execute if entity @s[tag=aj.beast.bone.hip] run data modify entity @s {} merge value {transformation:[-4.3939320833333335f,4.046322845426347e-17f,5.365779873816948e-16f,1.314196800122255e-16f,0f,4.381491771793152f,-0.33040733444480114f,-11.21196125f,-5.381014861525028e-16f,-0.33040733444480114f,-4.381491771793152f,-1.073123125f,0f,0f,0f,1f],start_interpolation:0}
execute if entity @s[tag=aj.beast.bone.right_foot] run data modify entity @s {} merge value {transformation:[-0.5158818381294833f,-1.9170016110155847f,-0.4696496060381593f,0.39430095828032297f,-1.9735697353715065f,0.4955967946938565f,0.14493556055992357f,-13.126425504035806f,-0.022100423384841538f,0.49100778044021653f,-1.9799047782237866f,2.2109020551474394f,0f,0f,0f,1f],start_interpolation:0}
execute if entity @s[tag=aj.beast.bone.right_knee] run data modify entity @s {} merge value {transformation:[-0.7207172738573663f,-2.2947587788555226f,1.5287736124191567f,-3.3234966720113834f,-2.7571930126513693f,0.6174574636208549f,-0.3730053238297949f,-12.139231852663757f,-0.03087559149352862f,-1.5733176498992227f,-2.3761772388366804f,1.3567900021000896f,0f,0f,0f,1f],start_interpolation:0}
execute if entity @s[tag=aj.beast.bone.right_thigh] run data modify entity @s {} merge value {transformation:[-0.8320184947639088f,-0.2709858131728824f,3.7235650811325747f,-1.6874999999999998f,-3.7330683272176106f,0.008572829625032675f,-0.8335180687405274f,-12.21449625f,0.05070590395128619f,-3.81537916800562f,-0.26633759714548527f,-2.3747187500000004f,0f,0f,0f,1f],start_interpolation:0}
execute if entity @s[tag=aj.beast.bone.left_foot] run data modify entity @s {} merge value {transformation:[-0.31016334939769663f,2.0134676422577433f,0.10652112593962887f,-0.31001041859404754f,2.013216424023013f,0.3152012120604816f,-0.09595741742875044f,-12.55393210760603f,-0.11116801129099353f,0.09053314032246587f,-2.034955877597585f,2.7187379823733813f,0f,0f,0f,1f],start_interpolation:0}
execute if entity @s[tag=aj.beast.bone.left_knee] run data modify entity @s {} merge value {transformation:[-0.433316444011488f,2.1547882052246328f,-1.8142835087091669f,3.3292775114954134f,2.8125817688556802f,0.22975790301999227f,-0.398867270530575f,-12.063024282010826f,-0.1553082510682998f,-1.8511075324315067f,-2.16143014009832f,1.351932595779438f,0f,0f,0f,1f],start_interpolation:0}
execute if entity @s[tag=aj.beast.bone.left_thigh] run data modify entity @s {} merge value {transformation:[-1.1065091538507605f,0.2533791496333039f,-3.6526786744765247f,1.6875000000000002f,3.6614557982158034f,0.07450630108801452f,-1.103999659787113f,-12.21449625f,-0.001982462194509471f,-3.8158711741395686f,-0.264098943985699f,-2.3747187499999995f,0f,0f,0f,1f],start_interpolation:0}