execute if entity @s[tag=aj.beast.bone.right_thumb] run data modify entity @s {} merge value {transformation:[-0.612221494920942f,-0.1457213116470089f,-0.8405058836728294f,-4.745209262830948f,0.7528819767075182f,0.3941066641944115f,-0.6167241412386373f,-14.094689219871942f,0.4010655436530894f,-0.9622604827017633f,-0.1253044018573294f,2.4208384036841366f,0f,0f,0f,1f],start_interpolation:0}
execute if entity @s[tag=aj.beast.bone.right_fingers_2] run data modify entity @s {} merge value {transformation:[-0.3361229924986627f,-0.49623606421713673f,-0.8004817939741227f,-4.501125853546924f,0.2750744910794696f,0.7611481930955217f,-0.587356324989178f,-15.323262578409581f,0.9007526620949364f,-0.41761608771419234f,-0.11933752557840888f,4.002285702784397f,0f,0f,0f,1f],start_interpolation:0}
execute if entity @s[tag=aj.beast.bone.right_fingers] run data modify entity @s {} merge value {transformation:[-0.5392090824084566f,-0.2616915416367152f,-0.8004817939741227f,-4.9661225925611046f,0.6187955937556574f,0.5216364257256104f,-0.587356324989178f,-14.60089445709739f,0.5712666440435793f,-0.8120424720370292f,-0.11933752557840888f,3.564369708366187f,0f,0f,0f,1f],start_interpolation:0}
execute if entity @s[tag=aj.beast.locator_origin.consume] at @s on origin run tp @s ^-3.69256 ^-14.71318 ^3.61608 ~-81.52067 ~-35.96963
execute if entity @s[tag=aj.beast.bone.right_hand] run data modify entity @s {} merge value {transformation:[-0.6122214949209417f,-0.1457213116470088f,-0.8405058836728289f,-5.1839454688403865f,0.7528819767075177f,0.3941066641944112f,-0.616724141238637f,-13.927734620720617f,0.40106554365308916f,-0.9622604827017627f,-0.12530440185732933f,2.2376479577303643f,0f,0f,0f,1f],start_interpolation:0}
execute if entity @s[tag=aj.beast.bone.right_forearm] run data modify entity @s {} merge value {transformation:[-3.608149174517126f,-0.7258549254273601f,-2.1748607223599903f,-5.989511066460153f,1.0162213922187056f,3.1287649817853675f,-2.730155448092778f,-8.859246785540709f,2.0552806660961056f,-2.821274413449788f,-2.4681687680515485f,-1.5656466430157812f,0f,0f,0f,1f],start_interpolation:0}
execute if entity @s[tag=aj.beast.bone.right_bicep] run data modify entity @s {} merge value {transformation:[-3.038441410119686f,0.5608739288075909f,-1.8475102796070813f,-4.339974914060995f,0.8557653829210154f,3.4791271642519073f,-0.35119764287154964f,-4.665726589952384f,1.7307626661861946f,-0.7355913341988354f,-3.069750149831031f,-1.6792673414902202f,0f,0f,0f,1f],start_interpolation:0}
execute if entity @s[tag=aj.beast.bone.right_arm] run data modify entity @s {} merge value {transformation:[-1.1992530811358915f,-0.042041842348027755f,-0.0049528656406904676f,-4.1375f,-0.04188416777613609f,1.1987817289962568f,-0.03417722508405105f,-3.3038420229677734f,0.006145231954258169f,-0.033983079859379775f,-1.1995029747389123f,-1.702038453362809f,0f,0f,0f,1f],start_interpolation:0}
execute if entity @s[tag=aj.beast.bone.left_thumb] run data modify entity @s {} merge value {transformation:[-0.5470044988471625f,0.29106066367272837f,0.8476849463706176f,4.721967146124769f,-0.7369176879027313f,0.4191909789795629f,-0.6194604461934997f,-14.112272319474311f,-0.5101356677365922f,-0.9176396968334294f,-0.014106285776024689f,2.346569294529671f,0f,0f,0f,1f],start_interpolation:0}
execute if entity @s[tag=aj.beast.bone.left_fingers_2] run data modify entity @s {} merge value {transformation:[-0.38919721324652046f,0.4435781408289049f,0.8073189965434449f,4.264004494434031f,-0.5151982770899927f,0.6217034540750924f,-0.5899623297080946f,-15.347225411627347f,-0.7636074020625034f,-0.6455410507240198f,-0.013434557881928266f,3.9360413930646785f,0f,0f,0f,1f],start_interpolation:0}
execute if entity @s[tag=aj.beast.bone.left_fingers] run data modify entity @s {} merge value {transformation:[-0.4885866145938177f,0.3309367883143812f,0.8073189965434449f,4.76548862623587f,-0.6554802708530375f,0.4714764724223533f,-0.5899623297080946f,-14.651281030629146f,-0.5758721512299245f,-0.8174293719290594f,-0.013434557881928266f,3.4956061852790112f,0f,0f,0f,1f],start_interpolation:0}
execute if entity @s[tag=aj.beast.bone.left_hand] run data modify entity @s {} merge value {transformation:[-0.5470044988471622f,0.2910606636727282f,0.8476849463706171f,5.183945468840385f,-0.7369176879027308f,0.41919097897956265f,-0.6194604461934994f,-13.943717647565965f,-0.5101356677365919f,-0.9176396968334288f,-0.01410628577602468f,2.2366266365264473f,0f,0f,0f,1f],start_interpolation:0}
execute if entity @s[tag=aj.beast.bone.left_forearm] run data modify entity @s {} merge value {transformation:[-3.6081491745171257f,0.7258549254273605f,2.1748607223599907f,5.989511066460152f,-1.0162213922187056f,3.1287649817853675f,-2.730155448092778f,-8.875229812386056f,-2.0552806660961065f,-2.8212744134497876f,-2.468168768051548f,-1.5666679642196972f,0f,0f,0f,1f],start_interpolation:0}
execute if entity @s[tag=aj.beast.bone.left_bicep] run data modify entity @s {} merge value {transformation:[-3.0384414101196855f,-0.5608739288075907f,1.8475102796070817f,4.339974914060995f,-0.8557653829210154f,3.4791271642519073f,-0.35119764287154964f,-4.68170961679773f,-1.7307626661861952f,-0.7355913341988355f,-3.0697501498310307f,-1.6802886626941367f,0f,0f,0f,1f],start_interpolation:0}
execute if entity @s[tag=aj.beast.bone.left_arm] run data modify entity @s {} merge value {transformation:[-1.1992530811358915f,0.042041842348027776f,0.004952865640690761f,4.1375f,0.04188416777613609f,1.1987817289962568f,-0.03417722508405105f,-3.319825049813119f,-0.006145231954258462f,-0.033983079859379775f,-1.1995029747389123f,-1.7030597745667255f,0f,0f,0f,1f],start_interpolation:0}
execute if entity @s[tag=aj.beast.bone.chest] run data modify entity @s {} merge value {transformation:[-6.061547916666667f,-4.733832112719678e-17f,7.408145982746483e-16f,8.344437127690384e-19f,0f,6.049210260382277f,0.38654672645333793f,-2.5830931250000013f,-7.423255254024141e-16f,0.38654672645333793f,-6.049210260382277f,-0.006813750000000063f,0f,0f,0f,1f],start_interpolation:0}
execute if entity @s[tag=aj.beast.bone.waist] run data modify entity @s {} merge value {transformation:[-5.023832916666667f,2.6165980969059932e-17f,6.146854243039362e-16f,0.0000012500000003166248f,0f,5.019287395614018f,-0.21366144905843634f,-7.9604775f,-6.152420900846945e-16f,-0.21366144905843634f,-5.019287395614018f,-2.5854375000000003f,0f,0f,0f,1f],start_interpolation:0}
execute if entity @s[tag=aj.beast.bone.hip] run data modify entity @s {} merge value {transformation:[-4.3939320833333335f,2.288522432551876e-17f,5.376146165303756e-16f,1.314196800122255e-16f,0f,4.389956491166954f,-0.18687203805580796f,-11.21196125f,-5.381014861525028e-16f,-0.18687203805580796f,-4.389956491166954f,-1.073123125f,0f,0f,0f,1f],start_interpolation:0}
execute if entity @s[tag=aj.beast.bone.right_foot] run data modify entity @s {} merge value {transformation:[-1.5331188826442375f,-1.1491974322400462f,-0.7003511643544051f,1.1159754184982504f,-1.3456198001492137f,1.3258041642422072f,0.7701627565160583f,-15.836084448919998f,0.021303641145969797f,1.0407634600671314f,-1.7544108911720244f,-0.06390142777111052f,0f,0f,0f,1f],start_interpolation:0}
execute if entity @s[tag=aj.beast.bone.right_knee] run data modify entity @s {} merge value {transformation:[-2.141857262517685f,-1.8742288021901221f,-0.14904316167216078f,-1.2265303964731937f,-1.8799100149143428f,2.1384257040464485f,0.12479520863481557f,-13.13279841723364f,0.029762439836281337f,0.19209868639434396f,-2.8433628491384213f,1.5686979869955482f,0f,0f,0f,1f],start_interpolation:0}
execute if entity @s[tag=aj.beast.bone.right_thigh] run data modify entity @s {} merge value {transformation:[-2.762141231357143f,-1.7648556284544947f,1.9714171118130595f,-1.6874999999999998f,-2.645823009535306f,1.8113589199358593f,-2.085479432979942f,-12.21449625f,0.028660430045480762f,-2.8696495385118537f,-2.5288169379906327f,-2.3747187500000004f,0f,0f,0f,1f],start_interpolation:0}
execute if entity @s[tag=aj.beast.bone.left_foot] run data modify entity @s {} merge value {transformation:[-1.4154302016594102f,1.4690647348649086f,-0.002479719075987321f,-1.5151542626116634f,1.4682878439400502f,1.4147897660667357f,0.06403690475584704f,-15.886226020559143f,0.04783462729320835f,0.042646484135566154f,-2.0389931647317003f,1.7959917255621147f,0f,0f,0f,1f],start_interpolation:0}
execute if entity @s[tag=aj.beast.bone.left_knee] run data modify entity @s {} merge value {transformation:[-1.977439252318294f,1.86799970538706f,-0.8501829826953279f,1.287604686022704f,2.0512844878574232f,1.837285049428836f,-0.7342449162376199f,-13.16908136864782f,0.06682778813021754f,-1.1213655727813014f,-2.619269611726614f,1.5667477786481134f,0f,0f,0f,1f],start_interpolation:0}
execute if entity @s[tag=aj.beast.bone.left_thigh] run data modify entity @s {} merge value {transformation:[-2.8707017852322774f,1.6712332984196434f,-1.8964903170112997f,1.6875000000000002f,2.527784604093938f,1.8966789576458716f,-2.154887219074128f,-12.21449625f,-0.001120522144080399f,-2.8705771534443687f,-2.52792613629302f,-2.3747187499999995f,0f,0f,0f,1f],start_interpolation:0}