execute if entity @s[tag=aj.beast.bone.right_thumb] run data modify entity @s {} merge value {transformation:[-1.0426105169975104f,0.07038783436220564f,-0.10251274369551469f,-4.8908974822711055f,0.08340128714768603f,1.0378595858355648f,-0.1356160218828868f,-17.1996654478716f,0.09223630059956227f,-0.14280417663019915f,-1.0361464336611301f,-2.4176439212258476f,0f,0f,0f,1f],start_interpolation:0}
execute if entity @s[tag=aj.beast.bone.right_fingers_2] run data modify entity @s {} merge value {transformation:[-0.7773775589833621f,-0.6214115243602092f,-0.09763118447191875f,-4.637955810159882f,-0.6092170420912094f,0.7824147088830686f,-0.1291581160789398f,-19.19837715078985f,0.15664841657261236f,-0.04092603958049246f,-0.9868061272963143f,-2.52308019086246f,0f,0f,0f,1f],start_interpolation:0}
execute if entity @s[tag=aj.beast.bone.right_fingers] run data modify entity @s {} merge value {transformation:[-0.983934476591632f,-0.14946938680867272f,-0.09763118447191875f,-5.206008929460956f,-0.13639008042786677f,0.9821995352329482f,-0.1291581160789398f,-18.420543027387687f,0.11519848842424334f,-0.11376719823930005f,-0.9868061272963143f,-2.5688821370299797f,0f,0f,0f,1f],start_interpolation:0}
execute if entity @s[tag=aj.beast.locator_origin.right_hand] at @s on origin run tp @s ^-4.29059 ^-18.00583 ^-1.74122 ~-5.65026 ~-7.42095
execute if entity @s[tag=aj.beast.bone.right_hand] run data modify entity @s {} merge value {transformation:[-1.0426105169975104f,0.07038783436220564f,-0.10251274369551469f,-5.2016108502591365f,0.08340128714768603f,1.0378595858355648f,-0.1356160218828868f,-16.922847429423918f,0.09223630059956227f,-0.14280417663019915f,-1.0361464336611301f,-2.7018111673086986f,0f,0f,0f,1f],start_interpolation:0}
execute if entity @s[tag=aj.beast.bone.right_forearm] run data modify entity @s {} merge value {transformation:[-4.2668097850439315f,0.12250135505396166f,-0.23441987173295756f,-5.04099828144406f,0.1436689845175093f,4.254595297344768f,-0.391667050821863f,-10.53721174171442f,0.2220776466487808f,-0.39879477657277723f,-4.250561050618755f,-2.6641926334522386f,0f,0f,0f,1f],start_interpolation:0}
execute if entity @s[tag=aj.beast.bone.right_bicep] run data modify entity @s {} merge value {transformation:[-3.5931029768791007f,0.11543384084045506f,-0.19048891288304554f,-4.391611528501455f,0.12098440801474471f,3.5965022238302935f,-0.10263784390312612f,-6.190577488747851f,0.18701275507265755f,-0.10884292522980621f,-3.5934912615821903f,-1.6619160608231018f,0f,0f,0f,1f],start_interpolation:0}
execute if entity @s[tag=aj.beast.bone.right_arm] run data modify entity @s {} merge value {transformation:[-1.1999943440946277f,0.0036375067212109902f,-0.0005853936780146569f,-4.1375f,0.0036428921835277303f,1.199940567945066f,-0.011373774053173984f,-4.837190542122208f,0.0005508878690870024f,-0.011375497550727441f,-1.199945954857147f,-1.6580055702203578f,0f,0f,0f,1f],start_interpolation:0}
execute if entity @s[tag=aj.beast.bone.left_thumb] run data modify entity @s {} merge value {transformation:[-1.0422896231006584f,-0.059629700370337296f,0.11214562145010838f,4.8854819566727805f,-0.07458064145244007f,1.0377642789278847f,-0.14136134302499673f,-17.225254308174037f,-0.10281084328624972f,-0.14828890792986507f,-1.0343792004326744f,-2.4198559487963025f,0f,0f,0f,1f],start_interpolation:0}
execute if entity @s[tag=aj.beast.bone.left_fingers_2] run data modify entity @s {} merge value {transformation:[-0.9940799093435582f,-0.019943676874515905f,0.10680535376200798f,4.7859664067981225f,-0.03433268456238454f,0.9903009997597138f,-0.13462985049999687f,-19.321273354760223f,-0.1030844343741701f,-0.13749974410025861f,-0.9851230480311184f,-2.4867938432592656f,0f,0f,0f,1f],start_interpolation:0}
execute if entity @s[tag=aj.beast.bone.left_fingers] run data modify entity @s {} merge value {transformation:[-0.9932171983877127f,-0.045958821075337f,0.10680535376200798f,5.191259564329251f,-0.06024397768880806f,0.9890629234313554f,-0.13462985049999687f,-18.44957232530023f,-0.099449786219443f,-0.14015106228204718f,-0.9851230480311184f,-2.5621785887059203f,0f,0f,0f,1f],start_interpolation:0}
execute if entity @s[tag=aj.beast.bone.left_hand] run data modify entity @s {} merge value {transformation:[-1.0422896231006584f,-0.059629700370337296f,0.11214562145010838f,5.201610850259137f,-0.07458064145244007f,1.0377642789278847f,-0.14136134302499673f,-16.95253429356707f,-0.10281084328624972f,-0.14828890792986507f,-1.0343792004326744f,-2.702005470154603f,0f,0f,0f,1f],start_interpolation:0}
execute if entity @s[tag=aj.beast.bone.left_forearm] run data modify entity @s {} merge value {transformation:[-4.2668097850439315f,-0.12250135505396155f,0.2344198717329586f,5.040998281444061f,-0.1436689845175093f,4.254595297344768f,-0.391667050821863f,-10.566898605857574f,-0.22207764664878182f,-0.3987947765727773f,-4.250561050618755f,-2.664386936298143f,0f,0f,0f,1f],start_interpolation:0}
execute if entity @s[tag=aj.beast.bone.left_bicep] run data modify entity @s {} merge value {transformation:[-3.5931029768791007f,-0.11543384084045503f,0.1904889128830464f,4.391611528501455f,-0.12098440801474471f,3.5965022238302935f,-0.10263784390312612f,-6.220264352891005f,-0.18701275507265844f,-0.10884292522980624f,-3.5934912615821903f,-1.6621103636690062f,0f,0f,0f,1f],start_interpolation:0}
execute if entity @s[tag=aj.beast.bone.left_arm] run data modify entity @s {} merge value {transformation:[-1.1999943440946277f,-0.003637506721210987f,0.0005853936780149508f,4.1375f,-0.0036428921835277303f,1.199940567945066f,-0.011373774053173984f,-4.8668774062653615f,-0.0005508878690872963f,-0.011375497550727441f,-1.199945954857147f,-1.6581998730662624f,0f,0f,0f,1f],start_interpolation:0}
execute if entity @s[tag=aj.beast.bone.chest] run data modify entity @s {} merge value {transformation:[-6.061547916666667f,-4.858474515340677e-18f,7.423096260249856e-16f,8.344437127690384e-19f,0f,6.061418088397491f,0.039672455100714224f,-4.020593124999998f,-7.423255254024141e-16f,0.039672455100714224f,-6.061418088397491f,-0.006813750000000063f,0f,0f,0f,1f],start_interpolation:0}
execute if entity @s[tag=aj.beast.bone.waist] run data modify entity @s {} merge value {transformation:[-5.023832916666667f,2.6844915240334338e-18f,6.152362334234231e-16f,0.0000012500000003099276f,0f,5.02378509339815f,-0.021920536810307114f,-9.3979775f,-6.152420900846945e-16f,-0.021920536810307114f,-5.02378509339815f,-2.5307500000000003f,0f,0f,0f,1f],start_interpolation:0}
execute if entity @s[tag=aj.beast.bone.hip] run data modify entity @s {} merge value {transformation:[-4.393932083333333f,2.3479032106651435e-18f,5.380963638141828e-16f,1.314196800122255e-16f,0f,4.393890256266758f,-0.019172084655754176f,-12.64946125f,-5.381014861525027e-16f,-0.019172084655754176f,-4.393890256266758f,-1.073123125f,0f,0f,0f,1f],start_interpolation:0}
execute if entity @s[tag=aj.beast.bone.right_foot] run data modify entity @s {} merge value {transformation:[-2.0364593972939136f,-0.012155024642219073f,-0.11952145643882123f,-1.800846266614635f,-0.0995945987628579f,1.3058141413442357f,1.5641388506659766f,-18.58484539233804f,0.06718659889126208f,1.5672592904945128f,-1.304141202971542f,-3.82830759337882f,0f,0f,0f,1f],start_interpolation:0}
execute if entity @s[tag=aj.beast.bone.right_knee] run data modify entity @s {} merge value {transformation:[-2.84505356974885f,-0.024973044738475066f,-0.16597148036881507f,-1.7482328854847875f,-0.13913951297752206f,1.92703979821578f,2.0951510236784516f,-17.097302124304733f,0.09386363080396908f,2.099617575447723f,-1.924914454120837f,-0.19929089405067524f,0f,0f,0f,1f],start_interpolation:0}
execute if entity @s[tag=aj.beast.bone.right_thigh] run data modify entity @s {} merge value {transformation:[-3.8132651769864068f,-0.2984964122382647f,0.023099390981507865f,-1.6874999999999998f,-0.2993744294000962f,3.7988173188952996f,-0.33164277269752335f,-13.65199625f,0.0029395585041764945f,-0.3324332557702647f,-3.810525487311925f,-2.3747187500000004f,0f,0f,0f,1f],start_interpolation:0}
execute if entity @s[tag=aj.beast.bone.left_foot] run data modify entity @s {} merge value {transformation:[-2.03366993491853f,0.15988414527736036f,-0.014955129467509766f,1.4694399689100495f,0.15984791608537366f,2.0337204238257294f,0.005466391612379787f,-20.814954268828163f,0.015337520387122197f,0.004277593134519219f,-2.0399378575499183f,-1.3436242978413397f,0f,0f,0f,1f],start_interpolation:0}
execute if entity @s[tag=aj.beast.bone.left_knee] run data modify entity @s {} merge value {transformation:[-2.8411565267244168f,0.22224361109188703f,-0.030616465832716707f,1.7646565111622996f,0.22331694158986026f,2.838855959716877f,-0.11630298181439734f,-17.097053372095104f,0.021427418187891307f,-0.11834110574439961f,-2.847461369086681f,-0.19941745923006415f,0f,0f,0f,1f],start_interpolation:0}
execute if entity @s[tag=aj.beast.bone.left_thigh] run data modify entity @s {} merge value {transformation:[-3.814518510513986f,0.2819110300048758f,-0.024488856807916105f,1.6875000000000002f,0.2829726483926186f,3.800072651229149f,-0.33166146240095123f,-13.65199625f,-0.00011492534973771779f,-0.3325643043711399f,-3.8105151843615985f,-2.3747187499999995f,0f,0f,0f,1f],start_interpolation:0}