execute if entity @s[tag=aj.beast.bone.right_thumb] run data modify entity @s {} merge value {transformation:[-0.6572141840735496f,-0.08717273586431673f,-0.8142299616045018f,-4.9445874050500995f,0.7086855592804973f,0.46254529496262736f,-0.6215437459867367f,-15.743137745298394f,0.41028562529026946f,-0.9385908396260143f,-0.2306793043389601f,2.14923890762388f,0f,0f,0f,1f],start_interpolation:0}
execute if entity @s[tag=aj.beast.bone.right_fingers_2] run data modify entity @s {} merge value {transformation:[-0.4053867396443681f,-0.4840742377206685f,-0.7754571062900016f,-4.782511762468303f,0.20000640945397158f,0.7807668450977434f,-0.591946424749273f,-17.082345361750914f,0.8919972127186497f,-0.39506362268787815f,-0.21969457556091437f,3.6493053108023985f,0f,0f,0f,1f],start_interpolation:0}
execute if entity @s[tag=aj.beast.bone.right_fingers] run data modify entity @s {} merge value {transformation:[-0.5931123337497052f,-0.21652721736150227f,-0.7754571062900016f,-5.233053589775348f,0.5635940540557232f,0.5761607175602897f,-0.591946424749273f,-16.338114730026398f,0.5749604349753235f,-0.7881337397181376f,-0.21969457556091437f,3.2334436549612073f,0f,0f,0f,1f],start_interpolation:0}
execute if entity @s[tag=aj.beast.locator_origin.right_hand] at @s on origin run tp @s ^-4.01582 ^-16.15421 ^2.80972 ~-74.18206 ~-36.29525
execute if entity @s[tag=aj.beast.bone.right_hand] run data modify entity @s {} merge value {transformation:[-0.6572141840735496f,-0.08717273586431673f,-0.8142299616045018f,-5.373284129720616f,0.7086855592804973f,0.46254529496262736f,-0.6215437459867367f,-15.57131094768289f,0.41028562529026946f,-0.9385908396260143f,-0.2306793043389601f,1.9477030398284692f,0f,0f,0f,1f],start_interpolation:0}
execute if entity @s[tag=aj.beast.bone.right_forearm] run data modify entity @s {} merge value {transformation:[-3.7020379871506726f,-0.5544417630439111f,-2.0647358361509958f,-5.941481930084306f,0.957281516831343f,3.2617986250943964f,-2.5922783081423537f,-10.326157666257654f,1.9115835946216098f,-2.7071920989699017f,-2.7004784946465437f,-1.6535568787994466f,0f,0f,0f,1f],start_interpolation:0}
execute if entity @s[tag=aj.beast.bone.right_bicep] run data modify entity @s {} merge value {transformation:[-3.1175056733900406f,0.5441834172876345f,-1.716106868679822f,-4.344446803957139f,0.806131803647447f,3.4903070269785466f,-0.3576428002522856f,-6.110902745556049f,1.6097546059971455f,-0.693989384481733f,-3.1443709772699604f,-1.6779612107441937f,0f,0f,0f,1f],start_interpolation:0}
execute if entity @s[tag=aj.beast.bone.right_arm] run data modify entity @s {} merge value {transformation:[-1.1993851401636022f,-0.03810184483615212f,-0.004851285893345808f,-4.1375f,-0.037958282650462326f,1.1989669622333725f,-0.03220857418618887f,-4.749654720890778f,0.005869781338755247f,-0.03203861565301173f,-1.1995578655379968f,-1.6984800759078227f,0f,0f,0f,1f],start_interpolation:0}
execute if entity @s[tag=aj.beast.bone.left_thumb] run data modify entity @s {} merge value {transformation:[-0.6022389457561026f,0.2222020125093677f,0.8309238941391474f,4.9187345761679975f,-0.6895425848011173f,0.4816079180884745f,-0.628557743552873f,-15.758178786257275f,-0.5141393546115411f,-0.9061898691065092f,-0.13030980457492836f,2.082725035686573f,0f,0f,0f,1f],start_interpolation:0}
execute if entity @s[tag=aj.beast.bone.left_fingers_2] run data modify entity @s {} merge value {transformation:[-0.4725703924864668f,0.3878566275172156f,0.7913560896563308f,4.57246952966716f,-0.4701854426046051f,0.6485152703906095f,-0.5986264224313076f,-17.098136298413273f,-0.7453877338056338f,-0.6549772366740441f,-0.12410457578564604f,3.6186476019709986f,0f,0f,0f,1f],start_interpolation:0}
execute if entity @s[tag=aj.beast.bone.left_fingers] run data modify entity @s {} merge value {transformation:[-0.5500565664590453f,0.266820750803095f,0.7913560896563308f,5.04670030727765f,-0.608587064660033f,0.5208341301178128f,-0.5986264224313076f,-16.38102455429702f,-0.5718912120532811f,-0.8108874742190153f,-0.12410457578564604f,3.181996706899525f,0f,0f,0f,1f],start_interpolation:0}
execute if entity @s[tag=aj.beast.bone.left_hand] run data modify entity @s {} merge value {transformation:[-0.6022389457561026f,0.2222020125093677f,0.8309238941391474f,5.3732841297206155f,-0.6895425848011173f,0.4816079180884745f,-0.628557743552873f,-15.588468637857941f,-0.5141393546115411f,-0.9061898691065092f,-0.13030980457492836f,1.9466911978907155f,0f,0f,0f,1f],start_interpolation:0}
execute if entity @s[tag=aj.beast.bone.left_forearm] run data modify entity @s {} merge value {transformation:[-3.7020379871506717f,0.554441763043912f,2.064735836150996f,5.941481930084306f,-0.957281516831343f,3.2617986250943964f,-2.5922783081423537f,-10.343315356432704f,-1.9115835946216109f,-2.7071920989699017f,-2.700478494646543f,-1.6545687207372002f,0f,0f,0f,1f],start_interpolation:0}
execute if entity @s[tag=aj.beast.bone.left_bicep] run data modify entity @s {} merge value {transformation:[-3.11750567339004f,-0.5441834172876344f,1.7161068686798227f,4.344446803957139f,-0.806131803647447f,3.4903070269785466f,-0.3576428002522856f,-6.128060435731099f,-1.6097546059971464f,-0.6939893844817331f,-3.14437097726996f,-1.6789730526819475f,0f,0f,0f,1f],start_interpolation:0}
execute if entity @s[tag=aj.beast.bone.left_arm] run data modify entity @s {} merge value {transformation:[-1.1993851401636022f,0.038101844836152136f,0.004851285893346101f,4.1375f,0.037958282650462326f,1.1989669622333725f,-0.03220857418618887f,-4.766812411065827f,-0.005869781338755541f,-0.032038615653011714f,-1.1995578655379968f,-1.6994919178455765f,0f,0f,0f,1f],start_interpolation:0}
execute if entity @s[tag=aj.beast.bone.chest] run data modify entity @s {} merge value {transformation:[-6.061547916666667f,-4.370130025123125e-17f,7.410380435715308e-16f,8.344437127690384e-19f,0f,6.051034829695144f,0.35684819722435723f,-4.020593124999998f,-7.423255254024141e-16f,0.35684819722435723f,-6.051034829695144f,-0.006813750000000063f,0f,0f,0f,1f],start_interpolation:0}
execute if entity @s[tag=aj.beast.bone.waist] run data modify entity @s {} merge value {transformation:[-5.023832916666667f,2.4154291103949395e-17f,6.147677607300573e-16f,0.0000012500000003160508f,0f,5.019959723555253f,-0.1972347547126776f,-9.3979775f,-6.152420900846945e-16f,-0.1972347547126776f,-5.019959723555253f,-2.58075f,0f,0f,0f,1f],start_interpolation:0}
execute if entity @s[tag=aj.beast.bone.hip] run data modify entity @s {} merge value {transformation:[-4.393932083333333f,2.1125765206028262e-17f,5.37686629407866e-16f,1.314196800122255e-16f,0f,4.390544520936357f,-0.17250496404952712f,-12.64946125f,-5.381014861525027e-16f,-0.17250496404952712f,-4.390544520936357f,-1.073123125f,0f,0f,0f,1f],start_interpolation:0}
execute if entity @s[tag=aj.beast.bone.right_foot] run data modify entity @s {} merge value {transformation:[-1.6090984203539667f,-1.0482287759352613f,-0.6881996126965146f,0.9873003989847664f,-1.2536870242511058f,1.3679502507319794f,0.84769154575631f,-17.541619968080422f,0.025905961452471617f,1.0915715939981117f,-1.7231948051040678f,-0.3638067972990373f,0f,0f,0f,1f],start_interpolation:0}
execute if entity @s[tag=aj.beast.bone.right_knee] run data modify entity @s {} merge value {transformation:[-2.2480051460827477f,-1.7324413424450518f,-0.26003818598942663f,-1.1181323445920568f,-1.751474519174339f,2.231366988638102f,0.27538767346986676f,-14.791726420643872f,0.03619215202918829f,0.37702567154414496f,-2.824719768601513f,1.4960877574913827f,0f,0f,0f,1f],start_interpolation:0}
execute if entity @s[tag=aj.beast.bone.right_thigh] run data modify entity @s {} merge value {transformation:[-2.9127677152144003f,-1.7710889772570697f,1.7348351713759997f,-1.6874999999999998f,-2.47905412085508f,2.0521443277011904f,-2.0672734033395974f,-13.65199625f,0.026455681358350313f,-2.6986241851955497f,-2.7106000450087664f,-2.3747187500000004f,0f,0f,0f,1f],start_interpolation:0}
execute if entity @s[tag=aj.beast.bone.left_foot] run data modify entity @s {} merge value {transformation:[-1.505510062448703f,1.3765368650838516f,-0.01362757978602693f,-1.4460867673097602f,1.375541503168321f,1.5050674160668382f,0.06525064103385296f,-17.718727585549384f,0.054083499582966675f,0.038965781899154485f,-2.0389106510374226f,1.6049946141088498f,0f,0f,0f,1f],start_interpolation:0}
execute if entity @s[tag=aj.beast.bone.left_knee] run data modify entity @s {} merge value {transformation:[-2.1032861166562764f,1.7694297456931347f,-0.753528955340995f,1.183616802120708f,1.921712394132213f,1.9774966970988608f,-0.7204361784375761f,-14.827863257603827f,0.07555783029973286f,-1.0397716999512094f,-2.6524829549425895f,1.494356838646731f,0f,0f,0f,1f],start_interpolation:0}
execute if entity @s[tag=aj.beast.bone.left_thigh] run data modify entity @s {} merge value {transformation:[-3.006585839697138f,1.6757400404290637f,-1.6682211800104512f,1.6875000000000002f,2.3645434060238366f,2.1295715795409333f,-2.122377056189766f,-13.65199625f,-0.0010341962370346638f,-2.6995268482669967f,-2.709830017902194f,-2.3747187499999995f,0f,0f,0f,1f],start_interpolation:0}