execute if entity @s[tag=aj.beast.bone.right_thumb] run data modify entity @s {} merge value {transformation:[-0.6420464931271747f,-0.10628831324907692f,-0.82400187811058f,-4.881116053857121f,0.7238516348906016f,0.43960279600138463f,-0.6207158709216061f,-15.673318074991034f,0.40781749757618324f,-0.9476033855017779f,-0.19553187069188674f,2.243692971454235f,0f,0f,0f,1f],start_interpolation:0}
execute if entity @s[tag=aj.beast.bone.right_fingers_2] run data modify entity @s {} merge value {transformation:[-0.38243712852001976f,-0.48773741725429914f,-0.7847636934386476f,-4.692839929240776f,0.22541720133218757f,0.774415480941773f,-0.5911579723062915f,-16.975831101298265f,0.8960630156818916f,-0.4029799929125863f,-0.1862208292303683f,3.772730801276345f,0f,0f,0f,1f],start_interpolation:0}
execute if entity @s[tag=aj.beast.bone.right_fingers] run data modify entity @s {} merge value {transformation:[-0.5750689772758609f,-0.2311744294584238f,-0.7847636934386476f,-5.147818307486902f,0.5824247632745523f,0.5579548789134255f,-0.5911579723062915f,-16.238722118481657f,0.574523338515919f,-0.7970224189201185f,-0.1862208292303683f,3.3490881323573456f,0f,0f,0f,1f],start_interpolation:0}
execute if entity @s[tag=aj.beast.locator_origin.consume] at @s on origin run tp @s ^-3.93979 ^-16.07502 ^2.89205 ~-76.65088 ~-36.23922
execute if entity @s[tag=aj.beast.bone.right_hand] run data modify entity @s {} merge value {transformation:[-0.6420464931271747f,-0.10628831324907692f,-0.82400187811058f,-5.3132639526425764f,0.7238516348906016f,0.43960279600138463f,-0.6207158709216061f,-15.503228979643076f,0.40781749757618324f,-0.9476033855017779f,-0.19553187069188674f,2.0481426471151876f,0f,0f,0f,1f],start_interpolation:0}
execute if entity @s[tag=aj.beast.bone.right_forearm] run data modify entity @s {} merge value {transformation:[-3.671419404348097f,-0.6101233686684628f,-2.103343536463054f,-5.958147788011277f,0.9774012721587332f,3.2177110158391566f,-2.63944076874815f,-10.316398230810599f,1.959844715930002f,-2.7476736148152647f,-2.623913755421329f,-1.6239774910810116f,0f,0f,0f,1f],start_interpolation:0}
execute if entity @s[tag=aj.beast.bone.right_bicep] run data modify entity @s {} merge value {transformation:[-3.0917216036615565f,0.5501305815265044f,-1.7602880073220202f,-4.342956900578681f,0.8230747555020913f,3.486517702971914f,-0.3560087832043246f,-6.108347928066372f,1.6503955502568444f,-0.7082024076016413f,-3.1200390826974673f,-1.6784004525008307f,0f,0f,0f,1f],start_interpolation:0}
execute if entity @s[tag=aj.beast.bone.right_arm] run data modify entity @s {} merge value {transformation:[-1.1993425479985835f,-0.039414868391657226f,-0.004890880282180233f,-4.1375f,-0.0392665346355576f,1.1989070255690129f,-0.032864620779460965f,-4.746885763614229f,0.005965887861905845f,-0.032686575087206085f,-1.1995399101284996f,-1.6996707350722948f,0f,0f,0f,1f],start_interpolation:0}
execute if entity @s[tag=aj.beast.bone.left_thumb] run data modify entity @s {} merge value {transformation:[-0.5837322028185163f,0.24486231575049994f,0.8377345413183971f,4.856026597404215f,-0.7057204642610629f,0.4605701453438333f,-0.6263655223119405f,-15.689147966127356f,-0.5135322207182255f,-0.9112725100337785f,-0.09147169365954112f,2.174575724761843f,0f,0f,0f,1f],start_interpolation:0}
execute if entity @s[tag=aj.beast.bone.left_fingers_2] run data modify entity @s {} merge value {transformation:[-0.44509609017598734f,0.40661645671901314f,0.7978424203032353f,4.473368821129016f,-0.48540154345655856f,0.6391612074083469f,-0.5965385926780385f,-16.993931958201042f,-0.7525123335335044f,-0.6527909374903876f,-0.0871158987233725f,3.730587910776792f,0f,0f,0f,1f],start_interpolation:0}
execute if entity @s[tag=aj.beast.bone.left_fingers] run data modify entity @s {} merge value {transformation:[-0.5296171658541756f,0.2880158502535345f,0.7978424203032353f,4.9565558126705325f,-0.6245118241616048f,0.504109798484467f,-0.5965385926780385f,-16.283976840068735f,-0.5740127517006355f,-0.8141991040738646f,-0.0871158987233725f,3.2920652208370114f,0f,0f,0f,1f],start_interpolation:0}
execute if entity @s[tag=aj.beast.bone.left_hand] run data modify entity @s {} merge value {transformation:[-0.5837322028185163f,0.24486231575049994f,0.8377345413183971f,5.313263952642576f,-0.7057204642610629f,0.4605701453438333f,-0.6263655223119405f,-15.519995081874008f,-0.5135322207182255f,-0.9112725100337785f,-0.09147169365954112f,2.0471263667662836f,0f,0f,0f,1f],start_interpolation:0}
execute if entity @s[tag=aj.beast.bone.left_forearm] run data modify entity @s {} merge value {transformation:[-3.6714194043480965f,0.6101233686684635f,2.103343536463055f,5.958147788011277f,-0.9774012721587332f,3.2177110158391566f,-2.63944076874815f,-10.33316433304153f,-1.959844715930003f,-2.7476736148152647f,-2.6239137554213285f,-1.6249937714299159f,0f,0f,0f,1f],start_interpolation:0}
execute if entity @s[tag=aj.beast.bone.left_bicep] run data modify entity @s {} merge value {transformation:[-3.091721603661556f,-0.5501305815265043f,1.760288007322021f,4.342956900578681f,-0.8230747555020913f,3.486517702971914f,-0.3560087832043246f,-6.125114030297304f,-1.650395550256845f,-0.7082024076016414f,-3.120039082697467f,-1.6794167328497351f,0f,0f,0f,1f],start_interpolation:0}
execute if entity @s[tag=aj.beast.bone.left_arm] run data modify entity @s {} merge value {transformation:[-1.1993425479985835f,0.03941486839165725f,0.004890880282180527f,4.1375f,0.0392665346355576f,1.1989070255690129f,-0.032864620779460965f,-4.763651865845161f,-0.005965887861906138f,-0.03268657508720607f,-1.1995399101284996f,-1.7006870154211993f,0f,0f,0f,1f],start_interpolation:0}
execute if entity @s[tag=aj.beast.bone.chest] run data modify entity @s {} merge value {transformation:[-6.061547916666667f,-4.4913761872811046e-17f,7.409655455271875e-16f,8.344437127690384e-19f,0f,6.05044283823774f,0.36674869769864876f,-4.020593124999998f,-7.423255254024141e-16f,0.36674869769864876f,-6.05044283823774f,-0.006813750000000063f,0f,0f,0f,1f],start_interpolation:0}
execute if entity @s[tag=aj.beast.bone.waist] run data modify entity @s {} merge value {transformation:[-5.023832916666667f,2.482488419770966e-17f,6.147410467313481e-16f,0.0000012500000003162422f,0f,5.019741587201754f,-0.2027105628740769f,-9.3979775f,-6.152420900846945e-16f,-0.2027105628740769f,-5.019741587201754f,-2.5823125000000005f,0f,0f,0f,1f],start_interpolation:0}
execute if entity @s[tag=aj.beast.bone.hip] run data modify entity @s {} merge value {transformation:[-4.393932083333333f,2.1712277647506915e-17f,5.376632648776458e-16f,1.314196800122255e-16f,0f,4.390353735068659f,-0.17729420158223455f,-12.64946125f,-5.381014861525027e-16f,-0.17729420158223455f,-4.390353735068659f,-1.073123125f,0f,0f,0f,1f],start_interpolation:0}
execute if entity @s[tag=aj.beast.bone.right_foot] run data modify entity @s {} merge value {transformation:[-1.584398323242762f,-1.082105423699346f,-0.6930582986343811f,1.0340503569104391f,-1.284790935986389f,1.3548384378368608f,0.8217816365476864f,-17.454161985257347f,0.024376302277892673f,1.0747374839281607f,-1.733766171237351f,-0.26282097085335465f,0f,0f,0f,1f],start_interpolation:0}
execute if entity @s[tag=aj.beast.bone.right_knee] run data modify entity @s {} merge value {transformation:[-2.213497657471506f,-1.7810918125033188f,-0.22503349928799216f,-1.1512065887505734f,-1.7949285135103963f,2.2024207154269573f,0.22377359908078914f,-14.716515688367572f,0.034055128182350056f,0.3155232918373096f,-2.8322756399320728f,1.522138336130606f,0f,0f,0f,1f],start_interpolation:0}
execute if entity @s[tag=aj.beast.bone.right_thigh] run data modify entity @s {} merge value {transformation:[-2.8636510778040787f,-1.7722979705605035f,1.8135841331845244f,-1.6874999999999998f,-2.5356238228448156f,1.9720116472445002f,-2.076633547873548f,-13.65199625f,0.027190689829135768f,-2.756946674616533f,-2.6512507802370306f,-2.3747187500000004f,0f,0f,0f,1f],start_interpolation:0}
execute if entity @s[tag=aj.beast.bone.left_foot] run data modify entity @s {} merge value {transformation:[-1.4761277277262819f,1.4080290699825402f,-0.010053333862350132f,-1.4734845229361757f,1.4070967413635755f,1.4756151577729646f,0.06510504277455964f,-17.587362328726922f,0.052208159148271295f,0.04017516938077444f,-2.038936061744845f,1.6705507656281087f,0f,0f,0f,1f],start_interpolation:0}
execute if entity @s[tag=aj.beast.bone.left_knee] run data modify entity @s {} merge value {transformation:[-2.0622372666764233f,1.8035273798783182f,-0.7854721166026236f,1.2153589614906943f,1.9657969180814658f,1.931600153404233f,-0.7259912700784747f,-14.752877852649885f,0.0729378693983202f,-1.067103480173313f,-2.64167943358191f,1.5203357995590512f,0f,0f,0f,1f],start_interpolation:0}
execute if entity @s[tag=aj.beast.bone.left_thigh] run data modify entity @s {} merge value {transformation:[-2.9623011000677963f,1.6773303978503977f,-1.744121535038243f,1.6875000000000002f,2.419792565994385f,2.0521700845336817f,-2.1363115132637702f,-13.65199625f,-0.0010630594715442783f,-2.7578588942496784f,-2.650441131078468f,-2.3747187499999995f,0f,0f,0f,1f],start_interpolation:0}