execute if entity @s[tag=aj.beast.bone.right_thumb] run data modify entity @s {} merge value {transformation:[-0.3663955063906434f,-0.6131107907433521f,-0.7696424437170849f,-2.6223408912287267f,0.9611692829594641f,-0.04711615798879458f,-0.42004008993376374f,-13.886926584185828f,0.2107319206763262f,-0.8511023592555932f,0.5776822930276033f,3.2651752648580437f,0f,0f,0f,1f],start_interpolation:0}
execute if entity @s[tag=aj.beast.bone.right_fingers_2] run data modify entity @s {} merge value {transformation:[0.1372157554655356f,-0.6662532449530547f,-0.7329928035400808f,-1.5881440843499868f,0.7052186134492879f,0.5853513142339772f,-0.40003818088929877f,-14.318411343581626f,0.6955850369988461f,-0.46202862737505823f,0.5501736124072413f,4.9427337988229985f,0f,0f,0f,1f],start_interpolation:0}
execute if entity @s[tag=aj.beast.bone.right_fingers] run data modify entity @s {} merge value {transformation:[-0.21429429244390005f,-0.6456001132159296f,-0.7329928035400808f,-2.2356067452320256f,0.90341289158571f,0.15431980154058805f,-0.40003818088929877f,-13.782350272777201f,0.3713799988458104f,-0.7479210470818778f,0.5501736124072413f,4.470252350212808f,0f,0f,0f,1f],start_interpolation:0}
execute if entity @s[tag=aj.beast.locator_origin.right_hand] at @s on origin run tp @s ^-1.46131 ^-14.14991 ^3.49027 ~-126.89135 ~-23.58057
execute if entity @s[tag=aj.beast.bone.right_hand] run data modify entity @s {} merge value {transformation:[-0.3663955063906434f,-0.6131107907433521f,-0.7696424437170849f,-3.1007096680670223f,0.9611692829594641f,-0.04711615798879458f,-0.42004008993376374f,-13.7303125884999f,0.2107319206763262f,-0.8511023592555932f,0.5776822930276033f,3.2415658211627973f,0f,0f,0f,1f],start_interpolation:0}
execute if entity @s[tag=aj.beast.bone.right_forearm] run data modify entity @s {} merge value {transformation:[-2.716867826556983f,-2.2850635500042835f,-2.3817512014191062f,-6.1822952959179585f,1.3006113988445172f,2.0940845283354825f,-3.492684494394198f,-10.08389357996101f,3.033589326559421f,-2.944302898926633f,-0.6356423814984187f,-1.0023725761149964f,0f,0f,0f,1f],start_interpolation:0}
execute if entity @s[tag=aj.beast.bone.right_bicep] run data modify entity @s {} merge value {transformation:[-2.2878886960479865f,0.5956413313270787f,-2.714917442374769f,-4.305535639690284f,1.09525170429012f,3.4250545420746676f,-0.17153742467250957f,-6.043218705302598f,2.5546015381553024f,-0.9349934696181545f,-2.357922431511684f,-1.6880915871254722f,0f,0f,0f,1f],start_interpolation:0}
execute if entity @s[tag=aj.beast.bone.right_arm] run data modify entity @s {} merge value {transformation:[-1.1978141003980423f,-0.07228561562274353f,-0.004021276124638491f,-4.1375f,-0.07206006949494168f,1.196819379159845f,-0.04930233312763217f,-4.677049232332523f,0.006980492247240518f,-0.0489710469714996f,-1.198980028727127f,-1.7279561461889703f,0f,0f,0f,1f],start_interpolation:0}
execute if entity @s[tag=aj.beast.bone.left_thumb] run data modify entity @s {} merge value {transformation:[-0.21159549511049774f,0.7944669879640681f,0.6531076109526249f,2.647572074728374f,-0.9775464660534171f,0.05183175209631106f,-0.37975831285319056f,-13.936701279755624f,-0.3195782426189533f,-0.6845697002569778f,0.7292009821267753f,3.146882719133905f,0f,0f,0f,1f],start_interpolation:0}
execute if entity @s[tag=aj.beast.bone.left_fingers_2] run data modify entity @s {} merge value {transformation:[0.24227251510733827f,0.7445878129571387f,0.6220072485263094f,1.286920308038313f,-0.7545119720676436f,0.5476341657840025f,-0.3616745836697053f,-14.512098190830777f,-0.6099309079151177f,-0.3816881046898958f,0.6944771258350241f,4.551866104540893f,0f,0f,0f,1f],start_interpolation:0}
execute if entity @s[tag=aj.beast.bone.left_fingers] run data modify entity @s {} merge value {transformation:[-0.07132360736213986f,0.7797563246383974f,0.6220072485263094f,1.9849568123884598f,-0.9094141903772203f,0.20532249235748584f,-0.3616745836697053f,-13.929782049422979f,-0.4097301226092559f,-0.5914581543258397f,0.6944771258350241f,4.230212504841183f,0f,0f,0f,1f],start_interpolation:0}
execute if entity @s[tag=aj.beast.bone.left_hand] run data modify entity @s {} merge value {transformation:[-0.21159549511049774f,0.7944669879640681f,0.6531076109526249f,3.100709668067022f,-0.9775464660534171f,0.05183175209631106f,-0.37975831285319056f,-13.73730768829896f,-0.3195782426189533f,-0.6845697002569778f,0.7292009821267753f,3.2408537429622593f,0f,0f,0f,1f],start_interpolation:0}
execute if entity @s[tag=aj.beast.bone.left_forearm] run data modify entity @s {} merge value {transformation:[-2.7168678265569826f,2.285063550004284f,2.3817512014191062f,6.1822952959179585f,-1.3006113988445172f,2.0940845283354825f,-3.492684494394198f,-10.09088867976007f,-3.0335893265594214f,-2.944302898926633f,-0.6356423814984181f,-1.0030846543155343f,0f,0f,0f,1f],start_interpolation:0}
execute if entity @s[tag=aj.beast.bone.left_bicep] run data modify entity @s {} merge value {transformation:[-2.287888696047986f,-0.5956413313270785f,2.7149174423747695f,4.305535639690284f,-1.09525170429012f,3.4250545420746676f,-0.17153742467250957f,-6.050213805101658f,-2.554601538155303f,-0.9349934696181548f,-2.3579224315116836f,-1.6888036653260103f,0f,0f,0f,1f],start_interpolation:0}
execute if entity @s[tag=aj.beast.bone.left_arm] run data modify entity @s {} merge value {transformation:[-1.1978141003980423f,0.07228561562274353f,0.004021276124638784f,4.1375f,0.07206006949494168f,1.196819379159845f,-0.04930233312763217f,-4.684044332131584f,-0.006980492247240811f,-0.048971046971499566f,-1.198980028727127f,-1.7286682243895084f,0f,0f,0f,1f],start_interpolation:0}
execute if entity @s[tag=aj.beast.bone.chest] run data modify entity @s {} merge value {transformation:[-6.061547916666667f,-7.517778835098348e-17f,7.385089612202581e-16f,8.344437127690384e-19f,0f,6.0303833050838564f,0.6138732278018869f,-4.020593124999998f,-7.423255254024141e-16f,0.6138732278018869f,-6.0303833050838564f,-0.006813750000000063f,0f,0f,0f,1f],start_interpolation:0}
execute if entity @s[tag=aj.beast.bone.waist] run data modify entity @s {} merge value {transformation:[-5.023832916666667f,4.157803726280793e-17f,6.138355612288652e-16f,0.0000012500000003210258f,0f,5.012347736965804f,-0.3395104391874961f,-9.3979775f,-6.152420900846945e-16f,-0.3395104391874961f,-5.012347736965804f,-2.6213750000000005f,0f,0f,0f,1f],start_interpolation:0}
execute if entity @s[tag=aj.beast.bone.hip] run data modify entity @s {} merge value {transformation:[-4.393932083333333f,3.636487815607866e-17f,5.368713114296811e-16f,1.314196800122255e-16f,0f,4.383886944411007f,-0.2969417646083532f,-12.64946125f,-5.381014861525027e-16f,-0.2969417646083532f,-4.383886944411007f,-1.073123125f,0f,0f,0f,1f],start_interpolation:0}
execute if entity @s[tag=aj.beast.bone.right_foot] run data modify entity @s {} merge value {transformation:[-0.7869060241410588f,-1.7931807151487114f,-0.5717358061108864f,0.8710592569713604f,-1.882075825101484f,0.7454160312218922f,0.25247876933708613f,-15.082574768454403f,-0.01301912973584118f,0.6248662762672961f,-1.9418992350389253f,1.8239687836378042f,0f,0f,0f,1f],start_interpolation:0}
execute if entity @s[tag=aj.beast.bone.right_knee] run data modify entity @s {} merge value {transformation:[-1.0993540043147145f,-2.3842250524790485f,1.1087793614279076f,-2.751362321499447f,-2.6293706380094264f,1.0051227038433068f,-0.44568867855558136f,-13.560083819578594f,-0.01818849007213106f,-1.1948636948832252f,-2.5873673742781294f,1.5579719921466686f,0f,0f,0f,1f],start_interpolation:0}
execute if entity @s[tag=aj.beast.bone.right_thigh] run data modify entity @s {} merge value {transformation:[-1.3344676464535243f,-0.8047008596989739f,3.493175865450883f,-1.6874999999999998f,-3.5843751503664945f,0.2521670492590357f,-1.3112175870934473f,-13.65199625f,0.045561848118401534f,-3.730883716449459f,-0.8420545186199724f,-2.3747187500000004f,0f,0f,0f,1f],start_interpolation:0}
execute if entity @s[tag=aj.beast.bone.left_foot] run data modify entity @s {} merge value {transformation:[-0.5847930969646876f,1.9522397585655045f,0.09152572763190983f,-0.8417907453827822f,1.9534627346042979f,0.5868092070014411f,-0.035189474145524716f,-14.580506641133304f,-0.06000315204010651f,0.07755565520605791f,-2.037641956304103f,2.6665771634980837f,0f,0f,0f,1f],start_interpolation:0}
execute if entity @s[tag=aj.beast.bone.left_knee] run data modify entity @s {} merge value {transformation:[-0.8169903560536077f,2.2070869358896763f,-1.6074184320022333f,2.7632584137426104f,2.729102349814828f,0.6085832402547303f,-0.5514769296319099f,-13.529593885296915f,-0.08382793299720763f,-1.6973195624590478f,-2.2879202740793314f,1.5539030062543944f,0f,0f,0f,1f],start_interpolation:0}
execute if entity @s[tag=aj.beast.bone.left_thigh] run data modify entity @s {} merge value {transformation:[-1.5703677512806364f,0.7667715875398023f,-3.4024449236217613f,1.6875000000000002f,3.4877739252085522f,0.3433327374624394f,-1.5323774593819515f,-13.65199625f,-0.0017811156988935355f,-3.731596034397111f,-0.8401266950279748f,-2.3747187499999995f,0f,0f,0f,1f],start_interpolation:0}