execute if entity @s[tag=aj.beast.bone.right_thumb] run data modify entity @s {} merge value {transformation:[-0.37868988172968904f,-0.5769744317066934f,-0.7913245090557299f,-2.8278319829147804f,0.9516028917657079f,-0.016319419858116985f,-0.4434925173197818f,-14.026645135136562f,0.231399891656622f,-0.8771169714993734f,0.5287909874885077f,3.279041863776937f,0f,0f,0f,1f],start_interpolation:0}
execute if entity @s[tag=aj.beast.bone.right_fingers_2] run data modify entity @s {} merge value {transformation:[0.10533219869242527f,-0.6487898554628153f,-0.7536423895768856f,-1.8626106734777448f,0.6786861771351869f,0.6008206255279794f,-0.42237382601883977f,-14.518876019161034f,0.726835745464025f,-0.46699710854426757f,0.5036104642747692f,4.980806050863038f,0f,0f,0f,1f],start_interpolation:0}
execute if entity @s[tag=aj.beast.bone.right_fingers] run data modify entity @s {} merge value {transformation:[-0.23317456782729729f,-0.6145345958946449f,-0.7536423895768856f,-2.4919941935805436f,0.888169783360407f,0.18098283625729406f,-0.42237382601883977f,-13.966868462054888f,0.395959665678312f,-0.767849232225227f,0.5036104642747692f,4.502295727390351f,0f,0f,0f,1f],start_interpolation:0}
execute if entity @s[tag=aj.beast.locator_origin.consume] at @s on origin run tp @s ^-1.67612 ^-14.29515 ^3.5423 ~-123.75225 ~-24.98455
execute if entity @s[tag=aj.beast.bone.right_hand] run data modify entity @s {} merge value {transformation:[-0.37868988172968904f,-0.5769744317066934f,-0.7913245090557299f,-3.3054271335041516f,0.9516028917657079f,-0.016319419858116985f,-0.4434925173197818f,-13.87040938747383f,0.231399891656622f,-0.8771169714993734f,0.5287909874885077f,3.2414213983909215f,0f,0f,0f,1f],start_interpolation:0}
execute if entity @s[tag=aj.beast.bone.right_forearm] run data modify entity @s {} merge value {transformation:[-2.8041442642207355f,-2.145346961755938f,-2.4103705854333906f,-6.176198667648894f,1.2891850413943526f,2.1825680979663287f,-3.442386298308875f,-10.100006701606135f,2.958107819955686f,-2.9848798822438734f,-0.7846752284179795f,-1.0418354317146377f,0f,0f,0f,1f],start_interpolation:0}
execute if entity @s[tag=aj.beast.bone.right_bicep] run data modify entity @s {} merge value {transformation:[-2.361384643554304f,0.5975957740974711f,-2.6508002293584396f,-4.308537405683286f,1.085629508542613f,3.4268880241048754f,-0.1945431582659995f,-6.048517313973975f,2.4910381641732102f,-0.9269939379669266f,-2.428046767178329f,-1.687409567238825f,0f,0f,0f,1f],start_interpolation:0}
execute if entity @s[tag=aj.beast.bone.right_arm] run data modify entity @s {} merge value {transformation:[-1.1979691736794142f,-0.0696565044059927f,-0.004222594913092429f,-4.1375f,-0.06943264587883297f,1.197028154954293f,-0.04798649740277673f,-4.6826781325411035f,0.006997613888085907f,-0.0476609655867361f,-1.1990327208876388f,-1.725798686409443f,0f,0f,0f,1f],start_interpolation:0}
execute if entity @s[tag=aj.beast.bone.left_thumb] run data modify entity @s {} merge value {transformation:[-0.23166370511296816f,0.7585904675090582f,0.688020661272407f,2.8472635883106143f,-0.9649477598826985f,0.07463028809661838f,-0.4071930018995634f,-14.073054261566314f,-0.34308562842342116f,-0.7221293670132827f,0.680677184035356f,3.162977536698452f,0f,0f,0f,1f],start_interpolation:0}
execute if entity @s[tag=aj.beast.bone.left_fingers_2] run data modify entity @s {} merge value {transformation:[0.1941503942275272f,0.730029366406348f,0.6552577726403876f,1.5566010568289375f,-0.7428817970694991f,0.5456515171530947f,-0.38780285895196515f,-14.691917836728136f,-0.6406498731788585f,-0.4114869937347623f,0.6482639847955771f,4.617970585799481f,0f,0f,0f,1f],start_interpolation:0}
execute if entity @s[tag=aj.beast.bone.left_fingers] run data modify entity @s {} merge value {transformation:[-0.09999856820788314f,0.748757329013033f,0.6552577726403876f,2.2410014061768297f,-0.8951450828470783f,0.2198277126373735f,-0.38780285895196515f,-14.103604075961524f,-0.43441405019988794f,-0.625330503818492f,0.6482639847955771f,4.278425052984882f,0f,0f,0f,1f],start_interpolation:0}
execute if entity @s[tag=aj.beast.bone.left_hand] run data modify entity @s {} merge value {transformation:[-0.23166370511296816f,0.7585904675090582f,0.688020661272407f,3.3054271335041503f,-0.9649477598826985f,0.07463028809661838f,-0.4071930018995634f,-13.878184268150957f,-0.34308562842342116f,-0.7221293670132827f,0.680677184035356f,3.240655639482098f,0f,0f,0f,1f],start_interpolation:0}
execute if entity @s[tag=aj.beast.bone.left_forearm] run data modify entity @s {} merge value {transformation:[-2.804144264220735f,2.145346961755939f,2.410370585433391f,6.176198667648894f,-1.2891850413943526f,2.1825680979663287f,-3.442386298308875f,-10.107781582283263f,-2.9581078199556874f,-2.9848798822438734f,-0.7846752284179791f,-1.0426011906234611f,0f,0f,0f,1f],start_interpolation:0}
execute if entity @s[tag=aj.beast.bone.left_bicep] run data modify entity @s {} merge value {transformation:[-2.3613846435543038f,-0.5975957740974709f,2.6508002293584405f,4.308537405683286f,-1.085629508542613f,3.4268880241048754f,-0.1945431582659995f,-6.056292194651102f,-2.491038164173211f,-0.9269939379669269f,-2.4280467671783286f,-1.6881753261476486f,0f,0f,0f,1f],start_interpolation:0}
execute if entity @s[tag=aj.beast.bone.left_arm] run data modify entity @s {} merge value {transformation:[-1.1979691736794142f,0.0696565044059927f,0.004222594913092723f,4.1375f,0.06943264587883297f,1.197028154954293f,-0.04798649740277673f,-4.690453013218231f,-0.0069976138880862f,-0.04766096558673606f,-1.1990327208876388f,-1.7265644453182667f,0f,0f,0f,1f],start_interpolation:0}
execute if entity @s[tag=aj.beast.bone.chest] run data modify entity @s {} merge value {transformation:[-6.061547916666667f,-7.276062519358322e-17f,7.387510250993964e-16f,8.344437127690384e-19f,0f,6.032359906658342f,0.5941355927622725f,-4.020593124999998f,-7.423255254024141e-16f,0.5941355927622725f,-6.032359906658342f,-0.006813750000000063f,0f,0f,0f,1f],start_interpolation:0}
execute if entity @s[tag=aj.beast.bone.waist] run data modify entity @s {} merge value {transformation:[-5.023832916666667f,4.02387579256326e-17f,6.139248095429812e-16f,0.0000012500000003206432f,0f,5.013076504755653f,-0.32857439347939654f,-9.3979775f,-6.152420900846945e-16f,-0.32857439347939654f,-5.013076504755653f,-2.61825f,0f,0f,0f,1f],start_interpolation:0}
execute if entity @s[tag=aj.beast.bone.hip] run data modify entity @s {} merge value {transformation:[-4.393932083333333f,3.519352103776417e-17f,5.369493695652287e-16f,1.314196800122255e-16f,0f,4.384524337458553f,-0.2873769078747217f,-12.64946125f,-5.381014861525027e-16f,-0.2873769078747217f,-4.384524337458553f,-1.073123125f,0f,0f,0f,1f],start_interpolation:0}
execute if entity @s[tag=aj.beast.bone.right_foot] run data modify entity @s {} merge value {transformation:[-0.8614206833787635f,-1.7503417900017184f,-0.5965383679369219f,0.9770983241623443f,-1.8491752974099938f,0.811706140657505f,0.28858943270251736f,-15.253531064439862f,-0.010253082264656486f,0.6625984903336873f,-1.9293672835703404f,1.6952766022069325f,0f,0f,0f,1f],start_interpolation:0}
execute if entity @s[tag=aj.beast.bone.right_knee] run data modify entity @s {} merge value {transformation:[-1.2034553664850374f,-2.387995037235262f,0.9857357064741674f,-2.588746916984938f,-2.5834066654992562f,1.118419944254636f,-0.44457488564635966f,-13.585676219114859f,-0.014324159046211269f,-1.0812569215654613f,-2.636887993077143f,1.598902149817548f,0f,0f,0f,1f],start_interpolation:0}
execute if entity @s[tag=aj.beast.bone.right_thigh] run data modify entity @s {} merge value {transformation:[-1.4738289849190966f,-0.9425002415920085f,3.401491792994856f,-1.6874999999999998f,-3.5293779881169245f,0.347469283577119f,-1.4329623560883034f,-13.65199625f,0.04409240533336103f,-3.69074293219799f,-1.003542459601241f,-2.3747187500000004f,0f,0f,0f,1f],start_interpolation:0}
execute if entity @s[tag=aj.beast.bone.left_foot] run data modify entity @s {} merge value {transformation:[-0.6629414117059896f,1.927394539211893f,0.08519961773062704f,-0.9725843914590016f,1.928710407689211f,0.6642829186233876f,-0.020108886008755055f,-14.776352836658363f,-0.046742356771865945f,0.07401685106359032f,-2.038120864385143f,2.633570511974068f,0f,0f,0f,1f],start_interpolation:0}
execute if entity @s[tag=aj.beast.bone.left_knee] run data modify entity @s {} merge value {transformation:[-0.9261681487068972f,2.2087096763887613f,-1.5447699264769146f,2.6039667097764023f,2.6945218930952213f,0.719163353375767f,-0.5872442752312451f,-13.566230367299234f,-0.06530182196069508f,-1.6513345017251881f,-2.3219237789946163f,1.5950470353549075f,0f,0f,0f,1f],start_interpolation:0}
execute if entity @s[tag=aj.beast.bone.left_thigh] run data modify entity @s {} merge value {transformation:[-1.6983924372324328f,0.8982824480482159f,-3.307442633316591f,1.6875000000000002f,3.427256214144017f,0.44329116634551163f,-1.6395221207569184f,-13.65199625f,-0.001723880187959373f,-3.691504650595547f,-1.0017062657628522f,-2.3747187499999995f,0f,0f,0f,1f],start_interpolation:0}