# This file was generated by Animated Java via MC-Build. It is not recommended to edit this file directly.
$data merge entity $(bone_neck) { transformation: [-1f,-6.045325952731996e-17f,1.0650352688592559e-16f,1.294611599550044e-16f,0f,0.8696672947667645f,0.4936383255107504f,2.832721610727277f,-1.2246467991473532e-16f,0.4936383255107504f,-0.8696672947667645f,-1.0571305950837444f,0f,0f,0f,1f], start_interpolation: 0, interpolation_duration: 1 }
$data merge entity $(bone_left_fingers_2) { transformation: [-0.9792256306312235f,-0.18515947254805126f,0.08266277300339156f,3.2082607960516563f,-0.13815207682953637f,0.9076089561756231f,0.3964340882637131f,-0.13364347293324888f,-0.14842899980316754f,0.37677838631684146f,-0.914334118154796f,-0.299181482557321f,0f,0f,0f,1f], start_interpolation: 0, interpolation_duration: 1 }
$data merge entity $(bone_left_fingers) { transformation: [-0.9792256306312235f,-0.18515947254805126f,0.08266277300339156f,3.2682944809788292f,-0.13815207682953637f,0.9076089561756231f,0.3964340882637131f,0.10197970574109416f,-0.14842899980316754f,0.37677838631684146f,-0.914334118154796f,-0.8219119096831194f,0f,0f,0f,1f], start_interpolation: 0, interpolation_duration: 1 }
$data merge entity $(bone_left_index_finger_2) { transformation: [-0.9792256306312235f,-0.18556122647090778f,0.08175692964816654f,2.753240673419743f,-0.13815207682953637f,0.9056607837172597f,0.4008647508877835f,-0.1040996050392497f,-0.14842899980316754f,0.3812421488598175f,-0.9124819208894938f,-0.3354896176262664f,0f,0f,0f,1f], start_interpolation: 0, interpolation_duration: 1 }
$data merge entity $(bone_left_index_finger) { transformation: [-0.9792256306312235f,-0.1685451926419566f,0.11273722700230177f,2.817238674869322f,-0.13815207682953637f,0.9615111948864414f,0.23750836990669053f,0.038343405351488946f,-0.14842899980316754f,0.21699940125570194f,-0.9648212745747776f,-0.8902820177174535f,0f,0f,0f,1f], start_interpolation: 0, interpolation_duration: 1 }
$data merge entity $(bone_left_thumb) { transformation: [-0.9830204293492681f,0.022287685993911736f,0.18213757035553507f,2.6721635541747455f,0.09616387919940275f,0.9079454808880081f,0.40790625402458136f,0.06982531518403223f,-0.15627969739957714f,0.418495236278838f,-0.8946722267918102f,-1.7299756748879385f,0f,0f,0f,1f], start_interpolation: 0, interpolation_duration: 1 }
$data merge entity $(bone_left_hand) { transformation: [-0.9792256306312235f,-0.18515947254805126f,0.08266277300339156f,3.2345968500964064f,-0.13815207682953637f,0.9076089561756231f,0.3964340882637131f,0.2634449361002209f,-0.14842899980316754f,0.37677838631684146f,-0.914334118154796f,-1.5372988839204038f,0f,0f,0f,1f], start_interpolation: 0, interpolation_duration: 1 }
$data merge entity $(bone_left_forearm) { transformation: [-1.9347586200730467f,-0.4786505984430635f,0.18144178133448946f,3.186932506144314f,-0.38574042705887945f,1.829636808229714f,0.713408653055254f,1.8207042566286507f,-0.3364993883147025f,0.6547069481315863f,-1.8610334244937008f,-3.1427697633514677f,0f,0f,0f,1f], start_interpolation: 0, interpolation_duration: 1 }
$data merge entity $(bone_left_bicep) { transformation: [-1.2472387473571396f,-0.32775587860470745f,-0.038304237913852505f,1.9210264680669922f,-0.24866688901572673f,0.835077053304003f,0.9514760726699621f,2.4067982319908396f,-0.2169237398473137f,0.927209805058311f,-0.8704721086890124f,-1.9099658641718658f,0f,0f,0f,1f], start_interpolation: 0, interpolation_duration: 1 }
$data merge entity $(bone_left_shoulder) { transformation: [-1.2135626945720654f,-0.18178220127612635f,0.11814875166488926f,1.4824643750000004f,-0.006733793570457551f,0.7030899257357531f,1.0125993888161404f,2.4558965768181977f,-0.21669922068368466f,0.996171720892476f,-0.6931245632113933f,-1.8895441668947384f,0f,0f,0f,1f], start_interpolation: 0, interpolation_duration: 1 }
$data merge entity $(bone_right_fingers_2) { transformation: [-0.9792256306312235f,0.1851594725480512f,-0.08266277300339135f,-3.160875414785726f,0.13815207682953637f,0.9076089561756231f,0.3964340882637131f,-0.13239297538961325f,0.14842899980316726f,0.37677838631684146f,-0.9143341181547959f,-0.22473649433617549f,0f,0f,0f,1f], start_interpolation: 0, interpolation_duration: 1 }
$data merge entity $(bone_right_fingers) { transformation: [-0.9792256306312235f,0.1851594725480512f,-0.08266277300339135f,-3.2209094096982978f,0.13815207682953637f,0.9076089561756231f,0.3964340882637131f,0.10323168991256082f,0.14842899980316726f,0.37677838631684146f,-0.9143341181547959f,-0.747470350214917f,0f,0f,0f,1f], start_interpolation: 0, interpolation_duration: 1 }
$data merge entity $(bone_right_index_finger_2) { transformation: [-0.9792256306312235f,0.18556122647090773f,-0.08175692964816636f,-2.7058553438180457f,0.13815207682953637f,0.9056607837172597f,0.4008647508877835f,-0.10284885972430885f,0.14842899980316726f,0.3812421488598175f,-0.9124819208894936f,-0.2610452008639448f,0f,0f,0f,1f], start_interpolation: 0, interpolation_duration: 1 }
$data merge entity $(bone_right_index_finger) { transformation: [-0.9792256306312235f,0.1685451926419566f,-0.11273722700230157f,-2.7698533452676246f,0.13815207682953637f,0.9615111948864414f,0.23750836990669053f,0.039594150666429795f,0.14842899980316726f,0.21699940125570197f,-0.9648212745747775f,-0.8158376009551318f,0f,0f,0f,1f], start_interpolation: 0, interpolation_duration: 1 }
$data merge entity $(bone_right_thumb) { transformation: [-0.9830204293492683f,-0.022287685993911795f,-0.18213757035553485f,-2.624778224573048f,-0.09616387919940275f,0.9079454808880081f,0.40790625402458136f,0.07107606049897308f,0.15627969739957692f,0.41849523627883795f,-0.8946722267918102f,-1.6555312581256165f,0f,0f,0f,1f], start_interpolation: 0, interpolation_duration: 1 }
$data merge entity $(bone_right_hand) { transformation: [-0.9792256306312235f,0.1851594725480512f,-0.08266277300339135f,-3.187211520494709f,0.13815207682953637f,0.9076089561756231f,0.3964340882637131f,0.26469568141516175f,0.14842899980316726f,0.37677838631684146f,-0.9143341181547959f,-1.462854467158082f,0f,0f,0f,1f], start_interpolation: 0, interpolation_duration: 1 }
$data merge entity $(bone_right_forearm) { transformation: [-1.9347606341081147f,0.4786510967062992f,-0.1814419702108205f,-3.1395482072519676f,0.3857408286049634f,1.8296387128356197f,0.713409395695721f,1.8219532589954333f,0.33649973860210286f,0.6547076296650547f,-1.8610353617826942f,-3.0683292748228395f,0f,0f,0f,1f], start_interpolation: 0, interpolation_duration: 1 }
$data merge entity $(bone_right_bicep) { transformation: [-1.2472387473571394f,0.3277558786047072f,0.0383042379138527f,-1.8736414680669917f,0.2486668890157267f,0.8350770533040027f,0.951476072669962f,2.408046952416766f,0.2169237398473133f,0.9272098050583109f,-0.870472108689012f,-1.8355210213112096f,0f,0f,0f,1f], start_interpolation: 0, interpolation_duration: 1 }
$data merge entity $(bone_right_shoulder) { transformation: [-1.2135626945720654f,0.18178220127612613f,-0.1181487516648891f,-1.435079375f,0.006733793570457551f,0.7030899257357531f,1.0125993888161404f,2.457145297244124f,0.21669922068368436f,0.996171720892476f,-0.6931245632113933f,-1.8150993240340823f,0f,0f,0f,1f], start_interpolation: 0, interpolation_duration: 1 }
$data merge entity $(bone_chest) { transformation: [-4.0674850000000005f,-1.7509773422883752e-16f,4.663341658583422e-16f,1.441420802721968e-16f,0f,3.807907440602648f,1.429781503946668f,2.442004708611412f,-4.981232485829872e-16f,1.429781503946668f,-3.807907440602648f,-1.1770094068963732f,0f,0f,0f,1f], start_interpolation: 0, interpolation_duration: 1 }
$data merge entity $(bone_weist) { transformation: [-1.0999999999999999f,-5.603490489574165e-17f,1.2250380730219636e-16f,4.2519496663543596e-16f,0f,1.0003194993649458f,0.45755972199294814f,3.6099107840190294f,-1.3471114790620883e-16f,0.45755972199294814f,-1.0003194993649458f,-3.4719803859486125f,0f,0f,0f,1f], start_interpolation: 0, interpolation_duration: 1 }
$data merge entity $(bone_right_fingers2) { transformation: [-0.9998487867950392f,-0.016674940343608634f,-0.0049345626984937715f,0.8142118994040776f,-0.016085998210804968f,0.779067993889381f,0.626733038509011f,-0.018430289382478926f,-0.006606376166269417f,0.6267176455643423f,-0.7792184215816753f,-5.780950261138001f,0f,0f,0f,1f], start_interpolation: 0, interpolation_duration: 1 }
$data merge entity $(bone_left_foot) { transformation: [-0.9998487867950392f,-0.01647230056755098f,0.0055737651996233826f,0.8018514279043187f,-0.016085998210804968f,0.9978577468812817f,0.0634125985161787f,0.9423902145010131f,-0.006606376166269417f,0.06331335011689354f,-0.9979718310107384f,-5.519218945306734f,0f,0f,0f,1f], start_interpolation: 0, interpolation_duration: 1 }
$data merge entity $(bone_left_knee) { transformation: [-1.5847744915946167f,-0.015126004329777128f,0.02304177332731756f,0.7944779522388958f,-0.025496535049100526f,1.3078639956678864f,-0.8950483808544368f,1.5876861566732887f,-0.010471199813866048f,-0.89528368764469f,-1.3079095462400339f,-3.5441942117876666f,0f,0f,0f,1f], start_interpolation: 0, interpolation_duration: 1 }
$data merge entity $(bone_left_thigh) { transformation: [-1.6034108397731537f,-0.026677173618201183f,0.008125319489400283f,0.7385400000000005f,-0.02579636465075142f,1.5963536239638256f,0.15064417791430723f,3.5211581081951127f,-0.010594337160291838f,0.15049069465058737f,-1.5965413631831868f,-4.3788738503946325f,0f,0f,0f,1f], start_interpolation: 0, interpolation_duration: 1 }
$data merge entity $(bone_left_leg) { transformation: [-1f,-5.094082263249242e-17f,1.1136709754745124e-16f,0.5257450000000006f,0f,0.9093813630590418f,0.4159633836299529f,3.910538833820906f,-1.2246467991473532e-16f,0.4159633836299529f,-0.9093813630590418f,-4.526639140411561f,0f,0f,0f,1f], start_interpolation: 0, interpolation_duration: 1 }
$data merge entity $(bone_left_fingers2) { transformation: [-0.9998487867950392f,0.01703012705674954f,-0.0035182832346525375f,-0.8033232236683869f,0.016085998210804968f,0.9826216555520659f,0.18492139600835694f,0.11909162062168333f,0.006606376166269171f,0.18483683835358294f,-0.9827470167756307f,-4.356556461256443f,0f,0f,0f,1f], start_interpolation: 0, interpolation_duration: 1 }
$data merge entity $(bone_right_foot) { transformation: [-0.9998487867950392f,0.00803536405947983f,-0.015421947637049276f,-0.7972202976645433f,0.016085998210804968f,0.7642783891276153f,-0.6446858029878274f,0.9939081666579705f,0.006606376166269171f,-0.6448363954034616f,-0.764292076994797f,-4.8324670292213945f,0f,0f,0f,1f], start_interpolation: 0, interpolation_duration: 1 }
$data merge entity $(bone_right_knee) { transformation: [-1.5847744915946167f,0.010477082957357718f,-0.025494118101172983f,-0.784780820313152f,0.025496535049100526f,1.1141820042584554f,-1.1270396162607281f,2.027016564902373f,0.010471199813865658f,-1.1272792913263971f,-1.1141820595643885f,-3.0350154167843932f,0f,0f,0f,1f], start_interpolation: 0, interpolation_duration: 1 }
$data merge entity $(bone_right_thigh) { transformation: [-1.6034108397731537f,0.02279279671815241f,-0.01606800631147032f,-0.7385399999999994f,0.02579636465075142f,1.5632777731309244f,-0.3566527234113525f,3.5815439632924955f,0.010594337160291442f,-0.3568572627307651f,-1.5634080297758326f,-4.414617732676278f,0f,0f,0f,1f], start_interpolation: 0, interpolation_duration: 1 }
$data merge entity $(bone_right_leg) { transformation: [-1f,-5.094082263249242e-17f,1.1136709754745124e-16f,-0.5257449999999995f,0f,0.9093813630590418f,0.4159633836299529f,3.910538833820906f,-1.2246467991473532e-16f,0.4159633836299529f,-0.9093813630590418f,-4.526639140411561f,0f,0f,0f,1f], start_interpolation: 0, interpolation_duration: 1 }