# This file was generated by Animated Java via MC-Build. It is not recommended to edit this file directly.
$data merge entity $(bone_neck) { transformation: [-1f,-5.684392102792037e-17f,1.0847288356446569e-16f,1.3178380534746705e-16f,0f,0.8857483124112906f,0.46416584004055145f,2.796905874349929f,-1.2246467991473532e-16f,0.46416584004055145f,-0.8857483124112906f,-1.0760964340021961f,0f,0f,0f,1f], start_interpolation: 0, interpolation_duration: 1 }
$data merge entity $(bone_left_fingers_2) { transformation: [-0.9825002522747438f,-0.17816535999145933f,0.05431720518563715f,3.2427048414417343f,-0.1478976105808431f,0.9234962533761635f,0.3539505145986735f,-0.19156476870796443f,-0.11322345633543522f,0.339723085025587f,-0.9336855329478742f,-0.18455077362995098f,0f,0f,0f,1f], start_interpolation: 0, interpolation_duration: 1 }
$data merge entity $(bone_left_fingers) { transformation: [-0.9825002522747438f,-0.17816535999145933f,0.05431720518563715f,3.2864878381936573f,-0.1478976105808431f,0.9234962533761635f,0.3539505145986735f,0.01980009630886717f,-0.11322345633543522f,0.339723085025587f,-0.9336855329478742f,-0.7191322623942868f,0f,0f,0f,1f], start_interpolation: 0, interpolation_duration: 1 }
$data merge entity $(bone_left_index_finger_2) { transformation: [-0.9825002522747438f,-0.1795802021551719f,0.0494389044576485f,2.7888652336820403f,-0.1478976105808431f,0.913501568398353f,0.3790002392060276f,-0.1775967112038149f,-0.11322345633543522f,0.36505593479308956f,-0.9240750042111308f,-0.21142959637259628f,0f,0f,0f,1f], start_interpolation: 0, interpolation_duration: 1 }
$data merge entity $(bone_left_index_finger) { transformation: [-0.9825002522747438f,-0.1682669997049928f,0.07987159125962662f,2.8339236594896033f,-0.1478976105808431f,0.9654361278209673f,0.2146144913153207f,-0.04832524056493373f,-0.11322345633543522f,0.19904597435852983f,-0.9734275263352282f,-0.7712858169687967f,0f,0f,0f,1f], start_interpolation: 0, interpolation_duration: 1 }
$data merge entity $(bone_left_thumb) { transformation: [-0.9900490791758839f,0.004623286106344916f,0.14064652874693861f,2.6643879394088934f,0.05503410116883803f,0.9325795361110477f,0.3567445255858045f,-0.05618367440026514f,-0.12951474252579376f,0.36093494434936824f,-0.9235539493803251f,-1.6069407839366026f,0f,0f,0f,1f], start_interpolation: 0, interpolation_duration: 1 }
$data merge entity $(bone_left_hand) { transformation: [-0.9825002522747438f,-0.17816535999145933f,0.05431720518563715f,3.231314519760628f,-0.1478976105808431f,0.9234962533761635f,0.3539505145986735f,0.14788171755572144f,-0.11322345633543522f,0.339723085025587f,-0.9336855329478742f,-1.4399207730423518f,0f,0f,0f,1f], start_interpolation: 0, interpolation_duration: 1 }
$data merge entity $(bone_left_forearm) { transformation: [-1.9455869833506891f,-0.45232169082383483f,0.12415639966319918f,3.1370354517588153f,-0.3923183018558657f,1.8596173385157164f,0.6270790521707349f,1.6305607804126292f,-0.25709156655944737f,0.5852750427386124f,-1.8964903068832226f,-3.1125353370291284f,0f,0f,0f,1f], start_interpolation: 0, interpolation_duration: 1 }
$data merge entity $(bone_left_bicep) { transformation: [-1.2542192327314985f,-0.29827184776282556f,-0.04963511448231442f,1.905686343311539f,-0.25290730445409054f,0.9187286408552903f,0.8697535302239756f,2.3395078946867427f,-0.16573362697801733f,0.8552585648886845f,-0.9516095709819078f,-1.9096209338742691f,0f,0f,0f,1f], start_interpolation: 0, interpolation_duration: 1 }
$data merge entity $(bone_left_shoulder) { transformation: [-1.218284555955926f,-0.1519751592467805f,0.1114656968262674f,1.4681965625000004f,-0.012333614270708153f,0.7918172537596768f,0.944781259596782f,2.3952455982181955f,-0.18806629829948543f,0.9325595409935908f,-0.7840293870917913f,-1.883922631395751f,0f,0f,0f,1f], start_interpolation: 0, interpolation_duration: 1 }
$data merge entity $(bone_right_fingers_2) { transformation: [-0.9825002522747438f,0.17816535999145927f,-0.05431720518563693f,-3.2015716970907704f,0.1478976105808431f,0.9234962533761635f,0.3539505145986735f,-0.18831050165433977f,0.113223456335435f,0.33972308502558707f,-0.9336855329478739f,-0.1200012419231995f,0f,0f,0f,1f], start_interpolation: 0, interpolation_duration: 1 }
$data merge entity $(bone_right_fingers) { transformation: [-0.9825002522747438f,0.17816535999145927f,-0.05431720518563693f,-3.245354897532213f,0.1478976105808431f,0.9234962533761635f,0.3539505145986735f,0.02305569067692162f,0.113223456335435f,0.33972308502558707f,-0.9336855329478739f,-0.6545862320082839f,0f,0f,0f,1f], start_interpolation: 0, interpolation_duration: 1 }
$data merge entity $(bone_right_index_finger_2) { transformation: [-0.9825002522747438f,0.17958020215517184f,-0.049438904457648286f,-2.7477321232793295f,0.1478976105808431f,0.913501568398353f,0.3790002392060276f,-0.17434222293111853f,0.113223456335435f,0.3650559347930896f,-0.9240750042111305f,-0.1468806482193029f,0f,0f,0f,1f], start_interpolation: 0, interpolation_duration: 1 }
$data merge entity $(bone_right_index_finger) { transformation: [-0.9825002522747438f,0.16826699970499276f,-0.0798715912596264f,-2.7927905490868925f,0.1478976105808431f,0.9654361278209673f,0.2146144913153207f,-0.045070752292237365f,0.113223456335435f,0.19904597435852991f,-0.973427526335228f,-0.7067368688155032f,0f,0f,0f,1f], start_interpolation: 0, interpolation_duration: 1 }
$data merge entity $(bone_right_thumb) { transformation: [-0.9900490791758839f,-0.0046232861063449735f,-0.1406465287469384f,-2.623254829006182f,-0.05503410116883803f,0.9325795361110477f,0.3567445255858045f,-0.05292918612756878f,0.1295147425257935f,0.36093494434936824f,-0.9235539493803249f,-1.542391835783309f,0f,0f,0f,1f], start_interpolation: 0, interpolation_duration: 1 }
$data merge entity $(bone_right_hand) { transformation: [-0.9825002522747438f,0.17816535999145927f,-0.05431720518563693f,-3.1901814093579173f,0.1478976105808431f,0.9234962533761635f,0.3539505145986735f,0.1511362058284178f,0.113223456335435f,0.33972308502558707f,-0.9336855329478739f,-1.3753718248890583f,0f,0f,0f,1f], start_interpolation: 0, interpolation_duration: 1 }
$data merge entity $(bone_right_forearm) { transformation: [-1.945589008657811f,0.45232216167933986f,-0.12415652890688848f,-3.095903241504897f,0.3923187102493519f,1.8596192743306f,0.6270797049442584f,1.6338133441232852f,0.2570918341853024f,0.5852756519952135f,-1.8964922810819385f,-3.0479902640588112f,0f,0f,0f,1f], start_interpolation: 0, interpolation_duration: 1 }
$data merge entity $(bone_right_bicep) { transformation: [-1.2542192327314983f,0.2982718477628253f,0.04963511448231463f,-1.8645535308115384f,0.2529073044540905f,0.91872864085529f,0.8697535302239755f,2.3427605770245545f,0.165733626978017f,0.8552585648886843f,-0.9516095709819076f,-1.8450714843211231f,0f,0f,0f,1f], start_interpolation: 0, interpolation_duration: 1 }
$data merge entity $(bone_right_shoulder) { transformation: [-1.218284555955926f,0.15197515924678032f,-0.11146569682626721f,-1.4270637499999999f,0.012333614270708153f,0.7918172537596768f,0.944781259596782f,2.3984982805560073f,0.18806629829948512f,0.9325595409935908f,-0.7840293870917913f,-1.8193731818426049f,0f,0f,0f,1f], start_interpolation: 0, interpolation_duration: 1 }
$data merge entity $(bone_chest) { transformation: [-4.0674850000000005f,-1.5934445914231096e-16f,4.719492707055631e-16f,1.448501853689883e-16f,0f,3.8537582512292734f,1.3011462509292704f,2.4023849180852546f,-4.981232485829872e-16f,1.3011462509292704f,-3.8537582512292734f,-1.182791523807833f,0f,0f,0f,1f], start_interpolation: 0, interpolation_duration: 1 }
$data merge entity $(bone_weist) { transformation: [-1.0999999999999999f,-5.1890935812890793e-17f,1.2431582421667372e-16f,4.3054601441017915e-16f,0f,1.01511574033613f,0.4237216465108085f,3.4925918020094158f,-1.3471114790620883e-16f,0.4237216465108085f,-1.01511574033613f,-3.5156750069484692f,0f,0f,0f,1f], start_interpolation: 0, interpolation_duration: 1 }
$data merge entity $(bone_right_fingers2) { transformation: [-0.9998807730736222f,-0.014521627356294543f,-0.005249950154097605f,0.8053653921490989f,-0.014475961516257588f,0.7631832865706578f,0.6460199049854337f,-0.09188280529915238f,-0.005374586112010936f,0.6460188800941764f,-0.7633025090919003f,-5.727100644691694f,0f,0f,0f,1f], start_interpolation: 0, interpolation_duration: 1 }
$data merge entity $(bone_left_foot) { transformation: [-0.9998807730736222f,-0.014650837353124932f,0.004877766143212562f,0.7949214168762058f,-0.014475961516257588f,0.9993122282055054f,0.0341396704308598f,0.8762134033142945f,-0.005374586112010936f,0.03406498970791222f,-0.9994051682377496f,-5.4936209713276964f,0f,0f,0f,1f], start_interpolation: 0, interpolation_duration: 1 }
$data merge entity $(bone_left_knee) { transformation: [-1.5848251902993098f,-0.014521339520529628f,0.019701660470983016f,0.791528501697163f,-0.022944604079389756f,1.3255915129511706f,-0.8686487175317156f,1.481746840373703f,-0.008518795127507254f,-0.8688303516938067f,-1.3256436771015125f,-3.506034076656406f,0f,0f,0f,1f], start_interpolation: 0, interpolation_duration: 1 }
$data merge entity $(bone_left_thigh) { transformation: [-1.6034621346754243f,-0.023662782372095126f,0.00729855490167416f,0.7385400000000005f,-0.023214423938751533f,1.6009393501605427f,0.09032331448658316f,3.3824719001013186f,-0.008618972933813376f,0.09020689191553573f,-1.6010910166094918f,-4.412990198494f,0f,0f,0f,1f], start_interpolation: 0, interpolation_duration: 1 }
$data merge entity $(bone_left_leg) { transformation: [-1f,-4.717357801171891e-17f,1.130143856515216e-16f,0.5257450000000006f,0f,0.9228324912146637f,0.3852014968280078f,3.7666727641004623f,-1.2246467991473532e-16f,0.3852014968280078f,-0.9228324912146637f,-4.573743508024372f,0f,0f,0f,1f], start_interpolation: 0, interpolation_duration: 1 }
$data merge entity $(bone_left_fingers2) { transformation: [-0.9998807730736222f,0.01538445094704061f,-0.0013260115963633539f,-0.7976280395378731f,0.014475961516257584f,0.9637866136268877f,0.26628144871882475f,0.024326222741522185f,0.00537458611201069f,0.26623050550730354f,-0.9638944090311191f,-4.487595794621137f,0f,0f,0f,1f], start_interpolation: 0, interpolation_duration: 1 }
$data merge entity $(bone_right_foot) { transformation: [-0.9998807730736222f,0.008379361661812258f,-0.012970194132554059f,-0.791680872923602f,0.014475961516257584f,0.8010173220495047f,-0.5984661196047941f,0.9257154730081059f,0.00537458611201069f,-0.5985825223599337f,-0.8010431185331687f,-4.911027199146709f,0f,0f,0f,1f], start_interpolation: 0, interpolation_duration: 1 }
$data merge entity $(bone_right_knee) { transformation: [-1.5848251902993098f,0.01105737823461158f,-0.021834814250666794f,-0.7840575167747527f,0.022944604079389752f,1.1633979555873475f,-1.0762196107732138f,1.8775843713187577f,0.008518795127506864f,-1.076407376347721f,-1.1634193134067436f,-3.06923799105525f,0f,0f,0f,1f], start_interpolation: 0, interpolation_duration: 1 }
$data merge entity $(bone_right_thigh) { transformation: [-1.6034621346754243f,0.02075354929045287f,-0.013508751426043197f,-0.7385399999999994f,0.023214423938751526f,1.5643192264807033f,-0.3522363719082921f,3.4360951511043725f,0.008618972933812983f,-0.35238992801408714f,-1.5644331450883109f,-4.4443628947573615f,0f,0f,0f,1f], start_interpolation: 0, interpolation_duration: 1 }
$data merge entity $(bone_right_leg) { transformation: [-1f,-4.717357801171891e-17f,1.130143856515216e-16f,-0.5257449999999995f,0f,0.9228324912146637f,0.3852014968280078f,3.7666727641004623f,-1.2246467991473532e-16f,0.3852014968280078f,-0.9228324912146637f,-4.573743508024372f,0f,0f,0f,1f], start_interpolation: 0, interpolation_duration: 1 }