# This file was generated by Animated Java via MC-Build. It is not recommended to edit this file directly.
$data merge entity $(bone_neck) { transformation: [-1f,-4.032753058225863e-17f,1.1563428602173135e-16f,1.4017881832872356e-16f,0f,0.9442256012283741f,0.32929927723108593f,2.633240140961848f,-1.2246467991473532e-16f,0.32929927723108593f,-0.9442256012283741f,-1.1446469171872373f,0f,0f,0f,1f], start_interpolation: 0, interpolation_duration: 1 }
$data merge entity $(bone_left_fingers_2) { transformation: [-0.9865261335166557f,-0.14755781693541772f,-0.0706603039190403f,3.400435603860712f,-0.1573933669228742f,0.9738627902469575f,0.1637638355104435f,-0.3538944103065953f,0.04464880667340274f,0.17267876659758663f,-0.9839657146613274f,0.3746379655449127f,0f,0f,0f,1f], start_interpolation: 0, interpolation_duration: 1 }
$data merge entity $(bone_left_fingers) { transformation: [-0.9865261335166557f,-0.14755781693541772f,-0.0706603039190403f,3.372423729606539f,-0.1573933669228742f,0.9738627902469575f,0.1637638355104435f,-0.25171638319550077f,0.04464880667340274f,0.17267876659758663f,-0.9839657146613274f,-0.19205808241563982f,0f,0f,0f,1f], start_interpolation: 0, interpolation_duration: 1 }
$data merge entity $(bone_left_index_finger_2) { transformation: [-0.9865261335166557f,-0.1375652491061454f,-0.0885550118685642f,2.955371403334353f,-0.1573933669228742f,0.9457454008174253f,0.28424103307117543f,-0.39656666864515333f,0.04464880667340274f,0.29434917881837486f,-0.9546544112879745f,0.39907769317129593f,0f,0f,0f,1f], start_interpolation: 0, interpolation_duration: 1 }
$data merge entity $(bone_left_index_finger) { transformation: [-0.9865261335166557f,-0.15085274029903728f,-0.06332170743867066f,2.9180051293554294f,-0.1573933669228742f,0.9807353405116139f,0.11569580770386653f,-0.32421570283434975f,0.04464880667340274f,0.12410335457125943f,-0.9912642641832706f,-0.1714917258417037f,0f,0f,0f,1f], start_interpolation: 0, interpolation_duration: 1 }
$data merge entity $(bone_left_thumb) { transformation: [-0.9953824546162726f,-0.08858712765635113f,-0.0369606528037739f,2.643412588830385f,-0.09219920315726043f,0.9894893318987863f,0.1114009380376102f,-0.493818798674451f,0.026703482530374214f,0.11429428188711177f,-0.9930879825819356f,-0.9607680182469988f,0f,0f,0f,1f], start_interpolation: 0, interpolation_duration: 1 }
$data merge entity $(bone_left_hand) { transformation: [-0.9865261335166557f,-0.14755781693541772f,-0.0706603039190403f,3.2238064343400628f,-0.1573933669228742f,0.9738627902469575f,0.1637638355104435f,-0.2666709166480423f,0.04464880667340274f,0.17267876659758663f,-0.9839657146613274f,-0.9108587052084169f,0f,0f,0f,1f], start_interpolation: 0, interpolation_duration: 1 }
$data merge entity $(bone_left_forearm) { transformation: [-1.9688873855608093f,-0.33513384241684946f,-0.12839861368852187f,2.9247152115157036f,-0.348706572723107f,1.9557493467983111f,0.2424183408663174f,0.8672504348663979f,0.08488004753721867f,0.2608605633582657f,-1.9824392997933582f,-2.8160180252568208f,0f,0f,0f,1f], start_interpolation: 0, interpolation_duration: 1 }
$data merge entity $(bone_left_bicep) { transformation: [-1.2692397961051203f,-0.19126207848017968f,-0.13017212001648423f,1.837068505792545f,-0.22479307984266736f,1.1911902337323266f,0.4416214689376913f,2.05114132510725f,0.05471777361143796f,0.4571435965944153f,-1.2052059246679967f,-1.877265287544068f,0f,0f,0f,1f], start_interpolation: 0, interpolation_duration: 1 }
$data merge entity $(bone_left_shoulder) { transformation: [-1.2311564577824492f,-0.040283188968418246f,0.04867597995813163f,1.4056740625000004f,-0.013474685000706563f,1.0952789478650324f,0.5656153897354428f,2.137412448562329f,-0.06172940306273388f,0.5643399692809111f,-1.0942797584472246f,-1.8370094778530497f,0f,0f,0f,1f], start_interpolation: 0, interpolation_duration: 1 }
$data merge entity $(bone_right_fingers_2) { transformation: [-0.9865261335166557f,0.1475578169354177f,0.07066030391904055f,-3.3867001606857934f,0.1573933669228742f,0.9738627902469575f,0.1637638355104435f,-0.3496592876766489f,-0.04464880667340298f,0.17267876659758669f,-0.9839657146613274f,0.39580067650000994f,0f,0f,0f,1f], start_interpolation: 0, interpolation_duration: 1 }
$data merge entity $(bone_right_fingers) { transformation: [-0.9865261335166557f,0.1475578169354177f,0.07066030391904055f,-3.3586880214554804f,0.1573933669228742f,0.9738627902469575f,0.1637638355104435f,-0.24748064645117118f,-0.04464880667340298f,0.17267876659758669f,-0.9839657146613274f,-0.17089906133197263f,0f,0f,0f,1f], start_interpolation: 0, interpolation_duration: 1 }
$data merge entity $(bone_right_index_finger_2) { transformation: [-0.9865261335166557f,0.13756524910614534f,0.08855501186856445f,-2.9416359159967436f,0.1573933669228742f,0.9457454008174253f,0.28424103307117543f,-0.3923314436628097f,-0.04464880667340298f,0.29434917881837497f,-0.9546544112879745f,0.42023978914782156f,0f,0f,0f,1f], start_interpolation: 0, interpolation_duration: 1 }
$data merge entity $(bone_right_index_finger) { transformation: [-0.9865261335166557f,0.15085274029903728f,0.06332170743867091f,-2.90426964201782f,0.1573933669228742f,0.9807353405116139f,0.11569580770386653f,-0.3199804778520061f,-0.04464880667340298f,0.12410335457125948f,-0.9912642641832706f,-0.15032962986517806f,0f,0f,0f,1f], start_interpolation: 0, interpolation_duration: 1 }
$data merge entity $(bone_right_thumb) { transformation: [-0.9953824546162726f,0.08858712765635111f,0.036960652803774155f,-2.6296771014927756f,0.09219920315726043f,0.9894893318987863f,0.1114009380376102f,-0.48958357369210737f,-0.026703482530374457f,0.1142942818871118f,-0.9930879825819356f,-0.9396059222704731f,0f,0f,0f,1f], start_interpolation: 0, interpolation_duration: 1 }
$data merge entity $(bone_right_hand) { transformation: [-0.9865261335166557f,0.1475578169354177f,0.07066030391904055f,-3.2100709470024533f,0.1573933669228742f,0.9738627902469575f,0.1637638355104435f,-0.2624356916656987f,-0.04464880667340298f,0.17267876659758669f,-0.9839657146613274f,-0.8896966092318914f,0f,0f,0f,1f], start_interpolation: 0, interpolation_duration: 1 }
$data merge entity $(bone_right_forearm) { transformation: [-1.968889435123064f,0.3351341912827514f,0.12839874734825027f,-2.9109800469873552f,0.3487069357178799f,1.955751382684198f,0.2424185932177139f,0.8714829845470058f,-0.08488013589521405f,0.2608608349075521f,-1.9824413634628149f,-2.79485943210841f,0f,0f,0f,1f], start_interpolation: 0, interpolation_duration: 1 }
$data merge entity $(bone_right_bicep) { transformation: [-1.26923979610512f,0.19126207848017954f,0.1301721200164845f,-1.8233331932925445f,0.22479307984266733f,1.1911902337323264f,0.44162146893769116f,2.0553756903878564f,-0.05471777361143826f,0.4571435965944153f,-1.2052059246679965f,-1.8561026678647634f,0f,0f,0f,1f], start_interpolation: 0, interpolation_duration: 1 }
$data merge entity $(bone_right_shoulder) { transformation: [-1.2311564577824492f,0.04028318896841811f,-0.04867597995813136f,-1.3919387499999998f,0.013474685000706563f,1.0952789478650324f,0.5656153897354428f,2.1416468138429354f,0.061729403062733584f,0.5643399692809111f,-1.0942797584472246f,-1.815846858173745f,0f,0f,0f,1f], start_interpolation: 0, interpolation_duration: 1 }
$data merge entity $(bone_chest) { transformation: [-4.0674850000000005f,-8.843462469609773e-17f,4.902102487032772e-16f,1.460210157317737e-16f,0f,4.002870452481325f,0.7221235115109872f,2.2273400983003513f,-4.981232485829872e-16f,0.7221235115109872f,-4.002870452481325f,-1.1923520792561513f,0f,0f,0f,1f], start_interpolation: 0, interpolation_duration: 1 }
$data merge entity $(bone_weist) { transformation: [-1.0999999999999999f,-3.3105468074645584e-17f,1.3057994238690373e-16f,4.482030712777572e-16f,0f,1.066266146923493f,0.2703266615133025f,2.963765040342118f,-1.3471114790620883e-16f,0.2703266615133025f,-1.066266146923493f,-3.659855817937168f,0f,0f,0f,1f], start_interpolation: 0, interpolation_duration: 1 }
$data merge entity $(bone_right_fingers2) { transformation: [-0.9999761695267322f,-0.005657185679213604f,-0.003956845818975261f,0.770560826985619f,-0.006763794831377424f,0.6880468779627202f,0.7256347185776277f,-0.37828384655221925f,-0.001382554925951778f,0.7256441896521635f,-0.6880687455232452f,-5.4442056742212355f,0f,0f,0f,1f], start_interpolation: 0, interpolation_duration: 1 }
$data merge entity $(bone_left_foot) { transformation: [-0.9999761695267322f,-0.006603598230742136f,0.0020131738750492497f,0.768541586621429f,-0.006763794831377424f,0.995536418127826f,-0.09413549415973582f,0.6117905060710276f,-0.001382554925951778f,-0.09414686756140933f,-0.9955573594074083f,-5.336591536807042f,0f,0f,0f,1f], start_interpolation: 0, interpolation_duration: 1 }
$data merge entity $(bone_left_knee) { transformation: [-1.5849763950289388f,-0.008412988388034356f,0.00699695372859252f,0.7788880937990512f,-0.010720710628159996f,1.3968844996752294f,-0.7489116566489932f,1.0403239429650348f,-0.0021913691438283523f,-0.7489411356892441f,-1.3969081149838771f,-3.303506205987775f,0f,0f,0f,1f], start_interpolation: 0, interpolation_duration: 1 }
$data merge entity $(bone_left_thigh) { transformation: [-1.6036151175154423f,-0.01054137803468985f,0.0033834503357687063f,0.7385400000000005f,-0.010846782127321177f,1.594108717770552f,-0.1743667306469892f,2.7663266124309946f,-0.0022171388155189883f,-0.17438546036916897f,-1.594142029123634f,-4.510742619144083f,0f,0f,0f,1f], start_interpolation: 0, interpolation_duration: 1 }
$data merge entity $(bone_left_leg) { transformation: [-1f,-3.009588006785963e-17f,1.1870903853354885e-16f,0.5257450000000006f,0f,0.9693328608395393f,0.24575151046663862f,3.122809863916661f,-1.2246467991473532e-16f,0.24575151046663862f,-0.9693328608395393f,-4.726083330187916f,0f,0f,0f,1f], start_interpolation: 0, interpolation_duration: 1 }
$data merge entity $(bone_left_fingers2) { transformation: [-0.9999761695267322f,0.006263445778808095f,0.0029033817558447024f,-0.7698123932946427f,0.006763794831377424f,0.804642534486839f,0.5937210142601284f,-0.3363083871889109f,0.0013825549259515327f,0.5937265034858832f,-0.8046657241366159f,-4.976122666190517f,0f,0f,0f,1f], start_interpolation: 0, interpolation_duration: 1 }
$data merge entity $(bone_right_foot) { transformation: [-0.9999761695267322f,0.0057576625212826145f,-0.00380916013515556f,-0.7682585842765772f,0.006763794831377424f,0.9275858548103219f,-0.37354883621192525f,0.6434557034545012f,0.0013825549259515327f,-0.3735656987440036f,-0.9276026936484074f,-5.154706024845834f,0f,0f,0f,1f], start_interpolation: 0, interpolation_duration: 1 }
$data merge entity $(bone_right_knee) { transformation: [-1.5849763950289388f,0.007987966878175155f,-0.007478510563637698f,-0.7776674745632343f,0.010720710628159996f,1.3505375953245309f,-0.8295801218162651f,1.2190674144462483f,0.0021913691438279637f,-0.8296109356404451f,-1.3505594403435521f,-3.163002574749662f,0f,0f,0f,1f], start_interpolation: 0, interpolation_duration: 1 }
$data merge entity $(bone_right_thigh) { transformation: [-1.6036151175154423f,0.010150491510962652f,-0.004419944471453055f,-0.7385399999999994f,0.010846782127321177f,1.5687039013286537f,-0.3327978827830123f,2.7949034325282986f,0.002217138815518595f,-0.332819847649534f,-1.5687351742142854f,-4.518438327809415f,0f,0f,0f,1f], start_interpolation: 0, interpolation_duration: 1 }
$data merge entity $(bone_right_leg) { transformation: [-1f,-3.009588006785963e-17f,1.1870903853354885e-16f,-0.5257449999999995f,0f,0.9693328608395393f,0.24575151046663862f,3.122809863916661f,-1.2246467991473532e-16f,0.24575151046663862f,-0.9693328608395393f,-4.726083330187916f,0f,0f,0f,1f], start_interpolation: 0, interpolation_duration: 1 }