# This file was generated by Animated Java via MC-Build. It is not recommended to edit this file directly.
$data merge entity $(bone_neck) { transformation: [-1f,-3.357345329962737e-17f,1.177727517728796e-16f,1.4265819990236992e-16f,0f,0.9616874992436806f,0.2741480508747707f,2.566409215203154f,-1.2246467991473532e-16f,0.2741480508747707f,-0.9616874992436806f,-1.1648926041507979f,0f,0f,0f,1f], start_interpolation: 0, interpolation_duration: 1 }
$data merge entity $(bone_left_fingers_2) { transformation: [-0.9835394392781577f,-0.13557490313898235f,-0.11945550227286587f,3.4677725043914482f,-0.1466689683794041f,0.9851243620083049f,0.08954443082767011f,-0.3711312768746404f,0.10553854792884196f,0.1055908945723332f,-0.9887932938104333f,0.6113508515859001f,0f,0f,0f,1f], start_interpolation: 0, interpolation_duration: 1 }
$data merge entity $(bone_left_fingers) { transformation: [-0.9835394392781577f,-0.13557490313898235f,-0.11945550227286587f,3.4116671365522135f,-0.1466689683794041f,0.9851243620083049f,0.08954443082767011f,-0.3118098355575213f,0.10553854792884196f,0.1055908945723332f,-0.9887932938104333f,0.04064726880641556f,0f,0f,0f,1f], start_interpolation: 0, interpolation_duration: 1 }
$data merge entity $(bone_left_index_finger_2) { transformation: [-0.9835394392781577f,-0.11426256463766812f,-0.13997941886873877f,3.027428291983684f,-0.1466689683794041f,0.957303957982333f,0.249113118373723f,-0.43065658673975166f,0.10553854792884196f,0.2655432137219512f,-0.9583049705324967f,0.6591872539979367f,0f,0f,0f,1f], start_interpolation: 0, interpolation_duration: 1 }
$data merge entity $(bone_left_index_finger) { transformation: [-0.9835394392781577f,-0.13683383053166653f,-0.11801133083919642f,2.9586242823347115f,-0.1466689683794041f,0.9860183988487979f,0.07909444257451856f,-0.3793692291172843f,0.10553854792884196f,0.09510110385102588f,-0.9898572598851755f,0.08926096244613846f,0f,0f,0f,1f], start_interpolation: 0, interpolation_duration: 1 }
$data merge entity $(bone_left_thumb) { transformation: [-0.9859844452762409f,-0.13117968344104186f,-0.1030852284549606f,2.6442015825957417f,-0.1329754276106671f,0.9910614106446627f,0.010715222012219694f,-0.6061164071143542f,0.10075817249763715f,0.024272844565871837f,-0.9946148097085713f,-0.6702437592921906f,0f,0f,0f,1f], start_interpolation: 0, interpolation_duration: 1 }
$data merge entity $(bone_left_hand) { transformation: [-0.9835394392781577f,-0.13557490313898235f,-0.11945550227286587f,3.2270952913347912f,-0.1466689683794041f,0.9851243620083049f,0.08954443082767011f,-0.3799169879829898f,0.10553854792884196f,0.1055908945723332f,-0.9887932938104333f,-0.6666572791726857f,0f,0f,0f,1f], start_interpolation: 0, interpolation_duration: 1 }
$data merge entity $(bone_left_forearm) { transformation: [-1.967327967242637f,-0.2888025776478539f,-0.2270069906403862f,2.8483829671021565f,-0.3008693559122391f,1.976395653498365f,0.09303915765106273f,0.6112270863145497f,0.2107527777482505f,0.12558552992849217f,-1.9862351257327697f,-2.6361941854573567f,0f,0f,0f,1f], start_interpolation: 0, interpolation_duration: 1 }
$data merge entity $(bone_left_bicep) { transformation: [-1.268234519824356f,-0.16176154291949285f,-0.17294516318562136f,1.809727437715554f,-0.19395490201871424f,1.250148062623355f,0.2529959308231936f,1.9421555484072566f,0.13586140813309383f,0.2746973757837673f,-1.253227295038181f,-1.8515580792940705f,0f,0f,0f,1f], start_interpolation: 0, interpolation_duration: 1 }
$data merge entity $(bone_left_shoulder) { transformation: [-1.232701318617533f,-0.007636556881747648f,0.011289462137973048f,1.3810878125000003f,-0.0036754820301340783f,1.1695284776511836f,0.3897793486994002f,2.040283775445878f,-0.013124777644556718f,0.38972186600147835f,-1.1694797635059293f,-1.8090925001376286f,0f,0f,0f,1f], start_interpolation: 0, interpolation_duration: 1 }
$data merge entity $(bone_right_fingers_2) { transformation: [-0.9835394392781577f,0.1355749031389823f,0.11945550227286614f,-3.4648108929707755f,0.1466689683794041f,0.9851243620083049f,0.08954443082767011f,-0.36995547721071f,-0.1055385479288422f,0.1055908945723332f,-0.9887932938104333f,0.6158536502035096f,0f,0f,0f,1f], start_interpolation: 0, interpolation_duration: 1 }
$data merge entity $(bone_right_fingers) { transformation: [-0.9835394392781577f,0.1355749031389823f,0.11945550227286614f,-3.408705077173407f,0.1466689683794041f,0.9851243620083049f,0.08954443082767011f,-0.3106337001019752f,-0.1055385479288422f,0.1055908945723332f,-0.9887932938104333f,0.04514635944917322f,0f,0f,0f,1f], start_interpolation: 0, interpolation_duration: 1 }
$data merge entity $(bone_right_index_finger_2) { transformation: [-0.9835394392781577f,0.11426256463766803f,0.13997941886873905f,-3.024466605903323f,0.1466689683794041f,0.957303957982333f,0.249113118373723f,-0.4294807311105519f,-0.1055385479288422f,0.2655432137219512f,-0.9583049705324967f,0.6636894346197375f,0f,0f,0f,1f], start_interpolation: 0, interpolation_duration: 1 }
$data merge entity $(bone_right_index_finger) { transformation: [-0.9835394392781577f,0.13683383053166648f,0.11801133083919668f,-2.95566259625435f,0.1466689683794041f,0.9860183988487979f,0.07909444257451856f,-0.37819337348808457f,-0.1055385479288422f,0.09510110385102588f,-0.9898572598851755f,0.09376314306793931f,0f,0f,0f,1f], start_interpolation: 0, interpolation_duration: 1 }
$data merge entity $(bone_right_thumb) { transformation: [-0.9859844452762409f,0.1311796834410418f,0.10308522845496086f,-2.64123989651538f,0.1329754276106671f,0.9910614106446627f,0.010715222012219694f,-0.6049405514851545f,-0.10075817249763738f,0.024272844565871837f,-0.9946148097085713f,-0.6657415786703896f,0f,0f,0f,1f], start_interpolation: 0, interpolation_duration: 1 }
$data merge entity $(bone_right_hand) { transformation: [-0.9835394392781577f,0.1355749031389823f,0.11945550227286614f,-3.2241336052544294f,0.1466689683794041f,0.9851243620083049f,0.08954443082767011f,-0.37874113235379003f,-0.1055385479288422f,0.1055908945723332f,-0.9887932938104333f,-0.6621550985508848f,0f,0f,0f,1f], start_interpolation: 0, interpolation_duration: 1 }
$data merge entity $(bone_right_forearm) { transformation: [-1.9673300151815762f,0.28880287828407436f,0.2270072269489552f,-2.845421377513272f,0.30086966910967233f,1.9763977108765378f,0.0930392545024861f,0.6124000011536248f,-0.2107529971365926f,0.1255856606598706f,-1.9862371933535856f,-2.631695302363848f,0f,0f,0f,1f], start_interpolation: 0, interpolation_duration: 1 }
$data merge entity $(bone_right_bicep) { transformation: [-1.2682345198243559f,0.16176154291949274f,0.17294516318562164f,-1.8067658752155535f,0.1939549020187142f,1.2501480626233548f,0.25299593082319355f,1.9433308785409573f,-0.1358614081330941f,0.27469737578376724f,-1.2532272950381809f,-1.8470554952725604f,0f,0f,0f,1f], start_interpolation: 0, interpolation_duration: 1 }
$data merge entity $(bone_right_shoulder) { transformation: [-1.232701318617533f,0.007636556881747552f,-0.01128946213797276f,-1.3781262499999998f,0.0036754820301340783f,1.1695284776511836f,0.3897793486994002f,2.0414591055795785f,0.013124777644556414f,0.38972186600147835f,-1.1694797635059293f,-1.8045899161161185f,0f,0f,0f,1f], start_interpolation: 0, interpolation_duration: 1 }
$data merge entity $(bone_chest) { transformation: [-4.0674850000000005f,-5.994004917438101e-17f,4.945037525477853e-16f,1.4561621291118848e-16f,0f,4.037929571955588f,0.4894476449545583f,2.158429790527327f,-4.981232485829872e-16f,0.4894476449545583f,-4.037929571955588f,-1.1890466133792383f,0f,0f,0f,1f], start_interpolation: 0, interpolation_duration: 1 }
$data merge entity $(bone_weist) { transformation: [-1.0999999999999999f,-2.5499236969270567e-17f,1.3227578117022577e-16f,4.525076741396337e-16f,0f,1.080113721460925f,0.20821707113450288f,2.7509381150212446f,-1.3471114790620883e-16f,0.20821707113450288f,-1.080113721460925f,-3.6950055677660467f,0f,0f,0f,1f], start_interpolation: 0, interpolation_duration: 1 }
$data merge entity $(bone_right_fingers2) { transformation: [-0.9999937113463298f,-0.0026595862482165942f,-0.0023460325619134035f,0.7589015158060689f,-0.0035154890270133474f,0.6561676066509836f,0.7546069926251817f,-0.4742424949493935f,-0.0004675518091180208f,0.7546104946148764f,-0.6561728299864278f,-5.313366726557348f,0f,0f,0f,1f], start_interpolation: 0, interpolation_duration: 1 }
$data merge entity $(bone_left_foot) { transformation: [-0.9999937113463298f,-0.003411261025262389f,0.0009698278253311684f,0.7602056280162488f,-0.0035154890270133474f,0.9895328815700412f,-0.14426474839194786f,0.5200024666998843f,-0.0004675518091180208f,-0.14426725057998652f,-0.9895386509911563f,-5.255857082568189f,0f,0f,0f,1f], start_interpolation: 0, interpolation_duration: 1 }
$data merge entity $(bone_left_knee) { transformation: [-1.58500419906151f,-0.004671608300848081f,0.0031262705084542128f,0.7740461799324926f,-0.005572099910577372f,1.4219763916656827f,-0.7001585547446091f,0.8779134043717907f,-0.0007410762411026922f,-0.7001651420596121f,-1.4219838723363485f,-3.2091787690667917f,0f,0f,0f,1f], start_interpolation: 0, interpolation_duration: 1 }
$data merge entity $(bone_left_thigh) { transformation: [-1.6036432485129126f,-0.0054227843286673355f,0.001714182075420447f,0.7385400000000005f,-0.005637625696466711f,1.5794438168203502f,-0.2775418170214738f,2.5219916631752484f,-0.0007497910171981444f,-0.27754609784538403f,-1.579452947983998f,-4.525947135577674f,0f,0f,0f,1f], start_interpolation: 0, interpolation_duration: 1 }
$data merge entity $(bone_left_leg) { transformation: [-1f,-2.31811245175187e-17f,1.2025071015475072e-16f,0.5257450000000006f,0f,0.9819215649644776f,0.18928824648591175f,2.865426254921187f,-1.2246467991473532e-16f,0.18928824648591175f,-0.9819215649644776f,-4.761541302769811f,0f,0f,0f,1f], start_interpolation: 0, interpolation_duration: 1 }
$data merge entity $(bone_left_fingers2) { transformation: [-0.9999937113463298f,0.002828720116892422f,0.0021390676224815057f,-0.7588156942188221f,0.003515489027013348f,0.7111359323228806f,0.7030457503578045f,-0.45319412716519636f,0.0004675518091177759f,0.7030488490153208f,-0.7111414045698212f,-5.126858755205463f,0f,0f,0f,1f], start_interpolation: 0, interpolation_duration: 1 }
$data merge entity $(bone_right_foot) { transformation: [-0.9999937113463298f,0.003247869729755943f,-0.0014242928111156126f,-0.7601881525794892f,0.003515489027013348f,0.96075789053681f,-0.27736603452506586f,0.5396454476938866f,0.0004675518091177759f,-0.2773692973518836f,-0.9607632665135715f,-5.204959962475735f,0f,0f,0f,1f], start_interpolation: 0, interpolation_duration: 1 }
$data merge entity $(bone_right_knee) { transformation: [-1.58500419906151f,0.004619857739457222f,-0.0032022501269825692f,-0.7738155264040267f,0.005572099910577372f,1.4103361069127653f,-0.7233193802012771f,0.9604081822015833f,0.0007410762411023039f,-0.7233260889713852f,-1.4103434788566194f,-3.1749173476263532f,0f,0f,0f,1f], start_interpolation: 0, interpolation_duration: 1 }
$data merge entity $(bone_right_thigh) { transformation: [-1.6036432485129126f,0.005368536201003334f,-0.0018771864908551038f,-0.7385399999999994f,0.005637625696466711f,1.5703405289847667f,-0.3251197528841647f,2.5429853935326006f,0.0007497910171977517f,-0.3251243075471478f,-1.5703495266871412f,-4.522582440754355f,0f,0f,0f,1f], start_interpolation: 0, interpolation_duration: 1 }
$data merge entity $(bone_right_leg) { transformation: [-1f,-2.31811245175187e-17f,1.2025071015475072e-16f,-0.5257449999999995f,0f,0.9819215649644776f,0.18928824648591175f,2.865426254921187f,-1.2246467991473532e-16f,0.18928824648591175f,-0.9819215649644776f,-4.761541302769811f,0f,0f,0f,1f], start_interpolation: 0, interpolation_duration: 1 }