# This file was generated by Animated Java via MC-Build. It is not recommended to edit this file directly.
$data merge entity $(bone_neck) { transformation: [-1f,-3.2562456324723556e-17f,1.1805627583791999e-16f,1.6594731059453624e-16f,0f,0.9640026489279632f,0.2658926340835154f,2.556410000075459f,-1.2246467991473532e-16f,0.2658926340835154f,-0.9640026489279632f,-1.3550626246692128f,0f,0f,0f,1f], start_interpolation: 0, interpolation_duration: 1 }
$data merge entity $(bone_left_fingers_2) { transformation: [-0.9828825622418011f,-0.1338051037862292f,-0.12664147441398665f,3.4780945629185442f,-0.14441797675618182f,0.986384728622862f,0.07866775152026326f,-0.3712660056530076f,0.1143910697154412f,0.09561046668832549f,-0.9888242117934801f,0.45931855756187023f,0f,0f,0f,1f], start_interpolation: 0, interpolation_duration: 1 }
$data merge entity $(bone_left_fingers) { transformation: [-0.9828825622418011f,-0.1338051037862292f,-0.12664147441398665f,3.417848967265122f,-0.14441797675618182f,0.986384728622862f,0.07866775152026326f,-0.3182366932497901f,0.1143910697154412f,0.09561046668832549f,-0.9888242117934801f,-0.11158229663968222f,0f,0f,0f,1f], start_interpolation: 0, interpolation_duration: 1 }
$data merge entity $(bone_left_index_finger_2) { transformation: [-0.9828825622418011f,-0.11050296098143461f,-0.14741426137021998f,3.0384947644616633f,-0.14441797675618182f,0.9589430290276636f,0.2440731756439048f,-0.4330263209173031f,0.1143910697154412f,0.26118453762346844f,-0.9584869954651296f,0.5107275003408589f,0f,0f,0f,1f], start_interpolation: 0, interpolation_duration: 1 }
$data merge entity $(bone_left_index_finger) { transformation: [-0.9828825622418011f,-0.1344223905543776f,-0.12598606970073467f,2.965108687032492f,-0.14441797675618182f,0.9867573918513987f,0.0738464461993678f,-0.38475922379310645f,0.1143910697154412f,0.09077703753852942f,-0.9892796432885319f,-0.05889091015200698f,0f,0f,0f,1f], start_interpolation: 0, interpolation_duration: 1 }
$data merge entity $(bone_left_thumb) { transformation: [-0.9840457834049752f,-0.1377237198087962f,-0.11263246940787941f,2.644875885842588f,-0.138133880715627f,0.9904046941042405f,-0.004192003664951566f,-0.6196007404572872f,0.11212906474830521f,0.011433236563380827f,-0.9936278749815525f,-0.8134926291246903f,0f,0f,0f,1f], start_interpolation: 0, interpolation_duration: 1 }
$data merge entity $(bone_left_hand) { transformation: [-0.9828825622418011f,-0.1338051037862292f,-0.12664147441398665f,3.228006937034991f,-0.14441797675618182f,0.986384728622862f,0.07866775152026326f,-0.39400830373837537f,0.1143910697154412f,0.09561046668832549f,-0.9888242117934801f,-0.8167090515231277f,0f,0f,0f,1f], start_interpolation: 0, interpolation_duration: 1 }
$data merge entity $(bone_left_forearm) { transformation: [-1.9665921578695575f,-0.2819526859649885f,-0.24152929601557904f,2.837584704157628f,-0.29241252925258693f,1.9785718243404191f,0.07118203434171558f,0.57587212853882f,0.22875452059523899f,0.10523617322027999f,-1.9854256849612597f,-2.794527964598603f,0f,0f,0f,1f], start_interpolation: 0, interpolation_duration: 1 }
$data merge entity $(bone_left_bicep) { transformation: [-1.2677601816039437f,-0.15809003219790138f,-0.179686636037057f,1.8056688428430656f,-0.18850322356116958f,1.2563946505712391f,0.22457657988787053f,1.926275351079653f,0.14746620005172376f,0.246932475075175f,-1.2576858495294696f,-2.034665812134313f,0f,0f,0f,1f], start_interpolation: 0, interpolation_duration: 1 }
$data merge entity $(bone_left_shoulder) { transformation: [-1.2327606600057954f,-0.0034450454526176576f,0.005253254389678104f,1.3774443750000003f,-0.001745947620719624f,1.1781486147191664f,0.36290646615897143f,2.0261240700639425f,-0.006034623994829948f,0.3628943140570219f,-1.1781381964846493f,-1.9920226284177391f,0f,0f,0f,1f], start_interpolation: 0, interpolation_duration: 1 }
$data merge entity $(bone_right_fingers_2) { transformation: [-0.982882562241801f,0.13380510378622917f,0.1266414744139869f,-3.4767295266387306f,0.14441797675618182f,0.986384728622862f,0.07866775152026326f,-0.3707060867709415f,-0.11439106971544144f,0.09561046668832549f,-0.9888242117934801f,0.46138933979857266f,0f,0f,0f,1f], start_interpolation: 0, interpolation_duration: 1 }
$data merge entity $(bone_right_fingers) { transformation: [-0.982882562241801f,0.13380510378622917f,0.1266414744139869f,-3.416483456079779f,0.14441797675618182f,0.986384728622862f,0.07866775152026326f,-0.3176764793636558f,-0.11439106971544144f,0.09561046668832549f,-0.9888242117934801f,-0.1095152224937741f,0f,0f,0f,1f], start_interpolation: 0, interpolation_duration: 1 }
$data merge entity $(bone_right_index_finger_2) { transformation: [-0.982882562241801f,0.11050296098143454f,0.14741426137022023f,-3.037129649030928f,0.14441797675618182f,0.9589430290276636f,0.2440731756439048f,-0.43246635286789226f,-0.11439106971544144f,0.26118453762346844f,-0.9584869954651296f,0.5127976645624288f,0f,0f,0f,1f], start_interpolation: 0, interpolation_duration: 1 }
$data merge entity $(bone_right_index_finger) { transformation: [-0.982882562241801f,0.13442239055437757f,0.12598606970073492f,-2.9637435716017566f,0.14441797675618182f,0.9867573918513987f,0.0738464461993678f,-0.3841992557436956f,-0.11439106971544144f,0.09077703753852942f,-0.9892796432885319f,-0.05682074593043707f,0f,0f,0f,1f], start_interpolation: 0, interpolation_duration: 1 }
$data merge entity $(bone_right_thumb) { transformation: [-0.9840457834049751f,0.1377237198087962f,0.11263246940787966f,-2.6435107704118526f,0.138133880715627f,0.9904046941042405f,-0.004192003664951566f,-0.6190407724078764f,-0.11212906474830545f,0.011433236563380827f,-0.9936278749815525f,-0.8114224649031202f,0f,0f,0f,1f], start_interpolation: 0, interpolation_duration: 1 }
$data merge entity $(bone_right_hand) { transformation: [-0.982882562241801f,0.13380510378622917f,0.1266414744139869f,-3.2266418216042556f,0.14441797675618182f,0.986384728622862f,0.07866775152026326f,-0.39344833568896453f,-0.11439106971544144f,0.09561046668832549f,-0.9888242117934801f,-0.8146388873015578f,0f,0f,0f,1f], start_interpolation: 0, interpolation_duration: 1 }
$data merge entity $(bone_right_forearm) { transformation: [-1.9665942050425376f,0.281952979470644f,0.24152954744150273f,-2.8362196518464904f,0.29241283364667625f,1.978573883983931f,0.07118210844042323f,0.5764291182710237f,-0.22875475872294268f,0.10523628276848983f,-1.985427751739468f,-2.7924610648666617f,0f,0f,0f,1f], start_interpolation: 0, interpolation_duration: 1 }
$data merge entity $(bone_right_bicep) { transformation: [-1.2677601816039432f,0.1580900321979013f,0.1796866360370573f,-1.804303842843065f,0.18850322356116955f,1.256394650571239f,0.2245765798878705f,1.926834840074067f,-0.14746620005172403f,0.24693247507517496f,-1.2576858495294694f,-2.032595267926833f,0f,0f,0f,1f], start_interpolation: 0, interpolation_duration: 1 }
$data merge entity $(bone_right_shoulder) { transformation: [-1.2327606600057954f,0.0034450454526175687f,-0.005253254389677816f,-1.3760793749999998f,0.001745947620719624f,1.1781486147191664f,0.36290646615897143f,2.0266835590583563f,0.006034623994829645f,0.3628943140570219f,-1.1781381964846493f,-1.9899520842102592f,0f,0f,0f,1f], start_interpolation: 0, interpolation_duration: 1 }
$data merge entity $(bone_chest) { transformation: [-4.0674850000000005f,-5.569805743515834e-17f,4.949994920975358e-16f,1.6847684026807094e-16f,0f,4.0419775925774974f,0.4548091537407969f,2.1482384788097355f,-4.981232485829872e-16f,0.4548091537407969f,-4.0419775925774974f,-1.3757178019439655f,0f,0f,0f,1f], start_interpolation: 0, interpolation_duration: 1 }
$data merge entity $(bone_weist) { transformation: [-1.0999999999999999f,-2.4364190334943035e-17f,1.324895452461482e-16f,4.759791496645344e-16f,0f,1.0818592376054266f,0.19894871200338193f,2.719239371831603f,-1.3471114790620883e-16f,0.19894871200338193f,-1.0818592376054266f,-3.8866647101509564f,0f,0f,0f,1f], start_interpolation: 0, interpolation_duration: 1 }
$data merge entity $(bone_right_fingers2) { transformation: [-0.9999953517070549f,-0.00224816737885684f,-0.002059686315975699f,0.7572801547075365f,-0.003027182928353916f,0.6513374978958169f,0.7587821162878943f,-0.48763054063919087f,-0.00036431827000053623f,0.7587848242935895f,-0.6513412759022298f,-5.480596511230179f,0f,0f,0f,1f], start_interpolation: 0, interpolation_duration: 1 }
$data merge entity $(bone_left_foot) { transformation: [-0.9999953517070549f,-0.0029369090285861384f,0.0008192250248758304f,0.7590771946522916f,-0.003027182928353916f,0.9884273276712872f,-0.15166494016784637f,0.5070161193978671f,-0.00036431827000053623f,-0.1516667151287847f,-0.9884316237323865f,-5.430527599219303f,0f,0f,0f,1f], start_interpolation: 0, interpolation_duration: 1 }
$data merge entity $(bone_left_knee) { transformation: [-1.5850067990564978f,-0.004062995300563478f,0.002616781972188969f,0.7733349247715909f,-0.004798127826532442f,1.4255496888229298f,-0.6928599939383399f,0.8544218589969259f,-0.0005774496191263416f,-0.6928646947998314f,-1.4255553618803798f,-3.3820428205682806f,0f,0f,0f,1f], start_interpolation: 0, interpolation_duration: 1 }
$data merge entity $(bone_left_thigh) { transformation: [-1.6036458790828574f,-0.004666328602376121f,0.0014606125614196027f,0.7385400000000005f,-0.004854551993664518f,1.5766999524353653f,-0.29274170667393457f,2.4857591607114893f,-0.0005842402080805932f,-0.2927447674661355f,-1.576706749302383f,-4.714582074088465f,0f,0f,0f,1f], start_interpolation: 0, interpolation_duration: 1 }
$data merge entity $(bone_left_leg) { transformation: [-1f,-2.2149263940857306e-17f,1.2044504113286201e-16f,0.5257450000000006f,0f,0.9835083978231153f,0.18086246545761997f,2.827161186068132f,-1.2246467991473532e-16f,0.18086246545761997f,-0.9835083978231153f,-4.953112129857206f,0f,0f,0f,1f], start_interpolation: 0, interpolation_duration: 1 }
$data merge entity $(bone_left_fingers2) { transformation: [-0.9999953517070549f,0.002368458038315974f,0.0019201486412019889f,-0.7572338532007903f,0.003027182928353916f,0.6959750919287552f,0.7180595431983887f,-0.4693096915198459f,0.0003643182700002912f,0.7180620180884665f,-0.6959790265883856f,-5.3345841402200245f,0f,0f,0f,1f], start_interpolation: 0, interpolation_duration: 1 }
$data merge entity $(bone_right_foot) { transformation: [-0.9999953517070549f,0.0028249822076187843f,-0.0011471877833252489f,-0.7590743774177193f,0.003027182928353916f,0.9648338198725311f,-0.2628431779477989f,0.5245942187785582f,0.0003643182700002912f,-0.26284542892298257f,-0.9648378867802049f,-5.397700961983631f,0f,0f,0f,1f], start_interpolation: 0, interpolation_duration: 1 }
$data merge entity $(bone_right_knee) { transformation: [-1.5850067990564978f,0.004036416879538721f,-0.0026575961839505544f,-0.7731852396782711f,0.004798127826532442f,1.418494608754967f,-0.7071915804338179f,0.9221742683287664f,0.0005774496191259531f,-0.7071963382299823f,-1.4185002341487538f,-3.3629943516984566f,0f,0f,0f,1f], start_interpolation: 0, interpolation_duration: 1 }
$data merge entity $(bone_right_thigh) { transformation: [-1.6036458790828574f,0.004636417006937974f,-0.0015529484916461556f,-0.7385399999999994f,0.004854551993664518f,1.5705785744636367f,-0.32398053687192746f,2.5057464356823216f,0.0005842402080802003f,-0.32398373197464614f,-1.5705853092367412f,-4.70950654769738f,0f,0f,0f,1f], start_interpolation: 0, interpolation_duration: 1 }
$data merge entity $(bone_right_leg) { transformation: [-1f,-2.2149263940857306e-17f,1.2044504113286201e-16f,-0.5257449999999995f,0f,0.9835083978231153f,0.18086246545761997f,2.827161186068132f,-1.2246467991473532e-16f,0.18086246545761997f,-0.9835083978231153f,-4.953112129857206f,0f,0f,0f,1f], start_interpolation: 0, interpolation_duration: 1 }