# This file was generated by Animated Java via MC-Build. It is not recommended to edit this file directly.
$data merge entity $(bone_left_fingers_2) { transformation: [-0.9589999026663975f,0.18326470355702057f,-0.2161787110610042f,2.388009795921946f,0.22611021862014555f,0.034893629593288726f,-0.9734765552643557f,1.9220631799993633f,-0.17086063245051447f,-0.9824441373655625f,-0.0749010095702755f,1.9427374201557006f,0f,0f,0f,1f], start_interpolation: 0, interpolation_duration: 1 }
$data merge entity $(bone_left_fingers) { transformation: [-0.9589999026663975f,0.18326470355702057f,-0.2161787110610042f,2.2776675962594854f,0.22611021862014555f,0.034893629593288726f,-0.9734765552643557f,1.3581201687335205f,-0.17086063245051447f,-0.9824441373655625f,-0.0749010095702755f,1.896236838269887f,0f,0f,0f,1f], start_interpolation: 0, interpolation_duration: 1 }
$data merge entity $(bone_left_index_finger_2) { transformation: [-0.9809447551511147f,0.1929751129228941f,0.022538703022037844f,1.8119526892796762f,-0.01700267904663425f,0.030296178889931878f,-0.999396343024081f,1.919777830790422f,-0.19354145872850223f,-0.9807358193402879f,-0.026437783874182816f,1.8275661868020805f,0f,0f,0f,1f], start_interpolation: 0, interpolation_duration: 1 }
$data merge entity $(bone_left_index_finger) { transformation: [-0.9809447551511147f,0.1929751129228941f,0.022538703022037844f,1.8260584772842186f,-0.01700267904663425f,0.030296178889931878f,-0.999396343024081f,1.3439791009704072f,-0.19354145872850223f,-0.9807358193402879f,-0.026437783874182816f,1.8066565698738704f,0f,0f,0f,1f], start_interpolation: 0, interpolation_duration: 1 }
$data merge entity $(bone_left_thumb) { transformation: [-0.9128580406149838f,0.2287202547667861f,0.33819704721358645f,1.5529318951536824f,-0.35274236808533005f,-0.024730411197906407f,-0.9353936222358672f,0.5508386412471221f,-0.20557971554150478f,-0.9731780165115729f,0.10325467900523969f,1.9598016659991508f,0f,0f,0f,1f], start_interpolation: 0, interpolation_duration: 1 }
$data merge entity $(bone_left_hand) { transformation: [-0.9804268525921664f,0.19180438218310342f,0.04443270970327962f,2.1724699064935216f,-0.030699740055606058f,0.07398724394384522f,-0.9967865436963483f,0.6328648833698809f,-0.19447548091401182f,-0.9786403663802921f,-0.0666507360372858f,1.9400921796823103f,0f,0f,0f,1f], start_interpolation: 0, interpolation_duration: 1 }
$data merge entity $(bone_left_forearm) { transformation: [-1.9619583441764379f,0.38879507420394066f,0.06983036117547126f,2.404977660811305f,-0.07689867293987486f,-0.02890016196618516f,-1.9996424200564236f,-1.4228774370096362f,-0.38745900837021563f,-1.9629879276918076f,0.043270612656730205f,1.0887820821614689f,0f,0f,0f,1f], start_interpolation: 0, interpolation_duration: 1 }
$data merge entity $(bone_left_bicep) { transformation: [-2.433227383178392f,0.40333215956983737f,0.11234221600371995f,2.181126548931258f,0.19054096092637982f,1.6566407971346235f,-1.8207494375029956f,1.3734412187345635f,-0.37281596887626356f,-1.7857092543342419f,-1.6637739675283307f,-1.7565259540145912f,0f,0f,0f,1f], start_interpolation: 0, interpolation_duration: 1 }
$data merge entity $(bone_left_shoulder) { transformation: [-1.2149220930965956f,0.20138568014867325f,0.056093006824567186f,1.3796122376986497f,0.09513801491372667f,0.8271686890745669f,-0.909108919662939f,0.12067455903196245f,-0.18614879989363403f,-0.8916131882848621f,-0.830730315236203f,-0.09439364001085268f,0f,0f,0f,1f], start_interpolation: 0, interpolation_duration: 1 }
$data merge entity $(bone_right_fingers_2) { transformation: [-0.980022864875115f,0.19190259597573356f,0.052235792132850754f,-2.9646259238179913f,-0.07982653854595786f,-0.13898374951775394f,-0.9870720546716724f,3.2007575399136736f,-0.18216176345694146f,-0.9715229853316705f,0.1515261723482009f,1.7782227951442864f,0f,0f,0f,1f], start_interpolation: 0, interpolation_duration: 1 }
$data merge entity $(bone_right_fingers) { transformation: [-0.980022864875115f,0.19190259597573356f,0.052235792132850754f,-2.9468863760830915f,-0.07982653854595786f,-0.13898374951775394f,-0.9870720546716724f,2.629981072053864f,-0.18216176345694146f,-0.9715229853316705f,0.1515261723482009f,1.85742683361091f,0f,0f,0f,1f], start_interpolation: 0, interpolation_duration: 1 }
$data merge entity $(bone_right_index_finger_2) { transformation: [-0.973010611447455f,0.0942088362033388f,-0.2106538515951273f,-2.3713440985284997f,0.20302764899929002f,-0.08439656328665762f,-0.9755290840601434f,3.1640087696001897f,-0.10968192080954146f,-0.9919687068081402f,0.06299175311829147f,1.89480568196752f,0f,0f,0f,1f], start_interpolation: 0, interpolation_duration: 1 }
$data merge entity $(bone_right_index_finger) { transformation: [-0.973010611447455f,0.0942088362033388f,-0.2106538515951273f,-2.4922035820188615f,0.20302764899929002f,-0.08439656328665762f,-0.9755290840601434f,2.6013018373868544f,-0.10968192080954146f,-0.9919687068081402f,0.06299175311829147f,1.9253712882457477f,0f,0f,0f,1f], start_interpolation: 0, interpolation_duration: 1 }
$data merge entity $(bone_right_thumb) { transformation: [-0.8319783096818805f,-0.03915669453264241f,-0.5534246520459296f,-2.2929920724502306f,0.5548032460670536f,-0.05452055838946113f,-0.8301932707908211f,1.777981594963476f,0.0023346032513741344f,-0.9977445875504306f,0.06708418324374218f,2.023258427620084f,0f,0f,0f,1f], start_interpolation: 0, interpolation_duration: 1 }
$data merge entity $(bone_right_hand) { transformation: [-0.9870995257280887f,0.15829760277511898f,-0.024008233234309832f,-2.8671749289948183f,0.062268137833789074f,0.2414105913254386f,-0.9684232573656077f,1.9017806776622013f,-0.14750323833087398f,-0.9574250860258222f,-0.24815317715143745f,1.8089410225503384f,0f,0f,0f,1f], start_interpolation: 0, interpolation_duration: 1 }
$data merge entity $(bone_right_forearm) { transformation: [-1.97280683137196f,0.33597192169685425f,-0.021973760488613478f,-2.721229505293784f,-0.02433122130631506f,-0.27253653703979397f,-1.9825384233034833f,-0.246456452234286f,-0.3358094251036311f,-1.9540147072210694f,0.27273673423631245f,1.2017759054351753f,0f,0f,0f,1f], start_interpolation: 0, interpolation_duration: 1 }
$data merge entity $(bone_right_bicep) { transformation: [-2.43320286286432f,0.4185441113182221f,0.015419394241625646f,-1.4934550074743347f,0.01970665628671071f,0.20520567928243183f,-2.46036488748667f,0.20209072895094674f,-0.41836416975636953f,-2.424583378388984f,-0.20557228751217457f,-2.213355480034118f,0f,0f,0f,1f], start_interpolation: 0, interpolation_duration: 1 }
$data merge entity $(bone_right_shoulder) { transformation: [-1.2149098499862714f,0.2089810805563782f,0.007698977438699976f,-1.4275547534650432f,0.009839627923515953f,0.10246017906615129f,-1.2284719790478889f,0.24976732997122364f,-0.2088912348722172f,-1.210606100080864f,-0.10264322831214641f,0.015527070093900308f,0f,0f,0f,1f], start_interpolation: 0, interpolation_duration: 1 }
$data merge entity $(bone_chest) { transformation: [-4.0083554682486655f,0.691028700841019f,2.1727830935620986e-17f,1.8727405251388483e-17f,0.030142248582549422f,0.17484200986750217f,-4.063613655560883f,0.7736570203356419f,-0.6903709946372416f,-4.004540402021744f,-0.1774212038176946f,-0.15292086881235656f,0f,0f,0f,1f], start_interpolation: 0, interpolation_duration: 1 }
$data merge entity $(bone_right_fingers2) { transformation: [-0.9992471129851951f,-0.03368676196130267f,0.0192460193108884f,0.7299514229907709f,-0.019793977959842043f,0.016009066852402498f,-0.99967590158763f,-3.2867232192585396f,0.03336773332544248f,-0.9993042138643657f,-0.016663808857650564f,2.157610920205027f,0f,0f,0f,1f], start_interpolation: 0, interpolation_duration: 1 }
$data merge entity $(bone_left_foot) { transformation: [-0.9982779946389253f,0.028983337330125192f,0.05100011349883366f,0.75282625f,-0.058650351287915355f,-0.5092627406956921f,-0.8586102708638632f,-3.6112296856851427f,0.0010870664606498816f,-0.860122913946792f,0.5100856704419264f,1.2163328533395505f,0f,0f,0f,1f], start_interpolation: 0, interpolation_duration: 1 }
$data merge entity $(bone_left_knee) { transformation: [-1.5850141666666666f,1.9394349131638108e-16f,-7.995992503874098e-18f,0.7688818749999999f,0f,-0.06529223372356192f,-1.5836687888410934f,-1.594667218590598f,-1.9410825258115427e-16f,-1.5836687888410934f,0.06529223372356192f,1.7167346442544895f,0f,0f,0f,1f], start_interpolation: 0, interpolation_duration: 1 }
$data merge entity $(bone_left_thigh) { transformation: [-1.6036533333333332f,1.9519981822027069e-16f,-2.1596608310421808e-17f,0.7385400000000001f,0f,-0.1763496897673534f,-1.5939274765277336f,-2.8039888703756186f,-1.9639089216086498e-16f,-1.5939274765277336f,0.1763496897673534f,-0.008012715236974555f,0f,0f,0f,1f], start_interpolation: 0, interpolation_duration: 1 }
$data merge entity $(bone_left_leg) { transformation: [-1f,1.2219353023288476e-16f,-8.144875434508115e-18f,0.5257450000000001f,0f,-0.06650795511145659f,-0.9977858948225778f,-3.119138125f,-1.2246467991473532e-16f,-0.9977858948225778f,0.06650795511145659f,-0.28028625000000107f,0f,0f,0f,1f], start_interpolation: 0, interpolation_duration: 1 }
$data merge entity $(bone_left_fingers2) { transformation: [-0.9999808334623713f,0.004547006767190196f,0.004202075363488303f,-0.7485877975992145f,-0.004297530396132207f,-0.021190876774394185f,-0.999766211658519f,-3.2729554178688582f,-0.004456898068794992f,-0.9997651081484048f,0.021210011518450506f,2.0942963184135808f,0f,0f,0f,1f], start_interpolation: 0, interpolation_duration: 1 }
$data merge entity $(bone_right_foot) { transformation: [-0.9999985741396596f,0.0008964340759446616f,0.0014311270366669272f,-0.7528262500000001f,-0.001616815000846711f,-0.2636070630621222f,-0.9646287898528715f,-3.3368666940046956f,-0.00048747092285680925f,-0.9646297282945979f,0.2636081365633268f,1.100450511495161f,0f,0f,0f,1f], start_interpolation: 0, interpolation_duration: 1 }
$data merge entity $(bone_right_knee) { transformation: [-1.5850141666666666f,1.9051281519825933e-16f,-3.7187107515146367e-17f,-0.7688818750000002f,0f,-0.30365577684143275f,-1.555655192426925f,-1.269801007023446f,-1.9410825258115427e-16f,-1.555655192426925f,0.30365577684143275f,1.259452601993556f,0f,0f,0f,1f], start_interpolation: 0, interpolation_duration: 1 }
$data merge entity $(bone_right_thigh) { transformation: [-1.6036533333333332f,1.881617405917839e-16f,-5.625426118269365e-17f,-0.7385399999999999f,0f,-0.4593509020058686f,-1.5364572113591402f,-2.748932899674335f,-1.9639089216086498e-16f,-1.5364572113591402f,0.4593509020058686f,-0.20111044374857462f,0f,0f,0f,1f], start_interpolation: 0, interpolation_duration: 1 }
$data merge entity $(bone_right_leg) { transformation: [-1f,1.1875161841967962e-16f,-2.992742804394292e-17f,-0.5257449999999999f,0f,-0.24437599530558166f,-0.969680551995556f,-3.119138125f,-1.2246467991473532e-16f,-0.969680551995556f,0.24437599530558166f,-0.3934812500000012f,0f,0f,0f,1f], start_interpolation: 0, interpolation_duration: 1 }