# This file was generated by Animated Java via MC-Build. It is not recommended to edit this file directly.
$data merge entity $(bone_left_fingers_2) { transformation: [-0.9566061696928694f,0.18939571321079304f,-0.22143599509319248f,2.384165348803178f,0.2283935634844911f,0.015452584953233206f,-0.9734462480163549f,1.7495384136081418f,-0.1809447878895468f,-0.9817792427198887f,-0.05803879995286582f,1.9636948991199497f,0f,0f,0f,1f], start_interpolation: 0, interpolation_duration: 1 }
$data merge entity $(bone_left_fingers) { transformation: [-0.9566061696928694f,0.18939571321079304f,-0.22143599509319248f,2.2707958115804594f,0.2283935634844911f,0.015452584953233206f,-0.9734462480163549f,1.1854690187878183f,-0.1809447878895468f,-0.9817792427198887f,-0.05803879995286582f,1.9270548806347376f,0f,0f,0f,1f], start_interpolation: 0, interpolation_duration: 1 }
$data merge entity $(bone_left_index_finger_2) { transformation: [-0.976730889575274f,0.2143123897305465f,0.008183456328255227f,1.81530266171166f,-0.007369083862599195f,0.004598594436819592f,-0.9999622740544923f,1.7496228801650284f,-0.21434193698975498f,-0.9767543460549271f,-0.002912303262352256f,1.8346594675961183f,0f,0f,0f,1f], start_interpolation: 0, interpolation_duration: 1 }
$data merge entity $(bone_left_index_finger) { transformation: [-0.976730889575274f,0.2143123897305465f,0.008183456328255227f,1.8212586298360884f,-0.007369083862599195f,0.004598594436819592f,-0.9999622740544923f,1.1733493474473753f,-0.21434193698975498f,-0.9767543460549271f,-0.002912303262352256f,1.8273311300989294f,0f,0f,0f,1f], start_interpolation: 0, interpolation_duration: 1 }
$data merge entity $(bone_left_thumb) { transformation: [-0.9089376962225713f,0.25892466531270714f,0.32678782425039565f,1.549368312747308f,-0.3405674491175045f,-0.00894476551032708f,-0.9401775384317375f,0.3728203909579588f,-0.24051211401341271f,-0.965856101529968f,0.0963115473353601f,1.9384724117134677f,0f,0f,0f,1f], start_interpolation: 0, interpolation_duration: 1 }
$data merge entity $(bone_left_hand) { transformation: [-0.9759287527693262f,0.21195783897631726f,0.05135118318594963f,2.1687197821276625f,-0.026311362475859777f,0.11930896141830047f,-0.992508480533013f,0.45849527583147864f,-0.21649660903296225f,-0.9699686831139324f,-0.11086014638025984f,1.935699827921579f,0f,0f,0f,1f], start_interpolation: 0, interpolation_duration: 1 }
$data merge entity $(bone_left_forearm) { transformation: [-1.9524278531644248f,0.43222140260918335f,0.08079957094564424f,2.432247366344457f,-0.06895275132318578f,0.06225273592250534f,-1.9991719656662408f,-1.5552631693631387f,-0.43426884486849027f,-1.9531071883917197f,-0.04584009576641492f,0.9975125531611391f,0f,0f,0f,1f], start_interpolation: 0, interpolation_duration: 1 }
$data merge entity $(bone_left_bicep) { transformation: [-2.4380404955550583f,0.362976023334618f,0.1417746493802593f,2.1422787748513707f,0.17000618933322664f,1.799028847779706f,-1.6824048868015928f,1.4555227060933413f,-0.3506416123495666f,-1.6515558464761861f,-1.8014735214119264f,-1.6247169161729524f,0f,0f,0f,1f], start_interpolation: 0, interpolation_duration: 1 }
$data merge entity $(bone_left_shoulder) { transformation: [-1.2173253031719853f,0.18123566792904278f,0.0707887618575565f,1.3726576267966244f,0.08488490504915422f,0.8982637251232324f,-0.8400328225136848f,0.060683549183845f,-0.1750770374144142f,-0.8246297488423671f,-0.8994843623833291f,-0.0637427527585111f,0f,0f,0f,1f], start_interpolation: 0, interpolation_duration: 1 }
$data merge entity $(bone_right_fingers_2) { transformation: [-0.97323068081563f,0.21623491656473953f,0.07787491751125888f,-2.9872246490034615f,-0.12491254427991932f,-0.21323706672251797f,-0.9689823577635939f,3.463489445819937f,-0.19292200030235648f,-0.9527709138265174f,0.23453930921174176f,1.7285940385069292f,0f,0f,0f,1f], start_interpolation: 0, interpolation_duration: 1 }
$data merge entity $(bone_right_fingers) { transformation: [-0.97323068081563f,0.21623491656473953f,0.07787491751125888f,-2.9544744765126727f,-0.12491254427991932f,-0.21323706672251797f,-0.9689823577635939f,2.902089092226188f,-0.19292200030235648f,-0.9527709138265174f,0.23453930921174176f,1.8556011907166319f,0f,0f,0f,1f], start_interpolation: 0, interpolation_duration: 1 }
$data merge entity $(bone_right_index_finger_2) { transformation: [-0.9668332034327382f,0.04794379023777084f,-0.2508683912286008f,-2.355032130130596f,0.24039609446524232f,-0.1609645088503096f,-0.9572356787418848f,3.427606609441284f,-0.08627441396989019f,-0.9857950191942622f,0.1441003318037013f,1.843755535150756f,0f,0f,0f,1f], start_interpolation: 0, interpolation_duration: 1 }
$data merge entity $(bone_right_index_finger) { transformation: [-0.9668332034327382f,0.04794379023777084f,-0.2508683912286008f,-2.4993357468800403f,0.24039609446524232f,-0.1609645088503096f,-0.9572356787418848f,2.8749996691709825f,-0.08627441396989019f,-0.9857950191942622f,0.1441003318037013f,1.9211015004998355f,0f,0f,0f,1f], start_interpolation: 0, interpolation_duration: 1 }
$data merge entity $(bone_right_thumb) { transformation: [-0.8035493769450259f,-0.10396394887278435f,-0.586088641884517f,-2.2929405477657876f,0.5937408897525794f,-0.07020164286372804f,-0.8015881019420441f,2.050586649270621f,0.0421918789232706f,-0.9921004115884697f,0.11813813388958452f,1.9908692121216716f,0f,0f,0f,1f], start_interpolation: 0, interpolation_duration: 1 }
$data merge entity $(bone_right_hand) { transformation: [-0.9880893939892759f,0.15296021182915376f,-0.01680842298033841f,-2.868873968385567f,0.05881665652600628f,0.27447325013073753f,-0.9597942674749477f,2.176604365119816f,-0.14219687198038983f,-0.9493511513448806f,-0.280200715629248f,1.7826281353670366f,0f,0f,0f,1f], start_interpolation: 0, interpolation_duration: 1 }
$data merge entity $(bone_right_forearm) { transformation: [-1.9770556459623787f,0.3100798985496289f,-0.020693030476346633f,-2.7333581227780126f,-0.02987300814571125f,-0.32226882349504f,-1.9749878938904946f,0.013512156259240307f,-0.30933048407677105f,-1.9507229516630846f,0.3229882191384942f,1.228065367086847f,0f,0f,0f,1f], start_interpolation: 0, interpolation_duration: 1 }
$data merge entity $(bone_right_bicep) { transformation: [-2.4379346250059992f,0.3890229706839289f,-0.03207795451975761f,-1.5190296272747306f,0.02092232600875642f,-0.07237589232091224f,-2.46783651994499f,0.05821696998447129f,-0.3897821483345588f,-2.4370711850867357f,0.06816904245105203f,-2.1946683301086862f,0f,0f,0f,1f], start_interpolation: 0, interpolation_duration: 1 }
$data merge entity $(bone_right_shoulder) { transformation: [-1.2172724414994802f,0.1942410335644835f,-0.01601667641784223f,-1.421815598669483f,0.010446617641547435f,-0.03613762988044174f,-1.2322026009403866f,0.3507592004898096f,-0.19462009460362512f,-1.216841321809957f,0.034037129580072156f,0.014291108188409035f,0f,0f,0f,1f], start_interpolation: 0, interpolation_duration: 1 }
$data merge entity $(bone_chest) { transformation: [-4.015892001932819f,0.6457907199991447f,2.1727830935620986e-17f,1.8727405251388483e-17f,0.02816899557258205f,0.17517074884966322f,-4.063613655560883f,0.7736570203356419f,-0.6451760703292131f,-4.01206976259579f,-0.1774212038176946f,-0.15292086881235656f,0f,0f,0f,1f], start_interpolation: 0, interpolation_duration: 1 }
$data merge entity $(bone_right_fingers2) { transformation: [-0.999162437518512f,-0.040333175108492714f,-0.006903509088377512f,0.7338363405887393f,0.004853461348924486f,0.050706415693461626f,-0.9987018090103053f,-3.001200123443715f,0.040630867145559954f,-0.9978988397594164f,-0.05046819039563777f,2.1048793522514204f,0f,0f,0f,1f], start_interpolation: 0, interpolation_duration: 1 }
$data merge entity $(bone_left_foot) { transformation: [-0.998985058623793f,0.022533360572344025f,0.03900128597538035f,0.7528262499999999f,-0.04470345046706077f,-0.6020774006817576f,-0.7971853016110101f,-3.428623979578727f,0.005518529039129171f,-0.7981196973196533f,0.6024736463843288f,1.205557199642791f,0f,0f,0f,1f], start_interpolation: 0, interpolation_duration: 1 }
$data merge entity $(bone_left_knee) { transformation: [-1.5850141666666666f,1.9196378470943105e-16f,-2.877358302576168e-17f,0.7688818749999999f,0f,-0.23495413572137674f,-1.5675032576174917f,-1.369990704186991f,-1.9410825258115427e-16f,-1.5675032576174917f,0.23495413572137674f,1.48654683200528f,0f,0f,0f,1f], start_interpolation: 0, interpolation_duration: 1 }
$data merge entity $(bone_left_thigh) { transformation: [-1.6036533333333332f,1.912955972680897e-16f,-4.44452133484061e-17f,0.7385400000000001f,0f,-0.3629227086483269f,-1.5620470930988195f,-2.7741039156767497f,-1.9639089216086498e-16f,-1.5620470930988195f,0.3629227086483269f,-0.08370104679244181f,0f,0f,0f,1f], start_interpolation: 0, interpolation_duration: 1 }
$data merge entity $(bone_left_leg) { transformation: [-1f,1.2038275056830868e-16f,-2.248535506117152e-17f,0.5257450000000001f,0f,-0.1836068577227875f,-0.9829997567635325f,-3.119138125f,-1.2246467991473532e-16f,-0.9829997567635325f,0.1836068577227875f,-0.3169462500000011f,0f,0f,0f,1f], start_interpolation: 0, interpolation_duration: 1 }
$data merge entity $(bone_left_fingers2) { transformation: [-0.9999873267800704f,0.003774769739286298f,0.003331274930708918f,-0.7484706916827852f,-0.0034155807839810473f,-0.022552171680429695f,-0.999739832836726f,-3.3660938742068303f,-0.0036986601839991548f,-0.9997385411525915f,0.02256477890278355f,2.0922250272830376f,0f,0f,0f,1f], start_interpolation: 0, interpolation_duration: 1 }
$data merge entity $(bone_right_foot) { transformation: [-0.9999991191956595f,0.0007124632872492521f,0.0011198231866484246f,-0.7528262500000001f,-0.0012474894041150236f,-0.21645041361515155f,-0.9762928158170665f,-3.381663531906339f,-0.00045318659694896737f,-0.9762933528616766f,0.2164511117550894f,1.0964485872643677f,0f,0f,0f,1f], start_interpolation: 0, interpolation_duration: 1 }
$data merge entity $(bone_right_knee) { transformation: [-1.5850141666666666f,1.9222481752296948e-16f,-2.6974677910408294e-17f,-0.7688818750000002f,0f,-0.2202649607151149f,-1.569634752295959f,-1.326018225507671f,-1.9410825258115427e-16f,-1.569634752295959f,0.2202649607151149f,1.3654552662878692f,0f,0f,0f,1f], start_interpolation: 0, interpolation_duration: 1 }
$data merge entity $(bone_right_thigh) { transformation: [-1.6036533333333332f,1.899349926920224e-16f,-4.994077567300995e-17f,-0.7385399999999999f,0f,-0.407797380500081f,-1.5509369136004156f,-2.7555619388246724f,-1.9639089216086498e-16f,-1.5509369136004156f,0.407797380500081f,-0.1436770467186375f,0f,0f,0f,1f], start_interpolation: 0, interpolation_duration: 1 }
$data merge entity $(bone_right_leg) { transformation: [-1f,1.1968459686083515e-16f,-2.5946003562744346e-17f,-0.5257449999999999f,0f,-0.21186519722101887f,-0.977298899112497f,-3.119138125f,-1.2246467991473532e-16f,-0.977298899112497f,0.21186519722101887f,-0.34830058593750124f,0f,0f,0f,1f], start_interpolation: 0, interpolation_duration: 1 }