# This file was generated by Animated Java via MC-Build. It is not recommended to edit this file directly.
$data merge entity $(bone_left_fingers_2) { transformation: [-0.9620038730443117f,0.1298759324904304f,-0.240168254370733f,2.5399447825259096f,0.24396996020573863f,0.013960566293651264f,-0.9696822990577745f,2.6382812998062635f,-0.1225855079728197f,-0.991431966777601f,-0.04511594492575796f,1.9952941984982309f,0f,0f,0f,1f], start_interpolation: 0, interpolation_duration: 1 }
$data merge entity $(bone_left_fingers) { transformation: [-0.9620038730443117f,0.1298759324904304f,-0.240168254370733f,2.4155093682028506f,0.24396996020573863f,0.013960566293651264f,-0.9696822990577745f,2.076158345256802f,-0.1225855079728197f,-0.991431966777601f,-0.04511594492575796f,1.9652436289780184f,0f,0f,0f,1f], start_interpolation: 0, interpolation_duration: 1 }
$data merge entity $(bone_left_index_finger_2) { transformation: [-0.9898136153870618f,0.11855107739211598f,0.07883304410944936f,1.9122831024093396f,-0.07724171840845416f,0.017965725201251226f,-0.9968505152003998f,2.6394376446464394f,-0.11959399538314176f,-0.9927854122453462f,-0.008625630477560316f,1.920238824875165f,0f,0f,0f,1f], start_interpolation: 0, interpolation_duration: 1 }
$data merge entity $(bone_left_index_finger) { transformation: [-0.9898136153870618f,0.11855107739211598f,0.07883304410944936f,1.9584020540907452f,-0.07724171840845416f,0.017965725201251226f,-0.9968505152003998f,2.06503480712314f,-0.11959399538314176f,-0.9927854122453462f,-0.008625630477560316f,1.9095250422263237f,0f,0f,0f,1f], start_interpolation: 0, interpolation_duration: 1 }
$data merge entity $(bone_left_thumb) { transformation: [-0.8973310891108048f,0.15035561313978402f,0.41495795704212796f,1.6829428110917592f,-0.4295847035199205f,-0.08182756486251702f,-0.8993115323014449f,1.2959802304219086f,-0.1012615376977802f,-0.9852397876791368f,0.13801688939057732f,2.1540666597169045f,0f,0f,0f,1f], start_interpolation: 0, interpolation_duration: 1 }
$data merge entity $(bone_left_hand) { transformation: [-0.9923632328078269f,0.12144840920580956f,0.021575404343303923f,2.3007806104967403f,-0.024148793777285397f,-0.019757156318377527f,-0.999513126743873f,1.360663487947379f,-0.12096301058712522f,-0.9924010976795571f,0.022539108103685094f,2.0830973313779495f,0f,0f,0f,1f], start_interpolation: 0, interpolation_duration: 1 }
$data merge entity $(bone_left_forearm) { transformation: [-1.9858859424325537f,0.245147411799324f,0.03844741197474535f,2.4357450865037107f,-0.05126965054083678f,-0.10195888452089778f,-1.998072631850847f,-0.7264869368401434f,-0.24278978547888627f,-1.983639474729731f,0.10745225782536855f,1.2890866763589917f,0f,0f,0f,1f], start_interpolation: 0, interpolation_duration: 1 }
$data merge entity $(bone_left_bicep) { transformation: [-2.437806687610584f,0.3907691367747351f,-0.017062774525374216f,2.177157695154551f,0.17361033459639472f,0.9844901582331347f,-2.257549929182628f,0.9912607165299339f,-0.3505012243224027f,-2.230240281399179f,-0.999535032733756f,-2.2034319960659796f,0f,0f,0f,1f], start_interpolation: 0, interpolation_duration: 1 }
$data merge entity $(bone_left_shoulder) { transformation: [-1.2172085617448392f,0.19511290266171744f,-0.008519525089892965f,1.3980787015725955f,0.08668447205108094f,0.49156065394563575f,-1.1272054984232212f,0.36837868257006195f,-0.17500694099967434f,-1.1135696604098173f,-0.49907263188285367f,-0.2085417189936144f,0f,0f,0f,1f], start_interpolation: 0, interpolation_duration: 1 }
$data merge entity $(bone_right_fingers_2) { transformation: [-0.9881066645391555f,0.1533883596222442f,0.010827309254912806f,-2.9488906768691234f,0.0537801563027723f,0.41069219737008866f,-0.9101865818651569f,2.531109287896389f,-0.14405871817197946f,-0.8987791331310077f,-0.4140569472511252f,1.5404320034188435f,0f,0f,0f,1f], start_interpolation: 0, interpolation_duration: 1 }
$data merge entity $(bone_right_fingers) { transformation: [-0.9881066645391555f,0.1533883596222442f,0.010827309254912806f,-2.955349831940441f,0.0537801563027723f,0.41069219737008866f,-0.9101865818651569f,2.0096605120646642f,-0.14405871817197946f,-0.8987791331310077f,-0.4140569472511252f,1.2946206915856775f,0f,0f,0f,1f], start_interpolation: 0, interpolation_duration: 1 }
$data merge entity $(bone_right_index_finger_2) { transformation: [-0.983321162902968f,0.13523334064586928f,-0.12162004014517022f,-2.4318391520095832f,0.10580987262630118f,-0.11853519111242986f,-0.9872961457043911f,2.5425814365325508f,-0.14793161069210475f,-0.983697795080226f,0.10224913942103137f,1.3086542310199463f,0f,0f,0f,1f], start_interpolation: 0, interpolation_duration: 1 }
$data merge entity $(bone_right_index_finger) { transformation: [-0.983321162902968f,0.13523334064586928f,-0.12162004014517022f,-2.5011492012288246f,0.10580987262630118f,-0.11853519111242986f,-0.9872961457043911f,1.9728954186638323f,-0.14793161069210475f,-0.983697795080226f,0.10224913942103137f,1.3618925698347943f,0f,0f,0f,1f], start_interpolation: 0, interpolation_duration: 1 }
$data merge entity $(bone_right_thumb) { transformation: [-0.8800414051991254f,0.24820793287529788f,-0.4048702844034376f,-2.348938454276964f,0.44601002350972535f,0.13917778908231665f,-0.8841406007841812f,1.2115284804392297f,-0.16310175984336628f,-0.9586565417728761f,-0.2331854430535214f,1.7144200341187066f,0f,0f,0f,1f], start_interpolation: 0, interpolation_duration: 1 }
$data merge entity $(bone_right_hand) { transformation: [-0.9860523099631628f,0.13913303799055543f,-0.09133914689676687f,-2.921686651189195f,0.07982240814606778f,-0.08622913666319706f,-0.9930724641978966f,1.3000300650748442f,-0.1460452846690815f,-0.9865123079464537f,0.07392050524779015f,1.4797477345319168f,0f,0f,0f,1f], start_interpolation: 0, interpolation_duration: 1 }
$data merge entity $(bone_right_forearm) { transformation: [-1.9711610793961247f,0.33183473549872133f,-0.09867360141881273f,-2.8559594813417686f,0.005654846133200911f,-0.5394882063470834f,-1.9272382494528744f,-0.9133359563278929f,-0.34614851439183564f,-1.8984638410450339f,0.5304177810513373f,1.161058062828693f,0f,0f,0f,1f], start_interpolation: 0, interpolation_duration: 1 }
$data merge entity $(bone_right_bicep) { transformation: [-2.4376811816127497f,0.3692154628982636f,0.13146673136938306f,-1.521892738516913f,0.018125229753792493f,0.9335148734078987f,-2.28563220135298f,0.6643426680722115f,-0.39150355751448906f,-2.255686819080193f,-0.9243890097629047f,-2.1362613731813873f,0f,0f,0f,1f], start_interpolation: 0, interpolation_duration: 1 }
$data merge entity $(bone_right_shoulder) { transformation: [-1.2171458959986623f,0.18435105000423221f,0.06564196899642927f,-1.4226984224160815f,0.009050014077011484f,0.4661084499452132f,-1.141227111495628f,0.054641525387503664f,-0.19547960245661694f,-1.126275238620554f,-0.4615518624936913f,0.006857458869408611f,0f,0f,0f,1f], start_interpolation: 0, interpolation_duration: 1 }
$data merge entity $(bone_chest) { transformation: [-4.015892001932819f,0.6457907199991447f,2.1727830935620986e-17f,1.8727405251388483e-17f,0.02816899557258205f,0.17517074884966322f,-4.063613655560883f,0.7736570203356419f,-0.6451760703292131f,-4.01206976259579f,-0.1774212038176946f,-0.15292086881235656f,0f,0f,0f,1f], start_interpolation: 0, interpolation_duration: 1 }
$data merge entity $(bone_right_fingers2) { transformation: [-0.9997803791234892f,-0.018817739580350473f,0.009224217949409372f,0.7497974771707463f,-0.009753274647994161f,0.02821949630141983f,-0.9995541674477352f,-4.39859315517749f,0.018549047235178667f,-0.9994246108164339f,-0.028396833293289f,2.134494238627219f,0f,0f,0f,1f], start_interpolation: 0, interpolation_duration: 1 }
$data merge entity $(bone_left_foot) { transformation: [-0.9997721544174438f,0.002511784180384467f,0.021197410024197404f,0.75282625f,-0.020784977537989715f,0.11156509981560497f,-0.9935397391206249f,-4.09060997958637f,-0.004860448564488384f,-0.9937539531711889f,-0.11148747282267497f,1.187409610036221f,0f,0f,0f,1f], start_interpolation: 0, interpolation_duration: 1 }
$data merge entity $(bone_left_knee) { transformation: [-1.5850141666666666f,1.8985503525813863e-16f,4.041137596321268e-17f,0.7688818749999999f,0f,0.32998392672359617f,-1.550284011605004f,-2.2614536972460964f,-1.9410825258115427e-16f,-1.550284011605004f,-0.32998392672359617f,2.1728604869552193f,0f,0f,0f,1f], start_interpolation: 0, interpolation_duration: 1 }
$data merge entity $(bone_left_thigh) { transformation: [-1.6036533333333332f,1.927284200290483e-16f,3.7751008421593785e-17f,0.7385400000000001f,0f,0.30826037717877114f,-1.5737469788287801f,-2.89980637437933f,-1.9639089216086498e-16f,-1.5737469788287801f,-0.30826037717877114f,0.16544469267002354f,0f,0f,0f,1f], start_interpolation: 0, interpolation_duration: 1 }
$data merge entity $(bone_left_leg) { transformation: [-1f,1.1903963621721763e-16f,2.876043872911306e-17f,0.5257450000000001f,0f,0.23484680439402772f,-0.9720323957903427f,-3.119138125f,-1.2246467991473532e-16f,-0.9720323957903427f,-0.23484680439402772f,-0.18859699074074177f,0f,0f,0f,1f], start_interpolation: 0, interpolation_duration: 1 }
$data merge entity $(bone_left_fingers2) { transformation: [-0.9999565375029452f,0.006148932855008644f,0.007008118853535949f,-0.7489703166481777f,-0.007095017894780098f,-0.014226256453393538f,-0.9998736291894066f,-2.9751957995857197f,-0.006048456513313208f,-0.9998798949134176f,0.014269264933404469f,2.137376228425661f,0f,0f,0f,1f], start_interpolation: 0, interpolation_duration: 1 }
$data merge entity $(bone_right_foot) { transformation: [-0.9999968547867459f,0.0014192978977400747f,0.002067851564583984f,-0.75282625f,-0.0024626983460849833f,-0.39953813880022565f,-0.9167132652912293f,-3.181316391092075f,-0.00047490364482926175f,-0.9167154745271453f,0.3995403774701614f,1.1630397684897482f,0f,0f,0f,1f], start_interpolation: 0, interpolation_duration: 1 }
$data merge entity $(bone_right_knee) { transformation: [-1.5850141666666666f,1.8637815304220988e-16f,-5.423281099743751e-17f,-0.768881875f,0f,-0.44284450859787894f,-1.5218931137694036f,-1.108336723659901f,-1.9410825258115427e-16f,-1.5218931137694036f,0.44284450859787894f,1.1347994163155926f,0f,0f,0f,1f], start_interpolation: 0, interpolation_duration: 1 }
$data merge entity $(bone_right_thigh) { transformation: [-1.6036533333333332f,1.813123964418259e-16f,-7.546653178901669e-17f,-0.7385399999999999f,0f,-0.6162309969009793f,-1.4805280719964535f,-2.730977276016818f,-1.9639089216086498e-16f,-1.4805280719964535f,0.6162309969009793f,-0.16447469036527634f,0f,0f,0f,1f], start_interpolation: 0, interpolation_duration: 1 }
$data merge entity $(bone_right_leg) { transformation: [-1f,1.150071697327609e-16f,-4.208264175023352e-17f,-0.5257449999999999f,0f,-0.34363084751891804f,-0.9391048081196423f,-3.119138125f,-1.2246467991473532e-16f,-0.9391048081196423f,0.34363084751891804f,-0.31741125000000114f,0f,0f,0f,1f], start_interpolation: 0, interpolation_duration: 1 }