# This file was generated by Animated Java via MC-Build. It is not recommended to edit this file directly.
$data merge entity $(bone_right_thumb_2) { transformation: [-0.18577085260797116f,0.803935601197608f,-0.5649572899329194f,-6.0225569939018815f,0.9687708310960345f,0.24595620970350188f,0.031442323797495876f,2.576167055717417f,0.16423235716145274f,-0.5414730760022404f,-0.8245208553007408f,0.18270589635922285f,0f,0f,0f,1f], start_interpolation: 0, interpolation_duration: 1 }
$data merge entity $(bone_right_thumb) { transformation: [-0.18577085260797116f,0.7233160968609298f,-0.6650586548141286f,-5.842649170990941f,0.9687708310960345f,0.24795606703335332f,-0.0009303971467958388f,2.79020595962864f,0.16423235716145274f,-0.6444622664231178f,-0.7467905462832076f,0.02222127791074552f,0f,0f,0f,1f], start_interpolation: 0, interpolation_duration: 1 }
$data merge entity $(bone_right_fingers2) { transformation: [0.10599988691030668f,-0.9198972407558674f,-0.37756203520050086f,-6.442001196721028f,-0.9854196046009859f,-0.14799890399050714f,0.0839316822519723f,2.3845691449073154f,-0.13308729031368674f,0.36316028261271976f,-0.9221726423450276f,0.04757503415951783f,0f,0f,0f,1f], start_interpolation: 0, interpolation_duration: 1 }
$data merge entity $(bone_right_fingers) { transformation: [-0.8875152474760406f,-0.2641279899457814f,-0.37756203520050086f,-6.528389628222621f,-0.3168667866633893f,0.9447491266066209f,0.0839316822519723f,2.8459349070493603f,0.3345326964695096f,0.19412751660501154f,-0.9221726423450276f,0.11612531819832134f,0f,0f,0f,1f], start_interpolation: 0, interpolation_duration: 1 }
$data merge entity $(bone_right_hand) { transformation: [-0.18577085260797116f,0.9071582551553857f,-0.37756203520050086f,-5.911433358103917f,0.9687708310960345f,0.23332070103583508f,0.0839316822519723f,3.073445658203507f,0.16423235716145274f,-0.35017902645872884f,-0.9221726423450276f,-0.14748465431482738f,0f,0f,0f,1f], start_interpolation: 0, interpolation_duration: 1 }
$data merge entity $(bone_right_forearm) { transformation: [-0.27964628274731335f,1.365571780267844f,-0.5683551438133405f,-3.9320275121595207f,1.4583189878647673f,0.351224456456356f,0.12634480930129288f,3.5377815226498597f,0.24722375734555196f,-0.5271347020832629f,-1.3881733752240382f,-0.9097454037360052f,0f,0f,0f,1f], start_interpolation: 0, interpolation_duration: 1 }
$data merge entity $(bone_right_bicep) { transformation: [0.2012757856831796f,1.3317305357271136f,0.8239453843271647f,-1.976268008647944f,1.5248918980890571f,-0.355786065111178f,0.20254661947192198f,2.9276266774151005f,0.3565065431158559f,0.7699442928739231f,-1.3315378434843306f,0.1368715424276955f,0f,0f,0f,1f], start_interpolation: 0, interpolation_duration: 1 }
$data merge entity $(bone_right_shoulder) { transformation: [-0.8328690224245793f,0.37964088961722164f,0.4027430774279931f,-1.6499195810853018f,0.5134656014674536f,0.8016171460369619f,0.30620749058313806f,2.94203764205789f,-0.20659687218153144f,0.4618254498294793f,-0.8625746265075314f,0.3668195483800642f,0f,0f,0f,1f], start_interpolation: 0, interpolation_duration: 1 }
$data merge entity $(bone_right_arm) { transformation: [-1.3256861345571784f,0.000051256266344281975f,-0.6181443291151382f,-1.3751860215611116f,-0.15992209154605128f,1.4128908525553971f,0.34308964572307055f,2.8479316154832217f,0.597099103064094f,0.3785308147821533f,-1.2805206851050772f,0.1996664428902099f,0f,0f,0f,1f], start_interpolation: 0, interpolation_duration: 1 }
$data merge entity $(bone_left_thumb_2) { transformation: [-0.11689858123717009f,-0.9637603761842006f,0.23979295027590947f,4.32631889410705f,-0.9931147979805548f,0.11158963071335967f,-0.0356476135147702f,2.857414804883063f,0.007597350642108137f,-0.24230908281478855f,-0.970169360807007f,-3.7104571167165146f,0f,0f,0f,1f], start_interpolation: 0, interpolation_duration: 1 }
$data merge entity $(bone_left_thumb) { transformation: [-0.11689858123717009f,-0.9391936442986577f,0.322877717121735f,4.074370448083084f,-0.9931147979805548f,0.10805810424560346f,-0.045237640730797474f,3.034947521935828f,0.007597350642108137f,-0.32594285483172153f,-0.9453589453997714f,-3.8050028982860598f,0f,0f,0f,1f], start_interpolation: 0, interpolation_duration: 1 }
$data merge entity $(bone_left_fingers2) { transformation: [-0.4320740556818689f,0.8957872596219323f,-0.10429379610336635f,4.725210794281928f,0.9004766020536055f,0.43487940624565535f,0.004668102121784146f,2.6818959059775973f,0.04953685053184579f,-0.09189715731433448f,-0.9945355764963514f,-4.044705677144605f,0f,0f,0f,1f], start_interpolation: 0, interpolation_duration: 1 }
$data merge entity $(bone_left_fingers) { transformation: [-0.9918115510599741f,0.0737065212742957f,-0.10429379610336635f,4.71294624471283f,0.07362168763537222f,0.9972753160147406f,0.004668102121784146f,3.156077679852562f,0.10435369803571148f,-0.0030484076731161188f,-0.9945355764963514f,-4.049363483997048f,0f,0f,0f,1f], start_interpolation: 0, interpolation_duration: 1 }
$data merge entity $(bone_left_hand) { transformation: [-0.11689858123717009f,-0.987652532927996f,-0.10429379610336635f,4.020837023829754f,-0.9931147979805548f,0.11705215442110839f,0.004668102121784146f,3.3008139323886962f,0.007597350642108137f,0.10412140676292665f,-0.9945355764963514f,-4.005515538682483f,0f,0f,0f,1f], start_interpolation: 0, interpolation_duration: 1 }
$data merge entity $(bone_left_forearm) { transformation: [-0.17597084387826492f,-1.4867421643487233f,-0.15699649317678377f,1.872273588010846f,-1.494964671248404f,0.17620202207126512f,0.0070270302769002285f,3.512124993305606f,0.011436513510959109f,0.15673699047459744f,-1.497103410587606f,-3.7737407646574788f,0f,0f,0f,1f], start_interpolation: 0, interpolation_duration: 1 }
$data merge entity $(bone_left_bicep) { transformation: [-0.4564016647009622f,-0.16282412088795103f,-1.5026942417403817f,1.5930578298168612f,-1.5099467843794232f,-0.021796230470411918f,0.4609661492170174f,3.29407590705086f,-0.0682816728330175f,1.5703239755027594f,-0.14941346378682932f,-1.4161689169421015f,0f,0f,0f,1f], start_interpolation: 0, interpolation_duration: 1 }
$data merge entity $(bone_left_shoulder) { transformation: [-0.22541995489056238f,0.04577695205700649f,-0.9731856526878657f,1.5478969610657491f,-0.6116369647888467f,0.7708693564929799f,0.17793442197614923f,3.3278012828401646f,0.758344293339789f,0.6353462881614007f,-0.14577045955373236f,-1.07350130835102f,0f,0f,0f,1f], start_interpolation: 0, interpolation_duration: 1 }
$data merge entity $(bone_left_arm) { transformation: [-1.3256861345571784f,0.000051256266344281975f,-0.6181443291151382f,1.209612844897945f,-0.15992209154605128f,1.4128908525553971f,0.34308964572307055f,3.099374162434406f,0.597099103064094f,0.3785308147821533f,-1.2805206851050772f,-0.9807216948677389f,0f,0f,0f,1f], start_interpolation: 0, interpolation_duration: 1 }
$data merge entity $(bone_chest) { transformation: [-1.8719616061461835f,0.000072377435480193f,-0.8728630563425569f,0.03454241962416563f,-0.22582118613528504f,1.995100771377024f,0.48446659244453544f,3.717951683909668f,0.8431457242129713f,0.5345120036667779f,-1.8081848304111703f,0.06931439628698893f,0f,0f,0f,1f], start_interpolation: 0, interpolation_duration: 1 }
$data merge entity $(bone_weist) { transformation: [-1.9925883412624534f,0.00007321185322833877f,-0.6282155348944707f,-0.034519642468185396f,-0.16250580305383466f,2.0181016898529465f,0.5156747955487911f,0.18348589579320285f,0.6068332782705226f,0.5406742322605026f,-1.924704602875658f,-0.7540086383347856f,0f,0f,0f,1f], start_interpolation: 0, interpolation_duration: 1 }
$data merge entity $(bone_right_foot) { transformation: [-1.131475568447564f,0.030445870689269877f,0.04601346937837869f,-1.521441660692477f,0.03081912191847863f,1.1323681316452292f,0.008587698088904626f,-6.778087204943173f,-0.04576431066274998f,0.009829333256354628f,-1.1318525365423266f,1.1507215229713694f,0f,0f,0f,1f], start_interpolation: 0, interpolation_duration: 1 }
$data merge entity $(bone_right_knee) { transformation: [-3.10195355450719f,0.3314451507368724f,-0.0677611829220809f,-1.130598180172566f,0.32624394139313667f,3.096150504928119f,0.2097147150664327f,-2.835769153178027f,0.08951176773061359f,0.20139385061152001f,-3.112553851831544f,1.5202289792915222f,0f,0f,0f,1f], start_interpolation: 0, interpolation_duration: 1 }
$data merge entity $(bone_right_thigh) { transformation: [-2.3703473284391126f,0.12879066840552458f,-0.2055550396795601f,-0.8935999604857605f,0.24243598911483707f,1.1908727732341489f,-2.0494958397605885f,-1.392983213033351f,-0.008043742158838395f,-2.0597624546888187f,-1.1977897547194234f,-1.3754715036067384f,0f,0f,0f,1f], start_interpolation: 0, interpolation_duration: 1 }
$data merge entity $(bone_left_foot) { transformation: [-0.43681959748811366f,0.034007401474128986f,-1.044659412581584f,3.482511018862035f,-0.015574047965478717f,1.131882765178011f,0.043359051222887766f,-6.765772203844296f,1.0450967613959445f,0.031081424323178387f,-0.43599066134695036f,-0.9848600189252f,0f,0f,0f,1f], start_interpolation: 0, interpolation_duration: 1 }
$data merge entity $(bone_left_knee) { transformation: [-1.0908179661106858f,-0.1421687441947069f,-2.920011563874709f,3.4181934012612722f,0.02453130232609232f,3.11609999658687f,-0.16087991377195726f,-2.788561219063068f,2.9233675273892796f,-0.07919709352739121f,-1.0882157140753301f,-1.0787857045290277f,0f,0f,0f,1f], start_interpolation: 0, interpolation_duration: 1 }
$data merge entity $(bone_left_thigh) { transformation: [-0.747125075900572f,-2.0165673807542013f,-1.0259856177759747f,0.570081041200658f,-0.025528372067557013f,1.0879197981650648f,-2.1197087495749294f,-1.4841582364755266f,2.262418792183399f,-0.6536611352092676f,-0.362732266467689f,-1.921204576206162f,0f,0f,0f,1f], start_interpolation: 0, interpolation_duration: 1 }
data modify entity @s data merge value {"locators":{"consume":{"posx":-6.523689638410356,"posy":2.6535353159113457,"posz":0.08996106439179999,"rotx":337.7345006387823,"roty":4.814595242051688}},"cameras":{}}