execute if entity @s[tag=aj.armor.bone.neck] run data modify entity @s {} merge value {transformation:[-1.2022171655432985f,0f,0.052489935028419296f,1.1102230246251565e-16f,0f,1.2033625000000001f,0f,3.742134375f,-0.052489935028419296f,0f,-1.2022171655432985f,-0.42924750000000006f,0f,0f,0f,1f],start_interpolation:0}
execute if entity @s[tag=aj.armor.bone.right_thumb_2] run data modify entity @s {} merge value {transformation:[-0.20925355771233572f,0.0005740216246970242f,-0.9778612473576733f,-3.343267145306268f,0.7903002236440545f,0.5890176284324681f,-0.1687714131716277f,2.9818579419469797f,0.5758806344138405f,-0.8081199811259251f,-0.12370768372315093f,-0.9134603897685376f,0f,0f,0f,1f],start_interpolation:0}
execute if entity @s[tag=aj.armor.bone.right_thumb] run data modify entity @s {} merge value {transformation:[-0.20925355771233572f,-0.12706739434702377f,-0.9695704336862735f,-3.3869729884036257f,0.7903002236440545f,0.5619494110510692f,-0.24420977852558173f,3.336967342429207f,0.5758806344138405f,-0.8173534955655445f,-0.017168523346467596f,-1.0376146198424894f,0f,0f,0f,1f],start_interpolation:0}
execute if entity @s[tag=aj.armor.bone.right_fingers_2] run data modify entity @s {} merge value {transformation:[0.18381185440805878f,-0.16259438351195027f,-0.9694205839724261f,-3.648063621652202f,-0.8835259012614275f,-0.4595667802420911f,-0.09044532214603127f,2.6656382139059156f,-0.43080759508074185f,0.8731331175418136f,-0.2281301713330815f,-0.6161739226867647f,0f,0f,0f,1f],start_interpolation:0}
execute if entity @s[tag=aj.armor.bone.right_fingers] run data modify entity @s {} merge value {transformation:[-0.16259438351195024f,-0.1838118544080588f,-0.9694205839724261f,-3.744857472278497f,-0.4595667802420913f,0.8835259012614274f,-0.09044532214603127f,3.032686471516077f,0.8731331175418134f,0.430807595080742f,-0.2281301713330815f,-0.3873850124282153f,0f,0f,0f,1f],start_interpolation:0}
execute if entity @s[tag=aj.armor.bone.right_hand] run data modify entity @s {} merge value {transformation:[-0.20925355771233572f,0.12820561592727037f,-0.9694205839724261f,-3.6279197411565627f,0.7903002236440545f,0.6060075908848485f,-0.09044532214603127f,3.4869836787903647f,0.5758806344138405f,-0.7850593097560538f,-0.2281301713330815f,-1.0266922772338845f,0f,0f,0f,1f],start_interpolation:0}
execute if entity @s[tag=aj.armor.bone.right_forearm] run data modify entity @s {} merge value {transformation:[-0.3478823040999285f,0.2816592482164391f,-1.7681839644171031f,-3.2696321345929436f,1.5734185961684113f,0.9077267429618215f,-0.16496861209592428f,4.743973773636367f,0.8544942278090926f,-1.556768701393878f,-0.41610021225044924f,-3.372601859120464f,0f,0f,0f,1f],start_interpolation:0}
execute if entity @s[tag=aj.armor.bone.right_bicep] run data modify entity @s {} merge value {transformation:[-0.3021799384509246f,1.1639043457963478f,1.031575743470967f,-1.4658081203235134f,1.3667137676860306f,-0.30279301804090564f,0.741986806706589f,4.257820204742666f,0.7422366993747728f,1.0313959559478416f,-0.9462777710795008f,-1.7531624216387613f,0f,0f,0f,1f],start_interpolation:0}
execute if entity @s[tag=aj.armor.bone.right_shoulder] run data modify entity @s {} merge value {transformation:[-0.48966893901597514f,0.5928734636063585f,0.6596501837953275f,-1.1337779303432052f,0.8739030571224019f,0.19386761807466393f,0.4744699907064894f,3.9053975073683187f,0.15142904471048196f,0.7983291185221144f,-0.6051056449948347f,-1.6330510607835855f,0f,0f,0f,1f],start_interpolation:0}
execute if entity @s[tag=aj.armor.bone.right_arm] run data modify entity @s {} merge value {transformation:[-1.070118376275122f,-0.20994581509429425f,0.7602810314541184f,-1.1864369571010818f,0.18458534717047928f,1.1791767044675145f,0.5854300816983482f,3.7451555358931774f,-0.7668329294406306f,0.5768213637442475f,-0.9200555439537205f,-1.6798256065974706f,0f,0f,0f,1f],start_interpolation:0}
execute if entity @s[tag=aj.armor.bone.left_thumb_2] run data modify entity @s {} merge value {transformation:[-0.5847030184918562f,0.8040640072016557f,0.10771932272961854f,0.3773049726670505f,-0.3537833516285494f,-0.1332392257883498f,-0.9257886631525528f,0.9279413317105691f,-0.7300409031533658f,-0.5794207288612798f,0.3623698368916499f,2.9429985573725115f,0f,0f,0f,1f],start_interpolation:0}
execute if entity @s[tag=aj.armor.bone.left_thumb] run data modify entity @s {} merge value {transformation:[-0.5847030184918562f,0.811245321180136f,0.0018463558297191485f,0.7535778652036297f,-0.3537833516285494f,-0.252939014743079f,-0.900477204004227f,0.9656341323876865f,-0.7300409031533658f,-0.5271649492181155f,0.43489929413472195f,2.9223800463636085f,0f,0f,0f,1f],start_interpolation:0}
execute if entity @s[tag=aj.armor.bone.left_fingers_2] run data modify entity @s {} merge value {transformation:[0.7118082836915033f,-0.6696948940570182f,0.21174918215217564f,0.05939417586982504f,0.3464533652235085f,0.07252245124865714f,-0.9352596215972291f,0.6882194707271314f,0.6109820234617892f,0.7390867627950354f,0.28364013127146237f,3.2933429687045814f,0f,0f,0f,1f],start_interpolation:0}
execute if entity @s[tag=aj.armor.bone.left_fingers] run data modify entity @s {} merge value {transformation:[0.6696948940570183f,0.7118082836915032f,0.21174918215217564f,0.3434881088076913f,-0.07252245124865705f,0.3464533652235085f,-0.9352596215972291f,0.8363844480788147f,-0.7390867627950353f,0.6109820234617893f,0.28364013127146237f,3.59957101305272f,0f,0f,0f,1f],start_interpolation:0}
execute if entity @s[tag=aj.armor.bone.left_hand] run data modify entity @s {} merge value {transformation:[-0.5847030184918562f,0.7831249351312961f,0.21174918215217564f,0.9424047052139422f,-0.3537833516285494f,-0.011259676739489584f,-0.9352596215972291f,0.8236248699321853f,-0.7300409031533658f,-0.621762459187852f,0.28364013127146237f,3.080042122571025f,0f,0f,0f,1f],start_interpolation:0}
execute if entity @s[tag=aj.armor.bone.left_forearm] run data modify entity @s {} merge value {transformation:[-1.2437929120283528f,1.276965292763093f,0.38622195004945636f,2.7799790230838557f,-0.6370853769686994f,-0.10458829099718511f,-1.705875749716973f,0.5714176179168517f,-1.1721475914210577f,-1.2981715957831854f,0.5173481356505084f,1.1380333681414498f,0f,0f,0f,1f],start_interpolation:0}
execute if entity @s[tag=aj.armor.bone.left_bicep] run data modify entity @s {} merge value {transformation:[-1.0803920210165734f,-0.47739317928871555f,1.0559277386146475f,2.0181753551143222f,-0.5533895163149383f,1.480950944514218f,0.10333875874361345f,2.87939557112506f,-1.0181589659969357f,-0.29835316018866703f,-1.1766359962405506f,0.684598259611868f,0f,0f,0f,1f],start_interpolation:0}
execute if entity @s[tag=aj.armor.bone.left_shoulder] run data modify entity @s {} merge value {transformation:[-0.7463360233434643f,-0.1160620082009528f,0.6752222813111741f,1.65013081184026f,-0.09670849775126164f,1.0063268667028182f,0.06608087833574013f,3.0554540384780946f,-0.678264686821744f,-0.015774228072734497f,-0.7524102385043356f,0.39751086189308926f,0f,0f,0f,1f],start_interpolation:0}
execute if entity @s[tag=aj.armor.bone.left_arm] run data modify entity @s {} merge value {transformation:[-1.070118376275122f,-0.20994581509429425f,0.7602810314541184f,1.5591030874492176f,0.18458534717047928f,1.1791767044675145f,0.5854300816983482f,3.204197502094334f,-0.7668329294406306f,0.5768213637442475f,-0.9200555439537205f,0.4253317790358454f,0f,0f,0f,1f],start_interpolation:0}
execute if entity @s[tag=aj.armor.bone.chest] run data modify entity @s {} merge value {transformation:[-2.119112557213881f,-0.41574728830415053f,1.5055540737221516f,0.04342023870209882f,0.3655269694818154f,2.3350763962292342f,1.1593037415318324f,4.165116513122225f,-1.5185285348702076f,1.1422562421873699f,-1.8219491410970021f,-0.2616142544397303f,0f,0f,0f,1f],start_interpolation:0}
execute if entity @s[tag=aj.armor.bone.weist] run data modify entity @s {} merge value {transformation:[-1.7733172848119179f,-0.033190630980083624f,0.8089396954852517f,0.4723143892895219f,0.07845144619144795f,1.9315457447095983f,0.2512282790890669f,0.4303791137127384f,-0.8058104116397963f,0.2610912860260327f,-1.7557449024227623f,-1.5690693896698695f,0f,0f,0f,1f],start_interpolation:0}
execute if entity @s[tag=aj.armor.bone.right_foot] run data modify entity @s {} merge value {transformation:[-0.3143531197120939f,-0.045394423968629284f,1.1334515240081473f,-1.5125331863119342f,0.007785508202851023f,1.1760543113127244f,0.04925989830825212f,-5.82537739451533f,-1.134333459290459f,0.020651827809477896f,-0.31377061688250896f,-2.368965588175297f,0f,0f,0f,1f],start_interpolation:0}
execute if entity @s[tag=aj.armor.bone.right_knee] run data modify entity @s {} merge value {transformation:[-0.775697610297755f,-1.3908254983307524f,2.4291616535556844f,-3.1728144079549065f,0.0192115163782571f,2.5180057398240523f,1.4478282703365064f,-2.6506129879394855f,-2.799080710438844f,0.40271604877402617f,-0.6632462959135428f,-1.954591985104964f,0f,0f,0f,1f],start_interpolation:0}
execute if entity @s[tag=aj.armor.bone.right_thigh] run data modify entity @s {} merge value {transformation:[-0.6611971185729277f,2.2076218287029246f,0.9051170945045017f,-0.08653452404569434f,0.016375710204707548f,0.9434052948249794f,-2.289045873011405f,-1.2927598522746861f,-2.3859092458526603f,-0.60531399626112f,-0.26654222821955015f,-2.7472938749804303f,0f,0f,0f,1f],start_interpolation:0}
execute if entity @s[tag=aj.armor.bone.right_leg] run data modify entity @s {} merge value {transformation:[-0.9063712754362518f,-0.0516921921982733f,0.41930779664799805f,0.0035212500000003644f,0.003801683546699443f,0.9914484853422274f,0.13044327546797474f,-1.2240431249999997f,-0.42246497874530725f,0.11982411350951011f,-0.8984239108324017f,-2.741296875f,0f,0f,0f,1f],start_interpolation:0}
execute if entity @s[tag=aj.armor.bone.left_foot] run data modify entity @s {} merge value {transformation:[-1.1768323462978059f,-0.01621226523828915f,-0.01984152311712297f,1.5986523928381187f,-0.01652493970399631f,1.1768493579890904f,0.01853132064932022f,-5.88611983382091f,0.019581878141364528f,0.018805476145846427f,-1.1767981130983969f,1.5018834843960658f,0f,0f,0f,1f],start_interpolation:0}
execute if entity @s[tag=aj.armor.bone.left_knee] run data modify entity @s {} merge value {transformation:[-2.9039509440223563f,-0.0400053780740972f,-0.048960933108334034f,1.6123861171436027f,-0.0407769334385622f,2.9039929220637664f,0.04572787811523699f,-2.279827300018312f,0.04832023328831601f,0.046404384089474324f,-2.903866470195602f,1.4590596368796804f,0f,0f,0f,1f],start_interpolation:0}
execute if entity @s[tag=aj.armor.bone.left_thigh] run data modify entity @s {} merge value {transformation:[-2.475299615693908f,-0.049137559085973136f,0.02213675160737523f,1.4919643157694789f,-0.03475786251741587f,0.6783138004562225f,-2.3809021403751394f,-1.2915940992007462f,0.04118769813760593f,-2.3806487795004054f,-0.6788429016528176f,-1.8584934789912935f,0f,0f,0f,1f],start_interpolation:0}
execute if entity @s[tag=aj.armor.bone.left_leg] run data modify entity @s {} merge value {transformation:[-0.8870108331782216f,-0.04024404334920053f,0.4599915203559569f,1.4339781250000003f,3.469446951953614e-18f,0.9961946980917455f,0.08715574274765818f,-1.2240431249999997f,-0.461748613235034f,0.07730808799086704f,-0.8836354891620861f,-1.9287968749999997f,0f,0f,0f,1f],start_interpolation:0}