execute if entity @s[tag=aj.attack.bone.right_thumb_2] run data modify entity @s {} merge value {transformation:[0.03236455669188157f,-0.6023243698584945f,0.7975950657725419f,0.5143589064754808f,-0.8729829037906235f,-0.4056130184998488f,-0.27088545349045984f,2.1796533342063564f,0.4866758522460602f,-0.6875197689506889f,-0.5389463629551299f,3.0790827767976716f,0f,0f,0f,1f],start_interpolation:0}
execute if entity @s[tag=aj.attack.bone.right_thumb] run data modify entity @s {} merge value {transformation:[0.21198445109356193f,-0.4930447816459589f,0.8437828131612127f,0.4043219673689728f,-0.7105717468313547f,-0.6705201427099277f,-0.21328509283420416f,1.8825994700982673f,0.6709324743218191f,-0.5543551041633392f,-0.492483536159794f,3.0192023647988493f,0f,0f,0f,1f],start_interpolation:0}
execute if entity @s[tag=aj.attack.bone.right_fingers2] run data modify entity @s {} merge value {transformation:[-0.050235255832854445f,0.8318899217050391f,0.5526622632648186f,1.0049303294404315f,0.8182942412752213f,0.351538323354748f,-0.4547695481326145f,2.2529212274684665f,-0.5726001691994316f,0.42939488280429755f,-0.6983903499149069f,3.0115508679742087f,0f,0f,0f,1f],start_interpolation:0}
execute if entity @s[tag=aj.attack.bone.right_fingers] run data modify entity @s {} merge value {transformation:[0.8182159714440598f,0.15838891008167766f,0.5526622632648186f,1.0460611279333776f,0.45533969569528043f,-0.7654086618371827f,-0.4547695481326145f,1.8667399138422254f,0.35098203030637143f,0.623748774385771f,-0.6983903499149069f,3.2839342731905665f,0f,0f,0f,1f],start_interpolation:0}
execute if entity @s[tag=aj.attack.locator_origin.right_hand] at @s on origin run tp @s ^1.06604 ^2.03173 ^3.18342 ~38.35588 ~-27.05011
execute if entity @s[tag=aj.attack.bone.right_hand] run data modify entity @s {} merge value {transformation:[0.05023525583285461f,-0.8318899217050391f,0.5526622632648186f,0.4788250555956537f,-0.8182942412752212f,-0.35153832335474816f,-0.4547695481326145f,1.5544351691204605f,0.5726001691994317f,-0.4293948828042975f,-0.6983903499149069f,2.9965401476398923f,0f,0f,0f,1f],start_interpolation:0}
execute if entity @s[tag=aj.attack.bone.right_forearm] run data modify entity @s {} merge value {transformation:[0.07562059580015786f,-1.2522681625986454f,0.8319386242085436f,-1.3322958676830294f,-1.2318021883069614f,-0.5291808913470004f,-0.6845778649158453f,0.8289970399724971f,0.861951735534173f,-0.6463806411027243f,-1.0513073634454488f,2.0435043297827686f,0f,0f,0f,1f],start_interpolation:0}
execute if entity @s[tag=aj.attack.bone.right_bicep] run data modify entity @s {} merge value {transformation:[-1.2191430076227388f,-0.14806399517953156f,-0.9923061716730889f,-1.6500075446234173f,0.5591106018986093f,1.1963786757487178f,-0.8654348947799385f,2.566843357380168f,0.8330605139205681f,-1.0196368351475265f,-0.8713524330609164f,0.5711153383747056f,0f,0f,0f,1f],start_interpolation:0}
execute if entity @s[tag=aj.attack.bone.right_shoulder] run data modify entity @s {} merge value {transformation:[-0.4016946693384424f,-0.5040774753828771f,-0.7645569249158002f,-1.6465208124670192f,-0.4073531547099345f,0.8460848265257142f,-0.3438079022809343f,2.8983524797453866f,0.8201858325848745f,0.1733388736970944f,-0.5452053144389544f,0.35717527199272225f,0f,0f,0f,1f],start_interpolation:0}
execute if entity @s[tag=aj.attack.bone.right_arm] run data modify entity @s {} merge value {transformation:[-1.3256733933695155f,-4.636261363158334e-17f,-0.6181716555405288f,-1.4246126609229466f,-0.15999459759644408f,1.4128778172222636f,0.3431095217897163f,2.893954552992693f,0.5971079671664665f,0.37857947012855286f,-1.2805021678798822f,0.09676387552556123f,0f,0f,0f,1f],start_interpolation:0}
execute if entity @s[tag=aj.attack.bone.left_thumb_2] run data modify entity @s {} merge value {transformation:[0.07630222845627439f,-0.9674609118560044f,-0.24124127748657556f,2.7693099993531343f,-0.634209209069116f,0.13960376787314835f,-0.760453461513291f,0.6599928544769615f,0.7693871906033611f,0.2110217335403361f,-0.6029205411238687f,-3.0027675753934657f,0f,0f,0f,1f],start_interpolation:0}
execute if entity @s[tag=aj.attack.bone.left_thumb] run data modify entity @s {} merge value {transformation:[-0.492450950283615f,-0.8686275432125317f,-0.05457337022143638f,2.5930104369783473f,-0.43941899286541314f,0.3022652369073418f,-0.8458999203608514f,0.8114785686460213f,0.751267602305537f,-0.3925836442465606f,-0.5305422433663314f,-3.2261625901090447f,0f,0f,0f,1f],start_interpolation:0}
execute if entity @s[tag=aj.attack.bone.left_fingers2] run data modify entity @s {} merge value {transformation:[0.524491027986675f,0.723093109904109f,-0.4494947340856008f,2.9112769764347237f,0.4102684262353618f,-0.6772459002315856f,-0.6107518391735461f,0.12142588919665795f,-0.7460489126028136f,0.13592036281850367f,-0.6518716706342178f,-3.058145533205062f,0f,0f,0f,1f],start_interpolation:0}
execute if entity @s[tag=aj.attack.bone.left_fingers] run data modify entity @s {} merge value {transformation:[-0.7660539274218068f,0.4594734642076082f,-0.4494947340856008f,3.088807290698801f,0.6389115257006209f,0.46773310046760214f,-0.6107518391735461f,0.3669992439473621f,-0.07038069769851871f,-0.7550562114280128f,-0.6518716706342178f,-3.4231074270649526f,0f,0f,0f,1f],start_interpolation:0}
execute if entity @s[tag=aj.attack.bone.left_hand] run data modify entity @s {} merge value {transformation:[-0.492450950283615f,-0.7452828628071891f,-0.4494947340856008f,2.580960700238269f,-0.43941899286541314f,0.6587056547922426f,-0.6107518391735461f,0.8410324474210251f,0.751267602305537f,-0.1032488002382769f,-0.6518716706342178f,-3.5619265946896017f,0f,0f,0f,1f],start_interpolation:0}
execute if entity @s[tag=aj.attack.bone.left_forearm] run data modify entity @s {} merge value {transformation:[-0.7413007786146425f,-1.121896030800494f,-0.6766375334821326f,0.9442612062549617f,-0.6614702263475984f,0.9915688344070278f,-0.9193825571032485f,2.2554146400477046f,1.130905033722259f,-0.15542343042201853f,-0.9812814387294151f,-3.7501672057528306f,0f,0f,0f,1f],start_interpolation:0}
execute if entity @s[tag=aj.attack.bone.left_bicep] run data modify entity @s {} merge value {transformation:[-0.8446540742986214f,0.43158134772712087f,-1.2622207386623092f,1.5105014386928084f,-0.9837109545952114f,0.8075396474371751f,0.9343964007159201f,3.3418146085775655f,0.9009863542943154f,1.2862820126844388f,-0.16311447288439246f,-1.704987759267138f,0f,0f,0f,1f],start_interpolation:0}
execute if entity @s[tag=aj.attack.bone.left_shoulder] run data modify entity @s {} merge value {transformation:[-0.5986015484807068f,0.23999879429200324f,-0.7642491510593157f,1.419196788631316f,-0.6236365817834911f,0.4591557980996803f,0.6326558044725811f,3.297223691538166f,0.5027460591769f,0.8553224724101609f,-0.1251793440319391f,-1.3729138126667624f,0f,0f,0f,1f],start_interpolation:0}
execute if entity @s[tag=aj.attack.bone.left_arm] run data modify entity @s {} merge value {transformation:[-1.3256733933695155f,-4.636261363158334e-17f,-0.6181716555405288f,1.160163553088774f,-0.15999459759644408f,1.4128778172222636f,0.3431095217897163f,3.145539028032548f,0.5971079671664665f,0.37857947012855286f,-1.2805021678798822f,-1.0836436242909886f,0f,0f,0f,1f],start_interpolation:0}
execute if entity @s[tag=aj.attack.bone.chest] run data modify entity @s {} merge value {transformation:[-1.8719436146974533f,-6.546725534540193e-17f,-0.8729016431677721f,-0.014919723687788274f,-0.22592356975310413f,1.995082364574302f,0.4844946588417558f,3.7640343462017833f,0.8431582409459157f,0.5345807084212589f,-1.8081586827931828f,-0.033573492729352616f,0f,0f,0f,1f],start_interpolation:0}
execute if entity @s[tag=aj.attack.bone.weist] run data modify entity @s {} merge value {transformation:[-2.0575325768283257f,-6.622200769909015e-17f,-0.3627985069814462f,0.01491972368778838f,-0.09389916314155816f,2.018083070843716f,0.5325286168020363f,0.22565952419252966f,0.3504364476324937f,0.5407437290914938f,-1.9874238543895768f,-0.8423330499998096f,0f,0f,0f,1f],start_interpolation:0}
execute if entity @s[tag=aj.attack.bone.right_foot] run data modify entity @s {} merge value {transformation:[-0.8971451119351688f,-0.40179998427042996f,0.5629996209333676f,-1.1097706173921158f,0.5087737672300907f,0.24131158514009513f,0.9829542843162526f,-5.151984426693383f,-0.46857342467252144f,1.0313130678496503f,-0.010651486901277967f,-6.522518515668186f,0f,0f,0f,1f],start_interpolation:0}
execute if entity @s[tag=aj.attack.bone.right_knee] run data modify entity @s {} merge value {transformation:[-2.837979999685994f,-0.16284111593332704f,1.2868238467333621f,-1.3947046427004683f,1.2360935487352382f,0.5985785437782175f,2.801845781958966f,-4.476156306471801f,-0.3930719785677736f,3.0580630827482476f,-0.47990407559727827f,-2.6118619261740657f,0f,0f,0f,1f],start_interpolation:0}
execute if entity @s[tag=aj.attack.bone.right_thigh] run data modify entity @s {} merge value {transformation:[-2.329391417810412f,0.34291738764671054f,0.36569065605399076f,-0.8216006221024648f,0.46319893848645377f,2.1370166261058663f,0.9465690947715154f,-1.5111036891911274f,-0.19175175112802728f,0.9964707587486448f,-2.155844071574445f,-1.4274230420595124f,0f,0f,0f,1f],start_interpolation:0}
execute if entity @s[tag=aj.attack.bone.right_leg] run data modify entity @s {} merge value {transformation:[-1.1271670532634757f,-3.6035188824684296e-17f,-0.14839435776036167f,-0.8109449999999999f,-0.03840728597413868f,1.0981546324025329f,0.2917323003966749f,-1.4697061359572379f,0.14333794263631297f,0.2942496469167551f,-1.088759767289337f,-1.5456985955515876f,0f,0f,0f,1f],start_interpolation:0}
execute if entity @s[tag=aj.attack.bone.left_foot] run data modify entity @s {} merge value {transformation:[-1.0232416662844683f,-0.015988767589819687f,-0.4858003747326095f,2.120768154573345f,-0.015577334549875307f,1.1327040764611784f,-0.004469252348125847f,-5.97237790759833f,0.48581374149740364f,0.002643270547768082f,-1.0233568166055795f,0.5252863231478283f,0f,0f,0f,1f],start_interpolation:0}
execute if entity @s[tag=aj.attack.bone.left_knee] run data modify entity @s {} merge value {transformation:[-2.7546101363756734f,0.17765523282117718f,-1.4550343415209903f,2.429712707541518f,-0.022302327288766553f,3.0919070368091854f,0.41973420411628515f,-2.046350069271367f,1.4656701276043227f,0.3809367587394001f,-2.7282341510704735f,1.0927585107372038f,0f,0f,0f,1f],start_interpolation:0}
execute if entity @s[tag=aj.attack.bone.left_thigh] run data modify entity @s {} merge value {transformation:[-2.0618233365728793f,-1.1830337562358322f,-0.16340755311325333f,0.7406280545708466f,-0.11891779622062987f,0.5277736125218736f,-2.320495623721813f,-1.5224166406525292f,1.188330532532911f,-1.999818120124076f,-0.5157367544764473f,-1.6266839889942675f,0f,0f,0f,1f],start_interpolation:0}
execute if entity @s[tag=aj.attack.bone.left_leg] run data modify entity @s {} merge value {transformation:[-1.1196213690145589f,-3.6035188824684296e-17f,-0.19741945553501514f,0.6928894444444446f,-0.051095914966232205f,1.0981546324025329f,0.28977933360472513f,-1.422974919480394f,0.1906925507131975f,0.2942496469167551f,-1.0814711959962857f,-1.720101869742669f,0f,0f,0f,1f],start_interpolation:0}