execute if entity @s[tag=aj.attack.bone.right_thumb_2] run data modify entity @s {} merge value {transformation:[0.5505697248042898f,-0.3568042121976329f,0.7840983191149846f,0.7702541643992485f,-0.33570712034004213f,-0.9606801132128613f,-0.1380140034464977f,0.2975123567891092f,0.7678945245213512f,-0.1926769236183096f,-0.6130364955254407f,2.7895858603737103f,0f,0f,0f,1f],start_interpolation:0}
execute if entity @s[tag=aj.attack.bone.right_thumb] run data modify entity @s {} merge value {transformation:[0.632360373870027f,-0.10570211519343331f,0.7963628960182556f,0.8332782718733354f,-0.0312401779761036f,-1.0253252747429915f,-0.04884207172345967f,-0.0009856533689271973f,0.7903127736110606f,-0.0064202339516909734f,-0.614788291198035f,2.904377032198049f,0f,0f,0f,1f],start_interpolation:0}
execute if entity @s[tag=aj.attack.bone.right_fingers2] run data modify entity @s {} merge value {transformation:[-0.5437093477796541f,0.5600450996740219f,0.6602848424885484f,1.1449280713939918f,0.23904079786417903f,0.8792960979092824f,-0.4736573496473748f,0.536213062714449f,-0.8102518743104941f,-0.08012116326187158f,-0.5828144146337646f,2.531124885641862f,0f,0f,0f,1f],start_interpolation:0}
execute if entity @s[tag=aj.attack.bone.right_fingers] run data modify entity @s {} merge value {transformation:[0.4842855253692666f,0.6121583932689931f,0.6602848424885484f,1.4166696927705815f,0.9029746830286552f,-0.12222459920708793f,-0.4736573496473748f,0.4326066885180443f,-0.1851948074961831f,0.7928621468468247f,-0.5828144146337646f,2.9092483306756467f,0f,0f,0f,1f],start_interpolation:0}
execute if entity @s[tag=aj.attack.locator_origin.right_hand] at @s on origin run tp @s ^1.33423 ^0.50313 ^2.7479 ~48.5945 ~-27.80669
execute if entity @s[tag=aj.attack.bone.right_hand] run data modify entity @s {} merge value {transformation:[0.5437093477796542f,-0.5600450996740218f,0.6602848424885484f,1.0750935101942498f,-0.23904079786417887f,-0.8792960979092825f,-0.4736573496473748f,-0.2161536881386119f,0.8102518743104941f,0.08012116326187171f,-0.5828144146337646f,2.99933282984879f,0f,0f,0f,1f],start_interpolation:0}
execute if entity @s[tag=aj.attack.bone.right_forearm] run data modify entity @s {} merge value {transformation:[0.5270699508655821f,-1.0501493271898004f,0.993946031705918f,-0.45804478842270924f,-0.7412040562219522f,-1.1541639300144804f,-0.7130102234302249f,-1.8568409645503456f,1.199512281701209f,-0.25174300988405257f,-0.8773275371019662f,2.6051346300419467f,0f,0f,0f,1f],start_interpolation:0}
execute if entity @s[tag=aj.attack.bone.right_bicep] run data modify entity @s {} merge value {transformation:[-1.2691745360176123f,-0.7616163735377965f,-0.5495822547426885f,-1.654466612300008f,0.4180630260040065f,0.3692035564442159f,-1.4770972203080477f,-1.3532455533544654f,0.8410252442449608f,-1.3328666067962398f,-0.09511732268428404f,0.7067283627261496f,0f,0f,0f,1f],start_interpolation:0}
execute if entity @s[tag=aj.attack.bone.right_shoulder] run data modify entity @s {} merge value {transformation:[-0.4203466309103847f,-0.32390068609729866f,-0.8475830669780914f,-1.6016236177643681f,0.029415296858520346f,0.9287608343940555f,-0.36951055845047626f,-1.1379918817352614f,0.9068866799071501f,-0.18025442585788815f,-0.3808738528248287f,0.3803018284202298f,0f,0f,0f,1f],start_interpolation:0}
execute if entity @s[tag=aj.attack.bone.right_arm] run data modify entity @s {} merge value {transformation:[-1.3362600698711633f,-4.6362613631583326e-17f,-0.5949413141390306f,-1.42934852011317f,-0.15398214281750275f,1.4128778172222634f,0.34584955529268213f,-1.1620992631417864f,0.5746691804532472f,0.3785794701285528f,-1.2907281121273917f,0.07270638982450439f,0f,0f,0f,1f],start_interpolation:0}
execute if entity @s[tag=aj.attack.bone.left_thumb_2] run data modify entity @s {} merge value {transformation:[0.0939614288180409f,-0.8646389717452286f,-0.4935288222929091f,2.4193560059888544f,-0.7084612072714196f,0.29021198207084886f,-0.643319301167027f,-3.889946241309537f,0.6994669167916341f,0.41009322598875375f,-0.5852944372810508f,-3.353913965439653f,0f,0f,0f,1f],start_interpolation:0}
execute if entity @s[tag=aj.attack.bone.left_thumb] run data modify entity @s {} merge value {transformation:[-0.41900616927024026f,-0.8508804449154366f,-0.316916863820762f,2.237304566851066f,-0.4138489763986929f,0.48963855002736234f,-0.7674523536095621f,-3.688527475760124f,0.80818491377112f,-0.19041155108766594f,-0.5572975743399178f,-3.5277602891943873f,0f,0f,0f,1f],start_interpolation:0}
execute if entity @s[tag=aj.attack.bone.left_fingers2] run data modify entity @s {} merge value {transformation:[0.4451455888967039f,0.5895483915589448f,-0.6740015568943947f,2.440630199352704f,0.37905313789668976f,-0.8059859438998171f,-0.4546486301382576f,-4.437412795370144f,-0.8112731496459621f,-0.053097572884100344f,-0.582251255402114f,-3.4683844759042475f,0f,0f,0f,1f],start_interpolation:0}
execute if entity @s[tag=aj.attack.bone.left_fingers] run data modify entity @s {} merge value {transformation:[-0.6261019763706731f,0.39206914758581707f,-0.6740015568943947f,2.5910416572255386f,0.7698822662752522f,0.44785702985248266f,-0.4546486301382576f,-4.193850926143131f,0.1236026345173068f,-0.8035582519786869f,-0.582251255402114f,-3.846636347301108f,0f,0f,0f,1f],start_interpolation:0}
execute if entity @s[tag=aj.attack.bone.left_hand] run data modify entity @s {} merge value {transformation:[-0.41900616927024026f,-0.6084042499994645f,-0.6740015568943947f,2.168547032465989f,-0.4138489763986929f,0.7886847582191252f,-0.4546486301382576f,-3.625205382144224f,0.80818491377112f,0.08843427353367717f,-0.582251255402114f,-3.851826345120504f,0f,0f,0f,1f],start_interpolation:0}
execute if entity @s[tag=aj.attack.bone.left_forearm] run data modify entity @s {} merge value {transformation:[-0.6307422076157632f,-0.9158486626481525f,-1.0145942019718752f,0.8333819821535867f,-0.6229789347680975f,1.1872301698526975f,-0.6843958435321651f,-1.928399324224697f,1.2165843227596522f,0.13312269128322235f,-0.8764797970850849f,-3.621869309329035f,0f,0f,0f,1f],start_interpolation:0}
execute if entity @s[tag=aj.attack.bone.left_bicep] run data modify entity @s {} merge value {transformation:[-0.7429247736584844f,0.5092816970350101f,-1.2967648560144103f,1.5291049067391442f,-0.9584853962566346f,0.8797050167996787f,0.8946110812105353f,-0.7298528022222871f,1.0110750139785352f,1.2081619901847023f,-0.10476678684433899f,-1.681996192967423f,0f,0f,0f,1f],start_interpolation:0}
execute if entity @s[tag=aj.attack.bone.left_shoulder] run data modify entity @s {} merge value {transformation:[-0.6040320671766447f,0.2572928459412338f,-0.7542848621374885f,1.4406248061178328f,-0.6113133512940861f,0.45764291588157f,0.6456461477256775f,-0.7717357291241884f,0.511313258533262f,0.8510953841790441f,-0.11914444459236334f,-1.3488069265673959f,0f,0f,0f,1f],start_interpolation:0}
execute if entity @s[tag=aj.attack.bone.left_arm] run data modify entity @s {} merge value {transformation:[-1.3362600698711633f,-4.6362613631583326e-17f,-0.5949413141390306f,1.176069421901663f,-0.15398214281750275f,1.4128778172222634f,0.34584955529268213f,-0.9222377737016709f,0.5746691804532472f,0.3785794701285528f,-1.2907281121273917f,-1.0639503321174193f,0f,0f,0f,1f],start_interpolation:0}
execute if entity @s[tag=aj.attack.bone.chest] run data modify entity @s {} merge value {transformation:[-1.8868927428743087f,-6.546725534540193e-17f,-0.840098775228146f,-0.013742930139213443f,-0.217433562796346f,1.995082364574302f,0.4883637779216048f,-0.2984009140470705f,0.8114731036266811f,0.5345807084212589f,-1.8225984317797133f,-0.03381510476990163f,0f,0f,0f,1f],start_interpolation:0}
execute if entity @s[tag=aj.attack.bone.weist] run data modify entity @s {} merge value {transformation:[-2.063550911649672f,-6.622200769909015e-17f,-0.3268343562228197f,0.013742930139213547f,-0.08459095598428737f,2.018083070843716f,0.5340862764736043f,-3.836905215558617f,0.31569774559418284f,0.5407437290914938f,-1.9932371194247696f,-0.8420914379592608f,0f,0f,0f,1f],start_interpolation:0}
execute if entity @s[tag=aj.attack.bone.right_foot] run data modify entity @s {} merge value {transformation:[-0.8232525828150506f,-0.4214241454890787f,0.6541697233036305f,-1.197304359495751f,0.6085031020307456f,0.244950185305895f,0.9235824456633897f,-9.222208703554779f,-0.4850364028681852f,1.0225860593208806f,0.04835898649975953f,-6.220776594179783f,0f,0f,0f,1f],start_interpolation:0}
execute if entity @s[tag=aj.attack.bone.right_knee] run data modify entity @s {} merge value {transformation:[-2.7490716189112048f,-0.22974963782834618f,1.4582124873256457f,-1.5727004905287387f,1.403119281290808f,0.5511419784134176f,2.7320435798644f,-8.602500975494982f,-0.4587208701865105f,3.0626819854052854f,-0.38225324028324775f,-2.308461923246108f,0f,0f,0f,1f],start_interpolation:0}
execute if entity @s[tag=aj.attack.bone.right_thigh] run data modify entity @s {} merge value {transformation:[-2.306708695893249f,0.48008018106132905f,0.3549709566810114f,-0.8148781832582299f,0.5672928848701326f,2.2040069389553656f,0.7056334486521776f,-5.569534343407472f,-0.1861723478678655f,0.767634549009595f,-2.2479909750932374f,-1.442610047277678f,0f,0f,0f,1f],start_interpolation:0}
execute if entity @s[tag=aj.attack.bone.right_leg] run data modify entity @s {} merge value {transformation:[-1.1284191028266743f,-3.6035188824684296e-17f,-0.13855244405502262f,-0.8031324999999999f,-0.03586001126694141f,1.0981546324025329f,0.292056354669043f,-5.528162088377511f,0.13383138400821762f,0.2942496469167551f,-1.0899691542982246f,-1.5607911865873543f,0f,0f,0f,1f],start_interpolation:0}
execute if entity @s[tag=aj.attack.bone.left_foot] run data modify entity @s {} merge value {transformation:[-1.0231854954883064f,-0.015158439508329473f,-0.48594528080229576f,2.122718479849684f,-0.015400035883893945f,1.132711585450704f,-0.002907830897556743f,-10.040428153123244f,0.4859376843970062f,0.003979735848812139f,-1.023293643577175f,0.5273462352214358f,0f,0f,0f,1f],start_interpolation:0}
execute if entity @s[tag=aj.attack.bone.left_knee] run data modify entity @s {} merge value {transformation:[-2.754422671477155f,0.17997346392558977f,-1.4551043327930322f,2.43461824717511f,-0.022010988734318327f,3.091325165906228f,0.4240136261814594f,-6.115298908799877f,1.4660268017350049f,0.38455375579395523f,-2.727534994400104f,1.099399517979499f,0f,0f,0f,1f],start_interpolation:0}
execute if entity @s[tag=aj.attack.bone.left_thigh] run data modify entity @s {} merge value {transformation:[-2.0617452766673194f,-1.1829237522153757f,-0.16517923183360286f,0.7455412350098115f,-0.11880715860747812f,0.5309955819693322f,-2.319766134556911f,-5.586925059606396f,1.1884770259656097f,-1.9990301289420804f,-0.5184469793317278f,-1.61918846741555f,0f,0f,0f,1f],start_interpolation:0}
execute if entity @s[tag=aj.attack.bone.left_leg] run data modify entity @s {} merge value {transformation:[-1.1228962898336745f,-3.6035188824684296e-17f,-0.17784930040780472f,0.699833888888889f,-0.0460307861036994f,1.0981546324025329f,0.29062694548391504f,-5.487272273960272f,0.17178923245134148f,0.2942496469167551f,-1.0846345265945212f,-1.7133940515045505f,0f,0f,0f,1f],start_interpolation:0}