execute if entity @s[tag=aj.attack.bone.right_thumb_2] run data modify entity @s {} merge value {transformation:[0.5505697248042898f,-0.3568042121976329f,0.7840983191149846f,0.7702541643992483f,-0.33570712034004213f,-0.9606801132128613f,-0.1380140034464977f,4.36001235678911f,0.7678945245213512f,-0.1926769236183096f,-0.6130364955254407f,2.78958586037371f,0f,0f,0f,1f],start_interpolation:0}
execute if entity @s[tag=aj.attack.bone.right_thumb] run data modify entity @s {} merge value {transformation:[0.632360373870027f,-0.10570211519343331f,0.7963628960182556f,0.8332782718733351f,-0.0312401779761036f,-1.0253252747429915f,-0.04884207172345967f,4.061514346631073f,0.7903127736110606f,-0.0064202339516909734f,-0.614788291198035f,2.9043770321980484f,0f,0f,0f,1f],start_interpolation:0}
execute if entity @s[tag=aj.attack.bone.right_fingers2] run data modify entity @s {} merge value {transformation:[-0.5437093477796541f,0.5600450996740219f,0.6602848424885484f,1.1449280713939913f,0.23904079786417903f,0.8792960979092824f,-0.4736573496473748f,4.598713062714449f,-0.8102518743104941f,-0.08012116326187158f,-0.5828144146337646f,2.5311248856418618f,0f,0f,0f,1f],start_interpolation:0}
execute if entity @s[tag=aj.attack.bone.right_fingers] run data modify entity @s {} merge value {transformation:[0.4842855253692666f,0.6121583932689931f,0.6602848424885484f,1.416669692770581f,0.9029746830286552f,-0.12222459920708793f,-0.4736573496473748f,4.495106688518044f,-0.1851948074961831f,0.7928621468468247f,-0.5828144146337646f,2.9092483306756463f,0f,0f,0f,1f],start_interpolation:0}
execute if entity @s[tag=aj.attack.locator_origin.right_hand] at @s on origin run tp @s ^1.33423 ^4.56563 ^2.7479 ~48.5945 ~-27.80669
execute if entity @s[tag=aj.attack.bone.right_hand] run data modify entity @s {} merge value {transformation:[0.5437093477796542f,-0.5600450996740218f,0.6602848424885484f,1.0750935101942496f,-0.23904079786417887f,-0.8792960979092825f,-0.4736573496473748f,3.8463463118613883f,0.8102518743104941f,0.08012116326187171f,-0.5828144146337646f,2.9993328298487896f,0f,0f,0f,1f],start_interpolation:0}
execute if entity @s[tag=aj.attack.bone.right_forearm] run data modify entity @s {} merge value {transformation:[0.5270699508655821f,-1.0501493271898004f,0.993946031705918f,-0.45804478842270946f,-0.7412040562219522f,-1.1541639300144804f,-0.7130102234302249f,2.2056590354496546f,1.199512281701209f,-0.25174300988405257f,-0.8773275371019662f,2.6051346300419462f,0f,0f,0f,1f],start_interpolation:0}
execute if entity @s[tag=aj.attack.bone.right_bicep] run data modify entity @s {} merge value {transformation:[-1.269174536017612f,-0.7616163735377964f,-0.5495822547426885f,-1.6544666123000082f,0.41806302600400647f,0.3692035564442158f,-1.4770972203080475f,2.709254446645535f,0.8410252442449606f,-1.3328666067962398f,-0.09511732268428402f,0.7067283627261494f,0f,0f,0f,1f],start_interpolation:0}
execute if entity @s[tag=aj.attack.bone.right_shoulder] run data modify entity @s {} merge value {transformation:[-0.4203466309103847f,-0.32390068609729866f,-0.8475830669780914f,-1.6016236177643681f,0.029415296858520346f,0.9287608343940555f,-0.36951055845047626f,2.9245081182647383f,0.9068866799071501f,-0.18025442585788815f,-0.3808738528248287f,0.3803018284202298f,0f,0f,0f,1f],start_interpolation:0}
execute if entity @s[tag=aj.attack.bone.right_arm] run data modify entity @s {} merge value {transformation:[-1.3362600698711635f,-4.636261363158334e-17f,-0.5949413141390307f,-1.42934852011317f,-0.15398214281750278f,1.4128778172222636f,0.3458495552926822f,2.9004007368582143f,0.5746691804532473f,0.37857947012855286f,-1.290728112127392f,0.07270638982450461f,0f,0f,0f,1f],start_interpolation:0}
execute if entity @s[tag=aj.attack.bone.left_thumb_2] run data modify entity @s {} merge value {transformation:[0.0939614288180409f,-0.8646389717452286f,-0.4935288222929091f,2.4193560059888544f,-0.7084612072714196f,0.29021198207084886f,-0.643319301167027f,0.1725537586904631f,0.6994669167916341f,0.41009322598875375f,-0.5852944372810508f,-3.353913965439653f,0f,0f,0f,1f],start_interpolation:0}
execute if entity @s[tag=aj.attack.bone.left_thumb] run data modify entity @s {} merge value {transformation:[-0.41900616927024026f,-0.8508804449154366f,-0.316916863820762f,2.237304566851066f,-0.4138489763986929f,0.48963855002736234f,-0.7674523536095621f,0.37397252423987615f,0.80818491377112f,-0.19041155108766594f,-0.5572975743399178f,-3.527760289194387f,0f,0f,0f,1f],start_interpolation:0}
execute if entity @s[tag=aj.attack.bone.left_fingers2] run data modify entity @s {} merge value {transformation:[0.4451455888967039f,0.5895483915589448f,-0.6740015568943947f,2.440630199352704f,0.37905313789668976f,-0.8059859438998171f,-0.4546486301382576f,-0.3749127953701442f,-0.8112731496459621f,-0.053097572884100344f,-0.582251255402114f,-3.468384475904247f,0f,0f,0f,1f],start_interpolation:0}
execute if entity @s[tag=aj.attack.bone.left_fingers] run data modify entity @s {} merge value {transformation:[-0.6261019763706731f,0.39206914758581707f,-0.6740015568943947f,2.5910416572255386f,0.7698822662752522f,0.44785702985248266f,-0.4546486301382576f,-0.13135092614313126f,0.1236026345173068f,-0.8035582519786869f,-0.582251255402114f,-3.8466363473011076f,0f,0f,0f,1f],start_interpolation:0}
execute if entity @s[tag=aj.attack.bone.left_hand] run data modify entity @s {} merge value {transformation:[-0.41900616927024026f,-0.6084042499994645f,-0.6740015568943947f,2.168547032465989f,-0.4138489763986929f,0.7886847582191252f,-0.4546486301382576f,0.4372946178557757f,0.80818491377112f,0.08843427353367717f,-0.582251255402114f,-3.8518263451205037f,0f,0f,0f,1f],start_interpolation:0}
execute if entity @s[tag=aj.attack.bone.left_forearm] run data modify entity @s {} merge value {transformation:[-0.6307422076157632f,-0.9158486626481525f,-1.0145942019718752f,0.8333819821535867f,-0.6229789347680975f,1.1872301698526975f,-0.6843958435321651f,2.134100675775303f,1.2165843227596522f,0.13312269128322235f,-0.8764797970850849f,-3.6218693093290346f,0f,0f,0f,1f],start_interpolation:0}
execute if entity @s[tag=aj.attack.bone.left_bicep] run data modify entity @s {} merge value {transformation:[-0.7429247736584845f,0.5092816970350103f,-1.2967648560144105f,1.5291049067391445f,-0.9584853962566348f,0.8797050167996788f,0.8946110812105355f,3.332647197777713f,1.0110750139785354f,1.2081619901847025f,-0.104766786844339f,-1.6819961929674225f,0f,0f,0f,1f],start_interpolation:0}
execute if entity @s[tag=aj.attack.bone.left_shoulder] run data modify entity @s {} merge value {transformation:[-0.6040320671766447f,0.2572928459412338f,-0.7542848621374885f,1.4406248061178328f,-0.6113133512940861f,0.45764291588157f,0.6456461477256775f,3.2907642708758114f,0.511313258533262f,0.8510953841790441f,-0.11914444459236334f,-1.348806926567396f,0f,0f,0f,1f],start_interpolation:0}
execute if entity @s[tag=aj.attack.bone.left_arm] run data modify entity @s {} merge value {transformation:[-1.3362600698711635f,-4.636261363158334e-17f,-0.5949413141390307f,1.176069421901663f,-0.15398214281750278f,1.4128778172222636f,0.3458495552926822f,3.1402622262983297f,0.5746691804532473f,0.37857947012855286f,-1.290728112127392f,-1.0639503321174193f,0f,0f,0f,1f],start_interpolation:0}
execute if entity @s[tag=aj.attack.bone.chest] run data modify entity @s {} merge value {transformation:[-1.8868927428743087f,-6.546725534540193e-17f,-0.840098775228146f,-0.013742930139213443f,-0.217433562796346f,1.995082364574302f,0.4883637779216048f,3.76409908595293f,0.8114731036266811f,0.5345807084212589f,-1.8225984317797133f,-0.033815104769901516f,0f,0f,0f,1f],start_interpolation:0}
execute if entity @s[tag=aj.attack.bone.weist] run data modify entity @s {} merge value {transformation:[-2.063550911649672f,-6.622200769909015e-17f,-0.3268343562228197f,0.013742930139213547f,-0.08459095598428737f,2.018083070843716f,0.5340862764736043f,0.22559478444138303f,0.31569774559418284f,0.5407437290914938f,-1.9932371194247696f,-0.8420914379592608f,0f,0f,0f,1f],start_interpolation:0}
execute if entity @s[tag=aj.attack.bone.right_foot] run data modify entity @s {} merge value {transformation:[-0.8232525828150506f,-0.4214241454890787f,0.6541697233036305f,-1.197304359495751f,0.6085031020307456f,0.244950185305895f,0.9235824456633897f,-5.159708703554781f,-0.4850364028681852f,1.0225860593208806f,0.04835898649975953f,-6.220776594179783f,0f,0f,0f,1f],start_interpolation:0}
execute if entity @s[tag=aj.attack.bone.right_knee] run data modify entity @s {} merge value {transformation:[-2.7490716189112048f,-0.22974963782834618f,1.4582124873256457f,-1.5727004905287387f,1.403119281290808f,0.5511419784134176f,2.7320435798644f,-4.540000975494983f,-0.4587208701865105f,3.0626819854052854f,-0.38225324028324775f,-2.308461923246108f,0f,0f,0f,1f],start_interpolation:0}
execute if entity @s[tag=aj.attack.bone.right_thigh] run data modify entity @s {} merge value {transformation:[-2.306708695893249f,0.48008018106132905f,0.3549709566810114f,-0.8148781832582299f,0.5672928848701326f,2.2040069389553656f,0.7056334486521776f,-1.5070343434074729f,-0.1861723478678655f,0.767634549009595f,-2.2479909750932374f,-1.442610047277678f,0f,0f,0f,1f],start_interpolation:0}
execute if entity @s[tag=aj.attack.bone.right_leg] run data modify entity @s {} merge value {transformation:[-1.1284191028266743f,-3.6035188824684296e-17f,-0.13855244405502262f,-0.8031324999999999f,-0.03586001126694141f,1.0981546324025329f,0.292056354669043f,-1.465662088377511f,0.13383138400821762f,0.2942496469167551f,-1.0899691542982246f,-1.5607911865873543f,0f,0f,0f,1f],start_interpolation:0}
execute if entity @s[tag=aj.attack.bone.left_foot] run data modify entity @s {} merge value {transformation:[-1.0231854954883064f,-0.015158439508329473f,-0.48594528080229576f,2.122718479849684f,-0.015400035883893945f,1.132711585450704f,-0.002907830897556743f,-5.977928153123244f,0.4859376843970062f,0.003979735848812139f,-1.023293643577175f,0.5273462352214358f,0f,0f,0f,1f],start_interpolation:0}
execute if entity @s[tag=aj.attack.bone.left_knee] run data modify entity @s {} merge value {transformation:[-2.754422671477155f,0.17997346392558977f,-1.4551043327930322f,2.43461824717511f,-0.022010988734318327f,3.091325165906228f,0.4240136261814594f,-2.052798908799878f,1.4660268017350049f,0.38455375579395523f,-2.727534994400104f,1.099399517979499f,0f,0f,0f,1f],start_interpolation:0}
execute if entity @s[tag=aj.attack.bone.left_thigh] run data modify entity @s {} merge value {transformation:[-2.0617452766673194f,-1.1829237522153757f,-0.16517923183360286f,0.7455412350098115f,-0.11880715860747812f,0.5309955819693322f,-2.319766134556911f,-1.5244250596063966f,1.1884770259656097f,-1.9990301289420804f,-0.5184469793317278f,-1.61918846741555f,0f,0f,0f,1f],start_interpolation:0}
execute if entity @s[tag=aj.attack.bone.left_leg] run data modify entity @s {} merge value {transformation:[-1.1228962898336745f,-3.6035188824684296e-17f,-0.17784930040780472f,0.699833888888889f,-0.0460307861036994f,1.0981546324025329f,0.29062694548391504f,-1.4247722739602726f,0.17178923245134148f,0.2942496469167551f,-1.0846345265945212f,-1.7133940515045505f,0f,0f,0f,1f],start_interpolation:0}