execute if entity @s[tag=aj.attack.bone.right_thumb_2] run data modify entity @s {} merge value {transformation:[0.09997781910895806f,0.9929778126242557f,-0.06324159487366879f,-1.6059521037264561f,0.5107835971435551f,-0.1057661120556545f,-0.8531785548346379f,3.893083208313409f,-0.8538761927676091f,0.05299616190423155f,-0.5177710442349144f,-4.073622937551134f,0f,0f,0f,1f],start_interpolation:0}
execute if entity @s[tag=aj.attack.bone.right_thumb] run data modify entity @s {} merge value {transformation:[-0.20328217798749995f,0.9678452372349375f,-0.14816191438526277f,-1.35853945470358f,0.5189753872923615f,-0.02180878403009004f,-0.8545109269774567f,3.9634206253067488f,-0.8302655620326559f,-0.25059922925016453f,-0.4978545197161735f,-4.267979359530994f,0f,0f,0f,1f],start_interpolation:0}
execute if entity @s[tag=aj.attack.bone.right_fingers2] run data modify entity @s {} merge value {transformation:[-0.23752004734746948f,-0.9593563483478261f,0.15237986741292509f,-2.062359596109667f,-0.5478065709555849f,0.002745556463168791f,-0.8366005156211602f,3.58939741562725f,0.8021796481623926f,-0.2821840867313965f,-0.5261938362140213f,-4.198055050825904f,0f,0f,0f,1f],start_interpolation:0}
execute if entity @s[tag=aj.attack.bone.right_fingers] run data modify entity @s {} merge value {transformation:[-0.9821515091519869f,0.11026689928393789f,0.15237986741292509f,-1.9633189359476066f,-0.06878103793293552f,0.5434783768313849f,-0.8366005156211602f,3.8423262098950905f,-0.17506450780024704f,-0.8321493044153973f,-0.5261938362140213f,-4.586948920256749f,0f,0f,0f,1f],start_interpolation:0}
execute if entity @s[tag=aj.attack.locator_origin.right_hand] at @s on origin run tp @s ^-1.99605 ^3.73099 ^-4.4312 ~16.15043 ~-56.78286
execute if entity @s[tag=aj.attack.bone.right_hand] run data modify entity @s {} merge value {transformation:[0.013468251727436431f,0.988230227326925f,0.15237986741292509f,-1.2612479550675264f,0.5341196592521056f,0.12172003476348207f,-0.8366005156211602f,3.9370593445021385f,-0.8453016004928781f,0.09265662919916134f,-0.5261938362140213f,-4.589841972536967f,0f,0f,0f,1f],start_interpolation:0}
execute if entity @s[tag=aj.attack.bone.right_forearm] run data modify entity @s {} merge value {transformation:[0.020274152149318783f,1.487611784576851f,0.22938185882947573f,0.8826932734789668f,0.8040259015622563f,0.18322871849715022f,-1.259359157012905f,4.18284876085079f,-1.272457153851944f,0.1394787264185159f,-0.7920949289731893f,-4.34942500261249f,0f,0f,0f,1f],start_interpolation:0}
execute if entity @s[tag=aj.attack.bone.right_bicep] run data modify entity @s {} merge value {transformation:[-0.2192845700607733f,-0.6739326683899309f,1.4108980097280357f,-0.05626427220062241f,1.4954533287697445f,-0.5063931627401792f,-0.00945855411423579f,3.5250518578969556f,0.4565498623909501f,1.3350224272465496f,0.7086476557104939f,-2.355774622910213f,0f,0f,0f,1f],start_interpolation:0}
execute if entity @s[tag=aj.attack.bone.right_shoulder] run data modify entity @s {} merge value {transformation:[0.34634025442093513f,0.08009811388784954f,0.9346832192348651f,-0.32019007186776366f,0.5419840169144096f,0.7961548972838026f,-0.2690552079784718f,3.5988334770808152f,-0.7657034370936068f,0.5997680148879455f,0.232328592171541f,-2.015573943227348f,0f,0f,0f,1f],start_interpolation:0}
execute if entity @s[tag=aj.attack.bone.right_arm] run data modify entity @s {} merge value {transformation:[-0.9564145913843023f,-4.636261363158334e-17f,1.106714629427461f,-0.674360956982465f,0.28643882358940553f,1.4128778172222636f,0.2475383112642027f,3.306422675633355f,-1.0690042428959203f,0.37857947012855286f,-0.9238255544578038f,-1.4425881146719388f,0f,0f,0f,1f],start_interpolation:0}
execute if entity @s[tag=aj.attack.bone.left_thumb_2] run data modify entity @s {} merge value {transformation:[-0.45777273352849596f,0.8732348386351658f,0.16704802013691875f,-2.3232828106775885f,-0.14235629038206382f,0.11347432961122325f,-0.9832895113383144f,0.34453625419674055f,-0.877598319863083f,-0.47390346391759924f,0.07236501820903925f,1.6048162152550498f,0f,0f,0f,1f],start_interpolation:0}
execute if entity @s[tag=aj.attack.bone.left_thumb] run data modify entity @s {} merge value {transformation:[0.12592945444081127f,0.9908524811917151f,-0.048509102449553476f,-2.057860199210129f,-0.0515192286043559f,-0.04230036110618235f,-0.9977757506245073f,0.3400147691286505f,-0.9907005307297719f,0.1281485074689059f,0.045721094094958545f,1.7877511309633374f,0f,0f,0f,1f],start_interpolation:0}
execute if entity @s[tag=aj.attack.bone.left_fingers2] run data modify entity @s {} merge value {transformation:[-0.16512357230849112f,-0.8949450960480977f,0.41449665973026084f,-2.5926204407432336f,0.03301043885693744f,-0.4250451345272568f,-0.9045700329665907f,-0.12687319791082902f,0.9857203035316637f,-0.13568311860422244f,0.09972750137889574f,1.4687791380350301f,0f,0f,0f,1f],start_interpolation:0}
execute if entity @s[tag=aj.attack.bone.left_fingers] run data modify entity @s {} merge value {transformation:[0.905931027356016f,-0.08649562269924142f,0.41449665973026084f,-2.587872961353127f,0.42055066014874337f,0.06992994857196425f,-0.9045700329665907f,-0.08162322697887331f,0.04925561817833049f,0.993794903159899f,0.09972750137889574f,1.9409553451718498f,0f,0f,0f,1f],start_interpolation:0}
execute if entity @s[tag=aj.attack.bone.left_hand] run data modify entity @s {} merge value {transformation:[0.12592945444081127f,0.901295895683929f,0.41449665973026084f,-1.9481422644787647f,-0.0515192286043559f,0.4232006906218768f,-0.9045700329665907f,0.19352442678182458f,-0.9907005307297719f,0.09255746258660419f,0.09972750137889574f,2.0710507057521443f,0f,0f,0f,1f],start_interpolation:0}
execute if entity @s[tag=aj.attack.bone.left_forearm] run data modify entity @s {} merge value {transformation:[0.18956528071217446f,1.3567469995699761f,0.6239539113778706f,0.011650884443361154f,-0.07755339746230458f,0.6370563429465879f,-1.3616756539172374f,1.1149533272561045f,-1.4913304043396725f,0.1393294480242741f,0.150122716544442f,2.228773065887862f,0f,0f,0f,1f],start_interpolation:0}
execute if entity @s[tag=aj.attack.bone.left_bicep] run data modify entity @s {} merge value {transformation:[0.5317630493302001f,0.9218386091037427f,1.1663386284339419f,1.44676712375922f,-0.9717866020614478f,1.1529614693177177f,-0.4682038107139239f,2.7413773848918597f,-1.125061339423481f,-0.5601763892550736f,0.955690092812642f,1.2394106322084633f,0f,0f,0f,1f],start_interpolation:0}
execute if entity @s[tag=aj.attack.bone.left_shoulder] run data modify entity @s {} merge value {transformation:[-0.020430884590514453f,-0.2346685333288802f,0.971860719661064f,1.384965368023531f,-0.5120201722356015f,0.8373707667401639f,0.19143025422543658f,2.8160180425428867f,-0.8587304129810904f,-0.4937012036386609f,-0.13726324834806802f,0.9059330314173101f,0f,0f,0f,1f],start_interpolation:0}
execute if entity @s[tag=aj.attack.bone.left_arm] run data modify entity @s {} merge value {transformation:[-0.9564145913843023f,-4.636261363158334e-17f,1.106714629427461f,1.190440508377269f,0.28643882358940553f,1.4128778172222636f,0.2475383112642027f,2.6875585967589832f,-1.0690042428959203f,0.37857947012855286f,-0.9238255544578038f,0.6255626140942616f,0f,0f,0f,1f],start_interpolation:0}
execute if entity @s[tag=aj.attack.bone.chest] run data modify entity @s {} merge value {transformation:[-1.3505243420437865f,-6.546725534540193e-17f,1.5627585151899706f,0.04802857483806848f,0.40447166662730133f,1.995082364574302f,0.34954142059548293f,3.75941387398111f,-1.50950881007515f,0.5345807084212589f,-1.3045063410121447f,-0.016329655646838637f,0f,0f,0f,1f],start_interpolation:0}
execute if entity @s[tag=aj.attack.bone.weist] run data modify entity @s {} merge value {transformation:[-1.4337463542221354f,-6.622200769909015e-17f,1.5196823527081287f,-0.04802857483806836f,0.39332273538706997f,2.018083070843716f,0.37108086231899357f,0.23027999641320318f,-1.4679004322365146f,0.5407437290914938f,-1.3848926318909554f,-0.8595768870823237f,0f,0f,0f,1f],start_interpolation:0}
execute if entity @s[tag=aj.attack.bone.right_foot] run data modify entity @s {} merge value {transformation:[-0.5485276940526012f,-0.01762482485814188f,0.9910034746690126f,-2.3505728008974733f,0.012514827248471404f,1.132427439172822f,0.02706707423100064f,-6.310805558897357f,-0.9910811774805722f,0.02405437501173983f,-0.5481429002427357f,-1.859429088309894f,0f,0f,0f,1f],start_interpolation:0}
execute if entity @s[tag=aj.attack.bone.right_knee] run data modify entity @s {} merge value {transformation:[-1.4834465086783866f,-0.4100296739667635f,2.7143738582837837f,-2.9869932645619572f,0.44139577677307923f,3.009572047209828f,0.6958514073262445f,-2.495041256941408f,-2.709450044624291f,0.7147832393794187f,-1.372781372457199f,-0.9287960816084528f,0f,0f,0f,1f],start_interpolation:0}
execute if entity @s[tag=aj.attack.bone.right_thigh] run data modify entity @s {} merge value {transformation:[-1.1327739935311323f,1.9446450177639927f,0.7826654473717711f,-0.24360746662415173f,0.3370540520726105f,1.0470230883884593f,-2.113651718331895f,-1.25605963234402f,-2.0689620619057782f,-0.8941391252549107f,-0.7728502954178249f,-2.137778963809134f,0f,0f,0f,1f],start_interpolation:0}
execute if entity @s[tag=aj.attack.bone.right_leg] run data modify entity @s {} merge value {transformation:[-0.7801835431487103f,-3.6035188824684296e-17f,0.8269462439467886f,-0.206778333333333f,0.21402943720942397f,1.0981546324025329f,0.2019263596424505f,-1.2475738686250955f,-0.7987687339809433f,0.2942496469167551f,-0.753599433573051f,-2.1332260466633475f,0f,0f,0f,1f],start_interpolation:0}
execute if entity @s[tag=aj.attack.bone.left_foot] run data modify entity @s {} merge value {transformation:[-1.099188360487891f,-0.06587922738016383f,0.2659436556260281f,0.7589107720994464f,0.03860510063524107f,1.0513732656799926f,0.4200060175977607f,-6.158040142308215f,-0.27124849635138193f,0.41659973117271737f,-1.0179145689172222f,0.41048868277766726f,0f,0f,0f,1f],start_interpolation:0}
execute if entity @s[tag=aj.attack.bone.left_knee] run data modify entity @s {} merge value {transformation:[-3.0374373754463933f,-0.41216429650364633f,0.5836592354334474f,0.2459405711085953f,-0.1370263703494137f,2.837576124637825f,1.2907164021937667f,-2.5862111143241453f,-0.7012569316933469f,1.2307906604093208f,-2.7802799114799566f,2.086813524674435f,0f,0f,0f,1f],start_interpolation:0}
execute if entity @s[tag=aj.attack.bone.left_thigh] run data modify entity @s {} merge value {transformation:[-2.2673681415808615f,0.33423579477882864f,0.6517012444956356f,0.6777844729250239f,-0.5163183003342684f,0.774295315435499f,-2.193460404310736f,-1.730213380743778f,-0.5194646199006508f,-2.2284836921161553f,-0.6643819012347241f,-1.0121636350413865f,0f,0f,0f,1f],start_interpolation:0}
execute if entity @s[tag=aj.attack.bone.left_leg] run data modify entity @s {} merge value {transformation:[-0.7801835431487103f,-3.6035188824684296e-17f,0.8269462439467886f,0.7484450000000001f,0.21402943720942397f,1.0981546324025329f,0.2019263596424505f,-1.5937235950688624f,-0.7987687339809433f,0.2942496469167551f,-0.753599433573051f,-1.082859137121409f,0f,0f,0f,1f],start_interpolation:0}