execute if entity @s[tag=aj.attack.bone.neck] run data modify entity @s {} merge value {transformation:[-1.0489695833333332f,-3.3248340806027315e-17f,1.2408449715545952e-16f,-2.1867983713295083e-17f,0f,1.0132268115333496f,0.2714933058999224f,4.484459076332608f,-1.2846172426320994e-16f,0.2714933058999224f,-1.0132268115333496f,0.17856563809679993f,0f,0f,0f,1f],start_interpolation:0}
execute if entity @s[tag=aj.attack.bone.right_thumb_2] run data modify entity @s {} merge value {transformation:[-0.16199544414869646f,0.9758153965216954f,-0.14677120966413468f,-2.376928306921625f,0.5092332872258883f,-0.044733125436804425f,-0.8594651864210504f,3.8014675140402105f,-0.8452448966164676f,-0.2139702301720079f,-0.4896711195730821f,-3.576310144557562f,0f,0f,0f,1f],start_interpolation:0}
execute if entity @s[tag=aj.attack.bone.right_thumb] run data modify entity @s {} merge value {transformation:[-0.44796276196102575f,0.8657716187353699f,-0.22308937242411878f,-2.19488193460788f,0.49914167036469487f,0.035164740959453905f,-0.8658065799581317f,3.8852081957166504f,-0.741745884249985f,-0.49920230887446077f,-0.4478951864137592f,-3.8288599543979096f,0f,0f,0f,1f],start_interpolation:0}
execute if entity @s[tag=aj.attack.bone.right_fingers2] run data modify entity @s {} merge value {transformation:[-0.05762419927033419f,-0.9981679646185089f,0.018443591510235238f,-2.874194510955016f,-0.5395793133596466f,0.015595761127934801f,-0.8417903164263489f,3.494620163383095f,0.8399604849353246f,-0.05845927338056794f,-0.5394894782134598f,-3.555642374413567f,0f,0f,0f,1f],start_interpolation:0}
execute if entity @s[tag=aj.attack.bone.right_fingers] run data modify entity @s {} merge value {transformation:[-0.9971499666194622f,-0.07315584736033959f,0.018443591510235238f,-2.8621188694394624f,-0.05496689594404017f,0.5369987928488335f,-0.8417903164263489f,3.7438048519058826f,0.05167769752110485f,-0.840404972900498f,-0.5394894782134598f,-3.9591044406649116f,0f,0f,0f,1f],start_interpolation:0}
execute if entity @s[tag=aj.attack.locator_origin.right_hand] at @s on origin run tp @s ^-2.84553 ^3.63447 ^-3.79943 ~1.95802 ~-57.32966
execute if entity @s[tag=aj.attack.bone.right_hand] run data modify entity @s {} merge value {transformation:[-0.24519772022275035f,0.9692976384629078f,0.018443591510235238f,-2.193480960139643f,0.5192956732430376f,0.14738068707224755f,-0.8417903164263489f,3.8555522578750607f,-0.8186635949818624f,-0.19682738922300144f,-0.5394894782134598f,-4.164828192925602f,0f,0f,0f,1f],start_interpolation:0}
execute if entity @s[tag=aj.attack.bone.right_forearm] run data modify entity @s {} merge value {transformation:[-0.36910327985147934f,1.4591120063593375f,0.027763676238442826f,-0.07877147900344073f,0.7817109230565477f,0.22185644685322722f,-1.2671715155341459f,4.157715099460435f,-1.2323581872143847f,-0.2962900097962365f,-0.8121092466645025f,-4.553927377756196f,0f,0f,0f,1f],start_interpolation:0}
execute if entity @s[tag=aj.attack.bone.right_bicep] run data modify entity @s {} merge value {transformation:[-0.12123102656948721f,-0.24718434367906808f,1.5547048261587473f,-0.3861163769266895f,1.4974861390250762f,-0.4990377378878552f,0.037426696835087876f,3.512501651779018f,0.4855331705137369f,1.477418489950686f,0.2727568586253289f,-2.36801370259358f,0f,0f,0f,1f],start_interpolation:0}
execute if entity @s[tag=aj.attack.bone.right_shoulder] run data modify entity @s {} merge value {transformation:[0.09614394695079947f,0.22642256109869302f,0.9692724927956176f,-0.5431300129447675f,0.5366719979186547f,0.8083258533791161f,-0.24205883873331924f,3.5858193647195344f,-0.8382955970984947f,0.5434538973863673f,-0.043799010272452976f,-1.96700461467964f,0f,0f,0f,1f],start_interpolation:0}
execute if entity @s[tag=aj.attack.bone.right_arm] run data modify entity @s {} merge value {transformation:[-1.0784293845022337f,-4.636261363158334e-17f,0.9881984639958196f,-0.8218670427975868f,0.25576458282317566f,1.4128778172222636f,0.2791180635073674f,3.2838677974951267f,-0.95452641787275f,0.37857947012855286f,-1.0416827943197315f,-1.358412163501548f,0f,0f,0f,1f],start_interpolation:0}
execute if entity @s[tag=aj.attack.bone.left_thumb_2] run data modify entity @s {} merge value {transformation:[-0.5064706148758901f,0.8527980884261187f,0.1273692923902615f,-2.2746098675902098f,-0.15149440906481887f,0.05741008926726093f,-0.9867895042370621f,0.5720936982217298f,-0.8488444853383568f,-0.5190756226476864f,0.10011761924645228f,1.7072730269349783f,0f,0f,0f,1f],start_interpolation:0}
execute if entity @s[tag=aj.attack.bone.left_thumb] run data modify entity @s {} merge value {transformation:[0.07431689153614596f,0.993195010749351f,-0.08966978451519453f,-2.0008990313174477f,-0.09116385256216658f,-0.08277564504678131f,-0.9923897140605162f,0.5618214380482046f,-0.993058986978331f,0.08192596175624675f,0.08439185489065681f,1.87730728427278f,0f,0f,0f,1f],start_interpolation:0}
execute if entity @s[tag=aj.attack.bone.left_fingers2] run data modify entity @s {} merge value {transformation:[-0.1144797928167956f,-0.9182600743348245f,0.3790683486117331f,-2.5706677808518674f,0.07429183502574144f,-0.38842193632253924f,-0.9184819664163024f,0.10899361484543524f,0.9906437807229864f,-0.07698594200275835f,0.11268568874891044f,1.6016144179325633f,0f,0f,0f,1f],start_interpolation:0}
execute if entity @s[tag=aj.attack.bone.left_fingers] run data modify entity @s {} merge value {transformation:[0.9247433888942301f,-0.03401252382856166f,0.3790683486117331f,-2.54055970117175f,0.38046891352528817f,0.10786233452382482f,-0.9184819664163024f,0.17016730406547836f,-0.009647307256513783f,0.9935838490101793f,0.11268568874891044f,2.0710521159300725f,0f,0f,0f,1f],start_interpolation:0}
execute if entity @s[tag=aj.attack.bone.left_hand] run data modify entity @s {} merge value {transformation:[0.07431689153614596f,0.9223796326422101f,0.3790683486117331f,-1.8837739736215522f,-0.09116385256216658f,0.38481168037634494f,-0.9184819664163024f,0.4203188593231868f,-0.993058986978331f,0.03370139363224256f,0.11268568874891044f,2.16017622168378f,0f,0f,0f,1f],start_interpolation:0}
execute if entity @s[tag=aj.attack.bone.left_forearm] run data modify entity @s {} merge value {transformation:[0.11187138440536368f,1.3884849637556047f,0.5706226413254099f,0.11975972766186183f,-0.1372316062075291f,0.5792682461445232f,-1.382617693103814f,1.2567772459890623f,-1.4948806573189355f,0.05073169079192901f,0.16962905393965677f,2.1899557998545403f,0f,0f,0f,1f],start_interpolation:0}
execute if entity @s[tag=aj.attack.bone.left_bicep] run data modify entity @s {} merge value {transformation:[0.43245693533327717f,0.9423727852797994f,1.1907219199672894f,1.5736804815881018f,-1.0329622983281208f,1.0900469860951816f,-0.48753524629706785f,2.7815021789090455f,-1.1130471900864232f,-0.6454728961879412f,0.9150928100318104f,1.0741690007682738f,0f,0f,0f,1f],start_interpolation:0}
execute if entity @s[tag=aj.attack.bone.left_shoulder] run data modify entity @s {} merge value {transformation:[-0.05340729813816969f,-0.24305888914609855f,0.9685401576148742f,1.501626524308924f,-0.5044802659615103f,0.8436137238636836f,0.18389003824093536f,2.8595319511022277f,-0.8617698774968785f,-0.4787883262109818f,-0.16767354270457224f,0.743536913837943f,0f,0f,0f,1f],start_interpolation:0}
execute if entity @s[tag=aj.attack.bone.left_arm] run data modify entity @s {} merge value {transformation:[-1.0784293845022337f,-4.636261363158334e-17f,0.9881984639958196f,1.280836862624834f,0.25576458282317566f,1.4128778172222636f,0.2791180635073674f,2.724811849576673f,-0.95452641787275f,0.37857947012855286f,-1.0416827943197315f,0.4865315818314352f,0f,0f,0f,1f],start_interpolation:0}
execute if entity @s[tag=aj.attack.bone.chest] run data modify entity @s {} merge value {transformation:[-1.5228177696845095f,-6.546725534540193e-17f,1.3954053947096015f,0.04196344720514364f,0.361157491789645f,1.995082364574302f,0.39413424101489525f,3.76077045806515f,-1.3478581088930954f,0.5345807084212589f,-1.4709290124701861f,-0.02139249637321705f,0f,0f,0f,1f],start_interpolation:0}
execute if entity @s[tag=aj.attack.bone.weist] run data modify entity @s {} merge value {transformation:[-1.600476227156664f,-6.622200769909015e-17f,1.342959011915162f,-0.04196344720514353f,0.3475833690757069f,2.018083070843716f,0.41423372882197296f,0.22892341232916258f,-1.2971987932565037f,0.5407437290914938f,-1.5459413221723113f,-0.8545140463559453f,0f,0f,0f,1f],start_interpolation:0}
execute if entity @s[tag=aj.attack.bone.right_foot] run data modify entity @s {} merge value {transformation:[-0.6598336457987396f,0.031446035459049136f,0.9202781422623553f,-2.309280886509769f,-0.005546233953544856f,1.1320029791871684f,-0.042657318250309904f,-6.6798696802053765f,-0.9207985401600487f,-0.02935224634136032f,-0.659203797375167f,-1.5675596164837184f,0f,0f,0f,1f],start_interpolation:0}
execute if entity @s[tag=aj.attack.bone.right_knee] run data modify entity @s {} merge value {transformation:[-1.7905086080423611f,-0.3440280120676879f,2.5322493896961915f,-2.8584035044154077f,0.3920425640952527f,3.018363151183842f,0.6872771171012063f,-2.85313402183641f,-2.52526134739389f,0.712525041430882f,-1.688764789089971f,-0.6264302102454846f,0f,0f,0f,1f],start_interpolation:0}
execute if entity @s[tag=aj.attack.bone.right_thigh] run data modify entity @s {} merge value {transformation:[-1.3672495600741206f,1.7271868313279968f,0.9082073872242623f,-0.392425475384606f,0.299367465133618f,1.2814668985264055f,-1.986355475952135f,-1.284015059131347f,-1.9283138046855968f,-1.0256971315708714f,-0.9523327322898713f,-2.033447890691559f,0f,0f,0f,1f],start_interpolation:0}
execute if entity @s[tag=aj.attack.bone.right_leg] run data modify entity @s {} merge value {transformation:[-0.8709108204190118f,-3.6035188824684296e-17f,0.7307809482018953f,-0.3734449999999998f,0.18914002719272918f,1.0981546324025329f,0.2254083069103016f,-1.2799262492629107f,-0.7058801912282247f,0.2942496469167551f,-0.8412352538373243f,-2.0124853183772142f,0f,0f,0f,1f],start_interpolation:0}
execute if entity @s[tag=aj.attack.bone.left_foot] run data modify entity @s {} merge value {transformation:[-1.0263798710899832f,-0.41322500953894215f,0.24304444884187562f,1.4782852222012586f,0.0848476518639258f,0.4086649487561583f,1.0531262925363247f,-5.617991423931246f,-0.47183300922517935f,0.9723781175806393f,-0.33931631298221504f,-1.3154748369700962f,0f,0f,0f,1f],start_interpolation:0}
execute if entity @s[tag=aj.attack.bone.left_knee] run data modify entity @s {} merge value {transformation:[-2.598253078223215f,-1.5462763471445544f,0.7711509060765322f,-0.49175103097899786f,-0.2581404728779789f,1.7243268932134788f,2.587783526839303f,-3.5103551618730062f,-1.7085103915234752f,2.091002042987959f,-1.5637346381193515f,1.4245967963685475f,0f,0f,0f,1f],start_interpolation:0}
execute if entity @s[tag=aj.attack.bone.left_thigh] run data modify entity @s {} merge value {transformation:[-1.8625934812351563f,0.8421771923349679f,1.2242832468083262f,0.6902909622222215f,-0.5897784776633987f,1.382890793033417f,-1.848556401593659f,-1.8018648869461713f,-1.3639256720913315f,-1.7480666461261265f,-0.8725572358052002f,-1.0667318488849082f,0f,0f,0f,1f],start_interpolation:0}
execute if entity @s[tag=aj.attack.bone.left_leg] run data modify entity @s {} merge value {transformation:[-0.8709108204190118f,-3.6035188824684296e-17f,0.7307809482018953f,0.7484450000000001f,0.18914002719272918f,1.0981546324025329f,0.2254083069103016f,-1.5829394681895907f,-0.7058801912282247f,0.2942496469167551f,-0.8412352538373243f,-1.12310604655012f,0f,0f,0f,1f],start_interpolation:0}