# This file was generated by Animated Java via MC-Build. It is not recommended to edit this file directly.
$data merge entity $(bone_right_thumb) { transformation: [-0.9502341075224301f,-0.44593937929798577f,0.026328898426999467f,-0.4778171379266934f,0.11822133947288449f,-0.19135871471060947f,1.0256244718207255f,10.613102742053574f,-0.4307886439941162f,0.9311390402596339f,0.22338583641332355f,0.6141100043936376f,0f,0f,0f,1f], start_interpolation: 0, interpolation_duration: 1 }
$data merge entity $(bone_right_fingers_2) { transformation: [0.840526599889702f,-0.5375561414952219f,-0.06744204637038795f,0.4363934362798027f,0.26787173727546765f,0.3041519245633192f,0.9141861621975318f,11.369704397667931f,-0.470913757759188f,-0.7864636047047556f,0.39964388050853805f,-0.11783797776545946f,0f,0f,0f,1f], start_interpolation: 0, interpolation_duration: 1 }
$data merge entity $(bone_right_fingers) { transformation: [-0.2176605112578926f,-0.973691672050412f,-0.06744204637038795f,-0.4926717112626337f,0.3774268490858346f,-0.147691010002934f,0.9141861621975318f,11.412659667083618f,-0.9000960367805713f,0.173527788391329f,0.39964388050853805f,-0.3723981565063488f,0f,0f,0f,1f], start_interpolation: 0, interpolation_duration: 1 }
$data merge entity $(bone_right_hand) { transformation: [-1.0320123222387074f,-0.18009975872536793f,-0.07081414868890736f,-0.8466693181947091f,0.0083856158371414f,-0.4254766357044194f,0.9598954703074084f,10.748849579962425f,-0.1933397222365399f,0.9428858411158337f,0.419626074533965f,0.9294556896968569f,0f,0f,0f,1f], start_interpolation: 0, interpolation_duration: 1 }
$data merge entity $(bone_right_forearm) { transformation: [-3.073574178442828f,-2.953399406421105f,0.3258814443336023f,-5.326469595700475f,2.3063675884793775f,-2.0757361957340055f,2.940682368521214f,7.258680980567963f,-1.8733486905595862f,2.290060303108015f,3.0857435881335813f,3.8541210225101956f,0f,0f,0f,1f], start_interpolation: 0, interpolation_duration: 1 }
$data merge entity $(bone_right_bicep) { transformation: [-2.5882729923729086f,-0.0020354961533882244f,-2.5021668157236046f,-4.2f,1.9422042850352657f,-2.2713473974572373f,-2.007192944202149f,4.9281958283089216f,-1.5775567920501783f,-2.793022888703143f,1.6341167984684288f,0.1636744347564385f,0f,0f,0f,1f], start_interpolation: 0, interpolation_duration: 1 }
$data merge entity $(bone_right_arm) { transformation: [-1.2000000000000002f,1.379809077247701e-16f,-5.057479583527011e-17f,-4.325f,0f,-0.41297454801239225f,-1.126699615112192f,4.478036487301361f,-1.469576158976824e-16f,-1.126699615112192f,0.41297454801239225f,-1.1134711152316674f,0f,0f,0f,1f], start_interpolation: 0, interpolation_duration: 1 }
$data merge entity $(bone_left_thumb) { transformation: [-1.025826967517127f,0.1329142193880153f,-0.18031318032548502f,0.5919069562355318f,-0.22390350487692237f,-0.6340534575570235f,0.806438735096359f,10.570039525176155f,-0.0068009718751292384f,0.8263231953929769f,0.647799138265169f,0.48086140796894883f,0f,0f,0f,1f], start_interpolation: 0, interpolation_duration: 1 }
$data merge entity $(bone_left_fingers_2) { transformation: [-0.3335658916880166f,0.9269539842266843f,-0.1717268384052237f,-0.1490077791372013f,-0.6345948313942729f,-0.08607400707747642f,0.7680368905679604f,11.890423674841667f,0.6971536386407611f,0.3651678743152277f,0.6169515602525415f,-0.8220588429640122f,0f,0f,0f,1f], start_interpolation: 0, interpolation_duration: 1 }
$data merge entity $(bone_left_fingers) { transformation: [-0.910925742748606f,0.37513222224869736f,-0.1717268384052237f,0.5790571233395536f,-0.36226598893916184f,-0.5280934462617672f,0.7680368905679604f,11.601661344269745f,0.19742756761868657f,0.7618353679412133f,0.6169515602525415f,-0.2596124878567878f,0f,0f,0f,1f], start_interpolation: 0, interpolation_duration: 1 }
$data merge entity $(bone_left_hand) { transformation: [-1.0258269675171263f,0.1329142193880152f,-0.1803131803254849f,0.880091004265088f,-0.22390350487692223f,-0.634053457557023f,0.8064387350963584f,10.67041916890545f,-0.006800971875129234f,0.8263231953929764f,0.6477991382651686f,0.8818550709066013f,0f,0f,0f,1f], start_interpolation: 0, interpolation_duration: 1 }
$data merge entity $(bone_left_forearm) { transformation: [-3.0738976359831853f,2.949260754569789f,-0.35866324742216427f,5.358582603842519f,-2.304810883362218f,-2.0415469013525716f,2.965730608385189f,7.227365525378827f,1.8747333451539308f,2.3258487163038244f,3.058010404402805f,3.863809008815842f,0f,0f,0f,1f], start_interpolation: 0, interpolation_duration: 1 }
$data merge entity $(bone_left_bicep) { transformation: [-2.5885453776700516f,-0.02472500424225766f,2.5017636782694384f,4.2f,-1.9408933754629207f,-2.2516909714781694f,-2.0304730173158805f,4.9281958283089216f,1.5787228169717316f,-2.808785581551025f,1.605726572005309f,0.1636744347564396f,0f,0f,0f,1f], start_interpolation: 0, interpolation_duration: 1 }
$data merge entity $(bone_left_arm) { transformation: [-1.2000000000000002f,1.379809077247701e-16f,-5.057479583527011e-17f,4.325f,0f,-0.41297454801239225f,-1.126699615112192f,4.478036487301361f,-1.469576158976824e-16f,-1.126699615112192f,0.41297454801239225f,-1.1134711152316663f,0f,0f,0f,1f], start_interpolation: 0, interpolation_duration: 1 }
$data merge entity $(bone_waist) { transformation: [-5.023832916666667f,0f,6.152420900846945e-16f,0.0000012500000003321243f,0f,5.023832916666667f,0f,0.5811891666666664f,-6.152420900846945e-16f,0f,-5.023832916666667f,-2.712f,0f,0f,0f,1f], start_interpolation: 0, interpolation_duration: 1 }
$data merge entity $(bone_hip) { transformation: [-4.3939320833333335f,0f,5.381014861525028e-16f,1.5438180749623837e-16f,0f,4.3939320833333335f,0f,-2.77446125f,-5.381014861525028e-16f,0f,-4.3939320833333335f,-1.260623125f,0f,0f,0f,1f], start_interpolation: 0, interpolation_duration: 1 }
$data merge entity $(bone_right_foot) { transformation: [-2.04f,0f,2.4982794702606004e-16f,-2.025f,0f,2.04f,0f,-10.889125882352943f,-2.4982794702606004e-16f,0f,-2.04f,-2.0508325000000003f,0f,0f,0f,1f], start_interpolation: 0, interpolation_duration: 1 }
$data merge entity $(bone_right_knee) { transformation: [-2.85f,0f,3.4902433775699566e-16f,-2.019375f,0f,2.85f,0f,-7.210252757352943f,-3.4902433775699566e-16f,0f,-2.85f,-0.6933781250000004f,0f,0f,0f,1f], start_interpolation: 0, interpolation_duration: 1 }
$data merge entity $(bone_right_thigh) { transformation: [-3.8250000000000006f,0f,4.684274006738627e-16f,-1.6874999999999996f,0f,3.8250000000000006f,0f,-3.6042021323529427f,-4.684274006738627e-16f,0f,-3.8250000000000006f,-2.5622187500000004f,0f,0f,0f,1f], start_interpolation: 0, interpolation_duration: 1 }
$data merge entity $(bone_right_leg) { transformation: [-1.7250000000000003f,0f,2.1125157285291847e-16f,-1.6701387499999996f,0f,1.7250000000000003f,0f,-3.611800257352943f,-2.1125157285291847e-16f,0f,-1.7250000000000003f,-2.5151250000000003f,0f,0f,0f,1f], start_interpolation: 0, interpolation_duration: 1 }
$data merge entity $(bone_left_foot) { transformation: [-2.04f,0f,2.4982794702606004e-16f,2.025f,0f,2.04f,0f,-10.889125882352943f,-2.4982794702606004e-16f,0f,-2.04f,-1.9883324999999996f,0f,0f,0f,1f], start_interpolation: 0, interpolation_duration: 1 }
$data merge entity $(bone_left_knee) { transformation: [-2.85f,0f,3.4902433775699566e-16f,2.019375f,0f,2.85f,0f,-7.210252757352943f,-3.4902433775699566e-16f,0f,-2.85f,-0.6933781249999995f,0f,0f,0f,1f], start_interpolation: 0, interpolation_duration: 1 }
$data merge entity $(bone_left_thigh) { transformation: [-3.8250000000000006f,0f,4.684274006738627e-16f,1.6875000000000004f,0f,3.8250000000000006f,0f,-3.6042021323529427f,-4.684274006738627e-16f,0f,-3.8250000000000006f,-2.5622187499999995f,0f,0f,0f,1f], start_interpolation: 0, interpolation_duration: 1 }
$data merge entity $(bone_left_leg) { transformation: [-1.7250000000000003f,0f,2.1125157285291847e-16f,1.6701387500000004f,0f,1.7250000000000003f,0f,-3.611800257352943f,-2.1125157285291847e-16f,0f,-1.7250000000000003f,-2.5151249999999994f,0f,0f,0f,1f], start_interpolation: 0, interpolation_duration: 1 }
data modify entity @s data merge value {"locators":{"consume":{"posx":0.40729565347318686,"posy":10.636818516235662,"posz":-0.847128283352337,"rotx":189.5787214438194,"roty":66.09041440832347}},"cameras":{}}