# This file was generated by Animated Java via MC-Build. It is not recommended to edit this file directly.
$data merge entity $(bone_right_thumb) { transformation: [-0.9981200800498448f,-0.17570585907666056f,0.27456102579831954f,-0.9196687218653381f,0.17271129833536408f,0.46500286110654865f,0.9254421357329902f,9.548483910205697f,-0.2764545409802589f,0.9248782569878361f,-0.41312600562363255f,-3.1124540522254387f,0f,0f,0f,1f], start_interpolation: 0, interpolation_duration: 1 }
$data merge entity $(bone_right_fingers_2) { transformation: [0.6962713912545744f,-0.6835310097894214f,0.21906964275470195f,-0.14445251997277897f,-0.29214061981977213f,0.0089162751431216f,0.9563338111187388f,9.489657960050561f,-0.6556371008200637f,-0.7298670143894883f,-0.1934790255672064f,-4.2698451856664f,0f,0f,0f,1f], start_interpolation: 0, interpolation_duration: 1 }
$data merge entity $(bone_right_fingers) { transformation: [-0.4041702049470074f,-0.8880624623619787f,0.21906964275470195f,-1.083800394429428f,-0.09153941870512003f,0.2775719303788429f,0.9563338111187388f,9.685949442933069f,-0.9100917427689487f,0.36646812468390955f,-0.1934790255672064f,-4.364202552367564f,0f,0f,0f,1f], start_interpolation: 0, interpolation_duration: 1 }
$data merge entity $(bone_right_hand) { transformation: [-1.0238885725494613f,0.0352356781876645f,0.23002312489243706f,-1.1475980169805013f,0.23248302664637444f,0.20033325312548164f,1.004150501674676f,9.934732848014459f,-0.010189863785523957f,1.0301092343411047f,-0.2031529768455667f,-2.8827106505792006f,0f,0f,0f,1f], start_interpolation: 0, interpolation_duration: 1 }
$data merge entity $(bone_right_forearm) { transformation: [-3.3856697817770547f,-2.426340474751807f,0.9621522900990682f,-4.941803678031068f,1.2349740665084985f,-0.10080052319261697f,4.09149157515637f,9.196955048922195f,-2.299500855362565f,3.518285968352383f,0.7807590288184704f,2.2028809579082926f,0f,0f,0f,1f], start_interpolation: 0, interpolation_duration: 1 }
$data merge entity $(bone_right_bicep) { transformation: [-2.8510903425490994f,-0.1519432624136511f,-2.1927601564307846f,-4.0625f,1.0399781612703147f,-3.2572114911364727f,-1.1265073129320278f,5.509199342896718f,-1.936421772936897f,-1.5256102211953153f,2.623506083522641f,-0.23571981025330824f,0f,0f,0f,1f], start_interpolation: 0, interpolation_duration: 1 }
$data merge entity $(bone_right_arm) { transformation: [-1.2000000000000002f,9.385558994309121e-17f,-1.130825764950776e-16f,-4.1375f,0f,-0.9233893117085684f,-0.7663890519979893f,4.478036487301361f,-1.469576158976824e-16f,-0.7663890519979893f,0.9233893117085684f,-1.1134711152316672f,0f,0f,0f,1f], start_interpolation: 0, interpolation_duration: 1 }
$data merge entity $(bone_left_thumb) { transformation: [-0.997052516388841f,0.08559582476705015f,-0.31789878003089256f,0.6242439464940965f,-0.3180622697239369f,0.01128682868954598f,1.0006043174383128f,9.401667182467227f,0.0849863056070744f,1.046444438219528f,0.015210706054608322f,-3.4006751925818177f,0f,0f,0f,1f], start_interpolation: 0, interpolation_duration: 1 }
$data merge entity $(bone_left_fingers_2) { transformation: [-0.41072661739090477f,0.8600230103511192f,-0.3027607428865641f,-0.06217615645543273f,-0.14417636440251502f,0.2666216397464025f,0.9529564927983925f,9.566153700905579f,0.9002870773893731f,0.4350555400009733f,0.014486386718674582f,-5.26929547385631f,0f,0f,0f,1f], start_interpolation: 0, interpolation_duration: 1 }
$data merge entity $(bone_left_fingers) { transformation: [-0.8961189963004903f,0.32450990283222114f,-0.3027607428865641f,0.6159996152352016f,-0.2898126804483867f,0.08878363072497386f,0.9529564927983925f,9.771878041296437f,0.3361240168758003f,0.941706318275031f,0.014486386718674582f,-4.615412298807605f,0f,0f,0f,1f], start_interpolation: 0, interpolation_duration: 1 }
$data merge entity $(bone_left_hand) { transformation: [-0.9970525163888404f,0.08559582476705009f,-0.31789878003089234f,0.8548866393830004f,-0.31806226972393675f,0.011286828689545973f,1.0006043174383121f,9.759419659804479f,0.08498630560707435f,1.0464444382195273f,0.015210706054608312f,-3.130973228728953f,0f,0f,0f,1f], start_interpolation: 0, interpolation_duration: 1 }
$data merge entity $(bone_left_forearm) { transformation: [-3.258939431079103f,2.574273337483182f,-1.013930751324274f,4.8750232548564805f,-1.1374759978230888f,0.18151957598718152f,4.116894946183324f,9.43637331944608f,2.5221195726876595f,3.4081948928218044f,0.5465761004738411f,1.8225807825250364f,0f,0f,0f,1f], start_interpolation: 0, interpolation_duration: 1 }
$data merge entity $(bone_left_bicep) { transformation: [-2.7443700472245083f,0.2299763421095449f,2.3185219269972124f,4.0625f,-0.9578745244826014f,-3.3770302173060034f,-0.7988387238669665f,5.509199342896718f,2.123890166473819f,-1.2258783762968033f,2.635585848968638f,-0.23571981025330735f,0f,0f,0f,1f], start_interpolation: 0, interpolation_duration: 1 }
$data merge entity $(bone_left_arm) { transformation: [-1.2000000000000002f,9.385558994309121e-17f,-1.130825764950776e-16f,4.1375f,0f,-0.9233893117085684f,-0.7663890519979893f,4.478036487301361f,-1.469576158976824e-16f,-0.7663890519979893f,0.9233893117085684f,-1.1134711152316663f,0f,0f,0f,1f], start_interpolation: 0, interpolation_duration: 1 }
$data merge entity $(bone_waist) { transformation: [-5.023832916666667f,0f,6.152420900846945e-16f,0.0000012500000003321243f,0f,5.023832916666667f,0f,0.4561891666666664f,-6.152420900846945e-16f,0f,-5.023832916666667f,-2.712f,0f,0f,0f,1f], start_interpolation: 0, interpolation_duration: 1 }
data modify entity @s data merge value {"locators":{"consume":{"posx":-0.5196182473857593,"posy":8.539500207576216,"posz":-4.431967572700429,"rotx":48.549540250239914,"roty":73.00569483441595}},"cameras":{}}