# This file was generated by Animated Java via MC-Build. It is not recommended to edit this file directly.
$data merge entity $(bone_right_thumb) { transformation: [-0.65076584542607f,-0.7839769214757991f,-0.2537400264448298f,-0.30476288621092773f,0.7584402317375468f,-0.6962716884532653f,0.20609257808164042f,4.4207974334804865f,-0.3221369728994024f,-0.055551079663400775f,0.9978185447462088f,6.077509591368493f,0f,0f,0f,1f], start_interpolation: 0, interpolation_duration: 1 }
$data merge entity $(bone_right_fingers_2) { transformation: [0.9036800476413868f,-0.159155111949167f,-0.39753241608114065f,0.7000817594981811f,0.19373436554332363f,0.9798740941218071f,0.04810151012695507f,4.999949062031048f,0.38187611486238127f,-0.1204840653755336f,0.916326482695004f,6.851360686213685f,0f,0f,0f,1f], start_interpolation: 0, interpolation_duration: 1 }
$data merge entity $(bone_right_fingers) { transformation: [0.159519895155867f,-0.9036157265199363f,-0.39753241608114065f,-0.00038351389080970577f,0.9870415110157739f,0.15308592441894947f,0.04810151012695507f,5.5724720802262375f,0.01739133638220533f,-0.40005414449877086f,0.916326482695004f,6.517633428468719f,0f,0f,0f,1f], start_interpolation: 0, interpolation_duration: 1 }
$data merge entity $(bone_right_hand) { transformation: [-0.812475776677235f,-0.5178347306229043f,-0.4174090368851977f,-0.7942455472697265f,0.5451152548890073f,-0.895990202901214f,0.050506585633302827f,4.343965313957942f,-0.38109378268349753f,-0.1776196725189681f,0.9621428068297543f,6.169300582552532f,0f,0f,0f,1f], start_interpolation: 0, interpolation_duration: 1 }
$data merge entity $(bone_right_forearm) { transformation: [-2.4401536805899338f,-3.479833571899037f,-0.46047076670271736f,-5.932322416143494f,3.269861003294494f,-2.0495271805723396f,-1.839313011759857f,1.6112609580739168f,1.2764341088506383f,-1.4020776183862231f,3.831516581953299f,3.5356628549261924f,0f,0f,0f,1f], start_interpolation: 0, interpolation_duration: 1 }
$data merge entity $(bone_right_bicep) { transformation: [-2.0548662573388925f,0.2595741406528167f,-2.94451115296825f,-4.415277777777778f,2.7535671606690486f,1.4721374933270626f,-1.791836792909921f,3.615665516526377f,1.07489188113738f,-3.274970605401683f,-1.0388334696282562f,-0.2060518246373919f,0f,0f,0f,1f], start_interpolation: 0, interpolation_duration: 1 }
$data merge entity $(bone_right_arm) { transformation: [-1.2000000000000002f,9.714563722221275e-17f,1.1026906202113534e-16f,-4.540277777777778f,0f,0.900415222559753f,-0.7932543267973208f,4.642820350864935f,-1.469576158976824e-16f,-0.7932543267973208f,-0.900415222559753f,-1.088490000628045f,0f,0f,0f,1f], start_interpolation: 0, interpolation_duration: 1 }
$data merge entity $(bone_left_thumb) { transformation: [-0.9531411435179794f,0.43979509183069027f,-0.024540532489634524f,0.5506467663818431f,-0.42496989516230976f,-0.9335391095864052f,-0.22451128942295717f,4.399416535738397f,-0.1158557238075673f,-0.19386853296566278f,1.0254230557125033f,6.017553283751288f,0f,0f,0f,1f], start_interpolation: 0, interpolation_duration: 1 }
$data merge entity $(bone_left_fingers_2) { transformation: [-0.0040239398480549915f,0.9997187407113701f,-0.023371935704413815f,-0.6691213938024574f,-0.9768321932448014f,-0.00893061954153973f,-0.21382027564091144f,5.8487389577956606f,-0.2139688625680154f,0.021970059287045485f,0.9765933863928596f,6.651272685690547f,0f,0f,0f,1f], start_interpolation: 0, interpolation_duration: 1 }
$data merge entity $(bone_left_fingers) { transformation: [-0.7684155246803013f,0.6395243029406512f,-0.023371935704413815f,0.2210088753558379f,-0.6210543790872793f,-0.7540373650830302f,-0.21382027564091144f,5.482630237520925f,-0.15436657554927793f,-0.149787576276925f,0.9765933863928596f,6.592616083196086f,0f,0f,0f,1f], start_interpolation: 0, interpolation_duration: 1 }
$data merge entity $(bone_left_hand) { transformation: [-0.9531411435179787f,0.43979509183069f,-0.024540532489634507f,0.9436540515613236f,-0.4249698951623095f,-0.9335391095864046f,-0.22451128942295703f,4.205171398945906f,-0.11585572380756723f,-0.19386853296566264f,1.0254230557125026f,6.26602086062682f,0f,0f,0f,1f], start_interpolation: 0, interpolation_duration: 1 }
$data merge entity $(bone_left_forearm) { transformation: [-2.4400559599012555f,3.4635705178306466f,0.5704657575742019f,6.041307090681039f,-3.2720909977220534f,-1.9927409517785628f,-1.8968471213387126f,1.5654240747878796f,-1.2708943367474157f,-1.5193050276751585f,3.7884251104785385f,3.464374515198103f,0f,0f,0f,1f], start_interpolation: 0, interpolation_duration: 1 }
$data merge entity $(bone_left_bicep) { transformation: [-2.0547839662326366f,-0.3527107170471089f,2.9348693330697695f,4.415277777777778f,-2.7554450507133086f,1.5226270346877564f,-1.7461756743631223f,3.615665516526377f,-1.070226809892561f,-3.2430235989456024f,-1.1390401714027067f,-0.2060518246373908f,0f,0f,0f,1f], start_interpolation: 0, interpolation_duration: 1 }
$data merge entity $(bone_left_arm) { transformation: [-1.2000000000000002f,9.714563722221275e-17f,1.1026906202113534e-16f,4.540277777777778f,0f,0.900415222559753f,-0.7932543267973208f,4.642820350864935f,-1.469576158976824e-16f,-0.7932543267973208f,-0.900415222559753f,-1.0884900006280438f,0f,0f,0f,1f], start_interpolation: 0, interpolation_duration: 1 }
$data merge entity $(bone_waist) { transformation: [-5.023832916666667f,0f,6.152420900846945e-16f,0.0000012500000003321243f,0f,5.023832916666667f,0f,0.7478558333333343f,-6.152420900846945e-16f,0f,-5.023832916666667f,-2.712f,0f,0f,0f,1f], start_interpolation: 0, interpolation_duration: 1 }
$data merge entity $(bone_hip) { transformation: [-4.3939320833333335f,0f,5.381014861525028e-16f,1.5438180749623837e-16f,0f,4.3939320833333335f,0f,-2.3855723611111106f,-5.381014861525028e-16f,0f,-4.3939320833333335f,-1.260623125f,0f,0f,0f,1f], start_interpolation: 0, interpolation_duration: 1 }
$data merge entity $(bone_right_foot) { transformation: [-2.04f,0f,2.4982794702606004e-16f,-2.025f,0f,2.04f,0f,-10.418537647058827f,-2.4982794702606004e-16f,0f,-2.04f,-2.0508325000000003f,0f,0f,0f,1f], start_interpolation: 0, interpolation_duration: 1 }
$data merge entity $(bone_right_knee) { transformation: [-2.85f,0f,3.4902433775699566e-16f,-2.019375f,0f,2.85f,0f,-6.739664522058825f,-3.4902433775699566e-16f,0f,-2.85f,-0.6933781250000004f,0f,0f,0f,1f], start_interpolation: 0, interpolation_duration: 1 }
$data merge entity $(bone_right_thigh) { transformation: [-3.8250000000000006f,0f,4.684274006738627e-16f,-1.6874999999999996f,0f,3.8250000000000006f,0f,-3.133613897058825f,-4.684274006738627e-16f,0f,-3.8250000000000006f,-2.5622187500000004f,0f,0f,0f,1f], start_interpolation: 0, interpolation_duration: 1 }
$data merge entity $(bone_right_leg) { transformation: [-1.7250000000000003f,0f,2.1125157285291847e-16f,-1.6701387499999996f,0f,1.7250000000000003f,0f,-3.1412120220588253f,-2.1125157285291847e-16f,0f,-1.7250000000000003f,-2.5151250000000003f,0f,0f,0f,1f], start_interpolation: 0, interpolation_duration: 1 }
$data merge entity $(bone_left_foot) { transformation: [-2.04f,0f,2.4982794702606004e-16f,2.025f,0f,2.04f,0f,-10.418537647058827f,-2.4982794702606004e-16f,0f,-2.04f,-1.9883324999999996f,0f,0f,0f,1f], start_interpolation: 0, interpolation_duration: 1 }
$data merge entity $(bone_left_knee) { transformation: [-2.85f,0f,3.4902433775699566e-16f,2.019375f,0f,2.85f,0f,-6.739664522058825f,-3.4902433775699566e-16f,0f,-2.85f,-0.6933781249999995f,0f,0f,0f,1f], start_interpolation: 0, interpolation_duration: 1 }
$data merge entity $(bone_left_thigh) { transformation: [-3.8250000000000006f,0f,4.684274006738627e-16f,1.6875000000000004f,0f,3.8250000000000006f,0f,-3.133613897058825f,-4.684274006738627e-16f,0f,-3.8250000000000006f,-2.5622187499999995f,0f,0f,0f,1f], start_interpolation: 0, interpolation_duration: 1 }
$data merge entity $(bone_left_leg) { transformation: [-1.7250000000000003f,0f,2.1125157285291847e-16f,1.6701387500000004f,0f,1.7250000000000003f,0f,-3.1412120220588253f,-2.1125157285291847e-16f,0f,-1.7250000000000003f,-2.5151249999999994f,0f,0f,0f,1f], start_interpolation: 0, interpolation_duration: 1 }
data modify entity @s data merge value {"locators":{"consume":{"posx":1.1340536841834776,"posy":5.336480247743625,"posz":5.974863181586407,"roty":203.452778029542,"rotx":2.757077416709793}},"cameras":{}}