# This file was generated by Animated Java via MC-Build. It is not recommended to edit this file directly.
$data merge entity $(bone_right_thumb) { transformation: [-0.8920304862393565f,0.2906594874885984f,0.47148560312319615f,-7.943478275220156f,0.11536509640626401f,0.9717037082753012f,-0.3807660671005277f,-6.499192446397845f,-0.5417310274949664f,-0.2716780551625314f,-0.8574488487323043f,-1.6383258372847818f,0f,0f,0f,1f], start_interpolation: 0, interpolation_duration: 1 }
$data merge entity $(bone_right_fingers_2) { transformation: [-0.822193711818215f,0.3498085904456679f,0.44903390773637697f,-8.575458218146256f,0.1901101483906198f,0.9123346206052374f,-0.36263434961954993f,-8.485452809790893f,-0.5365217905411509f,-0.21278977911429958f,-0.8166179511736226f,-1.5170869990634066f,0f,0f,0f,1f], start_interpolation: 0, interpolation_duration: 1 }
$data merge entity $(bone_right_fingers) { transformation: [-0.7695005473192923f,0.4541337439326753f,0.44903390773637697f,-8.531892140403174f,0.3075672937750196f,0.879715117680671f,-0.36263434961954993f,-7.596498045096911f,-0.5597064118582353f,-0.14093918669332f,-0.8166179511736226f,-1.88812542206993f,0f,0f,0f,1f], start_interpolation: 0, interpolation_duration: 1 }
$data merge entity $(bone_right_hand) { transformation: [-0.7864070734940023f,0.5116299842719887f,0.4714856031231958f,-7.90683264755986f,0.36292955196953014f,0.9087350232339418f,-0.38076606710052746f,-6.241076766341162f,-0.5935874451719774f,-0.12221054267882053f,-0.8574488487323038f,-2.0695513349218495f,0f,0f,0f,1f], start_interpolation: 0, interpolation_duration: 1 }
$data merge entity $(bone_right_forearm) { transformation: [-3.930732084937518f,1.1491920909682078f,-1.2265104216837581f,-6.068778085658852f,1.2367853545880874f,4.090075230490592f,-0.13142144270912748f,-0.12410141061916224f,1.1381266463444093f,-0.47567546392834564f,-4.093168160471468f,-2.157429730814261f,0f,0f,0f,1f], start_interpolation: 0, interpolation_duration: 1 }
$data merge entity $(bone_right_bicep) { transformation: [-3.3100901767894895f,0.8000848195675665f,-1.1675475592108724f,-4.316236679878296f,1.0415034564952317f,3.3877462541354237f,-0.6312256868188248f,4.0263502832605385f,0.9584224390268712f,-0.9181718788380236f,-3.3463990839827877f,-2.305213930905559f,0f,0f,0f,1f], start_interpolation: 0, interpolation_duration: 1 }
$data merge entity $(bone_right_arm) { transformation: [-1.1947573439420367f,0.015557469063799277f,0.11096330137887471f,-4.051333407985796f,0.03273580974988691f,1.1849933748313446f,0.18633053524809115f,5.354032072979847f,-0.10715995453801415f,0.18854354075955462f,-1.1802406862082249f,-2.053556405806142f,0f,0f,0f,1f], start_interpolation: 0, interpolation_duration: 1 }
$data merge entity $(bone_left_thumb) { transformation: [-1.044175295074444f,-0.10386893044381983f,0.03753929201058663f,3.899355893352825f,-0.09800038956218421f,1.0359393097524903f,0.140448104847291f,-7.331322634699697f,-0.05093011684513695f,0.1361653105529908f,-1.0398870762732604f,-2.611929872054298f,0f,0f,0f,1f], start_interpolation: 0, interpolation_duration: 1 }
$data merge entity $(bone_left_fingers_2) { transformation: [-0.9944526619756603f,-0.09892279089887596f,0.03575170667674915f,3.871774895085178f,-0.09333370434493728f,0.9866088664309424f,0.13376009985456278f,-9.342855691199425f,-0.048504873185844684f,0.12968124814570545f,-0.9903686440697711f,-3.2253872284599323f,0f,0f,0f,1f], start_interpolation: 0, interpolation_duration: 1 }
$data merge entity $(bone_left_fingers) { transformation: [-0.9944526619756603f,-0.09892279089887596f,0.03575170667674915f,4.232370407823486f,-0.09333370434493728f,0.9866088664309424f,0.13376009985456278f,-8.458388984969222f,-0.048504873185844684f,0.12968124814570545f,-0.9903686440697711f,-3.093108696896759f,0f,0f,0f,1f], start_interpolation: 0, interpolation_duration: 1 }
$data merge entity $(bone_left_hand) { transformation: [-1.0441752950744434f,-0.10386893044381976f,0.03753929201058661f,4.184214800935233f,-0.09800038956218414f,1.0359393097524896f,0.14044810484729092f,-6.978486730627017f,-0.05093011684513692f,0.13616531055299072f,-1.0398870762732597f,-2.8316666775700092f,0f,0f,0f,1f], start_interpolation: 0, interpolation_duration: 1 }
$data merge entity $(bone_left_forearm) { transformation: [-4.252648253250474f,0.30841433422146197f,-0.30901202658217175f,4.744363085828918f,0.2720908583725185f,4.238578439594484f,0.48584398338858903f,-0.7517101034048079f,0.34142993265938854f,0.46363607479521896f,-4.236046764523815f,-1.5213074058014298f,0f,0f,0f,1f], start_interpolation: 0, interpolation_duration: 1 }
$data merge entity $(bone_left_bicep) { transformation: [-3.581177476421453f,0.1466947680835978f,-0.337117972509f,4.581786433081856f,0.2291291438926472f,3.472067485946322f,-0.9231723611836616f,3.7530293985895145f,0.2875199432921168f,-0.939802116432653f,-3.4632505344196525f,-1.5017712046789438f,0f,0f,0f,1f], start_interpolation: 0, interpolation_duration: 1 }
$data merge entity $(bone_left_arm) { transformation: [-1.1947573439420367f,0.009485225704880171f,0.11164640428557263f,4.3420127629220655f,0.03273580974988691f,1.1730735484577366f,0.25065278109128203f,5.079997215854802f,-0.10715995453801415f,0.25260340536521353f,-1.1682072862901125f,-1.2226490321610948f,0f,0f,0f,1f], start_interpolation: 0, interpolation_duration: 1 }
$data merge entity $(bone_chest) { transformation: [-6.03506574091171f,0.047912625092107926f,0.5639583577504476f,-1.447364127657288e-17f,0.1653580661581861f,5.925534603125639f,1.2661198691921387f,5.791906874999999f,-0.541295999316662f,1.2759730379453462f,-5.900953702038876f,0.11818624999999994f,0f,0f,0f,1f], start_interpolation: 0, interpolation_duration: 1 }
$data merge entity $(bone_waist) { transformation: [-5.023832916666667f,0f,6.152420900846945e-16f,0.0000012500000003321243f,0f,5.023832916666667f,0f,0.7895225000000003f,-6.152420900846945e-16f,0f,-5.023832916666667f,-2.712f,0f,0f,0f,1f], start_interpolation: 0, interpolation_duration: 1 }
$data merge entity $(bone_hip) { transformation: [-4.3939320833333335f,0f,5.381014861525028e-16f,1.5786091772108882e-16f,0f,4.3939320833333335f,0f,-2.52446125f,-5.381014861525028e-16f,0f,-4.3939320833333335f,-1.289032215909091f,0f,0f,0f,1f], start_interpolation: 0, interpolation_duration: 1 }
data modify entity @s data merge value {"locators":{"consume":{"posx":-8.490909833829402,"posy":-7.756612503039028,"posz":-0.6192979108692853,"rotx":28.805085349604667,"roty":-21.262068859248593}},"cameras":{}}