# This file was generated by Animated Java via MC-Build. It is not recommended to edit this file directly.
$data merge entity $(bone_right_thumb) { transformation: [-0.7213506565220247f,-0.7075490495498509f,-0.2855303360701764f,-0.4571818954236611f,0.339783113659783f,-0.6497202884100791f,0.7516056030259407f,9.109942610257225f,-0.6831549355797033f,0.423955055765853f,0.6753232149746267f,4.470457583861069f,0f,0f,0f,1f], start_interpolation: 0, interpolation_duration: 1 }
$data merge entity $(bone_right_fingers_2) { transformation: [0.8743385198674958f,-0.25755404806407733f,-0.4113369239464447f,0.4734668716260284f,0.4662997510593795f,0.6807581958023259f,0.5649184197828238f,10.128132698616636f,0.13452395637163228f,-0.6857362402365571f,0.7153105018020876f,4.673328735609361f,0f,0f,0f,1f], start_interpolation: 0, interpolation_duration: 1 }
$data merge entity $(bone_right_fingers) { transformation: [0.057019747460881454f,-0.9096981276213411f,-0.4113369239464447f,-0.2780712476707219f,0.7991873608250268f,-0.20534541944636975f,0.5649184197828238f,10.31054126743049f,-0.598371381916804f,-0.3609467762906609f,0.7153105018020876f,4.097372437426589f,0f,0f,0f,1f], start_interpolation: 0, interpolation_duration: 1 }
$data merge entity $(bone_right_hand) { transformation: [-0.8595625166123907f,-0.42084606849841627f,-0.43190377014376696f,-0.9372431101385104f,0.1219273988329663f,-0.8577818920042478f,0.593164340771965f,9.06269175417718f,-0.5905810608619283f,0.43542945740847533f,0.751076026892192f,4.616164903019319f,0f,0f,0f,1f], start_interpolation: 0, interpolation_duration: 1 }
$data merge entity $(bone_right_forearm) { transformation: [-2.778407162067026f,-3.2337105300026603f,-0.314952139101428f,-5.735311980638606f,3.132905420848407f,-2.776295524639437f,0.8675896402595498f,4.847892114649567f,-0.8608032677640791f,0.3330531008967537f,4.174172776274329f,4.483674148338639f,0f,0f,0f,1f], start_interpolation: 0, interpolation_duration: 1 }
$data merge entity $(bone_right_bicep) { transformation: [-2.339711294372233f,0.14618939134074263f,-2.7321017039719506f,-4.3875f,2.6382361438723434f,-0.8318856396581417f,-2.303839476112899f,4.2584105600746955f,-0.7248869623276457f,-3.4995135296766597f,0.4335250251801048f,0.22275814662447435f,0f,0f,0f,1f], start_interpolation: 0, interpolation_duration: 1 }
$data merge entity $(bone_right_arm) { transformation: [-1.2000000000000002f,1.4529746236627058e-16f,2.2026990267690867e-17f,-4.5125f,0f,0.17986402514608224f,-1.1864438176577305f,4.478036487301361f,-1.469576158976824e-16f,-1.1864438176577305f,-0.17986402514608224f,-1.1134711152316674f,0f,0f,0f,1f], start_interpolation: 0, interpolation_duration: 1 }
$data merge entity $(bone_left_thumb) { transformation: [-1.0288724972686822f,0.20924053169053836f,-0.011823039455557603f,0.6729665143230354f,-0.20305233300397196f,-0.9806038159367839f,0.3157307495823997f,9.152101093530085f,0.05187614505484051f,0.31166417193524315f,1.001336261955079f,4.395514358725312f,0f,0f,0f,1f], start_interpolation: 0, interpolation_duration: 1 }
$data merge entity $(bone_left_fingers_2) { transformation: [-0.23350855534636095f,0.9722895485059098f,-0.011260037576721518f,-0.1544103779956696f,-0.9281357127598978f,-0.21942206625718236f,0.3006959519832376f,10.956239283953513f,0.28989283068011906f,0.08066592034807818f,0.9536535828143602f,4.170785642304156f,0f,0f,0f,1f], start_interpolation: 0, interpolation_duration: 1 }
$data merge entity $(bone_left_fingers) { transformation: [-0.8949134118680567f,0.4460977435634982f,-0.011260037576721518f,0.6271311570277555f,-0.4285070817156484f,-0.8520349907019275f,0.3006959519832376f,10.420353098482305f,0.12454583966641503f,0.273921846166242f,0.9536535828143602f,4.3491866327822475f,0f,0f,0f,1f], start_interpolation: 0, interpolation_duration: 1 }
$data merge entity $(bone_left_hand) { transformation: [-1.0288724972686816f,0.20924053169053822f,-0.011823039455557594f,1.027350191208746f,-0.20305233300397182f,-0.9806038159367833f,0.3157307495823995f,9.021706311011362f,0.05187614505484048f,0.31166417193524293f,1.0013362619550783f,4.7291780312743885f,0f,0f,0f,1f], start_interpolation: 0, interpolation_duration: 1 }
$data merge entity $(bone_left_forearm) { transformation: [-2.778687575692905f,3.226049239494055f,0.3835709335308275f,5.803899314688391f,-3.131589580165176f,-2.7940644691397796f,0.8136187336163921f,4.788439131202993f,0.864677430080594f,0.24786094216409246f,4.179296937914169f,4.469212374228812f,0f,0f,0f,1f], start_interpolation: 0, interpolation_duration: 1 }
$data merge entity $(bone_left_bicep) { transformation: [-2.339947432162447f,-0.20420005689038134f,2.7281767449126786f,4.3875f,-2.6371280675075175f,-0.7871324035943323f,-2.3207710216167134f,4.2584105600746955f,0.7281494148047108f,-3.5069537943887683f,0.36204076254170997f,0.22275814662447546f,0f,0f,0f,1f], start_interpolation: 0, interpolation_duration: 1 }
$data merge entity $(bone_left_arm) { transformation: [-1.2000000000000002f,1.4529746236627058e-16f,2.2026990267690867e-17f,4.5125f,0f,0.17986402514608224f,-1.1864438176577305f,4.478036487301361f,-1.469576158976824e-16f,-1.1864438176577305f,-0.17986402514608224f,-1.1134711152316663f,0f,0f,0f,1f], start_interpolation: 0, interpolation_duration: 1 }
$data merge entity $(bone_waist) { transformation: [-5.023832916666667f,0f,6.152420900846945e-16f,0.0000012500000003321243f,0f,5.023832916666667f,0f,0.6645225000000003f,-6.152420900846945e-16f,0f,-5.023832916666667f,-2.712f,0f,0f,0f,1f], start_interpolation: 0, interpolation_duration: 1 }
$data merge entity $(bone_hip) { transformation: [-4.3939320833333335f,0f,5.381014861525028e-16f,1.5438180749623837e-16f,0f,4.3939320833333335f,0f,-2.52446125f,-5.381014861525028e-16f,0f,-4.3939320833333335f,-1.260623125f,0f,0f,0f,1f], start_interpolation: 0, interpolation_duration: 1 }
$data merge entity $(bone_right_foot) { transformation: [-2.04f,0f,2.4982794702606004e-16f,-2.025f,0f,2.04f,0f,-10.653831764705885f,-2.4982794702606004e-16f,0f,-2.04f,-2.0508325000000003f,0f,0f,0f,1f], start_interpolation: 0, interpolation_duration: 1 }
$data merge entity $(bone_right_knee) { transformation: [-2.85f,0f,3.4902433775699566e-16f,-2.019375f,0f,2.85f,0f,-6.974958639705883f,-3.4902433775699566e-16f,0f,-2.85f,-0.6933781250000004f,0f,0f,0f,1f], start_interpolation: 0, interpolation_duration: 1 }
$data merge entity $(bone_right_thigh) { transformation: [-3.8250000000000006f,0f,4.684274006738627e-16f,-1.6874999999999996f,0f,3.8250000000000006f,0f,-3.368908014705883f,-4.684274006738627e-16f,0f,-3.8250000000000006f,-2.5622187500000004f,0f,0f,0f,1f], start_interpolation: 0, interpolation_duration: 1 }
$data merge entity $(bone_right_leg) { transformation: [-1.7250000000000003f,0f,2.1125157285291847e-16f,-1.6701387499999996f,0f,1.7250000000000003f,0f,-3.3765061397058833f,-2.1125157285291847e-16f,0f,-1.7250000000000003f,-2.5151250000000003f,0f,0f,0f,1f], start_interpolation: 0, interpolation_duration: 1 }
$data merge entity $(bone_left_foot) { transformation: [-2.04f,0f,2.4982794702606004e-16f,2.025f,0f,2.04f,0f,-10.653831764705885f,-2.4982794702606004e-16f,0f,-2.04f,-1.9883324999999996f,0f,0f,0f,1f], start_interpolation: 0, interpolation_duration: 1 }
$data merge entity $(bone_left_knee) { transformation: [-2.85f,0f,3.4902433775699566e-16f,2.019375f,0f,2.85f,0f,-6.974958639705883f,-3.4902433775699566e-16f,0f,-2.85f,-0.6933781249999995f,0f,0f,0f,1f], start_interpolation: 0, interpolation_duration: 1 }
$data merge entity $(bone_left_thigh) { transformation: [-3.8250000000000006f,0f,4.684274006738627e-16f,1.6875000000000004f,0f,3.8250000000000006f,0f,-3.368908014705883f,-4.684274006738627e-16f,0f,-3.8250000000000006f,-2.5622187499999995f,0f,0f,0f,1f], start_interpolation: 0, interpolation_duration: 1 }
$data merge entity $(bone_left_leg) { transformation: [-1.7250000000000003f,0f,2.1125157285291847e-16f,1.6701387500000004f,0f,1.7250000000000003f,0f,-3.3765061397058833f,-2.1125157285291847e-16f,0f,-1.7250000000000003f,-2.5151249999999994f,0f,0f,0f,1f], start_interpolation: 0, interpolation_duration: 1 }
data modify entity @s data merge value {"locators":{"consume":{"posx":0.8810422710151613,"posy":9.89265181031318,"posz":3.7523163627029916,"rotx":209.9009114880738,"roty":34.39662642588863}},"cameras":{}}