# This file was generated by Animated Java via MC-Build. It is not recommended to edit this file directly.
$data merge entity $(bone_right_thumb_2) { transformation: [-0.9208842036335676f,-0.00632010324233831f,-0.3897849917495241f,-2.885934639606484f,0.36668164792015057f,0.32541731202049873f,-0.8715779610086046f,0.07596860961048207f,0.13235124697838335f,-0.9455493796372351f,-0.29735419635664706f,0.9356954807980588f,0f,0f,0f,1f], start_interpolation: 0, interpolation_duration: 1 }
$data merge entity $(bone_right_thumb) { transformation: [-0.9005902156677164f,-0.22532393622377567f,-0.37170739461059993f,-3.0834246846063174f,0.2932704661254918f,0.3161993588338964f,-0.9022252485779647f,0.2098801922103954f,0.3208265842197511f,-0.9215460320774309f,-0.21868519296063518f,0.718900277755705f,0f,0f,0f,1f], start_interpolation: 0, interpolation_duration: 1 }
$data merge entity $(bone_right_fingers2) { transformation: [0.641558109540223f,-0.6591938104988788f,-0.3922584763687636f,-2.9653201285258484f,-0.5609926507121485f,-0.0544496091502753f,-0.8260281386916187f,-0.36184342605860903f,0.523154315599263f,0.7499991735084451f,-0.4047354713964625f,1.3540460734466333f,0f,0f,0f,1f], start_interpolation: 0, interpolation_duration: 1 }
$data merge entity $(bone_right_fingers) { transformation: [-0.28847348368664943f,-0.873450821126493f,-0.3922584763687636f,-3.36733657750087f,-0.3073349716799946f,0.4724645269987128f,-0.8260281386916187f,-0.131233487864587f,0.9068231715125865f,-0.1177324670655384f,-0.4047354713964625f,1.252940682019278f,0f,0f,0f,1f], start_interpolation: 0, interpolation_duration: 1 }
$data merge entity $(bone_right_hand) { transformation: [-0.918351137704649f,0.052578280624541354f,-0.3922584763687636f,-3.3991356828598263f,0.376821544736679f,0.4191456041901471f,-0.8260281386916187f,0.16368378873707534f,0.1209822767963963f,-0.9063953259448352f,-0.4047354713964625f,0.6095908428197028f,0f,0f,0f,1f], start_interpolation: 0, interpolation_duration: 1 }
$data merge entity $(bone_right_forearm) { transformation: [-1.3824207528283243f,0.07914761935730696f,-0.5904781253501271f,-3.2433073060556956f,0.5672404619205109f,0.6309521030675506f,-1.2434442496598719f,1.0618718649750756f,0.1821181499113552f,-1.3644233206751002f,-0.6092601098776773f,-1.3611126977374752f,0f,0f,0f,1f], start_interpolation: 0, interpolation_duration: 1 }
$data merge entity $(bone_right_bicep) { transformation: [-1.3454797812055113f,0.8190225477833032f,-0.10858352837406028f,-2.1803562837502817f,0.6938282197784321f,1.2327820593986225f,0.7012524178271526f,2.9465375628502573f,0.4485428829562513f,0.549867818927315f,-1.4104463201064605f,-0.57273582296954f,0f,0f,0f,1f], start_interpolation: 0, interpolation_duration: 1 }
$data merge entity $(bone_right_shoulder) { transformation: [-0.9183496753369265f,0.3897490174740721f,-0.06877192149821834f,-1.795433125f,0.3216386591549435f,0.8362336371447234f,0.4441417308075399f,3.020525695710887f,0.230613197249359f,0.3857577056724889f,-0.8933132405649911f,-0.4956191868297382f,0f,0f,0f,1f], start_interpolation: 0, interpolation_duration: 1 }
$data merge entity $(bone_right_arm) { transformation: [-1.46271875f,-5.137545987470244e-17f,1.71605986742586e-16f,-1.4259925f,0f,1.4012692219672216f,0.419512466047125f,3.1005870690720605f,-1.7913138352403177e-16f,0.419512466047125f,-1.4012692219672216f,-0.4801649615955912f,0f,0f,0f,1f], start_interpolation: 0, interpolation_duration: 1 }
$data merge entity $(bone_left_thumb_2) { transformation: [-0.9862178620849448f,-0.001851211190044312f,0.16544153505613596f,2.6186584239083417f,-0.1427952767399905f,0.5145895617103862f,-0.8454626496300488f,-0.3962995253382985f,-0.08356935709547081f,-0.8574346365734491f,-0.5077617616154322f,0.8250458604850712f,0f,0f,0f,1f], start_interpolation: 0, interpolation_duration: 1 }
$data merge entity $(bone_left_thumb) { transformation: [-0.9862178620849448f,0.034000771883701174f,0.16192058552238908f,2.7739463564219156f,-0.1427952767399905f,0.3194001249184333f,-0.9367993750760294f,-0.28367707532408415f,-0.08356935709547081f,-0.9470097717095647f,-0.3101429587162151f,0.565938485717234f,0f,0f,0f,1f], start_interpolation: 0, interpolation_duration: 1 }
$data merge entity $(bone_left_fingers2) { transformation: [0.4643121861118295f,0.8700907934843543f,0.1653971127977172f,2.6691642767514727f,0.531488472339363f,-0.1243458029555462f,-0.8378890887568062f,-0.9232448045485862f,-0.7084731452909305f,0.4769487733301212f,-0.5201784982296639f,1.23818833760049f,0f,0f,0f,1f], start_interpolation: 0, interpolation_duration: 1 }
$data merge entity $(bone_left_fingers) { transformation: [-0.509134047575214f,0.8446456752259252f,0.1653971127977172f,3.045461286349401f,0.37918142885008016f,0.3926363698863121f,-0.8378890887568062f,-0.7270629350034498f,-0.772660317096f,-0.363882349619544f,-0.5201784982296639f,1.0262126228465411f,0f,0f,0f,1f], start_interpolation: 0, interpolation_duration: 1 }
$data merge entity $(bone_left_hand) { transformation: [-0.9833018880537939f,-0.0759025166119232f,0.1653971127977172f,3.058238885075455f,-0.1806963614933492f,0.5150637823467635f,-0.8378890887568062f,-0.3771213253221555f,-0.021592172028513854f,-0.8537845794382928f,-0.5201784982296639f,0.4103684854851861f,0f,0f,0f,1f], start_interpolation: 0, interpolation_duration: 1 }
$data merge entity $(bone_left_forearm) { transformation: [-1.480193011725778f,-0.1142582720793292f,0.24897709797686038f,2.8502126733997484f,-0.27200750326648215f,0.7753405342602351f,-1.2612988837373762f,0.7378070338279317f,-0.032503326326206075f,-1.2852268294786962f,-0.7830398652579783f,-1.4412137020768117f,0f,0f,0f,1f], start_interpolation: 0, interpolation_duration: 1 }
$data merge entity $(bone_left_bicep) { transformation: [-1.5266551167798945f,-0.4022024224104311f,-0.021483106418571377f,2.0640102813698173f,-0.3814581941573847f,1.416761994615885f,0.5832488789244699f,2.8173321106592564f,-0.1292979449349351f,0.5691421791289456f,-1.467059432816681f,-0.5803344339000501f,0f,0f,0f,1f], start_interpolation: 0, interpolation_duration: 1 }
$data merge entity $(bone_left_shoulder) { transformation: [-0.9964596592246433f,-0.08296392298953711f,-0.013606433040803714f,1.795433125f,-0.08211121408037794f,0.9256342311971539f,0.36940359846420057f,3.020525695710887f,-0.018052591507981924f,0.369213024578278f,-0.9291694390269225f,-0.49561918682973777f,0f,0f,0f,1f], start_interpolation: 0, interpolation_duration: 1 }
$data merge entity $(bone_left_arm) { transformation: [-1.46271875f,-5.137545987470244e-17f,1.71605986742586e-16f,1.4259925f,0f,1.4012692219672216f,0.419512466047125f,3.040712724552342f,-1.7913138352403177e-16f,0.419512466047125f,-1.4012692219672216f,-0.498090163640034f,0f,0f,0f,1f], start_interpolation: 0, interpolation_duration: 1 }
$data merge entity $(bone_chest) { transformation: [-2.06546125f,-7.254574508744606e-17f,2.423196639031427e-16f,-6.239719429272945e-19f,0f,1.97869021559404f,0.5923809635394892f,3.7536731232983485f,-2.529460508575391e-16f,0.5923809635394892f,-1.97869021559404f,0.005095117574811847f,0f,0f,0f,1f], start_interpolation: 0, interpolation_duration: 1 }
$data merge entity $(bone_weist) { transformation: [-2.0892733333333333f,-4.4430003031026705e-17f,2.519750684354215e-16f,1.5471542270054892e-16f,0f,2.057532576828326f,0.36279850698144644f,0.33846995244904576f,-2.5586219002105877e-16f,0.36279850698144644f,-2.057532576828326f,-1.2633472998767303f,0f,0f,0f,1f], start_interpolation: 0, interpolation_duration: 1 }
$data merge entity $(bone_right_foot) { transformation: [-0.8693986365141867f,0.08211519327019795f,0.7215845468560641f,-1.9250549061556297f,0.22957042575992828f,1.0989146854528347f,0.1515423574862909f,-7.147002018196368f,-0.6890026000267913f,0.26253525768988717f,-0.8600184928395586f,-2.5703096502988756f,0f,0f,0f,1f], start_interpolation: 0, interpolation_duration: 1 }
$data merge entity $(bone_right_knee) { transformation: [-2.4081521291110035f,-0.42563378637433347f,1.9380924960209107f,-2.563620471847192f,0.7100472783788218f,2.6610666761511785f,1.46666980868985f,-3.8001806775999687f,-1.8528895017519913f,1.5729346283784775f,-1.9568445184334116f,-0.5155135678965399f,0f,0f,0f,1f], start_interpolation: 0, interpolation_duration: 1 }
$data merge entity $(bone_right_thigh) { transformation: [-1.8388880814811919f,1.2171813727389096f,0.902411490223994f,-0.7753199999999999f,0.5421989174666412f,1.8536995901172664f,-1.3954227071183574f,-1.4135471306664371f,-1.4148842093008416f,-0.871581151414455f,-1.7075817224410164f,-1.7917746880885144f,0f,0f,0f,1f], start_interpolation: 0, interpolation_duration: 1 }
$data merge entity $(bone_right_leg) { transformation: [-1.1368933333333335f,-3.210848121660072e-17f,1.3547633495187853e-16f,-0.7484449999999999f,0f,1.106248226396398f,0.262185646007942f,-1.4050013746816075f,-1.3922927816386319e-16f,0.262185646007942f,-1.106248226396398f,-1.7871800521238543f,0f,0f,0f,1f], start_interpolation: 0, interpolation_duration: 1 }
$data merge entity $(bone_left_foot) { transformation: [-1.0980750598714961f,-0.11313514434788254f,-0.2543870169674431f,1.7485864600981111f,-0.06555333871606026f,1.1110347884434855f,-0.2111530512484174f,-7.472303822697324f,0.27058284326872584f,-0.18995602223073388f,-1.0835048624472754f,-0.6391065815129942f,0f,0f,0f,1f], start_interpolation: 0, interpolation_duration: 1 }
$data merge entity $(bone_left_knee) { transformation: [-3.014797381371395f,-0.10639250899182316f,-0.7976469792360406f,1.6747267400276753f,-0.28577012153779185f,3.032905152373643f,0.6755627983536817f,-3.627778705827372f,0.7522602655266536f,0.725761869288823f,-2.940057401169905f,0.3833108358472763f,0f,0f,0f,1f], start_interpolation: 0, interpolation_duration: 1 }
$data merge entity $(bone_left_thigh) { transformation: [-2.302128219254632f,-0.5598361489396958f,-0.25332887023849526f,0.8169866666666667f,-0.21821680789463704f,1.6631087019869821f,-1.6922875754941575f,-1.5135055174832508f,0.57443315965238f,-1.6118434476586088f,-1.6581235217486776f,-1.9225537663076138f,0f,0f,0f,1f], start_interpolation: 0, interpolation_duration: 1 }
$data merge entity $(bone_left_leg) { transformation: [-1.1368933333333335f,-3.210848121660072e-17f,1.3547633495187853e-16f,0.7901116666666668f,0f,1.106248226396398f,0.262185646007942f,-1.4265696284401508f,-1.3922927816386319e-16f,0.262185646007942f,-1.106248226396398f,-1.7066862332664319f,0f,0f,0f,1f], start_interpolation: 0, interpolation_duration: 1 }
data modify entity @s data merge value {"locators":{"consume":{"posx":-3.195504425068965,"posy":-0.22173181503770045,"posz":1.2557735111791537,"rotx":315.8968961000794,"roty":-55.692867650438515}},"cameras":{}}