# This file was generated by Animated Java via MC-Build. It is not recommended to edit this file directly.
$data merge entity $(bone_right_thumb_2) { transformation: [-0.83860005314303f,0.4198999282131598f,-0.347036022849344f,-4.021708227172033f,0.44240071873063364f,0.15324256878913406f,-0.8836279302837405f,1.8534336003723761f,-0.3178546128894878f,-0.8945394152285806f,-0.3142732563667861f,-0.20548068350538018f,0f,0f,0f,1f], start_interpolation: 0, interpolation_duration: 1 }
$data merge entity $(bone_right_thumb) { transformation: [-0.9260534043463207f,0.11748330056584949f,-0.35864016281886807f,-4.124697624298133f,0.3758441969074147f,0.2011068580745652f,-0.9045977953136951f,1.966542284882574f,-0.03415013835419095f,-0.9724986918878253f,-0.23039110730854806f,-0.4892665172931154f,0f,0f,0f,1f], start_interpolation: 0, interpolation_duration: 1 }
$data merge entity $(bone_right_fingers2) { transformation: [0.24989155646831962f,-0.91579606086305f,-0.31443884129280436f,-4.2793422322261065f,-0.4339969787170636f,0.18435928538718596f,-0.8818493501477377f,1.5262806015700086f,0.8655638812186549f,0.35683221379136537f,-0.35138289476076123f,0.2734470485896458f,0f,0f,0f,1f], start_interpolation: 0, interpolation_duration: 1 }
$data merge entity $(bone_right_fingers) { transformation: [-0.6381079284214269f,-0.7028132659335293f,-0.31443884129280436f,-4.583896657399448f,-0.07769936243665393f,0.46508551119224384f,-0.8818493501477377f,1.7422558044924163f,0.7660163710800525f,-0.5382833645087836f,-0.35138289476076123f,-0.019164951926355034f,0f,0f,0f,1f], start_interpolation: 0, interpolation_duration: 1 }
$data merge entity $(bone_right_hand) { transformation: [-0.8786742049241238f,0.3592490176568303f,-0.31443884129280436f,-4.394715201905083f,0.41046267582489604f,0.2320821307181567f,-0.8818493501477377f,1.9057499211964335f,-0.24382787649410695f,-0.9039236847842428f,-0.35138289476076123f,-0.682012181262118f,0f,0f,0f,1f], start_interpolation: 0, interpolation_duration: 1 }
$data merge entity $(bone_right_forearm) { transformation: [-1.322693908669927f,0.5407880243751749f,-0.47333395893092933f,-3.5752671134526386f,0.6178814377472608f,0.3493600004321872f,-1.3274735473834354f,2.3966964549705136f,-0.36704121413297686f,-1.3607026871465266f,-0.5289469201511376f,-2.6319283536615825f,0f,0f,0f,1f], start_interpolation: 0, interpolation_duration: 1 }
$data merge entity $(bone_right_bicep) { transformation: [-0.8897237299713087f,1.1687548737397941f,0.5790577583280136f,-1.9351729428974922f,1.238509774517986f,0.5371376962022032f,0.818828914845123f,3.3240519640597244f,0.4091324734041459f,0.9156414683010555f,-1.2194734432443117f,-1.3077415704964401f,0f,0f,0f,1f], start_interpolation: 0, interpolation_duration: 1 }
$data merge entity $(bone_right_shoulder) { transformation: [-0.645636962339396f,0.669811904636243f,0.3667491312446779f,-1.5948570827860942f,0.7396177495952622f,0.42896372912263975f,0.5186093940345071f,3.1645989916287838f,0.19004867098929557f,0.6060875609223204f,-0.7723596125836948f,-1.1722907585550104f,0f,0f,0f,1f], start_interpolation: 0, interpolation_duration: 1 }
$data merge entity $(bone_right_arm) { transformation: [-1.3884750130538435f,-4.636261363158332e-17f,0.4600905125371434f,-1.241602585009986f,0.11908018711559276f,1.4128778172222631f,0.35936377702730576f,3.241723867799881f,-0.4444133084902012f,0.37857947012855275f,-1.3411638742657588f,-1.039336300744861f,0f,0f,0f,1f], start_interpolation: 0, interpolation_duration: 1 }
$data merge entity $(bone_left_thumb_2) { transformation: [-0.9098314981205587f,0.35252189571954595f,0.21894053545654146f,1.7840241877614602f,-0.20969762840323597f,0.0647158364416957f,-0.9756222451111445f,0.619172934753765f,-0.358097123235803f,-0.933563159915787f,0.015042499070728438f,2.278027026089717f,0f,0f,0f,1f], start_interpolation: 0, interpolation_duration: 1 }
$data merge entity $(bone_left_thumb) { transformation: [-0.9098314981205587f,0.3915531241829576f,0.13745106754865494f,2.03052409092913f,-0.20969762840323597f,-0.14798148936582708f,-0.9665031730145173f,0.6077035750673427f,-0.358097123235803f,-0.9081781927285179f,0.2167459816988658f,2.0705636765136104f,0f,0f,0f,1f], start_interpolation: 0, interpolation_duration: 1 }
$data merge entity $(bone_left_fingers2) { transformation: [0.5848922747776137f,0.7852054655051718f,0.20335536345588395f,1.5794971805177644f,0.0756189588249537f,0.19683292082472642f,-0.9775165340524103f,0.38997364479858765f,-0.8075783553140203f,0.5871193900906468f,0.055749635047131846f,2.9270784224654367f,0f,0f,0f,1f], start_interpolation: 0, interpolation_duration: 1 }
$data merge entity $(bone_left_fingers) { transformation: [-0.26688552186368086f,0.9420290411517449f,0.20335536345588395f,2.0133534542161917f,-0.11012414978114651f,0.17981684373034323f,-0.9775165340524103f,0.4617743955446111f,-0.9574156828956428f,-0.2832793468249693f,0.055749635047131846f,2.7492193350371066f,0f,0f,0f,1f], start_interpolation: 0, interpolation_duration: 1 }
$data merge entity $(bone_left_hand) { transformation: [-0.9098314981205587f,0.3617364250133305f,0.20335536345588395f,2.331215794499226f,-0.20969762840323597f,0.022098196673516673f,-0.9775165340524103f,0.4618689280387497f,-0.358097123235803f,-0.9320184700542976f,0.055749635047131846f,2.1160922368717454f,0f,0f,0f,1f], start_interpolation: 0, interpolation_duration: 1 }
$data merge entity $(bone_left_forearm) { transformation: [-1.369595890872906f,0.5445323912182961f,0.306116759808243f,3.0762182932193163f,-0.3156639562162196f,0.03326505998338097f,-1.4714841496080036f,0.506128206031986f,-0.5390540441062821f,-1.4029945868447777f,0.0839215516674698f,0.0770461017167644f,0f,0f,0f,1f], start_interpolation: 0, interpolation_duration: 1 }
$data merge entity $(bone_left_bicep) { transformation: [-1.3519678742371997f,-0.5463172252476725f,0.605495263790457f,2.085464677795702f,-0.5034157762970572f,1.481323247924039f,0.21250446908112844f,2.673302072739159f,-0.64160703023753f,-0.011094259862865755f,-1.4426092659456742f,0.003448779978896671f,0f,0f,0f,1f], start_interpolation: 0, interpolation_duration: 1 }
$data merge entity $(bone_left_shoulder) { transformation: [-0.9033513568350873f,-0.19206533779092197f,0.38349345773228743f,1.813746289081092f,-0.15107966568250353f,0.9793162202865209f,0.1345907697466127f,2.872265947455345f,-0.40141158518591574f,0.06364469108246017f,-0.9136838033890874f,-0.08128898496846015f,0f,0f,0f,1f], start_interpolation: 0, interpolation_duration: 1 }
$data merge entity $(bone_left_arm) { transformation: [-1.3884750130538435f,-4.636261363158332e-17f,0.4600905125371434f,1.4656231958206525f,0.11908018711559276f,1.4128778172222631f,0.35936377702730576f,2.9491729101894344f,-0.4444133084902012f,0.37857947012855275f,-1.3411638742657588f,-0.18900271971201263f,0f,0f,0f,1f], start_interpolation: 0, interpolation_duration: 1 }
$data merge entity $(bone_chest) { transformation: [-1.9606238971476626f,-6.546725534540192e-17f,0.6496800052218574f,0.024703100392692728f,0.16814955857372177f,1.9950823645743017f,0.5074468048649409f,3.7962033780657114f,-0.627542695867409f,0.5345807084212588f,-1.8938172578944494f,-0.15362995407583446f,0f,0f,0f,1f], start_interpolation: 0, interpolation_duration: 1 }
$data merge entity $(bone_weist) { transformation: [-2.052038451219076f,0.034224724750106565f,0.3911903939413295f,0.0810203239573704f,0.1016342733073342f,2.056692648513318f,0.3531980824103382f,0.3688339675213297f,-0.37930427177331283f,0.3659331621277709f,-2.0217033045547175f,-1.3766673468482815f,0f,0f,0f,1f], start_interpolation: 0, interpolation_duration: 1 }
$data merge entity $(bone_right_foot) { transformation: [-0.41879158137520517f,0.08357810238653357f,1.0492423288119488f,-2.0340659026912573f,0.26828469455665915f,1.1004213029153598f,0.019427587516265724f,-6.802982492782298f,-1.017800612318491f,0.25567324711734746f,-0.4266078488173617f,-2.870478848222595f,0f,0f,0f,1f], start_interpolation: 0, interpolation_duration: 1 }
$data merge entity $(bone_right_knee) { transformation: [-1.153559184135329f,-0.8531045065213716f,2.7709343604329097f,-3.2336298460556767f,0.7389887646559523f,2.7971921841083867f,1.1688348091381415f,-3.2716403272383774f,-2.8035263748691714f,1.0883436526638333f,-0.8320524498473896f,-1.4841762609617812f,0f,0f,0f,1f], start_interpolation: 0, interpolation_duration: 1 }
$data merge entity $(bone_right_thigh) { transformation: [-0.8808688659435785f,1.8036073168784112f,1.2839225270857961f,-0.6493711537578977f,0.5642989141952589f,1.519086738522751f,-1.7468052508298706f,-1.3689775512139413f,-2.1407996507132023f,-0.34170527562713116f,-0.9887369357717255f,-1.9578450100739169f,0f,0f,0f,1f], start_interpolation: 0, interpolation_duration: 1 }
$data merge entity $(bone_right_leg) { transformation: [-1.116631700464257f,-3.6035188824684315e-17f,0.21368223345912474f,-0.6234449999999998f,0.05530503161926454f,1.0981546324025333f,0.28900555044536297f,-1.3618648671645208f,-0.20640118791729867f,0.2942496469167552f,-1.078583397931505f,-1.9481676898386993f,0f,0f,0f,1f], start_interpolation: 0, interpolation_duration: 1 }
$data merge entity $(bone_left_foot) { transformation: [-1.0720163058755436f,-0.22141789115330268f,-0.29160985891114394f,2.504088565475977f,-0.13315643525755852f,1.0761976738929593f,-0.3276416988981772f,-6.719552348045429f,0.34107412110339425f,-0.27577860066475113f,-1.0444595538980623f,0.7615259619940996f,0f,0f,0f,1f], start_interpolation: 0, interpolation_duration: 1 }
$data merge entity $(bone_left_knee) { transformation: [-2.9369309802465833f,-0.4220533026854036f,-0.965852342305987f,2.0330848825847023f,-0.43819811117870916f,3.0893751351555623f,-0.017521695686814883f,-2.776476778235981f,0.9586355682974792f,0.11914530688479853f,-2.967049976528888f,1.0094706923055234f,0f,0f,0f,1f], start_interpolation: 0, interpolation_duration: 1 }
$data merge entity $(bone_left_thigh) { transformation: [-2.242668687921323f,-0.8039243663171292f,-0.03910418779743123f,0.8631695213827979f,-0.33461228393057024f,1.0365330719071955f,-2.119202722329755f,-1.5521179086866423f,0.7320233218309798f,-1.9891433261906188f,-1.0885022058826082f,-1.757318804214003f,0f,0f,0f,1f], start_interpolation: 0, interpolation_duration: 1 }
$data merge entity $(bone_left_leg) { transformation: [-1.1196213690145593f,-3.6035188824684315e-17f,0.19741945553501558f,0.8109450000000001f,0.051095914966232246f,1.0981546324025333f,0.28977933360472524f,-1.458922009077966f,-0.1906925507131979f,0.2942496469167552f,-1.0814711959962862f,-1.5859455049802982f,0f,0f,0f,1f], start_interpolation: 0, interpolation_duration: 1 }
data modify entity @s data merge value {"locators":{"consume":{"posx":-4.42883159171222,"posy":1.650852721772341,"posz":0.05380464875944735,"rotx":318.1758801717144,"roty":-61.86626045633628}},"cameras":{}}