# This file was generated by Animated Java via MC-Build. It is not recommended to edit this file directly.
$data merge entity $(bone_right_thumb_2) { transformation: [-0.5709177596542147f,0.8146852123231815f,-0.10169029714454236f,-4.262527224937378f,0.3824730334291179f,0.15431968978012334f,-0.9109883709717134f,3.0261546083628237f,-0.7264759393200452f,-0.5589932362453945f,-0.39969897600689375f,-1.8729548000862684f,0f,0f,0f,1f], start_interpolation: 0, interpolation_duration: 1 }
$data merge entity $(bone_right_thumb) { transformation: [-0.7894744959826198f,0.5941345764640726f,-0.15405883695148992f,-4.208738859541456f,0.3183662525514842f,0.18179356964740512f,-0.9303730581176453f,3.1252451696669983f,-0.5247598969331723f,-0.7835529357259224f,-0.33267378539039655f,-2.174985696352004f,0f,0f,0f,1f], start_interpolation: 0, interpolation_duration: 1 }
$data merge entity $(bone_right_fingers2) { transformation: [-0.21567904383843245f,-0.9749295695591811f,-0.05472553743993333f,-4.717520565731791f,-0.3949146202450704f,0.1383472324658028f,-0.9082414249447915f,2.6969808745808064f,0.8930425481272614f,-0.1742767272707494f,-0.4148525395440718f,-1.5773167602875748f,0f,0f,0f,1f], start_interpolation: 0, interpolation_duration: 1 }
$data merge entity $(bone_right_fingers) { transformation: [-0.9381315250192593f,-0.34192741527544934f,-0.05472553743993333f,-4.835649161979465f,-0.09550659837456618f,0.4074015263608795f,-0.9082414249447915f,2.886344406788864f,0.3328479103614118f,-0.8468232631440145f,-0.4148525395440718f,-1.9958947774292515f,0f,0f,0f,1f], start_interpolation: 0, interpolation_duration: 1 }
$data merge entity $(bone_right_hand) { transformation: [-0.642166547624154f,0.764609207807744f,-0.05472553743993333f,-4.338281801146332f,0.350167027553618f,0.22908637416598757f,-0.9082414249447915f,3.043185857343527f,-0.6819128814788145f,-0.6024053390426546f,-0.4148525395440718f,-2.475387078205483f,0f,0f,0f,1f], start_interpolation: 0, interpolation_duration: 1 }
$data merge entity $(bone_right_forearm) { transformation: [-0.9666720339962779f,1.1509885416148913f,-0.08237994766984029f,-2.6504356987333297f,0.5271166397814314f,0.3448504007179742f,-1.3672023073442887f,3.530369330562187f,-1.026503349615769f,-0.9068183270166299f,-0.6244896276414279f,-3.7515236485105454f,0f,0f,0f,1f], start_interpolation: 0, interpolation_duration: 1 }
$data merge entity $(bone_right_bicep) { transformation: [-0.5491098530481971f,0.8438809974555993f,1.216243145700388f,-1.427409412273393f,1.4149080975559014f,-0.0821940240562576f,0.6958328649357002f,3.5682261454812876f,0.43522132622445386f,1.3319208544756809f,-0.7276492236350185f,-1.8005901977161498f,0f,0f,0f,1f], start_interpolation: 0, interpolation_duration: 1 }
$data merge entity $(bone_right_shoulder) { transformation: [-0.4003021115017476f,0.49636180598884394f,0.7703136874564387f,-1.2307523674558436f,0.8967896142550644f,0.03929074313998904f,0.44070922984180916f,3.2704562660157612f,0.18848503200916417f,0.8672261498934412f,-0.46086027996509277f,-1.6210180308229203f,0f,0f,0f,1f], start_interpolation: 0, interpolation_duration: 1 }
$data merge entity $(bone_right_arm) { transformation: [-1.173280633852667f,-4.636261363158332e-17f,0.87347506880726f,-0.929544525809729f,0.2260719832295536f,1.4128778172222631f,0.30366737329102744f,3.333663140785383f,-0.8437121275805535f,0.37857947012855275f,-1.133302065723099f,-1.3824583387377007f,0f,0f,0f,1f], start_interpolation: 0, interpolation_duration: 1 }
$data merge entity $(bone_left_thumb_2) { transformation: [-0.7092017908071517f,0.6968172451971077f,0.10713797978235072f,0.437263400886407f,-0.24107612765594524f,-0.09688765705447178f,-0.9656578496470216f,0.8809082347416134f,-0.6625066947513387f,-0.710674685567461f,0.23669890304614255f,2.936831562431412f,0f,0f,0f,1f], start_interpolation: 0, interpolation_duration: 1 }
$data merge entity $(bone_left_thumb) { transformation: [-0.7092017908071517f,0.7034887971604481f,-0.04622047366346922f,0.7435648562361136f,-0.24107612765594524f,-0.3035976448953862f,-0.9217975757661709f,0.8294655321662907f,-0.6625066947513387f,-0.6425978386858467f,0.3849063485134211f,2.850414800787483f,0f,0f,0f,1f], start_interpolation: 0, interpolation_duration: 1 }
$data merge entity $(bone_left_fingers2) { transformation: [0.8605021409726732f,0.5036488673679389f,0.07664126682433153f,-0.026552890190128076f,-0.07178827540527583f,0.26881598304856724f,-0.9605125771024391f,0.7655032559922104f,-0.5043634690337738f,0.8210211846576341f,0.26747281253913074f,3.472730307864865f,0f,0f,0f,1f], start_interpolation: 0, interpolation_duration: 1 }
$data merge entity $(bone_left_fingers) { transformation: [0.1242690017433366f,0.9892842520859597f,0.07664126682433153f,0.4468014468742364f,-0.25696799119704017f,0.1066913338945071f,-0.9605125771024391f,0.7960857440065738f,-0.9583969254467968f,0.09966758673979464f,0.26747281253913074f,3.4772967096455973f,0f,0f,0f,1f], start_interpolation: 0, interpolation_duration: 1 }
$data merge entity $(bone_left_hand) { transformation: [-0.7092017908071517f,0.7008273226234056f,0.07664126682433153f,0.9875010742334565f,-0.24107612765594524f,-0.13891684527963385f,-0.9605125771024391f,0.6851118221804844f,-0.6625066947513387f,-0.699673619598498f,0.26747281253913074f,3.0332076415680005f,0f,0f,0f,1f], start_interpolation: 0, interpolation_duration: 1 }
$data merge entity $(bone_left_forearm) { transformation: [-1.0675821407542376f,1.0549758095419226f,0.11537033432094866f,2.477966621831411f,-0.3628989263475511f,-0.20911557894075355f,-1.4458875972624674f,0.37837941006332576f,-0.9972906507211207f,-1.0532391067288578f,0.40263462600551936f,1.4842969188798123f,0f,0f,0f,1f], start_interpolation: 0, interpolation_duration: 1 }
$data merge entity $(bone_left_bicep) { transformation: [-1.0312388987345564f,-0.3313386697452094f,1.1487668073689539f,1.8416133543906599f,-0.5671195107287611f,1.4710844972789694f,-0.08479398835233673f,2.5265436417279203f,-1.0525331122259074f,-0.4680056044978529f,-1.0798374691920491f,0.6693755646407608f,0f,0f,0f,1f], start_interpolation: 0, interpolation_duration: 1 }
$data merge entity $(bone_left_shoulder) { transformation: [-0.6796585913805047f,-0.09325021027385805f,0.7275772106426572f,1.6495647337504877f,-0.19193984958047114f,0.9799361712088254f,-0.05370469718389467f,2.715466282705867f,-0.7079712517508705f,-0.17615191920745282f,-0.683920469099907f,0.4502327845814105f,0f,0f,0f,1f], start_interpolation: 0, interpolation_duration: 1 }
$data merge entity $(bone_left_arm) { transformation: [-1.173280633852667f,-4.636261363158332e-17f,0.87347506880726f,1.3580987880797646f,0.2260719832295536f,1.4128778172222631f,0.30366737329102744f,2.8325013359836535f,-0.8437121275805535f,0.37857947012855275f,-1.133302065723099f,0.24642152302300357f,0f,0f,0f,1f], start_interpolation: 0, interpolation_duration: 1 }
$data merge entity $(bone_chest) { transformation: [-1.6567543723618237f,-6.546725534540192e-17f,1.2334079312666766f,0.04852568695667442f,0.3192294629923167f,1.9950823645743017f,0.42879958462411316f,3.794406229004104f,-1.191380575160255f,0.5345807084212588f,-1.6003018360816212f,-0.14692290246914252f,0f,0f,0f,1f], start_interpolation: 0, interpolation_duration: 1 }
$data merge entity $(bone_weist) { transformation: [-1.941660999766454f,0.06722954823489624f,0.7684372526158814f,0.1591527709067108f,0.19964590890136444f,2.0542028018547747f,0.3247390048773303f,0.36293974384671146f,-0.7450886755431599f,0.37522539636051083f,-1.9154925812649903f,-1.354669804623431f,0f,0f,0f,1f], start_interpolation: 0, interpolation_duration: 1 }
$data merge entity $(bone_right_foot) { transformation: [-0.16554516957682303f,0.03024065056295381f,1.1202506203003464f,-2.1557368125739282f,0.220316393154728f,1.1111864285417046f,0.0025613145108168223f,-6.824257209695098f,-1.0987887131460137f,0.21824613737306162f,-0.1682650878366231f,-3.0264083706609957f,0f,0f,0f,1f], start_interpolation: 0, interpolation_duration: 1 }
$data merge entity $(bone_right_knee) { transformation: [-0.4559932893767833f,-0.7617716806888882f,2.99137716557467f,-3.239155339888084f,0.6068603334972706f,2.9427053019646605f,0.8418844110651041f,-3.0971505715325276f,-3.0266076679756004f,0.7048068760073807f,-0.281880492162537f,-2.1511675979296347f,0f,0f,0f,1f], start_interpolation: 0, interpolation_duration: 1 }
$data merge entity $(bone_right_thigh) { transformation: [-0.34820085281735097f,1.9080910004144809f,1.3839549372284417f,-0.5224981993453139f,0.46340437587047173f,1.4270856052753529f,-1.8509644587847776f,-1.3246144721424105f,-2.3111466674717582f,-0.001333190755239523f,-0.5796427107115573f,-2.123410275149065f,0f,0f,0f,1f], start_interpolation: 0, interpolation_duration: 1 }
$data merge entity $(bone_right_leg) { transformation: [-1.0565690046433132f,-3.6035188824684315e-17f,0.41974800750547575f,-0.4984449999999998f,0.10863877848625292f,1.0981546324025333f,0.2734601808667031f,-1.318728359647434f,-0.40544544098291674f,0.2942496469167552f,-1.0205672888415107f,-2.1091553275535437f,0f,0f,0f,1f], start_interpolation: 0, interpolation_duration: 1 }
$data merge entity $(bone_left_foot) { transformation: [-1.0696085140283502f,-0.2296601856247482f,-0.29406628208087926f,2.5976618715763573f,-0.17470362161225259f,1.0971509189070203f,-0.22140383496462748f,-6.689764315424014f,0.329692923359947f,-0.16369854208357315f,-1.0713479901535656f,0.727061585159843f,0f,0f,0f,1f], start_interpolation: 0, interpolation_duration: 1 }
$data merge entity $(bone_left_knee) { transformation: [-2.932301108743583f,-0.483175137863363f,-0.9511652401079693f,2.0481753744243147f,-0.5387194682853292f,3.0718521190521244f,0.10034546996809572f,-2.7721549049124192f,0.920844646142498f,0.25851434196861534f,-2.970147941238787f,1.153168501241967f,0f,0f,0f,1f], start_interpolation: 0, interpolation_duration: 1 }
$data merge entity $(bone_left_thigh) { transformation: [-2.2391332735998035f,-0.8132923847688391f,0.047159813185443204f,0.8726813878050261f,-0.4113713571150027f,1.0097239844200734f,-2.1186357520528762f,-1.5867231194123965f,0.7031658109208894f,-1.9990996323866175f,-1.0892864041142265f,-1.628170399578861f,0f,0f,0f,1f], start_interpolation: 0, interpolation_duration: 1 }
$data merge entity $(bone_left_leg) { transformation: [-1.0683302759540276f,-3.6035188824684315e-17f,0.3888404208126641f,0.8109450000000001f,0.10063930641199603f,1.0981546324025333f,0.2765042218765339f,-1.4804902628365093f,-0.3755910047680617f,0.2942496469167552f,-1.0319278045505225f,-1.505451686122876f,0f,0f,0f,1f], start_interpolation: 0, interpolation_duration: 1 }
data modify entity @s data merge value {"locators":{"consume":{"posx":-4.737032936091883,"posy":2.806422132476994,"posz":-1.848886169476962,"roty":352.48518053389756,"rotx":-65.26344960504863}},"cameras":{}}