execute if entity @s[tag=aj.attack.bone.right_thumb_2] run data modify entity @s {} merge value {transformation:[-0.24846686510969676f,0.9537583750046063f,-0.16914248150932518f,-2.7728381157713464f,0.5042012935374947f,-0.021751265259524602f,-0.8633121903776914f,-0.15036707294030965f,-0.8270702947982576f,-0.29978633152327416f,-0.47548173770833807f,-3.2681635294863947f,0f,0f,0f,1f],start_interpolation:0}
execute if entity @s[tag=aj.attack.bone.right_thumb] run data modify entity @s {} merge value {transformation:[-0.5237965949264362f,0.8169589047961728f,-0.241278418052068f,-2.615974143330263f,0.4874310785938044f,0.05515634487742532f,-0.8714176502921221f,-0.0626244280411953f,-0.6986043735651468f,-0.5740521975343358f,-0.4271018657669955f,-3.535800806984758f,0f,0f,0f,1f],start_interpolation:0}
execute if entity @s[tag=aj.attack.bone.right_fingers2] run data modify entity @s {} merge value {transformation:[0.030030466442612452f,-0.999504122431124f,-0.009469969821895907f,-3.258856130153059f,-0.5397733725597279f,-0.008242196552090714f,-0.8417700235049321f,-0.4689398695396944f,0.8412745552795092f,0.03039038399206545f,-0.5397532280589702f,-3.2037120441264886f,0f,0f,0f,1f],start_interpolation:0}
execute if entity @s[tag=aj.attack.bone.right_fingers] run data modify entity @s {} merge value {transformation:[-0.9870334636709315f,-0.16023501884836536f,-0.009469969821895907f,-3.2885799641696063f,-0.0786262463999997f,0.5340797139992799f,-0.8417700235049321f,-0.22003057657744815f,0.1399387543563616f,-0.8301105937338175f,-0.5397532280589702f,-3.606429223527128f,0f,0f,0f,1f],start_interpolation:0}
execute if entity @s[tag=aj.attack.locator_origin.right_hand] at @s on origin run tp @s ^-3.25529 ^-0.32875 ^-3.44896 ~-1.00515 ~-57.3275
execute if entity @s[tag=aj.attack.bone.right_hand] run data modify entity @s {} merge value {transformation:[-0.32919725112866327f,0.9442136884841821f,-0.009469969821895907f,-2.6436944535093403f,0.5123125386688826f,0.17017370610981836f,-0.8417700235049321f,-0.09264833477274625f,-0.7931992388876683f,-0.28195996210090696f,-0.5397532280589702f,-3.870593644581795f,0f,0f,0f,1f],start_interpolation:0}
execute if entity @s[tag=aj.attack.bone.right_forearm] run data modify entity @s {} merge value {transformation:[-0.4955502237104682f,1.4213524048411537f,-0.014255421780353052f,-0.5796701461665406f,0.7711990069073137f,0.2561674432068712f,-1.2671409680076602f,0.2592965448162625f,-1.1940259492754084f,-0.4244425547827233f,-0.812506276999653f,-4.445602521476123f,0f,0f,0f,1f],start_interpolation:0}
execute if entity @s[tag=aj.attack.bone.right_bicep] run data modify entity @s {} merge value {transformation:[-0.11335394299717792f,-0.10304879580275911f,1.5714439179732242f,-0.662768624785452f,1.49471909744416f,-0.5031101319761303f,0.07482762112429045f,-0.5680796919078952f,0.49585266096609f,1.493038947526489f,0.13367497082956792f,-2.300553708863291f,0f,0f,0f,1f],start_interpolation:0}
execute if entity @s[tag=aj.attack.bone.right_shoulder] run data modify entity @s {} merge value {transformation:[0.00852847532470713f,0.25445095370576437f,0.9670480739171464f,-0.7852639530919433f,0.5378983811691017f,0.8140811043862746f,-0.21894585407557574f,-0.4980874710177813f,-0.8429665453885435f,0.5220408677866614f,-0.12992588547419603f,-1.8871132160786948f,0f,0f,0f,1f],start_interpolation:0}
execute if entity @s[tag=aj.attack.bone.right_arm] run data modify entity @s {} merge value {transformation:[-1.164756159141645f,-4.6362613631583326e-17f,0.8848102798584373f,-0.9305713868798249f,0.22900575172985485f,1.4128778172222634f,0.30146107688632034f,-0.7995866041366837f,-0.8546611006813227f,0.3785794701285528f,-1.125068055444175f,-1.2802092719694302f,0f,0f,0f,1f],start_interpolation:0}
execute if entity @s[tag=aj.attack.bone.left_thumb_2] run data modify entity @s {} merge value {transformation:[-0.7337042970965555f,0.6603465937953293f,0.16006367634462224f,-1.750174847941815f,-0.2119261062788272f,0.0014184690778983877f,-0.9772846634542931f,-3.3102092363229114f,-0.6455736440558466f,-0.7509596287473661f,0.13890394555977786f,2.843064406116901f,0f,0f,0f,1f],start_interpolation:0}
execute if entity @s[tag=aj.attack.bone.left_thumb] run data modify entity @s {} merge value {transformation:[-0.22225604259431356f,0.9736063518721151f,-0.051893382281234024f,-1.4383115630067413f,-0.17278620463337874f,-0.09171425828477042f,-0.9806800815330488f,-3.3109980394007255f,-0.9595557196008512f,-0.2089956134026407f,0.18860979444277842f,2.924767889456564f,0f,0f,0f,1f],start_interpolation:0}
execute if entity @s[tag=aj.attack.bone.left_fingers2] run data modify entity @s {} merge value {transformation:[0.18332963358893695f,-0.8964109896028797f,0.40353139056005627f,-2.0601405091246967f,0.15641818937141283f,-0.3786593924503457f,-0.9122227877787884f,-3.7755726537220187f,0.9705274831151952f,0.23035711890089636f,0.07079549625338741f,2.8682416879079575f,0f,0f,0f,1f],start_interpolation:0}
execute if entity @s[tag=aj.attack.bone.left_fingers] run data modify entity @s {} merge value {transformation:[0.8770216447704636f,0.2607593745904038f,0.40353139056005627f,-1.8929245977554539f,0.36358573566776653f,0.18882531153429902f,-0.9122227877787884f,-3.6769201391270254f,-0.31406758416468306f,0.9467573872366652f,0.07079549625338741f,3.30105456822121f,0f,0f,0f,1f],start_interpolation:0}
execute if entity @s[tag=aj.attack.bone.left_hand] run data modify entity @s {} merge value {transformation:[-0.22225604259431356f,0.887561078666129f,0.40353139056005627f,-1.2414370574586258f,-0.17278620463337874f,0.3714761270196084f,-0.9122227877787884f,-3.430886612829674f,-0.9595557196008512f,-0.2724716842013676f,0.07079549625338741f,3.170985788287014f,0f,0f,0f,1f],start_interpolation:0}
execute if entity @s[tag=aj.attack.bone.left_forearm] run data modify entity @s {} merge value {transformation:[-0.3345685033851293f,1.336071578914252f,0.6074475718756108f,0.6736028969698908f,-0.2601001134322602f,0.559193848722988f,-1.3731955689413875f,-2.626927818222935f,-1.4444472117569833f,-0.4101595733191079f,0.10657052537886481f,2.537764675566482f,0f,0f,0f,1f],start_interpolation:0}
execute if entity @s[tag=aj.attack.bone.left_bicep] run data modify entity @s {} merge value {transformation:[0.09259808715106682f,0.699327252083836f,1.4125406708457209f,1.7184208943708035f,-1.126829661465774f,1.0187411143894123f,-0.4304946154576062f,-1.2214274524736877f,-1.1020819689756918f,-0.982859142700486f,0.5588446987430171f,0.9201813129646197f,0f,0f,0f,1f],start_interpolation:0}
execute if entity @s[tag=aj.attack.bone.left_shoulder] run data modify entity @s {} merge value {transformation:[-0.26676726629857545f,-0.29776770890258575f,0.9166076680709636f,1.5799322838617988f,-0.569408640457153f,0.816026150083484f,0.09937365119921895f,-1.166257976023815f,-0.7775660909558246f,-0.49541468883636497f,-0.3872405715841846f,0.6065330567227782f,0f,0f,0f,1f],start_interpolation:0}
execute if entity @s[tag=aj.attack.bone.left_arm] run data modify entity @s {} merge value {transformation:[-1.164756159141645f,-4.6362613631583326e-17f,0.8848102798584373f,1.3404510461952854f,0.22900575172985485f,1.4128778172222634f,0.30146107688632034f,-1.3064686225860003f,-0.8546611006813227f,0.3785794701285528f,-1.125068055444175f,0.3700187177542179f,0f,0f,0f,1f],start_interpolation:0}
execute if entity @s[tag=aj.attack.bone.chest] run data modify entity @s {} merge value {transformation:[-1.6447172174458697f,-6.546725534540193e-17f,1.2494140426170495f,0.03703740525236744f,0.3233721494478249f,1.995082364574302f,0.4256841396830151f,-0.30083680990124195f,-1.2068412914920388f,0.5345807084212589f,-1.588674837273259f,-0.02472421768018751f,0f,0f,0f,1f],start_interpolation:0}
execute if entity @s[tag=aj.attack.bone.weist] run data modify entity @s {} merge value {transformation:[-1.7114325220784758f,-6.622200769909015e-17f,1.1983579530966049f,-0.03703740525236733f,0.31015786111147464f,2.018083070843716f,0.44295133112175f,-3.8344693197044455f,-1.1575248960349147f,0.5407437290914938f,-1.6531168730266361f,-0.851182325048975f,0f,0f,0f,1f],start_interpolation:0}
execute if entity @s[tag=aj.attack.bone.right_foot] run data modify entity @s {} merge value {transformation:[-0.7494342932170626f,0.03210788532770474f,0.8488807196832928f,-2.313687039338275f,0.006744952123450783f,1.1321997670005068f,-0.0368693046428972f,-10.749134122394672f,-0.8494609456420552f,-0.019337106913428333f,-0.7492151430164262f,-1.4162266490026492f,0f,0f,0f,1f],start_interpolation:0}
execute if entity @s[tag=aj.attack.bone.right_knee] run data modify entity @s {} merge value {transformation:[-2.035108554877717f,-0.26021811650878496f,2.350996176492409f,-2.7521597118174155f,0.42548404718287497f,3.010544191252106f,0.7015342602388422f,-6.932509559280787f,-2.3267702541579367f,0.7781217928683138f,-1.9280119242387967f,-0.3807148588528757f,0f,0f,0f,1f],start_interpolation:0}
execute if entity @s[tag=aj.attack.bone.right_thigh] run data modify entity @s {} merge value {transformation:[-1.5540284273762102f,1.6190157018996454f,0.8007310234738414f,-0.4356924367660555f,0.32490370262189705f,1.2896551532886844f,-1.9770213801734584f,-5.352354175862617f,-1.776744100587828f,-1.1802390057284085f,-1.0618863679452772f,-2.0116560103791348f,0f,0f,0f,1f],start_interpolation:0}
execute if entity @s[tag=aj.attack.bone.right_leg] run data modify entity @s {} merge value {transformation:[-0.9312884981385259f,-3.6035188824684296e-17f,0.6520952266445952f,-0.4151116666666665f,0.16877466387606593f,1.0981546324025329f,0.24103519980317395f,-5.347818312702547f,-0.629875620615838f,0.2942496469167551f,-0.899555612077961f,-1.9923618636628584f,0f,0f,0f,1f],start_interpolation:0}
execute if entity @s[tag=aj.attack.bone.left_foot] run data modify entity @s {} merge value {transformation:[-1.0641038477566798f,-0.3743709684061284f,0.1039737063111967f,2.0595433782746095f,0.031645186838193264f,0.2186294134341257f,1.1110719662251527f,-9.76148480629739f,-0.3872502236789608f,1.0465795287488229f,-0.1949094832595044f,-2.253794525491402f,0f,0f,0f,1f],start_interpolation:0}
execute if entity @s[tag=aj.attack.bone.left_knee] run data modify entity @s {} merge value {transformation:[-2.685616514830237f,-1.5451636517916039f,0.3694543877542931f,0.10631702781213492f,-0.313181107915398f,1.2262904029263346f,2.8521382788205467f,-8.29752706331575f,-1.5575444934555636f,2.417694037104484f,-1.2105263376042044f,0.8883226840406655f,0f,0f,0f,1f],start_interpolation:0}
execute if entity @s[tag=aj.attack.bone.left_thigh] run data modify entity @s {} merge value {transformation:[-1.873160811742013f,0.4134990301722264f,1.4133907787463007f,0.721029931070597f,-0.5758030281832889f,1.8991589665804927f,-1.3187237999051638f,-5.843999010930696f,-1.3553987657266773f,-1.378259823018863f,-1.3930830607551925f,-1.1427383329153136f,0f,0f,0f,1f],start_interpolation:0}
execute if entity @s[tag=aj.attack.bone.left_leg] run data modify entity @s {} merge value {transformation:[-0.9312884981385259f,-3.6035188824684296e-17f,0.6520952266445952f,0.7692783333333335f,0.16877466387606593f,1.0981546324025329f,0.24103519980317395f,-5.623871214431047f,-0.629875620615838f,0.2942496469167551f,-0.899555612077961f,-1.2035998654075424f,0f,0f,0f,1f],start_interpolation:0}