execute if entity @s[tag=aj.attack.bone.right_thumb_2] run data modify entity @s {} merge value {transformation:[-0.1319738202493042f,-0.9646490004823741f,0.22811228953557305f,1.802425734284744f,-0.6316379552947345f,-0.09551670284681482f,-0.7693569086635669f,1.0422275368407476f,0.763947906731795f,-0.2456193505113758f,-0.5967032180694843f,2.38460251574407f,0f,0f,0f,1f],start_interpolation:0}
execute if entity @s[tag=aj.attack.bone.right_thumb] run data modify entity @s {} merge value {transformation:[0.164241863134162f,-0.9361481194259403f,0.3108879362238019f,1.5583369672531888f,-0.5736425025907708f,-0.34704017630333994f,-0.7419551167373564f,0.8580998355341802f,0.8024704914298201f,-0.05647844302583352f,-0.5940128751616086f,2.486839756078499f,0f,0f,0f,1f],start_interpolation:0}
execute if entity @s[tag=aj.attack.bone.right_fingers2] run data modify entity @s {} merge value {transformation:[0.6806664911467384f,0.7187059696139989f,0.14196780293851605f,2.406006060274313f,0.5291560998801642f,-0.34831022442126885f,-0.7737401434094129f,0.9472267403793425f,-0.5066428226962276f,0.6017821173853601f,-0.6173907461288932f,2.296546014038978f,0f,0f,0f,1f],start_interpolation:0}
execute if entity @s[tag=aj.attack.bone.right_fingers] run data modify entity @s {} merge value {transformation:[0.934377091333876f,-0.32677912130253484f,0.14196780293851605f,2.209388926690193f,-0.10115133437800763f,-0.6253755655846569f,-0.7737401434094129f,0.6504752857681027f,0.3416253192373109f,0.7086048319411984f,-0.6173907461288932f,2.6100755118271333f,0f,0f,0f,1f],start_interpolation:0}
execute if entity @s[tag=aj.attack.locator_origin.right_hand] at @s on origin run tp @s ^2.25002 ^0.76859 ^2.46134 ~12.94994 ~-50.69095
execute if entity @s[tag=aj.attack.bone.right_hand] run data modify entity @s {} merge value {transformation:[-0.04506860068575819f,-0.9888447624177612f,0.14196780293851605f,1.5135193027174172f,-0.6281137627811214f,-0.0824578163773575f,-0.7737401434094129f,0.5304476922702386f,0.7768152433089665f,-0.12404331645534017f,-0.6173907461288932f,2.553108486549434f,0f,0f,0f,1f],start_interpolation:0}
execute if entity @s[tag=aj.attack.bone.right_forearm] run data modify entity @s {} merge value {transformation:[-0.06784307911312515f,-1.4885368621730268f,0.21370827449093396f,-0.6319962846234544f,-0.9455179670991701f,-0.12412615601248062f,-1.164733605295039f,0.38270113662528926f,1.1693626428642507f,-0.1867260221902869f,-0.9293762973779186f,2.2537248399510688f,0f,0f,0f,1f],start_interpolation:0}
execute if entity @s[tag=aj.attack.bone.right_bicep] run data modify entity @s {} merge value {transformation:[-0.29876806664969424f,-0.4790138717331453f,-1.4745126351042468f,-1.3651484580386577f,0.5215029041060627f,1.383088754972463f,-0.5549814185376917f,2.3400411646298513f,1.460026205725017f,-0.5920433806744126f,-0.10350010647466018f,1.2924761166104386f,0f,0f,0f,1f],start_interpolation:0}
execute if entity @s[tag=aj.attack.bone.right_shoulder] run data modify entity @s {} merge value {transformation:[-0.1871961079865035f,-0.2678795044957927f,-0.9450916295395881f,-1.3714908925961322f,0.24152960394476952f,0.9200122797681316f,-0.30861117201768307f,2.4870197043609736f,0.9521665125244576f,-0.2860384172570772f,-0.10752188744659447f,0.9263642622566f,0f,0f,0f,1f],start_interpolation:0}
execute if entity @s[tag=aj.attack.bone.right_arm] run data modify entity @s {} merge value {transformation:[-0.9072300824935461f,-4.636261363158334e-17f,-1.1473795008715808f,-1.148749085581595f,-0.2969636667857894f,1.4128778172222636f,0.23480842363926066f,2.735608871975282f,1.1082834924465204f,0.37857947012855286f,-0.876316967066878f,0.6877180022416342f,0f,0f,0f,1f],start_interpolation:0}
execute if entity @s[tag=aj.attack.bone.left_thumb_2] run data modify entity @s {} merge value {transformation:[0.43645505139221524f,-0.8997192384729567f,0.00350428821033949f,1.018032533264175f,-0.8703682634363091f,-0.42319727051721623f,-0.25172039295544035f,2.9143936263462225f,0.22796068546370354f,0.10681461579962226f,-0.9677936576225826f,-3.251505514629109f,0f,0f,0f,1f],start_interpolation:0}
execute if entity @s[tag=aj.attack.bone.left_thumb] run data modify entity @s {} merge value {transformation:[-0.15853477648862646f,-0.9631846295484039f,0.2171223020451942f,0.7653520946862825f,-0.9556999422457019f,0.0944613596448903f,-0.27877351367301795f,3.082507581386375f,0.2480006956346354f,-0.25169906820594656f,-0.9354909053694719f,-3.360248716584295f,0f,0f,0f,1f],start_interpolation:0}
execute if entity @s[tag=aj.attack.bone.left_fingers2] run data modify entity @s {} merge value {transformation:[0.20002343885118132f,0.9467873545411791f,-0.25215933294459414f,1.3564387691223345f,0.9455207048034522f,-0.2539963147623817f,-0.20365772481080013f,2.636791368506963f,-0.25686809980636055f,-0.19768555174327757f,-0.9460122630990703f,-3.6003520752530593f,0f,0f,0f,1f],start_interpolation:0}
execute if entity @s[tag=aj.attack.bone.left_fingers] run data modify entity @s {} merge value {transformation:[-0.9606177341942479f,0.11674433416849828f,-0.25215933294459414f,1.3647399211918325f,0.1706222227906925f,0.9640599505294529f,-0.20365772481080013f,3.098121915585927f,0.2193208285627975f,-0.2386612080433317f,-0.9460122630990703f,-3.7104687689110047f,0f,0f,0f,1f],start_interpolation:0}
execute if entity @s[tag=aj.attack.bone.left_hand] run data modify entity @s {} merge value {transformation:[-0.15853477648862646f,-0.9546111226319531f,-0.25215933294459414f,0.6942044233676792f,-0.9556999422457019f,0.2125115326669356f,-0.20365772481080013f,3.3017318126827515f,0.2480006956346354f,0.20870182804880127f,-0.9460122630990703f,-3.6064901427428064f,0f,0f,0f,1f],start_interpolation:0}
execute if entity @s[tag=aj.attack.bone.left_forearm] run data modify entity @s {} merge value {transformation:[-0.2386470229793104f,-1.4370039657222895f,-0.3795827985287085f,-1.383618203901607f,-1.4386429976441042f,0.31989980837657433f,-0.3065719131746712f,3.723020460724194f,0.37332268049243944f,0.31416494889851204f,-1.4240598516673713f,-3.1375916966830055f,0f,0f,0f,1f],start_interpolation:0}
execute if entity @s[tag=aj.attack.bone.left_bicep] run data modify entity @s {} merge value {transformation:[-0.297913706018398f,1.3867209034938965f,-0.6936546097474589f,0.6775987335144222f,-1.4511626414298293f,-0.0005669573127786104f,0.622118015108267f,3.541753257636729f,0.5461488532710002f,0.754923156630475f,1.2746437210837758f,-1.9534553874792882f,0f,0f,0f,1f],start_interpolation:0}
execute if entity @s[tag=aj.attack.bone.left_shoulder] run data modify entity @s {} merge value {transformation:[-0.18868513770303122f,0.878286629132998f,-0.43932962100930956f,0.8427702273164782f,-0.9191011265885572f,-0.000359085253455127f,0.3940215605286405f,3.3124311774186745f,0.3459061114141129f,0.47813436201968995f,0.8073019843543002f,-1.751644198057897f,0f,0f,0f,1f],start_interpolation:0}
execute if entity @s[tag=aj.attack.bone.left_arm] run data modify entity @s {} merge value {transformation:[-0.9072300824935461f,-4.636261363158334e-17f,-1.1473795008715808f,0.6201532319831147f,-0.2969636667857894f,1.4128778172222636f,0.23480842363926066f,3.2542533890033694f,1.1082834924465204f,0.37857947012855286f,-0.876316967066878f,-1.4893711429464775f,0f,0f,0f,1f],start_interpolation:0}
execute if entity @s[tag=aj.attack.bone.chest] run data modify entity @s {} merge value {transformation:[-1.2810723730893054f,-6.546725534540193e-17f,-1.6201801597843677f,-0.0465701219864665f,-0.4193334818494396f,1.995082364574302f,0.33156592831019416f,3.759770003629427f,1.5649738595768703f,0.5345807084212589f,-1.2374208905123847f,-0.017658749588440714f,0f,0f,0f,1f],start_interpolation:0}
execute if entity @s[tag=aj.attack.bone.weist] run data modify entity @s {} merge value {transformation:[-1.433746354222136f,-6.622200769909015e-17f,-1.519682352708128f,0.04657012198646659f,-0.3933227353870699f,2.018083070843716f,0.3710808623189936f,0.22992386676488574f,1.4679004322365141f,0.5407437290914938f,-1.3848926318909558f,-0.8582477931407215f,0f,0f,0f,1f],start_interpolation:0}
execute if entity @s[tag=aj.attack.bone.right_foot] run data modify entity @s {} merge value {transformation:[-0.9766404100937537f,-0.07128471071068776f,-0.5695376649448204f,0.491803488189282f,-0.04546772956829455f,1.1301256336927534f,-0.06348141490591762f,-6.814332722406872f,0.5721777235613159f,-0.03186996218143927f,-0.9771786482372321f,0.7169389774694191f,0f,0f,0f,1f],start_interpolation:0}
execute if entity @s[tag=aj.attack.bone.right_knee] run data modify entity @s {} merge value {transformation:[-2.6901508166946293f,0.10200415302982195f,-1.5777347864516595f,0.6489800055766392f,-0.12524061933875577f,3.090311990143631f,0.4133399460733637f,-2.8917273601435483f,1.5760604972153327f,0.4196787777776654f,-2.6601628432820013f,1.3647265368895083f,0f,0f,0f,1f],start_interpolation:0}
execute if entity @s[tag=aj.attack.bone.right_thigh] run data modify entity @s {} merge value {transformation:[-2.054224986206684f,-1.105476288723672f,-0.4852507075299634f,-0.8241689135809701f,-0.09563493910344441f,1.1036918748507802f,-2.109527096734122f,-1.5610400084679603f,1.2034949241734572f,-1.799214492077737f,-0.9958983617973372f,-1.20081125194668f,0f,0f,0f,1f],start_interpolation:0}
execute if entity @s[tag=aj.attack.bone.right_leg] run data modify entity @s {} merge value {transformation:[-0.9406740037841758f,-3.6035188824684296e-17f,-0.6384816911881074f,-0.8005283333333333f,-0.16525122162874853f,1.0981546324025329f,0.2434643474121853f,-1.5486134553540516f,0.6167259551313145f,0.2942496469167551f,-0.9086213143738762f,-1.2109655610449024f,0f,0f,0f,1f],start_interpolation:0}
execute if entity @s[tag=aj.attack.bone.left_foot] run data modify entity @s {} merge value {transformation:[0.09730953574660989f,0.3031626821570886f,-1.087154264490601f,0.3894086274858344f,-0.24762034882845171f,1.0703358694016778f,0.2763085990667507f,-6.9329641312794035f,1.1011340379349175f,0.21390340628301022f,0.1582097205663113f,-4.7211400406552935f,0f,0f,0f,1f],start_interpolation:0}
execute if entity @s[tag=aj.attack.bone.left_knee] run data modify entity @s {} merge value {transformation:[0.08127618881581822f,1.5006414086282172f,-2.7345992145138323f,2.3994489514254957f,-1.304018198477854f,2.5013648496543697f,1.3338942038744748f,-3.7784054014213284f,2.833636186836258f,1.1080670430085295f,0.6922836911470512f,-3.3647982239191196f,0f,0f,0f,1f],start_interpolation:0}
execute if entity @s[tag=aj.attack.bone.left_thigh] run data modify entity @s {} merge value {transformation:[-0.1882776676480522f,-1.298055152413086f,-1.9892186177500184f,0.46755363066422767f,-1.283131415151374f,1.7348293115662412f,-1.010607440714088f,-1.5465267826755493f,1.998877599894773f,0.9913659511345375f,-0.8361030197376829f,-2.0196666271311887f,0f,0f,0f,1f],start_interpolation:0}
execute if entity @s[tag=aj.attack.bone.left_leg] run data modify entity @s {} merge value {transformation:[-0.9168414942943391f,-3.6035188824684296e-17f,-0.6722559971602341f,0.37344500000000025f,-0.17399265524945473f,1.0981546324025329f,0.23729604006362903f,-1.3349045499663417f,0.6493494295347807f,0.2942496469167551f,-0.8856008779523638f,-2.048784963410477f,0f,0f,0f,1f],start_interpolation:0}