execute if entity @s[tag=aj.attack.bone.right_thumb_2] run data modify entity @s {} merge value {transformation:[-0.7747873351690724f,0.5725303229416456f,-0.2681671392507708f,-3.8074829114538056f,0.34384293216172235f,0.02564553606597985f,-0.9386769116593404f,3.2187214156711885f,-0.5305437053288226f,-0.8194823584386812f,-0.21673034153929616f,-1.299588531280994f,0f,0f,0f,1f],start_interpolation:0}
execute if entity @s[tag=aj.attack.bone.right_thumb] run data modify entity @s {} merge value {transformation:[-0.9110945925316645f,0.28844578985650215f,-0.2944582649096792f,-3.859261978625575f,0.3202448857507956f,0.04557464048551538f,-0.9462379010032707f,3.279044957226032f,-0.25951850918579983f,-0.9564109882569702f,-0.1338960975208213f,-1.6120221857225852f,0f,0f,0f,1f],start_interpolation:0}
execute if entity @s[tag=aj.attack.bone.right_fingers2] run data modify entity @s {} merge value {transformation:[0.5798037284199986f,-0.7925577677648306f,-0.18889103013615302f,-4.099275692345172f,-0.3971989193125893f,-0.07253511865868803f,-0.9148615605970559f,2.874671036695218f,0.7113794029961642f,0.6054674568602334f,-0.3568592210886833f,-0.9215080303614953f,0f,0f,0f,1f],start_interpolation:0}
execute if entity @s[tag=aj.attack.bone.right_fingers] run data modify entity @s {} merge value {transformation:[-0.6849703920673179f,-0.7036588240939265f,-0.18889103013615302f,-4.40102591069043f,-0.13764929598802256f,0.37958002615511865f,-0.9148615605970559f,3.052812381468235f,0.7154496720980074f,-0.6006523645327899f,-0.3568592210886833f,-1.2412468863472284f,0f,0f,0f,1f],start_interpolation:0}
execute if entity @s[tag=aj.attack.locator_origin.right_hand] at @s on origin run tp @s ^-4.26215 ^2.97418 ^-1.13055 ~-27.89295 ~-66.18607
execute if entity @s[tag=aj.attack.bone.right_hand] run data modify entity @s {} merge value {transformation:[-0.8198603379897828f,0.5405082838637922f,-0.18889103013615302f,-4.076695730924753f,0.34694361335604085f,0.20653923136627786f,-0.9148615605970559f,3.193361401601965f,-0.45547684391496f,-0.8155932448109444f,-0.3568592210886833f,-1.855203160173388f,0f,0f,0f,1f],start_interpolation:0}
execute if entity @s[tag=aj.attack.bone.right_forearm] run data modify entity @s {} merge value {transformation:[-1.2341596793692116f,0.8136428845251127f,-0.2843431769856635f,-2.866967694713753f,0.5222643403735713f,0.310909529036573f,-1.3771677906289328f,3.6317720962909767f,-0.6856425778864703f,-1.227736299550222f,-0.5371905938987435f,-3.6042174223409384f,0f,0f,0f,1f],start_interpolation:0}
execute if entity @s[tag=aj.attack.bone.right_bicep] run data modify entity @s {} merge value {transformation:[-0.3544345046171497f,0.742548572036018f,1.347554065018732f,-1.7122618353632517f,1.4791143515304959f,-0.21634555942952097f,0.5082514063493487f,3.239081669086362f,0.42367567203907164f,1.3764884217191373f,-0.6470569587291704f,-1.6535406655460552f,0f,0f,0f,1f],start_interpolation:0}
execute if entity @s[tag=aj.attack.bone.right_shoulder] run data modify entity @s {} merge value {transformation:[-0.6676752731681518f,0.22800161859526102f,0.7086783413635378f,-1.537495340769216f,0.44960203670408433f,0.882228792127872f,0.13975108919838605f,3.294560809957855f,-0.5933529625706551f,0.41193157230119815f,-0.6915523418730429f,-1.2824819844570805f,0f,0f,0f,1f],start_interpolation:0}
execute if entity @s[tag=aj.attack.bone.right_arm] run data modify entity @s {} merge value {transformation:[-1.4032865998438673f,-4.636261363158334e-17f,0.412714017571735f,-1.274815863964844f,0.10681824792834137f,1.4128778172222636f,0.36319729777675286f,3.1578800805956067f,-0.3986511284440592f,0.37857947012855286f,-1.3554707684745648f,-0.8882196029029344f,0f,0f,0f,1f],start_interpolation:0}
execute if entity @s[tag=aj.attack.bone.left_thumb_2] run data modify entity @s {} merge value {transformation:[-0.804248868929721f,-0.31578389733102075f,0.5034523681657439f,2.8980388771421857f,-0.4593953413984544f,-0.20707795154662176f,-0.863756124310938f,1.3427451262755163f,0.3770141603795035f,-0.9259585585595539f,0.021472556989134972f,4.072306767415285f,0f,0f,0f,1f],start_interpolation:0}
execute if entity @s[tag=aj.attack.bone.left_thumb] run data modify entity @s {} merge value {transformation:[-0.8399282362725045f,0.3067873212288435f,0.44766292837959065f,3.1099264029200677f,-0.495089757613231f,-0.09530609282282287f,-0.8635987960721806f,1.3884911498642962f,-0.22227615665795653f,-0.9469943443358457f,0.2319375389566974f,3.8336736439052257f,0f,0f,0f,1f],start_interpolation:0}
execute if entity @s[tag=aj.attack.bone.left_fingers2] run data modify entity @s {} merge value {transformation:[0.8362754074325278f,-0.10199083465187476f,0.5387404872204926f,2.9254528301885188f,0.4809121085917936f,-0.33552444615599775f,-0.810028943829482f,0.8938697902569966f,0.26337613166981355f,0.9364941087261176f,-0.2315422155632105f,4.405526101753702f,0f,0f,0f,1f],start_interpolation:0}
execute if entity @s[tag=aj.attack.bone.left_fingers] run data modify entity @s {} merge value {transformation:[0.028716524457766943f,0.8419822139763362f,0.5387404872204926f,3.3285835506750194f,0.292333422320114f,0.5083249751419893f,-0.810028943829482f,1.140836959376128f,-0.9558852082848006f,0.18075306634855062f,-0.2315422155632105f,4.444427368999544f,0f,0f,0f,1f],start_interpolation:0}
execute if entity @s[tag=aj.attack.bone.left_hand] run data modify entity @s {} merge value {transformation:[-0.8399282362725045f,0.06541594103570092f,0.5387404872204926f,3.4429600831242553f,-0.495089757613231f,0.3142280096760412f,-0.810028943829482f,1.3696396617947353f,-0.22227615665795653f,-0.947091079354804f,-0.2315422155632105f,3.7837809197328256f,0f,0f,0f,1f],start_interpolation:0}
execute if entity @s[tag=aj.attack.bone.left_forearm] run data modify entity @s {} merge value {transformation:[-1.2643684719678925f,0.0984725240059875f,0.8109817686772184f,3.5458662238121437f,-0.7452730522531272f,0.4730165879489605f,-1.2193601949907145f,2.0348813012416924f,-0.33459878167179125f,-1.4256838252426014f,-0.34854725040192147f,1.7194261451282342f,0f,0f,0f,1f],start_interpolation:0}
execute if entity @s[tag=aj.attack.bone.left_bicep] run data modify entity @s {} merge value {transformation:[-0.498338102842563f,-0.929314256659932f,1.1751333139981688f,2.0722880705219993f,-1.3657098716159326f,0.7909448001800037f,0.0463360300786775f,3.0628147952614033f,-0.6159544137925418f,-1.001841052004387f,-1.0534793897806807f,0.15239965562688967f,0f,0f,0f,1f],start_interpolation:0}
execute if entity @s[tag=aj.attack.bone.left_shoulder] run data modify entity @s {} merge value {transformation:[-0.6199969884973208f,-0.679498086914245f,0.3922831683033755f,1.753457030474932f,-0.7095560812875557f,0.6989692829023593f,0.08928666791189685f,3.0547437609368058f,-0.3348640048767574f,-0.2229894424380734f,-0.9155008502448573f,0.014996521297821919f,0f,0f,0f,1f],start_interpolation:0}
execute if entity @s[tag=aj.attack.bone.left_arm] run data modify entity @s {} merge value {transformation:[-1.4032865998438673f,-4.636261363158334e-17f,0.412714017571735f,1.4612893055735312f,0.10681824792834137f,1.4128778172222636f,0.36319729777675286f,2.8892372506638084f,-0.3986511284440592f,0.37857947012855286f,-1.3554707684745648f,-0.12711236908064624f,0f,0f,0f,1f],start_interpolation:0}
execute if entity @s[tag=aj.attack.bone.chest] run data modify entity @s {} merge value {transformation:[-1.9815388943511958f,-6.546725534540193e-17f,0.5827810784720149f,0.014919723687788294f,0.15083484223394403f,1.995082364574302f,0.5128600044694812f,3.7640343462017833f,-0.5629232947687154f,0.5345807084212589f,-1.9140195938501057f,-0.033573492729352616f,0f,0f,0f,1f],start_interpolation:0}
execute if entity @s[tag=aj.attack.bone.weist] run data modify entity @s {} merge value {transformation:[-2.018083070843716f,-6.622200769909015e-17f,0.5407437290914944f,-0.014919723687788183f,0.1399547756086367f,2.018083070843716f,0.5223183333333333f,0.22565952419252966f,-0.5223183333333339f,0.5407437290914938f,-1.9493185577246965f,-0.8423330499998096f,0f,0f,0f,1f],start_interpolation:0}
execute if entity @s[tag=aj.attack.bone.right_foot] run data modify entity @s {} merge value {transformation:[-1.029595046146998f,0.04912857559159672f,0.4698952823873659f,-2.0074895205076766f,0.05606017325487315f,1.1314229019926405f,0.004541609977244686f,-6.70788434914083f,-0.4691188019299538f,0.02738160526507836f,-1.0307564939251719f,-0.6828776883303795f,0f,0f,0f,1f],start_interpolation:0}
execute if entity @s[tag=aj.attack.bone.right_knee] run data modify entity @s {} merge value {transformation:[-2.813418646205774f,0.03463526179464011f,1.3490882995563562f,-2.0426929099407354f,0.425477352520084f,2.9829968188498612f,0.8107171648620021f,-2.9302939531443357f,-1.280706002114437f,0.9149282472138451f,-2.694301720070719f,0.566016834542515f,0f,0f,0f,1f],start_interpolation:0}
execute if entity @s[tag=aj.attack.bone.right_thigh] run data modify entity @s {} merge value {transformation:[-2.1483534840610865f,0.9862067481601092f,0.2989313055711926f,-0.6070905423020956f,0.32489859051312825f,1.3041331824224407f,-1.9675019482663145f,-1.3296930277648105f,-0.9779593966262697f,-1.7332106797595683f,-1.3103291671035193f,-1.862975390964936f,0f,0f,0f,1f],start_interpolation:0}
execute if entity @s[tag=aj.attack.bone.right_leg] run data modify entity @s {} merge value {transformation:[-1.0981546324025329f,-3.6035188824684296e-17f,0.2942496469167555f,-0.5817783333333332f,0.0761574126367485f,1.0981546324025329f,0.2842233333333332f,-1.3230627567799975f,-0.28422333333333366f,0.2942496469167551f,-1.0607359206965845f,-1.8514976806623695f,0f,0f,0f,1f],start_interpolation:0}
execute if entity @s[tag=aj.attack.bone.left_foot] run data modify entity @s {} merge value {transformation:[-1.1195207667957114f,-0.040347268307314894f,-0.16830479212809055f,2.775584701571053f,-0.16329748205796565f,-0.11874961797436376f,1.1146809467217387f,-4.975313448915683f,-0.057344027297275106f,1.1258560203556582f,0.11153939376852087f,-5.428565456160232f,0f,0f,0f,1f],start_interpolation:0}
execute if entity @s[tag=aj.attack.bone.left_knee] run data modify entity @s {} merge value {transformation:[-2.9463997026781086f,-0.8534647860796133f,-0.5717429240123646f,1.7406587928702035f,-0.6561037175680979f,0.22711137879026919f,3.0421228860115237f,-4.787945946850506f,-0.7904555800482722f,2.992754851424326f,-0.39390569356698407f,-1.591250276182958f,0f,0f,0f,1f],start_interpolation:0}
execute if entity @s[tag=aj.attack.bone.left_thigh] run data modify entity @s {} merge value {transformation:[-2.0964025758674203f,-0.7203667987574405f,0.8738159320983147f,0.7635322568897934f,-0.5585431649511406f,2.2570575565741633f,0.5206794476856911f,-1.69769013008418f,-0.9851457459824167f,0.2532769819858698f,-2.1546983542049043f,-1.4555173343599934f,0f,0f,0f,1f],start_interpolation:0}
execute if entity @s[tag=aj.attack.bone.left_leg] run data modify entity @s {} merge value {transformation:[-1.0981546324025329f,-3.6035188824684296e-17f,0.2942496469167555f,0.7692783333333335f,0.0761574126367485f,1.0981546324025329f,0.2842233333333332f,-1.4750981993968737f,-0.28422333333333366f,0.2942496469167551f,-1.0607359206965845f,-1.5255751408372316f,0f,0f,0f,1f],start_interpolation:0}