execute if entity @s[tag=aj.attack.bone.right_thumb_2] run data modify entity @s {} merge value {transformation:[-0.04276592917737372f,-0.959006724737525f,-0.28013778254601956f,2.610012433319029f,-0.7432583569260126f,0.21791178423089386f,-0.6325199357751126f,0.5895472310248919f,0.6676361959639696f,0.1811644451914158f,-0.7221089624407429f,1.1705555128329888f,0f,0f,0f,1f],start_interpolation:0}
execute if entity @s[tag=aj.attack.bone.right_thumb] run data modify entity @s {} merge value {transformation:[0.24764088084033817f,-0.9483553526549562f,-0.1982324878200227f,2.3747324365728435f,-0.7743624386306861f,-0.07077606869209681f,-0.6287714702007627f,0.4549832700917901f,0.5822686731866643f,0.309213313411932f,-0.751897811563683f,1.3451139656209727f,0f,0f,0f,1f],start_interpolation:0}
execute if entity @s[tag=aj.attack.bone.right_fingers2] run data modify entity @s {} merge value {transformation:[0.6187619021947709f,0.7012517789419692f,-0.3540898910206735f,3.079871407554222f,0.415695853887205f,-0.6747377632720181f,-0.6098572848426604f,0.3699251020581258f,-0.6665813269611567f,0.2301627540359164f,-0.709009478922042f,0.8279481182249576f,0f,0f,0f,1f],start_interpolation:0}
execute if entity @s[tag=aj.attack.bone.right_fingers] run data modify entity @s {} merge value {transformation:[0.9026049967635018f,-0.24479495275541688f,-0.3540898910206735f,2.91940053507428f,-0.4212963328161675f,-0.6712551616784689f,-0.6098572848426604f,0.06776498152182338f,-0.08839468181518789f,0.6996370051858936f,-0.709009478922042f,1.1565342251421986f,0f,0f,0f,1f],start_interpolation:0}
execute if entity @s[tag=aj.attack.locator_origin.right_hand] at @s on origin run tp @s ^2.93934 ^0.20459 ^1.02013 ~-26.53823 ~-37.57918
execute if entity @s[tag=aj.attack.bone.right_hand] run data modify entity @s {} merge value {transformation:[0.037953461287868306f,-0.9344409472263285f,-0.3540898910206735f,2.2525686344059572f,-0.7668736765577013f,0.19994713383095125f,-0.6098572848426604f,0.14297390177246672f,0.6406748777493498f,0.2946884114103402f,-0.709009478922042f,1.383614020156409f,0f,0f,0f,1f],start_interpolation:0}
execute if entity @s[tag=aj.attack.bone.right_forearm] run data modify entity @s {} merge value {transformation:[0.05713245225258241f,-1.4066412123874201f,-0.5330218405752414f,0.22428125489244732f,-1.1543973124712077f,0.3009862523471344f,-0.9180359583777983f,0.6133852988267845f,0.9644265798266975f,0.44360306077465134f,-1.0672926480644853f,1.9996174062718997f,0f,0f,0f,1f],start_interpolation:0}
execute if entity @s[tag=aj.attack.bone.right_bicep] run data modify entity @s {} merge value {transformation:[0.21806238514160137f,-0.8702656269032715f,-1.2992269597193f,-1.1054886105015704f,0.5483970568948348f,1.2710461270056972f,-0.7593461457447084f,2.398198775263175f,1.4644499384478398f,-0.3463865466482737f,0.4778147089883734f,1.4175141833317149f,0f,0f,0f,1f],start_interpolation:0}
execute if entity @s[tag=aj.attack.bone.right_shoulder] run data modify entity @s {} merge value {transformation:[0.04742709945062451f,-0.4891180356129202f,-0.8709272170944359f,-1.2384737262783305f,0.4369381981909439f,0.7942242705819943f,-0.42224734336659897f,2.4538311242142203f,0.8982403248570795f,-0.36051540224608614f,0.25138210665039523f,1.0502257295953552f,0f,0f,0f,1f],start_interpolation:0}
execute if entity @s[tag=aj.attack.bone.right_arm] run data modify entity @s {} merge value {transformation:[-0.7859182114965566f,-4.636261363158334e-17f,-1.233644481380117f,-1.0468528617579895f,-0.31929068666679633f,1.4128778172222636f,0.20341060102821962f,2.707884363486129f,1.1916090650240387f,0.37857947012855286f,-0.7591386978354381f,0.7911872765380265f,0f,0f,0f,1f],start_interpolation:0}
execute if entity @s[tag=aj.attack.bone.left_thumb_2] run data modify entity @s {} merge value {transformation:[0.3582882304766659f,-0.9188098248688306f,-0.16558396548702659f,0.49001609168371385f,-0.9011659349868278f,-0.29400381765996986f,-0.3185305524132335f,2.3342813511000835f,0.24398668308171223f,0.2633443770538352f,-0.9333382224857779f,-3.239945765982978f,0f,0f,0f,1f],start_interpolation:0}
execute if entity @s[tag=aj.attack.bone.left_thumb] run data modify entity @s {} merge value {transformation:[-0.2335152152120734f,-0.9712775437200332f,0.045722831601272496f,0.24608132320311094f,-0.9068255963752836f,0.2005675891820875f,-0.3707289844728854f,2.5255957093949366f,0.3509102193198005f,-0.12803349262932984f,-0.9276149215822613f,-3.3284298601873505f,0f,0f,0f,1f],start_interpolation:0}
execute if entity @s[tag=aj.attack.bone.left_fingers2] run data modify entity @s {} merge value {transformation:[0.2717934451155364f,0.8716202831959771f,-0.4079294119251431f,0.7393857449048811f,0.890735441481321f,-0.38831214023192095f,-0.23622881923588715f,1.9908626553042272f,-0.3643057733296363f,-0.2991517402086608f,-0.8819237721304635f,-3.604848619239199f,0f,0f,0f,1f],start_interpolation:0}
execute if entity @s[tag=aj.attack.bone.left_fingers] run data modify entity @s {} merge value {transformation:[-0.8919918644520475f,0.19479247582431747f,-0.4079294119251431f,0.7864571385419921f,0.3092017863097301f,0.9211895572059482f,-0.23622881923588715f,2.438149898619964f,0.3297647177825917f,-0.33684668776305654f,-0.8819237721304635f,-3.7556427666192764f,0f,0f,0f,1f],start_interpolation:0}
execute if entity @s[tag=aj.attack.bone.left_hand] run data modify entity @s {} merge value {transformation:[-0.2335152152120734f,-0.8826461573874699f,-0.4079294119251431f,0.16679202635090418f,-0.9068255963752836f,0.34908921885533795f,-0.23622881923588715f,2.7340493591498642f,0.3509102193198005f,0.31475780868487435f,-0.8819237721304635f,-3.581444440768505f,0f,0f,0f,1f],start_interpolation:0}
execute if entity @s[tag=aj.attack.bone.left_forearm] run data modify entity @s {} merge value {transformation:[-0.3515172643191779f,-1.328673004561616f,-0.6140680417120992f,-1.757183692453543f,-1.365071019303609f,0.5254941829118236f,-0.35560213160300874f,3.454116820597196f,0.5282353880234927f,0.4738141098494281f,-1.327585576964674f,-2.8782253906185313f,0f,0f,0f,1f],start_interpolation:0}
execute if entity @s[tag=aj.attack.bone.left_bicep] run data modify entity @s {} merge value {transformation:[-0.096844490105791f,1.4882825860755255f,-0.5182086903603031f,0.4784199805835595f,-1.4530085320617157f,0.11669023452625306f,0.6066743384770052f,3.449334062603352f,0.610156954017942f,0.514103580219978f,1.362464736539259f,-2.050152203569548f,0f,0f,0f,1f],start_interpolation:0}
execute if entity @s[tag=aj.attack.bone.left_shoulder] run data modify entity @s {} merge value {transformation:[-0.061336942820155255f,0.9426112294321289f,-0.32821006930611935f,0.6908973034724987f,-0.9202702306647581f,0.0739063444393033f,0.3842402305899946f,3.237666123725318f,0.386445962584305f,0.3256100772397405f,0.8629238643137761f,-1.875086313330788f,0f,0f,0f,1f],start_interpolation:0}
execute if entity @s[tag=aj.attack.bone.left_arm] run data modify entity @s {} merge value {transformation:[-0.7859182114965566f,-4.636261363158334e-17f,-1.233644481380117f,0.48551756175302774f,-0.31929068666679633f,1.4128778172222636f,0.20341060102821962f,3.2700617372546756f,1.1916090650240387f,0.37857947012855286f,-0.7591386978354381f,-1.5483687018040961f,0f,0f,0f,1f],start_interpolation:0}
execute if entity @s[tag=aj.attack.bone.chest] run data modify entity @s {} merge value {transformation:[-1.109771520680542f,-6.546725534540193e-17f,-1.74199234990799f,-0.0465701219864665f,-0.4508607965790822f,1.995082364574302f,0.28723000526451015f,3.759770003629427f,1.6826353999741108f,0.5345807084212589f,-1.0719569731054284f,-0.017658749588440714f,0f,0f,0f,1f],start_interpolation:0}
execute if entity @s[tag=aj.attack.bone.weist] run data modify entity @s {} merge value {transformation:[-1.3429590119151622f,-6.622200769909015e-17f,-1.600476227156664f,0.04657012198646659f,-0.4142337288219728f,2.018083070843716f,0.347583369075707f,0.22992386676488574f,1.545941322172311f,0.5407437290914938f,-1.2971987932565037f,-0.8582477931407215f,0f,0f,0f,1f],start_interpolation:0}
execute if entity @s[tag=aj.attack.bone.right_foot] run data modify entity @s {} merge value {transformation:[-0.9044593150539747f,-0.126917446320947f,-0.6701689799083997f,0.9471086622394798f,-0.07374327042106031f,1.1247073329669912f,-0.1134746563682129f,-6.828740584475174f,0.6780829078215305f,-0.04697370955808315f,-0.9062440030867247f,0.7698967043159903f,0f,0f,0f,1f],start_interpolation:0}
execute if entity @s[tag=aj.attack.bone.right_knee] run data modify entity @s {} merge value {transformation:[-2.491328374202685f,-0.023731798031508024f,-1.8786386171460903f,0.9570188452651285f,-0.20312544627341864f,3.1052111829718734f,0.2301453505948343f,-2.8814176859459275f,1.867775764150132f,0.3060451455037089f,-2.4807888632337867f,1.2696063508443562f,0f,0f,0f,1f],start_interpolation:0}
execute if entity @s[tag=aj.attack.bone.right_thigh] run data modify entity @s {} merge value {transformation:[-1.9024022606364412f,-1.3322830558503902f,-0.5322347845300506f,-0.8331394134330388f,-0.15510854056202364f,1.069770813556921f,-2.1234213230423507f,-1.5959704331077027f,1.426251502160304f,-1.6607223228463432f,-0.9408476959794123f,-1.1106960418899168f,0f,0f,0f,1f],start_interpolation:0}
execute if entity @s[tag=aj.attack.bone.right_leg] run data modify entity @s {} merge value {transformation:[-0.870910820419012f,-3.6035188824684296e-17f,-0.7307809482018951f,-0.8109449999999999f,-0.18914002719272918f,1.0981546324025329f,0.2254083069103016f,-1.5829394681895907f,0.7058801912282243f,0.2942496469167551f,-0.8412352538373247f,-1.1231060465501201f,0f,0f,0f,1f],start_interpolation:0}
execute if entity @s[tag=aj.attack.bone.left_foot] run data modify entity @s {} merge value {transformation:[0.29564198618490084f,0.08062069256980704f,-1.0905857473551595f,1.3135387817472663f,-0.16195189896142004f,1.1205075650640002f,0.038929827345314486f,-6.799808448738396f,1.0815029129999778f,0.14575408386700756f,0.30395451733549284f,-4.594454602432392f,0f,0f,0f,1f],start_interpolation:0}
execute if entity @s[tag=aj.attack.bone.left_knee] run data modify entity @s {} merge value {transformation:[0.7472953667474069f,1.0338161274532922f,-2.847689795190676f,2.7253298526743146f,-1.1034776735959333f,2.824446237816271f,0.7358014635338782f,-3.2141700325185516f,2.821426940200817f,0.8308375199043242f,1.0420280019299222f,-3.603894595167032f,0f,0f,0f,1f],start_interpolation:0}
execute if entity @s[tag=aj.attack.bone.left_thigh] run data modify entity @s {} merge value {transformation:[0.3925285602099288f,-1.6084456347844764f,-1.7135373755499843f,0.41351912885969067f,-1.1943613895632157f,1.3596804210305118f,-1.5498891546918316f,-1.5329634490494513f,2.0240574518981895f,1.1142522877039553f,-0.5822539298333306f,-2.070285677343794f,0f,0f,0f,1f],start_interpolation:0}
execute if entity @s[tag=aj.attack.bone.left_leg] run data modify entity @s {} merge value {transformation:[-0.8382056890371847f,-3.6035188824684296e-17f,-0.7680740031035262f,0.31094500000000025f,-0.19879218005132526f,1.0981546324025329f,0.21694359603610455f,-1.32412042308707f,0.741902516098926f,0.2942496469167551f,-0.8096445227834405f,-2.0890318728391883f,0f,0f,0f,1f],start_interpolation:0}