execute if entity @s[tag=aj.attack.bone.right_thumb_2] run data modify entity @s {} merge value {transformation:[-0.3329024293180728f,0.9235966629173281f,-0.19011884914994812f,-3.126320873651582f,0.49726617272391926f,0.000643594810919676f,-0.867597798089774f,-0.22798549967778528f,-0.8011880715653661f,-0.3833650871345675f,-0.4594876319855355f,-2.9784876172985744f,0f,0f,0f,1f],start_interpolation:0}
execute if entity @s[tag=aj.attack.bone.right_thumb] run data modify entity @s {} merge value {transformation:[-0.5952514216590704f,0.7611776491210802f,-0.25745743627124296f,-2.9959904481716824f,0.4740820192857254f,0.07398184489374118f,-0.8773670415601941f,-0.13681692935458323f,-0.6487850059941462f,-0.644309920073115f,-0.40489843528044367f,-3.258910622542575f,0f,0f,0f,1f],start_interpolation:0}
execute if entity @s[tag=aj.attack.bone.right_fingers2] run data modify entity @s {} merge value {transformation:[0.11750102830159234f,-0.9923702609727896f,-0.0373466663152912f,-3.596967507608533f,-0.538013477859982f,-0.03200315129595736f,-0.842328496459745f,-0.5579702937422846f,0.8347065388440865f,0.11906747433252017f,-0.5376689786169553f,-2.8714459775830137f,0f,0f,0f,1f],start_interpolation:0}
execute if entity @s[tag=aj.attack.bone.right_fingers] run data modify entity @s {} merge value {transformation:[-0.9685434340155121f,-0.24602610215294923f,-0.0373466663152912f,-3.6682726469166926f,-0.10195421052827587f,0.529233448496428f,-0.842328496459745f,-0.31026616958133857f,0.22699990172023216f,-0.8120240846502058f,-0.5376689786169553f,-3.2696654057855032f,0f,0f,0f,1f],start_interpolation:0}
execute if entity @s[tag=aj.attack.locator_origin.right_hand] at @s on origin run tp @s ^-3.61854 ^-0.41799 ^-3.11589 ~-3.9734 ~-57.38683
execute if entity @s[tag=aj.attack.bone.right_hand] run data modify entity @s {} merge value {transformation:[-0.4104742151516626f,0.9111070986501866f,-0.0373466663152912f,-3.0526248238661697f,0.5034890403689637f,0.19230572087227504f,-0.842328496459745f,-0.16784709827323535f,-0.7602694949318737f,-0.36455776566825954f,-0.5376689786169553f,-3.5899480385316145f,0f,0f,0f,1f],start_interpolation:0}
execute if entity @s[tag=aj.attack.bone.right_forearm] run data modify entity @s {} merge value {transformation:[-0.6178988082324065f,1.3715160895551701f,-0.05621902608217539f,-1.0568195073040383f,0.757916737564412f,0.2894834105458945f,-1.2679816536353345f,0.23252725496388793f,-1.1444558452478852f,-0.5487794375952633f,-0.8093687955239793f,-4.345698171664523f,0f,0f,0f,1f],start_interpolation:0}
execute if entity @s[tag=aj.attack.bone.right_bicep] run data modify entity @s {} merge value {transformation:[-0.10440205982034402f,0.042022437797777666f,1.5748772913059752f,-0.9292802896367709f,1.4921214986340832f,-0.5038381118843117f,0.11235990553250402f,-0.5943188507449254f,0.505547031702977f,1.4957558055307114f,-0.006397421506010014f,-2.202627834935624f,0f,0f,0f,1f],start_interpolation:0}
execute if entity @s[tag=aj.attack.bone.right_shoulder] run data modify entity @s {} merge value {transformation:[-0.07921125410168589f,0.28037449471393655f,0.9566168093534333f,-1.0161883920225758f,0.5370552103739532f,0.8204610063427684f,-0.1959985665284328f,-0.5268245913132983f,-0.8398197891415913f,0.4982307495377182f,-0.21556632849602597f,-1.779864823072606f,0f,0f,0f,1f],start_interpolation:0}
execute if entity @s[tag=aj.attack.bone.right_arm] run data modify entity @s {} merge value {transformation:[-1.2412068482263257f,-4.6362613631583326e-17f,0.7739196996572928f,-1.0313531549364998f,0.20030515765133008f,1.4128778172222634f,0.321247971232647f,-0.823033582725214f,-0.7475490253728581f,0.3785794701285528f,-1.1989137504686638f,-1.1927039565930546f,0f,0f,0f,1f],start_interpolation:0}
execute if entity @s[tag=aj.attack.bone.left_thumb_2] run data modify entity @s {} merge value {transformation:[-0.8914563253420112f,0.40484702032272724f,0.2034809822649963f,-0.8665012663068591f,-0.2481586763545628f,-0.06049540580814164f,-0.9668286183321532f,-3.0642913345886043f,-0.37910802069815125f,-0.9123810585560829f,0.15439531285117633f,3.7624408468926656f,0f,0f,0f,1f],start_interpolation:0}
execute if entity @s[tag=aj.attack.bone.left_thumb] run data modify entity @s {} merge value {transformation:[-0.49802747736938835f,0.8670097273363676f,0.016210012004965746f,-0.5444943244154609f,-0.23797852913645534f,-0.11867630561554215f,-0.963992818518632f,-3.0631873968113315f,-0.8338674063993227f,-0.4839525464232669f,0.26543376076773484f,3.7467851582856855f,0f,0f,0f,1f],start_interpolation:0}
execute if entity @s[tag=aj.attack.bone.left_fingers2] run data modify entity @s {} merge value {transformation:[0.4643345946283345f,-0.7825608851660412f,0.4147189955132063f,-1.1502973660184985f,0.2229277516338298f,-0.3499121892198987f,-0.9098706926738678f,-3.5227218730122f,0.8571444462766041f,0.5149368124765216f,0.011978204109710407f,3.912697068439119f,0f,0f,0f,1f],start_interpolation:0}
execute if entity @s[tag=aj.attack.bone.left_fingers] run data modify entity @s {} merge value {transformation:[0.7391135782581282f,0.530772336501238f,0.4147189955132063f,-0.8619693155782827f,0.3291512339258268f,0.2525763009830541f,-0.9098706926738678f,-3.3955640194961334f,-0.587682383298642f,0.8090030525200351f,0.011978204109710407f,4.267264811803551f,0f,0f,0f,1f],start_interpolation:0}
execute if entity @s[tag=aj.attack.bone.left_hand] run data modify entity @s {} merge value {transformation:[-0.49802747736938835f,0.7615620700544381f,0.4147189955132063f,-0.281757022914358f,-0.23797852913645534f,0.3398551783969548f,-0.9098706926738678f,-3.167682176143988f,-0.8338674063993227f,-0.5518348223618853f,0.011978204109710407f,3.9306493640742595f,0f,0f,0f,1f],start_interpolation:0}
execute if entity @s[tag=aj.attack.bone.left_forearm] run data modify entity @s {} merge value {transformation:[-0.7496952874855638f,1.1464015962799892f,0.624288599916732f,1.347813534667864f,-0.3582360209495395f,0.5115939124836394f,-1.3696548915771765f,-2.435189885751666f,-1.2552449279855873f,-0.830693053283665f,0.018031140010633613f,2.696691670125597f,0f,0f,0f,1f],start_interpolation:0}
execute if entity @s[tag=aj.attack.bone.left_bicep] run data modify entity @s {} merge value {transformation:[-0.23145415037699507f,0.3629998457398196f,1.519066899879849f,1.8465290155120475f,-1.2036582169639338f,0.9371185366944322f,-0.4073326686669442f,-1.1619708599158114f,-0.9952587759235845f,-1.2177619300261435f,0.13935569156132446f,0.7437840834240603f,0f,0f,0f,1f],start_interpolation:0}
execute if entity @s[tag=aj.attack.bone.left_shoulder] run data modify entity @s {} merge value {transformation:[-0.4530210707882297f,-0.36692992357821347f,0.8124865171833761f,1.6448738043046276f,-0.6218427691346988f,0.7831113580227698f,0.006940562702204056f,-1.1278327437970033f,-0.6388141199885735f,-0.5020946445826922f,-0.5829386657141594f,0.4631281377596842f,0f,0f,0f,1f],start_interpolation:0}
execute if entity @s[tag=aj.attack.bone.left_arm] run data modify entity @s {} merge value {transformation:[-1.2412068482263257f,-4.6362613631583326e-17f,0.7739196996572928f,1.3887315763481416f,0.20030515765133008f,1.4128778172222634f,0.321247971232647f,-1.2739556541217967f,-0.7475490253728581f,0.3785794701285528f,-1.1989137504686638f,0.24867866754092582f,0f,0f,0f,1f],start_interpolation:0}
execute if entity @s[tag=aj.attack.bone.chest] run data modify entity @s {} merge value {transformation:[-1.7526709411813493f,-6.546725534540193e-17f,1.0928287821932796f,0.03182948628182398f,0.2828449018678152f,1.995082364574302f,0.4536246193754931f,-0.3000585944995704f,-1.05559154443252f,0.5345807084212589f,-1.6929501270734337f,-0.027628557098457518f,0f,0f,0f,1f],start_interpolation:0}
execute if entity @s[tag=aj.attack.bone.weist] run data modify entity @s {} merge value {transformation:[-1.8093637821160602f,-6.622200769909015e-17f,1.0446366666666669f,-0.03182948628182387f,0.2703718645457469f,2.018083070843716f,0.46829780633036405f,-3.835247535106117f,-1.0090415354218583f,0.5407437290914938f,-1.747711206297969f,-0.8482779856307048f,0f,0f,0f,1f],start_interpolation:0}
execute if entity @s[tag=aj.attack.bone.right_foot] run data modify entity @s {} merge value {transformation:[-0.8316837703053542f,0.03431963727699978f,0.7683784361288688f,-2.3073989156771817f,0.016874433731200816f,1.1322334976605564f,-0.03230654208661668f,-10.754887339018584f,-0.7689593696008405f,-0.012272802146136045f,-0.8317644009156439f,-1.2556142413198115f,0f,0f,0f,1f],start_interpolation:0}
execute if entity @s[tag=aj.attack.bone.right_knee] run data modify entity @s {} merge value {transformation:[-2.258930873119544f,-0.1684285940541899f,2.1460257312879727f,-2.623970835577016f,0.4531590748124035f,3.0038625062177875f,0.7127553695567184f,-6.946878530038285f,-2.1043862486626153f,0.8276503927514901f,-2.1501434054489867f,-0.14655286426540193f,0f,0f,0f,1f],start_interpolation:0}
execute if entity @s[tag=aj.attack.bone.right_thigh] run data modify entity @s {} merge value {transformation:[-1.7249412980412075f,1.4959101137458806f,0.681334585904125f,-0.4788027660600399f,0.3460366193705535f,1.2959618986993124f,-1.9692962659840485f,-5.358227690174972f,-1.606929539342331f,-1.326695917215737f,-1.15544007498294f,-1.9897357565464429f,0f,0f,0f,1f],start_interpolation:0}
execute if entity @s[tag=aj.attack.bone.right_leg] run data modify entity @s {} merge value {transformation:[-0.984578508059836f,-3.6035188824684296e-17f,0.5684466666666668f,-0.4567783333333331f,0.14712482345837757f,1.0981546324025329f,0.25482766928451134f,-5.353210376142182f,-0.5490773162012668f,0.2942496469167551f,-0.9510298089441551f,-1.972238408948503f,0f,0f,0f,1f],start_interpolation:0}
execute if entity @s[tag=aj.attack.bone.left_foot] run data modify entity @s {} merge value {transformation:[-1.0876006226444885f,-0.31543759578961045f,-0.030085896792200063f,2.6096275250675025f,-0.03903477043384791f,0.026636022621828945f,1.131833893023206f,-9.548056031066526f,-0.3144556005551458f,1.087690580018674f,-0.036442143435078934f,-3.296341354175878f,0f,0f,0f,1f],start_interpolation:0}
execute if entity @s[tag=aj.attack.bone.left_knee] run data modify entity @s {} merge value {transformation:[-2.7468292069753235f,-1.4800813179833352f,-0.029187669345155164f,0.7543483715933156f,-0.4047879693451797f,0.6917616347204255f,3.015655129616134f,-8.7702645195902f,-1.423952010342517f,2.658456028047748f,-0.8009591371323929f,0.13646298559851533f,0f,0f,0f,1f],start_interpolation:0}
execute if entity @s[tag=aj.attack.bone.left_thigh] run data modify entity @s {} merge value {transformation:[-1.8861720242558455f,-0.0427945965870769f,1.4553041212963012f,0.7521360993933736f,-0.5564909330795716f,2.222046016220456f,-0.6559083100887458f,-5.823405112476876f,-1.3453844448183865f,-0.8591079631491003f,-1.7689716140568705f,-1.2195958082708824f,0f,0f,0f,1f],start_interpolation:0}
execute if entity @s[tag=aj.attack.bone.left_leg] run data modify entity @s {} merge value {transformation:[-0.984578508059836f,-3.6035188824684296e-17f,0.5684466666666668f,0.7901116666666668f,0.14712482345837757f,1.0981546324025329f,0.25482766928451134f,-5.602302960672504f,-0.5490773162012668f,0.2942496469167551f,-0.9510298089441551f,-1.2840936842649646f,0f,0f,0f,1f],start_interpolation:0}