execute if entity @s[tag=aj.attack.bone.right_thumb_2] run data modify entity @s {} merge value {transformation:[-0.19814760993257874f,-0.8271784746534503f,0.5258453154188955f,-0.2784697660300367f,-0.4358172499389759f,-0.4061830945056523f,-0.8031678643928921f,-2.686948302714628f,0.8779526464073303f,-0.38831825196326164f,-0.2800144386608702f,1.7221013677224397f,0f,0f,0f,1f],start_interpolation:0}
execute if entity @s[tag=aj.attack.bone.right_thumb] run data modify entity @s {} merge value {transformation:[0.05977745982195891f,-0.7994188493505622f,0.5977927388319944f,-0.49878445819077644f,-0.293454692470547f,-0.5864744259798194f,-0.7549384684453806f,-2.898355677399898f,0.9541021951364805f,-0.13029678036952394f,-0.2696511640269432f,1.8255573885111087f,0f,0f,0f,1f],start_interpolation:0}
execute if entity @s[tag=aj.attack.bone.right_fingers2] run data modify entity @s {} merge value {transformation:[0.6132559626461196f,0.6617304967635893f,0.43131180592698154f,0.3275836486272219f,0.5318544394613833f,0.05778201863209817f,-0.8448621742911778f,-2.6564503059540945f,-0.5839931330967847f,0.747511864772602f,-0.31650913497083855f,1.772413179634374f,0f,0f,0f,1f],start_interpolation:0}
execute if entity @s[tag=aj.attack.bone.right_fingers] run data modify entity @s {} merge value {transformation:[0.8315691569972852f,-0.3499469434054682f,0.43131180592698154f,0.12717185193066372f,0.23620226813567213f,-0.48001707779989083f,-0.8448621742911778f,-2.900887092634947f,0.5026939681937592f,0.8044381528878547f,-0.31650913497083855f,2.126116781648846f,0f,0f,0f,1f],start_interpolation:0}
execute if entity @s[tag=aj.attack.locator_origin.right_hand] at @s on origin run tp @s ^0.18149 ^-2.81793 ^1.95911 ~53.7277 ~-57.65717
execute if entity @s[tag=aj.attack.bone.right_hand] run data modify entity @s {} merge value {transformation:[-0.12279685531551521f,-0.8938070588178557f,0.43131180592698154f,-0.49808418279330935f,-0.4025272470167993f,-0.35239143272937135f,-0.8448621742911778f,-3.1992181118906573f,0.9071343603533586f,-0.2773611720236173f,-0.31650913497083855f,1.9779955720636098f,0f,0f,0f,1f],start_interpolation:0}
execute if entity @s[tag=aj.attack.bone.right_forearm] run data modify entity @s {} merge value {transformation:[-0.1848496878813918f,-1.3454738350110673f,0.6492662413895584f,-2.4355086732016886f,-0.6059360053124262f,-0.5304651017709774f,-1.271795672773927f,-3.9422927180940417f,1.3655358107254214f,-0.41751986194800195f,-0.47645043238804f,1.3385245237278467f,0f,0f,0f,1f],start_interpolation:0}
execute if entity @s[tag=aj.attack.bone.right_bicep] run data modify entity @s {} merge value {transformation:[-0.7842864720431233f,0.45280800575587904f,-1.2933537017142602f,-1.7740307605134547f,0.4726496223624598f,1.4881423002250143f,0.2343906713290266f,-1.7990383750465355f,1.286235290409659f,-0.27074261254710463f,-0.8747578942201052f,0.8270570323171514f,0f,0f,0f,1f],start_interpolation:0}
execute if entity @s[tag=aj.attack.bone.right_shoulder] run data modify entity @s {} merge value {transformation:[-0.5735764363510465f,-3.169619151431765e-17f,-0.8191520442889917f,-1.595125100310109f,-0.21201214989665462f,0.9659258262890683f,0.14845250554968456f,-1.4994998001591975f,0.7912401152362237f,0.25881904510252074f,-0.5540322932223236f,0.6428011927416221f,0f,0f,0f,1f],start_interpolation:0}
execute if entity @s[tag=aj.attack.bone.right_arm] run data modify entity @s {} merge value {transformation:[-1.1205075702834384f,-4.6362613631583326e-17f,-0.9402174889561826f,-1.3173603006502186f,-0.24334619268032906f,1.4128778172222634f,0.2900086993709051f,-1.264145036900023f,0.9081803549114336f,0.3785794701285528f,-1.0823272006891864f,0.4535464021879215f,0f,0f,0f,1f],start_interpolation:0}
execute if entity @s[tag=aj.attack.bone.left_thumb_2] run data modify entity @s {} merge value {transformation:[0.5816449546940435f,-0.7598291186820447f,0.2904287469962851f,2.028514709456558f,-0.76606785968559f,-0.631732959653986f,-0.11854746747001713f,-0.06087493920822354f,0.27354922963829337f,-0.15353559225692032f,-0.9495249553722186f,-3.0247365437003695f,0f,0f,0f,1f],start_interpolation:0}
execute if entity @s[tag=aj.attack.bone.left_thumb] run data modify entity @s {} merge value {transformation:[0.040635540682851135f,-0.8705113144074469f,0.4904679442349237f,1.7730042988363965f,-0.989873211994304f,-0.10189417920396317f,-0.09883623030261066f,0.056001036175842844f,0.1360138853554754f,-0.48148481568266577f,-0.8658363559342711f,-3.1828163537121634f,0f,0f,0f,1f],start_interpolation:0}
execute if entity @s[tag=aj.attack.bone.left_fingers2] run data modify entity @s {} merge value {transformation:[0.0029625835406967282f,0.99944788621943f,0.03309298762998403f,2.4977879781083616f,0.9908827669329576f,0.0015234993013796688f,-0.1347183029330653f,-0.20497670824691955f,-0.13469434024505575f,0.033190385375777f,-0.9903311734084499f,-3.293610113195539f,0f,0f,0f,1f],start_interpolation:0}
execute if entity @s[tag=aj.attack.bone.left_fingers] run data modify entity @s {} merge value {transformation:[-0.9959028914397398f,-0.08415631284513561f,0.03309298762998403f,2.4119378305756953f,-0.08787882545447767f,0.9869793771359039f,-0.1347183029330653f,0.25568886184476913f,-0.02132470067100721f,-0.13707452030459702f,-0.9903311734084499f,-3.3673492053837006f,0f,0f,0f,1f],start_interpolation:0}
execute if entity @s[tag=aj.attack.bone.left_hand] run data modify entity @s {} merge value {transformation:[0.040635540682851135f,-0.9986258593703323f,0.03309298762998403f,1.7062643203637915f,-0.989873211994304f,-0.044743748512109494f,-0.1347183029330653f,0.2820679245053451f,0.1360138853554754f,-0.02728351088021902f,-0.9903311734084499f,-3.4240540621091253f,0f,0f,0f,1f],start_interpolation:0}
execute if entity @s[tag=aj.attack.bone.left_forearm] run data modify entity @s {} merge value {transformation:[0.06116986459316574f,-1.5032606326977267f,0.04981583949155418f,-0.46008370993550907f,-1.4900850173170428f,-0.0673540696612767f,-0.2027953906889788f,0.14303393059959696f,0.20474566869725339f,-0.04107066469706104f,-1.4907743999909644f,-3.472038520375136f,0f,0f,0f,1f],start_interpolation:0}
execute if entity @s[tag=aj.attack.bone.left_bicep] run data modify entity @s {} merge value {transformation:[-0.6504626716997177f,1.0460329782130726f,-0.9877335061950667f,1.0504206306527757f,-1.4013123237760636f,-0.21519608467209378f,0.694923430616334f,-0.3563534487657747f,0.3257702288470184f,1.1629315593262295f,1.0170388902910596f,-1.6964707961880217f,0f,0f,0f,1f],start_interpolation:0}
execute if entity @s[tag=aj.attack.bone.left_shoulder] run data modify entity @s {} merge value {transformation:[-0.41197379073510415f,0.6625102254404388f,-0.6255859628653826f,1.1077602587909388f,-0.8875281782447181f,-0.13629551796116296f,0.4401332350610559f,-0.6106489454058643f,0.20632820594615958f,0.7365485272339886f,0.6441466746483147f,-1.4670280746875064f,0f,0f,0f,1f],start_interpolation:0}
execute if entity @s[tag=aj.attack.bone.left_arm] run data modify entity @s {} merge value {transformation:[-1.1205075702834384f,-4.6362613631583326e-17f,-0.9402174889561826f,0.8673869604584608f,-0.24334619268032906f,1.4128778172222634f,0.2900086993709051f,-0.8500429904505489f,0.9081803549114336f,0.3785794701285528f,-1.0823272006891864f,-1.3333849312520298f,0f,0f,0f,1f],start_interpolation:0}
execute if entity @s[tag=aj.attack.bone.chest] run data modify entity @s {} merge value {transformation:[-1.5822351130400791f,-6.546725534540193e-17f,-1.3276528997876713f,-0.0465701219864665f,-0.3436218557506378f,1.995082364574302f,0.40951258108471217f,-0.3027299963705734f,1.2824142242524839f,0.5345807084212589f,-1.5283217589468157f,-0.017658749588440825f,0f,0f,0f,1f],start_interpolation:0}
execute if entity @s[tag=aj.attack.bone.weist] run data modify entity @s {} merge value {transformation:[-1.600476227156665f,-6.622200769909015e-17f,-1.3429590119151613f,0.04657012198646659f,-0.34758336907570686f,2.018083070843716f,0.414233728821973f,-3.832576133235114f,1.2971987932565028f,0.5407437290914938f,-1.545941322172312f,-0.8582477931407215f,0f,0f,0f,1f],start_interpolation:0}
execute if entity @s[tag=aj.attack.bone.right_foot] run data modify entity @s {} merge value {transformation:[-1.080548760291658f,0.023846391203034265f,-0.33930351996222075f,-0.3611411075556206f,0.016542571290852112f,1.1323796850227845f,0.02690250328104988f,-10.779230177732744f,0.33973794661069046f,0.02070630276731378f,-1.0804769914525991f,0.4361518274004663f,0f,0f,0f,1f],start_interpolation:0}
execute if entity @s[tag=aj.attack.bone.right_knee] run data modify entity @s {} merge value {transformation:[-2.97636581482219f,0.2664143384032519f,-0.8982389753449657f,-0.02196695118038894f,0.04556642466191105f,3.0291591135991993f,0.7474503900729581f,-6.944698703853415f,0.9358063675136788f,0.6998441147640264f,-2.8932763396759706f,1.4423800695455644f,0f,0f,0f,1f],start_interpolation:0}
execute if entity @s[tag=aj.attack.bone.right_thigh] run data modify entity @s {} merge value {transformation:[-2.272781506135609f,-0.6098790423454599f,-0.3740296072775258f,-0.8054809710171534f,0.03479495926091325f,1.1499851401080077f,-2.0865545419147904f,-5.553581045072994f,0.7145907249764908f,-1.9957374825570107f,-1.08801579241251f,-1.3814078389241224f,0f,0f,0f,1f],start_interpolation:0}
execute if entity @s[tag=aj.attack.bone.right_leg] run data modify entity @s {} merge value {transformation:[-1.0503524813151983f,-3.6035188824684296e-17f,-0.4350702430329879f,-0.7796949999999999f,-0.1126044648543196f,1.0981546324025329f,0.27185122623506286f,-5.542461429682973f,0.4202455839954246f,0.2942496469167551f,-1.014562588409156f,-1.3866845900344669f,0f,0f,0f,1f],start_interpolation:0}
execute if entity @s[tag=aj.attack.bone.left_foot] run data modify entity @s {} merge value {transformation:[-0.3399370525915403f,0.5923045581479878f,-0.9038247966682996f,-0.9620566947404678f,-0.3973071743171326f,0.8126196040631093f,0.6819659380998818f,-10.162541850155705f,1.0049233612129396f,0.5216376538263251f,-0.036115766626986685f,-5.940757834713672f,0f,0f,0f,1f],start_interpolation:0}
execute if entity @s[tag=aj.attack.bone.left_knee] run data modify entity @s {} merge value {transformation:[-1.2669868265981676f,1.8960572516437846f,-2.129853187403652f,1.545038455807175f,-1.5530468492451899f,1.4958089061299058f,2.2554743449150156f,-8.320017815419774f,2.391516921423319f,1.9758759918095183f,0.33633941147962215f,-3.4606882600171565f,0f,0f,0f,1f],start_interpolation:0}
execute if entity @s[tag=aj.attack.bone.left_thigh] run data modify entity @s {} merge value {transformation:[-1.2686847658461438f,-0.5688147547781409f,-1.935012947683049f,0.5723804655090307f,-1.2820693472662468f,1.9921529505763853f,0.254972897294098f,-5.635358295987336f,1.5569597046021006f,1.1769293794875417f,-1.3667845777549785f,-1.9213960816114242f,0f,0f,0f,1f],start_interpolation:0}
execute if entity @s[tag=aj.attack.bone.left_leg] run data modify entity @s {} merge value {transformation:[-1.0406115185343716f,-3.6035188824684296e-17f,-0.4578800267224658f,0.4984450000000002f,-0.11850807128782531f,1.0981546324025329f,0.26933007954975013f,-5.418972803724885f,0.4422781431531585f,0.2942496469167551f,-1.005153540886235f,-1.9682911445530547f,0f,0f,0f,1f],start_interpolation:0}