# This file was generated by Animated Java via MC-Build. It is not recommended to edit this file directly.
$data merge entity $(bone_neck) { transformation: [-1f,-1.4049790231722162e-17f,1.2165607761662868e-16f,1.1691590448686803e-16f,0f,0.9933972611640383f,0.11472524356822043f,4.654493935185185f,-1.2246467991473532e-16f,0.11472524356822043f,-0.9933972611640383f,-0.9546908101851852f,0f,0f,0f,1f], start_interpolation: 0, interpolation_duration: 1 }
$data merge entity $(bone_left_fingers_2) { transformation: [-1f,-1.1314105047591855e-17f,1.2194092362119715e-16f,2.80162f,0f,0.9957232053037428f,0.09238667879970919f,0.22519075917795392f,-1.2246467991473532e-16f,0.09238667879970919f,-0.9957232053037428f,0.6468141029716916f,0f,0f,0f,1f], start_interpolation: 0, interpolation_duration: 1 }
$data merge entity $(bone_left_fingers) { transformation: [-1f,-1.1314105047591855e-17f,1.2194092362119715e-16f,2.81537f,0f,0.9957232053037428f,0.09238667879970919f,0.28419485954450385f,-1.2246467991473532e-16f,0.09238667879970919f,-0.9957232053037428f,0.07349143750521081f,0f,0f,0f,1f], start_interpolation: 0, interpolation_duration: 1 }
$data merge entity $(bone_left_index_finger_2) { transformation: [-1f,-1.1314105047591855e-17f,1.2194092362119715e-16f,2.354745f,0f,0.9957232053037428f,0.09238667879970919f,0.22519075917795392f,-1.2246467991473532e-16f,0.09238667879970919f,-0.9957232053037428f,0.6468141029716916f,0f,0f,0f,1f], start_interpolation: 0, interpolation_duration: 1 }
$data merge entity $(bone_left_index_finger) { transformation: [-1f,-1.1314105047591855e-17f,1.2194092362119715e-16f,2.354745f,0f,0.9957232053037428f,0.09238667879970919f,0.28419485954450385f,-1.2246467991473532e-16f,0.09238667879970919f,-0.9957232053037428f,0.07349143750521081f,0f,0f,0f,1f], start_interpolation: 0, interpolation_duration: 1 }
$data merge entity $(bone_left_thumb) { transformation: [-1f,-6.431996925231687e-19f,1.22462990820795e-16f,2.092398125f,0f,0.9999862075012852f,0.00525212406524872f,0.09534368522205666f,-1.2246467991473532e-16f,0.00525212406524872f,-0.9999862075012852f,-0.7155793389897505f,0f,0f,0f,1f], start_interpolation: 0, interpolation_duration: 1 }
$data merge entity $(bone_left_hand) { transformation: [-1f,-1.1314105047591855e-17f,1.2194092362119715e-16f,2.698495f,0f,0.9957232053037428f,0.09238667879970919f,0.2340253063613611f,-1.2246467991473532e-16f,0.09238667879970919f,-0.9957232053037428f,-0.6495634180616365f,0f,0f,0f,1f], start_interpolation: 0, interpolation_duration: 1 }
$data merge entity $(bone_left_forearm) { transformation: [-2.001329166666667f,-1.4332354777636172e-16f,1.9881779518879263e-16f,2.682625f,0f,1.6234705004513734f,1.1703255818424474f,2.167209132739761f,-2.4509213579985735e-16f,1.1703255818424474f,-1.6234705004513734f,-1.7753580984040034f,0f,0f,0f,1f], start_interpolation: 0, interpolation_duration: 1 }
$data merge entity $(bone_left_bicep) { transformation: [-2.46898625f,-2.6352725080892557e-17f,3.0121302599489216e-16f,1.816573125f,0f,2.459591011911421f,0.21518633045250543f,6.016859973628977f,-3.0236361082013267e-16f,0.21518633045250543f,-2.459591011911421f,-1.283005369267439f,0f,0f,0f,1f], start_interpolation: 0, interpolation_duration: 1 }
$data merge entity $(bone_left_shoulder) { transformation: [-1.2327766666666666f,-1.3158041922188019e-17f,1.5039710737253525e-16f,1.374329375f,0f,1.2280855792645484f,0.10744356602531564f,3.8311883266945697f,-1.5097159988968769e-16f,0.10744356602531564f,-1.2280855792645484f,-1.240658688152048f,0f,0f,0f,1f], start_interpolation: 0, interpolation_duration: 1 }
$data merge entity $(bone_right_fingers_2) { transformation: [-1f,-1.1314105047591855e-17f,1.2194092362119715e-16f,-2.80162f,0f,0.9957232053037428f,0.09238667879970919f,0.2251885682582414f,-1.2246467991473532e-16f,0.09238667879970919f,-0.9957232053037428f,0.6468157022357623f,0f,0f,0f,1f], start_interpolation: 0, interpolation_duration: 1 }
$data merge entity $(bone_right_fingers) { transformation: [-1f,-1.1314105047591855e-17f,1.2194092362119715e-16f,-2.81537f,0f,0.9957232053037428f,0.09238667879970919f,0.28419301507483685f,-1.2246467991473532e-16f,0.09238667879970919f,-0.9957232053037428f,0.07348930280726151f,0f,0f,0f,1f], start_interpolation: 0, interpolation_duration: 1 }
$data merge entity $(bone_right_index_finger_2) { transformation: [-1f,-1.1314105047591855e-17f,1.2194092362119715e-16f,-2.354745f,0f,0.9957232053037428f,0.09238667879970919f,0.2251886259999157f,-1.2246467991473532e-16f,0.09238667879970919f,-0.9957232053037428f,0.646815079908759f,0f,0f,0f,1f], start_interpolation: 0, interpolation_duration: 1 }
$data merge entity $(bone_right_index_finger) { transformation: [-1f,-1.1314105047591855e-17f,1.2194092362119715e-16f,-2.354745f,0f,0.9957232053037428f,0.09238667879970919f,0.28419272636646564f,-1.2246467991473532e-16f,0.09238667879970919f,-0.9957232053037428f,0.07349241444227816f,0f,0f,0f,1f], start_interpolation: 0, interpolation_duration: 1 }
$data merge entity $(bone_right_thumb) { transformation: [-1f,-6.431996925231687e-19f,1.22462990820795e-16f,-2.092398125f,0f,0.9999862075012852f,0.00525212406524872f,0.09534155204401845f,-1.2246467991473532e-16f,0.00525212406524872f,-0.9999862075012852f,-0.715578362052683f,0f,0f,0f,1f], start_interpolation: 0, interpolation_duration: 1 }
$data merge entity $(bone_right_hand) { transformation: [-1f,-1.1314105047591855e-17f,1.2194092362119715e-16f,-2.698495f,0f,0.9957232053037428f,0.09238667879970919f,0.23402317318332289f,-1.2246467991473532e-16f,0.09238667879970919f,-0.9957232053037428f,-0.6495624411245693f,0f,0f,0f,1f], start_interpolation: 0, interpolation_duration: 1 }
$data merge entity $(bone_right_forearm) { transformation: [-2.00133125f,-1.4332369697257064e-16f,1.9881800215311753e-16f,-2.682625f,0f,1.6234721904433371f,1.1703268001219467f,2.167206291993026f,-2.450923909346071e-16f,1.1703268001219467f,-1.6234721904433371f,-1.7753614838741316f,0f,0f,0f,1f], start_interpolation: 0, interpolation_duration: 1 }
$data merge entity $(bone_right_bicep) { transformation: [-2.46898625f,-2.6352725080892557e-17f,3.0121302599489216e-16f,-1.816573125f,0f,2.459591011911421f,0.21518633045250543f,6.016859973628977f,-3.0236361082013267e-16f,0.21518633045250543f,-2.459591011911421f,-1.2830053692674395f,0f,0f,0f,1f], start_interpolation: 0, interpolation_duration: 1 }
$data merge entity $(bone_right_shoulder) { transformation: [-1.2327766666666666f,-1.3158041922188019e-17f,1.5039710737253525e-16f,-1.374329375f,0f,1.2280855792645484f,0.10744356602531564f,3.8311883266945697f,-1.5097159988968769e-16f,0.10744356602531564f,-1.2280855792645484f,-1.2406586881520485f,0f,0f,0f,1f], start_interpolation: 0, interpolation_duration: 1 }
$data merge entity $(bone_chest) { transformation: [-4.0674850000000005f,1.3726268436505939e-16f,4.788378914202243e-16f,8.807466294508446e-17f,0f,3.91000810808153f,-1.1208348763139464f,4.177140830282476f,-4.981232485829872e-16f,-1.1208348763139464f,-3.91000810808153f,-0.7191842007540907f,0f,0f,0f,1f], start_interpolation: 0, interpolation_duration: 1 }
$data merge entity $(bone_weist) { transformation: [-1.0999999999999999f,3.71209611840155e-17f,1.2949566637916224e-16f,4.048369795717448e-16f,0f,1.0574123614198163f,-0.3031156510584159f,3.625478975639345f,-1.3471114790620883e-16f,-0.3031156510584159f,-1.0574123614198163f,-3.305744806205414f,0f,0f,0f,1f], start_interpolation: 0, interpolation_duration: 1 }
$data merge entity $(bone_right_fingers2) { transformation: [-0.9959519750996041f,-0.07019086248939228f,0.05615074459161881f,1.4644426220345623f,-0.07126324597992556f,0.9973070346294498f,-0.01732710163351458f,0.0741947278382552f,-0.05478332837280521f,-0.021258445418438975f,-0.9982719396190542f,-5.4348613089597f,0f,0f,0f,1f], start_interpolation: 0, interpolation_duration: 1 }
$data merge entity $(bone_left_foot) { transformation: [-0.973595037934679f,-0.22334920271714773f,0.047199955027366194f,1.2663580259018603f,-0.2228991364150753f,0.9747312728773114f,0.01466017259072444f,0.9160444438321558f,-0.04928161010341057f,0.0037522420751649466f,-0.9987778749977518f,-5.2312791780446535f,0f,0f,0f,1f], start_interpolation: 0, interpolation_duration: 1 }
$data merge entity $(bone_left_knee) { transformation: [-1.543161927722837f,-0.32258607093159547f,0.163888377262334f,1.1944512114626635f,-0.35329828895566023f,1.4983336125513913f,-0.3774210024014663f,0.8433269531284449f,-0.07811205017004888f,-0.4039857929106425f,-1.5306743269809613f,-3.156014015294982f,0f,0f,0f,1f], start_interpolation: 0, interpolation_duration: 1 }
$data merge entity $(bone_left_thigh) { transformation: [-1.561308927900741f,-0.3615622021895777f,0.057369147774500216f,0.784636223147948f,-0.3574529431091569f,1.559909910242575f,0.10301688648330372f,2.6984785520130483f,-0.07903061831436803f,0.08750919600781971f,-1.5993124508656913f,-4.066287139931678f,0f,0f,0f,1f], start_interpolation: 0, interpolation_duration: 1 }
$data merge entity $(bone_left_leg) { transformation: [-0.973595037934679f,-0.22812613810023805f,0.0084360668822658f,0.5257450000000006f,-0.2228991364150753f,0.9579659286876565f,0.1806024763368694f,2.93223125f,-0.04928161010341057f,0.1739532827774945f,-0.9835199938570383f,-4.32689275462963f,0f,0f,0f,1f], start_interpolation: 0, interpolation_duration: 1 }
$data merge entity $(bone_left_fingers2) { transformation: [-0.9959519754763446f,0.07019085888126092f,-0.056150742419645114f,-1.462495840592132f,0.07126324147733912f,0.9973070352181436f,-0.017327086268014005f,0.08051539076840797f,0.05478332738077232f,-0.021258429714060625f,-0.9982719400079237f,-5.4249894789176585f,0f,0f,0f,1f], start_interpolation: 0, interpolation_duration: 1 }
$data merge entity $(bone_right_foot) { transformation: [-0.9735950382923926f,0.22334920004764672f,-0.047199960280818444f,-1.2644112457193484f,0.22289913578584888f,0.9747312736500822f,0.014660130777400776f,0.9223651158051026f,0.049281605882481816f,0.0037522002298741586f,-0.9987778753632255f,-5.221407384170343f,0f,0f,0f,1f], start_interpolation: 0, interpolation_duration: 1 }
$data merge entity $(bone_right_knee) { transformation: [-1.543161928289818f,0.3225860646894396f,-0.1638883842102872f,-1.1857770466252913f,0.35329828795832746f,1.4983335965813507f,-0.3774210667349358f,0.8799070798319246f,0.07811204347981701f,-0.4039858571259677f,-1.5306743103742324f,-3.1501000723292423f,0f,0f,0f,1f], start_interpolation: 0, interpolation_duration: 1 }
$data merge entity $(bone_right_thigh) { transformation: [-1.5613089284743895f,0.3615621983428477f,-0.05736915640613279f,-0.7809403485480013f,0.3574529421000958f,1.559909914892169f,0.10301681957914757f,2.7106227320672285f,0.07903061154546157f,0.08750912901923047f,-1.5993124548655766f,-4.0482000914660805f,0f,0f,0f,1f], start_interpolation: 0, interpolation_duration: 1 }
$data merge entity $(bone_right_leg) { transformation: [-0.9735950382923926f,0.22812613636533424f,-0.008436072513882361f,-0.5257449999999995f,0.22289913578584888f,0.9579659365767952f,0.1806024352672615f,2.93223125f,0.049281605882481816f,0.17395324160695766f,-0.9835200013502904f,-4.32689275462963f,0f,0f,0f,1f], start_interpolation: 0, interpolation_duration: 1 }