# This file was generated by Animated Java via MC-Build. It is not recommended to edit this file directly.
$data merge entity $(bone_neck) { transformation: [-1f,2.4764510268777873e-17f,1.1993463577201612e-16f,4.8313005090187686e-17f,0f,0.9793406217655515f,-0.20221757233203802f,4.4455818981481485f,-1.2246467991473532e-16f,-0.20221757233203802f,-0.9793406217655515f,-0.39450562500000064f,0f,0f,0f,1f], start_interpolation: 0, interpolation_duration: 1 }
$data merge entity $(bone_left_fingers_2) { transformation: [-1f,-1.539601668106894e-17f,1.2149304711371273e-16f,2.80162f,0f,0.9920660160815423f,0.1257180167521627f,0.1111560211885281f,-1.2246467991473532e-16f,0.1257180167521627f,-0.9920660160815423f,0.5146546790889401f,0f,0f,0f,1f], start_interpolation: 0, interpolation_duration: 1 }
$data merge entity $(bone_left_fingers) { transformation: [-1f,-1.539601668106894e-17f,1.2149304711371273e-16f,2.81537f,0f,0.9920660160815423f,0.1257180167521627f,0.18934854618618754f,-1.2246467991473532e-16f,0.1257180167521627f,-0.9920660160815423f,-0.05636746726980357f,0f,0f,0f,1f], start_interpolation: 0, interpolation_duration: 1 }
$data merge entity $(bone_left_index_finger_2) { transformation: [-1f,-1.539601668106894e-17f,1.2149304711371273e-16f,2.354745f,0f,0.9920660160815423f,0.1257180167521627f,0.1111560211885281f,-1.2246467991473532e-16f,0.1257180167521627f,-0.9920660160815423f,0.5146546790889401f,0f,0f,0f,1f], start_interpolation: 0, interpolation_duration: 1 }
$data merge entity $(bone_left_index_finger) { transformation: [-1f,-1.539601668106894e-17f,1.2149304711371273e-16f,2.354745f,0f,0.9920660160815423f,0.1257180167521627f,0.18934854618618754f,-1.2246467991473532e-16f,0.1257180167521627f,-0.9920660160815423f,-0.05636746726980357f,0f,0f,0f,1f], start_interpolation: 0, interpolation_duration: 1 }
$data merge entity $(bone_left_thumb) { transformation: [-1f,-4.74861342954109e-18f,1.2237258065888518e-16f,2.092398125f,0f,0.99924795250423f,0.03877537125681671f,0.027058448965897652f,-1.2246467991473532e-16f,0.03877537125681671f,-0.99924795250423f,-0.8513261962020402f,0f,0f,0f,1f], start_interpolation: 0, interpolation_duration: 1 }
$data merge entity $(bone_left_hand) { transformation: [-1f,-1.539601668106894e-17f,1.2149304711371273e-16f,2.698495f,0f,0.9920660160815423f,0.1257180167521627f,0.16344881306560977f,-1.2246467991473532e-16f,0.1257180167521627f,-0.9920660160815423f,-0.7806978560080323f,0f,0f,0f,1f], start_interpolation: 0, interpolation_duration: 1 }
$data merge entity $(bone_left_forearm) { transformation: [-2.001329166666667f,-1.599562741672065e-16f,1.856990721179866e-16f,2.682625f,0f,1.5163479972125637f,1.3061420997349953f,2.1866250382453916f,-2.4509213579985735e-16f,1.3061420997349953f,-1.5163479972125637f,-1.7353555594418295f,0f,0f,0f,1f], start_interpolation: 0, interpolation_duration: 1 }
$data merge entity $(bone_left_bicep) { transformation: [-2.46898625f,-1.0249557658308133e-16f,2.8446161415749995e-16f,1.8165731249999997f,0f,2.32280535380122f,0.8369398969110341f,5.782410621053188f,-3.0236361082013267e-16f,0.8369398969110341f,-2.32280535380122f,-0.27503064726684967f,0f,0f,0f,1f], start_interpolation: 0, interpolation_duration: 1 }
$data merge entity $(bone_left_shoulder) { transformation: [-1.2327766666666666f,-5.117653257411582e-17f,1.4203304716488487e-16f,1.374329375f,0f,1.159787844656711f,0.41788810136724264f,3.658568721168382f,-1.5097159988968769e-16f,0.41788810136724264f,-1.159787844656711f,-0.7929586093505309f,0f,0f,0f,1f], start_interpolation: 0, interpolation_duration: 1 }
$data merge entity $(bone_right_fingers_2) { transformation: [-1f,1.451209543257147e-17f,1.216017965030719e-16f,-2.80162f,0f,0.9929540222351115f,-0.11850025201286896f,0.7877607714517901f,-1.2246467991473532e-16f,-0.11850025201286896f,-0.9929540222351115f,1.6280046189669823f,0f,0f,0f,1f], start_interpolation: 0, interpolation_duration: 1 }
$data merge entity $(bone_right_fingers) { transformation: [-1f,1.451209543257147e-17f,1.216017965030719e-16f,-2.81537f,0f,0.9929540222351115f,-0.11850025201286896f,0.7252096580701821f,-1.2246467991473532e-16f,-0.11850025201286896f,-0.9929540222351115f,1.055054321610831f,0f,0f,0f,1f], start_interpolation: 0, interpolation_duration: 1 }
$data merge entity $(bone_right_index_finger_2) { transformation: [-1f,1.451209543257147e-17f,1.216017965030719e-16f,-2.354745f,0f,0.9929540222351115f,-0.11850025201286896f,0.7877606973891327f,-1.2246467991473532e-16f,-0.11850025201286896f,-0.9929540222351115f,1.6280039983707184f,0f,0f,0f,1f], start_interpolation: 0, interpolation_duration: 1 }
$data merge entity $(bone_right_index_finger) { transformation: [-1f,1.451209543257147e-17f,1.216017965030719e-16f,-2.354745f,0f,0.9929540222351115f,-0.11850025201286896f,0.7252100283834697f,-1.2246467991473532e-16f,-0.11850025201286896f,-0.9929540222351115f,1.0550574245921505f,0f,0f,0f,1f], start_interpolation: 0, interpolation_duration: 1 }
$data merge entity $(bone_right_thumb) { transformation: [-1f,2.505516742180395e-17f,1.1987425249854094e-16f,-2.092398125f,0f,0.978847554919525f,-0.2045909680999316f,0.3750678323565485f,-1.2246467991473532e-16f,-0.2045909680999316f,-0.978847554919525f,0.32314356427607954f,0f,0f,0f,1f], start_interpolation: 0, interpolation_duration: 1 }
$data merge entity $(bone_right_hand) { transformation: [-1f,1.451209543257147e-17f,1.216017965030719e-16f,-2.698495f,0f,0.9929540222351115f,-0.11850025201286896f,0.5245105718994099f,-1.2246467991473532e-16f,-0.11850025201286896f,-0.9929540222351115f,0.3586056772381838f,0f,0f,0f,1f], start_interpolation: 0, interpolation_duration: 1 }
$data merge entity $(bone_right_forearm) { transformation: [-2.00133125f,-7.199889967021992e-17f,2.342785490400687e-16f,-2.682625f,0f,1.9130295298463407f,0.5879156318405304f,1.9945866864668393f,-2.450923909346071e-16f,0.5879156318405304f,-1.9130295298463407f,-1.327661405072614f,0f,0f,0f,1f], start_interpolation: 0, interpolation_duration: 1 }
$data merge entity $(bone_right_bicep) { transformation: [-2.46898625f,-2.6352725080892495e-17f,3.0121302599489206e-16f,-1.816573125f,0f,2.459591011911421f,0.21518633045250515f,5.84424036810279f,-3.0236361082013267e-16f,0.21518633045250515f,-2.459591011911421f,-0.8353052904659224f,0f,0f,0f,1f], start_interpolation: 0, interpolation_duration: 1 }
$data merge entity $(bone_right_shoulder) { transformation: [-1.2327766666666666f,-1.315804192218799e-17f,1.503971073725352e-16f,-1.374329375f,0f,1.2280855792645484f,0.1074435660253155f,3.658568721168382f,-1.5097159988968769e-16f,0.1074435660253155f,-1.2280855792645484f,-0.7929586093505312f,0f,0f,0f,1f], start_interpolation: 0, interpolation_duration: 1 }
$data merge entity $(bone_chest) { transformation: [-4.0674850000000005f,1.1878779040562018e-16f,4.837522419890362e-16f,3.166855756390936e-17f,0f,3.9501368257839182f,-0.9699759186756938f,3.984256601404998f,-4.981232485829872e-16f,-0.9699759186756938f,-3.9501368257839182f,-0.2585933967733247f,0f,0f,0f,1f], start_interpolation: 0, interpolation_duration: 1 }
$data merge entity $(bone_weist) { transformation: [-1.0999999999999999f,3.2124659204934295e-17f,1.3082469048759605e-16f,3.5078994491376827e-16f,0f,1.0682646668303162f,-0.2623177493078064f,3.532251651015906f,-1.3471114790620883e-16f,-0.2623177493078064f,-1.0682646668303162f,-2.8644172765404843f,0f,0f,0f,1f], start_interpolation: 0, interpolation_duration: 1 }
$data merge entity $(bone_right_fingers2) { transformation: [-0.9869812709921468f,-0.052558881306374136f,0.1520050482929719f,1.5674927736917361f,-0.05516571741475646f,0.998392832089387f,-0.01298061842318711f,-0.10570859075917349f,-0.15107850387411664f,-0.021197094809327757f,-0.9882944747588156f,-5.642927094752982f,0f,0f,0f,1f], start_interpolation: 0, interpolation_duration: 1 }
$data merge entity $(bone_left_foot) { transformation: [-0.9719183485665391f,-0.1889906573822524f,0.14020433353472145f,1.3763516060745253f,-0.17691220776639863f,0.9797057566008349f,0.09422686042952017f,0.7458289758129418f,-0.15516698895999087f,0.06677695639522496f,-0.9856287554813326f,-5.385446638741803f,0f,0f,0f,1f], start_interpolation: 0, interpolation_duration: 1 }
$data merge entity $(bone_left_knee) { transformation: [-1.5405043513212358f,-0.23182956925646298f,0.29218368009306883f,1.1096142232478796f,-0.2804083555660185f,1.5385903673654615f,-0.2576446081582212f,0.5068641253540096f,-0.24594187570059578f,-0.3021003819967874f,-1.5363976898929181f,-3.3387588540547037f,0f,0f,0f,1f], start_interpolation: 0, interpolation_duration: 1 }
$data merge entity $(bone_left_thigh) { transformation: [-1.5586200994065589f,-0.34888621994471947f,0.14382560540350206f,0.7690282212620051f,-0.28370585169194434f,1.4863452101979646f,0.531030055033072f,2.548858074304543f,-0.24883405906898587f,0.49067334874166946f,-1.506328413525085f,-3.729136656482082f,0f,0f,0f,1f], start_interpolation: 0, interpolation_duration: 1 }
$data merge entity $(bone_left_leg) { transformation: [-0.9719183485665391f,-0.22576156076440893f,0.06638103193615946f,0.5257450000000005f,-0.17691220776639863f,0.8870209583983516f,0.42649254402074643f,2.858157175925926f,-0.15516698895999087f,0.40277231414694814f,-0.9020519211740543f,-3.9293233101851857f,0f,0f,0f,1f], start_interpolation: 0, interpolation_duration: 1 }
$data merge entity $(bone_left_fingers2) { transformation: [-0.9869812521069876f,0.05255893885540425f,-0.1520051510170527f,-1.5641547130714584f,0.055165775848419196f,0.9983928290315679f,-0.012980605278044746f,-0.10231715490709448f,0.15107860591217107f,-0.021197096139243005f,-0.9882944591319425f,-5.625884397347619f,0f,0f,0f,1f], start_interpolation: 0, interpolation_duration: 1 }
$data merge entity $(bone_right_foot) { transformation: [-0.9719183382455912f,0.1889906707163687f,-0.1402043871072007f,-1.373013522836645f,0.17691221525395692f,0.9797057538468205f,0.09422687500586488f,0.7492204063365231f,0.15516704507035733f,0.06677695906231704f,-0.9856287464672099f,-5.368403940504297f,0f,0f,0f,1f], start_interpolation: 0, interpolation_duration: 1 }
$data merge entity $(bone_right_knee) { transformation: [-1.540504334962387f,0.2318295676939392f,-0.2921837675829416f,-1.1009925406905188f,0.28040836743390446f,1.5385903691287293f,-0.25764458471196383f,0.5409935753799391f,0.24594196463632154f,-0.30210037421557284f,-1.5363976771863672f,-3.3236677290788967f,0f,0f,0f,1f], start_interpolation: 0, interpolation_duration: 1 }
$data merge entity $(bone_right_thigh) { transformation: [-1.5586200828553363f,0.34888626170402154f,-0.14382568346901184f,-0.7644637828661058f,0.28370586369939216f,1.48634520019482f,0.5310300766166756f,2.5560513673374405f,0.2488341490505621f,0.4906733493507909f,-1.5063283984623903f,-3.70874783250098f,0f,0f,0f,1f], start_interpolation: 0, interpolation_duration: 1 }
$data merge entity $(bone_right_leg) { transformation: [-0.9719183382455912f,0.22576159176505403f,-0.06638107761732838f,-0.5257449999999996f,0.17691221525395692f,0.8870209507838342f,0.42649255675155734f,2.858157175925926f,0.15516704507035733f,0.4027723135398606f,-0.9020519117932636f,-3.9293233101851857f,0f,0f,0f,1f], start_interpolation: 0, interpolation_duration: 1 }