# This file was generated by Animated Java via MC-Build. It is not recommended to edit this file directly.
$data merge entity $(bone_neck) { transformation: [-1f,-3.4638364869021614e-17f,1.1746395832688044e-16f,1.7735059399722162e-16f,0f,0.9591660094050254f,0.2828437137396529f,2.0044649999999997f,-1.2246467991473532e-16f,0.2828437137396529f,-0.9591660094050254f,-1.4481775000000001f,0f,0f,0f,1f], start_interpolation: 0, interpolation_duration: 1 }
$data merge entity $(bone_left_fingers_2) { transformation: [-1f,4.34070848597956e-18f,1.2238772845534114e-16f,2.8016200000000007f,0f,0.999371643649028f,-0.03544457462348932f,-2.0775097762992867f,-1.2246467991473532e-16f,-0.03544457462348932f,-0.999371643649028f,0.026959001599764054f,0f,0f,0f,1f], start_interpolation: 0, interpolation_duration: 1 }
$data merge entity $(bone_left_fingers) { transformation: [-1f,4.34070848597956e-18f,1.2238772845534114e-16f,2.8153700000000006f,0f,0.999371643649028f,-0.03544457462348932f,-2.092156519653641f,-1.2246467991473532e-16f,-0.03544457462348932f,-0.999371643649028f,-0.5492057626012132f,0f,0f,0f,1f], start_interpolation: 0, interpolation_duration: 1 }
$data merge entity $(bone_left_index_finger_2) { transformation: [-1f,4.34070848597956e-18f,1.2238772845534114e-16f,2.3547450000000003f,0f,0.999371643649028f,-0.03544457462348932f,-2.0775097762992867f,-1.2246467991473532e-16f,-0.03544457462348932f,-0.999371643649028f,0.026959001599763943f,0f,0f,0f,1f], start_interpolation: 0, interpolation_duration: 1 }
$data merge entity $(bone_left_index_finger) { transformation: [-1f,4.34070848597956e-18f,1.2238772845534114e-16f,2.3547450000000003f,0f,0.999371643649028f,-0.03544457462348932f,-2.092156519653641f,-1.2246467991473532e-16f,-0.03544457462348932f,-0.999371643649028f,-0.5492057626012133f,0f,0f,0f,1f], start_interpolation: 0, interpolation_duration: 1 }
$data merge entity $(bone_left_thumb) { transformation: [-1f,1.4990984156418642e-17f,1.215436885265565e-16f,2.0923981250000003f,0f,0.9924795345987099f,-0.12241067519921628f,-2.3801659295325823f,-1.2246467991473532e-16f,-0.12241067519921628f,-0.9924795345987099f,-1.3077227605534756f,0f,0f,0f,1f], start_interpolation: 0, interpolation_duration: 1 }
$data merge entity $(bone_left_hand) { transformation: [-1f,4.34070848597956e-18f,1.2238772845534114e-16f,2.6984950000000003f,0f,0.999371643649028f,-0.03544457462348932f,-2.2341932594691447f,-1.2246467991473532e-16f,-0.03544457462348932f,-0.999371643649028f,-1.2599454285605387f,0f,0f,0f,1f], start_interpolation: 0, interpolation_duration: 1 }
$data merge entity $(bone_left_forearm) { transformation: [-2.001329166666667f,-1.3337461349776635e-16f,2.0562433587797222e-16f,2.6826250000000003f,0f,1.6790501230325012f,1.0890863683359722f,-0.3587013262898493f,-2.4509213579985735e-16f,1.0890863683359722f,-1.6790501230325012f,-2.4794303105650646f,0f,0f,0f,1f], start_interpolation: 0, interpolation_duration: 1 }
$data merge entity $(bone_left_bicep) { transformation: [-2.46898625f,-5.493923104900452e-17f,2.9733051313299944e-16f,1.8165731250000001f,0f,2.4278878884917066f,0.4486128660708978f,3.426504548827592f,-3.0236361082013267e-16f,0.4486128660708978f,-2.4278878884917066f,-1.6224359759142029f,0f,0f,0f,1f], start_interpolation: 0, interpolation_duration: 1 }
$data merge entity $(bone_left_shoulder) { transformation: [-1.2327766666666666f,-2.743142134623942e-17f,1.4845855009455343e-16f,1.3743293750000003f,0f,1.2122560578112485f,0.2239945539018944f,1.2467456078562518f,-1.5097159988968769e-16f,0.2239945539018944f,-1.2122560578112485f,-1.7885827449768479f,0f,0f,0f,1f], start_interpolation: 0, interpolation_duration: 1 }
$data merge entity $(bone_right_fingers_2) { transformation: [-1f,4.34070848597956e-18f,1.2238772845534114e-16f,-2.8016199999999998f,0f,0.999371643649028f,-0.03544457462348932f,-2.077511338111964f,-1.2246467991473532e-16f,-0.03544457462348932f,-0.999371643649028f,0.026960307755966917f,0f,0f,0f,1f], start_interpolation: 0, interpolation_duration: 1 }
$data merge entity $(bone_right_fingers) { transformation: [-1f,4.34070848597956e-18f,1.2238772845534114e-16f,-2.8153699999999997f,0f,0.999371643649028f,-0.03544457462348932f,-2.0921582143834736f,-1.2246467991473532e-16f,-0.03544457462348932f,-0.999371643649028f,-0.5492082040886741f,0f,0f,0f,1f], start_interpolation: 0, interpolation_duration: 1 }
$data merge entity $(bone_right_index_finger_2) { transformation: [-1f,4.34070848597956e-18f,1.2238772845534114e-16f,-2.3547449999999994f,0f,0.999371643649028f,-0.03544457462348932f,-2.077511360264823f,-1.2246467991473532e-16f,-0.03544457462348932f,-0.999371643649028f,0.026959683148689573f,0f,0f,0f,1f], start_interpolation: 0, interpolation_duration: 1 }
$data merge entity $(bone_right_index_finger) { transformation: [-1f,4.34070848597956e-18f,1.2238772845534114e-16f,-2.3547449999999994f,0f,0.999371643649028f,-0.03544457462348932f,-2.0921581036191776f,-1.2246467991473532e-16f,-0.03544457462348932f,-0.999371643649028f,-0.5492050810522877f,0f,0f,0f,1f], start_interpolation: 0, interpolation_duration: 1 }
$data merge entity $(bone_right_thumb) { transformation: [-1f,1.4990984156418642e-17f,1.215436885265565e-16f,-2.0923981249999994f,0f,0.9924795345987099f,-0.12241067519921628f,-2.380167513498119f,-1.2246467991473532e-16f,-0.12241067519921628f,-0.9924795345987099f,-1.3077220790045498f,0f,0f,0f,1f], start_interpolation: 0, interpolation_duration: 1 }
$data merge entity $(bone_right_hand) { transformation: [-1f,4.34070848597956e-18f,1.2238772845534114e-16f,-2.6984949999999994f,0f,0.999371643649028f,-0.03544457462348932f,-2.234194843434681f,-1.2246467991473532e-16f,-0.03544457462348932f,-0.999371643649028f,-1.2599447470116132f,0f,0f,0f,1f], start_interpolation: 0, interpolation_duration: 1 }
$data merge entity $(bone_right_forearm) { transformation: [-2.00133125f,-1.333747523373849e-16f,2.0562454992773484e-16f,-2.6826249999999994f,0f,1.6790518708814546f,1.089087502047493f,-0.3587038314615345f,-2.450923909346071e-16f,1.089087502047493f,-1.6790518708814546f,-2.4794339513568513f,0f,0f,0f,1f], start_interpolation: 0, interpolation_duration: 1 }
$data merge entity $(bone_right_bicep) { transformation: [-2.46898625f,-5.493923104900452e-17f,2.9733051313299944e-16f,-1.8165731249999997f,0f,2.4278878884917066f,0.4486128660708978f,3.426504548827592f,-3.0236361082013267e-16f,0.4486128660708978f,-2.4278878884917066f,-1.6224359759142033f,0f,0f,0f,1f], start_interpolation: 0, interpolation_duration: 1 }
$data merge entity $(bone_right_shoulder) { transformation: [-1.2327766666666666f,-2.743142134623942e-17f,1.4845855009455343e-16f,-1.3743293749999999f,0f,1.2122560578112485f,0.2239945539018944f,1.2467456078562518f,-1.5097159988968769e-16f,0.2239945539018944f,-1.2122560578112485f,-1.788582744976848f,0f,0f,0f,1f], start_interpolation: 0, interpolation_duration: 1 }
$data merge entity $(bone_chest) { transformation: [-4.0674850000000005f,1.0383137856848344e-16f,4.871815017048951e-16f,1.5239989209669034e-16f,0f,3.978138856395901f,-0.8478475478870715f,1.5558199798035024f,-4.981232485829872e-16f,-0.8478475478870715f,-3.978138856395901f,-1.2444395576160987f,0f,0f,0f,1f], start_interpolation: 0, interpolation_duration: 1 }
$data merge entity $(bone_weist) { transformation: [-1.0999999999999999f,2.8079886324186015e-17f,1.3175209051179897e-16f,4.730748462235623e-16f,0f,1.0758374627160248f,-0.22928967228539957f,1.1842914628771097f,-1.3471114790620883e-16f,-0.22928967228539957f,-1.0758374627160248f,-3.862949272826545f,0f,0f,0f,1f], start_interpolation: 0, interpolation_duration: 1 }
$data merge entity $(bone_right_fingers2) { transformation: [-0.9987987924189229f,-0.04551831225615971f,0.018139887316419905f,1.1824260994492868f,-0.04617168836359052f,0.9982333593483037f,-0.03739432413957954f,-2.268754100348036f,-0.016405714131276096f,-0.03818695501805815f,-0.9991359311976982f,-5.6401096417408905f,0f,0f,0f,1f], start_interpolation: 0, interpolation_duration: 1 }
$data merge entity $(bone_left_foot) { transformation: [-0.9896367445799201f,-0.14285756300071487f,0.014520002436458922f,1.0549752301683473f,-0.14342366512641408f,0.9883168716030092f,-0.051569502484970775f,-1.3630818808957135f,-0.006983269933506929f,-0.05311758652591392f,-0.9985638467032029f,-5.488105743545475f,0f,0f,0f,1f], start_interpolation: 0, interpolation_duration: 1 }
$data merge entity $(bone_left_knee) { transformation: [-1.568588260013055f,-0.21275923553847306f,0.08083493537035316f,1.0474226666887008f,-0.22732854106062225f,1.4919637249896218f,-0.48439228551698527f,-1.3001428173829173f,-0.011068581774265873f,-0.4909660472397292f,-1.5070168331804823f,-3.411289537857434f,0f,0f,0f,1f], start_interpolation: 0, interpolation_duration: 1 }
$data merge entity $(bone_left_thigh) { transformation: [-1.5870342642347373f,-0.22853152823265227f,0.028277168522768598f,0.7719964521701503f,-0.23000183865885768f,1.5827363956896814f,-0.11725472051858714f,0.44466587491640386f,-0.011198744106434831f,-0.12009519504957566f,-1.59911092353456f,-4.559294750633081f,0f,0f,0f,1f], start_interpolation: 0, interpolation_duration: 1 }
$data merge entity $(bone_left_leg) { transformation: [-0.9896367445799201f,-0.14352727782804092f,0.004362831251646113f,0.5257450000000006f,-0.14342366512641408f,0.9894870123730273f,0.01857699186646892f,0.6744187500000001f,-0.006983269933506929f,0.01775874050638081f,-0.9998179139606685f,-4.8524975f,0f,0f,0f,1f], start_interpolation: 0, interpolation_duration: 1 }
$data merge entity $(bone_left_fingers2) { transformation: [-0.9987987890572374f,0.04551835767577814f,-0.018139958442509162f,-1.1812685018842544f,0.04617173634997414f,0.9982333574126231f,-0.03739431656215941f,-2.2610735588867197f,0.016405783743073735f,-0.03818695147851488f,-0.9991359301899583f,-5.633797116273032f,0f,0f,0f,1f], start_interpolation: 0, interpolation_duration: 1 }
$data merge entity $(bone_right_foot) { transformation: [-0.9896367433284972f,0.14285756750851475f,-0.0145200433785957f,-1.053817620314306f,0.14342367176134474f,0.9883168709522423f,-0.051569496503874074f,-1.3554013411897257f,0.0069833110098422215f,-0.053117586510676496f,-0.998563846416753f,-5.4817932179229665f,0f,0f,0f,1f], start_interpolation: 0, interpolation_duration: 1 }
$data merge entity $(bone_right_knee) { transformation: [-1.5685882580295318f,0.21275922564417363f,-0.08083499990225818f,-1.0418981223916983f,0.22732855157708134f,1.49196372644693f,-0.48439227609292435f,-1.2620521635657873f,0.011068646880839228f,-0.4909660470988898f,-1.5070168327481765f,-3.410695958309485f,0f,0f,0f,1f], start_interpolation: 0, interpolation_duration: 1 }
$data merge entity $(bone_right_thigh) { transformation: [-1.5870342622278888f,0.22853153402758053f,-0.02827723432183681f,-0.7696859190307977f,0.23000184929898634f,1.5827363948555648f,-0.117254710906498f,0.45983445369131204f,0.011198809978636844f,-0.12009519501512488f,-1.599110923075836f,-4.5433932653934885f,0f,0f,0f,1f], start_interpolation: 0, interpolation_duration: 1 }
$data merge entity $(bone_right_leg) { transformation: [-0.9896367433284972f,0.14352728522504388f,-0.004362871771556912f,-0.5257449999999995f,0.14342367176134474f,0.989487011300167f,0.018576997786433905f,0.6744187500000001f,0.0069833110098422215f,0.017758740501286535f,-0.9998179136738589f,-4.8524975f,0f,0f,0f,1f], start_interpolation: 0, interpolation_duration: 1 }
execute on vehicle unless entity @s[tag=aj.transforms_only] at @s run function animated_java:jaw/animations/bite/zzz/frames/zzz/1