# This file was generated by Animated Java via MC-Build. It is not recommended to edit this file directly.
$data merge entity $(bone_neck) { transformation: [-1f,-9.347191525058459e-19f,1.2246111271225865e-16f,-1.226644689452902e-16f,0f,0.9999708715812661f,0.0076325611037944465f,3.575312758746356f,-1.2246467991473532e-16f,0.0076325611037944465f,-0.9999708715812661f,1.0016314012390672f,0f,0f,0f,1f], start_interpolation: 0, interpolation_duration: 1 }
$data merge entity $(bone_left_fingers_2) { transformation: [-1f,-2.7721576366432434e-17f,1.1928584170126238e-16f,2.80162f,0f,0.9740428161353448f,0.22636384944404625f,0.15196741785928217f,-1.2246467991473532e-16f,0.22636384944404625f,-0.9740428161353448f,0.6328142843372836f,0f,0f,0f,1f], start_interpolation: 0, interpolation_duration: 1 }
$data merge entity $(bone_left_fingers) { transformation: [-1f,-2.7721576366432434e-17f,1.1928584170126238e-16f,2.81537f,0f,0.9740428161353448f,0.22636384944404625f,0.28806008491767543f,-1.2246467991473532e-16f,0.22636384944404625f,-0.9740428161353448f,0.07276147560350943f,0f,0f,0f,1f], start_interpolation: 0, interpolation_duration: 1 }
$data merge entity $(bone_left_index_finger_2) { transformation: [-1f,-2.7721576366432434e-17f,1.1928584170126238e-16f,2.354745f,0f,0.9740428161353448f,0.22636384944404625f,0.15196741785928217f,-1.2246467991473532e-16f,0.22636384944404625f,-0.9740428161353448f,0.6328142843372835f,0f,0f,0f,1f], start_interpolation: 0, interpolation_duration: 1 }
$data merge entity $(bone_left_index_finger) { transformation: [-1f,-2.7721576366432434e-17f,1.1928584170126238e-16f,2.354745f,0f,0.9740428161353448f,0.22636384944404625f,0.28806008491767543f,-1.2246467991473532e-16f,0.22636384944404625f,-0.9740428161353448f,0.07276147560350932f,0f,0f,0f,1f], start_interpolation: 0, interpolation_duration: 1 }
$data merge entity $(bone_left_thumb) { transformation: [-1f,-1.7219641266232325e-17f,1.2124801763856118e-16f,2.092398125f,0f,0.9900651985778983f,0.14060904154750037f,0.20779405297209483f,-1.2246467991473532e-16f,0.14060904154750037f,-0.9900651985778983f,-0.7346137905999082f,0f,0f,0f,1f], start_interpolation: 0, interpolation_duration: 1 }
$data merge entity $(bone_left_hand) { transformation: [-1f,-2.7721576366432434e-17f,1.1928584170126238e-16f,2.698495f,0f,0.9740428161353448f,0.22636384944404625f,0.33625939365621926f,-1.2246467991473532e-16f,0.22636384944404625f,-0.9740428161353448f,-0.650427389674792f,0f,0f,0f,1f], start_interpolation: 0, interpolation_duration: 1 }
$data merge entity $(bone_left_forearm) { transformation: [-2.001329166666667f,-1.7422978193772582e-16f,1.7237789335314492e-16f,2.682625f,0f,1.4075723177748973f,1.4226941356400182f,2.4290039478590653f,-2.4509213579985735e-16f,1.4226941356400182f,-1.4075723177748973f,-1.4410180547553595f,0f,0f,0f,1f], start_interpolation: 0, interpolation_duration: 1 }
$data merge entity $(bone_left_bicep) { transformation: [-2.46898625f,-2.621233997026e-16f,1.5071521647312057e-16f,1.8165731249999997f,0f,1.2306831371955926f,2.140399990308231f,4.227639281672205f,-3.0236361082013267e-16f,2.140399990308231f,-1.2306831371955926f,1.9980419538234617f,0f,0f,0f,1f], start_interpolation: 0, interpolation_duration: 1 }
$data merge entity $(bone_left_shoulder) { transformation: [-1.2327766666666666f,-1.3087946963686232e-16f,7.525282985260798e-17f,1.374329375f,0f,0.6144859881641134f,1.0687119725294325f,2.942448545979261f,-1.5097159988968769e-16f,1.0687119725294325f,-0.6144859881641134f,0.2296419531156232f,0f,0f,0f,1f], start_interpolation: 0, interpolation_duration: 1 }
$data merge entity $(bone_right_fingers_2) { transformation: [-1f,-1.889174042682271e-17f,1.2099876020135134e-16f,-2.8016200000000007f,0f,0.9880298571440793f,0.15426276735443945f,0.09476937520691937f,-1.2246467991473532e-16f,0.15426276735443945f,-0.9880298571440793f,2.939552652160536f,0f,0f,0f,1f], start_interpolation: 0, interpolation_duration: 1 }
$data merge entity $(bone_right_fingers) { transformation: [-1f,-1.889174042682271e-17f,1.2099876020135134e-16f,-2.8153700000000006f,0f,0.9880298571440793f,0.15426276735443945f,0.189390096221614f,-1.2246467991473532e-16f,0.15426276735443945f,-0.9880298571440793f,2.37101804091823f,0f,0f,0f,1f], start_interpolation: 0, interpolation_duration: 1 }
$data merge entity $(bone_right_index_finger_2) { transformation: [-1f,-1.889174042682271e-17f,1.2099876020135134e-16f,-2.3547450000000003f,0f,0.9880298571440793f,0.15426276735443945f,0.094769471621149f,-1.2246467991473532e-16f,0.15426276735443945f,-0.9880298571440793f,2.9395520346418755f,0f,0f,0f,1f], start_interpolation: 0, interpolation_duration: 1 }
$data merge entity $(bone_right_index_finger) { transformation: [-1f,-1.889174042682271e-17f,1.2099876020135134e-16f,-2.3547450000000003f,0f,0.9880298571440793f,0.15426276735443945f,0.18938961415046604f,-1.2246467991473532e-16f,0.15426276735443945f,-0.9880298571440793f,2.3710211285115337f,0f,0f,0f,1f], start_interpolation: 0, interpolation_duration: 1 }
$data merge entity $(bone_right_thumb) { transformation: [-1f,-8.274114834031716e-18f,1.2218484705695642e-16f,-2.0923981250000003f,0f,0.997714991310362f,0.06756327489519813f,0.05008219382557527f,-1.2246467991473532e-16f,0.06756327489519813f,-0.997714991310362f,1.5717146172133007f,0f,0f,0f,1f], start_interpolation: 0, interpolation_duration: 1 }
$data merge entity $(bone_right_hand) { transformation: [-1f,-1.889174042682271e-17f,1.2099876020135134e-16f,-2.6984950000000003f,0f,0.9880298571440793f,0.15426276735443945f,0.1843799703756812f,-1.2246467991473532e-16f,0.15426276735443945f,-0.9880298571440793f,1.646245155058605f,0f,0f,0f,1f], start_interpolation: 0, interpolation_duration: 1 }
$data merge entity $(bone_right_forearm) { transformation: [-2.00133125f,-2.2557321973926543e-17f,2.440521405753428e-16f,-2.682625f,0f,1.9928369611978032f,0.18419451216164387f,1.2784665112777178f,-2.450923909346071e-16f,0.18419451216164387f,-1.9928369611978032f,-0.30506084260646016f,0f,0f,0f,1f], start_interpolation: 0, interpolation_duration: 1 }
$data merge entity $(bone_right_bicep) { transformation: [-2.46898625f,-2.635272508089252e-17f,3.0121302599489206e-16f,-1.816573125f,0f,2.459591011911421f,0.21518633045250526f,5.128120192913668f,-3.0236361082013267e-16f,0.21518633045250526f,-2.459591011911421f,0.18729527200023177f,0f,0f,0f,1f], start_interpolation: 0, interpolation_duration: 1 }
$data merge entity $(bone_right_shoulder) { transformation: [-1.2327766666666666f,-1.3158041922188e-17f,1.503971073725352e-16f,-1.374329375f,0f,1.2280855792645482f,0.10744356602531556f,2.942448545979261f,-1.5097159988968769e-16f,0.10744356602531556f,-1.2280855792645482f,0.22964195311562285f,0f,0f,0f,1f], start_interpolation: 0, interpolation_duration: 1 }
$data merge entity $(bone_chest) { transformation: [-4.0674850000000005f,4.0257173706458696e-17f,4.964938375690443e-16f,-9.907915007901221e-17f,0f,4.054179849363282f,-0.32872476974167003f,3.1789091126507962f,-4.981232485829872e-16f,-0.32872476974167003f,-4.054179849363282f,0.8090426574257572f,0f,0f,0f,1f], start_interpolation: 0, interpolation_duration: 1 }
$data merge entity $(bone_weist) { transformation: [-1.0999999999999999f,1.0887044716109477e-17f,1.3427049425528269e-16f,2.2478475210797164e-16f,0f,1.0964017898774328f,-0.0888994665538624f,3.147528191535107f,-1.3471114790620883e-16f,-0.0888994665538624f,-1.0964017898774328f,-1.8355067948119859f,0f,0f,0f,1f], start_interpolation: 0, interpolation_duration: 1 }
$data merge entity $(bone_right_fingers2) { transformation: [-0.9078757697464025f,-0.016399214646775323f,0.4189184317577186f,2.1717833457684796f,0.0019013689937554489f,0.999063314887831f,0.04323051747652862f,0.22937323419260902f,-0.41923498363486666f,0.040044457847595555f,-0.9069941950709304f,-6.108907118244169f,0f,0f,0f,1f], start_interpolation: 0, interpolation_duration: 1 }
$data merge entity $(bone_left_foot) { transformation: [-0.9084661696767053f,-0.1310634448985621f,0.396877300893182f,1.9683220761382374f,0.006776913442288757f,0.9448178265050406f,0.32752610302460916f,1.088871381792993f,-0.4179034481756898f,0.30023598739926693f,-0.8574468262657782f,-5.641122811361743f,0f,0f,0f,1f], start_interpolation: 0, interpolation_duration: 1 }
$data merge entity $(bone_left_knee) { transformation: [-1.4399317488749817f,-0.03784722547175096f,0.6613879758809915f,1.164683191849887f,0.010741503812301444f,1.5808835135373298f,0.1138500999373544f,0.363991548761597f,-0.6623828856573175f,0.10791113327171467f,-1.4359227028772565f,-3.86745494773462f,0f,0f,0f,1f], start_interpolation: 0, interpolation_duration: 1 }
$data merge entity $(bone_left_thigh) { transformation: [-1.456864801222614f,-0.5456171897681351f,0.38929532067471245f,0.7543600618034587f,0.010867819831437838f,0.9120695212593847f,1.3189825974564253f,2.247444358535693f,-0.6701722576784388f,1.200889288873171f,-0.8248867039896958f,-3.017529431450805f,0f,0f,0f,1f], start_interpolation: 0, interpolation_duration: 1 }
$data merge entity $(bone_left_leg) { transformation: [-0.9084661696767053f,-0.34991847711852875f,0.22857444722449924f,0.5257450000000004f,0.006776913442288757f,0.5344791368802808f,0.8451544981149338f,2.6567210459183674f,-0.4179034481756898f,0.7693432989314716f,-0.4831848470224503f,-3.023110428206997f,0f,0f,0f,1f], start_interpolation: 0, interpolation_duration: 1 }
$data merge entity $(bone_left_fingers2) { transformation: [-0.9078757715530729f,0.01639921283141145f,-0.4189184279133855f,-2.1602283005307497f,-0.0019013707457096992f,0.999063314890017f,0.04323051734895472f,0.2188166039694588f,0.41923497971447915f,0.04004445853649391f,-0.9069941968526146f,-6.083959206944232f,0f,0f,0f,1f], start_interpolation: 0, interpolation_duration: 1 }
$data merge entity $(bone_right_foot) { transformation: [-0.9084661705640479f,0.13106344392901087f,-0.3968772991822045f,-1.9567670321969355f,-0.006776913766567388f,0.944817826546098f,0.3275261028994605f,1.0783147516335527f,0.41790344624146686f,0.3002359876933051f,-0.8574468271055244f,-5.616174899614989f,0f,0f,0f,1f], start_interpolation: 0, interpolation_duration: 1 }
$data merge entity $(bone_right_knee) { transformation: [-1.4399317502814322f,0.037847224689259565f,-0.6613879728637337f,-1.1506863828246106f,-0.01074150432628767f,1.580883513548849f,0.113850099728908f,0.38404370354886175f,0.6623828825915467f,0.10791113337739822f,-1.4359227042835372f,-3.8367025900043155f,0f,0f,0f,1f], start_interpolation: 0, interpolation_duration: 1 }
$data merge entity $(bone_right_thigh) { transformation: [-1.4568648026456037f,0.5456171868925523f,-0.38929531937971407f,-0.7453213372894006f,-0.010867820351468346f,0.912069521431085f,1.3189825973334106f,2.2425874691261622f,0.6701722545766158f,1.2008892900492698f,-0.824886704797554f,-2.997959216191425f,0f,0f,0f,1f], start_interpolation: 0, interpolation_duration: 1 }
$data merge entity $(bone_right_leg) { transformation: [-0.9084661705640479f,0.3499184752937261f,-0.22857444649130854f,-0.5257449999999997f,-0.006776913766567388f,0.5344791369904098f,0.8451544980426875f,2.6567210459183674f,0.41790344624146686f,0.769343299684933f,-0.48318484749566054f,-3.023110428206997f,0f,0f,0f,1f], start_interpolation: 0, interpolation_duration: 1 }