# This file was generated by Animated Java via MC-Build. It is not recommended to edit this file directly.
$data merge entity $(bone_neck) { transformation: [-1f,0f,1.2246467991473532e-16f,3.6831941348181043e-17f,0f,1f,0f,3.6099337499999997f,-1.2246467991473532e-16f,0f,-1f,-0.30075562499999897f,0f,0f,0f,1f], start_interpolation: 0, interpolation_duration: 1 }
$data merge entity $(bone_left_fingers_2) { transformation: [-1f,-2.1265768495757698e-17f,1.2060416625018979e-16f,2.80162f,0f,0.9848077530122081f,0.17364817766693025f,-0.08218982209445873f,-1.2246467991473532e-16f,0.17364817766693025f,-0.9848077530122081f,0.6926391931586083f,0f,0f,0f,1f], start_interpolation: 0, interpolation_duration: 1 }
$data merge entity $(bone_left_fingers) { transformation: [-1f,-2.1265768495757698e-17f,1.2060416625018979e-16f,2.81537f,0f,0.9848077530122081f,0.17364817766693025f,0.023583918595209558f,-1.2246467991473532e-16f,0.17364817766693025f,-0.9848077530122081f,0.1260773886057679f,0f,0f,0f,1f], start_interpolation: 0, interpolation_duration: 1 }
$data merge entity $(bone_left_index_finger_2) { transformation: [-1f,-2.1265768495757698e-17f,1.2060416625018979e-16f,2.354745f,0f,0.9848077530122081f,0.17364817766693025f,-0.08218982209445873f,-1.2246467991473532e-16f,0.17364817766693025f,-0.9848077530122081f,0.6926391931586082f,0f,0f,0f,1f], start_interpolation: 0, interpolation_duration: 1 }
$data merge entity $(bone_left_index_finger) { transformation: [-1f,-2.1265768495757698e-17f,1.2060416625018979e-16f,2.354745f,0f,0.9848077530122081f,0.17364817766693025f,0.023583918595209558f,-1.2246467991473532e-16f,0.17364817766693025f,-0.9848077530122081f,0.12607738860576778f,0f,0f,0f,1f], start_interpolation: 0, interpolation_duration: 1 }
$data merge entity $(bone_left_thumb) { transformation: [-1f,-1.0673500138322955e-17f,1.2199866483456202e-16f,2.092398125f,0f,0.9961946980917455f,0.08715574274765808f,-0.09998989856762716f,-1.2246467991473532e-16f,0.08715574274765808f,-0.9961946980917455f,-0.6758122347671338f,0f,0f,0f,1f], start_interpolation: 0, interpolation_duration: 1 }
$data merge entity $(bone_left_hand) { transformation: [-1f,-2.1265768495757698e-17f,1.2060416625018979e-16f,2.698495f,0f,0.9848077530122081f,0.17364817766693025f,0.0328173906974647f,-1.2246467991473532e-16f,0.17364817766693025f,-0.9848077530122081f,-0.5986570808506859f,0f,0f,0f,1f], start_interpolation: 0, interpolation_duration: 1 }
$data merge entity $(bone_left_forearm) { transformation: [-2.001329166666667f,-9.871004640380071e-17f,2.243356453395118e-16f,2.682625f,0f,1.8318395597465573f,0.8060286971927457f,1.6887186432993757f,-2.4509213579985735e-16f,0.8060286971927457f,-1.8318395597465573f,-2.102852683320533f,0f,0f,0f,1f], start_interpolation: 0, interpolation_duration: 1 }
$data merge entity $(bone_left_bicep) { transformation: [-2.46898625f,-1.5118180541006643e-16f,2.618545681502262e-16f,1.8165731249999997f,0f,2.1382048140944767f,1.2344931250000009f,4.969609923218474f,-3.0236361082013267e-16f,1.2344931250000009f,-2.1382048140944767f,-0.029696824250095122f,0f,0f,0f,1f], start_interpolation: 0, interpolation_duration: 1 }
$data merge entity $(bone_left_shoulder) { transformation: [-1.2327766666666666f,-7.548579994484389e-17f,1.3074524075444948e-16f,1.374329375f,0f,1.067615910526034f,0.6163883333333338f,2.9708222089331273f,-1.5097159988968769e-16f,0.6163883333333338f,-1.067615910526034f,-0.9150224495634102f,0f,0f,0f,1f], start_interpolation: 0, interpolation_duration: 1 }
$data merge entity $(bone_right_fingers_2) { transformation: [-1f,-1.5984848350717833e-17f,1.2141697760125282e-16f,-2.8016200000000007f,0f,0.9914448613738104f,0.13052619222005157f,0.16375577698185778f,-1.2246467991473532e-16f,0.13052619222005157f,-0.9914448613738104f,1.8020026999504504f,0f,0f,0f,1f], start_interpolation: 0, interpolation_duration: 1 }
$data merge entity $(bone_right_fingers) { transformation: [-1f,-1.5984848350717833e-17f,1.2141697760125282e-16f,-2.8153700000000006f,0f,0.9914448613738104f,0.13052619222005157f,0.24471625516195822f,-1.2246467991473532e-16f,0.13052619222005157f,-0.9914448613738104f,1.2313626330092737f,0f,0f,0f,1f], start_interpolation: 0, interpolation_duration: 1 }
$data merge entity $(bone_right_index_finger_2) { transformation: [-1f,-1.5984848350717833e-17f,1.2141697760125282e-16f,-2.3547450000000003f,0f,0.9914448613738104f,0.13052619222005157f,0.16375585856072794f,-1.2246467991473532e-16f,0.13052619222005157f,-0.9914448613738104f,1.8020020802974122f,0f,0f,0f,1f], start_interpolation: 0, interpolation_duration: 1 }
$data merge entity $(bone_right_index_finger) { transformation: [-1f,-1.5984848350717833e-17f,1.2141697760125282e-16f,-2.3547450000000003f,0f,0.9914448613738104f,0.13052619222005157f,0.24471584726760753f,-1.2246467991473532e-16f,0.13052619222005157f,-0.9914448613738104f,1.2313657312744655f,0f,0f,0f,1f], start_interpolation: 0, interpolation_duration: 1 }
$data merge entity $(bone_right_thumb) { transformation: [-1f,-5.341834311772722e-18f,1.2234812067540777e-16f,-2.0923981250000003f,0f,0.9990482215818577f,0.04361938736533598f,0.08628171089084793f,-1.2246467991473532e-16f,0.04361938736533598f,-0.9990482215818577f,0.4356295433378615f,0f,0f,0f,1f], start_interpolation: 0, interpolation_duration: 1 }
$data merge entity $(bone_right_hand) { transformation: [-1f,-1.5984848350717833e-17f,1.2141697760125282e-16f,-2.6984950000000003f,0f,0.9914448613738104f,0.13052619222005157f,0.22232805759015895f,-1.2246467991473532e-16f,0.13052619222005157f,-0.9914448613738104f,0.5069182900485689f,0f,0f,0f,1f], start_interpolation: 0, interpolation_duration: 1 }
$data merge entity $(bone_right_forearm) { transformation: [-2.00133125f,-2.136120937370508e-17f,2.4415974039168498e-16f,-2.682625f,0f,1.9937155803753255f,0.17442751157784908f,1.3068401742315836f,-2.450923909346071e-16f,0.17442751157784908f,-1.9937155803753255f,-1.4497252452854936f,0f,0f,0f,1f], start_interpolation: 0, interpolation_duration: 1 }
$data merge entity $(bone_right_bicep) { transformation: [-2.46898625f,-2.635272508089251e-17f,3.0121302599489206e-16f,-1.816573125f,0f,2.459591011911421f,0.21518633045250515f,5.156493855867534f,-3.0236361082013267e-16f,0.21518633045250515f,-2.459591011911421f,-0.9573691306788017f,0f,0f,0f,1f], start_interpolation: 0, interpolation_duration: 1 }
$data merge entity $(bone_right_shoulder) { transformation: [-1.2327766666666666f,-1.3158041922187997e-17f,1.503971073725352e-16f,-1.374329375f,0f,1.2280855792645484f,0.1074435660253155f,2.9708222089331273f,-1.5097159988968769e-16f,0.1074435660253155f,-1.2280855792645484f,-0.9150224495634105f,0f,0f,0f,1f], start_interpolation: 0, interpolation_duration: 1 }
$data merge entity $(bone_chest) { transformation: [-4.0674850000000005f,4.3414301710126624e-17f,4.962277392346086e-16f,4.128743230914119e-17f,0f,4.052006991567704f,-0.35450467628995846f,3.21096326278984f,-4.981232485829872e-16f,-0.35450467628995846f,-4.052006991567704f,-0.33713746965971847f,0f,0f,0f,1f], start_interpolation: 0, interpolation_duration: 1 }
$data merge entity $(bone_weist) { transformation: [-1.0999999999999999f,1.174085015215527e-17f,1.341985313180182e-16f,3.651203396493431e-16f,0f,1.09581416790092f,-0.09587131702242399f,3.1627623554752025f,-1.3471114790620883e-16f,-0.09587131702242399f,-1.09581416790092f,-2.981433829766706f,0f,0f,0f,1f], start_interpolation: 0, interpolation_duration: 1 }
$data merge entity $(bone_right_fingers2) { transformation: [-0.9807852804032304f,-0.008509720327249646f,0.19490463925804527f,1.1270645192528546f,0f,0.9990482215818578f,0.04361938736533606f,-0.23977704403489142f,-0.19509032201612858f,0.04278125306812826f,-0.9798517901405109f,-5.9404339458504225f,0f,0f,0f,1f], start_interpolation: 0, interpolation_duration: 1 }
$data merge entity $(bone_left_foot) { transformation: [-0.9807852804032304f,-0.02967780039797476f,0.1928197653455027f,1.064216492741262f,0f,0.9883615104677607f,0.15212338618991691f,0.693929465913587f,-0.19509032201612858f,0.14920037798016655f,-0.9693704211838828f,-5.599737038807197f,0f,0f,0f,1f], start_interpolation: 0, interpolation_duration: 1 }
$data merge entity $(bone_left_knee) { transformation: [-1.5545585638972592f,0.033663915653782205f,0.307383019587247f,0.6808363515770746f,0f,1.5755933785471679f,-0.17255553892109055f,0.3314550499619262f,-0.3092209241751257f,-0.1692399326258523f,-1.5453187935798571f,-3.590056495964408f,0f,0f,0f,1f], start_interpolation: 0, interpolation_duration: 1 }
$data merge entity $(bone_left_thigh) { transformation: [-1.5728395842029084f,-0.11339136621394233f,0.29158541449062386f,0.7045262507692927f,0f,1.4946175262682568f,0.5812249682204532f,2.420031867139458f,-0.31285724520223795f,0.570056893433456f,-1.4658988695965949f,-3.8646809820398094f,0f,0f,0f,1f], start_interpolation: 0, interpolation_duration: 1 }
$data merge entity $(bone_left_leg) { transformation: [-0.9807852804032304f,-0.07857198141547102f,0.17856841120647188f,0.5257450000000005f,0f,0.9153114791194469f,0.40274668985873774f,2.80723125f,-0.19509032201612858f,0.395008025144575f,-0.8977240257044623f,-4.056638124999999f,0f,0f,0f,1f], start_interpolation: 0, interpolation_duration: 1 }
$data merge entity $(bone_left_fingers2) { transformation: [-0.9807852804032304f,0.008509720327249636f,-0.19490463925804505f,-1.1239268359144543f,0f,0.9990482215818578f,0.04361938736533606f,-0.23552839494418565f,0.19509032201612836f,0.04278125306812826f,-0.9798517901405109f,-5.924659746489503f,0f,0f,0f,1f], start_interpolation: 0, interpolation_duration: 1 }
$data merge entity $(bone_right_foot) { transformation: [-0.9807852804032304f,0.029677800397974727f,-0.1928197653455025f,-1.0610788094028618f,0f,0.9883615104677607f,0.15212338618991691f,0.6981781150042927f,0.19509032201612836f,0.14920037798016655f,-0.9693704211838828f,-5.5839628394462775f,0f,0f,0f,1f], start_interpolation: 0, interpolation_duration: 1 }
$data merge entity $(bone_right_knee) { transformation: [-1.5545585638972592f,-0.03366391565378216f,-0.3073830195872467f,-0.6775657065094801f,0f,1.5755933785471679f,-0.17255553892109055f,0.3669460903174073f,0.3092209241751253f,-0.1692399326258523f,-1.5453187935798571f,-3.5736138528513672f,0f,0f,0f,1f], start_interpolation: 0, interpolation_duration: 1 }
$data merge entity $(bone_right_thigh) { transformation: [-1.5728395842029084f,0.11339136621394219f,-0.2915854144906235f,-0.700508244641268f,0f,1.4946175262682568f,0.5812249682204532f,2.4280382206125894f,0.3128572452022376f,0.570056893433456f,-1.4658988695965949f,-3.8444811011527915f,0f,0f,0f,1f], start_interpolation: 0, interpolation_duration: 1 }
$data merge entity $(bone_right_leg) { transformation: [-0.9807852804032304f,0.07857198141547093f,-0.17856841120647166f,-0.5257449999999996f,0f,0.9153114791194469f,0.40274668985873774f,2.80723125f,0.19509032201612836f,0.395008025144575f,-0.8977240257044623f,-4.056638124999999f,0f,0f,0f,1f], start_interpolation: 0, interpolation_duration: 1 }