# This file was generated by Animated Java via MC-Build. It is not recommended to edit this file directly.
$data merge entity $(bone_neck) { transformation: [-1.2033625000000001f,2.9319792272385468e-18f,1.4734023398765325e-16f,1.1102230246251565e-16f,0f,1.2031243138040884f,-0.023941427269314752f,3.725528894493096f,-1.473694033838957e-16f,-0.023941427269314752f,-1.2031243138040884f,-0.5447809477442359f,0f,0f,0f,1f], start_interpolation: 0, interpolation_duration: 1 }
$data merge entity $(bone_right_thumb_2) { transformation: [-0.9463776790205793f,0.281359202523693f,-0.15876488215865908f,-2.7551548319234964f,0.31822469689727856f,0.8965982897406426f,-0.3079684222753844f,-2.3200028172355425f,0.0556985721204463f,-0.34197734718747946f,-0.9380560554009327f,-0.8582030896021078f,0f,0f,0f,1f], start_interpolation: 0, interpolation_duration: 1 }
$data merge entity $(bone_right_thumb) { transformation: [-0.9463776790205793f,0.281359202523693f,-0.15876488215865908f,-2.8687776348129965f,0.31822469689727856f,0.8965982897406426f,-0.3079684222753844f,-1.9626532606134375f,0.0556985721204463f,-0.34197734718747946f,-0.9380560554009327f,-0.9112908746611202f,0f,0f,0f,1f], start_interpolation: 0, interpolation_duration: 1 }
$data merge entity $(bone_right_fingers_2) { transformation: [0.9593780849686785f,-0.2771082154536059f,-0.052959673431286915f,-2.8351760775541504f,-0.27657682347905455f,-0.9608368159493386f,0.017259021715386763f,-2.7631199647002203f,-0.05566822070146035f,-0.0019105089516271191f,-0.9984474944429874f,-1.1449302758573032f,0f,0f,0f,1f], start_interpolation: 0, interpolation_duration: 1 }
$data merge entity $(bone_right_fingers) { transformation: [-0.3999614845862707f,-0.9150005922607906f,-0.052959673431286915f,-3.2575459348588374f,-0.9165162041667072f,0.39962504134410537f,0.017259021715386763f,-2.6297880520897072f,0.005371996593127672f,0.05544134281494426f,-0.9984474944429874f,-1.1286777957063794f,0f,0f,0f,1f], start_interpolation: 0, interpolation_duration: 1 }
$data merge entity $(bone_right_hand) { transformation: [-0.9705522602045549f,0.23499698551658366f,-0.052959673431286915f,-3.038313451655401f,0.23440247035773804f,0.9719864238041688f,0.017259021715386763f,-1.8678116622476826f,0.055531901660394366f,0.004336904253155345f,-0.9984474944429874f,-1.1185159079762974f,0f,0f,0f,1f], start_interpolation: 0, interpolation_duration: 1 }
$data merge entity $(bone_right_forearm) { transformation: [-1.8110501678954962f,0.19389431418925213f,-0.09659630388519948f,-2.674572181422424f,0.19247778173666796f,1.8135021064239014f,0.03147975805673779f,0.7924730367789614f,0.09938890550224308f,0.021063393711810655f,-1.821127875944442f,-1.1660919775841525f,0f,0f,0f,1f], start_interpolation: 0, interpolation_duration: 1 }
$data merge entity $(bone_right_bicep) { transformation: [-1.5652880323092762f,0.24478891949160198f,0.009290677423945444f,-2.2880286713589864f,0.24070776535548324f,1.525823313549673f,0.3522180339070843f,3.168197138582825f,0.04547200776776203f,0.3493939847878557f,-1.5446652374502183f,-0.6010879372355196f,0f,0f,0f,1f], start_interpolation: 0, interpolation_duration: 1 }
$data merge entity $(bone_right_shoulder) { transformation: [-1.0107710336652451f,0.068699349522969f,0.0059410054075793575f,-1.827643125f,0.06829901811022329f,0.9854035499728785f,0.2252289201964704f,3.348966052645259f,0.009494224313304092f,0.22510713392251605f,-0.9877497742995031f,-0.5359704119302785f,0f,0f,0f,1f], start_interpolation: 0, interpolation_duration: 1 }
$data merge entity $(bone_right_arm) { transformation: [-1.3293824999999997f,-1.8034456341774456e-17f,1.6180043446891572e-16f,-1.74976375f,0f,1.3212008113814324f,0.1472625115611354f,3.50573197782398f,-1.628024023467506e-16f,0.1472625115611354f,-1.3212008113814324f,-0.5126504996257507f,0f,0f,0f,1f], start_interpolation: 0, interpolation_duration: 1 }
$data merge entity $(bone_left_thumb_2) { transformation: [-0.9284632547817047f,-0.18176875750534283f,0.3239075536555556f,2.6907828855519136f,-0.32053899609319203f,0.8326979892123801f,-0.4515183393232517f,-2.1470498124531154f,-0.18764524109001904f,-0.5230431889974503f,-0.8313934603661772f,-0.557218949470457f,0f,0f,0f,1f], start_interpolation: 0, interpolation_duration: 1 }
$data merge entity $(bone_left_thumb) { transformation: [-0.9284632547817047f,-0.18176875750534283f,0.3239075536555556f,2.8240567827148433f,-0.32053899609319203f,0.8326979892123801f,-0.4515183393232517f,-1.8027261593397754f,-0.18764524109001904f,-0.5230431889974503f,-0.8313934603661772f,-0.6415187129258917f,0f,0f,0f,1f], start_interpolation: 0, interpolation_duration: 1 }
$data merge entity $(bone_left_fingers_2) { transformation: [0.9398623323021974f,0.2408226587091156f,0.2422049614928352f,2.809267843872906f,0.27936653820672347f,-0.9499985082600249f,-0.13948896599415306f,-2.6298180347495124f,0.19650224846007286f,0.19876438653843292f,-0.960145606142181f,-0.7518078588660971f,0f,0f,0f,1f], start_interpolation: 0, interpolation_duration: 1 }
$data merge entity $(bone_left_fingers) { transformation: [-0.3614390389259938f,0.9003880151182085f,0.2422049614928352f,3.2249927871965025f,0.9054064888613661f,0.4009762066427562f,-0.13948896599415306f,-2.496693936618594f,-0.22271261991181884f,0.16887718596032297f,-0.960145606142181f,-0.6750707466814623f,0f,0f,0f,1f], start_interpolation: 0, interpolation_duration: 1 }
$data merge entity $(bone_left_hand) { transformation: [-0.9494723284548707f,-0.19959722975717833f,0.2422049614928352f,3.032883546856695f,-0.23766229023662128f,0.961280117429548f,-0.13948896599415306f,-1.741959641505264f,-0.2049852026317256f,-0.19000389919129085f,-0.960145606142181f,-0.8242161384517599f,0f,0f,0f,1f], start_interpolation: 0, interpolation_duration: 1 }
$data merge entity $(bone_left_forearm) { transformation: [-1.764502381283219f,-0.13489757044577821f,0.44177206064573776f,2.7720817541002822f,-0.2009215930032148f,1.7949173799307776f,-0.2544222362942929f,0.8789782347260235f,-0.4159211722723497f,-0.2947928193558401f,-1.7512667797184231f,-1.3480032591187174f,0f,0f,0f,1f], start_interpolation: 0, interpolation_duration: 1 }
$data merge entity $(bone_left_bicep) { transformation: [-1.5443145135779135f,-0.30154539782770395f,0.18519614489791686f,2.29452604253494f,-0.23021831551036154f,1.4858056030388038f,0.4995155583818932f,3.190387665606269f,-0.26875037905031884f,0.45998547684783997f,-1.4920861740304687f,-0.6117713365132145f,0f,0f,0f,1f], start_interpolation: 0, interpolation_duration: 1 }
$data merge entity $(bone_left_shoulder) { transformation: [-1.0075560633414575f,-0.10541268733499773f,-0.01148578423614007f,1.827643125f,-0.10412657894804146f,0.9628506299624005f,0.2974715088952659f,3.348966052645259f,-0.02003530502094838f,0.297018195396617f,-0.9683964874073507f,-0.5359704119302782f,0f,0f,0f,1f], start_interpolation: 0, interpolation_duration: 1 }
$data merge entity $(bone_left_arm) { transformation: [-1.3293824999999997f,-1.8034456341774456e-17f,1.6180043446891572e-16f,1.749763125f,0f,1.3212008113814324f,0.1472625115611354f,3.50573197782398f,-1.628024023467506e-16f,0.1472625115611354f,-1.3212008113814324f,-0.5126504996257504f,0f,0f,0f,1f], start_interpolation: 0, interpolation_duration: 1 }
$data merge entity $(bone_chest) { transformation: [-2.632522916666667f,-3.571291152798068e-17f,3.20406919502885e-16f,3.2031044415461055e-17f,0f,2.616321046410808f,0.2916180530814713f,4.242548884561047f,-3.2239107635778877e-16f,0.2916180530814713f,-2.616321046410808f,-0.33671673034599453f,0f,0f,0f,1f], start_interpolation: 0, interpolation_duration: 1 }
$data merge entity $(bone_weist) { transformation: [-1.9493945833333333f,4.749678026384132e-18f,2.3868473053015787e-16f,2.1612217495156298e-17f,0f,1.9490087321204734f,-0.03878406434974593f,0.29566654092394207f,-2.387319836754355e-16f,-0.03878406434974593f,-1.9490087321204734f,-0.2516405522384883f,0f,0f,0f,1f], start_interpolation: 0, interpolation_duration: 1 }
$data merge entity $(bone_right_foot) { transformation: [-1.142227399870945f,0.02812631008020502f,0.28304835724994953f,-1.7915666120738072f,0.03652883796029807f,1.1761479546036042f,0.030537317426243462f,-8.584759926160933f,-0.28208705368714315f,0.03841607006960796f,-1.142165484760889f,-0.44619053134538544f,0f,0f,0f,1f], start_interpolation: 0, interpolation_duration: 1 }
$data merge entity $(bone_right_knee) { transformation: [-2.8044463661940746f,0.2843782019929165f,0.7008126039863659f,-1.477510346409499f,0.3422171288713441f,2.8773358829601023f,0.2018770464200553f,-4.999454409762128f,-0.6744603060091297f,0.2774814289200403f,-2.811589593229529f,-0.21312129013166697f,0f,0f,0f,1f], start_interpolation: 0, interpolation_duration: 1 }
$data merge entity $(bone_right_thigh) { transformation: [-2.3904828787703263f,0.38875126244821284f,0.5142730648108219f,-0.8928749999999999f,0.2917025610652289f,2.413579500727005f,-0.4685683861267513f,-1.6216695150668594f,-0.5749034224223938f,-0.39181522756825393f,-2.376127017916281f,-0.7091411112745817f,0f,0f,0f,1f], start_interpolation: 0, interpolation_duration: 1 }
$data merge entity $(bone_right_leg) { transformation: [-1f,2.436488778101816e-18f,1.2244044000677537e-16f,-0.8089787499999999f,0f,0.9998020661306034f,-0.01989544070827764f,-1.5583121362823986f,-1.2246467991473532e-16f,-0.01989544070827764f,-0.9998020661306034f,-0.7517469423846302f,0f,0f,0f,1f], start_interpolation: 0, interpolation_duration: 1 }
$data merge entity $(bone_left_foot) { transformation: [-1.1706908231859163f,-0.01728514513150655f,-0.12155293144398838f,1.8716994322508698f,-0.016668125783200625f,1.1769733802397158f,-0.00683598321645324f,-8.55901316438285f,0.12163907664775982f,-0.005077483770824181f,-1.1707984664609876f,-0.9464716011601351f,0f,0f,0f,1f], start_interpolation: 0, interpolation_duration: 1 }
$data merge entity $(bone_left_knee) { transformation: [-2.863282812417175f,-0.36489843659313675f,-0.3246372677655806f,1.4719046492478398f,-0.4162608504121592f,2.8331196211074943f,0.4869176577655608f,-5.0171706144982675f,0.2554743217322687f,0.5265083399165094f,-2.8450747841608357f,-0.3961227847078791f,0f,0f,0f,1f], start_interpolation: 0, interpolation_duration: 1 }
$data merge entity $(bone_left_thigh) { transformation: [-2.440634494803863f,-0.37985080302347474f,-0.17038002569249416f,0.8928750000000001f,-0.35481671106552426f,2.427959755606675f,-0.33034716533077924f,-1.622912980111127f,0.21776383368502178f,-0.30122668463444324f,-2.4478264072727884f,-0.7716287404077442f,0f,0f,0f,1f], start_interpolation: 0, interpolation_duration: 1 }
$data merge entity $(bone_left_leg) { transformation: [-1f,2.436488778101816e-18f,1.2244044000677537e-16f,0.8089781250000001f,0f,0.9998020661306034f,-0.01989544070827764f,-1.5595556013266663f,-1.2246467991473532e-16f,-0.01989544070827764f,-0.9998020661306034f,-0.8142345715177928f,0f,0f,0f,1f], start_interpolation: 0, interpolation_duration: 1 }
data modify entity @s data merge value {"locators":{"consume":{"posx":3.002823976185639,"posy":-2.5922204173283188,"posz":-0.550107797378857,"roty":14.157973192721755,"rotx":-8.018276000095094}},"cameras":{}}