# This file was generated by Animated Java via MC-Build. It is not recommended to edit this file directly.
$data merge entity $(bone_neck) { transformation: [-1.2033625000000001f,-1.3663819229490086e-17f,1.4673459407307188e-16f,1.1102230246251565e-16f,0f,1.19817888860065f,0.11157355115779807f,3.8002326575848207f,-1.473694033838957e-16f,0.11157355115779807f,-1.19817888860065f,-0.6036265040963891f,0f,0f,0f,1f], start_interpolation: 0, interpolation_duration: 1 }
$data merge entity $(bone_right_thumb_2) { transformation: [-0.7528123981209481f,0.3837898017578858f,-0.5347699330572258f,-4.4567730781333745f,0.6579444112904566f,0.4628836883572367f,-0.5940099685227976f,-0.5905967036045584f,0.019561310974508646f,-0.7990269576925695f,-0.6009769346601543f,0.02035390449798033f,0f,0f,0f,1f], start_interpolation: 0, interpolation_duration: 1 }
$data merge entity $(bone_right_thumb) { transformation: [-0.7528123981209481f,0.3837898017578858f,-0.5347699330572258f,-4.480866126393409f,0.6579444112904566f,0.4628836883572367f,-0.5940099685227976f,-0.27998502294497485f,0.019561310974508646f,-0.7990269576925695f,-0.6009769346601543f,-0.19497623445224121f,0f,0f,0f,1f], start_interpolation: 0, interpolation_duration: 1 }
$data merge entity $(bone_right_fingers_2) { transformation: [0.7758050543362074f,-0.5101919823280755f,-0.3712555169078871f,-4.742701139956858f,-0.629483277534885f,-0.6662235329055756f,-0.3998712386590864f,-1.0413694541138359f,-0.0433280621575959f,0.5439212676214837f,-0.8380169053537677f,0.02456773025411553f,0f,0f,0f,1f], start_interpolation: 0, interpolation_duration: 1 }
$data merge entity $(bone_right_fingers) { transformation: [-0.6070900988408634f,-0.7025745177949795f,-0.3712555169078871f,-5.0838495024947985f,-0.5783598429427125f,0.7110575817502607f,-0.3998712386590864f,-0.758493789425881f,0.5449233927449539f,-0.02803858735070215f,-0.8380169053537677f,0.03064979043506849f,0f,0f,0f,1f], start_interpolation: 0, interpolation_duration: 1 }
$data merge entity $(bone_right_hand) { transformation: [-0.7973209215366621f,0.47586625142510935f,-0.3712555169078871f,-4.676883871930696f,0.5998238865830345f,0.6930471106480935f,-0.3998712386590864f,-0.22618101502555277f,0.06701233591176084f,-0.5415136315707516f,-0.8380169053537677f,-0.3933740887041335f,0f,0f,0f,1f], start_interpolation: 0, interpolation_duration: 1 }
$data merge entity $(bone_right_forearm) { transformation: [-1.5551311785931754f,0.6707135055456905f,-0.677155057929511f,-3.6469658139025602f,0.9196978943359725f,1.3960782260655367f,-0.7293489778516111f,1.7560148669032956f,0.2501027032138735f,-0.9632951478222147f,-1.5285089655153477f,-1.883962614541222f,0f,0f,0f,1f], start_interpolation: 0, interpolation_duration: 1 }
$data merge entity $(bone_right_bicep) { transformation: [-1.3208273437392213f,0.8501890814375052f,0.20670803012643368f,-2.3189966272830027f,0.8342139424874051f,1.1107846815728604f,0.7618261253240177f,3.477029616944989f,0.26388782100339425f,0.7439559616476215f,-1.3736911228287638f,-0.7061185976178697f,0f,0f,0f,1f], start_interpolation: 0, interpolation_duration: 1 }
$data merge entity $(bone_right_shoulder) { transformation: [-0.8887838187213417f,0.4679790749280935f,0.13218126824703658f,-1.827643125f,0.46950870865344996f,0.7540909600534129f,0.4871564175202168f,3.4250694778139863f,0.12664073098540982f,0.48862602065588767f,-0.8784188726685652f,-0.637238822464585f,0f,0f,0f,1f], start_interpolation: 0, interpolation_duration: 1 }
$data merge entity $(bone_right_arm) { transformation: [-1.3293824999999997f,-3.6124041977877226e-17f,1.5874405752989253e-16f,-1.74976375f,0f,1.2962435997090451f,0.2949751879727951f,3.5782163277131334f,-1.628024023467506e-16f,0.2949751879727951f,-1.2962435997090451f,-0.5964293140995072f,0f,0f,0f,1f], start_interpolation: 0, interpolation_duration: 1 }
$data merge entity $(bone_left_thumb_2) { transformation: [-0.7852376132471459f,-0.28805346983846214f,0.548112296209406f,4.156100120154759f,-0.6046554908795079f,0.5474190276376113f,-0.5785534940950176f,-0.7902946555326065f,-0.1333927587659353f,-0.7857210743605609f,-0.6040271229129524f,-0.11014400099019148f,0f,0f,0f,1f], start_interpolation: 0, interpolation_duration: 1 }
$data merge entity $(bone_left_thumb) { transformation: [-0.7852376132471459f,-0.28805346983846214f,0.548112296209406f,4.216059381029453f,-0.6046554908795079f,0.5474190276376113f,-0.5785534940950176f,-0.46605065536920615f,-0.1333927587659353f,-0.7857210743605609f,-0.6040271229129524f,-0.29641765793166724f,0f,0f,0f,1f], start_interpolation: 0, interpolation_duration: 1 }
$data merge entity $(bone_left_fingers_2) { transformation: [0.8044743397424989f,0.4234595278959891f,0.4165369910703919f,4.414168553907283f,0.573010663510649f,-0.7379793366225758f,-0.3564341148391776f,-1.2574746891828181f,0.1564602703530686f,0.525422236826924f,-0.8363322646226417f,-0.12073574902543026f,0f,0f,0f,1f], start_interpolation: 0, interpolation_duration: 1 }
$data merge entity $(bone_left_fingers) { transformation: [-0.5248417452375863f,0.7423193905092257f,0.4165369910703919f,4.769362169114513f,0.6568729210849763f,0.6644341105964549f,-0.3564341148391776f,-0.9984528908062156f,-0.5413493400764929f,0.08654036716994667f,-0.8363322646226417f,-0.06431729395278318f,0f,0f,0f,1f], start_interpolation: 0, interpolation_duration: 1 }
$data merge entity $(bone_left_hand) { transformation: [-0.8221797036088208f,-0.38796581040567957f,0.4165369910703919f,4.430805710400838f,-0.5402750777760001f,0.7622713179130832f,-0.3564341148391776f,-0.4096739095945867f,-0.17922995092296512f,-0.5180974501416845f,-0.8363322646226417f,-0.4735763804458273f,0f,0f,0f,1f], start_interpolation: 0, interpolation_duration: 1 }
$data merge entity $(bone_left_forearm) { transformation: [-1.5791578368301684f,-0.5058400301195759f,0.7597466366756723f,3.645690113117528f,-0.795531968496051f,1.5070831392220474f,-0.6501214195878519f,1.7446895950819215f,-0.447457232718578f,-0.8942342182195625f,-1.5254362489093365f,-1.8714309016910597f,0f,0f,0f,1f], start_interpolation: 0, interpolation_duration: 1 }
$data merge entity $(bone_left_bicep) { transformation: [-1.3382093020363701f,-0.8476826997274339f,-0.02764887718601341f,2.3192704011339047f,-0.725506809723183f,1.1173658080091406f,0.8574777408311404f,3.4750651457556705f,-0.4392838363428902f,0.7369275728037297f,-1.3319542107193412f,-0.7056171687276752f,0f,0f,0f,1f], start_interpolation: 0, interpolation_duration: 1 }
$data merge entity $(bone_left_shoulder) { transformation: [-0.890124890818117f,-0.4662528963299001f,-0.12922420081724384f,1.827643125f,-0.46723681236057524f,0.758116629324483f,0.4830754766945364f,3.4250694778139863f,-0.1256201360770021f,0.48402519735289035f,-0.8811084884430131f,-0.6372388224645845f,0f,0f,0f,1f], start_interpolation: 0, interpolation_duration: 1 }
$data merge entity $(bone_left_arm) { transformation: [-1.3293824999999997f,-3.6124041977877226e-17f,1.5874405752989253e-16f,1.749763125f,0f,1.2962435997090451f,0.2949751879727951f,3.5782163277131334f,-1.628024023467506e-16f,0.2949751879727951f,-1.2962435997090451f,-0.5964293140995067f,0f,0f,0f,1f], start_interpolation: 0, interpolation_duration: 1 }
$data merge entity $(bone_chest) { transformation: [-2.632522916666667f,-7.153499338932963e-17f,3.143544986729507e-16f,1.1387182277829042e-18f,0f,2.566899279790847f,0.5841275495851953f,4.2905606939757135f,-3.2239107635778877e-16f,0.5841275495851953f,-2.566899279790847f,-0.33871367801871943f,0f,0f,0f,1f], start_interpolation: 0, interpolation_duration: 1 }
$data merge entity $(bone_weist) { transformation: [-1.9493945833333333f,-2.2134789137615482e-17f,2.3770362037512534e-16f,4.516794573999518e-17f,0f,1.9409973597336299f,0.1807442697194537f,0.35916662841114877f,-2.387319836754355e-16f,0.1807442697194537f,-1.9409973597336299f,-0.6982396045378361f,0f,0f,0f,1f], start_interpolation: 0, interpolation_duration: 1 }
$data merge entity $(bone_right_cheek) { transformation: [-0.9923645692663693f,0.07497729348361248f,0.09793348317427374f,-0.9866243633464306f,0.09539171356842514f,0.9698949701001347f,0.22406286608212939f,-1.6466584479264479f,-0.0781855654660951f,0.23169409236389898f,-0.9696416167411629f,-1.5477228935453309f,0f,0f,0f,1f], start_interpolation: 0, interpolation_duration: 1 }
$data merge entity $(bone_right_foot) { transformation: [-1.1736053987249084f,0.010765393096528918f,0.09014083021465978f,-1.6073338801367116f,0.018096600379937405f,1.1730903436133586f,0.0955115367499871f,-8.424801608261532f,-0.08895940655714697f,0.09661287134296603f,-1.169761972348405f,-3.2544037898361253f,0f,0f,0f,1f], start_interpolation: 0, interpolation_duration: 1 }
$data merge entity $(bone_right_knee) { transformation: [-2.874714241778439f,0.25918426142322487f,0.325223362138602f,-1.338964342351992f,0.3657534468629812f,2.656768555819842f,1.1156764519558635f,-5.08143274413591f,-0.19791698451140352f,1.145134510863887f,-2.6620339043303836f,-1.9287980095578345f,0f,0f,0f,1f], start_interpolation: 0, interpolation_duration: 1 }
$data merge entity $(bone_right_leg) { transformation: [-2.4503785343039155f,0.28514737538968765f,0.21059139552704476f,-0.8928749999999999f,0.3117646902136132f,2.433574030077358f,0.3324649470367041f,-1.6896158789576914f,-0.16870251775733944f,0.3555575022137506f,-2.4444081177374852f,-1.386720895299995f,0f,0f,0f,1f], start_interpolation: 0, interpolation_duration: 1 }
$data merge entity $(bone_left_cheek) { transformation: [-0.9998656069765545f,-0.000990101826630214f,0.016364219620235206f,0.8236712460765787f,-0.0039079596459282075f,0.9837947805616877f,-0.17925556502096857f,-1.4604096183494923f,-0.015921552587991668f,-0.1792954250335289f,-0.983666434684662f,-1.3909529482632257f,0f,0f,0f,1f], start_interpolation: 0, interpolation_duration: 1 }
$data merge entity $(bone_left_foot) { transformation: [-1.1770964772945947f,-0.005446983054987974f,0.00226017539516762f,1.152246179294388f,-0.0054386874162903505f,1.1770908070122155f,0.004306692824216993f,-8.553438726776504f,-0.002280065000418234f,0.004296195932793577f,-1.1771012016307958f,1.378743618430587f,0f,0f,0f,1f], start_interpolation: 0, interpolation_duration: 1 }
$data merge entity $(bone_left_knee) { transformation: [-2.9015406530874146f,-0.1305961751762287f,0.03058048469901043f,1.0562247506440634f,-0.1319653357629381f,2.8980167407110753f,-0.14495795683355486f,-4.959042268169957f,-0.023993273475323137f,-0.14619267465137725f,-2.9008586165548023f,1.0986323547219845f,0f,0f,0f,1f], start_interpolation: 0, interpolation_duration: 1 }
$data merge entity $(bone_left_leg) { transformation: [-2.4732451070813384f,-0.07913027640738073f,0.08252128569630937f,0.8928750000000001f,-0.11248597211027934f,2.00384682432409f,-1.4498129305754337f,-2.1340833078001795f,-0.020451633570105158f,-1.4520155050621923f,-2.005304322710736f,-0.8989133086510878f,0f,0f,0f,1f], start_interpolation: 0, interpolation_duration: 1 }
data modify entity @s data merge value {"locators":{"consume":{"posx":4.559116293842286,"posy":-1.1079445426906833,"posz":0.06950452003805263,"roty":26.475693744825435,"rotx":-20.881363590373535}},"cameras":{}}