# This file was generated by Animated Java via MC-Build. It is not recommended to edit this file directly.
$data merge entity $(bone_neck) { transformation: [-1.2033625000000001f,-1.284408981020268e-17f,1.4680861831198066e-16f,1.1102230246251565e-16f,0f,1.1987833423824283f,0.10487995248217882f,3.7966081206159554f,-1.473694033838957e-16f,0.10487995248217882f,-1.1987833423824283f,-0.6006360513557756f,0f,0f,0f,1f], start_interpolation: 0, interpolation_duration: 1 }
$data merge entity $(bone_right_thumb_2) { transformation: [-0.7682930218860025f,0.3997354786032617f,-0.49993737574529873f,-4.409693638846721f,0.6396755624690138f,0.5078557802182857f,-0.576972860088607f,-0.7689724008976996f,0.023259563650798766f,-0.7630819442528423f,-0.645883069180542f,-0.0961852327652652f,0f,0f,0f,1f], start_interpolation: 0, interpolation_duration: 1 }
$data merge entity $(bone_right_thumb) { transformation: [-0.7682930218860025f,0.3997354786032617f,-0.49993737574529873f,-4.433747669674406f,0.6396755624690138f,0.5078557802182857f,-0.576972860088607f,-0.4492800701183234f,0.023259563650798766f,-0.7630819442528423f,-0.645883069180542f,-0.2977922195458427f,0f,0f,0f,1f], start_interpolation: 0, interpolation_duration: 1 }
$data merge entity $(bone_right_fingers_2) { transformation: [0.7914048816083473f,-0.512584403094724f,-0.33306987715868686f,-4.684929771214556f,-0.6096426354566403f,-0.7018248894506206f,-0.368480232279977f,-1.2256071072650523f,-0.044879509800789835f,0.4946706523047929f,-0.8679209499420967f,-0.12261441828682847f,0f,0f,0f,1f], start_interpolation: 0, interpolation_duration: 1 }
$data merge entity $(bone_right_fingers) { transformation: [-0.611498238169324f,-0.7177286128094028f,-0.33306987715868686f,-5.0326398221603545f,-0.6162463484089085f,0.6960335886231211f,-0.368480232279977f,-0.9508605592859282f,0.4962966278230174f,-0.02007191727538485f,-0.8679209499420967f,-0.11555090387540956f,0f,0f,0f,1f], start_interpolation: 0, interpolation_duration: 1 }
$data merge entity $(bone_right_hand) { transformation: [-0.813010257158039f,0.4775759402286893f,-0.33306987715868686f,-4.6241211874016255f,0.5784492190378522f,0.7277491459379345f,-0.368480232279977f,-0.3906089330206255f,0.06641402525309117f,-0.4922422187310739f,-0.8679209499420967f,-0.5002648296077865f,0f,0f,0f,1f], start_interpolation: 0, interpolation_duration: 1 }
$data merge entity $(bone_right_forearm) { transformation: [-1.5839101060057446f,0.6700699997307039f,-0.6075059943632429f,-3.5910081923617527f,0.8727832301205838f,1.4537430741838064f,-0.6720930509359567f,1.6808785414836036f,0.23729047799407815f,-0.8743373670140248f,-1.5830527342226575f,-1.8616255666636006f,0f,0f,0f,1f], start_interpolation: 0, interpolation_duration: 1 }
$data merge entity $(bone_right_bicep) { transformation: [-1.3463918857124215f,0.8134427080014963f,0.18887669726689105f,-2.320073831999127f,0.7974949226889243f,1.1461706457687457f,0.7486182304398883f,3.457391840777385f,0.24772019347772775f,0.7312580717234891f,-1.3834850538282328f,-0.7034214362288204f,0f,0f,0f,1f], start_interpolation: 0, interpolation_duration: 1 }
$data merge entity $(bone_right_shoulder) { transformation: [-0.9030211154177824f,0.44314592337424896f,0.12077886559016951f,-1.827643125f,0.44414560958636223f,0.7745862772761943f,0.47871051294848865f,3.421263066405421f,0.11704922580531066f,0.4796360790422576f,-0.884681688002067f,-0.632152549916682f,0f,0f,0f,1f], start_interpolation: 0, interpolation_duration: 1 }
$data merge entity $(bone_right_arm) { transformation: [-1.3293824999999997f,-3.5236889112126395e-17f,1.589433353606655e-16f,-1.74976375f,0f,1.2978708266851144f,0.28773103507606995f,3.574635449876368f,-1.628024023467506e-16f,0.28773103507606995f,-1.2978708266851144f,-0.5921990069514831f,0f,0f,0f,1f], start_interpolation: 0, interpolation_duration: 1 }
$data merge entity $(bone_left_thumb_2) { transformation: [-0.797713805738418f,-0.29463232333030864f,0.5261601259914266f,4.096771567289938f,-0.5868477833050799f,0.5800957089741663f,-0.5648881727029458f,-0.9232270878494186f,-0.13878891657565184f,-0.7593949976650776f,-0.6356546815347257f,-0.20249788233513766f,0f,0f,0f,1f], start_interpolation: 0, interpolation_duration: 1 }
$data merge entity $(bone_left_thumb) { transformation: [-0.797713805738418f,-0.29463232333030864f,0.5261601259914266f,4.158363969648913f,-0.5868477833050799f,0.5800957089741663f,-0.5648881727029458f,-0.5934290274156043f,-0.13878891657565184f,-0.7593949976650776f,-0.6356546815347257f,-0.3781873105392771f,0f,0f,0f,1f], start_interpolation: 0, interpolation_duration: 1 }
$data merge entity $(bone_left_fingers_2) { transformation: [0.8168808190391161f,0.42159060174138785f,0.3936585982921204f,4.346764092331921f,0.554084395389967f,-0.7632100195641641f,-0.3324168299322441f,-1.3937602598529872f,0.16030037514403137f,0.4896650187221893f,-0.857048399548404f,-0.23522336070794989f,0f,0f,0f,1f], start_interpolation: 0, interpolation_duration: 1 }
$data merge entity $(bone_left_fingers) { transformation: [-0.5246081785067641f,0.7548636744700978f,0.3936585982921204f,4.707281291639789f,0.6843581257470943f,0.6489630242946985f,-0.3324168299322441f,-1.142639874152664f,-0.5063992641856214f,0.09501487285567659f,-0.857048399548404f,-0.17688178650955078f,0f,0f,0f,1f], start_interpolation: 0, interpolation_duration: 1 }
$data merge entity $(bone_left_hand) { transformation: [-0.8344928532723034f,-0.3855575000283782f,0.3936585982921204f,4.370415803916639f,-0.52026627633613f,0.7866524346146365f,-0.3324168299322441f,-0.5340806501635871f,-0.1815066928374472f,-0.48220676196703405f,-0.857048399548404f,-0.5576067245019625f,0f,0f,0f,1f], start_interpolation: 0, interpolation_duration: 1 }
$data merge entity $(bone_left_forearm) { transformation: [-1.6008510296894913f,-0.498553502209862f,0.7180173729164799f,3.5933351509436764f,-0.7535444230920637f,1.5464092768187372f,-0.6063148626162035f,1.6818260823759268f,-0.44302973354217534f,-0.8287890658284153f,-1.563221641736807f,-1.860522257223283f,0f,0f,0f,1f], start_interpolation: 0, interpolation_duration: 1 }
$data merge entity $(bone_left_bicep) { transformation: [-1.3595266725783215f,-0.8134427080014964f,-0.011521424860498366f,2.320073831999127f,-0.6929579560258065f,1.1461706457687457f,0.8463076732737919f,3.457391840777385f,-0.426181948951572f,0.731258071723489f,-1.3393151738148086f,-0.7034214362288198f,0f,0f,0f,1f], start_interpolation: 0, interpolation_duration: 1 }
$data merge entity $(bone_left_shoulder) { transformation: [-0.9030211154177826f,-0.4431459233742492f,-0.12077886559016934f,1.827643125f,-0.44414560958636234f,0.7745862772761946f,0.47871051294848876f,3.421263066405421f,-0.11704922580531091f,0.4796360790422576f,-0.8846816880020673f,-0.6321525499166816f,0f,0f,0f,1f], start_interpolation: 0, interpolation_duration: 1 }
$data merge entity $(bone_left_arm) { transformation: [-1.3293824999999997f,-3.5236889112126395e-17f,1.589433353606655e-16f,1.749763125f,0f,1.2978708266851144f,0.28773103507606995f,3.574635449876368f,-1.628024023467506e-16f,0.28773103507606995f,-1.2978708266851144f,-0.5921990069514826f,0f,0f,0f,1f], start_interpolation: 0, interpolation_duration: 1 }
$data merge entity $(bone_chest) { transformation: [-2.632522916666667f,-6.977820010396925e-17f,3.147491205792068e-16f,2.672568421049195e-18f,0f,2.570121612193388f,0.5697822437665419f,4.288408054311479f,-3.2239107635778877e-16f,0.5697822437665419f,-2.570121612193388f,-0.33846585108792654f,0f,0f,0f,1f], start_interpolation: 0, interpolation_duration: 1 }
$data merge entity $(bone_weist) { transformation: [-1.9493945833333333f,-2.0806863354854387e-17f,2.37823536402394e-16f,4.4012160532216416e-17f,0f,1.941976548405434f,0.1699009328186783f,0.3550673430952329f,-2.387319836754355e-16f,0.1699009328186783f,-1.941976548405434f,-0.6760292378533961f,0f,0f,0f,1f], start_interpolation: 0, interpolation_duration: 1 }
$data merge entity $(bone_right_cheek) { transformation: [-0.9921614556547641f,0.06743415178095405f,0.10520589853521964f,-0.9877996369502237f,0.08958080932270586f,0.9707965135109471f,0.22255203426632297f,-1.6529090888180191f,-0.08712591184090238f,0.23023197981291138f,-0.9692276878821192f,-1.5110158057446221f,0f,0f,0f,1f], start_interpolation: 0, interpolation_duration: 1 }
$data merge entity $(bone_right_foot) { transformation: [-1.1729138383631572f,0.011816021809952082f,0.09861239415689378f,-1.6042274167510746f,0.019490873418215517f,1.1734089993302885f,0.09122675605680973f,-8.451267937890368f,-0.09738649036782743f,0.0925343006448977f,-1.1694204417464915f,-3.1211608861877256f,0f,0f,0f,1f], start_interpolation: 0, interpolation_duration: 1 }
$data merge entity $(bone_right_knee) { transformation: [-2.873105924532704f,0.2556035181132547f,0.3418448134420487f,-1.3396969552261173f,0.3657148788020746f,2.6736585387721177f,1.074584261008766f,-5.088345287535853f,-0.22009921029364443f,1.1059591077942705f,-2.676815174428194f,-1.8451737632979153f,0f,0f,0f,1f], start_interpolation: 0, interpolation_duration: 1 }
$data merge entity $(bone_right_leg) { transformation: [-2.4490076202846973f,0.2858661242850552f,0.22506656284927465f,-0.8928749999999999f,0.31173181517261545f,2.4384147794088764f,0.29490568307275594f,-1.6891230028611162f,-0.18761043184143966f,0.32004163086333604f,-2.4479355390446185f,-1.352321913582304f,0f,0f,0f,1f], start_interpolation: 0, interpolation_duration: 1 }
$data merge entity $(bone_left_cheek) { transformation: [-0.9999157406545949f,-0.004301411179303915f,0.012247834626558526f,0.825590336813881f,-0.006310309122872964f,0.9855892893261584f,-0.1690382582859038f,-1.4639556922344594f,-0.011344231571453077f,-0.16910130285549163f,-0.9855333874520075f,-1.357436284197195f,0f,0f,0f,1f], start_interpolation: 0, interpolation_duration: 1 }
$data merge entity $(bone_left_foot) { transformation: [-1.1770953609217099f,-0.005652339504948439f,-0.002336071761077157f,1.189900974334619f,-0.005663121251639022f,1.1770849740604685f,0.005457817816507373f,-8.566434066225256f,0.002309811862757958f,0.005468983063582323f,-1.177096278929626f,1.2941144027340448f,0f,0f,0f,1f], start_interpolation: 0, interpolation_duration: 1 }
$data merge entity $(bone_left_knee) { transformation: [-2.9010714841222915f,-0.14289349869571585f,0.017157522461257797f,1.0781490867557917f,-0.14345703395753737f,2.8988679610358f,-0.1136367564755286f,-4.969652455655792f,-0.011533080881407583f,-0.11434457155750795f,-2.9023647247606115f,1.0531955409741731f,0f,0f,0f,1f], start_interpolation: 0, interpolation_duration: 1 }
$data merge entity $(bone_left_leg) { transformation: [-2.472845192006514f,-0.09486799252667359f,0.07777816726618113f,0.8928750000000001f,-0.1222813841792454f,2.031947990370941f,-1.4093428789509546f,-2.10627388601935f,-0.009830686269779896f,-1.4114532055156896f,-2.0341376377192404f,-0.8869079680668026f,0f,0f,0f,1f], start_interpolation: 0, interpolation_duration: 1 }
data modify entity @s data merge value {"locators":{"consume":{"posx":4.497973620517287,"posy":-1.253559681996363,"posz":-0.04276570679364411,"roty":24.670216995670472,"rotx":-19.415533043487486}},"cameras":{}}