# This file was generated by Animated Java via MC-Build. It is not recommended to edit this file directly.
$data merge entity $(bone_neck) { transformation: [-1.2033625000000001f,1.6324863964719395e-17f,1.464624179448734e-16f,1.1102230246251565e-16f,0f,1.195956401852732f,-0.13330263040809318f,3.7661304958659363f,-1.473694033838957e-16f,-0.13330263040809318f,-1.195956401852732f,-0.6145527376846189f,0f,0f,0f,1f], start_interpolation: 0, interpolation_duration: 1 }
$data merge entity $(bone_right_thumb_2) { transformation: [-0.8115936048822758f,0.42138285276290455f,-0.4046632080033823f,-4.208445775974859f,0.5786057202720971f,0.4839359998104562f,-0.6565221767433765f,-1.1325434861226003f,-0.08081609358661244f,-0.7669696470427303f,-0.636573891651668f,0.6119420504467523f,0f,0f,0f,1f], start_interpolation: 0, interpolation_duration: 1 }
$data merge entity $(bone_right_thumb) { transformation: [-0.8115936048822758f,0.42138285276290455f,-0.4046632080033823f,-4.239337037819446f,0.5786057202720971f,0.4839359998104562f,-0.6565221767433765f,-0.8301575002754396f,-0.08081609358661244f,-0.7669696470427303f,-0.636573891651668f,0.3860314367477873f,0f,0f,0f,1f], start_interpolation: 0, interpolation_duration: 1 }
$data merge entity $(bone_right_fingers_2) { transformation: [0.834130184694816f,-0.4984635048337684f,-0.23613760676738374f,-4.4472912920568675f,-0.5484245885899727f,-0.7038867857626712f,-0.45141318485242987f,-1.6097823233047883f,0.05879885722453265f,0.5060410330966558f,-0.8605028571780329f,0.5991125064233945f,0f,0f,0f,1f], start_interpolation: 0, interpolation_duration: 1 }
$data merge entity $(bone_right_fingers) { transformation: [-0.6030749172738415f,-0.76193154208585f,-0.23613760676738374f,-4.813266759512278f,-0.6262811634648313f,0.6356084021081869f,-0.45141318485242987f,-1.3628322575041694f,0.49403699096756515f,-0.12434743400712261f,-0.8605028571780329f,0.5601835889855888f,0f,0f,0f,1f], start_interpolation: 0, interpolation_duration: 1 }
$data merge entity $(bone_right_hand) { transformation: [-0.8550789502919302f,0.4616048303883131f,-0.23613760676738374f,-4.41682086136508f,0.5171994995330506f,0.7271387860815481f,-0.45141318485242987f,-0.8002922826316308f,-0.03666969389581674f,-0.5081241642925761f,-0.8605028571780329f,0.1662881830170324f,0f,0f,0f,1f], start_interpolation: 0, interpolation_duration: 1 }
$data merge entity $(bone_right_forearm) { transformation: [-1.656182938588298f,0.6311730746567826f,-0.43070545084876777f,-3.430449877892767f,0.7621672829024316f,1.4380573303725086f,-0.823359404554611f,1.2470060843345694f,0.05465956856453837f,-0.9275991731473799f,-1.5695224328355877f,-1.2645603601651967f,0f,0f,0f,1f], start_interpolation: 0, interpolation_duration: 1 }
$data merge entity $(bone_right_bicep) { transformation: [-1.411714199983265f,0.7090117001470955f,0.12041587313822844f,-2.321397608736847f,0.7162663617141918f,1.3623838987792847f,0.37550921068220955f,3.3659671767847743f,0.06449862421657544f,0.3890335169172278f,-1.534479522858708f,-0.6378886665037099f,0f,0f,0f,1f], start_interpolation: 0, interpolation_duration: 1 }
$data merge entity $(bone_right_shoulder) { transformation: [-0.9388128911026463f,0.37298013593734786f,0.07700098936045097f,-1.827643125f,0.3803508414090869f,0.9077925536062421f,0.24012266807466803f,3.3919309569831197f,0.01940545298956894f,0.2514189262566665f,-0.981236429501603f,-0.5715189776614005f,0f,0f,0f,1f], start_interpolation: 0, interpolation_duration: 1 }
$data merge entity $(bone_right_arm) { transformation: [-1.3293824999999997f,-3.2390255430549336e-18f,1.62770178237307e-16f,-1.74976375f,0f,1.3291193701778665f,0.026448650707371863f,3.5501683774057584f,-1.628024023467506e-16f,0.026448650707371863f,-1.3291193701778665f,-0.5625583758389602f,0f,0f,0f,1f], start_interpolation: 0, interpolation_duration: 1 }
$data merge entity $(bone_left_thumb_2) { transformation: [-0.829692297080983f,-0.30276606854263605f,0.4689812361957752f,3.9040595677961383f,-0.5562584391952595f,0.51881049697408f,-0.6491627046076828f,-1.1883566069669493f,-0.04676794830367577f,-0.7994800660233775f,-0.5988692537129625f,0.5857625492229239f,0f,0f,0f,1f], start_interpolation: 0, interpolation_duration: 1 }
$data merge entity $(bone_left_thumb) { transformation: [-0.829692297080983f,-0.30276606854263605f,0.4689812361957752f,3.972552626100028f,-0.5562584391952595f,0.51881049697408f,-0.6491627046076828f,-0.8804674962770608f,-0.04676794830367577f,-0.7994800660233775f,-0.5988692537129625f,0.37614347480524923f,0f,0f,0f,1f], start_interpolation: 0, interpolation_duration: 1 }
$data merge entity $(bone_left_fingers_2) { transformation: [0.8483092313085978f,0.4082939464550583f,0.33714611278312145f,4.13016231791834f,0.5247789066346835f,-0.7331374356628625f,-0.4325697626753257f,-1.6719236124592038f,0.07055882104968317f,0.5438800913049086f,-0.8361913052969655f,0.5887929046090966f,0f,0f,0f,1f], start_interpolation: 0, interpolation_duration: 1 }
$data merge entity $(bone_left_fingers) { transformation: [-0.5155275089307312f,0.7877587740996004f,0.33714611278312145f,4.504272578533493f,0.6583679508282907f,0.6159829881913699f,-0.4325697626753257f,-1.4349646919944659f,-0.5484368959669216f,-0.0010354167880208265f,-0.8361913052969655f,0.606953887667935f,0f,0f,0f,1f], start_interpolation: 0, interpolation_duration: 1 }
$data merge entity $(bone_left_hand) { transformation: [-0.8653113606996728f,-0.3709026121225236f,0.33714611278312145f,4.1784673285170255f,-0.4923004275988445f,0.7553301856837227f,-0.4325697626753257f,-0.8494171393517158f,-0.094215381069522f,-0.5402847054245398f,-0.8361913052969655f,0.1829737383846679f,0f,0f,0f,1f], start_interpolation: 0, interpolation_duration: 1 }
$data merge entity $(bone_left_forearm) { transformation: [-1.6530928875687219f,-0.4647151564489602f,0.6149408833943552f,3.4445962582598693f,-0.7104292594632207f,1.483109564762589f,-0.7889897640918859f,1.2679080597350194f,-0.29900289965442045f,-0.9545964612912875f,-1.5251791447964094f,-1.2969090703191983f,0f,0f,0f,1f], start_interpolation: 0, interpolation_duration: 1 }
$data merge entity $(bone_left_bicep) { transformation: [-1.411870536713699f,-0.7166808742963076f,0.05589872861844105f,2.32130181385382f,-0.6673245764453062f,1.3524942566745735f,0.48535734383842594f,3.370166162808548f,-0.26727149701262676f,0.4089772193700764f,-1.507129104225798f,-0.6400750593983183f,0f,0f,0f,1f], start_interpolation: 0, interpolation_duration: 1 }
$data merge entity $(bone_left_shoulder) { transformation: [-0.9362933296216998f,-0.37812342282342587f,-0.08240422734937979f,1.827643125f,-0.38644477860020604f,0.9019775286611651f,0.2520118043857765f,3.3919309569831197f,-0.020693300012064455f,0.26433348930741607f,-0.9778100901668059f,-0.5715189776614f,0f,0f,0f,1f], start_interpolation: 0, interpolation_duration: 1 }
$data merge entity $(bone_left_arm) { transformation: [-1.3293824999999997f,-3.2390255430549336e-18f,1.62770178237307e-16f,1.749763125f,0f,1.3291193701778665f,0.026448650707371863f,3.5501683774057584f,-1.628024023467506e-16f,0.026448650707371863f,-1.3291193701778665f,-0.5625583758389597f,0f,0f,0f,1f], start_interpolation: 0, interpolation_duration: 1 }
$data merge entity $(bone_chest) { transformation: [-2.632522916666667f,-6.4141125445541895e-18f,3.2232726424458626e-16f,5.671464740566894e-17f,0f,2.6320018512194956f,0.05237520360172373f,4.299935974476112f,-3.2239107635778877e-16f,0.05237520360172373f,-2.6320018512194956f,-0.45439000888304104f,0f,0f,0f,1f], start_interpolation: 0, interpolation_duration: 1 }
$data merge entity $(bone_weist) { transformation: [-1.9493945833333333f,2.6445565144731953e-17f,2.3726270695957283e-16f,2.3634138482180776e-18f,0f,1.9373970284719184f,-0.21594442710456915f,0.37716277925760444f,-2.387319836754355e-16f,-0.21594442710456915f,-1.9373970284719184f,-0.010578506698963819f,0f,0f,0f,1f], start_interpolation: 0, interpolation_duration: 1 }
$data merge entity $(bone_right_cheek) { transformation: [-0.9777096837770544f,0.16090894872215777f,0.13487803553470878f,-1.08961740398102f,0.1557276360045774f,0.9866237103989279f,-0.048192919221379f,-1.4717864110948327f,-0.14082853983833676f,-0.026114446189465984f,-0.9896895260975632f,-0.46930217217248305f,0f,0f,0f,1f], start_interpolation: 0, interpolation_duration: 1 }
$data merge entity $(bone_right_foot) { transformation: [-1.1484552339599539f,0.170929950963615f,0.19345392818479068f,-2.5907006089582345f,0.19063353479076922f,1.1563524660721716f,0.10999420211332434f,-8.386090173914186f,-0.17406988791783184f,0.13864638815687358f,-1.1558839682459003f,-0.5602968092766822f,0f,0f,0f,1f], start_interpolation: 0, interpolation_duration: 1 }
$data merge entity $(bone_right_knee) { transformation: [-2.788232299078094f,0.6460315729536027f,0.4953105507242949f,-1.8345036322152013f,0.716040108184992f,2.787058327779955f,0.3956275136499607f,-4.897816156909275f,-0.38726721831590044f,0.5018742599830348f,-2.8346207889801365f,-0.04311331207692376f,0f,0f,0f,1f], start_interpolation: 0, interpolation_duration: 1 }
$data merge entity $(bone_right_leg) { transformation: [-2.3766621652408375f,0.6411802448504822f,0.2652877096008629f,-0.8928749999999999f,0.6103456424634732f,2.3819940834120805f,-0.2891281830862465f,-1.573845005366035f,-0.33010282031156f,-0.2121433551690454f,-2.4445940456073756f,-0.2917420488922301f,0f,0f,0f,1f], start_interpolation: 0, interpolation_duration: 1 }
$data merge entity $(bone_left_cheek) { transformation: [-0.9960281831798914f,-0.08366688557595643f,-0.030458341540283318f,0.9335514441610646f,-0.07540401527439823f,0.9745364284173026f,-0.21117050970281315f,-1.4356964575667592f,0.047350742252503734f,-0.20803509786972824f,-0.9769745673570369f,-0.35664078115498377f,0f,0f,0f,1f], start_interpolation: 0, interpolation_duration: 1 }
$data merge entity $(bone_left_foot) { transformation: [-1.1577708426279103f,-0.14488225885872855f,-0.1554564308905014f,2.611682206234762f,-0.14919123168271567f,1.1673894003244312f,0.023127024791826375f,-8.30405808480401f,0.1513259634901265f,0.04245013491992565f,-1.1665716153308496f,-0.35720866572637333f,0f,0f,0f,1f], start_interpolation: 0, interpolation_duration: 1 }
$data merge entity $(bone_left_knee) { transformation: [-2.792298874189089f,-0.6536272774451741f,-0.4612668077327722f,1.8473152529632904f,-0.7362257790348945f,2.754800435293053f,0.5531499367510513f,-4.849975156067634f,0.31299726519705456f,0.6486714364166493f,-2.813927285501591f,0.34451964253700906f,0f,0f,0f,1f], start_interpolation: 0, interpolation_duration: 1 }
$data merge entity $(bone_left_leg) { transformation: [-2.380128474418737f,-0.6495904675315128f,-0.2074449148385838f,0.8928750000000001f,-0.6275517124902893f,2.381267601020201f,-0.2564296851401229f,-1.527928716380667f,0.2667958327086495f,-0.19393184308603933f,-2.4538180753319128f,0.12020690960361624f,0f,0f,0f,1f], start_interpolation: 0, interpolation_duration: 1 }
data modify entity @s data merge value {"locators":{"consume":{"posx":4.296578344769018,"posy":-1.5217644076068373,"posz":0.7600190451394212,"roty":21.958925507218538,"rotx":-25.630754623674097}},"cameras":{}}
execute on vehicle unless entity @s[tag=aj.transforms_only] at @s run function animated_java:armor/animations/bite/zzz/frames/zzz/2