# This file was generated by Animated Java via MC-Build. It is not recommended to edit this file directly.
$data merge entity $(bone_neck) { transformation: [-1.2033625000000001f,1.4380733717976357e-17f,1.4666606816662818e-16f,1.1102230246251565e-16f,0f,1.1976193321106365f,-0.11742760221141953f,3.65138336768723f,-1.473694033838957e-16f,-0.11742760221141953f,-1.1976193321106365f,-0.438348912630511f,0f,0f,0f,1f], start_interpolation: 0, interpolation_duration: 1 }
$data merge entity $(bone_right_thumb_2) { transformation: [-0.6139814638417048f,0.5676756025799601f,-0.5484260864458185f,-5.444900133305469f,0.7892741988040683f,0.4490677630758506f,-0.4187891871434213f,-0.5622404467673021f,0.008544071687053451f,-0.6899873581461695f,-0.7237709889443453f,0.25785296347875336f,0f,0f,0f,1f], start_interpolation: 0, interpolation_duration: 1 }
$data merge entity $(bone_right_thumb) { transformation: [-0.6139814638417048f,0.5676756025799601f,-0.5484260864458185f,-5.381734584462211f,0.7892741988040683f,0.4490677630758506f,-0.4187891871434213f,-0.23459318642260243f,0.008544071687053451f,-0.6899873581461695f,-0.7237709889443453f,0.07873136761467098f,0f,0f,0f,1f], start_interpolation: 0, interpolation_duration: 1 }
$data merge entity $(bone_right_fingers_2) { transformation: [0.6448472498581179f,-0.6935456031883965f,-0.32119545552274703f,-5.806985295021671f,-0.7638684344851671f,-0.5991096938218847f,-0.23994288813346198f,-0.9459721928620353f,-0.026019975933926034f,0.40007758130978777f,-0.916111832575973f,0.17653280502234409f,0f,0f,0f,1f], start_interpolation: 0, interpolation_duration: 1 }
$data merge entity $(bone_right_fingers) { transformation: [-0.7717816804970876f,-0.5488046255277247f,-0.32119545552274703f,-6.0876624890955f,-0.4942793892285042f,0.8355329411926674f,-0.23994288813346198f,-0.6029594655560242f,0.40005115052076473f,-0.026423231848213324f,-0.916111832575973f,0.17588471247530163f,0f,0f,0f,1f], start_interpolation: 0, interpolation_duration: 1 }
$data merge entity $(bone_right_hand) { transformation: [-0.6744855324837054f,0.6647576594682512f,-0.32119545552274703f,-5.535616716699448f,0.737008603185779f,0.6318589472851672f,-0.23994288813346198f,-0.12510569033736885f,0.04344634967773015f,-0.39856182069281604f,-0.916111832575973f,-0.13342968909597075f,0f,0f,0f,1f], start_interpolation: 0, interpolation_duration: 1 }
$data merge entity $(bone_right_forearm) { transformation: [-1.3779713722307654f,1.0415402687598314f,-0.5858475292238299f,-3.9645432482737197f,1.1823439527482082f,1.3180884658088972f,-0.4376461302637059f,1.7422662398724713f,0.17345384500123148f,-0.7103979353058056f,-1.670950956432008f,-1.2542936884368538f,0f,0f,0f,1f], start_interpolation: 0, interpolation_duration: 1 }
$data merge entity $(bone_right_bicep) { transformation: [-1.1577974243024782f,1.0601492703332438f,0.21382985005359934f,-2.3095187740789593f,1.0657153237947954f,1.0650565658737592f,0.4899386859614742f,3.3947389762765012f,0.18409380432542638f,0.5018690984555558f,-1.4914326787045753f,-0.45245935147444094f,0f,0f,0f,1f], start_interpolation: 0, interpolation_duration: 1 }
$data merge entity $(bone_right_shoulder) { transformation: [-0.7966312163662053f,0.6108151275168396f,0.13673537864915294f,-1.827643125f,0.6195295257864132f,0.7378631381888764f,0.31329560266266926f,3.276645943298377f,0.08930201821124936f,0.3299634039791232f,-0.9537097463299551f,-0.4002823634796144f,0f,0f,0f,1f], start_interpolation: 0, interpolation_duration: 1 }
$data merge entity $(bone_right_arm) { transformation: [-1.3293824999999997f,-5.397742691887143e-18f,1.6271289618129673e-16f,-1.74976375f,0f,1.3286516266941926f,0.044075913934085f,3.434750588785503f,-1.628024023467506e-16f,0.044075913934085f,-1.3286516266941926f,-0.38922367086152754f,0f,0f,0f,1f], start_interpolation: 0, interpolation_duration: 1 }
$data merge entity $(bone_left_thumb_2) { transformation: [-0.6399118992037809f,-0.48636024544584266f,0.5949508155362675f,5.218092583315531f,-0.757093773961407f,0.5316250275202734f,-0.37971548235875563f,-0.7461343965319989f,-0.13161222848308646f,-0.6934180137290407f,-0.7084134947541496f,0.16900031217230546f,0f,0f,0f,1f], start_interpolation: 0, interpolation_duration: 1 }
$data merge entity $(bone_left_thumb) { transformation: [-0.6399118992037809f,-0.48636024544584266f,0.5949508155362675f,5.183553490898304f,-0.757093773961407f,0.5316250275202734f,-0.37971548235875563f,-0.40185044992462954f,-0.13161222848308646f,-0.6934180137290407f,-0.7084134947541496f,0.015043256210581196f,0f,0f,0f,1f], start_interpolation: 0, interpolation_duration: 1 }
$data merge entity $(bone_left_fingers_2) { transformation: [0.6681140738450159f,0.6319730686268072f,0.3927258902346942f,5.571360664621014f,0.7289176429549118f,-0.6618593435497371f,-0.174989368662688f,-1.1374768114946057f,0.14934073161489436f,0.4031776902140385f,-0.902853861925838f,0.08520614501662767f,0f,0f,0f,1f], start_interpolation: 0, interpolation_duration: 1 }
$data merge entity $(bone_left_fingers) { transformation: [-0.7137728374443025f,0.5799092270916854f,0.3927258902346942f,5.863632209565411f,0.561054200737711f,0.8090716313711672f,-0.174989368662688f,-0.8087022278986707f,-0.4192213262243193f,0.09543785226167859f,-0.902853861925838f,0.13926588593489408f,0f,0f,0f,1f], start_interpolation: 0, interpolation_duration: 1 }
$data merge entity $(bone_left_hand) { transformation: [-0.6950444553735664f,-0.6022288437079623f,0.3927258902346942f,5.359814966056611f,-0.6993539757860809f,0.6930243411361793f,-0.174989368662688f,-0.2816872624346105f,-0.16678495617610162f,-0.39627980316808353f,-0.902853861925838f,-0.17249937135106141f,0f,0f,0f,1f], start_interpolation: 0, interpolation_duration: 1 }
$data merge entity $(bone_left_forearm) { transformation: [-1.4002626940611782f,-0.923571394589187f,0.7163161511166852f,3.966569996310656f,-1.0996890850944225f,1.4197326268366424f,-0.31917353595375947f,1.743788002987127f,-0.39595058451558135f,-0.6769074597207634f,-1.6467689538091423f,-1.253241837152996f,0f,0f,0f,1f], start_interpolation: 0, interpolation_duration: 1 }
$data merge entity $(bone_left_bicep) { transformation: [-1.1758027029470062f,-1.0601492703332438f,-0.06087761688758718f,2.3095187740789593f,-0.9926481503638296f,1.0650565658737592f,0.6248509557902346f,3.3947389762765012f,-0.3771898848130599f,0.5018690984555557f,-1.4546442020967272f,-0.45245935147444033f,0f,0f,0f,1f], start_interpolation: 0, interpolation_duration: 1 }
$data merge entity $(bone_left_shoulder) { transformation: [-0.7966312163662054f,-0.6108151275168398f,-0.13673537864915275f,1.827643125f,-0.6195295257864133f,0.7378631381888765f,0.3132956026626693f,3.276645943298377f,-0.08930201821124957f,0.3299634039791232f,-0.9537097463299553f,-0.4002823634796139f,0f,0f,0f,1f], start_interpolation: 0, interpolation_duration: 1 }
$data merge entity $(bone_left_arm) { transformation: [-1.3293824999999997f,-5.397742691887143e-18f,1.6271289618129673e-16f,1.749763125f,0f,1.3286516266941926f,0.044075913934085f,3.434750588785503f,-1.628024023467506e-16f,0.044075913934085f,-1.3286516266941926f,-0.3892236708615271f,0f,0f,0f,1f], start_interpolation: 0, interpolation_duration: 1 }
$data merge entity $(bone_chest) { transformation: [-2.632522916666667f,-1.0688933647511481e-17f,3.2221383088348755e-16f,5.314529785292102e-17f,0f,2.6310755975341245f,0.08728176691396679f,4.1830174696556455f,-3.2239107635778877e-16f,0.08728176691396679f,-2.6310755975341245f,-0.2711198173281619f,0f,0f,0f,1f], start_interpolation: 0, interpolation_duration: 1 }
$data merge entity $(bone_weist) { transformation: [-1.9493945833333333f,2.329615923230293e-17f,2.375926114058086e-16f,5.170941180332639e-18f,0f,1.9400909027094984f,-0.19022757621644562f,0.25470260343923634f,-2.387319836754355e-16f,-0.19022757621644562f,-1.9400909027094984f,0.12062053348964114f,0f,0f,0f,1f], start_interpolation: 0, interpolation_duration: 1 }
$data merge entity $(bone_right_cheek) { transformation: [-0.9697953261986418f,0.22403163720841f,0.09647202088164869f,-1.1223922227527015f,0.21799838379482447f,0.973490507220654f,-0.0692310408279279f,-1.6017216853955132f,-0.10942453996300065f,-0.04610919518917185f,-0.9929250788316774f,-0.4350453860120591f,0f,0f,0f,1f], start_interpolation: 0, interpolation_duration: 1 }
$data merge entity $(bone_right_foot) { transformation: [-1.1520179652253077f,0.17947623970705862f,0.16196846006342855f,-2.6127341389997416f,0.1974463804646055f,1.1535612175937235f,0.12610447645375267f,-8.506441689931416f,-0.13950064342550642f,0.15058449960358883f,-1.1590749647195255f,-0.7820608221478672f,0f,0f,0f,1f], start_interpolation: 0, interpolation_duration: 1 }
$data merge entity $(bone_right_knee) { transformation: [-2.792288521903772f,0.6614465408730591f,0.45004663374536946f,-1.8390465487176813f,0.740341428147341f,2.755647402717929f,0.5433513137894426f,-5.051550814552572f,-0.3032293995430352f,0.6370436044691309f,-2.817650806219922f,-0.09467097134251465f,0f,0f,0f,1f], start_interpolation: 0, interpolation_duration: 1 }
$data merge entity $(bone_right_leg) { transformation: [-2.3801196502311526f,0.6438862020575767f,0.22461908272109699f,-0.8928749999999999f,0.6310598518709977f,2.3887220930831385f,-0.16057069568300794f,-1.7207681425042285f,-0.25846979877570236f,-0.09710841238245047f,-2.460442245269023f,-0.18361554986878975f,0f,0f,0f,1f], start_interpolation: 0, interpolation_duration: 1 }
$data merge entity $(bone_left_cheek) { transformation: [-0.997529324030271f,-0.0632619106759222f,0.030547968137702504f,0.8679035469742268f,-0.06898337336908412f,0.9643134908137733f,-0.25561843758456965f,-1.5276298571548232f,-0.013286907026542005f,-0.2570941891451198f,-0.9662950046489329f,-0.16738057447333965f,0f,0f,0f,1f], start_interpolation: 0, interpolation_duration: 1 }
$data merge entity $(bone_left_foot) { transformation: [-1.1618858964455827f,-0.10735489288617608f,-0.15519982439037905f,2.3906689784192956f,-0.12821400397678087f,1.1594085468368098f,0.15787300460357875f,-8.227444200096022f,0.13846742469493978f,0.17273576170474167f,-1.1561055418097417f,0.38257441240489487f,0f,0f,0f,1f], start_interpolation: 0, interpolation_duration: 1 }
$data merge entity $(bone_left_knee) { transformation: [-2.8208784190638565f,-0.5417651291270852f,-0.4313515715234329f,1.7667849090331884f,-0.642905775862346f,2.72117338241391f,0.7866487619890468f,-4.8091955671593f,0.25738258829349187f,0.8594385703690395f,-2.7626161940340883f,1.3488628206206945f,0f,0f,0f,1f], start_interpolation: 0, interpolation_duration: 1 }
$data merge entity $(bone_left_leg) { transformation: [-2.4044894012418436f,-0.5895167759258145f,-0.03022272583231106f,0.8928750000000001f,-0.5480066470114612f,2.2764347589415923f,-0.8047025699305627f,-1.622878807558883f,0.21939042159118471f,-0.7748080292069961f,-2.341271680888289f,0.3091840604006747f,0f,0f,0f,1f], start_interpolation: 0, interpolation_duration: 1 }
data modify entity @s data merge value {"locators":{"consume":{"posx":5.698916568438528,"posy":-0.9754710148115128,"posz":0.2776745456385078,"roty":23.508210972070344,"rotx":-10.07803943045313}},"cameras":{}}