# This file was generated by Animated Java via MC-Build. It is not recommended to edit this file directly.
$data merge entity $(bone_left) { transformation: [-11.768039583333334f,0f,1.441169200796852e-15f,7.061469375f,0f,11.768039583333334f,0f,-14.296470625f,-1.441169200796852e-15f,0f,-11.768039583333334f,-3.269119999999999f,0f,0f,0f,1f], start_interpolation: 0, interpolation_duration: 1 }
$data merge entity $(bone_left4) { transformation: [-11.768039583333334f,0f,1.441169200796852e-15f,7.061469375f,0f,11.768039583333334f,0f,-14.296470625f,-1.441169200796852e-15f,0f,-11.768039583333334f,-3.269119999999999f,0f,0f,0f,1f], start_interpolation: 0, interpolation_duration: 1 }
$data merge entity $(bone_mid) { transformation: [-11.362396250000002f,0f,1.3914922198206391e-15f,6.7712175f,0f,11.362396250000002f,0f,-13.803425625f,-1.3914922198206391e-15f,0f,-11.362396250000002f,-4.437869999999999f,0f,0f,0f,1f], start_interpolation: 0, interpolation_duration: 1 }
$data merge entity $(bone_teeth) { transformation: [-11.242894166666666f,0f,1.376857435436078e-15f,6.7712175f,0f,11.242894166666666f,0f,-13.803425625f,-1.376857435436078e-15f,0f,-11.242894166666666f,-4.437869999999999f,0f,0f,0f,1f], start_interpolation: 0, interpolation_duration: 1 }
$data merge entity $(bone_skull) { transformation: [-11.95185125f,0f,1.4636796377197792e-15f,6.7712175f,0f,11.95185125f,0f,-13.803425625f,-1.4636796377197792e-15f,0f,-11.95185125f,-4.437869999999999f,0f,0f,0f,1f], start_interpolation: 0, interpolation_duration: 1 }
$data merge entity $(bone_tonge) { transformation: [-11.84686f,0f,1.4508219178946811e-15f,7.061469375f,0f,11.84686f,0f,-15.258970624999996f,-1.4508219178946811e-15f,0f,-11.84686f,-3.269119999999999f,0f,0f,0f,1f], start_interpolation: 0, interpolation_duration: 1 }
$data merge entity $(bone_left3) { transformation: [-12.000220416666666f,0f,1.469603152233355e-15f,7.061469375f,0f,12.000220416666666f,0f,-15.258970624999996f,-1.469603152233355e-15f,0f,-12.000220416666666f,-3.269119999999999f,0f,0f,0f,1f], start_interpolation: 0, interpolation_duration: 1 }
$data merge entity $(bone_left2) { transformation: [-12.000220416666666f,0f,1.469603152233355e-15f,7.061469375f,0f,12.000220416666666f,0f,-15.258970624999996f,-1.469603152233355e-15f,0f,-12.000220416666666f,-3.269119999999999f,0f,0f,0f,1f], start_interpolation: 0, interpolation_duration: 1 }
$data merge entity $(bone_mid2) { transformation: [-12.164756666666666f,0f,1.4897530314239758e-15f,7.061469375f,0f,12.164756666666666f,0f,-15.258970624999996f,-1.4897530314239758e-15f,0f,-12.164756666666666f,-3.269119999999999f,0f,0f,0f,1f], start_interpolation: 0, interpolation_duration: 1 }
$data merge entity $(bone_teeth2) { transformation: [-10.648294583333334f,0f,1.3040399877857266e-15f,6.7712175f,0f,10.648294583333334f,0f,-14.078425624999998f,-1.3040399877857266e-15f,0f,-10.648294583333334f,-4.437869999999999f,0f,0f,0f,1f], start_interpolation: 0, interpolation_duration: 1 }
$data merge entity $(bone_neck) { transformation: [-1f,0f,1.2246467991473532e-16f,2.1670193997294867e-16f,0f,1f,0f,2.68493375f,-1.2246467991473532e-16f,0f,-1f,-1.769505625f,0f,0f,0f,1f], start_interpolation: 0, interpolation_duration: 1 }
$data merge entity $(bone_left_fingers_2) { transformation: [-0.999985749494123f,0.0017541746536386058f,0.005042189996593893f,2.968027498953967f,0.00041628230905532877f,0.9672207185072825f,-0.25393681969989107f,0.9158411764935173f,-0.005322360164098927f,-0.25393110199725505f,-0.9672076653546245f,1.8170180159874088f,0f,0f,0f,1f], start_interpolation: 0, interpolation_duration: 1 }
$data merge entity $(bone_left_fingers) { transformation: [-0.999985749494123f,0.0017541746536386058f,0.005042189996593893f,2.9846933742064663f,0.00041628230905532877f,0.9672207185072825f,-0.25393681969989107f,0.7750808758944051f,-0.005322360164098927f,-0.25393110199725505f,-0.9672076653546245f,1.25819943051f,0f,0f,0f,1f], start_interpolation: 0, interpolation_duration: 1 }
$data merge entity $(bone_left_index_finger_2) { transformation: [-0.9040446849855965f,0.11100515784133412f,0.4127724100299269f,2.289803850123127f,0.0025119291224247053f,0.967052701246593f,-0.2545638686533327f,0.9166916011707678f,-0.42743057654007094f,-0.2291002574077293f,-0.8745376917516676f,1.7009871882277443f,0f,0f,0f,1f], start_interpolation: 0, interpolation_duration: 1 }
$data merge entity $(bone_left_index_finger) { transformation: [-0.9040446849855965f,0.11100515784133412f,0.4127724100299269f,2.5283357148797316f,0.0025119291224247053f,0.967052701246593f,-0.2545638686533327f,0.7755746705499985f,-0.42743057654007094f,-0.2291002574077293f,-0.8745376917516676f,1.1956467841578085f,0f,0f,0f,1f], start_interpolation: 0, interpolation_duration: 1 }
$data merge entity $(bone_left_thumb) { transformation: [-0.8847508462386884f,0.004429237821639502f,0.4660432618676557f,2.372648296933984f,-0.08416435741061876f,0.9819965112394343f,-0.1691130179945851f,0.5187216267658735f,-0.4584018990161173f,-0.18884711744132757f,-0.8684494603674521f,0.39757956833209235f,0f,0f,0f,1f], start_interpolation: 0, interpolation_duration: 1 }
$data merge entity $(bone_left_hand) { transformation: [-0.9907357597323949f,0.00038938780162729725f,0.1358031765630474f,2.9659994158544993f,0.0010720101071228507f,0.99998715691915f,0.004953462534955377f,0.66199538954908f,-0.1357995036139842f,0.005053154845730046f,-0.9907234530605907f,0.5330461484036808f,0f,0f,0f,1f], start_interpolation: 0, interpolation_duration: 1 }
$data merge entity $(bone_left_forearm) { transformation: [-1.9855277925457586f,0.061239564650542096f,0.2434081635863383f,3.2266592135004153f,-0.03902170436679071f,1.8419298392235743f,-0.7817225897444842f,0.7007954991287857f,-0.2479417773739882f,-0.7802964926551473f,-1.8261929503569438f,-1.6885335254198794f,0f,0f,0f,1f], start_interpolation: 0, interpolation_duration: 1 }
$data merge entity $(bone_left_bicep) { transformation: [-2.1871181860292626f,-0.823357243893429f,0.7965488007381264f,1.1162793478054258f,-1.0768970022578006f,2.06320577399693f,-0.8242377590009775f,3.6153552564810285f,-0.3907684602898422f,-1.0775703623258237f,-2.1867865070392134f,-3.3808416829758f,0f,0f,0f,1f], start_interpolation: 0, interpolation_duration: 1 }
$data merge entity $(bone_left_shoulder) { transformation: [-1.0920385915390176f,-0.41110621762385074f,0.39772063348318704f,1.3743293750000003f,-0.5376998340054333f,1.0301685303898942f,-0.4115458630367133f,1.6837189657749456f,-0.1951125648895685f,-0.5380360459143185f,-1.0918729826297917f,-2.296072238383705f,0f,0f,0f,1f], start_interpolation: 0, interpolation_duration: 1 }
$data merge entity $(bone_right_fingers_2) { transformation: [-0.9937004726206792f,0.030004966403514254f,0.10797718603743545f,-3.4456534602098308f,0.01864869907868513f,0.9943305269475371f,-0.10468538199245322f,0.3232507742569678f,-0.11050609366053799f,-0.10201227951260186f,-0.9886262681582617f,1.1629966802096723f,0f,0f,0f,1f], start_interpolation: 0, interpolation_duration: 1 }
$data merge entity $(bone_right_fingers) { transformation: [-0.9937004726206792f,0.030004966403514254f,0.10797718603743545f,-3.3969132625020584f,0.01864869907868513f,0.9943305269475371f,-0.10468538199245322f,0.2689259063059475f,-0.11050609366053799f,-0.10201227951260186f,-0.9886262681582617f,0.5911164922548066f,0f,0f,0f,1f], start_interpolation: 0, interpolation_duration: 1 }
$data merge entity $(bone_right_index_finger_2) { transformation: [-0.9479586886492978f,-0.08140510800640752f,-0.30781087213542185f,-2.758499110939202f,-0.04912561127264215f,0.9925817982710311f,-0.1112117262618263f,0.32815444853562153f,0.31458067157947445f,-0.09030272493956792f,-0.9449256155576986f,1.127687759307611f,0f,0f,0f,1f], start_interpolation: 0, interpolation_duration: 1 }
$data merge entity $(bone_right_index_finger) { transformation: [-0.9479586886492978f,-0.08140510800640752f,-0.30781087213542185f,-2.936368127585298f,-0.04912561127264215f,0.9925817982710311f,-0.1112117262618263f,0.269802163273793f,0.31458067157947445f,-0.09030272493956792f,-0.9449256155576986f,0.5825841119892966f,0f,0f,0f,1f], start_interpolation: 0, interpolation_duration: 1 }
$data merge entity $(bone_right_thumb) { transformation: [-0.9322513253720349f,0.019696310166979692f,-0.3612748561800151f,-2.6886256586985597f,0.03144026557186663f,0.9991500843780076f,-0.026657430262319814f,0.13347794043085948f,0.3604427500212134f,-0.03621000211579786f,-0.9320782476294138f,-0.22188012870743395f,0f,0f,0f,1f], start_interpolation: 0, interpolation_duration: 1 }
$data merge entity $(bone_right_hand) { transformation: [-0.9998264896506939f,0.0010360197830239625f,-0.0185988509263395f,-3.2934837140760145f,-0.00190338914938645f,0.9875441064497238f,0.15733090899808122f,0.2663896696964124f,0.018530183553246767f,0.15733901130814854f,-0.9873707853780449f,-0.13570982749395322f,0f,0f,0f,1f], start_interpolation: 0, interpolation_duration: 1 }
$data merge entity $(bone_right_forearm) { transformation: [-1.9988497760623436f,0.08420380617932793f,-0.05325470858989406f,-3.293734991942814f,0.09472806153780228f,1.9376574075745838f,-0.49176939458977637f,0.6443583154833119f,0.03086971524602499f,-0.4936803238157453f,-1.939240462341989f,-2.34070686877725f,0f,0f,0f,1f], start_interpolation: 0, interpolation_duration: 1 }
$data merge entity $(bone_right_bicep) { transformation: [-2.241744370500929f,1.0189576350605083f,-0.17944530634249936f,-0.8957035359785877f,1.0338092103043786f,2.188868542073782f,-0.48578403112771945f,3.7501654438073357f,-0.04139802780682626f,-0.5162101763436633f,-2.4140642824543863f,-2.9854557192396776f,0f,0f,0f,1f], start_interpolation: 0, interpolation_duration: 1 }
$data merge entity $(bone_right_shoulder) { transformation: [-1.1193137072289892f,0.5087704303028999f,-0.08959790140665434f,-1.3743293749999999f,0.5161858929948803f,1.09291255270022f,-0.2425542947489182f,1.6837189657749456f,-0.020670233674356532f,-0.2577462148654548f,-1.2053538650704017f,-2.2960722383837053f,0f,0f,0f,1f], start_interpolation: 0, interpolation_duration: 1 }
$data merge entity $(bone_chest) { transformation: [-4.0674850000000005f,-6.070595323964771e-17f,4.944103134241176e-16f,2.0584932507523567e-16f,0f,4.037166583608803f,0.4957017262602862f,1.7984633181726135f,-4.981232485829872e-16f,0.4957017262602862f,-4.037166583608803f,-1.6808872992486976f,0f,0f,0f,1f], start_interpolation: 0, interpolation_duration: 1 }
$data merge entity $(bone_weist) { transformation: [-1.0999999999999999f,1.174085015215527e-17f,1.341985313180182e-16f,5.296822532847688e-16f,0f,1.09581416790092f,-0.09587131702242399f,2.2377623554752026f,-1.3471114790620883e-16f,-0.09587131702242399f,-1.09581416790092f,-4.325183829766707f,0f,0f,0f,1f], start_interpolation: 0, interpolation_duration: 1 }
$data merge entity $(bone_right_fingers2) { transformation: [-0.9985850577747156f,0.0445881514693356f,-0.02897894300376464f,1.016315791057836f,-0.04961521500192652f,-0.5850878130409318f,0.8094507900245029f,2.1854950800064143f,0.019136688046275413f,0.809743260410068f,0.5864721983104507f,-9.497867877932276f,0f,0f,0f,1f], start_interpolation: 0, interpolation_duration: 1 }
$data merge entity $(bone_left_foot) { transformation: [-0.9985850577747156f,0.008757800586978996f,-0.05245172368899391f,1.0401870134979234f,-0.04961521500192652f,0.20151012566240029f,0.9782290118861923f,2.186335470679829f,0.019136688046275413f,0.9794472778993276f,-0.20079048031771124f,-8.502246683848842f,0f,0f,0f,1f], start_interpolation: 0, interpolation_duration: 1 }
$data merge entity $(bone_left_knee) { transformation: [-1.582771463194576f,-0.04153188830770075f,-0.07334511629635035f,1.1637789550002466f,-0.07864081866026605f,1.2239831975817934f,1.003967460733623f,0.473716238636956f,0.030331921656427185f,1.0061859384950045f,-1.224311945640319f,-7.332270480171169f,0f,0f,0f,1f], start_interpolation: 0, interpolation_duration: 1 }
$data merge entity $(bone_left_thigh) { transformation: [-1.5905378214434664f,-0.12526098551460357f,-0.1618738322796264f,0.8872107822350894f,-0.1684789065772332f,0.08105296842114464f,1.592717579440803f,1.569312661341888f,-0.1162252558935548f,1.596697878538436f,-0.09354992289920121f,-5.554262756538663f,0f,0f,0f,1f], start_interpolation: 0, interpolation_duration: 1 }
$data merge entity $(bone_left_leg) { transformation: [-0.9935739929103694f,-0.05239023142900321f,-0.10032937886262731f,0.6382450000000007f,-0.10704999714202298f,0.14711173179273063f,0.9833099391752513f,1.8072312500000003f,-0.03675620660566042f,0.9877314422553123f,-0.15177476488600739f,-5.306638125f,0f,0f,0f,1f], start_interpolation: 0, interpolation_duration: 1 }
$data merge entity $(bone_left_fingers2) { transformation: [-0.9944148460480164f,-0.09797445195336535f,-0.03924437187339751f,-0.6999101527673344f,0.0249245585436733f,-0.5793194302094173f,0.8147194389255967f,2.129975530708968f,-0.10255671767711175f,0.8091909567872555f,0.5785258119678184f,-9.48246071391532f,0f,0f,0f,1f], start_interpolation: 0, interpolation_duration: 1 }
$data merge entity $(bone_right_foot) { transformation: [-0.9944148460480164f,-0.09512456631580929f,0.04572122966991382f,-0.806666817881136f,0.0249245585436733f,0.20929164404753575f,0.9775355615594159f,2.13842684293512f,-0.10255671767711175f,0.9732154564201645f,-0.20575178017258666f,-8.492327544386681f,0f,0f,0f,1f], start_interpolation: 0, interpolation_duration: 1 }
$data merge entity $(bone_right_knee) { transformation: [-1.5761616185297584f,-0.07156714676243679f,0.1512038501889554f,-0.9883369564949491f,0.03950577838963488f,1.232876669523142f,0.9953513549261801f,0.4545182251826163f,-0.16255385040505588f,0.9935608535886654f,-1.2242070839807626f,-7.296606954128589f,0f,0f,0f,1f], start_interpolation: 0, interpolation_duration: 1 }
$data merge entity $(bone_right_thigh) { transformation: [-1.5982463482694322f,-0.010174615290824125f,0.13118346297540193f,-0.8879601177630079f,0.13032971995463458f,0.09724722500066646f,1.59538746229163f,1.5562449448109024f,-0.018077274437299628f,1.6006696935796791f,-0.09609244359243375f,-5.53645953947085f,0f,0f,0f,1f], start_interpolation: 0, interpolation_duration: 1 }
$data merge entity $(bone_right_leg) { transformation: [-0.9935739929103694f,0.052390231429002974f,0.10032937886262734f,-0.6382449999999994f,0.10704999714202298f,0.14711173179273063f,0.9833099391752513f,1.8072312500000003f,0.03675620660566017f,0.9877314422553123f,-0.15177476488600739f,-5.306638125f,0f,0f,0f,1f], start_interpolation: 0, interpolation_duration: 1 }