# This file was generated by Animated Java via MC-Build. It is not recommended to edit this file directly.
$data merge entity $(bone_left_fingers_2) { transformation: [-0.9704228659538391f,-0.15841837346201892f,-0.18216223588764377f,3.7208827887885536f,-0.109033772462239f,0.9608402233066377f,-0.2547502732848461f,0.037553273600667014f,0.21538592734111006f,-0.2273536545246178f,-0.9496942761108497f,2.630331523830201f,0f,0f,0f,1f], start_interpolation: 0, interpolation_duration: 1 }
$data merge entity $(bone_left_fingers) { transformation: [-0.9704228659538391f,-0.15841837346201892f,-0.18216223588764377f,3.628325670575465f,-0.109033772462239f,0.9608402233066377f,-0.2547502732848461f,-0.10220780701757279f,0.21538592734111006f,-0.2273536545246178f,-0.9496942761108497f,2.0787252826488976f,0f,0f,0f,1f], start_interpolation: 0, interpolation_duration: 1 }
$data merge entity $(bone_left_index_finger_2) { transformation: [-0.9711917482371126f,-0.04701085511007476f,0.23361628294697406f,3.0377383121263657f,-0.09771348324186678f,0.9727031329261487f,-0.21047729185923295f,-0.036168474096886255f,-0.21734457285352796f,-0.2272412697937475f,-0.9492748505852469f,2.6667996190437795f,0f,0f,0f,1f], start_interpolation: 0, interpolation_duration: 1 }
$data merge entity $(bone_left_index_finger) { transformation: [-0.9711917482371126f,-0.04701085511007476f,0.23361628294697406f,3.172104557929869f,-0.09771348324186678f,0.9727031329261487f,-0.21047729185923295f,-0.15184466190160195f,-0.21734457285352796f,-0.2272412697937475f,-0.9492748505852469f,2.118397308544182f,0f,0f,0f,1f], start_interpolation: 0, interpolation_duration: 1 }
$data merge entity $(bone_left_thumb) { transformation: [-0.950047983166079f,-0.14299079735014775f,0.27742109068207993f,2.871952584005726f,-0.18185001829562844f,0.9760145188747165f,-0.11969222945386068f,-0.4265771389434777f,-0.25365212502154494f,-0.1641623916094211f,-0.9532635043119659f,1.3690281086223615f,0f,0f,0f,1f], start_interpolation: 0, interpolation_duration: 1 }
$data merge entity $(bone_left_hand) { transformation: [-0.9904393218900324f,-0.10587334233949075f,-0.08843520246981929f,3.461669250790524f,-0.10775979350671185f,0.9940346091004268f,0.01682328190195459f,-0.2188272087561003f,0.08612651483372442f,0.026192199075808942f,-0.9959398536810189f,1.3733100668128597f,0f,0f,0f,1f], start_interpolation: 0, interpolation_duration: 1 }
$data merge entity $(bone_left_forearm) { transformation: [-1.9882232529099182f,-0.20498081094766596f,-0.10133902053126687f,3.2492283105485718f,-0.1467606557241192f,1.824084431705815f,-0.8102442405167694f,-0.21812014453764939f,0.17535119010267888f,-0.7975069194072278f,-1.8271707930507926f,-0.8537358628274587f,0f,0f,0f,1f], start_interpolation: 0, interpolation_duration: 1 }
$data merge entity $(bone_left_bicep) { transformation: [-0.8956323035041434f,-1.6682613129213362f,1.5844999436474918f,0.21536346487139113f,-2.231346831808968f,1.0444471161016005f,-0.16160024917119534f,0.6497885556614291f,-0.5610946406667991f,-1.4906131343061793f,-1.886567886596707f,-3.273377828722663f,0f,0f,0f,1f], start_interpolation: 0, interpolation_duration: 1 }
$data merge entity $(bone_left_shoulder) { transformation: [-0.44719350124887336f,-0.8329708682954884f,0.7911484152102006f,1.3743293750000003f,-1.1141221663323104f,0.5214974503391195f,-0.08068777884274121f,-0.6541777910668727f,-0.28015724300033984f,-0.7442702813754122f,-0.9419723867150197f,-1.8837724495634114f,0f,0f,0f,1f], start_interpolation: 0, interpolation_duration: 1 }
$data merge entity $(bone_right_fingers_2) { transformation: [-0.8434141671455287f,0.1442920417584469f,0.5175252161425496f,-5.13129198020737f,-0.01849270317244744f,0.9548932219080083f,-0.29637299924844557f,0.01627121745033369f,-0.5369455862446301f,-0.259535626531931f,-0.8027021215700682f,0.6684358043061798f,0f,0f,0f,1f], start_interpolation: 0, interpolation_duration: 1 }
$data merge entity $(bone_right_fingers) { transformation: [-0.8434141671455287f,0.1442920417584469f,0.5175252161425496f,-4.84379124207996f,-0.01849270317244744f,0.9548932219080083f,-0.29637299924844557f,-0.14926695076279828f,-0.5369455862446301f,-0.259535626531931f,-0.8027021215700682f,0.19693374920290008f,0f,0f,0f,1f], start_interpolation: 0, interpolation_duration: 1 }
$data merge entity $(bone_right_index_finger_2) { transformation: [-0.9914387833624969f,0.03901037964960467f,0.12460870404705132f,-4.498358328573489f,-0.00022312030229272757f,0.9538193303993668f,-0.3003808169205124f,0.024424667503908787f,-0.13057216036361868f,-0.2978369944048209f,-0.9456447724710797f,0.9382141939519502f,0f,0f,0f,1f], start_interpolation: 0, interpolation_duration: 1 }
$data merge entity $(bone_right_index_finger) { transformation: [-0.9914387833624969f,0.03901037964960467f,0.12460870404705132f,-4.426317955950987f,-0.00022312030229272757f,0.9538193303993668f,-0.3003808169205124f,-0.1431741194284738f,-0.13057216036361868f,-0.2978369944048209f,-0.9456447724710797f,0.39149562473295885f,0f,0f,0f,1f], start_interpolation: 0, interpolation_duration: 1 }
$data merge entity $(bone_right_thumb) { transformation: [-0.9912747291086401f,0.10683769356398795f,0.07720180480092054f,-3.8653385145540473f,0.08800156887563242f,0.9724596975981344f,-0.21581904555152825f,-0.43206128190651977f,-0.09813325280463958f,-0.20714208597306505f,-0.9733766079543457f,-0.18206310187570726f,0f,0f,0f,1f], start_interpolation: 0, interpolation_duration: 1 }
$data merge entity $(bone_right_hand) { transformation: [-0.9063220767571186f,0.005430027403974219f,0.42255272805302735f,-4.436236569503213f,-0.013227034044641095f,0.9990630010489764f,-0.04120880373652147f,-0.29384492803800455f,-0.4223805615236635f,-0.042937567902773977f,-0.9054010307645719f,-0.3963427465485765f,0f,0f,0f,1f], start_interpolation: 0, interpolation_duration: 1 }
$data merge entity $(bone_right_forearm) { transformation: [-1.812930248195345f,0.4224968162978739f,0.7349198103351736f,-3.4792981101438034f,0.04273960816209762f,1.7783993516113816f,-0.9169492048684761f,-0.4220516091659223f,-0.8466309782302303f,-0.8149349413498851f,-1.6200073457532667f,-2.4144369327350503f,0f,0f,0f,1f], start_interpolation: 0, interpolation_duration: 1 }
$data merge entity $(bone_right_bicep) { transformation: [-1.1802024344087516f,2.166323408492356f,0.10029060934493796f,0.33092802356387296f,2.1147407290687976f,1.1749354132978373f,-0.4932459083310009f,0.7125277696085388f,-0.4805069877975663f,-0.1498758388992792f,-2.4171353644926485f,-2.329582318331028f,0f,0f,0f,1f], start_interpolation: 0, interpolation_duration: 1 }
$data merge entity $(bone_right_shoulder) { transformation: [-0.5892807313456306f,1.0816556594607114f,0.0500755818653188f,-1.3743293749999999f,1.055900180426549f,0.586650882463979f,-0.24628004579582552f,-0.6541777910668727f,-0.23991944172517138f,-0.07483372460746743f,-1.2068872710495513f,-1.8837724495634116f,0f,0f,0f,1f], start_interpolation: 0, interpolation_duration: 1 }
$data merge entity $(bone_chest) { transformation: [-4.0674850000000005f,4.3414301710126624e-17f,4.962277392346086e-16f,1.5992509097654118e-16f,0f,4.052006991567704f,-0.35450467628995846f,-0.41403673721015977f,-4.981232485829872e-16f,-0.35450467628995846f,-4.052006991567704f,-1.3058874696597196f,0f,0f,0f,1f], start_interpolation: 0, interpolation_duration: 1 }
$data merge entity $(bone_right_fingers2) { transformation: [-0.9066198727797123f,-0.025714792963028588f,-0.4211640484464063f,2.991037288556579f,0.24786303445829666f,-0.840230797943119f,-0.4822614667760584f,0.6902081898864988f,-0.3414737507188856f,-0.5416188287077347f,0.7681436857510698f,-9.381089030146834f,0f,0f,0f,1f], start_interpolation: 0, interpolation_duration: 1 }
$data merge entity $(bone_left_foot) { transformation: [-0.9066198727797123f,-0.3708367156238018f,0.20129713516652403f,2.5933198523419945f,0.24786303445829666f,-0.08198044343913663f,0.9653202178772845f,0.41564353621290806f,-0.3414737507188856f,0.9250726118737244f,0.16624181282427816f,-8.510303640105528f,0f,0f,0f,1f], start_interpolation: 0, interpolation_duration: 1 }
$data merge entity $(bone_left_knee) { transformation: [-1.437005342137375f,0.1560581125557009f,0.6503317774092126f,1.7322341125011227f,0.39286642100938834f,1.4442801707659547f,0.5215176623179377f,-0.7757779490116954f,-0.5412407324342354f,0.6340114844163662f,-1.3480941420079815f,-7.0418928963667895f,0f,0f,0f,1f], start_interpolation: 0, interpolation_duration: 1 }
$data merge entity $(bone_left_thigh) { transformation: [-1.45390400659853f,-0.6397701662645738f,-0.22036625754786554f,0.8286561239627321f,0.21442130624614958f,-0.9309444807129067f,1.2880488697130181f,-1.030997406521801f,-0.6417870803744398f,1.138305987728734f,0.9295551814047814f,-5.156013051820878f,0f,0f,0f,1f], start_interpolation: 0, interpolation_duration: 1 }
$data merge entity $(bone_left_leg) { transformation: [-0.939692604894611f,-0.3407186931192404f,-0.029809066833722933f,0.5257450000000006f,0.08852131951581207f,-0.32647090674459744f,0.9410529863087096f,-1.00526875f,-0.3303661367294777f,0.881661794118628f,0.3369431650797545f,-4.931638125f,0f,0f,0f,1f], start_interpolation: 0, interpolation_duration: 1 }
$data merge entity $(bone_left_fingers2) { transformation: [-0.9688973049421497f,0.10019263818157689f,0.22627294962070638f,-1.9522470193928505f,-0.20340574391889593f,-0.8432152840352876f,-0.49760836820745946f,0.71801707551661f,0.14094011429199133f,-0.5281566245191907f,0.8373687742923396f,-9.713883103468522f,0f,0f,0f,1f], start_interpolation: 0, interpolation_duration: 1 }
$data merge entity $(bone_right_foot) { transformation: [-0.9688973049421497f,0.1627296976494849f,-0.18643244883535248f,-1.7608242294559189f,-0.20340574391889593f,-0.09462816138883764f,0.974510961668964f,0.42948738349729754f,0.14094011429199133f,0.9821224753436179f,0.12478512574936584f,-8.780105808851978f,0f,0f,0f,1f], start_interpolation: 0, interpolation_duration: 1 }
$data merge entity $(bone_right_knee) { transformation: [-1.5357159543784604f,-0.2186723144561192f,-0.32562069174406905f,-1.2896881892723322f,-0.3224009856928222f,1.4531627589737872f,0.5446517317424187f,-0.766591034857646f,0.22339207780442538f,0.5939447140568915f,-1.4524446856084146f,-7.153536643105273f,0f,0f,0f,1f], start_interpolation: 0, interpolation_duration: 1 }
$data merge entity $(bone_right_thigh) { transformation: [-1.565100940697476f,0.34045949972178846f,0.07905939531880712f,-0.8237988557915696f,-0.14285876707272027f,-0.9541799265022332f,1.2809512301574042f,-1.0508036196921586f,0.3189897045508648f,1.2431138364689274f,0.9615703674100865f,-5.147504108126444f,0f,0f,0f,1f], start_interpolation: 0, interpolation_duration: 1 }
$data merge entity $(bone_right_leg) { transformation: [-0.939692604894611f,0.3407186931192402f,0.02980906683372285f,-0.5257449999999995f,-0.08852131951581207f,-0.32647090674459744f,0.9410529863087096f,-1.00526875f,0.33036613672947746f,0.881661794118628f,0.3369431650797545f,-4.931638125f,0f,0f,0f,1f], start_interpolation: 0, interpolation_duration: 1 }