# This file was generated by Animated Java via MC-Build. It is not recommended to edit this file directly.
$data merge entity $(bone_left_fingers_2) {transformation: [-0.9975f,-0.0048f,0.0707f,2.2092f,-0.008f,0.9989f,-0.0451f,-3.6051f,-0.0704f,-0.0456f,-0.9965f,1.449f,0f,0f,0f,1f],start_interpolation: 0,interpolation_duration: 1}
$data merge entity $(bone_left_fingers) {transformation: [-0.9975f,-0.0048f,0.0707f,2.2636f,-0.008f,0.9989f,-0.0451f,-3.6252f,-0.0704f,-0.0456f,-0.9965f,0.8755f,0f,0f,0f,1f],start_interpolation: 0,interpolation_duration: 1}
$data merge entity $(bone_left_index_finger_2) {transformation: [-0.8757f,0.1026f,0.4718f,1.5396f,0.0836f,0.9946f,-0.0613f,-3.5864f,-0.4756f,-0.0142f,-0.8796f,1.2917f,0f,0f,0f,1f],start_interpolation: 0,interpolation_duration: 1}
$data merge entity $(bone_left_index_finger) {transformation: [-0.8757f,0.1026f,0.4718f,1.8121f,0.0836f,0.9946f,-0.0613f,-3.616f,-0.4756f,-0.0142f,-0.8796f,0.7847f,0f,0f,0f,1f],start_interpolation: 0,interpolation_duration: 1}
$data merge entity $(bone_left_thumb) {transformation: [-0.8525f,-0.0065f,0.5226f,1.7121f,0.0055f,0.9998f,0.0215f,-3.701f,-0.5226f,0.0212f,-0.8523f,-0.0578f,0f,0f,0f,1f],start_interpolation: 0,interpolation_duration: 1}
$data merge entity $(bone_left_hand) {transformation: [-0.9802f,-0.023f,0.1967f,2.2924f,0.0201f,0.9766f,0.2142f,-3.5837f,-0.197f,0.2139f,-0.9568f,0.143f,0f,0f,0f,1f],start_interpolation: 0,interpolation_duration: 1}
$data merge entity $(bone_left_forearm) {transformation: [-1.9617f,-0.0147f,0.3962f,2.6748f,-0.0563f,1.99f,-0.2053f,-2.8891f,-0.3924f,-0.2124f,-1.951f,-1.9489f,0f,0f,0f,1f],start_interpolation: 0,interpolation_duration: 1}
$data merge entity $(bone_left_bicep) {transformation: [-1.2897f,0.0128f,0.0318f,1.7784f,0.0065f,1.2664f,-0.2463f,-1.2577f,-0.0336f,-0.246f,-1.266f,-1.9199f,0f,0f,0f,1f],start_interpolation: 0,interpolation_duration: 1}
$data merge entity $(bone_left_shoulder) {transformation: [-1.2323f,0.0123f,0.0304f,1.3743f,0.0062f,1.2101f,-0.2353f,-1.1356f,-0.0321f,-0.2351f,-1.2097f,-1.9276f,0f,0f,0f,1f],start_interpolation: 0,interpolation_duration: 1}
$data merge entity $(bone_right_fingers_2) {transformation: [-0.9975f,0.0048f,-0.0707f,-2.2092f,0.008f,0.9989f,-0.0451f,-3.6051f,0.0704f,-0.0456f,-0.9965f,1.449f,0f,0f,0f,1f],start_interpolation: 0,interpolation_duration: 1}
$data merge entity $(bone_right_fingers) {transformation: [-0.9975f,0.0048f,-0.0707f,-2.2636f,0.008f,0.9989f,-0.0451f,-3.6252f,0.0704f,-0.0456f,-0.9965f,0.8755f,0f,0f,0f,1f],start_interpolation: 0,interpolation_duration: 1}
$data merge entity $(bone_right_index_finger_2) {transformation: [-0.8757f,-0.1026f,-0.4718f,-1.5396f,-0.0836f,0.9946f,-0.0613f,-3.5864f,0.4756f,-0.0142f,-0.8796f,1.2917f,0f,0f,0f,1f],start_interpolation: 0,interpolation_duration: 1}
$data merge entity $(bone_right_index_finger) {transformation: [-0.8757f,-0.1026f,-0.4718f,-1.8121f,-0.0836f,0.9946f,-0.0613f,-3.616f,0.4756f,-0.0142f,-0.8796f,0.7847f,0f,0f,0f,1f],start_interpolation: 0,interpolation_duration: 1}
$data merge entity $(bone_right_thumb) {transformation: [-0.8525f,0.0065f,-0.5226f,-1.7121f,-0.0055f,0.9998f,0.0215f,-3.701f,0.5226f,0.0212f,-0.8523f,-0.0578f,0f,0f,0f,1f],start_interpolation: 0,interpolation_duration: 1}
$data merge entity $(bone_right_hand) {transformation: [-0.9802f,0.023f,-0.1967f,-2.2924f,-0.0201f,0.9766f,0.2142f,-3.5837f,0.197f,0.2139f,-0.9568f,0.143f,0f,0f,0f,1f],start_interpolation: 0,interpolation_duration: 1}
$data merge entity $(bone_right_forearm) {transformation: [-1.9617f,0.0147f,-0.3962f,-2.6748f,0.0563f,1.99f,-0.2053f,-2.8891f,0.3924f,-0.2124f,-1.951f,-1.9489f,0f,0f,0f,1f],start_interpolation: 0,interpolation_duration: 1}
$data merge entity $(bone_right_bicep) {transformation: [-1.2897f,-0.0128f,-0.0318f,-1.7784f,-0.0065f,1.2664f,-0.2463f,-1.2577f,0.0336f,-0.246f,-1.266f,-1.9199f,0f,0f,0f,1f],start_interpolation: 0,interpolation_duration: 1}
$data merge entity $(bone_right_shoulder) {transformation: [-1.2323f,-0.0123f,-0.0304f,-1.3743f,-0.0062f,1.2101f,-0.2353f,-1.1356f,0.0321f,-0.2351f,-1.2097f,-1.9276f,0f,0f,0f,1f],start_interpolation: 0,interpolation_duration: 1}
$data merge entity $(bone_chest) {transformation: [-4.0675f,0f,0f,0f,0f,3.9928f,0.7761f,-1.064f,0f,0.7761f,-3.9928f,-1.3059f,0f,0f,0f,1f],start_interpolation: 0,interpolation_duration: 1}
$data merge entity $(bone_right_fingers2) {transformation: [-0.9574f,-0.0307f,-0.2871f,1.1586f,-0.0498f,0.997f,0.0592f,-3.5924f,0.2845f,0.071f,-0.9561f,-5.8742f,0f,0f,0f,1f],start_interpolation: 0,interpolation_duration: 1}
$data merge entity $(bone_left_foot) {transformation: [-0.9574f,-0.0432f,-0.2855f,1.1783f,-0.0498f,0.9986f,0.0157f,-2.6211f,0.2845f,0.0292f,-0.9582f,-5.6551f,0f,0f,0f,1f],start_interpolation: 0,interpolation_duration: 1}
$data merge entity $(bone_left_knee) {transformation: [-1.5175f,-0.1833f,-0.4194f,1.7888f,-0.0789f,1.5353f,-0.3857f,-2.6998f,0.4509f,-0.3484f,-1.4791f,-3.6705f,0f,0f,0f,1f],start_interpolation: 0,interpolation_duration: 1}
$data merge entity $(bone_left_thigh) {transformation: [-1.4897f,-0.3931f,-0.4449f,1.0269f,-0.3549f,1.553f,-0.1841f,-1.0338f,0.476f,-0.0726f,-1.5297f,-4.7108f,0f,0f,0f,1f],start_interpolation: 0,interpolation_duration: 1}
$data merge entity $(bone_left_leg) {transformation: [-0.9289f,-0.2328f,-0.2879f,0.6757f,-0.2213f,0.9725f,-0.0725f,-0.8178f,0.2968f,-0.0036f,-0.9549f,-4.9316f,0f,0f,0f,1f],start_interpolation: 0,interpolation_duration: 1}
$data merge entity $(bone_left_fingers2) {transformation: [-0.9574f,0.0307f,0.2871f,-1.1523f,0.0498f,0.997f,0.0592f,-3.5852f,-0.2845f,0.071f,-0.9561f,-5.8703f,0f,0f,0f,1f],start_interpolation: 0,interpolation_duration: 1}
$data merge entity $(bone_right_foot) {transformation: [-0.9574f,0.0432f,0.2855f,-1.1719f,0.0498f,0.9986f,0.0157f,-2.6139f,-0.2845f,0.0292f,-0.9582f,-5.6512f,0f,0f,0f,1f],start_interpolation: 0,interpolation_duration: 1}
$data merge entity $(bone_right_knee) {transformation: [-1.5175f,0.1833f,0.4194f,-1.7799f,0.0789f,1.5353f,-0.3857f,-2.6616f,-0.4509f,-0.3484f,-1.4791f,-3.6697f,0f,0f,0f,1f],start_interpolation: 0,interpolation_duration: 1}
$data merge entity $(bone_right_thigh) {transformation: [-1.4897f,0.3931f,0.4449f,-1.0277f,0.3549f,1.553f,-0.1841f,-1.0175f,-0.476f,-0.0726f,-1.5297f,-4.6959f,0f,0f,0f,1f],start_interpolation: 0,interpolation_duration: 1}
$data merge entity $(bone_right_leg) {transformation: [-0.9289f,0.2328f,0.2879f,-0.6757f,0.2213f,0.9725f,-0.0725f,-0.8178f,-0.2968f,-0.0036f,-0.9549f,-4.9316f,0f,0f,0f,1f],start_interpolation: 0,interpolation_duration: 1}