# This file was generated by Animated Java via MC-Build. It is not recommended to edit this file directly.
$data merge entity $(bone_left_fingers_2) { transformation: [-0.9667932814083066f,-0.12370272962553024f,-0.22362554797462633f,3.0400770713350305f,-0.16062035860809604f,0.9747361844572069f,0.15521105344147673f,-0.01578069762172249f,0.19877588240117464f,0.18597581937714178f,-0.9622375710720484f,0.9809297926865636f,0f,0f,0f,1f], start_interpolation: 0, interpolation_duration: 1 }
$data merge entity $(bone_left_fingers) { transformation: [-0.9667932814083066f,-0.12370272962553024f,-0.22362554797462633f,2.923774640871078f,-0.16062035860809604f,0.9747361844572069f,0.15521105344147673f,0.08151759726622548f,0.19877588240117464f,0.18597581937714178f,-0.9622375710720484f,0.42471381702806843f,0f,0f,0f,1f], start_interpolation: 0, interpolation_duration: 1 }
$data merge entity $(bone_left_index_finger_2) { transformation: [-0.9798437568139643f,-0.16622192311907827f,0.11079929831588314f,2.406706647189635f,-0.14633405155461834f,0.9748093976238996f,0.1683240436174836f,-0.09041315038749621f,-0.13598734348573452f,0.1487175530283007f,-0.9794848298125745f,0.9551599186379972f,0f,0f,0f,1f], start_interpolation: 0, interpolation_duration: 1 }
$data merge entity $(bone_left_index_finger) { transformation: [-0.9798437568139643f,-0.16622192311907827f,0.11079929831588314f,2.4696012166071872f,-0.14633405155461834f,0.9748093976238996f,0.1683240436174836f,0.012234341147094402f,-0.13598734348573452f,0.1487175530283007f,-0.9794848298125745f,0.39152162308215654f,0f,0f,0f,1f], start_interpolation: 0, interpolation_duration: 1 }
$data merge entity $(bone_left_thumb) { transformation: [-0.8673478501992963f,-0.14081835510324206f,0.477365580682852f,2.300203644405306f,-0.1117539777585133f,0.9897499739439419f,0.08891590146377915f,-0.23976623996175975f,-0.48499356202923877f,0.023773513496830063f,-0.8741945234592856f,-0.40529925317329296f,0f,0f,0f,1f], start_interpolation: 0, interpolation_duration: 1 }
$data merge entity $(bone_left_hand) { transformation: [-0.9859938654304271f,-0.1540647487383002f,0.06387605599729236f,2.872216833324708f,-0.1504114108420755f,0.9868881846331317f,0.058550136806147596f,-0.009403960191699201f,-0.07205903706032432f,0.04812238800939361f,-0.9962387921327961f,-0.301963646996259f,0f,0f,0f,1f], start_interpolation: 0, interpolation_duration: 1 }
$data merge entity $(bone_left_forearm) { transformation: [-1.9697238165201687f,-0.3483265145401517f,0.06461547223556897f,2.7642232715709967f,-0.3541786956899709f,1.9279491559754265f,-0.4035937770130852f,0.4521410086629789f,0.00799821875589066f,-0.40865526375252587f,-1.9591465839121847f,-2.488325661417221f,0f,0f,0f,1f], start_interpolation: 0, interpolation_duration: 1 }
$data merge entity $(bone_left_bicep) { transformation: [-1.2713901121186084f,-0.21320773472129767f,-0.0510418276823688f,1.8450357411611937f,-0.21902042899940252f,1.2220540300668996f,0.35086980888825264f,1.5786393885435583f,-0.009636285542757155f,0.3544319863716789f,-1.2404760104688346f,-1.75542254608842f,0f,0f,0f,1f], start_interpolation: 0, interpolation_duration: 1 }
$data merge entity $(bone_left_shoulder) { transformation: [-1.2148478974983883f,-0.20372580043504304f,-0.04877185723984616f,1.4278099656548717f,-0.20927998821363875f,1.1677059266901908f,0.3352656635918447f,1.6140509845697297f,-0.00920773342479836f,0.3386694212465627f,-1.1853086309630392f,-1.7015258100574413f,0f,0f,0f,1f], start_interpolation: 0, interpolation_duration: 1 }
$data merge entity $(bone_right_fingers_2) { transformation: [-0.989028883218492f,-0.1471946903636753f,-0.012473623704614554f,-2.3233458247174568f,-0.1473142438524025f,0.9890462580470897f,0.00927431944915982f,-0.29598044756876823f,0.010971860269683595f,0.011010112251558716f,-0.9998791905577546f,0.5374322941887651f,0f,0f,0f,1f], start_interpolation: 0, interpolation_duration: 1 }
$data merge entity $(bone_right_fingers) { transformation: [-0.989028883218492f,-0.1471946903636753f,-0.012473623704614554f,-2.3449852701263603f,-0.1473142438524025f,0.9890462580470897f,0.00927431944915982f,-0.286939976019861f,0.010971860269683595f,0.011010112251558716f,-0.9998791905577546f,-0.0386091555371636f,0f,0f,0f,1f], start_interpolation: 0, interpolation_duration: 1 }
$data merge entity $(bone_right_index_finger_2) { transformation: [-0.9876577226108899f,-0.14630013170644038f,-0.05593294583471212f,-1.8565378392814278f,-0.14668468435898985f,0.9891793086205461f,0.0028104753125313235f,-0.2265534553503491f,0.05491653978150994f,0.010980294151661985f,-0.9984305718470207f,0.5215692418202664f,0f,0f,0f,1f], start_interpolation: 0, interpolation_duration: 1 }
$data merge entity $(bone_right_index_finger) { transformation: [-0.9876577226108899f,-0.14630013170644038f,-0.05593294583471212f,-1.889619474323502f,-0.14668468435898985f,0.9891793086205461f,0.0028104753125313235f,-0.2192119328852879f,0.05491653978150994f,0.010980294151661985f,-0.9984305718470207f,-0.05378462326494704f,0f,0f,0f,1f], start_interpolation: 0, interpolation_duration: 1 }
$data merge entity $(bone_right_thumb) { transformation: [-0.9071337339943134f,-0.17780804547567633f,-0.3814350372129627f,-1.6157564774022397f,-0.13134505226086107f,0.9807053438321244f,-0.1447947023399222f,-0.4497173177104663f,0.3998210423378516f,-0.0812485540993487f,-0.9129851075240161f,-0.8277288497228327f,0f,0f,0f,1f], start_interpolation: 0, interpolation_duration: 1 }
$data merge entity $(bone_right_hand) { transformation: [-0.9885822488013429f,-0.14742021794637536f,-0.031183596577736877f,-2.2345389668459594f,-0.14703500329251973f,0.9890276588433188f,-0.014317745970398435f,-0.3954716351482701f,0.03295216474905059f,-0.009569189283702755f,-0.9994111193371845f,-0.7562463174245688f,0f,0f,0f,1f], start_interpolation: 0, interpolation_duration: 1 }
$data merge entity $(bone_right_forearm) { transformation: [-1.9784205864430733f,-0.2974984046804577f,-0.05170545984120269f,-2.4069010296521163f,-0.29448489371822234f,1.9767293924821694f,-0.10557617390018967f,0.39771918855895194f,0.06676378312060272f,-0.09675939404635836f,-1.9978756190398261f,-2.840955397583838f,0f,0f,0f,1f], start_interpolation: 0, interpolation_duration: 1 }
$data merge entity $(bone_right_bicep) { transformation: [-1.2714234206461978f,-0.21836837383956637f,-0.01712782093832757f,-1.7731059606270272f,-0.19493377884774707f,1.0820295508982696f,0.6750618463208669f,1.6489274248787675f,-0.09989459849045727f,0.6678494798984749f,-1.0993151344827732f,-1.6577015203451537f,0f,0f,0f,1f], start_interpolation: 0, interpolation_duration: 1 }
$data merge entity $(bone_right_shoulder) { transformation: [-1.2148797247041574f,-0.20865693173991812f,-0.01636609963953768f,-1.3937508479051528f,-0.18626453763273318f,1.033908721178774f,0.6450399895887962f,1.7950188978511057f,-0.09545201098453746f,0.6381483769352808f,-1.0504255673257634f,-1.5437578192848838f,0f,0f,0f,1f], start_interpolation: 0, interpolation_duration: 1 }
$data merge entity $(bone_chest) { transformation: [-4.0083554682486655f,-0.6910287008410184f,4.976491456254112e-16f,1.2722157298626553e-16f,-0.690370994637241f,4.004540402021744f,0.1774212038176937f,1.7779208688123562f,-0.03014224858254975f,0.17484200986750117f,-4.063613655560883f,-1.0388429796643581f,0f,0f,0f,1f], start_interpolation: 0, interpolation_duration: 1 }
$data merge entity $(bone_right_fingers2) { transformation: [-0.9999698224696396f,0.005186338733682937f,0.0057841196890021625f,0.7471219231618031f,0.005109082827311306f,0.9998986010086028f,-0.01329229000971588f,-0.5048216080022041f,-0.005852471503636314f,-0.013262337334656371f,-0.9998949239723747f,-4.871678118556209f,0f,0f,0f,1f], start_interpolation: 0, interpolation_duration: 1 }
$data merge entity $(bone_left_foot) { transformation: [-0.9999973223197328f,0.0012941027288258153f,0.0019185024085449493f,0.7528262500000006f,0.0005193953506013706f,0.9333854549496161f,-0.3588750795429626f,0.47762529718747315f,-0.0022551234631657912f,-0.3588731221290127f,-0.9333836277927423f,-5.034765956128293f,0f,0f,0f,1f], start_interpolation: 0, interpolation_duration: 1 }
$data merge entity $(bone_left_knee) { transformation: [-1.5850141666666666f,4.975220978310284e-17f,1.8762390930211242e-16f,0.7688818750000004f,0f,1.5320654855975084f,-0.40625762315912034f,0.4252025169280307f,-1.9410825258115427e-16f,-0.40625762315912034f,-1.5320654855975084f,-2.9577060176202137f,0f,0f,0f,1f], start_interpolation: 0, interpolation_duration: 1 }
$data merge entity $(bone_left_thigh) { transformation: [-1.6036533333333332f,6.954696576252954e-17f,1.8366437345594831e-16f,0.7385400000000005f,0f,1.499733421781877f,-0.5678940720781767f,1.794280211073179f,-1.9639089216086498e-16f,-0.5678940720781767f,-1.499733421781877f,-4.55859282777983f,0f,0f,0f,1f], start_interpolation: 0, interpolation_duration: 1 }
$data merge entity $(bone_left_leg) { transformation: [-1f,3.8330880953374846e-17f,1.1631139837503795e-16f,0.5257450000000006f,0f,0.9497546431838019f,-0.31299539573420104f,1.9794534722222221f,-1.2246467991473532e-16f,-0.31299539573420104f,-0.9497546431838019f,-4.931638125f,0f,0f,0f,1f], start_interpolation: 0, interpolation_duration: 1 }
$data merge entity $(bone_left_fingers2) { transformation: [-0.9993767264905604f,-0.019422740104117178f,0.02947737633948288f,-0.7543369712376301f,-0.019320570787430914f,0.9998063192941268f,0.0037469246027851677f,-0.5615986555531602f,-0.029544442683175763f,0.0031750695077437385f,-0.9995584249258078f,-5.7932187769889225f,0f,0f,0f,1f], start_interpolation: 0, interpolation_duration: 1 }
$data merge entity $(bone_right_foot) { transformation: [-0.9987589575191811f,0.016164292132418014f,0.04710902710793944f,-0.7528262499999994f,0.008024072810494338f,0.9857352258520985f,-0.1681121017947391f,0.43374092104710193f,-0.04915444060032226f,-0.1675254612713263f,-0.9846415900189769f,-5.7596189466330445f,0f,0f,0f,1f], start_interpolation: 0, interpolation_duration: 1 }
$data merge entity $(bone_right_knee) { transformation: [-1.5850141666666666f,-2.740723344096004e-17f,1.9216362110249146e-16f,-0.7688818749999996f,0f,1.5691350456007667f,0.22379704466660943f,-0.39494558296839855f,-1.9410825258115427e-16f,0.22379704466660943f,-1.5691350456007667f,-3.8592713739135975f,0f,0f,0f,1f], start_interpolation: 0, interpolation_duration: 1 }
$data merge entity $(bone_right_thigh) { transformation: [-1.6036533333333332f,-2.0352935157640317e-17f,1.9533340869961133e-16f,-0.7385399999999994f,0f,1.5950183255744437f,0.1661943277997446f,1.5217930569444051f,-1.9639089216086498e-16f,0.1661943277997446f,-1.5950183255744437f,-4.6637516736784494f,0f,0f,0f,1f], start_interpolation: 0, interpolation_duration: 1 }
$data merge entity $(bone_right_leg) { transformation: [-1f,-1.7992596462663127e-17f,1.211357267660963e-16f,-0.5257449999999995f,0f,0.9891482740201968f,0.14692069970860394f,1.8416293981481482f,-1.2246467991473532e-16f,0.14692069970860394f,-0.9891482740201968f,-4.931638125f,0f,0f,0f,1f], start_interpolation: 0, interpolation_duration: 1 }