# This file was generated by Animated Java via MC-Build. It is not recommended to edit this file directly.
$data merge entity $(bone_left_fingers_2) { transformation: [-0.9537123567251526f,-0.24472104869699388f,-0.1747694165304635f,3.0359118009784147f,-0.21156932891772992f,0.9590392388094282f,-0.1883670817450174f,-0.1323247285983622f,0.2137081179811766f,-0.14267216528978666f,-0.9664230406817023f,1.3782192968701987f,0f,0f,0f,1f], start_interpolation: 0, interpolation_duration: 1 }
$data merge entity $(bone_left_fingers) { transformation: [-0.9537123567251526f,-0.24472104869699388f,-0.1747694165304635f,2.9468863497398363f,-0.21156932891772992f,0.9590392388094282f,-0.1883670817450174f,-0.23242827746832187f,0.2137081179811766f,-0.14267216528978666f,-0.9664230406817023f,0.8174848020929798f,0f,0f,0f,1f], start_interpolation: 0, interpolation_duration: 1 }
$data merge entity $(bone_left_index_finger_2) { transformation: [-0.973010611447455f,-0.08375906294838598f,0.21502271829892255f,2.368765828353445f,-0.1096819208095414f,0.9876829782303698f,-0.11158947424159976f,-0.24177363032649896f,-0.20302764899929018f,-0.13216184732363384f,-0.9702128734735617f,1.3487219171783238f,0f,0f,0f,1f], start_interpolation: 0, interpolation_duration: 1 }
$data merge entity $(bone_left_index_finger) { transformation: [-0.973010611447455f,-0.08375906294838598f,0.21502271829892255f,2.492203630701335f,-0.1096819208095414f,0.9876829782303698f,-0.11158947424159976f,-0.3003719566244807f,-0.20302764899929018f,-0.13216184732363384f,-0.9702128734735617f,0.7888025411032906f,0f,0f,0f,1f], start_interpolation: 0, interpolation_duration: 1 }
$data merge entity $(bone_left_thumb) { transformation: [-0.8319783096818804f,0.0391566945326426f,0.5534246520459296f,2.2929921211327042f,0.002334603251374051f,0.9977445875504305f,-0.06708418324374268f,-0.3982590959988175f,-0.5548032460670538f,-0.054520558389461626f,-0.830193270790821f,-0.034517701320087496f,0f,0f,0f,1f], start_interpolation: 0, interpolation_duration: 1 }
$data merge entity $(bone_left_hand) { transformation: [-0.9870995257280887f,-0.15829760277511887f,0.024008233234310016f,2.8671749776772923f,-0.14750323833087386f,0.9574250860258222f,0.24815317715143706f,-0.18394169092907176f,-0.06226813783378916f,0.2414105913254382f,-0.9684232573656079f,0.08928138137863773f,0f,0f,0f,1f], start_interpolation: 0, interpolation_duration: 1 }
$data merge entity $(bone_left_forearm) { transformation: [-1.9728047777317985f,-0.33597157195889654f,0.021973737614505492f,2.7212289950581594f,-0.33580907553482814f,1.954012673143016f,-0.2727364503245273f,0.42322690317084977f,0.024331195978151764f,-0.2725362533364088f,-1.9825363595329897f,-2.058953078417188f,0f,0f,0f,1f], start_interpolation: 0, interpolation_duration: 1 }
$data merge entity $(bone_left_bicep) { transformation: [-2.43320286286432f,-0.4185441113182218f,-0.015419394241625233f,1.493455007474335f,-0.4183641697563692f,2.424583378388984f,0.20557228751217355f,3.8383554800341178f,-0.019706656286710915f,0.20520567928243075f,-2.46036488748667f,-1.6104092710490538f,0f,0f,0f,1f], start_interpolation: 0, interpolation_duration: 1 }
$data merge entity $(bone_left_shoulder) { transformation: [-1.2149098499862714f,-0.20898108055637804f,-0.00769897743869977f,1.4275547534650432f,-0.208891234872217f,1.210606100080864f,0.1026432283121459f,1.609472929906099f,-0.009839627923516055f,0.10246017906615075f,-1.2284719790478889f,-1.562732670028776f,0f,0f,0f,1f], start_interpolation: 0, interpolation_duration: 1 }
$data merge entity $(bone_right_fingers_2) { transformation: [-0.9797312189919014f,-0.19435944448775508f,-0.04848860557959635f,-2.235837197132293f,-0.19357406184779427f,0.9808726315928616f,-0.020444147618362035f,-0.23237232915137654f,0.05153465933125749f,-0.010643633332009995f,-0.9986144861542441f,0.11794415427001526f,0f,0f,0f,1f], start_interpolation: 0, interpolation_duration: 1 }
$data merge entity $(bone_right_fingers) { transformation: [-0.9797312189919014f,-0.19435944448775508f,-0.04848860557959635f,-2.2783779752211797f,-0.19357406184779427f,0.9808726315928616f,-0.020444147618362035f,-0.24114272352715854f,0.05153465933125749f,-0.010643633332009995f,-0.9986144861542441f,-0.45693592879763323f,0f,0f,0f,1f], start_interpolation: 0, interpolation_duration: 1 }
$data merge entity $(bone_right_index_finger_2) { transformation: [-0.9809258887960726f,-0.19304562876296877f,-0.022754909473447375f,-1.8125405784257862f,-0.19288323349406764f,0.9811790680221009f,-0.00914848141252153f,-0.15253149324083023f,0.024092715216590926f,-0.0045849417436085935f,-0.999699214455378f,0.1018226653179577f,0f,0f,0f,1f], start_interpolation: 0, interpolation_duration: 1 }
$data merge entity $(bone_right_index_finger) { transformation: [-0.9809258887960726f,-0.19304562876296877f,-0.022754909473447375f,-1.8267713788278543f,-0.19288323349406764f,0.9811790680221009f,-0.00914848141252153f,-0.152128455530307f,0.024092715216590926f,-0.0045849417436085935f,-0.999699214455378f,-0.47435238141539093f,0f,0f,0f,1f], start_interpolation: 0, interpolation_duration: 1 }
$data merge entity $(bone_right_thumb) { transformation: [-0.9131621369664071f,-0.22887145409233225f,-0.3372725442614711f,-1.5528493497392781f,-0.190937874028953f,0.9712580725396373f,-0.1421284095031432f,-0.3380554330154116f,0.3601078170107506f,-0.06538817957590548f,-0.9306163259364737f,-1.260177565668762f,0f,0f,0f,1f], start_interpolation: 0, interpolation_duration: 1 }
$data merge entity $(bone_right_hand) { transformation: [-0.9804210811829306f,-0.19205217167542266f,-0.043479500075864805f,-2.1724700362384337f,-0.19324688535547477f,0.980827966973035f,0.025142404498209668f,-0.31508920131897433f,0.03781725627939132f,0.03305242136814742f,-0.9987378998361889f,-1.179636440729023f,0f,0f,0f,1f], start_interpolation: 0, interpolation_duration: 1 }
$data merge entity $(bone_right_forearm) { transformation: [-1.9619603865257347f,-0.38879547892983535f,-0.06983043386712084f,-2.4049772925048494f,-0.3874594117052993f,1.962989971112875f,-0.04327065770035081f,0.5362177635048351f,0.0768987529894594f,-0.02890019205052743f,-1.9996445016338955f,-3.2353818383482364f,0f,0f,0f,1f], start_interpolation: 0, interpolation_duration: 1 }
$data merge entity $(bone_right_bicep) { transformation: [-2.433227383178392f,-0.40333215956983737f,-0.11234221600371956f,-2.1811265489312577f,-0.3728159688762633f,1.785709254334242f,1.6637739675283305f,3.3815259540145908f,-0.19054096092637998f,1.6566407971346233f,-1.8207494375029956f,-0.43905878126543696f,0f,0f,0f,1f], start_interpolation: 0, interpolation_duration: 1 }
$data merge entity $(bone_right_shoulder) { transformation: [-1.2149220930965956f,-0.20138568014867325f,-0.056093006824566985f,-1.3796122376986495f,-0.18614879989363392f,0.8916131882848622f,0.8307303152362028f,1.7193936400108523f,-0.09513801491372675f,0.8271686890745666f,-0.909108919662939f,-1.6918254409680378f,0f,0f,0f,1f], start_interpolation: 0, interpolation_duration: 1 }
$data merge entity $(bone_chest) { transformation: [-4.0083554682486655f,-0.6910287008410184f,4.976491456254112e-16f,1.2722157298626553e-16f,-0.690370994637241f,4.004540402021744f,0.1774212038176937f,1.7779208688123562f,-0.03014224858254975f,0.17484200986750117f,-4.063613655560883f,-1.0388429796643581f,0f,0f,0f,1f], start_interpolation: 0, interpolation_duration: 1 }
$data merge entity $(bone_right_fingers2) { transformation: [-0.9999844009313514f,0.003994988391757554f,0.003903583189295327f,0.7474122161639032f,0.003913890404027553f,0.9997808241840707f,-0.020566600490252773f,-0.4755496096080686f,-0.003984890948481241f,-0.02055100147365385f,-0.9997808644810916f,-5.092696057061992f,0f,0f,0f,1f], start_interpolation: 0, interpolation_duration: 1 }
$data merge entity $(bone_left_foot) { transformation: [-0.9999985741396596f,0.000896434075944575f,0.0014311270366670777f,0.7528262500000006f,0.0004964481981312783f,0.9660797243824599f,-0.2582435278497737f,0.5186312209075747f,-0.0016140811113962961f,-0.25824244915013056f,-0.9660787919207772f,-5.151067866167395f,0f,0f,0f,1f], start_interpolation: 0, interpolation_duration: 1 }
$data merge entity $(bone_left_knee) { transformation: [-1.5850141666666666f,3.6127834601460534e-17f,1.9071652599373423e-16f,0.7688818750000004f,0f,1.5573186173067899f,-0.29500615709455286f,0.31694441873889145f,-1.9410825258115427e-16f,-0.29500615709455286f,-1.5573186173067899f,-3.083158639466115f,0f,0f,0f,1f], start_interpolation: 0, interpolation_duration: 1 }
$data merge entity $(bone_left_thigh) { transformation: [-1.6036533333333332f,5.520775901301593e-17f,1.884714457643419e-16f,0.7385400000000005f,0f,1.5389861460101235f,-0.4508055632975461f,1.8051511566420342f,-1.9639089216086498e-16f,-0.4508055632975461f,-1.5389861460101235f,-4.573948033313722f,0f,0f,0f,1f], start_interpolation: 0, interpolation_duration: 1 }
$data merge entity $(bone_left_leg) { transformation: [-1f,2.92670513531854e-17f,1.1891609450242044e-16f,0.5257450000000006f,0f,0.971023601133114f,-0.2389836104055656f,2.0184812500000002f,-1.2246467991473532e-16f,-0.2389836104055656f,-0.971023601133114f,-4.931638125f,0f,0f,0f,1f], start_interpolation: 0, interpolation_duration: 1 }
$data merge entity $(bone_left_fingers2) { transformation: [-0.9992471129851951f,-0.033686761961302804f,0.019246019310888495f,-0.7660651986659761f,-0.03336773332544261f,0.999304213864366f,0.01666380885765023f,-0.5245043028277074f,-0.019793977959842137f,0.016009066852402165f,-0.99967590158763f,-5.103016938049443f,0f,0f,0f,1f], start_interpolation: 0, interpolation_duration: 1 }
$data merge entity $(bone_right_foot) { transformation: [-0.9982779946389253f,0.02898333733012516f,0.05100011349883382f,-0.7528262499999994f,-0.0010870664606500227f,0.8601229139467917f,-0.5100856704419271f,0.4167632711287574f,-0.05865035128791548f,-0.5092627406956927f,-0.858610270863863f,-5.428089526991853f,0f,0f,0f,1f], start_interpolation: 0, interpolation_duration: 1 }
$data merge entity $(bone_right_knee) { transformation: [-1.5850141666666666f,7.99599250387417e-18f,1.9394349131638103e-16f,-0.7688818749999996f,0f,1.5836687888410934f,-0.06529223372356249f,-0.052514300213862164f,-1.9410825258115427e-16f,-0.06529223372356249f,-1.5836687888410934f,-3.4087280486742886f,0f,0f,0f,1f], start_interpolation: 0, interpolation_duration: 1 }
$data merge entity $(bone_right_thigh) { transformation: [-1.6036533333333332f,2.1596608310421882e-17f,1.9519981822027066e-16f,-0.7385399999999994f,0f,1.5939274765277336f,-0.176349689767354f,1.649640560496056f,-1.9639089216086498e-16f,-0.176349689767354f,-1.5939274765277336f,-4.601935657016663f,0f,0f,0f,1f], start_interpolation: 0, interpolation_duration: 1 }
$data merge entity $(bone_right_leg) { transformation: [-1f,8.14487543450816e-18f,1.2219353023288476e-16f,-0.5257449999999995f,0f,0.9977858948225778f,-0.06650795511145695f,1.90528625f,-1.2246467991473532e-16f,-0.06650795511145695f,-0.9977858948225778f,-4.931638125f,0f,0f,0f,1f], start_interpolation: 0, interpolation_duration: 1 }