# This file was generated by Animated Java via MC-Build. It is not recommended to edit this file directly.
$data merge entity $(bone_left_fingers_2) { transformation: [-0.9603134022245471f,0.10744069906761641f,-0.2573998168060293f,2.638225463885733f,0.09866569374345842f,0.9940192047709703f,0.04680706596882564f,-0.42149277706062693f,0.2608893450987173f,0.019552921274065722f,-0.9651706755199376f,1.347823791786215f,0f,0f,0f,1f], start_interpolation: 0, interpolation_duration: 1 }
$data merge entity $(bone_left_fingers) { transformation: [-0.9603134022245471f,0.10744069906761641f,-0.2573998168060293f,2.5037061054136824f,0.09866569374345842f,0.9940192047709703f,0.04680706596882564f,-0.39012371448960015f,0.2608893450987173f,0.019552921274065722f,-0.9651706755199376f,0.7881006913094354f,0f,0f,0f,1f], start_interpolation: 0, interpolation_duration: 1 }
$data merge entity $(bone_left_index_finger_2) { transformation: [-0.9904041706942168f,0.08997059548802391f,0.10490410201241585f,1.984216632321451f,0.09199444757063031f,0.9956523899926468f,0.014606160279306175f,-0.36061447293719867f,-0.10313389495057157f,0.024116596970978222f,-0.9943750748399036f,1.355125330830322f,0f,0f,0f,1f], start_interpolation: 0, interpolation_duration: 1 }
$data merge entity $(bone_left_index_finger) { transformation: [-0.9904041706942168f,0.08997059548802391f,0.10490410201241585f,2.045195584751714f,0.09199444757063031f,0.9956523899926468f,0.014606160279306175f,-0.34643739646511473f,-0.10313389495057157f,0.024116596970978222f,-0.9943750748399036f,0.7821847226859274f,0f,0f,0f,1f], start_interpolation: 0, interpolation_duration: 1 }
$data merge entity $(bone_left_thumb) { transformation: [-0.8829285683388557f,0.12273992367346293f,0.4531799359500941f,1.7671409753988199f,0.07225455124744701f,0.9892475054608166f,-0.12715601741003651f,-0.6021257957484087f,-0.4639142410350526f,-0.0795253675010934f,-0.8823034018344751f,0.017702927040569978f,0f,0f,0f,1f], start_interpolation: 0, interpolation_duration: 1 }
$data merge entity $(bone_left_hand) { transformation: [-0.9954095428210981f,0.09515065377084352f,0.010305102991910616f,2.383629764606739f,0.09484139598260052f,0.9951206067688237f,-0.027204550945007896f,-0.514685218143922f,-0.012843351150085038f,-0.026102319265326357f,-0.9995767690678924f,0.07462246596812916f,0f,0f,0f,1f], start_interpolation: 0, interpolation_duration: 1 }
$data merge entity $(bone_left_forearm) { transformation: [-1.9919366554679157f,0.19244099049474922f,0.021754519792203636f,2.4775381289580385f,0.19112017419615174f,1.989639849402977f,-0.1006219758980453f,0.28861857884999287f,-0.03130292269456894f,-0.09807226007283636f,-1.9986796622234588f,-2.01122255574327f,0f,0f,0f,1f], start_interpolation: 0, interpolation_duration: 1 }
$data merge entity $(bone_left_bicep) { transformation: [-1.2774062536389215f,0.177943979078131f,-0.03263168682628173f,1.7814323388719544f,0.16349832421714303f,1.2351336865957743f,0.334975667363511f,1.7004427334724768f,0.0774414918081569f,0.32753067040704026f,-1.2454806697818934f,-1.2383327649527947f,0f,0f,0f,1f], start_interpolation: 0, interpolation_duration: 1 }
$data merge entity $(bone_left_shoulder) { transformation: [-1.2205964846608495f,0.1700303209809749f,-0.03118046597568312f,1.3975155951975216f,0.15622710411733656f,1.1802038949240528f,0.3200783782497412f,1.8573627804900137f,0.07399745570264539f,0.3129644807817337f,-1.190090719313588f,-1.1594643948339731f,0f,0f,0f,1f], start_interpolation: 0, interpolation_duration: 1 }
$data merge entity $(bone_right_fingers_2) { transformation: [-0.9895257094632558f,0.14387699664781192f,-0.011759257920716026f,-2.936688654696355f,0.115815934545284f,0.8398740710067514f,0.5302812594802397f,0.11740161760625423f,0.0861715708145261f,0.5233650300566065f,-0.8477402347990833f,0.6188692947704006f,0f,0f,0f,1f], start_interpolation: 0, interpolation_duration: 1 }
$data merge entity $(bone_right_fingers) { transformation: [-0.9895257094632558f,0.14387699664781192f,-0.011759257920716026f,-2.956239556369683f,0.115815934545284f,0.8398740710067514f,0.5302812594802397f,0.4294669115814678f,0.0861715708145261f,0.5233650300566065f,-0.8477402347990833f,0.13450707280660568f,0f,0f,0f,1f], start_interpolation: 0, interpolation_duration: 1 }
$data merge entity $(bone_right_index_finger_2) { transformation: [-0.9895257094632558f,0.10265746848415959f,-0.1014904649494926f,-2.442541593530417f,0.115815934545284f,0.9842390882573067f,-0.1336416344251619f,0.4474470037154894f,0.0861715708145261f,-0.14399604616394804f,-0.9858192527398253f,0.6637995009649738f,0f,0f,0f,1f], start_interpolation: 0, interpolation_duration: 1 }
$data merge entity $(bone_right_index_finger) { transformation: [-0.9895257094632558f,0.10265746848415959f,-0.1014904649494926f,-2.5004389592904674f,0.115815934545284f,0.9842390882573067f,-0.1336416344251619f,0.3761196143616539f,0.0861715708145261f,-0.14399604616394804f,-0.9858192527398253f,0.09481737368532939f,0f,0f,0f,1f], start_interpolation: 0, interpolation_duration: 1 }
$data merge entity $(bone_right_thumb) { transformation: [-0.895138223892348f,0.2608541023226032f,-0.3615006188491544f,-2.3455976651458363f,0.15453951002199762f,0.942217901793963f,0.2972254453796699f,-0.013764776173605942f,0.4181448313312192f,0.21019172876317269f,-0.8837275242915859f,-0.6475690990013427f,0f,0f,0f,1f], start_interpolation: 0, interpolation_duration: 1 }
$data merge entity $(bone_right_hand) { transformation: [-0.9895257094632558f,0.10265746848415959f,-0.1014904649494926f,-2.9251731793784055f,0.115815934545284f,0.9842390882573067f,-0.1336416344251619f,0.20541835571341838f,0.0861715708145261f,-0.14399604616394804f,-0.9858192527398253f,-0.563932421994024f,0f,0f,0f,1f], start_interpolation: 0, interpolation_duration: 1 }
$data merge entity $(bone_right_forearm) { transformation: [-1.9803625811156746f,0.266831392560826f,-0.1108685144099764f,-2.901378301451466f,0.2870132676357803f,1.9052492916067518f,-0.5412719217358002f,0.5165777487121104f,0.03337969059857657f,-0.5515006047164266f,-1.923553911768402f,-2.7792170421590647f,0f,0f,0f,1f], start_interpolation: 0, interpolation_duration: 1 }
$data merge entity $(bone_right_bicep) { transformation: [-1.2773372920067112f,0.16275750746817844f,0.08009406796272989f,-1.8290728571213715f,0.1811771277268873f,1.1166150945814528f,0.620355706391583f,1.589140795380478f,0.008939482574943232f,0.6254409227310846f,-1.1283790858287355f,-1.699582185047596f,0f,0f,0f,1f], start_interpolation: 0, interpolation_duration: 1 }
$data merge entity $(bone_right_shoulder) { transformation: [-1.220530589942069f,0.15551923352645122f,0.07653206450101611f,-1.4151465757357398f,0.17311968261813301f,1.066956150623808f,0.5927667821445469f,1.6214732283254836f,0.008541919201177587f,0.59762584492904f,-1.0781969648292418f,-1.623058761229231f,0f,0f,0f,1f], start_interpolation: 0, interpolation_duration: 1 }
$data merge entity $(bone_chest) { transformation: [-4.027004645441973f,0.5724227553249214f,4.976491456254112e-16f,1.0425944550225264e-16f,0.5718779357003496f,4.023171829330683f,0.1774212038176937f,1.7779208688123562f,0.024968729901250198f,0.175655475551541f,-4.063613655560883f,-0.8513429796643581f,0f,0f,0f,1f], start_interpolation: 0, interpolation_duration: 1 }
$data merge entity $(bone_right_fingers2) { transformation: [-0.9998077668820722f,-0.017980096859819866f,-0.007819552365421098f,0.7480000000000007f,-0.017984981273919495f,0.9998381032361527f,0.0005547663556698945f,-0.4643056800126554f,0.0078083116523888895f,0.0006952942140661389f,-0.9999692729454717f,-6.211903026901728f,0f,0f,0f,1f], start_interpolation: 0, interpolation_duration: 1 }
$data merge entity $(bone_left_foot) { transformation: [-1f,-3.169619151431765e-17f,1.1829179713786698e-16f,0.7528262500000007f,0f,0.9659258262890684f,0.25881904510252074f,0.4261384510275301f,-1.2246467991473532e-16f,0.25881904510252074f,-0.9659258262890684f,-5.765900717005898f,0f,0f,0f,1f], start_interpolation: 0, interpolation_duration: 1 }
$data merge entity $(bone_left_knee) { transformation: [-1.5850141666666666f,-4.2012715250864795e-17f,1.895071119440084e-16f,0.7688818750000005f,0f,1.5474430021451955f,0.3430598543197571f,-0.5747192694146079f,-1.9410825258115427e-16f,0.3430598543197571f,-1.5474430021451955f,-3.9451289137651173f,0f,0f,0f,1f], start_interpolation: 0, interpolation_duration: 1 }
$data merge entity $(bone_left_thigh) { transformation: [-1.6036533333333332f,-4.2506768880257214e-17f,1.917356438513739e-16f,0.7385400000000005f,0f,1.565640346137905f,0.3470941083572184f,1.4478725271141917f,-1.9639089216086498e-16f,0.3470941083572184f,-1.565640346137905f,-4.5336310260495445f,0f,0f,0f,1f], start_interpolation: 0, interpolation_duration: 1 }
$data merge entity $(bone_left_leg) { transformation: [-1f,-3.169619151431765e-17f,1.1829179713786698e-16f,0.5257450000000006f,0f,0.9659258262890683f,0.25881904510252074f,1.80723125f,-1.2246467991473532e-16f,0.25881904510252074f,-0.9659258262890683f,-4.744138125f,0f,0f,0f,1f], start_interpolation: 0, interpolation_duration: 1 }
$data merge entity $(bone_left_fingers2) { transformation: [-0.9999491988493876f,0.00631630263502931f,0.007855192008519677f,-0.7491839248411617f,0.006205368130208825f,0.999881792090804f,-0.014067524716555146f,-0.5256511152516046f,-0.007943118206131533f,-0.014018065711966843f,-0.9998701919283616f,-4.503200554449192f,0f,0f,0f,1f], start_interpolation: 0, interpolation_duration: 1 }
$data merge entity $(bone_right_foot) { transformation: [-0.9999959581377007f,0.0016840416842485919f,0.0022907884816397704f,-0.7528262499999995f,0.00048701285955460847f,0.8952603790267563f,-0.44554305803518407f,0.43697140083687713f,-0.0028011652462017877f,-0.445540141568046f,-0.8952575806575386f,-4.7584978881844044f,0f,0f,0f,1f], start_interpolation: 0, interpolation_duration: 1 }
$data merge entity $(bone_right_knee) { transformation: [-1.5850141666666666f,5.868060737987108e-17f,1.850259442284746e-16f,-0.7688818749999997f,0f,1.5108514908730983f,-0.47916352225577874f,0.514846990710027f,-1.9410825258115427e-16f,-0.47916352225577874f,-1.5108514908730983f,-2.6867890255350133f,0f,0f,0f,1f], start_interpolation: 0, interpolation_duration: 1 }
$data merge entity $(bone_right_thigh) { transformation: [-1.6036533333333332f,8.137260220729949e-17f,1.7873970497277064e-16f,-0.7385399999999994f,0f,1.4595204519149212f,-0.664457721719881f,1.7602028418526243f,-1.9639089216086498e-16f,-0.664457721719881f,-1.4595204519149212f,-4.351170102833547f,0f,0f,0f,1f], start_interpolation: 0, interpolation_duration: 1 }
$data merge entity $(bone_right_leg) { transformation: [-1f,4.583199845264814e-17f,1.135650727312541e-16f,-0.5257449999999995f,0f,0.9273291924685757f,-0.3742466683827383f,1.9003262500000002f,-1.2246467991473532e-16f,-0.3742466683827383f,-0.9273291924685757f,-4.744138125f,0f,0f,0f,1f], start_interpolation: 0, interpolation_duration: 1 }