# This file was generated by Animated Java via MC-Build. It is not recommended to edit this file directly.
$data merge entity $(bone_right_thumb_2) { transformation: [-0.5364990732707163f,-0.3787161814497218f,-0.7541503817461104f,-3.0749054435759775f,0.8434249662493218f,-0.2706371498121098f,-0.4641011306266214f,2.186290232703475f,-0.028338501848069228f,-0.8850590867562005f,0.4646152626241281f,1.7809739050486497f,0f,0f,0f,1f], start_interpolation: 0, interpolation_duration: 1 }
$data merge entity $(bone_right_thumb) { transformation: [-0.5364990732707163f,-0.4739125897080564f,-0.6982661395885283f,-3.289916938135028f,0.8434249662493218f,-0.328899164863784f,-0.42480544447927704f,2.216487769877976f,-0.028338501848069228f,-0.8168428224989858f,0.5761638071285784f,1.5426611780559374f,0f,0f,0f,1f], start_interpolation: 0, interpolation_duration: 1 }
$data merge entity $(bone_right_fingers2) { transformation: [0.5524561587386858f,0.15896626608998254f,-0.8182431905717913f,-3.145571967387592f,-0.8259418006687675f,0.23665822630259703f,-0.5116766809532587f,2.0020616120262447f,0.11230465074844323f,0.9585001878814201f,0.26204017869699375f,2.2191172678421185f,0f,0f,0f,1f], start_interpolation: 0, interpolation_duration: 1 }
$data merge entity $(bone_right_fingers) { transformation: [0.2524842165186618f,-0.5164589059081591f,-0.8182431905717913f,-3.4077515631393376f,0.08963956753184057f,0.8544891585628f,-0.5116766809532587f,2.3970469824580216f,0.963439914235269f,0.055843320162624f,0.26204017869699375f,2.202719532256408f,0f,0f,0f,1f], start_interpolation: 0, interpolation_duration: 1 }
$data merge entity $(bone_right_hand) { transformation: [-0.5364990732707163f,-0.20651107830467064f,-0.8182431905717913f,-3.61082126359268f,0.8434249662493218f,-0.163772099198819f,-0.5116766809532587f,2.319323603591048f,-0.028338501848069228f,-0.9646408005374097f,0.26204017869699375f,1.5284731589823786f,0f,0f,0f,1f], start_interpolation: 0, interpolation_duration: 1 }
$data merge entity $(bone_right_forearm) { transformation: [-0.8076077028840462f,-0.31086714941180454f,-1.2317253401941088f,-4.031578834204499f,1.2696322015899528f,-0.24653091761020882f,-0.7702418317421347f,1.9302488108544433f,-0.042658773371535834f,-1.452101932405645f,0.39445672383112995f,-0.5658717554259278f,0f,0f,0f,1f], start_interpolation: 0, interpolation_duration: 1 }
$data merge entity $(bone_right_bicep) { transformation: [-0.681682651004484f,1.287169856428533f,0.6094314416451555f,-2.0908079591152253f,1.4198964888490957f,0.6664739119821671f,0.1805841732977749f,2.8136634936598908f,-0.11003127881631214f,0.6260275100931112f,-1.445298181114579f,0.29765479966389347f,0f,0f,0f,1f], start_interpolation: 0, interpolation_duration: 1 }
$data merge entity $(bone_right_shoulder) { transformation: [-0.9224813322159829f,-0.006530523506008523f,0.38598645568952655f,-1.8287767101688808f,0.04082964526071818f,0.992598384659273f,0.11437389055062296f,3.033634424312112f,-0.38387645379849666f,0.12126746898710894f,-0.9153868412778017f,0.5039057918060652f,0f,0f,0f,1f], start_interpolation: 0, interpolation_duration: 1 }
$data merge entity $(bone_right_arm) { transformation: [-1.3745060377131284f,0.04360217261225476f,-0.4983755054526752f,-1.4809418282816187f,0.06529948474983623f,1.4603230531290123f,-0.052332584428142224f,3.1325125741306357f,0.49599926530502464f,-0.07142529415419911f,-1.3742013308731091f,0.3653102716860188f,0f,0f,0f,1f], start_interpolation: 0, interpolation_duration: 1 }
$data merge entity $(bone_left_thumb_2) { transformation: [-0.8614616365619223f,0.45694289684495226f,0.22155594723454897f,1.759397531157588f,-0.5077109433152684f,-0.7658288483355553f,-0.3946337201696759f,2.250837580569962f,-0.010651139374504348f,-0.45244818938744913f,0.8917270822118414f,1.544897927656388f,0f,0f,0f,1f], start_interpolation: 0, interpolation_duration: 1 }
$data merge entity $(bone_left_thumb) { transformation: [-0.8614616365619223f,0.4745139643090129f,0.18088766239796386f,2.0225381534476963f,-0.5077109433152684f,-0.7973092333522473f,-0.3263856376269837f,2.0972319087491793f,-0.010651139374504348f,-0.37300735125061174f,0.9277672494451548f,1.4395551520337309f,0f,0f,0f,1f], start_interpolation: 0, interpolation_duration: 1 }
$data merge entity $(bone_left_fingers2) { transformation: [0.9165434982344423f,0.16463196522279555f,0.3644781637780946f,1.5984106605471577f,0.11405554786579236f,0.7658994414009043f,-0.6327632872273941f,2.2665010294431243f,-0.3833266855375518f,0.6215258334845492f,0.6832029643276818f,2.0697613536129134f,0f,0f,0f,1f], start_interpolation: 0, interpolation_duration: 1 }
$data merge entity $(bone_left_fingers) { transformation: [0.3156962849593241f,0.8760659357558825f,0.3644781637780946f,2.029582865290352f,-0.606260599064598f,0.48172472259478044f,-0.6327632872273941f,2.460489352227342f,-0.7299205036746924f,-0.021207730881734138f,0.6832029643276818f,2.031296701056638f,0f,0f,0f,1f], start_interpolation: 0, interpolation_duration: 1 }
$data merge entity $(bone_left_hand) { transformation: [-0.8614616365619223f,0.3536092714579234f,0.3644781637780946f,2.343404713898614f,-0.5077109433152684f,-0.5846710360323175f,-0.6327632872273941f,2.061478587238441f,-0.010651139374504348f,-0.7301508493208055f,0.6832029643276818f,1.5371381682992278f,0f,0f,0f,1f], start_interpolation: 0, interpolation_duration: 1 }
$data merge entity $(bone_left_forearm) { transformation: [-1.2967833274810616f,0.5322983499293631f,0.5486596105482762f,3.07197068624758f,-0.7642720912083205f,-0.8801223634446654f,-0.9525170318592739f,0.7737912608696951f,-0.016033470758673157f,-1.0991173695490475f,1.0284453489555858f,-0.05212257856474878f,0f,0f,0f,1f], start_interpolation: 0, interpolation_duration: 1 }
$data merge entity $(bone_left_bicep) { transformation: [-1.2754924023978012f,-0.7567735616740658f,0.5415875421583104f,1.7743562136781406f,-0.8320341062294023f,1.3389461885960268f,-0.08858051794643f,2.6916856946097005f,-0.41682434614711555f,-0.35696083600272904f,-1.4804528307459535f,-0.6191582761957799f,0f,0f,0f,1f], start_interpolation: 0, interpolation_duration: 1 }
$data merge entity $(bone_left_shoulder) { transformation: [-0.9388560255345552f,0.02980899274878015f,0.3430171821771644f,1.547396923370421f,0.011200766092497236f,0.9983621616452324f,-0.05610291466581868f,2.9357266583044543f,-0.34412774685630926f,-0.048830504260780894f,-0.9376522146815619f,-0.71678759350348f,0f,0f,0f,1f], start_interpolation: 0, interpolation_duration: 1 }
$data merge entity $(bone_left_arm) { transformation: [-1.3745060377131284f,0.04360217261225476f,-0.4983755054526752f,1.1971844117621426f,0.06529948474983623f,1.4603230531290123f,-0.052332584428142224f,2.9427950759206585f,0.49599926530502464f,-0.07142529415419911f,-1.3742013308731091f,-0.5987290446735433f,0f,0f,0f,1f], start_interpolation: 0, interpolation_duration: 1 }
$data merge entity $(bone_chest) { transformation: [-1.9408987262845336f,0.061569319424136376f,-0.7037410947673053f,-0.02357635062288589f,0.09220744274711229f,2.0620783583444635f,-0.0738972719456021f,3.842354414962198f,0.7003856773668881f,-0.10085751436860282f,-1.9404684589001373f,0.10518765780754558f,0f,0f,0f,1f], start_interpolation: 0, interpolation_duration: 1 }
$data merge entity $(bone_left_cheek) { transformation: [-1.0863513945952672f,-0.06052655821381827f,-0.3297023424082476f,0.49417596495672755f,0.026836629787288672f,1.0989138154252869f,-0.29016318330704305f,-1.6177988411302562f,0.33413604136692f,-0.2850463355246054f,-1.048631557717684f,-0.07293159269545278f,0f,0f,0f,1f], start_interpolation: 0, interpolation_duration: 1 }
$data merge entity $(bone_left_foot) { transformation: [-0.5258691723109323f,-0.06156990610315409f,-1.0014748687188633f,2.7070975549420084f,0.006408598296828083f,1.1304560227080933f,-0.07286468960250418f,-6.88370999335056f,1.0033452525830204f,-0.03949024924520201f,-0.5244234708073879f,0.030256098407794974f,0f,0f,0f,1f], start_interpolation: 0, interpolation_duration: 1 }
$data merge entity $(bone_left_knee) { transformation: [-1.2218531293368786f,0.34619250418975916f,-2.850226131476287f,3.264163117910374f,-0.47681611530911155f,3.0301017157745522f,0.5724450230541099f,-3.0369564098597275f,2.8313044065746413f,0.6596951282832973f,-1.1336141385886471f,0.8807446840276313f,0f,0f,0f,1f], start_interpolation: 0, interpolation_duration: 1 }
$data merge entity $(bone_left_leg) { transformation: [-0.9083069312469438f,-1.9460923115587194f,-1.0320317832243566f,0.5059465859869945f,-0.2661798968742447f,1.2051104667617916f,-2.038196112606841f,-1.5746956552088969f,2.1866671326914897f,-0.6616795643192122f,-0.6767964044035414f,-0.0006835662024400335f,0f,0f,0f,1f], start_interpolation: 0, interpolation_duration: 1 }
$data merge entity $(bone_right_cheek) { transformation: [-1.0481941260720768f,-0.09993356642348869f,-0.4287526183566177f,-0.9239746025500905f,0.007675050399636874f,1.102899331991995f,-0.27582713512407075f,-1.5990377420611286f,0.4401779402095661f,-0.25720186074612966f,-1.0161776592502763f,0.3894225850812173f,0f,0f,0f,1f], start_interpolation: 0, interpolation_duration: 1 }
$data merge entity $(bone_right_foot) { transformation: [-1.0407980238636654f,-0.0007767242020497513f,-0.4472359809105295f,0.511678846252807f,-0.0809852623911176f,1.1144184357769313f,0.18653173905783374f,-5.9059809267775485f,0.4398431688646891f,0.20335215538570506f,-1.0239467955431363f,3.667137556769344f,0f,0f,0f,1f], start_interpolation: 0, interpolation_duration: 1 }
$data merge entity $(bone_right_knee) { transformation: [-2.862198361516771f,-0.22384988727798114f,-1.2224054513434255f,0.23887520915827642f,-0.11099277620185768f,3.1030883299928633f,-0.308361379019626f,-1.9410041534301685f,1.2377659161325671f,-0.23936867883145443f,-2.8543303054539373f,3.4781842021596914f,0f,0f,0f,1f], start_interpolation: 0, interpolation_duration: 1 }
$data merge entity $(bone_right_leg) { transformation: [-2.1968288693474314f,-0.9029130149072229f,-0.18994044950268027f,-0.9302673143309335f,0.016085543576552563f,0.4529515094176959f,-2.339222638708963f,-1.5168307796482252f,0.9225348460269551f,-2.1580012478383384f,-0.41151724172705356f,0.4821762881823563f,0f,0f,0f,1f], start_interpolation: 0, interpolation_duration: 1 }
$data merge entity $(bone_weist) { transformation: [-1.9632747656374134f,-0.0622792308665957f,-0.7118543062957492f,-0.1474337155099737f,0.09327047470215274f,2.0411826067105068f,-0.4358179046220024f,0.20183751738964806f,0.7084602138003039f,-0.4413138620561821f,-1.915303960732307f,0.2412386290534822f,0f,0f,0f,1f], start_interpolation: 0, interpolation_duration: 1 }
data modify entity @s data merge value {"locators":{"consume":{"posx":-3.303558457958399,"posy":2.23745757693807,"posz":2.2401264731912756,"roty":252.24247581583955,"rotx":-30.775577290131043}},"cameras":{}}