# This file was generated by Animated Java via MC-Build. It is not recommended to edit this file directly.
$data merge entity $(bone_right_thumb_2) { transformation: [-0.7768972399732659f,0.014169556982948195f,-0.6294679516677784f,-4.069899995278382f,0.6218221377541856f,-0.13966334516777307f,-0.7706045542399564f,2.147383537734846f,-0.09883272494845051f,-0.9900976586536577f,0.09969312317211007f,1.6435279355755807f,0f,0f,0f,1f], start_interpolation: 0, interpolation_duration: 1 }
$data merge entity $(bone_right_thumb) { transformation: [-0.7768972399732659f,-0.0681137203970632f,-0.6259322643989462f,-4.204074927124246f,0.6218221377541856f,-0.2390525840612371f,-0.7457822008149965f,2.17063037363785f,-0.09883272494845051f,-0.9686146721722299f,0.22807391199334523f,1.351309759934021f,0f,0f,0f,1f], start_interpolation: 0, interpolation_duration: 1 }
$data merge entity $(bone_right_fingers2) { transformation: [0.7608609712910075f,-0.21721545581959806f,-0.611480194380152f,-4.18890619910897f,-0.6221086400454848f,0.023874604681322326f,-0.7825668298823224f,1.846249128459205f,0.18458445857347086f,0.975831670424974f,-0.11696635690977039f,1.9985760162974233f,0f,0f,0f,1f], start_interpolation: 0, interpolation_duration: 1 }
$data merge entity $(bone_right_fingers) { transformation: [-0.08179334384264669f,-0.7870208515559483f,-0.611480194380152f,-4.5615377190956075f,-0.08451613586448313f,0.6168031935281045f,-0.7825668298823224f,2.134959328613848f,0.9930593495262885f,-0.012328814609741334f,-0.11696635690977039f,1.945541691043584f,0f,0f,0f,1f], start_interpolation: 0, interpolation_duration: 1 }
$data merge entity $(bone_right_hand) { transformation: [-0.7768972399732659f,0.150075482350493f,-0.611480194380152f,-4.522165778141518f,0.6218221377541856f,0.03043658599033011f,-0.7825668298823224f,2.172393075156495f,-0.09883272494845051f,-0.988205931894016f,-0.11696635690977039f,1.2391884057654736f,0f,0f,0f,1f], start_interpolation: 0, interpolation_duration: 1 }
$data merge entity $(bone_right_forearm) { transformation: [-1.1694860748345894f,0.22591300078376564f,-0.9204789714394453f,-4.159580280650953f,0.9360470004403932f,0.04581708062500196f,-1.1780206738877312f,2.2159439590877943f,-0.14877578348604686f,-1.4875752119530754f,-0.17607286857502055f,-0.9012161881364475f,0f,0f,0f,1f], start_interpolation: 0, interpolation_duration: 1 }
$data merge entity $(bone_right_bicep) { transformation: [-0.5059422038338287f,1.3711877205819498f,0.5973030046379215f,-2.1085486683840124f,1.4954295247806795f,0.4533062724092762f,0.2260710460299653f,2.7859361341652344f,0.02484312457087769f,0.6381706796493611f,-1.4439616202800796f,-0.028823244235313572f,0f,0f,0f,1f], start_interpolation: 0, interpolation_duration: 1 }
$data merge entity $(bone_right_shoulder) { transformation: [-0.925540956337848f,0.016105250211759563f,0.3783048493699732f,-1.8396132049358302f,0.07569575964959024f,0.9867972004656074f,0.14318322920059956f,2.991829487970255f,-0.37100416454844953f,0.16115801583804815f,-0.9145403237795754f,0.18299908904153353f,0f,0f,0f,1f], start_interpolation: 0, interpolation_duration: 1 }
$data merge entity $(bone_right_arm) { transformation: [-1.440484378734133f,0.02265487760889849f,-0.25305661964277276f,-1.4754051696070214f,0.03419769379737659f,1.4609231788546828f,-0.06387585479374763f,3.0985462151914858f,0.25175665624456095f,-0.06882124386566181f,-1.4392457622070332f,0.10593574561857555f,0f,0f,0f,1f], start_interpolation: 0, interpolation_duration: 1 }
$data merge entity $(bone_left_thumb_2) { transformation: [-0.8458748370458196f,0.23936632468119742f,0.4766545107951079f,2.6541533858888195f,-0.5108399226302768f,-0.6206106625316133f,-0.5948823236566748f,1.8330990303001848f,0.15342207631172516f,-0.7466901420004737f,0.647236817818263f,2.359866257874123f,0f,0f,0f,1f], start_interpolation: 0, interpolation_duration: 1 }
$data merge entity $(bone_left_thumb) { transformation: [-0.8458748370458196f,0.27999864147148545f,0.45397854665923426f,2.8592400829160725f,-0.5108399226302768f,-0.670096462358949f,-0.5385288335652183f,1.7164179590468838f,0.15342207631172516f,-0.687438354987663f,0.7098522202487323f,2.1401852067926552f,0f,0f,0f,1f], start_interpolation: 0, interpolation_duration: 1 }
$data merge entity $(bone_left_fingers2) { transformation: [0.7466653085992923f,0.40227779721071094f,0.5297768311332817f,2.6741204448520635f,0.2268137956795664f,0.5947279741092104f,-0.7712678775246525f,1.7161178105651582f,-0.6253370443398916f,0.6960396617170981f,0.35282059221790923f,2.896112882881709f,0f,0f,0f,1f], start_interpolation: 0, interpolation_duration: 1 }
$data merge entity $(bone_left_fingers) { transformation: [0.024949862536725785f,0.84777002397689f,0.5297768311332817f,3.079734700236707f,-0.4016426360800469f,0.49379049604188296f,-0.7712678775246525f,1.9242085958570123f,-0.9154565512584797f,-0.1935379354672728f,0.35282059221790923f,2.764980240410828f,0f,0f,0f,1f], start_interpolation: 0, interpolation_duration: 1 }
$data merge entity $(bone_left_hand) { transformation: [-0.8458748370458196f,0.06190532486859576f,0.5297768311332817f,3.191745475958648f,-0.5108399226302768f,-0.3797215223630479f,-0.7712678775246525f,1.6658460145053429f,0.15342207631172516f,-0.9230272456472793f,0.35282059221790923f,2.1149119659831634f,0f,0f,0f,1f], start_interpolation: 0, interpolation_duration: 1 }
$data merge entity $(bone_left_forearm) { transformation: [-1.2733200635544863f,0.09318789109667255f,0.7974885157291705f,3.2868230652481563f,-0.7689822350330993f,-0.571605882824165f,-1.1610120313509542f,0.8237025472914503f,0.23095072628259905f,-1.389459834500848f,0.5311111280662253f,0.11579931765091317f,0f,0f,0f,1f], start_interpolation: 0, interpolation_duration: 1 }
$data merge entity $(bone_left_bicep) { transformation: [-1.291176412935205f,-0.7935750021441965f,0.4427260379693739f,1.9332702167068738f,-0.8450948094125313f,1.3313936804627873f,-0.07816513783135773f,2.728540923757282f,-0.3340395063884184f,-0.3008882544069083f,-1.5135349432953933f,-0.35657479947370474f,0f,0f,0f,1f], start_interpolation: 0, interpolation_duration: 1 }
$data merge entity $(bone_left_shoulder) { transformation: [-0.9597574754157923f,0.015488197993564034f,0.28040275338594156f,1.6976373219335164f,0.0016540508808018106f,0.9987724426549416f,-0.0495062815081604f,2.9702999589296133f,-0.2808253060163715f,-0.047050223336278285f,-0.9586049363449041f,-0.43798550410943915f,0f,0f,0f,1f], start_interpolation: 0, interpolation_duration: 1 }
$data merge entity $(bone_left_arm) { transformation: [-1.440484378734133f,0.02265487760889849f,-0.25305661964277276f,1.3322596060263736f,0.03419769379737659f,1.4609231788546828f,-0.06387585479374763f,2.969444835706791f,0.25175665624456095f,-0.06882124386566181f,-1.4392457622070332f,-0.3819946097679539f,0f,0f,0f,1f], start_interpolation: 0, interpolation_duration: 1 }
$data merge entity $(bone_chest) { transformation: [-2.034064761599368f,0.031990272788034256f,-0.35733365824984187f,-0.011222773638575798f,0.048289537122462325f,2.062925777871629f,-0.09019717760992157f,3.8412131910843277f,0.3554980189477376f,-0.0971804131049285f,-2.0323157483729126f,0.09762773912722328f,0f,0f,0f,1f], start_interpolation: 0, interpolation_duration: 1 }
$data merge entity $(bone_left_cheek) { transformation: [-1.1306956749700632f,0.002972914452489924f,-0.1185111967766299f,0.6260900532425646f,0.029494203592092483f,1.1078535145001387f,-0.2536082288529625f,-1.6480946704365644f,0.11482087761482744f,-0.255300222418874f,-1.101891289499292f,0.03184324599728336f,0f,0f,0f,1f], start_interpolation: 0, interpolation_duration: 1 }
$data merge entity $(bone_left_foot) { transformation: [-0.6059985493425321f,-0.006613972268394829f,-0.957080543092158f,2.7870905268045654f,0.033373206587066814f,1.1319580711998607f,-0.02895352357811374f,-6.896649352417295f,0.9565213743962252f,-0.043684468822732955f,-0.6053426136551366f,0.016846449330705004f,0f,0f,0f,1f], start_interpolation: 0, interpolation_duration: 1 }
$data merge entity $(bone_left_knee) { transformation: [-1.4495661169936633f,0.32286981621225064f,-2.744280684336199f,3.313122035974989f,-0.613061108080603f,2.9841587805253504f,0.6749190844465817f,-3.1106400928720044f,2.6943417508550525f,0.8527102524130319f,-1.3228647229429047f,1.1216499367490134f,0f,0f,0f,1f], start_interpolation: 0, interpolation_duration: 1 }
$data merge entity $(bone_left_leg) { transformation: [-1.083256046464125f,-1.8745140024296985f,-0.9950577674378256f,0.6493489977648395f,-0.37208155172779356f,1.2676341687323875f,-1.982938552040993f,-1.5624521380977177f,2.089377425145394f,-0.7461147612811214f,-0.8690230758361162f,0.10660906591298097f,0f,0f,0f,1f], start_interpolation: 0, interpolation_duration: 1 }
$data merge entity $(bone_right_cheek) { transformation: [-1.1127811844139834f,-0.02651955625332659f,-0.23138971482785756f,-0.8143472795021404f,0.024534826553873217f,1.109867116765398f,-0.24519273395965846f,-1.644859570179578f,0.23160856909441413f,-0.24498601518610635f,-1.0857558539851624f,0.2392116671090302f,0f,0f,0f,1f], start_interpolation: 0, interpolation_duration: 1 }
$data merge entity $(bone_right_foot) { transformation: [-1.049211067841596f,-0.252604899751333f,-0.34442423280065176f,1.2653161678125815f,-0.12267146101864967f,1.0532037819951716f,-0.3987413430315672f,-5.118999540662085f,0.4091320082445867f,-0.33201462409461274f,-1.0028252298466893f,5.302820016294464f,0f,0f,0f,1f], start_interpolation: 0, interpolation_duration: 1 }
$data merge entity $(bone_right_knee) { transformation: [-2.9039747776912246f,-0.8272941664849058f,-0.78681520880765f,0.20726899515904884f,-0.25061968540685453f,2.559871427035551f,-1.7665818323845979f,-1.795531491083091f,1.1138597685514773f,-1.5808877124339975f,-2.448810686201657f,3.388071387444734f,0f,0f,0f,1f], start_interpolation: 0, interpolation_duration: 1 }
$data merge entity $(bone_right_leg) { transformation: [-2.233792086543545f,-0.8287131216617001f,-0.02817523958372925f,-0.8466541199674326f,-0.09218109713045199f,0.3286479817486139f,-2.358151716380614f,-1.538178230575439f,0.8240521388065846f,-2.2096631947250986f,-0.3401661453613668f,0.3309655537223763f,0f,0f,0f,1f], start_interpolation: 0, interpolation_duration: 1 }
$data merge entity $(bone_weist) { transformation: [-2.0575148842335262f,-0.030898226390960314f,-0.36158105888053704f,-0.07539703443353953f,0.04884625271424027f,2.03916369294218f,-0.4522040892782424f,0.19884864604330832f,0.3595964489967247f,-0.45378386305606f,-2.007444559851316f,0.2252050897994442f,0f,0f,0f,1f], start_interpolation: 0, interpolation_duration: 1 }
data modify entity @s data merge value {"locators":{"consume":{"posx":-4.421230672343066,"posy":2.0100287882703785,"posz":1.9948423347780353,"roty":280.8289529937176,"rotx":-51.496196455430926}},"cameras":{}}