# This file was generated by Animated Java via MC-Build. It is not recommended to edit this file directly.
$data merge entity $(bone_neck) { transformation: [-0.9778456010352391f,0.1226544996454569f,-0.1696285773469631f,0.2174166206193785f,0.11303899831898358f,0.9914448613741874f,0.06526309610920432f,4.4917744520576255f,0.17618219375144825f,0.04464258697075054f,-0.9833447381429801f,0.38913414897990767f,0f,0f,0f,1f], start_interpolation: 0, interpolation_duration: 1 }
$data merge entity $(bone_right_thumb_2) { transformation: [-0.7824755506655943f,0.4759298781776804f,-0.4015255454742003f,-4.284989472520429f,0.6045759207513788f,0.42630817263025655f,-0.672866478579721f,2.086186086585318f,-0.14906363962481817f,-0.7692542447113506f,-0.621311466444466f,-1.359037546249637f,0f,0f,0f,1f], start_interpolation: 0, interpolation_duration: 1 }
$data merge entity $(bone_right_thumb) { transformation: [-0.7824755506655943f,0.4759298781776804f,-0.4015255454742003f,-4.264049093934622f,0.6045759207513788f,0.42630817263025655f,-0.672866478579721f,2.2975993124458984f,-0.14906363962481817f,-0.7692542447113506f,-0.621311466444466f,-1.6015261817906277f,0f,0f,0f,1f], start_interpolation: 0, interpolation_duration: 1 }
$data merge entity $(bone_right_fingers2) { transformation: [0.30567797090162663f,-0.9276511066116517f,-0.2145329869918444f,-4.668472732465029f,-0.8570129202350123f,-0.16989534204220474f,-0.48648168239165906f,1.6659451454919134f,0.4148371158126053f,0.3325642752229122f,-0.8469422472575914f,-1.3356471992004177f,0f,0f,0f,1f], start_interpolation: 0, interpolation_duration: 1 }
$data merge entity $(bone_right_fingers) { transformation: [-0.7927974461250652f,-0.5704803299938851f,-0.2145329869918444f,-4.902547582221696f,-0.41974082292357984f,0.7662592343775162f,-0.48648168239165906f,2.0432217783746354f,0.4419161130678662f,-0.295633182882522f,-0.8469422472575914f,-1.502655510395056f,0f,0f,0f,1f], start_interpolation: 0, interpolation_duration: 1 }
$data merge entity $(bone_right_hand) { transformation: [-0.6374063303710146f,0.7400599756069198f,-0.2145329869918444f,-4.42686601820074f,0.7267605634673038f,0.48492747507856104f,-0.48648168239165906f,2.416322842314699f,-0.25599268230096767f,-0.46600061847450125f,-0.8469422472575914f,-1.8719914610893542f,0f,0f,0f,1f], start_interpolation: 0, interpolation_duration: 1 }
$data merge entity $(bone_right_forearm) { transformation: [-0.9595063401254572f,1.1140338663637182f,-0.3229427625309439f,-2.7916495387403057f,1.0940138733704332f,0.7299754719537809f,-0.732315065553234f,3.4403982954564696f,-0.3853532511208803f,-0.7014843226743721f,-1.2749268672790637f,-2.868000135575491f,0f,0f,0f,1f], start_interpolation: 0, interpolation_duration: 1 }
$data merge entity $(bone_right_bicep) { transformation: [-0.5863994858286741f,0.7446387206879322f,1.2627561034168677f,-1.6218806499607334f,1.4306394134586717f,-0.0060617820134230786f,0.6679358363659595f,3.362914277470326f,0.31986039098791f,1.3922573714997906f,-0.6724677686149723f,-0.8885233924596603f,0f,0f,0f,1f], start_interpolation: 0, interpolation_duration: 1 }
$data merge entity $(bone_right_shoulder) { transformation: [-0.4476527336916223f,0.39996291699730213f,0.7997729021700016f,-1.4355896839014268f,0.8930035828084121f,0.1535621387480443f,0.42304050708468355f,3.0950425008435656f,0.04638567785165196f,0.9035753065296417f,-0.42591082907118843f,-0.6580294776429589f,0f,0f,0f,1f], start_interpolation: 0, interpolation_duration: 1 }
$data merge entity $(bone_right_arm) { transformation: [-1.3853889148181886f,0.12424143339572044f,0.4525569163411621f,-1.078624964723028f,0.14764743597691127f,1.4542920437366536f,0.052735450839770395f,3.1110902282122552f,-0.44547046024387366f,0.09562875798423144f,-1.3899486865701436f,-0.5497794939265944f,0f,0f,0f,1f], start_interpolation: 0, interpolation_duration: 1 }
$data merge entity $(bone_left_thumb_2) { transformation: [-0.5938687595887425f,0.7437840509509221f,0.3067656792008592f,1.4845435893835692f,-0.671052347063626f,-0.24756020892396025f,-0.6988581332845198f,1.6396362585452737f,-0.44385655778069444f,-0.6208858417684857f,0.6461363072963102f,4.411014510325466f,0f,0f,0f,1f], start_interpolation: 0, interpolation_duration: 1 }
$data merge entity $(bone_left_thumb) { transformation: [-0.5938687595887425f,0.7437840509509221f,0.3067656792008592f,1.7853744067098263f,-0.671052347063626f,-0.24756020892396025f,-0.6988581332845198f,1.6677097742450087f,-0.44385655778069444f,-0.6208858417684857f,0.6461363072963102f,4.29855346394185f,0f,0f,0f,1f], start_interpolation: 0, interpolation_duration: 1 }
$data merge entity $(bone_left_fingers2) { transformation: [0.8271779967500952f,-0.1459540213551139f,0.5426545727650054f,1.356927847327277f,0.5533608089939225f,0.37966292780822164f,-0.7413824089615835f,1.4670858401960878f,-0.09781807993459674f,0.913538989260097f,0.39481405539766284f,4.938413356618129f,0f,0f,0f,1f], start_interpolation: 0, interpolation_duration: 1 }
$data merge entity $(bone_left_fingers) { transformation: [0.3879360450413213f,0.7450044561040742f,0.5426545727650054f,1.7310522319705064f,-0.19569216533855244f,0.6419164276659601f,-0.7413824089615835f,1.754929730921295f,-0.9006720831594628f,0.18141571122051323f,0.39481405539766284f,4.985288812920074f,0f,0f,0f,1f], start_interpolation: 0, interpolation_duration: 1 }
$data merge entity $(bone_left_hand) { transformation: [-0.7083586350814378f,0.4513912479909108f,0.5426545727650054f,2.109460002256954f,-0.656529437878802f,-0.13900079453320885f,-0.7413824089615835f,1.6762720082495677f,-0.2592241140482623f,-0.881433332905186f,0.39481405539766284f,4.391565880241179f,0f,0f,0f,1f], start_interpolation: 0, interpolation_duration: 1 }
$data merge entity $(bone_left_forearm) { transformation: [-1.0663129138482785f,0.6794924111787846f,0.8168737558082018f,3.0559256649189765f,-0.9882929116142324f,-0.2092419502006799f,-1.1160245638634665f,1.3502722277235397f,-0.39021761958017576f,-1.3268473044943865f,0.5943251130000511f,2.464748909022365f,0f,0f,0f,1f], start_interpolation: 0, interpolation_duration: 1 }
$data merge entity $(bone_left_bicep) { transformation: [-1.1184227265391815f,-0.475319333554847f,1.0080209789255794f,2.1943824204398448f,-1.0365899526039213f,0.9681400926149419f,-0.6936066531374793f,2.6938138784082932f,-0.409287225510041f,-1.1531177087639195f,-0.9978515294440276f,0.6937912778103347f,0f,0f,0f,1f], start_interpolation: 0, interpolation_duration: 1 }
$data merge entity $(bone_left_shoulder) { transformation: [-0.7498731442629634f,-0.17346713089121532f,0.6384351353219424f,1.965437545253021f,-0.5400783201799707f,0.717865989764987f,-0.4392992474502052f,2.7325789754744356f,-0.3821068902607724f,-0.6742236833863859f,-0.6319942635626816f,0.435567525240673f,0f,0f,0f,1f], start_interpolation: 0, interpolation_duration: 1 }
$data merge entity $(bone_left_arm) { transformation: [-1.3853889148181886f,0.12424143339572044f,0.4525569163411621f,1.6172749235094286f,0.14764743597691127f,1.4542920437366536f,0.052735450839770395f,2.7610697438039216f,-0.44547046024387366f,0.09562875798423144f,-1.3899486865701436f,0.3147054066632213f,0f,0f,0f,1f], start_interpolation: 0, interpolation_duration: 1 }
$data merge entity $(bone_chest) { transformation: [-1.9562661104443482f,0.17543759955447105f,0.6390420401202637f,0.2510648283971552f,0.20848851337426696f,2.053562150974931f,0.07446614751525246f,3.7175604357263206f,-0.6290354681331504f,0.13503449928570213f,-1.9627048272943972f,0.19826615320159302f,0f,0f,0f,1f], start_interpolation: 0, interpolation_duration: 1 }
$data merge entity $(bone_left_cheek) { transformation: [-1.1143377669684016f,0.0744149522633966f,-0.21269745500426457f,0.4301685640485056f,0.05587696398876521f,1.1308475604910546f,0.10289806220044859f,-1.286703012977098f,0.21830152858157678f,0.0904027720196984f,-1.112069347121788f,-0.5074581257161308f,0f,0f,0f,1f], start_interpolation: 0, interpolation_duration: 1 }
$data merge entity $(bone_left_foot) { transformation: [-1.0943705722922474f,-0.04794185854702118f,-0.28867937421956014f,0.5590018154745962f,-0.06132518764832234f,1.1302724130696227f,0.04477327343036778f,-7.910278137719272f,0.2861353250834952f,0.05888126062534532f,-1.094504785410522f,-2.7420799803759337f,0f,0f,0f,1f], start_interpolation: 0, interpolation_duration: 1 }
$data merge entity $(bone_left_knee) { transformation: [-3.0088535124122258f,0.056947517791238f,-0.8246943926326924f,0.6942376142146849f,-0.3035751267209179f,2.819313054935503f,1.3022593293520295f,-4.360313682127435f,0.768899215410425f,1.3359619001548795f,-2.713035775299245f,-0.9502569839312146f,0f,0f,0f,1f], start_interpolation: 0, interpolation_duration: 1 }
$data merge entity $(bone_left_leg) { transformation: [-2.2975894238626076f,-0.09384678105433752f,-0.6242291158580111f,0.43949914670170787f,-0.23181288076153195f,2.317054651460817f,0.504883054282155f,-1.1789756875951947f,0.5871388214998006f,0.5475736405945569f,-2.2433941874887466f,-0.3696731488257071f,0f,0f,0f,1f], start_interpolation: 0, interpolation_duration: 1 }
$data merge entity $(bone_right_cheek) { transformation: [-1.1111138601159247f,0.14849984431357882f,-0.18947357988624766f,-1.1249749197407164f,0.15913754521589116f,1.1245040739194958f,-0.051887193206954466f,-1.0303781362448206f,0.18063134539367076f,-0.07723234655944669f,-1.1197919150824285f,-0.1374849042948077f,0f,0f,0f,1f], start_interpolation: 0, interpolation_duration: 1 }
$data merge entity $(bone_right_foot) { transformation: [-1.1139875999859532f,-0.12581294790316538f,0.16273869121217494f,-0.8612750809618193f,-0.14234614852761565f,-0.17547766476947593f,-1.1100568974455347f,-0.5438520444103477f,0.14849361426300528f,-1.1120520867778487f,0.1567512526780662f,7.0798846684266605f,0f,0f,0f,1f], start_interpolation: 0, interpolation_duration: 1 }
$data merge entity $(bone_right_knee) { transformation: [-3.091841460927514f,-0.13313121302659942f,0.3991939137630477f,-1.0792351953975934f,-0.3975821017083087f,-0.045636379244909125f,-3.0945773723512553f,-0.4951944030759694f,0.13787013116914526f,-3.1171712691453544f,0.028256431549677212f,3.107317258014425f,0f,0f,0f,1f], start_interpolation: 0, interpolation_duration: 1 }
$data merge entity $(bone_right_leg) { transformation: [-2.360959817944677f,-0.07470588687781923f,0.3125286171871009f,-1.0767873560875754f,-0.30359750922860046f,-0.2406690581942423f,-2.35101963515036f,-1.0036928952418458f,0.1052789555669734f,-2.3693635860581086f,0.22895175609947246f,-0.09647799190696138f,0f,0f,0f,1f], start_interpolation: 0, interpolation_duration: 1 }
$data merge entity $(bone_weist) { transformation: [-2.0429867383602307f,0.22439559771360187f,-0.3753862863621409f,-0.06919411536687126f,0.23616936481456388f,2.0754009093283066f,-0.044700761292188355f,0.6092789192508767f,0.36809275921306744f,-0.08614373258555216f,-2.054787103163955f,0.06030232315449391f,0f,0f,0f,1f], start_interpolation: 0, interpolation_duration: 1 }
data modify entity @s data merge value {"locators":{"consume":{"posx":-4.805062393134667,"posy":1.8857257545435475,"posz":-1.444209799366563,"roty":345.78578129098406,"rotx":-29.109593891594628}},"cameras":{}}