# This file was generated by Animated Java via MC-Build. It is not recommended to edit this file directly.
$data merge entity $(bone_neck) { transformation: [-0.972101859707932f,0.13658478815913988f,-0.1906897217888345f,0.26709755280988556f,0.1281877845964723f,0.990181367916069f,0.05575617017076009f,4.492974907993722f,0.196432854259741f,0.029756583731759458f,-0.9800656506030533f,0.38422766651974316f,0f,0f,0f,1f], start_interpolation: 0, interpolation_duration: 1 }
$data merge entity $(bone_right_thumb_2) { transformation: [-0.7714678120848729f,0.5395481065056498f,-0.3372317536697091f,-4.04264661010462f,0.598702972595323f,0.4361521490505661f,-0.6718080480941685f,2.3329548882731252f,-0.21538840619333038f,-0.7201799383798057f,-0.6595063993872659f,-1.7431763222704317f,0f,0f,0f,1f], start_interpolation: 0, interpolation_duration: 1 }
$data merge entity $(bone_right_thumb) { transformation: [-0.7714678120848729f,0.5395481065056498f,-0.3372317536697091f,-4.001846937475229f,0.598702972595323f,0.4361521490505661f,-0.6718080480941685f,2.546322973124773f,-0.21538840619333038f,-0.7201799383798057f,-0.6595063993872659f,-1.981386811062801f,0f,0f,0f,1f], start_interpolation: 0, interpolation_duration: 1 }
$data merge entity $(bone_right_fingers2) { transformation: [0.2749844688879477f,-0.9522945637768292f,-0.1323578696999613f,-4.42266938700432f,-0.8573002064621994f,-0.18054480193845096f,-0.4821202448486018f,1.9091738289279745f,0.43522396288610254f,0.24604600849049374f,-0.8660493426102303f,-1.7573633001597446f,0f,0f,0f,1f], start_interpolation: 0, interpolation_duration: 1 }
$data merge entity $(bone_right_fingers) { transformation: [-0.8255300430111422f,-0.5486178473350186f,-0.1323578696999613f,-4.644232521802703f,-0.42998378197757614f,0.7633308697697115f,-0.4821202448486018f,2.2855809106526275f,0.3655326186844096f,-0.341093009078324f,-0.8660493426102303f,-1.9424253306842683f,0f,0f,0f,1f], start_interpolation: 0, interpolation_duration: 1 }
$data merge entity $(bone_right_hand) { transformation: [-0.6184798748527948f,0.7745734559940455f,-0.1323578696999613f,-4.140629990943594f,0.7229506094666445f,0.4948762327884938f,-0.4821202448486018f,2.6655860013323f,-0.3079367803200497f,-0.39386987126525574f,-0.8660493426102303f,-2.264709399027284f,0f,0f,0f,1f], start_interpolation: 0, interpolation_duration: 1 }
$data merge entity $(bone_right_forearm) { transformation: [-0.9310157946122617f,1.1659880150336364f,-0.19924216169721795f,-2.4317503251880677f,1.0882786384895824f,0.7449516271066425f,-0.7257496664110749f,3.7113995887586424f,-0.4635462169051967f,-0.5929038050868346f,-1.3036893352036723f,-3.101788234263158f,0f,0f,0f,1f], start_interpolation: 0, interpolation_duration: 1 }
$data merge entity $(bone_right_bicep) { transformation: [-0.6036150411495806f,0.6024069892362687f,1.3287809674516446f,-1.465318989367071f,1.4066632250620188f,-0.1412497728449151f,0.7030300356128633f,3.4401019520590825f,0.38710671836142796f,1.4526040338079051f,-0.48269459040773594f,-1.0317401024070876f,0f,0f,0f,1f], start_interpolation: 0, interpolation_duration: 1 }
$data merge entity $(bone_right_shoulder) { transformation: [-0.4427478623763418f,0.3093549204679092f,0.8415900804687955f,-1.305066287056918f,0.8929169474623281f,0.06660401433971959f,0.4452675939346947f,3.1498551722254153f,0.08169244332089526f,0.948611321066815f,-0.3057170362412508f,-0.8088882778363746f,0f,0f,0f,1f], start_interpolation: 0, interpolation_duration: 1 }
$data merge entity $(bone_right_arm) { transformation: [-1.3511934224926108f,0.11236525247407132f,0.5488137449542473f,-0.9566347688651566f,0.17977525845011932f,1.4441742064746144f,0.14692807561583757f,3.157944556774822f,-0.5305688768326505f,0.20317739291421838f,-1.3478730487500237f,-0.6749874255067416f,0f,0f,0f,1f], start_interpolation: 0, interpolation_duration: 1 }
$data merge entity $(bone_left_thumb_2) { transformation: [-0.5605261006262043f,0.8134886456878148f,0.15507002887014337f,0.8566330670520421f,-0.66002044600961f,-0.3257368172505616f,-0.6769553432367235f,1.8684548599827677f,-0.500183467705659f,-0.4818005284601493f,0.719503126754473f,4.3808069580829825f,0f,0f,0f,1f], start_interpolation: 0, interpolation_duration: 1 }
$data merge entity $(bone_left_thumb) { transformation: [-0.5605261006262043f,0.8134886456878148f,0.15507002887014337f,1.172522640662271f,-0.66002044600961f,-0.3257368172505616f,-0.6769553432367235f,1.8724926655706866f,-0.500183467705659f,-0.4818005284601493f,0.719503126754473f,4.316524275337108f,0f,0f,0f,1f], start_interpolation: 0, interpolation_duration: 1 }
$data merge entity $(bone_left_fingers2) { transformation: [0.8671939063927163f,-0.2612338148749201f,0.423947665026282f,0.6370883882936451f,0.49789116971515446f,0.43964825003666475f,-0.747538493563625f,1.7343633170472599f,0.008894483403541875f,0.8593406252503105f,0.5113262930452432f,4.888772074706099f,0f,0f,0f,1f], start_interpolation: 0, interpolation_duration: 1 }
$data merge entity $(bone_left_fingers) { transformation: [0.5099133543018912f,0.7485030049527905f,0.423947665026282f,1.0175822884990866f,-0.26958122617144864f,0.6070520267131349f,-0.747538493563625f,2.0022588395331264f,-0.8168930980247613f,0.2668915293525033f,0.5113262930452432f,4.980841884929059f,0f,0f,0f,1f], start_interpolation: 0, interpolation_duration: 1 }
$data merge entity $(bone_left_hand) { transformation: [-0.7012128479085783f,0.5732093153872365f,0.423947665026282f,1.4779616109512925f,-0.6282375624752707f,-0.21564731794241418f,-0.747538493563625f,1.867611597009863f,-0.33707285121034514f,-0.7905234436862318f,0.5113262930452432f,4.459490373684275f,0f,0f,0f,1f], start_interpolation: 0, interpolation_duration: 1 }
$data merge entity $(bone_left_forearm) { transformation: [-1.0555561519981804f,0.8628687010574395f,0.6381807853042925f,2.6898357940959827f,-0.9457043263895974f,-0.32462019741215614f,-1.1252914975673873f,1.3764717678156577f,-0.5074055942184263f,-1.1899979967146592f,0.769714382604552f,2.7260431202367976f,0f,0f,0f,1f], start_interpolation: 0, interpolation_duration: 1 }
$data merge entity $(bone_left_bicep) { transformation: [-1.1071402908105348f,-0.23109535497083472f,1.1016984484963717f,2.1959942439726814f,-0.9919200991417885f,0.9308600533899306f,-0.8015598767190665f,2.670634621553294f,-0.5322020776236726f,-1.2541924317895738f,-0.797913811548119f,0.7857042600997483f,0f,0f,0f,1f], start_interpolation: 0, interpolation_duration: 1 }
$data merge entity $(bone_left_shoulder) { transformation: [-0.715975934190435f,-0.02237744792101326f,0.697766229825345f,2.0120135398412513f,-0.5163163558036653f,0.6897003693440981f,-0.5076719622514503f,2.7085202210233743f,-0.469889223530139f,-0.7237490244215583f,-0.5053627086153925f,0.4936190381591109f,0f,0f,0f,1f], start_interpolation: 0, interpolation_duration: 1 }
$data merge entity $(bone_left_arm) { transformation: [-1.3511934224926108f,0.11236525247407132f,0.5488137449542473f,1.673098763140199f,0.17977525845011932f,1.4441742064746144f,0.14692807561583757f,2.7457140932113195f,-0.5305688768326505f,0.20317739291421838f,-1.3478730487500237f,0.35082556221658395f,0f,0f,0f,1f], start_interpolation: 0, interpolation_duration: 1 }
$data merge entity $(bone_chest) { transformation: [-1.9079796819541457f,0.158667600884764f,0.7749634190922764f,0.3152425377918564f,0.2538552473176791f,2.0392750566182425f,0.2074727261967363f,3.7099291370061924f,-0.7492003883548101f,0.28690069908541377f,-1.90329108183821f,0.2042704938293754f,0f,0f,0f,1f], start_interpolation: 0, interpolation_duration: 1 }
$data merge entity $(bone_left_cheek) { transformation: [-1.109650349840605f,0.027068232811950893f,-0.2459062082356588f,0.47881272555186516f,0.0042075168246612825f,1.1319691222166763f,0.10561559793873039f,-1.383482006184249f,0.24735571406088713f,0.10217469597813049f,-1.1049443124433842f,-0.6394664178963216f,0f,0f,0f,1f], start_interpolation: 0, interpolation_duration: 1 }
$data merge entity $(bone_left_foot) { transformation: [-1.095313998942625f,-0.06065380261487846f,-0.28264732857161573f,0.5492995925805242f,-0.07080697153690399f,1.1301556998245812f,0.03186878309228625f,-8.01032469704986f,0.2802762367773758f,0.048480540244168806f,-1.0965290788280748f,-2.918999088951227f,0f,0f,0f,1f], start_interpolation: 0, interpolation_duration: 1 }
$data merge entity $(bone_left_knee) { transformation: [-3.0146532998912154f,0.05219220230832298f,-0.8035575745713494f,0.6777785964066549f,-0.28553052218942365f,2.8421784970835278f,1.2558093134676258f,-4.429745631847661f,0.7529283648070496f,1.2868025042375388f,-2.7411314293070217f,-1.1886486298747896f,0f,0f,0f,1f], start_interpolation: 0, interpolation_duration: 1 }
$data merge entity $(bone_left_leg) { transformation: [-2.302018197253338f,-0.0574799196316217f,-0.6122047422211605f,0.47328008561488627f,-0.2180338475323249f,2.2944533056476906f,0.6044267015752034f,-1.2705419004397844f,0.574943326675931f,0.6399737924993268f,-2.22199461837091f,-0.481193433828006f,0f,0f,0f,1f], start_interpolation: 0, interpolation_duration: 1 }
$data merge entity $(bone_right_cheek) { transformation: [-1.1182489751100133f,0.09585806672378813f,-0.1812647568810906f,-1.0487115448682263f,0.11424364024132266f,1.125834764327876f,-0.10941172456819251f,-1.153720336893346f,0.1702764567037801f,-0.12583229256654474f,-1.1170043034015726f,-0.24891533769488744f,0f,0f,0f,1f], start_interpolation: 0, interpolation_duration: 1 }
$data merge entity $(bone_right_foot) { transformation: [-1.095433115126f,-0.15370438421982033f,0.24429982594540256f,-0.7230339245693906f,-0.2129096517919048f,-0.2170690890536373f,-1.0912523279018813f,0.16089405109119778f,0.19487668628955568f,-1.1011526348554186f,0.18101686189902885f,6.843281387781406f,0f,0f,0f,1f], start_interpolation: 0, interpolation_duration: 1 }
$data merge entity $(bone_right_knee) { transformation: [-3.05012207987302f,-0.2426776797914263f,0.6119037193708731f,-1.0878039005611757f,-0.6016979537960045f,-0.14858237931447985f,-3.0581769355504487f,0.07479146291408934f,0.2669797566231547f,-3.1073451917136725f,0.09844282231398434f,2.8821331682952156f,0f,0f,0f,1f], start_interpolation: 0, interpolation_duration: 1 }
$data merge entity $(bone_right_leg) { transformation: [-2.3291024981099033f,-0.05405161491202949f,0.4997462798941632f,-1.0430951549640257f,-0.45946233317724566f,-0.7318517395891467f,-2.220512049887618f,-1.085197901481774f,0.20386830487835778f,-2.266904899247031f,0.7049583392515356f,-0.14694367365295663f,0f,0f,0f,1f], start_interpolation: 0, interpolation_duration: 1 }
$data merge entity $(bone_weist) { transformation: [-2.027213773963279f,0.22820253752588152f,-0.45098888888539906f,-0.024870801105290163f,0.24593082458245263f,2.0739920254019863f,-0.05601936689162862f,0.5250054500980368f,0.4415715180483599f,-0.10744180663732636f,-2.0392483698688473f,-0.03755166272496474f,0f,0f,0f,1f], start_interpolation: 0, interpolation_duration: 1 }
data modify entity @s data merge value {"locators":{"consume":{"posx":-4.550948978250399,"posy":2.1285287514309594,"posz":-1.8764172967967192,"roty":351.3107507522578,"rotx":-28.823970344353185}},"cameras":{}}