# This file was generated by Animated Java via MC-Build. It is not recommended to edit this file directly.
$data merge entity $(bone_neck) { transformation: [-1f,-1.7308324832789157e-17f,1.2123538970985835e-16f,-2.1681606174654424e-17f,0f,0.9899620837148079f,0.14133319782356749f,4.49098125f,-1.2246467991473532e-16f,0.14133319782356749f,-0.9899620837148079f,0.17704375f,0f,0f,0f,1f], start_interpolation: 0, interpolation_duration: 1 }
$data merge entity $(bone_right_thumb_2) { transformation: [-0.9786168799525906f,0.12663968219096491f,-0.16208452475923787f,-3.959644051096534f,0.19715846839764045f,0.35290566191818146f,-0.9146508252470921f,0.3461315398716982f,-0.05863054332814282f,-0.9270490735018623f,-0.37032752356310905f,1.3757509790236424f,0f,0f,0f,1f], start_interpolation: 0, interpolation_duration: 1 }
$data merge entity $(bone_right_thumb) { transformation: [-0.9786168799525906f,0.10439998631962463f,-0.17722766468110668f,-4.0741406228478265f,0.19715846839764045f,0.2305006156280735f,-0.9528892929056215f,0.4412955506252707f,-0.05863054332814282f,-0.9674554816897473f,-0.24615513469660832f,1.0897979479064324f,0f,0f,0f,1f], start_interpolation: 0, interpolation_duration: 1 }
$data merge entity $(bone_right_fingers2) { transformation: [0.9610596463489751f,-0.24340743410604038f,-0.13083263041571944f,-3.9274315397471047f,-0.2436908266726948f,-0.5232591642220618f,-0.816587183375546f,-0.10242893775872315f,0.1303040181850171f,0.8166717015297779f,-0.5621994261516954f,1.5450418548697797f,0f,0f,0f,1f], start_interpolation: 0, interpolation_duration: 1 }
$data merge entity $(bone_right_fingers) { transformation: [-0.07282327203071245f,-0.988726248194739f,-0.13083263041571944f,-4.391780644316873f,-0.5576261497264359f,0.14912561513054187f,-0.816587183375546f,-0.012697661515309822f,0.8268916786327041f,0.013489145365548766f,-0.5621994261516954f,1.508317528259236f,0f,0f,0f,1f], start_interpolation: 0, interpolation_duration: 1 }
$data merge entity $(bone_right_hand) { transformation: [-0.9786168799525906f,0.15871932803020672f,-0.13083263041571944f,-4.3448627179397326f,0.19715846839764045f,0.5425070601253854f,-0.816587183375546f,0.3582453595953261f,-0.05863054332814282f,-0.8249207626334488f,-0.5621994261516954f,0.9065813884008476f,0f,0f,0f,1f], start_interpolation: 0, interpolation_duration: 1 }
$data merge entity $(bone_right_forearm) { transformation: [-1.4731405323849662f,0.23892483379760435f,-0.1969461745165029f,-3.9574391950618777f,0.2967883929342964f,0.8166517007293295f,-1.229232504261391f,1.5319254800471127f,-0.08825826692936711f,-1.2417772841810404f,-0.8462951936694096f,-0.8786566172598307f,0f,0f,0f,1f], start_interpolation: 0, interpolation_duration: 1 }
$data merge entity $(bone_right_bicep) { transformation: [-0.9943309280863584f,1.2170695909574563f,0.15149842989950474f,-2.1154606329630896f,1.218126190993832f,0.957308331958575f,0.30435751743959455f,2.856462639298899f,0.14275414638539838f,0.30855554827904896f,-1.5418556629465792f,-0.497333272490571f,0f,0f,0f,1f], start_interpolation: 0, interpolation_duration: 1 }
$data merge entity $(bone_right_shoulder) { transformation: [-0.9931084661720804f,0.06729585867450219f,0.09595228930358696f,-1.795433125f,0.08486749942890473f,0.9775677157046058f,0.1927663579382149f,3.054166025734115f,-0.08082748269012636f,0.1995811329192731f,-0.9765420059703712f,-0.36286088627318525f,0f,0f,0f,1f], start_interpolation: 0, interpolation_duration: 1 }
$data merge entity $(bone_right_arm) { transformation: [-1.46271875f,-3.590451191066137e-17f,1.7549620676154492e-16f,-1.4259925f,0f,1.4330352791003271f,0.2931825889363324f,3.1693024273165116f,-1.7913138352403177e-16f,0.2931825889363324f,-1.4330352791003271f,-0.3476311326089658f,0f,0f,0f,1f], start_interpolation: 0, interpolation_duration: 1 }
$data merge entity $(bone_left_thumb_2) { transformation: [-0.7792151932020313f,-0.48247867536192124f,0.40004751030862157f,4.218868524602665f,-0.5897825052743559f,0.34846987160730636f,-0.7285089876276692f,-0.5168195034914451f,0.21208554678578423f,-0.8036062944022984f,-0.5560905002259809f,0.3895003529555927f,0f,0f,0f,1f], start_interpolation: 0, interpolation_duration: 1 }
$data merge entity $(bone_left_thumb) { transformation: [-0.7792151932020313f,-0.4457762604425751f,0.4405759960653262f,4.206089888448116f,-0.5897825052743559f,0.28365009662487584f,-0.756107941471985f,-0.3484793404144832f,0.21208554678578423f,-0.8490148104188362f,-0.48393550451898326f,0.11484950943990935f,0f,0f,0f,1f], start_interpolation: 0, interpolation_duration: 1 }
$data merge entity $(bone_left_fingers2) { transformation: [0.34006599845798197f,0.9164466741485242f,0.21090426770192316f,4.447706806972099f,0.8072348521025959f,-0.1694258889022725f,-0.5653908044181252f,-1.0136723943899337f,-0.4824178792744684f,0.3625194637695798f,-0.7974036795403825f,0.43863259669007304f,0f,0f,0f,1f], start_interpolation: 0, interpolation_duration: 1 }
$data merge entity $(bone_left_fingers) { transformation: [-0.6236331017973904f,0.7527291307021943f,0.21090426770192316f,4.775654656937938f,0.550344549899426f,0.614372944289886f,-0.5653908044181252f,-0.7026426442872218f,-0.5551600046280027f,-0.2365264068067141f,-0.7974036795403825f,0.2946493640904284f,0f,0f,0f,1f], start_interpolation: 0, interpolation_duration: 1 }
$data merge entity $(bone_left_hand) { transformation: [-0.7792151932020313f,-0.590205957736989f,0.21090426770192316f,4.414387672843004f,-0.5897825052743559f,0.576619315278052f,-0.5653908044181252f,-0.27576157772663645f,0.21208554678578423f,-0.5649487522776151f,-0.7974036795403825f,-0.14025881007158758f,0f,0f,0f,1f], start_interpolation: 0, interpolation_duration: 1 }
$data merge entity $(bone_left_forearm) { transformation: [-1.1729753574368196f,-0.8884542425219238f,0.31748034554617965f,3.0984016778658092f,-0.8878168071792254f,0.8680018733514142f,-0.8510992684557329f,0.9536965452866304f,0.319258559405089f,-0.8504338344754356f,-1.200355016419458f,-1.3532346271671727f,0f,0f,0f,1f], start_interpolation: 0, interpolation_duration: 1 }
$data merge entity $(bone_left_bicep) { transformation: [-1.4543958932577445f,-0.5906562882278531f,-0.16959331619007564f,2.0390779213399f,-0.6109528551204393f,1.3429040366813285f,0.5623606628575835f,2.895105587791178f,-0.06613132797422874f,0.5836420611010936f,-1.465569087425931f,-0.46305713401095955f,0f,0f,0f,1f], start_interpolation: 0, interpolation_duration: 1 }
$data merge entity $(bone_left_shoulder) { transformation: [-0.9940563382223196f,0.01773392111600017f,-0.10741277615760975f,1.795433125f,-0.021820922319144866f,0.9341648517482938f,0.3561739422069362f,3.1153976910448735f,0.10665760070981879f,0.356400810605054f,-0.928225521309819f,-0.3503335895467835f,0f,0f,0f,1f], start_interpolation: 0, interpolation_duration: 1 }
$data merge entity $(bone_left_arm) { transformation: [-1.46271875f,-3.590451191066137e-17f,1.7549620676154492e-16f,1.4259925f,0f,1.4330352791003271f,0.2931825889363324f,3.1080707620057537f,-1.7913138352403177e-16f,0.2931825889363324f,-1.4330352791003271f,-0.36015842933536674f,0f,0f,0f,1f], start_interpolation: 0, interpolation_duration: 1 }
$data merge entity $(bone_chest) { transformation: [-2.06546125f,-5.0699683757820506e-17f,2.478129268445892e-16f,-9.503475214437105e-18f,0f,2.0235461115574407f,0.4139943352901392f,3.8629707357512952f,-2.529460508575391e-16f,0.4139943352901392f,-2.0235461115574407f,0.077601764207066f,0f,0f,0f,1f], start_interpolation: 0, interpolation_duration: 1 }
$data merge entity $(bone_left_cheek) { transformation: [-1.1356877939688668f,-0.025766320005464825f,0.04556075900688349f,0.8333543177440534f,-0.026041932575681728f,1.136577198547222f,-0.006367171118360455f,-1.4977542408384932f,-0.04540378569713087f,-0.007404044415237369f,-1.1359622034858576f,-1.1709612585469569f,0f,0f,0f,1f], start_interpolation: 0, interpolation_duration: 1 }
$data merge entity $(bone_left_foot) { transformation: [-0.6900904698172731f,0.06445337513539083f,-0.8960480223185766f,2.3298741012330466f,0.10658604848192824f,1.127794146635944f,-0.0009640968371325295f,-6.9097465834758705f,0.8920177745630318f,-0.08489568685958035f,-0.6930931860985629f,-0.6969662478744008f,0f,0f,0f,1f], start_interpolation: 0, interpolation_duration: 1 }
$data merge entity $(bone_left_knee) { transformation: [-1.7583275152378588f,0.5564747184498595f,-2.516979053758967f,3.148873917238718f,-0.28961314554594375f,2.9848355482232636f,0.8622321590891229f,-3.133154567080891f,2.561439418620362f,0.7194831186113101f,-1.630317596957385f,0.2505347024675122f,0f,0f,0f,1f], start_interpolation: 0, interpolation_duration: 1 }
$data merge entity $(bone_left_leg) { transformation: [-1.3120786303840697f,-1.6482071023525877f,-1.1132157847822657f,0.7753200000000001f,-0.12612065991399113f,1.3998908969731636f,-1.9240024490002539f,-1.392307632273605f,1.9849255942923323f,-1.0005524435883422f,-0.8581092942027108f,-1.11276073998211f,0f,0f,0f,1f], start_interpolation: 0, interpolation_duration: 1 }
$data merge entity $(bone_right_cheek) { transformation: [-1.1356489346826077f,-0.008059114140611626f,-0.052564238901603486f,-0.7209243108520722f,-0.009397868710390311f,1.1364897661819384f,0.028794839905849627f,-1.5122303894991325f,0.052341461536133234f,0.029197832466980014f,-1.1353124280836844f,-1.2120713482895458f,0f,0f,0f,1f], start_interpolation: 0, interpolation_duration: 1 }
$data merge entity $(bone_right_foot) { transformation: [-1.1211569834038952f,-0.15965411572729257f,-0.02826188769375408f,0.34423721166047294f,-0.12460696702368121f,0.9747922611770166f,-0.5635018222850384f,-5.735165858567135f,0.1037365641123578f,-0.5545915283167749f,-0.9823177257819528f,4.070477260261766f,0f,0f,0f,1f], start_interpolation: 0, interpolation_duration: 1 }
$data merge entity $(bone_right_knee) { transformation: [-3.0751887818740835f,-0.5259784030738663f,-0.05589271431438917f,-0.35790171445391283f,-0.3915156979861607f,2.4851853137070723f,-1.8458420124547135f,-2.5055892403160307f,0.35565817050079696f,-1.8121158892886302f,-2.515215018586181f,1.8550762123485107f,0f,0f,0f,1f], start_interpolation: 0, interpolation_duration: 1 }
$data merge entity $(bone_right_leg) { transformation: [-2.359291904363337f,-0.325761435213205f,0.07076415319845805f,-0.7162922222222221f,-0.19560920349096708f,0.9432755305565078f,-2.179301420411462f,-1.3952037473057874f,0.2699353951590851f,-2.1636767616318338f,-0.9607414437085229f,-1.1717176380359309f,0f,0f,0f,1f], start_interpolation: 0, interpolation_duration: 1 }
$data merge entity $(bone_weist) { transformation: [-2.0892733333333333f,-6.976693993503998e-18f,2.557670542178828e-16f,8.532042319887044e-17f,0f,2.0884964905469707f,0.05696902975095711f,0.3009938030947672f,-2.5586219002105877e-16f,0.05696902975095711f,-2.0884964905469707f,-0.6966941264883381f,0f,0f,0f,1f], start_interpolation: 0, interpolation_duration: 1 }
data modify entity @s data merge value {"locators":{"consume":{"posx":-4.210121491650256,"posy":-0.07260249228933774,"posz":1.5420165527843444,"roty":346.89954312205225,"rotx":-54.7446026297702}},"cameras":{}}