# This file was generated by Animated Java via MC-Build. It is not recommended to edit this file directly.
$data merge entity $(bone_neck) { transformation: [-1f,-2.1265768495757713e-17f,1.2060416625018976e-16f,-2.024647320690362e-17f,0f,0.984807753012208f,0.17364817766693033f,4.5105125f,-1.2246467991473532e-16f,0.17364817766693033f,-0.984807753012208f,0.165325f,0f,0f,0f,1f], start_interpolation: 0, interpolation_duration: 1 }
$data merge entity $(bone_right_thumb_2) { transformation: [-0.8754304987534426f,0.4263571660345595f,-0.22768620692364702f,-4.213884405003046f,0.4731468845254395f,0.8521753010330058f,-0.22344861148187173f,-0.9797043123600542f,0.09875964518045394f,-0.3033427488506772f,-0.9477498136130366f,-0.9656259189333976f,0f,0f,0f,1f], start_interpolation: 0, interpolation_duration: 1 }
$data merge entity $(bone_right_thumb) { transformation: [-0.8754304987534426f,0.3929906077640941f,-0.2813890972683673f,-4.230434748479547f,0.4731468845254395f,0.8157189267852673f,-0.33276817478262916f,-0.6760705731068041f,0.09875964518045394f,-0.4244537839311835f,-0.9000475086295895f,-1.0727119983673008f,0f,0f,0f,1f], start_interpolation: 0, interpolation_duration: 1 }
$data merge entity $(bone_right_fingers2) { transformation: [0.8315255114339576f,-0.5400584224402296f,-0.13000855427957586f,-4.310794388947863f,-0.5480729714381247f,-0.835751053140628f,-0.03370749402307427f,-1.38282397186387f,-0.090450770109931f,0.09928281586307566f,-0.9909397462312322f,-1.2085385447015207f,0f,0f,0f,1f], start_interpolation: 0, interpolation_duration: 1 }
$data merge entity $(bone_right_fingers) { transformation: [-0.3874608317546112f,-0.9126729313780262f,-0.13000855427957586f,-4.724581258399425f,-0.9182259894397385f,0.39461986412761557f,-0.03370749402307427f,-1.1540588422103057f,0.08206787540468037f,0.10631689971844946f,-0.9909397462312322f,-1.170231741910379f,0f,0f,0f,1f], start_interpolation: 0, interpolation_duration: 1 }
$data merge entity $(bone_right_hand) { transformation: [-0.8754304987534426f,0.46553111353209603f,-0.13000855427957586f,-4.454866101609172f,0.4731468845254395f,0.8803384749688923f,-0.03370749402307427f,-0.504772307369777f,0.09875964518045394f,-0.09102171072338633f,-0.9909397462312322f,-1.2572209861321713f,0f,0f,0f,1f], start_interpolation: 0, interpolation_duration: 1 }
$data merge entity $(bone_right_forearm) { transformation: [-1.317811063163104f,0.7007775631906754f,-0.19570566867321199f,-3.405833081499984f,0.7122418053936093f,1.3251991829095267f,-0.050740873888176025f,1.3861611122478656f,0.14866577437978837f,-0.13701763595180952f,-1.4916905024111387f,-1.4536828739675767f,0f,0f,0f,1f], start_interpolation: 0, interpolation_duration: 1 }
$data merge entity $(bone_right_bicep) { transformation: [-1.3673617376583351f,0.7774532059646809f,-0.13708591819607757f,-2.1899697899943744f,0.582041160100326f,1.1780369941238011f,0.8754205197899295f,3.095229177214567f,0.5333424081971063f,0.7076012373190449f,-1.3068092908330242f,-0.5084559126421767f,0f,0f,0f,1f], start_interpolation: 0, interpolation_duration: 1 }
$data merge entity $(bone_right_shoulder) { transformation: [-0.8660254044974551f,0.4924038815993571f,-0.08682405283621286f,-1.795433125f,0.36863868369849306f,0.7461156300133012f,0.5544519704454995f,3.1258866280803748f,0.33779508528997504f,0.4481627874285649f,-0.8276742090449583f,-0.453793327654427f,0f,0f,0f,1f], start_interpolation: 0, interpolation_duration: 1 }
$data merge entity $(bone_right_arm) { transformation: [-1.46271875f,-4.636261363158332e-17f,1.7302762964475437e-16f,-1.4259925f,0f,1.4128778172222631f,0.37857947012855275f,3.119161976182916f,-1.7913138352403177e-16f,0.37857947012855275f,-1.4128778172222631f,-0.4640398110938139f,0f,0f,0f,1f], start_interpolation: 0, interpolation_duration: 1 }
$data merge entity $(bone_left_thumb_2) { transformation: [-0.5776161830632179f,0.2989575689196464f,0.7595945741309202f,3.573496582951885f,-0.8064924516931166f,-0.0651260474030139f,-0.5876465972943998f,1.1257207483837222f,-0.12621200586911374f,-0.9520414749029137f,0.27872488162914255f,1.554304492877263f,0f,0f,0f,1f], start_interpolation: 0, interpolation_duration: 1 }
$data merge entity $(bone_left_thumb) { transformation: [-0.5776161830632179f,0.3640229744076208f,0.7306482184792541f,3.7630784633134065f,-0.8064924516931166f,-0.11609499879088153f,-0.5797343155427073f,1.2114637156732166f,-0.12621200586911374f,-0.9241261955810872f,0.3606401311769406f,1.3080492511267423f,0f,0f,0f,1f], start_interpolation: 0, interpolation_duration: 1 }
$data merge entity $(bone_left_fingers2) { transformation: [0.49851053544351626f,0.29253075822288416f,0.8160349266700314f,3.728369115647736f,0.7552971450759952f,0.31543164717836314f,-0.5744815911745089f,0.7953863478780332f,-0.42545677652597086f,0.9027339760150215f,-0.06370164720194454f,1.964837578639278f,0f,0f,0f,1f], start_interpolation: 0, interpolation_duration: 1 }
$data merge entity $(bone_left_fingers) { transformation: [-0.004083800287583091f,0.5779881668597099f,0.8160349266700314f,4.00761955758644f,0.10447675292396522f,0.8118223386308541f,-0.5744815911745089f,1.1787662048083192f,-0.9945189443513262f,0.08291061132378129f,-0.06370164720194454f,1.9571210384062794f,0f,0f,0f,1f], start_interpolation: 0, interpolation_duration: 1 }
$data merge entity $(bone_left_hand) { transformation: [-0.5776161830632179f,0.021131576328228707f,0.8160349266700314f,4.082488844361969f,-0.8064924516931166f,0.13978850726590672f,-0.5744815911745089f,1.3109291666830745f,-0.12621200586911374f,-0.9899558726116301f,-0.06370164720194454f,1.2651572097677397f,0f,0f,0f,1f], start_interpolation: 0, interpolation_duration: 1 }
$data merge entity $(bone_left_forearm) { transformation: [-0.8695024875037348f,0.031809978184525585f,1.228401176135093f,4.099046972842002f,-1.2140366102301563f,0.21042771715216468f,-0.8647838949080644f,1.5827867699193967f,-0.18999061361828148f,-1.4902094487552384f,-0.0958919474977972f,-0.8890284878966856f,0f,0f,0f,1f], start_interpolation: 0, interpolation_duration: 1 }
$data merge entity $(bone_left_bicep) { transformation: [-0.9056160115117579f,-1.2933537017142602f,1.8677012988899726e-16f,2.044845625f,-1.249283743012372f,0.8747578942201051f,0.40864766485206927f,2.745863551407372f,-0.3347445700574954f,0.23439067132902644f,-1.525093847622301f,-0.5556202041541481f,0f,0f,0f,1f], start_interpolation: 0, interpolation_duration: 1 }
$data merge entity $(bone_left_shoulder) { transformation: [-1f,-3.169619151431765e-17f,1.1829179713786698e-16f,1.795433125f,0f,0.9659258262890682f,0.25881904510252074f,2.9792728865900697f,-1.2246467991473532e-16f,0.25881904510252074f,-0.9659258262890682f,-0.49307836128605914f,0f,0f,0f,1f], start_interpolation: 0, interpolation_duration: 1 }
$data merge entity $(bone_left_arm) { transformation: [-1.46271875f,-4.636261363158332e-17f,1.7302762964475437e-16f,1.4259925f,0f,1.4128778172222631f,0.37857947012855275f,3.0587916120398493f,-1.7913138352403177e-16f,0.37857947012855275f,-1.4128778172222631f,-0.4802160014127211f,0f,0f,0f,1f], start_interpolation: 0, interpolation_duration: 1 }
$data merge entity $(bone_chest) { transformation: [-2.06546125f,-6.546725534540192e-17f,2.4432712318112513e-16f,-2.4739759109213954e-19f,0f,1.9950823645743014f,0.5345807084212588f,3.7860853953275786f,-2.529460508575391e-16f,0.5345807084212588f,-1.9950823645743014f,0.0020201546377647817f,0f,0f,0f,1f], start_interpolation: 0, interpolation_duration: 1 }
$data merge entity $(bone_left_cheek) { transformation: [-1.1258385723078521f,0.004915850224307607f,0.15808160834887708f,0.709134969475796f,0.0246033618388974f,1.1279539553515114f,0.14014635411198756f,-1.4706997872712015f,-0.15623263125166867f,0.14220464268521793f,-1.1170925010529467f,-1.57059852031103f,0f,0f,0f,1f], start_interpolation: 0, interpolation_duration: 1 }
$data merge entity $(bone_left_foot) { transformation: [-1.1244888217027602f,-0.017772655767183378f,-0.13597858277140307f,0.8161413940646776f,-0.014159954139025627f,1.1323100153698502f,-0.030897850927065394f,-6.624452188365478f,0.1364021186210786f,-0.028970919904477716f,-1.1242047412440361f,0.01602862104509928f,0f,0f,0f,1f], start_interpolation: 0, interpolation_duration: 1 }
$data merge entity $(bone_left_knee) { transformation: [-3.096585797836881f,0.20910476161332128f,-0.32248242662715204f,1.1282312432676285f,0.09708013780191384f,2.9587645537188374f,0.9863321360875904f,-2.8897922634044004f,0.37188057714414413f,0.9687883331798457f,-2.9427397645757485f,1.3524721023523556f,0f,0f,0f,1f], start_interpolation: 0, interpolation_duration: 1 }
$data merge entity $(bone_left_leg) { transformation: [-2.3553672125273684f,-0.1835625139009649f,-0.3097361226687266f,0.7753200000000001f,0.17261178276738454f,1.2231649394278719f,-2.0375129622774724f,-1.3883638790465234f,0.3159696736165729f,-2.0365555976916547f,-1.1958222405148131f,-1.5013055997279743f,0f,0f,0f,1f], start_interpolation: 0, interpolation_duration: 1 }
$data merge entity $(bone_right_cheek) { transformation: [-1.1240884317431432f,-0.009837497772799651f,-0.16986722060653522f,-0.6709053653173063f,-0.02770238499265119f,1.1304290038461557f,0.11785285956176465f,-1.451675466181188f,0.1678815858417418f,0.12066458585159215f,-1.1179366181650476f,-1.573763624735854f,0f,0f,0f,1f], start_interpolation: 0, interpolation_duration: 1 }
$data merge entity $(bone_right_foot) { transformation: [-0.9725657909585755f,-0.5258073652926741f,0.24682696218423353f,-0.7068657876154032f,0.21787705058112244f,0.11599790946388121f,1.1056017493790793f,-5.496871569010214f,-0.5384482570193646f,0.9966705834948605f,0.0015410739186435935f,-4.194073491556385f,0f,0f,0f,1f], start_interpolation: 0, interpolation_duration: 1 }
$data merge entity $(bone_right_knee) { transformation: [-2.839159792964335f,-0.8910540048402164f,0.9390195688326749f,-1.9074773474353033f,0.6281586724607783f,1.0307948600736174f,2.8774019459984905f,-4.279538334139752f,-1.1318797075682572f,2.8071423257615207f,-0.7585272643031186f,-0.6013311287475668f,0f,0f,0f,1f], start_interpolation: 0, interpolation_duration: 1 }
$data merge entity $(bone_right_leg) { transformation: [-2.179626565410594f,0.7571365277959134f,0.5944398049239373f,-0.7579588888888887f,0.5508328253380111f,2.1877088369877034f,-0.7667461190906006f,-1.3881744278665613f,-0.789428655377422f,-0.5639686967266015f,-2.17626470706712f,-1.5186657388178544f,0f,0f,0f,1f], start_interpolation: 0, interpolation_duration: 1 }
$data merge entity $(bone_weist) { transformation: [-2.0892733333333333f,-2.229985921232783e-17f,2.5488855714112144e-16f,1.20561299037938e-16f,0f,2.081323017531135f,0.1820921691695422f,0.27694373296382224f,-2.5586219002105877e-16f,0.1820921691695422f,-2.081323017531135f,-0.9844577156603641f,0f,0f,0f,1f], start_interpolation: 0, interpolation_duration: 1 }
data modify entity @s data merge value {"locators":{"consume":{"posx":-4.572337337336684,"posy":-1.2726044559589138,"posz":-1.1924350459881565,"roty":352.5256417549332,"rotx":-1.9316630543429527}},"cameras":{}}