# This file was generated by Animated Java via MC-Build. It is not recommended to edit this file directly.
$data merge entity $(bone_right_thumb_2) { transformation: [-0.15824985136757155f,-0.7485796981044794f,-0.6438830795477917f,-0.7484863161964017f,0.47547645131394817f,0.5137417215590134f,-0.7141369530947655f,-0.6744822892015123f,0.8653780265225341f,-0.4191633084078174f,0.27463246730235036f,0.6615111837312886f,0f,0f,0f,1f], start_interpolation: 0, interpolation_duration: 1 }
$data merge entity $(bone_right_thumb) { transformation: [-0.15824985136757155f,-0.7485796981044794f,-0.6438830795477917f,-0.9853533625516874f,0.47547645131394817f,0.5137417215590134f,-0.7141369530947655f,-0.38303833296353407f,0.8653780265225341f,-0.4191633084078174f,0.27463246730235036f,0.7103126447773639f,0f,0f,0f,1f], start_interpolation: 0, interpolation_duration: 1 }
$data merge entity $(bone_right_fingers_2) { transformation: [0.1370217411153092f,0.48965668429460574f,-0.8610815141363457f,-0.7639976705381214f,-0.4433122364976574f,-0.7470565682768836f,-0.49535920781369397f,-1.1770228980270345f,-0.8858325481902172f,0.44960295297070496f,0.1147078081337427f,0.8409018742230048f,0f,0f,0f,1f], start_interpolation: 0, interpolation_duration: 1 }
$data merge entity $(bone_right_fingers) { transformation: [0.46758267736208214f,-0.1997625236213365f,-0.8610815141363457f,-0.8374018624246957f,-0.6828015375790755f,0.5370300880898942f,-0.49535920781369397f,-0.9765288049835392f,0.5613808868411505f,0.8195691664787024f,0.1147078081337427f,1.2292982975576698f,0f,0f,0f,1f], start_interpolation: 0, interpolation_duration: 1 }
$data merge entity $(bone_right_hand) { transformation: [-0.11553280219102666f,-0.49516744403337665f,-0.8610815141363457f,-1.2183780089926965f,0.4103041516429722f,0.7656825441256514f,-0.49535920781369397f,-0.37948450515603493f,0.9046008372549903f,-0.41053555752300225f,0.1147078081337427f,0.872690047344427f,0f,0f,0f,1f], start_interpolation: 0, interpolation_duration: 1 }
$data merge entity $(bone_right_forearm) { transformation: [-1.2561344980903606f,-1.004381988424067f,-0.8603322065749377f,-2.673679542848509f,0.3896583410652561f,0.8528053436702498f,-1.5645184513706591f,0.7936992934965024f,1.2637725513632014f,-1.2612566863134123f,-0.37274531691781065f,-1.0553719573850455f,0f,0f,0f,1f], start_interpolation: 0, interpolation_duration: 1 }
$data merge entity $(bone_right_bicep) { transformation: [-1.1803037177699738f,0.24081986718269943f,-1.0290886654083755f,-2.281086659389529f,0.05511547508489017f,1.5545895751029393f,0.30057959556652514f,3.215532974507002f,1.055452497324276f,0.1881265543055419f,-1.166517458652282f,-0.749916710164255f,0f,0f,0f,1f], start_interpolation: 0, interpolation_duration: 1 }
$data merge entity $(bone_right_shoulder) { transformation: [-1.0125779682791791f,0.03302254151531225f,0.0028893899562660525f,-1.827643125f,0.033130920622187705f,1.0052902432179762f,0.1212717925005981f,3.4182636743205568f,0.0010857813666615504f,0.12130134916583286f,-1.0058318857722757f,-0.7034218914971019f,0f,0f,0f,1f], start_interpolation: 0, interpolation_duration: 1 }
$data merge entity $(bone_right_arm) { transformation: [-1.3293824999999997f,-4.7259042821477616e-17f,1.5579218555970967e-16f,-1.74976375f,0f,1.2721397358665227f,0.38589936996023017f,3.568141335905021f,-1.628024023467506e-16f,0.38589936996023017f,-1.2721397358665227f,-0.6518849128797632f,0f,0f,0f,1f], start_interpolation: 0, interpolation_duration: 1 }
$data merge entity $(bone_left_thumb_2) { transformation: [-0.9396931690939239f,-0.13191055603362584f,0.3155572106054899f,2.4108043294520067f,-0.2957710805150321f,0.7767158260634682f,-0.5560863183656963f,-2.2633380089787845f,-0.171744624047416f,-0.615883211939929f,-0.7688898837683897f,0.05653635642244323f,0f,0f,0f,1f], start_interpolation: 0, interpolation_duration: 1 }
$data merge entity $(bone_left_thumb) { transformation: [-0.9396931690939239f,-0.13191055603362584f,0.3155572106054899f,2.5621678876209835f,-0.2957710805150321f,0.7767158260634682f,-0.5560863183656963f,-1.9371700446006543f,-0.171744624047416f,-0.615883211939929f,-0.7688898837683897f,-0.06233623145553163f,0f,0f,0f,1f], start_interpolation: 0, interpolation_duration: 1 }
$data merge entity $(bone_left_fingers_2) { transformation: [0.9489133532176588f,0.19067275759276625f,0.2514107149609743f,2.5088429578797613f,0.2553568195423206f,-0.9320925060673343f,-0.25689775173470564f,-2.7698047995341515f,0.18535464061751664f,0.30797314760395234f,-0.9331646143936583f,-0.08075349341317523f,0f,0f,0f,1f], start_interpolation: 0, interpolation_duration: 1 }
$data merge entity $(bone_left_fingers) { transformation: [-0.31289957246158373f,0.9159074789279588f,0.2514107149609743f,2.9292117844950742f,0.8907875721532141f,0.3748346921658073f,-0.25689775173470564f,-2.648506818515094f,-0.3295320300831771f,0.14357034370925859f,-0.9331646143936583f,-0.009939033012911686f,0f,0f,0f,1f], start_interpolation: 0, interpolation_duration: 1 }
$data merge entity $(bone_left_hand) { transformation: [-0.9563272268408352f,-0.14910026024702022f,0.2514107149609743f,2.7767963605256396f,-0.21445647235007637f,0.9423438685643444f,-0.25689775173470564f,-1.9069835374202655f,-0.1986118240943332f,-0.2995949695396374f,-0.9331646143936583f,-0.24591980863043128f,0f,0f,0f,1f], start_interpolation: 0, interpolation_duration: 1 }
$data merge entity $(bone_left_forearm) { transformation: [-1.7648764327699977f,-0.041949128657584434f,0.4585629829057541f,2.653392702379551f,-0.16346546589678548f,1.7551491993968125f,-0.4685711162133038f,0.6484518859406623f,-0.43048667824417086f,-0.49448975732071915f,-1.7020545412508676f,-1.062134981323044f,0f,0f,0f,1f], start_interpolation: 0, interpolation_duration: 1 }
$data merge entity $(bone_left_bicep) { transformation: [-1.5545531558045744f,-0.202385443587393f,0.22921425323369288f,2.329973784927059f,-0.17428934938502308f,1.5623038787465389f,0.1973939437469435f,3.0832981073962635f,-0.2512414463270156f,0.1684674406553395f,-1.555194847268359f,-0.7799390558183364f,0f,0f,0f,1f], start_interpolation: 0, interpolation_duration: 1 }
$data merge entity $(bone_left_shoulder) { transformation: [-1.0121561474245557f,-0.04135931613866692f,0.015566594555757422f,1.874518125f,-0.03941880523803271f,1.0062937855523593f,0.11059816281995202f,3.2836939396082148f,-0.01997672873940013f,0.10988722762033988f,-1.0069452349465824f,-0.7442431742360102f,0f,0f,0f,1f], start_interpolation: 0, interpolation_duration: 1 }
$data merge entity $(bone_left_arm) { transformation: [-1.3293824999999997f,-4.7259042821477616e-17f,1.5579218555970967e-16f,1.749763125f,0f,1.2721397358665227f,0.38589936996023017f,3.568141335905021f,-1.628024023467506e-16f,0.38589936996023017f,-1.2721397358665227f,-0.6518849128797628f,0f,0f,0f,1f], start_interpolation: 0, interpolation_duration: 1 }
$data merge entity $(bone_chest) { transformation: [-2.632522916666667f,-9.358518955023945e-17f,3.085090248468906e-16f,9.27373081559726e-17f,0f,2.5191673636977336f,0.7641810652295592f,4.260478327813409f,-3.2239107635778877e-16f,0.7641810652295592f,-2.5191673636977336f,-0.3444416907040155f,0f,0f,0f,1f], start_interpolation: 0, interpolation_duration: 1 }
$data merge entity $(bone_weist) { transformation: [-1.9493945833333333f,-7.811091546083486e-18f,2.3860416358158353e-16f,1.6696164837633489e-16f,0f,1.9483508530599114f,0.06378240282440516f,0.5493451525865019f,-2.387319836754355e-16f,0.06378240282440516f,-1.9483508530599114f,-0.9505294236898866f,0f,0f,0f,1f], start_interpolation: 0, interpolation_duration: 1 }
$data merge entity $(bone_right_foot) { transformation: [-1.1460682169141252f,0.027663831616779436f,0.2671202902740996f,-1.8629657142360783f,0.03860215402398545f,1.1756600537004687f,0.04386578067561336f,-5.291803564899105f,-0.26576006238814226f,0.05146887826493771f,-1.1455624988127715f,0.8017683293723517f,0f,0f,0f,1f], start_interpolation: 0, interpolation_duration: 1 }
$data merge entity $(bone_right_knee) { transformation: [-2.8251514856597995f,0.15646084904519797f,0.6564813587028264f,-1.709633319011934f,0.3382477516285586f,2.773264871443331f,0.7946817601220305f,-1.8154603941541834f,-0.5839830734931264f,0.8493825075126512f,-2.7155923505451f,1.7498693740467124f,0f,0f,0f,1f], start_interpolation: 0, interpolation_duration: 1 }
$data merge entity $(bone_right_thigh) { transformation: [-2.4081317217584988f,0.5373833535475784f,-0.20526437813091145f,-0.9045937499999998f,0.288319102407349f,0.3630325545841347f,-2.4320962527083907f,-1.2726106249999998f,-0.49778150707567675f,-2.3894432863286656f,-0.4156766478543055f,-1.5749600000000001f,0f,0f,0f,1f], start_interpolation: 0, interpolation_duration: 1 }
$data merge entity $(bone_right_leg) { transformation: [-1f,0f,1.2246467991473532e-16f,-0.8206974999999997f,0f,1f,0f,-1.2084181249999997f,-1.2246467991473532e-16f,0f,-1f,-1.6162968750000002f,0f,0f,0f,1f], start_interpolation: 0, interpolation_duration: 1 }
$data merge entity $(bone_left_foot) { transformation: [-1.1193118677870921f,0.32918146243063584f,-0.15611342767219405f,1.056683323557361f,-0.0915267475446502f,0.23414444086125558f,1.149952229518353f,-5.00118127708599f,0.3526396063850902f,1.1056250903820701f,-0.1970516744480259f,-3.0660098254067654f,0f,0f,0f,1f], start_interpolation: 0, interpolation_duration: 1 }
$data merge entity $(bone_left_knee) { transformation: [-2.83791957289859f,0.42504950971768823f,-0.4499712219485382f,1.6323476575233422f,-0.3400474937223362f,0.6937769779666947f,2.7999946241717293f,-4.036820336590623f,0.5172126142180462f,2.788357062441283f,-0.6280801641204579f,0.36123205218316623f,0f,0f,0f,1f], start_interpolation: 0, interpolation_duration: 1 }
$data merge entity $(bone_left_thigh) { transformation: [-2.4190151154674666f,-0.4950251631022285f,-0.18256144712011954f,0.8928750000000003f,-0.2898531851101736f,1.9626651425640882f,-1.4811966082139254f,-1.2726106249999998f,0.44086701527838035f,-1.4258009499921656f,-1.9755355346791494f,-1.590585f,0f,0f,0f,1f], start_interpolation: 0, interpolation_duration: 1 }
$data merge entity $(bone_left_leg) { transformation: [-1f,0f,1.2246467991473532e-16f,0.8089781250000003f,0f,1f,0f,-1.2084181249999997f,-1.2246467991473532e-16f,0f,-1f,-1.631921875f,0f,0f,0f,1f], start_interpolation: 0, interpolation_duration: 1 }
data modify entity @s data merge value {"locators":{"consume":{"posx":2.7005429733552435,"posy":-2.7190166408890404,"posz":0.11982601452248093,"roty":15.078454175374333,"rotx":-14.886065005057418}},"cameras":{}}