# This file was generated by Animated Java via MC-Build. It is not recommended to edit this file directly.
$data merge entity $(bone_neck) { transformation: [-1.2033625000000001f,0f,1.473694033838957e-16f,1.1102230246251565e-16f,0f,1.2033625000000001f,0f,3.754634375f,-1.473694033838957e-16f,0f,-1.2033625000000001f,-0.5542475f,0f,0f,0f,1f], start_interpolation: 0, interpolation_duration: 1 }
$data merge entity $(bone_right_thumb_2) { transformation: [-0.9608081412875511f,0.25260576299789644f,-0.11418425520102059f,-2.4998511918342277f,0.26469755418271934f,0.9583582300105109f,-0.10716672888918072f,-1.9291981423340352f,0.08235848739047838f,-0.1331909586697662f,-0.9876625173020291f,-2.3412836478165073f,0f,0f,0f,1f], start_interpolation: 0, interpolation_duration: 1 }
$data merge entity $(bone_right_thumb) { transformation: [-0.9608081412875511f,0.25260576299789644f,-0.11418425520102059f,-2.6273213180492734f,0.26469755418271934f,0.9583582300105109f,-0.10716672888918072f,-1.5730749803460997f,0.08235848739047838f,-0.1331909586697662f,-0.9876625173020291f,-2.3224469736039968f,0f,0f,0f,1f], start_interpolation: 0, interpolation_duration: 1 }
$data merge entity $(bone_right_fingers_2) { transformation: [0.9719511577727351f,-0.23425212885607904f,-0.0209018427569036f,-2.550807483001979f,-0.22356486194336633f,-0.9478692606045913f,0.22707403485460195f,-2.3038753754432113f,-0.07300479031188964f,-0.21603195348674775f,-0.9736531701094681f,-2.718098075416374f,0f,0f,0f,1f], start_interpolation: 0, interpolation_duration: 1 }
$data merge entity $(bone_right_fingers) { transformation: [-0.3591131530681806f,-0.9330599424810793f,-0.0209018427569036f,-2.978952147603088f,-0.9105790375369462f,0.34537399886664855f,0.22707403485460195f,-2.1923999900701503f,-0.20465473288374786f,0.10057805249687993f,-0.9736531701094681f,-2.6915797228931346f,0f,0f,0f,1f], start_interpolation: 0, interpolation_duration: 1 }
$data merge entity $(bone_right_hand) { transformation: [-0.9812440099870069f,0.19163325868435363f,-0.0209018427569036f,-2.79398873923754f,0.18200660128270676f,0.9567188614135131f,0.22707403485460195f,-1.4425633921161727f,0.06351212446562098f,0.21901076316392945f,-0.9736531701094681f,-2.51183607692735f,0f,0f,0f,1f], start_interpolation: 0, interpolation_duration: 1 }
$data merge entity $(bone_right_forearm) { transformation: [-1.820060853334293f,0.11293185353048535f,-0.03812411640578074f,-2.546560596746615f,0.10136224851928573f,1.7734188079089706f,0.4141738619992186f,1.1784623247037005f,0.06271161270982496f,0.41116990386749164f,-1.7759040304640445f,-1.9820348122840175f,0f,0f,0f,1f], start_interpolation: 0, interpolation_duration: 1 }
$data merge entity $(bone_right_bicep) { transformation: [-1.5744216283433443f,0.16608420793287898f,0.06121378899812683f,-2.283475122914303f,0.17556098655496946f,1.3953508024092696f,0.729595116553805f,3.3459162545016126f,0.022570602296899413f,0.7318105833988894f,-1.4050190012312427f,-0.8220175907152018f,0f,0f,0f,1f], start_interpolation: 0, interpolation_duration: 1 }
$data merge entity $(bone_right_shoulder) { transformation: [-1.0125050559349504f,0.018026975682271965f,0.03035652352878521f,-1.833900878846138f,0.030010325110676854f,0.8983032324935208f,0.4675079267191979f,3.519590376948313f,-0.01859760091394567f,0.4681231774931489f,-0.898291599983437f,-0.6932043850553793f,0f,0f,0f,1f], start_interpolation: 0, interpolation_duration: 1 }
$data merge entity $(bone_right_arm) { transformation: [-1.3269016080636309f,0.008725107162950272f,0.08070827918742263f,-1.7457723307295538f,0.01926433724798742f,1.3177709707532839f,0.17425953419136864f,3.595259434342333f,-0.07885961662851099f,0.17510389045133176f,-1.3154381854425017f,-0.6340034693750858f,0f,0f,0f,1f], start_interpolation: 0, interpolation_duration: 1 }
$data merge entity $(bone_left_thumb_2) { transformation: [-0.9008700871822285f,0.21721943031711669f,0.37583081980193117f,1.9106300669611966f,-0.14525606646100545f,0.6650339270230383f,-0.7325507156945466f,-1.726755550696037f,-0.40906449513073173f,-0.7145247336523933f,-0.5675567318096192f,0.656160358249362f,0f,0f,0f,1f], start_interpolation: 0, interpolation_duration: 1 }
$data merge entity $(bone_left_thumb) { transformation: [-0.9008700871822285f,0.21721943031711669f,0.37583081980193117f,2.1580125521103692f,-0.14525606646100545f,0.6650339270230383f,-0.7325507156945466f,-1.4602343738722137f,-0.40906449513073173f,-0.7145247336523933f,-0.5675567318096192f,0.5503514350773682f,0f,0f,0f,1f], start_interpolation: 0, interpolation_duration: 1 }
$data merge entity $(bone_left_fingers_2) { transformation: [0.8967160017996932f,-0.11480125289953433f,0.42745886872197353f,1.924690145844857f,0.1069301502751293f,-0.8809772973954118f,-0.4609175028527494f,-2.2588445296612987f,0.4294954657252048f,0.4590203413864935f,-0.7777107245723929f,0.6155116422447163f,0f,0f,0f,1f], start_interpolation: 0, interpolation_duration: 1 }
$data merge entity $(bone_left_fingers) { transformation: [-0.0032258129511839317f,0.9040290424990419f,0.42745886872197353f,2.3268126515078262f,0.8594832291407378f,0.22100596007754097f,-0.4609175028527494f,-2.2055883901133795f,-0.5111537664505797f,0.3659068951638789f,-0.7777107245723929f,0.7941148685056191f,0f,0f,0f,1f], start_interpolation: 0, interpolation_duration: 1 }
$data merge entity $(bone_left_hand) { transformation: [-0.890854966541727f,0.15380619018384564f,0.42745886872197353f,2.4150428925580623f,-0.06840068647069085f,0.8848030298627623f,-0.4609175028527494f,-1.502984953507109f,-0.4491088672897442f,-0.4398491266409503f,-0.7777107245723929f,0.43727036488570237f,0f,0f,0f,1f], start_interpolation: 0, interpolation_duration: 1 }
$data merge entity $(bone_left_forearm) { transformation: [-1.6295320090476526f,0.25213542108322806f,0.7796677000862688f,2.743469869623618f,-0.1529065642969864f,1.6114218055195926f,-0.8406948964543413f,0.8263712281534961f,-0.8050301706877331f,-0.8164410914234214f,-1.4185129291449265f,-0.8580756790888109f,0f,0f,0f,1f], start_interpolation: 0, interpolation_duration: 1 }
$data merge entity $(bone_left_bicep) { transformation: [-1.4499726506827835f,-0.26851377148047f,0.5793222097251096f,2.3126569770279004f,-0.15194112186016978f,1.5412475169035649f,0.33407266127292584f,3.226663640560551f,-0.6201836531571298f,0.2501819378920788f,-1.4362854139037784f,-0.4510043767489739f,0f,0f,0f,1f], start_interpolation: 0, interpolation_duration: 1 }
$data merge entity $(bone_left_shoulder) { transformation: [-1.0045750912407612f,-0.08447044055841695f,0.10053163381405919f,1.8493890678265394f,-0.06580243708935095f,0.9950859455573536f,0.17856925517616354f,3.411598613272643f,-0.11363055926360281f,0.17053352835420593f,-0.9921791120434589f,-0.4436257683686365f,0f,0f,0f,1f], start_interpolation: 0, interpolation_duration: 1 }
$data merge entity $(bone_left_arm) { transformation: [-1.3269016080636309f,0.008725107162950272f,0.08070827918742263f,1.7472237316523371f,0.01926433724798742f,1.3177709707532839f,0.17425953419136864f,3.544547117963567f,-0.07885961662851099f,0.17510389045133176f,-1.3154381854425017f,-0.42640983267257837f,0f,0f,0f,1f], start_interpolation: 0, interpolation_duration: 1 }
$data merge entity $(bone_chest) { transformation: [-2.627610105736581f,0.017277980232806647f,0.15982337252492906f,1.0890153066695501e-16f,0.038148395423982316f,2.6095290703962934f,0.34507917563713725f,4.302887280007479f,-0.1561625401072325f,0.34675122051826357f,-2.6049095490844834f,-0.33893258409659677f,0f,0f,0f,1f], start_interpolation: 0, interpolation_duration: 1 }
$data merge entity $(bone_weist) { transformation: [-1.9475391916404732f,0.000742029508396214f,0.08502815972324022f,1.5926420408250835e-16f,0.008888201305817616f,1.9404182649324337f,0.1866472569407058f,0.3874563044157866f,-0.08456558656604614f,0.18685729324313585f,-1.938574799965152f,-0.7501750211047022f,0f,0f,0f,1f], start_interpolation: 0, interpolation_duration: 1 }
$data merge entity $(bone_right_foot) { transformation: [-1.1465022308600037f,0.04303851049886422f,0.2631942554913326f,-1.8317960243493339f,0.05185595092560965f,1.1754863582504f,0.033670117275939715f,-8.188493208457452f,-0.26159986594644585f,0.04438922231593986f,-1.1468155919569414f,-0.716921966267178f,0f,0f,0f,1f], start_interpolation: 0, interpolation_duration: 1 }
$data merge entity $(bone_right_knee) { transformation: [-2.8163941322726784f,0.28061664630993477f,0.6527687783953978f,-1.5243188185811403f,0.3296601834116345f,2.879982557672304f,0.18426426541879476f,-4.6007869608556415f,-0.6294258842048541f,0.2527517632996566f,-2.8243350174821464f,-0.5139690062626874f,0f,0f,0f,1f], start_interpolation: 0, interpolation_duration: 1 }
$data merge entity $(bone_right_thigh) { transformation: [-2.4027867184777714f,0.4373653567893338f,0.4066205271828089f,-0.8696139972741421f,0.29430700579920277f,2.334131580631275f,-0.7715088292277136f,-1.3290688846951788f,-0.5196268803510792f,-0.700395625285701f,-2.3172066364992827f,-1.4437471374056952f,0f,0f,0f,1f], start_interpolation: 0, interpolation_duration: 1 }
$data merge entity $(bone_right_leg) { transformation: [-0.9993900708034601f,0.00999685623708655f,0.033459665940205004f,-0.8089787499999997f,0.01346765515392804f,0.9943631138992398f,0.10516948217644852f,-1.2865431249999997f,-0.03221969342048379f,0.10555595948113243f,-0.9938912570165348f,-1.478796875f,0f,0f,0f,1f], start_interpolation: 0, interpolation_duration: 1 }
$data merge entity $(bone_left_foot) { transformation: [-1.1724591131586328f,0.0245013689435999f,-0.10163761984484031f,1.498525476913285f,0.01033005094101539f,1.165879877212468f,0.1618897675431007f,-8.30422453870537f,0.10403755521632901f,0.16035800481264653f,-1.1614871468396364f,-2.5417058309844043f,0f,0f,0f,1f], start_interpolation: 0, interpolation_duration: 1 }
$data merge entity $(bone_left_knee) { transformation: [-2.8871493589379607f,-0.19414816091498466f,-0.25219785750770357f,1.3136419111355666f,-0.26611102041005785f,2.7351220349364747f,0.9408618747485207f,-4.871831857234581f,0.1745915018964683f,0.9583019535367299f,-2.736439997852547f,-1.4499792700952565f,0f,0f,0f,1f], start_interpolation: 0, interpolation_duration: 1 }
$data merge entity $(bone_left_thigh) { transformation: [-2.4591363680639686f,-0.2501728200831397f,-0.1416848837945051f,0.9152953293525047f,-0.2480732930685104f,2.463045628749794f,-0.04334276066123845f,-1.4182567340518037f,0.14532958222728892f,-0.028853313973294062f,-2.471448870954336f,-1.4208043706207791f,0f,0f,0f,1f], start_interpolation: 0, interpolation_duration: 1 }
$data merge entity $(bone_left_leg) { transformation: [-0.9993899407306731f,0.01145246894341165f,0.032993746702093395f,0.833978125f,0.014868335273278702f,0.9943376795015849f,0.10522125132122698f,-1.3115431249999991f,-0.03160188242087935f,0.10564762220941665f,-0.9939013537313214f,-1.4537968749999997f,0f,0f,0f,1f], start_interpolation: 0, interpolation_duration: 1 }
data modify entity @s data merge value {"locators":{"consume":{"posx":2.0619388785729096,"posy":-2.2088770150154993,"posz":0.8568133306769289,"roty":28.79483905560639,"rotx":-27.446328145387756}},"cameras":{}}