# This file was generated by Animated Java via MC-Build. It is not recommended to edit this file directly.
$data merge entity $(bone_right_thumb) { transformation: [-1.028863886399345f,-0.20834536933974201f,0.02305017001942242f,-4.6996256518326565f,-0.2088211501600321f,1.0287930365301161f,-0.02187727663549316f,-8.047230579371966f,-0.018243642977188095f,-0.026021050359873444f,-1.049518972877142f,-2.1630620707455988f,0f,0f,0f,1f], start_interpolation: 0, interpolation_duration: 1 }
$data merge entity $(bone_right_fingers_2) { transformation: [-0.8564896356501144f,0.5156971881688204f,0.021952542875640385f,-5.711137967525149f,0.5153175235079149f,0.8567460136122678f,-0.020835501557612518f,-9.945336189888582f,-0.029552563164705132f,-0.0065328611082905936f,-0.9995418789306107f,-2.483366093842235f,0f,0f,0f,1f], start_interpolation: 0, interpolation_duration: 1 }
$data merge entity $(bone_right_fingers) { transformation: [-0.7245701111085885f,0.6888513917742933f,0.021952542875640385f,-5.447071823213183f,0.6885362170289576f,0.7249025863619847f,-0.020835501557612518f,-9.018034289879303f,-0.030266019354050905f,0.0000183391471569698f,-0.9995418789306107f,-2.4970900078834184f,0f,0f,0f,1f], start_interpolation: 0, interpolation_duration: 1 }
$data merge entity $(bone_right_hand) { transformation: [-0.922077284849165f,0.5017391457991571f,0.023050170019422406f,-4.822652957923438f,0.5013291351275432f,0.9223288367167555f,-0.021877276635493145f,-7.651072614043223f,-0.0307014500872776f,-0.008206493371018775f,-1.0495189728771412f,-2.4491480448735032f,0f,0f,0f,1f], start_interpolation: 0, interpolation_duration: 1 }
$data merge entity $(bone_right_forearm) { transformation: [-4.2732488601167065f,0.07849775429945056f,0.09384712079336263f,-4.7760236930384075f,0.0765441296489475f,4.273386504419556f,-0.0890717691587935f,-1.2830620572499933f,-0.09544724054442859f,-0.0873549449930304f,-4.27304153242836f,-1.9493261288611452f,0f,0f,0f,1f], start_interpolation: 0, interpolation_duration: 1 }
$data merge entity $(bone_right_bicep) { transformation: [-3.598525355887754f,0.07735621120588852f,0.06805350557308783f,-4.255007452871409f,0.06445821444121895f,3.5453480767850913f,-0.6215723232475078f,3.176101381565056f,-0.08037662361636094f,-0.6200992106301414f,-3.545280886947029f,-1.5444875000000005f,0f,0f,0f,1f], start_interpolation: 0, interpolation_duration: 1 }
$data merge entity $(bone_right_arm) { transformation: [-1.1988578658982294f,-0.0523432648384032f,1.469576158976824e-16f,-4.064308365248563f,-0.0523432648384032f,1.1988578658982294f,0f,4.539770594864997f,-1.4681774481048933e-16f,-6.4102011741272685e-18f,-1.2000000000000002f,-1.5276256250000004f,0f,0f,0f,1f], start_interpolation: 0, interpolation_duration: 1 }
$data merge entity $(bone_left_thumb) { transformation: [-0.9679965072895924f,-0.2016672467466742f,0.35328895180116726f,7.222860240006734f,-0.06344584308081588f,0.9755763667124804f,0.3830474875362611f,-5.773391573271531f,-0.40181760398334454f,0.3317846806314204f,-0.911570918155791f,-6.2957174185546485f,0f,0f,0f,1f], start_interpolation: 0, interpolation_duration: 1 }
$data merge entity $(bone_left_fingers_2) { transformation: [-0.9219014355138969f,-0.19206404452064196f,0.3364656683820638f,7.506543412014676f,-0.060424612457919843f,0.9291203492499807f,0.3648071309869151f,-7.580377828282783f,-0.3826834323650898f,0.31598541012516207f,-0.8681627791959909f,-7.333831289526752f,0f,0f,0f,1f], start_interpolation: 0, interpolation_duration: 1 }
$data merge entity $(bone_left_fingers) { transformation: [-0.9219014355138969f,-0.19206404452064196f,0.3364656683820638f,7.755173556496386f,-0.060424612457919843f,0.9291203492499807f,0.3648071309869151f,-6.759696477456968f,-0.3826834323650898f,0.31598541012516207f,-0.8681627791959909f,-6.892840065338633f,0f,0f,0f,1f], start_interpolation: 0, interpolation_duration: 1 }
$data merge entity $(bone_left_hand) { transformation: [-0.9679965072895919f,-0.20166724674667408f,0.35328895180116704f,7.541102586103336f,-0.06344584308081584f,0.9755763667124797f,0.38304748753626083f,-5.383827408233359f,-0.40181760398334426f,0.3317846806314202f,-0.9115709181557905f,-6.325442939561368f,0f,0f,0f,1f], start_interpolation: 0, interpolation_duration: 1 }
$data merge entity $(bone_left_forearm) { transformation: [-3.941128636821909f,-0.8210737903257443f,1.4383907323333227f,6.159758505700485f,-0.2583152182576073f,3.971989493043667f,1.5595504849690618f,0.29500819470209816f,-1.6359716733607585f,1.3508376282850676f,-3.711395881062861f,-3.7474069790153006f,0f,0f,0f,1f], start_interpolation: 0, interpolation_duration: 1 }
$data merge entity $(bone_left_bicep) { transformation: [-3.3188451678500295f,-0.6914305602743112f,1.21127640617543f,4.522822875725619f,-0.21752860484851147f,3.344833257299931f,1.3133056715528946f,3.870910643636427f,-1.3776603565143235f,1.1375474764505835f,-3.1253860051055677f,-1.5444874999999996f,0f,0f,0f,1f], start_interpolation: 0, interpolation_duration: 1 }
$data merge entity $(bone_left_arm) { transformation: [-1.1974307078863244f,-0.07848375507617168f,1.469576158976824e-16f,4.184798833397114f,-0.07848375507617168f,1.1974307078863244f,0f,5.205713854649257f,-1.4664296836137365e-16f,-9.61148794390985e-18f,-1.2000000000000002f,-1.5276256249999995f,0f,0f,0f,1f], start_interpolation: 0, interpolation_duration: 1 }
$data merge entity $(bone_chest) { transformation: [-6.048569677284201f,-0.39644420172845446f,7.423255254024141e-16f,-1.447364127657288e-17f,-0.39644420172845446f,6.048569677284201f,0f,5.791906874999999f,-7.407361494705835e-16f,-4.8550412268727936e-17f,-6.061547916666667f,0.11818624999999994f,0f,0f,0f,1f], start_interpolation: 0, interpolation_duration: 1 }
$data merge entity $(bone_waist) { transformation: [-5.023832916666667f,0f,6.152420900846945e-16f,0.1875012500000003f,0f,5.023832916666667f,0f,0.5707725000000003f,-6.152420900846945e-16f,0f,-5.023832916666667f,-2.3995f,0f,0f,0f,1f], start_interpolation: 0, interpolation_duration: 1 }
$data merge entity $(bone_hip) { transformation: [-4.389750033605634f,0.1916606255998945f,5.381014861525028e-16f,1.1611159502288358e-16f,0.1916606255998945f,4.389750033605634f,0f,-2.83696125f,-5.375893327712127e-16f,2.3471657166349006e-17f,-4.3939320833333335f,-0.948123125f,0f,0f,0f,1f], start_interpolation: 0, interpolation_duration: 1 }
$data merge entity $(bone_right_foot) { transformation: [-2.04f,-5.449967942793931e-18f,2.4976849473998596e-16f,-2.025f,0f,2.039514535243015f,0.044502365470504665f,-10.660049845750311f,-2.4982794702606004e-16f,0.044502365470504665f,-2.039514535243015f,-1.1506673278398192f,0f,0f,0f,1f], start_interpolation: 0, interpolation_duration: 1 }
$data merge entity $(bone_right_knee) { transformation: [-2.85f,-7.613925802432697e-18f,3.489412794161568e-16f,-2.019375f,0f,2.849321777177741f,0.062172422348499165f,-7.0116649040607975f,-3.4902433775699566e-16f,0.062172422348499165f,-2.849321777177741f,0.28671820405728354f,0f,0f,0f,1f], start_interpolation: 0, interpolation_duration: 1 }
$data merge entity $(bone_right_thigh) { transformation: [-3.8250000000000006f,9.13856524386418e-17f,4.594266995184708e-16f,-1.6874999999999998f,0f,3.751503697542357f,-0.7462204817116908f,-3.8394962500000007f,-4.684274006738627e-16f,-0.7462204817116908f,-3.751503697542357f,-2.2497187500000004f,0f,0f,0f,1f], start_interpolation: 0, interpolation_duration: 1 }
$data merge entity $(bone_left_foot) { transformation: [-2.04f,-5.449967942793931e-18f,2.4976849473998596e-16f,2.025f,0f,2.039514535243015f,0.044502365470504665f,-10.661413276064971f,-2.4982794702606004e-16f,0.044502365470504665f,-2.039514535243015f,-1.088182201147324f,0f,0f,0f,1f], start_interpolation: 0, interpolation_duration: 1 }
$data merge entity $(bone_left_knee) { transformation: [-2.85f,-7.613925802432697e-18f,3.489412794161568e-16f,2.019375f,0f,2.849321777177741f,0.062172422348499165f,-7.0116649040607975f,-3.4902433775699566e-16f,0.062172422348499165f,-2.849321777177741f,0.28671820405728443f,0f,0f,0f,1f], start_interpolation: 0, interpolation_duration: 1 }
$data merge entity $(bone_left_thigh) { transformation: [-3.8250000000000006f,9.13856524386418e-17f,4.594266995184708e-16f,1.6875000000000002f,0f,3.751503697542357f,-0.7462204817116908f,-3.8394962500000007f,-4.684274006738627e-16f,-0.7462204817116908f,-3.751503697542357f,-2.2497187499999995f,0f,0f,0f,1f], start_interpolation: 0, interpolation_duration: 1 }
data modify entity @s data merge value {"locators":{"consume":{"posx":-4.889920548182147,"posy":-9.615500902219758,"posz":-1.5122775657689118,"roty":1.2581622716398897,"rotx":-1.1938726942125575}},"cameras":{}}