# This file was generated by Animated Java via MC-Build. It is not recommended to edit this file directly.
$data merge entity $(bone_right_thumb) { transformation: [-1.0463452886074291f,-0.07491521656623695f,0.04526861314278158f,-4.796479407359274f,-0.07683535891591788f,1.0462363451183674f,-0.04456273974548272f,-8.443898900842425f,-0.041926896251679405f,-0.04772023135102508f,-1.0480767695596096f,-1.2564831321368304f,0f,0f,0f,1f], start_interpolation: 0, interpolation_duration: 1 }
$data merge entity $(bone_right_fingers_2) { transformation: [-0.9984728392362037f,0.034543618300750534f,0.043112964897887185f,-5.754510696401065f,0.03271420305681305f,0.998563251636192f,-0.04244070451950732f,-10.29340001016887f,-0.044517077913448055f,-0.040965484452726554f,-0.9981683519615322f,-1.5573436419455855f,0f,0f,0f,1f], start_interpolation: 0, interpolation_duration: 1 }
$data merge entity $(bone_right_fingers) { transformation: [-0.8198868925239016f,0.5708999524655908f,0.043112964897887185f,-5.633843597456943f,0.5694124638131463f,0.8209556825152803f,-0.04244070451950732f,-9.337378056790776f,-0.05962322971579524f,-0.010247517780228348f,-0.9981683519615322f,-1.5929745841273153f,0f,0f,0f,1f], start_interpolation: 0, interpolation_duration: 1 }
$data merge entity $(bone_right_hand) { transformation: [-0.8632499421293368f,0.5960287661496095f,0.04526861314278154f,-4.870397865738537f,0.5944624681869087f,0.8643659734993647f,-0.044562739745482687f,-8.04266847580825f,-0.06256126062368833f,-0.011007896196339427f,-1.048076769559609f,-1.552240200806044f,0f,0f,0f,1f], start_interpolation: 0, interpolation_duration: 1 }
$data merge entity $(bone_right_forearm) { transformation: [-4.267998242146038f,0.16076875891542083f,0.1843079249384677f,-4.714733036471165f,0.15294923135873045f,4.268408747060354f,-0.18143401182089378f,-1.6674154435911168f,-0.190846895874945f,-0.17454275744196904f,-4.26716970463555f,-1.1841750929305563f,0f,0f,0f,1f], start_interpolation: 0, interpolation_duration: 1 }
$data merge entity $(bone_right_bicep) { transformation: [-3.594103782859822f,0.17578977048588423f,0.10731241598827551f,-4.0884321327794275f,0.12879935272314147f,3.38214359175713f,-1.2265869115045536f,2.7820129420947923f,-0.16071317547363792f,-1.2207385802573374f,-3.382893523878705f,-1.5444875000000005f,0f,0f,0f,1f], start_interpolation: 0, interpolation_duration: 1 }
$data merge entity $(bone_right_arm) { transformation: [-1.195433637710095f,-0.10458689129718982f,1.469576158976824e-16f,-3.9573969640856537f,-0.10458689129718982f,1.195433637710095f,0f,4.1527024218412665f,-1.4639839780147445e-16f,-1.280820016598757e-17f,-1.2000000000000002f,-1.5276256250000004f,0f,0f,0f,1f], start_interpolation: 0, interpolation_duration: 1 }
$data merge entity $(bone_left_thumb) { transformation: [-0.9617743957885917f,-0.2650412088770999f,0.32748002870779197f,7.963802250793517f,-0.12662000132117668f,0.9602979138242849f,0.4053335564324194f,-5.2762317198369f,-0.40181760398334454f,0.33178468063142036f,-0.911570918155791f,-6.295717418554648f,0f,0f,0f,1f], start_interpolation: 0, interpolation_duration: 1 }
$data merge entity $(bone_left_fingers_2) { transformation: [-0.9159756150367534f,-0.25242019893057116f,0.3118857416264683f,8.365060590907866f,-0.1205904774487396f,0.9145694417374135f,0.38603195850706584f,-7.060795311410134f,-0.3826834323650898f,0.315985410125162f,-0.8681627791959909f,-7.333831289526751f,0f,0f,0f,1f], start_interpolation: 0, interpolation_duration: 1 }
$data merge entity $(bone_left_fingers) { transformation: [-0.9159756150367534f,-0.25242019893057116f,0.3118857416264683f,8.559483270720214f,-0.1205904774487396f,0.9145694417374135f,0.38603195850706584f,-6.225609912883036f,-0.3826834323650898f,0.315985410125162f,-0.8681627791959909f,-6.892840065338632f,0f,0f,0f,1f], start_interpolation: 0, interpolation_duration: 1 }
$data merge entity $(bone_left_hand) { transformation: [-0.9617743957885911f,-0.26504120887709975f,0.32748002870779175f,8.255884500168975f,-0.1266200013211766f,0.9602979138242842f,0.40533355643241914f,-4.866687596291305f,-0.40181760398334426f,0.33178468063142014f,-0.9115709181557905f,-6.325442939561367f,0f,0f,0f,1f], start_interpolation: 0, interpolation_duration: 1 }
$data merge entity $(bone_left_forearm) { transformation: [-3.9157957542821205f,-1.0790963504281916f,1.333311545453152f,6.506084364660642f,-0.5155242910933617f,3.909784363427442f,1.6502866226177062f,0.7096449583010362f,-1.6359716733607585f,1.3508376282850674f,-3.711395881062861f,-3.7474069790153006f,0f,0f,0f,1f], start_interpolation: 0, interpolation_duration: 1 }
$data merge entity $(bone_left_bicep) { transformation: [-3.2975122141323125f,-0.9087127161500563f,1.122788669855286f,4.63877832954098f,-0.43412571881546264f,3.292449990254689f,1.3897150506254372f,4.1708304130522595f,-1.3776603565143235f,1.1375474764505835f,-3.1253860051055677f,-1.5444874999999996f,0f,0f,0f,1f], start_interpolation: 0, interpolation_duration: 1 }
$data merge entity $(bone_left_arm) { transformation: [-1.1897338336485725f,-0.1566314306640619f,1.469576158976824e-16f,4.214177715727615f,-0.1566314306640619f,1.1897338336485725f,0f,5.480667877805646f,-1.457003731215034e-16f,-1.9181818020861403e-17f,-1.2000000000000002f,-1.5276256249999995f,0f,0f,0f,1f], start_interpolation: 0, interpolation_duration: 1 }
$data merge entity $(bone_chest) { transformation: [-6.009690533950293f,-0.7911907685218865f,7.423255254024141e-16f,-1.447364127657288e-17f,-0.7911907685218865f,6.009690533950293f,0f,5.791906874999999f,-7.359748276268374e-16f,-9.689292421852628e-17f,-6.061547916666667f,0.11818624999999994f,0f,0f,0f,1f], start_interpolation: 0, interpolation_duration: 1 }
$data merge entity $(bone_waist) { transformation: [-5.023832916666667f,0f,6.152420900846945e-16f,0.3750012500000003f,0f,5.023832916666667f,0f,0.7270225000000003f,-6.152420900846945e-16f,0f,-5.023832916666667f,-2.3995f,0f,0f,0f,1f], start_interpolation: 0, interpolation_duration: 1 }
$data merge entity $(bone_hip) { transformation: [-4.377211845191884f,0.3829564143056818f,5.381014861525028e-16f,1.1611159502288358e-16f,0.3829564143056818f,4.377211845191884f,0f,-2.83696125f,-5.360538475404122e-16f,4.689863469924009e-17f,-4.3939320833333335f,-0.948123125f,0f,0f,0f,1f], start_interpolation: 0, interpolation_duration: 1 }
$data merge entity $(bone_right_foot) { transformation: [-2.04f,-1.0897341996016372e-17f,2.4959016617783185e-16f,-2.025f,0f,2.0380583720269896f,0.08898355022528553f,-10.072038595461361f,-2.4982794702606004e-16f,0.08898355022528553f,-2.0380583720269896f,-0.6597918877091842f,0f,0f,0f,1f], start_interpolation: 0, interpolation_duration: 1 }
$data merge entity $(bone_right_knee) { transformation: [-2.85f,-1.5224227788552285e-17f,3.4869214392491217e-16f,-2.019375f,0f,2.8472874315082946f,0.12431525399120774f,-6.455878270718715f,-3.4902433775699566e-16f,0.12431525399120774f,-2.8472874315082946f,0.8568406834203777f,0f,0f,0f,1f], start_interpolation: 0, interpolation_duration: 1 }
$data merge entity $(bone_right_thigh) { transformation: [-3.8250000000000006f,1.7925940550373091e-16f,4.3277048795004543e-16f,-1.6874999999999998f,0f,3.5338392118556725f,-1.4637641287964684f,-3.8394962500000007f,-4.684274006738627e-16f,-1.4637641287964684f,-3.5338392118556725f,-2.2497187500000004f,0f,0f,0f,1f], start_interpolation: 0, interpolation_duration: 1 }
$data merge entity $(bone_left_foot) { transformation: [-2.04f,-1.0897341996016372e-17f,2.4959016617783185e-16f,2.025f,0f,2.0380583720269896f,0.08898355022528553f,-10.074764807171695f,-2.4982794702606004e-16f,0.08898355022528553f,-2.0380583720269896f,-0.5973513738603171f,0f,0f,0f,1f], start_interpolation: 0, interpolation_duration: 1 }
$data merge entity $(bone_left_knee) { transformation: [-2.85f,-1.5224227788552285e-17f,3.4869214392491217e-16f,2.019375f,0f,2.8472874315082946f,0.12431525399120774f,-6.455878270718715f,-3.4902433775699566e-16f,0.12431525399120774f,-2.8472874315082946f,0.8568406834203786f,0f,0f,0f,1f], start_interpolation: 0, interpolation_duration: 1 }
$data merge entity $(bone_left_thigh) { transformation: [-3.8250000000000006f,1.7925940550373091e-16f,4.3277048795004543e-16f,1.6875000000000002f,0f,3.5338392118556725f,-1.4637641287964684f,-3.8394962500000007f,-4.684274006738627e-16f,-1.4637641287964684f,-3.5338392118556725f,-2.2497187499999995f,0f,0f,0f,1f], start_interpolation: 0, interpolation_duration: 1 }
data modify entity @s data merge value {"locators":{"consume":{"posx":-5.1659193197065525,"posy":-9.970665275730289,"posz":-0.5843945868571638,"roty":2.4731865625594196,"rotx":-2.4324038345982517}},"cameras":{}}
execute on vehicle unless entity @s[tag=aj.transforms_only] at @s run function animated_java:beast/animations/grab/zzz/frames/zzz/2