# This file was generated by Animated Java via MC-Build. It is not recommended to edit this file directly.
$data merge entity $(bone_right_thumb) { transformation: [-1.0440642532004882f,0.10984740783091554f,0.019062585914218375f,-5.19010736497999f,0.1101707842902089f,1.0440528593988805f,0.017777093966767184f,-8.541031320997906f,-0.01709483775262905f,0.01967673178786347f,-1.0496764228791469f,-1.1927729305352528f,0f,0f,0f,1f], start_interpolation: 0, interpolation_duration: 1 }
$data merge entity $(bone_right_fingers_2) { transformation: [-0.745505500447945f,-0.6662521673143564f,0.01815484372782701f,-5.872183626395573f,-0.6660372266821903f,0.7457263362783715f,0.0169305656826354f,-10.317427696183866f,-0.024818571178772734f,0.0005300280747694876f,-0.9996918313134725f,-1.572848441351144f,0f,0f,0f,1f], start_interpolation: 0, interpolation_duration: 1 }
$data merge entity $(bone_right_fingers) { transformation: [-0.9632973913614962f,0.26782183900002404f,0.01815484372782701f,-6.074567156367197f,0.2681237682757624f,0.9632356932917672f,0.0169305656826354f,-9.374717415583927f,-0.01295301824834301f,0.021176914869119757f,-0.9996918313134725f,-1.5607520866677371f,0f,0f,0f,1f], start_interpolation: 0, interpolation_duration: 1 }
$data merge entity $(bone_right_hand) { transformation: [-0.8366790451530836f,0.6341173339532579f,0.01906258591421836f,-5.252585328814265f,0.6343881836689798f,0.8365020067825717f,0.01777709396676717f,-8.119589218318907f,-0.0044505980381579656f,0.025682667866539333f,-1.0496764228791462f,-1.461854877634468f,0f,0f,0f,1f], start_interpolation: 0, interpolation_duration: 1 }
$data merge entity $(bone_right_forearm) { transformation: [-4.265473318879078f,0.2744790521536963f,0.07761195693646046f,-4.912063211095238f,0.2757964544630495f,4.265480361748266f,0.07237816829326633f,-1.784551936169004f,-0.07279204377065909f,0.07722391772427666f,-4.2736825788650945f,-0.7169374267616198f,0f,0f,0f,1f], start_interpolation: 0, interpolation_duration: 1 }
$data merge entity $(bone_right_bicep) { transformation: [-3.5919775316876454f,0.23615678896216596f,-0.043901968955976194f,-4.15846107700884f,0.2322496458636207f,3.246632973163358f,-1.5379968919229587f,2.686125255537477f,-0.061298563175291886f,-1.5374018045376225f,-3.254633339956609f,-1.5099207596139943f,0f,0f,0f,1f], start_interpolation: 0, interpolation_duration: 1 }
$data merge entity $(bone_right_arm) { transformation: [-1.196396304197192f,-0.07670738469613242f,-0.05245817797426787f,-3.9950296225666295f,-0.07571509590508155f,1.1973674377068892f,-0.024050849700653402f,4.0533197865356625f,0.05388049327339831f,-0.020668726431946952f,-1.198611570189566f,-1.5276256250000004f,0f,0f,0f,1f], start_interpolation: 0, interpolation_duration: 1 }
$data merge entity $(bone_left_thumb) { transformation: [-0.9624668476582878f,-0.2596715964995132f,0.3297396383968926f,7.901836900098661f,-0.1212443000219126f,0.96176378995557f,0.40349749942533236f,-5.320555131616769f,-0.40181760398334454f,0.33178468063142036f,-0.911570918155791f,-6.295717418554648f,0f,0f,0f,1f], start_interpolation: 0, interpolation_duration: 1 }
$data merge entity $(bone_left_fingers_2) { transformation: [-0.9166350930078926f,-0.2473062823804886f,0.3140377508541832f,8.293118079593322f,-0.11547076192563097f,0.9159655142433993f,0.38428333278603055f,-7.107332819649991f,-0.3826834323650898f,0.315985410125162f,-0.8681627791959909f,-7.333831289526751f,0f,0f,0f,1f], start_interpolation: 0, interpolation_duration: 1 }
$data merge entity $(bone_left_fingers) { transformation: [-0.9166350930078926f,-0.2473062823804886f,0.3140377508541832f,8.492204158445949f,-0.11547076192563097f,0.9159655142433993f,0.38428333278603055f,-6.273246756017846f,-0.3826834323650898f,0.315985410125162f,-0.8681627791959909f,-6.892840065338632f,0f,0f,0f,1f], start_interpolation: 0, interpolation_duration: 1 }
$data merge entity $(bone_left_hand) { transformation: [-0.9624668476582873f,-0.25967159649951305f,0.32973963839689235f,8.196202837404511f,-0.12124430002191251f,0.9617637899555693f,0.4034974994253321f,-4.912649352686138f,-0.40181760398334426f,0.33178468063142014f,-0.9115709181557905f,-6.325442939561367f,0f,0f,0f,1f], start_interpolation: 0, interpolation_duration: 1 }
$data merge entity $(bone_left_forearm) { transformation: [-3.91861502260874f,-1.0572343571765885f,1.3425113849016328f,6.477586673778522f,-0.49363750723207234f,3.915752573390532f,1.6428112476602803f,0.6733728237606047f,-1.6359716733607585f,1.3508376282850674f,-3.711395881062861f,-3.7474069790153006f,0f,0f,0f,1f], start_interpolation: 0, interpolation_duration: 1 }
$data merge entity $(bone_left_bicep) { transformation: [-3.2998863348284138f,-0.8903026165697591f,1.1305359030750597f,4.629648477167774f,-0.41569474293227154f,3.297475851276238f,1.3834199980297102f,4.144937456960274f,-1.3776603565143235f,1.1375474764505835f,-3.1253860051055677f,-1.5444874999999996f,0f,0f,0f,1f], start_interpolation: 0, interpolation_duration: 1 }
$data merge entity $(bone_left_arm) { transformation: [-1.1905904102232434f,-0.1499815824841475f,1.469576158976824e-16f,4.212372949658677f,-0.1499815824841475f,1.1905904102232434f,0f,5.457126848574255f,-1.4580527349754292e-16f,-1.8367446492026594e-17f,-1.2000000000000002f,-1.5276256249999995f,0f,0f,0f,1f], start_interpolation: 0, interpolation_duration: 1 }
$data merge entity $(bone_chest) { transformation: [-6.014017350576677f,-0.7576004573709617f,7.423255254024141e-16f,-1.447364127657288e-17f,-0.7576004573709617f,6.014017350576677f,0f,5.791906874999999f,-7.365047098400373e-16f,-9.27792975151919e-17f,-6.061547916666667f,0.11818624999999994f,0f,0f,0f,1f], start_interpolation: 0, interpolation_duration: 1 }
$data merge entity $(bone_waist) { transformation: [-5.023832916666667f,0f,6.152420900846945e-16f,0.35899472295266743f,0f,5.023832916666667f,0f,0.7136837274605554f,-6.152420900846945e-16f,0f,-5.023832916666667f,-2.3995f,0f,0f,0f,1f], start_interpolation: 0, interpolation_duration: 1 }
$data merge entity $(bone_hip) { transformation: [-4.37860794522566f,0.3666491714878621f,5.381014861525028e-16f,1.1611159502288358e-16f,0.3666491714878621f,4.37860794522566f,0f,-2.83696125f,-5.362248204841773e-16f,4.4901573427263926e-17f,-4.3939320833333335f,-0.948123125f,0f,0f,0f,1f], start_interpolation: 0, interpolation_duration: 1 }
$data merge entity $(bone_right_foot) { transformation: [-2.04f,-1.0432475659529622e-17f,2.4961002897894387e-16f,-2.025f,0f,2.0382205641065823f,0.08518762852108155f,-10.126559116930657f,-2.4982794702606004e-16f,0.08518762852108155f,-2.0382205641065823f,-0.6973445025663352f,0f,0f,0f,1f], start_interpolation: 0, interpolation_duration: 1 }
$data merge entity $(bone_right_knee) { transformation: [-2.85f,-1.457478217140168e-17f,3.487198934264657e-16f,-2.019375f,0f,2.8475140233841962f,0.11901212808092276f,-6.507580422282506f,-3.4902433775699566e-16f,0.11901212808092276f,-2.8475140233841962f,0.8125505460170661f,0f,0f,0f,1f], start_interpolation: 0, interpolation_duration: 1 }
$data merge entity $(bone_right_thigh) { transformation: [-3.8250000000000006f,1.7198046585752654e-16f,4.357142975224702e-16f,-1.6874999999999998f,0f,3.5578772412244204f,-1.404327075996655f,-3.8394962500000007f,-4.684274006738627e-16f,-1.404327075996655f,-3.5578772412244204f,-2.2497187500000004f,0f,0f,0f,1f], start_interpolation: 0, interpolation_duration: 1 }
$data merge entity $(bone_left_foot) { transformation: [-2.04f,-1.0432475659529622e-17f,2.4961002897894387e-16f,2.025f,0f,2.0382205641065823f,0.08518762852108155f,-10.129169032020151f,-2.4982794702606004e-16f,0.08518762852108155f,-2.0382205641065823f,-0.6348990195973827f,0f,0f,0f,1f], start_interpolation: 0, interpolation_duration: 1 }
$data merge entity $(bone_left_knee) { transformation: [-2.85f,-1.457478217140168e-17f,3.487198934264657e-16f,2.019375f,0f,2.8475140233841962f,0.11901212808092276f,-6.507580422282506f,-3.4902433775699566e-16f,0.11901212808092276f,-2.8475140233841962f,0.812550546017067f,0f,0f,0f,1f], start_interpolation: 0, interpolation_duration: 1 }
$data merge entity $(bone_left_thigh) { transformation: [-3.8250000000000006f,1.7198046585752654e-16f,4.357142975224702e-16f,1.6875000000000002f,0f,3.5578772412244204f,-1.404327075996655f,-3.8394962500000007f,-4.684274006738627e-16f,-1.404327075996655f,-3.5578772412244204f,-2.2497187499999995f,0f,0f,0f,1f], start_interpolation: 0, interpolation_duration: 1 }
data modify entity @s data merge value {"locators":{"consume":{"posx":-5.612679242821618,"posy":-10.088462074322905,"posz":-0.6044741146763718,"roty":1.0404022125742927,"rotx":0.9700963075383517}},"cameras":{}}