# This file was generated by Animated Java via MC-Build. It is not recommended to edit this file directly.
$data merge entity $(bone_neck) { transformation: [-1.2033625000000001f,-4.247131209238597e-17f,1.411167201393106e-16f,1.1102230246251565e-16f,0f,1.1523054666664836f,0.34680458171250805f,3.731329462321068f,-1.473694033838957e-16f,0.34680458171250805f,-1.1523054666664836f,-0.6267001977567503f,0f,0f,0f,1f], start_interpolation: 0, interpolation_duration: 1 }
$data merge entity $(bone_right_thumb_2) { transformation: [-0.5947491419247168f,-0.8017194123311335f,0.05932488576672393f,-1.6306103619493715f,0.5995888496549595f,-0.49153487881071023f,-0.631574757476882f,2.500871725530449f,0.5355059939433499f,-0.34005800505790496f,0.7730419675844143f,1.4938021001110644f,0f,0f,0f,1f], start_interpolation: 0, interpolation_duration: 1 }
$data merge entity $(bone_right_thumb) { transformation: [-0.5947491419247168f,-0.789755896092896f,-0.1501968134359707f,-1.9962254645287896f,0.5995888496549595f,-0.31132265832410966f,-0.7372729574475464f,2.5674325493698156f,0.5355059939433499f,-0.5285487933961408f,0.6586877131465474f,1.4208472279460085f,0f,0f,0f,1f], start_interpolation: 0, interpolation_duration: 1 }
$data merge entity $(bone_right_fingers_2) { transformation: [0.8727910426659848f,0.4644100699551028f,-0.1501968134359707f,-1.1355222844027497f,-0.4118414027612082f,0.5355513469203755f,-0.7372729574475464f,2.6671750624416717f,-0.26195888000543804f,0.705342499595812f,0.6586877131465474f,2.0592289666248385f,0f,0f,0f,1f], start_interpolation: 0, interpolation_duration: 1 }
$data merge entity $(bone_right_fingers) { transformation: [0.05204102946419381f,-0.9872854949233212f,-0.1501968134359707f,-1.569403679129298f,0.6594260538196958f,0.14692129103820076f,-0.7372729574475464f,2.756564961113619f,0.7499660064270182f,-0.060675248278694194f,0.6586877131465474f,2.073165240035602f,0f,0f,0f,1f], start_interpolation: 0, interpolation_duration: 1 }
$data merge entity $(bone_right_hand) { transformation: [-0.5947491419247168f,-0.789755896092896f,-0.1501968134359707f,-2.173765396827376f,0.5995888496549595f,-0.31132265832410966f,-0.7372729574475464f,2.4961337324867463f,0.5355059939433499f,-0.5285487933961408f,0.6586877131465474f,1.6307890950329638f,0f,0f,0f,1f], start_interpolation: 0, interpolation_duration: 1 }
$data merge entity $(bone_right_forearm) { transformation: [-1.7166579145166767f,-0.5521448770834645f,-0.2739529172526675f,-2.9189980016989305f,0.5665682204551435f,-1.0942852043875515f,-1.344756076268961f,0.8059162331617342f,0.2427233357776978f,-1.3507421988678985f,1.2014197668175628f,-0.31843614684063015f,0f,0f,0f,1f], start_interpolation: 0, interpolation_duration: 1 }
$data merge entity $(bone_right_bicep) { transformation: [-1.4911352973013972f,0.4719635409027741f,-0.25278547641012916f,-2.174798678465419f,0.4921364150106546f,1.5028292215053274f,-0.09716293477277523f,3.1508037597685936f,0.21083602644197533f,-0.16996853512257287f,-1.561023197427236f,-0.5641602065835998f,0f,0f,0f,1f], start_interpolation: 0, interpolation_duration: 1 }
$data merge entity $(bone_right_shoulder) { transformation: [-0.9825403075156419f,0.04917675102084235f,-0.24209330831921352f,-1.726080625f,0.05925388778330142f,1.0107747137100054f,-0.035162957410609846f,3.3464010176961256f,0.23982597765144548f,-0.04826079102470789f,-0.9831415844933208f,-0.6604221662296048f,0f,0f,0f,1f], start_interpolation: 0, interpolation_duration: 1 }
$data merge entity $(bone_right_arm) { transformation: [-1.3293824999999997f,-4.691904479959802e-17f,1.5589491795747087e-16f,-1.74976375f,0f,1.2729786095551059f,0.38312307542276586f,3.4263307805625782f,-1.628024023467506e-16f,0.38312307542276586f,-1.2729786095551059f,-0.5878729158922037f,0f,0f,0f,1f], start_interpolation: 0, interpolation_duration: 1 }
$data merge entity $(bone_left_thumb_2) { transformation: [-0.5947491419247168f,0.7897558960928961f,0.15019681343597055f,1.4196728619493704f,-0.5995888496549595f,-0.31132265832410966f,-0.7372729574475464f,2.6463809110061223f,-0.53550599394335f,-0.5285487933961406f,0.6586877131465474f,1.449481856728879f,0f,0f,0f,1f], start_interpolation: 0, interpolation_duration: 1 }
$data merge entity $(bone_left_thumb) { transformation: [-0.5947491419247168f,0.7897558960928961f,0.15019681343597055f,1.7852879645287885f,-0.5995888496549595f,-0.31132265832410966f,-0.7372729574475464f,2.7129417348454887f,-0.53550599394335f,-0.5285487933961406f,0.6586877131465474f,1.3765269845638233f,0f,0f,0f,1f], start_interpolation: 0, interpolation_duration: 1 }
$data merge entity $(bone_left_fingers_2) { transformation: [0.8727910426659848f,-0.4644100699551028f,0.15019681343597055f,0.9245847844027484f,0.4118414027612082f,0.5355513469203755f,-0.7372729574475464f,2.8126842479173444f,0.2619588800054382f,0.7053424995958119f,0.6586877131465474f,2.0149087232426535f,0f,0f,0f,1f], start_interpolation: 0, interpolation_duration: 1 }
$data merge entity $(bone_left_fingers) { transformation: [0.05204102946419381f,0.9872854949233212f,0.15019681343597055f,1.3584661791292967f,-0.6594260538196958f,0.14692129103820076f,-0.7372729574475464f,2.9020741465892916f,-0.7499660064270182f,-0.06067524827869397f,0.6586877131465474f,2.028844996653417f,0f,0f,0f,1f], start_interpolation: 0, interpolation_duration: 1 }
$data merge entity $(bone_left_hand) { transformation: [-0.5947491419247168f,0.7897558960928961f,0.15019681343597055f,1.9628278968273747f,-0.5995888496549595f,-0.31132265832410966f,-0.7372729574475464f,2.6416429179624195f,-0.53550599394335f,-0.5285487933961406f,0.6586877131465474f,1.5864688516507786f,0f,0f,0f,1f], start_interpolation: 0, interpolation_duration: 1 }
$data merge entity $(bone_left_forearm) { transformation: [-1.7166579145166767f,0.5521448770834648f,0.27395291725266724f,2.70806050169893f,-0.5665682204551435f,-1.0942852043875515f,-1.344756076268961f,0.9514254186374074f,-0.2427233357776982f,-1.3507421988678983f,1.2014197668175628f,-0.36275639022281503f,0f,0f,0f,1f], start_interpolation: 0, interpolation_duration: 1 }
$data merge entity $(bone_left_bicep) { transformation: [-1.4911352973013972f,-0.4719635409027741f,0.25278547641012955f,1.9638611784654187f,-0.4921364150106546f,1.5028292215053274f,-0.09716293477277523f,3.2963129452442668f,-0.21083602644197566f,-0.16996853512257296f,-1.561023197427236f,-0.6084804499657848f,0f,0f,0f,1f], start_interpolation: 0, interpolation_duration: 1 }
$data merge entity $(bone_left_shoulder) { transformation: [-0.9825403075156421f,-0.049176751020842346f,0.2420933083192138f,1.515143125f,-0.059253887783301436f,1.0107747137100056f,-0.03516295741060985f,3.491910203171799f,-0.23982597765144575f,-0.04826079102470791f,-0.983141584493321f,-0.7047424096117899f,0f,0f,0f,1f], start_interpolation: 0, interpolation_duration: 1 }
$data merge entity $(bone_left_arm) { transformation: [-1.3293824999999997f,-4.691904479959802e-17f,1.5589491795747087e-16f,1.749763125f,0f,1.2729786095551059f,0.38312307542276586f,3.4263307805625782f,-1.628024023467506e-16f,0.38312307542276586f,-1.2729786095551059f,-0.5878729158922033f,0f,0f,0f,1f], start_interpolation: 0, interpolation_duration: 1 }
$data merge entity $(bone_chest) { transformation: [-2.632522916666667f,-9.291190508604696e-17f,3.087124616992566e-16f,5.771298182735698e-17f,0f,2.520828551662359f,0.7586832803608015f,4.159435162094574f,-3.2239107635778877e-16f,0.7586832803608015f,-2.520828551662359f,-0.26987265045575626f,0f,0f,0f,1f], start_interpolation: 0, interpolation_duration: 1 }
$data merge entity $(bone_weist) { transformation: [-1.9493945833333333f,4.504083873364467e-17f,2.344446264595932e-16f,1.1851980050477024e-16f,0f,1.9143856548910487f,-0.36778635901391205f,0.31832770400879773f,-2.387319836754355e-16f,-0.36778635901391205f,-1.9143856548910487f,-0.7663980055193494f,0f,0f,0f,1f], start_interpolation: 0, interpolation_duration: 1 }
$data merge entity $(bone_right_cheek) { transformation: [-0.9928605625242509f,0.10813551489733066f,-0.05034494812706565f,-0.8235129231399345f,0.11538412229314508f,0.9776866745206764f,-0.17554278904968362f,-1.585843416931006f,0.03023917503286573f,-0.1800985199344803f,-0.9831836631122087f,-1.077088704748369f,0f,0f,0f,1f], start_interpolation: 0, interpolation_duration: 1 }
$data merge entity $(bone_right_foot) { transformation: [-1.1722006433119854f,0.05349665780568519f,0.09313782421310629f,-1.158205606139675f,0.09662686968217485f,0.9709480506563837f,0.6584178201253027f,-4.062611528248666f,-0.04690196958501926f,0.6633165800782856f,-0.9712889450204072f,0.9341598499974546f,0f,0f,0f,1f], start_interpolation: 0, interpolation_duration: 1 }
$data merge entity $(bone_right_knee) { transformation: [-2.8925217559137724f,0.17146008840079244f,0.20210892653498866f,-1.0033106771012168f,0.23843641816458802f,2.650603450043165f,1.1637775189640573f,-0.7281002883628066f,-0.11573527808051759f,1.175513282459576f,-2.653620650489207f,2.299594069268267f,0f,0f,0f,1f], start_interpolation: 0, interpolation_duration: 1 }
$data merge entity $(bone_right_leg) { transformation: [-2.4655574866158987f,0.03972616689703542f,-0.22239791994311123f,-0.8928749999999999f,0.20324088995550638f,-0.6742661694219744f,-2.3736198087229923f,-1.6353651804611937f,-0.09865162837706919f,-2.3819739056874125f,0.6681922566012469f,-1.0413547963773038f,0f,0f,0f,1f], start_interpolation: 0, interpolation_duration: 1 }
$data merge entity $(bone_left_cheek) { transformation: [-0.9928605623343575f,-0.10813551571987956f,0.050344950105238546f,0.8235123007730275f,-0.11538412416193143f,0.9776866702020796f,-0.17554281187378395f,-1.5858434692646786f,-0.030239174136991093f,-0.18009854288462865f,-0.9831836589357795f,-1.077088681320712f,0f,0f,0f,1f], start_interpolation: 0, interpolation_duration: 1 }
$data merge entity $(bone_left_foot) { transformation: [-1.1722006433119854f,-0.05349666030383194f,-0.09313782277821646f,1.1582049819914386f,-0.09662686968217485f,0.970948068316494f,0.6584177940824929f,-4.062611526503898f,0.046901969585019f,0.6633165540263326f,-0.9712889628119127f,0.9341599403168703f,0f,0f,0f,1f], start_interpolation: 0, interpolation_duration: 1 }
$data merge entity $(bone_left_knee) { transformation: [-2.8925217559137724f,-0.17146009382176672f,-0.2021089219360783f,1.003310668775595f,-0.23843641816458802f,2.6506034812580546f,1.1637774478694594f,-0.7281001990075445f,0.11573527808051694f,1.175513211284051f,-2.6536206820188744f,2.2995940452782424f,0f,0f,0f,1f], start_interpolation: 0, interpolation_duration: 1 }
$data merge entity $(bone_left_leg) { transformation: [-2.4655574866158987f,-0.03972616093186851f,0.2223979210086479f,0.8928750000000001f,-0.20324088995550638f,-0.6742662330873049f,-2.373619790637796f,-1.6353651804611937f,0.09865162837706863f,-2.381973887765132f,0.6681923204906516f,-1.0413547963773035f,0f,0f,0f,1f], start_interpolation: 0, interpolation_duration: 1 }
data modify entity @s data merge value {"locators":{"consume":{"posx":1.1543864978919176,"posy":2.917824652616471,"posz":1.8493918465915988,"roty":167.15479295120207,"rotx":-47.49962859422427}},"cameras":{}}