# This file was generated by Animated Java via MC-Build. It is not recommended to edit this file directly.
$data merge entity $(bone_neck) { transformation: [-1.2033625000000001f,-4.1855171900888564e-17f,1.4130069228023065e-16f,1.1102230246251565e-16f,0f,1.1538077132003262f,0.34177341524127414f,3.731152556742251f,-1.473694033838957e-16f,0.34177341524127414f,-1.1538077132003262f,-0.6274772179020766f,0f,0f,0f,1f], start_interpolation: 0, interpolation_duration: 1 }
$data merge entity $(bone_right_thumb_2) { transformation: [-0.6141321275525884f,-0.7887707165616592f,0.02612444454028584f,-1.6927918966337656f,0.5856032474367814f,-0.47763865953660223f,-0.6549275895147292f,2.442507763950942f,0.5290657487488934f,-0.3869135143812954f,0.7552399392841245f,1.536812615027231f,0f,0f,0f,1f], start_interpolation: 0, interpolation_duration: 1 }
$data merge entity $(bone_right_thumb) { transformation: [-0.6141321275525884f,-0.7686555099371917f,-0.17891460798640113f,-2.054956775571008f,0.5856032474367814f,-0.2918557835509976f,-0.7562334548268339f,2.5127843074396603f,0.5290657487488934f,-0.5692002359899628f,0.6293651760700963f,1.4512265894354082f,0f,0f,0f,1f], start_interpolation: 0, interpolation_duration: 1 }
$data merge entity $(bone_right_fingers_2) { transformation: [0.8814405849573631f,0.4370950219793116f,-0.17891460798640113f,-1.2204858520854753f,-0.40739319934261276f,0.5119977958253935f,-0.7562334548268339f,2.589535807659995f,-0.23894199362902396f,0.7394634533436013f,0.6293651760700963f,2.126546708003413f,0f,0f,0f,1f], start_interpolation: 0, interpolation_duration: 1 }
$data merge entity $(bone_right_fingers) { transformation: [0.023629734252419654f,-0.9835808043614074f,-0.17891460798640113f,-1.6543073792053187f,0.6361993950533121f,0.15284401046318677f,-0.7562334548268339f,2.6802880648407794f,0.7711627359986737f,-0.0959557697968016f,0.6293651760700963f,2.1256813670213277f,0f,0f,0f,1f], start_interpolation: 0, interpolation_duration: 1 }
$data merge entity $(bone_right_hand) { transformation: [-0.6141321275525884f,-0.7686555099371917f,-0.17891460798640113f,-2.2410550394086064f,0.5856032474367814f,-0.2918557835509976f,-0.7562334548268339f,2.4359114996109965f,0.5290657487488934f,-0.5692002359899628f,0.6293651760700963f,1.651570154389808f,0f,0f,0f,1f], start_interpolation: 0, interpolation_duration: 1 }
$data merge entity $(bone_right_forearm) { transformation: [-1.718378828242939f,-0.5172132329718727f,-0.32633301383512286f,-2.936952336841495f,0.5764677193565103f,-1.044957771303112f,-1.3793392571686791f,0.8164009148835647f,0.2041757400374357f,-1.4026340540089293f,1.1479366443093229f,-0.3744106676632363f,0f,0f,0f,1f], start_interpolation: 0, interpolation_duration: 1 }
$data merge entity $(bone_right_bicep) { transformation: [-1.4926301293113977f,0.4866919505393261f,-0.21288682024863198f,-2.170280091819489f,0.5007353863680788f,1.5010396026521873f,-0.07923850069303894f,3.1582388971963344f,0.17735254662439434f,-0.14193524028054524f,-1.5679716252712776f,-0.5762001420775102f,0f,0f,0f,1f], start_interpolation: 0, interpolation_duration: 1 }
$data merge entity $(bone_right_shoulder) { transformation: [-0.9866024757097341f,0.05783874595375706f,-0.22289731505058577f,-1.718268125f,0.06404177220836522f,1.0108728663359106f,-0.021158406959692216f,3.351462652439925f,0.22119490275021078f,-0.03469446986418505f,-0.988069879828855f,-0.6611842932528641f,0f,0f,0f,1f], start_interpolation: 0, interpolation_duration: 1 }
$data merge entity $(bone_right_arm) { transformation: [-1.3293824999999997f,-4.623838042113908e-17f,1.5609815625401629e-16f,-1.74976375f,0f,1.2746381761884154f,0.37756502898086236f,3.4263261937908474f,-1.628024023467506e-16f,0.37756502898086236f,-1.2746381761884154f,-0.5873195020653168f,0f,0f,0f,1f], start_interpolation: 0, interpolation_duration: 1 }
$data merge entity $(bone_left_thumb_2) { transformation: [-0.6141321275525883f,0.7686555099371918f,0.17891460798640102f,1.4896668966337656f,-0.5856032474367814f,-0.2918557835509976f,-0.7562334548268339f,2.5824401658951968f,-0.5290657487488938f,-0.5692002359899628f,0.6293651760700965f,1.4935228817049815f,0f,0f,0f,1f], start_interpolation: 0, interpolation_duration: 1 }
$data merge entity $(bone_left_thumb) { transformation: [-0.6141321275525883f,0.7686555099371918f,0.17891460798640102f,1.8518317755710079f,-0.5856032474367814f,-0.2918557835509976f,-0.7562334548268339f,2.652716709383915f,-0.5290657487488938f,-0.5692002359899628f,0.6293651760700965f,1.4079368561131587f,0f,0f,0f,1f], start_interpolation: 0, interpolation_duration: 1 }
$data merge entity $(bone_left_fingers_2) { transformation: [0.8814405849573631f,-0.4370950219793117f,0.17891460798640102f,1.0173608520854747f,0.40739319934261276f,0.5119977958253935f,-0.7562334548268339f,2.7294682096042497f,0.23894199362902424f,0.7394634533436014f,0.6293651760700965f,2.0832569746811638f,0f,0f,0f,1f], start_interpolation: 0, interpolation_duration: 1 }
$data merge entity $(bone_left_fingers) { transformation: [0.023629734252419765f,0.9835808043614074f,0.17891460798640102f,1.451182379205318f,-0.6361993950533121f,0.15284401046318677f,-0.7562334548268339f,2.820220466785034f,-0.7711627359986739f,-0.09595576979680137f,0.6293651760700965f,2.0823916336990784f,0f,0f,0f,1f], start_interpolation: 0, interpolation_duration: 1 }
$data merge entity $(bone_left_hand) { transformation: [-0.6141321275525883f,0.7686555099371918f,0.17891460798640102f,2.037930039408606f,-0.5856032474367814f,-0.2918557835509976f,-0.7562334548268339f,2.5758439015552512f,-0.5290657487488938f,-0.5692002359899628f,0.6293651760700965f,1.6082804210675588f,0f,0f,0f,1f], start_interpolation: 0, interpolation_duration: 1 }
$data merge entity $(bone_left_forearm) { transformation: [-1.718378828242939f,0.5172132329718729f,0.32633301383512264f,2.733827336841495f,-0.5764677193565103f,-1.044957771303112f,-1.3793392571686791f,0.9563333168278194f,-0.2041757400374361f,-1.4026340540089295f,1.147936644309323f,-0.4177004009854858f,0f,0f,0f,1f], start_interpolation: 0, interpolation_duration: 1 }
$data merge entity $(bone_left_bicep) { transformation: [-1.4926301293113977f,-0.4866919505393261f,0.21288682024863234f,1.9671550918194889f,-0.5007353863680788f,1.5010396026521873f,-0.07923850069303894f,3.298171299140589f,-0.1773525466243947f,-0.14193524028054533f,-1.5679716252712779f,-0.6194898753997599f,0f,0f,0f,1f], start_interpolation: 0, interpolation_duration: 1 }
$data merge entity $(bone_left_shoulder) { transformation: [-0.9866024757097344f,-0.05783874595375708f,0.22289731505058605f,1.515143125f,-0.06404177220836524f,1.0108728663359108f,-0.02115840695969222f,3.4913950543841796f,-0.22119490275021106f,-0.034694469864185055f,-0.9880698798288552f,-0.7044740265751138f,0f,0f,0f,1f], start_interpolation: 0, interpolation_duration: 1 }
$data merge entity $(bone_left_arm) { transformation: [-1.3293824999999997f,-4.623838042113908e-17f,1.5609815625401629e-16f,1.749763125f,0f,1.2746381761884154f,0.37756502898086236f,3.4263261937908474f,-1.628024023467506e-16f,0.37756502898086236f,-1.2746381761884154f,-0.5873195020653164f,0f,0f,0f,1f], start_interpolation: 0, interpolation_duration: 1 }
$data merge entity $(bone_chest) { transformation: [-2.632522916666667f,-9.156401268122603e-17f,3.0911492635724644e-16f,5.888904472843704e-17f,0f,2.5241149249927757f,0.7476769036180592f,4.160811130208236f,-3.2239107635778877e-16f,0.7476769036180592f,-2.5241149249927757f,-0.27252102491682945f,0f,0f,0f,1f], start_interpolation: 0, interpolation_duration: 1 }
$data merge entity $(bone_weist) { transformation: [-1.9493945833333333f,4.452925311951356e-17f,2.345423323117315e-16f,1.1780582381522085e-16f,0f,1.9151834837197876f,-0.36360894545689865f,0.313079275497987f,-2.387319836754355e-16f,-0.36360894545689865f,-1.9151834837197876f,-0.7536130355096302f,0f,0f,0f,1f], start_interpolation: 0, interpolation_duration: 1 }
$data merge entity $(bone_right_cheek) { transformation: [-0.9922484397132805f,0.1120130064217939f,-0.05381561370932702f,-0.824645132738447f,0.11971051106062688f,0.9777941753263861f,-0.17201146543005932f,-1.5884685046019855f,0.03335307224475534f,-0.17712040280595603f,-0.9836238790725308f,-1.0645927776840693f,0f,0f,0f,1f], start_interpolation: 0, interpolation_duration: 1 }
$data merge entity $(bone_right_foot) { transformation: [-1.1713099979791723f,0.055148196755724625f,0.10287108391178719f,-1.192597908024465f,0.10303631298526972f,0.9759531006060986f,0.6499922757235708f,-4.161375920713259f,-0.054838870493433965f,0.6557935015601305f,-0.9759705305341295f,0.9239601549126322f,0f,0f,0f,1f], start_interpolation: 0, interpolation_duration: 1 }
$data merge entity $(bone_right_knee) { transformation: [-2.890323999909573f,0.17461842532461208f,0.22905080139109993f,-1.0328127291672105f,0.25425235744364827f,2.6321481464706706f,1.2016990314963996f,-0.8481160204903303f,-0.13532037102779304f,1.2158261508547143f,-2.6344608284460667f,2.339638714937808f,0f,0f,0f,1f], start_interpolation: 0, interpolation_duration: 1 }
$data merge entity $(bone_right_leg) { transformation: [-2.463684140716657f,0.060659119901382265f,-0.237894196846158f,-0.8928749999999999f,0.21672224317873584f,-0.589822963371096f,-2.3948179605412134f,-1.6371901590738611f,-0.1153457716254295f,-2.4038390266388454f,0.581606404637368f,-1.0300859595487766f,0f,0f,0f,1f], start_interpolation: 0, interpolation_duration: 1 }
$data merge entity $(bone_left_cheek) { transformation: [-0.9922484394678557f,-0.11201300742176223f,0.053815616153095054f,0.8246445108403682f,-0.11971051335455805f,0.9777941705065677f,-0.17201149123172832f,-1.5884685603938782f,-0.03335307131274751f,-0.17712042878140002f,-0.9836238744267553f,-1.0645927501396915f,0f,0f,0f,1f], start_interpolation: 0, interpolation_duration: 1 }
$data merge entity $(bone_left_foot) { transformation: [-1.1713099979791721f,-0.055148199727184447f,-0.10287108231881606f,1.1925972845608428f,-0.10303631298526976f,0.9759531193813052f,0.649992247532896f,-4.161375918853183f,0.05483887049343369f,0.6557934733689521f,-0.9759705494769062f,0.9239602573402186f,0f,0f,0f,1f], start_interpolation: 0, interpolation_duration: 1 }
$data merge entity $(bone_left_knee) { transformation: [-2.890323999909573f,-0.174618431940808f,-0.22905079634719785f,1.032812719585273f,-0.2542523574436484f,2.63214818118208f,1.2016989554660729f,-0.8481159234462935f,0.13532037102779237f,1.215826074757585f,-2.634460863565542f,2.339638692611336f,0f,0f,0f,1f], start_interpolation: 0, interpolation_duration: 1 }
$data merge entity $(bone_left_leg) { transformation: [-2.4636841407166568f,-0.0606591130297421f,0.23789419859831326f,0.8928750000000001f,-0.21672224317873595f,-0.5898230325460749f,-2.3948179435040147f,-1.6371901590738611f,0.11534577162542892f,-2.403839009838984f,0.5816064740729231f,-1.0300859595487761f,0f,0f,0f,1f], start_interpolation: 0, interpolation_duration: 1 }
data modify entity @s data merge value {"locators":{"consume":{"posx":1.239965067274928,"posy":2.840536397190079,"posz":1.911879059635317,"roty":164.13072075964644,"rotx":-49.13326335174938}},"cameras":{}}
execute on vehicle unless entity @s[tag=aj.transforms_only] run function animated_java:armor/variants/skin_6/apply
execute on vehicle unless entity @s[tag=aj.transforms_only] at @s run function animated_java:armor/animations/born/zzz/frames/zzz/6