# This file was generated by Animated Java via MC-Build. It is not recommended to edit this file directly.
$data merge entity $(bone_neck) { transformation: [-1.2033625000000001f,-3.938276004393386e-17f,1.4200964497190778e-16f,1.1102230246251565e-16f,0f,1.1595967512492615f,0.3215846403334714f,3.7305474316438154f,-1.473694033838957e-16f,0.3215846403334714f,-1.1595967512492615f,-0.6305782502870593f,0f,0f,0f,1f], start_interpolation: 0, interpolation_duration: 1 }
$data merge entity $(bone_right_thumb_2) { transformation: [-0.6933208292394772f,-0.7138878073509144f,-0.0983383254809009f,-1.9750415120855946f,0.5307456209822948f,-0.41354883364982986f,-0.7397881102011469f,2.193629398520107f,0.4874580120900693f,-0.5651031416498847f,0.6656148479012686f,1.6647835495854504f,0f,0f,0f,1f], start_interpolation: 0, interpolation_duration: 1 }
$data merge entity $(bone_right_thumb) { transformation: [-0.6933208292394772f,-0.6641108386951755f,-0.27975528890491846f,-2.318183850880149f,0.5307456209822948f,-0.20798624659363318f,-0.8216147558533812f,2.2804041683283423f,0.4874580120900693f,-0.7181215183765792f,0.4966751164430477f,1.5300592587976178f,0f,0f,0f,1f], start_interpolation: 0, interpolation_duration: 1 }
$data merge entity $(bone_right_fingers_2) { transformation: [0.909027434706959f,0.30887878088306997f,-0.27975528890491846f,-1.6065194221654557f,-0.3931201032304825f,0.4128023466503603f,-0.8216147558533812f,2.2610577156223135f,-0.13829572439573368f,0.8568477818843586f,0.4966751164430477f,2.3371833094499674f,0f,0f,0f,1f], start_interpolation: 0, interpolation_duration: 1 }
$data merge entity $(bone_right_fingers) { transformation: [-0.1042323499657487f,-0.9543964561702561f,-0.27975528890491846f,-2.034318403784339f,0.5402657159588149f,0.18183000061458107f,-0.8216147558533812f,2.3595393052148124f,0.8350141156771709f,-0.23678102822261377f,0.4966751164430477f,2.276132132326211f,0f,0f,0f,1f], start_interpolation: 0, interpolation_duration: 1 }
$data merge entity $(bone_right_hand) { transformation: [-0.6933208292394772f,-0.6641108386951755f,-0.27975528890491846f,-2.534717643907795f,0.5307456209822948f,-0.20798624659363318f,-0.8216147558533812f,2.1840096976156476f,0.4874580120900693f,-0.7181215183765792f,0.4966751164430477f,1.6865864414163207f,0f,0f,0f,1f], start_interpolation: 0, interpolation_duration: 1 }
$data merge entity $(bone_right_forearm) { transformation: [-1.7166302575911778f,-0.3458922730324319f,-0.5102623401863113f,-2.9861490874371164f,0.6144544546064379f,-0.8387466717946859f,-1.4985921077468516f,0.8612702274524731f,0.04954637797315132f,-1.5823056334486405f,0.905915338439496f,-0.6065022659412456f,0f,0f,0f,1f], start_interpolation: 0, interpolation_duration: 1 }
$data merge entity $(bone_right_bicep) { transformation: [-1.491111273751057f,0.5332115352855333f,-0.04906305957083566f,-2.1490025558854398f,0.5337316876587516f,1.4917027349885754f,-0.009380399781026982f,3.187538651310357f,0.04303731828248573f,-0.0253567535294894f,-1.5835527715137894f,-0.625773061123858f,0f,0f,0f,1f], start_interpolation: 0, interpolation_duration: 1 }
$data merge entity $(bone_right_shoulder) { transformation: [-0.9993170617383591f,0.08522861374445528f,-0.14322874077729958f,-1.687018125f,0.08118287488012747f,1.0092846508690487f,0.03415864477961755f,3.3717356370727916f,0.1455600550001613f,0.02221611095986373f,-1.002363054720698f,-0.6646883504706301f,0f,0f,0f,1f], start_interpolation: 0, interpolation_duration: 1 }
$data merge entity $(bone_right_arm) { transformation: [-1.3293824999999997f,-4.350704962478462e-17f,1.5688135275685185e-16f,-1.74976375f,0f,1.281033460962612f,0.3552620204868532f,3.4264683440023265f,-1.628024023467506e-16f,0.3552620204868532f,-1.281033460962612f,-0.585106697085903f,0f,0f,0f,1f], start_interpolation: 0, interpolation_duration: 1 }
$data merge entity $(bone_left_thumb_2) { transformation: [-0.6933208292394771f,0.6641108386951756f,0.2797552889049184f,1.8031665120855946f,-0.5307456209822948f,-0.20798624659363318f,-0.8216147558533812f,2.3113764273626263f,-0.48745801209006945f,-0.718121518376579f,0.49667511644304774f,1.6260929134604283f,0f,0f,0f,1f], start_interpolation: 0, interpolation_duration: 1 }
$data merge entity $(bone_left_thumb) { transformation: [-0.6933208292394771f,0.6641108386951756f,0.2797552889049184f,2.146308850880149f,-0.5307456209822948f,-0.20798624659363318f,-0.8216147558533812f,2.3981511971708613f,-0.48745801209006945f,-0.718121518376579f,0.49667511644304774f,1.491368622672596f,0f,0f,0f,1f], start_interpolation: 0, interpolation_duration: 1 }
$data merge entity $(bone_left_fingers_2) { transformation: [0.909027434706959f,-0.30887878088307025f,0.2797552889049184f,1.4346444221654553f,0.3931201032304825f,0.4128023466503603f,-0.8216147558533812f,2.3788047444648326f,0.13829572439573387f,0.8568477818843585f,0.49667511644304774f,2.2984926733249456f,0f,0f,0f,1f], start_interpolation: 0, interpolation_duration: 1 }
$data merge entity $(bone_left_fingers) { transformation: [-0.10423234996574848f,0.9543964561702563f,0.2797552889049184f,1.8624434037843387f,-0.5402657159588149f,0.18183000061458107f,-0.8216147558533812f,2.4772863340573315f,-0.8350141156771709f,-0.23678102822261354f,0.49667511644304774f,2.237441496201189f,0f,0f,0f,1f], start_interpolation: 0, interpolation_duration: 1 }
$data merge entity $(bone_left_hand) { transformation: [-0.6933208292394771f,0.6641108386951756f,0.2797552889049184f,2.3628426439077947f,-0.5307456209822948f,-0.20798624659363318f,-0.8216147558533812f,2.3017567264581666f,-0.48745801209006945f,-0.718121518376579f,0.49667511644304774f,1.6478958052912989f,0f,0f,0f,1f], start_interpolation: 0, interpolation_duration: 1 }
$data merge entity $(bone_left_forearm) { transformation: [-1.7166302575911778f,0.34589227303243225f,0.5102623401863112f,2.8142740874371164f,-0.6144544546064379f,-0.8387466717946859f,-1.4985921077468516f,0.9790172562949921f,-0.04954637797315172f,-1.5823056334486403f,0.9059153384394961f,-0.6451929020662674f,0f,0f,0f,1f], start_interpolation: 0, interpolation_duration: 1 }
$data merge entity $(bone_left_bicep) { transformation: [-1.491111273751057f,-0.5332115352855333f,0.04906305957083597f,1.9771275558854395f,-0.5337316876587516f,1.4917027349885754f,-0.009380399781026982f,3.3052856801528763f,-0.043037318282486074f,-0.025356753529489497f,-1.5835527715137894f,-0.6644636972488801f,0f,0f,0f,1f], start_interpolation: 0, interpolation_duration: 1 }
$data merge entity $(bone_left_shoulder) { transformation: [-0.9993170617383593f,-0.0852286137444553f,0.14322874077729983f,1.515143125f,-0.08118287488012749f,1.009284650869049f,0.03415864477961757f,3.4894826659153106f,-0.1455600550001616f,0.022216110959863738f,-1.0023630547206983f,-0.7033789865956523f,0f,0f,0f,1f], start_interpolation: 0, interpolation_duration: 1 }
$data merge entity $(bone_left_arm) { transformation: [-1.3293824999999997f,-4.350704962478462e-17f,1.5688135275685185e-16f,1.749763125f,0f,1.281033460962612f,0.3552620204868532f,3.4264683440023265f,-1.628024023467506e-16f,0.3552620204868532f,-1.281033460962612f,-0.5851066970859026f,0f,0f,0f,1f], start_interpolation: 0, interpolation_duration: 1 }
$data merge entity $(bone_chest) { transformation: [-2.632522916666667f,-8.615526770797679e-17f,3.106658590210718e-16f,6.360299756723308e-17f,0f,2.536779251269586f,0.7035111492387963f,4.166335405775374f,-3.2239107635778877e-16f,0.7035111492387963f,-2.536779251269586f,-0.28317469490266467f,0f,0f,0f,1f], start_interpolation: 0, interpolation_duration: 1 }
$data merge entity $(bone_weist) { transformation: [-1.9493945833333333f,4.2480815593210326e-17f,2.3492198776645845e-16f,1.1490066925664955e-16f,0f,1.9182836057712336f,-0.3468821836858359f,0.2927252949632473f,-2.387319836754355e-16f,-0.3468821836858359f,-1.9182836057712336f,-0.7020519722134118f,0f,0f,0f,1f], start_interpolation: 0, interpolation_duration: 1 }
$data merge entity $(bone_right_cheek) { transformation: [-0.9905255932612648f,0.12073815218165247f,-0.06543200823893137f,-0.8293018617495908f,0.12976281812911547f,0.9788493414372086f,-0.15816313666316914f,-1.59847632841888f,0.04495175330962668f,-0.1651552765602794f,-0.9852426475232826f,-1.0155505074465552f,0f,0f,0f,1f], start_interpolation: 0, interpolation_duration: 1 }
$data merge entity $(bone_right_foot) { transformation: [-1.1668971910402601f,0.06240119677498802f,0.14159071671533568f,-1.3343147666224775f,0.12786987475209285f,0.9954226558603906f,0.6151210663010105f,-4.554809136159116f,-0.0871271229284963f,0.6251645557111001f,-0.9935638065113418f,0.8414522286722992f,0f,0f,0f,1f], start_interpolation: 0, interpolation_duration: 1 }
$data merge entity $(bone_right_knee) { transformation: [-2.8794349595833486f,0.17724084949823996f,0.3381843925026822f,-1.1672982780507566f,0.31553164277521767f,2.5532667873404273f,1.3484054225661832f,-1.3330489523250904f,-0.21499484754486178f,1.3734420564652363f,-2.550365232980509f,2.453821623547297f,0f,0f,0f,1f], start_interpolation: 0, interpolation_duration: 1 }
$data merge entity $(bone_right_leg) { transformation: [-2.454402428368774f,0.15637209531742544f,-0.28542811768038034f,-0.8928749999999999f,0.2689561115722314f,-0.24812590845860533f,-2.448695339673475f,-1.644357852680633f,-0.18325952254786768f,-2.4584535839215444f,0.22898612630003967f,-0.9849344857301292f,0f,0f,0f,1f], start_interpolation: 0, interpolation_duration: 1 }
$data merge entity $(bone_left_cheek) { transformation: [-0.9905255927232112f,-0.12073815410284419f,0.06543201283904622f,0.8293012421702486f,-0.1297628225069f,0.9788493347753552f,-0.15816317430074428f,-1.598476397614692f,-0.04495175252839465f,-0.16515531463953176f,-0.9852426411757377f,-1.0155504631311103f,0f,0f,0f,1f], start_interpolation: 0, interpolation_duration: 1 }
$data merge entity $(bone_left_foot) { transformation: [-1.1668971910402601f,-0.06240120203341417f,-0.14159071439786655f,1.3343141476779916f,-0.12786987475209288f,0.995422678704887f,0.6151210293327927f,-4.554809135599373f,0.08712712292849602f,0.6251645188119165f,-0.9935638297288354f,0.8414523838653518f,0f,0f,0f,1f], start_interpolation: 0, interpolation_duration: 1 }
$data merge entity $(bone_left_knee) { transformation: [-2.8794349595833486f,-0.17724086205780382f,-0.3381843859202732f,1.1672982633219164f,-0.3155316427752178f,2.553266837417793f,1.3484053277424197f,-1.33304882496964f,0.2149948475448611f,1.3734419617492306f,-2.5503652839876905f,2.453821613193277f,0f,0f,0f,1f], start_interpolation: 0, interpolation_duration: 1 }
$data merge entity $(bone_left_leg) { transformation: [-2.454402428368774f,-0.1563720847171349f,0.28542812348776014f,0.8928750000000001f,-0.26895611157223154f,-0.24812599939877217f,-2.4486953304585217f,-1.644357852680633f,0.1832595225478671f,-2.458453575417409f,0.22898621760261065f,-0.984934485730129f,0f,0f,0f,1f], start_interpolation: 0, interpolation_duration: 1 }
data modify entity @s data merge value {"locators":{"consume":{"posx":1.62601709198884,"posy":2.51353218054034,"posz":2.1074843282392806,"roty":150.6093483111673,"rotx":-55.24676520472284}},"cameras":{}}