# This file was generated by Animated Java via MC-Build. It is not recommended to edit this file directly.
$data merge entity $(bone_neck) { transformation: [-1.2033625000000001f,-3.814200826114808e-17f,1.4234791273331648e-16f,1.1102230246251565e-16f,0f,1.162358917137779f,0.31145313316218215f,3.730306407063919f,-1.473694033838957e-16f,0.31145313316218215f,-1.162358917137779f,-0.6321251639043324f,0f,0f,0f,1f], start_interpolation: 0, interpolation_duration: 1 }
$data merge entity $(bone_right_thumb_2) { transformation: [-0.7324626209012027f,-0.6631731615987054f,-0.15394761030207094f,-2.1329559060402827f,0.5044092275296537f,-0.376754850611401f,-0.7769344333492493f,2.060996464330927f,0.45724155559778146f,-0.6467280265118858f,0.6104695074764691f,1.6990285689160123f,0f,0f,0f,1f], start_interpolation: 0, interpolation_duration: 1 }
$data merge entity $(bone_right_thumb) { transformation: [-0.7324626209012027f,-0.6007315105957663f,-0.32034381710885196f,-2.463497985712469f,0.5044092275296537f,-0.16283181223851123f,-0.8479723651782883f,2.1569785721395434f,0.45724155559778146f,-0.7826924383820576f,0.42228273317064496f,1.5410522149146788f,0f,0f,0f,1f], start_interpolation: 0, interpolation_duration: 1 }
$data merge entity $(bone_right_fingers_2) { transformation: [0.9177166838168813f,0.23489556633592973f,-0.32034381710885196f,-1.822788986009549f,-0.388334313318939f,0.3607482903536037f,-0.8479723651782883f,2.0874664051373553f,-0.08362146460840603f,0.9025988831827101f,0.42228273317064496f,2.4029975808224706f,0f,0f,0f,1f], start_interpolation: 0, interpolation_duration: 1 }
$data merge entity $(bone_right_fingers) { transformation: [-0.17495614877449234f,-0.9310049327721783f,-0.32034381710885196f,-2.2439342586667252f,0.4910661571767475f,0.1994915967393155f,-0.8479723651782883f,2.1912046660064792f,0.8533723544160896f,-0.3056679865217656f,0.42228273317064496f,2.3118226339270787f,0f,0f,0f,1f], start_interpolation: 0, interpolation_duration: 1 }
$data merge entity $(bone_right_hand) { transformation: [-0.7324626209012027f,-0.6007315105957663f,-0.32034381710885196f,-2.692460215019672f,0.5044092275296537f,-0.16283181223851123f,-0.8479723651782883f,2.052557927911212f,0.45724155559778146f,-0.7826924383820576f,0.42228273317064496f,1.672779824074964f,0f,0f,0f,1f], start_interpolation: 0, interpolation_duration: 1 }
$data merge entity $(bone_right_forearm) { transformation: [-1.7105721006728987f,-0.24366363472403088f,-0.5842941751772711f,-2.996792928054179f,0.632462812675319f,-0.7311905002662522f,-1.5466673218687719f,0.8852655852354063f,-0.027612327244147295f,-1.6531234216074036f,0.7702266380427908f,-0.7264900774685873f,0f,0f,0f,1f], start_interpolation: 0, interpolation_duration: 1 }
$data merge entity $(bone_right_bicep) { transformation: [-1.4858489954945413f,0.5488047397543157f,0.034650773361746406f,-2.136409366635654f,0.5493742324755571f,1.4858393964667482f,0.024572270605877567f,3.2018997806337985f,-0.023984811094980133f,0.035059968825338496f,-1.583770843053442f,-0.6512797681630452f,0f,0f,0f,1f], start_interpolation: 0, interpolation_duration: 1 }
$data merge entity $(bone_right_shoulder) { transformation: [-1.003535464569824f,0.0944212541465628f,-0.10204987399726427f,-1.671393125f,0.08853522071932039f,1.0073730793827456f,0.06143266471467424f,3.3818837855998165f,0.10719638384595133f,0.05193346095875529f,-1.006093847307515f,-0.6667133892837187f,0f,0f,0f,1f], start_interpolation: 0, interpolation_duration: 1 }
$data merge entity $(bone_right_arm) { transformation: [-1.3293824999999997f,-4.2136362315782373e-17f,1.5725504500863043e-16f,-1.74976375f,0f,1.284084889766727f,0.3440695092260017f,3.4266357069455124f,-1.628024023467506e-16f,0.3440695092260017f,-1.284084889766727f,-0.5840017851679729f,0f,0f,0f,1f], start_interpolation: 0, interpolation_duration: 1 }
$data merge entity $(bone_left_thumb_2) { transformation: [-0.7324626209012026f,0.6007315105957666f,0.3203438171088519f,1.9767059060402818f,-0.5044092275296537f,-0.16283181223851123f,-0.8479723651782883f,2.1677282008644347f,-0.45724155559778173f,-0.7826924383820576f,0.4222827331706451f,1.6629224902513076f,0f,0f,0f,1f], start_interpolation: 0, interpolation_duration: 1 }
$data merge entity $(bone_left_thumb) { transformation: [-0.7324626209012026f,0.6007315105957666f,0.3203438171088519f,2.307247985712468f,-0.5044092275296537f,-0.16283181223851123f,-0.8479723651782883f,2.2637103086730512f,-0.45724155559778173f,-0.7826924383820576f,0.4222827331706451f,1.504946136249974f,0f,0f,0f,1f], start_interpolation: 0, interpolation_duration: 1 }
$data merge entity $(bone_left_fingers_2) { transformation: [0.9177166838168812f,-0.23489556633592992f,0.3203438171088519f,1.6665389860095476f,0.388334313318939f,0.3607482903536037f,-0.8479723651782883f,2.194198141670863f,0.08362146460840625f,0.9025988831827102f,0.4222827331706451f,2.366891502157766f,0f,0f,0f,1f], start_interpolation: 0, interpolation_duration: 1 }
$data merge entity $(bone_left_fingers) { transformation: [-0.17495614877449212f,0.9310049327721783f,0.3203438171088519f,2.087684258666724f,-0.4910661571767475f,0.1994915967393155f,-0.8479723651782883f,2.297936402539987f,-0.8533723544160898f,-0.3056679865217654f,0.4222827331706451f,2.275716555262374f,0f,0f,0f,1f], start_interpolation: 0, interpolation_duration: 1 }
$data merge entity $(bone_left_hand) { transformation: [-0.7324626209012026f,0.6007315105957666f,0.3203438171088519f,2.536210215019671f,-0.5044092275296537f,-0.16283181223851123f,-0.8479723651782883f,2.15928966444472f,-0.45724155559778173f,-0.7826924383820576f,0.4222827331706451f,1.6366737454102596f,0f,0f,0f,1f], start_interpolation: 0, interpolation_duration: 1 }
$data merge entity $(bone_left_forearm) { transformation: [-1.7105721006728987f,0.24366363472403124f,0.584294175177271f,2.840542928054179f,-0.632462812675319f,-0.7311905002662522f,-1.5466673218687719f,0.9919973217689142f,0.027612327244146865f,-1.6531234216074038f,0.7702266380427909f,-0.7625961561332921f,0f,0f,0f,1f], start_interpolation: 0, interpolation_duration: 1 }
$data merge entity $(bone_left_bicep) { transformation: [-1.4858489954945413f,-0.5488047397543157f,-0.03465077336174608f,1.9801593666356538f,-0.5493742324755571f,1.4858393964667482f,0.024572270605877567f,3.3086315171673064f,0.02398481109497976f,0.0350599688253384f,-1.5837708430534423f,-0.6873858468277502f,0f,0f,0f,1f], start_interpolation: 0, interpolation_duration: 1 }
$data merge entity $(bone_left_shoulder) { transformation: [-1.0035354645698242f,-0.09442125414656283f,0.10204987399726452f,1.515143125f,-0.08853522071932042f,1.0073730793827458f,0.061432664714674255f,3.4886155221333244f,-0.1071963838459516f,0.051933460958755305f,-1.0060938473075152f,-0.7028194679484238f,0f,0f,0f,1f], start_interpolation: 0, interpolation_duration: 1 }
$data merge entity $(bone_left_arm) { transformation: [-1.3293824999999997f,-4.2136362315782373e-17f,1.5725504500863043e-16f,1.749763125f,0f,1.284084889766727f,0.3440695092260017f,3.4266357069455124f,-1.628024023467506e-16f,0.3440695092260017f,-1.284084889766727f,-0.5840017851679724f,0f,0f,0f,1f], start_interpolation: 0, interpolation_duration: 1 }
$data merge entity $(bone_chest) { transformation: [-2.632522916666667f,-8.344095053249675e-17f,3.114058668191193e-16f,6.596548055073062e-17f,0f,2.542821873506158f,0.6813470675021694f,4.1691094171830745f,-3.2239107635778877e-16f,0.6813470675021694f,-2.542821873506158f,-0.28853775580884633f,0f,0f,0f,1f], start_interpolation: 0, interpolation_duration: 1 }
$data merge entity $(bone_weist) { transformation: [-1.9493945833333333f,4.1455373916050747e-17f,2.351051084155528e-16f,1.1341865318219998e-16f,0f,1.9197788993466693f,-0.3385088169496183f,0.2829358995231883f,-2.387319836754355e-16f,-0.3385088169496183f,-1.9197788993466693f,-0.6760223159653591f,0f,0f,0f,1f], start_interpolation: 0, interpolation_duration: 1 }
$data merge entity $(bone_right_cheek) { transformation: [-0.9902018707863296f,0.12111249392996452f,-0.0695127247726431f,-0.8316688227077346f,0.13048299923768647f,0.979787437391137f,-0.1516270570856239f,-1.6031148744465433f,0.049743763440162465f,-0.15921162440152867f,-0.9859904749307856f,-0.9915594432138196f,0f,0f,0f,1f], start_interpolation: 0, interpolation_duration: 1 }
$data merge entity $(bone_right_foot) { transformation: [-1.1641826540679514f,0.06641637690363729f,0.16080580749107676f,-1.4058829332446074f,0.1397864683873929f,1.0048086448728517f,0.5970010262312184f,-4.748598282406883f,-0.10358275001004583f,0.6095402750797863f,-1.001659703608256f,0.7751018421936955f,0f,0f,0f,1f], start_interpolation: 0, interpolation_duration: 1 }
$data merge entity $(bone_right_knee) { transformation: [-2.872736569427675f,0.17250626019679363f,0.39313468608080887f,-1.2427123385591199f,0.3449370236229016f,2.511012097787287f,1.4187196280569654f,-1.5762117044296509f,-0.25560074518888604f,1.4498236180628445f,-2.5039186137133296f,2.4829387817235067f,0f,0f,0f,1f], start_interpolation: 0, interpolation_duration: 1 }
$data merge entity $(bone_right_leg) { transformation: [-2.448692785576f,0.21020275114752954f,-0.29955161194211943f,-0.8928749999999999f,0.29402097296785307f,-0.07651539153183819f,-2.4571751637302603f,-1.6478618894072845f,-0.21787159581310586f,-2.4657601102312863f,0.05071261646879744f,-0.9623108512656738f,0f,0f,0f,1f], start_interpolation: 0, interpolation_duration: 1 }
$data merge entity $(bone_left_cheek) { transformation: [-0.9902018700687604f,-0.12111249645776563f,0.06951273059014065f,0.8316682045531566f,-0.1304830048634084f,0.9797874299088164f,-0.1516271005938343f,-1.6031149500836153f,-0.04974376296728597f,-0.15921166852478083f,-0.9859904678298929f,-0.9915593903415554f,0f,0f,0f,1f], start_interpolation: 0, interpolation_duration: 1 }
$data merge entity $(bone_left_foot) { transformation: [-1.1641826540679514f,-0.0664163835392376f,-0.16080580475042586f,1.4058823178546227f,-0.1397864683873929f,1.0048086695079073f,0.5970009847681105f,-4.748598283858855f,0.10358275001004555f,0.6095402337466185f,-1.0016597287607396f,0.7751020262515629f,0f,0f,0f,1f], start_interpolation: 0, interpolation_duration: 1 }
$data merge entity $(bone_left_knee) { transformation: [-2.872736569427675f,-0.17250627641937089f,-0.3931346789623923f,1.2427123214160536f,-0.3449370236229016f,2.511012156330297f,1.418719524440853f,-1.57621156255367f,0.25560074518888537f,1.4498235147394425f,-2.503918673539836f,2.482938780513678f,0f,0f,0f,1f], start_interpolation: 0, interpolation_duration: 1 }
$data merge entity $(bone_left_leg) { transformation: [-2.448692785576f,-0.21020273878662732f,0.29955162061606844f,0.8928750000000001f,-0.29402097296785307f,-0.07651549292638561f,-2.4571751605728758f,-1.6478618894072845f,0.21787159581310528f,-2.4657601081386447f,0.05071271821759988f,-0.9623108512656736f,0f,0f,0f,1f], start_interpolation: 0, interpolation_duration: 1 }
data modify entity @s data merge value {"locators":{"consume":{"posx":1.8411164019509427,"posy":2.340674372309537,"posz":2.16858212673571,"roty":142.81603427796728,"rotx":-57.99181277287899}},"cameras":{}}