# This file was generated by Animated Java via MC-Build. It is not recommended to edit this file directly.
$data merge entity $(bone_neck) { transformation: [-1.2033625000000001f,-3.440270399418123e-17f,1.4329757503745174e-16f,1.1102230246251565e-16f,0f,1.1701134983345491f,0.280919396663052f,3.7298296960784825f,-1.473694033838957e-16f,0.280919396663052f,-1.1701134983345491f,-0.6367557927118961f,0f,0f,0f,1f], start_interpolation: 0, interpolation_duration: 1 }
$data merge entity $(bone_right_thumb_2) { transformation: [-0.8384827620601943f,-0.4648249174869278f,-0.2844019230089315f,-2.6459203424314657f,0.4323934053065216f,-0.24989788014948822f,-0.8663642378031438f,1.6375530709852706f,0.3316362476801014f,-0.8494049950289102f,0.410522293724226f,1.66440501094526f,0f,0f,0f,1f], start_interpolation: 0, interpolation_duration: 1 }
$data merge entity $(bone_right_thumb) { transformation: [-0.8384827620601943f,-0.3753777583648164f,-0.3950167037644268f,-2.9273633222830537f,0.4323934053065216f,-0.017151251632098102f,-0.9015219229807352f,1.7647388022701107f,0.3316362476801014f,-0.9267132097323627f,0.17669189605696264f,1.4452228977910329f,0f,0f,0f,1f], start_interpolation: 0, interpolation_duration: 1 }
$data merge entity $(bone_right_fingers_2) { transformation: [0.918564952287412f,-0.014150341915024678f,-0.3950167037644268f,-2.5274403444545976f,-0.3846330781411603f,0.19828166225037946f,-0.9015219229807352f,1.538804626367264f,0.09108141209314441f,0.9800429328549412f,0.17669189605696264f,2.4185189151647277f,0f,0f,0f,1f], start_interpolation: 0, interpolation_duration: 1 }
$data merge entity $(bone_right_fingers) { transformation: [-0.40102688849845247f,-0.8265223762538658f,-0.3950167037644268f,-2.913759751372417f,0.34225717741608164f,0.264798502435898f,-0.9015219229807352f,1.6639014889415469f,0.8497278736209768f,-0.4967318337487231f,0.17669189605696264f,2.240907177929401f,0f,0f,0f,1f], start_interpolation: 0, interpolation_duration: 1 }
$data merge entity $(bone_right_hand) { transformation: [-0.8384827620601943f,-0.3753777583648164f,-0.3950167037644268f,-3.179556658752848f,0.4323934053065216f,-0.017151251632098102f,-0.9015219229807352f,1.6435427645446818f,0.3316362476801014f,-0.9267132097323627f,0.17669189605696264f,1.4941062066536532f,0f,0f,0f,1f], start_interpolation: 0, interpolation_duration: 1 }
$data merge entity $(bone_right_forearm) { transformation: [-1.6720220136162263f,0.1098117462582299f,-0.7204945024078707f,-2.9711986229917446f,0.682532442032317f,-0.39639055009539437f,-1.6443395510058072f,0.9625105127556406f,-0.2555785851546425f,-1.776976216445312f,0.32227887711043424f,-1.0951925159548912f,0f,0f,0f,1f], start_interpolation: 0, interpolation_duration: 1 }
$data merge entity $(bone_right_bicep) { transformation: [-1.4523633516524306f,0.5638627563713992f,0.2878090384919714f,-2.0906832006087432f,0.5928660610021733f,1.4640332085288696f,0.12349556234916624f,3.2437109794217083f,-0.22200244226627835f,0.22090747426336127f,-1.5530773835601035f,-0.7297783940296191f,0f,0f,0f,1f], start_interpolation: 0, interpolation_duration: 1 }
$data merge entity $(bone_right_shoulder) { transformation: [-1.0075505759765322f,0.10331406315434491f,0.024104353771430907f,-1.624518125f,0.10568472421614444f,0.997532219634268f,0.1420323502788288f,3.412346060740372f,-0.009249572074196346f,0.1437659688970601f,-1.0028253937103775f,-0.6738778097679549f,0f,0f,0f,1f], start_interpolation: 0, interpolation_duration: 1 }
$data merge entity $(bone_right_arm) { transformation: [-1.3293824999999997f,-3.80054660524527e-17f,1.5830415901046037e-16f,-1.74976375f,0f,1.292651555703064f,0.3103381814161731f,3.4275227795222434f,-1.628024023467506e-16f,0.3103381814161731f,-1.292651555703064f,-0.5806997324359062f,0f,0f,0f,1f], start_interpolation: 0, interpolation_duration: 1 }
$data merge entity $(bone_left_thumb_2) { transformation: [-0.8384827620601943f,0.3753777583648167f,0.39501670376442677f,2.5365453424314652f,-0.4323934053065216f,-0.017151251632098102f,-0.9015219229807352f,1.7115780816800639f,-0.33163624768010164f,-0.9267132097323626f,0.1766918960569627f,1.6371836789309056f,0f,0f,0f,1f], start_interpolation: 0, interpolation_duration: 1 }
$data merge entity $(bone_left_thumb) { transformation: [-0.8384827620601943f,0.3753777583648167f,0.39501670376442677f,2.8179883222830533f,-0.4323934053065216f,-0.017151251632098102f,-0.9015219229807352f,1.838763812964904f,-0.33163624768010164f,-0.9267132097323626f,0.1766918960569627f,1.4180015657766787f,0f,0f,0f,1f], start_interpolation: 0, interpolation_duration: 1 }
$data merge entity $(bone_left_fingers_2) { transformation: [0.918564952287412f,0.014150341915024456f,0.39501670376442677f,2.418065344454597f,0.3846330781411603f,0.19828166225037946f,-0.9015219229807352f,1.6128296370620572f,-0.09108141209314408f,0.9800429328549413f,0.1766918960569627f,2.3912975831503736f,0f,0f,0f,1f], start_interpolation: 0, interpolation_duration: 1 }
$data merge entity $(bone_left_fingers) { transformation: [-0.4010268884984523f,0.826522376253866f,0.39501670376442677f,2.8043847513724165f,-0.34225717741608164f,0.264798502435898f,-0.9015219229807352f,1.7379264996363402f,-0.849727873620977f,-0.4967318337487229f,0.1766918960569627f,2.213685845915047f,0f,0f,0f,1f], start_interpolation: 0, interpolation_duration: 1 }
$data merge entity $(bone_left_hand) { transformation: [-0.8384827620601943f,0.3753777583648167f,0.39501670376442677f,3.0701816587528477f,-0.4323934053065216f,-0.017151251632098102f,-0.9015219229807352f,1.7175677752394751f,-0.33163624768010164f,-0.9267132097323626f,0.1766918960569627f,1.4668848746392993f,0f,0f,0f,1f], start_interpolation: 0, interpolation_duration: 1 }
$data merge entity $(bone_left_forearm) { transformation: [-1.6720220136162265f,-0.10981174625822945f,0.7204945024078706f,2.8618236229917446f,-0.682532442032317f,-0.39639055009539437f,-1.6443395510058072f,1.0365355234504339f,0.2555785851546421f,-1.776976216445312f,0.32227887711043435f,-1.1224138479692451f,0f,0f,0f,1f], start_interpolation: 0, interpolation_duration: 1 }
$data merge entity $(bone_left_bicep) { transformation: [-1.4523633516524308f,-0.5638627563713992f,-0.28780903849197104f,1.981308200608743f,-0.5928660610021733f,1.4640332085288696f,0.12349556234916624f,3.3177359901165016f,0.222002442266278f,0.22090747426336116f,-1.5530773835601035f,-0.7569997260439731f,0f,0f,0f,1f], start_interpolation: 0, interpolation_duration: 1 }
$data merge entity $(bone_left_shoulder) { transformation: [-1.0075505759765324f,-0.10331406315434497f,-0.024104353771430668f,1.515143125f,-0.10568472421614447f,0.9975322196342682f,0.14203235027882882f,3.4863710714351654f,0.009249572074196103f,0.14376596889706011f,-1.0028253937103777f,-0.701099141782309f,0f,0f,0f,1f], start_interpolation: 0, interpolation_duration: 1 }
$data merge entity $(bone_left_arm) { transformation: [-1.3293824999999997f,-3.80054660524527e-17f,1.5830415901046037e-16f,1.749763125f,0f,1.292651555703064f,0.3103381814161731f,3.4275227795222434f,-1.628024023467506e-16f,0.3103381814161731f,-1.292651555703064f,-0.5806997324359058f,0f,0f,0f,1f], start_interpolation: 0, interpolation_duration: 1 }
$data merge entity $(bone_chest) { transformation: [-2.632522916666667f,-7.526070212424098e-17f,3.134833852549443e-16f,7.307279606812404e-17f,0f,2.559786098924226f,0.6145502701402594f,4.177476409186371f,-3.2239107635778877e-16f,0.6145502701402594f,-2.559786098924226f,-0.3047726471531057f,0f,0f,0f,1f], start_interpolation: 0, interpolation_duration: 1 }
$data merge entity $(bone_weist) { transformation: [-1.9493945833333333f,3.8374391547680225e-17f,2.356276004693714e-16f,1.0885566105803178e-16f,0f,1.924045370742197f,-0.31335068669920146f,0.25514351881913755f,-2.387319836754355e-16f,-0.31335068669920146f,-1.924045370742197f,-0.5969619135997347f,0f,0f,0f,1f], start_interpolation: 0, interpolation_duration: 1 }
$data merge entity $(bone_right_cheek) { transformation: [-0.9915942785687563f,0.1072050600598641f,-0.07244212729668284f,-0.8386670076352406f,0.11624437393730017f,0.9840092328057226f,-0.13495582714732485f,-1.615156438789404f,0.05681577454926577f,-0.14224241579309035f,-0.9881999103985551f,-0.9213810033996148f,0f,0f,0f,1f], start_interpolation: 0, interpolation_duration: 1 }
$data merge entity $(bone_right_foot) { transformation: [-1.1540232931796517f,0.08001651759607889f,0.2177578714700125f,-1.61014394325979f,0.17341801574182159f,1.0314485123455421f,0.5400287520798317f,-5.305496185898385f,-0.1541016725786044f,0.5615177808124399f,-1.023006036744902f,0.47748713285757827f,0f,0f,0f,1f], start_interpolation: 0, interpolation_duration: 1 }
$data merge entity $(bone_right_knee) { transformation: [-2.8476673352797075f,0.13413712363585956f,0.5565309229303381f,-1.4884382458320975f,0.42792621405097553f,2.374466414217379f,1.6173178696890997f,-2.2939086143912832f,-0.3802612147498012f,1.6675866299387228f,-2.347655198009419f,2.4581174056445643f,0f,0f,0f,1f], start_interpolation: 0, interpolation_duration: 1 }
$data merge entity $(bone_right_leg) { transformation: [-2.427324013565598f,0.3862142499705143f,-0.29824387542172615f,-0.8928749999999999f,0.3647601538745463f,0.43091919323374167f,-2.410657877424182f,-1.6580509741147411f,-0.3241309708316598f,-2.4073138401466383f,-0.479366156215926f,-0.8942331767953774f,0f,0f,0f,1f], start_interpolation: 0, interpolation_duration: 1 }
$data merge entity $(bone_left_cheek) { transformation: [-0.9915942773033707f,-0.10720506514790659f,0.07244213708774026f,0.838666394807354f,-0.11624438388914031f,0.9840092232711053f,-0.13495588809544407f,-1.6151565326760315f,-0.056815776272440534f,-0.14224247791721337f,-0.9881999013572764f,-0.9213809242619757f,0f,0f,0f,1f], start_interpolation: 0, interpolation_duration: 1 }
$data merge entity $(bone_left_foot) { transformation: [-1.1540232931796517f,-0.0800165292775004f,-0.21775786717759918f,1.6101433452930802f,-0.17341801574182159f,1.0314485413148882f,0.5400286967487204f,-5.305496200797923f,0.1541016725786041f,0.5615177259342176f,-1.0230060668670076f,0.47748741217428403f,0f,0f,0f,1f], start_interpolation: 0, interpolation_duration: 1 }
$data merge entity $(bone_left_knee) { transformation: [-2.8476673352797075f,-0.1341371534904512f,-0.5565309157346737f,1.488438223803585f,-0.42792621405097553f,2.374466500976911f,1.6173177423130218f,-2.2939084339022466f,0.38026121474980046f,1.6675865040009081f,-2.3476552874655727f,2.458117443792331f,0f,0f,0f,1f], start_interpolation: 0, interpolation_duration: 1 }
$data merge entity $(bone_left_leg) { transformation: [-2.427324013565598f,-0.3862142339714938f,0.29824389613983543f,0.8928750000000001f,-0.3647601538745463f,0.4309190639162079f,-2.410657900540443f,-1.6580509741147411f,0.3241309708316592f,-2.407313865861793f,-0.4793660270777798f,-0.8942331767953772f,0f,0f,0f,1f], start_interpolation: 0, interpolation_duration: 1 }
data modify entity @s data merge value {"locators":{"consume":{"posx":2.5398300838597185,"posy":1.793862591967752,"posz":2.1823488187250004,"roty":114.09907966471803,"rotx":-64.35884396422341}},"cameras":{}}