# This file was generated by Animated Java via MC-Build. It is not recommended to edit this file directly.
$data merge entity $(bone_neck) { transformation: [-1.2033625000000001f,-3.315090266923368e-17f,1.435923351225279e-16f,1.1102230246251565e-16f,0f,1.1725203970851228f,0.27069766313286925f,3.7297529536719534f,-1.473694033838957e-16f,0.27069766313286925f,-1.1725203970851228f,-0.6382971596857889f,0f,0f,0f,1f], start_interpolation: 0, interpolation_duration: 1 }
$data merge entity $(bone_right_thumb_2) { transformation: [-0.8675908694122983f,-0.38602274616144533f,-0.31348448567415366f,-2.8209498756107374f,0.41133746597845f,-0.20284346575238305f,-0.8886259153794636f,1.4899151130700516f,0.2794415366312601f,-0.8999116444671322f,0.3347707570228051f,1.6035040506522742f,0f,0f,0f,1f], start_interpolation: 0, interpolation_duration: 1 }
$data merge entity $(bone_right_thumb) { transformation: [-0.8675908694122983f,-0.29173358481573003f,-0.4027127994029685f,-3.082777952403975f,0.41133746597845f,0.034061568607657244f,-0.9108464736861056f,1.6285992369445492f,0.2794415366312601f,-0.9558929464299594f,0.09044944759704762f,1.3676228689847434f,0f,0f,0f,1f], start_interpolation: 0, interpolation_duration: 1 }
$data merge entity $(bone_right_fingers_2) { transformation: [0.9095963014164703f,-0.1022593254745146f,-0.4027127994029685f,-2.768998320711855f,-0.38719338943332204f,0.14296845999283372f,-0.9108464736861056f,1.349274532409284f,0.15071777476002673f,0.9844303173921327f,0.09044944759704762f,2.358486043011823f,0f,0f,0f,1f], start_interpolation: 0, interpolation_duration: 1 }
$data merge entity $(bone_right_fingers) { transformation: [-0.47709043076506574f,-0.7811575526546669f,-0.4027127994029685f,-3.138953731415838f,0.29320842579194323f,0.29049530188661776f,-0.9108464736861056f,1.4833196607995625f,0.8285007784649419f,-0.5526349224509562f,0.09044944759704762f,2.1545185553166104f,0f,0f,0f,1f], start_interpolation: 0, interpolation_duration: 1 }
$data merge entity $(bone_right_hand) { transformation: [-0.8675908694122983f,-0.29173358481573003f,-0.4027127994029685f,-3.3374438942038718f,0.41133746597845f,0.034061568607657244f,-0.9108464736861056f,1.5043192014644027f,0.2794415366312601f,-0.9558929464299594f,0.09044944759704762f,1.387097654572622f,0f,0f,0f,1f], start_interpolation: 0, interpolation_duration: 1 }
$data merge entity $(bone_right_forearm) { transformation: [-1.6525971388302054f,0.23709531966879063f,-0.7345318698020387f,-2.943299263883826f,0.6979322152380961f,-0.28221413215019076f,-1.661347154625145f,0.989854628498013f,-0.32960867903708047f,-1.7863285125192891f,0.16497613675184114f,-1.2189840953918145f,0f,0f,0f,1f], start_interpolation: 0, interpolation_duration: 1 }
$data merge entity $(bone_right_bicep) { transformation: [-1.4354903822657195f,0.5581768730694656f,0.3714034150038461f,-2.0727851602819483f,0.6062427187529045f,1.4554509607047281f,0.15577812049924697f,3.2572064333402726f,-0.2863069755790318f,0.2832589543820013f,-1.5322947615849603f,-0.7563487668845907f,0f,0f,0f,1f], start_interpolation: 0, interpolation_duration: 1 }
$data merge entity $(bone_right_shoulder) { transformation: [-1.0059980708873077f,0.099965907299474f,0.06623954570834904f,-1.608893125f,0.10976974541403822f,0.9929452084355046f,0.1685923921876357f,3.422498123985253f,-0.048285225790014936f,0.17458410319844506f,-0.9967958198887283f,-0.6766281278056894f,0f,0f,0f,1f], start_interpolation: 0, interpolation_duration: 1 }
$data merge entity $(bone_right_arm) { transformation: [-1.3293824999999997f,-3.6622572057615664e-17f,1.586297873217953e-16f,-1.74976375f,0f,1.2953105126493576f,0.29904599500128304f,3.427946723236675f,-1.628024023467506e-16f,0.29904599500128304f,-1.2953105126493576f,-0.5796051418140769f,0f,0f,0f,1f], start_interpolation: 0, interpolation_duration: 1 }
$data merge entity $(bone_left_thumb_2) { transformation: [-0.8675908694122982f,0.2917335848157302f,0.40271279940296845f,2.727199875610737f,-0.41133746597845f,0.034061568607657244f,-0.9108464736861056f,1.553159093752116f,-0.27944153663126026f,-0.9558929464299593f,0.09044944759704768f,1.5796186700296706f,0f,0f,0f,1f], start_interpolation: 0, interpolation_duration: 1 }
$data merge entity $(bone_left_thumb) { transformation: [-0.8675908694122982f,0.2917335848157302f,0.40271279940296845f,2.9890279524039745f,-0.41133746597845f,0.034061568607657244f,-0.9108464736861056f,1.6918432176266136f,-0.27944153663126026f,-0.9558929464299593f,0.09044944759704768f,1.3437374883621398f,0f,0f,0f,1f], start_interpolation: 0, interpolation_duration: 1 }
$data merge entity $(bone_left_fingers_2) { transformation: [0.9095963014164702f,0.10225932547451438f,0.40271279940296845f,2.6752483207118543f,0.38719338943332204f,0.14296845999283372f,-0.9108464736861056f,1.4125185130913485f,-0.15071777476002646f,0.9844303173921327f,0.09044944759704768f,2.3346006623892195f,0f,0f,0f,1f], start_interpolation: 0, interpolation_duration: 1 }
$data merge entity $(bone_left_fingers) { transformation: [-0.4770904307650655f,0.7811575526546669f,0.40271279940296845f,3.045203731415837f,-0.29320842579194323f,0.29049530188661776f,-0.9108464736861056f,1.5465636414816268f,-0.8285007784649421f,-0.552634922450956f,0.09044944759704768f,2.130633174694007f,0f,0f,0f,1f], start_interpolation: 0, interpolation_duration: 1 }
$data merge entity $(bone_left_hand) { transformation: [-0.8675908694122982f,0.2917335848157302f,0.40271279940296845f,3.2436938942038713f,-0.41133746597845f,0.034061568607657244f,-0.9108464736861056f,1.567563182146467f,-0.27944153663126026f,-0.9558929464299593f,0.09044944759704768f,1.3632122739500185f,0f,0f,0f,1f], start_interpolation: 0, interpolation_duration: 1 }
$data merge entity $(bone_left_forearm) { transformation: [-1.6525971388302054f,-0.23709531966879024f,0.7345318698020386f,2.849549263883826f,-0.6979322152380961f,-0.28221413215019076f,-1.661347154625145f,1.0530986091800774f,0.3296086790370801f,-1.7863285125192891f,0.16497613675184125f,-1.2428694760144179f,0f,0f,0f,1f], start_interpolation: 0, interpolation_duration: 1 }
$data merge entity $(bone_left_bicep) { transformation: [-1.4354903822657195f,-0.5581768730694656f,-0.37140341500384566f,1.9790351602819485f,-0.6062427187529045f,1.4554509607047281f,0.15577812049924697f,3.320450414022337f,0.28630697557903145f,0.28325895438200127f,-1.5322947615849603f,-0.7802341475071942f,0f,0f,0f,1f], start_interpolation: 0, interpolation_duration: 1 }
$data merge entity $(bone_left_shoulder) { transformation: [-1.005998070887308f,-0.09996590729947406f,-0.06623954570834881f,1.515143125f,-0.10976974541403825f,0.9929452084355048f,0.16859239218763575f,3.4857421046673176f,0.0482852257900147f,0.17458410319844508f,-0.9967958198887286f,-0.700513508428293f,0f,0f,0f,1f], start_interpolation: 0, interpolation_duration: 1 }
$data merge entity $(bone_left_arm) { transformation: [-1.3293824999999997f,-3.6622572057615664e-17f,1.586297873217953e-16f,1.749763125f,0f,1.2953105126493576f,0.29904599500128304f,3.427946723236675f,-1.628024023467506e-16f,0.29904599500128304f,-1.2953105126493576f,-0.5796051418140764f,0f,0f,0f,1f], start_interpolation: 0, interpolation_duration: 1 }
$data merge entity $(bone_chest) { transformation: [-2.632522916666667f,-7.252221253773807e-17f,3.1412821395692035e-16f,7.544792203959133e-17f,0f,2.5650515248611168f,0.5921888056885533f,4.180279684469255f,-3.2239107635778877e-16f,0.5921888056885533f,-2.5650515248611168f,-0.3102330599605946f,0f,0f,0f,1f], start_interpolation: 0, interpolation_duration: 1 }
$data merge entity $(bone_weist) { transformation: [-1.9493945833333333f,3.734591015425987e-17f,2.357927968033764e-16f,1.0729592500870365e-16f,0f,1.92539430117765f,-0.30495249879607367f,0.2464116251565336f,-2.387319836754355e-16f,-0.30495249879607367f,-1.92539430117765f,-0.5702917396655196f,0f,0f,0f,1f], start_interpolation: 0, interpolation_duration: 1 }
$data merge entity $(bone_right_cheek) { transformation: [-0.9927513791287782f,0.09792263338124818f,-0.06968398029382808f,-0.8409007343296504f,0.10639996614885547f,0.9856981479007665f,-0.13068361958761562f,-1.6184529158771037f,0.05589048614416713f,-0.1371507167195269f,-0.9889721606101398f,-0.8984731603034064f,0f,0f,0f,1f], start_interpolation: 0, interpolation_duration: 1 }
$data merge entity $(bone_right_foot) { transformation: [-1.1499704932029426f,0.0850668482986243f,0.23647915544437018f,-1.6708436996164417f,0.1838909836484289f,1.0397893667090752f,0.5202048383936037f,-5.479662209902657f,-0.17129759418029497f,0.5451537389359453f,-1.0291041881309997f,0.3466335305207937f,0f,0f,0f,1f], start_interpolation: 0, interpolation_duration: 1 }
$data merge entity $(bone_right_knee) { transformation: [-2.837666647964031f,0.11338226015948352f,0.6096893853822084f,-1.5728521469285264f,0.45376930472976623f,2.3260808866620333f,1.6793956696754502f,-2.5254180624831473f,-0.4226938628034153f,1.7359207528918814f,-2.2901610700039488f,2.4130815526500777f,0f,0f,0f,1f], start_interpolation: 0, interpolation_duration: 1 }
$data merge entity $(bone_right_leg) { transformation: [-2.418799524706678f,0.4468832468968102f,-0.2823418953339645f,-0.8928749999999999f,0.3867885536852357f,0.5948765144971339f,-2.3720306216777396f,-1.6613384566581075f,-0.3603001484261341f,-2.3614465945859893f,-0.650973507065687f,-0.8714674971468215f,0f,0f,0f,1f], start_interpolation: 0, interpolation_duration: 1 }
$data merge entity $(bone_left_cheek) { transformation: [-0.9927513777298609f,-0.09792263961803314f,0.06968399145929957f,0.8409001236235195f,-0.10639997764927842f,0.9856981378138172f,-0.13068368630631108f,-1.6184530154771253f,-0.05589048909873659f,-0.13715078476118922f,-0.9889721510071425f,-0.8984730722405556f,0f,0f,0f,1f], start_interpolation: 0, interpolation_duration: 1 }
$data merge entity $(bone_left_foot) { transformation: [-1.1499704932029426f,-0.08506686196015555f,-0.23647915053001087f,1.6708431101342918f,-0.18389098364842893f,1.0397893967615948f,0.5202047783243973f,-5.479662232253363f,0.1712975941802947f,0.5451536794840276f,-1.029104219624831f,0.3466338439948986f,0f,0f,0f,1f], start_interpolation: 0, interpolation_duration: 1 }
$data merge entity $(bone_left_knee) { transformation: [-2.837666647964031f,-0.1133822953815758f,-0.6096893788320513f,1.5728521245496216f,-0.4537693047297663f,2.326080983681645f,1.6793955352964713f,-2.525417871391464f,0.4226938628034147f,1.7359206205880102f,-2.2901611702890463f,2.4130816075542834f,0f,0f,0f,1f], start_interpolation: 0, interpolation_duration: 1 }
$data merge entity $(bone_left_leg) { transformation: [-2.418799524706678f,-0.4468832305857619f,0.2823419211506558f,0.8928750000000001f,-0.38678855368523574f,0.5948763774636148f,-2.3720306560440814f,-1.6613384566581075f,0.3603001484261336f,-2.3614466321930854f,-0.6509733706436127f,-0.8714674971468213f,0f,0f,0f,1f], start_interpolation: 0, interpolation_duration: 1 }
data modify entity @s data merge value {"locators":{"consume":{"posx":2.779316421195036,"posy":1.6047285780539633,"posz":2.1260717913232097,"roty":102.65858834742829,"rotx":-65.62259125396942}},"cameras":{}}