# This file was generated by Animated Java via MC-Build. It is not recommended to edit this file directly.
$data merge entity $(bone_neck) { transformation: [-1.2033625000000001f,-3.12684969570793e-17f,1.4401396512758923e-16f,1.1102230246251565e-16f,0f,1.1759632673506955f,0.2553266540103616f,3.72971489036161f,-1.473694033838957e-16f,0.2553266540103616f,-1.1759632673506955f,-0.6406084027046282f,0f,0f,0f,1f], start_interpolation: 0, interpolation_duration: 1 }
$data merge entity $(bone_right_thumb_2) { transformation: [-0.9032661567086183f,-0.2593829101678885f,-0.3418051434043653f,-3.0770956702722705f,0.38306179352763725f,-0.1285606204889297f,-0.914732654494684f,1.2645227413333466f,0.19332333662605605f,-0.9571795405107333f,0.2154841403524401f,1.4639096307110133f,0f,0f,0f,1f], start_interpolation: 0, interpolation_duration: 1 }
$data merge entity $(bone_right_thumb) { transformation: [-0.9032661567086183f,-0.16207897100213287f,-0.3972916526982808f,-3.30719001498214f,0.38306179352763725f,0.11257020858640343f,-0.9168378321591029f,1.4213570400928843f,0.19332333662605605f,-0.9803358380155769f,-0.03959459834453727f,1.2072254762680614f,0f,0f,0f,1f], start_interpolation: 0, interpolation_duration: 1 }
$data merge entity $(bone_right_fingers_2) { transformation: [0.8871346845813306f,-0.23484333950327807f,-0.3972916526982808f,-3.124203133433872f,-0.3947461122668969f,0.05986565268972738f,-0.9168378321591029f,1.0615514467442226f,0.2390973823841529f,0.9701879763834333f,-0.03959459834453727f,2.204895518740938f,0f,0f,0f,1f], start_interpolation: 0, interpolation_duration: 1 }
$data merge entity $(bone_right_fingers) { transformation: [-0.5877596656531582f,-0.7047679888641057f,-0.3972916526982808f,-3.4656328499212252f,0.22108362300386641f,0.33246115737222726f,-0.9168378321591029f,1.2106616041924325f,0.7782419977556929f,-0.6267149756557305f,-0.03959459834453727f,1.9648335516654536f,0f,0f,0f,1f], start_interpolation: 0, interpolation_duration: 1 }
$data merge entity $(bone_right_hand) { transformation: [-0.9032661567086183f,-0.16207897100213287f,-0.3972916526982808f,-3.5602592892046454f,0.38306179352763725f,0.11257020858640343f,-0.9168378321591029f,1.2948569091095186f,0.19332333662605605f,-0.9803358380155769f,-0.03959459834453727f,1.1820620959078174f,0f,0f,0f,1f], start_interpolation: 0, interpolation_duration: 1 }
$data merge entity $(bone_right_forearm) { transformation: [-1.6176295953960682f,0.4301095753726012f,-0.7246439173173677f,-2.8833692530665793f,0.7198814155336687f,-0.10997786501998402f,-1.6722751503291537f,1.0323184458862946f,-0.43803401842950584f,-1.769106888803487f,-0.07221894709875289f,-1.4033932427609264f,0f,0f,0f,1f], start_interpolation: 0, interpolation_duration: 1 }
$data merge entity $(bone_right_bicep) { transformation: [-1.4051166322986257f,0.5396348224278663f,0.49454632133352305f,-2.0434685067685616f,0.6253083852619372f,1.4413773709003428f,0.2038510580326501f,3.2770318791129713f,-0.38048814546892745f,0.37597884111099583f,-1.4913092362343752f,-0.7963192787878722f,0f,0f,0f,1f], start_interpolation: 0, interpolation_duration: 1 }
$data merge entity $(bone_right_shoulder) { transformation: [-1.0009601049480294f,0.08904068346363195f,0.12869966455900078f,-1.585455625f,0.11438547412289303f,0.984865041103201f,0.20825415431465213f,3.437716125182117f,-0.10680735124021655f,0.22028523819802198f,-0.9830969342948485f,-0.6810920385679456f,0f,0f,0f,1f], start_interpolation: 0, interpolation_duration: 1 }
$data merge entity $(bone_right_arm) { transformation: [-1.3293824999999997f,-3.45430347514107e-17f,1.590955717800973e-16f,-1.74976375f,0f,1.2991139313871218f,0.28206528425551686f,3.428702771175479f,-1.628024023467506e-16f,0.28206528425551686f,-1.2991139313871218f,-0.577970891623164f,0f,0f,0f,1f], start_interpolation: 0, interpolation_duration: 1 }
$data merge entity $(bone_left_thumb_2) { transformation: [-0.9032661567086182f,0.16207897100213306f,0.39729165269828093f,3.00678317027227f,-0.38306179352763725f,0.11257020858640343f,-0.9168378321591029f,1.311717175666641f,-0.1933233366260563f,-0.9803358380155769f,-0.039594598344537185f,1.4453762513858512f,0f,0f,0f,1f], start_interpolation: 0, interpolation_duration: 1 }
$data merge entity $(bone_left_thumb) { transformation: [-0.9032661567086182f,0.16207897100213306f,0.39729165269828093f,3.2368775149821394f,-0.38306179352763725f,0.11257020858640343f,-0.9168378321591029f,1.4685514744261787f,-0.1933233366260563f,-0.9803358380155769f,-0.039594598344537185f,1.1886920969428993f,0f,0f,0f,1f], start_interpolation: 0, interpolation_duration: 1 }
$data merge entity $(bone_left_fingers_2) { transformation: [0.8871346845813305f,0.2348433395032779f,0.39729165269828093f,3.0538906334338716f,0.3947461122668969f,0.05986565268972738f,-0.9168378321591029f,1.108745881077517f,-0.23909738238415268f,0.9701879763834335f,-0.039594598344537185f,2.186362139415776f,0f,0f,0f,1f], start_interpolation: 0, interpolation_duration: 1 }
$data merge entity $(bone_left_fingers) { transformation: [-0.587759665653158f,0.7047679888641059f,0.39729165269828093f,3.395320349921225f,-0.22108362300386641f,0.33246115737222726f,-0.9168378321591029f,1.257856038525727f,-0.7782419977556931f,-0.6267149756557304f,-0.039594598344537185f,1.9463001723402917f,0f,0f,0f,1f], start_interpolation: 0, interpolation_duration: 1 }
$data merge entity $(bone_left_hand) { transformation: [-0.9032661567086182f,0.16207897100213306f,0.39729165269828093f,3.489946789204645f,-0.38306179352763725f,0.11257020858640343f,-0.9168378321591029f,1.342051343442813f,-0.1933233366260563f,-0.9803358380155769f,-0.039594598344537185f,1.1635287165826556f,0f,0f,0f,1f], start_interpolation: 0, interpolation_duration: 1 }
$data merge entity $(bone_left_forearm) { transformation: [-1.6176295953960682f,-0.4301095753726008f,0.7246439173173679f,2.8130567530665793f,-0.7198814155336687f,-0.10997786501998402f,-1.6722751503291537f,1.079512880219589f,0.43803401842950546f,-1.7691068888034873f,-0.07221894709875273f,-1.4219266220860887f,0f,0f,0f,1f], start_interpolation: 0, interpolation_duration: 1 }
$data merge entity $(bone_left_bicep) { transformation: [-1.4051166322986257f,-0.5396348224278664f,-0.49454632133352266f,1.9731560067685616f,-0.6253083852619372f,1.4413773709003428f,0.2038510580326501f,3.3242263134462657f,0.38048814546892706f,0.3759788411109958f,-1.4913092362343754f,-0.8148526581130345f,0f,0f,0f,1f], start_interpolation: 0, interpolation_duration: 1 }
$data merge entity $(bone_left_shoulder) { transformation: [-1.0009601049480297f,-0.08904068346363202f,-0.1286996645590006f,1.515143125f,-0.11438547412289304f,0.9848650411032013f,0.2082541543146522f,3.4849105595154115f,0.10680735124021633f,0.22028523819802204f,-0.9830969342948487f,-0.6996254178931081f,0f,0f,0f,1f], start_interpolation: 0, interpolation_duration: 1 }
$data merge entity $(bone_left_arm) { transformation: [-1.3293824999999997f,-3.45430347514107e-17f,1.590955717800973e-16f,1.749763125f,0f,1.2991139313871218f,0.28206528425551686f,3.428702771175479f,-1.628024023467506e-16f,0.28206528425551686f,-1.2991139313871218f,-0.5779708916231635f,0f,0f,0f,1f], start_interpolation: 0, interpolation_duration: 1 }
$data merge entity $(bone_chest) { transformation: [-2.632522916666667f,-6.840418810560674e-17f,3.1505058826281593e-16f,7.901563402930466e-17f,0f,2.5725832826425252f,0.5585625843568317f,4.184497249827789f,-3.2239107635778877e-16f,0.5585625843568317f,-2.5725832826425252f,-0.31846962172695525f,0f,0f,0f,1f], start_interpolation: 0, interpolation_duration: 1 }
$data merge entity $(bone_weist) { transformation: [-1.9493945833333333f,3.5801861038786284e-17f,2.360321731793525e-16f,1.0492027015146322e-16f,0f,1.9273489576234326f,-0.2923443809571294f,0.2338198391584596f,-2.387319836754355e-16f,-0.2923443809571294f,-1.9273489576234326f,-0.5299970281611562f,0f,0f,0f,1f], start_interpolation: 0, interpolation_duration: 1 }
$data merge entity $(bone_right_cheek) { transformation: [-0.9948896617646883f,0.08012616380400517f,-0.06143581030472148f,-0.844103496537286f,0.08735014507008479f,0.9882168436542249f,-0.12568779604367475f,-1.6226520671711977f,0.05064102161271171f,-0.13041191583645645f,-0.990165753365509f,-0.8644314739986712f,0f,0f,0f,1f], start_interpolation: 0, interpolation_duration: 1 }
$data merge entity $(bone_right_foot) { transformation: [-1.1432731994032506f,0.09312453055639558f,0.26428225103375563f,-1.7508565667439717f,0.19887773469800557f,1.0517622984075001f,0.4897291181526012f,-5.727011455430971f,-0.19739537239815885f,0.5203025892053449f,-1.0372613834027413f,0.12259232196615777f,0f,0f,0f,1f], start_interpolation: 0, interpolation_duration: 1 }
$data merge entity $(bone_right_knee) { transformation: [-2.8211404089350016f,0.07495523323698647f,0.6873697655690619f,-1.6975250960970194f,0.4907506045684035f,2.251190826668175f,1.7686809759181628f,-2.861822322253227f,-0.48709272805475634f,1.8339711730203037f,-2.199140536514374f,2.3123903127592467f,0f,0f,0f,1f], start_interpolation: 0, interpolation_duration: 1 }
$data merge entity $(bone_right_leg) { transformation: [-2.4047127188666457f,0.5366933065149037f,-0.24357700507672417f,-0.8928749999999999f,0.4183110549405928f,0.8333470918071879f,-2.2935913343117713f,-1.6661662192606306f,-0.41519311648260177f,-2.268811504347081f,-0.9000676400731574f,-0.8372461190050845f,0f,0f,0f,1f], start_interpolation: 0, interpolation_duration: 1 }
$data merge entity $(bone_left_cheek) { transformation: [-0.9948896602805438f,-0.08012617209237878f,0.06143582352900107f,0.844102889331017f,-0.08735015888697256f,0.988216832848542f,-0.125687871400614f,-1.6226521749794018f,-0.050641026937500944f,-0.13041199262575182f,-0.990165742979475f,-0.8644313724196652f,0f,0f,0f,1f], start_interpolation: 0, interpolation_duration: 1 }
$data merge entity $(bone_left_foot) { transformation: [-1.1432731994032506f,-0.09312454745995519f,-0.26428224507748627f,1.7508559928941123f,-0.19887773469800554f,1.0517623297306964f,0.4897290508816175f,-5.727011492198011f,0.19739537239815852f,0.5203025228618431f,-1.0372614166814245f,0.12259268831325176f,0f,0f,0f,1f], start_interpolation: 0, interpolation_duration: 1 }
$data merge entity $(bone_left_knee) { transformation: [-2.8211404089350016f,-0.07495527720133097f,-0.6873697607749042f,1.6975250748853257f,-0.49075060456840347f,2.251190939793454f,1.7686808319314244f,-2.861822117962231f,0.48709272805475556f,1.833971032362714f,-2.19914065381563f,2.3123903957306458f,0f,0f,0f,1f], start_interpolation: 0, interpolation_duration: 1 }
$data merge entity $(bone_left_leg) { transformation: [-2.4047127188666457f,-0.5366932909356551f,0.24357703940376363f,0.8928750000000001f,-0.41831105494059273f,0.8333469451085039f,-2.2935913876128575f,-1.6661662192606306f,0.4151931164826011f,-2.26881156191563f,-0.9000674949593974f,-0.8372461190050843f,0f,0f,0f,1f], start_interpolation: 0, interpolation_duration: 1 }
data modify entity @s data merge value {"locators":{"consume":{"posx":3.132116301605441,"posy":1.3172726778844799,"posz":1.9822629269437195,"roty":84.30862205306641,"rotx":-66.46808671754222}},"cameras":{}}