# This file was generated by Animated Java via MC-Build. It is not recommended to edit this file directly.
$data merge entity $(bone_neck) { transformation: [-1.2033625000000001f,-3.0010563369579714e-17f,1.442813471657574e-16f,1.1102230246251565e-16f,0f,1.17814660738273f,0.24505484675642183f,3.7297408845058304f,-1.473694033838957e-16f,0.24505484675642183f,-1.17814660738273f,-0.6421492160788963f,0f,0f,0f,1f], start_interpolation: 0, interpolation_duration: 1 }
$data merge entity $(bone_right_thumb_2) { transformation: [-0.9210124400314588f,-0.17102259491731048f,-0.34998193858404764f,-3.239049543707991f,0.36661103086354924f,-0.07691166248848602f,-0.927189812402198f,1.1125968374728856f,0.1316527149604757f,-0.9822605907807799f,0.13353536775899089f,1.338644912430961f,0f,0f,0f,1f], start_interpolation: 0, interpolation_duration: 1 }
$data merge entity $(bone_right_thumb) { transformation: [-0.9210124400314588f,-0.07461315016215148f,-0.38232049792049966f,-3.446834015598605f,0.36661103086354924f,0.1656834207342654f,-0.9155027887139165f,1.2820674459248709f,0.1316527149604757f,-0.9833523691519092f,-0.12524248770630148f,1.0711893348316037f,0f,0f,0f,1f], start_interpolation: 0, interpolation_duration: 1 }
$data merge entity $(bone_right_fingers_2) { transformation: [0.8662536261826631f,-0.3216141974403626f,-0.38232049792049966f,-3.3503146683603227f,-0.40228327135513664f,0.004776342204184797f,-0.9155027887139165f,0.8686920300516836f,0.29626478817638296f,0.9468587511133539f,-0.12524248770630148f,2.060175967012211f,0f,0f,0f,1f], start_interpolation: 0, interpolation_duration: 1 }
$data merge entity $(bone_right_fingers) { transformation: [-0.657576053285638f,-0.6491723738847066f,-0.38232049792049966f,-3.6703883165069806f,0.1743410930006744f,0.36257389198392664f,-0.9155027887139165f,1.0288943127801558f,0.7329385495637504f,-0.6686668840585146f,-0.12524248770630148f,1.7987836818129503f,0f,0f,0f,1f], start_interpolation: 0, interpolation_duration: 1 }
$data merge entity $(bone_right_hand) { transformation: [-0.9210124400314588f,-0.07461315016215148f,-0.38232049792049966f,-3.6952573847493992f,0.36661103086354924f,0.1656834207342654f,-0.9155027887139165f,1.1557068805541006f,0.1316527149604757f,-0.9833523691519092f,-0.12524248770630148f,1.0164319281689764f,0f,0f,0f,1f], start_interpolation: 0, interpolation_duration: 1 }
$data merge entity $(bone_right_forearm) { transformation: [-1.5906175088706935f,0.5572121864619097f,-0.6973371360868671f,-2.831511495057965f,0.7337838137160183f,0.004895584234970618f,-1.6698400850431399f,1.0616200652552568f,-0.5082576284089318f,-1.7367553581742141f,-0.22843723569241575f,-1.5245868799419335f,0f,0f,0f,1f], start_interpolation: 0, interpolation_duration: 1 }
$data merge entity $(bone_right_bicep) { transformation: [-1.381653206457557f,0.5206752568943975f,0.5745139248329938f,-2.0222980470570593f,0.6373843827402565f,1.4311812234274335f,0.23578806210468672f,3.2899747560126746f,-0.44148626434791827f,0.43675180417511117f,-1.4575569614342392f,-0.8229321026987967f,0f,0f,0f,1f], start_interpolation: 0, interpolation_duration: 1 }
$data merge entity $(bone_right_shoulder) { transformation: [-0.9958009095311462f,0.07787154123738783f,0.16949793600246474f,-1.569830625f,0.11646776514755808f,0.9786729718383835f,0.23462193533725628f,3.4478512681082867f,-0.14570101895771043f,0.2500964132593273f,-0.970894420530031f,-0.684293065645678f,0f,0f,0f,1f], start_interpolation: 0, interpolation_duration: 1 }
$data merge entity $(bone_right_arm) { transformation: [-1.3293824999999997f,-3.3153366303720027e-17f,1.5939095492719976e-16f,-1.74976375f,0f,1.301525917825237f,0.2707177802351069f,3.429286835402828f,-1.628024023467506e-16f,0.2707177802351069f,-1.301525917825237f,-0.5768872970984034f,0f,0f,0f,1f], start_interpolation: 0, interpolation_duration: 1 }
$data merge entity $(bone_left_thumb_2) { transformation: [-0.9210124400314587f,0.07461315016215164f,0.3823204979204997f,3.184362043707991f,-0.36661103086354924f,0.1656834207342654f,-0.9155027887139165f,1.1491764303449772f,-0.13165271496047593f,-0.983352369151909f,-0.12524248770630142f,1.3239102876796482f,0f,0f,0f,1f], start_interpolation: 0, interpolation_duration: 1 }
$data merge entity $(bone_left_thumb) { transformation: [-0.9210124400314587f,0.07461315016215164f,0.3823204979204997f,3.392146515598605f,-0.36661103086354924f,0.1656834207342654f,-0.9155027887139165f,1.3186470387969624f,-0.13165271496047593f,-0.983352369151909f,-0.12524248770630142f,1.056454710080291f,0f,0f,0f,1f], start_interpolation: 0, interpolation_duration: 1 }
$data merge entity $(bone_left_fingers_2) { transformation: [0.8662536261826632f,0.32161419744036235f,0.3823204979204997f,3.2956271683603227f,0.40228327135513664f,0.004776342204184797f,-0.9155027887139165f,0.9052716229237752f,-0.29626478817638274f,0.9468587511133538f,-0.12524248770630142f,2.045441342260898f,0f,0f,0f,1f], start_interpolation: 0, interpolation_duration: 1 }
$data merge entity $(bone_left_fingers) { transformation: [-0.6575760532856377f,0.6491723738847067f,0.3823204979204997f,3.6157008165069806f,-0.1743410930006744f,0.36257389198392664f,-0.9155027887139165f,1.0654739056522473f,-0.7329385495637504f,-0.6686668840585144f,-0.12524248770630142f,1.7840490570616376f,0f,0f,0f,1f], start_interpolation: 0, interpolation_duration: 1 }
$data merge entity $(bone_left_hand) { transformation: [-0.9210124400314587f,0.07461315016215164f,0.3823204979204997f,3.6405698847493992f,-0.36661103086354924f,0.1656834207342654f,-0.9155027887139165f,1.1922864734261922f,-0.13165271496047593f,-0.983352369151909f,-0.12524248770630142f,1.0016973034176637f,0f,0f,0f,1f], start_interpolation: 0, interpolation_duration: 1 }
$data merge entity $(bone_left_forearm) { transformation: [-1.5906175088706935f,-0.5572121864619094f,0.6973371360868672f,2.7768239950579656f,-0.7337838137160183f,0.004895584234970618f,-1.6698400850431399f,1.0981996581273483f,0.5082576284089314f,-1.7367553581742141f,-0.22843723569241567f,-1.5393215046932462f,0f,0f,0f,1f], start_interpolation: 0, interpolation_duration: 1 }
$data merge entity $(bone_left_bicep) { transformation: [-1.381653206457557f,-0.5206752568943976f,-0.5745139248329935f,1.9676105470570593f,-0.6373843827402565f,1.4311812234274335f,0.23578806210468672f,3.326554348884766f,0.4414862643479179f,0.43675180417511106f,-1.4575569614342392f,-0.8376667274501095f,0f,0f,0f,1f], start_interpolation: 0, interpolation_duration: 1 }
$data merge entity $(bone_left_shoulder) { transformation: [-0.9958009095311464f,-0.0778715412373879f,-0.16949793600246457f,1.515143125f,-0.11646776514755809f,0.9786729718383838f,0.23462193533725634f,3.4844308609803782f,0.14570101895771023f,0.25009641325932735f,-0.9708944205300313f,-0.699027690396991f,0f,0f,0f,1f], start_interpolation: 0, interpolation_duration: 1 }
$data merge entity $(bone_left_arm) { transformation: [-1.3293824999999997f,-3.3153366303720027e-17f,1.5939095492719976e-16f,1.749763125f,0f,1.301525917825237f,0.2707177802351069f,3.429286835402828f,-1.628024023467506e-16f,0.2707177802351069f,-1.301525917825237f,-0.5768872970984029f,0f,0f,0f,1f], start_interpolation: 0, interpolation_duration: 1 }
$data merge entity $(bone_chest) { transformation: [-2.632522916666667f,-6.565228334146677e-17f,3.156355236775249e-16f,8.13971932295436e-17f,0f,2.5773596427744114f,0.5360915766666475f,4.187317082760897f,-3.2239107635778877e-16f,0.5360915766666475f,-2.5773596427744114f,-0.3239913755628304f,0f,0f,0f,1f], start_interpolation: 0, interpolation_duration: 1 }
$data merge entity $(bone_weist) { transformation: [-1.9493945833333333f,3.4771638858140476e-17f,2.361861409158621e-16f,1.0331258654399104e-16f,0f,1.9286061996022368f,-0.28393197844758056f,0.22576564905614238f,-2.387319836754355e-16f,-0.28393197844758056f,-1.9286061996022368f,-0.5029441424316599f,0f,0f,0f,1f], start_interpolation: 0, interpolation_duration: 1 }
$data merge entity $(bone_right_cheek) { transformation: [-0.9964175939249016f,0.06593444006232398f,-0.052958739888498814f,-0.8461235903247518f,0.07204807901421346f,0.9897463577823165f,-0.12333378112666671f,-1.6249333772426193f,0.0442837761180268f,-0.1267075249158735f,-0.990951134164759f,-0.8418875608715327f,0f,0f,0f,1f], start_interpolation: 0, interpolation_duration: 1 }
$data merge entity $(bone_right_foot) { transformation: [-1.1383994388137852f,0.09881624042487266f,0.2826180518178467f,-1.795109457971615f,0.2083743872574716f,1.0593719143223443f,0.46893726313510964f,-5.881430798597126f,-0.21498308612561734f,0.5035448268524537f,-1.0420248437089206f,-0.04418967435177956f,0f,0f,0f,1f], start_interpolation: 0, interpolation_duration: 1 }
$data merge entity $(bone_right_knee) { transformation: [-2.809113919597552f,0.044580277732063404f,0.7374417089469761f,-1.777490727241517f,0.5141845399559467f,2.199872315877273f,1.8256792547545364f,-3.077452598782078f,-0.5304921621735764f,1.896181183644675f,-2.1354165104724436f,2.224017567152416f,0f,0f,0f,1f], start_interpolation: 0, interpolation_duration: 1 }
$data merge entity $(bone_right_leg) { transformation: [-2.3944614560151107f,0.5944469127260437f,-0.2078459202090171f,-0.8928749999999999f,0.43828591415038215f,0.9863428982679842f,-2.2282382878482134f,-1.669315103406113f,-0.45218637314101084f,-2.1917511897854305f,-1.0591349909047432f,-0.8143814776247504f,0f,0f,0f,1f], start_interpolation: 0, interpolation_duration: 1 }
$data merge entity $(bone_left_cheek) { transformation: [-0.9964175924952314f,-0.06593444995866238f,0.05295875446661777f,0.8461229856588438f,-0.07204809432074191f,0.9897463465601554f,-0.12333386224218534f,-1.6249334902738295f,-0.04428378338349531f,-0.12670760742541676f,-0.9909511232900291f,-0.8418874502098432f,0f,0f,0f,1f], start_interpolation: 0, interpolation_duration: 1 }
$data merge entity $(bone_left_foot) { transformation: [-1.1383994388137852f,-0.09881625966740919f,-0.2826180450897719f,1.7951088966211448f,-0.2083743872574716f,1.059371946250743f,0.4689371910059478f,-5.8814308473011465f,0.2149830861256171f,0.5035447559043968f,-1.0420248779936347f,-0.04418927197221523f,0f,0f,0f,1f], start_interpolation: 0, interpolation_duration: 1 }
$data merge entity $(bone_left_knee) { transformation: [-2.809113919597552f,-0.04458032794205219f,-0.7374417059116489f,1.7774907081305167f,-0.5141845399559467f,2.199872440181783f,1.8256791049724377f,-3.0774523877106743f,0.5304921621735758f,1.8961810382511606f,-2.1354166395772f,2.224017670536935f,0f,0f,0f,1f], start_interpolation: 0, interpolation_duration: 1 }
$data merge entity $(bone_left_leg) { transformation: [-2.3944614560151107f,-0.5944468985744944f,0.20784596068295838f,0.8928750000000001f,-0.43828591415038215f,0.9863427465545416f,-2.228238355005063f,-1.669315103406113f,0.4521863731410103f,-2.191751261898455f,-1.059134841675587f,-0.8143814776247502f,0f,0f,0f,1f], start_interpolation: 0, interpolation_duration: 1 }
data modify entity @s data merge value {"locators":{"consume":{"posx":3.357437308004136,"posy":1.1243154874087902,"posz":1.8467998039365654,"roty":71.86197658534752,"rotx":-66.27723090223564}},"cameras":{}}