# This file was generated by Animated Java via MC-Build. It is not recommended to edit this file directly.
$data merge entity $(bone_neck) { transformation: [-1.2033625000000001f,-2.5590428341476242e-17f,1.45130531009244e-16f,1.1102230246251565e-16f,0f,1.1850807196841533f,0.20896170519772148f,3.730155437201435f,-1.473694033838957e-16f,0.20896170519772148f,-1.1850807196841533f,-0.6475476144308789f,0f,0f,0f,1f], start_interpolation: 0, interpolation_duration: 1 }
$data merge entity $(bone_right_thumb_2) { transformation: [-0.9401834534087048f,0.14317325959418167f,-0.30912213067598177f,-3.7012302836170896f,0.3258596095053581f,0.11332667784706127f,-0.9386013951519376f,0.5816534892117979f,-0.09935083708503517f,-0.983187917859717f,-0.15320224980455505f,0.7066771576527595f,0f,0f,0f,1f], start_interpolation: 0, interpolation_duration: 1 }
$data merge entity $(bone_right_thumb) { transformation: [-0.9401834534087048f,0.21830144375762345f,-0.26153308316505364f,-3.8284952769524443f,0.3258596095053581f,0.35239308176513595f,-0.8772882256231903f,0.7978576458403437f,-0.09935083708503517f,-0.910034941954103f,-0.4024497677885966f,0.42297565253718106f,0f,0f,0f,1f], start_interpolation: 0, interpolation_duration: 1 }
$data merge entity $(bone_right_fingers_2) { transformation: [0.7598374083709868f,-0.5951869951958323f,-0.26153308316505364f,-4.010606278553973f,-0.44425685324045805f,-0.18166237236092814f,-0.8772882256231903f,0.20158174313257604f,0.4746398225907184f,0.7827842762970884f,-0.4024497677885966f,1.3002329742035772f,0f,0f,0f,1f], start_interpolation: 0, interpolation_duration: 1 }
$data merge entity $(bone_right_fingers) { transformation: [-0.8605437732202323f,-0.4371096667680396f,-0.26153308316505364f,-4.245716784986694f,0.023109036400614735f,0.47940728156709234f,-0.8772882256231903f,0.40650917618332877f,0.5088520284016963f,-0.7609886974182889f,-0.4024497677885966f,0.9853272179221239f,0f,0f,0f,1f], start_interpolation: 0, interpolation_duration: 1 }
$data merge entity $(bone_right_hand) { transformation: [-0.9401834534087048f,0.21830144375762345f,-0.26153308316505364f,-4.038935987879292f,0.3258596095053581f,0.35239308176513595f,-0.8772882256231903f,0.6822724853968773f,-0.09935083708503517f,-0.910034941954103f,-0.4024497677885966f,0.2712050550048195f,0f,0f,0f,1f], start_interpolation: 0, interpolation_duration: 1 }
$data merge entity $(bone_right_forearm) { transformation: [-1.4752549213754755f,0.9606757465999414f,-0.47702577339761326f,-2.5779664663541935f,0.7783444795593905f,0.4007068266805395f,-1.6001382664709134f,1.1712522051269905f,-0.7379914293068497f,-1.497786603819037f,-0.7340521107682854f,-1.928375078750871f,0f,0f,0f,1f], start_interpolation: 0, interpolation_duration: 1 }
$data merge entity $(bone_right_bicep) { transformation: [-1.2814461560327364f,0.4143574339538392f,0.8344688262599268f,-1.9383105130084075f,0.6760909771924266f,1.389923192920606f,0.34806474142590776f,3.333661398252346f,-0.6410392309612726f,0.637617432785588f,-1.301017782222827f,-0.9146999821294435f,0f,0f,0f,1f], start_interpolation: 0, interpolation_duration: 1 }
$data merge entity $(bone_right_shoulder) { transformation: [-0.9665204487632671f,0.01533306819658042f,0.30334155305360266f,-1.515143125f,0.11769027523657608f,0.9516870470958999f,0.32688490661311526f,3.4832228444794837f,-0.28000035697125736f,0.3470873666332515f,-0.9096939807904652f,-0.6969081567134243f,0f,0f,0f,1f], start_interpolation: 0, interpolation_duration: 1 }
$data merge entity $(bone_right_arm) { transformation: [-1.3293824999999997f,-2.827034048731162e-17f,1.6032906804009286e-16f,-1.74976375f,0f,1.3091861927187514f,0.23084484854730797f,3.431834524594965f,-1.628024023467506e-16f,0.23084484854730797f,-1.3091861927187514f,-0.5731407142599355f,0f,0f,0f,1f], start_interpolation: 0, interpolation_duration: 1 }
$data merge entity $(bone_left_thumb_2) { transformation: [-0.9401834534087049f,-0.21830144375762317f,0.26153308316505375f,3.701230283617089f,-0.3258596095053581f,0.35239308176513595f,-0.8772882256231903f,0.5816534892117979f,0.09935083708503495f,-0.9100349419541028f,-0.40244976778859654f,0.7066771576527602f,0f,0f,0f,1f], start_interpolation: 0, interpolation_duration: 1 }
$data merge entity $(bone_left_thumb) { transformation: [-0.9401834534087049f,-0.21830144375762317f,0.26153308316505375f,3.8284952769524443f,-0.3258596095053581f,0.35239308176513595f,-0.8772882256231903f,0.7978576458403437f,0.09935083708503495f,-0.9100349419541028f,-0.40244976778859654f,0.42297565253718183f,0f,0f,0f,1f], start_interpolation: 0, interpolation_duration: 1 }
$data merge entity $(bone_left_fingers_2) { transformation: [0.759837408370987f,0.5951869951958321f,0.26153308316505375f,4.010606278553973f,0.44425685324045805f,-0.18166237236092814f,-0.8772882256231903f,0.20158174313257604f,-0.47463982259071813f,0.7827842762970885f,-0.40244976778859654f,1.3002329742035776f,0f,0f,0f,1f], start_interpolation: 0, interpolation_duration: 1 }
$data merge entity $(bone_left_fingers) { transformation: [-0.8605437732202322f,0.4371096667680399f,0.26153308316505375f,4.245716784986694f,-0.023109036400614735f,0.47940728156709234f,-0.8772882256231903f,0.40650917618332877f,-0.5088520284016965f,-0.7609886974182887f,-0.40244976778859654f,0.9853272179221246f,0f,0f,0f,1f], start_interpolation: 0, interpolation_duration: 1 }
$data merge entity $(bone_left_hand) { transformation: [-0.9401834534087049f,-0.21830144375762317f,0.26153308316505375f,4.038935987879292f,-0.3258596095053581f,0.35239308176513595f,-0.8772882256231903f,0.6822724853968773f,0.09935083708503495f,-0.9100349419541028f,-0.40244976778859654f,0.2712050550048204f,0f,0f,0f,1f], start_interpolation: 0, interpolation_duration: 1 }
$data merge entity $(bone_left_forearm) { transformation: [-1.4752549213754758f,-0.9606757465999409f,0.47702577339761343f,2.577966466354194f,-0.7783444795593905f,0.4007068266805395f,-1.6001382664709134f,1.1712522051269905f,0.7379914293068494f,-1.497786603819037f,-0.7340521107682852f,-1.9283750787508702f,0f,0f,0f,1f], start_interpolation: 0, interpolation_duration: 1 }
$data merge entity $(bone_left_bicep) { transformation: [-1.2814461560327366f,-0.4143574339538394f,-0.8344688262599265f,1.9383105130084075f,-0.6760909771924266f,1.389923192920606f,0.34806474142590776f,3.333661398252346f,0.6410392309612722f,0.637617432785588f,-1.301017782222827f,-0.9146999821294429f,0f,0f,0f,1f], start_interpolation: 0, interpolation_duration: 1 }
$data merge entity $(bone_left_shoulder) { transformation: [-0.9665204487632674f,-0.015333068196580509f,-0.3033415530536025f,1.515143125f,-0.1176902752365761f,0.9516870470959001f,0.3268849066131153f,3.4832228444794837f,0.2800003569712572f,0.34708736663325157f,-0.9096939807904654f,-0.6969081567134239f,0f,0f,0f,1f], start_interpolation: 0, interpolation_duration: 1 }
$data merge entity $(bone_left_arm) { transformation: [-1.3293824999999997f,-2.827034048731162e-17f,1.6032906804009286e-16f,1.749763125f,0f,1.3091861927187514f,0.23084484854730797f,3.431834524594965f,-1.628024023467506e-16f,0.23084484854730797f,-1.3091861927187514f,-0.5731407142599351f,0f,0f,0f,1f], start_interpolation: 0, interpolation_duration: 1 }
$data merge entity $(bone_chest) { transformation: [-2.632522916666667f,-5.598262290561021e-17f,3.1749323149910114e-16f,-2.127307722673325e-17f,0f,2.592528978315644f,0.457132807145599f,4.197234285140142f,-3.2239107635778877e-16f,0.457132807145599f,-2.592528978315644f,-0.3435118624219141f,0f,0f,0f,1f], start_interpolation: 0, interpolation_duration: 1 }
$data merge entity $(bone_weist) { transformation: [-1.9493945833333333f,3.1160776790294094e-17f,2.3668959846058683e-16f,-1.3485886025443742e-17f,0f,1.9327172424357735f,-0.25444705209689394f,0.1997515994942296f,-2.387319836754355e-16f,-0.25444705209689394f,-1.9327172424357735f,-0.4070991041205921f,0f,0f,0f,1f], start_interpolation: 0, interpolation_duration: 1 }
$data merge entity $(bone_right_cheek) { transformation: [-0.999984938600609f,0.004975748584428877f,-0.0023161385884798375f,-0.8523922785156698f,0.005219399304403365f,0.9926425710914254f,-0.12096893786384183f,-1.6295421868303686f,0.001697186742136847f,-0.12097920475449231f,-0.9926535909239099f,-0.7632179327995774f,0f,0f,0f,1f], start_interpolation: 0, interpolation_duration: 1 }
$data merge entity $(bone_right_foot) { transformation: [-1.1188035444738704f,0.1207304205351986f,0.3453891852775085f,-1.8749399602967047f,0.23836672067588324f,1.0835216232495142f,0.3933866969046182f,-6.344292496829228f,-0.2775803131050408f,0.44384226070158594f,-1.054297923866103f,-0.7229532935381284f,0f,0f,0f,1f], start_interpolation: 0, interpolation_duration: 1 }
$data merge entity $(bone_right_knee) { transformation: [-2.7607590999442877f,-0.09018794194887289f,0.8983340223635415f,-2.01798005787765f,0.588193607787763f,2.012948468012647f,2.009725213410326f,-3.7643308474379253f,-0.6849570500158739f,2.092088260276461f,-1.89497473317746f,1.793136067608807f,0f,0f,0f,1f], start_interpolation: 0, interpolation_duration: 1 }
$data merge entity $(bone_right_leg) { transformation: [-2.3532442767955186f,0.7692145136859203f,-0.023730330868567517f,-0.8928749999999999f,0.5013705256652758f,1.4744555662185503f,-1.9247392296569223f,-1.679889829713539f,-0.5838507451929162f,-1.8342035160039165f,-1.557186081415965f,-0.7340183001407744f,0f,0f,0f,1f], start_interpolation: 0, interpolation_duration: 1 }
$data merge entity $(bone_left_cheek) { transformation: [-0.9999849384706664f,-0.004975765826043779f,0.002316157650435486f,0.8523916839829248f,-0.005219418898888906f,0.9926425586321226f,-0.12096903925645996f,-1.629542316472085f,-0.0016972030447820548f,-0.12097930627474018f,-0.992653578523297f,-0.7632177900411904f,0f,0f,0f,1f], start_interpolation: 0, interpolation_duration: 1 }
$data merge entity $(bone_left_foot) { transformation: [-1.1188035444738704f,-0.12073044903994641f,-0.3453891753137028f,1.8749394568478541f,-0.23836672067588324f,1.0835216557154623f,0.39338660748227167f,-6.344292603412055f,0.2775803131050405f,0.4438421736910525f,-1.054297960496117f,-0.7229527638594488f,0f,0f,0f,1f], start_interpolation: 0, interpolation_duration: 1 }
$data merge entity $(bone_left_knee) { transformation: [-2.7607590999442873f,0.09018786780994086f,-0.898334029806691f,2.017980056209707f,-0.588193607787763f,2.0129486338739735f,2.0097250472829717f,-3.7643306273082393f,0.6849570500158733f,2.092088103885404f,-1.894974905836157f,1.793136249918176f,0f,0f,0f,1f], start_interpolation: 0, interpolation_duration: 1 }
$data merge entity $(bone_left_leg) { transformation: [-2.3532442767955186f,-0.7692145117274682f,0.023730394351348705f,0.8928750000000001f,-0.5013705256652758f,1.47445540737105f,-1.9247393513427886f,-1.679889829713539f,0.5838507451929157f,-1.83420364451748f,-1.5571859300403192f,-0.7340183001407742f,0f,0f,0f,1f], start_interpolation: 0, interpolation_duration: 1 }
data modify entity @s data merge value {"locators":{"consume":{"posx":4.023711039725301,"posy":0.45439733662025344,"posz":1.1353945393551161,"roty":33.017935670216076,"rotx":-61.31695408221254}},"cameras":{}}
execute on vehicle unless entity @s[tag=aj.transforms_only] at @s run function animated_java:armor/animations/born/zzz/frames/zzz/11