# This file was generated by Animated Java via MC-Build. It is not recommended to edit this file directly.
$data merge entity $(bone_neck) { transformation: [-1.2033625000000001f,-4.676099790535045e-17f,1.3975389128257282e-16f,1.1102230246251565e-16f,0f,1.1411771245380702f,0.3818325245932727f,3.732854399991975f,-1.473694033838957e-16f,0.3818325245932727f,-1.1411771245380702f,-0.6212363165761584f,0f,0f,0f,1f], start_interpolation: 0, interpolation_duration: 1 }
$data merge entity $(bone_right_thumb_2) { transformation: [-0.4748831543884461f,-0.8268825165536926f,0.3012495535198537f,-1.3082763546849099f,0.6964471554828108f,-0.5623715640155907f,-0.4457573146977626f,2.8576869880561766f,0.5380031127214608f,-0.0018782450560280162f,0.8429407588303753f,1.0992292342317276f,0f,0f,0f,1f], start_interpolation: 0, interpolation_duration: 1 }
$data merge entity $(bone_right_thumb) { transformation: [-0.4748831543884461f,-0.876676299825679f,0.0769717805564816f,-1.6839639661418573f,0.6964471554828108f,-0.42783873511569637f,-0.5761209737151589f,2.902866161054714f,0.5380031127214608f,-0.21998336768618917f,0.8137321233940948f,1.114875984753643f,0f,0f,0f,1f], start_interpolation: 0, interpolation_duration: 1 }
$data merge entity $(bone_right_fingers_2) { transformation: [0.8008897146963732f,0.5938442640049046f,0.0769717805564816f,-0.6959132816196189f,-0.45038301773366085f,0.6820848634756665f,-0.5761209737151589f,3.1491445241620575f,-0.3946274220460142f,0.4267425794619693f,0.8137321233940948f,1.4632903790485365f,0f,0f,0f,1f], start_interpolation: 0, interpolation_duration: 1 }
$data merge entity $(bone_right_fingers) { transformation: [0.19973506168370725f,-0.9768220155853216f,0.0769717805564816f,-1.1163512895001908f,0.8085189112599571f,0.11992411675935394f,-0.5761209737151589f,3.234978824154001f,0.553536877966789f,0.17730469843554142f,0.8137321233940948f,1.5742056298724174f,0f,0f,0f,1f], start_interpolation: 0, interpolation_duration: 1 }
$data merge entity $(bone_right_hand) { transformation: [-0.4748831543884461f,-0.876676299825679f,0.0769717805564816f,-1.795553607276962f,0.6964471554828108f,-0.42783873511569637f,-0.5761209737151589f,2.877602732420285f,0.5380031127214608f,-0.21998336768618917f,0.8137321233940948f,1.3748549215359147f,0f,0f,0f,1f], start_interpolation: 0, interpolation_duration: 1 }
$data merge entity $(bone_right_forearm) { transformation: [-1.6809538304242133f,-0.6939109958323733f,0.14039341679222495f,-2.734112492193238f,0.49303674701641376f,-1.4069533658311089f,-1.0508213711670955f,0.7427292499958909f,0.5080723843185575f,-0.9304828412565952f,1.4842145047308417f,0.043273790875384965f,0f,0f,0f,1f], start_interpolation: 0, interpolation_duration: 1 }
$data merge entity $(bone_right_bicep) { transformation: [-1.4601217682820882f,0.3366159675434775f,-0.514653930391154f,-2.197832619073289f,0.4282649968440709f,1.5081307452926347f,-0.22861606125715908f,3.097776159197257f,0.4413253563420554f,-0.34980837808914406f,-1.4808783151737037f,-0.48480613851197973f,0f,0f,0f,1f], start_interpolation: 0, interpolation_duration: 1 }
$data merge entity $(bone_right_shoulder) { transformation: [-0.9444089358490585f,-0.030208300220996746f,-0.3655026664103108f,-1.780768125f,0.02026440421843935f,1.00383720908974f,-0.13532623631592353f,3.31107739900517f,0.36618860506160006f,-0.13345896339893992f,-0.9351511050511356f,-0.656364678285585f,0f,0f,0f,1f], start_interpolation: 0, interpolation_duration: 1 }
$data merge entity $(bone_right_arm) { transformation: [-1.3293824999999997f,-5.1657960338559263e-17f,1.5438936926982085e-16f,-1.74976375f,0f,1.260684871567155f,0.42181925739344234f,3.426812244953325f,-1.628024023467506e-16f,0.42181925739344234f,-1.260684871567155f,-0.5917413503835192f,0f,0f,0f,1f], start_interpolation: 0, interpolation_duration: 1 }
$data merge entity $(bone_left_thumb_2) { transformation: [-0.474883154388446f,0.8766762998256792f,-0.07697178055648177f,1.0426513546849092f,-0.6964471554828108f,-0.42783873511569637f,-0.5761209737151589f,3.0425396903477053f,-0.538003112721461f,-0.2199833676861888f,0.8137321233940946f,1.0490402754806303f,0f,0f,0f,1f], start_interpolation: 0, interpolation_duration: 1 }
$data merge entity $(bone_left_thumb) { transformation: [-0.474883154388446f,0.8766762998256792f,-0.07697178055648177f,1.4183389661418568f,-0.6964471554828108f,-0.42783873511569637f,-0.5761209737151589f,3.0877188633462427f,-0.538003112721461f,-0.2199833676861888f,0.8137321233940946f,1.0646870260025458f,0f,0f,0f,1f], start_interpolation: 0, interpolation_duration: 1 }
$data merge entity $(bone_left_fingers_2) { transformation: [0.8008897146963732f,-0.5938442640049049f,-0.07697178055648177f,0.4302882816196182f,0.45038301773366085f,0.6820848634756665f,-0.5761209737151589f,3.333997226453586f,0.3946274220460144f,0.4267425794619689f,0.8137321233940946f,1.4131014202974388f,0f,0f,0f,1f], start_interpolation: 0, interpolation_duration: 1 }
$data merge entity $(bone_left_fingers) { transformation: [0.19973506168370742f,0.9768220155853218f,-0.07697178055648177f,0.8507262895001902f,-0.8085189112599571f,0.11992411675935394f,-0.5761209737151589f,3.4198315264455297f,-0.5535368779667887f,0.17730469843554175f,0.8137321233940946f,1.5240166711213199f,0f,0f,0f,1f], start_interpolation: 0, interpolation_duration: 1 }
$data merge entity $(bone_left_hand) { transformation: [-0.474883154388446f,0.8766762998256792f,-0.07697178055648177f,1.5299286072769616f,-0.6964471554828108f,-0.42783873511569637f,-0.5761209737151589f,3.0624554347118136f,-0.538003112721461f,-0.2199833676861888f,0.8137321233940946f,1.3246659627848176f,0f,0f,0f,1f], start_interpolation: 0, interpolation_duration: 1 }
$data merge entity $(bone_left_forearm) { transformation: [-1.6809538304242133f,0.6939109958323735f,-0.14039341679222525f,2.468487492193238f,-0.49303674701641376f,-1.4069533658311089f,-1.0508213711670955f,0.9275819522874196f,-0.5080723843185581f,-0.9304828412565948f,1.4842145047308415f,-0.006915167875711448f,0f,0f,0f,1f], start_interpolation: 0, interpolation_duration: 1 }
$data merge entity $(bone_left_bicep) { transformation: [-1.4601217682820882f,-0.33661596754347745f,0.5146539303911544f,1.9322076190732889f,-0.4282649968440709f,1.5081307452926347f,-0.22861606125715908f,3.2826288614887855f,-0.44132535634205583f,-0.34980837808914417f,-1.4808783151737033f,-0.5349950972630763f,0f,0f,0f,1f], start_interpolation: 0, interpolation_duration: 1 }
$data merge entity $(bone_left_shoulder) { transformation: [-0.9444089358490587f,0.030208300220996787f,0.36550266641031115f,1.515143125f,-0.020264404218439353f,1.0038372090897403f,-0.13532623631592355f,3.4959301012966986f,-0.36618860506160034f,-0.13345896339893995f,-0.9351511050511356f,-0.7065536370366816f,0f,0f,0f,1f], start_interpolation: 0, interpolation_duration: 1 }
$data merge entity $(bone_left_arm) { transformation: [-1.3293824999999997f,-5.1657960338559263e-17f,1.5438936926982085e-16f,1.749763125f,0f,1.260684871567155f,0.42181925739344234f,3.426812244953325f,-1.628024023467506e-16f,0.42181925739344234f,-1.260684871567155f,-0.5917413503835187f,0f,0f,0f,1f], start_interpolation: 0, interpolation_duration: 1 }
$data merge entity $(bone_chest) { transformation: [-2.632522916666667f,-1.02296189711776e-16f,3.057310839374792e-16f,4.9510211015249035e-17f,0f,2.4964837547474183f,0.8353117795514478f,4.149863444577371f,-3.2239107635778877e-16f,0.8353117795514478f,-2.4964837547474183f,-0.2515014853452052f,0f,0f,0f,1f], start_interpolation: 0, interpolation_duration: 1 }
$data merge entity $(bone_weist) { transformation: [-1.9493945833333333f,4.861579920883395e-17f,2.3372946775469873e-16f,1.2337893706278897e-16f,0f,1.9085459408984717f,-0.3969781266131766f,0.35682753025829084f,-2.387319836754355e-16f,-0.3969781266131766f,-1.9085459408984717f,-0.8546854082442013f,0f,0f,0f,1f], start_interpolation: 0, interpolation_duration: 1 }
$data merge entity $(bone_right_cheek) { transformation: [-0.9978278320222888f,0.061809699268941413f,-0.022785493586532063f,-0.8162258446642632f,0.0651187942736147f,0.9777650392245381f,-0.19933657642938296f,-1.5667147903567402f,0.009957925187985467f,-0.20038734777056055f,-0.9796661424074172f,-1.1673524757238154f,0f,0f,0f,1f], start_interpolation: 0, interpolation_duration: 1 }
$data merge entity $(bone_right_foot) { transformation: [-1.176042383590227f,0.04373740418422542f,0.024540708042067195f,-0.9414022347564183f,0.04965432587321938f,0.9345215345335616f,0.7139991906799856f,-3.3828148479927105f,0.0070466160713081386f,0.7143860551864265f,-0.935517933678281f,0.8921110048034804f,0f,0f,0f,1f], start_interpolation: 0, interpolation_duration: 1 }
$data merge entity $(bone_right_knee) { transformation: [-2.902001632416814f,0.1219957705851894f,0.020790525330030934f,-0.8543063137184378f,0.12252699116229074f,2.763814431559299f,0.8850116456156274f,0.08005769796135098f,0.017388226502112192f,0.885085028908461f,-2.766450944751277f,1.896250579832182f,0f,0f,0f,1f], start_interpolation: 0, interpolation_duration: 1 }
$data merge entity $(bone_right_leg) { transformation: [-2.4736380413901133f,-0.06523936859906007f,-0.0828938351841777f,-0.8928749999999999f,0.10444081872679671f,-1.241295945753508f,-2.139693719525913f,-1.6222232900932223f,0.014821555600611954f,-2.14124751553382f,1.2429208026454772f,-1.120041322523421f,0f,0f,0f,1f], start_interpolation: 0, interpolation_duration: 1 }
$data merge entity $(bone_left_cheek) { transformation: [-0.9978278320219146f,-0.06180969933140817f,0.022785493433469646f,0.8162252202606093f,-0.0651187943228293f,0.9777650388465449f,-0.1993365782673992f,-1.5667148173007155f,-0.009957924903654491f,-0.20038734959566373f,-0.9796661420369888f,-1.167352480191857f,0f,0f,0f,1f], start_interpolation: 0, interpolation_duration: 1 }
$data merge entity $(bone_left_foot) { transformation: [-1.176042383590227f,-0.04373740448802493f,-0.024540707500623978f,0.9414016091427192f,-0.049654325873219385f,0.9345215433724461f,0.7139991791111662f,-3.3828148494741823f,-0.0070466160713084265f,0.7143860436052726f,-0.9355179425219544f,0.8921110228626277f,0f,0f,0f,1f], start_interpolation: 0, interpolation_duration: 1 }
$data merge entity $(bone_left_knee) { transformation: [-2.902001632416814f,-0.12199577084256394f,-0.02079052381979535f,0.8543063122694727f,-0.12252699116229075f,2.7638144425152156f,0.8850116114012525f,0.08005773527019877f,-0.017388226502112903f,0.8850849946614479f,-2.7664509557081027f,1.896250558757954f,0f,0f,0f,1f], start_interpolation: 0, interpolation_duration: 1 }
$data merge entity $(bone_left_leg) { transformation: [-2.4736380413901133f,0.06523936962523685f,0.0828938343765529f,0.8928750000000001f,-0.10444081872679672f,-1.2412959722416408f,-2.1396937041594093f,-1.6222232900932223f,-0.01482155560061256f,-2.1412475001472018f,1.2429208291528446f,-1.1200413225234205f,0f,0f,0f,1f], start_interpolation: 0, interpolation_duration: 1 }
data modify entity @s data merge value {"locators":{"consume":{"posx":0.7018446541714543,"posy":3.397871857942458,"posz":1.297186207068873,"roty":185.40359039107054,"rotx":-35.178172521836075}},"cameras":{}}
execute on vehicle unless entity @s[tag=aj.transforms_only] run function animated_java:armor/variants/skin_9/apply
execute on vehicle unless entity @s[tag=aj.transforms_only] at @s run function animated_java:armor/animations/born/zzz/frames/zzz/3