# This file was generated by Animated Java via MC-Build. It is not recommended to edit this file directly.
$data merge entity $(bone_neck) { transformation: [-1.2033625000000001f,-4.553965009652066e-17f,1.4015663139078306e-16f,1.1102230246251565e-16f,0f,1.1444657470902269f,0.37185946289352273f,3.7323675652047554f,-1.473694033838957e-16f,0.37185946289352273f,-1.1444657470902269f,-0.6228022898617321f,0f,0f,0f,1f], start_interpolation: 0, interpolation_duration: 1 }
$data merge entity $(bone_right_thumb_2) { transformation: [-0.5053644333935456f,-0.8312191739065409f,0.231692629125202f,-1.379008176880412f,0.6693586045328891f,-0.5470691230469923f,-0.5026673185580878f,2.76574220627101f,0.544578596713646f,-0.09894472971675941f,0.83285298370281f,1.2258395450406006f,0f,0f,0f,1f], start_interpolation: 0, interpolation_duration: 1 }
$data merge entity $(bone_right_thumb) { transformation: [-0.5053644333935456f,-0.8628625324104695f,0.008662541371450366f,-1.754230882753543f,0.6693586045328891f,-0.39832831932295315f,-0.6271312530588272f,2.8162089885578068f,0.544578596713646f,-0.3111314837613559f,0.7788654259972341f,1.2164488709531793f,0f,0f,0f,1f], start_interpolation: 0, interpolation_duration: 1 }
$data merge entity $(bone_right_fingers_2) { transformation: [0.8226771848444255f,0.5684427938794185f,0.008662541371450366f,-0.7921693792901439f,-0.4383040936937821f,0.6438912275284837f,-0.6271312530588272f,3.023436386423581f,-0.36206597601504f,0.5121297464494944f,0.7788654259972341f,1.6520912088854531f,0f,0f,0f,1f], start_interpolation: 0, interpolation_duration: 1 }
$data merge entity $(bone_right_fingers) { transformation: [0.16750572874510317f,-0.9858330442902388f,0.008662541371450366f,-1.2186637371871152f,0.7687989477043509f,0.1251182218765432f,-0.6271312530588272f,3.109269213318576f,0.6171628705992078f,0.11170783025326514f,0.7788654259972341f,1.7367855233361844f,0f,0f,0f,1f], start_interpolation: 0, interpolation_duration: 1 }
$data merge entity $(bone_right_hand) { transformation: [-0.5053644333935456f,-0.8628625324104695f,0.008662541371450366f,-1.8853107648285736f,0.6693586045328891f,-0.39832831932295315f,-0.6271312530588272f,2.7766203238345883f,0.544578596713646f,-0.3111314837613559f,0.7788654259972341f,1.465306940032921f,0f,0f,0f,1f], start_interpolation: 0, interpolation_duration: 1 }
$data merge entity $(bone_right_forearm) { transformation: [-1.6953044559161552f,-0.6726973460801261f,0.01580012535047837f,-2.7970752079406385f,0.5147695061891793f,-1.3241678545620679f,-1.1438620590244897f,0.7587573044758722f,0.43334018839946575f,-1.0587191956107864f,1.4206190578746543f,-0.05410094112552005f,0f,0f,0f,1f], start_interpolation: 0, interpolation_duration: 1 }
$data merge entity $(bone_right_bicep) { transformation: [-1.4725871080731043f,0.38078919701659103f,-0.44342006320853106f,-2.192746325063248f,0.4471426567646762f,1.5080200977042248f,-0.18992994841539262f,3.1130761035572507f,0.3764109582913664f,-0.3016778550691227f,-1.5091188880013977f,-0.5065167369222605f,0f,0f,0f,1f], start_interpolation: 0, interpolation_duration: 1 }
$data merge entity $(bone_right_shoulder) { transformation: [-0.9570140303364146f,-0.004342420073789178f,-0.3324428789942636f,-1.765143125f,0.03236420423513207f,1.0070060902079216f,-0.10632154642978951f,3.3211475863534043f,0.330892252387871f,-0.11105339408995107f,-0.9510995950149613f,-0.6572957309238546f,0f,0f,0f,1f], start_interpolation: 0, interpolation_duration: 1 }
$data merge entity $(bone_right_arm) { transformation: [-1.3293824999999997f,-5.030870905021376e-17f,1.5483428562038254e-16f,-1.74976375f,0f,1.2643178892737417f,0.4108017845246535f,3.4265944521831075f,-1.628024023467506e-16f,0.4108017845246535f,-1.2643178892737417f,-0.5906377590170843f,0f,0f,0f,1f], start_interpolation: 0, interpolation_duration: 1 }
$data merge entity $(bone_left_thumb_2) { transformation: [-0.5053644333935454f,0.8628625324104696f,-0.008662541371450533f,1.1290081768804114f,-0.6693586045328891f,-0.39832831932295315f,-0.6271312530588272f,2.9393023831527776f,-0.5445785967136461f,-0.31113148376135574f,0.7788654259972341f,1.1770864425673278f,0f,0f,0f,1f], start_interpolation: 0, interpolation_duration: 1 }
$data merge entity $(bone_left_thumb) { transformation: [-0.5053644333935454f,0.8628625324104696f,-0.008662541371450533f,1.5042308827535424f,-0.6693586045328891f,-0.39832831932295315f,-0.6271312530588272f,2.9897691654395744f,-0.5445785967136461f,-0.31113148376135574f,0.7788654259972341f,1.1676957684799065f,0f,0f,0f,1f], start_interpolation: 0, interpolation_duration: 1 }
$data merge entity $(bone_left_fingers_2) { transformation: [0.8226771848444254f,-0.5684427938794188f,-0.008662541371450533f,0.542169379290143f,0.4383040936937821f,0.6438912275284837f,-0.6271312530588272f,3.1969965633053485f,0.3620659760150401f,0.5121297464494944f,0.7788654259972341f,1.60333810641218f,0f,0f,0f,1f], start_interpolation: 0, interpolation_duration: 1 }
$data merge entity $(bone_left_fingers) { transformation: [0.16750572874510344f,0.9858330442902388f,-0.008662541371450533f,0.9686637371871143f,-0.7687989477043509f,0.1251182218765432f,-0.6271312530588272f,3.2828293902003436f,-0.6171628705992078f,0.1117078302532653f,0.7788654259972341f,1.6880324208629114f,0f,0f,0f,1f], start_interpolation: 0, interpolation_duration: 1 }
$data merge entity $(bone_left_hand) { transformation: [-0.5053644333935454f,0.8628625324104696f,-0.008662541371450533f,1.635310764828573f,-0.6693586045328891f,-0.39832831932295315f,-0.6271312530588272f,2.950180500716356f,-0.5445785967136461f,-0.31113148376135574f,0.7788654259972341f,1.4165538375596483f,0f,0f,0f,1f], start_interpolation: 0, interpolation_duration: 1 }
$data merge entity $(bone_left_forearm) { transformation: [-1.6953044559161552f,0.6726973460801265f,-0.015800125350478676f,2.5470752079406385f,-0.5147695061891793f,-1.3241678545620679f,-1.1438620590244897f,0.9323174813576398f,-0.43334018839946614f,-1.0587191956107864f,1.4206190578746543f,-0.10285404359879269f,0f,0f,0f,1f], start_interpolation: 0, interpolation_duration: 1 }
$data merge entity $(bone_left_bicep) { transformation: [-1.4725871080731043f,-0.38078919701659103f,0.4434200632085314f,1.942746325063248f,-0.4471426567646762f,1.5080200977042248f,-0.18992994841539262f,3.2866362804390183f,-0.3764109582913667f,-0.3016778550691228f,-1.5091188880013975f,-0.5552698393955333f,0f,0f,0f,1f], start_interpolation: 0, interpolation_duration: 1 }
$data merge entity $(bone_left_shoulder) { transformation: [-0.9570140303364149f,0.004342420073789206f,0.33244287899426395f,1.515143125f,-0.032364204235132074f,1.0070060902079219f,-0.10632154642978954f,3.494707763235172f,-0.3308922523878713f,-0.11105339408995109f,-0.9510995950149614f,-0.7060488333971274f,0f,0f,0f,1f], start_interpolation: 0, interpolation_duration: 1 }
$data merge entity $(bone_left_arm) { transformation: [-1.3293824999999997f,-5.030870905021376e-17f,1.5483428562038254e-16f,1.749763125f,0f,1.2643178892737417f,0.4108017845246535f,3.4265944521831075f,-1.628024023467506e-16f,0.4108017845246535f,-1.2643178892737417f,-0.5906377590170838f,0f,0f,0f,1f], start_interpolation: 0, interpolation_duration: 1 }
$data merge entity $(bone_chest) { transformation: [-2.632522916666667f,-9.962432142938808e-17f,3.0661213396548345e-16f,5.18483384368801e-17f,0f,2.5036780741921567f,0.8134943193315036f,4.152587235493243f,-3.2239107635778877e-16f,0.8134943193315036f,-2.5036780741921567f,-0.25672058123093877f,0f,0f,0f,1f], start_interpolation: 0, interpolation_duration: 1 }
$data merge entity $(bone_weist) { transformation: [-1.9493945833333333f,4.7595502464691586e-17f,2.339393685866958e-16f,1.2201544760495663e-16f,0f,1.9102599112623617f,-0.3886467714432392f,0.3455158876037745f,-2.387319836754355e-16f,-0.3886467714432392f,-1.9102599112623617f,-0.8296785085037623f,0f,0f,0f,1f], start_interpolation: 0, interpolation_duration: 1 }
$data merge entity $(bone_right_cheek) { transformation: [-0.9964367710869485f,0.07845548008331377f,-0.030959632922775718f,-0.8181715645139677f,0.0829730847274459f,0.9777156311294093f,-0.19284089777854022f,-1.5722551463572314f,0.015140291827713879f,-0.19472257776158877f,-0.9807414997201116f,-1.1410583715086766f,0f,0f,0f,1f], start_interpolation: 0, interpolation_duration: 1 }
$data merge entity $(bone_right_foot) { transformation: [-1.1753728618781085f,0.046205244239798424f,0.04421092446181021f,-0.9981090905275365f,0.06343798389963291f,0.9451638899088068f,0.6987358143731895f,-3.5735246844981035f,-0.008071718266715471f,0.700086560000801f,-0.9462581839788914f,0.9239156182655994f,0f,0f,0f,1f], start_interpolation: 0, interpolation_duration: 1 }
$data merge entity $(bone_right_knee) { transformation: [-2.900349520955002f,0.1409303294429019f,0.07099286635451539f,-0.8857614319678514f,0.15653953922302852f,2.7344835074603866f,0.9669663947733677f,-0.1434861496369566f,-0.01991776819718657f,0.9693643681321685f,-2.73804030153681f,2.032780762503797f,0f,0f,0f,1f], start_interpolation: 0, interpolation_duration: 1 }
$data merge entity $(bone_right_leg) { transformation: [-2.4722297976059253f,-0.04326653296713912f,-0.12735995404141034f,-0.8928749999999999f,0.13343278476424594f,-1.0847654361659866f,-2.2215968048655306f,-1.6260434159969357f,-0.016977712404358268f,-2.2251796957917085f,1.0854951873025018f,-1.0975927447925136f,0f,0f,0f,1f], start_interpolation: 0, interpolation_duration: 1 }
$data merge entity $(bone_left_cheek) { transformation: [-0.9964367710640891f,-0.0784554802838784f,0.03095963315024828f,0.8181709404695608f,-0.0829730850897618f,0.9777156295501146f,-0.19284090562977121f,-1.5722551807651517f,-0.015140291346573841f,-0.1947225856105272f,-0.9807414981691618f,-1.1410583681758735f,0f,0f,0f,1f], start_interpolation: 0, interpolation_duration: 1 }
$data merge entity $(bone_left_foot) { transformation: [-1.1753728618781085f,-0.046205244969538484f,-0.04421092369915212f,0.9981084648727442f,-0.06343798389963293f,0.9451639014420516f,0.6987357987724351f,-3.573524684851798f,0.008071718266715188f,0.7000865443819845f,-0.9462581955344311f,0.9239156547423824f,0f,0f,0f,1f], start_interpolation: 0, interpolation_duration: 1 }
$data merge entity $(bone_left_knee) { transformation: [-2.900349520955002f,-0.14093033061470137f,-0.07099286402833668f,0.8857614290154247f,-0.15653953922302857f,2.734483523421012f,0.966966349638332f,-0.14348609804452206f,0.019917768197185874f,0.9693643229384252f,-2.7380403175370156f,2.0327807380627085f,0f,0f,0f,1f], start_interpolation: 0, interpolation_duration: 1 }
$data merge entity $(bone_left_leg) { transformation: [-2.4722297976059253f,0.04326653506932681f,0.1273599533272582f,0.8928750000000001f,-0.13343278476424597f,-1.0847654728353806f,-2.2215967869605313f,-1.6260434159969357f,0.01697771240435767f,-2.225179677874664f,1.0854952240310345f,-1.0975927447925133f,0f,0f,0f,1f], start_interpolation: 0, interpolation_duration: 1 }
data modify entity @s data merge value {"locators":{"consume":{"posx":0.8034635182889118,"posy":3.272588559066865,"posz":1.4719212437922806,"roty":180.63721739386483,"rotx":-38.83878729546954}},"cameras":{}}
execute on vehicle unless entity @s[tag=aj.transforms_only] run function animated_java:armor/variants/skin_8/apply
execute on vehicle unless entity @s[tag=aj.transforms_only] at @s run function animated_java:armor/animations/born/zzz/frames/zzz/4