execute if entity @s[tag=aj.attack.bone.right_thumb_2] run data modify entity @s {} merge value {transformation:[-0.8966613632587284f,0.04760642239210848f,-0.44015000645918756f,-1.8136501161332965f,0.24738012116104396f,0.8783865635301464f,-0.40895002220815047f,-5.915571188171762f,0.3671532041169542f,-0.4755740463447554f,-0.7993921760624945f,1.1872404045917226f,0f,0f,0f,1f],start_interpolation:0}
execute if entity @s[tag=aj.attack.bone.right_thumb] run data modify entity @s {} merge value {transformation:[-0.8966613632587284f,0.04760642239210848f,-0.44015000645918756f,-1.9323306683006856f,0.24738012116104396f,0.8783865635301464f,-0.40895002220815047f,-5.627292914844827f,0.3671532041169542f,-0.4755740463447554f,-0.7993921760624945f,1.105110303194548f,0f,0f,0f,1f],start_interpolation:0}
execute if entity @s[tag=aj.attack.bone.right_fingers2] run data modify entity @s {} merge value {transformation:[-0.5481432673990011f,-0.7112010476785902f,-0.44015000645918756f,-1.9976594242001362f,-0.5827629708904424f,0.7022444012556442f,-0.40895002220815047f,-6.680429897084635f,0.5999385619912193f,0.03233992402553387f,-0.7993921760624945f,1.4685972165110375f,0f,0f,0f,1f],start_interpolation:0}
execute if entity @s[tag=aj.attack.bone.right_fingers] run data modify entity @s {} merge value {transformation:[-0.814605113813513f,-0.3777386402830013f,-0.44015000645918756f,-2.1415773563482103f,-0.19265668992308663f,0.8919883851059006f,-0.40895002220815047f,-6.253758584292869f,0.5470849187984923f,-0.24833493607085674f,-0.7993921760624945f,1.3194004046724865f,0f,0f,0f,1f],start_interpolation:0}
execute if entity @s[tag=aj.attack.locator_origin.right_hand] at @s on origin run tp @s ^-1.97062 ^-6.30973 ^1.24615 ~-28.83744 ~-24.13889
execute if entity @s[tag=aj.attack.bone.right_hand] run data modify entity @s {} merge value {transformation:[-0.8952041860353631f,-0.06983865060795522f,-0.44015000645918756f,-2.2596431866976596f,0.13061129649630124f,0.9031614299578499f,-0.40895002220815047f,-5.620764572515163f,0.4260870269467472f,-0.42358233475648077f,-0.7993921760624945f,1.023993161201119f,0f,0f,0f,1f],start_interpolation:0}
execute if entity @s[tag=aj.attack.bone.right_forearm] run data modify entity @s {} merge value {transformation:[-1.3475769713611252f,-0.10513015772079774f,-0.662570642431537f,-2.3703062592783346f,0.19661299411203012f,1.3595552427239255f,-0.6156043961389102f,-3.6634908724230417f,0.6414012292012247f,-0.6376308429936944f,-1.2033483582320084f,0.09043539899632397f,0f,0f,0f,1f],start_interpolation:0}
execute if entity @s[tag=aj.attack.bone.right_bicep] run data modify entity @s {} merge value {transformation:[-1.4152361630031058f,0.11773844896073729f,-0.6900350850565573f,-2.132166291637553f,0.215374486028413f,1.5541393283512615f,-0.17654726529836196f,-1.4228497617511666f,0.6660514933101547f,-0.2523742533473909f,-1.4091085134052321f,-0.3737929626054644f,0f,0f,0f,1f],start_interpolation:0}
execute if entity @s[tag=aj.attack.bone.right_shoulder] run data modify entity @s {} merge value {transformation:[-0.9915701447506721f,0.11359745435757382f,-0.0623238830835351f,-1.795433125f,0.12278187653430016f,0.9774350113110284f,-0.17188778158474644f,-1.224956513198064f,0.0413915309435045f,-0.17809103578475957f,-0.9831430842655936f,-0.4297379729223964f,0f,0f,0f,1f],start_interpolation:0}
execute if entity @s[tag=aj.attack.bone.right_arm] run data modify entity @s {} merge value {transformation:[-1.4627187500000003f,-2.7250072634560366e-17f,1.770465647919918e-16f,-1.4259925f,0f,1.4456949131395151f,0.22251372929348226f,-1.0474389154566348f,-1.791313835240318e-16f,0.22251372929348226f,-1.4456949131395151f,-0.41066832798265596f,0f,0f,0f,1f],start_interpolation:0}
execute if entity @s[tag=aj.attack.bone.left_thumb_2] run data modify entity @s {} merge value {transformation:[-0.49895993275296807f,0.17382538381382975f,0.8490133811955662f,1.5673509637471437f,-0.8291077594227614f,0.18938488861011224f,-0.5260358231443024f,-4.309907762025999f,-0.25222868348409927f,-0.9663943811447322f,0.04962450321935582f,2.141863402732417f,0f,0f,0f,1f],start_interpolation:0}
execute if entity @s[tag=aj.attack.bone.left_thumb] run data modify entity @s {} merge value {transformation:[-0.49895993275296807f,0.17382538381382975f,0.8490133811955662f,1.6908089520039071f,-0.8291077594227614f,0.18938488861011224f,-0.5260358231443024f,-4.13326799415328f,-0.25222868348409927f,-0.9663943811447322f,0.04962450321935582f,1.902089952508899f,0f,0f,0f,1f],start_interpolation:0}
execute if entity @s[tag=aj.attack.bone.left_fingers2] run data modify entity @s {} merge value {transformation:[-0.02459417270810435f,0.5277986407899091f,0.8490133811955662f,1.4939489860474906f,-0.13316240458010498f,0.8399726702550152f,-0.5260358231443024f,-4.682710677708685f,-0.990789029347443f,-0.1259940792457479f,0.04962450321935582f,2.8487283661242113f,0f,0f,0f,1f],start_interpolation:0}
execute if entity @s[tag=aj.attack.bone.left_fingers] run data modify entity @s {} merge value {transformation:[-0.25549721263678404f,0.462490489508385f,0.8490133811955662f,1.707239594738188f,-0.4909401430116916f,0.6944523660760009f,-0.5260358231443024f,-4.382075182734007f,-0.8328859167464014f,-0.5512154373434569f,0.04962450321935582f,2.5501552855866363f,0f,0f,0f,1f],start_interpolation:0}
execute if entity @s[tag=aj.attack.bone.left_hand] run data modify entity @s {} merge value {transformation:[-0.4094171841901518f,0.33399677818907025f,0.8490133811955662f,1.993153127295797f,-0.7143329966197607f,0.46153513702548055f,-0.5260358231443024f,-4.0274010507502265f,-0.5675437773687948f,-0.8218463782545932f,0.04962450321935582f,2.0076185488214f,0f,0f,0f,1f],start_interpolation:0}
execute if entity @s[tag=aj.attack.bone.left_forearm] run data modify entity @s {} merge value {transformation:[-0.6671170504289672f,0.2739428696759276f,1.3213349481482861f,2.364356297338541f,-1.3098886338843103f,0.22275909140823544f,-0.707521062607351f,-3.741070560375542f,-0.3242876930520375f,-1.463335091961529f,0.1396560087725991f,-0.11250404313174805f,0f,0f,0f,1f],start_interpolation:0}
execute if entity @s[tag=aj.attack.bone.left_bicep] run data modify entity @s {} merge value {transformation:[-0.9910978899350651f,-0.14485230623422196f,1.220510933990078f,2.0125120597568125f,-0.18181261504300028f,1.5679191017109997f,0.03844504578540341f,-1.403086283415006f,-1.2155547308212538f,-0.11641158839584294f,-1.0008892029139236f,-0.41858738790294153f,0f,0f,0f,1f],start_interpolation:0}
execute if entity @s[tag=aj.attack.bone.left_shoulder] run data modify entity @s {} merge value {transformation:[-0.991895527621526f,0.12544204816955273f,0.02018798740444856f,1.795433125f,0.11645199435273859f,0.9611096704009082f,-0.25041392627633013f,-1.141796156150108f,-0.05081530572262949f,-0.24603352213242233f,-0.9679283603094965f,-0.4907136694843221f,0f,0f,0f,1f],start_interpolation:0}
execute if entity @s[tag=aj.attack.bone.left_arm] run data modify entity @s {} merge value {transformation:[-1.4627187500000003f,-2.7250072634560366e-17f,1.770465647919918e-16f,1.4259925f,0f,1.4456949131395151f,0.22251372929348226f,-1.1092115098608697f,-1.791313835240318e-16f,0.22251372929348226f,-1.4456949131395151f,-0.42017603961952543f,0f,0f,0f,1f],start_interpolation:0}
execute if entity @s[tag=aj.attack.bone.chest] run data modify entity @s {} merge value {transformation:[-2.0654612500000002f,-3.8479009779815737e-17f,2.500021408924124e-16f,1.6672545631391945e-18f,0f,2.041422400862629f,0.3142049593940581f,-0.2923533333333337f,-2.5294605085753915e-16f,0.3142049593940581f,-2.041422400862629f,-0.013614166666666677f,0f,0f,0f,1f],start_interpolation:0}
execute if entity @s[tag=aj.attack.bone.weist] run data modify entity @s {} merge value {transformation:[-2.0892733333333333f,3.892262274397137e-17f,2.5288434060080286e-16f,4.824843048500757e-17f,0f,2.0649573475133467f,-0.3178273341429612f,-3.883025f,-2.5586219002105877e-16f,-0.3178273341429612f,-2.0649573475133467f,-0.3939783333333334f,0f,0f,0f,1f],start_interpolation:0}
execute if entity @s[tag=aj.attack.bone.right_foot] run data modify entity @s {} merge value {transformation:[-1.1270790743047818f,-0.056859178719308796f,0.098696233259644f,-1.02097531214893f,0.07568108754349613f,0.35975368085390225f,1.0715086628209325f,-10.225278356750065f,-0.0851251176358073f,1.0726721191992616f,-0.3541318842466118f,-2.0437961457807594f,0f,0f,0f,1f],start_interpolation:0}
execute if entity @s[tag=aj.attack.bone.right_knee] run data modify entity @s {} merge value {transformation:[-3.1045333173643455f,-0.08312184306694677f,0.3025342307205308f,-1.171861101969459f,0.20846315323357312f,1.7021569706464281f,2.6068694024061636f,-8.147130239388414f,-0.23447668390785747f,2.613869875617894f,-1.6879775704133768f,1.3458498369954506f,0f,0f,0f,1f],start_interpolation:0}
execute if entity @s[tag=aj.attack.bone.right_thigh] run data modify entity @s {} merge value {transformation:[-2.3706514413481266f,0.22982596277706058f,0.06766194286370443f,-0.7753199999999999f,0.15918446483309148f,2.013930952631166f,-1.2633799081172576f,-5.519318371890416f,-0.17904864655812483f,-1.2524569904440492f,-2.019078858613002f,-0.5143223742142093f,0f,0f,0f,1f],start_interpolation:0}
execute if entity @s[tag=aj.attack.bone.right_leg] run data modify entity @s {} merge value {transformation:[-1.136893333333333f,3.847410804901082e-17f,1.3380782827571567e-16f,-0.7484449999999999f,0f,1.0926238354509878f,-0.3141649337245481f,-5.629750208333333f,-1.3922927816386314e-16f,-0.3141649337245481f,-1.0926238354509878f,-0.4799683333333335f,0f,0f,0f,1f],start_interpolation:0}
execute if entity @s[tag=aj.attack.bone.left_foot] run data modify entity @s {} merge value {transformation:[-1.1298849925015482f,-0.01826614773802506f,-0.079419166242095f,1.0586024980752522f,-0.0182382975547278f,1.132672697974785f,-0.001037383645140544f,-9.968417642759603f,0.07942556655184836f,0.00024394535174244935f,-1.1300321554135457f,1.8638661715434979f,0f,0f,0f,1f],start_interpolation:0}
execute if entity @s[tag=aj.attack.bone.left_knee] run data modify entity @s {} merge value {transformation:[-3.1122622041179504f,-0.010747214528464976f,-0.22421371585282746f,1.0871160072346502f,-0.050237293639386386f,3.0710581880429713f,0.5501282942730602f,-6.073341676874391f,0.2187773007522567f,0.5523127947204155f,-3.0632744554873725f,2.675491828846943f,0f,0f,0f,1f],start_interpolation:0}
execute if entity @s[tag=aj.attack.bone.left_thigh] run data modify entity @s {} merge value {transformation:[-2.376553293462249f,-0.17140676018041723f,0.0007307137839955051f,0.7753200000000001f,-0.0383616796474739f,0.5219747877828791f,-2.324533731847763f,-5.554938165106723f,0.16706044688317395f,-2.3185228943290412f,-0.5233820436389874f,-0.5115007599004129f,0f,0f,0f,1f],start_interpolation:0}
execute if entity @s[tag=aj.attack.bone.left_leg] run data modify entity @s {} merge value {transformation:[-1.136893333333333f,3.5056240939444834e-17f,1.3474365242647225e-16f,0.7484450000000001f,0f,1.1002654195502413f,-0.28625593080268f,-5.666208541666667f,-1.3922927816386314e-16f,-0.28625593080268f,-1.1002654195502413f,-0.4799683333333333f,0f,0f,0f,1f],start_interpolation:0}