execute if entity @s[tag=aj.attack.bone.right_thumb_2] run data modify entity @s {} merge value {transformation:[-0.916231033746406f,0.09430658857314578f,-0.3893930663888193f,-1.765774530518588f,0.15320826158997203f,0.9805057314906661f,-0.1230273916432113f,-2.1968768103591674f,0.37019983979003923f,-0.17237974900100303f,-0.9128183284497418f,0.20183831022238824f,0f,0f,0f,1f],start_interpolation:0}
execute if entity @s[tag=aj.attack.bone.right_thumb] run data modify entity @s {} merge value {transformation:[-0.916231033746406f,0.09430658857314578f,-0.3893930663888193f,-1.873957491013021f,0.15320826158997203f,0.9805057314906661f,-0.1230273916432113f,-1.893225777459695f,0.37019983979003923f,-0.17237974900100303f,-0.9128183284497418f,0.20706202234773186f,0f,0f,0f,1f],start_interpolation:0}
execute if entity @s[tag=aj.attack.bone.right_fingers2] run data modify entity @s {} merge value {transformation:[-0.6227807357105198f,-0.6786141724692876f,-0.3893930663888193f,-1.9961096238207119f,-0.694996758129613f,0.7084093217164747f,-0.1230273916432113f,-3.007729396756593f,0.3593378096126145f,0.1940078292982732f,-0.9128183284497418f,0.22438575076781433f,0f,0f,0f,1f],start_interpolation:0}
execute if entity @s[tag=aj.attack.bone.right_fingers] run data modify entity @s {} merge value {transformation:[-0.8657624123292678f,-0.3143699814647056f,-0.3893930663888193f,-2.1073218262505646f,-0.2893626315793578f,0.9492805319561423f,-0.1230273916432113f,-2.547187720780047f,0.40831937603213925f,0.006163311037420127f,-0.9128183284497418f,0.20085535052831516f,0f,0f,0f,1f],start_interpolation:0}
execute if entity @s[tag=aj.attack.locator_origin.right_hand] at @s on origin run tp @s ^-1.93255 ^-2.58375 ^0.12443 ~-23.10229 ~-7.06685
execute if entity @s[tag=aj.attack.bone.right_hand] run data modify entity @s {} merge value {transformation:[-0.9207020301468043f,-0.026092365394220465f,-0.3893930663888193f,-2.1946524107028442f,0.023915864091979325f,0.9921150600359827f,-0.1230273916432113f,-1.8497803450283792f,0.3895328010941914f,-0.12258424090368474f,-0.9128183284497418f,0.11207066714043565f,0f,0f,0f,1f],start_interpolation:0}
execute if entity @s[tag=aj.attack.bone.right_forearm] run data modify entity @s {} merge value {transformation:[-1.3859596197891968f,-0.03927759865524406f,-0.5861647401328592f,-2.209524575510574f,0.03600124776369249f,1.4934597365614155f,-0.18519672093944886f,0.30364272158648786f,0.5863750868604515f,-0.18452963320600962f,-1.3740920536833092f,-0.1658585737880334f,0f,0f,0f,1f],start_interpolation:0}
execute if entity @s[tag=aj.attack.bone.right_bicep] run data modify entity @s {} merge value {transformation:[-1.453690297385255f,0.012543937844160228f,-0.6160611389754874f,-2.119133963262156f,0.03776059837573221f,1.5774128151624116f,-0.05698338192969679f,2.5943290860836155f,0.6150307427622782f,-0.0671983498993903f,-1.4526271804122777f,-0.3589303725071019f,0f,0f,0f,1f],start_interpolation:0}
execute if entity @s[tag=aj.attack.bone.right_shoulder] run data modify entity @s {} merge value {transformation:[-0.9988054812922488f,0.04809775037927522f,-0.00861492594351382f,-1.795433125f,0.04852439255918617f,0.9970682233039525f,-0.05916368315327793f,2.823826133003943f,0.0057440288405695575f,-0.059511045075283264f,-0.9982111207789294f,-0.3127142467581603f,0f,0f,0f,1f],start_interpolation:0}
execute if entity @s[tag=aj.attack.bone.right_arm] run data modify entity @s {} merge value {transformation:[-1.46271875f,-7.81360120722331e-18f,1.7896089013918165e-16f,-1.4259925f,0f,1.461326565861938f,0.06380289576279008f,3.0023646788339367f,-1.7913138352403177e-16f,0.06380289576279008f,-1.461326565861938f,-0.31308373143549967f,0f,0f,0f,1f],start_interpolation:0}
execute if entity @s[tag=aj.attack.bone.left_thumb_2] run data modify entity @s {} merge value {transformation:[-0.8775545604618517f,-0.4167524996755224f,0.23709775921929316f,2.3574934073990517f,-0.4708094184358337f,0.8425636228777241f,-0.2615817901064143f,-2.1475642820294665f,-0.09075508208755194f,-0.34118015097213356f,-0.9356065517395195f,0.6265688681009833f,0f,0f,0f,1f],start_interpolation:0}
execute if entity @s[tag=aj.attack.bone.left_thumb] run data modify entity @s {} merge value {transformation:[-0.8775545604618517f,-0.4167524996755224f,0.23709775921929316f,2.3675463705610396f,-0.4708094184358337f,0.8425636228777241f,-0.2615817901064143f,-1.836581035571112f,-0.09075508208755194f,-0.34118015097213356f,-0.9356065517395195f,0.5421701225859525f,0f,0f,0f,1f],start_interpolation:0}
execute if entity @s[tag=aj.attack.bone.left_fingers2] run data modify entity @s {} merge value {transformation:[-0.961195233517778f,0.14102615231188223f,0.23709775921929316f,2.695126612321028f,0.07663954368078799f,0.9621337471625887f,-0.2615817901064143f,-2.9146917918504878f,-0.2650096288950738f,-0.23326010575102937f,-0.9356065517395195f,0.746119563183149f,0f,0f,0f,1f],start_interpolation:0}
execute if entity @s[tag=aj.attack.bone.left_fingers] run data modify entity @s {} merge value {transformation:[-0.9713796817129158f,0.014358500217797096f,0.23709775921929316f,2.658575485683383f,-0.04959977266319167f,0.9639060273888131f,-0.2615817901064143f,-2.464164259376387f,-0.23229588138207294f,-0.2658552309716926f,-0.9356065517395195f,0.6022118613728132f,0f,0f,0f,1f],start_interpolation:0}
execute if entity @s[tag=aj.attack.bone.left_hand] run data modify entity @s {} merge value {transformation:[-0.9671692944733762f,-0.09147791209391343f,0.23709775921929316f,2.661460287391383f,-0.15424240524302407f,0.9527771237333369f,-0.2615817901064143f,-1.7904002142929443f,-0.20197236507185432f,-0.28956440404401873f,-0.9356065517395195f,0.38330528721435436f,0f,0f,0f,1f],start_interpolation:0}
execute if entity @s[tag=aj.attack.bone.left_forearm] run data modify entity @s {} merge value {transformation:[-1.4241791934080301f,-0.2945007198684426f,0.3885857062193405f,2.1945966137654747f,-0.39543112686858317f,1.3995120690795853f,-0.38860789032311527f,0.21798829612675474f,-0.28524331540713965f,-0.4697352387408347f,-1.401428184573864f,-0.297217048598944f,0f,0f,0f,1f],start_interpolation:0}
execute if entity @s[tag=aj.attack.bone.left_bicep] run data modify entity @s {} merge value {transformation:[-1.5237677715684674f,0.018865426574656414f,0.41313439950440717f,2.036749674850576f,0.020803614583912236f,1.5787494598931666f,0.004637946929625556f,2.5967582505772175f,-0.4130413369070399f,0.009919506622520924f,-1.523877493579735f,-0.3109905180023458f,0f,0f,0f,1f],start_interpolation:0}
execute if entity @s[tag=aj.attack.bone.left_shoulder] run data modify entity @s {} merge value {transformation:[-0.9993369158169227f,0.03281934325924661f,0.015767669249211236f,1.795433125f,0.03161414129920477f,0.9969460635927625f,-0.07140792922924896f,2.8455483748570094f,-0.018063077130840502f,-0.07086209843722704f,-0.9973225597817579f,-0.3326190141376707f,0f,0f,0f,1f],start_interpolation:0}
execute if entity @s[tag=aj.attack.bone.left_arm] run data modify entity @s {} merge value {transformation:[-1.46271875f,-7.81360120722331e-18f,1.7896089013918165e-16f,1.4259925f,0f,1.461326565861938f,0.06380289576279008f,2.9399241649850705f,-1.7913138352403177e-16f,0.06380289576279008f,-1.461326565861938f,-0.3158099431458328f,0f,0f,0f,1f],start_interpolation:0}
execute if entity @s[tag=aj.attack.bone.chest] run data modify entity @s {} merge value {transformation:[-2.06546125f,-1.103335177488698e-17f,2.527053022653786e-16f,7.266237674941084e-20f,0f,2.063495388558741f,0.09009415435184111f,3.7961883333333333f,-2.529460508575391e-16f,0.09009415435184111f,-2.063495388558741f,-0.0005933333333333346f,0f,0f,0f,1f],start_interpolation:0}
execute if entity @s[tag=aj.attack.bone.weist] run data modify entity @s {} merge value {transformation:[-2.0892733333333333f,1.1160551978671772e-17f,2.5561866591057814e-16f,6.789033638873212e-18f,0f,2.0872848080650668f,-0.09113282283873345f,0.17947500000000027f,-2.5586219002105877e-16f,-0.09113282283873345f,-2.0872848080650668f,-0.055436666666666676f,0f,0f,0f,1f],start_interpolation:0}
execute if entity @s[tag=aj.attack.bone.right_foot] run data modify entity @s {} merge value {transformation:[-1.132350691634186f,0.017599588477001424f,0.02744663988580581f,-0.9713516663092399f,0.026090154975487948f,1.0610183552887946f,0.39603094065188443f,-8.452619504053065f,-0.019554216142201382f,0.39649899952673473f,-1.0609841320233602f,-0.8322692498319415f,0f,0f,0f,1f],start_interpolation:0}
execute if entity @s[tag=aj.attack.bone.right_knee] run data modify entity @s {} merge value {transformation:[-3.1190539592683972f,0.05384290211655042f,0.07187949110544023f,-0.9395377183969358f,0.07186519315564745f,2.9941048696387353f,0.8756339096883412f,-4.667084259871019f,-0.05386198439169294f,0.8769266170410476f,-2.9941045264219f,0.3924253225363134f,0f,0f,0f,1f],start_interpolation:0}
execute if entity @s[tag=aj.attack.bone.right_thigh] run data modify entity @s {} merge value {transformation:[-2.3817395428887362f,0.060693217488878945f,0.03192884644714844f,-0.77532f,0.054876951322859004f,2.3520146392074057f,-0.377361928673269f,-1.5042780637390563f,-0.04112952829910049f,-0.3764702356752105f,-2.3524380739133153f,-0.3094081467032674f,0f,0f,0f,1f],start_interpolation:0}
execute if entity @s[tag=aj.attack.bone.right_leg] run data modify entity @s {} merge value {transformation:[-1.1368933333333335f,1.1125668172586081e-17f,1.3878404593375959e-16f,-0.748445f,0f,1.1332577362745442f,-0.0908479749453655f,-1.6193335416666668f,-1.3922927816386319e-16f,-0.0908479749453655f,-1.1332577362745442f,-0.2976766666666668f,0f,0f,0f,1f],start_interpolation:0}
execute if entity @s[tag=aj.attack.bone.left_foot] run data modify entity @s {} merge value {transformation:[-1.1325802484435974f,-0.009246578177997837f,-0.021392382462870535f,0.8969652358706333f,-0.00924907966357309f,1.1327822407192123f,0.00004512801639283973f,-8.406932874613931f,0.021391301054784758f,0.00021977979697635088f,-1.1326179922356985f,0.7716784408610395f,0f,0f,0f,1f],start_interpolation:0}
execute if entity @s[tag=aj.attack.bone.left_knee] run data modify entity @s {} merge value {transformation:[-3.1196862722793415f,-0.0224383391193329f,-0.06014485569995883f,0.9047640401430045f,-0.025476540754899045f,3.1161943654135764f,0.15889286646548595f,-4.440542201283771f,0.05892222501541353f,0.15935029990565014f,-3.1157180510272413f,1.0860829780196042f,0f,0f,0f,1f],start_interpolation:0}
execute if entity @s[tag=aj.attack.bone.left_thigh] run data modify entity @s {} merge value {transformation:[-2.3822223831734237f,-0.03493846531288549f,-0.034382972436356636f,0.77532f,-0.019454131068060203f,2.2078872374777774f,-0.8956795472776959f,-1.514612459766636f,0.044993576612286534f,-0.8952092594856087f,-2.207705217604766f,-0.3085711368232199f,0f,0f,0f,1f],start_interpolation:0}
execute if entity @s[tag=aj.attack.bone.left_leg] run data modify entity @s {} merge value {transformation:[-1.1368933333333335f,1.0116116816560181e-17f,1.388612835839569e-16f,0.748445f,0f,1.1338884295507694f,-0.08260436252806454f,-1.6297502083333333f,-1.3922927816386319e-16f,-0.08260436252806454f,-1.1338884295507694f,-0.2976766666666666f,0f,0f,0f,1f],start_interpolation:0}