# This file was generated by Animated Java via MC-Build. It is not recommended to edit this file directly.
$data merge entity $(bone_left_fingers_2) { transformation: [-0.9507328689408399f,-0.26479804711076893f,-0.1612110609165591f,3.032360071083256f,0.23581904497195003f,-0.28017009668386983f,-0.9305343061664457f,3.7170436494169854f,0.20123714851894764f,-0.9227061889737567f,0.3288113423917869f,1.6566001140079494f,0f,0f,0f,1f], start_interpolation: 0, interpolation_duration: 1 }
$data merge entity $(bone_left_fingers) { transformation: [-0.9507328689408399f,-0.26479804711076893f,-0.1612110609165591f,2.9509914959292654f,0.23581904497195003f,-0.28017009668386983f,-0.9305343061664457f,3.175893252563945f,0.20123714851894764f,-0.9227061889737567f,0.3288113423917869f,1.8379969939724703f,0f,0f,0f,1f], start_interpolation: 0, interpolation_duration: 1 }
$data merge entity $(bone_left_index_finger_2) { transformation: [-0.9599892743166853f,0.01426545856255157f,0.2796731840719152f,2.3335068720659367f,-0.2729266469785746f,-0.27127990503659716f,-0.9229941811801238f,3.685527213708998f,0.06270277957121066f,-0.9623947785682001f,0.2643192229458713f,1.7501230762747546f,0f,0f,0f,1f], start_interpolation: 0, interpolation_duration: 1 }
$data merge entity $(bone_left_index_finger) { transformation: [-0.9599892743166853f,0.01426545856255157f,0.2796731840719152f,2.494771162659356f,-0.2729266469785746f,-0.27127990503659716f,-0.9229941811801238f,3.1520162918964836f,0.06270277957121066f,-0.9623947785682001f,0.2643192229458713f,1.8968891741441818f,0f,0f,0f,1f], start_interpolation: 0, interpolation_duration: 1 }
$data merge entity $(bone_left_thumb) { transformation: [-0.7728321621983338f,0.16350916327492318f,0.6131844768069249f,2.2829366207429937f,-0.631502689169994f,-0.10263958650955016f,-0.7685502383398335f,2.3296781670381264f,-0.0627280052521514f,-0.9811879885150872f,0.1825796498813682f,1.974409974185978f,0f,0f,0f,1f], start_interpolation: 0, interpolation_duration: 1 }
$data merge entity $(bone_left_hand) { transformation: [-0.9904376298939686f,-0.13703746664248304f,0.015938444912477014f,2.8626352009547973f,-0.0518360068764428f,0.26258055118471957f,-0.9635167266480817f,2.4499471516124887f,0.12785276563736545f,-0.9551294084446039f,-0.26717313383485564f,1.7733402271019147f,0f,0f,0f,1f], start_interpolation: 0, interpolation_duration: 1 }
$data merge entity $(bone_left_forearm) { transformation: [-1.9829992972944483f,-0.26958908486584576f,0.01881344204588582f,2.7435603326655587f,0.02879871004416109f,-0.3493380038797875f,-1.9703938760298088f,0.2792317250711267f,0.2687058886221335f,-1.9520766167641004f,0.35001780105204383f,1.2454378322641388f,0f,0f,0f,1f], start_interpolation: 0, interpolation_duration: 1 }
$data merge entity $(bone_left_bicep) { transformation: [-1.2775157348420252f,-0.17648286232180907f,0.03609667642391648f,1.8310711573232616f,-0.011094995912077535f,-0.18094767113088878f,-1.2773529132111965f,0.45615102513326744f,0.1797945266348854f,-1.2651511226450856f,0.1776575035655076f,0.0743573220078781f,0f,0f,0f,1f], start_interpolation: 0, interpolation_duration: 1 }
$data merge entity $(bone_left_shoulder) { transformation: [-1.220701096933777f,-0.1686341841048909f,0.034491357957158325f,1.4135278816472985f,-0.010601570932528358f,-0.17290043058796623f,-1.220545516428632f,0.46164839134258534f,0.17179856959885792f,-1.2088863730440307f,0.16975658582220812f,0.01219962789594281f,0f,0f,0f,1f], start_interpolation: 0, interpolation_duration: 1 }
$data merge entity $(bone_right_fingers_2) { transformation: [-0.9712860258660144f,-0.2363619088697926f,-0.02713860705401234f,-2.2539183878557543f,0.04099176594314906f,-0.05389365464976187f,-0.9977049409085603f,1.6026654553997361f,0.23435684560572642f,-0.9701693264703435f,0.06203504569042914f,1.926921130614483f,0f,0f,0f,1f], start_interpolation: 0, interpolation_duration: 1 }
$data merge entity $(bone_right_fingers) { transformation: [-0.9712860258660144f,-0.2363619088697926f,-0.02713860705401234f,-2.2842814513000635f,0.04099176594314906f,-0.05389365464976187f,-0.9977049409085603f,1.0279144274381258f,0.23435684560572642f,-0.9701693264703435f,0.06203504569042914f,1.9602841005232f,0f,0f,0f,1f], start_interpolation: 0, interpolation_duration: 1 }
$data merge entity $(bone_right_index_finger_2) { transformation: [-0.9733156105206769f,-0.22946969514023607f,-0.0006175184281329363f,-1.83465683194337f,0.004747923673638677f,-0.0174481025243243f,-0.9998364971029462f,1.593709900194868f,0.22942140165544986f,-0.973159402528973f,0.018072015158829058f,1.8486664914102031f,0f,0f,0f,1f], start_interpolation: 0, interpolation_duration: 1 }
$data merge entity $(bone_right_index_finger) { transformation: [-0.9733156105206769f,-0.22946969514023607f,-0.0006175184281329363f,-1.8363400600895454f,0.004747923673638677f,-0.0174481025243243f,-0.9998364971029462f,1.017381329123027f,0.22942140165544986f,-0.973159402528973f,0.018072015158829058f,1.8534526701525644f,0f,0f,0f,1f], start_interpolation: 0, interpolation_duration: 1 }
$data merge entity $(bone_right_thumb) { transformation: [-0.903996355667151f,-0.2854693827448678f,-0.3182731852603582f,-1.5647083536762003f,0.3372455964443416f,-0.0185636575248663f,-0.9412336576526572f,0.21378684056474886f,0.2627850768582767f,-0.9582080265446348f,0.11305477100072323f,1.9404897496838067f,0f,0f,0f,1f], start_interpolation: 0, interpolation_duration: 1 }
$data merge entity $(bone_right_hand) { transformation: [-0.9724639741289457f,-0.22637264611787894f,-0.055400759118688095f,-2.183823957934447f,0.022873682459105375f,0.1438601488162385f,-0.9893336405042181f,0.30075011615293024f,0.23192803554572128f,-0.9633585431562639f,-0.134720836011893f,1.9492859423544078f,0f,0f,0f,1f], start_interpolation: 0, interpolation_duration: 1 }
$data merge entity $(bone_right_forearm) { transformation: [-1.9448660423957795f,-0.46325123849683514f,-0.09067049902524903f,-2.471597573112065f,0.05230441195088573f,0.1705644773303176f,-1.9933636847775842f,-1.6577050565771314f,0.46913441341774453f,-1.939492928920017f,-0.15364521809351803f,0.9069270812988164f,0f,0f,0f,1f], start_interpolation: 0, interpolation_duration: 1 }
$data merge entity $(bone_right_bicep) { transformation: [-1.2775901359921389f,-0.1602098414815f,-0.08119036038331157f,-1.7543904907729526f,-0.07344907226701253f,0.9982399098890206f,-0.8140134763005992f,-0.12970273315715686f,0.16390333038048532f,-0.801464604650975f,-0.9976401201299758f,0.06988846765281172f,0f,0f,0f,1f], start_interpolation: 0, interpolation_duration: 1 }
$data merge entity $(bone_right_shoulder) { transformation: [-1.2207721892601413f,-0.15308486925230488f,-0.07757960178284046f,-1.366537730023486f,-0.07018259003768555f,0.9538454359274767f,-0.7778120584650907f,0.0003033441208600829f,0.15661409854282446f,-0.7658212696472358f,-0.9532723204684439f,-0.034537788071334785f,0f,0f,0f,1f], start_interpolation: 0, interpolation_duration: 1 }
$data merge entity $(bone_chest) { transformation: [-4.027004645441973f,-0.5724227553249213f,2.1727830935620986e-17f,1.8727405251388483e-17f,-0.024968729901250836f,0.17565547555154182f,-4.063613655560883f,0.7736570203356419f,0.5718779357003495f,-4.023171829330683f,-0.1774212038176946f,-0.15292086881235656f,0f,0f,0f,1f], start_interpolation: 0, interpolation_duration: 1 }
$data merge entity $(bone_right_fingers2) { transformation: [-0.999997244649232f,0.001703451712570422f,0.0016152232684677004f,0.7477343036644039f,-0.0016240619371554708f,-0.0052001256931888395f,-0.9999851604476936f,-3.4996453209422396f,-0.0016950270700910363f,-0.999985028360444f,0.00520287787610671f,2.0837594449468355f,0f,0f,0f,1f], start_interpolation: 0, interpolation_duration: 1 }
$data merge entity $(bone_left_foot) { transformation: [-0.9999997168770464f,0.0004028816515282463f,0.0006355566080793976f,0.75282625f,-0.000685450251467012f,-0.13920022429491202f,-0.9902640191959915f,-3.437046233160173f,-0.00031048958110591437f,-0.9902641744719543f,0.1392004610394627f,1.0898341308931294f,0f,0f,0f,1f], start_interpolation: 0, interpolation_duration: 1 }
$data merge entity $(bone_left_knee) { transformation: [-1.5850141666666666f,1.9376055578255326e-16f,-1.161295582292588e-17f,0.7688818749999999f,0f,-0.09482698057114322f,-1.5821750068465206f,-1.4114988827609385f,-1.9410825258115427e-16f,-1.5821750068465206f,0.09482698057114322f,1.5525263259169444f,0f,0f,0f,1f], start_interpolation: 0, interpolation_duration: 1 }
$data merge entity $(bone_left_thigh) { transformation: [-1.6036533333333332f,1.9225778136056152e-16f,-4.007902231910113e-17f,0.7385400000000001f,0f,-0.32727005326764996f,-1.569903922456817f,-2.779502945471938f,-1.9639089216086498e-16f,-1.569903922456817f,0.32727005326764996f,-0.049278030412200885f,0f,0f,0f,1f], start_interpolation: 0, interpolation_duration: 1 }
$data merge entity $(bone_left_leg) { transformation: [-1f,1.208634141335431e-16f,-1.9739122336168556e-17f,0.5257450000000001f,0f,-0.16118216574698682f,-0.9869246726296342f,-3.119138125f,-1.2246467991473532e-16f,-0.9869246726296342f,0.16118216574698682f,-0.29031718750000113f,0f,0f,0f,1f], start_interpolation: 0, interpolation_duration: 1 }
$data merge entity $(bone_left_fingers2) { transformation: [-0.9985388430326041f,-0.03966169607158746f,-0.03670325353199014f,-0.756596072363962f,0.033098269395352195f,0.08801252619395689f,-0.9955693344996073f,-2.7331154571371816f,0.042716314426003765f,-0.9953294656030651f,-0.08657119257683665f,2.0212438642862733f,0f,0f,0f,1f], start_interpolation: 0, interpolation_duration: 1 }
$data merge entity $(bone_right_foot) { transformation: [-0.9996116099147324f,0.013783774936203336f,0.02422058777537961f,-0.7528262500000001f,-0.02715322392330646f,-0.6773219145383294f,-0.735185504833102f,-3.2467110262417362f,0.006271503348285262f,-0.7355576331156115f,0.6774331233495394f,1.1679927386140574f,0f,0f,0f,1f], start_interpolation: 0, interpolation_duration: 1 }
$data merge entity $(bone_right_knee) { transformation: [-1.5850141666666666f,1.8752136368943667e-16f,-5.013733020577799e-17f,-0.7688818750000002f,0f,-0.4094023700603764f,-1.5312281371248946f,-1.1736101381539905f,-1.9410825258115427e-16f,-1.5312281371248946f,0.4094023700603764f,1.1851661741447725f,0f,0f,0f,1f], start_interpolation: 0, interpolation_duration: 1 }
$data merge entity $(bone_right_thigh) { transformation: [-1.6036533333333332f,1.84432290687683e-16f,-6.748416610905492e-17f,-0.7385399999999999f,0f,-0.5510500346388855f,-1.506003941839328f,-2.7380193770304873f,-1.9639089216086498e-16f,-1.506003941839328f,0.5510500346388855f,-0.18366518864700374f,0f,0f,0f,1f], start_interpolation: 0, interpolation_duration: 1 }
$data merge entity $(bone_right_leg) { transformation: [-1f,1.1673368932375375e-16f,-3.702490517859452e-17f,-0.5257449999999999f,0f,-0.30233129425049493f,-0.9532029104638847f,-3.119138125f,-1.2246467991473532e-16f,-0.9532029104638847f,0.30233129425049493f,-0.35339125000000127f,0f,0f,0f,1f], start_interpolation: 0, interpolation_duration: 1 }