# This file was generated by Animated Java via MC-Build. It is not recommended to edit this file directly.
$data merge entity $(bone_left_fingers_2) { transformation: [-0.9517526311330735f,-0.09513957998833125f,-0.2917454189030495f,3.074766660964116f,0.2971608925059666f,-0.04853063957589447f,-0.9535932995713696f,4.1736998774047045f,0.07656587422820485f,-0.9942802609636776f,0.07446092640890366f,2.143402215305271f,0f,0f,0f,1f], start_interpolation: 0, interpolation_duration: 1 }
$data merge entity $(bone_left_fingers) { transformation: [-0.9517526311330735f,-0.09513957998833125f,-0.2917454189030495f,2.919163669789335f,0.2971608925059666f,-0.04853063957589447f,-0.9535932995713696f,3.619756517318042f,0.07656587422820485f,-0.9942802609636776f,0.07446092640890366f,2.179511605372338f,0f,0f,0f,1f], start_interpolation: 0, interpolation_duration: 1 }
$data merge entity $(bone_left_index_finger_2) { transformation: [-0.9581987362547324f,0.010088677366947173f,0.28592551552601886f,2.2940888286061765f,-0.28606919967165517f,-0.049246710717062644f,-0.9569426181766431f,4.1690291283840715f,0.004426605816270961f,-0.9987356907973879f,0.050074195833899826f,2.1753015855068876f,0f,0f,0f,1f], start_interpolation: 0, interpolation_duration: 1 }
$data merge entity $(bone_left_index_finger) { transformation: [-0.9581987362547324f,0.010088677366947173f,0.28592551552601886f,2.4589323145176176f,-0.28606919967165517f,-0.049246710717062644f,-0.9569426181766431f,3.617237302966796f,0.004426605816270961f,-0.9987356907973879f,0.050074195833899826f,2.198383378177542f,0f,0f,0f,1f], start_interpolation: 0, interpolation_duration: 1 }
$data merge entity $(bone_left_thumb) { transformation: [-0.7432148829929288f,0.09994527101887445f,0.6615455997123487f,2.2078863645587816f,-0.6670419890120196f,-0.034087774050966774f,-0.7442398864312091f,2.8212865169369112f,-0.051832640225017754f,-0.9944088527669159f,0.09200223337555391f,2.373202188410502f,0f,0f,0f,1f], start_interpolation: 0, interpolation_duration: 1 }
$data merge entity $(bone_left_hand) { transformation: [-0.9991454117160746f,-0.04133161320841674f,0.00037946845155185666f,2.807485692346203f,-0.005469122065119819f,0.1230987896860714f,-0.9923793511967393f,2.8948685972069548f,0.04096992739257311f,-0.9915333507892784f,-0.12321963854042554f,2.211924665728065f,0f,0f,0f,1f], start_interpolation: 0, interpolation_duration: 1 }
$data merge entity $(bone_left_forearm) { transformation: [-1.9993256067540552f,-0.08834336390904493f,-0.014525893482268262f,2.7366348743596225f,0.014899477920696359f,-0.00813710667013774f,-2.001257161487105f,0.8476446886359328f,0.08828112530951804f,-1.9993618159050075f,0.00878665839852162f,1.312636249521103f,0f,0f,0f,1f], start_interpolation: 0, interpolation_duration: 1 }
$data merge entity $(bone_left_bicep) { transformation: [-1.2883644633647273f,-0.06251263479535028f,0.026548136299428086f,1.7955539120519766f,-0.0031576734693821744f,-0.4486338224520683f,-1.2096335585463138f,0.7667192773402429f,0.06784292261017806f,-1.2080213108029596f,0.4478587656937398f,0.10715890106133136f,0f,0f,0f,1f], start_interpolation: 0, interpolation_duration: 1 }
$data merge entity $(bone_left_shoulder) { transformation: [-1.231067352664973f,-0.05973252601569006f,0.02536746767057762f,1.3851592893368905f,-0.0030172430465681536f,-0.4286818426205561f,-1.1558378276945345f,0.7490209521393613f,0.06482576127305276f,-1.1542972810420231f,0.4279412547676835f,0.009695010484402189f,0f,0f,0f,1f], start_interpolation: 0, interpolation_duration: 1 }
$data merge entity $(bone_right_fingers_2) { transformation: [-0.9755668734934773f,-0.21865191325227562f,0.021461970396055248f,-2.4372098837741536f,-0.0003260389120804939f,-0.09624549673194016f,-0.9953575729643342f,1.3388779242628384f,0.21970245570040778f,-0.9710448729023503f,0.09382262930268451f,2.024349715427447f,0f,0f,0f,1f], start_interpolation: 0, interpolation_duration: 1 }
$data merge entity $(bone_right_fingers) { transformation: [-0.9755668734934773f,-0.21865191325227562f,0.021461970396055248f,-2.4395196094431695f,-0.0003260389120804939f,-0.09624549673194016f,-0.9953575729643342f,0.7646666458454854f,0.21970245570040778f,-0.9710448729023503f,0.09382262930268451f,2.075826121978646f,0f,0f,0f,1f], start_interpolation: 0, interpolation_duration: 1 }
$data merge entity $(bone_right_index_finger_2) { transformation: [-0.9758265423128833f,-0.2178316298932142f,0.017661832740360796f,-1.999006838684086f,-0.0047359717821392686f,-0.05971871625069092f,-0.9982040099602126f,1.3414677445805396f,0.21849514843346415f,-0.9741576135038085f,0.05724346393784424f,1.9475485280175147f,0f,0f,0f,1f], start_interpolation: 0, interpolation_duration: 1 }
$data merge entity $(bone_right_index_finger) { transformation: [-0.9758265423128833f,-0.2178316298932142f,0.017661832740360796f,-1.9900879579573885f,-0.0047359717821392686f,-0.05971871625069092f,-0.9982040099602126f,0.7658355024784389f,0.21849514843346415f,-0.9741576135038085f,0.05724346393784424f,1.9749042955400569f,0f,0f,0f,1f], start_interpolation: 0, interpolation_duration: 1 }
$data merge entity $(bone_right_thumb) { transformation: [-0.8986416696619214f,-0.29603114400485914f,-0.3237417355337562f,-1.7224484366334614f,0.3242052761548767f,0.04898202789271913f,-0.9447177884727572f,-0.043652629862949266f,0.2955234144032826f,-0.9539215495640571f,0.05195756746359953f,1.9600251353640066f,0f,0f,0f,1f], start_interpolation: 0, interpolation_duration: 1 }
$data merge entity $(bone_right_hand) { transformation: [-0.9756992657663899f,-0.21165038267896802f,-0.05670148406147861f,-2.3413333386934f,-0.0025310119823331104f,0.2696454402687565f,-0.9629563492290883f,0.044653687299362366f,0.21909937645112784f,-0.9394122907723292f,-0.26362854774210653f,1.9713206253519453f,0f,0f,0f,1f], start_interpolation: 0, interpolation_duration: 1 }
$data merge entity $(bone_right_forearm) { transformation: [-1.951435780504563f,-0.43558199398499764f,-0.08656496583007292f,-2.6122832767452646f,0.0016515674421481092f,0.38298291250130656f,-1.9643441992898196f,-1.7871952628612762f,0.44409733068111584f,-1.9154422955220116f,-0.37307525465224534f,0.7160167309615473f,0f,0f,0f,1f], start_interpolation: 0, interpolation_duration: 1 }
$data merge entity $(bone_right_bicep) { transformation: [-1.2883479060153322f,-0.05404765555479117f,-0.041643096739435f,-1.7649314190755252f,-0.0216074268085564f,1.0700948087653523f,-0.7203650761046569f,-0.2509699725274279f,0.06471797033075255f,-0.718659568010881f,-1.069502516656129f,0.08493086481421125f,0f,0f,0f,1f], start_interpolation: 0, interpolation_duration: 1 }
$data merge entity $(bone_right_shoulder) { transformation: [-1.2310515316664385f,-0.051644007680728084f,-0.03979111370853972f,-1.3648389619042052f,-0.020646485117760783f,1.0225047498491564f,-0.6883284601598094f,-0.13255894555214387f,0.06183978421514034f,-0.6866988007011264f,-1.0219387985988386f,0.020579940655816087f,0f,0f,0f,1f], start_interpolation: 0, interpolation_duration: 1 }
$data merge entity $(bone_chest) { transformation: [-4.061570607386128f,-0.21926793299999f,2.1727830935620986e-17f,1.8727405251388483e-17f,-0.009564332906323175f,0.17716322163523937f,-4.063613655560883f,0.7736570203356419f,0.21905923851356995f,-4.057704892138257f,-0.1774212038176946f,-0.15292086881235656f,0f,0f,0f,1f], start_interpolation: 0, interpolation_duration: 1 }
$data merge entity $(bone_right_fingers2) { transformation: [-0.9999978987855263f,-0.0009458160604372126f,-0.0018187513607089384f,0.7479687320578626f,0.001867062127408278f,-0.05386977777534197f,-0.998546223828145f,-3.81132329177806f,0.0008464653239555998f,-0.9985475213901515f,0.05387143048073114f,2.1153790847622242f,0f,0f,0f,1f], start_interpolation: 0, interpolation_duration: 1 }
$data merge entity $(bone_left_foot) { transformation: [-0.9999997940486834f,-0.00009819763050169019f,-0.000634239557265038f,0.75282625f,0.0006346744615642444f,-0.004494060529705482f,-0.9999897002510991f,-3.61537129010546f,0.00009534630813007069f,-0.9999898968375533f,0.004494121927676051f,1.1389512475999823f,0f,0f,0f,1f], start_interpolation: 0, interpolation_duration: 1 }
$data merge entity $(bone_left_knee) { transformation: [-1.5850141666666666f,1.936848385059667e-16f,1.2813939793317945e-17f,0.7688818749999999f,0f,0.10463375891105511f,-1.5815567283629666f,-1.6639733276336752f,-1.9410825258115427e-16f,-1.5815567283629666f,-0.10463375891105511f,1.8523740732134326f,0f,0f,0f,1f], start_interpolation: 0, interpolation_duration: 1 }
$data merge entity $(bone_left_thigh) { transformation: [-1.6036533333333332f,1.9582507754673995e-16f,-1.4897030830127853e-17f,0.7385400000000001f,0f,-0.12164348806937432f,-1.5990331063869272f,-2.81350103482152f,-1.9639089216086498e-16f,-1.5990331063869272f,0.12164348806937432f,0.08721165520304308f,0f,0f,0f,1f], start_interpolation: 0, interpolation_duration: 1 }
$data merge entity $(bone_left_leg) { transformation: [-1f,1.2240082737493515e-16f,-3.9541477653094966e-18f,0.5257450000000001f,0f,-0.03228806679658599f,-0.999478604444607f,-3.119138125f,-1.2246467991473532e-16f,-0.999478604444607f,0.03228806679658599f,-0.19569804687500109f,0f,0f,0f,1f], start_interpolation: 0, interpolation_duration: 1 }
$data merge entity $(bone_left_fingers2) { transformation: [-0.9976747592119313f,-0.021671427410556922f,-0.06461752134989515f,-0.7482693451374278f,0.061586713442176866f,0.11942165998725163f,-0.9909316544814182f,-2.348726887778407f,0.029191635082783267f,-0.9926070805509493f,-0.11780930388265354f,1.8927091483852065f,0f,0f,0f,1f], start_interpolation: 0, interpolation_duration: 1 }
$data merge entity $(bone_right_foot) { transformation: [-0.9999964377178179f,-0.00026927924019790034f,-0.0026555678046757433f,-0.75282625f,0.0019699984886018557f,-0.74575880914222f,-0.6662131173226273f,-2.9427626295567126f,-0.0018010157215688906f,-0.6662159755480715f,0.7457566830185984f,1.093376379300039f,0f,0f,0f,1f], start_interpolation: 0, interpolation_duration: 1 }
$data merge entity $(bone_right_knee) { transformation: [-1.5850141666666666f,1.7542009514834402e-16f,-8.310116688864918e-17f,-0.768881875f,0f,-0.6785725234941816f,-1.432413780613956f,-0.9004900148585484f,-1.9410825258115427e-16f,-1.432413780613956f,0.6785725234941816f,0.7367746598257051f,0f,0f,0f,1f], start_interpolation: 0, interpolation_duration: 1 }
$data merge entity $(bone_right_thigh) { transformation: [-1.6036533333333332f,1.66771447029183e-16f,-1.037143528135471e-16f,-0.7385399999999999f,0f,-0.8468919600798945f,-1.361792209356165f,-2.711396531853518f,-1.9639089216086498e-16f,-1.361792209356165f,0.8468919600798945f,-0.28385904192516265f,0f,0f,0f,1f], start_interpolation: 0, interpolation_duration: 1 }
$data merge entity $(bone_right_leg) { transformation: [-1f,1.0671675139422746e-16f,-6.007605844661608e-17f,-0.5257449999999999f,0f,-0.4905582449441208f,-0.8714084050072871f,-3.119138125f,-1.2246467991473532e-16f,-0.8714084050072871f,0.4905582449441208f,-0.3722062500000012f,0f,0f,0f,1f], start_interpolation: 0, interpolation_duration: 1 }