# This file was generated by Animated Java via MC-Build. It is not recommended to edit this file directly.
$data merge entity $(bone_left_fingers_2) { transformation: [-0.9523709203438337f,-0.017810260158603465f,-0.3044214590276481f,3.02947328118586f,0.30343891573188303f,0.04364751609320336f,-0.9518506809150019f,4.1965455750104566f,0.030239948791265736f,-0.9988882264657927f,-0.03616429904097692f,2.2187088220191513f,0f,0f,0f,1f], start_interpolation: 0, interpolation_duration: 1 }
$data merge entity $(bone_left_fingers) { transformation: [-0.9523709203438337f,-0.017810260158603465f,-0.3044214590276481f,2.867020614059933f,0.30343891573188303f,0.04364751609320336f,-0.9518506809150019f,3.6440533943750846f,0.030239948791265736f,-0.9988882264657927f,-0.03616429904097692f,2.191672802006952f,0f,0f,0f,1f], start_interpolation: 0, interpolation_duration: 1 }
$data merge entity $(bone_left_index_finger_2) { transformation: [-0.9667870181668586f,-0.017810260158603465f,0.25496206803584964f,2.259635071543323f,-0.25551121220528084f,0.04364751609320336f,-0.9658203325548088f,4.201883481652178f,0.0060730504215189204f,-0.9988882264657927f,-0.046748573096954175f,2.232668347009401f,0f,0f,0f,1f], start_interpolation: 0, interpolation_duration: 1 }
$data merge entity $(bone_left_index_finger) { transformation: [-0.9667870181668586f,-0.017810260158603465f,0.25496206803584964f,2.4064722674240167f,-0.25551121220528084f,0.04364751609320336f,-0.9658203325548088f,3.6455125702819693f,0.0060730504215189204f,-0.9988882264657927f,-0.046748573096954175f,2.199948177623627f,0f,0f,0f,1f], start_interpolation: 0, interpolation_duration: 1 }
$data merge entity $(bone_left_thumb) { transformation: [-0.7684549769674424f,0.0380072032719628f,0.6387741391708117f,2.1457831257620352f,-0.6397451113949575f,-0.023397254780241003f,-0.768230929418363f,2.867441372831679f,-0.014252747813003994f,-0.9990035139919141f,0.04229465937428419f,2.431831170319092f,0f,0f,0f,1f], start_interpolation: 0, interpolation_duration: 1 }
$data merge entity $(bone_left_hand) { transformation: [-0.9998335883547699f,-0.017810260158603465f,-0.003948446619561977f,2.7494200790279444f,0.003167817436927287f,0.04364751609320336f,-0.9990419707257447f,2.924685344702546f,0.017965537295359907f,-0.9988882264657927f,-0.04358383298555338f,2.2792216290745286f,0f,0f,0f,1f], start_interpolation: 0, interpolation_duration: 1 }
$data merge entity $(bone_left_forearm) { transformation: [-2.0009961221873946f,-0.03595495431357951f,-0.006339842428046242f,2.7107325576695573f,0.006339845431197824f,0.0000567869427220099f,-2.001319124099364f,0.8810554400310009f,0.035954953784041566f,-2.0010061647546835f,0.000057121238505184614f,1.3698562931497857f,0f,0f,0f,1f], start_interpolation: 0, interpolation_duration: 1 }
$data merge entity $(bone_left_bicep) { transformation: [-1.2899386367945345f,-0.0231783012311371f,0.004086950918312271f,1.7844110949283345f,0.0040869702256431965f,-0.4412218138722268f,-1.2123540040552463f,0.8095688441707053f,0.023178297826732905f,-1.2121393075164473f,0.4412218140510673f,0.12363803595878542f,0f,0f,0f,1f], start_interpolation: 0, interpolation_duration: 1 }
$data merge entity $(bone_left_shoulder) { transformation: [-1.2325715182733654f,-0.02214749843485045f,0.00390519297182294f,1.3775460005977103f,0.0039052114205037646f,-0.4215994664453508f,-1.158437287510435f,0.7948713378961747f,0.02214749518184947f,-1.1582321391171337f,0.42159946661623776f,0.011919795015742057f,0f,0f,0f,1f], start_interpolation: 0, interpolation_duration: 1 }
$data merge entity $(bone_right_fingers_2) { transformation: [-0.9814881115904839f,-0.19092417542453502f,0.015134267243824245f,-2.5209607808261407f,0.0015901099026912019f,-0.0871411430205783f,-0.9961947062414879f,1.378345045069186f,0.19151647019784868f,-0.9777291958571802f,0.08583158632710947f,1.9793074807299547f,0f,0f,0f,1f], start_interpolation: 0, interpolation_duration: 1 }
$data merge entity $(bone_right_fingers) { transformation: [-0.9814881115904839f,-0.19092417542453502f,0.015134267243824245f,-2.526838353359517f,0.0015901099026912019f,-0.0871411430205783f,-0.9961947062414879f,0.8037303153348715f,0.19151647019784868f,-0.9777291958571802f,0.08583158632710947f,2.0257522225126015f,0f,0f,0f,1f], start_interpolation: 0, interpolation_duration: 1 }
$data merge entity $(bone_right_index_finger_2) { transformation: [-0.9814881115904839f,-0.19092417542453502f,0.015134267243824245f,-2.082358064585782f,0.0015901099026912019f,-0.0871411430205783f,-0.9961947062414879f,1.377633747478899f,0.19151647019784868f,-0.9777291958571802f,0.08583158632710947f,1.8937246729405253f,0f,0f,0f,1f], start_interpolation: 0, interpolation_duration: 1 }
$data merge entity $(bone_right_index_finger) { transformation: [-0.9814881115904839f,-0.19092417542453502f,0.015134267243824245f,-2.0747402323382915f,0.0015901099026912019f,-0.0871411430205783f,-0.9961947062414879f,0.803000889463571f,0.19151647019784868f,-0.9777291958571802f,0.08583158632710947f,1.937535741389503f,0f,0f,0f,1f], start_interpolation: 0, interpolation_duration: 1 }
$data merge entity $(bone_right_thumb) { transformation: [-0.904827309691933f,-0.26325582358403277f,-0.33463997218615665f,-1.8083242591744342f,0.33185859886678665f,0.05635964766866858f,-0.9416440200377405f,-0.007024380360556526f,0.2667534629462796f,-0.9630783776327636f,0.0363679603828925f,1.9397562532894654f,0f,0f,0f,1f], start_interpolation: 0, interpolation_duration: 1 }
$data merge entity $(bone_right_hand) { transformation: [-0.9814881115904839f,-0.18458626302793157f,-0.051078354593011036f,-2.427113037886412f,0.0015901099026912019f,0.25883276714569914f,-0.9659208405465727f,0.08237756817796704f,0.19151647019784868f,-0.9481210419313999f,-0.2537477713988301f,1.9325552339010685f,0f,0f,0f,1f], start_interpolation: 0, interpolation_duration: 1 }
$data merge entity $(bone_right_forearm) { transformation: [-1.9643129355494588f,-0.3764840172872942f,-0.07114244996379288f,-2.6553443621250605f,0.004765728117632553f,0.34756914682615975f,-1.9709134299193878f,-1.7723043782097372f,0.38311715087573295f,-1.9346271592036324f,-0.3402437006075276f,0.7025399279855562f,0f,0f,0f,1f], start_interpolation: 0, interpolation_duration: 1 }
$data merge entity $(bone_right_bicep) { transformation: [-1.289938637676149f,-0.02038256119568484f,-0.011767996448675124f,-1.7737128650580176f,-0.009946571599536458f,1.056753176846049f,-0.7400468988181154f,-0.2578552056459307f,0.02133073497859749f,-0.7398330203066085f,-1.0567344630134787f,0.07404053513881631f,0f,0f,0f,1f], start_interpolation: 0, interpolation_duration: 1 }
$data merge entity $(bone_right_shoulder) { transformation: [-1.2325715191157725f,-0.019476092647085132f,-0.011244641284505892f,-1.3706553425671484f,-0.009504220207343228f,1.0097564569909128f,-0.7071349780920099f,-0.1439235684827187f,0.020382098534385176f,-0.7069306113460776f,-1.00973857541394f,0.02112170435431915f,0f,0f,0f,1f], start_interpolation: 0, interpolation_duration: 1 }
$data merge entity $(bone_chest) { transformation: [-4.066808126073458f,-0.07420169086946064f,2.1727830935620986e-17f,1.8727405251388483e-17f,-0.0032366322971979565f,0.17739167899169528f,-4.063613655560883f,0.7736570203356419f,0.07413106730150143f,-4.062937425868337f,-0.1774212038176946f,-0.15292086881235656f,0f,0f,0f,1f], start_interpolation: 0, interpolation_duration: 1 }
$data merge entity $(bone_right_fingers2) { transformation: [-0.9999856529756505f,-0.002607499487929518f,-0.004679186818520742f,0.7477798413227601f,0.004910606290496208f,-0.0972526957467911f,-0.9952476069380134f,-3.9699725939013626f,0.0021400440934499546f,-0.995256305740588f,0.09726410486338505f,2.1392891877955424f,0f,0f,0f,1f], start_interpolation: 0, interpolation_duration: 1 }
$data merge entity $(bone_left_foot) { transformation: [-0.9999980359792204f,-0.00017965399318456378f,-0.001973768513412634f,0.75282625f,0.0019675041785296495f,0.029942896366134397f,-0.99954967454575f,-3.740520658783349f,0.0002386734364663288f,-0.9995515948072164f,-0.02994248408768145f,1.170187311388603f,0f,0f,0f,1f], start_interpolation: 0, interpolation_duration: 1 }
$data merge entity $(bone_left_knee) { transformation: [-1.5850141666666666f,1.936090308548243e-16f,1.3912472518027554e-17f,0.7688818749999999f,0f,0.11360395934333033f,-1.5809377119151617f,-1.793201213509117f,-1.9410825258115427e-16f,-1.5809377119151617f,-0.11360395934333033f,1.8946685838188664f,0f,0f,0f,1f], start_interpolation: 0, interpolation_duration: 1 }
$data merge entity $(bone_left_thigh) { transformation: [-1.6036533333333332f,1.9637124317264458e-16f,-2.7780170212942015e-18f,0.7385400000000001f,0f,-0.02268423045100323f,-1.6034928871684953f,-2.831551496931531f,-1.9639089216086498e-16f,-1.6034928871684953f,0.02268423045100323f,0.061899913073586055f,0f,0f,0f,1f], start_interpolation: 0, interpolation_duration: 1 }
$data merge entity $(bone_left_leg) { transformation: [-1f,1.2241144178833856e-16f,3.610643421715462e-18f,0.5257450000000001f,0f,0.02948314096953777f,-0.9995652777075494f,-3.119138125f,-1.2246467991473532e-16f,-0.9995652777075494f,-0.02948314096953777f,-0.23934062500000114f,0f,0f,0f,1f], start_interpolation: 0, interpolation_duration: 1 }
$data merge entity $(bone_left_fingers2) { transformation: [-0.9986840181135791f,-0.019452697434850116f,-0.04745339320875179f,-0.7485530792772064f,0.04547335547796327f,0.09198677973671204f,-0.9947213711865472f,-2.3965440309464965f,0.02371509869452418f,-0.9955702008980472f,-0.09098114737532803f,1.9490208876711663f,0f,0f,0f,1f], start_interpolation: 0, interpolation_duration: 1 }
$data merge entity $(bone_right_foot) { transformation: [-0.9999959621197247f,-0.000016664936328316075f,-0.002841736533512061f,-0.75282625f,0.002013748356849968f,-0.709732852597569f,-0.7044680423988535f,-2.9477708730021184f,-0.002005133861188332f,-0.7044709203835156f,0.709730020340271f,1.1195856507570654f,0f,0f,0f,1f], start_interpolation: 0, interpolation_duration: 1 }
$data merge entity $(bone_right_knee) { transformation: [-1.5850141666666666f,1.7613472853723497e-16f,-8.157555469148665e-17f,-0.768881875f,0f,-0.666114954518174f,-1.4382492050758378f,-0.9024802087598878f,-1.9410825258115427e-16f,-1.4382492050758378f,0.666114954518174f,0.7807223776782283f,0f,0f,0f,1f], start_interpolation: 0, interpolation_duration: 1 }
$data merge entity $(bone_right_thigh) { transformation: [-1.6036533333333332f,1.669569738419499e-16f,-1.0341543119515074e-16f,-0.7385399999999999f,0f,-0.8444510798309571f,-1.3633071507490313f,-2.7115554517313574f,-1.9639089216086498e-16f,-1.3633071507490313f,0.8444510798309571f,-0.2431537533611906f,0f,0f,0f,1f], start_interpolation: 0, interpolation_duration: 1 }
$data merge entity $(bone_right_leg) { transformation: [-1f,1.0682420071067522e-16f,-5.988478912999488e-17f,-0.5257449999999999f,0f,-0.48899641244878933f,-0.87228579525991f,-3.119138125f,-1.2246467991473532e-16f,-0.87228579525991f,0.48899641244878933f,-0.3322312500000011f,0f,0f,0f,1f], start_interpolation: 0, interpolation_duration: 1 }