# This file was generated by Animated Java via MC-Build. It is not recommended to edit this file directly.
$data merge entity $(bone_left_fingers_2) { transformation: [-0.9674672558675436f,0.10986831603963865f,-0.2278948484602912f,2.757830711687872f,0.23681979461536262f,0.07634603326321296f,-0.9685492595027422f,1.482519168730317f,-0.08901400846194091f,-0.9910097054699244f,-0.09988127933677608f,1.9642132993105084f,0f,0f,0f,1f], start_interpolation: 0, interpolation_duration: 1 }
$data merge entity $(bone_left_fingers) { transformation: [-0.9674672558675436f,0.10986831603963865f,-0.2278948484602912f,2.6404281196291666f,0.23681979461536262f,0.07634603326321296f,-0.9685492595027422f,0.9215083853740309f,-0.08901400846194091f,-0.9910097054699244f,-0.09988127933677608f,1.9021411039770129f,0f,0f,0f,1f], start_interpolation: 0, interpolation_duration: 1 }
$data merge entity $(bone_left_index_finger_2) { transformation: [-0.9891980709537904f,0.14566534829774935f,0.016394594432158776f,2.1745237028161126f,-0.014999241235379749f,0.010672379150920036f,-0.999830547185683f,1.4899853817316093f,-0.1458156342223374f,-0.9892763550335942f,-0.008372227169824303f,1.8453619419726444f,0f,0f,0f,1f], start_interpolation: 0, interpolation_duration: 1 }
$data merge entity $(bone_left_index_finger) { transformation: [-0.9891980709537904f,0.14566534829774935f,0.016394594432158776f,2.1848148492181787f,-0.014999241235379749f,0.010672379150920036f,-0.999830547185683f,0.9138228991384317f,-0.1458156342223374f,-0.9892763550335942f,-0.008372227169824303f,1.834814498896058f,0f,0f,0f,1f], start_interpolation: 0, interpolation_duration: 1 }
$data merge entity $(bone_left_thumb) { transformation: [-0.914497881991998f,0.18525105086383853f,0.3596882983723448f,1.924477868880179f,-0.34818757691830504f,0.09242174257165851f,-0.9328577773593238f,0.10398968447329317f,-0.20605590288052628f,-0.9783354586509995f,-0.02001737330994205f,1.8941285805058514f,0f,0f,0f,1f], start_interpolation: 0, interpolation_duration: 1 }
$data merge entity $(bone_left_hand) { transformation: [-0.9891197186670012f,0.1396281213771368f,0.04632677265689821f,2.5416611983987245f,-0.016684909059645384f,0.20640028871377808f,-0.9783253725773142f,0.19563689896642855f,-0.14616359312011915f,-0.9684538752772691f,-0.20182491299801358f,1.853759761070182f,0f,0f,0f,1f], start_interpolation: 0, interpolation_duration: 1 }
$data merge entity $(bone_left_forearm) { transformation: [-1.9820724529224503f,0.27246928134072856f,0.04967610534596445f,2.7005436488561663f,-0.017885367422880636f,0.23229114435048182f,-1.9877221564492327f,-1.7287204592441112f,-0.2763825941495321f,-1.9690403115052535f,-0.22762105937097452f,0.7239498874207271f,0f,0f,0f,1f], start_interpolation: 0, interpolation_duration: 1 }
$data merge entity $(bone_left_bicep) { transformation: [-2.468536660884112f,-0.023948857845711005f,-0.04057473065919435f,1.7955427094440748f,0.00583504537797644f,1.9544716063102403f,-1.5086085625706784f,1.4409771265578857f,0.0467526342104613f,-1.5084297448088249f,-1.9540591083330687f,-1.5085919130977994f,0f,0f,0f,1f], start_interpolation: 0, interpolation_duration: 1 }
$data merge entity $(bone_left_shoulder) { transformation: [-1.2325521846665528f,-0.011957779491687918f,-0.020259157463084054f,1.3782875534875894f,0.0029134661203198417f,0.9758770393807514f,-0.7532554849467762f,-0.13649681491621968f,0.023343814312395805f,-0.7531662003813402f,-0.9756710771639492f,0.011936752474276002f,0f,0f,0f,1f], start_interpolation: 0, interpolation_duration: 1 }
$data merge entity $(bone_right_fingers_2) { transformation: [-0.9697059324289383f,-0.014639222019272076f,0.24383621099171054f,-2.935525149927058f,-0.2442379077191323f,0.04064823191581808f,-0.9688630273031883f,4.135724675268138f,0.0042718901090900195f,-0.9990662712857383f,-0.04299228458813904f,2.1968665605743425f,0f,0f,0f,1f], start_interpolation: 0, interpolation_duration: 1 }
$data merge entity $(bone_right_fingers) { transformation: [-0.9697059324289383f,-0.014639222019272076f,0.24383621099171054f,-2.808414228550394f,-0.2442379077191323f,0.04064823191581808f,-0.9688630273031883f,3.5742209389035864f,0.0042718901090900195f,-0.9990662712857383f,-0.04299228458813904f,2.166368769814937f,0f,0f,0f,1f], start_interpolation: 0, interpolation_duration: 1 }
$data merge entity $(bone_right_index_finger_2) { transformation: [-0.9729599434273006f,-0.0006144395654519642f,-0.23097309572754282f,-2.214694382280592f,0.23075697005018572f,0.04074555550626678f,-0.9721579195170625f,4.137460549310106f,0.01000845938203964f,-0.9991693661089227f,-0.039502007167888695f,2.1915284117387963f,0f,0f,0f,1f], start_interpolation: 0, interpolation_duration: 1 }
$data merge entity $(bone_right_index_finger) { transformation: [-0.9729599434273006f,-0.0006144395654519642f,-0.23097309572754282f,-2.3478127840337053f,0.23075697005018572f,0.04074555550626678f,-0.9721579195170625f,3.577420361910565f,0.01000845938203964f,-0.9991693661089227f,-0.039502007167888695f,2.162982970599449f,0f,0f,0f,1f], start_interpolation: 0, interpolation_duration: 1 }
$data merge entity $(bone_right_thumb) { transformation: [-0.7887638818978385f,-0.0489234045232704f,-0.6127463089267082f,-2.078277086418133f,0.6145533759302783f,-0.04126818751337523f,-0.7877950779435342f,2.807928255360729f,0.013254687704756962f,-0.9979496165584781f,0.06261689919371617f,2.412694293634621f,0f,0f,0f,1f], start_interpolation: 0, interpolation_duration: 1 }
$data merge entity $(bone_right_hand) { transformation: [-0.999948908380621f,-0.007433615148750874f,0.00684996308200014f,-2.6857773379403023f,-0.006939046530618052f,0.012024986360642295f,-0.9999036200235862f,2.85837252311509f,0.007350527984466218f,-0.9999000655409754f,-0.01207595418602409f,2.273615409565884f,0f,0f,0f,1f], start_interpolation: 0, interpolation_duration: 1 }
$data merge entity $(bone_right_forearm) { transformation: [-2.00124956647058f,-0.016247286362808033f,0.007935402555861693f,-2.669190912051879f,-0.00773602777717329f,-0.024517109775286372f,-2.001166119398652f,0.8037370630084313f,0.016343157654182615f,-2.001115116439f,0.02445330619321353f,1.3887027986515692f,0f,0f,0f,1f], start_interpolation: 0, interpolation_duration: 1 }
$data merge entity $(bone_right_bicep) { transformation: [-2.4684863425261194f,-0.031602865635880655f,0.03833455796908765f,-1.8389236115682341f,-0.02757760770755932f,-0.7130244704998623f,-2.3636261723696035f,-0.057089009092132104f,0.04132499248896281f,-2.363575779627354f,0.712527109409737f,-2.0485008619166973f,0f,0f,0f,1f], start_interpolation: 0, interpolation_duration: 1 }
$data merge entity $(bone_right_shoulder) { transformation: [-1.232527060469268f,-0.015779462261369618f,0.019140628503407815f,-1.3725593297168384f,-0.013769631687647492f,-0.3560165351243188f,-1.180169874992172f,0.7983384075480848f,0.02063376679014256f,-1.1801447136544716f,0.35576820034853207f,-0.04219041348106317f,0f,0f,0f,1f], start_interpolation: 0, interpolation_duration: 1 }
$data merge entity $(bone_chest) { transformation: [-4.066808126073458f,-0.0742016908694607f,2.1727830935620986e-17f,1.8727405251388483e-17f,-0.003236632297197959f,0.17739167899169528f,-4.063613655560883f,0.7736570203356419f,0.07413106730150149f,-4.062937425868337f,-0.1774212038176946f,-0.15292086881235656f,0f,0f,0f,1f], start_interpolation: 0, interpolation_duration: 1 }
$data merge entity $(bone_right_fingers2) { transformation: [-0.9995548595204724f,-0.014144553927471087f,-0.026268125231951354f,0.7468840642084836f,0.025374030002226575f,0.06005843397629085f,-0.9978723080182963f,-2.4499202874803876f,0.015692081138418922f,-0.9980946428583357f,-0.059672795200467366f,2.0228927445123945f,0f,0f,0f,1f], start_interpolation: 0, interpolation_duration: 1 }
$data merge entity $(bone_left_foot) { transformation: [-0.9999990119336394f,0.0009268743107971797f,-0.0010568991233645452f,0.75282625f,0.00017113863918936608f,-0.6659780586103814f,-0.7459713105482769f,-2.9501584427342036f,-0.001395293270664237f,-0.7459707543553968f,0.6659772419558565f,1.1617547868762972f,0f,0f,0f,1f], start_interpolation: 0, interpolation_duration: 1 }
$data merge entity $(bone_left_knee) { transformation: [-1.5850141666666666f,1.7712495568361868e-16f,-7.940254274382723e-17f,0.768881875f,0f,-0.6483709654008843f,-1.4463350233466497f,-0.8919018859691712f,-1.9410825258115427e-16f,-1.4463350233466497f,0.6483709654008843f,0.8780188487594116f,0f,0f,0f,1f], start_interpolation: 0, interpolation_duration: 1 }
$data merge entity $(bone_left_thigh) { transformation: [-1.6036533333333332f,1.676418880063937e-16f,-1.0230141694713839e-16f,0.7385400000000001f,0f,-0.8353544631673772f,-1.3688998993269939f,-2.7182905735925202f,-1.9639089216086498e-16f,-1.3688998993269939f,0.8353544631673772f,-0.1715127959613612f,0f,0f,0f,1f], start_interpolation: 0, interpolation_duration: 1 }
$data merge entity $(bone_left_leg) { transformation: [-1f,1.0722058916053299e-16f,-5.91721478965127e-17f,0.5257450000000001f,0f,-0.48317725517031246f,-0.8755225525856446f,-3.119138125f,-1.2246467991473532e-16f,-0.8755225525856446f,0.48317725517031246f,-0.284531250000001f,0f,0f,0f,1f], start_interpolation: 0, interpolation_duration: 1 }
$data merge entity $(bone_left_fingers2) { transformation: [-0.9999583219012249f,-0.00494457629725273f,-0.007675000047354174f,-0.7485456133177746f,0.008231739434811803f,-0.12469422082921712f,-0.9921610704707535f,-4.117309791038642f,0.00394878796133755f,-0.9921828976842098f,0.12472972627485931f,2.1552790499724033f,0f,0f,0f,1f], start_interpolation: 0, interpolation_duration: 1 }
$data merge entity $(bone_right_foot) { transformation: [-0.9999939654704094f,-0.00015348646106448972f,-0.0034706576713873266f,-0.75282625f,0.003455795747842679f,0.058329602770985624f,-0.9982913977974207f,-3.8603914875982337f,0.0003556662970851456f,-0.9982973674624638f,-0.058328720361412185f,1.193090521079917f,0f,0f,0f,1f], start_interpolation: 0, interpolation_duration: 1 }
$data merge entity $(bone_right_knee) { transformation: [-1.5850141666666666f,1.936835784446404e-16f,1.2832971635128966e-17f,-0.7688818750000002f,0f,0.10478916569302904f,-1.5815464391814067f,-1.9029454817377327f,-1.9410825258115427e-16f,-1.5815464391814067f,-0.10478916569302904f,1.876060032272692f,0f,0f,0f,1f], start_interpolation: 0, interpolation_duration: 1 }
$data merge entity $(bone_right_thigh) { transformation: [-1.6036533333333332f,1.9624578251441422e-16f,7.548203034215885e-18f,-0.7385399999999999f,0f,0.06163575521914757f,-1.6024684231490105f,-2.8309288619269655f,-1.9639089216086498e-16f,-1.6024684231490105f,-0.06163575521914757f,0.01597336425501672f,0f,0f,0f,1f], start_interpolation: 0, interpolation_duration: 1 }
$data merge entity $(bone_right_leg) { transformation: [-1f,1.2205240868053606e-16f,1.0040286943010467e-17f,-0.5257449999999999f,0f,0.08198516462053308f,-0.9966335498979272f,-3.119138125f,-1.2246467991473532e-16f,-0.9966335498979272f,-0.08198516462053308f,-0.2856785156250012f,0f,0f,0f,1f], start_interpolation: 0, interpolation_duration: 1 }