# This file was generated by Animated Java via MC-Build. It is not recommended to edit this file directly.
$data merge entity $(bone_right_thumb_2) { transformation: [-0.9130458772617961f,0.29532857428705694f,-0.2812974568402838f,-3.213114032180708f,0.4047918002641371f,0.7405627271195978f,-0.5363864704111234f,-1.448778827856192f,0.04990816019606419f,-0.6036123593919847f,-0.7957143301054f,1.01207624370192f,0f,0f,0f,1f], start_interpolation: 0, interpolation_duration: 1 }
$data merge entity $(bone_right_thumb) { transformation: [-0.9130458772617961f,0.29532857428705694f,-0.2812974568402838f,-3.263208258737783f,0.4047918002641371f,0.7405627271195978f,-0.5363864704111234f,-1.17677460317158f,0.04990816019606419f,-0.6036123593919847f,-0.7957143301054f,0.8464288467709791f,0f,0f,0f,1f], start_interpolation: 0, interpolation_duration: 1 }
$data merge entity $(bone_right_fingers2) { transformation: [-0.6776538405722327f,-0.6794534664956031f,-0.2812974568402838f,-3.5435852038296667f,-0.47607458974190503f,0.6968805775468088f,-0.5363864704111234f,-2.0606525325234304f,0.5604803808874848f,-0.22956578034440275f,-0.7957143301054f,1.3291438361559864f,0f,0f,0f,1f], start_interpolation: 0, interpolation_duration: 1 }
$data merge entity $(bone_right_fingers) { transformation: [-0.8828374484323003f,-0.3761246873321852f,-0.2812974568402838f,-3.6822718566850403f,-0.18035261400567815f,0.8244771003376721f,-0.5363864704111234f,-1.6674551911107662f,0.433671505020637f,-0.42280933125706927f,-0.7957143301054f,1.1029087105857038f,0f,0f,0f,1f], start_interpolation: 0, interpolation_duration: 1 }
$data merge entity $(bone_right_hand) { transformation: [-0.9130458772617961f,0.29532857428705694f,-0.2812974568402838f,-3.539337672173547f,0.4047918002641371f,0.7405627271195978f,-0.5363864704111234f,-1.1356959829918638f,0.04990816019606419f,-0.6036123593919847f,-0.7957143301054f,0.6571639829481435f,0f,0f,0f,1f], start_interpolation: 0, interpolation_duration: 1 }
$data merge entity $(bone_right_forearm) { transformation: [-1.3705027280552495f,0.456543841121924f,-0.42344526629083695f,-2.840194255375601f,0.6190499617584678f,1.1094307551364555f,-0.8074381985152509f,0.4494691899898684f,0.06719611043295504f,-0.9092563008901032f,-1.1978119894422865f,-0.6517082817102582f,0f,0f,0f,1f], start_interpolation: 0, interpolation_duration: 1 }
$data merge entity $(bone_right_bicep) { transformation: [-1.5175996557217348f,0.4351646987073629f,-0.020667075183625067f,-2.1081370024226365f,0.42952144502922224f,1.5070727999863267f,0.19273573058939156f,2.6215260130454916f,0.0728475892375608f,0.17963134076421006f,-1.5669492551457982f,-0.4543443069002639f,0f,0f,0f,1f], start_interpolation: 0, interpolation_duration: 1 }
$data merge entity $(bone_right_shoulder) { transformation: [-0.999914327574007f,-1.4950561499827662e-17f,-0.013089595571344318f,-1.795433125f,-0.001597985670101033f,0.992520189874713f,0.1220701402180799f,2.854230741294106f,0.012991687881853863f,0.12208059915917654f,-0.9924351582621994f,-0.3668694418726294f,0f,0f,0f,1f], start_interpolation: 0, interpolation_duration: 1 }
$data merge entity $(bone_right_arm) { transformation: [-1.46271875f,-2.1868466628826045e-17f,1.7779151478779205e-16f,-1.4259925f,0f,1.451777891483303f,0.17856958140136178f,3.032244994646002f,-1.7913138352403177e-16f,0.17856958140136178f,-1.451777891483303f,-0.3531919249348766f,0f,0f,0f,1f], start_interpolation: 0, interpolation_duration: 1 }
$data merge entity $(bone_left_thumb_2) { transformation: [-0.9130458772617961f,-0.2953285742870568f,0.28129745684028395f,3.2530489406803342f,-0.4047918002641371f,0.7405627271195978f,-0.5363864704111234f,-1.4992123452680444f,-0.049908160196064415f,-0.6036123593919848f,-0.7957143301054f,0.9880495407559367f,0f,0f,0f,1f], start_interpolation: 0, interpolation_duration: 1 }
$data merge entity $(bone_left_thumb) { transformation: [-0.9130458772617961f,-0.2953285742870568f,0.28129745684028395f,3.303143167237409f,-0.4047918002641371f,0.7405627271195978f,-0.5363864704111234f,-1.2272081205834326f,-0.049908160196064415f,-0.6036123593919848f,-0.7957143301054f,0.8224021438249959f,0f,0f,0f,1f], start_interpolation: 0, interpolation_duration: 1 }
$data merge entity $(bone_left_fingers2) { transformation: [-0.6776538405722327f,0.6794534664956031f,0.28129745684028395f,3.583520112329293f,0.47607458974190503f,0.6968805775468088f,-0.5363864704111234f,-2.111086049935283f,-0.560480380887485f,-0.22956578034440261f,-0.7957143301054f,1.305117133210003f,0f,0f,0f,1f], start_interpolation: 0, interpolation_duration: 1 }
$data merge entity $(bone_left_fingers) { transformation: [-0.8828374484323003f,0.3761246873321853f,0.28129745684028395f,3.7222067651846666f,0.18035261400567815f,0.8244771003376721f,-0.5363864704111234f,-1.7178887085226187f,-0.4336715050206372f,-0.4228093312570692f,-0.7957143301054f,1.0788820076397205f,0f,0f,0f,1f], start_interpolation: 0, interpolation_duration: 1 }
$data merge entity $(bone_left_hand) { transformation: [-0.9130458772617961f,-0.2953285742870568f,0.28129745684028395f,3.579272580673173f,-0.4047918002641371f,0.7405627271195978f,-0.5363864704111234f,-1.1861295004037162f,-0.049908160196064415f,-0.6036123593919848f,-0.7957143301054f,0.6331372800021602f,0f,0f,0f,1f], start_interpolation: 0, interpolation_duration: 1 }
$data merge entity $(bone_left_forearm) { transformation: [-1.3705027280552502f,-0.4565438411219239f,0.4234452662908374f,2.8801291638752273f,-0.619049961758468f,1.109430755136456f,-0.8074381985152512f,0.399035672578016f,-0.0671961104329554f,-0.9092563008901038f,-1.1978119894422872f,-0.6757349846562419f,0f,0f,0f,1f], start_interpolation: 0, interpolation_duration: 1 }
$data merge entity $(bone_left_bicep) { transformation: [-1.5175996557217348f,-0.4351646987073629f,0.02066707518362545f,2.0448242572260518f,-0.42952144502922224f,1.5070727999863267f,0.19273573058939156f,2.6139965033862427f,-0.07284758923756117f,0.17963134076420995f,-1.5669492551457982f,-0.39312909000149177f,0f,0f,0f,1f], start_interpolation: 0, interpolation_duration: 1 }
$data merge entity $(bone_left_shoulder) { transformation: [-0.999914327574007f,-1.4950561499827662e-17f,0.013089595571344561f,1.795433125f,0.001597985670101033f,0.992520189874713f,0.1220701402180799f,2.854230741294106f,-0.012991687881854109f,0.12208059915917654f,-0.9924351582621994f,-0.36686944187262893f,0f,0f,0f,1f], start_interpolation: 0, interpolation_duration: 1 }
$data merge entity $(bone_left_arm) { transformation: [-1.46271875f,-2.1868466628826045e-17f,1.7779151478779205e-16f,1.4259925f,0f,1.451777891483303f,0.17856958140136178f,2.9702124827788325f,-1.7913138352403177e-16f,0.17856958140136178f,-1.451777891483303f,-0.3608219623823248f,0f,0f,0f,1f], start_interpolation: 0, interpolation_duration: 1 }
$data merge entity $(bone_chest) { transformation: [-2.06546125f,-3.0879805443635917e-17f,2.510540624251835e-16f,-2.5449469981526014e-18f,0f,2.0500119920288618f,0.25215274694006173f,3.7990242607609552f,-2.529460508575391e-16f,0.25215274694006173f,-2.0500119920288618f,0.020781069284013076f,0f,0f,0f,1f], start_interpolation: 0, interpolation_duration: 1 }
$data merge entity $(bone_left_cheek) { transformation: [-1.1334097476691285f,-0.07141547958884074f,-0.05299645782008973f,0.7525946357566401f,-0.060332731171025854f,1.1152236952217545f,-0.21251475841258244f,-1.5623169939342927f,0.0653357238869013f,-0.2090511666286734f,-1.1155963895124184f,0.15879013248357657f,0f,0f,0f,1f], start_interpolation: 0, interpolation_duration: 1 }
$data merge entity $(bone_left_foot) { transformation: [-1.1293488955468194f,0.04027156106973605f,-0.07893304692070273f,0.9837095974619025f,-0.06011656724626306f,0.3931431739026241f,1.0607099488344098f,-5.040720309531548f,0.06510163492344007f,1.0616486229364108f,-0.38980139936577635f,-0.29376692802943705f,0f,0f,0f,1f], start_interpolation: 0, interpolation_duration: 1 }
$data merge entity $(bone_left_knee) { transformation: [-3.110785527906639f,0.054932720027765884f,-0.23782160502094774f,1.096409762917948f,-0.16559076483317686f,1.7586668449141192f,2.5722041029785236f,-2.8897711639000754f,0.1793221072437867f,2.576943275481232f,-1.7503628929406265f,3.0516601677877566f,0f,0f,0f,1f], start_interpolation: 0, interpolation_duration: 1 }
$data merge entity $(bone_left_leg) { transformation: [-2.375425689332775f,-0.18091926660477367f,0.04480381092658544f,0.7753199999999999f,-0.12644669752134574f,1.1434803782313552f,-2.0865881781823328f,-1.5105395714840415f,0.1369320823923294f,-2.0825722584379904f,-1.149577644720283f,0.13318414587119526f,0f,0f,0f,1f], start_interpolation: 0, interpolation_duration: 1 }
$data merge entity $(bone_right_cheek) { transformation: [-1.1334097476691285f,0.07141547958884081f,0.05299645782009001f,-0.7525946357566403f,0.060332731171025854f,1.1152236952217545f,-0.21251475841258244f,-1.5623169939342927f,-0.06533572388690158f,-0.2090511666286734f,-1.1155963895124184f,0.15879013248357635f,0f,0f,0f,1f], start_interpolation: 0, interpolation_duration: 1 }
$data merge entity $(bone_right_foot) { transformation: [-1.1293488955468194f,-0.04027156106973631f,0.07893304692070283f,-0.9837095974619025f,0.06011656724626306f,0.3931431739026241f,1.0607099488344098f,-5.040720309531548f,-0.06510163492344036f,1.0616486229364108f,-0.38980139936577635f,-0.29376692802943705f,0f,0f,0f,1f], start_interpolation: 0, interpolation_duration: 1 }
$data merge entity $(bone_right_knee) { transformation: [-3.110785527906639f,-0.05493272002776653f,0.23782160502094818f,-1.0964097629179488f,0.16559076483317686f,1.7586668449141192f,2.5722041029785236f,-2.8897711639000754f,-0.17932210724378747f,2.576943275481232f,-1.7503628929406265f,3.0516601677877566f,0f,0f,0f,1f], start_interpolation: 0, interpolation_duration: 1 }
$data merge entity $(bone_right_leg) { transformation: [-2.375425689332775f,0.1809192666047742f,-0.044803810926585155f,-0.7753200000000001f,0.12644669752134574f,1.1434803782313552f,-2.0865881781823328f,-1.5105395714840415f,-0.13693208239232998f,-2.0825722584379904f,-1.149577644720283f,0.13318414587119504f,0f,0f,0f,1f], start_interpolation: 0, interpolation_duration: 1 }
$data merge entity $(bone_weist) { transformation: [-2.0892733333333333f,1.1266483197532344e-16f,2.2972177937310283e-16f,3.4925376108866333e-17f,0f,1.8758206817920404f,-0.9199781688382729f,0.18219386265760829f,-2.5586219002105877e-16f,-0.9199781688382729f,-1.8758206817920404f,-0.2851873383671336f,0f,0f,0f,1f], start_interpolation: 0, interpolation_duration: 1 }
data modify entity @s data merge value {"locators":{"consume":{"posx":-3.5184056114390603,"posy":-1.7716276986168338,"posz":1.1074034965033102,"roty":340.53070225501295,"rotx":-32.43798736148618}},"cameras":{}}