# This file was generated by Animated Java via MC-Build. It is not recommended to edit this file directly.
$data merge entity $(bone_right_thumb_2) { transformation: [-0.8936436508546629f,-0.44330233513462297f,-0.06988608553452944f,-0.8981648008078135f,0.3265549937817042f,-0.5355123365451019f,-0.7788378351391496f,1.7722103483702265f,0.30783577005179275f,-0.7188251366446476f,0.6233197908011776f,0.794854071573512f,0f,0f,0f,1f], start_interpolation: 0, interpolation_duration: 1 }
$data merge entity $(bone_right_thumb) { transformation: [-0.8936436508546629f,-0.44330233513462297f,-0.06988608553452944f,-1.1571085738289721f,0.3265549937817042f,-0.5355123365451019f,-0.7788378351391496f,1.6669088781378019f,0.30783577005179275f,-0.7188251366446476f,0.6233197908011776f,0.6342473697485833f,0f,0f,0f,1f], start_interpolation: 0, interpolation_duration: 1 }
$data merge entity $(bone_right_fingers2) { transformation: [0.9877865472438082f,-0.13926116519983617f,-0.06988608553452944f,-0.596152386221192f,0.033201247191603916f,0.6263459936334592f,-0.7788378351391496f,1.8602459999331575f,0.1522347341084737f,0.7670052308338574f,0.6233197908011776f,1.2096302675680572f,0f,0f,0f,1f], start_interpolation: 0, interpolation_duration: 1 }
$data merge entity $(bone_right_fingers) { transformation: [0.2897289652049535f,-0.954553854829536f,-0.06988608553452944f,-1.06076755939279f,0.5820652268855129f,0.2336914594213484f,-0.7788378351391496f,1.9371029838212328f,0.7597744391409753f,0.18497361980453567f,0.6233197908011776f,1.266605822873553f,0f,0f,0f,1f], start_interpolation: 0, interpolation_duration: 1 }
$data merge entity $(bone_right_hand) { transformation: [-0.8936436508546629f,-0.44330233513462297f,-0.06988608553452944f,-1.4312239100704196f,0.3265549937817042f,-0.5355123365451019f,-0.7788378351391496f,1.5571576464317038f,0.30783577005179275f,-0.7188251366446476f,0.6233197908011776f,0.7972551740229723f,0f,0f,0f,1f], start_interpolation: 0, interpolation_duration: 1 }
$data merge entity $(bone_right_forearm) { transformation: [-1.3708760957269293f,-0.6129006945218761f,-0.10520156289928856f,-2.2755127843288614f,0.4588910730875429f,-0.8251642164245946f,-1.1724073093384866f,0.35825973227716235f,0.41968275306761693f,-1.0997602714247994f,0.9383014612535775f,-0.8041557152610461f,0f,0f,0f,1f], start_interpolation: 0, interpolation_duration: 1 }
$data merge entity $(bone_right_bicep) { transformation: [-1.5741609804382226f,0.044970160068642f,-0.11357398651812302f,-2.1110334037890564f,0.025197150118809422f,1.5559744331322627f,0.26685731226456494f,2.6308182687792203f,0.1195260194941179f,0.2642449738151666f,-1.5520284412734702f,-0.4861691836513018f,0f,0f,0f,1f], start_interpolation: 0, interpolation_duration: 1 }
$data merge entity $(bone_right_shoulder) { transformation: [-0.9974094913373519f,-2.0752177416529584e-17f,-0.07193265315671928f,-1.795433125f,-0.012189303735487203f,0.9855380308768545f,0.16901541518398855f,2.8622052911190456f,0.07089236534782087f,0.16945438824466008f,-0.9829849860704989f,-0.40589734900804486f,0f,0f,0f,1f], start_interpolation: 0, interpolation_duration: 1 }
$data merge entity $(bone_right_arm) { transformation: [-1.46271875f,-3.0354599010484386e-17f,1.7654079098652089e-16f,-1.4259925f,0f,1.4415649566016542f,0.2478641109552439f,3.039360681034123f,-1.7913138352403177e-16f,0.2478641109552439f,-1.4415649566016542f,-0.38371364575424777f,0f,0f,0f,1f], start_interpolation: 0, interpolation_duration: 1 }
$data merge entity $(bone_left_thumb_2) { transformation: [-0.8936436508546629f,0.4433023351346232f,0.06988608553452927f,0.922774143372097f,-0.3265549937817042f,-0.5355123365451019f,-0.7788378351391496f,1.6994262957491166f,-0.30783577005179297f,-0.7188251366446475f,0.6233197908011776f,0.7656138878710754f,0f,0f,0f,1f], start_interpolation: 0, interpolation_duration: 1 }
$data merge entity $(bone_left_thumb) { transformation: [-0.8936436508546629f,0.4433023351346232f,0.06988608553452927f,1.1817179163932554f,-0.3265549937817042f,-0.5355123365451019f,-0.7788378351391496f,1.594124825516692f,-0.30783577005179297f,-0.7188251366446475f,0.6233197908011776f,0.6050071860461469f,0f,0f,0f,1f], start_interpolation: 0, interpolation_duration: 1 }
$data merge entity $(bone_left_fingers2) { transformation: [0.9877865472438084f,0.139261165199836f,0.06988608553452927f,0.6207617287854752f,-0.033201247191603916f,0.6263459936334592f,-0.7788378351391496f,1.7874619473120477f,-0.1522347341084735f,0.7670052308338575f,0.6233197908011776f,1.1803900838656205f,0f,0f,0f,1f], start_interpolation: 0, interpolation_duration: 1 }
$data merge entity $(bone_left_fingers) { transformation: [0.2897289652049537f,0.9545538548295361f,0.06988608553452927f,1.0853769019570734f,-0.5820652268855129f,0.2336914594213484f,-0.7788378351391496f,1.864318931200123f,-0.7597744391409753f,0.18497361980453592f,0.6233197908011776f,1.2373656391711163f,0f,0f,0f,1f], start_interpolation: 0, interpolation_duration: 1 }
$data merge entity $(bone_left_hand) { transformation: [-0.8936436508546629f,0.4433023351346232f,0.06988608553452927f,1.455833252634703f,-0.3265549937817042f,-0.5355123365451019f,-0.7788378351391496f,1.484373593810594f,-0.30783577005179297f,-0.7188251366446475f,0.6233197908011776f,0.7680149903205358f,0f,0f,0f,1f], start_interpolation: 0, interpolation_duration: 1 }
$data merge entity $(bone_left_forearm) { transformation: [-1.37087609572693f,0.6129006945218767f,0.10520156289928836f,2.300122126893145f,-0.45889107308754307f,-0.825164216424595f,-1.172407309338487f,0.28547567965605225f,-0.4196827530676175f,-1.0997602714247996f,0.9383014612535779f,-0.8333958989634827f,0f,0f,0f,1f], start_interpolation: 0, interpolation_duration: 1 }
$data merge entity $(bone_left_bicep) { transformation: [-1.5741609804382226f,-0.04497016006864206f,0.11357398651812341f,2.0441995197581773f,-0.025197150118809422f,1.5559744331322627f,0.26685731226456494f,2.6210166368136893f,-0.11952601949411829f,0.2642449738151666f,-1.5520284412734702f,-0.4291633948561339f,0f,0f,0f,1f], start_interpolation: 0, interpolation_duration: 1 }
$data merge entity $(bone_left_shoulder) { transformation: [-0.9974094913373519f,-2.0752177416529584e-17f,0.07193265315671953f,1.795433125f,0.012189303735487203f,0.9855380308768545f,0.16901541518398855f,2.862205291119046f,-0.07089236534782112f,0.16945438824466008f,-0.9829849860704989f,-0.4058973490080444f,0f,0f,0f,1f], start_interpolation: 0, interpolation_duration: 1 }
$data merge entity $(bone_left_arm) { transformation: [-1.46271875f,-3.0354599010484386e-17f,1.7654079098652089e-16f,1.4259925f,0f,1.4415649566016542f,0.2478641109552439f,2.97776455410432f,-1.7913138352403177e-16f,0.2478641109552439f,-1.4415649566016542f,-0.39430454501953865f,0f,0f,0f,1f], start_interpolation: 0, interpolation_duration: 1 }
$data merge entity $(bone_chest) { transformation: [-2.06546125f,-4.286281830696696e-17f,2.492879528802158e-16f,-3.249932019848079e-18f,0f,2.0355906131774466f,0.35000147256180086f,3.787358053619836f,-2.529460508575391e-16f,0.35000147256180086f,-2.0355906131774466f,0.02653770884887635f,0f,0f,0f,1f], start_interpolation: 0, interpolation_duration: 1 }
$data merge entity $(bone_left_cheek) { transformation: [-1.1361583632260923f,-0.03779062643370169f,-0.015572206103613413f,0.7501317533899075f,-0.028674079366854337f,1.045614003178505f,-0.4454162153618366f,-1.5616192404059681f,0.029127688230416546f,-0.44473551273599354f,-1.0458911763981864f,-0.06623982272849195f,0f,0f,0f,1f], start_interpolation: 0, interpolation_duration: 1 }
$data merge entity $(bone_left_foot) { transformation: [-1.1320876631901398f,0.006463040637634563f,-0.04021074928928125f,0.9149634356966647f,-0.028571344061911346f,0.6710225711920736f,0.9122464248487212f,-4.3609457083493925f,0.029023327706950347f,0.9126708554876147f,-0.6704257665038839f,0.8041438283192246f,0f,0f,0f,1f], start_interpolation: 0, interpolation_duration: 1 }
$data merge entity $(bone_left_knee) { transformation: [-3.1183294488178244f,-0.02021474187417561f,-0.11034551655713469f,0.9273851933487134f,-0.07869961530143492f,2.581466042611939f,1.7511147197058878f,-1.132730088836031f,0.07994460184844618f,1.7527657445392373f,-2.580307040951305f,3.130006167685258f,0f,0f,0f,1f], start_interpolation: 0, interpolation_duration: 1 }
$data merge entity $(bone_left_leg) { transformation: [-2.381186299754151f,-0.057487356606780976f,0.06350887920554218f,0.7753199999999999f,-0.060095781676545675f,-0.137829373254591f,-2.3779776973170654f,-1.5157980850377422f,0.06104646535438649f,-2.378042185442271f,0.13629035684568508f,-0.08760409447032413f,0f,0f,0f,1f], start_interpolation: 0, interpolation_duration: 1 }
$data merge entity $(bone_right_cheek) { transformation: [-1.1361583632260923f,0.037790626433701804f,0.015572206103613668f,-0.7501317533899077f,0.028674079366854337f,1.045614003178505f,-0.4454162153618366f,-1.5616192404059681f,-0.029127688230416823f,-0.44473551273599354f,-1.0458911763981864f,-0.06623982272849217f,0f,0f,0f,1f], start_interpolation: 0, interpolation_duration: 1 }
$data merge entity $(bone_right_foot) { transformation: [-1.1320876631901398f,-0.006463040637634784f,0.040210749289281415f,-0.9149634356966653f,0.028571344061911346f,0.6710225711920736f,0.9122464248487212f,-4.3609457083493925f,-0.02902332770695062f,0.9126708554876147f,-0.6704257665038839f,0.8041438283192246f,0f,0f,0f,1f], start_interpolation: 0, interpolation_duration: 1 }
$data merge entity $(bone_right_knee) { transformation: [-3.1183294488178244f,0.020214741874175185f,0.11034551655713533f,-0.9273851933487145f,0.07869961530143492f,2.581466042611939f,1.7511147197058878f,-1.132730088836031f,-0.07994460184844694f,1.7527657445392373f,-2.580307040951305f,3.130006167685258f,0f,0f,0f,1f], start_interpolation: 0, interpolation_duration: 1 }
$data merge entity $(bone_right_leg) { transformation: [-2.381186299754151f,0.05748735660678156f,-0.06350887920554221f,-0.7753200000000001f,0.060095781676545675f,-0.137829373254591f,-2.3779776973170654f,-1.5157980850377422f,-0.06104646535438707f,-2.378042185442271f,0.13629035684568508f,-0.08760409447032436f,0f,0f,0f,1f], start_interpolation: 0, interpolation_duration: 1 }
$data merge entity $(bone_weist) { transformation: [-2.0892733333333333f,1.0534223666284226e-16f,2.3317048153066484e-16f,5.538149015857242e-17f,0f,1.9039814719885537f,-0.8601846404709148f,0.18932166645012027f,-2.5586219002105877e-16f,-0.8601846404709148f,-1.9039814719885537f,-0.45222418575813994f,0f,0f,0f,1f], start_interpolation: 0, interpolation_duration: 1 }
data modify entity @s data merge value {"locators":{"consume":{"posx":-0.8760651997662383,"posy":1.8865649079210205,"posz":1.234121950194164,"roty":186.3972374808836,"rotx":-51.15429150013201}},"cameras":{}}