# This file was generated by Animated Java via MC-Build. It is not recommended to edit this file directly.
$data merge entity $(bone_neck) { transformation: [-0.9537185472768763f,-0.30062776781254574f,-0.006624032014609302f,-0.3442079623245011f,-0.30020294497798944f,0.9506416724491309f,0.07847676362887046f,2.1977825798409034f,-0.017295213402175318f,0.07683329892153135f,-0.9968939360685307f,-1.2645552345718376f,0f,0f,0f,1f], start_interpolation: 0, interpolation_duration: 1 }
$data merge entity $(bone_left_fingers_2) { transformation: [0.12174991197738477f,0.6554126612558834f,-0.7453933206026065f,6.233689004337111f,0.20063585673270581f,0.7192263972299259f,0.6651756478711423f,2.2240283365409823f,0.9720710940700953f,-0.23053770405975194f,-0.04393353024998159f,-1.8663278365192304f,0f,0f,0f,1f], start_interpolation: 0, interpolation_duration: 1 }
$data merge entity $(bone_left_fingers) { transformation: [0.12174991197738477f,0.6554126612558834f,-0.7453933206026065f,5.806219619517704f,0.20063585673270581f,0.7192263972299259f,0.6651756478711423f,2.608785145287821f,0.9720710940700953f,-0.23053770405975194f,-0.04393353024998159f,-1.9063471851236533f,0f,0f,0f,1f], start_interpolation: 0, interpolation_duration: 1 }
$data merge entity $(bone_left_index_finger_2) { transformation: [-0.2375769086771771f,0.16670025439430064f,-0.9569578034836603f,6.261417311989973f,0.3744030056666901f,0.9247589929449973f,0.06814098850987182f,2.730425098678117f,0.8963144547596814f,-0.3420991525160937f,-0.28211445910591976f,-1.3229233456490626f,0f,0f,0f,1f], start_interpolation: 0, interpolation_duration: 1 }
$data merge entity $(bone_left_index_finger) { transformation: [-0.2375769086771771f,0.16670025439430064f,-0.9569578034836603f,5.7108658531744005f,0.3744030056666901f,0.9247589929449973f,0.06814098850987182f,2.775045393740296f,0.8963144547596814f,-0.3420991525160937f,-0.28211445910591976f,-1.4874909094709323f,0f,0f,0f,1f], start_interpolation: 0, interpolation_duration: 1 }
$data merge entity $(bone_left_thumb) { transformation: [-0.17453317011698258f,0.7835420534400198f,-0.5963220799366009f,4.873456406766534f,0.2963389272001888f,0.6193382973992156f,0.727051107970053f,2.931891066501513f,0.9390002197841902f,-0.049818910723119725f,-0.34028908795258794f,-1.4518792093353579f,0f,0f,0f,1f], start_interpolation: 0, interpolation_duration: 1 }
$data merge entity $(bone_left_hand) { transformation: [-0.2070095334454365f,0.4618580240836223f,-0.8624582416860976f,5.111160760153409f,0.3609449084449923f,0.855418734290713f,0.3714533107836172f,2.8168064006730766f,0.9093216296395567f,-0.2344055345209382f,-0.34378513530345417f,-2.0186210163468603f,0f,0f,0f,1f], start_interpolation: 0, interpolation_duration: 1 }
$data merge entity $(bone_left_forearm) { transformation: [-0.41429421706241093f,-0.5150724403113995f,-1.8890153827565832f,2.9446866424620333f,0.7223695728307927f,1.7544188472544797f,-0.636800708226063f,2.9698506432642953f,1.8198518992785093f,-0.8136543018878575f,-0.17726865222729327f,-2.555121326636855f,0f,0f,0f,1f], start_interpolation: 0, interpolation_duration: 1 }
$data merge entity $(bone_left_bicep) { transformation: [-0.2591141576205127f,-1.1786875431341728f,-0.45612624622142905f,1.3141543259339576f,-1.249942110001699f,0.3079114859028043f,-0.08562045319162291f,2.4733526797278214f,0.18708339978796593f,0.4247138048387017f,-1.2037913477901063f,-1.899623598429547f,0f,0f,0f,1f], start_interpolation: 0, interpolation_duration: 1 }
$data merge entity $(bone_left_shoulder) { transformation: [-0.24759063846485188f,-1.1262680666895935f,-0.4358410577006603f,1.1347817755949798f,-1.1943537470178176f,0.294217815365336f,-0.0818126761811709f,2.110923265665528f,0.17876328651835388f,0.40582561397072064f,-1.150255436116788f,-1.7783528474542232f,0f,0f,0f,1f], start_interpolation: 0, interpolation_duration: 1 }
$data merge entity $(bone_right_fingers_2) { transformation: [-0.002600999025596129f,-0.5363370724216338f,-0.8439998694018029f,-0.8308220940340817f,-0.8391400690639157f,-0.45789175094874457f,0.29356275122109665f,-1.0045560843026744f,-0.5439091645628669f,0.7089976651296421f,-0.4488709519953819f,2.4294676984691606f,0f,0f,0f,1f], start_interpolation: 0, interpolation_duration: 1 }
$data merge entity $(bone_right_fingers) { transformation: [-0.002600999025596129f,-0.6247667655960615f,-0.7808070974387369f,-1.2844708814662442f,-0.8391400690639157f,-0.4233273824396051f,0.34152287151556765f,-0.821714562202098f,-0.5439091645628669f,0.656094822326368f,-0.5231657527218847f,2.12427021652828f,0f,0f,0f,1f], start_interpolation: 0, interpolation_duration: 1 }
$data merge entity $(bone_right_index_finger_2) { transformation: [0.43771566624473657f,-0.5767892712995318f,-0.6897239535043579f,-1.023788139305036f,-0.8893003505558004f,-0.3907611195128876f,-0.23759342158057542f,-0.2848313158531001f,-0.13247596772719517f,0.717370116460666f,-0.6839811649336214f,2.709155293336826f,0f,0f,0f,1f], start_interpolation: 0, interpolation_duration: 1 }
$data merge entity $(bone_right_index_finger) { transformation: [0.43771566624473657f,-0.6357923207847196f,-0.6357461131262282f,-1.393860192451445f,-0.8893003505558004f,-0.4103265619867241f,-0.2019331548544848f,-0.40358329299049406f,-0.13247596772719517f,0.6537585466816744f,-0.7450166982124684f,2.283567457510169f,0f,0f,0f,1f], start_interpolation: 0, interpolation_duration: 1 }
$data merge entity $(bone_right_thumb) { transformation: [0.5390502822758677f,-0.6934106131197544f,-0.47812813637266116f,-1.8441056130659785f,-0.8421583505451109f,-0.43432829695681596f,-0.31957509769963277f,-0.0026335056265485157f,0.01393218523583345f,0.5749266493001329f,-0.8180863292703751f,1.6805403698830519f,0f,0f,0f,1f], start_interpolation: 0, interpolation_duration: 1 }
$data merge entity $(bone_right_hand) { transformation: [0.23748510311104915f,-0.646865468371902f,-0.7246833043670419f,-1.7550854026109581f,-0.9077481523574407f,-0.4133759114574501f,0.07150977358637647f,-0.6162048498960964f,-0.3458238246448429f,0.6408474246298586f,-0.685361554694521f,1.5996100086804599f,0f,0f,0f,1f], start_interpolation: 0, interpolation_duration: 1 }
$data merge entity $(bone_right_forearm) { transformation: [-0.10472491462884848f,-1.922478116898529f,0.5462942014417044f,-2.070394271407013f,-1.9901494264279385f,0.15053239289797102f,0.14822965763813656f,-0.38061877753986395f,-0.18347949468834054f,-0.535485444210447f,-1.9196138638523668f,-0.6026506099060318f,0f,0f,0f,1f], start_interpolation: 0, interpolation_duration: 1 }
$data merge entity $(bone_right_bicep) { transformation: [-1.199351338746161f,-0.46728024451011635f,0.08775626957356517f,-1.8298337800521625f,-0.37549468268467595f,0.7848642345980296f,-0.9526213833604062f,1.1150415946261296f,0.29164316044515237f,-0.9111163097269884f,-0.8656251848381887f,-1.6847654748071599f,0f,0f,0f,1f], start_interpolation: 0, interpolation_duration: 1 }
$data merge entity $(bone_right_shoulder) { transformation: [-1.146012886485092f,-0.4464990070118535f,0.08385350693509383f,-1.4978076604995134f,-0.35879540153191547f,0.7499591637017127f,-0.9102556907249504f,1.3231643018414156f,0.278672987078828f,-0.8705964618553385f,-0.8271284523913485f,-1.841863475147571f,0f,0f,0f,1f], start_interpolation: 0, interpolation_duration: 1 }
$data merge entity $(bone_chest) { transformation: [-3.895724793946433f,-1.1694371876340945f,0.013387278830489183f,-0.2377758244984359f,-1.1657313840687278f,3.8866124901107866f,0.28239673712179925f,1.856085030944808f,-0.09398348393858526f,0.2666350335539009f,-4.057647974979283f,-1.2025550398135332f,0f,0f,0f,1f], start_interpolation: 0, interpolation_duration: 1 }
$data merge entity $(bone_weist) { transformation: [-1.049090402004564f,-0.29875375473560445f,0.14197014634521066f,-0.22502535647744518f,-0.33022323947578835f,0.9731300602430561f,-0.3923907465288415f,1.9687636457678699f,-0.019024734742392847f,-0.4168501887761641f,-1.0177789443613274f,-3.8614878193431146f,0f,0f,0f,1f], start_interpolation: 0, interpolation_duration: 1 }
$data merge entity $(bone_right_fingers2) { transformation: [-0.9064096449467157f,0.33704027605354525f,-0.2546083420968738f,2.0609120127110594f,-0.42239548606438587f,-0.7259439500374126f,0.5427590945866402f,-1.328607891792085f,-0.0018997105042278775f,0.599507492631934f,0.8003668892315398f,-6.044733187548244f,0f,0f,0f,1f], start_interpolation: 0, interpolation_duration: 1 }
$data merge entity $(bone_left_foot) { transformation: [-0.9080762573285922f,-0.4055672220277692f,-0.104464057420601f,1.6905772952123053f,-0.41880395255115943f,0.878852471846494f,0.2285204193432911f,-0.5150157117066896f,-0.0008718965664702219f,0.2512639272676953f,-0.9679182189887697f,-5.605697807260503f,0f,0f,0f,1f], start_interpolation: 0, interpolation_duration: 1 }
$data merge entity $(bone_left_knee) { transformation: [-1.439313732279464f,-0.6080975866558741f,0.2662014532437578f,1.5939151802869738f,-0.6638101978495822f,1.3198318188144338f,-0.5741688774305949f,-0.27138129515473874f,-0.0013819684097233266f,-0.6328753460850822f,-1.4531816111605012f,-3.5445130446181508f,0f,0f,0f,1f], start_interpolation: 0, interpolation_duration: 1 }
$data merge entity $(bone_left_thigh) { transformation: [-1.4562395169858544f,-0.670686166898977f,-0.0353630910735098f,0.7714653714906488f,-0.6716163545218419f,1.454040535601308f,0.08001004110836972f,1.4413503235413765f,-0.0013982198351418593f,0.08746542099440775f,-1.6012657051915757f,-4.45460076305897f,0f,0f,0f,1f], start_interpolation: 0, interpolation_duration: 1 }
$data merge entity $(bone_left_leg) { transformation: [-0.9080762573285922f,-0.41686397678135234f,-0.040273263316156924f,0.4443094135418406f,-0.41880395255115943f,0.9036657687182161f,0.08939478605848034f,1.6431627454086462f,-0.0008718965664702219f,0.0980438846076152f,-0.9951817102858281f,-4.721010913027625f,0f,0f,0f,1f], start_interpolation: 0, interpolation_duration: 1 }
$data merge entity $(bone_left_fingers2) { transformation: [-0.9805086477877609f,0.12379810443123859f,0.15256743083846153f,-1.3582508171760541f,-0.06134975596122123f,-0.9306056333744546f,0.36084534440010296f,-0.9750419130004523f,0.18665208023730995f,0.3444520060486837f,0.9200618546989776f,-8.596797298759643f,0f,0f,0f,1f], start_interpolation: 0, interpolation_duration: 1 }
$data merge entity $(bone_right_foot) { transformation: [-0.9807322482013185f,0.052656053053421255f,-0.18812654627888792f,-1.2739266473036719f,-0.06470895850738725f,0.8210672882349721f,0.5671518834310247f,-0.287996715348405f,0.18432853286150927f,0.5683976145862198f,-0.8018398491630476f,-7.88077325280589f,0f,0f,0f,1f], start_interpolation: 0, interpolation_duration: 1 }
$data merge entity $(bone_right_knee) { transformation: [-1.5544745071059394f,-0.10047029530122549f,-0.2928901416126171f,-0.8854158752051619f,-0.10256461594445432f,1.5816912602489543f,0.0017791408796366808f,-0.8421850955477119f,0.2921633359063744f,0.020697476855586695f,-1.5577169537942057f,-5.921121594630959f,0f,0f,0f,1f], start_interpolation: 0, interpolation_duration: 1 }
$data merge entity $(bone_right_thigh) { transformation: [-1.5727545389355384f,0.209961574377455f,-0.23251518456589698f,-0.7617880616238302f,-0.10377073700689991f,0.7738803104666605f,1.4007301355807908f,0.9119359673968217f,0.2955990661518022f,1.3887870304218992f,-0.7453829819181659f,-4.812170894163853f,0f,0f,0f,1f], start_interpolation: 0, interpolation_duration: 1 }
$data merge entity $(bone_right_leg) { transformation: [-0.9807322482013185f,0.13712683584122035f,-0.1391419714901376f,-0.5585161017343221f,-0.06470895850738725f,0.44401414115523824f,0.8936801402868173f,1.3275023507937398f,0.18432853286150927f,0.8854646652161515f,-0.42658565215765554f,-4.739196656967879f,0f,0f,0f,1f], start_interpolation: 0, interpolation_duration: 1 }