# This file was generated by Animated Java via MC-Build. It is not recommended to edit this file directly.
$data merge entity $(bone_neck) { transformation: [-0.9995626067190001f,-0.028894811345016435f,-0.006299613198723354f,-0.007168332114756467f,-0.029397991332277208f,0.9940002564113171f,0.10535297034190975f,2.1359357714499865f,0.0032176629321565356f,0.10549208563476158f,-0.9944149367913191f,-1.2724787924263363f,0f,0f,0f,1f], start_interpolation: 0, interpolation_duration: 1 }
$data merge entity $(bone_left_fingers_2) { transformation: [-0.9748990180456214f,-0.04562213286968543f,-0.21792321034278161f,3.4443692582244134f,-0.06444179451252961f,0.9947060250776028f,0.0800448548897472f,-1.0342805360849097f,0.21311771332690382f,0.09207901317203901f,-0.9726778992038295f,0.7217883000324147f,0f,0f,0f,1f], start_interpolation: 0, interpolation_duration: 1 }
$data merge entity $(bone_left_fingers) { transformation: [-0.9748990180456214f,-0.04562213286968543f,-0.21792321034278161f,3.3319163110069514f,-0.06444179451252961f,0.9947060250776028f,0.0800448548897472f,-0.9815091078923922f,0.21311771332690382f,0.09207901317203901f,-0.9726778992038295f,0.1588150003757749f,0f,0f,0f,1f], start_interpolation: 0, interpolation_duration: 1 }
$data merge entity $(bone_left_index_finger_2) { transformation: [-0.997020959038001f,-0.042839017634674986f,-0.06414067201893725f,2.91096341772589f,-0.04690483801064643f,0.9968925799800511f,0.06328601861321748f,-1.0432197847527527f,0.06123024914321265f,0.06610599480238907f,-0.9959321533322671f,0.7757673273118157f,0f,0f,0f,1f], start_interpolation: 0, interpolation_duration: 1 }
$data merge entity $(bone_left_index_finger) { transformation: [-0.997020959038001f,-0.042839017634674986f,-0.06414067201893725f,2.8737499484215454f,-0.04690483801064643f,0.9968925799800511f,0.06328601861321748f,-1.0009802673269763f,0.06123024914321265f,0.06610599480238907f,-0.9959321533322671f,0.2021722231942613f,0f,0f,0f,1f], start_interpolation: 0, interpolation_duration: 1 }
$data merge entity $(bone_left_thumb) { transformation: [-0.9726320180858053f,0.20905980465278395f,0.10139504658943552f,2.5419887039184164f,0.21536064650864575f,0.9749465607229871f,0.05566862374620875f,-1.127196686547723f,-0.08721668034104546f,0.07598158864460941f,-0.9932874955708086f,-0.573151729323924f,0f,0f,0f,1f], start_interpolation: 0, interpolation_duration: 1 }
$data merge entity $(bone_left_hand) { transformation: [-0.9946623882451135f,-0.024042239940883767f,-0.10034293253215334f,3.1466941520606073f,-0.042271173806423944f,0.9820704759116538f,0.1837137126283312f,-0.9696963327699879f,0.09412694234678189f,0.18697473369758522f,-0.9778448586985374f,-0.551493583290193f,0f,0f,0f,1f], start_interpolation: 0, interpolation_duration: 1 }
$data merge entity $(bone_left_forearm) { transformation: [-1.9906468485812696f,-0.06275924203026034f,-0.19673544450338104f,2.9014747009450845f,-0.08459853304803226f,1.9871684269440333f,0.2220881908467728f,0.15984251300106456f,0.18837899508776637f,0.22921900847717397f,-1.979214600217258f,-2.46692425090701f,0f,0f,0f,1f], start_interpolation: 0, interpolation_duration: 1 }
$data merge entity $(bone_left_bicep) { transformation: [-1.2766122003227427f,-0.18072016888823605f,-0.04579447625254175f,1.7979595172991156f,-0.18523027874431755f,1.2654475523067241f,0.16978769009658687f,1.5390445574630394f,0.021134269198143398f,0.17458045832520783f,-1.2781121350443132f,-1.8788038048726807f,0f,0f,0f,1f], start_interpolation: 0, interpolation_duration: 1 }
$data merge entity $(bone_left_shoulder) { transformation: [-1.219837745079295f,-0.1726830459956775f,-0.043757869958367404f,1.3819447361125707f,-0.17699257886361616f,1.2091696196634318f,0.16223676460030848f,1.5926069720655363f,0.02019437012747055f,0.16681638524564674f,-1.2212709735789633f,-1.830856368955553f,0f,0f,0f,1f], start_interpolation: 0, interpolation_duration: 1 }
$data merge entity $(bone_right_fingers_2) { transformation: [-0.9797451986148862f,0.08576728371200802f,0.18095115041287033f,-3.168585499734459f,0.09331378211900118f,0.995069757727152f,0.03359635878297752f,-1.3553052783012458f,-0.17717754896635426f,0.049801107432374495f,-0.9829180870452963f,0.9219422477690536f,0f,0f,0f,1f], start_interpolation: 0, interpolation_duration: 1 }
$data merge entity $(bone_right_fingers) { transformation: [-0.9797451986148862f,0.08030136609956225f,0.18344218815098498f,-3.0758700692633973f,0.09331378211900118f,0.9936144069226495f,0.06342671694482556f,-1.3117203331771417f,-0.17717754896635426f,0.07925970576715213f,-0.9809821686371164f,0.3545993628776717f,0f,0f,0f,1f], start_interpolation: 0, interpolation_duration: 1 }
$data merge entity $(bone_right_index_finger_2) { transformation: [-0.9965491251724581f,0.07768434889545624f,0.029240093274436125f,-2.635622079365352f,0.0784679724423378f,0.9965595757761196f,0.026679378360614424f,-1.3805549272505728f,-0.02706692481234638f,0.02888172199868517f,-0.9992163067702576f,0.955971810349683f,0f,0f,0f,1f], start_interpolation: 0, interpolation_duration: 1 }
$data merge entity $(bone_right_index_finger) { transformation: [-0.9965491251724581f,0.07694336401089216f,0.03113775606391766f,-2.617231640136102f,0.0784679724423378f,0.9956046859425801f,0.051128139316473586f,-1.3453297112791924f,-0.02706692481234638f,0.05339501909226706f,-0.9982065685605056f,0.38099238593313833f,0f,0f,0f,1f], start_interpolation: 0, interpolation_duration: 1 }
$data merge entity $(bone_right_thumb) { transformation: [-0.977647331204368f,-0.17369923002299353f,-0.11846633816572573f,-2.319117230170702f,-0.18085170706576373f,0.9821089891316847f,0.05248422161125531f,-1.489715991232013f,0.107230386739842f,0.07273589867568396f,-0.9915700344420785f,-0.4047580451300339f,0f,0f,0f,1f], start_interpolation: 0, interpolation_duration: 1 }
$data merge entity $(bone_right_hand) { transformation: [-0.9956876959777251f,0.06193421437484011f,0.06906638233135388f,-2.917325370929532f,0.07296357031641426f,0.9826129765554495f,0.17072801677381758f,-1.312847630774994f,-0.05729161793186744f,0.17503111550410294f,-0.9828945920698406f,-0.36222900632490873f,0f,0f,0f,1f], start_interpolation: 0, interpolation_duration: 1 }
$data merge entity $(bone_right_forearm) { transformation: [-1.9927009012007204f,0.12986218203906427f,0.13268648859794324f,-2.70698860542203f,0.14602427338581223f,1.9795663688451424f,0.255579097631171f,-0.15305563828755187f,-0.11465950533010667f,0.26415824280130085f,-1.980505085281062f,-2.263679319019009f,0f,0f,0f,1f], start_interpolation: 0, interpolation_duration: 1 }
$data merge entity $(bone_right_bicep) { transformation: [-1.289793203107825f,0.028088219029231545f,0.011839285440179079f,-1.7724605808536391f,0.02837612331830401f,1.2894391289795037f,0.0322048411440576f,1.4041113323966925f,-0.011131592581141523f,0.03245624931281333f,-1.2896969810921723f,-1.854130449633499f,0f,0f,0f,1f], start_interpolation: 0, interpolation_duration: 1 }
$data merge entity $(bone_right_shoulder) { transformation: [-1.232432552422648f,0.026839058686145292f,0.011312759858512293f,-1.365511769018418f,0.027114159079743308f,1.2320942249445204f,0.030772603294776987f,1.5118019259576483f,-0.0106365400470779f,0.031012830650893414f,-1.232340609664643f,-1.8220121115825303f,0f,0f,0f,1f], start_interpolation: 0, interpolation_duration: 1 }
$data merge entity $(bone_chest) { transformation: [-4.065705909390433f,-0.11931521992780178f,-0.015282730983074748f,0.004918104946438538f,-0.11957588877416757f,4.065044109245991f,0.07451323327661363f,1.7300228189712201f,0.013087795711602727f,0.07492992328200679f,-4.066773714066885f,-1.226443803887585f,0f,0f,0f,1f], start_interpolation: 0, interpolation_duration: 1 }
$data merge entity $(bone_weist) { transformation: [-1.0995188673909f,-0.0322672958647867f,-0.004133021776695481f,-0.010347183181512494f,-0.032337790465504924f,1.0993398918915718f,0.02015116382833003f,1.960695580742784f,0.0035394292253721885f,0.02026385238303459f,-1.0998076416934723f,-3.8610564159229988f,0f,0f,0f,1f], start_interpolation: 0, interpolation_duration: 1 }
$data merge entity $(bone_right_fingers2) { transformation: [-0.9797603112379004f,0.0016702910469083114f,-0.2001672866650068f,0.8335630501083858f,0.030426253655130908f,0.9895889001495061f,-0.14067001027015105f,-1.0735729845056499f,0.19784836519801227f,-0.14391323368165063f,-0.969610749507123f,-5.390475513048872f,0f,0f,0f,1f], start_interpolation: 0, interpolation_duration: 1 }
$data merge entity $(bone_left_foot) { transformation: [-0.9762221308384091f,-0.08405628607840407f,-0.19981214185334542f,0.7963051497863888f,-0.06730085685544702f,0.9937347504949418f,-0.08922914504397289f,-0.08594700221397034f,0.20606053947284173f,-0.07365993775086438f,-0.9757629156935103f,-5.267842435979994f,0f,0f,0f,1f], start_interpolation: 0, interpolation_duration: 1 }
$data merge entity $(bone_left_knee) { transformation: [-1.5473259071923986f,-0.21065999351679598f,-0.2714310457496553f,1.2309799863594604f,-0.10667281154468898f,1.4848093457693883f,-0.5442720151974192f,0.05374123856494517f,0.32660887425543f,-0.5130628444756177f,-1.46368134148462f,-3.2408424604058155f,0f,0f,0f,1f], start_interpolation: 0, interpolation_duration: 1 }
$data merge entity $(bone_left_thigh) { transformation: [-1.565521874192784f,-0.1754683655226934f,-0.3000935314794665f,0.809797982868382f,-0.10792724343242713f,1.5612951901635297f,-0.349875767678209f,1.6293169587356497f,0.3304496709940875f,-0.3213599156462002f,-1.5359800887599022f,-4.574371541780178f,0f,0f,0f,1f], start_interpolation: 0, interpolation_duration: 1 }
$data merge entity $(bone_left_leg) { transformation: [-0.9762221308384091f,-0.10115120216581787f,-0.19172580828288555f,0.515646229857637f,-0.06730085685544702f,0.9821764573415387f,-0.17549929148161053f,1.850402575000289f,0.20606053947284173f,-0.15842298111206754f,-0.9656299566229949f,-4.8630401041995155f,0f,0f,0f,1f], start_interpolation: 0, interpolation_duration: 1 }
$data merge entity $(bone_left_fingers2) { transformation: [-0.9842922825332785f,-0.051197046422120134f,0.16896024675372612f,-0.8502980880688187f,-0.06918084393479965f,0.9923422889592547f,-0.10232688979723698f,-0.9833339219137556f,-0.16242756347953272f,-0.1124083803849083f,-0.9802967115324546f,-4.782286699189226f,0f,0f,0f,1f], start_interpolation: 0, interpolation_duration: 1 }
$data merge entity $(bone_right_foot) { transformation: [-0.9820865165141566f,0.07075069732060033f,0.17464367411886988f,-0.8210063009285028f,0.025894394842487112f,0.9687137358752994f,-0.24682621060629276f,0.011256493140345547f,-0.18664285252007531f,-0.2378824011043469f,-0.9531927448569886f,-4.824286712451452f,0f,0f,0f,1f], start_interpolation: 0, interpolation_duration: 1 }
$data merge entity $(bone_right_knee) { transformation: [-1.5566210415672554f,0.1799641485586261f,0.23835634398452493f,-1.1999654134312059f,0.04104298266260234f,1.3818506830454242f,-0.7752896696558513f,0.5078219261812575f,-0.2958315653513967f,-0.7552294376773793f,-1.3617569863750578f,-2.847391984871776f,0f,0f,0f,1f], start_interpolation: 0, interpolation_duration: 1 }
$data merge entity $(bone_right_thigh) { transformation: [-1.5749263158296487f,0.16934614406928616f,0.25026585205981366f,-0.8217821578473457f,0.04152563260380393f,1.4368498082404608f,-0.7109446278771049f,1.6976668951297336f,-0.29931043258666046f,-0.6917286502374509f,-1.4154959388484911f,-4.509692370147265f,0f,0f,0f,1f], start_interpolation: 0, interpolation_duration: 1 }
$data merge entity $(bone_right_leg) { transformation: [-0.9820865165141566f,0.09869247775008681f,0.16051750345877497f,-0.5353838554813244f,0.025894394842487112f,0.9144702188678822f,-0.4038238466453772f,1.819490881094313f,-0.18664285252007531f,-0.39243345122361356f,-0.9006444536907409f,-4.859656763802982f,0f,0f,0f,1f], start_interpolation: 0, interpolation_duration: 1 }