# This file was generated by Animated Java via MC-Build. It is not recommended to edit this file directly.
$data merge entity $(bone_neck) { transformation: [-0.9998690096150089f,-0.015046986479949625f,-0.005962533804797532f,-0.00659179687499984f,-0.015567439562052306f,0.9948788020701658f,0.0998690343245281f,2.2072029043138546f,0.004429270479773036f,0.09994877382591622f,-0.9949827255654808f,-1.2510489743317512f,0f,0f,0f,1f], start_interpolation: 0, interpolation_duration: 1 }
$data merge entity $(bone_left_fingers_2) { transformation: [-0.8011275741742678f,-0.17864213501625575f,-0.5712106419653675f,4.379506443863378f,0.586152100855057f,-0.041372960586896136f,-0.8091439876780141f,4.9752837640897445f,0.12091453411751846f,-0.9830438778249472f,0.137856482292399f,-2.9436112230928098f,0f,0f,0f,1f], start_interpolation: 0, interpolation_duration: 1 }
$data merge entity $(bone_left_fingers) { transformation: [-0.8011275741742678f,-0.17864213501625575f,-0.5712106419653675f,4.060287426711105f,0.586152100855057f,-0.041372960586896136f,-0.8091439876780141f,4.500657475860523f,0.12091453411751846f,-0.9830438778249472f,0.137856482292399f,-2.8715103860120594f,0f,0f,0f,1f], start_interpolation: 0, interpolation_duration: 1 }
$data merge entity $(bone_left_index_finger_2) { transformation: [-0.982480692693603f,-0.17960815858270376f,-0.0497252235271845f,3.6585480349035246f,0.05760940439072365f,-0.0389474457168459f,-0.9975791963537929f,5.2199046499802355f,0.1772366920534352f,-0.9829669403609992f,0.048612232486197754f,-2.821212262200376f,0f,0f,0f,1f], start_interpolation: 0, interpolation_duration: 1 }
$data merge entity $(bone_left_index_finger) { transformation: [-0.982480692693603f,-0.17960815858270376f,-0.0497252235271845f,3.628851379903242f,0.05760940439072365f,-0.0389474457168459f,-0.9975791963537929f,4.644752650445306f,0.1772366920534352f,-0.9829669403609992f,0.048612232486197754f,-2.7988818186216453f,0f,0f,0f,1f], start_interpolation: 0, interpolation_duration: 1 }
$data merge entity $(bone_left_thumb) { transformation: [-0.9808644727855769f,-0.17261930108608173f,0.09004145111905643f,3.199076823258731f,-0.06797599660894665f,-0.12973733077179095f,-0.9892155927244735f,4.009107487381623f,0.18243944176655782f,-0.9764070882048963f,0.11552076952281476f,-2.426897415294903f,0f,0f,0f,1f], start_interpolation: 0, interpolation_duration: 1 }
$data merge entity $(bone_left_hand) { transformation: [-0.9366318519573702f,-0.17981006208061565f,-0.30064782632421033f,3.756750757208167f,0.312825345095865f,-0.04302782133796679f,-0.9488355548020747f,3.863514512913624f,0.1576739590565302f,-0.9827598629194589f,0.09655037270754846f,-2.669274363294293f,0f,0f,0f,1f], start_interpolation: 0, interpolation_duration: 1 }
$data merge entity $(bone_left_forearm) { transformation: [-1.8745086437513006f,-0.5736067318977757f,-0.4031266488014777f,3.0694454055422877f,0.62606648721292f,-0.8515709785676633f,-1.6994664031397861f,1.7458728251801108f,0.31555749308363973f,-1.7178825975408105f,0.9770472265842141f,-2.4500250492638873f,0f,0f,0f,1f], start_interpolation: 0, interpolation_duration: 1 }
$data merge entity $(bone_left_bicep) { transformation: [-0.3627985380903935f,-1.0530099158514639f,0.6511858117227969f,1.3341122369157652f,0.1282407644903996f,-0.7068786563199075f,-1.0716214327239781f,1.2722750188586198f,1.2314329663418562f,-0.236618481672431f,0.3034471404522415f,-1.965322521597995f,0f,0f,0f,1f], start_interpolation: 0, interpolation_duration: 1 }
$data merge entity $(bone_left_shoulder) { transformation: [-0.3466638894022531f,-1.0061796691067584f,0.6222257879086132f,1.111594121561642f,0.12253754503024948f,-0.6754418185506641f,-1.023963480642112f,1.2695719230024372f,1.1766677558768406f,-0.22609540708949366f,0.28995201163395f,-1.6065543950220587f,0f,0f,0f,1f], start_interpolation: 0, interpolation_duration: 1 }
$data merge entity $(bone_right_fingers_2) { transformation: [-0.9767326952417311f,-0.05250469534625659f,-0.2079338813479423f,-1.8508273226039766f,-0.1988626810630838f,0.5847338238008191f,0.7864731332878923f,-3.1770027084151224f,0.08029244127703151f,0.8095243123401973f,-0.5815698682049347f,2.5448501030113775f,0f,0f,0f,1f], start_interpolation: 0, interpolation_duration: 1 }
$data merge entity $(bone_right_fingers) { transformation: [-0.9767326952417311f,-0.05250469534625659f,-0.2079338813479423f,-1.9843987281372226f,-0.1988626810630838f,0.5847338238008191f,0.7864731332878923f,-2.7230901304798394f,0.08029244127703151f,0.8095243123401973f,-0.5815698682049347f,2.215463098498753f,0f,0f,0f,1f], start_interpolation: 0, interpolation_duration: 1 }
$data merge entity $(bone_right_index_finger_2) { transformation: [-0.7692603583276098f,-0.05159941103495071f,-0.6368484920972362f,-1.1825529283201948f,-0.5385543365087282f,0.5886874803141967f,0.602831881330911f,-2.9382285657349203f,0.3437989641248514f,0.8067121861619349f,-0.4806430286236458f,2.4173921436605745f,0f,0f,0f,1f], start_interpolation: 0, interpolation_duration: 1 }
$data merge entity $(bone_right_index_finger) { transformation: [-0.7692603583276098f,-0.05159941103495071f,-0.6368484920972362f,-1.5498811157198018f,-0.5385543365087282f,0.5886874803141967f,0.602831881330911f,-2.5873981764325698f,0.3437989641248514f,0.8067121861619349f,-0.4806430286236458f,2.145053378000347f,0f,0f,0f,1f], start_interpolation: 0, interpolation_duration: 1 }
$data merge entity $(bone_right_thumb) { transformation: [-0.6140389833691057f,-0.12262531061704866f,-0.7796917083688317f,-1.5398072668623564f,-0.6552622473767822f,0.6298876767084802f,0.41698069726729803f,-2.0875378214394393f,0.43998581120959335f,0.7669449445213558f,-0.4671273252630064f,1.4542846162146585f,0f,0f,0f,1f], start_interpolation: 0, interpolation_duration: 1 }
$data merge entity $(bone_right_hand) { transformation: [-0.9433195966357253f,-0.054204074331481306f,-0.32742946863237526f,-2.1020378997103393f,-0.29458735505980094f,0.5911485015485476f,0.7508406883991954f,-2.220585499969615f,0.15286081525977527f,0.8047393164514668f,-0.5736098009233653f,1.6933225765215223f,0f,0f,0f,1f], start_interpolation: 0, interpolation_duration: 1 }
$data merge entity $(bone_right_forearm) { transformation: [-1.8918828654218638f,-0.4047032269536829f,-0.5121731092540829f,-2.7940443671375537f,-0.46704204462566135f,1.9362575206519221f,0.19520582598200031f,-1.1372732638120802f,0.4560457480358748f,0.30405408077956947f,-1.924811721672084f,-0.13764273184368825f,0f,0f,0f,1f], start_interpolation: 0, interpolation_duration: 1 }
$data merge entity $(bone_right_bicep) { transformation: [-1.2819392298860073f,0.10845644982428379f,0.0967710332790454f,-1.7501401431724009f,0.0564342308026494f,1.162938200549254f,-0.5557747230740957f,0.180748163907484f,-0.13395003540161837f,-0.54800325154682f,-1.1602781769132473f,-0.8701530878495862f,0f,0f,0f,1f], start_interpolation: 0, interpolation_duration: 1 }
$data merge entity $(bone_right_shoulder) { transformation: [-1.224927866988502f,0.10363309324438012f,0.09246735930790966f,-1.340039126500901f,0.05392444536421055f,1.1112191406802607f,-0.5310578927534764f,0.2798406656653136f,-0.12799290896349977f,-0.5236320399366357f,-1.1086774156104366f,-0.8548553999477381f,0f,0f,0f,1f], start_interpolation: 0, interpolation_duration: 1 }
$data merge entity $(bone_chest) { transformation: [-3.6279445245779143f,-1.7460637635477596f,0.5776799160742624f,-0.28002929687499983f,-1.464611437578379f,1.9701741062595852f,-3.2431098583248517f,1.3418822174150817f,1.1123695827937436f,-3.10066275977809f,-2.385992159799691f,-1.0246991816620121f,0f,0f,0f,1f], start_interpolation: 0, interpolation_duration: 1 }
$data merge entity $(bone_weist) { transformation: [-1.0999999999999999f,7.711660338267031e-17f,1.1045416629954885e-16f,-0.05053710937499959f,0f,0.901926713697789f,-0.6297048539739124f,-0.6606922511112837f,-1.3471114790620883e-16f,-0.6297048539739124f,-0.901926713697789f,-2.8444120383705194f,0f,0f,0f,1f], start_interpolation: 0, interpolation_duration: 1 }
$data merge entity $(bone_right_fingers2) { transformation: [-0.7660681591582529f,0.055962786814291954f,-0.6403184692134563f,1.5319304657722153f,0.056318772859959176f,0.9982152283272914f,0.019863377332224652f,-3.8970779151324315f,0.6402872568991468f,-0.0208452495181064f,-0.7678526578876275f,-2.4388273464428902f,0f,0f,0f,1f], start_interpolation: 0, interpolation_duration: 1 }
$data merge entity $(bone_left_foot) { transformation: [-0.7660681591582529f,-0.42219432680671065f,-0.48465609037348745f,1.2208581749751426f,0.056318772859959176f,0.7070345617803749f,-0.7049328508954464f,-3.0663843081792685f,0.6402872568991468f,-0.567321847684594f,-0.5178591988101631f,-2.8916123560123284f,0f,0f,0f,1f], start_interpolation: 0, interpolation_duration: 1 }
$data merge entity $(bone_left_knee) { transformation: [-1.2142288848980856f,-0.8498287237538716f,-0.5618801152345979f,2.2527145992692867f,0.08926605283231748f,0.7820593100342337f,-1.3757487837299893f,-1.6240250580792859f,1.014864372921287f,-1.085561736800663f,-0.5512494251275352f,-1.808996989211462f,0f,0f,0f,1f], start_interpolation: 0, interpolation_duration: 1 }
$data merge entity $(bone_left_thigh) { transformation: [-1.2285077569946625f,-0.7796446642420416f,-0.6742602628317702f,0.9057527520298041f,0.09031578782611639f,0.9635563227868945f,-1.2787127452238274f,-1.3195802288454832f,1.026798793817173f,-1.0175546294167324f,-0.6942411876857246f,-3.3999526985136868f,0f,0f,0f,1f], start_interpolation: 0, interpolation_duration: 1 }
$data merge entity $(bone_left_leg) { transformation: [-0.7660681591582529f,-0.46736522171497f,-0.4412587960088758f,0.47520789062500063f,0.056318772859959176f,0.635059882375105f,-0.7704071271874802f,-1.350062760875905f,0.6402872568991468f,-0.6150355236317938f,-0.46017771928194334f,-3.5800515047467907f,0f,0f,0f,1f], start_interpolation: 0, interpolation_duration: 1 }
$data merge entity $(bone_left_fingers2) { transformation: [-0.959942840741644f,0.004187770174510039f,0.28016460356338413f,-1.3667437199053398f,0.01968267947297804f,0.9984261028815276f,0.052515799656574214f,-3.8391369818877736f,-0.2795037292016454f,0.05592655599776297f,-0.958514416008754f,-2.2312862795043547f,0f,0f,0f,1f], start_interpolation: 0, interpolation_duration: 1 }
$data merge entity $(bone_right_foot) { transformation: [-0.9540235930557872f,0.26450338519925787f,0.1409856131350244f,-1.141560504414607f,0.053911498576540276f,0.6141300003508794f,-0.7873613484228575f,-3.0820293733870026f,-0.2948432366769797f,-0.7435605569737826f,-0.6001542834127578f,-2.8378443494670647f,0f,0f,0f,1f], start_interpolation: 0, interpolation_duration: 1 }
$data merge entity $(bone_right_knee) { transformation: [-1.5121409103276577f,0.43401944390999364f,0.1932017032935539f,-1.5516280521181867f,0.08545048899004618f,0.8825463667967224f,-1.3138036508243136f,-1.7321705936035396f,-0.46733070707886576f,-1.242983886177127f,-0.8653686945222844f,-1.3186255096898125f,0f,0f,0f,1f], start_interpolation: 0, interpolation_duration: 1 }
$data merge entity $(bone_right_thigh) { transformation: [-1.5299231150825565f,0.4126510402859162f,0.24649217918252164f,-0.9000556970265943f,0.08645535439726405f,1.045207363655091f,-1.2131657150481663f,-1.3011918693975955f,-0.47282633930782736f,-1.144099951675218f,-1.0193991205335788f,-3.2452046025861456f,0f,0f,0f,1f], start_interpolation: 0, interpolation_duration: 1 }
$data merge entity $(bone_right_leg) { transformation: [-0.9540235930557872f,0.2503698534711949f,0.1647844663969822f,-0.5762821093749995f,0.053911498576540276f,0.6841441852189032f,-0.7273515547191707f,-1.350062760875905f,-0.2948432366769797f,-0.6850267661222993f,-0.666187507749783f,-3.5800515047467907f,0f,0f,0f,1f], start_interpolation: 0, interpolation_duration: 1 }