# This file was generated by Animated Java via MC-Build. It is not recommended to edit this file directly.
$data merge entity $(bone_neck) { transformation: [-0.9698822817297083f,0.2222473760519309f,0.09967177847719208f,0.10026041666666685f,0.23924719301980993f,0.9460290054124573f,0.21860901525430987f,2.2970985696101733f,-0.04570711343890195f,0.23587120374549497f,-0.970708831228363f,-1.2584999442974318f,0f,0f,0f,1f], start_interpolation: 0, interpolation_duration: 1 }
$data merge entity $(bone_left_fingers_2) { transformation: [0.1704750279980935f,-0.5066550812311924f,0.8451265547192701f,-2.884048964130195f,0.9749135864422798f,0.2112957714237231f,-0.06998282609830164f,-0.021898472947742206f,-0.1431145128884579f,0.835855684697465f,0.5299655748816443f,-0.3009639970682096f,0f,0f,0f,1f], start_interpolation: 0, interpolation_duration: 1 }
$data merge entity $(bone_left_fingers) { transformation: [0.1704750279980935f,-0.5066550812311924f,0.8451265547192701f,-2.402258758122566f,0.9749135864422798f,0.2112957714237231f,-0.06998282609830164f,-0.07441395433826653f,-0.1431145128884579f,0.835855684697465f,0.5299655748816443f,0.011269484011420638f,0f,0f,0f,1f], start_interpolation: 0, interpolation_duration: 1 }
$data merge entity $(bone_left_index_finger_2) { transformation: [0.6019285712540234f,-0.5066550812311924f,0.6172378988450922f,-2.561876616724641f,0.7807886759888163f,0.2112957714237231f,-0.5879822619995309f,0.6812339601125049f,0.167484442727441f,0.835855684697465f,0.5227755118626072f,-0.28342347272038815f,0f,0f,0f,1f], start_interpolation: 0, interpolation_duration: 1 }
$data merge entity $(bone_left_index_finger) { transformation: [0.6019285712540234f,-0.5066550812311924f,0.6172378988450922f,-2.209079596526674f,0.7807886759888163f,0.2112957714237231f,-0.5879822619995309f,0.3435891343880232f,0.167484442727441f,0.835855684697465f,0.5227755118626072f,0.02269839320652617f,0f,0f,0f,1f], start_interpolation: 0, interpolation_duration: 1 }
$data merge entity $(bone_left_thumb) { transformation: [0.6781520323326551f,-0.45832860597282715f,0.57449517838716f,-1.3881477465734586f,0.6963234346185991f,0.15070976327112687f,-0.7017266146126413f,0.24756112176256295f,0.2350393487143106f,0.8759117856278487f,0.42134908134964133f,0.23239545495797365f,0f,0f,0f,1f], start_interpolation: 0, interpolation_duration: 1 }
$data merge entity $(bone_left_hand) { transformation: [0.4193848827047862f,-0.5066550812311924f,0.7532708336457127f,-1.7552529770331669f,0.9074693920787831f,0.2112957714237231f,-0.3631162340334256f,-0.25277046689203764f,0.024811743164408206f,0.835855684697465f,0.548388230873052f,0.30885568583694856f,0f,0f,0f,1f], start_interpolation: 0, interpolation_duration: 1 }
$data merge entity $(bone_left_forearm) { transformation: [0.8393271978161676f,1.2157730919757637f,1.3500903959307493f,0.1828089144446583f,1.8161449622245376f,-0.602094296858118f,-0.5868716786726511f,-1.1113977617994724f,0.04965646527077244f,1.4712908209695714f,-1.3557861147460515f,-0.40636490880469134f,0f,0f,0f,1f], start_interpolation: 0, interpolation_duration: 1 }
$data merge entity $(bone_left_bicep) { transformation: [-0.40773085638051404f,1.195901767991136f,0.2609025365572359f,1.2950767849984899f,0.9930034261217761f,0.4839608045588953f,-0.6664996315619627f,0.3663296010716124f,-0.7156782573033345f,-0.009824687144829498f,-1.0734075326067356f,-0.6185245755291162f,0f,0f,0f,1f], start_interpolation: 0, interpolation_duration: 1 }
$data merge entity $(bone_left_shoulder) { transformation: [-0.38959794393373043f,1.1427167276278936f,0.24929948327220072f,1.2706999523625258f,0.9488418329937391f,0.4624377366835722f,-0.6368585600663883f,0.7351218539429978f,-0.6838500770793757f,-0.009387756289520438f,-1.0256701477512926f,-0.8225692551643662f,0f,0f,0f,1f], start_interpolation: 0, interpolation_duration: 1 }
$data merge entity $(bone_right_fingers_2) { transformation: [0.19057500330102894f,-0.571822840302616f,0.797934713761133f,-3.7975251821509826f,0.6683956101486493f,0.6709018897738521f,0.3211509966229104f,2.8405050493443116f,-0.7189773824334301f,0.4721327076216211f,0.510061006099319f,-6.057645949818903f,0f,0f,0f,1f], start_interpolation: 0, interpolation_duration: 1 }
$data merge entity $(bone_right_fingers) { transformation: [0.19057500330102894f,-0.571822840302616f,0.797934713761133f,-3.338342190979888f,0.6683956101486493f,0.6709018897738521f,0.3211509966229104f,3.038663785950588f,-0.7189773824334301f,0.4721327076216211f,0.510061006099319f,-5.770839668068395f,0f,0f,0f,1f], start_interpolation: 0, interpolation_duration: 1 }
$data merge entity $(bone_right_index_finger_2) { transformation: [-0.20382070755143844f,-0.571822840302616f,0.7946544900027178f,-3.8315022577679096f,0.4412793181830226f,0.6709018897738521f,0.5959557178530974f,2.40566585445476f,-0.8739162903374424f,0.4721327076216211f,0.11558989521891411f,-5.480889530873818f,0f,0f,0f,1f], start_interpolation: 0, interpolation_duration: 1 }
$data merge entity $(bone_right_index_finger) { transformation: [-0.20382070755143844f,-0.571822840302616f,0.7946544900027178f,-3.37683312985425f,0.4412793181830226f,0.6709018897738521f,0.5959557178530974f,2.753008919303489f,-0.8739162903374424f,0.4721327076216211f,0.11558989521891411f,-5.411541553099552f,0f,0f,0f,1f], start_interpolation: 0, interpolation_duration: 1 }
$data merge entity $(bone_right_thumb) { transformation: [-0.37283047186636425f,-0.5059565992924873f,0.7778209041162917f,-2.6225646526781317f,0.3001195199192947f,0.7274491708650499f,0.6170461713447086f,2.7276086615659274f,-0.8780237542409177f,0.46349285155235487f,-0.11936776595275167f,-5.014606759425732f,0f,0f,0f,1f], start_interpolation: 0, interpolation_duration: 1 }
$data merge entity $(bone_right_hand) { transformation: [0.08355688147195284f,-0.571822840302616f,0.8161108300144844f,-2.697560398982273f,0.6201434921331223f,0.6709018897738521f,0.40658664939076644f,3.178694286712096f,-0.7800258308053762f,0.4721327076216211f,0.4106706827498878f,-5.441035548985434f,0f,0f,0f,1f], start_interpolation: 0, interpolation_duration: 1 }
$data merge entity $(bone_right_forearm) { transformation: [0.9755208156844308f,1.1533568728663643f,1.3128038064405756f,-0.8403437619957242f,-0.2558028588740594f,1.58156499466462f,-1.1993931120653978f,2.674943353081705f,-1.7286557805950848f,0.41682953792885585f,0.9183295164328404f,-4.300047524257076f,0f,0f,0f,1f], start_interpolation: 0, interpolation_duration: 1 }
$data merge entity $(bone_right_bicep) { transformation: [0.9573383701907787f,0.7732706708833603f,0.38736460605374357f,-0.5164643202406812f,0.5651238550317595f,-0.12186843169064425f,-1.1533771011002498f,2.0006767875166753f,-0.6547013799783965f,1.0255223929393111f,-0.42914513645796204f,-2.627928611870037f,0f,0f,0f,1f], start_interpolation: 0, interpolation_duration: 1 }
$data merge entity $(bone_right_shoulder) { transformation: [0.9147629001792197f,0.7388811976478398f,0.37013743676636407f,-0.754205252843449f,0.5399912431027856f,-0.11644860739407212f,-1.102083249616864f,1.835268856918727f,-0.625585009176042f,0.9799145919294457f,-0.4100598720866705f,-2.320754959850148f,0f,0f,0f,1f], start_interpolation: 0, interpolation_duration: 1 }
$data merge entity $(bone_chest) { transformation: [-2.9964692956509156f,2.185378181826204f,1.6702479420266638f,0.11472800925925941f,1.6280054526225687f,3.399950970327337f,-1.5278631715001134f,1.6671675154200831f,-2.217025988047387f,-0.4570446662999085f,-3.3793993795576034f,-1.0971958351113815f,0f,0f,0f,1f], start_interpolation: 0, interpolation_duration: 1 }
$data merge entity $(bone_weist) { transformation: [-1.0999999999999999f,6.735557395310441e-17f,1.1666327625973975e-16f,0.7686631944444449f,0f,0.9526279441628823f,-0.5499999999999999f,0.9456079588750391f,-1.3471114790620883e-16f,-0.5499999999999999f,-0.9526279441628823f,-3.7272055458824136f,0f,0f,0f,1f], start_interpolation: 0, interpolation_duration: 1 }
$data merge entity $(bone_right_fingers2) { transformation: [-0.7710792531368632f,-0.026326156578916682f,-0.6361947177253829f,2.2937154186267352f,0.00017746896920617372f,0.9991359941472533f,-0.04156000125294296f,-2.359058437313114f,0.6367391568661869f,-0.03215895954725556f,-0.7704083640733501f,-3.657440792534186f,0f,0f,0f,1f], start_interpolation: 0, interpolation_duration: 1 }
$data merge entity $(bone_left_foot) { transformation: [-0.7710792531368632f,-0.40669407281588305f,-0.4899354207631109f,1.9988460496113154f,0.00017746896920617372f,0.7693071395855142f,-0.6388790914465108f,-1.4805779751770276f,0.6367391568661869f,-0.49271336101143365f,-0.5931245990465699f,-4.022346583783114f,0f,0f,0f,1f], start_interpolation: 0, interpolation_duration: 1 }
$data merge entity $(bone_left_knee) { transformation: [-1.2221715398446809f,-0.8236382294409293f,-0.5832552637834658f,3.0480426202440523f,0.00028129083033551574f,0.9157253842164932f,-1.2937220915293406f,-0.18969087464600976f,1.009240584104295f,-0.9976657738135523f,-0.705950675112543f,-2.777364267043402f,0f,0f,0f,1f], start_interpolation: 0, interpolation_duration: 1 }
$data merge entity $(bone_left_thigh) { transformation: [-1.2365438145571077f,-0.7491693520549941f,-0.6938362127571379f,1.7236762088593756f,0.0002845987040307111f,1.0894180861907914f,-1.1768059168763052f,0.32236228168112735f,1.0211088713723167f,-0.907533761869499f,-0.8398947299411161f,-4.333638058642693f,0f,0f,0f,1f], start_interpolation: 0, interpolation_duration: 1 }
$data merge entity $(bone_left_leg) { transformation: [-0.7710792531368632f,-0.4478471645795164f,-0.45262534458422116f,1.2944081944444452f,0.00017746896920617372f,0.7106977119182459f,-0.7034974987723372f,0.3218953145992578f,0.6367391568661869f,-0.5425326528903651f,-0.5479247819373387f,-4.5192785611998225f,0f,0f,0f,1f], start_interpolation: 0, interpolation_duration: 1 }
$data merge entity $(bone_left_fingers2) { transformation: [-0.959921973619044f,0.037515329610760595f,0.27774521527384743f,-0.4800900903652409f,0.04204415224119468f,0.9990619829735717f,0.010365492715455227f,-2.4096950370689356f,-0.27709582065711325f,0.021627626340190442f,-0.9605988506932798f,-3.6286003249258414f,0f,0f,0f,1f], start_interpolation: 0, interpolation_duration: 1 }
$data merge entity $(bone_right_foot) { transformation: [-0.9550673023949308f,0.2464309418031602f,0.16467616347874234f,-0.2772884414999982f,0.07820930118086791f,0.7454541821030617f,-0.6619526928669871f,-1.549483106234772f,-0.28588416029026553f,-0.6193301650227148f,-0.7312321065079587f,-4.0876635328759985f,0f,0f,0f,1f], start_interpolation: 0, interpolation_duration: 1 }
$data merge entity $(bone_right_knee) { transformation: [-1.5137952044160825f,0.41140174107677485f,0.2268096008988536f,-0.7218663146923852f,0.1239628503367757f,1.0879322707507244f,-1.1459958527540937f,-0.48233525199789107f,-0.453130444085675f,-1.0767645472582197f,-1.0712239816884923f,-2.366662087775612f,0f,0f,0f,1f], start_interpolation: 0, interpolation_duration: 1 }
$data merge entity $(bone_right_thigh) { transformation: [-1.5315968630433052f,0.38272594937855f,0.2818437693107751f,-0.08226364681220588f,0.1254206065363694f,1.2426505876893794f,-1.0058793177525822f,0.3014636025891293f,-0.4584590865966852f,-0.9386396423008346f,-1.2167476736486513f,-4.1828570053468725f,0f,0f,0f,1f], start_interpolation: 0, interpolation_duration: 1 }
$data merge entity $(bone_right_leg) { transformation: [-0.9550673023949308f,0.23076547707513392f,0.1859939313159325f,0.24291819444444507f,0.07820930118086791f,0.8015096982406139f,-0.5928452655078223f,0.3218953145992578f,-0.28588416029026553f,-0.5516606730740609f,-0.7835437120407538f,-4.5192785611998225f,0f,0f,0f,1f], start_interpolation: 0, interpolation_duration: 1 }