execute if entity @s[tag=aj.attack.bone.right_thumb_2] run data modify entity @s {} merge value {transformation:[-0.6161755028757768f,0.49500471547799796f,-0.6126157697205725f,-5.182355082048337f,0.7020910729279105f,0.6977003480117243f,-0.14241611460524467f,0.7704026187413253f,0.35692558744186276f,-0.5178653840901755f,-0.7774442545870515f,0.06774616110821018f,0f,0f,0f,1f],start_interpolation:0}
execute if entity @s[tag=aj.attack.bone.right_thumb] run data modify entity @s {} merge value {transformation:[-0.6161755028757768f,0.4108074778008839f,-0.6719858375283363f,-5.155538718251889f,0.7020910729279105f,0.6731423916647462f,-0.2322658947387687f,1.0669565487373796f,0.35692558744186276f,-0.6149118121541833f,-0.7031981145470596f,-0.055831503246060926f,0f,0f,0f,1f],start_interpolation:0}
execute if entity @s[tag=aj.attack.bone.right_fingers2] run data modify entity @s {} merge value {transformation:[0.5601545585130019f,-0.6672251275692845f,-0.4909557003613012f,-5.466084571358781f,-0.7614731212634142f,-0.6480859600682283f,0.011969709929502359f,0.4133551698077478f,-0.3261679876543029f,0.36714468197509653f,-0.8711023053160563f,-0.08364156867819025f,0f,0f,0f,1f],start_interpolation:0}
execute if entity @s[tag=aj.attack.bone.right_fingers] run data modify entity @s {} merge value {transformation:[-0.5598186603371842f,-0.6675069796047263f,-0.4909557003613012f,-5.759055979072526f,-0.770468497943293f,0.6373656875932446f,0.011969709929502359f,0.7501837109356808f,0.30492845261681695f,0.3849667679914279f,-0.8711023053160563f,0.0767789947165019f,0f,0f,0f,1f],start_interpolation:0}
execute if entity @s[tag=aj.attack.locator_origin.right_hand] at @s on origin run tp @s ^-5.66345 ^0.59336 ^0.01361 ~-29.40573 ~0.68583
execute if entity @s[tag=aj.attack.bone.right_hand] run data modify entity @s {} merge value {transformation:[-0.6161755028757768f,0.6158654479174226f,-0.4909557003613012f,-5.3776987659587885f,0.7020910729279105f,0.7119865527937581f,0.011969709929502359f,1.2964153207790037f,0.35692558744186276f,-0.33732017239165146f,-0.8711023053160563f,-0.16422744327216576f,0f,0f,0f,1f],start_interpolation:0}
execute if entity @s[tag=aj.attack.bone.right_forearm] run data modify entity @s {} merge value {transformation:[-0.9275469562644072f,0.9270802214923269f,-0.7390499352951271f,-4.0115069875436f,1.0568781697346772f,1.0717741241949004f,0.01801835347341951f,2.811764518102984f,0.5372904971058696f,-0.5077778940061809f,-1.3112957073428309f,-0.9071497695206348f,0f,0f,0f,1f],start_interpolation:0}
execute if entity @s[tag=aj.attack.bone.right_bicep] run data modify entity @s {} merge value {transformation:[-0.5318848098516709f,1.3690023727418363f,0.5795129079845571f,-1.9626248555814803f,1.3142374045474627f,0.14534195199742397f,0.8628788556468231f,2.9696016266211513f,0.6948256987056858f,0.7730539298530501f,-1.1884902305031184f,0.1271909186654725f,0f,0f,0f,1f],start_interpolation:0}
execute if entity @s[tag=aj.attack.bone.right_shoulder] run data modify entity @s {} merge value {transformation:[-0.8792802332345169f,0.2619894169287299f,0.39777860281870053f,-1.6499195810853018f,0.39660136320496053f,0.8651936177204891f,0.3068344220580528f,3.03578764205789f,-0.26376813709586f,0.42755297832324407f,-0.8646530058814942f,0.3668195483800642f,0f,0f,0f,1f],start_interpolation:0}
execute if entity @s[tag=aj.attack.bone.left_thumb_2] run data modify entity @s {} merge value {transformation:[-0.5368650575953787f,-0.7591101627017091f,0.36814083013990084f,4.219719248279359f,-0.8263901313105279f,0.3853057116355572f,-0.4106322679156925f,1.2265611249782191f,0.16986836316889406f,-0.5246820651251588f,-0.8341783201032733f,-2.6841388894038376f,0f,0f,0f,1f],start_interpolation:0}
execute if entity @s[tag=aj.attack.bone.left_thumb] run data modify entity @s {} merge value {transformation:[-0.5368650575953787f,-0.7241359318644224f,0.4329007531940262f,4.091389603254935f,-0.8263901313105279f,0.3480505467694615f,-0.4426512936455141f,1.4482779747513816f,0.16986836316889406f,-0.5953889225341057f,-0.7852749646576015f,-2.8798630080637384f,0f,0f,0f,1f],start_interpolation:0}
execute if entity @s[tag=aj.attack.bone.left_fingers2] run data modify entity @s {} merge value {transformation:[0.0018631078962584313f,0.996266738366053f,0.08630825484525312f,4.554647816507249f,0.9669706427420622f,0.02020355626739556f,-0.25408579729916636f,0.8236743898666743f,-0.25488096222348555f,0.08393093791693533f,-0.963323046935146f,-2.848908015463117f,0f,0f,0f,1f],start_interpolation:0}
execute if entity @s[tag=aj.attack.bone.left_fingers] run data modify entity @s {} merge value {transformation:[-0.8618607504223375f,0.4997468679511778f,0.08630825484525312f,4.7510771163775525f,0.46598852839667837f,0.8475229194620904f,-0.25408579729916636f,1.2433502925592357f,-0.20012680551126336f,-0.17876791926809266f,-0.963323046935146f,-2.9504370057450138f,0f,0f,0f,1f],start_interpolation:0}
execute if entity @s[tag=aj.attack.bone.left_hand] run data modify entity @s {} merge value {transformation:[-0.5368650575953787f,-0.8392417977428659f,0.08630825484525312f,4.1954309600708015f,-0.8263901313105279f,0.5025134410972658f,-0.25408579729916636f,1.641875132180493f,0.16986836316889406f,-0.207734076255936f,-0.963323046935146f,-3.135698172545493f,0f,0f,0f,1f],start_interpolation:0}
execute if entity @s[tag=aj.attack.bone.left_forearm] run data modify entity @s {} merge value {transformation:[-0.8081586297625036f,-1.2633351560281039f,0.1299223333426592f,2.349928268442898f,-1.2439891677072346f,0.7564481395257464f,-0.3824827615101898f,2.6985728263697757f,0.2557078015720621f,-0.312708163898618f,-1.450118279473678f,-3.5741118429155425f,0f,0f,0f,1f],start_interpolation:0}
execute if entity @s[tag=aj.attack.bone.left_bicep] run data modify entity @s {} merge value {transformation:[-1.1485342460757768f,-0.41894500385010286f,-0.9991287841838149f,1.5963920636055666f,-1.0811628895365786f,0.5369020117047744f,1.0177068311457511f,3.364935280040304f,0.0697140582989372f,1.4244737525208555f,-0.6774353375039489f,-1.4126780296522234f,0f,0f,0f,1f],start_interpolation:0}
execute if entity @s[tag=aj.attack.bone.left_shoulder] run data modify entity @s {} merge value {transformation:[-0.25397307885717163f,0.06144995017196045f,-0.9652572604439047f,1.5478969610657491f,-0.5555254698997152f,0.8076828134929286f,0.19758523497682662f,3.4215512828401646f,0.7917633027038506f,0.5864063236459944f,-0.1709926784382293f,-1.07350130835102f,0f,0f,0f,1f],start_interpolation:0}