execute if entity @s[tag=aj.attack.bone.right_thumb_2] run data modify entity @s {} merge value {transformation:[-0.37412466545149825f,0.8077231904105163f,-0.4556467736897318f,-5.827209143643033f,0.926754306269361f,0.3076112712451443f,-0.21564267113477759f,1.7740252608353617f,-0.03401750302418133f,-0.5029498518500659f,-0.8636459089302726f,-0.10180370883977305f,0f,0f,0f,1f],start_interpolation:0}
execute if entity @s[tag=aj.attack.bone.right_thumb] run data modify entity @s {} merge value {transformation:[-0.37412466545149825f,0.741339168177894f,-0.5571776847883565f,-5.669931939702001f,0.926754306269361f,0.27683259743328037f,-0.2539491461090959f,1.9901403673875f,-0.03401750302418133f,-0.611375458064561f,-0.7906091694158044f,-0.2820616676961679f,0f,0f,0f,1f],start_interpolation:0}
execute if entity @s[tag=aj.attack.bone.right_fingers2] run data modify entity @s {} merge value {transformation:[0.29537670010161965f,-0.9164279983440939f,-0.2700228303090602f,-6.185943453138002f,-0.9534701827193979f,-0.26490089828178925f,-0.14395181400225218f,1.4841075753584638f,0.06039218245862409f,0.29997872914681584f,-0.952032324218745f,-0.23656638714169928f,0f,0f,0f,1f],start_interpolation:0}
execute if entity @s[tag=aj.attack.bone.right_fingers] run data modify entity @s {} merge value {transformation:[-0.851213772148805f,-0.4500253161946417f,-0.2700228303090602f,-6.360892884259544f,-0.42644481809678314f,0.8929852699590641f,-0.14395181400225218f,1.924294278781469f,0.3059083706318023f,-0.007383929851394567f,-0.952032324218745f,-0.26203856207537557f,0f,0f,0f,1f],start_interpolation:0}
execute if entity @s[tag=aj.attack.locator_origin.right_hand] at @s on origin run tp @s ^-6.31882 ^1.73495 ^-0.25186 ~-15.83481 ~-8.27659
execute if entity @s[tag=aj.attack.bone.right_hand] run data modify entity @s {} merge value {transformation:[-0.37412466545149825f,0.8871969374455084f,-0.2700228303090602f,-5.766637344454011f,0.926754306269361f,0.34699327235071376f,-0.14395181400225218f,2.222660595770851f,-0.03401750302418133f,-0.3041007450346912f,-0.952032324218745f,-0.5064241038623606f,0f,0f,0f,1f],start_interpolation:0}
execute if entity @s[tag=aj.attack.bone.right_forearm] run data modify entity @s {} merge value {transformation:[-0.5631807708735492f,1.3355234265140656f,-0.40647324213011227f,-3.8230383980753393f,1.3950702875612015f,0.5223390935066395f,-0.21669486421216524f,2.93681767279864f,-0.05120753947947168f,-0.45777172110578407f,-1.433122025255933f,-1.1599526442069803f,0f,0f,0f,1f],start_interpolation:0}
execute if entity @s[tag=aj.attack.bone.right_bicep] run data modify entity @s {} merge value {transformation:[-0.11539637040586373f,1.2925838852564362f,0.8993412785572416f,-1.9006034646542516f,1.5729598998807786f,0.052598020308761304f,0.12623295794321898f,2.9148687791208028f,0.07338248502638799f,0.905187552874773f,-1.2915706186873313f,0.10355571570398847f,0f,0f,0f,1f],start_interpolation:0}
execute if entity @s[tag=aj.attack.bone.right_shoulder] run data modify entity @s {} merge value {transformation:[-0.9129937095330538f,0.11633914124794281f,0.39103412966998813f,-1.612156393682928f,0.2482946843587685f,0.9189793636935224f,0.3063114082508651f,3.0403431456234835f,-0.32371628947622233f,0.3767520846911665f,-0.8679087685976025f,0.34981072197762886f,0f,0f,0f,1f],start_interpolation:0}
execute if entity @s[tag=aj.attack.bone.left_thumb_2] run data modify entity @s {} merge value {transformation:[-0.05854271192965088f,-0.9828194963934891f,0.17503881966229942f,4.168492550466657f,-0.9804707103324658f,0.023630772130293624f,-0.19524029499228826f,2.6202267766300995f,0.1877496659386418f,-0.18305033219684477f,-0.9650091392430195f,-3.7930591234142783f,0f,0f,0f,1f],start_interpolation:0}
execute if entity @s[tag=aj.attack.bone.left_thumb] run data modify entity @s {} merge value {transformation:[-0.05854271192965088f,-0.9638239331510521f,0.26003110730287377f,3.900872415178896f,-0.9804707103324658f,0.00652453698368792f,-0.19655690422190233f,2.7667910871757644f,0.1877496659386418f,-0.26645985870743316f,-0.9453831004611534f,-3.897141571278744f,0f,0f,0f,1f],start_interpolation:0}
execute if entity @s[tag=aj.attack.bone.left_fingers2] run data modify entity @s {} merge value {transformation:[-0.47901408828136416f,0.8608588006106372f,-0.17166137783202454f,4.553246548304572f,0.8747304832897199f,0.4517600600547313f,-0.175383664413418f,2.406687428692681f,-0.07343081663516035f,-0.23416868610162422f,-0.9694188679914026f,-4.121706411668065f,0f,0f,0f,1f],start_interpolation:0}
execute if entity @s[tag=aj.attack.bone.left_fingers] run data modify entity @s {} merge value {transformation:[-0.9850326345408967f,0.015591031083015572f,-0.17166137783202454f,4.5133199427737996f,0.04612955322227912f,0.9834188500209025f,-0.175383664413418f,2.871585223020902f,0.1660806226172504f,-0.18067729567749796f,-0.9694188679914026f,-4.2071252387237035f,0f,0f,0f,1f],start_interpolation:0}
execute if entity @s[tag=aj.attack.bone.left_hand] run data modify entity @s {} merge value {transformation:[-0.05854271192965088f,-0.9834150305139399f,-0.17166137783202454f,3.818580716768958f,-0.9804707103324658f,0.0889817758705185f,-0.175383664413418f,2.9904731065592247f,0.1877496659386418f,0.15804151771669356f,-0.9694188679914026f,-4.135784663061159f,0f,0f,0f,1f],start_interpolation:0}
execute if entity @s[tag=aj.attack.bone.left_forearm] run data modify entity @s {} merge value {transformation:[-0.0881260517634681f,-1.480363328371024f,-0.2584068788407334f,1.682096274228444f,-1.4759311573258458f,0.13394686251968776f,-0.2640101453983969f,3.1423701942525306f,0.2826250481693608f,0.2379045061632056f,-1.459294496704442f,-3.7793323526313234f,0f,0f,0f,1f],start_interpolation:0}
execute if entity @s[tag=aj.attack.bone.left_bicep] run data modify entity @s {} merge value {transformation:[-0.34264620859648165f,-0.05323164946519403f,-1.540345456472059f,1.581835705072517f,-1.5248189737912052f,0.24160767921598844f,0.33084283966052913f,3.3207701132583702f,0.22455473930700096f,1.5593897136006516f,-0.10384145711461439f,-1.4040906495720948f,0f,0f,0f,1f],start_interpolation:0}
execute if entity @s[tag=aj.attack.bone.left_shoulder] run data modify entity @s {} merge value {transformation:[-0.22031126174515392f,0.08694490506711261f,-0.971546978499305f,1.5478969610657491f,-0.44563299257066963f,0.8770272621715458f,0.1795394590066264f,3.4215512828401646f,0.8676832278434152f,0.47250795219842945f,-0.15447346448008104f,-1.07350130835102f,0f,0f,0f,1f],start_interpolation:0}
execute if entity @s[tag=aj.attack.bone.right_foot] run data modify entity @s {} merge value {transformation:[-1.1303224304570938f,-0.057760183712491954f,-0.04812605098143359f,-1.0612209548203053f,-0.060798025872936624f,1.1288194860890648f,0.07315271885291379f,-5.311594538121546f,0.04422618744049859f,0.0755743435506978f,-1.1294307040900557f,1.7852617491016056f,0f,0f,0f,1f],start_interpolation:0}
execute if entity @s[tag=aj.attack.bone.right_knee] run data modify entity @s {} merge value {transformation:[-3.119074814353118f,0.07329593309165723f,-0.05062932784523756f,-1.0002111798678623f,0.0729137433579514f,3.1194021842014306f,0.024019146667740115f,-1.3357486615051772f,0.05117820508153899f,0.02282629118667647f,-3.119843437086718f,1.9270128710277457f,0f,0f,0f,1f],start_interpolation:0}
execute if entity @s[tag=aj.attack.bone.right_thigh] run data modify entity @s {} merge value {transformation:[-2.3825200949080516f,0.027958453399028006f,-0.014236933915267445f,-0.8842029203535277f,0.01635435740634926f,0.18398533488333707f,-2.375556418944019f,-1.2799562459409106f,-0.02677499575347638f,-2.3754481870745656f,-0.18416128304016738f,-1.3143309863809443f,0f,0f,0f,1f],start_interpolation:0}
execute if entity @s[tag=aj.attack.bone.left_foot] run data modify entity @s {} merge value {transformation:[-0.820632513173594f,0.10868615620363158f,-0.773324479227233f,1.5853785594920244f,-0.03463945527992288f,1.1156247219394237f,0.19355293936154722f,-7.720448219148514f,0.7801560990342264f,0.16385954853857124f,-0.8048525715262607f,-1.2753628707982294f,0f,0f,0f,1f],start_interpolation:0}
execute if entity @s[tag=aj.attack.bone.left_knee] run data modify entity @s {} merge value {transformation:[-2.1663855599078046f,0.4300870353868648f,-2.2041692466761402f,2.2365269545141526f,-0.061884530890837106f,3.0499936149020024f,0.6559516552850645f,-3.8558950088417268f,2.2448846809662952f,0.4991266484840627f,-2.1090113034580207f,-0.5880490704260357f,0f,0f,0f,1f],start_interpolation:0}
execute if entity @s[tag=aj.attack.bone.left_thigh] run data modify entity @s {} merge value {transformation:[-1.6075767777551997f,-1.1052111259022506f,-1.36806127013688f,0.5700810361178441f,-0.12765102402511416f,1.9218991970533887f,-1.4026386065110732f,-1.3634175087561673f,1.754077674372487f,-0.8730396391870557f,-1.3558759783699197f,-1.8263521934531168f,0f,0f,0f,1f],start_interpolation:0}