execute if entity @s[tag=aj.attack.bone.right_thumb_2] run data modify entity @s {} merge value {transformation:[-0.4210564333735748f,0.6919708001463571f,-0.5864195525897262f,-5.74892928193194f,0.869997443804014f,0.4909680525596626f,-0.04533011295214161f,-2.4186520271155745f,0.25654615118766827f,-0.5292700474338051f,-0.8087380844254902f,0.15143853209686384f,0f,0f,0f,1f],start_interpolation:0}
execute if entity @s[tag=aj.attack.bone.right_thumb] run data modify entity @s {} merge value {transformation:[-0.4210564333735748f,0.6095077827829065f,-0.6717229656947793f,-5.636364757513252f,0.869997443804014f,0.48085098577243646f,-0.1090264979542021f,-2.152435349861171f,0.25654615118766827f,-0.6303035714707168f,-0.7327356140532905f,0.00863552622988567f,0f,0f,0f,1f],start_interpolation:0}
execute if entity @s[tag=aj.attack.bone.right_fingers2] run data modify entity @s {} merge value {transformation:[0.3495123347790477f,-0.8361365097881432f,-0.4227491748502898f,-6.1103217611881f,-0.9093183212828342f,-0.4114547774489079f,0.062009327474484136f,-2.6999426954636365f,-0.22579043030356055f,0.36274054517488313f,-0.9041227673660037f,0.0059236378021294f,0f,0f,0f,1f],start_interpolation:0}
execute if entity @s[tag=aj.attack.bone.right_fingers] run data modify entity @s {} merge value {transformation:[-0.7627415374094357f,-0.48939603826930334f,-0.4227491748502898f,-6.309216830209347f,-0.5631053242555139f,0.8240553604590257f,0.062009327474484136f,-2.2842507183066654f,0.31802160446325467f,0.28534940095443645f,-0.9041227673660037f,0.11844652730633981f,0f,0f,0f,1f],start_interpolation:0}
execute if entity @s[tag=aj.attack.locator_origin.right_hand] at @s on origin run tp @s ^-6.25643 ^-2.46591 ^0.07444 ~-25.05982 ~3.55515
execute if entity @s[tag=aj.attack.bone.right_hand] run data modify entity @s {} merge value {transformation:[-0.4210564333735748f,0.8024927507947492f,-0.4227491748502898f,-5.782084205298743f,0.869997443804014f,0.4891413814845803f,0.062009327474484136f,-1.8831828856835893f,0.25654615118766827f,-0.34168127522770775f,-0.9041227673660037f,-0.13287435946548354f,0f,0f,0f,1f],start_interpolation:0}
execute if entity @s[tag=aj.attack.bone.right_forearm] run data modify entity @s {} merge value {transformation:[-0.6338285299698824f,1.2080157438099013f,-0.6363766630864078f,-4.019517559706439f,1.3096325270836269f,0.7363187881723655f,0.09334444925272567f,-0.8591122823412819f,0.38618640397887344f,-0.5143427893041295f,-1.3610023719634272f,-0.8807613611534011f,0f,0f,0f,1f],start_interpolation:0}
execute if entity @s[tag=aj.attack.bone.right_bicep] run data modify entity @s {} merge value {transformation:[-0.1861288154238941f,1.3640238334760513f,0.7731100851900972f,-1.9932580934747737f,1.477875728560551f,-0.10735717800948512f,0.545217319337807f,-1.0917331122030705f,0.5235871971744176f,0.787919777695408f,-1.2640977133575948f,0.18359352691603756f,0f,0f,0f,1f],start_interpolation:0}
execute if entity @s[tag=aj.attack.bone.right_shoulder] run data modify entity @s {} merge value {transformation:[-0.8620779299283934f,0.30808089437960173f,0.4023776897998205f,-1.6499195810853018f,0.44391489431736025f,0.8420821355241264f,0.3063286529763971f,-1.0267123579421105f,-0.24446105893083026f,0.44270062067879656f,-0.8627021218920383f,0.3668195483800642f,0f,0f,0f,1f],start_interpolation:0}
execute if entity @s[tag=aj.attack.bone.left_thumb_2] run data modify entity @s {} merge value {transformation:[-0.3299642665516667f,-0.8950360032943463f,0.3000568872829004f,4.335202278555058f,-0.9376046753663783f,0.2738164366325171f,-0.21429426441456395f,-2.016134440523389f,0.10964057428766433f,-0.3520441901761103f,-0.9295395809932556f,-3.3441754935948746f,0f,0f,0f,1f],start_interpolation:0}
execute if entity @s[tag=aj.attack.bone.left_thumb] run data modify entity @s {} merge value {transformation:[-0.3299642665516667f,-0.8654784402053622f,0.3769226078901521f,4.135826164178741f,-0.9376046753663783f,0.25409750664207353f,-0.2373434849524833f,-1.8049346078434174f,0.10964057428766433f,-0.4317192683422575f,-0.8953197293771072f,-3.4840989926319503f,0f,0f,0f,1f],start_interpolation:0}
execute if entity @s[tag=aj.attack.bone.left_fingers2] run data modify entity @s {} merge value {transformation:[-0.22875212585895244f,0.9731848759790945f,-0.024159099332635436f,4.710914456452982f,0.9683969930216506f,0.22495258403944046f,-0.10772000204513262f,-2.313247704255193f,-0.09939682500781818f,-0.04803677861319018f,-0.9938876893687898f,-3.6128905842395893f,0f,0f,0f,1f],start_interpolation:0}
execute if entity @s[tag=aj.attack.bone.left_fingers] run data modify entity @s {} merge value {transformation:[-0.9571788881061803f,0.28848728582599936f,-0.024159099332635436f,4.802290992994324f,0.28938384408571616f,0.9511326889249314f,-0.10772000204513262f,-1.8517064493979964f,-0.008097341908917394f,-0.11009856481888201f,-0.9938876893687898f,-3.6733096842872435f,0f,0f,0f,1f],start_interpolation:0}
execute if entity @s[tag=aj.attack.bone.left_hand] run data modify entity @s {} merge value {transformation:[-0.3299642665516667f,-0.9436842272277608f,-0.024159099332635436f,4.156843078104204f,-0.9376046753663783f,0.33059623998240645f,-0.10772000204513262f,-1.5631632697003726f,0.10964057428766433f,-0.012892066980846523f,-0.9938876893687898f,-3.718323252817987f,0f,0f,0f,1f],start_interpolation:0}
execute if entity @s[tag=aj.attack.bone.left_forearm] run data modify entity @s {} merge value {transformation:[-0.49670483439799845f,-1.4205553913692428f,-0.036367396865813334f,2.094118086605497f,-1.4114036646320411f,0.49765616243584937f,-0.16215406091193116f,-0.885266943628327f,0.16504515432530453f,-0.01940680444488855f,-1.4961281271977795f,-3.736181825627772f,0f,0f,0f,1f],start_interpolation:0}
execute if entity @s[tag=aj.attack.bone.left_bicep] run data modify entity @s {} merge value {transformation:[-0.8282266648678321f,-0.2811603376459157f,-1.3144936721723637f,1.5901703297907874f,-1.3430315335219536f,0.23816544032964132f,0.795265792702479f,-0.6966687527825941f,0.05666612402504403f,1.5352948399613238f,-0.36409183294953956f,-1.4136575003317793f,0f,0f,0f,1f],start_interpolation:0}
execute if entity @s[tag=aj.attack.bone.left_shoulder] run data modify entity @s {} merge value {transformation:[-0.22879086246367825f,0.06120568197081444f,-0.9715495899580286f,1.5478969610657491f,-0.5597086560389097f,0.8082926869823519f,0.18272698904641044f,-0.640948717159836f,0.7964803585828362f,0.5855909806898815f,-0.15067263097994676f,-1.07350130835102f,0f,0f,0f,1f],start_interpolation:0}