execute if entity @s[tag=aj.attack.bone.right_thumb_2] run data modify entity @s {} merge value {transformation:[-0.6708727772888854f,0.7313009423201866f,0.12299857094415703f,-4.347149056026785f,0.6401166081478301f,0.6548092067761759f,-0.401840304965135f,0.07029388028633954f,-0.3744067903577811f,-0.19085029337876852f,-0.9074115498775747f,-2.1661828900932187f,0f,0f,0f,1f],start_interpolation:0}
execute if entity @s[tag=aj.attack.bone.right_thumb] run data modify entity @s {} merge value {transformation:[-0.6708727772888854f,0.741099096495023f,0.026492373750917037f,-4.2337336370716665f,0.6401166081478301f,0.5967565383508572f,-0.48387225784169463f,0.3358074695213491f,-0.3744067903577811f,-0.3076585170440795f,-0.8747375561985561f,-2.3096202163559547f,0f,0f,0f,1f],start_interpolation:0}
execute if entity @s[tag=aj.attack.bone.right_fingers2] run data modify entity @s {} merge value {transformation:[0.6084138897897845f,-0.7431992889150937f,0.27836550732259036f,-4.445453894080228f,-0.7009786555807118f,-0.6677082907278469f,-0.2505884333195668f,-0.3541748300434776f,0.3721041025454062f,-0.04266679563074656f,-0.9272098367788607f,-2.368830420032395f,0f,0f,0f,1f],start_interpolation:0}
execute if entity @s[tag=aj.attack.bone.right_fingers] run data modify entity @s {} merge value {transformation:[-0.6262584585274995f,-0.7282259178687596f,0.27836550732259036f,-4.7577386002191f,-0.7792879675843186f,0.5743828868139677f,-0.2505884333195668f,-0.0487965732431922f,0.022596608176051823f,-0.37386001642253225f,-0.9272098367788607f,-2.5538786613139406f,0f,0f,0f,1f],start_interpolation:0}
execute if entity @s[tag=aj.attack.locator_origin.right_hand] at @s on origin run tp @s ^-4.64913 ^-0.19582 ^-2.48823 ~16.71073 ~-14.51234
execute if entity @s[tag=aj.attack.bone.right_hand] run data modify entity @s {} merge value {transformation:[-0.6708727772888854f,0.6873444267801512f,0.27836550732259036f,-4.306899593130321f,0.6401166081478301f,0.7262617744723747f,-0.2505884333195668f,0.49594684633229624f,-0.3744067903577811f,0.010073426155118137f,-0.9272098367788607f,-2.5972974965620033f,0f,0f,0f,1f],start_interpolation:0}
execute if entity @s[tag=aj.attack.bone.right_forearm] run data modify entity @s {} merge value {transformation:[-1.0098843587756299f,1.0346796131779425f,0.41903171716665877f,-2.787363374285732f,0.9635862003126662f,1.0932630317483543f,-0.377218077505249f,2.046383619271684f,-0.5636054617236199f,0.015163822199562187f,-1.3957560109234581f,-2.554259829165776f,0f,0f,0f,1f],start_interpolation:0}
execute if entity @s[tag=aj.attack.bone.right_bicep] run data modify entity @s {} merge value {transformation:[-0.7396374127839817f,0.5398415863674078f,1.2862393701341064f,-1.9046510473126663f,1.3316341191362466f,0.7068391083313917f,0.46907697207383775f,3.0052348312404153f,-0.4154410047249733f,1.3045511467957276f,-0.7864217920629494f,-0.6584448319014811f,0f,0f,0f,1f],start_interpolation:0}
execute if entity @s[tag=aj.attack.bone.right_shoulder] run data modify entity @s {} merge value {transformation:[-0.8270186813004747f,-0.3997078813110828f,0.3953146979279029f,-1.7679874130291653f,-0.0771138608417632f,0.777199883651446f,0.6245108432351323f,3.178060689293198f,-0.5568604432405851f,0.4859978914254506f,-0.6735818408210801f,-0.3252161846204282f,0f,0f,0f,1f],start_interpolation:0}
execute if entity @s[tag=aj.attack.bone.right_arm] run data modify entity @s {} merge value {transformation:[-1.4621008226726069f,0.000051256266344281975f,-0.04251262535345988f,-1.3989431717161809f,-0.010952173695115072f,1.4128908525553971f,0.37837234341082293f,3.093606442945651f,0.04107768047249633f,0.3785308147821533f,-1.4122935913006618f,-0.36739962653518393f,0f,0f,0f,1f],start_interpolation:0}
execute if entity @s[tag=aj.attack.bone.left_thumb_2] run data modify entity @s {} merge value {transformation:[-0.5585071802800539f,-0.7912886677653809f,0.24886135465698972f,5.165918662801183f,-0.6521724018382948f,0.23349282053409282f,-0.7212158214012665f,0.13765166216769292f,0.5125825668671272f,-0.5651047221755651f,-0.6464640478161058f,-0.47152876462806176f,0f,0f,0f,1f],start_interpolation:0}
execute if entity @s[tag=aj.attack.bone.left_thumb] run data modify entity @s {} merge value {transformation:[-0.5585071802800539f,-0.7665878792816349f,0.3168797136361194f,5.028614932461342f,-0.6521724018382948f,0.16974620926296097f,-0.7388216176597194f,0.2825509633627624f,0.5125825668671272f,-0.619297382344977f,-0.5947519351499129f,-0.7246822122414993f,0f,0f,0f,1f],start_interpolation:0}
execute if entity @s[tag=aj.attack.bone.left_fingers2] run data modify entity @s {} merge value {transformation:[0.025788741041751273f,0.9989904484365146f,-0.03678348499113493f,5.457698317561286f,0.8004622037478161f,-0.042677443167505213f,-0.5978619374202326f,-0.32675939177359614f,-0.5988281900567736f,-0.014025682774678472f,-0.8007546934086822f,-0.5003512921296343f,0f,0f,0f,1f],start_interpolation:0}
execute if entity @s[tag=aj.attack.bone.left_fingers] run data modify entity @s {} merge value {transformation:[-0.8522567359631543f,0.5218289290920324f,-0.03678348499113493f,5.663997662930029f,0.43719085182553424f,0.6718818816311314f,-0.5978619374202326f,0.0058791301684629205f,-0.28726749744009344f,-0.525613266478761f,-0.8007546934086822f,-0.7683301398707313f,0f,0f,0f,1f],start_interpolation:0}
execute if entity @s[tag=aj.attack.bone.left_hand] run data modify entity @s {} merge value {transformation:[-0.5585071802800539f,-0.8286837181986444f,-0.03678348499113493f,5.1135478976439f,-0.6521724018382948f,0.46608181906677654f,-0.5978619374202326f,0.35777304308436364f,0.5125825668671272f,-0.3099210111106928f,-0.8007546934086822f,-1.0423048260865788f,0f,0f,0f,1f],start_interpolation:0}
execute if entity @s[tag=aj.attack.bone.left_forearm] run data modify entity @s {} merge value {transformation:[-0.8407371482683235f,-1.2474417709462005f,-0.055371252808801f,3.2907032739894806f,-0.9817341381822391f,0.701606556294275f,-0.8999790120385178f,1.3447547655065955f,0.7716054882299538f,-0.4665331373877501f,-1.205399395333314f,-1.6886803405491437f,0f,0f,0f,1f],start_interpolation:0}
execute if entity @s[tag=aj.attack.bone.left_bicep] run data modify entity @s {} merge value {transformation:[-0.9945318204002709f,-0.8275583119138377f,-0.9049629034596317f,1.9391278776425611f,-1.0706735877622708f,1.1540577910332575f,0.12129650229149085f,2.9532509010944215f,0.5978868494322603f,0.6900739187813157f,-1.2881123630872453f,-0.5618990882338748f,0f,0f,0f,1f],start_interpolation:0}
execute if entity @s[tag=aj.attack.bone.left_shoulder] run data modify entity @s {} merge value {transformation:[-0.7982806505104639f,0.33659813951922896f,-0.49944939232397134f,1.8213633311997326f,0.259284808282342f,0.9405397830537304f,0.21944544808956726f,3.2451947457040666f,0.5436169526556173f,0.04567941511704693f,-0.8380894939205387f,-0.4152761084126004f,0f,0f,0f,1f],start_interpolation:0}
execute if entity @s[tag=aj.attack.bone.left_arm] run data modify entity @s {} merge value {transformation:[-1.4621008226726069f,0.000051256266344281975f,-0.04251262535345988f,1.4518348136164665f,-0.010952173695115072f,1.4128908525553971f,0.37837234341082293f,3.054589890249619f,0.04107768047249633f,0.3785308147821533f,-1.4122935913006618f,-0.46366632474099895f,0f,0f,0f,1f],start_interpolation:0}
execute if entity @s[tag=aj.attack.bone.chest] run data modify entity @s {} merge value {transformation:[-2.064588693365277f,0.000072377435480193f,-0.060030802437815826f,0.03454241962416563f,-0.015465235795008091f,1.995100771377024f,0.5342882309991224f,3.811701683909668f,0.05800455983477538f,0.5345120036667779f,-1.9942573966833022f,0.06931439628698893f,0f,0f,0f,1f],start_interpolation:0}
execute if entity @s[tag=aj.attack.bone.weist] run data modify entity @s {} merge value {transformation:[-2.0784501714121983f,0.00007321185322833877f,0.2123863012870743f,-0.034519642468185396f,0.05503290654771061f,2.0181016898529465f,0.5378661636386605f,0.27723589579320285f,-0.20513245850252546f,0.5406742322605026f,-2.0076491502291933f,-0.7540086383347856f,0f,0f,0f,1f],start_interpolation:0}
execute if entity @s[tag=aj.attack.bone.right_foot] run data modify entity @s {} merge value {transformation:[-1.1316289124296908f,-0.04677021547359515f,-0.02257662281541722f,-1.1159068842991606f,-0.04922520884256121f,1.122920465560071f,0.14109450464408432f,-7.541423030481777f,0.016554025721931445f,0.14192719038615087f,-1.123772125148818f,-1.3695408849828707f,0f,0f,0f,1f],start_interpolation:0}
execute if entity @s[tag=aj.attack.bone.right_knee] run data modify entity @s {} merge value {transformation:[-3.115782761761773f,0.12351732266393405f,0.11491115127737933f,-0.9967979601194428f,0.15791581318784145f,2.8831962190674765f,1.1827110714278484f,-3.9073379466405784f,-0.05936074149791172f,1.1867966774198175f,-2.885230193418174f,0.24613379619465703f,0f,0f,0f,1f],start_interpolation:0}
execute if entity @s[tag=aj.attack.bone.right_thigh] run data modify entity @s {} merge value {transformation:[-2.377852614898102f,0.11858266962490462f,0.0956109843654826f,-0.7488718198466f,0.0500301766463115f,2.020582125794444f,-1.261796822943056f,-1.266733101317272f,-0.14387595800356884f,-1.257208173465748f,-2.0189387522468127f,-1.6216508251403579f,0f,0f,0f,1f],start_interpolation:0}
execute if entity @s[tag=aj.attack.bone.right_leg] run data modify entity @s {} merge value {transformation:[-1.1310031534048717f,0.00012902563051172942f,0.11557811954864812f,-0.7224033333333332f,0.030135350239370074f,1.0978969913386802f,0.29366734318477167f,-1.3797502083333333f,-0.11158037028064312f,0.29520946993556735f,-1.0922122692984977f,-1.646635f,0f,0f,0f,1f],start_interpolation:0}
execute if entity @s[tag=aj.attack.bone.left_foot] run data modify entity @s {} merge value {transformation:[-1.089433226389805f,-0.05919103405280652f,-0.3048160414506744f,2.0851774128522633f,-0.05900775235611671f,1.1312480887237557f,-0.008774925682243058f,-7.557818674580477f,0.30485157503247207f,0.007438793357070004f,-1.0910047359904596f,-0.8604250388282937f,0f,0f,0f,1f],start_interpolation:0}
execute if entity @s[tag=aj.attack.bone.left_knee] run data modify entity @s {} merge value {transformation:[-2.90892245141559f,-0.2792413929430001f,-1.093964229897552f,1.8004937331737834f,-0.5777794366078797f,2.9656978177332705f,0.7793399108880371f,-3.7994783070925022f,0.9700022754927805f,0.9290984977585234f,-2.8164578617794835f,0.4143294051527906f,0f,0f,0f,1f],start_interpolation:0}
execute if entity @s[tag=aj.attack.bone.left_thigh] run data modify entity @s {} merge value {transformation:[-2.2345243766823404f,-0.6908836031963529f,-0.45493628662843294f,0.7505305978774912f,-0.24766908800621132f,1.809051161208409f,-1.5308103367240247f,-1.474748928978723f,0.7892700430796893f,-1.388308363084144f,-1.7683435910851864f,-1.5896894183427859f,0f,0f,0f,1f],start_interpolation:0}
execute if entity @s[tag=aj.attack.bone.left_leg] run data modify entity @s {} merge value {transformation:[-1.1310031469156898f,0.00012900846201425987f,0.11557818306843828f,0.7171950000000002f,0.030135350066467136f,1.0978969917961314f,0.29366734149229967f,-1.421416875f,-0.11158043610309194f,0.2952094682417896f,-1.0922122630318805f,-1.511218333333333f,0f,0f,0f,1f],start_interpolation:0}