execute if entity @s[tag=aj.attack.bone.right_thumb_2] run data modify entity @s {} merge value {transformation:[-0.6028027325232526f,0.7846318039875845f,-0.14485095040657509f,-5.247915231768356f,0.7693369253757034f,0.5234410585275808f,-0.36623783734205384f,-3.4683338679408786f,-0.21154092019266357f,-0.33220835392673964f,-0.9191779200270896f,-1.0219924662817716f,0f,0f,0f,1f],start_interpolation:0}
execute if entity @s[tag=aj.attack.bone.right_thumb] run data modify entity @s {} merge value {transformation:[-0.6028027325232526f,0.7590123271379278f,-0.2460267321149608f,-5.1193198439617555f,0.7693369253757034f,0.47115931735407307f,-0.43142739009467496f,-3.219750203323351f,-0.21154092019266357f,-0.44934305928000123f,-0.8679523340373768f,-1.182005521407957f,0f,0f,0f,1f],start_interpolation:0}
execute if entity @s[tag=aj.attack.bone.right_fingers2] run data modify entity @s {} merge value {transformation:[0.531012258146737f,-0.846887812653413f,0.028408000229163233f,-5.463357456365068f,-0.8178575571912851f,-0.5210033838388856f,-0.24426315762622527f,-3.8565210052145207f,0.22166415552137975f,0.10647303324104142f,-0.9692927810261693f,-1.2058373545445018f,0f,0f,0f,1f],start_interpolation:0}
execute if entity @s[tag=aj.attack.bone.right_fingers] run data modify entity @s {} merge value {transformation:[-0.7418123728866489f,-0.6700055141230248f,0.028408000229163233f,-5.744809596474683f,-0.655107646147524f,0.714961175019676f,-0.24426315762622527f,-3.4905237318537705f,0.14334704528287082f,-0.19980773072938127f,-0.9692927810261693f,-1.3147003773586263f,0f,0f,0f,1f],start_interpolation:0}
execute if entity @s[tag=aj.attack.locator_origin.right_hand] at @s on origin run tp @s ^-5.65425 ^-3.65799 ^-1.27625 ~1.67874 ~-14.13829
execute if entity @s[tag=aj.attack.bone.right_hand] run data modify entity @s {} merge value {transformation:[-0.6028027325232526f,0.7973843810769554f,0.028408000229163233f,-5.219441529319516f,0.7693369253757034f,0.5903017915269484f,-0.24426315762622527f,-3.033380418287831f,-0.21154092019266357f,-0.1253871753194699f,-0.9692927810261693f,-1.4446803127851666f,0f,0f,0f,1f],start_interpolation:0}
execute if entity @s[tag=aj.attack.bone.right_forearm] run data modify entity @s {} merge value {transformation:[-0.9074165350136175f,1.2003259658795893f,0.04276339131163277f,-3.462591359043963f,1.1581053127617034f,0.8885985039211018f,-0.3676964555168544f,-1.7836991093120271f,-0.31843871710952215f,-0.18874897213434494f,-1.4591046943181396f,-1.702499732684843f,0f,0f,0f,1f],start_interpolation:0}
execute if entity @s[tag=aj.attack.bone.right_bicep] run data modify entity @s {} merge value {transformation:[-0.5668969061678205f,0.9921329574855683f,1.0895890282545688f,-1.9405163477274265f,1.4679251245069809f,0.48266321109469906f,0.324247145772114f,-1.1654720909218579f,-0.12933632383426466f,1.1294302003094912f,-1.0957023756524147f,-0.09197987363482402f,0f,0f,0f,1f],start_interpolation:0}
execute if entity @s[tag=aj.attack.bone.right_shoulder] run data modify entity @s {} merge value {transformation:[-0.9128193283628452f,-0.17973136116325783f,0.3666844850571217f,-1.6992274367414442f,0.03534321451896666f,0.8597955011398867f,0.5094139313044722f,-0.9687324095641215f,-0.40683132985878856f,0.4779626910481757f,-0.7784856678265284f,0.15041230183804608f,0f,0f,0f,1f],start_interpolation:0}
execute if entity @s[tag=aj.attack.bone.right_arm] run data modify entity @s {} merge value {transformation:[-1.3950287314230418f,0.00005125626634428198f,-0.439819255465898f,-1.408948417533871f,-0.11377175083712579f,1.4128908525553974f,0.36102848790407205f,-1.0724227048355885f,0.4248493483780299f,0.37853081478215334f,-1.3475027254312646f,0.019030996791203486f,0f,0f,0f,1f],start_interpolation:0}
execute if entity @s[tag=aj.attack.bone.left_thumb_2] run data modify entity @s {} merge value {transformation:[-0.15568181683004537f,-0.9828474312629718f,0.09886404183662506f,4.4716428842751945f,-0.9006765227529789f,0.10013750591165674f,-0.4227934262395712f,-2.4413639211316345f,0.40564143436056804f,-0.15486577016749264f,-0.9008171956397871f,-3.363654238540415f,0f,0f,0f,1f],start_interpolation:0}
execute if entity @s[tag=aj.attack.bone.left_thumb] run data modify entity @s {} merge value {transformation:[-0.15568181683004537f,-0.9704908310599573f,0.18414863218891864f,4.216447249202982f,-0.9006765227529789f,0.0629075773765862f,-0.4299121283125328f,-2.290414337171731f,0.40564143436056804f,-0.23278785092259915f,-0.8838918730210947f,-3.4902409709930997f,0f,0f,0f,1f],start_interpolation:0}
execute if entity @s[tag=aj.attack.bone.left_fingers2] run data modify entity @s {} merge value {transformation:[-0.38310346995620426f,0.891100605350315f,-0.24325180873288113f,4.811785185581464f,0.8878775504667797f,0.28261362822729097f,-0.3630468186299365f,-2.766611730075586f,-0.2547649636127918f,-0.35506231605805355f,-0.8994584843286899f,-3.6467810823500333f,0f,0f,0f,1f],start_interpolation:0}
execute if entity @s[tag=aj.attack.bone.left_fingers] run data modify entity @s {} merge value {transformation:[-0.9632674965391663f,0.11377296541511628f,-0.24325180873288113f,4.818632777774241f,0.19918819373286512f,0.9102313282677766f,-0.3630468186299365f,-2.3306524940664133f,0.18011050382641783f,-0.39816408851192264f,-0.8994584843286899f,-3.833631621646753f,0f,0f,0f,1f],start_interpolation:0}
execute if entity @s[tag=aj.attack.bone.left_hand] run data modify entity @s {} merge value {transformation:[-0.15568181683004537f,-0.9573879722749175f,-0.24325180873288113f,4.146221639941323f,-0.9006765227529789f,0.2387023436086978f,-0.3630468186299365f,-2.1166773202421285f,0.40564143436056804f,0.16257140492422767f,-0.8994584843286899f,-3.7706690498838498f,0f,0f,0f,1f],start_interpolation:0}
execute if entity @s[tag=aj.attack.bone.left_forearm] run data modify entity @s {} merge value {transformation:[-0.23435237959392488f,-1.4411840384812917f,-0.36617404253002744f,2.0624451627856475f,-1.3558146394319732f,0.3593255999858615f,-0.5465049649491869f,-1.6352941414200477f,0.6106238823514654f,0.24472347749841694f,-1.35398109066577f,-3.395379060038723f,0f,0f,0f,1f],start_interpolation:0}
execute if entity @s[tag=aj.attack.bone.left_bicep] run data modify entity @s {} merge value {transformation:[-0.4652350549662746f,-0.19414212496427966f,-1.4962517625684941f,1.73495538699394f,-1.4101544777108195f,0.6127981615540299f,0.3589525320046812f,-0.8849443823612582f,0.5365862937749137f,1.4421135206892695f,-0.3539603096712213f,-1.156321770326648f,0f,0f,0f,1f],start_interpolation:0}
execute if entity @s[tag=aj.attack.bone.left_shoulder] run data modify entity @s {} merge value {transformation:[-0.44896541745309904f,0.17744900452355022f,-0.875752193673967f,1.665857131794629f,-0.1555988748685277f,0.9495829427807659f,0.27217866360071097f,-0.6942924969991642f,0.8798971781241333f,0.25846486332463403f,-0.39871903686150423f,-0.8744081581113001f,0f,0f,0f,1f],start_interpolation:0}
execute if entity @s[tag=aj.attack.bone.left_arm] run data modify entity @s {} merge value {transformation:[-1.3950287314230418f,0.00005125626634428198f,-0.439819255465898f,1.3110535056457537f,-0.11377175083712579f,1.4128908525553974f,0.36102848790407205f,-0.9109633343814204f,0.4248493483780299f,0.37853081478215334f,-1.3475027254312646f,-0.8255073977277703f,0f,0f,0f,1f],start_interpolation:0}
execute if entity @s[tag=aj.attack.bone.chest] run data modify entity @s {} merge value {transformation:[-1.9698782061766487f,0.00007237743548019302f,-0.621055571461474f,0.03454241962416563f,-0.1606536750135584f,1.9951007713770241f,0.5097974931352691f,-0.25079831609033265f,0.5999170149166209f,0.534512003666778f,-1.9027681593933667f,0.06931439628698893f,0f,0f,0f,1f],start_interpolation:0}
execute if entity @s[tag=aj.attack.bone.weist] run data modify entity @s {} merge value {transformation:[-2.0714049298534802f,0.00007321185322833877f,-0.2726621950261895f,-0.034519642468185396f,-0.07049098624107686f,2.0181016898529465f,0.5360593732500344f,-3.7852641042067976f,0.2633926703901147f,0.5406742322605026f,-2.0008395080895562f,-0.7540086383347856f,0f,0f,0f,1f],start_interpolation:0}
execute if entity @s[tag=aj.attack.bone.right_foot] run data modify entity @s {} merge value {transformation:[-1.084873820942733f,-0.28386420057446066f,-0.16047137023574423f,-0.20200096901750364f,-0.26570088828182853f,1.0927078608989427f,-0.13665182434166703f,-8.309198770359934f,0.18903169839834313f,-0.09322981691433788f,-1.113039249370281f,1.5094921093763596f,0f,0f,0f,1f],start_interpolation:0}
execute if entity @s[tag=aj.attack.bone.right_knee] run data modify entity @s {} merge value {transformation:[-3.0623969792751584f,-0.5068257734010446f,-0.3184583126887942f,-0.8701541123493601f,-0.507476839742755f,3.078740090958946f,-0.019749167693725454f,-4.38997666703076f,0.31741978298282947f,0.03240999716633667f,-3.10399059174357f,1.6658106612064476f,0f,0f,0f,1f],start_interpolation:0}
execute if entity @s[tag=aj.attack.bone.right_thigh] run data modify entity @s {} merge value {transformation:[-2.3330585423099164f,-0.0849466972852864f,0.47645384332534607f,-0.8691856285662036f,-0.44452933118549776f,-0.5513589491517299f,-2.2750348021405133f,-5.3096933507183754f,0.1913579888976299f,-2.3165003207111954f,0.5240178930861358f,-1.444977180427393f,0f,0f,0f,1f],start_interpolation:0}
execute if entity @s[tag=aj.attack.bone.right_leg] run data modify entity @s {} merge value {transformation:[-1.1325671226087453f,-6.603111159183033e-8f,-0.09908664977442713f,-0.8421949999999998f,-0.02564557401464271f,1.0981546373240936f,0.2931299173315908f,-5.421416875f,0.09571033746144574f,0.29424962854923264f,-1.0939758401260204f,-1.47476f,0f,0f,0f,1f],start_interpolation:0}
execute if entity @s[tag=aj.attack.bone.left_foot] run data modify entity @s {} merge value {transformation:[-1.1148130194945896f,0.06796935743986926f,-0.18934954558848938f,0.3385625282338438f,0.057513365644118034f,1.1293857776966076f,0.06679169341253863f,-12.190238996629073f,0.19278303021179563f,0.056116699705523146f,-1.114884196531872f,-2.2298436203662146f,0f,0f,0f,1f],start_interpolation:0}
execute if entity @s[tag=aj.attack.bone.left_knee] run data modify entity @s {} merge value {transformation:[-3.0435828046361926f,0.39416952728795174f,-0.5637352350689603f,0.8946176085066222f,0.17137403685034142f,2.911110864648358f,1.1102377193185617f,-8.521584478180896f,0.6661816351373558f,1.0519635153662203f,-2.861142798170311f,-0.7935488108695521f,0f,0f,0f,1f],start_interpolation:0}
execute if entity @s[tag=aj.attack.bone.left_thigh] run data modify entity @s {} merge value {transformation:[-2.3215712573104312f,-0.09779949466894713f,-0.5273789189159964f,0.6416058900498549f,0.033306745804486906f,2.3119764062239754f,-0.5753626037483065f,-5.426380570629463f,0.5353353397249445f,-0.5679671856283725f,-2.251269801275584f,-1.7308740227746793f,0f,0f,0f,1f],start_interpolation:0}
execute if entity @s[tag=aj.attack.bone.left_leg] run data modify entity @s {} merge value {transformation:[-1.1271670765993853f,-1.9121924570886733e-8f,-0.14839418050642084f,0.6234450000000002f,-0.038407261257471466f,1.0981546265566904f,0.2917323256559231f,-5.374541875f,0.14333776575234075f,0.29424966873373515f,-1.0887597846802533f,-1.646635f,0f,0f,0f,1f],start_interpolation:0}