execute if entity @s[tag=aj.attack.bone.neck] run data modify entity @s {} merge value {transformation:[-1.0489695833333332f,-3.862918550026602e-17f,1.225161239521681e-16f,-3.1727536948910054e-17f,0f,1.0004200724443046f,0.3154312372119142f,4.4323875f,-1.2846172426320994e-16f,0.3154312372119142f,-1.0004200724443046f,0.259075f,0f,0f,0f,1f],start_interpolation:0}
execute if entity @s[tag=aj.attack.bone.right_thumb_2] run data modify entity @s {} merge value {transformation:[-0.8039669520844224f,0.4293099742022839f,-0.4114973705949023f,-3.9839282646171266f,0.5915711355588863f,0.6479707846396712f,-0.47976812506357547f,-0.30691748932629176f,0.060669032707418746f,-0.629147684016943f,-0.7749144857121094f,-1.1271549583603129f,0f,0f,0f,1f],start_interpolation:0}
execute if entity @s[tag=aj.attack.bone.right_thumb] run data modify entity @s {} merge value {transformation:[-0.8039669520844224f,0.3719259829670615f,-0.46401314975986313f,-3.9959700129393054f,0.5915711355588863f,0.579804998238256f,-0.560240801434085f,-0.053426857643486036f,0.060669032707418746f,-0.7249118754799931f,-0.6861647333246041f,-1.3259822347512107f,0f,0f,0f,1f],start_interpolation:0}
execute if entity @s[tag=aj.attack.bone.right_fingers2] run data modify entity @s {} merge value {transformation:[0.7566152456907763f,-0.5763344358996596f,-0.30882355477603546f,-4.1539691763257f,-0.6535060600903909f,-0.6820908731867157f,-0.32814915837240566f,-0.7496324552518621f,-0.021522068056303037f,0.4501007206299551f,-0.8927184000988078f,-1.204570046780205f,0f,0f,0f,1f],start_interpolation:0}
execute if entity @s[tag=aj.attack.bone.right_fingers] run data modify entity @s {} merge value {transformation:[-0.4361937621926821f,-0.8451999845241875f,-0.30882355477603546f,-4.535091310886418f,-0.7852085166021365f,0.5251339974853604f,-0.32814915837240566f,-0.4678540278280229f,0.43952541141516105f,0.09935426938666754f,-0.8927184000988078f,-1.1854048334381866f,0f,0f,0f,1f],start_interpolation:0}
execute if entity @s[tag=aj.attack.locator_origin.consume] at @s on origin run tp @s ^-4.39899 ^-0.60638 ^-1.18852 ~-19.08235 ~-19.15648
execute if entity @s[tag=aj.attack.bone.right_hand] run data modify entity @s {} merge value {transformation:[-0.8039669520844224f,0.5081979456585565f,-0.30882355477603546f,-4.236056891199699f,0.5915711355588863f,0.7364521175426492f,-0.32814915837240566f,0.07877156006038377f,0.060669032707418746f,-0.4465121796719225f,-0.8927184000988078f,-1.5225476536882576f,0f,0f,0f,1f],start_interpolation:0}
execute if entity @s[tag=aj.attack.bone.right_forearm] run data modify entity @s {} merge value {transformation:[-1.2102349020087833f,0.7650051900399066f,-0.4648811043580471f,-3.09650348391654f,0.8905092845149118f,1.108602852390378f,-0.4939724991151013f,1.653843284675812f,0.0913268644479314f,-0.6721478073320519f,-1.343835045288738f,-2.4896380539841387f,0f,0f,0f,1f],start_interpolation:0}
execute if entity @s[tag=aj.attack.bone.right_bicep] run data modify entity @s {} merge value {transformation:[-0.845655298971978f,0.7929283549004271f,1.0719309200503362f,-1.8466627726813352f,1.2723042857729265f,0.8595204572648614f,0.36792736510280366f,2.834934413466989f,-0.39876443894723324f,1.060845589886931f,-1.0993169309589441f,-0.9613667610632157f,0f,0f,0f,1f],start_interpolation:0}
execute if entity @s[tag=aj.attack.bone.right_shoulder] run data modify entity @s {} merge value {transformation:[-0.8288146316892251f,-0.4064115016809099f,0.3845724867945208f,-1.7103874546013453f,-0.1567567176255304f,0.8284569316592141f,0.537667596071281f,3.0504154902929512f,-0.5371160375348365f,0.385342449890053f,-0.7503449596922791f,-0.6538216412382754f,0f,0f,0f,1f],start_interpolation:0}
execute if entity @s[tag=aj.attack.bone.right_arm] run data modify entity @s {} merge value {transformation:[-1.4502010516536483f,0.000051256266344281975f,0.19095300143493382f,-1.343039527442582f,0.04946500826841144f,1.4128908525553971f,0.37528494950350955f,3.151920790849086f,-0.1844349867601609f,0.3785308147821533f,-1.4008013062246554f,-0.5850692875507475f,0f,0f,0f,1f],start_interpolation:0}
execute if entity @s[tag=aj.attack.bone.left_thumb_2] run data modify entity @s {} merge value {transformation:[-0.37184782914977416f,0.08618844298873773f,0.9242839089001699f,4.641905403521697f,-0.8380862876438703f,-0.459321462038947f,-0.29433852784458986f,4.213798017137153f,0.39917485694857635f,-0.8840788125532596f,0.2430310407633196f,1.9115288792232574f,0f,0f,0f,1f],start_interpolation:0}
execute if entity @s[tag=aj.attack.bone.left_thumb] run data modify entity @s {} merge value {transformation:[-0.37184782914977416f,0.16641712053206634f,0.9132549118129155f,4.744481242954967f,-0.8380862876438703f,-0.48322689821649545f,-0.25318597769896534f,4.198972926841885f,0.39917485694857635f,-0.8595330748923398f,0.31915877983568486f,1.6062532599004526f,0f,0f,0f,1f],start_interpolation:0}
execute if entity @s[tag=aj.attack.bone.left_fingers2] run data modify entity @s {} merge value {transformation:[0.18727637122571988f,0.39810291377888374f,0.8980209523286686f,4.961447295937398f,0.5290148111319126f,0.7294249151469954f,-0.43368493490766513f,4.131850997761484f,-0.82769009320131f,0.556285325353421f,-0.07399828655344218f,2.350643211775952f,0f,0f,0f,1f],start_interpolation:0}
execute if entity @s[tag=aj.attack.bone.left_fingers] run data modify entity @s {} merge value {transformation:[-0.25112905104025934f,0.36123755189948037f,0.8980209523286686f,5.127548209050628f,-0.3671931011046502f,0.8228527229919609f,-0.43368493490766513f,4.499606954824164f,-0.8956022701092093f,-0.4386579844963335f,-0.07399828655344218f,2.1012709765053046f,0f,0f,0f,1f],start_interpolation:0}
execute if entity @s[tag=aj.attack.bone.left_hand] run data modify entity @s {} merge value {transformation:[-0.37184782914977416f,-0.23513307112210163f,0.8980209523286686f,5.011270389813873f,-0.8380862876438703f,-0.3309512829669203f,-0.43368493490766513f,4.305958035529818f,0.39917485694857635f,-0.9138838477439233f,-0.07399828655344218f,1.4298054423581177f,0f,0f,0f,1f],start_interpolation:0}
execute if entity @s[tag=aj.attack.bone.left_forearm] run data modify entity @s {} merge value {transformation:[-0.5597533827808387f,-0.3539526700080074f,1.3518171318181216f,4.4799194566262015f,-1.2615957329737078f,-0.4981906189958584f,-0.6528385816604433f,3.553759398892762f,0.6008895547646864f,-1.3756960109544873f,-0.11139177903225435f,-0.5365516322649203f,0f,0f,0f,1f],start_interpolation:0}
execute if entity @s[tag=aj.attack.bone.left_bicep] run data modify entity @s {} merge value {transformation:[0.2416023440955356f,-1.5519098644585998f,-0.1615804380736632f,2.174764018960017f,-1.5395881863851226f,-0.21056178090427083f,-0.27970718762705393f,3.0579220931731004f,0.2533785344407779f,0.2003588457317427f,-1.5454966222111686f,-0.18433630716512395f,0f,0f,0f,1f],start_interpolation:0}
execute if entity @s[tag=aj.attack.bone.left_shoulder] run data modify entity @s {} merge value {transformation:[-0.8991551346099033f,-0.41692043129151646f,-0.13303156721749335f,1.8497575330554945f,-0.42498754768683344f,0.9043971552050529f,0.038096849845348085f,3.170466241260517f,0.10443001587559994f,0.09079173766760584f,-0.9903793375043315f,-0.13635095661637042f,0f,0f,0f,1f],start_interpolation:0}
execute if entity @s[tag=aj.attack.bone.left_arm] run data modify entity @s {} merge value {transformation:[-1.4502010516536483f,0.000051256266344281975f,0.19095300143493382f,1.4845364797589278f,0.04946500826841144f,1.4128908525553971f,0.37528494950350955f,2.995103808848207f,-0.1844349867601609f,0.3785308147821533f,-1.4008013062246554f,-0.24163509024433227f,0f,0f,0f,1f],start_interpolation:0}
execute if entity @s[tag=aj.attack.bone.chest] run data modify entity @s {} merge value {transformation:[-2.0477853838271085f,0.000072377435480193f,0.2696390027372317f,0.03454241962416563f,0.06984805370775031f,1.995100771377024f,0.5299286147167428f,3.811701683909668f,-0.2604351098236591f,0.5345120036667779f,-1.9780294858163328f,0.06931439628698893f,0f,0f,0f,1f],start_interpolation:0}
execute if entity @s[tag=aj.attack.bone.weist] run data modify entity @s {} merge value {transformation:[-1.9302203882905318f,0.00007321185322833877f,0.7995700773824331f,-0.034519642468185396f,0.20698270180242526f,2.0181016898529465f,0.4994865282918326f,0.27723589579320285f,-0.7723150103163177f,0.5406742322605026f,-1.8644741780961729f,-0.7540086383347856f,0f,0f,0f,1f],start_interpolation:0}
execute if entity @s[tag=aj.attack.bone.right_foot] run data modify entity @s {} merge value {transformation:[-1.0957248352618154f,-0.007465903255426028f,0.28742389963092646f,-1.1634598860791068f,0.007515291236339094f,1.1313074293437602f,0.05803596392967644f,-6.961074573998701f,-0.2874226125204857f,0.05804233799731298f,-1.0942122651532038f,-1.3486764256990427f,0f,0f,0f,1f],start_interpolation:0}
execute if entity @s[tag=aj.attack.bone.right_knee] run data modify entity @s {} merge value {transformation:[-2.9783218800869085f,-0.0958244628344484f,0.9257320190507895f,-1.3515424266177414f,0.31857398824415806f,2.811294888865865f,1.3159388215371768f,-3.42165676099071f,-0.8744556665649624f,1.3505561966600765f,-2.67355354669647f,0.4591710542396601f,0f,0f,0f,1f],start_interpolation:0}
execute if entity @s[tag=aj.attack.bone.right_thigh] run data modify entity @s {} merge value {transformation:[-2.2547012807146207f,0.48436353938645305f,0.5992499182322194f,-0.5697191933266257f,-0.05081428533711403f,1.7555818230965927f,-1.610197732846177f,-1.1661196667269105f,-0.7688474563877883f,-1.5364604753036497f,-1.650923730727787f,-1.7372318141242784f,0f,0f,0f,1f],start_interpolation:0}
execute if entity @s[tag=aj.attack.bone.right_leg] run data modify entity @s {} merge value {transformation:[-1.0683302578873175f,-4.953216695180317e-8f,0.3888404704505351f,-0.5453199999999998f,0.10063929801539656f,1.0981546138233076f,0.2765042987212468f,-1.280791875f,-0.37559105840683177f,0.2942497162553565f,-1.0319277652560068f,-1.75601f,0f,0f,0f,1f],start_interpolation:0}
execute if entity @s[tag=aj.attack.bone.left_foot] run data modify entity @s {} merge value {transformation:[-1.09482862342509f,-0.04301411697637847f,-0.28771726307238826f,2.7038762387872786f,-0.03866216722796626f,1.1319441606562268f,-0.02210896608859401f,-6.90670567775829f,0.2883343104008961f,-0.011547956399825239f,-1.0954501917242188f,0.4961332071179443f,0f,0f,0f,1f],start_interpolation:0}
execute if entity @s[tag=aj.attack.bone.left_knee] run data modify entity @s {} merge value {transformation:[-2.8648256267198047f,-0.5733024658795199f,-1.0957471110086106f,2.043970099322299f,-0.7133006452856346f,3.0245641818694677f,0.28244825962492465f,-3.0539952259336918f,1.0102176191803192f,0.5098030134733548f,-2.907941637916571f,1.2393102178713538f,0f,0f,0f,1f],start_interpolation:0}
execute if entity @s[tag=aj.attack.bone.left_thigh] run data modify entity @s {} merge value {transformation:[-2.2283718102766334f,-0.8306331612973565f,-0.1476278922224542f,0.8293986959435335f,-0.34894116199429037f,1.2870644559265136f,-1.97461173900114f,-1.4779620028266625f,0.7681051416798091f,-1.82507534246896f,-1.3253304696117467f,-1.322684375727255f,0f,0f,0f,1f],start_interpolation:0}
execute if entity @s[tag=aj.attack.bone.left_leg] run data modify entity @s {} merge value {transformation:[-1.0503524230470598f,-5.913093235829285e-8f,0.4350703837046888f,0.7796950000000001f,0.11260444712427477f,1.0981546333619057f,0.2718512297036623f,-1.421416875f,-0.4202457343802373f,0.29424964333632325f,-1.0145625271561334f,-1.25601f,0f,0f,0f,1f],start_interpolation:0}