execute if entity @s[tag=aj.attack.bone.right_thumb_2] run data modify entity @s {} merge value {transformation:[-0.6477655186810469f,0.7565774837787503f,0.08938872326467608f,-4.6793749022538424f,0.6795216119317473f,0.6268329430408259f,-0.3812228225545474f,0.24322067743853293f,-0.34445640032601177f,-0.18620143006376563f,-0.9201515178038099f,-1.8828113293402409f,0f,0f,0f,1f],start_interpolation:0}
execute if entity @s[tag=aj.attack.bone.right_thumb] run data modify entity @s {} merge value {transformation:[-0.6477655186810469f,0.7617724281987196f,-0.010129187731539452f,-4.556623829501032f,0.6795216119317473f,0.5717107369022238f,-0.4597795256733335f,0.5073706626012389f,-0.34445640032601177f,-0.30471232490160766f,-0.887975330359748f,-2.020984225984994f,0f,0f,0f,1f],start_interpolation:0}
execute if entity @s[tag=aj.attack.bone.right_fingers2] run data modify entity @s {} merge value {transformation:[0.5826097706630646f,-0.7730156610003109f,0.2510231921081859f,-4.8000528794424815f,-0.7374642893737988f,-0.6326192794210271f,-0.2365148392875544f,-0.17060245622171505f,0.3416317857376982f,-0.04732478370867232f,-0.93864161841493f,-2.0951572464036303f,0f,0f,0f,1f],start_interpolation:0}
execute if entity @s[tag=aj.attack.bone.right_fingers] run data modify entity @s {} merge value {transformation:[-0.6601026911863735f,-0.7079913799703523f,0.2510231921081859f,-5.101432300662782f,-0.7510677010230221f,0.6164073647165276f,-0.2365148392875544f,0.15341097279399774f,0.012717923120524232f,-0.34465949371938326f,-0.93864161841493f,-2.26605549478088f,0f,0f,0f,1f],start_interpolation:0}
execute if entity @s[tag=aj.attack.locator_origin.right_hand] at @s on origin run tp @s ^-4.99842 ^-0.00008 ^-2.20644 ~14.97237 ~-13.68093
execute if entity @s[tag=aj.attack.bone.right_hand] run data modify entity @s {} merge value {transformation:[-0.6477655186810469f,0.7192963157362138f,0.2510231921081859f,-4.627420514314853f,0.6795216119317473f,0.6944862199600952f,-0.2365148392875544f,0.6786248476517227f,-0.34445640032601177f,0.01736952658674007f,-0.93864161841493f,-2.3027925441734256f,0f,0f,0f,1f],start_interpolation:0}
execute if entity @s[tag=aj.attack.bone.right_forearm] run data modify entity @s {} merge value {transformation:[-0.9751003284315413f,1.082777723553598f,0.377872532590222f,-3.0393663583450854f,1.022903701821207f,1.0454303627540134f,-0.3560326859290348f,2.1583063449727073f,-0.518520266055755f,0.026146854982211934f,-1.4129646052471976f,-2.2451435001986453f,0f,0f,0f,1f],start_interpolation:0}
execute if entity @s[tag=aj.attack.bone.right_bicep] run data modify entity @s {} merge value {transformation:[-0.7180886307427531f,0.6965538634254436f,1.221501367903258f,-1.9324814035577427f,1.3775545211653755f,0.6236703280829989f,0.45418390672735287f,2.9925598032322185f,-0.28212837088686077f,1.2723019277122776f,-0.8913784522439349f,-0.4089740997936067f,0f,0f,0f,1f],start_interpolation:0}
execute if entity @s[tag=aj.attack.bone.right_shoulder] run data modify entity @s {} merge value {transformation:[-0.8747998212590596f,-0.3235213074705779f,0.36063726421107f,-1.7603369330637446f,-0.04012608455776129f,0.7901970998818274f,0.611537767170935f,3.1578002167150396f,-0.4828200182916827f,0.5205021680558852f,-0.7042459250758519f,-0.08858536006266232f,0f,0f,0f,1f],start_interpolation:0}
execute if entity @s[tag=aj.attack.bone.right_arm] run data modify entity @s {} merge value {transformation:[-1.4440433363405123f,0.000051256266344281975f,-0.2329913769754578f,-1.4174845022099614f,-0.0602459775576877f,1.4128908525553971f,0.3737057700316711f,3.044664784958216f,0.22506755999086883f,0.3785308147821533f,-1.394849510628899f,-0.18471919857976743f,0f,0f,0f,1f],start_interpolation:0}
execute if entity @s[tag=aj.attack.bone.left_thumb_2] run data modify entity @s {} merge value {transformation:[-0.4006342487024727f,-0.9002526313160658f,0.1704036342778667f,4.910604057013544f,-0.7597157229286982f,0.22243395646820494f,-0.6110279497247455f,0.5936729857910933f,0.5121759649783758f,-0.37425704377927266f,-0.7730507396543057f,-1.9648396542479811f,0f,0f,0f,1f],start_interpolation:0}
execute if entity @s[tag=aj.attack.bone.left_thumb] run data modify entity @s {} merge value {transformation:[-0.4006342487024727f,-0.8819752429478199f,0.248217383746061f,4.716928695641543f,-0.7597157229286982f,0.16833293331135693f,-0.6280892005899478f,0.7540380415058171f,0.5121759649783758f,-0.4402086941325993f,-0.7374903975703962f,-2.1666011302379804f,0f,0f,0f,1f],start_interpolation:0}
execute if entity @s[tag=aj.attack.bone.left_fingers2] run data modify entity @s {} merge value {transformation:[-0.1479574977258215f,0.9778907865668016f,-0.14777749630601925f,5.223901243963784f,0.8653308128372126f,0.055654456319982226f,-0.4981015617785354f,0.1663367239404977f,-0.4788644518245245f,-0.2015742816916115f,-0.8544335233002673f,-2.1093122260496515f,0f,0f,0f,1f],start_interpolation:0}
execute if entity @s[tag=aj.attack.bone.left_fingers] run data modify entity @s {} merge value {transformation:[-0.9208570121565074f,0.3608104415724612f,-0.14777749630601925f,5.350102078639026f,0.38446723341169037f,0.7772256947544546f,-0.4981015617785354f,0.5470517842037377f,-0.06486377721772624f,-0.5154959210951534f,-0.8544335233002673f,-2.36259045494437f,0f,0f,0f,1f],start_interpolation:0}
execute if entity @s[tag=aj.attack.bone.left_hand] run data modify entity @s {} merge value {transformation:[-0.4006342487024727f,-0.9042422299097348f,-0.14777749630601925f,4.7332645932221284f,-0.7597157229286982f,0.4180034144462331f,-0.4981015617785354f,0.8746864748804989f,0.5121759649783758f,-0.08728765754195134f,-0.8544335233002673f,-2.481137596569941f,0f,0f,0f,1f],start_interpolation:0}
execute if entity @s[tag=aj.attack.bone.left_forearm] run data modify entity @s {} merge value {transformation:[-0.6030864197374195f,-1.36118220241483f,-0.2224537753664264f,2.753793099289398f,-1.1436222360998216f,0.6292327315321695f,-0.749806808907448f,1.752120275760284f,0.7709934185475945f,-0.13139665678791101f,-1.2862037036016556f,-2.643923584478919f,0f,0f,0f,1f],start_interpolation:0}
execute if entity @s[tag=aj.attack.bone.left_bicep] run data modify entity @s {} merge value {transformation:[-0.8044662870196871f,-0.546680364577334f,-1.2437357959304682f,1.8520557836825422f,-1.2000779165826378f,0.9634817872578997f,0.35273218990821137f,3.0553270160678614f,0.6368289764323524f,1.1250544798596913f,-0.9064245308729271f,-0.8628638251110564f,0f,0f,0f,1f],start_interpolation:0}
execute if entity @s[tag=aj.attack.bone.left_shoulder] run data modify entity @s {} merge value {transformation:[-0.6329357285810425f,0.2893585986842773f,-0.7180974619458393f,1.7641152173095127f,0.08247150198942063f,0.9474513944694316f,0.3090862444003912f,3.304841555302999f,0.7697992042378283f,0.13640915103247556f,-0.6235396769006808f,-0.6379039475500048f,0f,0f,0f,1f],start_interpolation:0}
execute if entity @s[tag=aj.attack.bone.left_arm] run data modify entity @s {} merge value {transformation:[-1.4440433363405123f,0.000051256266344281975f,-0.2329913769754578f,1.3980852927875043f,-0.0602459775576877f,1.4128908525553971f,0.3737057700316711f,3.101760481598564f,0.22506755999086883f,0.3785308147821533f,-1.394849510628899f,-0.6397263426424538f,0f,0f,0f,1f],start_interpolation:0}
execute if entity @s[tag=aj.attack.bone.chest] run data modify entity @s {} merge value {transformation:[-2.0390902588293507f,0.000072377435480193f,-0.32900013124665983f,0.03454241962416563f,-0.08507153689919786f,1.995100771377024f,0.5276987027764756f,3.811701683909668f,0.31781114708018193f,0.5345120036667779f,-1.9696251338717394f,0.06931439628698893f,0f,0f,0f,1f],start_interpolation:0}
execute if entity @s[tag=aj.attack.bone.weist] run data modify entity @s {} merge value {transformation:[-2.0890529795386072f,0.00007321185322833877f,-0.03034311616606724f,-0.034519642468185396f,-0.00778165662495614f,2.0181016898529465f,0.5406182355513275f,0.27723589579320285f,0.029328414188533533f,0.5406742322605026f,-2.0178885697848825f,-0.7540086383347856f,0f,0f,0f,1f],start_interpolation:0}
execute if entity @s[tag=aj.attack.bone.right_foot] run data modify entity @s {} merge value {transformation:[-1.118256151588582f,-0.1202166380113825f,-0.13539679383033948f,-0.6892721932550325f,-0.12754876962796696f,1.1242609265325254f,0.05522529165717435f,-6.927224691158186f,0.12851320243728676f,0.06976017070985678f,-1.1233427917522976f,0.1119058471538561f,0f,0f,0f,1f],start_interpolation:0}
execute if entity @s[tag=aj.attack.bone.right_knee] run data modify entity @s {} merge value {transformation:[-3.1124596221936907f,-0.02705133473466402f,-0.22006055003284575f,-0.7500021834586095f,-0.07807221306296913f,3.0323966379499248f,0.7314633824568538f,-3.0893492189416936f,0.20751662569330628f,0.735120517749875f,-3.0254087318281147f,1.1598513304035176f,0f,0f,0f,1f],start_interpolation:0}
execute if entity @s[tag=aj.attack.bone.right_thigh] run data modify entity @s {} merge value {transformation:[-2.3806395120355703f,-0.09960498869745885f,-0.004552802001440099f,-0.8065715623781226f,-0.05686160035032208f,1.4455766308654912f,-1.893267369059537f,-1.2778481520608944f,0.08190628904477036f,-1.8915003088994198f,-1.4466873571344847f,-1.5305286617034493f,0f,0f,0f,1f],start_interpolation:0}
execute if entity @s[tag=aj.attack.bone.right_leg] run data modify entity @s {} merge value {transformation:[-1.1368933332285724f,-0.000015322175121297383f,-0.0000018534355871890325f,-0.7796949999999998f,-0.00001527874957069914f,1.0980141335859894f,0.2947734953990046f,-1.390166875f,-0.0000021826785103225955f,0.2947734953967505f,-1.0980141336907263f,-1.558093333333333f,0f,0f,0f,1f],start_interpolation:0}
execute if entity @s[tag=aj.attack.bone.left_foot] run data modify entity @s {} merge value {transformation:[-1.114997829585142f,0.01280609583286095f,-0.19974232483362897f,1.2206903460686116f,0.009670838965593783f,1.132625483437333f,0.018631734810507485f,-7.954439928633118f,0.1999186516914441f,0.016633417504142427f,-1.1149156983951782f,-1.2989373804134228f,0f,0f,0f,1f],start_interpolation:0}
execute if entity @s[tag=aj.attack.bone.left_knee] run data modify entity @s {} merge value {transformation:[-3.0374985576044455f,0.006551621440165042f,-0.7142288911722883f,1.2880382009675913f,-0.22083833589027527f,2.9587160839210465f,0.9663295940443383f,-4.215634083050439f,0.679261556493451f,0.9912212322086259f,-2.8796957351197157f,0.060459957855176105f,0f,0f,0f,1f],start_interpolation:0}
execute if entity @s[tag=aj.attack.bone.left_thigh] run data modify entity @s {} merge value {transformation:[-2.3077312013275786f,-0.34518090133801105f,-0.48229992309256564f,0.7030745815514428f,-0.07596904068291585f,2.0936846113038503f,-1.1349448538548499f,-1.4662369765314907f,0.588210655565958f,-1.083845589456989f,-2.038792125484534f,-1.5586490028067939f,0f,0f,0f,1f],start_interpolation:0}
execute if entity @s[tag=aj.attack.bone.left_leg] run data modify entity @s {} merge value {transformation:[-1.1367729671168432f,-0.00004949307224615681f,-0.01654297919307396f,0.6755283333333336f,-0.004343025368487863f,1.0979038309257592f,0.2951521091691009f,-1.3849585416666668f,0.01596279238715298f,0.2951840560849382f,-1.0977877817093007f,-1.584135f,0f,0f,0f,1f],start_interpolation:0}