execute if entity @s[tag=aj.attack.bone.right_thumb_2] run data modify entity @s {} merge value {transformation:[-0.3018690056704067f,0.8058814409982638f,-0.5093429163835709f,-5.961678857829468f,0.9524128143876882f,0.27860046977513286f,-0.12365924644440496f,-1.9509220782585164f,0.04224848406372256f,-0.5224336142474345f,-0.8516326580742899f,0.07525357493513907f,0f,0f,0f,1f],start_interpolation:0}
execute if entity @s[tag=aj.attack.bone.right_thumb] run data modify entity @s {} merge value {transformation:[-0.3018690056704067f,0.7325044221444466f,-0.6101740529999533f,-5.7962707267888005f,0.9524128143876882f,0.2600762335636959f,-0.15896598291912858f,-1.7358232409281649f,0.04224848406372256f,-0.6291244902832447f,-0.7761555522703971f,-0.09883671846282568f,0f,0f,0f,1f],start_interpolation:0}
execute if entity @s[tag=aj.attack.bone.right_fingers2] run data modify entity @s {} merge value {transformation:[0.222539787380176f,-0.9199169996169336f,-0.3228447875505562f,-6.347608662739702f,-0.9748273578543593f,-0.21461616265225253f,-0.06042785042602856f,-2.203653804494509f,-0.013699102579169009f,0.3281655322306106f,-0.9445208933868672f,-0.05923958050388356f,0f,0f,0f,1f],start_interpolation:0}
execute if entity @s[tag=aj.attack.bone.right_fingers] run data modify entity @s {} merge value {transformation:[-0.867297764813531f,-0.37890081855399665f,-0.3228447875505562f,-6.488667186316683f,-0.3806326551329457f,0.922749834320946f,-0.06042785042602856f,-1.7508738972633187f,0.32080113621353795f,0.07047632907421908f,-0.9445208933868672f,-0.04859450887367883f,0f,0f,0f,1f],start_interpolation:0}
execute if entity @s[tag=aj.attack.locator_origin.right_hand] at @s on origin run tp @s ^-6.46107 ^-1.94309 ^-0.0523 ~-18.87084 ~-3.46437
execute if entity @s[tag=aj.attack.bone.right_hand] run data modify entity @s {} merge value {transformation:[-0.3018690056704067f,0.8970208172428306f,-0.3228447875505562f,-5.884514180955524f,0.9524128143876882f,0.2987612857835036f,-0.06042785042602856f,-1.482467804495871f,0.04224848406372256f,-0.32572280784432633f,-0.9445208933868672f,-0.30323879845481616f,0f,0f,0f,1f],start_interpolation:0}
execute if entity @s[tag=aj.attack.bone.right_forearm] run data modify entity @s {} merge value {transformation:[-0.4544122187483287f,1.3503115993028028f,-0.4859876750061559f,-3.9224131711447994f,1.4336947882048738f,0.4497340773607434f,-0.09096380572527157f,-0.8745770576301977f,0.06359787530857344f,-0.4903200428966267f,-1.4218148493413088f,-1.0070322448955689f,0f,0f,0f,1f],start_interpolation:0}
execute if entity @s[tag=aj.attack.bone.right_bicep] run data modify entity @s {} merge value {transformation:[0.01004152583168352f,1.3244995202797925f,0.8593627561059498f,-1.9632830611080048f,1.5684452348120423f,-0.10692006918226736f,0.1464643377955882f,-1.1275821433664104f,0.1810604075959529f,0.852744555907044f,-1.316414831736763f,0.17215766401442306f,0f,0f,0f,1f],start_interpolation:0}
execute if entity @s[tag=aj.attack.bone.right_shoulder] run data modify entity @s {} merge value {transformation:[-0.8934237443638744f,0.22171141868817118f,0.3906892113049868f,-1.6310379873841148f,0.3536779266071519f,0.8833857925399269f,0.3074759596610298f,-1.0244346061593137f,-0.2769583673365009f,0.41288447338436407f,-0.867652277355633f,0.3583151351788465f,0f,0f,0f,1f],start_interpolation:0}
execute if entity @s[tag=aj.attack.bone.left_thumb_2] run data modify entity @s {} merge value {transformation:[-0.07874326439391482f,-0.9771326971732706f,0.19751250701532622f,4.225446164613838f,-0.9886624348586969f,0.051135005307699724f,-0.1411800309231253f,-1.326142970370048f,0.12785182130835346f,-0.20639017260293863f,-0.9700809288100998f,-3.768774811295609f,0f,0f,0f,1f],start_interpolation:0}
execute if entity @s[tag=aj.attack.bone.left_thumb] run data modify entity @s {} merge value {transformation:[-0.07874326439391482f,-0.9562000630052265f,0.2819236382806356f,3.9629923714767408f,-0.9886624348586969f,0.038635770718181396f,-0.14509950765004415f,-1.1691657530514934f,0.12785182130835346f,-0.29015291956107003f,-0.948401389211511f,-3.870808872282606f,0f,0f,0f,1f],start_interpolation:0}
execute if entity @s[tag=aj.attack.bone.left_fingers2] run data modify entity @s {} merge value {transformation:[-0.4632357988399119f,0.8736882872000519f,-0.14859801978017229f,4.615413202381926f,0.8855915959449913f,0.44995762996881594f,-0.11517663141648894f,-1.5265524271348039f,-0.033765661029398375f,-0.18495109635329549f,-0.9821674867826574f,-4.099539820237005f,0f,0f,0f,1f],start_interpolation:0}
execute if entity @s[tag=aj.attack.bone.left_fingers] run data modify entity @s {} merge value {transformation:[-0.9882541511241154f,0.035670173862284354f,-0.14859801978017229f,4.58500125760987f,0.053121059792862906f,0.9919236344507745f,-0.11517663141648894f,-1.0568254712305354f,0.14328951738503815f,-0.12171746840368097f,-0.9821674867826574f,-4.158294986206527f,0f,0f,0f,1f],start_interpolation:0}
execute if entity @s[tag=aj.attack.bone.left_hand] run data modify entity @s {} merge value {transformation:[-0.07874326439391482f,-0.9857576410203481f,-0.14859801978017229f,3.890547463503177f,-0.9886624348586969f,0.09633760156254337f,-0.11517663141648894f,-0.9304781725760958f,0.12785182130835346f,0.13784389611141684f,-0.9821674867826574f,-4.09782444204298f,0f,0f,0f,1f],start_interpolation:0}
execute if entity @s[tag=aj.attack.bone.left_forearm] run data modify entity @s {} merge value {transformation:[-0.11853453257070484f,-1.4838897282924601f,-0.22368893328400366f,1.747981967674291f,-1.4882623991804802f,0.1450198014788088f,-0.17337874258965716f,-0.7632926472883835f,0.19245907562691933f,0.20750043726348574f,-1.4784853644056324f,-3.7877295464127636f,0f,0f,0f,1f],start_interpolation:0}
execute if entity @s[tag=aj.attack.bone.left_bicep] run data modify entity @s {} merge value {transformation:[-0.38194056124479053f,-0.09115100321030224f,-1.529286454636349f,1.5858362835181714f,-1.5267825118390659f,0.15261941265857445f,0.3722185305255354f,-0.719623358585743f,0.12633577190507664f,1.5688540300289098f,-0.12506183767897078f,-1.4096097783787356f,0f,0f,0f,1f],start_interpolation:0}
execute if entity @s[tag=aj.attack.bone.left_shoulder] run data modify entity @s {} merge value {transformation:[-0.22317934633200476f,0.07334947462133981f,-0.9720138033709153f,1.5478969610657491f,-0.5034385176326757f,0.8452071653392433f,0.17937253586604396f,-0.640948717159836f,0.8347099126850197f,0.5293814335920505f,-0.15170583190303621f,-1.07350130835102f,0f,0f,0f,1f],start_interpolation:0}
execute if entity @s[tag=aj.attack.bone.right_foot] run data modify entity @s {} merge value {transformation:[-1.1326932003115178f,-0.01688985840699537f,-0.0014138780158135535f,-1.2555974317241956f,-0.016931418430840103f,1.1318738185957653f,0.04308292292034772f,-10.146805939279265f,0.0007703492531058505f,0.0430992327128043f,-1.1319995649741197f,1.5587092121546786f,0f,0f,0f,1f],start_interpolation:0}
execute if entity @s[tag=aj.attack.bone.right_knee] run data modify entity @s {} merge value {transformation:[-3.1131314599814135f,0.20113961572393574f,-0.06722118742030238f,-1.0309800628627968f,0.19851809490909317f,3.1118095906985905f,0.11745193658560356f,-6.182615965146619f,0.07460830413186091f,0.11290370410430207f,-3.1174107324399634f,1.8154403836287085f,0f,0f,0f,1f],start_interpolation:0}
execute if entity @s[tag=aj.attack.bone.right_thigh] run data modify entity @s {} merge value {transformation:[-2.3791417698901776f,0.05689127628129177f,-0.11761883136370774f,-0.8842029203535277f,0.129610200611149f,0.756904511669944f,-2.2555893075104927f,-5.342456245940911f,-0.016492504534372447f,-2.258593657774947f,-0.7588603655465307f,-1.314330986380944f,0f,0f,0f,1f],start_interpolation:0}
execute if entity @s[tag=aj.attack.bone.left_foot] run data modify entity @s {} merge value {transformation:[-0.6412742987971738f,0.06204637104054444f,-0.9317717928457014f,2.5477757762548072f,-0.007478915502503803f,1.129939266831267f,0.08038949866571977f,-11.374616017165742f,0.9338053822532293f,0.051659011929366803f,-0.6392339219420247f,-0.7209729605250401f,0f,0f,0f,1f],start_interpolation:0}
execute if entity @s[tag=aj.attack.bone.left_knee] run data modify entity @s {} merge value {transformation:[-1.6602043749603002f,0.14203218173830348f,-2.6382023449483767f,2.841816625798474f,0.034633683268736545f,3.116736720664218f,0.14600014460362185f,-7.407730519909094f,2.641795840242712f,0.048398280875412245f,-1.6598601341867294f,-0.6286396606329623f,0f,0f,0f,1f],start_interpolation:0}
execute if entity @s[tag=aj.attack.bone.left_thigh] run data modify entity @s {} merge value {transformation:[-1.201310268900856f,-1.5624228732083771f,-1.339057418915663f,0.5700810361178441f,-0.03846581241761675f,1.5673298896783714f,-1.7942641294525965f,-5.425917508756167f,2.057367343755813f,-0.8830051813214403f,-0.8154310704474569f,-1.8263521934531168f,0f,0f,0f,1f],start_interpolation:0}