execute if entity @s[tag=aj.attack.bone.right_thumb_2] run data modify entity @s {} merge value {transformation:[-0.49818275414623264f,0.624331362208008f,-0.6016845466145588f,-5.546993994291652f,0.8129794621766505f,0.5775976135676966f,-0.07379289179769331f,1.3198003860442786f,0.3014603415878088f,-0.5259195251788955f,-0.7953177449833284f,0.09009599545903316f,0f,0f,0f,1f],start_interpolation:0}
execute if entity @s[tag=aj.attack.bone.right_thumb] run data modify entity @s {} merge value {transformation:[-0.49818275414623264f,0.5404545280683942f,-0.6780286473016044f,-5.465604131151141f,0.8129794621766505f,0.5630242807342094f,-0.14855320051311685f,1.6011557922058213f,0.3014603415878088f,-0.6252300075924822f,-0.7198674183873487f,-0.04462451334444256f,0f,0f,0f,1f],start_interpolation:0}
execute if entity @s[tag=aj.attack.bone.right_fingers2] run data modify entity @s {} merge value {transformation:[0.4318126349435951f,-0.7803650626134351f,-0.4522921813998102f,-5.882548172844864f,-0.8604255232137583f,-0.5068155093302631f,0.05297129887624047f,1.0092152789284312f,-0.2705656432465131f,0.36629006068228964f,-0.8902953578110834f,-0.05770059826876228f,0f,0f,0f,1f],start_interpolation:0}
execute if entity @s[tag=aj.attack.bone.right_fingers] run data modify entity @s {} merge value {transformation:[-0.6935260866900572f,-0.560761401778846f,-0.4522921813998102f,-6.118592348440875f,-0.6485271670594587f,0.7593461365419575f,0.05297129887624047f,1.3982707119044666f,0.3137420607221932f,0.3300607447028903f,-0.8902953578110834f,0.07623776910610375f,0f,0f,0f,1f],start_interpolation:0}
execute if entity @s[tag=aj.attack.locator_origin.consume] at @s on origin run tp @s ^-6.04924 ^1.22462 ^0.0237 ~-26.9317 ~3.03645
execute if entity @s[tag=aj.attack.bone.right_hand] run data modify entity @s {} merge value {transformation:[-0.49818275414623264f,0.7397605870252046f,-0.4522921813998102f,-5.64137485743673f,0.8129794621766505f,0.5798779488602133f,0.05297129887624047f,1.859486246609226f,0.3014603415878088f,-0.34131486681625295f,-0.8902953578110834f,-0.17161318522855962f,0f,0f,0f,1f],start_interpolation:0}
execute if entity @s[tag=aj.attack.bone.right_forearm] run data modify entity @s {} merge value {transformation:[-0.7499290301466531f,1.1135831879994953f,-0.680848612516425f,-4.011511096403529f,1.2238016963154918f,0.8729071895261207f,0.07973924119462199f,3.083041837559792f,0.4537970447854248f,-0.5137912240354543f,-1.3401875690609597f,-0.9207143695838143f,0f,0f,0f,1f],start_interpolation:0}
execute if entity @s[tag=aj.attack.bone.right_bicep] run data modify entity @s {} merge value {transformation:[-0.3189604993337156f,1.3723028387832772f,0.7127084092225864f,-1.9667684244649968f,1.4254123279007325f,-0.021187831369582008f,0.6787156468764463f,2.984298319228995f,0.5994731465026982f,0.7805383735048886f,-1.2346238099732814f,0.12903242173190677f,0f,0f,0f,1f],start_interpolation:0}
execute if entity @s[tag=aj.attack.bone.right_shoulder] run data modify entity @s {} merge value {transformation:[-0.8671553993137466f,0.2955798579459712f,0.4008416907179894f,-1.6499195810853018f,0.430989385949786f,0.8486890956937334f,0.30655336900640884f,3.03578764205789f,-0.24957897074802443f,0.4385879232573471f,-0.8633371131447809f,0.3668195483800642f,0f,0f,0f,1f],start_interpolation:0}
execute if entity @s[tag=aj.attack.bone.left_thumb_2] run data modify entity @s {} merge value {transformation:[-0.41636706834324066f,-0.849572307990431f,0.32382921099719775f,4.298391019993846f,-0.9005387065256627f,0.33632131480663974f,-0.2755322326984979f,1.728461790390209f,0.12517388884404512f,-0.40634328676938347f,-0.9051058672051093f,-3.1534877827080816f,0f,0f,0f,1f],start_interpolation:0}
execute if entity @s[tag=aj.attack.bone.left_thumb] run data modify entity @s {} merge value {transformation:[-0.41636706834324066f,-0.8181158534577859f,0.39664204860338975f,4.125341386131647f,-0.9005387065256627f,0.3110272942738612f,-0.30379608336146635f,1.9505092802527157f,0.12517388884404512f,-0.48368220200635814f,-0.8662465151525511f,-3.3105977007799323f,0f,0f,0f,1f],start_interpolation:0}
execute if entity @s[tag=aj.attack.bone.left_fingers2] run data modify entity @s {} merge value {transformation:[-0.1372948578216398f,0.9904350733131404f,0.013729077424583236f,4.658735911217641f,0.9799479001820321f,0.13783563028773438f,-0.1438869415618f,1.3896972351368257f,-0.14440302955465148f,-0.006301156590461078f,-0.9894988936229594f,-3.3923054276157636f,0f,0f,0f,1f],start_interpolation:0}
execute if entity @s[tag=aj.attack.bone.left_fingers] run data modify entity @s {} merge value {transformation:[-0.9263893631991024f,0.3763167019740576f,0.013729077424583236f,4.793310199852081f,0.3706047927151984f,0.9175775910867243f,-0.1438869415618f,1.8388905591381848f,-0.06674455309676272f,-0.1282072702729938f,-0.9894988936229594f,-3.4639684412780443f,0f,0f,0f,1f],start_interpolation:0}
execute if entity @s[tag=aj.attack.bone.left_hand] run data modify entity @s {} merge value {transformation:[-0.41636706834324066f,-0.9090929418009608f,0.013729077424583236f,4.17875998847951f,-0.9005387065256627f,0.4102762314551956f,-0.1438869415618f,2.1802392541901154f,0.12517388884404512f,-0.07227334965668669f,-0.9894988936229594f,-3.5516924677825523f,0f,0f,0f,1f],start_interpolation:0}
execute if entity @s[tag=aj.attack.bone.left_forearm] run data modify entity @s {} merge value {transformation:[-0.6267694920165737f,-1.3684841205037892f,0.020666780678650035f,2.187201889401729f,-1.355607180645354f,0.6176007775995902f,-0.21659720983543984f,3.032906106446908f,0.18842790578203245f,-0.10879518121090882f,-1.4895215449550385f,-3.69781681598748f,0f,0f,0f,1f],start_interpolation:0}
execute if entity @s[tag=aj.attack.bone.left_bicep] run data modify entity @s {} merge value {transformation:[-0.9696479959308083f,-0.32973574211451084f,-1.2016493924618796f,1.5918602797367523f,-1.2447168078030093f,0.3272142197301383f,0.9146119837524144f,3.3656149595226834f,0.05802577362256787f,1.5090093945443261f,-0.4608989203902662f,-1.4134076915820055f,0f,0f,0f,1f],start_interpolation:0}
execute if entity @s[tag=aj.attack.bone.left_shoulder] run data modify entity @s {} merge value {transformation:[-0.23566094761500878f,0.0613030783558407f,-0.9698999176993953f,1.5478969610657491f,-0.5586476365358423f,0.8080926240503505f,0.18681308612711323f,3.4215512828401646f,0.7952211868166703f,0.5858568456026749f,-0.15618905370854264f,-1.07350130835102f,0f,0f,0f,1f],start_interpolation:0}