execute if entity @s[tag=aj.armor.bone.right_thumb_2] run data modify entity @s {} merge value {transformation:[-0.5114220876443374f,0.651504328635707f,-0.5603477117276773f,-5.001590801060485f,0.7688002131978988f,0.638213915719381f,0.04036372095087973f,3.7306631056183637f,0.38391884618545785f,-0.4101525418074008f,-0.8272733598953586f,-2.5018912185928084f,0f,0f,0f,1f],start_interpolation:0}
execute if entity @s[tag=aj.armor.bone.right_thumb] run data modify entity @s {} merge value {transformation:[-0.5114220876443374f,0.35365027042989633f,-0.7831851214715257f,-4.9717443991299035f,0.7688002131978988f,0.5954766871972748f,-0.23313890106849347f,4.090890872086823f,0.38391884618545785f,-0.7213452718562869f,-0.5764263338139631f,-2.6149058567327264f,0f,0f,0f,1f],start_interpolation:0}
execute if entity @s[tag=aj.armor.bone.right_fingers_2] run data modify entity @s {} merge value {transformation:[0.4795699049572384f,-0.7406941941211939f,-0.47051548014327893f,-5.454613112399831f,-0.7954390137952435f,-0.5933535630450859f,0.12332203596337585f,3.5041104758935195f,-0.3705259526561616f,0.31512483243447603f,-0.8737315711311956f,-2.6868359846211125f,0f,0f,0f,1f],start_interpolation:0}
execute if entity @s[tag=aj.armor.bone.right_fingers] run data modify entity @s {} merge value {transformation:[-0.7190706719196989f,-0.5114220876443373f,-0.47051548014327893f,-5.7176104014184075f,-0.6274853843976873f,0.7688002131978989f,0.12332203596337585f,3.8145476689659232f,0.298662788362125f,0.3839188461854578f,-0.8737315711311956f,-2.5110548322832638f,0f,0f,0f,1f],start_interpolation:0}
execute if entity @s[tag=aj.armor.bone.right_hand] run data modify entity @s {} merge value {transformation:[-0.5114220876443374f,0.7190706719196988f,-0.47051548014327893f,-5.12673264919764f,0.7688002131978988f,0.6274853843976875f,0.12332203596337585f,4.284742315842266f,0.38391884618545785f,-0.2986627883621249f,-0.8737315711311956f,-2.7530354933077215f,0f,0f,0f,1f],start_interpolation:0}
execute if entity @s[tag=aj.armor.bone.right_forearm] run data modify entity @s {} merge value {transformation:[-0.15206202210531242f,1.6022472875863958f,-0.8582012191140183f,-2.79770232305057f,1.786647220176631f,0.290042727485589f,0.22493440933157735f,4.639228774963858f,0.334061990806899f,-0.8218925764893273f,-1.593651072425634f,-4.042082802033054f,0f,0f,0f,1f],start_interpolation:0}
execute if entity @s[tag=aj.armor.bone.right_bicep] run data modify entity @s {} merge value {transformation:[-0.13208516771036266f,1.01710693269889f,1.2075518836929067f,-1.2257283217883344f,1.551929893138249f,-0.13907151065317008f,0.28689244952081944f,4.4138726061218145f,0.2901752421181657f,1.2067672345005092f,-0.9847059086250898f,-2.147136154975504f,0f,0f,0f,1f],start_interpolation:0}
execute if entity @s[tag=aj.armor.bone.right_shoulder] run data modify entity @s {} merge value {transformation:[-0.3018184876926206f,0.5822861230839015f,0.7721796746986408f,-0.9810939959226921f,0.9629624899419679f,0.2558518207215553f,0.18345590060030967f,4.04166758158028f,-0.08956462537489313f,0.7886036364132646f,-0.6296788555955095f,-1.9224363329823586f,0f,0f,0f,1f],start_interpolation:0}
execute if entity @s[tag=aj.armor.bone.right_arm] run data modify entity @s {} merge value {transformation:[-0.8802016048535121f,-0.060265237182523405f,0.9944199652595903f,-0.9297223352309032f,0.281576898015143f,1.2577944561941932f,0.32546180694141835f,3.9370672919197927f,-0.9556240979714359f,0.42612091999893353f,-0.8200374236714999f,-1.892235090654738f,0f,0f,0f,1f],start_interpolation:0}
execute if entity @s[tag=aj.armor.bone.left_thumb_2] run data modify entity @s {} merge value {transformation:[0.1540607878693603f,0.9878324713564639f,0.021266926784387838f,-0.9917455179443857f,-0.42690703424209775f,0.08596005731757389f,-0.9002006735503902f,1.1718024551777646f,-0.8910755623153902f,0.12960662436673517f,0.4349557048304708f,3.178949635002943f,0f,0f,0f,1f],start_interpolation:0}
execute if entity @s[tag=aj.armor.bone.left_thumb] run data modify entity @s {} merge value {transformation:[0.1540607878693603f,0.9821573185979466f,-0.10785302575988803f,-0.7197079614278576f,-0.42690703424209775f,-0.032275109041551286f,-0.9037193709614577f,1.2932465777897888f,-0.8910755623153902f,0.18527093366431532f,0.41431753931430965f,3.4127744685952406f,0f,0f,0f,1f],start_interpolation:0}
execute if entity @s[tag=aj.armor.bone.left_fingers_2] run data modify entity @s {} merge value {transformation:[0.22542752700397498f,-0.9050209645651137f,0.3607207836630749f,-1.2368624321825392f,0.4386444581801925f,-0.23631925203898022f,-0.8670318624038811f,0.8366334191622106f,0.8699272782116204f,0.3536810212795817f,0.3437095660728032f,3.4370161088198796f,0f,0f,0f,1f],start_interpolation:0}
execute if entity @s[tag=aj.armor.bone.left_fingers] run data modify entity @s {} merge value {transformation:[0.9309211994262607f,-0.057150999048736426f,0.3607207836630749f,-1.3025847626546758f,0.3572846089529114f,0.3472800854955879f,-0.8670318624038811f,0.9656159450551767f,-0.07571940744707975f,0.9360183254220555f,0.3437095660728032f,3.855921732657275f,0f,0f,0f,1f],start_interpolation:0}
execute if entity @s[tag=aj.armor.locator_origin.consume] at @s on origin run tp @s ^-1.4484 ^0.99993 ^3.62863 ~133.61664 ~-60.11553
execute if entity @s[tag=aj.armor.bone.left_hand] run data modify entity @s {} merge value {transformation:[-0.10537002287629421f,0.926702581475063f,0.3607207836630749f,-0.5751017593451406f,-0.4040459419159123f,0.2915520989424375f,-0.8670318624038811f,1.1904658404157136f,-0.908649566719939f,-0.23710693597976612f,0.3437095660728032f,3.6345957992862328f,0f,0f,0f,1f],start_interpolation:0}
execute if entity @s[tag=aj.armor.bone.left_forearm] run data modify entity @s {} merge value {transformation:[0.002320464304821938f,1.6924205087900799f,0.6800999915495094f,1.9423015341212762f,-1.329692757597987f,0.46709695245732796f,-1.15782821222755f,1.7699939932442952f,-1.2484952332589734f,-0.49432966739344053f,1.2343931278558786f,2.900760905002211f,0f,0f,0f,1f],start_interpolation:0}
execute if entity @s[tag=aj.armor.bone.left_bicep] run data modify entity @s {} merge value {transformation:[0.002015617789536208f,-0.23295637646483833f,1.5671189552273321f,1.5585742266843468f,-1.1550069403190506f,1.072474219505812f,0.16091169066830283f,3.4380188068142505f,-1.0844765838796422f,-1.1426569612282065f,-0.1684641322566005f,1.1166204863365898f,0f,0f,0f,1f],start_interpolation:0}
execute if entity @s[tag=aj.armor.bone.left_shoulder] run data modify entity @s {} merge value {transformation:[-0.04973820004013114f,-0.1404230862209488f,1.0021080016544086f,1.4855742234613194f,-0.45947909789409214f,0.8970531026263427f,0.10289639611630734f,3.429549869323268f,-0.9015642232930718f,-0.44943305017708335f,-0.10772587132775531f,0.6231918488248775f,0f,0f,0f,1f],start_interpolation:0}
execute if entity @s[tag=aj.armor.bone.left_arm] run data modify entity @s {} merge value {transformation:[-0.8802016048535121f,-0.060265237182523405f,0.9944199652595903f,1.3873603491003534f,0.281576898015143f,1.2577944561941932f,0.32546180694141835f,3.195831476055564f,-0.9556240979714359f,0.42612091999893353f,-0.8200374236714999f,0.6233931903318659f,0f,0f,0f,1f],start_interpolation:0}
execute if entity @s[tag=aj.armor.bone.chest] run data modify entity @s {} merge value {transformation:[-1.7430279818364158f,-0.11934083528355836f,1.969210025960732f,0.12500000000000003f,0.5575954526472081f,2.4907599809592065f,0.6444989799948672f,4.2549125f,-1.8923841239287547f,0.8438301897070829f,-1.6238872637028972f,-0.335938125f,0f,0f,0f,1f],start_interpolation:0}
execute if entity @s[tag=aj.armor.bone.weist] run data modify entity @s {} merge value {transformation:[-1.4210730915683176f,0.11824061827819736f,1.3291763111562713f,-0.1749999999999999f,0.15413000538900032f,1.9432750305504556f,-0.00808323000124353f,0.4946187499999999f,-1.325494040495313f,0.09919956329367527f,-1.4259608117978184f,-1.1294037499999998f,0f,0f,0f,1f],start_interpolation:0}
execute if entity @s[tag=aj.armor.bone.right_foot] run data modify entity @s {} merge value {transformation:[-0.8931168595522253f,-0.2766329787057778f,0.7151275167076862f,-0.9549399730757995f,0.08304303241398461f,1.0564804094076083f,0.5123903728428012f,-7.664697509430473f,-0.7622578466815694f,0.43922002971957425f,-0.7820739322737178f,-2.662052813101803f,0f,0f,0f,1f],start_interpolation:0}
execute if entity @s[tag=aj.armor.bone.right_knee] run data modify entity @s {} merge value {transformation:[-2.203854742417699f,-0.6685985632537884f,1.7700081706229531f,-1.7734877568686882f,0.20491694771282595f,2.6169190971789726f,1.2436527537436146f,-4.370006800482218f,-1.8809471038275107f,1.0684751230463847f,-1.9383827260290825f,-1.4445303643804452f,0f,0f,0f,1f],start_interpolation:0}
execute if entity @s[tag=aj.armor.bone.right_thigh] run data modify entity @s {} merge value {transformation:[-1.952338433473774f,0.7745369624790563f,1.3109080279996568f,-0.6717741513654787f,0.34045198165173013f,2.299710697691536f,-0.8517252362420537f,-1.1460368329263042f,-1.4840754065443043f,-0.49136129641628196f,-1.9199210887464961f,-2.068637507278341f,0f,0f,0f,1f],start_interpolation:0}
execute if entity @s[tag=aj.armor.bone.right_leg] run data modify entity @s {} merge value {transformation:[-0.7290839156570056f,0.05329768407348793f,0.6823459538992306f,-0.43397874999999964f,0.07779154827920297f,0.9969558319066956f,0.005248261002756341f,-1.2865431249999997f,-0.679989057960915f,0.05690717089815036f,-0.7310105710273936f,-2.2162968750000003f,0f,0f,0f,1f],start_interpolation:0}
execute if entity @s[tag=aj.armor.bone.left_foot] run data modify entity @s {} merge value {transformation:[-1.0898322009683707f,0.024198491382310124f,0.44415211541072197f,-0.27846396361355513f,0.03476359736960934f,1.1764066652233123f,0.02120719671838305f,-6.794537447420199f,-0.44345029135960967f,0.03275188406105471f,-1.089894512354334f,1.0629316035954846f,0f,0f,0f,1f],start_interpolation:0}
execute if entity @s[tag=aj.armor.bone.left_knee] run data modify entity @s {} merge value {transformation:[-2.689269426341195f,-0.09253354996440771f,1.0937075400725313f,-0.2956405967947041f,0.0857826365129019f,2.8677273756446913f,0.4535523418360161f,-3.2221352616362937f,-1.0942577303146723f,0.45222331833179885f,-2.652361735988812f,1.5579224345597573f,0f,0f,0f,1f],start_interpolation:0}
execute if entity @s[tag=aj.armor.bone.left_thigh] run data modify entity @s {} merge value {transformation:[-2.292307172482487f,0.790509489950666f,0.5004351069043271f,0.7540913596087716f,0.0731202872523323f,1.4716305252897826f,-1.989715995705547f,-1.1286386179499233f,-0.9327346747690597f,-1.827405556047239f,-1.385859907476293f,-0.9940571046702826f,0f,0f,0f,1f],start_interpolation:0}
execute if entity @s[tag=aj.armor.bone.left_leg] run data modify entity @s {} merge value {transformation:[-0.7340197579715737f,0.04471196074704507f,0.6776546579737402f,0.748978125f,0.0846876467737639f,0.9960679933777039f,0.026010671895140298f,-1.4284181249999994f,-0.673827127230178f,0.07648132539822482f,-0.7349201381606415f,-1.150671875f,0f,0f,0f,1f],start_interpolation:0}