execute if entity @s[tag=aj.armor.bone.right_thumb_2] run data modify entity @s {} merge value {transformation:[-0.5262363153490783f,0.5414575509618336f,-0.6556668825815735f,-5.008284732480381f,0.7821492986858252f,0.610752739056583f,-0.1233838170107977f,3.3586531257647576f,0.3336432450583973f,-0.5777584376201655f,-0.7449009147434358f,-1.9438407036052603f,0f,0f,0f,1f],start_interpolation:0}
execute if entity @s[tag=aj.armor.bone.right_thumb] run data modify entity @s {} merge value {transformation:[-0.5262363153490783f,0.21363039658893573f,-0.8230658503795911f,-5.022916615475948f,0.7821492986858252f,0.5013857090889084f,-0.3699389750846552f,3.698722834048701f,0.3336432450583973f,-0.8384357007992125f,-0.43093823298964284f,-2.1098698016110946f,0f,0f,0f,1f],start_interpolation:0}
execute if entity @s[tag=aj.armor.bone.right_fingers_2] run data modify entity @s {} merge value {transformation:[0.4985864425960149f,-0.6447687202286297f,-0.5793831691326436f,-5.458972356445537f,-0.8085200940048831f,-0.5869239549039353f,-0.04260902193501935f,3.0767896724538444f,-0.31258089648887083f,0.4896872150410487f,-0.8139407930405966f,-2.034358847532535f,0f,0f,0f,1f],start_interpolation:0}
execute if entity @s[tag=aj.armor.bone.right_fingers] run data modify entity @s {} merge value {transformation:[-0.6224070081013225f,-0.5262363153490782f,-0.5793831691326436f,-5.724891075906463f,-0.6216324845236239f,0.7821492986858253f,-0.04260902193501935f,3.3919823222608256f,0.47558655411118045f,0.3336432450583972f,-0.8139407930405966f,-1.8719437418959883f,0f,0f,0f,1f],start_interpolation:0}
execute if entity @s[tag=aj.armor.bone.right_hand] run data modify entity @s {} merge value {transformation:[-0.5262363153490783f,0.6224070081013224f,-0.5793831691326436f,-5.209154995163314f,0.7821492986858252f,0.6216324845236241f,-0.04260902193501935f,3.8585197079094f,0.3336432450583973f,-0.4755865541111804f,-0.8139407930405966f,-2.252907424078895f,0f,0f,0f,1f],start_interpolation:0}
execute if entity @s[tag=aj.armor.bone.right_forearm] run data modify entity @s {} merge value {transformation:[-0.263617815064876f,1.4630680914852858f,-1.056771483761523f,-3.0878601286585607f,1.8023956469273124f,0.26862341794816774f,-0.07771713389483875f,4.168476056548772f,0.09329598679152892f,-1.0555101992121882f,-1.4845951097323296f,-3.8702265098575923f,0f,0f,0f,1f],start_interpolation:0}
execute if entity @s[tag=aj.armor.bone.right_bicep] run data modify entity @s {} merge value {transformation:[-0.22898553387754178f,1.0849880005603443f,1.1315923381670583f,-1.4086908946690684f,1.5656094007479628f,0.09914984393899771f,0.22174550417085168f,4.315654324613062f,0.08103940675948937f,1.1502629712246002f,-1.0864908041327968f,-2.0615143437828025f,0f,0f,0f,1f],start_interpolation:0}
execute if entity @s[tag=aj.armor.bone.right_shoulder] run data modify entity @s {} merge value {transformation:[-0.37489152367324646f,0.6018826329829342f,0.7236066751062501f,-1.1265781983255627f,0.9190815678971951f,0.40198958801960305f,0.14179711330737263f,3.9955882190806915f,-0.20287532057011173f,0.7089108871389976f,-0.6947661024159237f,-1.802974872249747f,0f,0f,0f,1f],start_interpolation:0}
execute if entity @s[tag=aj.armor.bone.right_arm] run data modify entity @s {} merge value {transformation:[-0.9800025811695314f,-0.05830933922841441f,0.8963552828906912f,-1.0690660446294133f,0.24674344064100812f,1.2580725786488298f,0.35160900537211837f,3.8928951276584813f,-0.8636958068139167f,0.4255716615528797f,-0.9166112291923046f,-1.7776991070031318f,0f,0f,0f,1f],start_interpolation:0}
execute if entity @s[tag=aj.armor.bone.left_thumb_2] run data modify entity @s {} merge value {transformation:[0.15512232638306778f,0.9878555982609197f,-0.008853295548310408f,-0.569807906668112f,-0.5416222767063618f,0.07754895449443017f,-0.8370373163917115f,1.305667193077574f,-0.8261854351372472f,0.13463831787935232f,0.5470741724169548f,2.983463702891945f,0f,0f,0f,1f],start_interpolation:0}
execute if entity @s[tag=aj.armor.bone.left_thumb] run data modify entity @s {} merge value {transformation:[0.15512232638306778f,0.9782487697186204f,-0.13771858408185483f,-0.29793963930275713f,-0.5416222767063618f,-0.03236978121628642f,-0.8399985158554908f,1.4494336563482284f,-0.8261854351372472f,0.20489397699301856f,0.524820050073415f,3.2044750354415696f,0f,0f,0f,1f],start_interpolation:0}
execute if entity @s[tag=aj.armor.bone.left_fingers_2] run data modify entity @s {} merge value {transformation:[0.22480359285285578f,-0.9158779697996474f,0.332612220274788f,-0.827374378056308f,0.5411888501077102f,-0.16650164129385212f,-0.824252286600133f,1.0126114308709488f,0.8102949914441914f,0.36530090046717667f,0.45823277813609953f,3.2780765374929945f,0f,0f,0f,1f],start_interpolation:0}
execute if entity @s[tag=aj.armor.bone.left_fingers] run data modify entity @s {} merge value {transformation:[0.9410880887350475f,-0.061010820064082025f,0.332612220274788f,-0.8955108495493347f,0.32153406348378494f,0.46607297073962306f,-0.824252286600133f,1.195975278704227f,-0.10473325766260344f,0.882640167781328f,0.45823277813609953f,3.675786179004575f,0f,0f,0f,1f],start_interpolation:0}
execute if entity @s[tag=aj.armor.bone.left_hand] run data modify entity @s {} merge value {transformation:[-0.10333430301615461f,0.9373852637758083f,0.332612220274788f,-0.15925479378317986f,-0.5148260792356151f,0.23571651654760284f,-0.824252286600133f,1.3725018708750687f,-0.8510441410168158f,-0.2564109808152183f,0.45823277813609953f,3.4401178804689363f,0f,0f,0f,1f],start_interpolation:0}
execute if entity @s[tag=aj.armor.bone.left_forearm] run data modify entity @s {} merge value {transformation:[-0.07404340975856603f,1.708244818352212f,0.6350163585905884f,2.376118045888748f,-1.3226133095161328f,0.3868698398489802f,-1.1949285845352908f,1.832825253755304f,-1.2538102602051135f,-0.508979301368484f,1.2229997807916164f,2.684027395822478f,0f,0f,0f,1f],start_interpolation:0}
execute if entity @s[tag=aj.armor.bone.left_bicep] run data modify entity @s {} merge value {transformation:[-0.06431609984137929f,-0.40349571956506936f,1.5307479215982518f,1.726541658530658f,-1.1488575410526058f,1.0658873759306962f,0.23269079930595019f,3.48966407208437f,-1.0890933594285024f,-1.1005497998762928f,-0.33585763103508226f,0.9677389277207502f,0f,0f,0f,1f],start_interpolation:0}
execute if entity @s[tag=aj.armor.bone.left_shoulder] run data modify entity @s {} merge value {transformation:[-0.12689486117703858f,-0.22839201247191201f,0.978850224249211f,1.6007749461217178f,-0.4572245503856759f,0.8917501816291781f,0.1487961785657979f,3.480096069296798f,-0.8951292551348755f,-0.42312135477921475f,-0.21476711665970916f,0.4850757624989189f,0f,0f,0f,1f],start_interpolation:0}
execute if entity @s[tag=aj.armor.bone.left_arm] run data modify entity @s {} merge value {transformation:[-0.9800025811695314f,-0.05830933922841441f,0.8963552828906912f,1.5107372628250966f,0.24674344064100812f,1.2580725786488298f,0.35160900537211837f,3.2433564871594713f,-0.8636958068139167f,0.4255716615528797f,-0.9166112291923046f,0.49593296485738236f,0f,0f,0f,1f],start_interpolation:0}
execute if entity @s[tag=aj.armor.bone.chest] run data modify entity @s {} merge value {transformation:[-1.9406598577318999f,-0.11546764890803934f,1.7750164634219106f,0.12500000000000003f,0.48861615225462607f,2.4913107357159983f,0.6962772297276931f,4.2549125f,-1.7103422111142146f,0.8427425152067721f,-1.8151285025361363f,-0.335938125f,0f,0f,0f,1f],start_interpolation:0}
execute if entity @s[tag=aj.armor.bone.weist] run data modify entity @s {} merge value {transformation:[-1.5531689757752434f,0.10938306507969633f,1.1729623690862347f,-0.13749999999999987f,0.13714400694843162f,1.9445643972611357f,0.00026036878640112935f,0.4946187499999999f,-1.1700414076334005f,0.0827278158030738f,-1.5570158812436832f,-1.09190375f,0f,0f,0f,1f],start_interpolation:0}
execute if entity @s[tag=aj.armor.bone.right_foot] run data modify entity @s {} merge value {transformation:[-0.9684867015437719f,-0.14766258702435764f,0.6525489745626005f,-1.4602839073746785f,0.07302958094898887f,1.1178923134086922f,0.3613507310145359f,-7.638055059610808f,-0.6650496854490218f,0.3377919935279676f,-0.9106022072612835f,-1.8807054008934436f,0f,0f,0f,1f],start_interpolation:0}
execute if entity @s[tag=aj.armor.bone.right_knee] run data modify entity @s {} merge value {transformation:[-2.389837329054369f,-0.4025886937794989f,1.6011022993029587f,-1.9586610270872926f,0.18020775958915258f,2.7365096551239727f,0.9570625681381328f,-4.205310657611036f,-1.6410762909067218f,0.8867727666027061f,-2.226528992932642f,-0.8931557200121032f,0f,0f,0f,1f],start_interpolation:0}
execute if entity @s[tag=aj.armor.bone.right_thigh] run data modify entity @s {} merge value {transformation:[-2.0894828084570447f,0.8810008662303658f,0.9939375180577842f,-0.6998413605989822f,0.35961518597541664f,2.158868673987733f,-1.1575731896642107f,-1.1735749680769711f,-1.2785739063962587f,-0.8325480437277196f,-1.9499039062750807f,-1.998242459656192f,0f,0f,0f,1f],start_interpolation:0}
execute if entity @s[tag=aj.armor.bone.right_leg] run data modify entity @s {} merge value {transformation:[-0.7968796529326411f,0.04606287491480716f,0.6023794736679996f,-0.4964787499999997f,0.06826549161362036f,0.9975686021074595f,0.014025218148750136f,-1.2865431249999997f,-0.6002688076159747f,0.052298141878580465f,-0.7980866262250882f,-2.141296875f,0f,0f,0f,1f],start_interpolation:0}
execute if entity @s[tag=aj.armor.bone.left_foot] run data modify entity @s {} merge value {transformation:[-1.1462688845528208f,0.009862887920032608f,0.2675093692274555f,0.30875693977866603f,0.016310590805861974f,1.1766997404752626f,0.026506230768929988f,-7.006756719266255f,-0.2671937570568555f,0.029518453277380684f,-1.1460048219717558f,0.7303456206740362f,0f,0f,0f,1f],start_interpolation:0}
execute if entity @s[tag=aj.armor.bone.left_knee] run data modify entity @s {} merge value {transformation:[-2.828532560200605f,-0.10361660101295411f,0.6523770722623202f,0.26585019519407704f,0.04024800619837752f,2.8363163315657967f,0.6249947630374357f,-3.466450836687579f,-0.6593271891982686f,0.617658445924353f,-2.760564143485213f,1.4171946619543867f,0f,0f,0f,1f],start_interpolation:0}
execute if entity @s[tag=aj.armor.bone.left_thigh] run data modify entity @s {} merge value {transformation:[-2.411013716899882f,0.43741841690601374f,0.354528854130539f,0.8217075903382983f,0.034307010068598084f,1.67019018163445f,-1.827375306052672f,-1.0987690836074546f,-0.5620041004475227f,-1.7745823758457595f,-1.6324893584207067f,-1.0490515987552862f,0f,0f,0f,1f],start_interpolation:0}
execute if entity @s[tag=aj.armor.bone.left_leg] run data modify entity @s {} merge value {transformation:[-0.8061832015438289f,0.05240698373687878f,0.5893404394780188f,0.7989781250000001f,0.07748375342789195f,0.9968426522260652f,0.017349197607664617f,-1.4002931249999993f,-0.5865704676364702f,0.0596509409691639f,-0.8076984906128187f,-1.200671875f,0f,0f,0f,1f],start_interpolation:0}