execute if entity @s[tag=aj.armor.bone.right_thumb_2] run data modify entity @s {} merge value {transformation:[-0.5949783666048739f,0.802801049777347f,-0.03887438422130751f,-4.527950914926957f,0.764792718556325f,0.5803572925468355f,0.2797811834826154f,4.432648989531368f,0.24716966018389544f,0.13673290556444823f,-0.9592764312858323f,-4.422359150850812f,0f,0f,0f,1f],start_interpolation:0}
execute if entity @s[tag=aj.armor.bone.right_thumb] run data modify entity @s {} merge value {transformation:[-0.5949783666048739f,0.7111558181685578f,-0.3745105413165368f,-4.4239899135579055f,0.764792718556325f,0.6442229709298828f,0.008298275091941809f,4.796754868292854f,0.24716966018389544f,-0.28148564086163363f,-0.92718552246748f,-4.415563628602734f,0f,0f,0f,1f],start_interpolation:0}
execute if entity @s[tag=aj.armor.bone.right_fingers_2] run data modify entity @s {} merge value {transformation:[0.559472640021718f,-0.8261973114301187f,0.06624475566241073f,-4.827506915174805f,-0.7875701365449147f,-0.5050008049255211f,0.35313944419619914f,4.322420880349392f,-0.25830920442321414f,-0.24974424840267925f,-0.9332224629208341f,-4.856957634223025f,0f,0f,0f,1f],start_interpolation:0}
execute if entity @s[tag=aj.armor.bone.right_fingers] run data modify entity @s {} merge value {transformation:[-0.801007100854558f,-0.5949783666048737f,0.06624475566241073f,-5.126627999089175f,-0.5388734829215717f,0.7647927185563251f,0.35313944419619914f,4.637181037438052f,-0.2607738364647623f,0.2471696601838955f,-0.9332224629208341f,-4.768129378254387f,0f,0f,0f,1f],start_interpolation:0}
execute if entity @s[tag=aj.armor.bone.right_hand] run data modify entity @s {} merge value {transformation:[-0.5949783666048739f,0.8010071008545578f,0.06624475566241073f,-4.472652125186703f,0.764792718556325f,0.5388734829215719f,0.35313944419619914f,5.035334831699054f,0.24716966018389544f,0.2607738364647624f,-0.9332224629208341f,-4.561820685273374f,0f,0f,0f,1f],start_interpolation:0}
execute if entity @s[tag=aj.armor.bone.right_forearm] run data modify entity @s {} merge value {transformation:[-0.20932276314156026f,1.8078753263480578f,0.12082775693602914f,-1.7987224554912957f,1.6995047368898202f,0.15372653544842194f,0.6441120734946643f,5.210300533720712f,0.6282485111429655f,0.18650340027579945f,-1.7021600546263917f,-4.385261917198856f,0f,0f,0f,1f],start_interpolation:0}
execute if entity @s[tag=aj.armor.bone.right_bicep] run data modify entity @s {} merge value {transformation:[-0.18182338951142743f,0.5393639314567854f,1.4785673337232776f,-0.9755946263210868f,1.476235585248115f,-0.4576327665141971f,0.34847568601442624f,4.487274066492286f,0.5457135766656703f,1.4176718084026183f,-0.45004210001589745f,-2.1688676013771113f,0f,0f,0f,1f],start_interpolation:0}
execute if entity @s[tag=aj.armor.bone.right_shoulder] run data modify entity @s {} merge value {transformation:[-0.22721980651117585f,0.2843347430663304f,0.9454828883069579f,-0.8325073004809858f,0.987150008591901f,0.047875111654728186f,0.22283584291558006f,4.0581355148639355f,0.017860535626727472f,0.9712233040018612f,-0.2877833798148794f,-1.9585377072115315f,0f,0f,0f,1f],start_interpolation:0}
execute if entity @s[tag=aj.armor.bone.right_arm] run data modify entity @s {} merge value {transformation:[-0.6922437851599408f,-0.07008152292362883f,1.1327598833638097f,-0.7920749697092029f,0.3007045760291593f,1.2680992735321668f,0.2622190338792429f,3.9519809292414974f,-1.0943642589050553f,0.39277301831737993f,-0.6444796786705488f,-1.9186777807551085f,0f,0f,0f,1f],start_interpolation:0}
execute if entity @s[tag=aj.armor.bone.left_thumb_2] run data modify entity @s {} merge value {transformation:[-0.1113061759122122f,0.9530674137266165f,0.2815553943654035f,-1.4820566807239501f,-0.17582974863692985f,0.2599597585539841f,-0.949476078385774f,0.8330122951393406f,-0.978107782761222f,-0.15518836562388483f,0.1386424771738939f,4.421238654255318f,0f,0f,0f,1f],start_interpolation:0}
execute if entity @s[tag=aj.armor.bone.left_thumb] run data modify entity @s {} merge value {transformation:[-0.1113061759122122f,0.9816641434076125f,0.15474638849290823f,-1.1633285099683328f,-0.17582974863692985f,0.1338042696666017f,-0.9752847363274284f,0.953587088916766f,-0.978107782761222f,-0.13576423301733692f,0.15771251800393177f,4.586469499285121f,0f,0f,0f,1f],start_interpolation:0}
execute if entity @s[tag=aj.armor.bone.left_fingers_2] run data modify entity @s {} merge value {transformation:[0.4555929155469428f,-0.6905639531353707f,0.5617441783708008f,-1.5794493525503088f,0.2712218895997026f,-0.4933552907251436f,-0.8264618827964638f,0.4050844078980437f,0.8478642473329108f,0.5288874963010177f,-0.03747311504316203f,4.636671428115893f,0f,0f,0f,1f],start_interpolation:0}
execute if entity @s[tag=aj.armor.bone.left_fingers] run data modify entity @s {} merge value {transformation:[0.7956019795989333f,0.22685010056152166f,0.5617441783708008f,-1.5119933563178378f,0.5520792986610272f,0.11031411638803314f,-0.8264618827964638f,0.42086987700958783f,-0.24945127389573893f,0.9676620420377949f,-0.03747311504316203f,5.0744366002438595f,0f,0f,0f,1f],start_interpolation:0}
execute if entity @s[tag=aj.armor.bone.left_hand] run data modify entity @s {} merge value {transformation:[-0.3615585717101426f,0.744122891254822f,0.5617441783708008f,-0.9394875102588278f,-0.20450576122575043f,0.5245361283172023f,-0.8264618827964638f,0.8366443078941248f,-0.9096443221657562f,-0.41369429872861907f,-0.03747311504316203f,4.716466150092781f,0f,0f,0f,1f],start_interpolation:0}
execute if entity @s[tag=aj.armor.bone.left_forearm] run data modify entity @s {} merge value {transformation:[0.16254640629303038f,1.3798266550868616f,1.181729930799136f,1.1457592088074797f,-1.4424586768761516f,0.819292139082766f,-0.7582228682751495f,1.945384690903797f,-1.1044094317504856f,-0.8669875168550556f,1.1642340891382545f,3.438136475223235f,0f,0f,0f,1f],start_interpolation:0}
execute if entity @s[tag=aj.armor.bone.left_bicep] run data modify entity @s {} merge value {transformation:[0.14119218617954704f,0.0012983086315692541f,1.5780360061925216f,1.127852375746274f,-1.252958454797492f,0.9632439359906515f,0.11131390844016742f,3.44330686316542f,-0.9593197761939595f,-1.2578926782740418f,0.08686848007900633f,1.4712559577918998f,0f,0f,0f,1f],start_interpolation:0}
execute if entity @s[tag=aj.armor.bone.left_shoulder] run data modify entity @s {} merge value {transformation:[0.08512558836209592f,-0.030099684121311147f,1.0090890059299253f,1.138271424246933f,-0.5422271588844038f,0.8528399619896947f,0.07118065796551884f,3.3893456988078214f,-0.851561108224768f,-0.5460503519970059f,0.055548813756834944f,0.9754211265638322f,0f,0f,0f,1f],start_interpolation:0}
execute if entity @s[tag=aj.armor.bone.left_arm] run data modify entity @s {} merge value {transformation:[-0.6922437851599408f,-0.07008152292362883f,1.1327598833638097f,1.0302190128119597f,0.3007045760291593f,1.2680992735321668f,0.2622190338792429f,3.1603925449732193f,-1.0943642589050553f,0.39277301831737993f,-0.6444796786705488f,0.962176401602264f,0f,0f,0f,1f],start_interpolation:0}
execute if entity @s[tag=aj.armor.bone.chest] run data modify entity @s {} merge value {transformation:[-1.3599741856308891f,-0.13768135461673195f,2.2254070501147294f,2.6597874209406526e-17f,0.590760754618044f,2.4912932608308958f,0.5151525007544098f,4.2549125f,-2.1499754475138917f,0.7716373583629196f,-1.266137370887526f,-0.21093812500000003f,0f,0f,0f,1f],start_interpolation:0}
execute if entity @s[tag=aj.armor.bone.weist] run data modify entity @s {} merge value {transformation:[-1.2233221472373677f,0.1256843355677019f,1.507948922165182f,-0.22916666666666652f,0.16992153679026606f,1.9382436819792692f,-0.02369980147497608f,0.4946187499999999f,-1.5036067223183938f,0.116783804733466f,-1.2295332234383036f,-1.100237083333333f,0f,0f,0f,1f],start_interpolation:0}
execute if entity @s[tag=aj.armor.bone.right_foot] run data modify entity @s {} merge value {transformation:[-0.7636973253479945f,-0.6158934157228789f,0.650409556050714f,0.8277710123808596f,0.09182618120783871f,0.7963802803321183f,0.8619381047496885f,-7.3387649158853225f,-0.8910248271387659f,0.6099546249057419f,-0.4686373948534098f,-4.139196366059966f,0f,0f,0f,1f],start_interpolation:0}
execute if entity @s[tag=aj.armor.bone.right_knee] run data modify entity @s {} merge value {transformation:[-1.884499160707504f,-1.346472738321532f,1.7528841281681038f,-0.8254407839102026f,0.22659024154405025f,2.173672766118193f,1.9133040157818935f,-4.5707453864266325f,-2.198692444218552f,1.3780734956188014f,-1.3052178611033685f,-2.52292692804475f,0f,0f,0f,1f],start_interpolation:0}
execute if entity @s[tag=aj.armor.bone.right_thigh] run data modify entity @s {} merge value {transformation:[-1.6904221164141673f,0.15763082075954807f,1.8021205053002367f,-0.6003270192863226f,0.25900278340010224f,2.4621472905374473f,0.02758624347696611f,-1.1327232545926023f,-1.7903640270816186f,0.20735468884219121f,-1.6975315627364072f,-2.167128445662109f,0f,0f,0f,1f],start_interpolation:0}
execute if entity @s[tag=aj.armor.bone.right_leg] run data modify entity @s {} merge value {transformation:[-0.6286916762408867f,0.06459189493439996f,0.7749675240513033f,-0.3714787499999997f,0.08732634820300643f,0.9961052958443756f,-0.012179839913409048f,-1.2865431249999997f,-0.7727359737549114f,0.06001771987981909f,-0.6318836824649583f,-2.2621302083333337f,0f,0f,0f,1f],start_interpolation:0}
execute if entity @s[tag=aj.armor.bone.left_foot] run data modify entity @s {} merge value {transformation:[-0.9583405836853955f,0.029022690642335185f,0.6828849858987801f,-1.5061713528292182f,0.035094373568061096f,1.1765877401343807f,-0.0007547091484478112f,-5.910908599694185f,-0.6825998868165474f,0.019745077105766937f,-0.9587796521227837f,1.8804132755924974f,0f,0f,0f,1f],start_interpolation:0}
execute if entity @s[tag=aj.armor.bone.left_knee] run data modify entity @s {} merge value {transformation:[-2.3648007734008094f,0.11837189040691906f,1.6824488361369117f,-1.2487477758469925f,0.08659885970457054f,2.9021765047954475f,-0.08246733320031562f,-2.31410869641655f,-1.6843831595438212f,-0.016979961978640646f,-2.3663249441423724f,1.816133463400513f,0f,0f,0f,1f],start_interpolation:0}
execute if entity @s[tag=aj.armor.bone.left_thigh] run data modify entity @s {} merge value {transformation:[-2.0157332401365164f,1.3821255781774817f,0.3956780429785855f,0.6359920496369746f,0.07381602798335833f,0.7800299322579504f,-2.3486415694467895f,-1.1818964710098974f,-1.4357518662918614f,-1.9003407362544957f,-0.6762650275670177f,-0.8602663970358735f,0f,0f,0f,1f],start_interpolation:0}
execute if entity @s[tag=aj.armor.bone.left_leg] run data modify entity @s {} merge value {transformation:[-0.6215798398081215f,0.01855339708506822f,0.7831310708947219f,0.6593947916666667f,0.08564129555322571f,0.9953365131022963f,0.04439362771082492f,-1.4794597916666667f,-0.7786552968034541f,0.09466254350040496f,-0.6202700473325782f,-1.019421875f,0f,0f,0f,1f],start_interpolation:0}