# This file was generated by Animated Java via MC-Build. It is not recommended to edit this file directly.
$data merge entity $(bone_neck) { transformation: [-1f,-2.4219138048637158e-17f,1.200459544457856e-16f,-6.518545970917953e-17f,0f,0.9802496077184563f,0.19776427020018722f,4.5075854857017505f,-1.2246467991473532e-16f,0.19776427020018722f,-0.9802496077184563f,0.5322796724293417f,0f,0f,0f,1f], start_interpolation: 0, interpolation_duration: 1 }
$data merge entity $(bone_right_thumb_2) { transformation: [-0.9181501265980281f,0.03323644990100855f,-0.3948362742023616f,-3.67608167194799f,0.18455528669424467f,0.9176564605144989f,-0.3519175565799574f,0.1361748160778165f,0.35062756762871616f,-0.3959822709086609f,-0.848680357935065f,-1.7396868692230922f,0f,0f,0f,1f], start_interpolation: 0, interpolation_duration: 1 }
$data merge entity $(bone_right_thumb) { transformation: [-0.9181501265980281f,0.03323644990100855f,-0.3948362742023616f,-3.802052302478789f,0.18455528669424467f,0.9176564605144989f,-0.3519175565799574f,0.4264375174125232f,0.35062756762871616f,-0.3959822709086609f,-0.848680357935065f,-1.8014424709785357f,0f,0f,0f,1f], start_interpolation: 0, interpolation_duration: 1 }
$data merge entity $(bone_right_fingers2) { transformation: [0.6567337014589738f,-0.6628329694174333f,-0.3596571979277814f,-3.8944370517741627f,-0.7148197269102314f,-0.699106044964775f,-0.01683733689429867f,-0.3529572178534363f,-0.2402781791756748f,0.2681477065853403f,-0.932932582808128f,-1.9327665135337597f,0f,0f,0f,1f], start_interpolation: 0, interpolation_duration: 1 }
$data merge entity $(bone_right_fingers) { transformation: [-0.43467140568956586f,-0.8256557812155095f,-0.3596571979277814f,-4.266818269458855f,-0.8816997229354254f,0.47151044809410314f,-0.01683733689429867f,-0.08946435281070486f,0.18348397110224868f,0.3097909428687427f,-0.932932582808128f,-1.8026734399162372f,0f,0f,0f,1f], start_interpolation: 0, interpolation_duration: 1 }
$data merge entity $(bone_right_hand) { transformation: [-0.8603980209097317f,0.36105670689429575f,-0.3596571979277814f,-4.076542640814698f,0.392871014253367f,0.9194394326141547f,-0.01683733689429867f,0.5828673288788799f,0.3246037765863907f,-0.15578569947465648f,-0.932932582808128f,-1.9195139024213836f,0f,0f,0f,1f], start_interpolation: 0, interpolation_duration: 1 }
$data merge entity $(bone_right_forearm) { transformation: [-1.2951822358176954f,0.543509191708601f,-0.5414024700422955f,-3.2537113820772046f,0.591400196493509f,1.3840589948975381f,-0.025345734315980535f,2.5620506740578195f,0.4886355325056443f,-0.23450875716876837f,-1.40437062743474f,-2.2666143977954185f,0f,0f,0f,1f], start_interpolation: 0, interpolation_duration: 1 }
$data merge entity $(bone_right_bicep) { transformation: [-1.3584766992275692f,0.6960559599642677f,0.40367228824683266f,-2.1364304848646025f,0.6203014252645461f,0.4014052960185247f,1.395350883537004f,3.158173477792807f,0.5125147388270751f,1.3591482799793944f,-0.6188285332452866f,-0.3459342572391445f,0f,0f,0f,1f], start_interpolation: 0, interpolation_duration: 1 }
$data merge entity $(bone_right_shoulder) { transformation: [-0.9238795325129066f,0.28474646968719347f,0.2556678654121659f,-1.795433125f,0.34275548779666953f,0.3185910340495399f,0.8837524702135277f,3.0730145603817953f,0.17019190635573805f,0.9041123829612804f,-0.39193815071650606f,-0.15605056424058647f,0f,0f,0f,1f], start_interpolation: 0, interpolation_duration: 1 }
$data merge entity $(bone_right_arm) { transformation: [-1.46271875f,-5.059496067905214e-17f,1.718377214616131e-16f,-1.4259925f,0f,1.4031614795486602f,0.4131392064575543f,3.126498593250242f,-1.7913138352403177e-16f,0.4131392064575543f,-1.4031614795486602f,-0.1488061115944211f,0f,0f,0f,1f], start_interpolation: 0, interpolation_duration: 1 }
$data merge entity $(bone_left_thumb_2) { transformation: [-0.9181501265980281f,-0.03323644990100848f,0.39483627420236184f,3.7205168658583734f,-0.18455528669424467f,0.9176564605144989f,-0.3519175565799574f,0.14359309918200908f,-0.35062756762871633f,-0.395982270908661f,-0.848680357935065f,-1.7984103568858603f,0f,0f,0f,1f], start_interpolation: 0, interpolation_duration: 1 }
$data merge entity $(bone_left_thumb) { transformation: [-0.9181501265980281f,-0.03323644990100848f,0.39483627420236184f,3.8464874963891718f,-0.18455528669424467f,0.9176564605144989f,-0.3519175565799574f,0.4338558005167156f,-0.35062756762871633f,-0.395982270908661f,-0.848680357935065f,-1.8601659586413037f,0f,0f,0f,1f], start_interpolation: 0, interpolation_duration: 1 }
$data merge entity $(bone_left_fingers2) { transformation: [0.6567337014589738f,0.6628329694174333f,0.3596571979277816f,3.9388722456845455f,0.7148197269102314f,-0.699106044964775f,-0.01683733689429867f,-0.34553893474924363f,0.24027817917567493f,0.2681477065853405f,-0.932932582808128f,-1.9914900011965275f,0f,0f,0f,1f], start_interpolation: 0, interpolation_duration: 1 }
$data merge entity $(bone_left_fingers) { transformation: [-0.43467140568956586f,0.8256557812155095f,0.3596571979277816f,4.311253463369238f,0.8816997229354254f,0.47151044809410314f,-0.01683733689429867f,-0.08204606970651218f,-0.1834839711022488f,0.30979094286874287f,-0.932932582808128f,-1.861396927579005f,0f,0f,0f,1f], start_interpolation: 0, interpolation_duration: 1 }
$data merge entity $(bone_left_hand) { transformation: [-0.8603980209097317f,-0.36105670689429575f,0.3596571979277816f,4.120977834725081f,-0.392871014253367f,0.9194394326141547f,-0.01683733689429867f,0.5902856119830726f,-0.3246037765863909f,-0.1557856994746566f,-0.932932582808128f,-1.9782373900841517f,0f,0f,0f,1f], start_interpolation: 0, interpolation_duration: 1 }
$data merge entity $(bone_left_forearm) { transformation: [-1.295182235817696f,-0.5435091917086012f,0.541402470042296f,3.2981465759875874f,-0.5914001964935093f,1.3840589948975388f,-0.025345734315980546f,2.569468957162012f,-0.4886355325056448f,-0.23450875716876865f,-1.4043706274347407f,-2.325337885458187f,0f,0f,0f,1f], start_interpolation: 0, interpolation_duration: 1 }
$data merge entity $(bone_left_bicep) { transformation: [-1.3584766992275692f,-0.6960559599642681f,-0.4036722882468325f,2.0946672556708066f,-0.6203014252645461f,0.4014052960185247f,1.395350883537004f,3.0815167304171696f,-0.5125147388270753f,1.3591482799793944f,-0.6188285332452867f,-0.3320751169665961f,0f,0f,0f,1f], start_interpolation: 0, interpolation_duration: 1 }
$data merge entity $(bone_left_shoulder) { transformation: [-0.9238795325129066f,-0.2847464696871937f,-0.2556678654121658f,1.795433125f,-0.34275548779666953f,0.3185910340495399f,0.8837524702135277f,3.073014560381795f,-0.17019190635573828f,0.9041123829612804f,-0.3919381507165062f,-0.15605056424058608f,0f,0f,0f,1f], start_interpolation: 0, interpolation_duration: 1 }
$data merge entity $(bone_left_arm) { transformation: [-1.46271875f,-5.059496067905214e-17f,1.718377214616131e-16f,1.4259925f,0f,1.4031614795486602f,0.4131392064575543f,3.0665433951154046f,-1.7913138352403177e-16f,0.4131392064575543f,-1.4031614795486602f,-0.16645899284968407f,0f,0f,0f,1f], start_interpolation: 0, interpolation_duration: 1 }
$data merge entity $(bone_chest) { transformation: [-2.06546125f,-7.144362559641481e-17f,2.4264688954541346e-16f,-4.0839595625704194e-17f,0f,1.9813622157372528f,0.5833814749375628f,3.7817834634055956f,-2.529460508575391e-16f,0.5833814749375628f,-1.9813622157372528f,0.33348060562554277f,0f,0f,0f,1f], start_interpolation: 0, interpolation_duration: 1 }
$data merge entity $(bone_left_cheek) { transformation: [-1.1365391681130204f,-0.026633292231559098f,-0.009789712337473088f,0.7741482504808768f,-0.028064757981820027f,1.1129650494008516f,0.23032068849619283f,-1.444370064723139f,0.00418808812753135f,0.2304906027039861f,-1.113275793934624f,-1.4458622185757928f,0f,0f,0f,1f], start_interpolation: 0, interpolation_duration: 1 }
$data merge entity $(bone_left_foot) { transformation: [-1.1303137782016537f,0.02921274150882863f,-0.06941563902350945f,0.9706870053573641f,0.022707533557685684f,1.1277297481062536f,0.10483861672081074f,-7.62580131382016f,0.07180726374977944f,0.1032152283810137f,-1.1258203612934996f,-4.6289566688883355f,0f,0f,0f,1f], start_interpolation: 0, interpolation_duration: 1 }
$data merge entity $(bone_left_knee) { transformation: [-3.115712995652616f,0.03588971595324744f,-0.1661558821949301f,1.056594588657524f,-0.06682734646168309f,2.5458183949274735f,1.8030269343500034f,-4.445016750049202f,0.15630084665180308f,1.8039079656444437f,-2.541269253148559f,-2.2401503867000176f,0f,0f,0f,1f], start_interpolation: 0, interpolation_duration: 1 }
$data merge entity $(bone_left_leg) { transformation: [-2.366218265544047f,-0.13441420465216436f,-0.24562229018941076f,0.7753200000000001f,-0.21061908803775034f,2.231727874857197f,0.8077231334956121f,-1.354213902707356f,0.18449142962292703f,0.8238385049374362f,-2.228147077331877f,-1.2963797172520992f,0f,0f,0f,1f], start_interpolation: 0, interpolation_duration: 1 }
$data merge entity $(bone_right_cheek) { transformation: [-1.1349001534714729f,0.06091190733841752f,0.028597772161512804f,-0.8025854210416995f,0.06379279239895057f,1.1276629881453075f,0.12974249952470798f,-1.4095940195441683f,-0.02141430984529173f,0.13111970137767426f,-1.1291038493523338f,-1.3259883020990755f,0f,0f,0f,1f], start_interpolation: 0, interpolation_duration: 1 }
$data merge entity $(bone_right_foot) { transformation: [-1.1272465551973323f,0.031560037582990516f,0.10770478273274835f,-1.8258201776645333f,0.03330455410927277f,1.1322056115740817f,0.016805124091854626f,-7.504723599174657f,-0.10717818281409154f,0.01988893028597397f,-1.1275630447920637f,1.9200938255097353f,0f,0f,0f,1f], start_interpolation: 0, interpolation_duration: 1 }
$data merge entity $(bone_right_knee) { transformation: [-3.0818406073624907f,0.40021882751884813f,0.2804401559848551f,-1.3596096715646473f,0.3607728433875129f,3.071085945113381f,-0.41813561601341515f,-3.5714146420470265f,-0.32964336253512005f,-0.38055134739515467f,-3.0794608693260015f,1.5420800432264758f,0f,0f,0f,1f], start_interpolation: 0, interpolation_duration: 1 }
$data merge entity $(bone_right_leg) { transformation: [-2.3533230701648975f,0.3730575103739431f,-0.009218971076100058f,-0.7753199999999999f,0.2754896062452198f,1.6970782002581022f,-1.6496719149891657f,-1.409421438158542f,-0.2517188358565175f,-1.6303803372853718f,-1.719268434978297f,-0.8046776515332497f,0f,0f,0f,1f], start_interpolation: 0, interpolation_duration: 1 }
$data merge entity $(bone_weist) { transformation: [-2.0892733333333333f,-2.8548421240331453e-17f,2.542645235322006e-16f,9.047920827787366e-17f,0f,2.0762273964152724f,0.23311555021584976f,0.29790806775069645f,-2.5586219002105877e-16f,0.23311555021584976f,-2.0762273964152724f,-0.7388188034367853f,0f,0f,0f,1f], start_interpolation: 0, interpolation_duration: 1 }
data modify entity @s data merge value {"locators":{"consume":{"posx":-4.1155916712714316,"posy":-0.19375785281248092,"posz":-1.8657419947562013,"roty":338.91772397535954,"rotx":-0.9647539299113782}},"cameras":{}}