# This file was generated by Animated Java via MC-Build. It is not recommended to edit this file directly.
$data merge entity $(bone_neck) { transformation: [-1f,-2.225173633470195e-17f,1.2042615188035148e-16f,-5.901545666066644e-17f,0f,0.9833541553711392f,0.18169921605310588f,4.52514278041054f,-1.2246467991473532e-16f,0.18169921605310588f,-0.9833541553711392f,0.48189777413173585f,0f,0f,0f,1f], start_interpolation: 0, interpolation_duration: 1 }
$data merge entity $(bone_right_thumb_2) { transformation: [-0.9010191705460049f,-0.02605271967236772f,-0.4329962010298268f,-3.6580494772324204f,0.22496915425328434f,0.8253923374156872f,-0.5177995451620544f,-0.15290243920815588f,0.37088183285670795f,-0.5639581058315781f,-0.7378332609226201f,-1.050044675394707f,0f,0f,0f,1f], start_interpolation: 0, interpolation_duration: 1 }
$data merge entity $(bone_right_thumb) { transformation: [-0.9010191705460049f,-0.02605271967236772f,-0.4329962010298268f,-3.7984859660735015f,0.22496915425328434f,0.8253923374156872f,-0.5177995451620544f,0.11687883887525204f,0.37088183285670795f,-0.5639581058315781f,-0.7378332609226201f,-1.1569579322354602f,0f,0f,0f,1f], start_interpolation: 0, interpolation_duration: 1 }
$data merge entity $(bone_right_fingers2) { transformation: [0.6671708371399816f,-0.6180602844636793f,-0.41579388985242666f,-3.869278637895635f,-0.7307376490055f,-0.6513797657821458f,-0.20427160609226022f,-0.6753250424504789f,-0.14458755961648595f,0.4401203079821159f,-0.8862215028455789f,-1.1316892273924877f,0f,0f,0f,1f], start_interpolation: 0, interpolation_duration: 1 }
$data merge entity $(bone_right_fingers) { transformation: [-0.3888324298891685f,-0.8221464484067743f,-0.41579388985242666f,-4.242595113050953f,-0.8409689729729142f,0.5010432091560271f,-0.20427160609226022f,-0.40131318689435f,0.37627188037822684f,0.2702423355633915f,-0.8862215028455789f,-1.028865196114233f,0f,0f,0f,1f], start_interpolation: 0, interpolation_duration: 1 }
$data merge entity $(bone_right_hand) { transformation: [-0.8529069121891547f,0.31569802074347814f,-0.41579388985242666f,-4.0854743655440915f,0.4258413130089178f,0.8814376251779416f,-0.20427160609226022f,0.24080272797323587f,0.3020082370976035f,-0.35128688079591175f,-0.8862215028455789f,-1.2835937208509398f,0f,0f,0f,1f], start_interpolation: 0, interpolation_duration: 1 }
$data merge entity $(bone_right_forearm) { transformation: [-1.2839056513699398f,0.4752294384840959f,-0.6259066697166451f,-3.361129584354405f,0.6410313488439533f,1.3268537657777562f,-0.30749600657252363f,2.1370875547565498f,0.45462180787660444f,-0.5288023875294424f,-1.334055076360616f,-2.054388921765403f,0f,0f,0f,1f], start_interpolation: 0, interpolation_duration: 1 }
$data merge entity $(bone_right_bicep) { transformation: [-1.3466490376093752f,0.7631339622681231f,0.31155590699446345f,-2.150501264981148f,0.6723580101676936f,0.6717307969369516f,1.260799984396507f,3.118061496924537f,0.47683879216515884f,1.2080183980899655f,-0.897897808331811f,-0.3618286126906546f,0f,0f,0f,1f], start_interpolation: 0, interpolation_duration: 1 }
$data merge entity $(bone_right_shoulder) { transformation: [-0.9238795325129066f,0.3278860454732725f,0.19732549401339977f,-1.795433125f,0.34549424012735663f,0.492927181041972f,0.7985339843919202f,3.0795016151507406f,0.16456105080654287f,0.8059240258075906f,-0.568688073713114f,-0.18286825673455395f,0f,0f,0f,1f], start_interpolation: 0, interpolation_duration: 1 }
$data merge entity $(bone_right_arm) { transformation: [-1.46271875f,-4.777662524998809e-17f,1.7264254007328544e-16f,-1.4259925f,0f,1.4097333222402235f,0.3901257512227365f,3.13309702032472f,-1.7913138352403177e-16f,0.3901257512227365f,-1.4097333222402235f,-0.1764998652380596f,0f,0f,0f,1f], start_interpolation: 0, interpolation_duration: 1 }
$data merge entity $(bone_left_thumb_2) { transformation: [-0.9010191705460049f,0.02605271967236783f,0.43299620102982694f,3.7062814311807264f,-0.22496915425328434f,0.8253923374156872f,-0.5177995451620544f,-0.15799383939881295f,-0.37088183285670817f,-0.5639581058315781f,-0.73783326092262f,-1.1059528290735177f,0f,0f,0f,1f], start_interpolation: 0, interpolation_duration: 1 }
$data merge entity $(bone_left_thumb) { transformation: [-0.9010191705460049f,0.02605271967236783f,0.43299620102982694f,3.8467179200218076f,-0.22496915425328434f,0.8253923374156872f,-0.5177995451620544f,0.11178743868459474f,-0.37088183285670817f,-0.5639581058315781f,-0.73783326092262f,-1.2128660859142708f,0f,0f,0f,1f], start_interpolation: 0, interpolation_duration: 1 }
$data merge entity $(bone_left_fingers2) { transformation: [0.6671708371399816f,0.6180602844636792f,0.4157938898524268f,3.9175105918439415f,0.7307376490055f,-0.6513797657821458f,-0.20427160609226022f,-0.6804164426411359f,0.14458755961648606f,0.44012030798211604f,-0.8862215028455788f,-1.187597381071298f,0f,0f,0f,1f], start_interpolation: 0, interpolation_duration: 1 }
$data merge entity $(bone_left_fingers) { transformation: [-0.38883242988916844f,0.8221464484067743f,0.4157938898524268f,4.29082706699926f,0.8409689729729142f,0.5010432091560271f,-0.20427160609226022f,-0.40640458708500704f,-0.37627188037822695f,0.2702423355633917f,-0.8862215028455788f,-1.0847733497930434f,0f,0f,0f,1f], start_interpolation: 0, interpolation_duration: 1 }
$data merge entity $(bone_left_hand) { transformation: [-0.8529069121891547f,-0.3156980207434781f,0.4157938898524268f,4.133706319492398f,-0.4258413130089178f,0.8814376251779416f,-0.20427160609226022f,0.23571132778257886f,-0.3020082370976037f,-0.35128688079591186f,-0.8862215028455788f,-1.3395018745297504f,0f,0f,0f,1f], start_interpolation: 0, interpolation_duration: 1 }
$data merge entity $(bone_left_forearm) { transformation: [-1.2839056513699405f,-0.47522943848409605f,0.6259066697166457f,3.4093615383027114f,-0.6410313488439535f,1.3268537657777568f,-0.30749600657252374f,2.1319961545658925f,-0.454621807876605f,-0.5288023875294428f,-1.3340550763606165f,-2.110297075444214f,0f,0f,0f,1f], start_interpolation: 0, interpolation_duration: 1 }
$data merge entity $(bone_left_bicep) { transformation: [-1.3466490376093752f,-0.7631339622681234f,-0.3115559069944633f,2.1050916375749287f,-0.6723580101676936f,0.6717307969369516f,1.260799984396507f,3.0465597328920824f,-0.4768387921651592f,1.2080183980899655f,-0.8978978083318111f,-0.3365706737589934f,0f,0f,0f,1f], start_interpolation: 0, interpolation_duration: 1 }
$data merge entity $(bone_left_shoulder) { transformation: [-0.9238795325129066f,-0.3278860454732726f,-0.19732549401339966f,1.795433125f,-0.34549424012735663f,0.492927181041972f,0.7985339843919202f,3.079501615150741f,-0.1645610508065431f,0.8059240258075906f,-0.5686880737131141f,-0.1828682567345535f,0f,0f,0f,1f], start_interpolation: 0, interpolation_duration: 1 }
$data merge entity $(bone_left_arm) { transformation: [-1.46271875f,-4.777662524998809e-17f,1.7264254007328544e-16f,1.4259925f,0f,1.4097333222402235f,0.3901257512227365f,3.072861016212505f,-1.7913138352403177e-16f,0.3901257512227365f,-1.4097333222402235f,-0.1931694125802404f,0f,0f,0f,1f], start_interpolation: 0, interpolation_duration: 1 }
$data merge entity $(bone_chest) { transformation: [-2.06546125f,-6.746393871660013e-17f,2.437833497539723e-16f,-3.612716591918024e-17f,0f,1.9906421175779312f,0.5508848654450503f,3.7961852185116944f,-2.529460508575391e-16f,0.5508848654450503f,-1.9906421175779312f,0.2950006968893674f,0f,0f,0f,1f], start_interpolation: 0, interpolation_duration: 1 }
$data merge entity $(bone_left_cheek) { transformation: [-1.1365251078299599f,-0.027342640698789687f,-0.009461006790690346f,0.7745340134633013f,-0.02861075253379549f,1.1174235943432913f,0.2075388807480364f,-1.4582558865859034f,0.004307608306997718f,0.20770975466336344f,-1.1177497724026326f,-1.3926917353714303f,0f,0f,0f,1f], start_interpolation: 0, interpolation_duration: 1 }
$data merge entity $(bone_left_foot) { transformation: [-1.1303388630080413f,0.026152098764831756f,-0.07022303684606374f,0.9836065751278777f,0.01988639010575705f,1.1282165876501669f,0.10006505503708768f,-7.676057308045404f,0.07224775887355116f,0.0986131405098136f,-1.126204627168856f,-4.4685035163563125f,0f,0f,0f,1f], start_interpolation: 0, interpolation_duration: 1 }
$data merge entity $(bone_left_knee) { transformation: [-3.1154446353463974f,0.029704319593855666f,-0.17229537912143061f,1.0618480599007984f,-0.07477169648336213f,2.5532268526623145f,1.7922067828313966f,-4.485354164631623f,0.15804188582186504f,1.793519894626021f,-2.548503967052889f,-2.092696763170273f,0f,0f,0f,1f], start_interpolation: 0, interpolation_duration: 1 }
$data merge entity $(bone_left_leg) { transformation: [-2.366218265544047f,-0.13841501767930717f,-0.2433901615328813f,0.7753200000000001f,-0.20757229486746212f,2.257225538593936f,0.7343248452607432f,-1.3657919694489271f,0.1879128262083787f,0.7504402167025673f,-2.2536447410686153f,-1.2506076389396488f,0f,0f,0f,1f], start_interpolation: 0, interpolation_duration: 1 }
$data merge entity $(bone_right_cheek) { transformation: [-1.1348302274310127f,0.06781007825582033f,0.009412734650115615f,-0.7984925212189411f,0.06843344870844827f,1.1279862666310425f,0.12446002075931599f,-1.3796034556523684f,-0.0019155637609177037f,0.12480074902211412f,-1.1300210418557592f,-1.2830640799221769f,0f,0f,0f,1f], start_interpolation: 0, interpolation_duration: 1 }
$data merge entity $(bone_right_foot) { transformation: [-1.1271080944965584f,0.03100690425408317f,0.10930264227783187f,-1.8206241308240632f,0.03132925056808949f,1.132385222735696f,0.0018269615952431234f,-7.825011243215923f,-0.10921068527932337f,0.004840621696306079f,-1.1275330358807292f,1.7523714384532818f,0f,0f,0f,1f], start_interpolation: 0, interpolation_duration: 1 }
$data merge entity $(bone_right_knee) { transformation: [-3.0818406073624907f,0.3958428764679318f,0.28658368435583564f,-1.360211834205567f,0.35533101335027134f,3.07131359356927f,-0.4211128127780771f,-3.891364882505524f,-0.335502104227143f,-0.38328129002599115f,-3.0784894203087565f,1.3707789414007756f,0f,0f,0f,1f], start_interpolation: 0, interpolation_duration: 1 }
$data merge entity $(bone_right_leg) { transformation: [-2.3533230701648975f,0.37006494858880506f,0.048050278876108014f,-0.7753199999999999f,0.27133417259301773f,1.9074949048487522f,-1.4018656579015543f,-1.4231691150442265f,-0.25619262725021785f,-1.3790944455861098f,-1.926097146028885f,-0.6512971965418285f,0f,0f,0f,1f], start_interpolation: 0, interpolation_duration: 1 }
$data merge entity $(bone_weist) { transformation: [-2.0892733333333333f,-2.43843917928151e-17f,2.546975887582505e-16f,8.819329900369831e-17f,0f,2.0797636423463555f,0.19911366942527808f,0.2952315065457656f,-2.5586219002105877e-16f,0.19911366942527808f,-2.0797636423463555f,-0.720152937688662f,0f,0f,0f,1f], start_interpolation: 0, interpolation_duration: 1 }
data modify entity @s data merge value {"locators":{"consume":{"posx":-4.0917246381275865,"posy":-0.5118898213080056,"posz":-1.0811640342438595,"roty":334.8651557547067,"rotx":-11.786862892306514}},"cameras":{}}