# This file was generated by Animated Java via MC-Build. It is not recommended to edit this file directly.
$data merge entity $(bone_neck) { transformation: [-1f,-2.2580064568900894e-17f,1.2036502195689097e-16f,-5.645919387368206e-17f,0f,0.9828549916653012f,0.18438021954266337f,4.5262250522081455f,-1.2246467991473532e-16f,0.18438021954266337f,-0.9828549916653012f,0.4610243044197819f,0f,0f,0f,1f], start_interpolation: 0, interpolation_duration: 1 }
$data merge entity $(bone_right_thumb_2) { transformation: [-0.873760117269753f,-0.12272218436434243f,-0.4706192972388528f,-3.5430446970410467f,0.2798456849924609f,0.6645532396216727f,-0.6928602920498763f,-0.2635233449767218f,0.3977809071082318f,-0.7370944696395327f,-0.5463168428366165f,-0.15490157427098628f,0f,0f,0f,1f], start_interpolation: 0, interpolation_duration: 1 }
$data merge entity $(bone_right_thumb) { transformation: [-0.873760117269753f,-0.12272218436434243f,-0.4706192972388528f,-3.7071666448488982f,0.2798456849924609f,0.6645532396216727f,-0.6928602920498763f,-0.03174470382564261f,0.3977809071082318f,-0.7370944696395327f,-0.5463168428366165f,-0.3074710261430472f,0f,0f,0f,1f], start_interpolation: 0, interpolation_duration: 1 }
$data merge entity $(bone_right_fingers2) { transformation: [0.6895642725832131f,-0.5385544351851739f,-0.48421093990033154f,-3.7322987472525058f,-0.723342411232869f,-0.5451439600257588f,-0.4237851094118962f,-0.7964621298137775f,-0.03573331902585061f,0.6424773795160513f,-0.7654710619752941f,-0.08880979218840616f,0f,0f,0f,1f], start_interpolation: 0, interpolation_duration: 1 }
$data merge entity $(bone_right_fingers) { transformation: [-0.30627251784001996f,-0.819595577401911f,-0.48421093990033154f,-4.108813411327702f,-0.7374262933597087f,0.5259359684434104f,-0.4237851094118962f,-0.5173082983891307f,0.6019963510501501f,0.22727614613223243f,-0.7654710619752941f,-0.015800784844810012f,0f,0f,0f,1f], start_interpolation: 0, interpolation_duration: 1 }
$data merge entity $(bone_right_hand) { transformation: [-0.843170177562769f,0.23367459714227787f,-0.48421093990033154f,-4.0109176231637305f,0.4596636869796549f,0.7804585036457845f,-0.4237851094118962f,0.04930333254889785f,0.2788787308868107f,-0.5798971518617567f,-0.7654710619752941f,-0.42962934002605047f,0f,0f,0f,1f], start_interpolation: 0, interpolation_duration: 1 }
$data merge entity $(bone_right_forearm) { transformation: [-1.2692486607487483f,0.3517571865873541f,-0.7288968506510494f,-3.464684755036349f,0.6919451548680112f,1.1748469489110223f,-0.6379360855967517f,1.726109924263257f,0.41980428756690025f,-0.8729360963644315f,-1.1522859158307177f,-1.6963755876379136f,0f,0f,0f,1f], start_interpolation: 0, interpolation_duration: 1 }
$data merge entity $(bone_right_bicep) { transformation: [-1.331275772219339f,0.8283250862756976f,0.1857054867057108f,-2.1649627073742033f,0.7257599309475972f,0.9314494321312969f,1.0481310204634093f,3.073459214193707f,0.4403197690056461f,0.9691148873446774f,-1.1661213462561142f,-0.3591905995075658f,0f,0f,0f,1f], start_interpolation: 0, interpolation_duration: 1 }
$data merge entity $(bone_right_shoulder) { transformation: [-0.9214605020561852f,0.37023866199159927f,0.11761750004584064f,-1.795433125f,0.3502386758305195f,0.6607954379868055f,0.6638390310069981f,3.0824021284016583f,0.1680577671601264f,0.6528956442667513f,-0.7385687947609597f,-0.20768162435483262f,0f,0f,0f,1f], start_interpolation: 0, interpolation_duration: 1 }
$data merge entity $(bone_right_arm) { transformation: [-1.46271875f,-4.8247256503078734e-17f,1.7251160773455184e-16f,-1.4259925f,0f,1.408664178558758f,0.39396874704339535f,3.135979967210449f,-1.7913138352403177e-16f,0.39396874704339535f,-1.408664178558758f,-0.20116709792577625f,0f,0f,0f,1f], start_interpolation: 0, interpolation_duration: 1 }
$data merge entity $(bone_left_thumb_2) { transformation: [-0.8737601172697529f,0.12272218436434268f,0.47061929723885293f,3.595331344438073f,-0.2798456849924609f,0.6645532396216727f,-0.6928602920498763f,-0.28154811569486166f,-0.397780907108232f,-0.7370944696395327f,-0.5463168428366164f,-0.20408672985561543f,0f,0f,0f,1f], start_interpolation: 0, interpolation_duration: 1 }
$data merge entity $(bone_left_thumb) { transformation: [-0.8737601172697529f,0.12272218436434268f,0.47061929723885293f,3.7594532922459245f,-0.2798456849924609f,0.6645532396216727f,-0.6928602920498763f,-0.04976947454378268f,-0.397780907108232f,-0.7370944696395327f,-0.5463168428366164f,-0.35665618172767627f,0f,0f,0f,1f], start_interpolation: 0, interpolation_duration: 1 }
$data merge entity $(bone_left_fingers2) { transformation: [0.6895642725832131f,0.5385544351851737f,0.4842109399003317f,3.784585394649531f,0.723342411232869f,-0.5451439600257588f,-0.4237851094118962f,-0.8144869005319173f,0.03573331902585081f,0.6424773795160514f,-0.765471061975294f,-0.13799494777303534f,0f,0f,0f,1f], start_interpolation: 0, interpolation_duration: 1 }
$data merge entity $(bone_left_fingers) { transformation: [-0.30627251784001974f,0.819595577401911f,0.4842109399003317f,4.1611000587247275f,0.7374262933597087f,0.5259359684434104f,-0.4237851094118962f,-0.5353330691072705f,-0.6019963510501501f,0.22727614613223265f,-0.765471061975294f,-0.06498594042943906f,0f,0f,0f,1f], start_interpolation: 0, interpolation_duration: 1 }
$data merge entity $(bone_left_hand) { transformation: [-0.843170177562769f,-0.23367459714227767f,0.4842109399003317f,4.063204270560757f,-0.4596636869796549f,0.7804585036457845f,-0.4237851094118962f,0.031278561830758056f,-0.2788787308868109f,-0.5798971518617567f,-0.765471061975294f,-0.47881449561067946f,0f,0f,0f,1f], start_interpolation: 0, interpolation_duration: 1 }
$data merge entity $(bone_left_forearm) { transformation: [-1.2692486607487488f,-0.351757186587354f,0.7288968506510499f,3.5169714024333754f,-0.6919451548680116f,1.1748469489110227f,-0.637936085596752f,1.708085153545117f,-0.4198042875669008f,-0.8729360963644319f,-1.152285915830718f,-1.7455607432225428f,0f,0f,0f,1f], start_interpolation: 0, interpolation_duration: 1 }
$data merge entity $(bone_left_bicep) { transformation: [-1.331275772219339f,-0.8283250862756978f,-0.1857054867057105f,2.114722519748557f,-0.7257599309475972f,0.9314494321312969f,1.0481310204634093f,3.0100793575163625f,-0.4403197690056465f,0.9691148873446773f,-1.1661213462561142f,-0.3235336602825133f,0f,0f,0f,1f], start_interpolation: 0, interpolation_duration: 1 }
$data merge entity $(bone_left_shoulder) { transformation: [-0.9214605020561852f,-0.3702386619915994f,-0.11761750004584044f,1.795433125f,-0.3502386758305195f,0.6607954379868055f,0.6638390310069981f,3.0824021284016583f,-0.16805776716012663f,0.6528956442667513f,-0.7385687947609597f,-0.20768162435483223f,0f,0f,0f,1f], start_interpolation: 0, interpolation_duration: 1 }
$data merge entity $(bone_left_arm) { transformation: [-1.46271875f,-4.8247256503078734e-17f,1.7251160773455184e-16f,1.4259925f,0f,1.408664178558758f,0.39396874704339535f,3.0757896461662138f,-1.7913138352403177e-16f,0.39396874704339535f,-1.408664178558758f,-0.21800085129785257f,0f,0f,0f,1f], start_interpolation: 0, interpolation_duration: 1 }
$data merge entity $(bone_chest) { transformation: [-2.06546125f,-6.812850298522502e-17f,2.435984641277874e-16f,-3.332753814432424e-17f,0f,1.9891324118708364f,0.5563114445132976f,3.797779882998414f,-2.529460508575391e-16f,0.5563114445132976f,-1.9891324118708364f,0.272140001243854f,0f,0f,0f,1f], start_interpolation: 0, interpolation_duration: 1 }
$data merge entity $(bone_left_cheek) { transformation: [-1.1290169270933257f,-0.07318920838457044f,-0.11176121639711277f,0.7423720079311115f,-0.09928118336689119f,1.0960617435852213f,0.28516372885760266f,-1.429927949937321f,0.08938946438922245f,0.29294785440883925f,-1.0948595935695336f,-1.439582465648083f,0f,0f,0f,1f], start_interpolation: 0, interpolation_duration: 1 }
$data merge entity $(bone_left_foot) { transformation: [-1.130229426212751f,0.029706706372766265f,-0.07056988110574114f,0.9644011536472484f,0.023144690006893596f,1.1277920888905442f,0.10406959191035511f,-7.63854913161693f,0.0729857509879907f,0.10238978578151871f,-1.125819951999579f,-4.600916969649516f,0f,0f,0f,1f], start_interpolation: 0, interpolation_duration: 1 }
$data merge entity $(bone_left_knee) { transformation: [-3.1155687222662114f,0.038679830122404606f,-0.16822225701721596f,1.0539376050273015f,-0.06563644720684922f,2.547084549519662f,1.8012816200067268f,-4.456101120817391f,0.15964558813924937f,1.8020620101754818f,-2.542370767187145f,-2.214460623883524f,0f,0f,0f,1f], start_interpolation: 0, interpolation_duration: 1 }
$data merge entity $(bone_left_leg) { transformation: [-2.3662191169825277f,-0.13239325517948394f,-0.24670931164804386f,0.7753200000000001f,-0.20807574129485737f,2.2363206945318375f,0.7955882132973567f,-1.3599631226427018f,0.1873444537622269f,0.811620690492834f,-2.2323889173826577f,-1.2875396788732325f,0f,0f,0f,1f], start_interpolation: 0, interpolation_duration: 1 }
$data merge entity $(bone_right_cheek) { transformation: [-1.1228637120148084f,0.17802819083278984f,0.003082026428737651f,-0.7647836683298237f,0.12979716335020844f,0.8318856144567863f,-0.7639669313680224f,-1.5834125646295638f,-0.12188614361092472f,-0.7541874694705799f,-0.8419450577484248f,-0.7533757920496836f,0f,0f,0f,1f], start_interpolation: 0, interpolation_duration: 1 }
$data merge entity $(bone_right_foot) { transformation: [-1.1270941698195165f,0.02969774948946519f,0.1098085990900364f,-1.8207506348187739f,0.03160704198442319f,1.1322325865045844f,0.01820761802472664f,-7.772968873349475f,-0.10927433209976752f,0.02117937988706036f,-1.12733832836986f,1.7133985774389062f,0f,0f,0f,1f], start_interpolation: 0, interpolation_duration: 1 }
$data merge entity $(bone_right_knee) { transformation: [-3.0818406073624907f,0.39540279704615483f,0.2871905623056733f,-1.3609210570217196f,0.3562446309849751f,3.0729768926240686f,-0.4080025740981018f,-3.837663538089722f,-0.33453184285468307f,-0.37017963972154827f,-3.0801978508903693f,1.3485771341634916f,0f,0f,0f,1f], start_interpolation: 0, interpolation_duration: 1 }
$data merge entity $(bone_right_leg) { transformation: [-2.3533230701648975f,0.37113270481958816f,0.038953958558830715f,-0.7753199999999999f,0.27203181978863245f,1.876398599455433f,-1.443091595508968f,-1.4150977640780797f,-0.2554517263527331f,-1.420836084641515f,-1.8956148353841353f,-0.7277482701201219f,0f,0f,0f,1f], start_interpolation: 0, interpolation_duration: 1 }
$data merge entity $(bone_weist) { transformation: [-2.0892733333333333f,-2.5078880184322808e-17f,2.546301436418571e-16f,9.216167868183196e-17f,0f,2.079212911176843f,0.20478459750014208f,0.2996075878835325f,-2.5586219002105877e-16f,0.20478459750014208f,-2.079212911176843f,-0.7525572168726403f,0f,0f,0f,1f], start_interpolation: 0, interpolation_duration: 1 }
data modify entity @s data merge value {"locators":{"consume":{"posx":-3.9576517782322194,"posy":-0.6325487622676773,"posz":-0.0557264271881277,"roty":327.68394751609094,"rotx":-25.073789000863158}},"cameras":{}}