# This file was generated by Animated Java via MC-Build. It is not recommended to edit this file directly.
$data merge entity $(bone_right_thumb_2) { transformation: [0.6017401573214883f,-0.3209145606674866f,0.7592734161462873f,0.7531472723892858f,-0.3049817732315008f,-0.9773022410036153f,-0.1059372351372411f,4.493587895388848f,0.7418781533184728f,-0.17097981500917125f,-0.6495790681490679f,2.686486390203714f,0f,0f,0f,1f], start_interpolation: 0, interpolation_duration: 1 }
$data merge entity $(bone_right_thumb) { transformation: [0.6703690629632133f,-0.058436922746399f,0.7673095451836263f,0.8353281226967639f,0.003060619697725432f,-1.0291165483421871f,-0.01630989264130589f,4.199065180310879f,0.7589768266045521f,0.0032142767997094257f,-0.6523144198859534f,2.799414648252169f,0f,0f,0f,1f], start_interpolation: 0, interpolation_duration: 1 }
$data merge entity $(bone_right_fingers2) { transformation: [-0.5924671165782995f,0.5143542023425638f,0.6526836622392881f,1.1035496234510027f,0.20845355935305374f,0.9035265759358644f,-0.44670246275714454f,4.7475168958439165f,-0.7840907390708219f,-0.11095505116924055f,-0.6119321423267556f,2.409179891632892f,0f,0f,0f,1f], start_interpolation: 0, interpolation_duration: 1 }
$data merge entity $(bone_right_fingers) { transformation: [0.43262135409600133f,0.65453517374867f,0.6526836622392881f,1.3976382624937753f,0.9230054301833571f,-0.08873632672913628f,-0.44670246275714454f,4.659002799760802f,-0.21235019385113196f,0.7629001937658577f,-0.6119321423267556f,2.774189831808883f,0f,0f,0f,1f], start_interpolation: 0, interpolation_duration: 1 }
$data merge entity $(bone_right_hand) { transformation: [0.5924671165782996f,-0.5143542023425638f,0.6526836622392881f,1.0911024154833704f,-0.20845355935305357f,-0.9035265759358644f,-0.44670246275714454f,3.9958583576663793f,0.784090739070822f,0.11095505116924072f,-0.6119321423267556f,2.8835276351125554f,0f,0f,0f,1f], start_interpolation: 0, interpolation_duration: 1 }
$data merge entity $(bone_right_forearm) { transformation: [0.6177519258084916f,-1.0066235781760964f,0.9825037533756155f,-0.3818186285728775f,-0.708259441824456f,-1.2027962646616308f,-0.67243424601016f,2.283947049243209f,1.1759111451312003f,-0.19563396265761418f,-0.9211593018652829f,2.571080403622927f,0f,0f,0f,1f], start_interpolation: 0, interpolation_duration: 1 }
$data merge entity $(bone_right_bicep) { transformation: [-1.2566580998885437f,-0.8299164612539921f,-0.4742923627559382f,-1.6741139731744064f,0.37207418079577653f,0.29694447411514535f,-1.505419855496159f,2.678883928726777f,0.8804972356652293f,-1.30994916110381f,-0.0407672828841717f,0.7101727008723775f,0f,0f,0f,1f], start_interpolation: 0, interpolation_duration: 1 }
$data merge entity $(bone_right_shoulder) { transformation: [-0.39079648085019214f,-0.3650783240406744f,-0.8449827973815549f,-1.587626908095825f,0.013420142028067461f,0.9156261392434109f,-0.40180676067253107f,2.921065702836944f,0.9203792752681103f,-0.16836445720477478f,-0.35292407003077836f,0.40446854097434626f,0f,0f,0f,1f], start_interpolation: 0, interpolation_duration: 1 }
$data merge entity $(bone_right_arm) { transformation: [-1.336260069871163f,-4.636261363158332e-17f,-0.5949413141390305f,-1.42934852011317f,-0.15398214281750272f,1.4128778172222631f,0.34584955529268213f,2.9004007368582143f,0.5746691804532471f,0.37857947012855275f,-1.2907281121273915f,0.07270638982450461f,0f,0f,0f,1f], start_interpolation: 0, interpolation_duration: 1 }
$data merge entity $(bone_left_thumb_2) { transformation: [0.10663630440396506f,-0.8391429835487269f,-0.5333551834790825f,2.278513345184763f,-0.7162004029922774f,0.30726103281975825f,-0.6266160231467393f,0.15663032649425818f,0.6896997037383474f,0.44880921433441656f,-0.5682293619584963f,-3.413249674061478f,0f,0f,0f,1f], start_interpolation: 0, interpolation_duration: 1 }
$data merge entity $(bone_left_thumb) { transformation: [-0.3939990589938164f,-0.8462070417149765f,-0.3587455700966565f,2.0941109822066375f,-0.41040868306092726f,0.5112214887465002f,-0.7551273417854815f,0.36372767720037663f,0.8223925184364108f,-0.15028716510667148f,-0.548711503090666f,-3.577691900235948f,0f,0f,0f,1f], start_interpolation: 0, interpolation_duration: 1 }
$data merge entity $(bone_left_fingers2) { transformation: [0.41913898182794723f,0.5672018084482833f,-0.7089461350520423f,2.28172053742863f,0.37502929672340246f,-0.8192763192432261f,-0.43375031910814976f,-0.3902299254336121f,-0.8268467454803108f,-0.08407390332480459f,-0.5561079376059561f,-3.53245242429653f,0f,0f,0f,1f], start_interpolation: 0, interpolation_duration: 1 }
$data merge entity $(bone_left_fingers) { transformation: [-0.6015738035999416f,0.36810913655744837f,-0.7089461350520423f,2.4216816669776082f,0.783472768594162f,0.4450068331441406f,-0.43375031910814976f,-0.14721039425497062f,0.15581841898086882f,-0.8163728204919323f,-0.5561079376059561f,-3.9150394845809875f,0f,0f,0f,1f], start_interpolation: 0, interpolation_duration: 1 }
$data merge entity $(bone_left_hand) { transformation: [-0.3939990589938164f,-0.5849445436165368f,-0.7089461350520423f,2.013142718756398f,-0.41040868306092726f,0.8021380015569476f,-0.43375031910814976f,0.431316893696432f,0.8223925184364108f,0.12006043208096438f,-0.5561079376059561f,-3.898054090273142f,0f,0f,0f,1f], start_interpolation: 0, interpolation_duration: 1 }
$data merge entity $(bone_left_forearm) { transformation: [-0.5930982751426126f,-0.8805340823884952f,-1.0671972946894452f,0.7301734978412221f,-0.6178001608648699f,1.2074817294353857f,-0.6529370064044719f,2.1573630967162796f,1.2379714444507839f,0.1807304701740781f,-0.8371254982930928f,-3.5989701032340515f,0f,0f,0f,1f], start_interpolation: 0, interpolation_duration: 1 }
$data merge entity $(bone_left_bicep) { transformation: [-0.6829416945148422f,0.5688343668529928f,-1.3049606365805042f,1.522760312539027f,-0.9757178241079298f,0.8668598145648084f,0.888500392602725f,3.334612090170321f,1.036566219619242f,1.1907500506084663f,-0.02342962578985583f,-1.6833650266697033f,0f,0f,0f,1f], start_interpolation: 0, interpolation_duration: 1 }
$data merge entity $(bone_left_shoulder) { transformation: [-0.5920762355476823f,0.27120865812897427f,-0.7588752170518988f,1.4406248061178328f,-0.6161882019620668f,0.4545431227449791f,0.6431972087377229f,3.2907642708758122f,0.5193821628266035f,0.8484317375729906f,-0.10200860559989783f,-1.3488069265673959f,0f,0f,0f,1f], start_interpolation: 0, interpolation_duration: 1 }
$data merge entity $(bone_left_arm) { transformation: [-1.336260069871163f,-4.636261363158332e-17f,-0.5949413141390305f,1.176069421901663f,-0.15398214281750272f,1.4128778172222631f,0.34584955529268213f,3.1402622262983297f,0.5746691804532471f,0.37857947012855275f,-1.2907281121273915f,-1.0639503321174193f,0f,0f,0f,1f], start_interpolation: 0, interpolation_duration: 1 }
$data merge entity $(bone_chest) { transformation: [-1.8868927428743083f,-6.546725534540192e-17f,-0.8400987752281458f,-0.013742930139213443f,-0.21743356279634596f,1.9950823645743017f,0.4883637779216047f,3.76409908595293f,0.8114731036266809f,0.5345807084212588f,-1.8225984317797128f,-0.033815104769901516f,0f,0f,0f,1f], start_interpolation: 0, interpolation_duration: 1 }
$data merge entity $(bone_left_cheek) { transformation: [-1.125490710284182f,-0.06087139143549642f,-0.14863305872682636f,0.7467119250808907f,-0.087474037696538f,1.1146706668947428f,0.20587386544015956f,-1.3144685538033107f,0.13470488176324652f,0.2152450451158279f,-1.1081744523133594f,-1.8541427417567737f,0f,0f,0f,1f], start_interpolation: 0, interpolation_duration: 1 }
$data merge entity $(bone_left_foot) { transformation: [-1.0231854954883062f,-0.015158439508329489f,-0.48594528080229576f,2.118408928235362f,-0.015400035883893945f,1.132711585450704f,-0.002907830897556743f,-5.961018472587574f,0.4859376843970062f,0.003979735848812139f,-1.023293643577175f,0.4642384483225539f,0f,0f,0f,1f], start_interpolation: 0, interpolation_duration: 1 }
$data merge entity $(bone_left_knee) { transformation: [-2.7544226714771547f,0.17997346392558972f,-1.4551043327930322f,2.430308695560788f,-0.022010988734318327f,3.091325165906228f,0.4240136261814594f,-2.0358892282642067f,1.4660268017350049f,0.38455375579395523f,-2.727534994400104f,1.0362917310806172f,0f,0f,0f,1f], start_interpolation: 0, interpolation_duration: 1 }
$data merge entity $(bone_left_leg) { transformation: [-2.0617452766673194f,-1.1829237522153757f,-0.1651792318336028f,0.7412316833954898f,-0.11880715860747812f,0.5309955819693322f,-2.319766134556911f,-1.5075153790707254f,1.1884770259656097f,-1.9990301289420804f,-0.5184469793317278f,-1.6822962543144313f,0f,0f,0f,1f], start_interpolation: 0, interpolation_duration: 1 }
$data merge entity $(bone_right_cheek) { transformation: [-1.1234837330016045f,0.14196301771605602f,-0.10078320623748889f,-0.8512509662760814f,0.12381683532310968f,1.114183528664854f,0.18918484907698777f,-1.4585758653435206f,0.12239339994104012f,0.17597732078499057f,-1.116502704698017f,-1.6362781431432072f,0f,0f,0f,1f], start_interpolation: 0, interpolation_duration: 1 }
$data merge entity $(bone_right_foot) { transformation: [-0.8257673195405539f,-0.4138816485204194f,0.6558135919579808f,-1.2354930675529785f,0.6202627885113071f,0.22251836436821465f,0.9214341013371884f,-5.154638915855963f,-0.46547133055322154f,1.030761228867731f,0.06441181487971874f,-6.194362917722171f,0f,0f,0f,1f], start_interpolation: 0, interpolation_duration: 1 }
$data merge entity $(bone_right_knee) { transformation: [-2.7583284064674314f,-0.16973793654877703f,1.448922618758082f,-1.5341676538421174f,1.4034930369354717f,0.5367277782913026f,2.734720078447135f,-4.553395215964303f,-0.39798871532527413f,3.0691490099186165f,-0.3981113632730076f,-2.2725692575890872f,0f,0f,0f,1f], start_interpolation: 0, interpolation_duration: 1 }
$data merge entity $(bone_right_leg) { transformation: [-2.3178002367844157f,0.47377496554859805f,0.2841227066356629f,-0.7903173650649545f,0.5385257703486654f,2.2109910692133976f,0.706324893072173f,-1.5099276666251271f,-0.12320075112160135f,0.751293645602347f,-2.257823243977494f,-1.4318120180266716f,0f,0f,0f,1f], start_interpolation: 0, interpolation_duration: 1 }
$data merge entity $(bone_weist) { transformation: [-2.063550911649672f,-6.622200769909015e-17f,-0.3268343562228197f,0.013742930139213547f,-0.08459095598428737f,2.018083070843716f,0.5340862764736043f,0.22559478444138326f,0.31569774559418284f,0.5407437290914938f,-1.9932371194247696f,-0.8420914379592606f,0f,0f,0f,1f], start_interpolation: 0, interpolation_duration: 1 }
data modify entity @s data merge value {"locators":{"consume":{"posx":1.3043785781590442,"posy":4.724592099087835,"posz":2.616700190090875,"roty":46.84705920671419,"rotx":-26.096861716407926}},"cameras":{}}
execute on vehicle unless entity @s[tag=aj.transforms_only] at @s run function animated_java:attack/animations/punch_3/zzz/frames/zzz/2