# This file was generated by Animated Java via MC-Build. It is not recommended to edit this file directly.
$data merge entity $(bone_neck) { transformation: [-0.6383857383068523f,-0.390016321203473f,-0.66358941998899f,0.1722995062705157f,-0.01118812589569602f,0.8667324377167928f,-0.49864787901729646f,4.414295580906564f,0.7696352869803702f,-0.3109053724277141f,-0.5576731788693332f,0.23146519791281706f,0f,0f,0f,1f], start_interpolation: 0, interpolation_duration: 1 }
$data merge entity $(bone_right_thumb_2) { transformation: [0.3136902273496353f,0.3770008737316484f,0.8714750613017607f,-0.05824241713333472f,0.3884334591303992f,-0.8884413965726435f,0.24452266292522745f,7.2740923037888905f,0.8664397781111661f,0.2618057028821667f,-0.4251351371564669f,2.3859898661389107f,0f,0f,0f,1f], start_interpolation: 0, interpolation_duration: 1 }
$data merge entity $(bone_right_thumb) { transformation: [0.3136902273496353f,0.3770008737316484f,0.8714750613017607f,0.09611009946718219f,0.3884334591303992f,-0.8884413965726435f,0.24452266292522745f,7.076763010114012f,0.8664397781111661f,0.2618057028821667f,-0.4251351371564669f,2.588896840803376f,0f,0f,0f,1f], start_interpolation: 0, interpolation_duration: 1 }
$data merge entity $(bone_right_fingers2) { transformation: [-0.2891966579619878f,0.13388659106548156f,0.9478605771718124f,0.17990935141574202f,0.20864016675742086f,0.9751821079138655f,-0.07408871182647653f,7.731148211402896f,-0.9342561607177406f,0.17633558103098615f,-0.3099535271995009f,2.1439307824093907f,0f,0f,0f,1f], start_interpolation: 0, interpolation_duration: 1 }
$data merge entity $(bone_right_fingers) { transformation: [0.04072679913062248f,0.31607222920733224f,0.9478605771718124f,0.3348994255823765f,0.9927870145373352f,0.0942592517790124f,-0.07408871182647653f,7.728784521927357f,-0.11276201310113196f,0.9440410686924422f,-0.3099535271995009f,2.5922531651853347f,0f,0f,0f,1f], start_interpolation: 0, interpolation_duration: 1 }
$data merge entity $(bone_right_hand) { transformation: [0.3184190533783474f,-0.013024311465700433f,0.9478605771718124f,0.37334247887548266f,0.18042765651057896f,-0.9807939251167876f,-0.07408871182647653f,7.046365169860048f,0.9306208504067259f,0.19461152012368269f,-0.3099535271995009f,2.778565693790975f,0f,0f,0f,1f], start_interpolation: 0, interpolation_duration: 1 }
$data merge entity $(bone_right_forearm) { transformation: [0.286898587882368f,-0.2742058254793765f,1.452073092361964f,-0.03555772986276218f,0.3193073346189153f,-1.4327389830863402f,-0.33364312134471763f,4.972219482902133f,1.4428263673592285f,0.3715993428886216f,-0.21489974880180138f,3.2739615321322235f,0f,0f,0f,1f], start_interpolation: 0, interpolation_duration: 1 }
$data merge entity $(bone_right_bicep) { transformation: [-1.319885270790584f,-0.546866683247085f,0.6721189334848727f,-0.7192588158728308f,0.06620867147555097f,-1.28478457157063f,-0.9153410154253777f,3.063757529785857f,0.863958009289776f,-0.7370004026137641f,1.096955387778209f,2.186295682143088f,0f,0f,0f,1f], start_interpolation: 0, interpolation_duration: 1 }
$data merge entity $(bone_right_shoulder) { transformation: [-0.7631109837197596f,-0.4862609812324298f,0.42568989259452156f,-0.6253422025210696f,0.18259834685914306f,-0.7940807434019694f,-0.5797358162840076f,2.85115215910093f,0.619935053252007f,-0.3646724983996609f,0.6947621885655411f,1.8613869509454237f,0f,0f,0f,1f], start_interpolation: 0, interpolation_duration: 1 }
$data merge entity $(bone_right_arm) { transformation: [-1.0164513681271488f,-0.3722768743092747f,-0.9837594658698466f,-0.3876805715388687f,0.031778819416775746f,1.356547195054628f,-0.5461830790380274f,2.8895598504046944f,1.0513623849417886f,-0.40091866761913264f,-0.9345841316251714f,1.5760079088382621f,0f,0f,0f,1f], start_interpolation: 0, interpolation_duration: 1 }
$data merge entity $(bone_left_thumb_2) { transformation: [-0.6035653127282977f,-0.4445948201595544f,-0.6618491966894614f,2.310103378281408f,0.5297448468853052f,0.3967750253659812f,-0.7496265579902371f,0.3947284290961557f,0.5958853165414102f,-0.8030597892642358f,-0.003957827336373787f,-1.295902799949061f,0f,0f,0f,1f], start_interpolation: 0, interpolation_duration: 1 }
$data merge entity $(bone_left_thumb) { transformation: [-0.6035653127282977f,-0.4445948201595544f,-0.6618491966894614f,2.2717416262051198f,0.5297448468853052f,0.3967750253659812f,-0.7496265579902371f,0.4302778006878676f,0.5958853165414102f,-0.8030597892642358f,-0.003957827336373787f,-1.6140213439663766f,0f,0f,0f,1f], start_interpolation: 0, interpolation_duration: 1 }
$data merge entity $(bone_left_fingers2) { transformation: [0.38461964274674026f,0.5029902342815751f,-0.7739951903149889f,2.225115005173598f,-0.07302780975469614f,-0.8192874348610626f,-0.5687134938448469f,-0.09493138989181185f,-0.9201818675760796f,0.27526155433722854f,-0.27838176536557047f,-1.0180193609516128f,0f,0f,0f,1f], start_interpolation: 0, interpolation_duration: 1 }
$data merge entity $(bone_left_fingers) { transformation: [-0.36405295531795356f,0.5180703534207762f,-0.7739951903149889f,2.4463949564779233f,0.7594084282436973f,-0.3160123431627714f,-0.5687134938448469f,-0.21333059822105843f,-0.5392256344395192f,-0.794820299108702f,-0.27838176536557047f,-1.420557905234988f,0f,0f,0f,1f], start_interpolation: 0, interpolation_duration: 1 }
$data merge entity $(bone_left_hand) { transformation: [-0.5478282450365105f,-0.31751481746444676f,-0.7739951903149889f,2.2341244916795735f,0.3809966264027135f,0.7289763594167777f,-0.5687134938448469f,0.2602020602780224f,0.7447991572296306f,-0.6064468716235418f,-0.27838176536557047f,-1.9028383940036881f,0f,0f,0f,1f], start_interpolation: 0, interpolation_duration: 1 }
$data merge entity $(bone_left_forearm) { transformation: [-1.3846215894160656f,-0.47796431557807456f,-0.3469712771603335f,1.5064698685377373f,-0.12240645690362997f,1.0973493756405588f,-1.023160254851086f,1.842933121841255f,0.5778024000024485f,-0.9129021638886734f,-1.0482222692426215f,-3.199055152212501f,0f,0f,0f,1f], start_interpolation: 0, interpolation_duration: 1 }
$data merge entity $(bone_left_bicep) { transformation: [-1.4403949177282072f,0.430127791749996f,-0.48286304662032997f,1.9894815349580361f,-0.2954828184498848f,0.6109042135523055f,1.425619200175628f,2.7084483627555667f,0.5752013065250348f,1.3909314442749348f,-0.4768200209131128f,-1.0308220100833163f,0f,0f,0f,1f], start_interpolation: 0, interpolation_duration: 1 }
$data merge entity $(bone_left_shoulder) { transformation: [-0.8511158713551469f,0.42670085588574347f,-0.3058237288271511f,1.8803119259500765f,-0.11711454040315462f,0.41353854945437335f,0.902923060144845f,2.7791672798453866f,0.5117479437706873f,0.8043085525478062f,-0.30199634823111093f,-0.7088300439557313f,0f,0f,0f,1f], start_interpolation: 0, interpolation_duration: 1 }
$data merge entity $(bone_left_arm) { transformation: [-1.058394916867967f,-0.3722768743092747f,-0.9384861588772249f,1.610086504170276f,0.007924401725349172f,1.356547195054628f,-0.547049406405198f,2.7696345975252417f,1.0095957336513f,-0.40091866761913264f,-0.9795543977488718f,-0.4567904911904591f,0f,0f,0f,1f], start_interpolation: 0, interpolation_duration: 1 }
$data merge entity $(bone_chest) { transformation: [-1.4353004727505616f,-0.5256810020087097f,-1.3891372186723288f,0.5952731734717271f,0.044873917201169324f,1.9155395835197473f,-0.771248734699499f,3.671532109291065f,1.4845972718985434f,-0.5661252187879235f,-1.3196982049602433f,0.518759276671084f,0f,0f,0f,1f], start_interpolation: 0, interpolation_duration: 1 }
$data merge entity $(bone_left_cheek) { transformation: [-1.1011177286334195f,0.09762183922149008f,-0.26558647475722585f,1.2609309102516064f,0.07830004932333241f,1.130543409392513f,0.0909238864814658f,-1.2823304315713924f,0.2719104656737595f,0.06977125026788815f,-1.1016910286786004f,0.6196047519585899f,0f,0f,0f,1f], start_interpolation: 0, interpolation_duration: 1 }
$data merge entity $(bone_left_foot) { transformation: [-1.0528291381804964f,-0.059853162280419564f,-0.41382309887577184f,1.9574695489134941f,-0.08497164538388341f,1.1283857466791443f,0.05297715141554911f,-7.243929462354431f,0.4094041739880881f,0.08027675912980188f,-1.0531975202518977f,2.401422114246603f,0f,0f,0f,1f], start_interpolation: 0, interpolation_duration: 1 }
$data merge entity $(bone_left_knee) { transformation: [-3.058113571394369f,-0.044223990204911204f,-0.6185054109073809f,1.9568870382201435f,-0.17277760795489322f,3.0499112098928425f,0.6362018784451494f,-3.3775546750646117f,0.5955271637975363f,0.6577607244569316f,-2.991531638929952f,3.3407365837962573f,0f,0f,0f,1f], start_interpolation: 0, interpolation_duration: 1 }
$data merge entity $(bone_left_leg) { transformation: [-2.335071080629111f,-0.4600607592530128f,-0.11477593061953449f,1.244897269967825f,-0.16625899416758017f,1.3345611357663862f,-1.9668988000923588f,-1.7302934285975355f,0.4440578378009148f,-1.9195512602537907f,-1.3399708817694889f,0.6384261523944843f,0f,0f,0f,1f], start_interpolation: 0, interpolation_duration: 1 }
$data merge entity $(bone_right_cheek) { transformation: [-1.0880134557894456f,0.21586645979032787f,-0.24930873016498437f,-0.2157079291911983f,0.153461120183186f,1.0921685151568743f,0.27594215058582144f,-1.2369666583935006f,0.29189528257751607f,0.23042581759732808f,-1.0743498210412532f,1.0069235662579379f,0f,0f,0f,1f], start_interpolation: 0, interpolation_duration: 1 }
$data merge entity $(bone_right_foot) { transformation: [-1.118491601358205f,-0.17737102300046131f,-0.028234912624770916f,-1.0571047248336756f,-0.17949899983501172f,1.0978405436252596f,0.21402663906818978f,-7.099295110577819f,-0.006148101283244745f,0.21579345071703335f,-1.1120595936721405f,-2.61532801761133f,0f,0f,0f,1f], start_interpolation: 0, interpolation_duration: 1 }
$data merge entity $(bone_right_knee) { transformation: [-3.0945408759482436f,0.39037454064427574f,-0.08937452254429602f,-0.5902934645635964f,0.2583794606723916f,2.4782380276708094f,1.878334276077268f,-4.005250309511721f,0.30597408642872725f,1.8553995031800679f,-2.4900674412977324f,-0.1576583847893429f,0f,0f,0f,1f], start_interpolation: 0, interpolation_duration: 1 }
$data merge entity $(bone_right_leg) { transformation: [-2.3630211171660114f,0.2839328099253062f,-0.11357696650227445f,-0.13526981369294888f,0.19730103633668652f,2.0916563690107965f,1.1240250455757133f,-1.0785219448603172f,0.23364474942186977f,1.1053244598166343f,-2.097868999161554f,1.1652532783856244f,0f,0f,0f,1f], start_interpolation: 0, interpolation_duration: 1 }
$data merge entity $(bone_weist) { transformation: [-1.9583438305203937f,0.3401182867826121f,-0.6436396925583052f,0.9827695263547422f,0.280828049144185f,2.0572017286999325f,0.23263644517929194f,0.45395339362138576f,0.6716309326217488f,0.13154337614584502f,-1.9739988074757213f,1.3726409620504894f,0f,0f,0f,1f], start_interpolation: 0, interpolation_duration: 1 }
data modify entity @s data merge value {"locators":{"consume":{"posx":0.28019395853502294,"posy":7.724622534908537,"posz":2.405935558688395,"roty":71.89208496394949,"rotx":-4.248863659042789}},"cameras":{}}