# This file was generated by Animated Java via MC-Build. It is not recommended to edit this file directly.
$data merge entity $(bone_neck) { transformation: [-1f,0f,1.2246467991473532e-16f,-4.512211131458423e-17f,0f,1f,0f,4.5573875f,-1.2246467991473532e-16f,0f,-1f,0.36845f,0f,0f,0f,1f], start_interpolation: 0, interpolation_duration: 1 }
$data merge entity $(bone_right_thumb_2) { transformation: [-0.9880400219339242f,-0.1296449488715683f,-0.08348114930269583f,-2.462105352468361f,-0.02144095999184542f,0.6516410478415356f,-0.7582243929092581f,-1.4188495872864724f,0.1526997062585211f,-0.7473661298186276f,-0.6466271473642964f,0.8097511259117885f,0f,0f,0f,1f], start_interpolation: 0, interpolation_duration: 1 }
$data merge entity $(bone_right_thumb) { transformation: [-0.9880400219339242f,-0.1296449488715683f,-0.08348114930269583f,-2.645076563394159f,-0.02144095999184542f,0.6516410478415356f,-0.7582243929092581f,-1.2352347047669594f,0.1526997062585211f,-0.7473661298186276f,-0.6466271473642964f,0.6180693563552717f,0f,0f,0f,1f], start_interpolation: 0, interpolation_duration: 1 }
$data merge entity $(bone_right_fingers2) { transformation: [0.862854868190991f,-0.4903107500714059f,-0.12278780396897274f,-2.4901351596694683f,-0.4824061379051824f,-0.7263285372822703f,-0.4896235023370542f,-1.987291981512583f,0.15088338063058374f,0.4817076128667812f,-0.8632450296153887f,0.8269715184347695f,0f,0f,0f,1f], start_interpolation: 0, interpolation_duration: 1 }
$data merge entity $(bone_right_fingers) { transformation: [-0.20815221048165095f,-0.9703585999351371f,-0.12278780396897274f,-2.9394446485451553f,-0.8377741612028131f,0.24166770735892473f,-0.4896235023370542f,-1.8381726872517723f,0.5047842232999411f,0.0009522351608159535f,-0.8632450296153887f,0.796890157071924f,0f,0f,0f,1f], start_interpolation: 0, interpolation_duration: 1 }
$data merge entity $(bone_right_hand) { transformation: [-0.984807753012208f,0.12278780396897289f,-0.12278780396897274f,-2.9180126026877296f,0.1677312594965206f,0.8556489061214927f,-0.4896235023370542f,-1.2387180619569513f,0.04494345552754766f,-0.5027803741690497f,-0.8632450296153887f,0.41995353327303997f,0f,0f,0f,1f], start_interpolation: 0, interpolation_duration: 1 }
$data merge entity $(bone_right_forearm) { transformation: [-1.4824598341687394f,0.18483606262544394f,-0.18483606262544372f,-2.608370001000596f,0.2524907570818477f,1.2880332548111113f,-0.7370445387534524f,0.6142507940736026f,0.0676546944564037f,-0.7568499616642503f,-1.2994679210600748f,-0.6687726149751623f,0f,0f,0f,1f], start_interpolation: 0, interpolation_duration: 1 }
$data merge entity $(bone_right_bicep) { transformation: [-1.554906395845955f,0.27417195006379846f,1.8677012988899726e-16f,-2.107345625f,0.2648297674106597f,1.501924245209661f,0.40864766485206927f,2.7977896414352705f,0.07096092230940815f,0.4024393885966522f,-1.525093847622301f,-0.1454907793912969f,0f,0f,0f,1f], start_interpolation: 0, interpolation_duration: 1 }
$data merge entity $(bone_right_shoulder) { transformation: [-1f,-3.169619151431765e-17f,1.1829179713786698e-16f,-1.795433125f,0f,0.9659258262890682f,0.25881904510252074f,3.0150227862990606f,-1.2246467991473532e-16f,0.25881904510252074f,-0.9659258262890682f,-0.022578572380141035f,0f,0f,0f,1f], start_interpolation: 0, interpolation_duration: 1 }
$data merge entity $(bone_right_arm) { transformation: [-1.46271875f,-1.5612328780452606e-17f,1.7844973452847951e-16f,-1.4259925f,0f,1.4571526635493854f,0.12748433908717616f,3.068883182428125f,-1.7913138352403177e-16f,0.12748433908717616f,-1.4571526635493854f,-0.026054431243193676f,0f,0f,0f,1f], start_interpolation: 0, interpolation_duration: 1 }
$data merge entity $(bone_left_thumb_2) { transformation: [-0.9803827933071837f,0.16447448761334144f,0.10861731681243458f,2.442571240984888f,0.025184398380283524f,0.65108170765263f,-0.7585897152205259f,-1.4793260751671506f,-0.19548740283053317f,-0.7409728422043982f,-0.6424514942391438f,0.8211057817076665f,0f,0f,0f,1f], start_interpolation: 0, interpolation_duration: 1 }
$data merge entity $(bone_left_thumb) { transformation: [-0.9803827933071837f,0.16447448761334144f,0.10861731681243458f,2.63439557397719f,0.025184398380283524f,0.65108170765263f,-0.7585897152205259f,-1.2964239582262804f,-0.19548740283053317f,-0.7409728422043982f,-0.6424514942391438f,0.6375709599946422f,0f,0f,0f,1f], start_interpolation: 0, interpolation_duration: 1 }
$data merge entity $(bone_left_fingers2) { transformation: [0.8704239716241319f,0.46615097937791194f,0.15832047892514092f,2.4676650492337653f,0.4791098834132141f,-0.7281474836627785f,-0.49015809862873816f,-2.0478694969671487f,-0.11320701938417412f,0.5024982651319078f,-0.8571345660405804f,0.8394809246841997f,0f,0f,0f,1f], start_interpolation: 0, interpolation_duration: 1 }
$data merge entity $(bone_left_fingers) { transformation: [-0.18283455434568235f,0.9703123990190632f,0.15832047892514092f,2.918420936389854f,0.8385177183560291f,0.2379770458503485f,-0.49015809862873816f,-1.9004618975996572f,-0.5132831204512909f,0.04313668923563062f,-0.8571345660405804f,0.8289643254783629f,0f,0f,0f,1f], start_interpolation: 0, interpolation_duration: 1 }
$data merge entity $(bone_left_hand) { transformation: [-0.9825551487794081f,-0.09757051583336707f,0.15832047892514092f,2.915667402616923f,-0.16398983679326182f,0.8560679714702445f,-0.49015809862873816f,-1.3009612774979613f,-0.0877081127125346f,-0.5075703130235565f,-0.8571345660405804f,0.45150197863124464f,0f,0f,0f,1f], start_interpolation: 0, interpolation_duration: 1 }
$data merge entity $(bone_left_forearm) { transformation: [-1.4790689233161494f,-0.1468757432906793f,0.23832443460665f,2.6606727623617754f,-0.24685868436180355f,1.2886640861033272f,-0.7378492821437164f,0.5530813746249073f,-0.13202958021946581f,-0.7640603963284897f,-1.2902696620190621f,-0.6494977151146129f,0f,0f,0f,1f], start_interpolation: 0, interpolation_duration: 1 }
$data merge entity $(bone_left_bicep) { transformation: [-1.5513497740401487f,-0.2856885243034137f,0.06782406439724338f,2.0457311243023475f,-0.25892246004730246f,1.5029889571077797f,0.40851868077184084f,2.779257965360945f,-0.13848175444106947f,0.39026967591378403f,-1.5236195528390666f,-0.05819708986538759f,0f,0f,0f,1f], start_interpolation: 0, interpolation_duration: 1 }
$data merge entity $(bone_left_shoulder) { transformation: [-0.9990482215818578f,-0.007574427126938554f,0.04295671085902576f,1.7947257014960243f,0.003801680104023676f,0.9659402309185299f,0.25873735238933654f,3.0136189678622647f,-0.04345340242735792f,0.2586543994343722f,-0.9649920743046184f,-0.0065328542239810675f,0f,0f,0f,1f], start_interpolation: 0, interpolation_duration: 1 }
$data merge entity $(bone_left_arm) { transformation: [-1.461326565861938f,-1.5612328780452606e-17f,0.06380289576279026f,1.4259925f,0.005560788769657382f,1.4571526635493854f,0.12736300224458186f,3.006621013797391f,-0.06356010648179194f,0.12748433908717616f,-1.4557657770922807f,-0.03150166516492192f,0f,0f,0f,1f], start_interpolation: 0, interpolation_duration: 1 }
$data merge entity $(bone_chest) { transformation: [-2.06546125f,-2.204570093757574e-17f,2.5198351476752546e-16f,-3.883538697116129e-17f,0f,2.057601546363949f,0.1800168093602565f,3.8066050000000002f,-2.529460508575391e-16f,0.1800168093602565f,-2.057601546363949f,0.317115f,0f,0f,0f,1f], start_interpolation: 0, interpolation_duration: 1 }
$data merge entity $(bone_left_cheek) { transformation: [-1.1290100188283532f,-0.09048079287487003f,-0.09836693999365165f,0.8646322953245098f,-0.08116059383529782f,1.1289418157349356f,-0.10691017758467614f,-1.5822293397230434f,0.10618750760462183f,-0.0991466297138739f,-1.1275728847497517f,-0.3902390173004399f,0f,0f,0f,1f], start_interpolation: 0, interpolation_duration: 1 }
$data merge entity $(bone_left_foot) { transformation: [-1.1263591648838875f,-0.03331134555725928f,-0.11613155617331651f,1.2101039269335443f,-0.03259919209931539f,1.1323180658212169f,-0.00861643135936547f,-7.840193949724698f,0.11633347221046587f,-0.005225368127088058f,-1.126818694897894f,-0.9308115074358301f,0f,0f,0f,1f], start_interpolation: 0, interpolation_duration: 1 }
$data merge entity $(bone_left_knee) { transformation: [-3.09870991903461f,-0.04857045420697072f,-0.3635946490701199f,1.1952681341734253f,-0.2227554520846213f,2.7064648545072054f,1.5368771323894577f,-4.443379621518321f,0.29144496293617955f,1.552176608016367f,-2.691165348187233f,1.14104715732861f,0f,0f,0f,1f], start_interpolation: 0, interpolation_duration: 1 }
$data merge entity $(bone_left_leg) { transformation: [-2.3662046384851276f,-0.24284835420447132f,-0.13959460489606632f,0.77532f,-0.17009820142657742f,2.1891755742721415f,-0.9251828332422338f,-1.5502825406573835f,0.2225501712588708f,-0.9088021511389941f,-2.1913321152673846f,-0.2648381712772735f,0f,0f,0f,1f], start_interpolation: 0, interpolation_duration: 1 }
$data merge entity $(bone_right_cheek) { transformation: [-1.1299825872217497f,0.1243526092939886f,-0.014220847907060484f,-0.8511869786496302f,0.1251139833021669f,1.125843440067588f,-0.09669276610389499f,-1.5474866926251056f,0.0035064420263615313f,-0.09766999742159342f,-1.1326847433623182f,-0.3474118718989423f,0f,0f,0f,1f], start_interpolation: 0, interpolation_duration: 1 }
$data merge entity $(bone_right_foot) { transformation: [-1.12149198870616f,0.0021686395194168867f,0.15978788649499492f,-1.5772108618979004f,0.007242284291903384f,1.1322415804467425f,0.03546413999659312f,-7.850416276682731f,-0.15963840698947673f,0.03613105188196895f,-1.1209332176823763f,1.041301505979188f,0f,0f,0f,1f], start_interpolation: 0, interpolation_duration: 1 }
$data merge entity $(bone_right_knee) { transformation: [-3.081879445599472f,0.2179059615265789f,0.4371491677910917f,-1.3490025467550733f,0.2882534740105911f,3.0658650883801037f,0.5039290771037696f,-3.957687248347938f,-0.39432516745712853f,0.5380999646543464f,-3.0481993718467097f,1.832343656988712f,0f,0f,0f,1f], start_interpolation: 0, interpolation_duration: 1 }
$data merge entity $(bone_right_leg) { transformation: [-2.3533527274154618f,0.3585263960397379f,0.10284032163216861f,-0.77532f,0.22011311968040168f,1.8653485212337313f,-1.4660871314216413f,-1.5502825406573835f,-0.30111048297130416f,-1.4385131510411482f,-1.8754729428522556f,-0.26483817127727366f,0f,0f,0f,1f], start_interpolation: 0, interpolation_duration: 1 }
$data merge entity $(bone_weist) { transformation: [-2.0892733333333333f,2.2299859212327835e-17f,2.548885571411215e-16f,5.513359889761386e-18f,0f,2.081323017531135f,-0.1820921691695423f,0.17947500000000027f,-2.5586219002105877e-16f,-0.1820921691695423f,-2.081323017531135f,-0.045020000000000004f,0f,0f,0f,1f], start_interpolation: 0, interpolation_duration: 1 }
data modify entity @s data merge value {"locators":{"consume":{"posx":-2.755419060943957,"posy":-1.9002646036481141,"posz":0.7987442816162132,"roty":351.9045641206511,"rotx":-29.3158384812938}},"cameras":{}}
execute on vehicle unless entity @s[tag=aj.transforms_only] at @s run function animated_java:attack/animations/punch_3/zzz/frames/zzz/2