# This file was generated by Animated Java via MC-Build. It is not recommended to edit this file directly.
$data merge entity $(bone_left_fingers_2) {transformation: [-0.9989f,-0.011f,0.0466f,2.3063f,-0.0131f,0.9989f,-0.0448f,-1.4637f,-0.046f,-0.0454f,-0.9979f,0.7168f,0f,0f,0f,1f],start_interpolation: 0,interpolation_duration: 1}
$data merge entity $(bone_left_fingers) {transformation: [-0.9989f,-0.011f,0.0466f,2.3468f,-0.0131f,0.9989f,-0.0448f,-1.4836f,-0.046f,-0.0454f,-0.9979f,0.1421f,0f,0f,0f,1f],start_interpolation: 0,interpolation_duration: 1}
$data merge entity $(bone_left_index_finger_2) {transformation: [-0.8875f,0.0972f,0.4505f,1.6329f,0.0791f,0.9951f,-0.0589f,-1.4484f,-0.454f,-0.0167f,-0.8908f,0.5759f,0f,0f,0f,1f],start_interpolation: 0,interpolation_duration: 1}
$data merge entity $(bone_left_index_finger) {transformation: [-0.8875f,0.0972f,0.4505f,1.8931f,0.0791f,0.9951f,-0.0589f,-1.4766f,-0.454f,-0.0167f,-0.8908f,0.0624f,0f,0f,0f,1f],start_interpolation: 0,interpolation_duration: 1}
$data merge entity $(bone_left_thumb) {transformation: [-0.8651f,-0.0111f,0.5016f,1.773f,0.0012f,0.9997f,0.0241f,-1.5622f,-0.5017f,0.0214f,-0.8648f,-0.7775f,0f,0f,0f,1f],start_interpolation: 0,interpolation_duration: 1}
$data merge entity $(bone_left_hand) {transformation: [-0.9848f,-0.0227f,0.1722f,2.3575f,0.0151f,0.9765f,0.2151f,-1.4419f,-0.173f,0.2145f,-0.9613f,-0.5908f,0f,0f,0f,1f],start_interpolation: 0,interpolation_duration: 1}
$data merge entity $(bone_left_forearm) {transformation: [-1.9709f,-0.0284f,0.3464f,2.6826f,0.0303f,1.973f,0.3341f,-0.2035f,-0.3462f,0.3343f,-1.9426f,-2.4253f,0f,0f,0f,1f],start_interpolation: 0,interpolation_duration: 1}
$data merge entity $(bone_left_bicep) {transformation: [-1.2902f,0f,0f,1.7791f,0f,1.2852f,0.1124f,1.3459f,0f,0.1124f,-1.2852f,-1.9264f,0f,0f,0f,1f],start_interpolation: 0,interpolation_duration: 1}
$data merge entity $(bone_left_shoulder) {transformation: [-1.2328f,0f,0f,1.3743f,0f,1.2281f,0.1074f,1.4605f,0f,0.1074f,-1.2281f,-1.8906f,0f,0f,0f,1f],start_interpolation: 0,interpolation_duration: 1}
$data merge entity $(bone_right_fingers_2) {transformation: [-0.9989f,0.011f,-0.0466f,-2.3062f,0.0131f,0.9989f,-0.0448f,-1.4637f,0.046f,-0.0454f,-0.9979f,0.7168f,0f,0f,0f,1f],start_interpolation: 0,interpolation_duration: 1}
$data merge entity $(bone_right_fingers) {transformation: [-0.9989f,0.011f,-0.0466f,-2.3468f,0.0131f,0.9989f,-0.0448f,-1.4836f,0.046f,-0.0454f,-0.9979f,0.1421f,0f,0f,0f,1f],start_interpolation: 0,interpolation_duration: 1}
$data merge entity $(bone_right_index_finger_2) {transformation: [-0.8875f,-0.0972f,-0.4505f,-1.6329f,-0.0791f,0.9951f,-0.0589f,-1.4484f,0.454f,-0.0167f,-0.8908f,0.5759f,0f,0f,0f,1f],start_interpolation: 0,interpolation_duration: 1}
$data merge entity $(bone_right_index_finger) {transformation: [-0.8875f,-0.0972f,-0.4505f,-1.8931f,-0.0791f,0.9951f,-0.0589f,-1.4766f,0.454f,-0.0167f,-0.8908f,0.0624f,0f,0f,0f,1f],start_interpolation: 0,interpolation_duration: 1}
$data merge entity $(bone_right_thumb) {transformation: [-0.8651f,0.0111f,-0.5016f,-1.773f,-0.0012f,0.9997f,0.0241f,-1.5622f,0.5017f,0.0214f,-0.8648f,-0.7775f,0f,0f,0f,1f],start_interpolation: 0,interpolation_duration: 1}
$data merge entity $(bone_right_hand) {transformation: [-0.9848f,0.0227f,-0.1722f,-2.3575f,-0.0151f,0.9765f,0.2151f,-1.4419f,0.173f,0.2145f,-0.9613f,-0.5908f,0f,0f,0f,1f],start_interpolation: 0,interpolation_duration: 1}
$data merge entity $(bone_right_forearm) {transformation: [-1.9709f,0.0284f,-0.3464f,-2.6826f,-0.0303f,1.973f,0.3341f,-0.2035f,0.3462f,0.3343f,-1.9426f,-2.4253f,0f,0f,0f,1f],start_interpolation: 0,interpolation_duration: 1}
$data merge entity $(bone_right_bicep) {transformation: [-1.2902f,0f,0f,-1.7791f,0f,1.2852f,0.1124f,1.3459f,0f,0.1124f,-1.2852f,-1.9264f,0f,0f,0f,1f],start_interpolation: 0,interpolation_duration: 1}
$data merge entity $(bone_right_shoulder) {transformation: [-1.2328f,0f,0f,-1.3743f,0f,1.2281f,0.1074f,1.4605f,0f,0.1074f,-1.2281f,-1.8906f,0f,0f,0f,1f],start_interpolation: 0,interpolation_duration: 1}
$data merge entity $(bone_chest) {transformation: [-4.0675f,0f,0f,0f,0f,4.0539f,-0.3324f,1.7038f,0f,-0.3324f,-4.0539f,-1.3061f,0f,0f,0f,1f],start_interpolation: 0,interpolation_duration: 1}
$data merge entity $(bone_weist) {transformation: [-1.1f,0f,0f,0f,0f,0.9822f,-0.1376f,1.67f,0f,-0.1239f,-1.0914f,-3.9506f,0f,0f,0f,1f],start_interpolation: 0,interpolation_duration: 1}
$data merge entity $(bone_right_fingers2) {transformation: [-0.9761f,-0.0337f,-0.2145f,1.072f,-0.0443f,0.998f,0.0445f,-1.4822f,0.2126f,0.0529f,-0.9757f,-5.7921f,0f,0f,0f,1f],start_interpolation: 0,interpolation_duration: 1}
$data merge entity $(bone_left_foot) {transformation: [-0.9761f,-0.0431f,-0.2128f,1.0773f,-0.0443f,0.999f,0.0009f,-0.5076f,0.2126f,0.0103f,-0.9771f,-5.5873f,0f,0f,0f,1f],start_interpolation: 0,interpolation_duration: 1}
$data merge entity $(bone_left_knee) {transformation: [-1.5472f,-0.1541f,-0.3078f,1.5369f,-0.0702f,1.5288f,-0.4126f,-0.5501f,0.3369f,-0.3891f,-1.4991f,-3.5614f,0f,0f,0f,1f],start_interpolation: 0,interpolation_duration: 1}
$data merge entity $(bone_left_thigh) {transformation: [-1.522f,-0.3831f,-0.3294f,0.8588f,-0.3458f,1.5521f,-0.2077f,1.1002f,0.3684f,-0.1261f,-1.5557f,-4.6817f,0f,0f,0f,1f],start_interpolation: 0,interpolation_duration: 1}
$data merge entity $(bone_left_leg) {transformation: [-0.9491f,-0.2297f,-0.2156f,0.5257f,-0.2156f,0.9726f,-0.0872f,1.3131f,0.2297f,-0.0362f,-0.9726f,-4.9316f,0f,0f,0f,1f],start_interpolation: 0,interpolation_duration: 1}
$data merge entity $(bone_left_fingers2) {transformation: [-0.9761f,0.0337f,0.2145f,-1.0654f,0.0443f,0.998f,0.0445f,-1.4749f,-0.2126f,0.0529f,-0.9757f,-5.7887f,0f,0f,0f,1f],start_interpolation: 0,interpolation_duration: 1}
$data merge entity $(bone_right_foot) {transformation: [-0.9761f,0.0431f,0.2128f,-1.0707f,0.0443f,0.999f,0.0009f,-0.5002f,-0.2126f,0.0103f,-0.9771f,-5.5839f,0f,0f,0f,1f],start_interpolation: 0,interpolation_duration: 1}
$data merge entity $(bone_right_knee) {transformation: [-1.5472f,0.1541f,0.3078f,-1.5281f,0.0702f,1.5288f,-0.4126f,-0.5118f,-0.3369f,-0.3891f,-1.4991f,-3.5618f,0f,0f,0f,1f],start_interpolation: 0,interpolation_duration: 1}
$data merge entity $(bone_right_thigh) {transformation: [-1.522f,0.3831f,0.3294f,-0.8586f,0.3458f,1.5521f,-0.2077f,1.1168f,-0.3684f,-0.1261f,-1.5557f,-4.6671f,0f,0f,0f,1f],start_interpolation: 0,interpolation_duration: 1}
$data merge entity $(bone_right_leg) {transformation: [-0.9491f,0.2297f,0.2156f,-0.5257f,0.2156f,0.9726f,-0.0872f,1.3131f,-0.2297f,-0.0362f,-0.9726f,-4.9316f,0f,0f,0f,1f],start_interpolation: 0,interpolation_duration: 1}