# This file was generated by Animated Java via MC-Build. It is not recommended to edit this file directly.
$data merge entity $(bone_left_fingers_2) { transformation: [-0.9988543139288162f,-0.010985002495530416f,0.046576703038826495f,2.3012098079118837f,-0.013074729890827868f,0.9989103335905427f,-0.04480175090677266f,0.16191419057194745f,-0.04603380262454679f,-0.04535939997623209f,-0.9979095218754657f,0.33882121002817955f,0f,0f,0f,1f], start_interpolation: 0, interpolation_duration: 1 }
$data merge entity $(bone_left_fingers) { transformation: [-0.9988543139288162f,-0.010985002495530416f,0.046576703038826495f,2.3417236861812496f,-0.013074729890827868f,0.9989103335905427f,-0.04480175090677266f,0.1420518109829349f,-0.04603380262454679f,-0.04535939997623209f,-0.9979095218754657f,-0.23592528769259224f,0f,0f,0f,1f], start_interpolation: 0, interpolation_duration: 1 }
$data merge entity $(bone_left_index_finger_2) { transformation: [-0.887457556972474f,0.09724931076054918f,0.45051265923284134f,1.6278937879877629f,0.07912385952975816f,0.9951205137320611f,-0.05894555117015968f,0.17723857087166503f,-0.45404680312228063f,-0.016665374470348715f,-0.8908219608138318f,0.19788897550351936f,0f,0f,0f,1f], start_interpolation: 0, interpolation_duration: 1 }
$data merge entity $(bone_left_index_finger) { transformation: [-0.887457556972474f,0.09724931076054918f,0.45051265923284134f,1.8880966149500007f,0.07912385952975816f,0.9951205137320611f,-0.05894555117015968f,0.149023110519989f,-0.45404680312228063f,-0.016665374470348715f,-0.8908219608138318f,-0.3156076060193367f,0f,0f,0f,1f], start_interpolation: 0, interpolation_duration: 1 }
$data merge entity $(bone_left_thumb) { transformation: [-0.8650556080752179f,-0.011054802093123019f,0.5015541708412931f,1.7679135174102978f,0.0011879802007588036f,0.9997092409038176f,0.02408365326430295f,0.06346168674055408f,-0.5016745794244091f,0.021429535743791805f,-0.8647909524024565f,-1.1554639062339578f,0f,0f,0f,1f], start_interpolation: 0, interpolation_duration: 1 }
$data merge entity $(bone_left_hand) { transformation: [-0.984807753012208f,-0.022665635416815443f,0.17216259343480467f,2.352423258032295f,0.01513443590133862f,0.9764688357507457f,0.21512685015481303f,0.18369857087192032f,-0.17298739392508955f,0.2144641736485027f,-0.9612910484157599f,-0.9688210104276511f,0f,0f,0f,1f], start_interpolation: 0, interpolation_duration: 1 }
$data merge entity $(bone_left_forearm) { transformation: [-1.970924479662795f,-0.01878105859620513f,0.34701930876342013f,2.682625f,0.030288987990396105f,1.9815168283274014f,0.2792706028434209f,1.369972586784003f,-0.3462047169279379f,0.28027979635360095f,-1.951128894533502f,-2.8365966914267147f,0f,0f,0f,1f], start_interpolation: 0, interpolation_duration: 1 }
$data merge entity $(bone_left_bicep) { transformation: [-2.46898625f,-2.6352725080892508e-17f,3.0121302599489206e-16f,1.8165731250000001f,0f,2.459591011911421f,0.21518633045250524f,5.219623427673218f,-3.0236361082013267e-16f,0.21518633045250524f,-2.459591011911421f,-2.3442439622901508f,0f,0f,0f,1f], start_interpolation: 0, interpolation_duration: 1 }
$data merge entity $(bone_left_shoulder) { transformation: [-1.2327766666666666f,-1.3158041922187994e-17f,1.503971073725352e-16f,1.3743293750000003f,0f,1.2280855792645482f,0.10744356602531553f,3.0339517807388106f,-1.5097159988968769e-16f,0.10744356602531553f,-1.2280855792645482f,-2.30189728117476f,0f,0f,0f,1f], start_interpolation: 0, interpolation_duration: 1 }
$data merge entity $(bone_right_fingers_2) { transformation: [-0.9988543139288162f,0.01098500249553043f,-0.046576703038826286f,-2.3012096000738778f,0.013074729890827868f,0.9989103335905427f,-0.04480175090677266f,0.16191484809645418f,0.046033802624546566f,-0.04535939997623209f,-0.9979095218754657f,0.3388220469447297f,0f,0f,0f,1f], start_interpolation: 0, interpolation_duration: 1 }
$data merge entity $(bone_right_fingers) { transformation: [-0.9988543139288162f,0.01098500249553043f,-0.046576703038826286f,-2.3417236530058796f,0.013074729890827868f,0.9989103335905427f,-0.04480175090677266f,0.14205230050087575f,0.046033802624546566f,-0.04535939997623209f,-0.9979095218754657f,-0.23592819293674927f,0f,0f,0f,1f], start_interpolation: 0, interpolation_duration: 1 }
$data merge entity $(bone_right_index_finger_2) { transformation: [-0.8874575569724741f,-0.09724931076054918f,-0.4505126592328411f,-1.6278932168042886f,-0.07912385952975816f,0.9951205137320611f,-0.05894555117015968f,0.1772383881181991f,0.45404680312228046f,-0.016665374470348743f,-0.8908219608138318f,0.1978890742938888f,0f,0f,0f,1f], start_interpolation: 0, interpolation_duration: 1 }
$data merge entity $(bone_right_index_finger) { transformation: [-0.8874575569724741f,-0.09724931076054918f,-0.4505126592328411f,-1.8880960437665262f,-0.07912385952975816f,0.9951205137320611f,-0.05894555117015968f,0.1490229277665231f,0.45404680312228046f,-0.016665374470348743f,-0.8908219608138318f,-0.31560750722896724f,0f,0f,0f,1f], start_interpolation: 0, interpolation_duration: 1 }
$data merge entity $(bone_right_thumb) { transformation: [-0.865055608075218f,0.011054802093123019f,-0.5015541708412928f,-1.767912946226823f,-0.0011879802007588036f,0.9997092409038176f,0.02408365326430295f,0.06346150398708816f,0.5016745794244089f,0.021429535743791805f,-0.8647909524024566f,-1.1554638074435883f,0f,0f,0f,1f], start_interpolation: 0, interpolation_duration: 1 }
$data merge entity $(bone_right_hand) { transformation: [-0.984807753012208f,0.02266563541681539f,-0.17216259343480445f,-2.3524226868488203f,-0.01513443590133862f,0.9764688357507457f,0.21512685015481303f,0.1836983881184544f,0.17298739392508933f,0.2144641736485027f,-0.9612910484157599f,-0.9688209116372817f,0f,0f,0f,1f], start_interpolation: 0, interpolation_duration: 1 }
$data merge entity $(bone_right_forearm) { transformation: [-1.9709265313456132f,0.01878107814681475f,-0.34701967000179323f,-2.682625f,-0.030289019520470892f,1.9815188910365884f,0.27927089355709533f,1.3699697460372677f,0.3462050773183414f,0.28028008811782046f,-1.9511309256096139f,-2.8366000768968433f,0f,0f,0f,1f], start_interpolation: 0, interpolation_duration: 1 }
$data merge entity $(bone_right_bicep) { transformation: [-2.46898625f,-2.6352725080892508e-17f,3.0121302599489206e-16f,-1.8165731249999997f,0f,2.459591011911421f,0.21518633045250524f,5.219623427673218f,-3.0236361082013267e-16f,0.21518633045250524f,-2.459591011911421f,-2.344243962290151f,0f,0f,0f,1f], start_interpolation: 0, interpolation_duration: 1 }
$data merge entity $(bone_right_shoulder) { transformation: [-1.2327766666666666f,-1.3158041922187994e-17f,1.503971073725352e-16f,-1.3743293749999999f,0f,1.2280855792645482f,0.10744356602531553f,3.0339517807388106f,-1.5097159988968769e-16f,0.10744356602531553f,-1.2280855792645482f,-2.3018972811747602f,0f,0f,0f,1f], start_interpolation: 0, interpolation_duration: 1 }
$data merge entity $(bone_chest) { transformation: [-4.0674850000000005f,2.691957039270337e-17f,4.973953231673382e-16f,2.0606823505730656e-16f,0f,4.061541037902881f,-0.2198149736842151f,3.292319223459823f,-4.981232485829872e-16f,-0.2198149736842151f,-4.061541037902881f,-1.6826748349056992f,0f,0f,0f,1f], start_interpolation: 0, interpolation_duration: 1 }
$data merge entity $(bone_weist) { transformation: [-1.0999999999999999f,7.280058176483428e-18f,1.3451428966156527e-16f,5.299186376094905e-16f,0f,1.098392530444038f,-0.05944618629266894f,3.331914459062025f,-1.3471114790620883e-16f,-0.05944618629266894f,-1.098392530444038f,-4.327114054259893f,0f,0f,0f,1f], start_interpolation: 0, interpolation_duration: 1 }
$data merge entity $(bone_right_fingers2) { transformation: [-0.9761391457631039f,-0.033741870894066744f,-0.21450840136797905f,1.073128949696978f,-0.044274275871424046f,0.998028472493761f,0.044485464905195525f,0.14384719186574646f,0.21258446934086903f,0.0529212078503361f,-0.975708557487697f,-6.167743669727376f,0f,0f,0f,1f], start_interpolation: 0, interpolation_duration: 1 }
$data merge entity $(bone_left_foot) { transformation: [-0.9761391457631039f,-0.04306648116195087f,-0.21283243716408734f,1.078466217301241f,-0.044274275871424046f,0.9990189992587767f,0.0009097340564377943f,1.1184584859341709f,0.21258446934086903f,0.010311029062113064f,-0.9770882898053488f,-5.96295977711328f,0f,0f,0f,1f], start_interpolation: 0, interpolation_duration: 1 }
$data merge entity $(bone_left_knee) { transformation: [-1.547194374672418f,-0.1583398543167602f,-0.3055944470225212f,1.5368776008025609f,-0.07017535447511529f,1.5228872888645606f,-0.4337737124043682f,1.1047430186307043f,0.33694939551859304f,-0.4098935282286399f,-1.4935602796372027f,-3.9364221365616645f,0f,0f,0f,1f], start_interpolation: 0, interpolation_duration: 1 }
$data merge entity $(bone_left_thigh) { transformation: [-1.5219808394500185f,-0.3831325221354002f,-0.3293748750896081f,0.8588237306146027f,-0.3457732716414551f,1.5521015667191767f,-0.20766700440212535f,2.754998922195146f,0.36840084483683305f,-0.12607224350012552f,-1.5556640448546284f,-5.0567039505715075f,0f,0f,0f,1f], start_interpolation: 0, interpolation_duration: 1 }
$data merge entity $(bone_left_leg) { transformation: [-0.9490709792536325f,-0.22972591828113345f,-0.21561604487709424f,0.5257450000000007f,-0.2156159716406633f,0.9725809094982439f,-0.08715576431321803f,2.9678958693610684f,0.22972598701932656f,-0.0362267435668531f,-0.972580893262117f,-5.306638125f,0f,0f,0f,1f], start_interpolation: 0, interpolation_duration: 1 }
$data merge entity $(bone_left_fingers2) { transformation: [-0.9761391457631039f,0.0337418708940667f,0.21450840136797927f,-1.0666504531406995f,0.044274275871424046f,0.998028472493761f,0.044485464905195525f,0.15121592679248685f,-0.21258446934086925f,0.0529212078503361f,-0.975708557487697f,-6.163974001181669f,0f,0f,0f,1f], start_interpolation: 0, interpolation_duration: 1 }
$data merge entity $(bone_right_foot) { transformation: [-0.9761391457631039f,0.04306648116195084f,0.21283243716408756f,-1.0719877207449624f,0.044274275871424046f,0.9990189992587767f,0.0009097340564377943f,1.1258272208609112f,-0.21258446934086925f,0.010311029062113064f,-0.9770882898053488f,-5.959190108567572f,0f,0f,0f,1f], start_interpolation: 0, interpolation_duration: 1 }
$data merge entity $(bone_right_knee) { transformation: [-1.547194374672418f,0.15833985431676026f,0.30559444702252153f,-1.5280904048904458f,0.07017535447511529f,1.5228872888645606f,-0.4337737124043682f,1.1429960894745572f,-0.33694939551859343f,-0.4098935282286399f,-1.4935602796372027f,-3.9368213059902386f,0f,0f,0f,1f], start_interpolation: 0, interpolation_duration: 1 }
$data merge entity $(bone_right_thigh) { transformation: [-1.5219808394500185f,0.3831325221354002f,0.3293748750896085f,-0.8586040988588444f,0.3457732716414551f,1.5521015667191767f,-0.20766700440212535f,2.771555647551303f,-0.36840084483683344f,-0.1260722435001254f,-1.5556640448546284f,-5.0420715254682f,0f,0f,0f,1f], start_interpolation: 0, interpolation_duration: 1 }
$data merge entity $(bone_right_leg) { transformation: [-0.9490709792536325f,0.22972591828113345f,0.21561604487709446f,-0.5257449999999994f,0.2156159716406633f,0.9725809094982439f,-0.08715576431321803f,2.9678958693610684f,-0.22972598701932678f,-0.03622674356685304f,-0.972580893262117f,-5.306638125f,0f,0f,0f,1f], start_interpolation: 0, interpolation_duration: 1 }