# This file was generated by Animated Java via MC-Build. It is not recommended to edit this file directly.
$data merge entity $(bone_left_fingers_2) { transformation: [-0.9988543139288162f,-0.010985002495530416f,0.04657670303882647f,2.301581464134936f,-0.013074729890827873f,0.9989103335905427f,-0.0448017509067726f,0.16177248564926167f,-0.04603380262454679f,-0.04535939997623209f,-0.9979095218754657f,0.33917836942670254f,0f,0f,0f,1f], start_interpolation: 0, interpolation_duration: 1 }
$data merge entity $(bone_left_fingers) { transformation: [-0.9988543139288162f,-0.010985002495530416f,0.04657670303882647f,2.342095342404302f,-0.013074729890827873f,0.9989103335905427f,-0.0448017509067726f,0.14191010606024917f,-0.04603380262454679f,-0.04535939997623209f,-0.9979095218754657f,-0.23556812829406926f,0f,0f,0f,1f], start_interpolation: 0, interpolation_duration: 1 }
$data merge entity $(bone_left_index_finger_2) { transformation: [-0.887457556972474f,0.09724931076054918f,0.45051265923284134f,1.6282654442108155f,0.07912385952975817f,0.9951205137320611f,-0.05894555117015962f,0.17709686594897928f,-0.45404680312228063f,-0.016665374470348715f,-0.8908219608138318f,0.19824613490204235f,0f,0f,0f,1f], start_interpolation: 0, interpolation_duration: 1 }
$data merge entity $(bone_left_index_finger) { transformation: [-0.887457556972474f,0.09724931076054918f,0.45051265923284134f,1.8884682711730532f,0.07912385952975817f,0.9951205137320611f,-0.05894555117015962f,0.14888140559730328f,-0.45404680312228063f,-0.016665374470348715f,-0.8908219608138318f,-0.3152504466208137f,0f,0f,0f,1f], start_interpolation: 0, interpolation_duration: 1 }
$data merge entity $(bone_left_thumb) { transformation: [-0.8650556080752179f,-0.011054802093123019f,0.5015541708412931f,1.76828517363335f,0.0011879802007588175f,0.9997092409038176f,0.024083653264303007f,0.06331998181786835f,-0.5016745794244091f,0.021429535743791805f,-0.8647909524024565f,-1.1551067468354348f,0f,0f,0f,1f], start_interpolation: 0, interpolation_duration: 1 }
$data merge entity $(bone_left_hand) { transformation: [-0.984807753012208f,-0.02266563541681544f,0.17216259343480464f,2.3527949142553473f,0.015134435901338625f,0.9764688357507457f,0.2151268501548131f,0.1835568659492346f,-0.17298739392508955f,0.2144641736485027f,-0.9612910484157599f,-0.9684638510291281f,0f,0f,0f,1f], start_interpolation: 0, interpolation_duration: 1 }
$data merge entity $(bone_left_forearm) { transformation: [-1.970924479662795f,-0.019508417911451106f,0.34697917869409417f,2.682625f,0.030288987990396116f,1.9809270852347918f,0.2834235232658097f,1.3738036465691437f,-0.3462047169279379f,0.2843690172372502f,-1.9505371027906806f,-2.833776141644247f,0f,0f,0f,1f], start_interpolation: 0, interpolation_duration: 1 }
$data merge entity $(bone_left_bicep) { transformation: [-2.46898625f,-2.635272508089252e-17f,3.0121302599489206e-16f,1.8165731250000001f,0f,2.459591011911421f,0.2151863304525053f,5.223454487458359f,-3.0236361082013267e-16f,0.2151863304525053f,-2.459591011911421f,-2.341423412507683f,0f,0f,0f,1f], start_interpolation: 0, interpolation_duration: 1 }
$data merge entity $(bone_left_shoulder) { transformation: [-1.2327766666666666f,-1.3158041922188e-17f,1.503971073725352e-16f,1.3743293750000003f,0f,1.2280855792645484f,0.10744356602531557f,3.0377828405239518f,-1.5097159988968769e-16f,0.10744356602531557f,-1.2280855792645484f,-2.299076731392292f,0f,0f,0f,1f], start_interpolation: 0, interpolation_duration: 1 }
$data merge entity $(bone_right_fingers_2) { transformation: [-0.9988543139288161f,0.010985002495530437f,-0.04657670303882626f,-2.3015812552238475f,0.013074729890827873f,0.9989103335905427f,-0.0448017509067726f,0.16177313576827815f,0.046033802624546566f,-0.04535939997623209f,-0.9979095218754657f,0.33917921180435695f,0f,0f,0f,1f], start_interpolation: 0, interpolation_duration: 1 }
$data merge entity $(bone_right_fingers) { transformation: [-0.9988543139288161f,0.010985002495530437f,-0.04657670303882626f,-2.3420953081558493f,0.013074729890827873f,0.9989103335905427f,-0.0448017509067726f,0.14191058817269975f,0.046033802624546566f,-0.04535939997623209f,-0.9979095218754657f,-0.23557102807712205f,0f,0f,0f,1f], start_interpolation: 0, interpolation_duration: 1 }
$data merge entity $(bone_right_index_finger_2) { transformation: [-0.8874575569724741f,-0.09724931076054917f,-0.4505126592328411f,-1.6282648719542585f,-0.07912385952975817f,0.9951205137320611f,-0.05894555117015962f,0.17709667579002314f,0.45404680312228046f,-0.016665374470348743f,-0.8908219608138318f,0.19824623915351602f,0f,0f,0f,1f], start_interpolation: 0, interpolation_duration: 1 }
$data merge entity $(bone_right_index_finger) { transformation: [-0.8874575569724741f,-0.09724931076054917f,-0.4505126592328411f,-1.8884676989164961f,-0.07912385952975817f,0.9951205137320611f,-0.05894555117015962f,0.14888121543834715f,0.45404680312228046f,-0.016665374470348743f,-0.8908219608138318f,-0.31525034236934f,0f,0f,0f,1f], start_interpolation: 0, interpolation_duration: 1 }
$data merge entity $(bone_right_thumb) { transformation: [-0.865055608075218f,0.011054802093123026f,-0.5015541708412928f,-1.7682846013767928f,-0.0011879802007588175f,0.9997092409038176f,0.024083653264303007f,0.06331979165891222f,0.5016745794244089f,0.021429535743791805f,-0.8647909524024566f,-1.1551066425839611f,0f,0f,0f,1f], start_interpolation: 0, interpolation_duration: 1 }
$data merge entity $(bone_right_hand) { transformation: [-0.984807753012208f,0.02266563541681539f,-0.17216259343480442f,-2.35279434199879f,-0.015134435901338625f,0.9764688357507457f,0.2151268501548131f,0.18355667579027846f,0.17298739392508933f,0.2144641736485027f,-0.9612910484157599f,-0.9684637467776545f,0f,0f,0f,1f], start_interpolation: 0, interpolation_duration: 1 }
$data merge entity $(bone_right_forearm) { transformation: [-1.9709265313456132f,0.019508438219223486f,-0.3469795398906929f,-2.682625f,-0.030289019520470903f,1.980929147330071f,0.2834238183025699f,1.3738008058224085f,0.3462050773183414f,0.2843693132582458f,-1.9505391332507525f,-2.833779527114375f,0f,0f,0f,1f], start_interpolation: 0, interpolation_duration: 1 }
$data merge entity $(bone_right_bicep) { transformation: [-2.46898625f,-2.635272508089252e-17f,3.0121302599489206e-16f,-1.8165731249999997f,0f,2.459591011911421f,0.2151863304525053f,5.223454487458359f,-3.0236361082013267e-16f,0.2151863304525053f,-2.459591011911421f,-2.341423412507683f,0f,0f,0f,1f], start_interpolation: 0, interpolation_duration: 1 }
$data merge entity $(bone_right_shoulder) { transformation: [-1.2327766666666666f,-1.3158041922188e-17f,1.503971073725352e-16f,-1.3743293749999999f,0f,1.2280855792645484f,0.10744356602531557f,3.0377828405239518f,-1.5097159988968769e-16f,0.10744356602531557f,-1.2280855792645484f,-2.299076731392292f,0f,0f,0f,1f], start_interpolation: 0, interpolation_duration: 1 }
$data merge entity $(bone_chest) { transformation: [-4.0674850000000005f,2.7962120799926365e-17f,4.97337803287905e-16f,2.0604916726125928e-16f,0f,4.0610713524435855f,-0.22832804380328012f,3.295072958933575f,-4.981232485829872e-16f,-0.22832804380328012f,-4.0610713524435855f,-1.6825191345351063f,0f,0f,0f,1f], start_interpolation: 0, interpolation_duration: 1 }
$data merge entity $(bone_weist) { transformation: [-1.0999999999999999f,7.562002780568089e-18f,1.344987341358838e-16f,5.299090225597775e-16f,0f,1.0982655099374534f,-0.061748438699493195f,3.329124996370084f,-1.3471114790620883e-16f,-0.061748438699493195f,-1.0982655099374534f,-4.3270355414207655f,0f,0f,0f,1f], start_interpolation: 0, interpolation_duration: 1 }
$data merge entity $(bone_right_fingers2) { transformation: [-0.9761391457631039f,-0.0337418708940667f,-0.21450840136797905f,1.0730382122285353f,-0.04427427587142402f,0.9980284724937609f,0.04448546490519547f,0.14377071858395485f,0.21258446934086903f,0.052921207850336126f,-0.975708557487697f,-6.167707251602441f,0f,0f,0f,1f], start_interpolation: 0, interpolation_duration: 1 }
$data merge entity $(bone_left_foot) { transformation: [-0.9761391457631039f,-0.04306648116195083f,-0.21283243716408734f,1.0783754798327982f,-0.04427427587142402f,0.9990189992587766f,0.0009097340564377387f,1.1183820126523791f,0.21258446934086903f,0.010311029062113092f,-0.9770882898053488f,-5.962923358988345f,0f,0f,0f,1f], start_interpolation: 0, interpolation_duration: 1 }
$data merge entity $(bone_left_knee) { transformation: [-1.547194374672418f,-0.1580194830151818f,-0.30576023041538286f,1.5368776008025609f,-0.07017535447511525f,1.523341077621579f,-0.43217738185731813f,1.1024911439266998f,0.33694939551859304f,-0.40832794755241636f,-1.4939890563994482f,-3.9364221365616645f,0f,0f,0f,1f], start_interpolation: 0, interpolation_duration: 1 }
$data merge entity $(bone_left_thigh) { transformation: [-1.5219808394500185f,-0.3831325221354002f,-0.3293748750896081f,0.8588237306146027f,-0.3457732716414551f,1.5521015667191767f,-0.20766700440212535f,2.7527470474911415f,0.36840084483683305f,-0.12607224350012552f,-1.5556640448546284f,-5.0567039505715075f,0f,0f,0f,1f], start_interpolation: 0, interpolation_duration: 1 }
$data merge entity $(bone_left_leg) { transformation: [-0.9490709792536325f,-0.22972591828113345f,-0.21561604487709424f,0.5257450000000007f,-0.2156159716406633f,0.9725809094982439f,-0.08715576431321803f,2.965643994657064f,0.22972598701932656f,-0.0362267435668531f,-0.972580893262117f,-5.306638125f,0f,0f,0f,1f], start_interpolation: 0, interpolation_duration: 1 }
$data merge entity $(bone_left_fingers2) { transformation: [-0.9761391457631039f,0.03374187089406666f,0.21450840136797922f,-1.066553026714462f,0.04427427587142402f,0.9980284724937609f,0.04448546490519547f,0.1511346911072392f,-0.21258446934086925f,0.052921207850336126f,-0.975708557487697f,-6.163969289067681f,0f,0f,0f,1f], start_interpolation: 0, interpolation_duration: 1 }
$data merge entity $(bone_right_foot) { transformation: [-0.9761391457631039f,0.0430664811619508f,0.21283243716408753f,-1.071890294318725f,0.04427427587142402f,0.9990189992587766f,0.0009097340564377387f,1.1257459851756635f,-0.21258446934086925f,0.010311029062113092f,-0.9770882898053488f,-5.959185396453584f,0f,0f,0f,1f], start_interpolation: 0, interpolation_duration: 1 }
$data merge entity $(bone_right_knee) { transformation: [-1.547194374672418f,0.15801948301518184f,0.30576023041538325f,-1.5280904048904458f,0.07017535447511525f,1.523341077621579f,-0.43217738185731813f,1.1407442147705527f,-0.33694939551859343f,-0.40832794755241636f,-1.4939890563994482f,-3.9368213059902386f,0f,0f,0f,1f], start_interpolation: 0, interpolation_duration: 1 }
$data merge entity $(bone_right_thigh) { transformation: [-1.5219808394500185f,0.3831325221354002f,0.3293748750896085f,-0.8586040988588444f,0.3457732716414551f,1.5521015667191767f,-0.20766700440212535f,2.7693037728472985f,-0.36840084483683344f,-0.1260722435001254f,-1.5556640448546284f,-5.0420715254682f,0f,0f,0f,1f], start_interpolation: 0, interpolation_duration: 1 }
$data merge entity $(bone_right_leg) { transformation: [-0.9490709792536325f,0.22972591828113345f,0.21561604487709446f,-0.5257449999999994f,0.2156159716406633f,0.9725809094982439f,-0.08715576431321803f,2.965643994657064f,-0.22972598701932678f,-0.03622674356685304f,-0.972580893262117f,-5.306638125f,0f,0f,0f,1f], start_interpolation: 0, interpolation_duration: 1 }