# This file was generated by Animated Java via MC-Build. It is not recommended to edit this file directly.
$data merge entity $(bone_left_fingers_2) { transformation: [-0.9988543139288162f,-0.010985002495530423f,0.046576703038826495f,2.3062501622838094f,-0.01307472989082787f,0.9989103335905428f,-0.044801750906772714f,-1.4637066099233857f,-0.046033802624546816f,-0.04535939997623212f,-0.9979095218754657f,0.7168253392869787f,0f,0f,0f,1f], start_interpolation: 0, interpolation_duration: 1 }
$data merge entity $(bone_left_fingers) { transformation: [-0.9988543139288162f,-0.010985002495530423f,0.046576703038826495f,2.3467640405531753f,-0.01307472989082787f,0.9989103335905428f,-0.044801750906772714f,-1.4835689895123982f,-0.046033802624546816f,-0.04535939997623212f,-0.9979095218754657f,0.14207884156620698f,0f,0f,0f,1f], start_interpolation: 0, interpolation_duration: 1 }
$data merge entity $(bone_left_index_finger_2) { transformation: [-0.887457556972474f,0.09724931076054918f,0.45051265923284134f,1.6329341423596888f,0.07912385952975816f,0.9951205137320611f,-0.05894555117015973f,-1.4483822296236681f,-0.45404680312228074f,-0.016665374470348743f,-0.8908219608138318f,0.5758931047623185f,0f,0f,0f,1f], start_interpolation: 0, interpolation_duration: 1 }
$data merge entity $(bone_left_index_finger) { transformation: [-0.887457556972474f,0.09724931076054918f,0.45051265923284134f,1.8931369693219264f,0.07912385952975816f,0.9951205137320611f,-0.05894555117015973f,-1.4765976899753441f,-0.45404680312228074f,-0.016665374470348743f,-0.8908219608138318f,0.06239652323946254f,0f,0f,0f,1f], start_interpolation: 0, interpolation_duration: 1 }
$data merge entity $(bone_left_thumb) { transformation: [-0.8650556080752179f,-0.011054802093123026f,0.5015541708412931f,1.7729538717822235f,0.0011879802007588036f,0.9997092409038177f,0.024083653264302923f,-1.5621591137547792f,-0.5016745794244091f,0.021429535743791778f,-0.8647909524024566f,-0.7774597769751588f,0f,0f,0f,1f], start_interpolation: 0, interpolation_duration: 1 }
$data merge entity $(bone_left_hand) { transformation: [-0.984807753012208f,-0.022665635416815447f,0.17216259343480467f,2.3574636124042208f,0.015134435901338618f,0.9764688357507458f,0.21512685015481303f,-1.4419222296234129f,-0.1729873939250896f,0.2144641736485027f,-0.96129104841576f,-0.5908168811688519f,0f,0f,0f,1f], start_interpolation: 0, interpolation_duration: 1 }
$data merge entity $(bone_left_forearm) { transformation: [-1.970924479662795f,-0.028398062767963955f,0.34636495037411447f,2.682625f,0.030288987990396102f,1.973009329283248f,0.3341185375259524f,-0.20350635655575333f,-0.346204716927938f,0.3342845643205657f,-1.9426050955828753f,-2.4253362795697133f,0f,0f,0f,1f], start_interpolation: 0, interpolation_duration: 1 }
$data merge entity $(bone_left_bicep) { transformation: [-2.46898625f,-2.6352725080892504e-17f,3.0121302599489206e-16f,1.8165731250000001f,0f,2.4595910119114213f,0.21518633045250515f,3.6461444843334627f,-3.0236361082013267e-16f,0.21518633045250515f,-2.4595910119114213f,-1.9329835504331496f,0f,0f,0f,1f], start_interpolation: 0, interpolation_duration: 1 }
$data merge entity $(bone_left_shoulder) { transformation: [-1.2327766666666666f,-1.3158041922187993e-17f,1.503971073725352e-16f,1.3743293750000003f,0f,1.2280855792645486f,0.1074435660253155f,1.460472837399055f,-1.5097159988968769e-16f,0.1074435660253155f,-1.2280855792645486f,-1.8906368693177584f,0f,0f,0f,1f], start_interpolation: 0, interpolation_duration: 1 }
$data merge entity $(bone_right_fingers_2) { transformation: [-0.9988543139288162f,0.01098500249553043f,-0.046576703038826286f,-2.3062499404509698f,0.01307472989082787f,0.9989103335905428f,-0.044801750906772714f,-1.4637060513259987f,0.046033802624546594f,-0.04535939997623212f,-0.9979095218754657f,0.7168262472203465f,0f,0f,0f,1f], start_interpolation: 0, interpolation_duration: 1 }
$data merge entity $(bone_right_fingers) { transformation: [-0.9988543139288162f,0.01098500249553043f,-0.046576703038826286f,-2.3467639933829716f,0.01307472989082787f,0.9989103335905428f,-0.044801750906772714f,-1.4835685989215772f,0.046033802624546594f,-0.04535939997623212f,-0.9979095218754657f,0.1420760073388676f,0f,0f,0f,1f], start_interpolation: 0, interpolation_duration: 1 }
$data merge entity $(bone_right_index_finger_2) { transformation: [-0.8874575569724741f,-0.09724931076054918f,-0.4505126592328411f,-1.632933557181381f,-0.07912385952975816f,0.9951205137320611f,-0.05894555117015973f,-1.4483825113042539f,0.4540468031222806f,-0.01666537447034877f,-0.8908219608138319f,0.5758932745695056f,0f,0f,0f,1f], start_interpolation: 0, interpolation_duration: 1 }
$data merge entity $(bone_right_index_finger) { transformation: [-0.8874575569724741f,-0.09724931076054918f,-0.4505126592328411f,-1.8931363841436186f,-0.07912385952975816f,0.9951205137320611f,-0.05894555117015973f,-1.4765979716559299f,0.4540468031222806f,-0.01666537447034877f,-0.8908219608138319f,0.06239669304664952f,0f,0f,0f,1f], start_interpolation: 0, interpolation_duration: 1 }
$data merge entity $(bone_right_thumb) { transformation: [-0.865055608075218f,0.011054802093123019f,-0.5015541708412928f,-1.7729532866039155f,-0.0011879802007588036f,0.9997092409038177f,0.024083653264302923f,-1.5621593954353648f,0.501674579424409f,0.021429535743791778f,-0.8647909524024567f,-0.7774596071679716f,0f,0f,0f,1f], start_interpolation: 0, interpolation_duration: 1 }
$data merge entity $(bone_right_hand) { transformation: [-0.984807753012208f,0.02266563541681539f,-0.17216259343480445f,-2.3574630272259127f,-0.015134435901338618f,0.9764688357507458f,0.21512685015481303f,-1.4419225113039986f,0.17298739392508938f,0.2144641736485027f,-0.96129104841576f,-0.5908167113616649f,0f,0f,0f,1f], start_interpolation: 0, interpolation_duration: 1 }
$data merge entity $(bone_right_forearm) { transformation: [-1.9709265313456132f,0.028398092329633057f,-0.34636531093131695f,-2.682625f,-0.03028901952047089f,1.9730113831363425f,0.33411888533494755f,-0.2035091973024885f,0.3462050773183415f,0.33428491230239055f,-1.942607117785927f,-2.425339665039842f,0f,0f,0f,1f], start_interpolation: 0, interpolation_duration: 1 }
$data merge entity $(bone_right_bicep) { transformation: [-2.46898625f,-2.6352725080892504e-17f,3.0121302599489206e-16f,-1.8165731249999997f,0f,2.4595910119114213f,0.21518633045250515f,3.6461444843334627f,-3.0236361082013267e-16f,0.21518633045250515f,-2.4595910119114213f,-1.93298355043315f,0f,0f,0f,1f], start_interpolation: 0, interpolation_duration: 1 }
$data merge entity $(bone_right_shoulder) { transformation: [-1.2327766666666666f,-1.3158041922187993e-17f,1.503971073725352e-16f,-1.3743293749999999f,0f,1.2280855792645486f,0.1074435660253155f,1.460472837399055f,-1.5097159988968769e-16f,0.1074435660253155f,-1.2280855792645486f,-1.8906368693177589f,0f,0f,0f,1f], start_interpolation: 0, interpolation_duration: 1 }
$data merge entity $(bone_chest) { transformation: [-4.0674850000000005f,4.070397021460127e-17f,4.964574076269155e-16f,1.5994890022922448e-16f,0f,4.0538823763110186f,-0.3323731400999942f,1.703780768277355f,-4.981232485829872e-16f,-0.3323731400999942f,-4.0538823763110186f,-1.306081886961915f,0f,0f,0f,1f], start_interpolation: 0, interpolation_duration: 1 }
$data merge entity $(bone_weist) { transformation: [-1.0999999999999999f,1.1007875194637814e-17f,1.3426064223705974e-16f,4.838092127657994e-16f,0f,1.0963213420435773f,-0.0898861222868661f,1.6700199339113428f,-1.3471114790620883e-16f,-0.0898861222868661f,-1.0963213420435773f,-3.9506020274796474f,0f,0f,0f,1f], start_interpolation: 0, interpolation_duration: 1 }
$data merge entity $(bone_right_fingers2) { transformation: [-0.9761391457631039f,-0.033741870894066765f,-0.21450840136797905f,1.0719676490403989f,-0.044274275871424046f,0.9980284724937609f,0.044485464905195414f,-1.4821669543104394f,0.21258446934086903f,0.0529212078503361f,-0.975708557487697f,-5.792081308414599f,0f,0f,0f,1f], start_interpolation: 0, interpolation_duration: 1 }
$data merge entity $(bone_left_foot) { transformation: [-0.9761391457631039f,-0.043066481161950894f,-0.21283243716408734f,1.0773049166446618f,-0.044274275871424046f,0.9990189992587766f,0.0009097340564376832f,-0.507555660242015f,0.21258446934086903f,0.010311029062113064f,-0.9770882898053488f,-5.587297415800503f,0f,0f,0f,1f], start_interpolation: 0, interpolation_duration: 1 }
$data merge entity $(bone_left_knee) { transformation: [-1.547194374672418f,-0.15408654322208637f,-0.30776096684589727f,1.5368776008025606f,-0.07017535447511529f,1.5287565484774281f,-0.4126120982783955f,-0.5500553082913551f,0.33694939551859304f,-0.3891409271964033f,-1.4991011814331967f,-3.5614221365616645f,0f,0f,0f,1f], start_interpolation: 0, interpolation_duration: 1 }
$data merge entity $(bone_left_thigh) { transformation: [-1.5219808394500185f,-0.3831325221354002f,-0.3293748750896081f,0.8588237306146026f,-0.3457732716414551f,1.5521015667191767f,-0.20766700440212535f,1.1002005952730867f,0.36840084483683305f,-0.12607224350012552f,-1.5556640448546284f,-4.6817039505715075f,0f,0f,0f,1f], start_interpolation: 0, interpolation_duration: 1 }
$data merge entity $(bone_left_leg) { transformation: [-0.9490709792536325f,-0.22972591828113345f,-0.21561604487709424f,0.5257450000000006f,-0.2156159716406633f,0.9725809094982439f,-0.08715576431321803f,1.3130975424390088f,0.22972598701932656f,-0.0362267435668531f,-0.972580893262117f,-4.931638125f,0f,0f,0f,1f], start_interpolation: 0, interpolation_duration: 1 }
$data merge entity $(bone_left_fingers2) { transformation: [-0.9761391457631039f,0.03374187089406673f,0.21450840136797927f,-1.06540043724947f,0.044274275871424046f,0.9980284724937609f,0.044485464905195414f,-1.4748584910231255f,-0.21258446934086925f,0.0529212078503361f,-0.975708557487697f,-5.788731552465687f,0f,0f,0f,1f], start_interpolation: 0, interpolation_duration: 1 }
$data merge entity $(bone_right_foot) { transformation: [-0.9761391457631039f,0.043066481161950866f,0.21283243716408756f,-1.070737704853733f,0.044274275871424046f,0.9990189992587766f,0.0009097340564376832f,-0.5002471969547012f,-0.21258446934086925f,0.010311029062113064f,-0.9770882898053488f,-5.5839476598515905f,0f,0f,0f,1f], start_interpolation: 0, interpolation_duration: 1 }
$data merge entity $(bone_right_knee) { transformation: [-1.547194374672418f,0.15408654322208643f,0.30776096684589765f,-1.528090404890446f,0.07017535447511529f,1.5287565484774281f,-0.4126120982783955f,-0.5118022374475022f,-0.33694939551859343f,-0.3891409271964033f,-1.4991011814331967f,-3.5618213059902386f,0f,0f,0f,1f], start_interpolation: 0, interpolation_duration: 1 }
$data merge entity $(bone_right_thigh) { transformation: [-1.5219808394500185f,0.3831325221354002f,0.3293748750896085f,-0.8586040988588446f,0.3457732716414551f,1.5521015667191767f,-0.20766700440212535f,1.1167573206292436f,-0.36840084483683344f,-0.1260722435001254f,-1.5556640448546284f,-4.6670715254682f,0f,0f,0f,1f], start_interpolation: 0, interpolation_duration: 1 }
$data merge entity $(bone_right_leg) { transformation: [-0.9490709792536325f,0.22972591828113345f,0.21561604487709446f,-0.5257449999999995f,0.2156159716406633f,0.9725809094982439f,-0.08715576431321803f,1.3130975424390088f,-0.22972598701932678f,-0.03622674356685304f,-0.972580893262117f,-4.931638125f,0f,0f,0f,1f], start_interpolation: 0, interpolation_duration: 1 }