# This file was generated by Animated Java via MC-Build. It is not recommended to edit this file directly.
$data merge entity $(bone_left_fingers_2) { transformation: [-0.9988543139288162f,-0.010985002495530423f,0.046576703038826495f,2.3139668941951363f,-0.01307472989082788f,0.9989103335905427f,-0.0448017509067726f,0.16509750563298747f,-0.046033802624546816f,-0.04535939997623209f,-0.9979095218754657f,0.33954680488805544f,0f,0f,0f,1f], start_interpolation: 0, interpolation_duration: 1 }
$data merge entity $(bone_left_fingers) { transformation: [-0.9988543139288162f,-0.010985002495530423f,0.046576703038826495f,2.3544807724645023f,-0.01307472989082788f,0.9989103335905427f,-0.0448017509067726f,0.14523512604397498f,-0.046033802624546816f,-0.04535939997623209f,-0.9979095218754657f,-0.23519969283271636f,0f,0f,0f,1f], start_interpolation: 0, interpolation_duration: 1 }
$data merge entity $(bone_left_index_finger_2) { transformation: [-0.887457556972474f,0.09724931076054918f,0.45051265923284134f,1.6406508742710155f,0.07912385952975817f,0.9951205137320611f,-0.05894555117015962f,0.18042188593270508f,-0.4540468031222807f,-0.016665374470348715f,-0.8908219608138317f,0.19861457036339514f,0f,0f,0f,1f], start_interpolation: 0, interpolation_duration: 1 }
$data merge entity $(bone_left_index_finger) { transformation: [-0.887457556972474f,0.09724931076054918f,0.45051265923284134f,1.9008537012332534f,0.07912385952975817f,0.9951205137320611f,-0.05894555117015962f,0.1522064255810291f,-0.4540468031222807f,-0.016665374470348715f,-0.8908219608138317f,-0.3148820111594608f,0f,0f,0f,1f], start_interpolation: 0, interpolation_duration: 1 }
$data merge entity $(bone_left_thumb) { transformation: [-0.8650556080752179f,-0.011054802093123026f,0.5015541708412931f,1.7806706036935505f,0.0011879802007588175f,0.9997092409038176f,0.024083653264303007f,0.06664500180159416f,-0.5016745794244091f,0.021429535743791805f,-0.8647909524024565f,-1.154738311374082f,0f,0f,0f,1f], start_interpolation: 0, interpolation_duration: 1 }
$data merge entity $(bone_left_hand) { transformation: [-0.984807753012208f,-0.022665635416815447f,0.17216259343480467f,2.3651803443155477f,0.015134435901338618f,0.9764688357507457f,0.2151268501548131f,0.1868818859329604f,-0.17298739392508958f,0.2144641736485027f,-0.9612910484157599f,-0.9680954155677752f,0f,0f,0f,1f], start_interpolation: 0, interpolation_duration: 1 }
$data merge entity $(bone_left_forearm) { transformation: [-1.970924479662795f,-0.04220466390546553f,0.344954917578026f,2.682625f,0.030288987990396102f,1.9580957805021828f,0.4126280709510199f,1.4986900002370804f,-0.34620471692793797f,0.41158002147197204f,-1.9277091619984257f,-2.7522628930152964f,0f,0f,0f,1f], start_interpolation: 0, interpolation_duration: 1 }
$data merge entity $(bone_left_bicep) { transformation: [-2.46898625f,-2.635272508089251e-17f,3.0121302599489216e-16f,1.8165731250000001f,0f,2.459591011911421f,0.21518633045250518f,5.348340841126296f,-3.0236361082013267e-16f,0.21518633045250518f,-2.459591011911421f,-2.2599101638787324f,0f,0f,0f,1f], start_interpolation: 0, interpolation_duration: 1 }
$data merge entity $(bone_left_shoulder) { transformation: [-1.2327766666666666f,-1.3158041922187997e-17f,1.5039710737253525e-16f,1.3743293750000003f,0f,1.2280855792645484f,0.10744356602531552f,3.162669194191888f,-1.5097159988968769e-16f,0.10744356602531552f,-1.2280855792645484f,-2.2175634827633415f,0f,0f,0f,1f], start_interpolation: 0, interpolation_duration: 1 }
$data merge entity $(bone_right_fingers_2) { transformation: [-0.9988543139288162f,0.01098500249553043f,-0.046576703038826286f,-2.313966653005523f,0.01307472989082788f,0.9989103335905427f,-0.0448017509067726f,0.16509791835375556f,0.046033802624546566f,-0.04535939997623212f,-0.9979095218754657f,0.33954781025592684f,0f,0f,0f,1f], start_interpolation: 0, interpolation_duration: 1 }
$data merge entity $(bone_right_fingers) { transformation: [-0.9988543139288162f,0.01098500249553043f,-0.046576703038826286f,-2.354480705937525f,0.01307472989082788f,0.9989103335905427f,-0.0448017509067726f,0.14523537075817716f,0.046033802624546566f,-0.04535939997623212f,-0.9979095218754657f,-0.23520242962555216f,0f,0f,0f,1f], start_interpolation: 0, interpolation_duration: 1 }
$data merge entity $(bone_right_index_finger_2) { transformation: [-0.8874575569724741f,-0.09724931076054918f,-0.4505126592328411f,-1.6406502697359344f,-0.07912385952975817f,0.9951205137320611f,-0.05894555117015962f,0.18042145837550055f,0.4540468031222805f,-0.01666537447034877f,-0.8908219608138319f,0.1986148376050858f,0f,0f,0f,1f], start_interpolation: 0, interpolation_duration: 1 }
$data merge entity $(bone_right_index_finger) { transformation: [-0.8874575569724741f,-0.09724931076054918f,-0.4505126592328411f,-1.900853096698172f,-0.07912385952975817f,0.9951205137320611f,-0.05894555117015962f,0.15220599802382456f,0.4540468031222805f,-0.01666537447034877f,-0.8908219608138319f,-0.31488174391777024f,0f,0f,0f,1f], start_interpolation: 0, interpolation_duration: 1 }
$data merge entity $(bone_right_thumb) { transformation: [-0.865055608075218f,0.011054802093123019f,-0.5015541708412928f,-1.780669999158469f,-0.0011879802007588175f,0.9997092409038176f,0.024083653264303007f,0.06664457424438963f,0.5016745794244089f,0.021429535743791778f,-0.8647909524024567f,-1.1547380441323913f,0f,0f,0f,1f], start_interpolation: 0, interpolation_duration: 1 }
$data merge entity $(bone_right_hand) { transformation: [-0.984807753012208f,0.022665635416815395f,-0.17216259343480445f,-2.365179739780466f,-0.015134435901338618f,0.9764688357507457f,0.2151268501548131f,0.18688145837575587f,0.17298739392508936f,0.2144641736485027f,-0.96129104841576f,-0.9680951483260847f,0f,0f,0f,1f], start_interpolation: 0, interpolation_duration: 1 }
$data merge entity $(bone_right_forearm) { transformation: [-1.9709265313456132f,0.04220470783945919f,-0.34495527666741976f,-2.682625f,-0.03028901952047089f,1.9580978188306482f,0.412628500486465f,1.4986871594903453f,0.34620507731834144f,0.41158044991642395f,-1.9277111686951853f,-2.752266278485424f,0f,0f,0f,1f], start_interpolation: 0, interpolation_duration: 1 }
$data merge entity $(bone_right_bicep) { transformation: [-2.46898625f,-2.635272508089251e-17f,3.0121302599489216e-16f,-1.8165731249999997f,0f,2.459591011911421f,0.21518633045250518f,5.348340841126296f,-3.0236361082013267e-16f,0.21518633045250518f,-2.459591011911421f,-2.2599101638787324f,0f,0f,0f,1f], start_interpolation: 0, interpolation_duration: 1 }
$data merge entity $(bone_right_shoulder) { transformation: [-1.2327766666666666f,-1.3158041922187997e-17f,1.5039710737253525e-16f,-1.3743293749999999f,0f,1.2280855792645484f,0.10744356602531552f,3.162669194191888f,-1.5097159988968769e-16f,0.10744356602531552f,-1.2280855792645484f,-2.2175634827633415f,0f,0f,0f,1f], start_interpolation: 0, interpolation_duration: 1 }
$data merge entity $(bone_chest) { transformation: [-4.0674850000000005f,6.049347085968478e-17f,4.94436356634721e-16f,2.058099427259814e-16f,0f,4.037379242561748f,-0.49396667595753063f,3.381325027014912f,-4.981232485829872e-16f,-0.49396667595753063f,-4.037379242561748f,-1.6805657179627163f,0f,0f,0f,1f], start_interpolation: 0, interpolation_duration: 1 }
$data merge entity $(bone_weist) { transformation: [-1.0999999999999999f,1.6359695965849472e-17f,1.3371407449522076e-16f,5.292469336308333e-16f,0f,1.0918582777362231f,-0.13358705528189618f,3.242003875502197f,-1.3471114790620883e-16f,-0.13358705528189618f,-1.0918582777362231f,-4.321629175034921f,0f,0f,0f,1f], start_interpolation: 0, interpolation_duration: 1 }
$data merge entity $(bone_right_fingers2) { transformation: [-0.9761391457631039f,-0.033741870894066724f,-0.21450840136797905f,1.0704455915107047f,-0.044274275871424046f,0.9980284724937609f,0.044485464905195414f,0.14135682125473437f,0.21258446934086903f,0.05292120785033607f,-0.975708557487697f,-6.165442093547926f,0f,0f,0f,1f], start_interpolation: 0, interpolation_duration: 1 }
$data merge entity $(bone_left_foot) { transformation: [-0.9761391457631039f,-0.04306648116195085f,-0.21283243716408734f,1.0757828591149676f,-0.044274275871424046f,0.9990189992587766f,0.0009097340564376832f,1.1159681153231586f,0.21258446934086903f,0.010311029062113036f,-0.9770882898053488f,-5.96065820093383f,0f,0f,0f,1f], start_interpolation: 0, interpolation_duration: 1 }
$data merge entity $(bone_left_knee) { transformation: [-1.547194374672418f,-0.14791064220507116f,-0.3107763141530203f,1.5368776008025609f,-0.07017535447511529f,1.5366905470178034f,-0.3820045691669718f,1.0320400864973183f,0.33694939551859304f,-0.3591302175571352f,-1.5065724344455023f,-3.9364221365616645f,0f,0f,0f,1f], start_interpolation: 0, interpolation_duration: 1 }
$data merge entity $(bone_left_thigh) { transformation: [-1.5219808394500185f,-0.3831325221354002f,-0.3293748750896081f,0.8588237306146027f,-0.3457732716414551f,1.5521015667191767f,-0.20766700440212535f,2.68229599006176f,0.36840084483683305f,-0.12607224350012552f,-1.5556640448546284f,-5.0567039505715075f,0f,0f,0f,1f], start_interpolation: 0, interpolation_duration: 1 }
$data merge entity $(bone_left_leg) { transformation: [-0.9490709792536325f,-0.22972591828113345f,-0.21561604487709424f,0.5257450000000007f,-0.2156159716406633f,0.9725809094982439f,-0.08715576431321803f,2.8951929372276823f,0.22972598701932656f,-0.0362267435668531f,-0.972580893262117f,-5.306638125f,0f,0f,0f,1f], start_interpolation: 0, interpolation_duration: 1 }
$data merge entity $(bone_left_fingers2) { transformation: [-0.9761391457631039f,0.03374187089406669f,0.21450840136797927f,-1.0637498990377912f,0.044274275871424046f,0.9980284724937609f,0.044485464905195414f,0.14858896052365267f,-0.21258446934086925f,0.0529212078503361f,-0.975708557487697f,-6.162698187190026f,0f,0f,0f,1f], start_interpolation: 0, interpolation_duration: 1 }
$data merge entity $(bone_right_foot) { transformation: [-0.9761391457631039f,0.04306648116195083f,0.21283243716408756f,-1.069087166642054f,0.044274275871424046f,0.9990189992587766f,0.0009097340564376832f,1.123200254592077f,-0.21258446934086925f,0.010311029062113064f,-0.9770882898053488f,-5.95791429457593f,0f,0f,0f,1f], start_interpolation: 0, interpolation_duration: 1 }
$data merge entity $(bone_right_knee) { transformation: [-1.547194374672418f,0.1479106422050712f,0.3107763141530207f,-1.5280904048904458f,0.07017535447511529f,1.5366905470178034f,-0.3820045691669718f,1.0702931573411711f,-0.33694939551859343f,-0.35913021755713515f,-1.5065724344455023f,-3.9368213059902386f,0f,0f,0f,1f], start_interpolation: 0, interpolation_duration: 1 }
$data merge entity $(bone_right_thigh) { transformation: [-1.5219808394500185f,0.3831325221354002f,0.3293748750896085f,-0.8586040988588444f,0.3457732716414551f,1.5521015667191767f,-0.20766700440212535f,2.698852715417917f,-0.36840084483683344f,-0.1260722435001254f,-1.5556640448546284f,-5.0420715254682f,0f,0f,0f,1f], start_interpolation: 0, interpolation_duration: 1 }
$data merge entity $(bone_right_leg) { transformation: [-0.9490709792536325f,0.22972591828113345f,0.21561604487709446f,-0.5257449999999994f,0.2156159716406633f,0.9725809094982439f,-0.08715576431321803f,2.8951929372276823f,-0.22972598701932678f,-0.03622674356685304f,-0.972580893262117f,-5.306638125f,0f,0f,0f,1f], start_interpolation: 0, interpolation_duration: 1 }