# This file was generated by Animated Java via MC-Build. It is not recommended to edit this file directly.
$data merge entity $(bone_left_fingers_2) { transformation: [-0.9988543139288162f,-0.010985002495530423f,0.04657670303882647f,2.3132940826631536f,-0.013074729890827877f,0.9989103335905427f,-0.04480175090677263f,-1.4604352499749884f,-0.04603380262454676f,-0.045359399976232145f,-0.9979095218754657f,0.7150433842804846f,0f,0f,0f,1f], start_interpolation: 0, interpolation_duration: 1 }
$data merge entity $(bone_left_fingers) { transformation: [-0.9988543139288162f,-0.010985002495530423f,0.04657670303882647f,2.3538079609325195f,-0.013074729890827877f,0.9989103335905427f,-0.04480175090677263f,-1.480297629564001f,-0.04603380262454676f,-0.045359399976232145f,-0.9979095218754657f,0.14029688655971295f,0f,0f,0f,1f], start_interpolation: 0, interpolation_duration: 1 }
$data merge entity $(bone_left_index_finger_2) { transformation: [-0.887457556972474f,0.09724931076054918f,0.45051265923284134f,1.639978062739033f,0.07912385952975817f,0.9951205137320611f,-0.05894555117015965f,-1.4451108696752708f,-0.45404680312228074f,-0.01666537447034877f,-0.8908219608138319f,0.5741111497558246f,0f,0f,0f,1f], start_interpolation: 0, interpolation_duration: 1 }
$data merge entity $(bone_left_index_finger) { transformation: [-0.887457556972474f,0.09724931076054918f,0.45051265923284134f,1.9001808897012706f,0.07912385952975817f,0.9951205137320611f,-0.05894555117015965f,-1.4733263300269468f,-0.45404680312228074f,-0.01666537447034877f,-0.8908219608138319f,0.06061456823296851f,0f,0f,0f,1f], start_interpolation: 0, interpolation_duration: 1 }
$data merge entity $(bone_left_thumb) { transformation: [-0.8650556080752179f,-0.011054802093123019f,0.5015541708412931f,1.7799977921615677f,0.0011879802007588036f,0.9997092409038176f,0.02408365326430298f,-1.5588877538063817f,-0.5016745794244091f,0.02142953574379175f,-0.8647909524024566f,-0.7792417319816527f,0f,0f,0f,1f], start_interpolation: 0, interpolation_duration: 1 }
$data merge entity $(bone_left_hand) { transformation: [-0.984807753012208f,-0.022665635416815443f,0.17216259343480464f,2.364507532783565f,0.015134435901338618f,0.9764688357507457f,0.21512685015481306f,-1.4386508696750155f,-0.17298739392508955f,0.21446417364850268f,-0.96129104841576f,-0.592598836175346f,0f,0f,0f,1f], start_interpolation: 0, interpolation_duration: 1 }
$data merge entity $(bone_left_forearm) { transformation: [-1.970924479662795f,-0.04104026086039841f,0.34509538653124067f,2.682625f,0.030288987990396102f,1.9594771774489064f,0.4060174892958185f,-0.13296532709594633f,-0.3462047169279379f,0.405071995324378f,-1.9290871950047952f,-2.3811322484184627f,0f,0f,0f,1f], start_interpolation: 0, interpolation_duration: 1 }
$data merge entity $(bone_left_bicep) { transformation: [-2.46898625f,-2.635272508089251e-17f,3.0121302599489206e-16f,1.8165731250000001f,0f,2.459591011911421f,0.21518633045250524f,3.7166855137932693f,-3.0236361082013267e-16f,0.21518633045250524f,-2.459591011911421f,-1.8887795192818988f,0f,0f,0f,1f], start_interpolation: 0, interpolation_duration: 1 }
$data merge entity $(bone_left_shoulder) { transformation: [-1.2327766666666666f,-1.3158041922187997e-17f,1.503971073725352e-16f,1.3743293750000003f,0f,1.2280855792645484f,0.10744356602531553f,1.5310138668588618f,-1.5097159988968769e-16f,0.10744356602531553f,-1.2280855792645484f,-1.8464328381665078f,0f,0f,0f,1f], start_interpolation: 0, interpolation_duration: 1 }
$data merge entity $(bone_right_fingers_2) { transformation: [-0.9988543139288161f,0.010985002495530437f,-0.04657670303882626f,-2.3132938430723753f,0.013074729890827877f,0.9989103335905427f,-0.04480175090677263f,-1.4604348247750472f,0.04603380262454654f,-0.04535939997623217f,-0.9979095218754658f,0.7150443816380646f,0f,0f,0f,1f], start_interpolation: 0, interpolation_duration: 1 }
$data merge entity $(bone_right_fingers) { transformation: [-0.9988543139288161f,0.010985002495530437f,-0.04657670303882626f,-2.353807896004377f,0.013074729890827877f,0.9989103335905427f,-0.04480175090677263f,-1.4802973723706256f,0.04603380262454654f,-0.04535939997623217f,-0.9979095218754658f,0.1402941417565856f,0f,0f,0f,1f], start_interpolation: 0, interpolation_duration: 1 }
$data merge entity $(bone_right_index_finger_2) { transformation: [-0.8874575569724741f,-0.09724931076054917f,-0.4505126592328411f,-1.639977459802786f,-0.07912385952975817f,0.9951205137320611f,-0.05894555117015965f,-1.4451112847533023f,0.4540468031222806f,-0.016665374470348826f,-0.890821960813832f,0.5741114089872237f,0f,0f,0f,1f], start_interpolation: 0, interpolation_duration: 1 }
$data merge entity $(bone_right_index_finger) { transformation: [-0.8874575569724741f,-0.09724931076054917f,-0.4505126592328411f,-1.9001802867650237f,-0.07912385952975817f,0.9951205137320611f,-0.05894555117015965f,-1.4733267451049783f,0.4540468031222806f,-0.016665374470348826f,-0.890821960813832f,0.06061482746436764f,0f,0f,0f,1f], start_interpolation: 0, interpolation_duration: 1 }
$data merge entity $(bone_right_thumb) { transformation: [-0.865055608075218f,0.011054802093123026f,-0.5015541708412928f,-1.7799971892253206f,-0.0011879802007588036f,0.9997092409038176f,0.02408365326430298f,-1.5588881688844132f,0.5016745794244089f,0.021429535743791722f,-0.8647909524024567f,-0.7792414727502537f,0f,0f,0f,1f], start_interpolation: 0, interpolation_duration: 1 }
$data merge entity $(bone_right_hand) { transformation: [-0.984807753012208f,0.02266563541681539f,-0.17216259343480442f,-2.364506929847318f,-0.015134435901338618f,0.9764688357507457f,0.21512685015481306f,-1.438651284753047f,0.17298739392508933f,0.21446417364850268f,-0.9612910484157601f,-0.592598576943947f,0f,0f,0f,1f], start_interpolation: 0, interpolation_duration: 1 }
$data merge entity $(bone_right_forearm) { transformation: [-1.9709265313456132f,0.04104030358227778f,-0.34509574576685914f,-2.682625f,-0.03028901952047089f,1.959479217215371f,0.4060179119498143f,-0.1329681678426815f,0.3462050773183414f,0.4050724169941383f,-1.9290892031360527f,-2.381135633888591f,0f,0f,0f,1f], start_interpolation: 0, interpolation_duration: 1 }
$data merge entity $(bone_right_bicep) { transformation: [-2.46898625f,-2.635272508089251e-17f,3.0121302599489206e-16f,-1.8165731249999997f,0f,2.459591011911421f,0.21518633045250524f,3.7166855137932693f,-3.0236361082013267e-16f,0.21518633045250524f,-2.459591011911421f,-1.8887795192818992f,0f,0f,0f,1f], start_interpolation: 0, interpolation_duration: 1 }
$data merge entity $(bone_right_shoulder) { transformation: [-1.2327766666666666f,-1.3158041922187997e-17f,1.503971073725352e-16f,-1.3743293749999999f,0f,1.2280855792645484f,0.10744356602531553f,1.5310138668588618f,-1.5097159988968769e-16f,0.10744356602531553f,-1.2280855792645484f,-1.846432838166508f,0f,0f,0f,1f], start_interpolation: 0, interpolation_duration: 1 }
$data merge entity $(bone_chest) { transformation: [-4.0674850000000005f,5.882448987138755e-17f,4.94637695864599e-16f,1.5988108809958455e-16f,0f,4.039023302138911f,-0.48033841195962335f,1.7518845307993056f,-4.981232485829872e-16f,-0.48033841195962335f,-4.039023302138911f,-1.3055281589018153f,0f,0f,0f,1f], start_interpolation: 0, interpolation_duration: 1 }
$data merge entity $(bone_weist) { transformation: [-1.0999999999999999f,1.5908341114601845e-17f,1.3376852414970398e-16f,4.833738181206244e-16f,0f,1.0923028929062555f,-0.12990146322742077f,1.6214773013560169f,-1.3471114790620883e-16f,-0.12990146322742077f,-1.0923028929062555f,-3.947046760397921f,0f,0f,0f,1f], start_interpolation: 0, interpolation_duration: 1 }
$data merge entity $(bone_right_fingers2) { transformation: [-0.9761391457631039f,-0.033741870894066724f,-0.21450840136797905f,1.0705673479632132f,-0.044274275871424046f,0.998028472493761f,0.044485464905195414f,-1.4835173588276005f,0.21258446934086903f,0.05292120785033605f,-0.9757085574876971f,-5.79061189700417f,0f,0f,0f,1f], start_interpolation: 0, interpolation_duration: 1 }
$data merge entity $(bone_left_foot) { transformation: [-0.9761391457631039f,-0.04306648116195085f,-0.21283243716408734f,1.075904615567476f,-0.044274275871424046f,0.9990189992587767f,0.0009097340564376832f,-0.508906064759176f,0.21258446934086903f,0.010311029062113009f,-0.9770882898053489f,-5.585828004390073f,0f,0f,0f,1f], start_interpolation: 0, interpolation_duration: 1 }
$data merge entity $(bone_left_knee) { transformation: [-1.547194374672418f,-0.14843484030998808f,-0.31052628503590757f,1.5368776008025606f,-0.07017535447511529f,1.5360437589278535f,-0.3845970603334222f,-0.5893343453874276f,0.33694939551859304f,-0.36167191952785943f,-1.505964287763397f,-3.5614221365616645f,0f,0f,0f,1f], start_interpolation: 0, interpolation_duration: 1 }
$data merge entity $(bone_left_thigh) { transformation: [-1.5219808394500185f,-0.3831325221354002f,-0.3293748750896081f,0.8588237306146026f,-0.3457732716414551f,1.5521015667191767f,-0.20766700440212535f,1.0609215581770142f,0.36840084483683305f,-0.12607224350012552f,-1.5556640448546284f,-4.6817039505715075f,0f,0f,0f,1f], start_interpolation: 0, interpolation_duration: 1 }
$data merge entity $(bone_left_leg) { transformation: [-0.9490709792536325f,-0.22972591828113345f,-0.21561604487709424f,0.5257450000000006f,-0.2156159716406633f,0.9725809094982439f,-0.08715576431321803f,1.2738185053429363f,0.22972598701932656f,-0.0362267435668531f,-0.972580893262117f,-4.931638125f,0f,0f,0f,1f], start_interpolation: 0, interpolation_duration: 1 }
$data merge entity $(bone_left_fingers2) { transformation: [-0.9761391457631039f,0.03374187089406668f,0.2145084013679793f,-1.0638825454712288f,0.044274275871424046f,0.998028472493761f,0.044485464905195414f,-1.4762792480103824f,-0.21258446934086925f,0.05292120785033608f,-0.9757085574876971f,-5.787816742675559f,0f,0f,0f,1f], start_interpolation: 0, interpolation_duration: 1 }
$data merge entity $(bone_right_foot) { transformation: [-0.9761391457631039f,0.043066481161950824f,0.2128324371640876f,-1.0692198130754917f,0.044274275871424046f,0.9990189992587767f,0.0009097340564376832f,-0.5016679539419581f,-0.21258446934086925f,0.010311029062113036f,-0.9770882898053489f,-5.583032850061462f,0f,0f,0f,1f], start_interpolation: 0, interpolation_duration: 1 }
$data merge entity $(bone_right_knee) { transformation: [-1.547194374672418f,0.1484348403099881f,0.3105262850359079f,-1.528090404890446f,0.07017535447511529f,1.5360437589278535f,-0.3845970603334222f,-0.5510812745435747f,-0.33694939551859343f,-0.36167191952785943f,-1.505964287763397f,-3.5618213059902386f,0f,0f,0f,1f], start_interpolation: 0, interpolation_duration: 1 }
$data merge entity $(bone_right_thigh) { transformation: [-1.5219808394500185f,0.3831325221354002f,0.3293748750896085f,-0.8586040988588446f,0.3457732716414551f,1.5521015667191767f,-0.20766700440212535f,1.077478283533171f,-0.36840084483683344f,-0.1260722435001254f,-1.5556640448546284f,-4.6670715254682f,0f,0f,0f,1f], start_interpolation: 0, interpolation_duration: 1 }
$data merge entity $(bone_right_leg) { transformation: [-0.9490709792536325f,0.22972591828113345f,0.21561604487709446f,-0.5257449999999995f,0.2156159716406633f,0.9725809094982439f,-0.08715576431321803f,1.2738185053429363f,-0.22972598701932678f,-0.03622674356685304f,-0.972580893262117f,-4.931638125f,0f,0f,0f,1f], start_interpolation: 0, interpolation_duration: 1 }