# This file was generated by Animated Java via MC-Build. It is not recommended to edit this file directly.
$data merge entity $(bone_left_fingers_2) { transformation: [-0.9988543139288162f,-0.010985002495530416f,0.04657670303882647f,2.3009838354791907f,-0.013074729890827877f,0.9989103335905427f,-0.0448017509067726f,0.16200829089805818f,-0.04603380262454679f,-0.045359399976232034f,-0.9979095218754654f,0.338592931369747f,0f,0f,0f,1f], start_interpolation: 0, interpolation_duration: 1 }
$data merge entity $(bone_left_fingers) { transformation: [-0.9988543139288162f,-0.010985002495530416f,0.04657670303882647f,2.3414977137485566f,-0.013074729890827877f,0.9989103335905427f,-0.0448017509067726f,0.1421459113090457f,-0.04603380262454679f,-0.045359399976232034f,-0.9979095218754654f,-0.2361535663510247f,0f,0f,0f,1f], start_interpolation: 0, interpolation_duration: 1 }
$data merge entity $(bone_left_index_finger_2) { transformation: [-0.887457556972474f,0.09724931076054918f,0.45051265923284134f,1.6276678155550703f,0.07912385952975817f,0.9951205137320611f,-0.05894555117015962f,0.1773326711977758f,-0.45404680312228063f,-0.01666537447034866f,-0.8908219608138316f,0.1976606968450867f,0f,0f,0f,1f], start_interpolation: 0, interpolation_duration: 1 }
$data merge entity $(bone_left_index_finger) { transformation: [-0.887457556972474f,0.09724931076054918f,0.45051265923284134f,1.887870642517308f,0.07912385952975817f,0.9951205137320611f,-0.05894555117015962f,0.1491172108460998f,-0.45404680312228063f,-0.01666537447034866f,-0.8908219608138316f,-0.31583588467776913f,0f,0f,0f,1f], start_interpolation: 0, interpolation_duration: 1 }
$data merge entity $(bone_left_thumb) { transformation: [-0.8650556080752179f,-0.011054802093123019f,0.5015541708412931f,1.7676875449776048f,0.0011879802007588175f,0.9997092409038176f,0.024083653264303007f,0.06355578706666487f,-0.501674579424409f,0.021429535743791833f,-0.8647909524024563f,-1.15569218489239f,0f,0f,0f,1f], start_interpolation: 0, interpolation_duration: 1 }
$data merge entity $(bone_left_hand) { transformation: [-0.984807753012208f,-0.02266563541681544f,0.17216259343480464f,2.352197285599602f,0.015134435901338622f,0.9764688357507457f,0.2151268501548131f,0.1837926711980311f,-0.17298739392508952f,0.2144641736485027f,-0.9612910484157596f,-0.9690492890860833f,0f,0f,0f,1f], start_interpolation: 0, interpolation_duration: 1 }
$data merge entity $(bone_left_forearm) { transformation: [-1.970924479662795f,-0.018337312587293465f,0.3470430402467565f,2.682625f,0.03028898799039611f,1.9818723093428388f,0.27673662572434343f,1.3676406525053229f,-0.34620471692793786f,0.2777846752033913f,-1.9514856908390814f,-2.8383236692852507f,0f,0f,0f,1f], start_interpolation: 0, interpolation_duration: 1 }
$data merge entity $(bone_left_bicep) { transformation: [-2.46898625f,-2.635272508089252e-17f,3.0121302599489216e-16f,1.8165731250000001f,0f,2.459591011911421f,0.2151863304525053f,5.217291493394538f,-3.0236361082013267e-16f,0.2151863304525053f,-2.459591011911421f,-2.345970940148687f,0f,0f,0f,1f], start_interpolation: 0, interpolation_duration: 1 }
$data merge entity $(bone_left_shoulder) { transformation: [-1.2327766666666666f,-1.3158041922188e-17f,1.5039710737253525e-16f,1.3743293750000003f,0f,1.2280855792645482f,0.10744356602531557f,3.0316198464601305f,-1.5097159988968769e-16f,0.10744356602531557f,-1.2280855792645482f,-2.303624259033296f,0f,0f,0f,1f], start_interpolation: 0, interpolation_duration: 1 }
$data merge entity $(bone_right_fingers_2) { transformation: [-0.9988543139288161f,0.01098500249553043f,-0.04657670303882626f,-2.300983628297022f,0.013074729890827877f,0.9989103335905427f,-0.0448017509067726f,0.16200895293434472f,0.046033802624546566f,-0.045359399976232034f,-0.9979095218754654f,0.3385937649473839f,0f,0f,0f,1f], start_interpolation: 0, interpolation_duration: 1 }
$data merge entity $(bone_right_fingers) { transformation: [-0.9988543139288161f,0.01098500249553043f,-0.04657670303882626f,-2.341497681229024f,0.013074729890827877f,0.9989103335905427f,-0.0448017509067726f,0.14214640533876632f,0.046033802624546566f,-0.045359399976232034f,-0.9979095218754654f,-0.23615647493409497f,0f,0f,0f,1f], start_interpolation: 0, interpolation_duration: 1 }
$data merge entity $(bone_right_index_finger_2) { transformation: [-0.8874575569724741f,-0.09724931076054918f,-0.4505126592328411f,-1.627667245027433f,-0.07912385952975817f,0.9951205137320611f,-0.05894555117015962f,0.17733249295608972f,0.4540468031222804f,-0.016665374470348687f,-0.8908219608138316f,0.19766079229654276f,0f,0f,0f,1f], start_interpolation: 0, interpolation_duration: 1 }
$data merge entity $(bone_right_index_finger) { transformation: [-0.8874575569724741f,-0.09724931076054918f,-0.4505126592328411f,-1.8878700719896706f,-0.07912385952975817f,0.9951205137320611f,-0.05894555117015962f,0.14911703260441372f,0.4540468031222804f,-0.016665374470348687f,-0.8908219608138316f,-0.31583578922631306f,0f,0f,0f,1f], start_interpolation: 0, interpolation_duration: 1 }
$data merge entity $(bone_right_thumb) { transformation: [-0.865055608075218f,0.011054802093123019f,-0.5015541708412928f,-1.7676869744499673f,-0.0011879802007588175f,0.9997092409038176f,0.024083653264303007f,0.0635556088249788f,0.5016745794244087f,0.021429535743791833f,-0.8647909524024564f,-1.155692089440934f,0f,0f,0f,1f], start_interpolation: 0, interpolation_duration: 1 }
$data merge entity $(bone_right_hand) { transformation: [-0.984807753012208f,0.022665635416815388f,-0.17216259343480442f,-2.3521967150719645f,-0.015134435901338622f,0.9764688357507457f,0.2151268501548131f,0.18379249295634503f,0.1729873939250893f,0.2144641736485027f,-0.9612910484157596f,-0.9690491936346273f,0f,0f,0f,1f], start_interpolation: 0, interpolation_duration: 1 }
$data merge entity $(bone_right_forearm) { transformation: [-1.9709265313456132f,0.018337331675974653f,-0.3470434015098335f,-2.682625f,-0.030289019520470896f,1.9818743724220726f,0.2767369138002114f,1.3676378117585877f,0.3462050773183413f,0.2777849643702524f,-1.9514877222866096f,-2.8383270547553794f,0f,0f,0f,1f], start_interpolation: 0, interpolation_duration: 1 }
$data merge entity $(bone_right_bicep) { transformation: [-2.46898625f,-2.635272508089252e-17f,3.0121302599489216e-16f,-1.8165731249999997f,0f,2.459591011911421f,0.2151863304525053f,5.217291493394538f,-3.0236361082013267e-16f,0.2151863304525053f,-2.459591011911421f,-2.3459709401486872f,0f,0f,0f,1f], start_interpolation: 0, interpolation_duration: 1 }
$data merge entity $(bone_right_shoulder) { transformation: [-1.2327766666666666f,-1.3158041922188e-17f,1.5039710737253525e-16f,-1.3743293749999999f,0f,1.2280855792645482f,0.10744356602531557f,3.0316198464601305f,-1.5097159988968769e-16f,0.10744356602531557f,-1.2280855792645482f,-2.3036242590332963f,0f,0f,0f,1f], start_interpolation: 0, interpolation_duration: 1 }
$data merge entity $(bone_chest) { transformation: [-4.0674850000000005f,2.628353319266011e-17f,4.974293383605141e-16f,2.0608021395652539e-16f,0f,4.061818793033582f,-0.2146213358084938f,3.2906395463414273f,-4.981232485829872e-16f,-0.2146213358084938f,-4.061818793033582f,-1.6827726500408644f,0f,0f,0f,1f], start_interpolation: 0, interpolation_duration: 1 }
$data merge entity $(bone_weist) { transformation: [-1.0999999999999999f,7.108049940424149e-18f,1.3452348864140013e-16f,5.299241513543521e-16f,0f,1.098467645814782f,-0.05804163245576643f,3.3336161716356467f,-1.3471114790620883e-16f,-0.05804163245576643f,-1.098467645814782f,-4.327159077403427f,0f,0f,0f,1f], start_interpolation: 0, interpolation_duration: 1 }
$data merge entity $(bone_right_fingers2) { transformation: [-0.9761391457631039f,-0.03374187089406668f,-0.21450840136797908f,1.0731845403901954f,-0.044274275871424046f,0.998028472493761f,0.04448546490519547f,0.143893834325854f,0.21258446934086903f,0.05292120785033616f,-0.9757085574876971f,-6.167764790593497f,0f,0f,0f,1f], start_interpolation: 0, interpolation_duration: 1 }
$data merge entity $(bone_left_foot) { transformation: [-0.9761391457631039f,-0.04306648116195081f,-0.21283243716408737f,1.0785218079944583f,-0.044274275871424046f,0.9990189992587767f,0.0009097340564377387f,1.1185051283942784f,0.21258446934086903f,0.01031102906211312f,-0.9770882898053489f,-5.962980897979401f,0f,0f,0f,1f], start_interpolation: 0, interpolation_duration: 1 }
$data merge entity $(bone_left_knee) { transformation: [-1.547194374672418f,-0.1585352025122274f,-0.3054931506277357f,1.5368776008025609f,-0.07017535447511529f,1.5226096461692022f,-0.4347472754955644f,1.1061167120419537f,0.33694939551859304f,-0.4108483460973541f,-1.4932979106336255f,-3.9364221365616645f,0f,0f,0f,1f], start_interpolation: 0, interpolation_duration: 1 }
$data merge entity $(bone_left_thigh) { transformation: [-1.5219808394500185f,-0.3831325221354002f,-0.3293748750896081f,0.8588237306146027f,-0.3457732716414551f,1.5521015667191767f,-0.20766700440212535f,2.7563726156063955f,0.36840084483683305f,-0.12607224350012552f,-1.5556640448546284f,-5.0567039505715075f,0f,0f,0f,1f], start_interpolation: 0, interpolation_duration: 1 }
$data merge entity $(bone_left_leg) { transformation: [-0.9490709792536325f,-0.22972591828113345f,-0.21561604487709424f,0.5257450000000007f,-0.2156159716406633f,0.9725809094982439f,-0.08715576431321803f,2.969269562772318f,0.22972598701932656f,-0.0362267435668531f,-0.972580893262117f,-5.306638125f,0f,0f,0f,1f], start_interpolation: 0, interpolation_duration: 1 }
$data merge entity $(bone_left_fingers2) { transformation: [-0.9761391457631039f,0.03374187089406663f,0.21450840136797925f,-1.066710123001329f,0.044274275871424046f,0.998028472493761f,0.04448546490519547f,0.15126549108411402f,-0.21258446934086925f,0.05292120785033616f,-0.9757085574876971f,-6.163975782925886f,0f,0f,0f,1f], start_interpolation: 0, interpolation_duration: 1 }
$data merge entity $(bone_right_foot) { transformation: [-0.9761391457631039f,0.043066481161950776f,0.21283243716408756f,-1.0720473906055918f,0.044274275871424046f,0.9990189992587767f,0.0009097340564377387f,1.1258767851525384f,-0.21258446934086925f,0.01031102906211312f,-0.9770882898053489f,-5.959191890311789f,0f,0f,0f,1f], start_interpolation: 0, interpolation_duration: 1 }
$data merge entity $(bone_right_knee) { transformation: [-1.547194374672418f,0.15853520251222747f,0.305493150627736f,-1.5280904048904458f,0.07017535447511529f,1.5226096461692022f,-0.4347472754955644f,1.1443697828858066f,-0.33694939551859343f,-0.4108483460973541f,-1.4932979106336255f,-3.9368213059902386f,0f,0f,0f,1f], start_interpolation: 0, interpolation_duration: 1 }
$data merge entity $(bone_right_thigh) { transformation: [-1.5219808394500185f,0.3831325221354002f,0.3293748750896085f,-0.8586040988588444f,0.3457732716414551f,1.5521015667191767f,-0.20766700440212535f,2.7729293409625524f,-0.36840084483683344f,-0.1260722435001254f,-1.5556640448546284f,-5.0420715254682f,0f,0f,0f,1f], start_interpolation: 0, interpolation_duration: 1 }
$data merge entity $(bone_right_leg) { transformation: [-0.9490709792536325f,0.22972591828113345f,0.21561604487709446f,-0.5257449999999994f,0.2156159716406633f,0.9725809094982439f,-0.08715576431321803f,2.969269562772318f,-0.22972598701932678f,-0.03622674356685304f,-0.972580893262117f,-5.306638125f,0f,0f,0f,1f], start_interpolation: 0, interpolation_duration: 1 }