# This file was generated by Animated Java via MC-Build. It is not recommended to edit this file directly.
$data merge entity $(bone_neck) { transformation: [-1.0489695833333332f,0f,1.2846172426320994e-16f,-4.129509006724875e-17f,0f,1.0489695833333332f,0f,4.4948875f,-1.2846172426320994e-16f,0f,-1.0489695833333332f,0.3372f,0f,0f,0f,1f], start_interpolation: 0, interpolation_duration: 1 }
$data merge entity $(bone_right_thumb_2) { transformation: [-0.9880400219339242f,-0.1296449488715683f,-0.08348114930269582f,-2.462105352468361f,-0.04975917110120584f,0.7804970696532222f,-0.6231760177943743f,-1.5587680856651969f,0.14594841536697642f,-0.611568893498371f,-0.7776133670128407f,-0.038441120590334f,0f,0f,0f,1f], start_interpolation: 0, interpolation_duration: 1 }
$data merge entity $(bone_right_thumb) { transformation: [-0.9880400219339242f,-0.1296449488715683f,-0.08348114930269582f,-2.645076563394159f,-0.04975917110120584f,0.7804970696532222f,-0.6231760177943743f,-1.3423984580860553f,0.14594841536697642f,-0.611568893498371f,-0.7776133670128407f,-0.19219582823935438f,0f,0f,0f,1f], start_interpolation: 0, interpolation_duration: 1 }
$data merge entity $(bone_right_fingers2) { transformation: [0.862854868190991f,-0.49031075007140584f,-0.12278780396897272f,-2.4901351596694683f,-0.5021676766936198f,-0.8039222339294704f,-0.31864818574406195f,-2.1203163598064494f,0.057524785295033284f,0.33660720455490173f,-0.9398864234142841f,-0.12836794240195734f,0f,0f,0f,1f], start_interpolation: 0, interpolation_duration: 1 }
$data merge entity $(bone_right_fingers) { transformation: [-0.20815221048165092f,-0.9703585999351371f,-0.12278780396897272f,-2.9394446485451553f,-0.9177189942872755f,0.23718174728753774f,-0.31864818574406195f,-1.9682007843751723f,0.3383260332814402f,0.04635737574055457f,-0.9398864234142841f,-0.12988581377192654f,0f,0f,0f,1f], start_interpolation: 0, interpolation_duration: 1 }
$data merge entity $(bone_right_hand) { transformation: [-0.984807753012208f,0.12278780396897286f,-0.12278780396897272f,-2.9180126026877296f,0.15629471855123972f,0.9348985477981056f,-0.31864818574406195f,-1.308583320491131f,0.07566802865170032f,-0.33299828906688184f,-0.9398864234142841f,-0.3874355516623801f,0f,0f,0f,1f], start_interpolation: 0, interpolation_duration: 1 }
$data merge entity $(bone_right_forearm) { transformation: [-1.4824598341687394f,0.18483606262544391f,-0.1848360626254437f,-2.608370001000596f,0.23527499843113886f,1.4073300518747989f,-0.4796704079059539f,0.7159911335178055f,0.11390529051357347f,-0.5012720369824749f,-1.4148384465195378f,-1.1084878989111544f,0f,0f,0f,1f], start_interpolation: 0, interpolation_duration: 1 }
$data merge entity $(bone_right_bicep) { transformation: [-1.554906395845955f,0.2741719500637984f,1.7403544796839045e-16f,-2.107345625f,0.24677268915576203f,1.3995174655872458f,0.6880103643460104f,2.76226284309162f,0.11947174598464529f,0.6775579409607051f,-1.4211072783561818f,-0.1841298146237927f,0f,0f,0f,1f], start_interpolation: 0, interpolation_duration: 1 }
$data merge entity $(bone_right_shoulder) { transformation: [-1f,-5.336457331780146e-17f,1.10226222566264e-16f,-1.795433125f,0f,0.9000654118641211f,0.4357548099170793f,2.9525227862990606f,-1.2246467991473532e-16f,0.4357548099170793f,-0.9000654118641211f,-0.022578572380141035f,0f,0f,0f,1f], start_interpolation: 0, interpolation_duration: 1 }
$data merge entity $(bone_right_arm) { transformation: [-1.46271875f,-1.5612328780452606e-17f,1.7844973452847951e-16f,-1.4259925f,0f,1.4571526635493854f,0.12748433908717616f,3.006383182428125f,-1.7913138352403177e-16f,0.12748433908717616f,-1.4571526635493854f,-0.026054431243193676f,0f,0f,0f,1f], start_interpolation: 0, interpolation_duration: 1 }
$data merge entity $(bone_left_thumb_2) { transformation: [-0.9880400219339242f,0.12964494887156847f,0.08348114930269598f,2.4957065135762124f,0.014759885310997478f,0.6184211772355337f,-0.7857082113178038f,-1.4987617678444587f,-0.15348961151301682f,-0.7750789861547692f,-0.6129384180966946f,0.9708637831193296f,0f,0f,0f,1f], start_interpolation: 0, interpolation_duration: 1 }
$data merge entity $(bone_left_thumb) { transformation: [-0.9880400219339242f,0.12964494887156847f,0.08348114930269598f,2.6786777245020104f,0.014759885310997478f,0.6184211772355337f,-0.7857082113178038f,-1.3236826873645364f,-0.15348961151301682f,-0.7750789861547692f,-0.6129384180966946f,0.7713552834475689f,0f,0f,0f,1f], start_interpolation: 0, interpolation_duration: 1 }
$data merge entity $(bone_left_fingers2) { transformation: [0.862854868190991f,0.4903107500714058f,0.12278780396897294f,2.5237363207773202f,0.47536555352762805f,-0.7046254424935369f,-0.5268117085925094f,-2.065911987895745f,-0.17178203328194488f,0.5129311397792131f,-0.8410663344150199f,1.0128628946329832f,0f,0f,0f,1f], start_interpolation: 0, interpolation_duration: 1 }
$data merge entity $(bone_left_fingers) { transformation: [-0.20815221048165083f,0.9703585999351371f,0.12278780396897294f,2.9730458096530072f,0.8149584072648728f,0.24147922916504116f,-0.5268117085925094f,-1.918246752714703f,-0.5408469762325606f,-0.009590068497040485f,-0.8410663344150199f,0.9763056718006635f,0f,0f,0f,1f], start_interpolation: 0, interpolation_duration: 1 }
$data merge entity $(bone_left_hand) { transformation: [-0.984807753012208f,-0.12278780396897276f,0.12278780396897294f,2.9516137637955815f,-0.16953202249987687f,0.832903546058571f,-0.5268117085925094f,-1.3358044200005583f,-0.03758434453528561f,-0.5396247197446897f,-0.8410663344150199f,0.5735799646366413f,0f,0f,0f,1f], start_interpolation: 0, interpolation_duration: 1 }
$data merge entity $(bone_left_forearm) { transformation: [-1.48245983416874f,-0.18483606262544383f,0.1848360626254441f,2.6419711621084474f,-0.2552014981530543f,1.2537940009020605f,-0.7930250302858052f,0.4679112526681277f,-0.056576810039014394f,-0.8123128296860076f,-1.2660816842963503f,-0.5949353238674915f,0f,0f,0f,1f], start_interpolation: 0, interpolation_duration: 1 }
$data merge entity $(bone_left_bicep) { transformation: [-1.554906395845955f,-0.2741719500637986f,1.8877529422774789e-16f,2.044845625f,-0.26767298011157226f,1.5180489057096525f,0.341735063516111f,2.7166075682135777f,-0.05934167102446555f,0.33654334002678543f,-1.5414672570016152f,-0.07487971706593724f,0f,0f,0f,1f], start_interpolation: 0, interpolation_duration: 1 }
$data merge entity $(bone_left_shoulder) { transformation: [-1f,-2.6506208041798655e-17f,1.1956177801397682e-16f,1.795433125f,0f,0.9762960071199334f,0.21643961393810285f,2.9525227862990606f,-1.2246467991473532e-16f,0.21643961393810285f,-0.9762960071199334f,-0.02257857238014055f,0f,0f,0f,1f], start_interpolation: 0, interpolation_duration: 1 }
$data merge entity $(bone_left_arm) { transformation: [-1.46271875f,-1.5612328780452606e-17f,1.7844973452847951e-16f,1.4259925f,0f,1.4571526635493854f,0.12748433908717616f,2.944121013797391f,-1.7913138352403177e-16f,0.12748433908717616f,-1.4571526635493854f,-0.03150166516492192f,0f,0f,0f,1f], start_interpolation: 0, interpolation_duration: 1 }
$data merge entity $(bone_chest) { transformation: [-2.06546125f,-2.204570093757574e-17f,2.5198351476752546e-16f,-3.883538697116129e-17f,0f,2.057601546363949f,0.1800168093602565f,3.7441050000000002f,-2.529460508575391e-16f,0.1800168093602565f,-2.057601546363949f,0.317115f,0f,0f,0f,1f], start_interpolation: 0, interpolation_duration: 1 }
$data merge entity $(bone_weist) { transformation: [-2.0892733333333333f,3.339671739653208e-17f,2.5367325351622816e-16f,-2.140682604909573e-18f,0f,2.0713993103386654f,-0.2727048927068946f,0.3044750000000003f,-2.5586219002105877e-16f,-0.2727048927068946f,-2.0713993103386654f,0.017479999999999996f,0f,0f,0f,1f], start_interpolation: 0, interpolation_duration: 1 }
$data merge entity $(bone_right_foot) { transformation: [-1.1328200000000002f,-7.260590169420484e-18f,1.3854031345628803e-16f,-0.8202674999999999f,0f,1.1312675095606763f,0.05928721795113159f,-7.797793295139138f,-1.387304387010105e-16f,0.05928721795113159f,-1.1312675095606763f,-0.289736010369526f,0f,0f,0f,1f], start_interpolation: 0, interpolation_duration: 1 }
$data merge entity $(bone_right_knee) { transformation: [-3.1203466666666664f,-6.963807243525715e-17f,3.757334158109101e-16f,-0.854511875f,0f,3.0680961733008267f,0.5686380145176704f,-3.9077090197263367f,-3.821322557563446e-16f,0.5686380145176704f,-3.0680961733008267f,0.5452715709022602f,0f,0f,0f,1f], start_interpolation: 0, interpolation_duration: 1 }
$data merge entity $(bone_right_thigh) { transformation: [-2.3827266666666667f,6.066860197310145e-17f,2.8542333154261706e-16f,-0.7753199999999999f,0f,2.330658372204458f,-0.49539673002323026f,-1.0262504558765035f,-2.9179985855763755e-16f,-0.49539673002323026f,-2.330658372204458f,-0.2657462871758069f,0f,0f,0f,1f], start_interpolation: 0, interpolation_duration: 1 }
$data merge entity $(bone_right_leg) { transformation: [-1.1368933333333335f,1.0923803263577294e-17f,1.3880008076470652e-16f,-0.7484449999999999f,0f,1.133388670605635f,-0.08919962287234874f,-1.515166875f,-1.3922927816386319e-16f,-0.08919962287234874f,-1.133388670605635f,-0.22476000000000013f,0f,0f,0f,1f], start_interpolation: 0, interpolation_duration: 1 }
$data merge entity $(bone_left_foot) { transformation: [-1.1328200000000002f,-8.44537401106339e-17f,1.1006225694351513e-16f,0.8202675000000005f,0f,0.8987265309487171f,0.6896171220096592f,-6.932518131703943f,-1.387304387010105e-16f,0.6896171220096592f,-0.8987265309487171f,-3.0002931085301086f,0f,0f,0f,1f], start_interpolation: 0, interpolation_duration: 1 }
$data merge entity $(bone_left_knee) { transformation: [-3.1203466666666664f,-2.7020830935542345e-16f,2.702083093554234e-16f,0.8545118750000001f,0f,2.2064182876528395f,2.20641828765284f,-4.199551306301413f,-3.821322557563446e-16f,2.20641828765284f,-2.2064182876528395f,-0.10877349734907196f,0f,0f,0f,1f], start_interpolation: 0, interpolation_duration: 1 }
$data merge entity $(bone_left_thigh) { transformation: [-2.3827266666666667f,0f,2.9179985855763765e-16f,0.7753200000000001f,0f,2.382726666666667f,0f,-1.2124394313014126f,-2.9179985855763755e-16f,0f,-2.382726666666667f,-0.302979747349072f,0f,0f,0f,1f], start_interpolation: 0, interpolation_duration: 1 }
$data merge entity $(bone_left_leg) { transformation: [-1.1368933333333335f,6.073095816825665e-18f,1.390967627417333e-16f,0.7484450000000001f,0f,1.135811262794937f,-0.04959059069973474f,-1.515166875f,-1.3922927816386319e-16f,-0.04959059069973474f,-1.135811262794937f,-0.2872599999999999f,0f,0f,0f,1f], start_interpolation: 0, interpolation_duration: 1 }
execute on vehicle unless entity @s[tag=aj.transforms_only] positioned ^0 ^0 ^0 rotated ~0 ~0 run function animated_java:attack/animations/walk/zzz/frames/zzz/0
data modify entity @s data merge value {"locators":{"consume":{"posx":-2.755419060943957,"posy":-2.029534590828255,"posz":-0.13973508001727825,"roty":352.5569685079282,"rotx":-18.58119257602841}},"cameras":{}}