# This file was generated by Animated Java via MC-Build. It is not recommended to edit this file directly.
$data merge entity $(bone_neck) { transformation: [-1.0489695833333332f,0f,1.2846172426320994e-16f,-4.129509006724875e-17f,0f,1.0489695833333332f,0f,4.5698875f,-1.2846172426320994e-16f,0f,-1.0489695833333332f,0.3372f,0f,0f,0f,1f], start_interpolation: 0, interpolation_duration: 1 }
$data merge entity $(bone_right_thumb_2) { transformation: [-0.9880400219339242f,-0.1296449488715683f,-0.08348114930269583f,-2.462105352468361f,-0.02675704163337586f,0.6773267875051086f,-0.7351955410984476f,-1.4326964795966393f,0.15185840701074255f,-0.7241689099651394f,-0.6726948892774954f,0.654504178867127f,0f,0f,0f,1f], start_interpolation: 0, interpolation_duration: 1 }
$data merge entity $(bone_right_thumb) { transformation: [-0.9880400219339242f,-0.1296449488715683f,-0.08348114930269583f,-2.645076563394159f,-0.02675704163337586f,0.6773267875051086f,-0.7351955410984476f,-1.2425038530178818f,0.15185840701074255f,-0.7241689099651394f,-0.6726948892774954f,0.46934724365257563f,0f,0f,0f,1f], start_interpolation: 0, interpolation_duration: 1 }
$data merge entity $(bone_right_fingers2) { transformation: [0.862854868190991f,-0.4903107500714059f,-0.12278780396897274f,-2.4901351596694683f,-0.4873780231649275f,-0.7426974308089122f,-0.45919841986410237f,-2.0013935771070583f,0.13395573513274805f,0.4560656692125121f,-0.8798067778727263f,0.6518757277294066f,0f,0f,0f,1f], start_interpolation: 0, interpolation_duration: 1 }
$data merge entity $(bone_right_fingers) { transformation: [-0.20815221048165095f,-0.9703585999351371f,-0.12278780396897274f,-2.9394446485451553f,-0.8548805271562396f,0.24148725739338975f,-0.45919841986410237f,-1.8513152979195535f,0.4752388258135822f,0.009385736440958255f,-0.8798067778727263f,0.6270168794374666f,0f,0f,0f,1f], start_interpolation: 0, interpolation_duration: 1 }
$data merge entity $(bone_right_hand) { transformation: [-0.984807753012208f,0.12278780396897289f,-0.12278780396897274f,-2.9180126026877296f,0.16606057816719966f,0.8726744499371383f,-0.45919841986410237f,-1.2390709457264193f,0.05076981372647695f,-0.47261237777209164f,-0.8798067778727263f,0.2712305399640894f,0f,0f,0f,1f], start_interpolation: 0, interpolation_duration: 1 }
$data merge entity $(bone_right_forearm) { transformation: [-1.4824598341687394f,0.18483606262544394f,-0.18483606262544372f,-2.608370001000596f,0.24997583174861548f,1.313662302495164f,-0.6912447747086792f,0.6507651263632988f,0.07642528138869943f,-0.7114371967880144f,-1.324398803762836f,-0.7521647052501211f,0f,0f,0f,1f], start_interpolation: 0, interpolation_duration: 1 }
$data merge entity $(bone_right_bicep) { transformation: [-1.554906395845955f,0.27417195006379846f,1.8490981255866166e-16f,-2.107345625f,0.2621919397976704f,1.4869643814248292f,0.4616237354420307f,2.814711548160961f,0.0801601204273096f,0.4546106336377682f,-1.509903203824997f,-0.15299723201861015f,0f,0f,0f,1f], start_interpolation: 0, interpolation_duration: 1 }
$data merge entity $(bone_right_shoulder) { transformation: [-1f,-3.580520723499545e-17f,1.1711355583995224e-16f,-1.795433125f,0f,0.9563047559630355f,0.29237170472273666f,3.0275227862990604f,-1.2246467991473532e-16f,0.29237170472273666f,-0.9563047559630355f,-0.022578572380141035f,0f,0f,0f,1f], start_interpolation: 0, interpolation_duration: 1 }
$data merge entity $(bone_right_arm) { transformation: [-1.46271875f,-1.5612328780452606e-17f,1.7844973452847951e-16f,-1.4259925f,0f,1.4571526635493854f,0.12748433908717616f,3.081383182428125f,-1.7913138352403177e-16f,0.12748433908717616f,-1.4571526635493854f,-0.026054431243193676f,0f,0f,0f,1f], start_interpolation: 0, interpolation_duration: 1 }
$data merge entity $(bone_left_thumb_2) { transformation: [-0.9880400219339242f,0.12964494887156847f,0.08348114930269598f,2.4957065135762124f,0.031155452490938262f,0.6980697195562621f,-0.7153516648605261f,-1.5046977917447892f,-0.15101739249800172f,-0.7041951816582743f,-0.6937599680670358f,0.4871650176853786f,0f,0f,0f,1f], start_interpolation: 0, interpolation_duration: 1 }
$data merge entity $(bone_left_thumb) { transformation: [-0.9880400219339242f,0.12964494887156847f,0.08348114930269598f,2.6786777245020104f,0.031155452490938262f,0.6980697195562621f,-0.7153516648605261f,-1.3092087454611934f,-0.15101739249800172f,-0.7041951816582743f,-0.6937599680670358f,0.3076090134802779f,0f,0f,0f,1f], start_interpolation: 0, interpolation_duration: 1 }
$data merge entity $(bone_left_fingers2) { transformation: [0.862854868190991f,0.4903107500714058f,0.12278780396897294f,2.5237363207773202f,0.4910623300815333f,-0.7556275617035312f,-0.43345677520240855f,-2.0730787457240427f,-0.11974666765301946f,0.4343067537563647f,-0.8927700595492692f,0.4680237370126473f,0f,0f,0f,1f], start_interpolation: 0, interpolation_duration: 1 }
$data merge entity $(bone_left_fingers) { transformation: [-0.20815221048165083f,0.9703585999351371f,0.12278780396897294f,2.9730458096530072f,0.8683201046228082f,0.24111287800315434f,-0.43345677520240855f,-1.922341898030893f,-0.45021423031645486f,0.016394132882114096f,-0.8927700595492692f,0.44753337416040556f,0f,0f,0f,1f], start_interpolation: 0, interpolation_duration: 1 }
$data merge entity $(bone_left_hand) { transformation: [-0.984807753012208f,-0.12278780396897276f,0.12278780396897294f,2.9516137637955815f,-0.16451628704725885f,0.8860302564401018f,-0.43345677520240855f,-1.300024334087977f,-0.05557050389576961f,-0.44707218641866386f,-0.8927700595492692f,0.10967554051375117f,0f,0f,0f,1f], start_interpolation: 0, interpolation_duration: 1 }
$data merge entity $(bone_left_forearm) { transformation: [-1.48245983416874f,-0.18483606262544383f,0.1848360626254441f,2.6419711621084474f,-0.24765116528394435f,1.3337671875684318f,-0.6524951262014625f,0.6187323511749949f,-0.08365190032066565f,-0.6729908018214521f,-1.3439128097662523f,-0.8584107108384722f,0f,0f,0f,1f], start_interpolation: 0, interpolation_duration: 1 }
$data merge entity $(bone_left_bicep) { transformation: [-1.554906395845955f,-0.2741719500637986f,1.831902317606426e-16f,2.044845625f,-0.25975366884367f,1.473136259692105f,0.5052739355508579f,2.7985873016333467f,-0.08773989813100466f,0.49759768912547553f,-1.4958617610251932f,-0.09990866820731771f,0f,0f,0f,1f], start_interpolation: 0, interpolation_duration: 1 }
$data merge entity $(bone_left_shoulder) { transformation: [-1f,-3.91908746969361e-17f,1.1602445072960973e-16f,1.795433125f,0f,0.9474115378441397f,0.3200177775683757f,3.0275227862990604f,-1.2246467991473532e-16f,0.3200177775683757f,-0.9474115378441397f,-0.02257857238014055f,0f,0f,0f,1f], start_interpolation: 0, interpolation_duration: 1 }
$data merge entity $(bone_left_arm) { transformation: [-1.46271875f,-1.5612328780452606e-17f,1.7844973452847951e-16f,1.4259925f,0f,1.4571526635493854f,0.12748433908717616f,3.019121013797391f,-1.7913138352403177e-16f,0.12748433908717616f,-1.4571526635493854f,-0.03150166516492192f,0f,0f,0f,1f], start_interpolation: 0, interpolation_duration: 1 }
$data merge entity $(bone_chest) { transformation: [-2.06546125f,-2.204570093757574e-17f,2.5198351476752546e-16f,-3.883538697116129e-17f,0f,2.057601546363949f,0.1800168093602565f,3.819105f,-2.529460508575391e-16f,0.1800168093602565f,-2.057601546363949f,0.317115f,0f,0f,0f,1f], start_interpolation: 0, interpolation_duration: 1 }
$data merge entity $(bone_weist) { transformation: [-2.0892733333333333f,3.339671739653208e-17f,2.5367325351622816e-16f,-2.140682604909573e-18f,0f,2.0713993103386654f,-0.2727048927068946f,0.37947500000000023f,-2.5586219002105877e-16f,-0.2727048927068946f,-2.0713993103386654f,0.017479999999999996f,0f,0f,0f,1f], start_interpolation: 0, interpolation_duration: 1 }
$data merge entity $(bone_right_foot) { transformation: [-1.1328200000000002f,-1.006315047130042e-16f,9.549573226784244e-17f,-0.8202674999999996f,0f,0.7797818304373988f,0.8217185949701395f,-6.619499861848943f,-1.387304387010105e-16f,0.8217185949701395f,-0.7797818304373988f,-2.944365723816722f,0f,0f,0f,1f], start_interpolation: 0, interpolation_duration: 1 }
$data merge entity $(bone_right_knee) { transformation: [-3.1203466666666664f,-3.091514890057166e-16f,2.2461170435883496e-16f,-0.854511875f,0f,1.8340937527066448f,2.524413481674552f,-4.372513716693998f,-3.821322557563446e-16f,2.524413481674552f,-1.8340937527066448f,0.3390846860535149f,0f,0f,0f,1f], start_interpolation: 0, interpolation_duration: 1 }
$data merge entity $(bone_right_thigh) { transformation: [-2.3827266666666667f,3.8087524427878045e-17f,2.8930347031657447e-16f,-0.7753199999999999f,0f,2.362342109725015f,-0.31100823890117596f,-1.2875892709883245f,-2.9179985855763755e-16f,-0.31100823890117596f,-2.362342109725015f,-0.2629353701677189f,0f,0f,0f,1f], start_interpolation: 0, interpolation_duration: 1 }
$data merge entity $(bone_right_leg) { transformation: [-1.1368933333333335f,9.712143486651038e-18f,1.3889012263989504e-16f,-0.7484449999999999f,0f,1.1341239183133927f,-0.07930566995653776f,-1.440166875f,-1.3922927816386319e-16f,-0.07930566995653776f,-1.1341239183133927f,-0.24976000000000015f,0f,0f,0f,1f], start_interpolation: 0, interpolation_duration: 1 }
$data merge entity $(bone_left_foot) { transformation: [-1.1328200000000002f,-9.914041599656084e-18f,1.3837574354392867e-16f,0.8202675000000003f,0f,1.129923694246139f,0.08095429316075965f,-7.84641938033514f,-1.387304387010105e-16f,0.08095429316075965f,-1.129923694246139f,-0.9740364912171869f,0f,0f,0f,1f], start_interpolation: 0, interpolation_duration: 1 }
$data merge entity $(bone_left_knee) { transformation: [-3.1203466666666664f,-7.682529305577025e-17f,3.743299817491612e-16f,0.8545118750000001f,0f,3.056636264511403f,0.6273261246365809f,-3.9730502639007597f,-3.821322557563446e-16f,0.6273261246365809f,-3.056636264511403f,-0.06463832844817749f,0f,0f,0f,1f], start_interpolation: 0, interpolation_duration: 1 }
$data merge entity $(bone_left_thigh) { transformation: [-2.3827266666666667f,2.047316254614261e-18f,2.9179267631386994e-16f,0.7753200000000001f,0f,2.3826680191956355f,-0.016717605892896486f,-0.9873744957586978f,-2.9179985855763755e-16f,-0.016717605892896486f,-2.3826680191956355f,-0.2797978711935281f,0f,0f,0f,1f], start_interpolation: 0, interpolation_duration: 1 }
$data merge entity $(bone_left_leg) { transformation: [-1.1368933333333335f,4.621028898292814e-18f,1.3915257090672645e-16f,0.7484450000000001f,0f,1.13626697104512f,-0.037733564498026326f,-1.440166875f,-1.3922927816386319e-16f,-0.037733564498026326f,-1.13626697104512f,-0.2622599999999999f,0f,0f,0f,1f], start_interpolation: 0, interpolation_duration: 1 }
data modify entity @s data merge value {"locators":{"consume":{"posx":-2.755419060943957,"posy":-1.9134340976115138,"posz":0.6267028978676541,"rotx":352.05499077612296,"roty":-27.33539508910477}},"cameras":{}}