# This file was generated by Animated Java via MC-Build. It is not recommended to edit this file directly.
$data merge entity $(bone_left_fingers_2) { transformation: [-0.38055043117992127f,0.17063218530522087f,0.9088817451499072f,-1.5060837098768818f,0.21810576566635048f,0.97166409142946f,-0.09109757631055487f,0.2332347300415475f,-0.8986719336397855f,0.16356512698166184f,-0.40698305237884513f,1.2129700681368982f,0f,0f,0f,1f], start_interpolation: 0, interpolation_duration: 1 }
$data merge entity $(bone_left_fingers) { transformation: [-0.38055043117992127f,0.17063218530522087f,0.9088817451499072f,-0.9760557093832165f,0.21810576566635048f,0.97166409142946f,-0.09109757631055487f,0.18335471925524288f,-0.8986719336397855f,0.16356512698166184f,-0.40698305237884513f,0.9917196934156305f,0f,0f,0f,1f], start_interpolation: 0, interpolation_duration: 1 }
$data merge entity $(bone_left_index_finger_2) { transformation: [-0.05095333852382339f,0.18559080980653694f,0.9813051557026644f,-1.6737611986663234f,0.2413976632853032f,0.9557348232901014f,-0.16822043785174934f,0.3797460288328173f,-0.9690876768660677f,0.22831337863995776f,-0.09349906780463216f,0.6153633059127231f,0f,0f,0f,1f], start_interpolation: 0, interpolation_duration: 1 }
$data merge entity $(bone_left_index_finger) { transformation: [-0.05095333852382339f,0.18559080980653694f,0.9813051557026644f,-1.1071400445441224f,0.2413976632853032f,0.9557348232901014f,-0.16822043785174934f,0.2883252392952448f,-0.9690876768660677f,0.22831337863995776f,-0.09349906780463216f,0.5627983980443759f,0f,0f,0f,1f], start_interpolation: 0, interpolation_duration: 1 }
$data merge entity $(bone_left_thumb) { transformation: [-0.28457928935881854f,0.1911168980060516f,0.9394088350471131f,-0.44105938895256663f,0.22788715341113022f,0.9653229407038714f,-0.1273540947947971f,0.1599874262221247f,-0.9311724187164275f,0.17783686751451358f,-0.318264002322637f,0.046088319600064986f,0f,0f,0f,1f], start_interpolation: 0, interpolation_duration: 1 }
$data merge entity $(bone_left_hand) { transformation: [-0.28457928935881854f,-0.016738621171184354f,0.9585063623311623f,-0.32171562575010415f,0.22788715341113022f,0.9700054037012843f,0.0845988303730062f,0.1572513129812947f,-0.9311724187164275f,0.24250636146624321f,-0.27222893172879686f,0.6598420940174498f,0f,0f,0f,1f], start_interpolation: 0, interpolation_duration: 1 }
$data merge entity $(bone_left_forearm) { transformation: [-0.43434426512234414f,0.5826082575467848f,1.864733522770566f,1.84393639761879f,-0.02500201178531709f,1.9084497719412183f,-0.6020903592774878f,0.4098410095187599f,-1.953468298210317f,-0.15396596885840325f,-0.40690849299501664f,0.1588281374857694f,0f,0f,0f,1f], start_interpolation: 0, interpolation_duration: 1 }
$data merge entity $(bone_left_bicep) { transformation: [-1.1692733923083685f,0.539876017311179f,0.07634948253270298f,1.6935862367164032f,0.13606253656019862f,0.46384977716197057f,-1.196171389844577f,1.0056473112144613f,-0.5279984315275913f,-1.0760450239976584f,-0.4773262889736888f,-1.5624896727994853f,0f,0f,0f,1f], start_interpolation: 0, interpolation_duration: 1 }
$data merge entity $(bone_left_shoulder) { transformation: [-1.1172725890400128f,0.5158662461574212f,0.07295401108270627f,1.3743293750000003f,0.13001146138616063f,0.44322110198049597f,-1.1429743586560495f,1.1143184057653446f,-0.5045168892770979f,-1.0281903426469359f,-0.45609827625141774f,-1.8164617903456288f,0f,0f,0f,1f], start_interpolation: 0, interpolation_duration: 1 }
$data merge entity $(bone_right_fingers_2) { transformation: [-0.1836609837882762f,-0.3469405019866765f,-0.9197287269163418f,1.6803415265499861f,-0.19441050048554553f,0.9299832224357267f,-0.31198679986342537f,0.10922885567133839f,0.9635731421822021f,0.12150511951886668f,-0.23825051016907306f,0.7840616978159384f,0f,0f,0f,1f], start_interpolation: 0, interpolation_duration: 1 }
$data merge entity $(bone_right_fingers) { transformation: [-0.1836609837882762f,-0.3469405019866765f,-0.9197287269163418f,1.1457461206862032f,-0.19441050048554553f,0.9299832224357267f,-0.31198679986342537f,-0.06787090443109975f,0.9635731421822021f,0.12150511951886668f,-0.23825051016907306f,0.6607037855169007f,0f,0f,0f,1f], start_interpolation: 0, interpolation_duration: 1 }
$data merge entity $(bone_right_index_finger_2) { transformation: [-0.1836609837882762f,-0.3064922878941148f,-0.9339866811123984f,1.770397853226841f,-0.19441050048554553f,0.9427067575514924f,-0.27112455913788264f,0.1724812658260082f,0.9635731421822021f,0.1317818148614686f,-0.23272376960021787f,0.3502199732693679f,0f,0f,0f,1f], start_interpolation: 0, interpolation_duration: 1 }
$data merge entity $(bone_right_index_finger) { transformation: [-0.1836609837882762f,-0.3064922878941148f,-0.9339866811123984f,1.230348031615329f,-0.19441050048554553f,0.9427067575514924f,-0.27112455913788264f,0.02167922094582722f,0.9635731421822021f,0.1317818148614686f,-0.23272376960021787f,0.21685844945164165f,0f,0f,0f,1f], start_interpolation: 0, interpolation_duration: 1 }
$data merge entity $(bone_right_thumb) { transformation: [0.1580625279709217f,-0.15425380899332594f,-0.9753061056214564f,0.5155341497301696f,-0.12009827384275439f,0.9773864230708402f,-0.174046501305769f,-0.13069996700024963f,0.9800982817408835f,0.14464280973431995f,0.13596255264126553f,-0.22239664332333914f,0f,0f,0f,1f], start_interpolation: 0, interpolation_duration: 1 }
$data merge entity $(bone_right_hand) { transformation: [-0.1836609837882762f,0.03143371727643812f,-0.9824869283873994f,0.4607445868653879f,-0.19441050048554553f,0.9785846442115952f,0.06765095279613687f,-0.11101206341012781f,0.9635731421822021f,0.20343061601305318f,-0.17361677376816842f,0.4001421956223851f,0f,0f,0f,1f], start_interpolation: 0, interpolation_duration: 1 }
$data merge entity $(bone_right_forearm) { transformation: [-0.36756646626122047f,-0.7739714222726666f,-1.8086431109016572f,-1.7351565273923177f,-0.3890798099498624f,1.8321975680774527f,-0.7049792516429176f,0.005122873691095653f,1.928429041109934f,0.2221420294830638f,-0.4869713794131307f,-0.011444107834010175f,0f,0f,0f,1f], start_interpolation: 0, interpolation_duration: 1 }
$data merge entity $(bone_right_bicep) { transformation: [-1.140862217052359f,-0.6019125641676032f,-0.025105583256872458f,-1.6780127215210032f,-0.31025437487617713f,0.6331203662713107f,-1.0804612201248986f,0.9379140110512005f,0.5164022154132178f,-0.9493974354403816f,-0.704605481817065f,-1.5821668872723738f,0f,0f,0f,1f], start_interpolation: 0, interpolation_duration: 1 }
$data merge entity $(bone_right_shoulder) { transformation: [-1.0901249368786272f,-0.5751438571740755f,-0.02398906892885836f,-1.3743293749999999f,-0.29645650962309705f,0.6049637624964931f,-1.0324101383878186f,1.1143184057653446f,0.4934363887830299f,-0.9071751206348151f,-0.6732697383692134f,-1.8164617903456293f,0f,0f,0f,1f], start_interpolation: 0, interpolation_duration: 1 }
$data merge entity $(bone_chest) { transformation: [-4.0674850000000005f,1.543555968037588e-16f,4.736043924144116e-16f,1.6015150844013398e-16f,0f,3.8672733456222104f,-1.2604090984537515f,1.4787592924989315f,-4.981232485829872e-16f,-1.2604090984537515f,-3.8672733456222104f,-1.307736308555558f,0f,0f,0f,1f], start_interpolation: 0, interpolation_duration: 1 }
$data merge entity $(bone_weist) { transformation: [-1.0999999999999999f,1.3032377766805523e-17f,1.3407926946382035e-16f,4.264208462252521e-16f,0f,1.0948403209576147f,-0.10641744032548135f,0.9196654237648676f,-1.3471114790620883e-16f,-0.10641744032548135f,-1.0948403209576147f,-3.481990452448354f,0f,0f,0f,1f], start_interpolation: 0, interpolation_duration: 1 }
$data merge entity $(bone_right_fingers2) { transformation: [-0.9959923319875226f,-0.025986971337183203f,-0.08558009080841757f,1.1808136641604277f,0.021803719576778624f,-0.9985381690211856f,0.049458293747719095f,-0.02339485353889842f,-0.086740258442512f,0.04739411702457258f,0.9951029721776474f,-10.319896024007292f,0f,0f,0f,1f], start_interpolation: 0, interpolation_duration: 1 }
$data merge entity $(bone_left_foot) { transformation: [-0.9959923319875226f,-0.06657933406054672f,0.059719903701452f,1.1087056165062472f,0.021803719576778624f,0.466824902030578f,0.884080940104897f,0.2547869417167959f,-0.086740258442512f,0.8818399532342565f,-0.4635023456738173f,-9.366351362296466f,0f,0f,0f,1f], start_interpolation: 0, interpolation_duration: 1 }
$data merge entity $(bone_left_knee) { transformation: [-1.578661956091593f,0.06411857438096516f,0.12643237458200837f,0.9420358932062667f,0.03455920441522146f,1.5450397732824597f,-0.3520336189904311f,0.1290178000394202f,-0.13748453845170944f,-0.3478660890754741f,-1.5402457902205358f,-7.299085717664335f,0f,0f,0f,1f], start_interpolation: 0, interpolation_duration: 1 }
$data merge entity $(bone_left_thigh) { transformation: [-1.5972264231662303f,-0.14274194922741643f,-0.014017937846849394f,0.7385400000000005f,0.034965607578366295f,-0.5395179064906896f,1.5097688062659425f,0.4612560881241736f,-0.13910130458552916f,1.503412510928977f,0.5404680032674855f,-5.228737900918066f,0f,0f,0f,1f], start_interpolation: 0, interpolation_duration: 1 }
$data merge entity $(bone_left_fingers2) { transformation: [-0.9959923319875226f,0.025986971337183185f,0.08558009080841733f,-1.1776108933489262f,-0.021803719576778624f,-0.9985381690211856f,0.049458293747719095f,-0.06620654390369668f,0.08674025844251175f,0.04739411702457258f,0.9951029721776474f,-10.274859516356091f,0f,0f,0f,1f], start_interpolation: 0, interpolation_duration: 1 }
$data merge entity $(bone_right_foot) { transformation: [-0.9959923319875226f,0.06657933406054652f,-0.05971990370145189f,-1.105502845694746f,-0.021803719576778624f,0.466824902030578f,0.884080940104897f,0.21197525135199763f,0.08674025844251175f,0.8818399532342565f,-0.4635023456738173f,-9.321314854645266f,0f,0f,0f,1f], start_interpolation: 0, interpolation_duration: 1 }
$data merge entity $(bone_right_knee) { transformation: [-1.578661956091593f,-0.06411857438096508f,-0.126432374582008f,-0.9397611063294617f,-0.03455920441522146f,1.5450397732824597f,-0.3520336189904311f,0.1173131199058749f,0.13748453845170905f,-0.3478660890754741f,-1.5402457902205358f,-7.256885451910818f,0f,0f,0f,1f], start_interpolation: 0, interpolation_duration: 1 }
$data merge entity $(bone_right_thigh) { transformation: [-1.5972264231662303f,0.14274194922741607f,0.01401793784684926f,-0.7385399999999994f,-0.034965607578366295f,-0.5395179064906896f,1.5097688062659425f,0.444962615305309f,0.13910130458552877f,1.503412510928977f,0.5404680032674855f,-5.2138112803852f,0f,0f,0f,1f], start_interpolation: 0, interpolation_duration: 1 }