# This file was generated by Animated Java via MC-Build. It is not recommended to edit this file directly.
$data merge entity $(bone_left_fingers_2) { transformation: [-0.3781263935322853f,0.15019883959260924f,0.9134882260321154f,-1.504230237412645f,0.20924422907830198f,0.9750812029978947f,-0.07371227955778871f,0.22728293667712057f,-0.9017966972171138f,0.16326958119996549f,-0.4001321790897271f,1.407337978349723f,0f,0f,0f,1f], start_interpolation: 0, interpolation_duration: 1 }
$data merge entity $(bone_left_fingers) { transformation: [-0.3781263935322853f,0.15019883959260924f,0.9134882260321154f,-0.9716989458715553f,0.20924422907830198f,0.9750812029978947f,-0.07371227955778871f,0.18756406469561587f,-0.9017966972171138f,0.16326958119996549f,-0.4001321790897271f,1.1900771677193847f,0f,0f,0f,1f], start_interpolation: 0, interpolation_duration: 1 }
$data merge entity $(bone_left_index_finger_2) { transformation: [-0.057189970345552815f,0.1645216952277177f,0.9847141306446623f,-1.6712658979397563f,0.23686172522026674f,0.9604033463594207f,-0.14670356310364635f,0.36794020993604065f,-0.9698586651762997f,0.2248511154097854f,-0.0938943314658651f,0.8131121923944967f,0f,0f,0f,1f], start_interpolation: 0, interpolation_duration: 1 }
$data merge entity $(bone_left_index_finger) { transformation: [-0.057189970345552815f,0.1645216952277177f,0.9847141306446623f,-1.1028019486467968f,0.23686172522026674f,0.9604033463594207f,-0.14670356310364635f,0.2889470704855641f,-0.9698586651762997f,0.2248511154097854f,-0.0938943314658651f,0.7602994584029164f,0f,0f,0f,1f], start_interpolation: 0, interpolation_duration: 1 }
$data merge entity $(bone_left_thumb) { transformation: [-0.2846198160656531f,0.17530674642064248f,0.9424749890379918f,-0.43286016613655387f,0.22009879140287267f,0.9688239189859555f,-0.11373977327078423f,0.16923642101216801f,-0.9330316620167554f,0.175065012667018f,-0.31433128863374116f,0.24651866114279086f,0f,0f,0f,1f], start_interpolation: 0, interpolation_duration: 1 }
$data merge entity $(bone_left_hand) { transformation: [-0.2846198160656531f,-0.03283764622204072f,0.9580778931242231f,-0.3157904428722276f,0.22009879140287267f,0.9704767163244101f,0.09864818850432688f,0.17054525744075144f,-0.9330316620167554f,0.23894901561376353f,-0.2689893782502663f,0.8607149510897389f,0f,0f,0f,1f], start_interpolation: 0, interpolation_duration: 1 }
$data merge entity $(bone_left_forearm) { transformation: [-0.4265722718693541f,0.553219857499267f,1.8754472318600182f,1.847503108799562f,-0.03872395908518556f,1.9167907138076086f,-0.5742231689895333f,0.45527555147510634f,-1.9549565174744126f,-0.15868075522918243f,-0.39784904933267035f,0.3667970482834446f,0f,0f,0f,1f], start_interpolation: 0, interpolation_duration: 1 }
$data merge entity $(bone_left_bicep) { transformation: [-1.1692731533627783f,0.5365755820728672f,0.09686362092829513f,1.6942946277393283f,0.11584679147090955f,0.46844258870934224f,-1.196510211197672f,1.0425534052730436f,-0.5327996220363453f,-1.0757061909822614f,-0.4727328811828874f,-1.357197501533524f,0f,0f,0f,1f], start_interpolation: 0, interpolation_duration: 1 }
$data merge entity $(bone_left_shoulder) { transformation: [-1.11727236072099f,0.5127125903503837f,0.09255582932978036f,1.3743293750000003f,0.11069476607447405f,0.4476096585680827f,-1.1432981116918106f,1.1453067822852108f,-0.5091045576406104f,-1.0278665784675274f,-0.45170914993698624f,-1.6127364762258771f,0f,0f,0f,1f], start_interpolation: 0, interpolation_duration: 1 }
$data merge entity $(bone_right_fingers_2) { transformation: [-0.17804653224467f,-0.33147512014478064f,-0.9265115633820501f,1.687530242289598f,-0.1873669474735573f,0.9357497626059036f,-0.2987741768919068f,0.1044501149162612f,0.9660191816677808f,0.12040193730998842f,-0.22871448170571262f,0.9651652963186409f,0f,0f,0f,1f], start_interpolation: 0, interpolation_duration: 1 }
$data merge entity $(bone_right_fingers) { transformation: [-0.17804653224467f,-0.33147512014478064f,-0.9265115633820501f,1.1491923702372593f,-0.1873669474735573f,0.9357497626059036f,-0.2987741768919068f,-0.06490466730951543f,0.9660191816677808f,0.12040193730998842f,-0.22871448170571262f,0.8473304934071044f,0f,0f,0f,1f], start_interpolation: 0, interpolation_duration: 1 }
$data merge entity $(bone_right_index_finger_2) { transformation: [-0.17804653224467f,-0.290745762497651f,-0.9400884713394304f,1.7746834585003408f,-0.1873669474735573f,0.9478914827336812f,-0.25767297870631467f,0.16442059084808736f,0.9660191816677808f,0.1302637269181378f,-0.22324493745504725f,0.5302658708843466f,0f,0f,0f,1f], start_interpolation: 0, interpolation_duration: 1 }
$data merge entity $(bone_right_index_finger) { transformation: [-0.17804653224467f,-0.290745762497651f,-0.9400884713394304f,1.2312081255121692f,-0.1873669474735573f,0.9478914827336812f,-0.25767297870631467f,0.021400976418666603f,0.9660191816677808f,0.1302637269181378f,-0.22324493745504725f,0.40235842419138823f,0f,0f,0f,1f], start_interpolation: 0, interpolation_duration: 1 }
$data merge entity $(bone_right_thumb) { transformation: [0.16491496676284884f,-0.13788254671379502f,-0.9766224741676418f,0.5102481031353443f,-0.11827093587134734f,0.9802709761591677f,-0.15836918585403031f,-0.12182361480630798f,0.9791910127578399f,0.14162350303417456f,0.1453538576117092f,-0.029876120687246988f,0f,0f,0f,1f], start_interpolation: 0, interpolation_duration: 1 }
$data merge entity $(bone_right_hand) { transformation: [-0.17804653224467f,0.048317546162505776f,-0.982835106764345f,0.46131430491842207f,-0.1873669474735573f,0.9788559807389392f,0.08206458411550577f,-0.098590299797647f,0.9660191816677808f,0.19876212844615f,-0.1652288018036423f,0.5930282156344324f,0f,0f,0f,1f], start_interpolation: 0, interpolation_duration: 1 }
$data merge entity $(bone_right_forearm) { transformation: [-0.3563300889353907f,-0.743641649338432f,-1.823554972386375f,-1.7361149730618808f,-0.37498332719593874f,1.8448807611546143f,-0.679064984867573f,0.049662065563203295f,1.9333243763711565f,0.22076876300181153f,-0.46780848777923006f,0.20034753512351355f,0f,0f,0f,1f], start_interpolation: 0, interpolation_duration: 1 }
$data merge entity $(bone_right_bicep) { transformation: [-1.1408630482942048f,-0.6005171878790425f,-0.04802328195585976f,-1.6785960933439066f,-0.290350799240834f,0.6382154689356169f,-1.0829926371414587f,0.9746328543399867f,0.5278480291979636f,-0.9468662766115649f,-0.6995114979746139f,-1.374979538445413f,0f,0f,0f,1f], start_interpolation: 0, interpolation_duration: 1 }
$data merge entity $(bone_right_shoulder) { transformation: [-1.0901257311528623f,-0.5738105371063644f,-0.045887554542823034f,-1.3743293749999999f,-0.2774381007312706f,0.6098322719337391f,-1.0348289763282323f,1.1453067822852108f,0.5043731757526766f,-0.9047565293998255f,-0.6684022979967379f,-1.6127364762258776f,0f,0f,0f,1f], start_interpolation: 0, interpolation_duration: 1 }
$data merge entity $(bone_chest) { transformation: [-4.0674850000000005f,1.7228967660828304e-16f,4.673789020838252e-16f,1.3694821752352979e-16f,0f,3.816438359282305f,-1.4068519733872478f,1.5288674317939173f,-4.981232485829872e-16f,-1.4068519733872478f,-3.816438359282305f,-1.1182670596851148f,0f,0f,0f,1f], start_interpolation: 0, interpolation_duration: 1 }
$data merge entity $(bone_weist) { transformation: [-1.0999999999999999f,1.813185681862261e-17f,1.3348531431778346e-16f,4.004152402069523e-16f,0f,1.089990309130119f,-0.14805784681139667f,0.8873320191584965f,-1.3471114790620883e-16f,-0.14805784681139667f,-1.089990309130119f,-3.269638564243478f,0f,0f,0f,1f], start_interpolation: 0, interpolation_duration: 1 }
$data merge entity $(bone_right_fingers2) { transformation: [-0.9959922198775681f,-0.025986632372152735f,-0.08558149847547966f,1.180820960036426f,0.021803177370266626f,-0.998538104058851f,0.049459844309460155f,-0.023402784745619187f,-0.08674168202147473f,0.047395671537703965f,0.9951027740487792f,-10.132394635187797f,0f,0f,0f,1f], start_interpolation: 0, interpolation_duration: 1 }
$data merge entity $(bone_left_foot) { transformation: [-0.9959922198775681f,-0.06658075309297862f,0.059720191400612244f,1.1087114698847012f,0.021803177370266626f,0.46682627986248937f,0.8840802259333197f,0.2547805003307628f,-0.08674168202147473f,0.881839116702883f,-0.46350367080829546f,-9.178850517194528f,0f,0f,0f,1f], start_interpolation: 0, interpolation_duration: 1 }
$data merge entity $(bone_left_knee) { transformation: [-1.578661778395727f,0.0641184327178357f,0.1264346651527038f,0.9420389149388378f,0.03455834501021868f,1.5450392451119432f,-0.3520360214354474f,0.12901458436087565f,-0.13748679484453274f,-0.34786846103628366f,-1.540245053098257f,-7.111584904616519f,0f,0f,0f,1f], start_interpolation: 0, interpolation_duration: 1 }
$data merge entity $(bone_left_thigh) { transformation: [-1.5972262433807283f,-0.1427438267823111f,-0.014019303924901905f,0.7385400000000005f,0.03496473806708597f,-0.5395155693387248f,1.5097696615855418f,0.4612560881241736f,-0.139103587512678f,1.5034131713763064f,0.540465578538032f,-5.041237900918066f,0f,0f,0f,1f], start_interpolation: 0, interpolation_duration: 1 }
$data merge entity $(bone_left_fingers2) { transformation: [-0.9959922198775681f,0.02598663237215272f,0.08558149847547943f,-1.177618157995709f,-0.021803177370266626f,-0.998538104058851f,0.049459844309460155f,-0.06621442844216391f,0.08674168202147448f,0.047395671537703965f,0.9951027740487792f,-10.087358089757094f,0f,0f,0f,1f], start_interpolation: 0, interpolation_duration: 1 }
$data merge entity $(bone_right_foot) { transformation: [-0.9959922198775681f,0.06658075309297841f,-0.05972019140061213f,-1.1055086678439845f,-0.021803177370266626f,0.46682627986248937f,0.8840802259333197f,0.2119688566342181f,0.08674168202147448f,0.881839116702883f,-0.46350367080829546f,-9.133813971763825f,0f,0f,0f,1f], start_interpolation: 0, interpolation_duration: 1 }
$data merge entity $(bone_right_knee) { transformation: [-1.578661778395727f,-0.0641184327178356f,-0.1264346651527034f,-0.9397640881693345f,-0.03455834501021868f,1.5450392451119432f,-0.3520360214354474f,0.11730994675362061f,0.13748679484453236f,-0.34786846103628366f,-1.540245053098257f,-7.06938464934541f,0f,0f,0f,1f], start_interpolation: 0, interpolation_duration: 1 }
$data merge entity $(bone_right_thigh) { transformation: [-1.5972262433807283f,0.14274382678231073f,0.014019303924901772f,-0.7385399999999994f,-0.03496473806708597f,-0.5395155693387248f,1.5097696615855418f,0.444962615305309f,0.1391035875126776f,1.5034131713763064f,0.540465578538032f,-5.0263112803852f,0f,0f,0f,1f], start_interpolation: 0, interpolation_duration: 1 }