# This file was generated by Animated Java via MC-Build. It is not recommended to edit this file directly.
$data merge entity $(bone_left_fingers_2) { transformation: [-0.3774861001144946f,0.143779782914822f,0.9147850120357881f,-1.5030831146532146f,0.20643350055820242f,0.9760789146347344f,-0.06822874945919667f,0.2254840435830665f,-0.9027122764578072f,0.16308686774368375f,-0.39813718678605964f,1.4096847318221792f,0f,0f,0f,1f], start_interpolation: 0, interpolation_duration: 1 }
$data merge entity $(bone_left_fingers) { transformation: [-0.3774861001144946f,0.143779782914822f,0.9147850120357881f,-0.9698503912364798f,0.20643350055820242f,0.9760789146347344f,-0.06822874945919667f,0.18896986860500203f,-0.9027122764578072f,0.16308686774368375f,-0.39813718678605964f,1.1935852112283118f,0f,0f,0f,1f], start_interpolation: 0, interpolation_duration: 1 }
$data merge entity $(bone_left_index_finger_2) { transformation: [-0.05917447527120587f,0.15791972767726103f,0.9856773006855326f,-1.669984296667438f,0.2353855793761282f,0.9617719271542529f,-0.1399585265704068f,0.36430989972142985f,-0.9700989694346356f,0.22373225013022702f,-0.0940843757141619f,0.816483961301073f,0f,0f,0f,1f], start_interpolation: 0, interpolation_duration: 1 }
$data merge entity $(bone_left_index_finger) { transformation: [-0.05917447527120587f,0.15791972767726103f,0.9856773006855326f,-1.1010034396666302f,0.2353855793761282f,0.9617719271542529f,-0.1399585265704068f,0.28921198875726856f,-0.9700989694346356f,0.22373225013022702f,-0.0940843757141619f,0.7635552287156299f,0f,0f,0f,1f], start_interpolation: 0, interpolation_duration: 1 }
$data merge entity $(bone_left_thumb) { transformation: [-0.2847284633490371f,0.1702843828839315f,0.9433625660925576f,-0.4299299447610548f,0.21762197047981865f,0.969883939739484f,-0.1093883970076265f,0.17226722151444504f,-0.9335793378837051f,0.17415043032176444f,-0.3132111867340744f,0.2506150518593683f,0f,0f,0f,1f], start_interpolation: 0, interpolation_duration: 1 }
$data merge entity $(bone_left_hand) { transformation: [-0.2847284633490371f,-0.03793306652426698f,0.9578573926336645f,-0.31351739747103347f,0.21762197047981865f,0.9705698001550469f,0.10312585025818433f,0.17485370943216472f,-0.9335793378837051f,0.23781367809917492f,-0.26809377908777554f,0.8649321887327248f,0f,0f,0f,1f], start_interpolation: 0, interpolation_duration: 1 }
$data merge entity $(bone_left_forearm) { transformation: [-0.42430761698457015f,0.5438141001633151f,1.8787090525100303f,1.8488489177868912f,-0.04305882145283394f,1.919348203958476f,-0.5653024351682573f,0.46982200006778185f,-1.9553586416344866f,-0.16027204926509445f,-0.3952263733107886f,0.37296587696374406f,0f,0f,0f,1f], start_interpolation: 0, interpolation_duration: 1 }
$data merge entity $(bone_left_bicep) { transformation: [-1.169273081678521f,0.5353674366998349f,0.1033334006726524f,1.6945332483509155f,0.10940711779623731f,0.4699012028553113f,-1.1965444269402468f,1.0543820254260776f,-0.5341593082111804f,-1.0756719717403125f,-0.47127408816396116f,-1.351853410657003f,0f,0f,0f,1f], start_interpolation: 0, interpolation_duration: 1 }
$data merge entity $(bone_left_shoulder) { transformation: [-1.117272292224729f,0.511558174524501f,0.09873788017695326f,1.3743293750000003f,0.10454148239727533f,0.4490034041317784f,-1.1433308057662197f,1.1552484598687474f,-0.5104037748321013f,-1.0278338810493712f,-0.4503152334553056f,-1.6078448732659332f,0f,0f,0f,1f], start_interpolation: 0, interpolation_duration: 1 }
$data merge entity $(bone_right_fingers_2) { transformation: [-0.17637322858276358f,-0.3265104486924346f,-0.9285921662032031f,1.6892601797261648f,-0.1851390670029201f,0.9375480174306335f,-0.2944948910952051f,0.1028098215904257f,0.9667554034545555f,0.11997767253349095f,-0.22580821062323203f,0.9632905257146143f,0f,0f,0f,1f], start_interpolation: 0, interpolation_duration: 1 }
$data merge entity $(bone_right_fingers) { transformation: [-0.17637322858276358f,-0.3265104486924346f,-0.9285921662032031f,1.1497749283993317f,-0.1851390670029201f,0.9375480174306335f,-0.2944948910952051f,-0.06403766343729017f,0.9667554034545555f,0.11997767253349095f,-0.22580821062323203f,0.8471383502441094f,0f,0f,0f,1f], start_interpolation: 0, interpolation_duration: 1 }
$data merge entity $(bone_right_index_finger_2) { transformation: [-0.17637322858276358f,-0.2856950616920372f,-0.9419505379604999f,1.775539185811882f,-0.1851390670029201f,0.9495013661934653f,-0.25331932706769794f,0.1617429459280892f,0.9667554034545555f,0.1297130961835628f,-0.22035993866829173f,0.5280750948219268f,0f,0f,0f,1f], start_interpolation: 0, interpolation_duration: 1 }
$data merge entity $(bone_right_index_finger) { transformation: [-0.17637322858276358f,-0.2856950616920372f,-0.9419505379604999f,1.2310199182447534f,-0.1851390670029201f,0.9495013661934653f,-0.25331932706769794f,0.021241748343770572f,0.9667554034545555f,0.1297130961835628f,-0.22035993866829173f,0.40182715098446875f,0f,0f,0f,1f], start_interpolation: 0, interpolation_duration: 1 }
$data merge entity $(bone_right_thumb) { transformation: [0.16696054210892797f,-0.13264331464894125f,-0.9770004751573229f,0.5081991066081779f,-0.11772591209832259f,0.9811383928308346f,-0.15332339591185912f,-0.11900753460525962f,0.9789099994377986f,0.1406172293578163f,0.14819584275012715f,-0.028269991625103352f,0f,0f,0f,1f], start_interpolation: 0, interpolation_duration: 1 }
$data merge entity $(bone_right_hand) { transformation: [-0.17637322858276358f,0.053700516731958636f,-0.9828574356141447f,0.4610568312512886f,-0.1851390670029201f,0.9788797397889939f,0.08670629100543942f,-0.09466612737819102f,0.9667554034545555f,0.19725797710955145f,-0.16270611653551073f,0.5947301829422553f,0f,0f,0f,1f], start_interpolation: 0, interpolation_duration: 1 }
$data merge entity $(bone_right_forearm) { transformation: [-0.35298125402607794f,-0.7338967840975709f,-1.8281483847937459f,-1.7366594566594087f,-0.3705246003887878f,1.8488498075125752f,-0.6706658497299567f,0.06393233234908002f,1.9347978000399595f,0.2201741850865347f,-0.4619605755998815f,0.20773928016700594f,0f,0f,0f,1f], start_interpolation: 0, interpolation_duration: 1 }
$data merge entity $(bone_right_bicep) { transformation: [-1.1408632976662718f,-0.5998932152952999f,-0.05526924815679709f,-1.6787971549094842f,-0.2839572315581038f,0.6398678240216866f,-1.0837126380820334f,0.9864157429936364f,0.5313142668844947f,-0.9461463531270041f,-0.6978594785345922f,-1.3690330817975807f,0f,0f,0f,1f], start_interpolation: 0, interpolation_duration: 1 }
$data merge entity $(bone_right_shoulder) { transformation: [-1.0901259694346674f,-0.5732143142993511f,-0.052811272700332104f,-1.3743293749999999f,-0.2713288725857604f,0.6114111422451399f,-1.0355169568469709f,1.1552484598687474f,0.5076852603171026f,-0.9040686228924194f,-0.6668237484042823f,-1.6078448732659336f,0f,0f,0f,1f], start_interpolation: 0, interpolation_duration: 1 }
$data merge entity $(bone_chest) { transformation: [-4.0674850000000005f,1.7791917591391248e-16f,4.652650186947035e-16f,1.369206203665465e-16f,0f,3.79917719148606f,-1.4528203236866888f,1.5447502426127728f,-4.981232485829872e-16f,-1.4528203236866888f,-3.79917719148606f,-1.1180417117970338f,0f,0f,0f,1f], start_interpolation: 0, interpolation_duration: 1 }
$data merge entity $(bone_weist) { transformation: [-1.0999999999999999f,1.974192898329055e-17f,1.3325670568578222e-16f,3.9942002787853874e-16f,0f,1.08812357798641f,-0.16120508375995146f,0.8772908856184086f,-1.3471114790620883e-16f,-0.16120508375995146f,-1.08812357798641f,-3.261512038872192f,0f,0f,0f,1f], start_interpolation: 0, interpolation_duration: 1 }
$data merge entity $(bone_right_fingers2) { transformation: [-0.995992186244128f,-0.025986530683522233f,-0.08558192077580715f,1.1808231488000889f,0.02180301470831027f,-0.9985380845696233f,0.04946030947797786f,-0.02340516410748983f,-0.08674210909512968f,0.04739613789184216f,0.9951027146092338f,-10.132394218537364f,0f,0f,0f,1f], start_interpolation: 0, interpolation_duration: 1 }
$data merge entity $(bone_left_foot) { transformation: [-0.995992186244128f,-0.06658117880252615f,0.0597202777112449f,1.108713225899099f,0.02180301470831027f,0.4668266932118357f,0.8840800116813704f,0.25477856791497244f,-0.08674210909512968f,0.8818388657425849f,-0.46350406834844504f,-9.178850263660266f,0f,0f,0f,1f], start_interpolation: 0, interpolation_duration: 1 }
$data merge entity $(bone_left_knee) { transformation: [-1.578661725086248f,0.06411839022032582f,0.12643535232399658f,0.9420398214588321f,0.03455808718871348f,1.5450390866599664f,-0.35203674216879993f,0.1290136196574424f,-0.13748747176232606f,-0.34786917262459305f,-1.5402448319601374f,-7.111584660700277f,0f,0f,0f,1f], start_interpolation: 0, interpolation_duration: 1 }
$data merge entity $(bone_left_thigh) { transformation: [-1.5972261894443498f,-0.14274439004962813f,-0.01401971374714407f,0.7385400000000005f,0.034964477213697456f,-0.5395148681928186f,1.5097699181806374f,0.4612560881241736f,-0.13910427239076834f,1.503413369509316f,0.5404648511183586f,-5.041237900918066f,0f,0f,0f,1f], start_interpolation: 0, interpolation_duration: 1 }
$data merge entity $(bone_left_fingers2) { transformation: [-0.995992186244128f,0.025986530683522215f,0.08558192077580691f,-1.1776203373905767f,-0.02180301470831027f,-0.9985380845696233f,0.04946030947797786f,-0.06621679380354373f,0.08674210909512943f,0.04739613789184216f,0.9951027146092338f,-10.087357661772831f,0f,0f,0f,1f], start_interpolation: 0, interpolation_duration: 1 }
$data merge entity $(bone_right_foot) { transformation: [-0.995992186244128f,0.06658117880252594f,-0.05972027771124479f,-1.105510414489587f,-0.02180301470831027f,0.4668266932118357f,0.8840800116813704f,0.21196693821891854f,0.08674210909512943f,0.8818388657425849f,-0.46350406834844504f,-9.133813706895733f,0f,0f,0f,1f], start_interpolation: 0, interpolation_duration: 1 }
$data merge entity $(bone_right_knee) { transformation: [-1.578661725086248f,-0.06411839022032574f,-0.12643535232399622f,-0.9397649827215164f,-0.03455808718871348f,1.5450390866599664f,-0.35203674216879993f,0.11730899480807278f,0.13748747176232565f,-0.34786917262459305f,-1.5402448319601374f,-7.0693844085739155f,0f,0f,0f,1f], start_interpolation: 0, interpolation_duration: 1 }
$data merge entity $(bone_right_thigh) { transformation: [-1.5972261894443498f,0.14274439004962777f,0.014019713747143937f,-0.7385399999999994f,-0.034964477213697456f,-0.5395148681928186f,1.5097699181806374f,0.444962615305309f,0.13910427239076795f,1.503413369509316f,0.5404648511183586f,-5.0263112803852f,0f,0f,0f,1f], start_interpolation: 0, interpolation_duration: 1 }