# This file was generated by Animated Java via MC-Build. It is not recommended to edit this file directly.
$data merge entity $(bone_left_fingers_2) { transformation: [-0.3728320264439293f,0.12060459134992801f,0.920027615130671f,-1.4998802745589956f,0.1993984620587902f,0.9787665568163314f,-0.04750032196198925f,0.21736826329900236f,-0.9062210179566033f,0.1657424502148449f,-0.3889638888257846f,1.4138476130442046f,0f,0f,0f,1f], start_interpolation: 0, interpolation_duration: 1 }
$data merge entity $(bone_left_fingers) { transformation: [-0.3728320264439293f,0.12060459134992801f,0.920027615130671f,-0.9638241718084153f,0.1993984620587902f,0.9787665568163314f,-0.04750032196198925f,0.1929126126315411f,-0.9062210179566033f,0.1657424502148449f,-0.3889638888257846f,1.2030984708112016f,0f,0f,0f,1f], start_interpolation: 0, interpolation_duration: 1 }
$data merge entity $(bone_left_index_finger_2) { transformation: [-0.0726365010419113f,0.13345979537574032f,0.9883888008949989f,-1.6656158587175378f,0.23081990581316847f,0.9663514375578294f,-0.11352123242071026f,0.3499361170726831f,-0.9702814590606111f,0.21989402481236828f,-0.10099756459949477f,0.8293753411027134f,0f,0f,0f,1f], start_interpolation: 0, interpolation_duration: 1 }
$data merge entity $(bone_left_index_finger) { transformation: [-0.0726365010419113f,0.13345979537574032f,0.9883888008949989f,-1.095213790252854f,0.23081990581316847f,0.9663514375578294f,-0.11352123242071026f,0.2901010866482921f,-0.9702814590606111f,0.21989402481236828f,-0.10099756459949477f,0.772440184802073f,0f,0f,0f,1f], start_interpolation: 0, interpolation_duration: 1 }
$data merge entity $(bone_left_thumb) { transformation: [-0.28524204818331306f,0.156866519534348f,0.9455315272360666f,-0.4213385402095356f,0.2109926165899613f,0.9725923290198472f,-0.09770505246030461f,0.18060030704793192f,-0.9349433617565879f,0.17163058171820472f,-0.3105219053889122f,0.2615340624766871f,0f,0f,0f,1f], start_interpolation: 0, interpolation_duration: 1 }
$data merge entity $(bone_left_hand) { transformation: [-0.28524204818331306f,-0.05150232204909405f,0.9570707835744126f,-0.3065295994527213f,0.2109926165899613f,0.9706852512118638f,0.11511845561977702f,0.18658680857432586f,-0.9349433617565879f,0.23477149295285496f,-0.2660136395074085f,0.8761292012992707f,0f,0f,0f,1f], start_interpolation: 0, interpolation_duration: 1 }
$data merge entity $(bone_left_forearm) { transformation: [-0.418734995591623f,0.5185208674326023f,1.8870918225816466f,1.8529422648302847f,-0.054591953772507654f,1.9259587784644177f,-0.5413140822016769f,0.5089653949628916f,-1.956271748863352f,-0.16473411013959807f,-0.38882123258167217f,0.3886678795860574f,0f,0f,0f,1f], start_interpolation: 0, interpolation_duration: 1 }
$data merge entity $(bone_left_bicep) { transformation: [-1.1692725798812231f,0.531765803282755f,0.12050887066132086f,1.6952024751692667f,0.0921605072393489f,0.47378984303689275f,-1.1964636430128472f,1.0862347950329412f,-0.5374045946532339f,-1.0757527311632697f,-0.46738419587259317f,-1.3382957918701108f,0f,0f,0f,1f], start_interpolation: 0, interpolation_duration: 1 }
$data merge entity $(bone_left_shoulder) { transformation: [-1.1172718127437367f,0.5081167156500032f,0.11514950978252785f,1.3743293750000003f,0.08806187604018674f,0.4527191057906893f,-1.143253614522228f,1.1820426058878948f,-0.5135047344615096f,-1.0279110488787004f,-0.4465983353713738f,-1.5953901403138504f,0f,0f,0f,1f], start_interpolation: 0, interpolation_duration: 1 }
$data merge entity $(bone_right_fingers_2) { transformation: [-0.17216227892400077f,-0.31312165706335116f,-0.9339780391388202f,1.6925788892979206f,-0.1792059353748262f,0.9422690785070701f,-0.2828678426683924f,0.09815647672154361f,0.9686306739114391f,0.11867523569531219f,-0.21833645135554894f,0.9586685093014441f,0f,0f,0f,1f], start_interpolation: 0, interpolation_duration: 1 }
$data merge entity $(bone_right_fingers) { transformation: [-0.17216227892400077f,-0.31312165706335116f,-0.9339780391388202f,1.1501249677346848f,-0.1792059353748262f,0.9422690785070701f,-0.2828678426683924f,-0.061881153407133835f,0.9686306739114391f,0.11867523569531219f,-0.21833645135554894f,0.8468407513464326f,0f,0f,0f,1f], start_interpolation: 0, interpolation_duration: 1 }
$data merge entity $(bone_right_index_finger_2) { transformation: [-0.17216227892400077f,-0.2720840847479921f,-0.9467472738500714f,1.7766352888258803f,-0.1792059353748262f,0.9537107691366139f,-0.24149741522277604f,0.15432889282178064f,0.9686306739114391f,0.12808598541486f,-0.21295210235678858f,0.5226537931618356f,0f,0f,0f,1f], start_interpolation: 0, interpolation_duration: 1 }
$data merge entity $(bone_right_index_finger) { transformation: [-0.17216227892400077f,-0.2720840847479921f,-0.9467472738500714f,1.2294302884317547f,-0.1792059353748262f,0.9537107691366139f,-0.24149741522277604f,0.020665270403161393f,0.9686306739114391f,0.12808598541486f,-0.21295210235678858f,0.4006657356182634f,0f,0f,0f,1f], start_interpolation: 0, interpolation_duration: 1 }
$data merge entity $(bone_right_thumb) { transformation: [0.17211706420614212f,-0.11855182165653472f,-0.9779167560641222f,0.5018526763312505f,-0.11635000675001236f,0.9833362876263709f,-0.13968686898366267f,-0.11147714827486686f,0.9781811652952286f,0.13782311496662686f,0.15545544970365344f,-0.023942953340927442f,0f,0f,0f,1f], start_interpolation: 0, interpolation_duration: 1 }
$data merge entity $(bone_right_hand) { transformation: [-0.17216227892400077f,0.06813123162441154f,-0.9827096646482293f,0.45933555288264527f,-0.1792059353748262f,0.9787919526890015f,0.0992549549276252f,-0.08421643729211903f,0.9686306739114391f,0.19319536389000672f,-0.15630153207591976f,0.5992691001312029f,0f,0f,0f,1f], start_interpolation: 0, interpolation_duration: 1 }
$data merge entity $(bone_right_forearm) { transformation: [-0.34455374888181906f,-0.707597050005013f,-1.8400858407102232f,-1.73868137273503f,-0.3586504386511201f,1.8593042264096107f,-0.6478305555755143f,0.10235963449712171f,1.9385508374075227f,0.21822231944996698f,-0.4469076440463212f,0.22673282466187383f,0f,0f,0f,1f], start_interpolation: 0, interpolation_duration: 1 }
$data merge entity $(bone_right_bicep) { transformation: [-1.1408650432644454f,-0.5977998220849674f,-0.07455165513593476f,-1.679371904808878f,-0.26670516617222084f,0.6443555029908579f,-1.0854353797502445f,1.0181798556030661f,0.5401767589459715f,-0.9444241536469147f,-0.6933741490811769f,-1.3538653152716675f,0f,0f,0f,1f], start_interpolation: 0, interpolation_duration: 1 }
$data merge entity $(bone_right_shoulder) { transformation: [-1.0901276374012898f,-0.5712140200419323f,-0.07123613801431396f,-1.3743293749999999f,-0.25484405399092347f,0.6156992417893944f,-1.0371630834556413f,1.1820426058878948f,0.5161536129846723f,-0.9024230143592736f,-0.662537893886357f,-1.5953901403138506f,0f,0f,0f,1f], start_interpolation: 0, interpolation_duration: 1 }
$data merge entity $(bone_chest) { transformation: [-4.0674850000000005f,1.928031945014031e-16f,4.592969616369377e-16f,1.3696183954957635e-16f,0f,3.750444307344111f,-1.5743575587315477f,1.5871086156744063f,-4.981232485829872e-16f,-1.5743575587315477f,-3.750444307344111f,-1.1183782919690355f,0f,0f,0f,1f], start_interpolation: 0, interpolation_duration: 1 }
$data merge entity $(bone_weist) { transformation: [-1.0999999999999999f,2.402104127765678e-17f,1.3255218951848959e-16f,3.9669412377886673e-16f,0f,1.082370766908284f,-0.1961466873091994f,0.850999890419985f,-1.3471114790620883e-16f,-0.1961466873091994f,-1.082370766908284f,-3.239253342719392f,0f,0f,0f,1f], start_interpolation: 0, interpolation_duration: 1 }
$data merge entity $(bone_right_fingers2) { transformation: [-0.9959919508041829f,-0.025985818874463426f,-0.08558487688079945f,1.1808384701568948f,0.021801876074580093f,-0.9985379481382124f,0.04946356565753951f,-0.02342181963868817f,-0.08674509861027693f,0.04739940237337009f,0.9951022985209816f,-10.132391301925118f,0f,0f,0f,1f], start_interpolation: 0, interpolation_duration: 1 }
$data merge entity $(bone_left_foot) { transformation: [-0.9959919508041829f,-0.0665841587670071f,0.05972088189710539f,1.1087255180110251f,0.021801876074580093f,0.46682958665432267f,0.884078511911574f,0.25476504100470254f,-0.08674509861027693f,0.881837109009053f,-0.46350685112698065f,-9.178848488872882f,0f,0f,0f,1f], start_interpolation: 0, interpolation_duration: 1 }
$data merge entity $(bone_left_knee) { transformation: [-1.5786613519105996f,0.06411809275622385f,0.12644016252413534f,0.9420461671016752f,0.034556282438120506f,1.5450379774855048f,-0.3520417873002941f,0.1290068667350983f,-0.1374922101861859f,-0.34787415374361014f,-1.5402432839747466f,-7.111582953262067f,0f,0f,0f,1f], start_interpolation: 0, interpolation_duration: 1 }
$data merge entity $(bone_left_thigh) { transformation: [-1.597225811880297f,-0.1427483329318159f,-0.01402258248767312f,0.7385400000000005f,0.03496265123992061f,-0.5395099601673838f,1.5097717143361686f,0.4612560881241736f,-0.1391090665366993f,1.5034147564250144f,0.540459759169832f,-5.041237900918066f,0f,0f,0f,1f], start_interpolation: 0, interpolation_duration: 1 }
$data merge entity $(bone_left_fingers2) { transformation: [-0.9959919508041829f,0.025985818874463405f,0.08558487688079923f,-1.1776355931654199f,-0.021801876074580093f,-0.9985379481382124f,0.04946356565753951f,-0.06623335133111852f,0.08674509861027668f,0.04739940237337009f,0.9951022985209816f,-10.087354665824027f,0f,0f,0f,1f], start_interpolation: 0, interpolation_duration: 1 }
$data merge entity $(bone_right_foot) { transformation: [-0.9959919508041829f,0.0665841587670069f,-0.05972088189710528f,-1.1055226410195504f,-0.021801876074580093f,0.46682958665432267f,0.884078511911574f,0.2119535093122722f,0.08674509861027668f,0.881837109009053f,-0.46350685112698065f,-9.13381185277179f,0f,0f,0f,1f], start_interpolation: 0, interpolation_duration: 1 }
$data merge entity $(bone_right_knee) { transformation: [-1.5786613519105996f,-0.06411809275622377f,-0.12644016252413498f,-0.9397712445896349f,-0.034556282438120506f,1.5450379774855048f,-0.3520417873002941f,0.1173023311909015f,0.13749221018618552f,-0.34787415374361014f,-1.5402432839747466f,-7.0693827231492605f,0f,0f,0f,1f], start_interpolation: 0, interpolation_duration: 1 }
$data merge entity $(bone_right_thigh) { transformation: [-1.597225811880297f,0.14274833293181555f,0.014022582487672986f,-0.7385399999999994f,-0.03496265123992061f,-0.5395099601673838f,1.5097717143361686f,0.444962615305309f,0.13910906653669888f,1.5034147564250144f,0.540459759169832f,-5.0263112803852f,0f,0f,0f,1f], start_interpolation: 0, interpolation_duration: 1 }