# This file was generated by Animated Java via MC-Build. It is not recommended to edit this file directly.
$data merge entity $(bone_left_fingers_2) { transformation: [-0.36916890622435405f,0.13141662878561347f,0.9200239064044687f,-1.5071721687448947f,0.2094262723626443f,0.9762530022266612f,-0.05541400624136343f,0.21721855363435474f,-0.9054584226354084f,0.17222004912917252f,-0.3879243477232947f,1.2138804174501536f,0f,0f,0f,1f], start_interpolation: 0, interpolation_duration: 1 }
$data merge entity $(bone_left_fingers) { transformation: [-0.36916890622435405f,0.13141662878561347f,0.9200239064044687f,-0.9711060304383302f,0.2094262723626443f,0.9762530022266612f,-0.05541400624136343f,0.18804965187083894f,-0.9054584226354084f,0.17222004912917252f,-0.3879243477232947f,1.0037573686700307f,0f,0f,0f,1f], start_interpolation: 0, interpolation_duration: 1 }
$data merge entity $(bone_left_index_finger_2) { transformation: [-0.07976802194312499f,0.1434384575391589f,0.9864392893503727f,-1.671558227406594f,0.23526413673499266f,0.9643448886118207f,-0.12120116243086783f,0.35331897086043695f,-0.9686525944019455f,0.2224058108661773f,-0.1106698091230772f,0.6363875874895631f,0f,0f,0f,1f], start_interpolation: 0, interpolation_duration: 1 }
$data merge entity $(bone_left_index_finger) { transformation: [-0.07976802194312499f,0.1434384575391589f,0.9864392893503727f,-1.1022219847666919f,0.23526413673499266f,0.9643448886118207f,-0.12120116243086783f,0.2890462221411636f,-0.9686525944019455f,0.2224058108661773f,-0.1106698091230772f,0.5738926342020882f,0f,0f,0f,1f], start_interpolation: 0, interpolation_duration: 1 }
$data merge entity $(bone_left_thumb) { transformation: [-0.2846479334129967f,0.17361512327350373f,0.9427795834522705f,-0.4318922464118536f,0.21925985404683768f,0.969184609053929f,-0.11227782495373874f,0.1702626524514522f,-0.9332205904324389f,0.17475406302489527f,-0.3139432226521561f,0.06040276611071327f,0f,0f,0f,1f], start_interpolation: 0, interpolation_duration: 1 }
$data merge entity $(bone_left_hand) { transformation: [-0.2846479334129967f,-0.03455509744357815f,0.958009133173779f,-0.315049477446647f,0.21925985404683768f,0.9705124330682415f,0.10015355042793755f,0.17200545046315052f,-0.9332205904324389f,0.23856144386850697f,-0.26867781280244096f,0.674641193546031f,0f,0f,0f,1f], start_interpolation: 0, interpolation_duration: 1 }
$data merge entity $(bone_left_forearm) { transformation: [-0.4257950956966f,0.5500545996046413f,1.876554530858402f,1.8479419805128223f,-0.04018750299803414f,1.9176573335298628f,-0.5712212785887927f,0.46018359540318f,-1.9550964002918636f,-0.15921281972130819f,-0.39694807840936064f,0.18140034433390673f,0f,0f,0f,1f], start_interpolation: 0, interpolation_duration: 1 }
$data merge entity $(bone_left_bicep) { transformation: [-1.1692722692382254f,0.5361787930104004f,0.09904688701576288f,1.6943738902885364f,0.11367743237186735f,0.46893323133718545f,-1.1965260922471004f,1.046544734451093f,-0.5332686239325755f,-1.07569026675186f,-0.47224003245752194f,-1.5428742220586402f,0f,0f,0f,1f], start_interpolation: 0, interpolation_duration: 1 }
$data merge entity $(bone_left_shoulder) { transformation: [-1.1172715159158872f,0.5123334475886984f,0.09464199957033693f,1.3743293750000003f,0.10862188434032341f,0.44807848096899405f,-1.1433132864672981f,1.1486624700601158f,-0.5095527017327557f,-1.0278513624314438f,-0.4512382195497762f,-1.7985686947063246f,0f,0f,0f,1f], start_interpolation: 0, interpolation_duration: 1 }
$data merge entity $(bone_right_fingers_2) { transformation: [-0.17747941306658377f,-0.32979619536910454f,-0.9272192445466197f,1.6881313382145433f,-0.18661558935072758f,0.9363605199451466f,-0.2973274264162911f,0.10388620065874432f,0.966268947937799f,0.12026406864944256f,-0.22772982686301904f,0.7770344403486631f,0f,0f,0f,1f], start_interpolation: 0, interpolation_duration: 1 }
$data merge entity $(bone_right_fingers) { transformation: [-0.17747941306658377f,-0.32979619536910454f,-0.9272192445466197f,1.149403120791931f,-0.18661558935072758f,0.9363605199451466f,-0.2973274264162911f,-0.06462091817128099f,0.966268947937799f,0.12026406864944256f,-0.22772982686301904f,0.6597697560569307f,0f,0f,0f,1f], start_interpolation: 0, interpolation_duration: 1 }
$data merge entity $(bone_right_index_finger_2) { transformation: [-0.17747941306658377f,-0.28903756706749356f,-0.9407222452781931f,1.7749883567607396f,-0.18661558935072758f,0.948438552397853f,-0.25620096435561146f,0.1635067222169371f,0.966268947937799f,0.130083039437003f,-0.22226723353209216f,0.342027655274177f,0f,0f,0f,1f], start_interpolation: 0, interpolation_duration: 1 }
$data merge entity $(bone_right_index_finger) { transformation: [-0.17747941306658377f,-0.28903756706749356f,-0.9407222452781931f,1.2311576468307956f,-0.18661558935072758f,0.948438552397853f,-0.25620096435561146f,0.021338626314229253f,0.966268947937799f,0.130083039437003f,-0.22226723353209216f,0.21468263557514225f,0f,0f,0f,1f], start_interpolation: 0, interpolation_duration: 1 }
$data merge entity $(bone_right_thumb) { transformation: [0.1656092931563947f,-0.1361099956598543f,-0.9767536184226365f,0.5095647261677692f,-0.11808854119666165f,0.9805670190437608f,-0.15666338947462166f,-0.12087943293744094f,0.9790958372183406f,0.1412883231024669f,0.14631798008655406f,-0.2168275261305645f,0f,0f,0f,1f], start_interpolation: 0, interpolation_duration: 1 }
$data merge entity $(bone_right_hand) { transformation: [-0.17747941306658377f,0.050139488256456644f,-0.9828464222119961f,0.461237957215743f,-0.18661558935072758f,0.9788665995062124f,0.08363493398350169f,-0.09727229590297248f,0.966268947937799f,0.19825794331760005f,-0.16437185940012286f,0.40611014509045834f,0f,0f,0f,1f], start_interpolation: 0, interpolation_duration: 1 }
$data merge entity $(bone_right_forearm) { transformation: [-0.3551950956018124f,-0.7403465411060423f,-1.8251164936406934f,-1.7362968810625456f,-0.3734796107047783f,1.8462282222678246f,-0.6762256309222213f,0.05448022444341072f,1.9338242414125402f,0.22057906201783523f,-0.4658277073673328f,0.015361991507645278f,0f,0f,0f,1f], start_interpolation: 0, interpolation_duration: 1 }
$data merge entity $(bone_right_bicep) { transformation: [-1.1408661238673192f,-0.600310050073832f,-0.05047726917556979f,-1.6786647448369754f,-0.2881884151409523f,0.6387755719797881f,-1.0832399685810856f,0.9786110723896879f,0.5290250923175721f,-0.9466199004528474f,-0.6989555345486124f,-1.5604538235804521f,0f,0f,0f,1f], start_interpolation: 0, interpolation_duration: 1 }
$data merge entity $(bone_right_shoulder) { transformation: [-1.0901286699467823f,-0.5736126112889826f,-0.04823240620238551f,-1.3743293749999999f,-0.2753718837988865f,0.6103674656552477f,-1.0350653082585757f,1.1486624700601158f,0.5054978916384218f,-0.9045211102664229f,-0.667871059793195f,-1.7985686947063249f,0f,0f,0f,1f], start_interpolation: 0, interpolation_duration: 1 }
$data merge entity $(bone_chest) { transformation: [-4.0674850000000005f,1.7419644095512387e-16f,4.666715876689266e-16f,1.5989838380332674e-16f,0f,3.8106626987784677f,-1.4224218858564461f,1.5342387273944629f,-4.981232485829872e-16f,-1.4224218858564461f,-3.8106626987784677f,-1.3056693890406135f,0f,0f,0f,1f], start_interpolation: 0, interpolation_duration: 1 }
$data merge entity $(bone_weist) { transformation: [-1.0999999999999999f,1.8676695460917828e-17f,1.33410173588331e-16f,4.2304244607788847e-16f,0f,1.0893767385111883f,-0.15250679194949326f,0.8839251078119251f,-1.3471114790620883e-16f,-0.15250679194949326f,-1.0893767385111883f,-3.454403721729621f,0f,0f,0f,1f], start_interpolation: 0, interpolation_duration: 1 }
$data merge entity $(bone_right_fingers2) { transformation: [-0.9959918050505027f,-0.025985378240718275f,-0.08558670685292406f,1.1808479548161364f,0.0218011712060492f,-0.9985378636746944f,0.049465581387690416f,-0.023432130203961954f,-0.08674694926212725f,0.0474014232451358f,0.9951020409325115f,-10.319889496351308f,0f,0f,0f,1f], start_interpolation: 0, interpolation_duration: 1 }
$data merge entity $(bone_left_foot) { transformation: [-0.9959918050505027f,-0.06658600350486113f,0.05972125592694927f,1.1087331274234151f,0.0218011712060492f,0.46683137783042983f,0.8840775834772574f,0.25475666720333423f,-0.08674694926212725f,0.8818360214973039f,-0.463508573797207f,-9.36634739015327f,0f,0f,0f,1f], start_interpolation: 0, interpolation_duration: 1 }
$data merge entity $(bone_left_knee) { transformation: [-1.5786611208889516f,0.06411790862797505f,0.12644314026803308f,0.9420500953592963f,0.034555165211513396f,1.545037290844379f,-0.35204491047520386f,0.12900268635607848f,-0.13749514349558625f,-0.34787723729422715f,-1.5402423256818039f,-7.299081896255006f,0f,0f,0f,1f], start_interpolation: 0, interpolation_duration: 1 }
$data merge entity $(bone_left_thigh) { transformation: [-1.597225578141922f,-0.14275077377326512f,-0.0140243583613667f,0.7385400000000005f,0.03496152087515148f,-0.5395069218623356f,1.509772826233084f,0.4612560881241736f,-0.1391120343407079f,1.5034156149783973f,0.5404566070017351f,-5.228737900918066f,0f,0f,0f,1f], start_interpolation: 0, interpolation_duration: 1 }
$data merge entity $(bone_left_fingers2) { transformation: [-0.9959918050505027f,0.025985378240718268f,0.08558670685292383f,-1.1776450372259561f,-0.0218011712060492f,-0.9985378636746944f,0.049465581387690416f,-0.06624360122731648f,0.086746949262127f,0.0474014232451358f,0.9951020409325115f,-10.274852811137336f,0f,0f,0f,1f], start_interpolation: 0, interpolation_duration: 1 }
$data merge entity $(bone_right_foot) { transformation: [-0.9959918050505027f,0.06658600350486092f,-0.05972125592694916f,-1.1055302098332354f,-0.0218011712060492f,0.46683137783042983f,0.8840775834772574f,0.2119451961799797f,0.086746949262127f,0.8818360214973039f,-0.463508573797207f,-9.321310704939298f,0f,0f,0f,1f], start_interpolation: 0, interpolation_duration: 1 }
$data merge entity $(bone_right_knee) { transformation: [-1.5786611208889516f,-0.06411790862797496f,-0.1264431402680327f,-0.939775120986679f,-0.034555165211513396f,1.545037290844379f,-0.35204491047520386f,0.1172982060960156f,0.13749514349558584f,-0.34787723729422715f,-1.5402423256818039f,-7.256881679769922f,0f,0f,0f,1f], start_interpolation: 0, interpolation_duration: 1 }
$data merge entity $(bone_right_thigh) { transformation: [-1.597225578141922f,0.14275077377326476f,0.014024358361366566f,-0.7385399999999994f,-0.03496152087515148f,-0.5395069218623356f,1.509772826233084f,0.444962615305309f,0.13911203434070749f,1.5034156149783973f,0.5404566070017351f,-5.2138112803852f,0f,0f,0f,1f], start_interpolation: 0, interpolation_duration: 1 }