# This file was generated by Animated Java via MC-Build. It is not recommended to edit this file directly.
$data merge entity $(bone_left_fingers_2) { transformation: [-0.368900370029903f,0.13266147747723608f,0.9199529604199105f,-1.5077350898222461f,0.21042613901016724f,0.9759837675652587f,-0.0563606730832472f,0.21730892140179014f,-0.9053360464562729f,0.17279067637659085f,-0.3879562154989218f,1.4002143321387588f,0f,0f,0f,1f], start_interpolation: 0, interpolation_duration: 1 }
$data merge entity $(bone_left_fingers) { transformation: [-0.368900370029903f,0.13266147747723608f,0.9199529604199105f,-0.9717063309395492f,0.21042613901016724f,0.9759837675652587f,-0.0563606730832472f,0.18757912930831155f,-0.9053360464562729f,0.17279067637659085f,-0.3879562154989218f,1.1900745353119557f,0f,0f,0f,1f], start_interpolation: 0, interpolation_duration: 1 }
$data merge entity $(bone_left_index_finger_2) { transformation: [-0.0803309985697925f,0.14462079476482748f,0.9862209470450167f,-1.6720249028640282f,0.2357379766804486f,0.964106105863864f,-0.12217619648124547f,0.35379731963629363f,-0.9684908554134047f,0.2226751947514706f,-0.11154021975505707f,0.8232911388375245f,0f,0f,0f,1f], start_interpolation: 0, interpolation_duration: 1 }
$data merge entity $(bone_left_index_finger) { transformation: [-0.0803309985697925f,0.14462079476482748f,0.9862209470450167f,-1.1028076565890508f,0.2357379766804486f,0.964106105863864f,-0.12217619648124547f,0.2889612562559601f,-0.9684908554134047f,0.2226751947514706f,-0.11154021975505707f,0.7602961070800185f,0f,0f,0f,1f], start_interpolation: 0, interpolation_duration: 1 }
$data merge entity $(bone_left_thumb) { transformation: [-0.2846161750871131f,0.17531336386447754f,0.9424748576642791f,-0.4328656103345184f,0.2200968834684363f,0.9688233958862151f,-0.11374792073257187f,0.16924358146157334f,-0.9330332227559014f,0.17506128079624936f,-0.31432873428898195f,0.24651729067581007f,0f,0f,0f,1f], start_interpolation: 0, interpolation_duration: 1 }
$data merge entity $(bone_left_hand) { transformation: [-0.2846161750871131f,-0.03283115720357155f,0.9580791971415809f,-0.3157972272307852f,0.2200968834684363f,0.9704779690577061f,0.09864012095040958f,0.17055418185677618f,-0.9330332227559014f,0.23894481934183948f,-0.26898769217834556f,0.8607138323028856f,0f,0f,0f,1f], start_interpolation: 0, interpolation_duration: 1 }
$data merge entity $(bone_left_forearm) { transformation: [-0.4265716670961416f,0.5532311949282296f,1.8754440250617446f,1.8474982088064484f,-0.038720650578835454f,1.9167875260608314f,-0.5742340328707833f,0.455271958922705f,-1.9549567149684586f,-0.1586797348326978f,-0.3978484858634684f,0.36679696723213695f,0f,0f,0f,1f], start_interpolation: 0, interpolation_duration: 1 }
$data merge entity $(bone_left_bicep) { transformation: [-1.1692722453424018f,0.5365787943453737f,0.09685678727851227f,1.6942939147782237f,0.1158538844245877f,0.4684398743222697f,-1.196510587132342f,1.0425514193927297f,-0.5328000724913465f,-1.0757057706988993f,-0.4727333298482504f,-1.3571974073614277f,0f,0f,0f,1f], start_interpolation: 0, interpolation_duration: 1 }
$data merge entity $(bone_left_shoulder) { transformation: [-1.1172714930827767f,0.5127156597642982f,0.09254929959119594f,1.3743293750000003f,0.11070154358499645f,0.44760706489726787f,-1.1432984709076321f,1.1453067822852108f,-0.5091049880626389f,-1.0278661768753221f,-0.4517095786489667f,-1.6127364762258771f,0f,0f,0f,1f], start_interpolation: 0, interpolation_duration: 1 }
$data merge entity $(bone_right_fingers_2) { transformation: [-0.17805125045717654f,-0.3314715963342431f,-0.9265119173730385f,1.6875160658390642f,-0.1873693585313882f,0.9357507880520706f,-0.29876945316324593f,0.1044334921903719f,0.9660178443973858f,0.12040366889575012f,-0.2287192183054819f,0.9651774374190951f,0f,0f,0f,1f], start_interpolation: 0, interpolation_duration: 1 }
$data merge entity $(bone_right_fingers) { transformation: [-0.17805125045717654f,-0.3314715963342431f,-0.9265119173730385f,1.1491779452802675f,-0.1873693585313882f,0.9357507880520706f,-0.29876945316324593f,-0.06491859485001195f,0.9660178443973858f,0.12040366889575012f,-0.2287192183054819f,0.8473398963124097f,0f,0f,0f,1f], start_interpolation: 0, interpolation_duration: 1 }
$data merge entity $(bone_right_index_finger_2) { transformation: [-0.17805125045717654f,-0.29074222660013027f,-0.940088671287041f,1.7746713016480173f,-0.1873693585313882f,0.9478923011577003f,-0.25766821474426327f,0.1644050235766265f,0.9660178443973858f,0.1302656634633937f,-0.223249594015913f,0.5302785622576173f,0f,0f,0f,1f], start_interpolation: 0, interpolation_duration: 1 }
$data merge entity $(bone_right_index_finger) { transformation: [-0.17805125045717654f,-0.29074222660013027f,-0.940088671287041f,1.231195873878621f,-0.1873693585313882f,0.9478923011577003f,-0.25766821474426327f,0.021388159456819128f,0.9660178443973858f,0.1302656634633937f,-0.223249594015913f,0.40236844308847364f,0f,0f,0f,1f], start_interpolation: 0, interpolation_duration: 1 }
$data merge entity $(bone_right_thumb) { transformation: [0.16491049139237657f,-0.1378789180385641f,-0.9766237421797811f,0.5102369891752765f,-0.11827486056437833f,0.980271101895923f,-0.15836547649734112f,-0.12183192050955341f,0.979191292438409f,0.1416261654789395f,0.14534937930562467f,-0.029869494216119175f,0f,0f,0f,1f], start_interpolation: 0, interpolation_duration: 1 }
$data merge entity $(bone_right_hand) { transformation: [-0.17805125045717654f,0.0483209372054243f,-0.9828340853054625f,0.46130076615361837f,-0.1873693585313882f,0.978855120434967f,0.08206934069299154f,-0.09860044260461442f,0.9660178443973858f,0.19876554084105147f,-0.1652325152020401f,0.5930347201325277f,0f,0f,0f,1f], start_interpolation: 0, interpolation_duration: 1 }
$data merge entity $(bone_right_forearm) { transformation: [-0.35633953164152415f,-0.7436346346408185f,-1.8235559877828476f,-1.7361262848038148f,-0.3749881525213213f,1.8448832238253785f,-0.6790556296378718f,0.04966263398120829f,1.9333217000501255f,0.22077181168993595f,-0.4678181094239491f,0.20034562141897228f,0f,0f,0f,1f], start_interpolation: 0, interpolation_duration: 1 }
$data merge entity $(bone_right_bicep) { transformation: [-1.1408662069904423f,-0.6005109701957773f,-0.048025992263341075f,-1.6785977035413422f,-0.29034576831431697f,0.6382188813281768f,-1.0829919749699397f,0.9746341355630022f,0.5278439694458215f,-0.9468679198820962f,-0.6995123370813f,-1.3749806793622479f,0f,0f,0f,1f], start_interpolation: 0, interpolation_duration: 1 }
$data merge entity $(bone_right_shoulder) { transformation: [-1.0901287493731915f,-0.5738045959405728f,-0.045890144315477284f,-1.3743293749999999f,-0.2774332935438909f,0.6098355325678179f,-1.034828343605302f,1.1453067822852108f,0.5043692965488766f,-0.9047580995895973f,-0.6684030997860421f,-1.6127364762258776f,0f,0f,0f,1f], start_interpolation: 0, interpolation_duration: 1 }
$data merge entity $(bone_chest) { transformation: [-4.0674850000000005f,1.7228967660828304e-16f,4.673789020838252e-16f,1.3694821752352979e-16f,0f,3.816438359282305f,-1.4068519733872478f,1.5288674317939173f,-4.981232485829872e-16f,-1.4068519733872478f,-3.816438359282305f,-1.1182670596851148f,0f,0f,0f,1f], start_interpolation: 0, interpolation_duration: 1 }
$data merge entity $(bone_weist) { transformation: [-1.0999999999999999f,1.8131856818622616e-17f,1.3348531431778346e-16f,4.004152402069523e-16f,0f,1.089990309130119f,-0.1480578468113967f,0.8873320191584964f,-1.3471114790620883e-16f,-0.1480578468113967f,-1.089990309130119f,-3.269638564243478f,0f,0f,0f,1f], start_interpolation: 0, interpolation_duration: 1 }
$data merge entity $(bone_right_fingers2) { transformation: [-0.9959917938385182f,-0.025985344346130188f,-0.08558684762008555f,1.1808486844056187f,0.021801116985391986f,-0.9985378571773116f,0.04946573644385405f,-0.02343292332431468f,-0.08674709161994976f,0.047401578696881275f,0.9951020211176962f,-10.13238935745937f,0f,0f,0f,1f], start_interpolation: 0, interpolation_duration: 1 }
$data merge entity $(bone_left_foot) { transformation: [-0.9959917938385182f,-0.06658614540770764f,0.059721284698793245f,1.1087337127631391f,0.021801116985391986f,0.4668315156131257f,0.8840775120590624f,0.25475602306477496f,-0.08674709161994976f,0.8818359378422359f,-0.46350870631023156f,-9.178847305635056f,0f,0f,0f,1f], start_interpolation: 0, interpolation_duration: 1 }
$data merge entity $(bone_left_knee) { transformation: [-1.5786611031177973f,0.06411789446477655f,0.1264433693252862f,0.9420503975330395f,0.03455507927100359f,1.545037238025536f,-0.35204515071937276f,0.12900236478850846f,-0.13749536913475163f,-0.34787747449045203f,-1.5402422519664467f,-7.111581814946089f,0f,0f,0f,1f], start_interpolation: 0, interpolation_duration: 1 }
$data merge entity $(bone_left_thigh) { transformation: [-1.5972255601617857f,-0.14275096153060432f,-0.01402449496661417f,0.7385400000000005f,0.0349614339240138f,-0.5395066881464492f,1.5097729117633345f,0.4612560881241736f,-0.13911226263330448f,1.5034156810205381f,0.5404563645269658f,-5.041237900918066f,0f,0f,0f,1f], start_interpolation: 0, interpolation_duration: 1 }
$data merge entity $(bone_left_fingers2) { transformation: [-0.9959917938385182f,0.025985344346130194f,0.08558684762008531f,-1.1776457636924504f,-0.021801116985391986f,-0.9985378571773116f,0.04946573644385405f,-0.06624438968081203f,0.0867470916199495f,0.047401578696881275f,0.9951020211176962f,-10.087352668467492f,0f,0f,0f,1f], start_interpolation: 0, interpolation_duration: 1 }
$data merge entity $(bone_right_foot) { transformation: [-0.9959917938385182f,0.06658614540770744f,-0.05972128469879315f,-1.105530792049971f,-0.021801116985391986f,0.4668315156131257f,0.8840775120590624f,0.2119445567082776f,0.0867470916199495f,0.8818359378422359f,-0.46350870631023156f,-9.133810616643178f,0f,0f,0f,1f], start_interpolation: 0, interpolation_duration: 1 }
$data merge entity $(bone_right_knee) { transformation: [-1.5786611031177973f,-0.06411789446477648f,-0.12644336932528583f,-0.939775419171146f,-0.03455507927100359f,1.545037238025536f,-0.35204515071937276f,0.11729788878107061f,0.13749536913475124f,-0.34787747449045203f,-1.5402422519664467f,-7.069381599509301f,0f,0f,0f,1f], start_interpolation: 0, interpolation_duration: 1 }
$data merge entity $(bone_right_thigh) { transformation: [-1.5972255601617857f,0.14275096153060396f,0.014024494966614037f,-0.7385399999999994f,-0.0349614339240138f,-0.5395066881464492f,1.5097729117633345f,0.444962615305309f,0.1391122626333041f,1.5034156810205381f,0.5404563645269658f,-5.0263112803852f,0f,0f,0f,1f], start_interpolation: 0, interpolation_duration: 1 }