# This file was generated by Animated Java via MC-Build. It is not recommended to edit this file directly.
$data merge entity $(bone_left_fingers_2) { transformation: [-0.36812332302683815f,0.13641387186234946f,0.9197154313194928f,-1.5092617543810385f,0.21342907847527157f,0.9751625806656858f,-0.0592112297679786f,0.2176050807059636f,-0.9049493065939521f,0.17449698230331234f,-0.38809477664890446f,1.2092493765186738f,0f,0f,0f,1f], start_interpolation: 0, interpolation_duration: 1 }
$data merge entity $(bone_left_fingers) { transformation: [-0.36812332302683815f,0.13641387186234946f,0.9197154313194928f,-0.9733588678548821f,0.21342907847527157f,0.9751625806656858f,-0.0592112297679786f,0.18618640996852942f,-0.9049493065939521f,0.17449698230331234f,-0.38809477664890446f,0.9990342761103486f,0f,0f,0f,1f], start_interpolation: 0, interpolation_duration: 1 }
$data merge entity $(bone_left_index_finger_2) { transformation: [-0.08205661659362862f,0.1481880575410428f,0.985549091255945f,-1.6732814833390122f,0.23717598438720944f,0.9633772761441759f,-0.12510705910933453f,0.35525786717613766f,-0.967994971114605f,0.22348271389805735f,-0.11419812820530229f,0.6340443249429322f,0f,0f,0f,1f], start_interpolation: 0, interpolation_duration: 1 }
$data merge entity $(bone_left_index_finger) { transformation: [-0.08205661659362862f,0.1481880575410428f,0.985549091255945f,-1.104430807866501f,0.23717598438720944f,0.9633772761441759f,-0.12510705910933453f,0.2887284677262066f,-0.967994971114605f,0.22348271389805735f,-0.11419812820530229f,0.569522153397366f,0f,0f,0f,1f], start_interpolation: 0, interpolation_duration: 1 }
$data merge entity $(bone_left_thumb) { transformation: [-0.2845523799438129f,0.18042454319900833f,0.9415290368755184f,-0.4356870736334912f,0.22261505076293533f,0.9677188994376718f,-0.11816374589931226f,0.16620771381341476f,-0.9324550832303549f,0.17597475922009587f,-0.3155319347947236f,0.05484378590138839f,0f,0f,0f,1f], start_interpolation: 0, interpolation_duration: 1 }
$data merge entity $(bone_left_hand) { transformation: [-0.2845523799438129f,-0.027636420141221252f,0.9582620577639971f,-0.31791801762928884f,0.22261505076293533f,0.9703554130794225f,0.09408991168706249f,0.16621519260255369f,-0.9324550832303549f,0.24009706493258387f,-0.26996465911046763f,0.6689077606910881f,0f,0f,0f,1f], start_interpolation: 0, interpolation_duration: 1 }
$data merge entity $(bone_left_forearm) { transformation: [-0.4289766938437086f,0.5627685210663518f,1.872054759131369f,1.846233211763077f,-0.034298100810950236f,1.9141388924167537f,-0.5832789848511778f,0.44052738319901685f,-1.9545130006654803f,-0.15710609658778255f,-0.40064328023226287f,0.17285584388410213f,0f,0f,0f,1f], start_interpolation: 0, interpolation_duration: 1 }
$data merge entity $(bone_left_bicep) { transformation: [-1.1692721736547527f,0.5377296703207796f,0.09024970406880564f,1.694057722595954f,0.12239842442658663f,0.46695468033237514f,-1.1964395411907325f,1.0305675767795517f,-0.5313349537962757f,-1.0757768131371428f,-0.4742183449656017f,-1.5502867835513343f,0f,0f,0f,1f], start_interpolation: 0, interpolation_duration: 1 }
$data merge entity $(bone_left_shoulder) { transformation: [-1.1172714245832747f,0.5138153531201585f,0.08623605154136355f,1.3743293750000003f,0.1169550298955623f,0.4461879215684008f,-1.1432305845744228f,1.1352396308353354f,-0.5077050272250275f,-1.0279340598609696f,-0.4531285510602444f,-1.805343114345278f,0f,0f,0f,1f], start_interpolation: 0, interpolation_duration: 1 }
$data merge entity $(bone_right_fingers_2) { transformation: [-0.1798088646603205f,-0.33649681887960115f,-0.9243585143619739f,1.685480601158787f,-0.18964105746763366f,0.9339043772931692f,-0.30308230465537805f,0.10604072126666478f,0.9652486941260912f,0.12079944104409884f,-0.2317378983492107f,0.7796652396650037f,0f,0f,0f,1f], start_interpolation: 0, interpolation_duration: 1 }
$data merge entity $(bone_right_fingers) { transformation: [-0.1798088646603205f,-0.33649681887960115f,-0.9243585143619739f,1.148330306969265f,-0.18964105746763366f,0.9339043772931692f,-0.30308230465537805f,-0.06583888879806121f,0.9652486941260912f,0.12079944104409884f,-0.2317378983492107f,0.6600796693737315f,0f,0f,0f,1f], start_interpolation: 0, interpolation_duration: 1 }
$data merge entity $(bone_right_index_finger_2) { transformation: [-0.1798088646603205f,-0.29585659636721656f,-0.9381565149672908f,1.7735493036514192f,-0.18964105746763366f,0.9462357717125948f,-0.26205750066355255f,0.16707036908934159f,0.9652486941260912f,0.13079273189851254f,-0.22624813760647766f,0.34509771090756214f,0f,0f,0f,1f], start_interpolation: 0, interpolation_duration: 1 }
$data merge entity $(bone_right_index_finger) { transformation: [-0.1798088646603205f,-0.29585659636721656f,-0.9381565149672908f,1.2311578364023932f,-0.18964105746763366f,0.9462357717125948f,-0.26205750066355255f,0.02151428149110926f,0.9652486941260912f,0.13079273189851254f,-0.22624813760647766f,0.21546251423551444f,0f,0f,0f,1f], start_interpolation: 0, interpolation_duration: 1 }
$data merge entity $(bone_right_thumb) { transformation: [0.16276379003871774f,-0.14318999150906836f,-0.9762195321667485f,0.5121375965061481f,-0.11884727301419667f,0.9793640977764083f,-0.16346647877681408f,-0.12469933505953745f,0.9794811250602644f,0.14262745289121095f,0.14238727236815893f,-0.21899670380263536f,0f,0f,0f,1f], start_interpolation: 0, interpolation_duration: 1 }
$data merge entity $(bone_right_hand) { transformation: [-0.1798088646603205f,0.042854165293914226f,-0.9827676697503478f,0.46134433403932174f,-0.18964105746763366f,0.9787997161384995f,0.0773781946658777f,-0.10260445407610719f,0.9652486941260912f,0.20028638546879501f,-0.16786995646547684f,0.4038001944433999f,0f,0f,0f,1f], start_interpolation: 0, interpolation_duration: 1 }
$data merge entity $(bone_right_forearm) { transformation: [-0.35985709987172004f,-0.7534942121104254f,-1.8188117308326792f,-1.7356924804456713f,-0.37953457459302103f,1.8408149630408157f,-0.6875176730529158f,0.03520387764595312f,1.9317823755762376f,0.22129960774409652f,-0.4738882877344615f,0.0051645062364109595f,0f,0f,0f,1f], start_interpolation: 0, interpolation_duration: 1 }
$data merge entity $(bone_right_bicep) { transformation: [-1.140866456359662f,-0.6010557210095049f,-0.04063708289484582f,-1.6784011554478804f,-0.29681519617320995f,0.6365544033761383f,-1.0822175633273645f,0.9627041597746085f,0.5242328600775779f,-0.9476424089788847f,-0.7011771506764108f,-1.5686829136442002f,0f,0f,0f,1f], start_interpolation: 0, interpolation_duration: 1 }
$data merge entity $(bone_right_shoulder) { transformation: [-1.0901289876522762f,-0.5743251201875442f,-0.03882984006616659f,-1.3743293749999999f,-0.28361500815491375f,0.6082450785276359f,-1.0340883721781111f,1.1352396308353354f,0.5009187831448222f,-0.9054981450263997f,-0.6699938745423258f,-1.8053431143452783f,0f,0f,0f,1f], start_interpolation: 0, interpolation_duration: 1 }
$data merge entity $(bone_chest) { transformation: [-4.0674850000000005f,1.665284987415557e-16f,4.694624903927386e-16f,1.5996260594392625e-16f,0f,3.833452148975498f,-1.35980838603832f,1.5126899459040306f,-4.981232485829872e-16f,-1.35980838603832f,-3.833452148975498f,-1.3061938026155657f,0f,0f,0f,1f], start_interpolation: 0, interpolation_duration: 1 }
$data merge entity $(bone_weist) { transformation: [-1.0999999999999999f,1.648879123965701e-17f,1.3369821664354196e-16f,4.243759538619071e-16f,0f,1.0917287885505265f,-0.13464119818985482f,0.8976621006365757f,-1.3471114790620883e-16f,-0.13464119818985482f,-1.0917287885505265f,-3.4652926391296996f,0f,0f,0f,1f], start_interpolation: 0, interpolation_duration: 1 }
$data merge entity $(bone_right_fingers2) { transformation: [-0.9959917602024252f,-0.025985242662636354f,-0.08558726992163426f,1.1808508731743317f,0.021800954323419497f,-0.9985378376850003f,0.04946620161234383f,-0.02343530268532923f,-0.08674751869340673f,0.047402045052178654f,0.9951019616729778f,-10.319888940782146f,0f,0f,0f,1f], start_interpolation: 0, interpolation_duration: 1 }
$data merge entity $(bone_left_foot) { transformation: [-0.9959917602024252f,-0.06658657111619114f,0.059721371014597416f,1.1087354687825761f,0.021800954323419497f,0.46683192896114356f,0.8840772978043303f,0.25475409064910226f,-0.08674751869340673f,0.8818356868767596f,-0.4635091038492456f,-9.366347052079282f,0f,0f,0f,1f], start_interpolation: 0, interpolation_duration: 1 }
$data merge entity $(bone_left_knee) { transformation: [-1.5786610498041134f,0.0641178519756208f,0.12644405649707147f,0.9420513040543377f,0.03455482144947282f,1.5450370795687536f,-0.352045871451833f,0.12900140008583838f,-0.13749604605223115f,-0.34787818607914733f,-1.5402420308199334f,-7.299081571018757f,0f,0f,0f,1f], start_interpolation: 0, interpolation_duration: 1 }
$data merge entity $(bone_left_thigh) { transformation: [-1.597225506221153f,-0.142751524802883f,-0.014024904781995393f,0.7385400000000005f,0.03496117307059942f,-0.5395059869986919f,1.5097731683538442f,0.4612560881241736f,-0.13911294751107733f,1.503415879146595f,0.5404556371024f,-5.228737900918066f,0f,0f,0f,1f], start_interpolation: 0, interpolation_duration: 1 }
$data merge entity $(bone_left_fingers2) { transformation: [-0.9959917602024252f,0.025985242662636337f,0.08558726992163401f,-1.1776479430921891f,-0.021800954323419497f,-0.9985378376850003f,0.04946620161234383f,-0.06624675504125038f,0.08674751869340648f,0.047402045052178654f,0.9951019616729778f,-10.274852240456553f,0f,0f,0f,1f], start_interpolation: 0, interpolation_duration: 1 }
$data merge entity $(bone_right_foot) { transformation: [-0.9959917602024252f,0.06658657111619092f,-0.05972137101459729f,-1.1055325387004338f,-0.021800954323419497f,0.46683192896114356f,0.8840772978043303f,0.2119426382931811f,0.08674751869340648f,0.8818356868767596f,-0.4635091038492456f,-9.32131035175369f,0f,0f,0f,1f], start_interpolation: 0, interpolation_duration: 1 }
$data merge entity $(bone_right_knee) { transformation: [-1.5786610498041134f,-0.06411785197562071f,-0.12644405649707108f,-0.9397763137246148f,-0.03455482144947282f,1.5450370795687536f,-0.352045871451833f,0.11729693683627507f,0.13749604605223076f,-0.34787818607914733f,-1.5402420308199334f,-7.2568813587268615f,0f,0f,0f,1f], start_interpolation: 0, interpolation_duration: 1 }
$data merge entity $(bone_right_thigh) { transformation: [-1.597225506221153f,0.14275152480288264f,0.01402490478199526f,-0.7385399999999994f,-0.03496117307059942f,-0.5395059869986919f,1.5097731683538442f,0.444962615305309f,0.13911294751107695f,1.503415879146595f,0.5404556371024f,-5.2138112803852f,0f,0f,0f,1f], start_interpolation: 0, interpolation_duration: 1 }