# This file was generated by Animated Java via MC-Build. It is not recommended to edit this file directly.
$data merge entity $(bone_left_fingers_2) { transformation: [-0.36601166121016504f,0.1454380938787594f,0.9191752959621405f,-1.5121474005276196f,0.22112447071305052f,0.9730160964519685f,-0.06590633123795188f,0.21816142399747507f,-0.9039576496219548f,0.17912966503146976f,-0.38829515937707065f,1.2004081966570384f,0f,0f,0f,1f], start_interpolation: 0, interpolation_duration: 1 }
$data merge entity $(bone_left_fingers) { transformation: [-0.36601166121016504f,0.1454380938787594f,0.9191752959621405f,-0.9765326416891195f,0.22112447071305052f,0.9730160964519685f,-0.06590633123795188f,0.18276599211465747f,-0.9039576496219548f,0.17912966503146976f,-0.38829515937707065f,0.9900907731898895f,0f,0f,0f,1f], start_interpolation: 0, interpolation_duration: 1 }
$data merge entity $(bone_left_index_finger_2) { transformation: [-0.08753195810423961f,0.1566757170669273f,0.9837636281099245f,-1.6755009703992596f,0.24091694749091028f,0.961567920060574f,-0.13170481966140649f,0.35862230190325106f,-0.9665904927745252f,0.22547694958009745f,-0.12191375839483648f,0.6302642175444587f,0f,0f,0f,1f], start_interpolation: 0, interpolation_duration: 1 }
$data merge entity $(bone_left_index_finger) { transformation: [-0.08753195810423961f,0.1566757170669273f,0.9837636281099245f,-1.1076302005892362f,0.24091694749091028f,0.961567920060574f,-0.13170481966140649f,0.2882800027270528f,-0.9665904927745252f,0.22547694958009745f,-0.12191375839483648f,0.5613068949482769f,0f,0f,0f,1f], start_interpolation: 0, interpolation_duration: 1 }
$data merge entity $(bone_left_thumb) { transformation: [-0.2846079976121936f,0.1935305174431966f,0.9389058666944979f,-0.44217628171992135f,0.22906705153301538f,0.964768103168236f,-0.1294248546884827f,0.15863072104059636f,-0.930874091162252f,0.17823704981662086f,-0.3189121830151975f,0.044116905869552414f,0f,0f,0f,1f], start_interpolation: 0, interpolation_duration: 1 }
$data merge entity $(bone_left_hand) { transformation: [-0.2846079976121936f,-0.01427335187592954f,0.9585377191959655f,-0.32246131696277347f,0.22906705153301538f,0.969911912502591f,0.08245706693508553f,0.15527933977140085f,-0.930874091162252f,0.24303734982877057f,-0.27277513264786296f,0.657795332408535f,0f,0f,0f,1f], start_interpolation: 0, interpolation_duration: 1 }
$data merge entity $(bone_left_forearm) { transformation: [-0.4356111871769305f,0.587063511193331f,1.863039924634563f,1.8434766651160217f,-0.022899974451556126f,1.9071385671466041f,-0.6063138710460202f,0.40297663403845707f,-1.9532119491051447f,-0.15328846296460005f,-0.4083921673410581f,0.15557632245429187f,0f,0f,0f,1f], start_interpolation: 0, interpolation_duration: 1 }
$data merge entity $(bone_left_bicep) { transformation: [-1.1692719585901996f,0.5403150678048099f,0.07320066849991297f,1.6934831825448204f,0.1391389780439564f,0.46314801303268743f,-1.1960894140171412f,1.0000791012891252f,-0.5271992556468892f,-1.0761269297987428f,-0.4780244756478572f,-1.5653234197788901f,0f,0f,0f,1f], start_interpolation: 0, interpolation_duration: 1 }
$data merge entity $(bone_left_shoulder) { transformation: [-1.1172712190832335f,0.5162857708682075f,0.0699452334692215f,1.3743293750000003f,0.1329510850568938f,0.44255054723189974f,-1.1428960285190943f,1.1096498942554984f,-0.5037532549455516f,-1.0282686058718042f,-0.4567654126441662f,-1.8190383690686978f,0f,0f,0f,1f], start_interpolation: 0, interpolation_duration: 1 }
$data merge entity $(bone_right_fingers_2) { transformation: [-0.18456803108492748f,-0.3492632338679296f,-0.9186674237010636f,1.6789935710790909f,-0.195489268238908f,0.9290952125484095f,-0.3139522766648489f,0.10987337996354415f,0.9631814927130036f,0.12164406885558224f,-0.23975848808208838f,0.7851167808618238f,0f,0f,0f,1f], start_interpolation: 0, interpolation_duration: 1 }
$data merge entity $(bone_right_fingers) { transformation: [-0.18456803108492748f,-0.3492632338679296f,-0.9186674237010636f,1.144983914001613f,-0.195489268238908f,0.9290952125484095f,-0.3139522766648489f,-0.06837910442369807f,0.9631814927130036f,0.12164406885558224f,-0.23975848808208838f,0.6608852008044495f,0f,0f,0f,1f], start_interpolation: 0, interpolation_duration: 1 }
$data merge entity $(bone_right_index_finger_2) { transformation: [-0.18456803108492748f,-0.30885910244535164f,-0.9330277041642897f,1.7695144660669833f,-0.195489268238908f,0.9419053257467799f,-0.27312689968816434f,0.17362860840875743f,0.9631814927130036f,0.13198640902193043f,-0.23422425136745822f,0.3514453732973696f,0f,0f,0f,1f], start_interpolation: 0, interpolation_duration: 1 }
$data merge entity $(bone_right_index_finger) { transformation: [-0.18456803108492748f,-0.30885910244535164f,-0.9330277041642897f,1.2300036333053672f,-0.195489268238908f,0.9419053257467799f,-0.27312689968816434f,0.021667935086154166f,0.9631814927130036f,0.13198640902193043f,-0.23422425136745822f,0.21722027246349102f,0f,0f,0f,1f], start_interpolation: 0, interpolation_duration: 1 }
$data merge entity $(bone_right_thumb) { transformation: [0.1569589169897831f,-0.15671958391155555f,-0.975091211321271f,0.5161640633337328f,-0.12039775905092961f,0.9769284242127804f,-0.17639510645323464f,-0.13206653636056315f,0.9802388882272061f,0.14508558158453477f,0.134468940738628f,-0.22314562064734517f,0f,0f,0f,1f], start_interpolation: 0, interpolation_duration: 1 }
$data merge entity $(bone_right_hand) { transformation: [-0.18456803108492748f,0.028881649674634136f,-0.9823952830777972f,0.46045191570529753f,-0.195489268238908f,0.9785163854606379f,0.06549526233602321f,-0.11292823075949643f,0.9631814927130036f,0.20413606662498415f,-0.17495679008838322f,0.39932847327779636f,0f,0f,0f,1f], start_interpolation: 0, interpolation_duration: 1 }
$data merge entity $(bone_right_forearm) { transformation: [-0.3693817683612367f,-0.7785229053566071f,-1.8063183460464538f,-1.7351300122315056f,-0.391238781566159f,1.8302504777222721f,-0.7088315574398364f,-0.0015952644181976838f,1.9276452207881811f,0.2222882067476027f,-0.48999860014083957f,-0.015276496216782398f,0f,0f,0f,1f], start_interpolation: 0, interpolation_duration: 1 }
$data merge entity $(bone_right_bicep) { transformation: [-1.1408672044659722f,-0.6020386421271551f,-0.02161292832541892f,-1.6779332915657208f,-0.31324106875589475f,0.6323668891570662f,-1.0800406352788725f,0.9323853992185867f,0.5145849571545724f,-0.949819569389164f,-0.7053656718232897f,-1.5852903259110516f,0f,0f,0f,1f], start_interpolation: 0, interpolation_duration: 1 }
$data merge entity $(bone_right_shoulder) { transformation: [-1.0901297024882415f,-0.5752643281000505f,-0.020651741967039207f,-1.3743293749999999f,-0.2993103770125485f,0.6042437945815878f,-1.0320082581065073f,1.1096498942554984f,0.4916999489966231f,-0.907578481126023f,-0.673996120635332f,-1.8190383690686982f,0f,0f,0f,1f], start_interpolation: 0, interpolation_duration: 1 }
$data merge entity $(bone_chest) { transformation: [-4.0674850000000005f,1.5160148751295432e-16f,4.744931609230296e-16f,1.6020880577773137e-16f,0f,3.874530691244122f,-1.237920089437258f,1.4711290828379748f,-4.981232485829872e-16f,-1.237920089437258f,-3.874530691244122f,-1.3082041768228603f,0f,0f,0f,1f], start_interpolation: 0, interpolation_duration: 1 }
$data merge entity $(bone_weist) { transformation: [-1.0999999999999999f,1.2253196115653283e-17f,1.3415272101288076e-16f,4.268714363812427e-16f,0f,1.0954400983718986f,-0.10005493930318878f,0.9246764363073438f,-1.3471114790620883e-16f,-0.10005493930318878f,-1.0954400983718986f,-3.4856698002921918f,0f,0f,0f,1f], start_interpolation: 0, interpolation_duration: 1 }
$data merge entity $(bone_right_fingers2) { transformation: [-0.9959916592928896f,-0.02598493761458798f,-0.08558853682685899f,1.1808574394828635f,0.02180046633749439f,-0.9985377792066052f,0.04946759711779991f,-0.0234424407679667f,-0.08674879991368409f,0.0474034441186203f,0.9951017833363724f,-10.31988769073778f,0f,0f,0f,1f], start_interpolation: 0, interpolation_duration: 1 }
$data merge entity $(bone_left_foot) { transformation: [-0.9959916592928896f,-0.0665878482411377f,0.05972162996445962f,1.108740736843275f,0.02180046633749439f,0.46683316900456767f,0.8840766550388155f,0.25474829340214034f,-0.08674879991368409f,0.8818349339778778f,-0.4635102964657501f,-9.366346291401767f,0f,0f,0f,1f], start_interpolation: 0, interpolation_duration: 1 }
$data merge entity $(bone_left_knee) { transformation: [-1.57866088986107f,0.0641177245121108f,0.1264461180126607f,0.9420540236188503f,0.03455404798486839f,1.5450366041961294f,-0.352048033648791f,0.12899850597818974f,-0.1374980768045214f,-0.3478803208454164f,-1.5402413673764173f,-7.299080839231503f,0f,0f,0f,1f], start_interpolation: 0, interpolation_duration: 1 }
$data merge entity $(bone_left_thigh) { transformation: [-1.5972253443972397f,-0.1427532146220696f,-0.01402613422488922f,0.7385400000000005f,0.034960390510344004f,-0.5395038835545433f,1.5097739381232014f,0.4612560881241736f,-0.13911500214424585f,1.5034164735214728f,0.540453454826385f,-5.228737900918066f,0f,0f,0f,1f], start_interpolation: 0, interpolation_duration: 1 }
$data merge entity $(bone_left_fingers2) { transformation: [-0.9959916592928896f,0.025984937614587974f,0.08558853682685877f,-1.177654481293713f,-0.02180046633749439f,-0.9985377792066052f,0.04946759711779991f,-0.06625385112211868f,0.08674879991368384f,0.0474034441186203f,0.9951017833363724f,-10.2748509564111f,0f,0f,0f,1f], start_interpolation: 0, interpolation_duration: 1 }
$data merge entity $(bone_right_foot) { transformation: [-0.9959916592928896f,0.06658784824113749f,-0.05972162996445952f,-1.1055377786541247f,-0.02180046633749439f,0.46683316900456767f,0.8840766550388155f,0.21193688304798836f,0.08674879991368384f,0.8818349339778778f,-0.4635102964657501f,-9.321309557075088f,0f,0f,0f,1f], start_interpolation: 0, interpolation_duration: 1 }
$data merge entity $(bone_right_knee) { transformation: [-1.57866088986107f,-0.06411772451211073f,-0.12644611801266037f,-0.9397789973856308f,-0.03455404798486839f,1.5450366041961294f,-0.352048033648791f,0.11729408100224492f,0.137498076804521f,-0.3478803208454164f,-1.5402413673764173f,-7.256880636374358f,0f,0f,0f,1f], start_interpolation: 0, interpolation_duration: 1 }
$data merge entity $(bone_right_thigh) { transformation: [-1.5972253443972397f,0.14275321462206925f,0.014026134224889086f,-0.7385399999999994f,-0.034960390510344004f,-0.5395038835545433f,1.5097739381232014f,0.444962615305309f,0.13911500214424546f,1.5034164735214728f,0.540453454826385f,-5.2138112803852f,0f,0f,0f,1f], start_interpolation: 0, interpolation_duration: 1 }