# This file was generated by Animated Java via MC-Build. It is not recommended to edit this file directly.
$data merge entity $(bone_left_fingers_2) { transformation: [-0.36441064277036955f,0.14714238959247758f,0.9195401027800266f,-1.5131388488652502f,0.22408778462319873f,0.9722785611635082f,-0.06677622544353086f,0.21747739389877702f,-0.9038747414428356f,0.1817237372685083f,-0.3872814675333859f,1.1965043499394454f,0f,0f,0f,1f], start_interpolation: 0, interpolation_duration: 1 }
$data merge entity $(bone_left_fingers) { transformation: [-0.36441064277036955f,0.14714238959247758f,0.9195401027800266f,-0.977325999595481f,0.22408778462319873f,0.9722785611635082f,-0.06677622544353086f,0.1815356112093998f,-0.9038747414428356f,0.1817237372685083f,-0.3872814675333859f,0.9867850043554545f,0f,0f,0f,1f], start_interpolation: 0, interpolation_duration: 1 }
$data merge entity $(bone_left_index_finger_2) { transformation: [-0.09188482949409363f,0.15797131412421284f,0.9831593167044244f,-1.6760007867302722f,0.2422871623988952f,0.9612104278775676f,-0.13180077494504705f,0.3585636754762795f,-0.9658437291019353f,0.22609638929733655f,-0.126595077713055f,0.6299430302740258f,0f,0f,0f,1f], start_interpolation: 0, interpolation_duration: 1 }
$data merge entity $(bone_left_index_finger) { transformation: [-0.09188482949409363f,0.15797131412421284f,0.9831593167044244f,-1.1084708005833224f,0.2422871623988952f,0.9612104278775676f,-0.13180077494504705f,0.2881640073022512f,-0.9658437291019353f,0.22609638929733655f,-0.126595077713055f,0.558291344022509f,0f,0f,0f,1f], start_interpolation: 0, interpolation_duration: 1 }
$data merge entity $(bone_left_thumb) { transformation: [-0.2847105584539297f,0.19844752747787187f,0.9378477897520316f,-0.4443321933982096f,0.2314863415855661f,0.9636172295715251f,-0.13362600245547038f,0.15586295062176042f,-0.9302440387146709f,0.1790542200307437f,-0.320289891699691f,0.04008320048263969f,0f,0f,0f,1f], start_interpolation: 0, interpolation_duration: 1 }
$data merge entity $(bone_left_hand) { transformation: [-0.2847105584539297f,-0.009243884847163208f,0.9585689586554449f,-0.32383153378942287f,0.2314863415855661f,0.9696976140062061f,0.07810640850789097f,0.151244588329838f,-0.9302440387146709f,0.24413334058174696f,-0.2739433161298419f,0.6535996040988479f,0f,0f,0f,1f], start_interpolation: 0, interpolation_duration: 1 }
$data merge entity $(bone_left_forearm) { transformation: [-0.43827483394254824f,0.596118265885738f,1.85953666711918f,1.8426243956220014f,-0.01860039039550417f,1.9044358129332128f,-0.6148956767169873f,0.3889836719431371f,-1.9526616780078574f,-0.15193972767346706f,-0.4115156421629023f,0.14880849898803672f,0f,0f,0f,1f], start_interpolation: 0, interpolation_duration: 1 }
$data merge entity $(bone_left_bicep) { transformation: [-1.1692717913161028f,0.5411484310877719f,0.0667643398438595f,1.6932792275213677f,0.1454042095278641f,0.4617221373410362f,-1.1958954416051237f,0.988731422426616f,-0.5255061535273593f,-1.0763208940328064f,-0.4794499339705984f,-1.5712275415017858f,0f,0f,0f,1f], start_interpolation: 0, interpolation_duration: 1 }
$data merge entity $(bone_left_shoulder) { transformation: [-1.117271059248276f,0.5170820721942196f,0.06379514604846476f,1.3743293750000003f,0.13893768446726887f,0.44118808415342725f,-1.1427106825936648f,1.100134228478482f,-0.5021354497333232f,-1.0284539439829756f,-0.4581274769152718f,-1.8244005918352166f,0f,0f,0f,1f], start_interpolation: 0, interpolation_duration: 1 }
$data merge entity $(bone_right_fingers_2) { transformation: [-0.18644806225798977f,-0.35400745951181445f,-0.9164692240824194f,1.6760849318045659f,-0.1976927610403092f,0.927264764080946f,-0.3179585342873601f,0.11119661170742391f,0.962369311809401f,0.12189657872105451f,-0.2428714305627605f,0.7872913879389865f,0f,0f,0f,1f], start_interpolation: 0, interpolation_duration: 1 }
$data merge entity $(bone_right_fingers) { transformation: [-0.18644806225798977f,-0.35400745951181445f,-0.9164692240824194f,1.1432888606873397f,-0.1976927610403092f,0.927264764080946f,-0.3179585342873601f,-0.06940566763439636f,0.962369311809401f,0.12189657872105451f,-0.2428714305627605f,0.6612560324851782f,0f,0f,0f,1f], start_interpolation: 0, interpolation_duration: 1 }
$data merge entity $(bone_right_index_finger_2) { transformation: [-0.18644806225798977f,-0.3136946967583297f,-0.9310385369607106f,1.7675669717572788f,-0.1976927610403092f,0.9402513699637849f,-0.2772091872818875f,0.1759793215660585f,0.962369311809401f,0.13237446319787283f,-0.2373232166910247f,0.3539740813472606f,0f,0f,0f,1f], start_interpolation: 0, interpolation_duration: 1 }
$data merge entity $(bone_right_index_finger) { transformation: [-0.18644806225798977f,-0.3136946967583297f,-0.9310385369607106f,1.229174568677264f,-0.1976927610403092f,0.9402513699637849f,-0.2772091872818875f,0.021656369502669193f,0.962369311809401f,0.13237446319787283f,-0.2373232166910247f,0.21796522365841814f,0f,0f,0f,1f], start_interpolation: 0, interpolation_duration: 1 }
$data merge entity $(bone_right_thumb) { transformation: [0.15466867610702784f,-0.16176138503147253f,-0.9746337029592189f,0.517356897053694f,-0.12101157824192293f,0.9759749833868063f,-0.18118782998458188f,-0.134840460580266f,0.9805273063829985f,0.14596604439328523f,0.13137775809275803f,-0.2246945596085808f,0f,0f,0f,1f], start_interpolation: 0, interpolation_duration: 1 }
$data merge entity $(bone_right_hand) { transformation: [-0.18644806225798977f,0.0236573421295474f,-0.982179947995074f,0.4597405927604594f,-0.1976927610403092f,0.9783584000041531f,0.06109348061432146f,-0.11682751681728087f,0.962369311809401f,0.20556062683470988f,-0.17773614259013615f,0.3976397645927758f,0f,0f,0f,1f], start_interpolation: 0, interpolation_duration: 1 }
$data merge entity $(bone_right_forearm) { transformation: [-0.37314433349886045f,-0.7878167395933333f,-1.8015090517176935f,-1.7351255408301416f,-0.3956487005687533f,1.8262408970419448f,-0.7166819824275273f,-0.015299127924470302f,1.926019777765148f,0.222521331594353f,-0.49624474291374404f,-0.02322476737982737f,0f,0f,0f,1f], start_interpolation: 0, interpolation_duration: 1 }
$data merge entity $(bone_right_bicep) { transformation: [-1.1408677863250372f,-0.6022520942307079f,-0.014447582207641972f,-1.6777714196452211f,-0.3193415832416337f,0.630828331097782f,-1.0791534614725675f,0.9211134401317316f,0.5108201942461229f,-0.9507069239204186f,-0.7069050130471841f,-1.5917835891978325f,0f,0f,0f,1f], start_interpolation: 0, interpolation_duration: 1 }
$data merge entity $(bone_right_shoulder) { transformation: [-1.0901302584704338f,-0.5754682874015632f,-0.013805058495886416f,-1.3743293749999999f,-0.3051395848426366f,0.6027736604302486f,-1.0311605393591048f,1.100134228478482f,0.4881026154478444f,-0.9084263725610398f,-0.6754670031217975f,-1.824400591835217f,0f,0f,0f,1f], start_interpolation: 0, interpolation_duration: 1 }
$data merge entity $(bone_chest) { transformation: [-4.0674850000000005f,1.4594419081331892e-16f,4.762636496172201e-16f,1.6034311542581374e-16f,0f,3.8889878285625965f,-1.191724756190364f,1.455508793542546f,-4.981232485829872e-16f,-1.191724756190364f,-3.8889878285625965f,-1.3093008983279986f,0f,0f,0f,1f], start_interpolation: 0, interpolation_duration: 1 }
$data merge entity $(bone_weist) { transformation: [-1.0999999999999999f,1.06558847364499e-17f,1.3428903712028014e-16f,4.277832385020254e-16f,0f,1.0965532038607162f,-0.08701190207551222f,0.9350071098877931f,-1.3471114790620883e-16f,-0.08701190207551222f,-1.0965532038607162f,-3.4931152296308188f,0f,0f,0f,1f], start_interpolation: 0, interpolation_duration: 1 }
$data merge entity $(bone_right_fingers2) { transformation: [-0.995991580806392f,-0.02598470035751807f,-0.08558952219818915f,1.1808625466142018f,0.021800086792878044f,-0.9985377337218946f,0.04946868251091868f,-0.023447992609597235f,-0.08674979641824695f,0.04740453228197783f,0.9951016446275825f,-10.319886718467886f,0f,0f,0f,1f], start_interpolation: 0, interpolation_duration: 1 }
$data merge entity $(bone_left_foot) { transformation: [-0.995991580806392f,-0.0665888415600178f,0.05972183137244835f,1.1087448342262933f,0.021800086792878044f,0.4668341334821338f,0.8840761551087148f,0.25474378443233914f,-0.08674979641824695f,0.8818343483873148f,-0.4635112240558069f,-9.366345699753131f,0f,0f,0f,1f], start_interpolation: 0, interpolation_duration: 1 }
$data merge entity $(bone_left_knee) { transformation: [-1.5786607654588594f,0.06411762537792899f,0.12644772141391633f,0.9420561388363335f,0.0345534464012746f,1.5450362344595057f,-0.35204971535709756f,0.12899625500594902f,-0.13749965627837069f,-0.3478819812193707f,-1.5402408513606702f,-7.299080270058191f,0f,0f,0f,1f], start_interpolation: 0, interpolation_duration: 1 }
$data merge entity $(bone_left_thigh) { transformation: [-1.5972252185321065f,-0.1427545289283186f,-0.014027090454880755f,0.7385400000000005f,0.03495978185235485f,-0.5395022475415187f,1.5097745368304487f,0.4612560881241736f,-0.13911660019210978f,1.503416935809629f,0.5404517574981924f,-5.228737900918066f,0f,0f,0f,1f], start_interpolation: 0, interpolation_duration: 1 }
$data merge entity $(bone_left_fingers2) { transformation: [-0.995991580806392f,0.02598470035751807f,0.08558952219818891f,-1.177659566563957f,-0.021800086792878044f,-0.9985377337218946f,0.04946868251091868f,-0.06625937029566464f,0.0867497964182467f,0.04740453228197783f,0.9951016446275825f,-10.274849957695977f,0f,0f,0f,1f], start_interpolation: 0, interpolation_duration: 1 }
$data merge entity $(bone_right_foot) { transformation: [-0.995991580806392f,0.0665888415600176f,-0.05972183137244825f,-1.1055418541760489f,-0.021800086792878044f,0.4668341334821338f,0.8840761551087148f,0.21193240674627173f,0.0867497964182467f,0.8818343483873148f,-0.4635112240558069f,-9.321308938981222f,0f,0f,0f,1f], start_interpolation: 0, interpolation_duration: 1 }
$data merge entity $(bone_right_knee) { transformation: [-1.5786607654588594f,-0.06411762537792891f,-0.12644772141391597f,-0.939781084678164f,-0.0345534464012746f,1.5450362344595057f,-0.35204971535709756f,0.11729185979836887f,0.13749965627837027f,-0.3478819812193707f,-1.5402408513606702f,-7.256880074539257f,0f,0f,0f,1f], start_interpolation: 0, interpolation_duration: 1 }
$data merge entity $(bone_right_thigh) { transformation: [-1.5972252185321065f,0.14275452892831825f,0.014027090454880622f,-0.7385399999999994f,-0.03495978185235485f,-0.5395022475415187f,1.5097745368304487f,0.444962615305309f,0.13911660019210936f,1.503416935809629f,0.5404517574981924f,-5.2138112803852f,0f,0f,0f,1f], start_interpolation: 0, interpolation_duration: 1 }