# This file was generated by Animated Java via MC-Build. It is not recommended to edit this file directly.
$data merge entity $(bone_left_fingers_2) { transformation: [-0.36240899376710706f,0.14130463981549035f,0.9212452008034168f,-1.5137514473650588f,0.2231138707387475f,0.9728536032044132f,-0.061449714532806315f,0.2149151511781524f,-0.9049198428151999f,0.18327265343963484f,-0.38409792056259434f,1.1960479096718444f,0f,0f,0f,1f], start_interpolation: 0, interpolation_duration: 1 }
$data merge entity $(bone_left_fingers) { transformation: [-0.36240899376710706f,0.14130463981549035f,0.9212452008034168f,-0.9770172032130519f,0.2231138707387475f,0.9728536032044132f,-0.061449714532806315f,0.18205987081876845f,-0.9049198428151999f,0.18327265343963484f,-0.38409792056259434f,0.9881866415030578f,0f,0f,0f,1f], start_interpolation: 0, interpolation_duration: 1 }
$data merge entity $(bone_left_index_finger_2) { transformation: [-0.09670215098209503f,0.15166474602264582f,0.9836902453563939f,-1.6759384339892778f,0.2414727637116683f,0.9623699394328432f,-0.12463949639449871f,0.35447999111473316f,-0.9655773394093735f,0.2254814947837446f,-0.12968614856338095f,0.6330049371664707f,0f,0f,0f,1f], start_interpolation: 0, interpolation_duration: 1 }
$data merge entity $(bone_left_index_finger) { transformation: [-0.09670215098209503f,0.15166474602264582f,0.9836902453563939f,-1.1081389416009964f,0.2414727637116683f,0.9623699394328432f,-0.12463949639449871f,0.28821423147200675f,-0.9655773394093735f,0.2254814947837446f,-0.12968614856338095f,0.5595682423862841f,0f,0f,0f,1f], start_interpolation: 0, interpolation_duration: 1 }
$data merge entity $(bone_left_thumb) { transformation: [-0.28466049039445207f,0.19635897253685536f,0.938302488066967f,-0.4434356857463799f,0.23045722801245747f,0.9641092566739277f,-0.13184387453522617f,0.15703697213579113f,-0.9305148420445555f,0.17870784845640322f,-0.3196961583048488f,0.0417985566447322f,0f,0f,0f,1f], start_interpolation: 0, interpolation_duration: 1 }
$data merge entity $(bone_left_hand) { transformation: [-0.28466049039445207f,-0.011381347424471167f,0.9585608327796383f,-0.3232731375858404f,0.23045722801245747f,0.9697922550226306f,0.07995278703669345f,0.15295828575638826f,-0.9305148420445555f,0.2436666719699767f,-0.27343862511699313f,0.6553850966531996f,0f,0f,0f,1f], start_interpolation: 0, interpolation_duration: 1 }
$data merge entity $(bone_left_forearm) { transformation: [-0.43713061404586223f,0.5922758941550849f,1.861033187457273f,1.8429732401754686f,-0.02042905291511693f,1.9055889511468649f,-0.6112543140254116f,0.39492559961874674f,-1.9528998728587117f,-0.15250720579854452f,-0.4101732220887188f,0.15170496441007963f,0f,0f,0f,1f], start_interpolation: 0, interpolation_duration: 1 }
$data merge entity $(bone_left_bicep) { transformation: [-1.1692716001439218f,0.5408041234613421f,0.06950142915936075f,1.6933649614446f,0.14274361143423253f,0.46232731908594504f,-1.1959821633003676f,0.9935493393348225f,-0.5262355081165628f,-1.0762341629892276f,-0.4788442752328683f,-1.5686997278679995f,0f,0f,0f,1f], start_interpolation: 0, interpolation_duration: 1 }
$data merge entity $(bone_left_shoulder) { transformation: [-1.1172708765780475f,0.5167530768747862f,0.0664105094750853f,1.3743293750000003f,0.13639541048752996f,0.4417663518018847f,-1.1427935475366358f,1.1041742177024463f,-0.5028323679182133f,-1.028371070107416f,-0.4575487534871756f,-1.8221057615429384f,0f,0f,0f,1f], start_interpolation: 0, interpolation_duration: 1 }
$data merge entity $(bone_right_fingers_2) { transformation: [-0.1856437371601251f,-0.35199236986430205f,-0.9174081830954716f,1.6773493874692975f,-0.19675595221394881f,0.9280450270117069f,-0.3162586332532644f,0.11063689508310745f,0.9627167278704596f,0.12179408604752869f,-0.24154234097201782f,0.7863617112533299f,0f,0f,0f,1f], start_interpolation: 0, interpolation_duration: 1 }
$data merge entity $(bone_right_fingers) { transformation: [-0.1856437371601251f,-0.35199236986430205f,-0.9174081830954716f,1.1440348857162999f,-0.19675595221394881f,0.9280450270117069f,-0.3162586332532644f,-0.06896829327804693f,0.9627167278704596f,0.12179408604752869f,-0.24154234097201782f,0.6610965283033685f,0f,0f,0f,1f], start_interpolation: 0, interpolation_duration: 1 }
$data merge entity $(bone_right_index_finger_2) { transformation: [-0.1856437371601251f,-0.311640568212744f,-0.9318887053169279f,1.7684205936104236f,-0.19675595221394881f,0.9409567416154387f,-0.2754768695858854f,0.1749827197990329f,0.9627167278704596f,0.1322140940009598f,-0.23599986276669888f,0.35289279474826685f,0f,0f,0f,1f], start_interpolation: 0, interpolation_duration: 1 }
$data merge entity $(bone_right_index_finger) { transformation: [-0.1856437371601251f,-0.311640568212744f,-0.9318887053169279f,1.2295501017590937f,-0.19675595221394881f,0.9409567416154387f,-0.2754768695858854f,0.021662220452446757f,0.9627167278704596f,0.1322140940009598f,-0.23599986276669888f,0.21764568723880706f,0f,0f,0f,1f], start_interpolation: 0, interpolation_duration: 1 }
$data merge entity $(bone_right_thumb) { transformation: [0.15564868492115203f,-0.1596189871172574f,-0.9748308908903003f,0.5168678411364553f,-0.12074956897645509f,0.9763830093436356f,-0.1791528974286115f,-0.13366280274556144f,0.9804045228752855f,0.14559532278451479f,0.13269880748882654f,-0.22403459503100115f,0f,0f,0f,1f], start_interpolation: 0, interpolation_duration: 1 }
$data merge entity $(bone_right_hand) { transformation: [-0.1856437371601251f,0.025878366269024455f,-0.9822762915862666f,0.4600643783129068f,-0.19675595221394881f,0.9784287449934516f,0.06296257808350797f,-0.11517083418674356f,0.9627167278704596f,0.20495731538490086f,-0.1765474461684723f,0.39836039968911346f,0f,0f,0f,1f], start_interpolation: 0, interpolation_duration: 1 }
$data merge entity $(bone_right_forearm) { transformation: [-0.3715346125453446f,-0.7838696842587025f,-1.8035623421460938f,-1.7351168742959495f,-0.39377383578928243f,1.827949371358778f,-0.7133512698687837f,-0.009479342702512272f,1.9267150723848965f,0.22243243035981222f,-0.4935783787765135f,-0.019827224744096705f,0f,0f,0f,1f], start_interpolation: 0, interpolation_duration: 1 }
$data merge entity $(bone_right_bicep) { transformation: [-1.140868451305327f,-0.6021699621971133f,-0.01749676983967617f,-1.6778397988120992f,-0.3167505028231437f,0.6314812393672733f,-1.0795351716361858f,0.92589933627188f,0.5124294285934219f,-0.9503254202986526f,-0.7062529998213949f,-1.589005619279827f,0f,0f,0f,1f], start_interpolation: 0, interpolation_duration: 1 }
$data merge entity $(bone_right_shoulder) { transformation: [-1.0901308938772214f,-0.5753898080053663f,-0.01671864036863049f,-1.3743293749999999f,-0.3026637368958514f,0.603397532073492f,-1.0315252738220406f,1.1041742177024463f,0.48964028271831f,-0.908061835454472f,-0.6748439867172014f,-1.8221057615429386f,0f,0f,0f,1f], start_interpolation: 0, interpolation_duration: 1 }
$data merge entity $(bone_chest) { transformation: [-4.0674850000000005f,1.4835327525185497e-16f,4.755187446367554e-16f,1.6028320035022444e-16f,0f,3.88290521779692f,-1.2113964234842594f,1.4621517805906867f,-4.981232485829872e-16f,-1.2113964234842594f,-3.88290521779692f,-1.3088116546078414f,0f,0f,0f,1f], start_interpolation: 0, interpolation_duration: 1 }
$data merge entity $(bone_weist) { transformation: [-1.0999999999999999f,1.133554971640799e-17f,1.342333739531094e-16f,4.273972148105259e-16f,0f,1.0960986796076055f,-0.0925617878093524f,0.9306018035364372f,-1.3471114790620883e-16f,-0.0925617878093524f,-1.0960986796076055f,-3.4899631069798778f,0f,0f,0f,1f], start_interpolation: 0, interpolation_duration: 1 }
$data merge entity $(bone_right_fingers2) { transformation: [-0.9959914911061414f,-0.025984429209284583f,-0.08559064833749493f,1.1808683833383893f,0.021799653027593728f,-0.9985376817377453f,0.049469922960182766f,-0.023454337571011008f,-0.08675093528050037f,0.04740577589785416f,0.995101486100529f,-10.319885607288196f,0f,0f,0f,1f], start_interpolation: 0, interpolation_duration: 1 }
$data merge entity $(bone_left_foot) { transformation: [-0.9959914911061414f,-0.06658997678103504f,0.05972206155572878f,1.1087495169523953f,0.021799653027593728f,0.4668352357415104f,0.8840755837585638f,0.2547386313240562f,-0.08675093528050037f,0.8818336791382317f,-0.4635122841581319f,-9.36634502357194f,0f,0f,0f,1f], start_interpolation: 0, interpolation_duration: 1 }
$data merge entity $(bone_left_knee) { transformation: [-1.5786606232826914f,0.06411751208611816f,0.12644955387275342f,0.9420585562284294f,0.03455275887715395f,1.5450358119008352f,-0.35205163730897865f,0.12899368246664655f,-0.13750146139117622f,-0.34788387878980814f,-1.5402402616239703f,-7.299079619568568f,0f,0f,0f,1f], start_interpolation: 0, interpolation_duration: 1 }
$data merge entity $(bone_left_thigh) { transformation: [-1.5972250746840004f,-0.14275603099521458f,-0.01402818328554575f,0.7385400000000005f,0.03495908624321077f,-0.5395003778113732f,1.5097752210648894f,0.4612560881241736f,-0.13911842653235867f,1.5034174641352909f,0.5404498176919682f,-5.228737900918066f,0f,0f,0f,1f], start_interpolation: 0, interpolation_duration: 1 }
$data merge entity $(bone_left_fingers2) { transformation: [-0.9959914911061414f,0.02598442920928457f,0.0855906483374947f,-1.1776653783039428f,-0.021799653027593728f,-0.9985376817377453f,0.049469922960182766f,-0.06626567792207966f,0.08675093528050012f,0.04740577589785416f,0.995101486100529f,-10.274848816293224f,0f,0f,0f,1f], start_interpolation: 0, interpolation_duration: 1 }
$data merge entity $(bone_right_foot) { transformation: [-0.9959914911061414f,0.06658997678103484f,-0.05972206155572868f,-1.105546511917949f,-0.021799653027593728f,0.4668352357415104f,0.8840755837585638f,0.21192729097298757f,0.08675093528050012f,0.8818336791382317f,-0.4635122841581319f,-9.321308232576968f,0f,0f,0f,1f], start_interpolation: 0, interpolation_duration: 1 }
$data merge entity $(bone_right_knee) { transformation: [-1.5786606232826914f,-0.06411751208611807f,-0.12644955387275306f,-0.9397834701560221f,-0.03455275887715395f,1.5450358119008352f,-0.35205163730897865f,0.11728932128004899f,0.13750146139117583f,-0.34788387878980814f,-1.5402402616239703f,-7.256879432436238f,0f,0f,0f,1f], start_interpolation: 0, interpolation_duration: 1 }
$data merge entity $(bone_right_thigh) { transformation: [-1.5972250746840004f,0.14275603099521422f,0.014028183285545616f,-0.7385399999999994f,-0.03495908624321077f,-0.5395003778113732f,1.5097752210648894f,0.444962615305309f,0.13911842653235829f,1.5034174641352909f,0.5404498176919682f,-5.2138112803852f,0f,0f,0f,1f], start_interpolation: 0, interpolation_duration: 1 }