# This file was generated by Animated Java via MC-Build. It is not recommended to edit this file directly.
$data merge entity $(bone_left_fingers_2) { transformation: [-0.3591117481761632f,0.1174188210672078f,0.9258788110660309f,-1.5120646461788172f,0.21356460964883378f,0.9760702797298891f,-0.04095078184305352f,0.20755115742635744f,-0.9085311826389898f,0.18302904001060388f,-0.37559480918324156f,1.39061565388731f,0f,0f,0f,1f], start_interpolation: 0, interpolation_duration: 1 }
$data merge entity $(bone_left_fingers) { transformation: [-0.3591117481761632f,0.1174188210672078f,0.9258788110660309f,-0.9728434527319386f,0.21356460964883378f,0.9760702797298891f,-0.04095078184305352f,0.18665976919349397f,-0.9085311826389898f,0.18302904001060388f,-0.37559480918324156f,1.1877031615831544f,0f,0f,0f,1f], start_interpolation: 0, interpolation_duration: 1 }
$data merge entity $(bone_left_index_finger_2) { transformation: [-0.10457295179233264f,0.1270322770837289f,0.986370771227717f,-1.6731229034562727f,0.23551679288578697f,0.9667595901354351f,-0.09953760671203044f,0.340589748473182f,-0.9662278913497746f,0.22189793928761112f,-0.13101513850574661f,0.8323242197372089f,0f,0f,0f,1f], start_interpolation: 0, interpolation_duration: 1 }
$data merge entity $(bone_left_index_finger) { transformation: [-0.10457295179233264f,0.1270322770837289f,0.986370771227717f,-1.1039210488093627f,0.23551679288578697f,0.9667595901354351f,-0.09953760671203044f,0.28881614834408165f,-0.9662278913497746f,0.22189793928761112f,-0.13101513850574661f,0.7581008703527592f,0f,0f,0f,1f], start_interpolation: 0, interpolation_duration: 1 }
$data merge entity $(bone_left_thumb) { transformation: [-0.28456465905546596f,0.17873525272772633f,0.9418474739834481f,-0.4347742456487942f,0.22177775663628246f,0.9680877184714501f,-0.11670816597873536f,0.1672170498566802f,-0.9326508357783337f,0.17566980041287122f,-0.31512305492438636f,0.2437278984241824f,0f,0f,0f,1f], start_interpolation: 0, interpolation_duration: 1 }
$data merge entity $(bone_left_hand) { transformation: [-0.28456465905546596f,-0.029354590087903476f,0.9582073172635541f,-0.3172425890068693f,0.22177775663628246f,0.9704004444733845f,0.0955908156008497f,0.16765907325230867f,-0.9326508357783337f,0.23971083706547158f,-0.2696314764921684f,0.8578371965502576f,0f,0f,0f,1f], start_interpolation: 0, interpolation_duration: 1 }
$data merge entity $(bone_left_forearm) { transformation: [-0.4281668712142045f,0.5596191894619647f,1.8731839008840718f,1.846636351423423f,-0.03576352767816268f,1.9150196019564047f,-0.5802924500296736f,0.4454098246136763f,-1.9546643020819068f,-0.15762208049433105f,-0.3997013625921064f,0.3625113673845708f,0f,0f,0f,1f], start_interpolation: 0, interpolation_duration: 1 }
$data merge entity $(bone_left_bicep) { transformation: [-1.1692712894850663f,0.5373597928082181f,0.09243769885793748f,1.6941346325134194f,0.12023499584297628f,0.4674447862779902f,-1.1964675261231603f,1.0345360879599546f,-0.5318306317538332f,-1.0757487849706104f,-0.4737260329279845f,-1.3609151020634451f,0f,0f,0f,1f], start_interpolation: 0, interpolation_duration: 1 }
$data merge entity $(bone_left_shoulder) { transformation: [-1.1172705797350457f,0.5134619250777471f,0.08832674018521723f,1.3743293750000003f,0.11488781493051328f,0.44665623115481856f,-1.143257324939947f,1.138574553289204f,-0.5081786610206935f,-1.0279072781840808f,-0.4526581334928026f,-1.6161341884058968f,0f,0f,0f,1f], start_interpolation: 0, interpolation_duration: 1 }
$data merge entity $(bone_right_fingers_2) { transformation: [-0.17922426829612215f,-0.334828751589796f,-0.9250774933823317f,1.6861725032283033f,-0.18888917206774258f,0.9345199355979089f,-0.30165107433198823f,0.10549746369675478f,0.9655048121730323f,0.12067392874560136f,-0.2307341773379467f,0.9665089870645828f,0f,0f,0f,1f], start_interpolation: 0, interpolation_duration: 1 }
$data merge entity $(bone_right_fingers) { transformation: [-0.17922426829612215f,-0.334828751589796f,-0.9250774933823317f,1.1486255299322488f,-0.18888917206774258f,0.9345199355979089f,-0.30165107433198823f,-0.0655433926130071f,0.9655048121730323f,0.12067392874560136f,-0.2307341773379467f,0.8475046825253968f,0f,0f,0f,1f], start_interpolation: 0, interpolation_duration: 1 }
$data merge entity $(bone_right_index_finger_2) { transformation: [-0.17922426829612215f,-0.29415875528346136f,-0.9388020496056686f,1.7739374617787562f,-0.18888917206774258f,0.94678831475234f,-0.26060078227815553f,0.1661767884064302f,0.9655048121730323f,0.1306235573643149f,-0.2252508466847773f,0.5318309649311185f,0f,0f,0f,1f], start_interpolation: 0, interpolation_duration: 1 }
$data merge entity $(bone_right_index_finger) { transformation: [-0.17922426829612215f,-0.29415875528346136f,-0.9388020496056686f,1.2311837797460816f,-0.18888917206774258f,0.94678831475234f,-0.26060078227815553f,0.021463435595562394f,0.9655048121730323f,0.1306235573643149f,-0.2252508466847773f,0.4027695502640393f,0f,0f,0f,1f], start_interpolation: 0, interpolation_duration: 1 }
$data merge entity $(bone_right_thumb) { transformation: [0.1634788948645213f,-0.1414262396238153f,-0.9763571424841125f,0.5115163348838093f,-0.11865931233313243f,0.9796678996178708f,-0.16177383612604812f,-0.12375609881146779f,0.9793848163671433f,0.14230047506658736f,0.14337348522415377f,-0.030950860617910747f,0f,0f,0f,1f], start_interpolation: 0, interpolation_duration: 1 }
$data merge entity $(bone_right_hand) { transformation: [-0.17922426829612215f,0.044670399881125755f,-0.9827935780356828f,0.46134064386984885f,-0.18888917206774258f,0.9788207097246561f,0.07893604303284574f,-0.10128491870699186f,0.9655048121730323f,0.19978631982340728f,-0.16699067064401155f,0.5918826338559832f,0f,0f,0f,1f], start_interpolation: 0, interpolation_duration: 1 }
$data merge entity $(bone_right_forearm) { transformation: [-0.35868712889941345f,-0.7502217988893509f,-1.8203948934941787f,-1.7358344257361722f,-0.3780298028458003f,1.8421706684710184f,-0.684709769619193f,0.03999519106177263f,1.9322949526272697f,0.22113627681325534f,-0.4718704645926782f,0.1952291875175669f,0f,0f,0f,1f], start_interpolation: 0, interpolation_duration: 1 }
$data merge entity $(bone_right_bicep) { transformation: [-1.1408695318948894f,-0.6008787674489543f,-0.04309340476305224f,-1.6784671091023082f,-0.2946674695838806f,0.6371082561499904f,-1.0824785336558236f,0.9666573109267995f,0.5254364063082037f,-0.9473823939073676f,-0.7006274374811314f,-1.3791091106010676f,0f,0f,0f,1f], start_interpolation: 0, interpolation_duration: 1 }
$data merge entity $(bone_right_shoulder) { transformation: [-1.0901319264099942f,-0.5741560362384552f,-0.041176922545986525f,-1.3743293749999999f,-0.28156279687327945f,0.6087742999455348f,-1.034337736438393f,1.138574553289204f,0.502068804364809f,-0.9052496935401567f,-0.6694686086045568f,-1.616134188405897f,0f,0f,0f,1f], start_interpolation: 0, interpolation_duration: 1 }
$data merge entity $(bone_chest) { transformation: [-4.0674850000000005f,1.6844381791583997e-16f,4.687786801730682e-16f,1.3698042815720343e-16f,0f,3.8278684147906996f,-1.3754481539748205f,1.5180596340434473f,-4.981232485829872e-16f,-1.3754481539748205f,-3.8278684147906996f,-1.1185300794692359f,0f,0f,0f,1f], start_interpolation: 0, interpolation_duration: 1 }
$data merge entity $(bone_weist) { transformation: [-1.0999999999999999f,1.7034512807255416e-17f,1.336297823975925e-16f,4.010840614317046e-16f,0f,1.0911699805252484f,-0.13909735296018008f,0.8942218119857334f,-1.3471114790620883e-16f,-0.13909735296018008f,-1.0911699805252484f,-3.275099903996442f,0f,0f,0f,1f], start_interpolation: 0, interpolation_duration: 1 }
$data merge entity $(bone_right_fingers2) { transformation: [-0.9959913453400577f,-0.025983988599555616f,-0.08559247831532903f,1.1808778680212402f,0.021798948158987412f,-0.9985375972598103f,0.04947193869020339f,-0.023464648132283272f,-0.08675278593142514f,0.047407796775041255f,0.9951012284878726f,-10.132383801589114f,0f,0f,0f,1f], start_interpolation: 0, interpolation_duration: 1 }
$data merge entity $(bone_left_foot) { transformation: [-0.9959913453400577f,-0.06659182151391395f,0.05972243560975165f,1.1087571263883442f,0.021798948158987412f,0.4668370269114066f,0.884074655311236f,0.2547302575232374f,-0.08675278593142514f,0.8818325916022712f,-0.4635140068230501f,-9.178843924751744f,0f,0f,0f,1f], start_interpolation: 0, interpolation_duration: 1 }
$data merge entity $(bone_left_knee) { transformation: [-1.5786603922413838f,0.0641173279969285f,0.12645253161895317f,0.9420624844921462f,0.034551641650427296f,1.5450351252372412f,-0.35205476047971695f,0.12898950209119386f,-0.13750439469910955f,-0.3478869623422306f,-1.5402393032917823f,-7.11157856250965f,0f,0f,0f,1f], start_interpolation: 0, interpolation_duration: 1 }
$data merge entity $(bone_left_thigh) { transformation: [-1.5972248409257346f,-0.14275847185986137f,-0.014029959127161198f,0.7385400000000005f,0.03495795587832069f,-0.5394973394976704f,1.5097763329403648f,0.4612560881241736f,-0.13912139433488302f,1.503418322656167f,0.5404466655009962f,-5.041237900918066f,0f,0f,0f,1f], start_interpolation: 0, interpolation_duration: 1 }
$data merge entity $(bone_left_fingers2) { transformation: [-0.9959913453400577f,0.025983988599555606f,0.08559247831532876f,-1.1776748223872513f,-0.021798948158987412f,-0.9985375972598103f,0.04947193869020339f,-0.06627592781387642f,0.0867527859314249f,0.047407796775041255f,0.9951012284878726f,-10.08734696148181f,0f,0f,0f,1f], start_interpolation: 0, interpolation_duration: 1 }
$data merge entity $(bone_right_foot) { transformation: [-0.9959913453400577f,0.06659182151391371f,-0.05972243560975153f,-1.1055540807543556f,-0.021798948158987412f,0.4668370269114066f,0.884074655311236f,0.21191897784164426f,0.0867527859314249f,0.8818325916022712f,-0.4635140068230501f,-9.13380708464444f,0f,0f,0f,1f], start_interpolation: 0, interpolation_duration: 1 }
$data merge entity $(bone_right_knee) { transformation: [-1.5786603922413838f,-0.0641173279969284f,-0.12645253161895276f,-0.9397873465590822f,-0.034551641650427296f,1.5450351252372412f,-0.35205476047971695f,0.11728519618867994f,0.13750439469910916f,-0.3478869623422306f,-1.5402393032917823f,-7.069378389005727f,0f,0f,0f,1f], start_interpolation: 0, interpolation_duration: 1 }
$data merge entity $(bone_right_thigh) { transformation: [-1.5972248409257346f,0.142758471859861f,0.014029959127161064f,-0.7385399999999994f,-0.03495795587832069f,-0.5394973394976704f,1.5097763329403648f,0.444962615305309f,0.13912139433488263f,1.503418322656167f,0.5404466655009962f,-5.0263112803852f,0f,0f,0f,1f], start_interpolation: 0, interpolation_duration: 1 }