# This file was generated by Animated Java via MC-Build. It is not recommended to edit this file directly.
$data merge entity $(bone_left_fingers_2) { transformation: [-0.35888374890360064f,0.11522548806993285f,0.9262427012786354f,-1.5117071105959334f,0.21263628553772498f,0.9763499945455869f,-0.03907042645725502f,0.20691903326683492f,-0.9088389652989228f,0.18293106638807538f,-0.37489726606699214f,1.3913922930198408f,0f,0f,0f,1f], start_interpolation: 0, interpolation_duration: 1 }
$data merge entity $(bone_left_fingers) { transformation: [-0.35888374890360064f,0.11522548806993285f,0.9262427012786354f,-0.9722920213099865f,0.21263628553772498f,0.9763499945455869f,-0.03907042645725502f,0.18712571740749598f,-0.9088389652989228f,0.18293106638807538f,-0.37489726606699214f,1.1888854753677367f,0f,0f,0f,1f], start_interpolation: 0, interpolation_duration: 1 }
$data merge entity $(bone_left_index_finger_2) { transformation: [-0.10521202033734176f,0.12478353488282451f,0.9865898338208648f,-1.6726944237869619f,0.23493387920417963f,0.9671322923595628f,-0.0972687075960879f,0.339358440372436f,-0.9663004207691369f,0.22154953960115606f,-0.1310698223234662f,0.8334510696147409f,0f,0f,0f,1f], start_interpolation: 0, interpolation_duration: 1 }
$data merge entity $(bone_left_index_finger) { transformation: [-0.10521202033734176f,0.12478353488282451f,0.9865898338208648f,-1.103379326143795f,0.23493387920417963f,0.9671322923595628f,-0.0972687075960879f,0.2888946122854492f,-0.9663004207691369f,0.22154953960115606f,-0.1310698223234662f,0.7591941894754944f,0f,0f,0f,1f], start_interpolation: 0, interpolation_duration: 1 }
$data merge entity $(bone_left_thumb) { transformation: [-0.28458573640989626f,0.17702835653435867f,0.9421634251098804f,-0.4338322095087516f,0.22093654247588207f,0.96845663711672f,-0.11523361585655637f,0.1682314317841896f,-0.9328440399288833f,0.1753644861632983f,-0.3147209782678023f,0.2451218262224073f,0f,0f,0f,1f], start_interpolation: 0, interpolation_duration: 1 }
$data merge entity $(bone_left_hand) { transformation: [-0.28458573640989626f,-0.031089410365884862f,0.95814633913361f,-0.3165346903081454f,0.22093654247588207f,0.9704414672145367f,0.09711026160658803f,0.1691088164382012f,-0.9328440399288833f,0.23932573466637214f,-0.26930501275609664f,0.859275420959205f,0f,0f,0f,1f], start_interpolation: 0, interpolation_duration: 1 }
$data merge entity $(bone_left_forearm) { transformation: [-0.42736343783995867f,0.5564341357912835f,1.8743158692905832f,1.8470585568472992f,-0.03724057870778838f,1.9159041757188358f,-0.5772718268816971f,0.4503346034619251f,-1.9548125395151874f,-0.15814763779465998f,-0.39876771855912324f,0.3646629025830024f,0f,0f,0f,1f], start_interpolation: 0, interpolation_duration: 1 }
$data merge entity $(bone_left_bicep) { transformation: [-1.169271265588023f,0.5369755991747776f,0.09464426486683146f,1.69421348362901f,0.11804935610076604f,0.4679407408915227f,-1.196491302120161f,1.0385388217069043f,-0.532320092148971f,-1.0757250078044542f,-0.47323001869041387f,-1.3590480665938534f,0f,0f,0f,1f], start_interpolation: 0, interpolation_duration: 1 }
$data merge entity $(bone_left_shoulder) { transformation: [-1.1172705569007697f,0.5130948175917216f,0.09043517413561922f,1.3743293750000003f,0.11279937659816819f,0.44713012930280766f,-1.1432800435529769f,1.1419371782396042f,-0.5086463537660392f,-1.0278845584538907f,-0.45218417837242036f,-1.614428418124127f,0f,0f,0f,1f], start_interpolation: 0, interpolation_duration: 1 }
$data merge entity $(bone_right_fingers_2) { transformation: [-0.17863743506236487f,-0.33315005412762927f,-0.925796796402481f,1.6868516969665075f,-0.18813051045657236f,0.935136732308098f,-0.3002102645205231f,0.10495977503503429f,0.9657616568438037f,0.12054183225291798f,-0.22972611703378545f,0.9658456709512572f,0f,0f,0f,1f], start_interpolation: 0, interpolation_duration: 1 }
$data merge entity $(bone_right_fingers) { transformation: [-0.17863743506236487f,-0.33315005412762927f,-0.925796796402481f,1.1489079500803978f,-0.18813051045657236f,0.935136732308098f,-0.3002102645205231f,-0.06523670627900474f,0.9657616568438037f,0.12054183225291798f,-0.22972611703378545f,0.8474251049154778f,0f,0f,0f,1f], start_interpolation: 0, interpolation_duration: 1 }
$data merge entity $(bone_right_index_finger_2) { transformation: [-0.17863743506236487f,-0.2924502800122407f,-0.9394474442538557f,1.774311644529903f,-0.18813051045657236f,0.9473416771674458f,-0.2591344395037462f,0.1652857250655128f,0.9657616568438037f,0.13044761562532756f,-0.2242495077987417f,0.5310569997009891f,0f,0f,0f,1f], start_interpolation: 0, interpolation_duration: 1 }
$data merge entity $(bone_right_index_finger) { transformation: [-0.17863743506236487f,-0.2924502800122407f,-0.9394474442538557f,1.2311958899051172f,-0.18813051045657236f,0.9473416771674458f,-0.2591344395037462f,0.021420658527505188f,0.9657616568438037f,0.13044761562532756f,-0.2242495077987417f,0.4025716608252239f,0f,0f,0f,1f], start_interpolation: 0, interpolation_duration: 1 }
$data merge entity $(bone_right_thumb) { transformation: [0.16419570578820572f,-0.1396520556017508f,-0.9764922291380093f,0.5108809534286047f,-0.1184683200489153f,0.979970871823551f,-0.16006982077261606f,-0.1227987501013516f,0.9792880206279971f,0.14196617112395182f,0.14436266453243418f,-0.03040696872498183f,0f,0f,0f,1f], start_interpolation: 0, interpolation_duration: 1 }
$data merge entity $(bone_right_hand) { transformation: [-0.17863743506236487f,0.0464965794563616f,-0.9828157176669478f,0.4613254241282361f,-0.18813051045657236f,0.9788391815368832f,0.08050321561002644f,-0.09994802089248755f,0.9657616568438037f,0.19927851060027316f,-0.16610989550068334f,0.5924623670373124f,0f,0f,0f,1f], start_interpolation: 0, interpolation_duration: 1 }
$data merge entity $(bone_right_forearm) { transformation: [-0.3575126812101565f,-0.7469281597049013f,-1.8219796319499117f,-1.735979895442676f,-0.37651146965519f,1.8435296862608692f,-0.6818828208127499f,0.04482471401455257f,1.9328089838932805f,0.2209601600771353f,-0.46984339057463903f,0.19779478511608506f,0f,0f,0f,1f], start_interpolation: 0, interpolation_duration: 1 }
$data merge entity $(bone_right_bicep) { transformation: [-1.1408696150169886f,-0.6006965018532276f,-0.04556158144088276f,-1.678532842951817f,-0.29250630649775056f,0.6376644015509061f,-1.0827371773264645f,0.9706422177174472f,0.5266423888191522f,-0.9471237760541812f,-0.7000714039602225f,-1.3770374460536505f,0f,0f,0f,1f], start_interpolation: 0, interpolation_duration: 1 }
$data merge entity $(bone_right_shoulder) { transformation: [-1.0901320058354251f,-0.5739818764950025f,-0.043535332619445734f,-1.3743293749999999f,-0.27949774665280763f,0.6093057120310668f,-1.034584877513728f,1.1419371782396042f,0.5032211535170329f,-0.9050025771341029f,-0.6689373034234198f,-1.6144284181241275f,0f,0f,0f,1f], start_interpolation: 0, interpolation_duration: 1 }
$data merge entity $(bone_chest) { transformation: [-4.0674850000000005f,1.7036818487420102e-16f,4.680827409353378e-16f,1.369629634925283e-16f,0f,3.8221856396573712f,-1.3911618026750077f,1.5234632627898401f,-4.981232485829872e-16f,-1.3911618026750077f,-3.8221856396573712f,-1.1183874696597196f,0f,0f,0f,1f], start_interpolation: 0, interpolation_duration: 1 }
$data merge entity $(bone_weist) { transformation: [-1.0999999999999999f,1.7583333185789613e-17f,1.335586753613781e-16f,4.0075051738115747e-16f,0f,1.0905893475111912f,-0.14357881144205673f,0.8907713066199624f,-1.3471114790620883e-16f,-0.14357881144205673f,-1.0905893475111912f,-3.2723763101342818f,0f,0f,0f,1f], start_interpolation: 0, interpolation_duration: 1 }
$data merge entity $(bone_right_fingers2) { transformation: [-0.9959913341271192f,-0.025983954706814954f,-0.08559261908292971f,1.1808785976125389f,0.0217988939383244f,-0.9985375907613183f,0.04947209374635697f,-0.023465441252328245f,-0.08675292828917647f,0.04740795222720362f,0.9951012086711968f,-10.13238366268754f,0f,0f,0f,1f], start_interpolation: 0, interpolation_duration: 1 }
$data merge entity $(bone_left_foot) { transformation: [-0.9959913341271192f,-0.06659196341637776f,0.059722464383455576f,1.1087577117298806f,0.0217988939383244f,0.4668371646936247f,0.88407458389204f,0.2547296133847204f,-0.08675292828917647f,0.881832507945341f,-0.4635141393356663f,-9.178843840225792f,0f,0f,0f,1f], start_interpolation: 0, interpolation_duration: 1 }
$data merge entity $(bone_left_knee) { transformation: [-1.5786603744687173f,0.06411731383673458f,0.1264527606763834f,0.9420627866663585f,0.0345515557099083f,1.5450350724166697f,-0.352055000723565f,0.1289891805238984f,-0.13750462033816213f,-0.3478871995385945f,-1.5402392295734062f,-7.111578481196744f,0f,0f,0f,1f], start_interpolation: 0, interpolation_duration: 1 }
$data merge entity $(bone_left_thigh) { transformation: [-1.5972248229440682f,-0.14275865961898504f,-0.014030095729941102f,0.7385400000000005f,0.034957868927173716f,-0.5394971057811181f,1.509776418468966f,0.4612560881241736f,-0.13912162262736547f,1.5034183886958075f,0.540446423024467f,-5.041237900918066f,0f,0f,0f,1f], start_interpolation: 0, interpolation_duration: 1 }
$data merge entity $(bone_left_fingers2) { transformation: [-0.9959913341271192f,0.025983954706814947f,0.08559261908292948f,-1.177675548855497f,-0.0217988939383244f,-0.9985375907613183f,0.04947209374635697f,-0.06627671626703358f,0.08675292828917622f,0.04740795222720362f,0.9951012086711968f,-10.087346818802372f,0f,0f,0f,1f], start_interpolation: 0, interpolation_duration: 1 }
$data merge entity $(bone_right_foot) { transformation: [-0.9959913341271192f,0.06659196341637755f,-0.05972246438345547f,-1.105554662972839f,-0.0217988939383244f,0.4668371646936247f,0.88407458389204f,0.21191833837001506f,0.08675292828917622f,0.881832507945341f,-0.4635141393356663f,-9.133806996340624f,0f,0f,0f,1f], start_interpolation: 0, interpolation_duration: 1 }
$data merge entity $(bone_right_knee) { transformation: [-1.5786603744687173f,-0.0641173138367345f,-0.12645276067638303f,-0.939787644744012f,-0.0345515557099083f,1.5450350724166697f,-0.352055000723565f,0.11728487887400552f,0.13750462033816174f,-0.3478871995385945f,-1.5402392295734062f,-7.069378308741169f,0f,0f,0f,1f], start_interpolation: 0, interpolation_duration: 1 }
$data merge entity $(bone_right_thigh) { transformation: [-1.5972248229440682f,0.14275865961898468f,0.014030095729940968f,-0.7385399999999994f,-0.034957868927173716f,-0.5394971057811181f,1.509776418468966f,0.444962615305309f,0.13912162262736505f,1.5034183886958075f,0.540446423024467f,-5.0263112803852f,0f,0f,0f,1f], start_interpolation: 0, interpolation_duration: 1 }