# This file was generated by Animated Java via MC-Build. It is not recommended to edit this file directly.
$data merge entity $(bone_left_fingers_2) { transformation: [-0.3568118036327216f,0.0949553916565727f,0.9293378343657978f,-1.5071994755523708f,0.2043064552470951f,0.9786696555728889f,-0.021554062383000422f,0.20108894759604917f,-0.9115614127049977f,0.18217897479179757f,-0.3686008844415309f,1.3985575341836831f,0f,0f,0f,1f], start_interpolation: 0, interpolation_duration: 1 }
$data merge entity $(bone_left_fingers) { transformation: [-0.3568118036327216f,0.0949553916565727f,0.9293378343657978f,-0.9661463324486717f,0.2043064552470951f,0.9786696555728889f,-0.021554062383000422f,0.19151864847891825f,-0.9115614127049977f,0.18217897479179757f,-0.3686008844415309f,1.1997125422676866f,0f,0f,0f,1f], start_interpolation: 0, interpolation_duration: 1 }
$data merge entity $(bone_left_index_finger_2) { transformation: [-0.11184000937995817f,0.10397356794825116f,0.9882718803396165f,-1.667596101322746f,0.22952904882324718f,0.9703214427874842f,-0.07610987723752359f,0.3280349183352423f,-0.9668548122899253f,0.218324975288962f,-0.13238571341684816f,0.8443008407599975f,0f,0f,0f,1f], start_interpolation: 0, interpolation_duration: 1 }
$data merge entity $(bone_left_index_finger) { transformation: [-0.11184000937995817f,0.10397356794825116f,0.9882718803396165f,-1.097431976128542f,0.22952904882324718f,0.9703214427874842f,-0.07610987723752359f,0.2897838342753167f,-0.9668548122899253f,0.218324975288962f,-0.13238571341684816f,0.7692669317093239f,0f,0f,0f,1f], start_interpolation: 0, interpolation_duration: 1 }
$data merge entity $(bone_left_thumb) { transformation: [-0.2850163227785514f,0.16161342391917524f,0.9447998713796026f,-0.4245075982154649f,0.21333011841823263f,0.9716564939178556f,-0.10185243444770212f,0.17763415955689882f,-0.934481651144342f,0.17252466211061404f,-0.31141497176302085f,0.2576825581652865f,0f,0f,0f,1f], start_interpolation: 0, interpolation_duration: 1 }
$data merge entity $(bone_left_hand) { transformation: [-0.2850163227785514f,-0.0467095789408985f,0.9573838890356139f,-0.30916098520656043f,0.21333011841823263f,0.9706692568946729f,0.11086683135729491f,0.1824266036197616f,-0.934481651144342f,0.2358376750112416f,-0.2666920222275811f,0.8721874866157071f,0f,0f,0f,1f], start_interpolation: 0, interpolation_duration: 1 }
$data merge entity $(bone_left_forearm) { transformation: [-0.4206201388249118f,0.5274942076145669f,1.884183375656066f,1.8514053949656348f,-0.050523947349876946f,1.9236577306746803f,-0.5498242440184163f,0.49510093029361646f,-1.9559766008083521f,-0.16312335669460784f,-0.39097920781236567f,0.38325711522641415f,0f,0f,0f,1f], start_interpolation: 0, interpolation_duration: 1 }
$data merge entity $(bone_left_bicep) { transformation: [-1.1692710266159536f,0.5331051969199124f,0.11445409055410356f,1.6949596737064254f,0.09826618750420686f,0.47241445077546096f,-1.196521611423304f,1.074951217404738f,-0.5363251310734688f,-1.0756946868078383f,-0.4687557125662848f,-1.3429594716669406f,0f,0f,0f,1f], start_interpolation: 0, interpolation_duration: 1 }
$data merge entity $(bone_left_shoulder) { transformation: [-1.1172703285564454f,0.5093965427687714f,0.10936400239737853f,1.3743293750000003f,0.09389601991299053f,0.45140488100546455f,-1.143309004918058f,1.1725505928406972f,-0.5124732775956712f,-1.0278555859153775f,-0.44790885694601357f,-1.599682591974997f,0f,0f,0f,1f], start_interpolation: 0, interpolation_duration: 1 }
$data merge entity $(bone_right_fingers_2) { transformation: [-0.17361448172273483f,-0.31785935413210253f,-0.932106991029929f,1.6915954739589223f,-0.18130111650179137f,0.9406194342793796f,-0.2869930051606555f,0.09980972566262458f,0.9679813618512239f,0.11916589632383394f,-0.22093341137543498f,0.9602589407999986f,0f,0f,0f,1f], start_interpolation: 0, interpolation_duration: 1 }
$data merge entity $(bone_right_fingers) { transformation: [-0.17361448172273483f,-0.31785935413210253f,-0.932106991029929f,1.1501725129614835f,-0.18130111650179137f,0.9406194342793796f,-0.2869930051606555f,-0.0626436922189583f,0.9679813618512239f,0.11916589632383394f,-0.22093341137543498f,0.8469283983626714f,0f,0f,0f,1f], start_interpolation: 0, interpolation_duration: 1 }
$data merge entity $(bone_right_index_finger_2) { transformation: [-0.17361448172273483f,-0.2768988865511627f,-0.9450846620080511f,1.776421406275633f,-0.18130111650179137f,0.9522426320653917f,-0.24569060794499029f,0.15695658164647847f,0.9679813618512239f,0.1286894568482646f,-0.21552518833015452f,0.5245199714844153f,0f,0f,0f,1f], start_interpolation: 0, interpolation_duration: 1 }
$data merge entity $(bone_right_index_finger) { transformation: [-0.17361448172273483f,-0.2768988865511627f,-0.9450846620080511f,1.2301467548365175f,-0.18130111650179137f,0.9522426320653917f,-0.24569060794499029f,0.020867838280584985f,0.9679813618512239f,0.1286894568482646f,-0.21552518833015452f,0.4010524789132092f,0f,0f,0f,1f], start_interpolation: 0, interpolation_duration: 1 }
$data merge entity $(bone_right_thumb) { transformation: [0.17033981670648812f,-0.12353214990071312f,-0.9776114538942898f,0.5042142761214607f,-0.11683013380330386f,0.9825811128577215f,-0.14451669969516917f,-0.11415205551645546f,0.9784350089198066f,0.13883142510321395f,0.15294040906153136f,-0.02546247253543943f,0f,0f,0f,1f], start_interpolation: 0, interpolation_duration: 1 }
$data merge entity $(bone_right_hand) { transformation: [-0.17361448172273483f,0.06303815115892275f,-0.9827940797718566f,0.4600870859089201f,-0.18130111650179137f,0.9788465114927157f,0.0948125102175062f,-0.08791826084269427f,0.9679813618512239f,0.194642488776232f,-0.1585130425915935f,0.5976817281465049f,0f,0f,0f,1f], start_interpolation: 0, interpolation_duration: 1 }
$data merge entity $(bone_right_forearm) { transformation: [-0.347460087724263f,-0.7169063901300898f,-1.8359312316794034f,-1.7378964358516407f,-0.36284359011492573f,1.8556457704844864f,-0.6559345057413207f,0.08875224937407966f,1.937251348890412f,0.21897665286564702f,-0.4521429076615032f,0.22015254875049028f,0f,0f,0f,1f], start_interpolation: 0, interpolation_duration: 1 }
$data merge entity $(bone_right_bicep) { transformation: [-1.1408704462366068f,-0.5985966914154234f,-0.06776613786770452f,-1.6791660635957548f,-0.27281059434099486f,0.6427671526693759f,-1.084859617911796f,1.00692833518299f,0.5371076503181736f,-0.9450015936425308f,-0.6949697716403778f,-1.3590998658928777f,0f,0f,0f,1f], start_interpolation: 0, interpolation_duration: 1 }
$data merge entity $(bone_right_shoulder) { transformation: [-1.0901328000884212f,-0.571975450401865f,-0.06475239135923577f,-1.3743293749999999f,-0.2606779569790494f,0.6141815297746864f,-1.0366129273294988f,1.1725505928406972f,0.513220996057629f,-0.9029747740103194f,-0.6640625547223736f,-1.5996825919749975f,0f,0f,0f,1f], start_interpolation: 0, interpolation_duration: 1 }
$data merge entity $(bone_chest) { transformation: [-4.0674850000000005f,1.8757777749680796e-16f,4.614556838616538e-16f,1.3692824723621232e-16f,0f,3.768071612018561f,-1.5316887908203973f,1.572176450090606f,-4.981232485829872e-16f,-1.5316887908203973f,-3.768071612018561f,-1.1181039899140477f,0f,0f,0f,1f], start_interpolation: 0, interpolation_duration: 1 }
$data merge entity $(bone_weist) { transformation: [-1.0999999999999999f,2.2515033157591444e-17f,1.328162891068751e-16f,3.9766696904977465e-16f,0f,1.0845273037037864f,-0.183849197770878f,0.8601869675773224f,-1.3471114790620883e-16f,-0.183849197770878f,-1.0845273037037864f,-3.2471972272058025f,0f,0f,0f,1f], start_interpolation: 0, interpolation_duration: 1 }
$data merge entity $(bone_right_fingers2) { transformation: [-0.9959912219964536f,-0.025983615781886564f,-0.08559402675952563f,1.180885893527961f,0.021798351731686465f,-0.9985375257749101f,0.04947364430788065f,-0.02347337245236797f,-0.0867543518665938f,0.047409506749388375f,0.9951010105019428f,-10.132382273658866f,0f,0f,0f,1f], start_interpolation: 0, interpolation_duration: 1 }
$data merge entity $(bone_left_foot) { transformation: [-0.9959912219964536f,-0.06659338244050236f,0.05972275212298982f,1.108763565147674f,0.021798351731686465f,0.46683854251516504f,0.8840738696987364f,0.2547231719996044f,-0.0867543518665938f,0.8818316713735393f,-0.46351546446128183f,-9.178842994955897f,0f,0f,0f,1f], start_interpolation: 0, interpolation_duration: 1 }
$data merge entity $(bone_left_knee) { transformation: [-1.5786601967400238f,0.06411717223882585f,0.12645505125092296f,0.9420658084091085f,0.03455069630470591f,1.5450345442086357f,-0.35205740316161616f,0.12898596485130998f,-0.13750687672853595f,-0.34788957150242006f,-1.540238492385596f,-7.111577668062338f,0f,0f,0f,1f], start_interpolation: 0, interpolation_duration: 1 }
$data merge entity $(bone_left_thigh) { transformation: [-1.5972246431253527f,-0.14276053721261514f,-0.014031461754429911f,0.7385400000000005f,0.034956999415691435f,-0.5394947686147017f,1.5097772737527648f,0.4612560881241736f,-0.13912390555203602f,1.5034190490888577f,0.5404439982568159f,-5.041237900918066f,0f,0f,0f,1f], start_interpolation: 0, interpolation_duration: 1 }
$data merge entity $(bone_left_fingers2) { transformation: [-0.9959912219964536f,0.02598361578188656f,0.08559402675952538f,-1.1776828135403055f,-0.021798351731686465f,-0.9985375257749101f,0.04947364430788065f,-0.06628460079815224f,0.08675435186659355f,0.047409506749388375f,0.9951010105019428f,-10.08734539199511f,0f,0f,0f,1f], start_interpolation: 0, interpolation_duration: 1 }
$data merge entity $(bone_right_foot) { transformation: [-0.9959912219964536f,0.06659338244050213f,-0.0597227521229897f,-1.1055604851600187f,-0.021798351731686465f,0.46683854251516504f,0.8840738696987364f,0.21191194365382016f,0.08675435186659355f,0.8818316713735393f,-0.46351546446128183f,-9.13380611329214f,0f,0f,0f,1f], start_interpolation: 0, interpolation_duration: 1 }
$data merge entity $(bone_right_knee) { transformation: [-1.5786601967400238f,-0.06411717223882576f,-0.12645505125092257f,-0.9397906265939305f,-0.03455069630470591f,1.5450345442086357f,-0.35205740316161616f,0.11728170572762364f,0.13750687672853557f,-0.34788957150242006f,-1.540238492385596f,-7.069377506090313f,0f,0f,0f,1f], start_interpolation: 0, interpolation_duration: 1 }
$data merge entity $(bone_right_thigh) { transformation: [-1.5972246431253527f,0.14276053721261478f,0.014031461754429778f,-0.7385399999999994f,-0.034956999415691435f,-0.5394947686147017f,1.5097772737527648f,0.444962615305309f,0.13912390555203563f,1.5034190490888577f,0.5404439982568159f,-5.0263112803852f,0f,0f,0f,1f], start_interpolation: 0, interpolation_duration: 1 }