# This file was generated by Animated Java via MC-Build. It is not recommended to edit this file directly.
$data merge entity $(bone_left_fingers_2) { transformation: [-0.35620543329658444f,0.0903311699271697f,0.930031165622734f,-1.506037024883549f,0.20262574420706292f,0.9791000380565341f,-0.017490662143748004f,0.19967169968448495f,-0.9121735016292274f,0.18221798818251075f,-0.3670641738282175f,1.3999293360499552f,0f,0f,0f,1f], start_interpolation: 0, interpolation_duration: 1 }
$data merge entity $(bone_left_fingers) { transformation: [-0.35620543329658444f,0.0903311699271697f,0.930031165622734f,-0.9646193856345443f,0.20262574420706292f,0.9791000380565341f,-0.017490662143748004f,0.1924688262825947f,-0.9121735016292274f,0.18221798818251075f,-0.3670641738282175f,1.201978625966746f,0f,0f,0f,1f], start_interpolation: 0, interpolation_duration: 1 }
$data merge entity $(bone_left_index_finger_2) { transformation: [-0.11383464257145201f,0.09918961391753844f,0.9885358337670513f,-1.6662591360152117f,0.22834648317175313f,0.970977872450571f,-0.07113265659635229f,0.32538910497697116f,-0.966902041457004f,0.21763132059115933f,-0.1331805185604335f,0.8468844108082932f,0f,0f,0f,1f], start_interpolation: 0, interpolation_duration: 1 }
$data merge entity $(bone_left_index_finger) { transformation: [-0.11383464257145201f,0.09918961391753844f,0.9885358337670513f,-1.0959705608708923f,0.22834648317175313f,0.970977872450571f,-0.07113265659635229f,0.29001029908458653f,-0.966902041457004f,0.21763132059115933f,-0.1331805185604335f,0.7713884258081164f,0f,0f,0f,1f], start_interpolation: 0, interpolation_duration: 1 }
$data merge entity $(bone_left_thumb) { transformation: [-0.28515858938691563f,0.15843499863423588f,0.9452951550212421f,-0.42240283010645385f,0.21175896402060634f,0.9722866850138255f,-0.09907947972080298f,0.17962911276661275f,-0.9347955498694801f,0.171921358046623f,-0.31080593075361473f,0.2602662829073462f,0f,0f,0f,1f], start_interpolation: 0, interpolation_duration: 1 }
$data merge entity $(bone_left_hand) { transformation: [-0.28515858938691563f,-0.04991986185570013f,0.957179495335735f,-0.30742205564849123f,0.21175896402060634f,0.9706843326948329f,0.11371045430260984f,0.18522551426116018f,-0.9347955498694801f,0.23511685106153957f,-0.26622799682062315f,0.874832973786324f,0f,0f,0f,1f], start_interpolation: 0, interpolation_duration: 1 }
$data merge entity $(bone_left_forearm) { transformation: [-0.4193438999735779f,0.5214878386117403f,1.8861387968772874f,1.8524206311846998f,-0.053251574978787033f,1.9252032359925695f,-0.5441279291092407f,0.5043977978019196f,-1.956178263008748f,-0.16419917068757664f,-0.3895172255860881f,0.3869048568359241f,0f,0f,0f,1f], start_interpolation: 0, interpolation_duration: 1 }
$data merge entity $(bone_left_bicep) { transformation: [-1.1692709549237528f,0.5322178502502103f,0.11851251983588731f,1.6951211226229264f,0.09417707561103467f,0.4733347058214864f,-1.196486756385273f,1.0825182965102182f,-0.537058410149362f,-1.075729538337143f,-0.4678352786482738f,-1.3398142510702802f,0f,0f,0f,1f], start_interpolation: 0, interpolation_duration: 1 }
$data merge entity $(bone_left_shoulder) { transformation: [-1.1172702600525937f,0.5085486588456825f,0.11324194216828415f,1.3743293750000003f,0.08998876207080238f,0.4522842097788835f,-1.14327569997942f,1.1789178200331494f,-0.5131739457345353f,-1.027888887501332f,-0.44702935725553816f,-1.596788906544991f,0f,0f,0f,1f], start_interpolation: 0, interpolation_duration: 1 }
$data merge entity $(bone_right_fingers_2) { transformation: [-0.17264053453202172f,-0.3146772812214828f,-0.9333667309903185f,1.692263489823305f,-0.17989735876012514f,0.94172968228408f,-0.2842220009363393f,0.09868506380981577f,0.96841736154802f,0.11884197149232004f,-0.21919032748775652f,0.959199163219714f,0f,0f,0f,1f], start_interpolation: 0, interpolation_duration: 1 }
$data merge entity $(bone_right_fingers) { transformation: [-0.17264053453202172f,-0.3146772812214828f,-0.9333667309903185f,1.1501463064827222f,-0.17989735876012514f,0.94172968228408f,-0.2842220009363393f,-0.062145629570560315f,0.96841736154802f,0.11884197149232004f,-0.21919032748775652f,0.8468773259865141f,0f,0f,0f,1f], start_interpolation: 0, interpolation_duration: 1 }
$data merge entity $(bone_right_index_finger_2) { transformation: [-0.17264053453202172f,-0.2736648931835524f,-0.9462044029042207f,1.7765731997461875f,-0.17989735876012514f,0.9532309538533512f,-0.24287381276490277f,0.15517893155363888f,0.96841736154802f,0.1282898080701075f,-0.21379789287480444f,0.5232748956656946f,0f,0f,0f,1f], start_interpolation: 0, interpolation_duration: 1 }
$data merge entity $(bone_right_index_finger) { transformation: [-0.17264053453202172f,-0.2736648931835524f,-0.9462044029042207f,1.2296719237646632f,-0.17989735876012514f,0.9532309538533512f,-0.24287381276490277f,0.020719285691266673f,0.96841736154802f,0.1282898080701075f,-0.21379789287480444f,0.4008005695315937f,0f,0f,0f,1f], start_interpolation: 0, interpolation_duration: 1 }
$data merge entity $(bone_right_thumb) { transformation: [0.17153320903797226f,-0.12018647940904863f,-0.9778198036266159f,0.5026323951695989f,-0.11651113754129461f,0.9830905557648982f,-0.14127318922816598f,-0.11236664726704702f,0.978264541433435f,0.13815994113027827f,0.15462961437224482f,-0.024434656540371802f,0f,0f,0f,1f], start_interpolation: 0, interpolation_duration: 1 }
$data merge entity $(bone_right_hand) { transformation: [-0.17264053453202172f,0.06646008480393223f,-0.9827402011540751f,0.45958606003940305f,-0.17989735876012514f,0.9788118294926106f,0.0977974578220695f,-0.08544500728211302f,0.96841736154802f,0.19367617192928707f,-0.15702660373066918f,0.598755807182364f,0f,0f,0f,1f], start_interpolation: 0, interpolation_duration: 1 }
$data merge entity $(bone_right_forearm) { transformation: [-0.3455108967756392f,-0.7106540407843857f,-1.8387277739656516f,-1.7384262253906924f,-0.3600342058790997f,1.8581075296054528f,-0.6504910078141661f,0.09788119021495723f,1.9381239287086007f,0.21848115471799376f,-0.44862946205838117f,0.22458230355566888f,0f,0f,0f,1f], start_interpolation: 0, interpolation_duration: 1 }
$data merge entity $(bone_right_bicep) { transformation: [-1.1408706956020054f,-0.598062432841366f,-0.07232569288692536f,-1.6793054874210471f,-0.268709510157294f,0.6438361377943145f,-1.085249211164071f,1.0144771979795801f,0.5391705468390632f,-0.9446120778420516f,-0.6939011221545174f,-1.3555731531084765f,0f,0f,0f,1f], start_interpolation: 0, interpolation_duration: 1 }
$data merge entity $(bone_right_shoulder) { transformation: [-1.0901330383638546f,-0.5714649517758119f,-0.06910917042793432f,-1.3743293749999999f,-0.2567592592870163f,0.6152029741914004f,-1.0369851942984603f,1.1789178200331494f,0.5151921498972506f,-0.9026025810486595f,-0.6630414310179453f,-1.5967889065449912f,0f,0f,0f,1f], start_interpolation: 0, interpolation_duration: 1 }
$data merge entity $(bone_chest) { transformation: [-4.0674850000000005f,1.9108864066840923e-16f,4.600129369771767e-16f,1.3694851021311194e-16f,0f,3.756290689670326f,-1.5603571642162668f,1.582201721452974f,-4.981232485829872e-16f,-1.5603571642162668f,-3.756290689670326f,-1.1182694496769259f,0f,0f,0f,1f], start_interpolation: 0, interpolation_duration: 1 }
$data merge entity $(bone_weist) { transformation: [-1.0999999999999999f,2.35264444356003e-17f,1.3264086769328329e-16f,3.970152438955146e-16f,0f,1.083094879157264f,-0.19210799760371994f,0.8540091421362719f,-1.3471114790620883e-16f,-0.19210799760371994f,-1.083094879157264f,-3.241875487462443f,0f,0f,0f,1f], start_interpolation: 0, interpolation_duration: 1 }
$data merge entity $(bone_right_fingers2) { transformation: [-0.9959911883568001f,-0.02598351410528666f,-0.08559444906271323f,1.1808880823034509f,0.021798189069692307f,-0.9985375062784603f,0.04947410947633307f,-0.023475751812233825f,-0.08675477893978512f,0.04740997310624212f,0.9951009510502814f,-10.132381856945681f,0f,0f,0f,1f], start_interpolation: 0, interpolation_duration: 1 }
$data merge entity $(bone_left_foot) { transformation: [-0.9959911883568001f,-0.06659380814755768f,0.05972283844573463f,1.1087653211738735f,0.021798189069692307f,0.4668389558614f,0.8840736554402693f,0.25472123958408943f,-0.08675477893978512f,0.8818314204011128f,-0.46351586199877215f,-9.178842741371248f,0f,0f,0f,1f], start_interpolation: 0, interpolation_duration: 1 }
$data merge entity $(bone_left_knee) { transformation: [-1.5786601434206966f,0.06411712976088216f,0.12645573842336896f,0.9420667149321563f,0.034550438483140794f,1.5450343857454036f,-0.35205812389287894f,0.12898500014966374f,-0.1375075536455944f,-0.3478902830916337f,-1.5402382712278169f,-7.111577424120119f,0f,0f,0f,1f], start_interpolation: 0, interpolation_duration: 1 }
$data merge entity $(bone_left_thigh) { transformation: [-1.5972245891790102f,-0.14276110049155274f,-0.014031871560602972f,0.7385400000000005f,0.034956738562242295f,-0.53949406746446f,1.5097775303371201f,0.4612560881241736f,-0.13912459042938286f,1.5034192472055834f,0.5404432708256836f,-5.041237900918066f,0f,0f,0f,1f], start_interpolation: 0, interpolation_duration: 1 }
$data merge entity $(bone_left_fingers2) { transformation: [-0.9959911883568001f,0.025983514105286657f,0.08559444906271298f,-1.177684992946581f,-0.021798189069692307f,-0.9985375062784603f,0.04947410947633307f,-0.0662869661573271f,0.08675477893978487f,0.04740997310624212f,0.9951009510502814f,-10.087344963948368f,0f,0f,0f,1f], start_interpolation: 0, interpolation_duration: 1 }
$data merge entity $(bone_right_foot) { transformation: [-0.9959911883568001f,0.06659380814755746f,-0.059722838445734526f,-1.1055622318170037f,-0.021798189069692307f,0.4668389558614f,0.8840736554402693f,0.21191002523899616f,0.08675477893978487f,0.8818314204011128f,-0.46351586199877215f,-9.133805848373935f,0f,0f,0f,1f], start_interpolation: 0, interpolation_duration: 1 }
$data merge entity $(bone_right_knee) { transformation: [-1.5786601434206966f,-0.06411712976088209f,-0.1264557384233686f,-0.9397915211491261f,-0.034550438483140794f,1.5450343857454036f,-0.35205812389287894f,0.11728075378383762f,0.137507553645594f,-0.3478902830916337f,-1.5402382712278169f,-7.069377265293184f,0f,0f,0f,1f], start_interpolation: 0, interpolation_duration: 1 }
$data merge entity $(bone_right_thigh) { transformation: [-1.5972245891790102f,0.14276110049155238f,0.014031871560602838f,-0.7385399999999994f,-0.034956738562242295f,-0.53949406746446f,1.5097775303371201f,0.444962615305309f,0.13912459042938244f,1.5034192472055834f,0.5404432708256836f,-5.0263112803852f,0f,0f,0f,1f], start_interpolation: 0, interpolation_duration: 1 }