# This file was generated by Animated Java via MC-Build. It is not recommended to edit this file directly.
$data merge entity $(bone_left_fingers_2) { transformation: [-0.3557849871199791f,0.08781514212709922f,0.9304329872447742f,-1.5054683630240022f,0.20182188491855685f,0.9793034533350523f,-0.015253624289402329f,0.19884153590808346f,-0.9125157366905832f,0.18235472875480588f,-0.3661444840398448f,1.4005076390687743f,0f,0f,0f,1f], start_interpolation: 0, interpolation_duration: 1 }
$data merge entity $(bone_left_fingers) { transformation: [-0.3557849871199791f,0.08781514212709922f,0.9304329872447742f,-0.9638394799676018f,0.20182188491855685f,0.9793034533350523f,-0.015253624289402329f,0.19294014605232432f,-0.9125157366905832f,0.18235472875480588f,-0.3661444840398448f,1.20309246301966f,0f,0f,0f,1f], start_interpolation: 0, interpolation_duration: 1 }
$data merge entity $(bone_left_index_finger_2) { transformation: [-0.11514027733883067f,0.09656682249344295f,0.9886443067796715f,-1.6655617052436105f,0.2277378014989545f,0.9713205113323267f,-0.06835172297411882f,0.3239011356516512f,-0.9668910022865869f,0.21728164455063342f,-0.13383002891209544f,0.8483051410480279f,0f,0f,0f,1f], start_interpolation: 0, interpolation_duration: 1 }
$data merge entity $(bone_left_index_finger) { transformation: [-0.11514027733883067f,0.09656682249344295f,0.9886443067796715f,-1.0952257859384145f,0.2277378014989545f,0.9713205113323267f,-0.06835172297411882f,0.29012702459046436f,-0.9668910022865869f,0.21728164455063342f,-0.13383002891209544f,0.7724328063668024f,0f,0f,0f,1f], start_interpolation: 0, interpolation_duration: 1 }
$data merge entity $(bone_left_thumb) { transformation: [-0.2852348569244239f,0.1568786348952894f,0.9455316865704154f,-0.4213495927311538f,0.2109891528643473f,0.9725915764151074f,-0.0977200228201037f,0.18061332903774702f,-0.93494633737391f,0.17162377282814575f,-0.31051670942373555f,0.2615306964685642f,0f,0f,0f,1f], start_interpolation: 0, interpolation_duration: 1 }
$data merge entity $(bone_left_hand) { transformation: [-0.2852348569244239f,-0.05149052835684709f,0.9570735613759459f,-0.30654345707560804f,0.2109891528643473f,0.9706877566257568f,0.11510367722380069f,0.1866030732579652f,-0.93494633737391f,0.2347637208479806f,-0.26601004042088905f,0.876126327694979f,0f,0f,0f,1f], start_interpolation: 0, interpolation_duration: 1 }
$data merge entity $(bone_left_forearm) { transformation: [-0.4187331137730199f,0.518541847741772f,1.887086475210184f,1.8529324996910117f,-0.05458596199664182f,1.9259533101323978f,-0.5413341419988744f,0.5089587364625625f,-1.9562723188588929f,-0.16473200260212126f,-0.3888192576710193f,0.3886679763407108f,0f,0f,0f,1f], start_interpolation: 0, interpolation_duration: 1 }
$data merge entity $(bone_left_bicep) { transformation: [-1.1692709071288034f,0.5317722718560689f,0.12049655654138892f,1.6952011171352408f,0.09217352368595791f,0.47378491908104414f,-1.1964645901545916f,1.0862311403678964f,-0.5374060018129787f,-1.0757517022285001f,-0.4673849461407431f,-1.3382954589048965f,0f,0f,0f,1f], start_interpolation: 0, interpolation_duration: 1 }
$data merge entity $(bone_left_shoulder) { transformation: [-1.1172702143832172f,0.5081228965480731f,0.11513774330537323f,1.3743293750000003f,0.08807431360961969f,0.45271440081669817f,-1.1432545195419743f,1.1820426058878948f,-0.5135060790409909f,-1.0279100657034896f,-0.4465990522730358f,-1.5953901403138504f,0f,0f,0f,1f], start_interpolation: 0, interpolation_duration: 1 }
$data merge entity $(bone_right_fingers_2) { transformation: [-0.1721713297984932f,-0.31311538744306233f,-0.9339784726329611f,1.6925519197396115f,-0.17921046595940676f,0.9422707580735679f,-0.28285937737695066f,0.09812675556930835f,0.9686282269715408f,0.11867844212764456f,-0.21834556393049187f,0.9586920273488582f,0f,0f,0f,1f], start_interpolation: 0, interpolation_duration: 1 }
$data merge entity $(bone_right_fingers) { transformation: [-0.1721713297984932f,-0.31311538744306233f,-0.9339784726329611f,1.1500976601589048f,-0.17921046595940676f,0.9422707580735679f,-0.28285937737695066f,-0.06190604837528367f,0.9686282269715408f,0.11867844212764456f,-0.21834556393049187f,0.8468590024851806f,0f,0f,0f,1f], start_interpolation: 0, interpolation_duration: 1 }
$data merge entity $(bone_right_index_finger_2) { transformation: [-0.1721713297984932f,-0.2720778021862438f,-0.9467474334546259f,1.77661220594582f,-0.17921046595940676f,0.95371207785371f,-0.24148888472675434f,0.15430116084613194f,0.9686282269715408f,0.12808958628031558f,-0.2129610663959654f,0.5226783167878588f,0f,0f,0f,1f], start_interpolation: 0, interpolation_duration: 1 }
$data merge entity $(bone_right_index_finger) { transformation: [-0.1721713297984932f,-0.2720778021862438f,-0.9467474334546259f,1.2294071499087915f,-0.17921046595940676f,0.95371207785371f,-0.24148888472675434f,0.02064246230908505f,0.9686282269715408f,0.12808958628031558f,-0.2129610663959654f,0.4006851139011767f,0f,0f,0f,1f], start_interpolation: 0, interpolation_duration: 1 }
$data merge entity $(bone_right_thumb) { transformation: [0.1721084185819766f,-0.11854538960037725f,-0.9779190574161571f,0.5018318930715523f,-0.11635722952990299f,0.9833363626785538f,-0.13968032420579968f,-0.11149182517201152f,0.9781818273661276f,0.13782811193151615f,0.15544685320731602f,-0.023930141234200786f,0f,0f,0f,1f], start_interpolation: 0, interpolation_duration: 1 }
$data merge entity $(bone_right_hand) { transformation: [-0.1721713297984932f,0.06813718988929868f,-0.9827076658647818f,0.4593100372454011f,-0.17921046595940676f,0.9787902648793274f,0.09926341857939719f,-0.08423455143050862f,0.9686282269715408f,0.19320181347866783f,-0.15630872394886744f,0.5992817397082751f,0f,0f,0f,1f], start_interpolation: 0, interpolation_duration: 1 }
$data merge entity $(bone_right_forearm) { transformation: [-0.3445718626797806f,-0.7075845522031959f,-1.8400872547679223f,-1.738702506946119f,-0.35865950585162193f,1.859308323572469f,-0.6478137764689539f,0.10236058941364945f,1.9385459402702374f,0.21822793497648135f,-0.4469261438808921f,0.22672916436258128f,0f,0f,0f,1f], start_interpolation: 0, interpolation_duration: 1 }
$data merge entity $(bone_right_bicep) { transformation: [-1.1408708618454795f,-0.5977881586981378f,-0.07455613605434142f,-1.6793748798231594f,-0.2666962386507232f,0.6443615918767024f,-1.0854339587072028f,1.0181821310213108f,0.5401688776601444f,-0.9444273819333718f,-0.6933758918313846f,-1.3538675289532436f,0f,0f,0f,1f], start_interpolation: 0, interpolation_duration: 1 }
$data merge entity $(bone_right_shoulder) { transformation: [-1.0901331972140242f,-0.5712028753579895f,-0.0712404196539565f,-1.3743293749999999f,-0.2548355235008576f,0.6157050598857409f,-1.0371617256102916f,1.1820426058878948f,0.5161460822012995f,-0.9024260990749542f,-0.6625395591316703f,-1.5953901403138506f,0f,0f,0f,1f], start_interpolation: 0, interpolation_duration: 1 }
$data merge entity $(bone_chest) { transformation: [-4.0674850000000005f,1.928031945014031e-16f,4.592969616369377e-16f,1.3696183954957635e-16f,0f,3.750444307344111f,-1.5743575587315477f,1.5871086156744063f,-4.981232485829872e-16f,-1.5743575587315477f,-3.750444307344111f,-1.1183782919690355f,0f,0f,0f,1f], start_interpolation: 0, interpolation_duration: 1 }
$data merge entity $(bone_weist) { transformation: [-1.0999999999999999f,2.402104127765678e-17f,1.3255218951848959e-16f,3.9669412377886673e-16f,0f,1.082370766908284f,-0.1961466873091994f,0.850999890419985f,-1.3471114790620883e-16f,-0.1961466873091994f,-1.082370766908284f,-3.239253342719392f,0f,0f,0f,1f], start_interpolation: 0, interpolation_duration: 1 }
$data merge entity $(bone_right_fingers2) { transformation: [-0.9959911659302482f,-0.025983446321112068f,-0.08559473059822521f,1.1808895414873326f,0.021798080628362183f,-0.9985374932806919f,0.0494744195886333f,-0.023477338052106278f,-0.08675506365523732f,0.047410284010862225f,0.9951009114156139f,-10.132381579135714f,0f,0f,0f,1f], start_interpolation: 0, interpolation_duration: 1 }
$data merge entity $(bone_left_foot) { transformation: [-0.9959911659302482f,-0.06659409195221457f,0.059722895994458056f,1.1087664918582278f,0.021798080628362183f,0.4668392314254982f,0.8840735126011692f,0.2547199513070851f,-0.08675506365523732f,0.8818312530859349f,-0.46351612702371603f,-9.178842572313872f,0f,0f,0f,1f], start_interpolation: 0, interpolation_duration: 1 }
$data merge entity $(bone_left_knee) { transformation: [-1.578660107874294f,0.06411710144261952f,0.1264561965383546f,0.9420673192809123f,0.03455026660209629f,1.5450342801030381f,-0.3520586043803481f,0.12898435701526678f,-0.1375080049236196f,-0.34789075748445997f,-1.5402381237889295f,-7.111577261491487f,0f,0f,0f,1f], start_interpolation: 0, interpolation_duration: 1 }
$data merge entity $(bone_left_thigh) { transformation: [-1.5972245532145954f,-0.1427614760110622f,-0.014032144764417394f,0.7385400000000005f,0.03495656465994177f,-0.5394936000308846f,1.5097777013931557f,0.4612560881241736f,-0.1391250470142668f,1.5034193792830959f,0.5404427858713808f,-5.041237900918066f,0f,0f,0f,1f], start_interpolation: 0, interpolation_duration: 1 }
$data merge entity $(bone_left_fingers2) { transformation: [-0.9959911659302482f,0.025983446321112044f,0.08559473059822499f,-1.1776864458843115f,-0.021798080628362183f,-0.9985374932806919f,0.0494744195886333f,-0.06628854306340182f,0.08675506365523707f,0.047410284010862225f,0.9951009114156139f,-10.087344678582703f,0f,0f,0f,1f], start_interpolation: 0, interpolation_duration: 1 }
$data merge entity $(bone_right_foot) { transformation: [-0.9959911659302482f,0.06659409195221437f,-0.059722895994457945f,-1.105563396255207f,-0.021798080628362183f,0.4668392314254982f,0.8840735126011692f,0.21190874629578954f,0.08675506365523707f,0.8818312530859349f,-0.46351612702371603f,-9.133805671760861f,0f,0f,0f,1f], start_interpolation: 0, interpolation_duration: 1 }
$data merge entity $(bone_right_knee) { transformation: [-1.578660107874294f,-0.06411710144261944f,-0.12645619653835424f,-0.9397921175193129f,-0.03455026660209629f,1.5450342801030381f,-0.3520586043803481f,0.11728011915468017f,0.1375080049236192f,-0.34789075748445997f,-1.5402381237889295f,-7.069377104761285f,0f,0f,0f,1f], start_interpolation: 0, interpolation_duration: 1 }
$data merge entity $(bone_right_thigh) { transformation: [-1.5972245532145954f,0.14276147601106184f,0.01403214476441726f,-0.7385399999999994f,-0.03495656465994177f,-0.5394936000308846f,1.5097777013931557f,0.444962615305309f,0.13912504701426642f,1.5034193792830959f,0.5404427858713808f,-5.0263112803852f,0f,0f,0f,1f], start_interpolation: 0, interpolation_duration: 1 }