# This file was generated by Animated Java via MC-Build. It is not recommended to edit this file directly.
$data merge entity $(bone_left_fingers_2) { transformation: [-0.3555677441943072f,0.08674288512596684f,0.9306165972991215f,-1.5052618813935186f,0.2015235569536701f,0.9793794154208836f,-0.014290438852216328f,0.19846283796590564f,-0.9126663329395429f,0.18245994774161095f,-0.3657164642025513f,1.4006839740825807f,0f,0f,0f,1f], start_interpolation: 0, interpolation_duration: 1 }
$data merge entity $(bone_left_fingers) { transformation: [-0.3555677441943072f,0.08674288512596684f,0.9306165972991215f,-0.9635363692731469f,0.2015235569536701f,0.9793794154208836f,-0.014290438852216328f,0.19312109434998564f,-0.9126663329395429f,0.18245994774161095f,-0.3657164642025513f,1.2035181545531326f,0f,0f,0f,1f], start_interpolation: 0, interpolation_duration: 1 }
$data merge entity $(bone_left_index_finger_2) { transformation: [-0.11578316707326439f,0.09544102286624243f,0.9886785470398f,-1.6652857394943794f,0.22749321473896086f,0.9714624964463648f,-0.06713758445110393f,0.3232461935399919f,-0.9668718092230311f,0.21714425885213148f,-0.13419118964127616f,0.8489135013038236f,0f,0f,0f,1f], start_interpolation: 0, interpolation_duration: 1 }
$data merge entity $(bone_left_index_finger) { transformation: [-0.11578316707326439f,0.09544102286624243f,0.9886785470398f,-1.0949365988254844f,0.22749321473896086f,0.9714624964463648f,-0.06713758445110393f,0.2901726383640427f,-0.9668718092230311f,0.21714425885213148f,-0.13419118964127616f,0.7728322271035806f,0f,0f,0f,1f], start_interpolation: 0, interpolation_duration: 1 }
$data merge entity $(bone_left_thumb) { transformation: [-0.28526508450982396f,0.1562848440231004f,0.9456208960721406f,-0.4209438491972928f,0.21069534657054445f,0.9727072632672812f,-0.09720108497642449f,0.18099015986973332f,-0.9350033703111027f,0.17150984670202218f,-0.31040790903443116f,0.26201298410067364f,0f,0f,0f,1f], start_interpolation: 0, interpolation_duration: 1 }
$data merge entity $(bone_left_hand) { transformation: [-0.28526508450982396f,-0.0520895524845425f,0.9570321363891409f,-0.30620357222602634f,0.21069534657054445f,0.9706883825310665f,0.11563535338615033f,0.18712993244709586f,-0.9350033703111027f,0.23462894651168215f,-0.26592847716199375f,0.8766194336078631f,0f,0f,0f,1f], start_interpolation: 0, interpolation_duration: 1 }
$data merge entity $(bone_left_forearm) { transformation: [-0.41850251863419674f,0.517417030883255f,1.887446341329863f,1.853130330365255f,-0.055094864721469836f,1.9262383173546762f,-0.540267465230549f,0.5107004002043527f,-1.9563073968905937f,-0.16493633395124485f,-0.3885560551124723f,0.3893366868648056f,0f,0f,0f,1f], start_interpolation: 0, interpolation_duration: 1 }
$data merge entity $(bone_left_bicep) { transformation: [-1.169270883231284f,0.5316003615670142f,0.12125296169770168f,1.6952317979716272f,0.09140889664751918f,0.4739566080408261f,-1.196455252326316f,1.087649034170722f,-0.5375366394510495f,-1.0757610388870595f,-0.4672131975569802f,-1.3377196675316523f,0f,0f,0f,1f], start_interpolation: 0, interpolation_duration: 1 }
$data merge entity $(bone_left_shoulder) { transformation: [-1.1172701915484862f,0.5079586315823276f,0.11586050904426373f,1.3743293750000003f,0.08734369163831161f,0.4528784542962925f,-1.1432455969926014f,1.1832360465630811f,-0.5136309068640419f,-1.0279189871351668f,-0.446434941821103f,-1.5948596003068003f,0f,0f,0f,1f], start_interpolation: 0, interpolation_duration: 1 }
$data merge entity $(bone_right_fingers_2) { transformation: [-0.17199366180280137f,-0.3125188004729954f,-0.9342109931116112f,1.6926552150896137f,-0.17894847769730304f,0.9424767539654841f,-0.2823384680919371f,0.09791237960425739f,0.9687082236821782f,0.1186152080704827f,-0.21802479167497113f,0.9585006369595659f,0f,0f,0f,1f], start_interpolation: 0, interpolation_duration: 1 }
$data merge entity $(bone_right_fingers) { transformation: [-0.17199366180280137f,-0.3125188004729954f,-0.9342109931116112f,1.1500728418164192f,-0.17894847769730304f,0.9424767539654841f,-0.2823384680919371f,-0.06181541707498964f,0.9687082236821782f,0.1186152080704827f,-0.21802479167497113f,0.8468532155518059f,0f,0f,0f,1f], start_interpolation: 0, interpolation_duration: 1 }
$data merge entity $(bone_right_index_finger_2) { transformation: [-0.17199366180280137f,-0.2714716406339509f,-0.9469537098671581f,1.7766209245837943f,-0.17894847769730304f,0.9538951559392967f,-0.24095948581735083f,0.15396494888852574f,0.9687082236821782f,0.12801242051869505f,-0.2126433576753886f,0.522453024389314f,0f,0f,0f,1f], start_interpolation: 0, interpolation_duration: 1 }
$data merge entity $(bone_right_index_finger) { transformation: [-0.17199366180280137f,-0.2714716406339509f,-0.9469537098671581f,1.229300493203656f,-0.17894847769730304f,0.9538951559392967f,-0.24095948581735083f,0.020612413515870565f,0.9687082236821782f,0.12801242051869505f,-0.2126433576753886f,0.40064247763247623f,0f,0f,0f,1f], start_interpolation: 0, interpolation_duration: 1 }
$data merge entity $(bone_right_thumb) { transformation: [0.17232628151218884f,-0.11791874371204633f,-0.977956452293022f,0.5015219396842083f,-0.11629891583224536f,0.983429512303205f,-0.13907176747034045f,-0.11115796258285568f,0.9781504050382158f,0.13770099568431882f,0.15575692893454557f,-0.023737404317097255f,0f,0f,0f,1f], start_interpolation: 0, interpolation_duration: 1 }
$data merge entity $(bone_right_hand) { transformation: [-0.17199366180280137f,0.06877734611517144f,-0.9826941828264868f,0.45919935686161106f,-0.17894847769730304f,0.9787812369145104f,0.09982350722108801f,-0.08377284088511117f,0.9687082236821782f,0.19302063859974816f,-0.15603656765343138f,0.5994824363775023f,0f,0f,0f,1f], start_interpolation: 0, interpolation_duration: 1 }
$data merge entity $(bone_right_forearm) { transformation: [-0.3442162901678777f,-0.7064120187535003f,-1.8406042425166327f,-1.7388108830256621f,-0.35813518055554056f,1.8597656709385282f,-0.6467902394699357f,0.10407127860656018f,1.9387060401871332f,0.2181295055368037f,-0.4462792632228785f,0.22754442470119085f,0f,0f,0f,1f], start_interpolation: 0, interpolation_duration: 1 }
$data merge entity $(bone_right_bicep) { transformation: [-1.140870944967179f,-0.597681294642781f,-0.07540676677152863f,-1.6794015561728144f,-0.26592719009621946f,0.6445624277807537f,-1.0855033992448022f,1.0195971936163002f,0.5405477222302724f,-0.944357967212974f,-0.693175167806922f,-1.3532204538187187f,0f,0f,0f,1f], start_interpolation: 0, interpolation_duration: 1 }
$data merge entity $(bone_right_shoulder) { transformation: [-1.0901332766390732f,-0.5711007638410516f,-0.07205322048390823f,-1.3743293749999999f,-0.25410067665046304f,0.6158969640648385f,-1.037228077936222f,1.1832360465630811f,0.516508078511568f,-0.9023597714180636f,-0.6623477618565684f,-1.5948596003068007f,0f,0f,0f,1f], start_interpolation: 0, interpolation_duration: 1 }
$data merge entity $(bone_chest) { transformation: [-4.0674850000000005f,1.9345657109692205e-16f,4.590221409456084e-16f,1.3696751517647005e-16f,0f,3.7482002260994562f,-1.5796927835161456f,1.5889804260253042f,-4.981232485829872e-16f,-1.5796927835161456f,-3.7482002260994562f,-1.118424636979676f,0f,0f,0f,1f], start_interpolation: 0, interpolation_duration: 1 }
$data merge entity $(bone_weist) { transformation: [-1.0999999999999999f,2.420963647843877e-17f,1.3251787378233294e-16f,3.965712583334467e-16f,0f,1.0820905576579063f,-0.1976866839916167f,0.8498544767612181f,-1.3471114790620883e-16f,-0.1976866839916167f,-1.0820905576579063f,-3.238250070220696f,0f,0f,0f,1f], start_interpolation: 0, interpolation_duration: 1 }
$data merge entity $(bone_right_fingers2) { transformation: [-0.9959911547169373f,-0.025983412429092332f,-0.08559487136599729f,1.1808902710793399f,0.021798026407696902f,-0.998537486781767f,0.049474574644783054f,-0.023478131172031458f,-0.08675520601296084f,0.04741043946318746f,0.995100891598212f,-10.13238144023038f,0f,0f,0f,1f], start_interpolation: 0, interpolation_duration: 1 }
$data merge entity $(bone_left_foot) { transformation: [-0.9959911547169373f,-0.06659423385452903f,0.0597229247688878f,1.1087670772004712f,0.021798026407696902f,0.4668393692075299f,0.8840734411815826f,0.25471930716858426f,-0.08675520601296084f,0.8818311694282778f,-0.463516259536173f,-9.178842487784902f,0f,0f,0f,1f], start_interpolation: 0, interpolation_duration: 1 }
$data merge entity $(bone_left_knee) { transformation: [-1.5786600901010375f,0.0641170872835981f,0.1264564255958539f,0.9420676214553073f,0.0345501806615737f,1.5450342272817923f,-0.35205884462407105f,0.12898403544807802f,-0.13750823056262812f,-0.347890994680878f,-1.5402380500693755f,-7.111577180177024f,0f,0f,0f,1f], start_interpolation: 0, interpolation_duration: 1 }
$data merge entity $(bone_left_thigh) { transformation: [-1.597224535232332f,-0.14276166377088217f,-0.014032281366234339f,0.7385400000000005f,0.03495647770879116f,-0.5394933663140725f,1.5097777869211135f,0.4612560881241736f,-0.13912527530670468f,1.5034194453217604f,0.5404425433941651f,-5.041237900918066f,0f,0f,0f,1f], start_interpolation: 0, interpolation_duration: 1 }
$data merge entity $(bone_left_fingers2) { transformation: [-0.9959911547169373f,0.025983412429092315f,0.08559487136599704f,-1.177687172353241f,-0.021798026407696902f,-0.998537486781767f,0.049474574644783054f,-0.06628933151642707f,0.08675520601296059f,0.04741043946318746f,0.995100891598212f,-10.08734453589952f,0f,0f,0f,1f], start_interpolation: 0, interpolation_duration: 1 }
$data merge entity $(bone_right_foot) { transformation: [-0.9959911547169373f,0.06659423385452881f,-0.05972292476888767f,-1.1055639784743725f,-0.021798026407696902f,0.4668393692075299f,0.8840734411815826f,0.21190810682418865f,0.08675520601296059f,0.8818311694282778f,-0.463516259536173f,-9.133805583454041f,0f,0f,0f,1f], start_interpolation: 0, interpolation_duration: 1 }
$data merge entity $(bone_right_knee) { transformation: [-1.5786600901010375f,-0.06411708728359801f,-0.12645642559585354f,-0.9397924157044233f,-0.0345501806615737f,1.5450342272817923f,-0.35205884462407105f,0.11727980184011122f,0.13750823056262773f,-0.347890994680878f,-1.5402380500693755f,-7.069377024495191f,0f,0f,0f,1f], start_interpolation: 0, interpolation_duration: 1 }
$data merge entity $(bone_right_thigh) { transformation: [-1.597224535232332f,0.1427616637708818f,0.014032281366234205f,-0.7385399999999994f,-0.03495647770879116f,-0.5394933663140725f,1.5097777869211135f,0.444962615305309f,0.1391252753067043f,1.5034194453217604f,0.5404425433941651f,-5.0263112803852f,0f,0f,0f,1f], start_interpolation: 0, interpolation_duration: 1 }