# This file was generated by Animated Java via MC-Build. It is not recommended to edit this file directly.
$data merge entity $(bone_left_fingers_2) { transformation: [-0.35387805910160053f,0.08295665810843633f,0.9316053414198333f,-1.5055480594999415f,0.20150294202839925f,0.9794297614951076f,-0.010672705914450131f,0.19652204511771876f,-0.9133273693700326f,0.18394438065110003f,-0.3633147136939263f,1.2121157306381853f,0f,0f,0f,1f], start_interpolation: 0, interpolation_duration: 1 }
$data merge entity $(bone_left_fingers) { transformation: [-0.35387805910160053f,0.08295665810843633f,0.9316053414198333f,-0.9632978466409552f,0.20150294202839925f,0.9794297614951076f,-0.010672705914450131f,0.19326585480753702f,-0.9133273693700326f,0.18394438065110003f,-0.3633147136939263f,1.0163517682326801f,0f,0f,0f,1f], start_interpolation: 0, interpolation_duration: 1 }
$data merge entity $(bone_left_index_finger_2) { transformation: [-0.1200522207465376f,0.09127598693452305f,0.9885626730273369f,-1.6649671740730412f,0.2270021509576217f,0.9719078222483774f,-0.06217080112906598f,0.3204196137891838f,-0.9664664959295993f,0.21694211039248587f,-0.13739953778676536f,0.6635766899823232f,0f,0f,0f,1f], start_interpolation: 0, interpolation_duration: 1 }
$data merge entity $(bone_left_index_finger) { transformation: [-0.1200522207465376f,0.09127598693452305f,0.9885626730273369f,-1.0947089062619901f,0.2270021509576217f,0.9719078222483774f,-0.06217080112906598f,0.2902111004215463f,-0.9664664959295993f,0.21694211039248587f,-0.13739953778676536f,0.5856452052607228f,0f,0f,0f,1f], start_interpolation: 0, interpolation_duration: 1 }
$data merge entity $(bone_left_thumb) { transformation: [-0.2852885961922056f,0.1558202056573608f,0.9456904781119342f,-0.4206250953809816f,0.2104645766382833f,0.9727976831331309f,-0.09679529777463954f,0.18128735408446173f,-0.9350481692742622f,0.1714197514865506f,-0.31032271901544767f,0.07489088802431865f,0f,0f,0f,1f], start_interpolation: 0, interpolation_duration: 1 }
$data merge entity $(bone_left_hand) { transformation: [-0.2852885961922056f,-0.052558237375598726f,0.956999502908257f,-0.30593641955062667f,0.2104645766382833f,0.9706888306597645f,0.1160510922518502f,0.18754505879072192f,-0.9350481692742622f,0.23452254841773645f,-0.26586480666026807f,0.689505779245372f,0f,0f,0f,1f], start_interpolation: 0, interpolation_duration: 1 }
$data merge entity $(bone_left_forearm) { transformation: [-0.41832243972533933f,0.5165363681731415f,1.8877274565274078f,1.8532856082053577f,-0.055493387369078606f,1.9264609156178378f,-0.5394323478489994f,0.5120663699786648f,-1.9563346476846035f,-0.1650968028220989f,-0.3883506473760229f,0.20235962130465923f,0f,0f,0f,1f], start_interpolation: 0, interpolation_duration: 1 }
$data merge entity $(bone_left_bicep) { transformation: [-1.1692707159478157f,0.5314653662194765f,0.12184490488810794f,1.6952558034666831f,0.09081026786137296f,0.47409079842561164f,-1.1964476727421989f,1.0887612619757605f,-0.5376384580635393f,-1.0757686102821908f,-0.46707858980443134f,-1.5247694724192644f,0f,0f,0f,1f], start_interpolation: 0, interpolation_duration: 1 }
$data merge entity $(bone_left_shoulder) { transformation: [-1.1172700317045736f,0.5078296398491332f,0.1164261268931435f,1.3743293750000003f,0.08677168552051988f,0.45300667686564183f,-1.143238354493434f,1.1841725234969729f,-0.5137281973228321f,-1.0279262218095353f,-0.4463063204454825f,-1.7819447156315837f,0f,0f,0f,1f], start_interpolation: 0, interpolation_duration: 1 }
$data merge entity $(bone_right_fingers_2) { transformation: [-0.1718556338737711f,-0.3120500972424127f,-0.9343930532259135f,1.6927312565726278f,-0.1787434321698061f,0.9426382881872972f,-0.2819287908310899f,0.09774112872579552f,0.9687705747812546f,0.11856557027368128f,-0.21777460592014514f,0.7708534079230582f,0f,0f,0f,1f], start_interpolation: 0, interpolation_duration: 1 }
$data merge entity $(bone_right_fingers) { transformation: [-0.1718556338737711f,-0.3120500972424127f,-0.9343930532259135f,1.1500485664295441f,-0.1787434321698061f,0.9426382881872972f,-0.2819287908310899f,-0.06174680669952809f,0.9687705747812546f,0.11856557027368128f,-0.21777460592014514f,0.659350745180796f,0f,0f,0f,1f], start_interpolation: 0, interpolation_duration: 1 }
$data merge entity $(bone_right_index_finger_2) { transformation: [-0.1718556338737711f,-0.2709954421543381f,-0.9471151521527986f,1.7766233582574085f,-0.1787434321698061f,0.9540386665451881f,-0.24054315245468494f,0.15369833664856108f,0.9687705747812546f,0.12795191701672431f,-0.21239557521225128f,0.3347793804015327f,0f,0f,0f,1f], start_interpolation: 0, interpolation_duration: 1 }
$data merge entity $(bone_right_index_finger) { transformation: [-0.1718556338737711f,-0.2709954421543381f,-0.9471151521527986f,1.2292126386670859f,-0.1787434321698061f,0.9540386665451881f,-0.24054315245468494f,0.02058657341926351f,0.9687705747812546f,0.12795191701672431f,-0.21239557521225128f,0.21311128612349817f,0f,0f,0f,1f], start_interpolation: 0, interpolation_duration: 1 }
$data merge entity $(bone_right_thumb) { transformation: [0.17249577272052902f,-0.11742651223530508f,-0.9779857987812496f,0.5012752749290543f,-0.11625396960601582f,0.9835023285729388f,-0.13859359380018677f,-0.11089736183573659f,0.9781258727507371f,0.13760154038330888f,0.15599869595528507f,-0.21108502270954393f,0f,0f,0f,1f], start_interpolation: 0, interpolation_duration: 1 }
$data merge entity $(bone_right_hand) { transformation: [-0.1718556338737711f,0.06928004282616668f,-0.9826830194787374f,0.4591082422066046f,-0.1787434321698061f,0.9787736983755007f,0.1002638161277678f,-0.08341235134536451f,0.9687705747812546f,0.19287903731185874f,-0.1558244217176768f,0.4121409646275586f,0f,0f,0f,1f], start_interpolation: 0, interpolation_duration: 1 }
$data merge entity $(bone_right_forearm) { transformation: [-0.3439400505601366f,-0.7054907744014928f,-1.8410091746326613f,-1.73889887728612f,-0.3577248165336882f,1.8601244102618795f,-0.6459852213560293f,0.10541367382023725f,1.9388308253901865f,0.21805209884071505f,-0.4457747019902873f,0.040682020346909376f,0f,0f,0f,1f], start_interpolation: 0, interpolation_duration: 1 }
$data merge entity $(bone_right_bicep) { transformation: [-1.140871526818377f,-0.597595603531591f,-0.07607415754334512f,-1.6794228160300815f,-0.26532290033492295f,0.6447206095664408f,-1.0855573304387258f,1.0207077915507947f,0.5408433612092145f,-0.944304216739024f,-0.6930177691776228f,-1.540214575423637f,0f,0f,0f,1f], start_interpolation: 0, interpolation_duration: 1 }
$data merge entity $(bone_right_shoulder) { transformation: [-1.0901338326137482f,-0.5710188836492275f,-0.07269093055277139f,-1.3743293749999999f,-0.2535232613166537f,0.6160481110715148f,-1.0372796106616404f,1.1841725234969729f,0.5167905696121067f,-0.9023084113755043f,-0.6621973631771618f,-1.781944715631584f,0f,0f,0f,1f], start_interpolation: 0, interpolation_duration: 1 }
$data merge entity $(bone_chest) { transformation: [-4.0674850000000005f,1.9396870419362918e-16f,4.588059639676809e-16f,1.5993432195429746e-16f,0f,3.746435007114864f,-1.5838746676076543f,1.5904483360012303f,-4.981232485829872e-16f,-1.5838746676076543f,-3.746435007114864f,-1.3059628463133204f,0f,0f,0f,1f], start_interpolation: 0, interpolation_duration: 1 }
$data merge entity $(bone_weist) { transformation: [-1.0999999999999999f,2.4357506977034698e-17f,1.3249077410926463e-16f,4.194368896713043e-16f,0f,1.0818692720342702f,-0.19889413824453991f,0.8489571917604107f,-1.3471114790620883e-16f,-0.19889413824453991f,-1.0818692720342702f,-3.4249621193909343f,0f,0f,0f,1f], start_interpolation: 0, interpolation_duration: 1 }
$data merge entity $(bone_right_fingers2) { transformation: [-0.9959910762231095f,-0.02598317518621592f,-0.08559585674070164f,1.180895378224631f,0.021797646863035987f,-0.9985374412885359f,0.04947566003782483f,-0.02348368301129733f,-0.08675620251697673f,0.047411527629749095f,0.9951007528751283f,-10.319880467886454f,0f,0f,0f,1f], start_interpolation: 0, interpolation_duration: 1 }
$data merge entity $(bone_left_foot) { transformation: [-0.9959910762231095f,-0.06659522717046877f,0.059723126191166195f,1.1087711745974127f,0.021797646863035987f,0.4668403336814254f,0.8840729412437924f,0.2547147981991077f,-0.08675620251697673f,0.881830583823406f,-0.46351718712309287f,-9.366341896076822f,0f,0f,0f,1f], start_interpolation: 0, interpolation_duration: 1 }
$data merge entity $(bone_left_knee) { transformation: [-1.5786599656872082f,0.0641169881725001f,0.12645802899846992f,0.942069736676393f,0.034549579077909266f,1.54503385753189f,-0.3520605263299124f,0.1289817844779455f,-0.13750981003561044f,-0.34789265505589956f,-1.5402375340304346f,-7.299076610973065f,0f,0f,0f,1f], start_interpolation: 0, interpolation_duration: 1 }
$data merge entity $(bone_left_thigh) { transformation: [-1.5972244093554433f,-0.14276297809084076f,-0.014033237577267767f,0.7385400000000005f,0.03495586905073053f,-0.5394917302959331f,1.5097783856156899f,0.4612560881241736f,-0.13912687335369145f,1.503419907590705f,0.5404408460524533f,-5.228737900918066f,0f,0f,0f,1f], start_interpolation: 0, interpolation_duration: 1 }
$data merge entity $(bone_left_fingers2) { transformation: [-0.9959910762231095f,0.025983175186215908f,0.08559585674070143f,-1.177692257636943f,-0.021797646863035987f,-0.9985374412885359f,0.04947566003782483f,-0.06629485068737206f,0.08675620251697648f,0.047411527629749095f,0.9951007528751283f,-10.274843537110685f,0f,0f,0f,1f], start_interpolation: 0, interpolation_duration: 1 }
$data merge entity $(bone_right_foot) { transformation: [-0.9959910762231095f,0.06659522717046858f,-0.0597231261911661f,-1.105568054009725f,-0.021797646863035987f,0.4668403336814254f,0.8840729412437924f,0.21190363052303296f,0.08675620251697648f,0.881830583823406f,-0.46351718712309287f,-9.321304965301053f,0f,0f,0f,1f], start_interpolation: 0, interpolation_duration: 1 }
$data merge entity $(bone_right_knee) { transformation: [-1.5786599656872082f,-0.06411698817250001f,-0.12645802899846956f,-0.9397945030005117f,-0.034549579077909266f,1.54503385753189f,-0.3520605263299124f,0.11727758063831362f,0.13750981003561005f,-0.34789265505589956f,-1.5402375340304346f,-7.256876462629847f,0f,0f,0f,1f], start_interpolation: 0, interpolation_duration: 1 }
$data merge entity $(bone_right_thigh) { transformation: [-1.5972244093554433f,0.1427629780908404f,0.014033237577267633f,-0.7385399999999994f,-0.03495586905073053f,-0.5394917302959331f,1.5097783856156899f,0.444962615305309f,0.13912687335369103f,1.503419907590705f,0.5404408460524533f,-5.2138112803852f,0f,0f,0f,1f], start_interpolation: 0, interpolation_duration: 1 }