# This file was generated by Animated Java via MC-Build. It is not recommended to edit this file directly.
$data merge entity $(bone_left_fingers_2) { transformation: [-0.3516290098732373f,0.08627951007328766f,0.9321549686383055f,-1.5092865137119278f,0.20569892256030717f,0.9785292688810706f,-0.01297779644647544f,0.1958029965984872f,-0.913260637864731f,0.18717990299332588f,-0.36182688020974013f,1.3937051785753123f,0f,0f,0f,1f], start_interpolation: 0, interpolation_duration: 1 }
$data merge entity $(bone_left_fingers) { transformation: [-0.3516290098732373f,0.08627951007328766f,0.9321549686383055f,-0.9667312424688963f,0.20569892256030717f,0.9785292688810706f,-0.01297779644647544f,0.19115542867156585f,-0.913260637864731f,0.18717990299332588f,-0.36182688020974013f,1.1988164850694516f,0f,0f,0f,1f], start_interpolation: 0, interpolation_duration: 1 }
$data merge entity $(bone_left_index_finger_2) { transformation: [-0.12449860240419505f,0.09416099104505637f,0.9877417707907341f,-1.667794083658027f,0.22902008590655673f,0.9713332367565961f,-0.06373023947317202f,0.3208171655682279f,-0.9654273138101881f,0.21827837945469383f,-0.14249438870312464f,0.8492887683843904f,0f,0f,0f,1f], start_interpolation: 0, interpolation_duration: 1 }
$data merge entity $(bone_left_index_finger) { transformation: [-0.12449860240419505f,0.09416099104505637f,0.9877417707907341f,-1.0979922318175146f,0.22902008590655673f,0.9713332367565961f,-0.06373023947317202f,0.2897065901522143f,-0.9654273138101881f,0.21827837945469383f,-0.14249438870312464f,0.768428739111185f,0f,0f,0f,1f], start_interpolation: 0, interpolation_duration: 1 }
$data merge entity $(bone_left_thumb) { transformation: [-0.28496279912861466f,0.16287604321306035f,0.9445991730146932f,-0.42532739307678263f,0.21395096115201817f,0.9714038506338468f,-0.10295409266203363f,0.176853639369724f,-0.9343560292174029f,0.1727598145431753f,-0.31166144635500764f,0.2566577303531822f,0f,0f,0f,1f], start_interpolation: 0, interpolation_duration: 1 }
$data merge entity $(bone_left_hand) { transformation: [-0.28496279912861466f,-0.045433449689146865f,0.9574612288558366f,-0.3098333116183174f,0.21395096115201817f,0.970661044743871f,0.10973660482657727f,0.18132842150306794f,-0.9343560292174029f,0.23612060025775083f,-0.26688175808587417f,0.8711373550890253f,0f,0f,0f,1f], start_interpolation: 0, interpolation_duration: 1 }
$data merge entity $(bone_left_forearm) { transformation: [-0.42113582649656534f,0.5298758942416232f,1.8833997413436665f,1.8510115239135654f,-0.049440803959577444f,1.9230388113331516f,-0.5520831190689544f,0.4914232437694548f,-1.9558933140372408f,-0.16270126047057723f,-0.3915712927378613f,0.3817949149543365f,0f,0f,0f,1f], start_interpolation: 0, interpolation_duration: 1 }
$data merge entity $(bone_left_bicep) { transformation: [-1.1692705247649238f,0.5334501915946835f,0.1128404028469707f,1.6948960245856146f,0.09988881564216882f,0.47204815729458227f,-1.19653181537956f,1.071958773593479f,-0.5360263873511042f,-1.0756844582838856f,-0.46912075394394903f,-1.3442212418386497f,0f,0f,0f,1f], start_interpolation: 0, interpolation_duration: 1 }
$data merge entity $(bone_left_shoulder) { transformation: [-1.1172698490241109f,0.509726194581617f,0.10782207982023767f,1.3743293750000003f,0.09544648531541527f,0.4510548776029909f,-1.1433187550763186f,1.1700340962648157f,-0.5121878198281882f,-1.0278458122820135f,-0.44825766392974603f,-1.600842443790345f,0f,0f,0f,1f], start_interpolation: 0, interpolation_duration: 1 }
$data merge entity $(bone_right_fingers_2) { transformation: [-0.17400884535509067f,-0.31911482389493606f,-0.9316043424698556f,1.6912932528701088f,-0.18185886442663818f,0.9401783243163838f,-0.28808344609694214f,0.10023995497650073f,0.9678059077974476f,0.11929143999524827f,-0.2216332041374175f,0.9606947780377548f,0f,0f,0f,1f], start_interpolation: 0, interpolation_duration: 1 }
$data merge entity $(bone_right_fingers) { transformation: [-0.17400884535509067f,-0.31911482389493606f,-0.9316043424698556f,1.1501472965103554f,-0.18185886442663818f,0.9401783243163838f,-0.28808344609694214f,-0.06285213253862196f,0.9678059077974476f,0.11929143999524827f,-0.2216332041374175f,0.8469592407979425f,0f,0f,0f,1f], start_interpolation: 0, interpolation_duration: 1 }
$data merge entity $(bone_right_index_finger_2) { transformation: [-0.17400884535509067f,-0.2781750866072218f,-0.9446372546799394f,1.776327375012322f,-0.18185886442663818f,0.9518495063069378f,-0.2467992519694741f,0.1576462674301593f,0.9678059077974476f,0.1288454055614823f,-0.21621883890645438f,0.5250304982483494f,0f,0f,0f,1f], start_interpolation: 0, interpolation_duration: 1 }
$data merge entity $(bone_right_index_finger) { transformation: [-0.17400884535509067f,-0.2781750866072218f,-0.9446372546799394f,1.2303031921837333f,-0.18185886442663818f,0.9518495063069378f,-0.2467992519694741f,0.0209163142745587f,0.9678059077974476f,0.1288454055614823f,-0.21621883890645438f,0.40116414174225334f,0f,0f,0f,1f], start_interpolation: 0, interpolation_duration: 1 }
$data merge entity $(bone_right_thumb) { transformation: [0.16985757059868845f,-0.124853051967907f,-0.9775275551740783f,0.5048146973281951f,-0.11696048114569227f,0.9823766338752443f,-0.1457957306168876f,-0.1148634493096208f,0.9785032711036175f,0.13909660179257757f,0.1522612354122918f,-0.02586470835673438f,0f,0f,0f,1f], start_interpolation: 0, interpolation_duration: 1 }
$data merge entity $(bone_right_hand) { transformation: [-0.17400884535509067f,0.06168589306511174f,-0.9828101405332302f,0.46025435579213636f,-0.18185886442663818f,0.9788562727066068f,0.0936362686803689f,-0.08890404829267184f,0.9678059077974476f,0.19502627510078774f,-0.15911152331830014f,0.5972601597103402f,0f,0f,0f,1f], start_interpolation: 0, interpolation_duration: 1 }
$data merge entity $(bone_right_forearm) { transformation: [-0.3482493399855603f,-0.7193727299186267f,-1.8348166243185193f,-1.737705949087214f,-0.3639598284665443f,1.8546686115163935f,-0.6580762546582399f,0.08514396273249192f,1.9369002072096504f,0.21916657850100013f,-0.45355305136878876f,0.21838009895298183f,0f,0f,0f,1f], start_interpolation: 0, interpolation_duration: 1 }
$data merge entity $(bone_right_bicep) { transformation: [-1.140872191789676f,-0.5987950700870504f,-0.06596006027571645f,-1.6791126195276092f,-0.2744281669112545f,0.6423472454809275f,-1.0847003369317743f,1.0039457259740556f,0.5362792618756205f,-0.9451614167821392f,-0.6953920282974417f,-1.3605134731185835f,0f,0f,0f,1f], start_interpolation: 0, interpolation_duration: 1 }
$data merge entity $(bone_right_shoulder) { transformation: [-1.090134468011945f,-0.5721650066284217f,-0.06302663500449311f,-1.3743293749999999f,-0.2622235916487704f,0.6137802970136569f,-1.036460730012683f,1.1700340962648157f,0.5124294483271921f,-0.9031274893753943f,-0.6644660324646884f,-1.6008424437903452f,0f,0f,0f,1f], start_interpolation: 0, interpolation_duration: 1 }
$data merge entity $(bone_chest) { transformation: [-4.0674850000000005f,1.8618378814127246e-16f,4.620198781570271e-16f,1.369228068842029e-16f,0f,3.7726786080582864f,-1.5203060039098693f,1.5682042467337385f,-4.981232485829872e-16f,-1.5203060039098693f,-3.7726786080582864f,-1.1180595660686323f,0f,0f,0f,1f], start_interpolation: 0, interpolation_duration: 1 }
$data merge entity $(bone_weist) { transformation: [-1.0999999999999999f,2.2113958227756648e-17f,1.3288365671409524e-16f,3.9792357779759626e-16f,0f,1.0850774019628682f,-0.18057417243202895f,0.86264574053729f,-1.3471114790620883e-16f,-0.18057417243202895f,-1.0850774019628682f,-3.249292596646202f,0f,0f,0f,1f], start_interpolation: 0, interpolation_duration: 1 }
$data merge entity $(bone_right_fingers2) { transformation: [-0.9959909865144813f,-0.02598290405420356f,-0.08559698288386358f,1.1809012149647642f,0.02179721309770074f,-0.9985373892946491f,0.04947690048700082f,-0.023490027970008043f,-0.08675734137860497f,0.04741277124928689f,0.9951005943317386f,-10.132379356622149f,0f,0f,0f,1f], start_interpolation: 0, interpolation_duration: 1 }
$data merge entity $(bone_left_foot) { transformation: [-0.9959909865144813f,-0.06659636238812552f,0.05972335639077765f,1.1087758573394264f,0.02179721309770074f,0.4668414359366069f,0.8840723698848533f,0.25470964509119615f,-0.08675734137860497f,0.88182991455797f,-0.4635182472218324f,-9.17884121982769f,0f,0f,0f,1f], start_interpolation: 0, interpolation_duration: 1 }
$data merge entity $(bone_left_knee) { transformation: [-1.5786598234977618f,0.06411687490707074f,0.12645986145886154f,0.9420721540726058f,0.03454889155370789f,1.545033434958044f,-0.3520624482789759f,0.12897921194105244f,-0.13751161514742508f,-0.3478945526275562f,-1.5402369442672275f,-7.111575960448416f,0f,0f,0f,1f], start_interpolation: 0, interpolation_duration: 1 }
$data merge entity $(bone_left_thigh) { transformation: [-1.5972242654939028f,-0.1427644801734047f,-0.01403433038626627f,0.7385400000000005f,0.034955173441504776f,-0.5394898605599421f,1.5097790698356495f,0.4612560881241736f,-0.13912869969293776f,1.5034204358944114f,0.5404389062307788f,-5.041237900918066f,0f,0f,0f,1f], start_interpolation: 0, interpolation_duration: 1 }
$data merge entity $(bone_left_fingers2) { transformation: [-0.9959909865144813f,0.025982904054203542f,0.08559698288386335f,-1.1776980693923087f,-0.02179721309770074f,-0.9985373892946491f,0.04947690048700082f,-0.06630115831081396f,0.08675734137860472f,0.04741277124928689f,0.9951005943317386f,-10.087342395623692f,0f,0f,0f,1f], start_interpolation: 0, interpolation_duration: 1 }
$data merge entity $(bone_right_foot) { transformation: [-0.9959909865144813f,0.06659636238812532f,-0.05972335639077754f,-1.1055727117669711f,-0.02179721309770074f,0.4668414359366069f,0.8840723698848533f,0.21189851475039023f,0.08675734137860472f,0.88182991455797f,-0.4635182472218324f,-9.133804258829233f,0f,0f,0f,1f], start_interpolation: 0, interpolation_duration: 1 }
$data merge entity $(bone_right_knee) { transformation: [-1.5786598234977618f,-0.06411687490707066f,-0.1264598614588612f,-0.9397968884824328f,-0.03454889155370789f,1.545033434958044f,-0.3520624482789759f,0.11727504212236928f,0.13751161514742466f,-0.3478945526275562f,-1.5402369442672275f,-7.069375820492264f,0f,0f,0f,1f], start_interpolation: 0, interpolation_duration: 1 }
$data merge entity $(bone_right_thigh) { transformation: [-1.5972242654939028f,0.14276448017340437f,0.014034330386266137f,-0.7385399999999994f,-0.034955173441504776f,-0.5394898605599421f,1.5097790698356495f,0.444962615305309f,0.13912869969293737f,1.5034204358944114f,0.5404389062307788f,-5.0263112803852f,0f,0f,0f,1f], start_interpolation: 0, interpolation_duration: 1 }