# This file was generated by Animated Java via MC-Build. It is not recommended to edit this file directly.
$data merge entity $(bone_left_fingers_2) { transformation: [-0.3493588224063602f,0.09506020445666143f,0.9321544779356581f,-1.5142964423109673f,0.21284562561583736f,0.9768841871747511f,-0.019850050481755727f,0.19632682550465788f,-0.9124939193567506f,0.1914702127658064f,-0.36151625794751296f,1.3847643940298193f,0f,0f,0f,1f], start_interpolation: 0, interpolation_duration: 1 }
$data merge entity $(bone_left_fingers) { transformation: [-0.3493588224063602f,0.09506020445666143f,0.9321544779356581f,-0.9717218781192014f,0.21284562561583736f,0.9768841871747511f,-0.019850050481755727f,0.1876108443101389f,-0.9124939193567506f,0.1914702127658064f,-0.36151625794751296f,1.1900689933096475f,0f,0f,0f,1f], start_interpolation: 0, interpolation_duration: 1 }
$data merge entity $(bone_left_index_finger_2) { transformation: [-0.12889257014649655f,0.10251239267143465f,0.9863457379184078f,-1.6718652682159538f,0.2329589598238739f,0.9699375901978515f,-0.07036472240379367f,0.32393336701871667f,-0.9639070641917765f,0.2207085872139138f,-0.14889892924809434f,0.8448261004600469f,0f,0f,0f,1f], start_interpolation: 0, interpolation_duration: 1 }
$data merge entity $(bone_left_index_finger) { transformation: [-0.12889257014649655f,0.10251239267143465f,0.9863457379184078f,-1.1028196730191997f,0.2329589598238739f,0.9699375901978515f,-0.07036472240379367f,0.2889911210174084f,-0.9639070641917765f,0.2207085872139138f,-0.14889892924809434f,0.7602890516044584f,0f,0f,0f,1f], start_interpolation: 0, interpolation_duration: 1 }
$data merge entity $(bone_left_thumb) { transformation: [-0.2846085099592905f,0.17532729532969962f,0.942474580862065f,-0.43287707171983747f,0.2200928666643569f,0.9688222944164634f,-0.11376507322146369f,0.16925865611585716f,-0.9330365084508849f,0.17505342428524967f,-0.3143233566628326f,0.2465144054837718f,0f,0f,0f,1f], start_interpolation: 0, interpolation_duration: 1 }
$data merge entity $(bone_left_hand) { transformation: [-0.2846085099592905f,-0.03281749605873757f,0.9580819422216388f,-0.3158115099328713f,0.2200928666643569f,0.9704806061752593f,0.09862313664230449f,0.17057297015366257f,-0.9330365084508849f,0.23893598513019293f,-0.2689841424836158f,0.860711476923135f,0f,0f,0f,1f], start_interpolation: 0, interpolation_duration: 1 }
$data merge entity $(bone_left_forearm) { transformation: [-0.42657039381151224f,0.5532550631331481f,1.8754372737022487f,1.8474878929502723f,-0.03871368525564515f,1.916780814801982f,-0.574256904121902f,0.4552643956901262f,-1.9549571307443325f,-0.15867758655613814f,-0.3978472996355525f,0.3667967965686687f,0f,0f,0f,1f], start_interpolation: 0, interpolation_duration: 1 }
$data merge entity $(bone_left_bicep) { transformation: [-1.169270333580128f,0.5365855569780065f,0.09684240064729023f,1.6942924137676325f,0.11586881695485138f,0.46843415979482117f,-1.1965113784272654f,1.042547238598753f,-0.5328010208117202f,-1.0757048858729954f,-0.4727342744524312f,-1.3571972091088655f,0f,0f,0f,1f], start_interpolation: 0, interpolation_duration: 1 }
$data merge entity $(bone_left_shoulder) { transformation: [-1.1172696663418287f,0.5127221216440605f,0.09253555277302772f,1.3743293750000003f,0.1107158120245747f,0.44760160451057f,-1.1432992270114941f,1.1453067822852108f,-0.5091058942085976f,-1.0278653314000596f,-0.4517104812440019f,-1.6127364762258771f,0f,0f,0f,1f], start_interpolation: 0, interpolation_duration: 1 }
$data merge entity $(bone_right_fingers_2) { transformation: [-0.1780611835989647f,-0.3314641778327215f,-0.9265126624655562f,1.6874862202239715f,-0.18737443432573025f,0.9357529468121564f,-0.2987595084570171f,0.1043984972450572f,0.9660150290013341f,0.12040731433780845f,-0.2287291900862412f,0.9652029974967179f,0f,0f,0f,1f], start_interpolation: 0, interpolation_duration: 1 }
$data merge entity $(bone_right_fingers) { transformation: [-0.1780611835989647f,-0.3314641778327215f,-0.9265126624655562f,1.149147576579959f,-0.18737443432573025f,0.9357529468121564f,-0.2987595084570171f,-0.06494791571138822f,0.9660150290013341f,0.12040731433780845f,-0.2287291900862412f,0.8473596917721622f,0f,0f,0f,1f], start_interpolation: 0, interpolation_duration: 1 }
$data merge entity $(bone_right_index_finger_2) { transformation: [-0.1780611835989647f,-0.29073478265889907f,-0.9400890920799041f,1.7746457078480087f,-0.18737443432573025f,0.9478940240811317f,-0.2576581853393988f,0.164372250590274f,0.9660150290013341f,0.1302697403987666f,-0.22325939729379735f,0.5303052808445747f,0f,0f,0f,1f], start_interpolation: 0, interpolation_duration: 1 }
$data merge entity $(bone_right_index_finger) { transformation: [-0.1780611835989647f,-0.29073478265889907f,-0.9400890920799041f,1.231170080625028f,-0.18737443432573025f,0.9478940240811317f,-0.2576581853393988f,0.02136117660191844f,0.9660150290013341f,0.1302697403987666f,-0.22325939729379735f,0.4023895354144627f,0f,0f,0f,1f], start_interpolation: 0, interpolation_duration: 1 }
$data merge entity $(bone_right_thumb) { transformation: [0.16490106945127347f,-0.1378712787968856f,-0.9766264115703289f,0.5102135911605389f,-0.11828312296768258f,0.9802713665269729f,-0.1583576672862841f,-0.12184940600091321f,0.9791918811524319f,0.141631770624577f,0.14533995126911528f,-0.029855543809339746f,0f,0f,0f,1f], start_interpolation: 0, interpolation_duration: 1 }
$data merge entity $(bone_right_hand) { transformation: [-0.1780611835989647f,0.048328076141704146f,-0.982831934743564f,0.4612722632276349f,-0.18737443432573025f,0.9788533091949124f,0.08207935452525245f,-0.09862179562175899f,0.9660150290013341f,0.19877272482564387f,-0.16524033287590698f,0.5930484136984099f,0f,0f,0f,1f], start_interpolation: 0, interpolation_duration: 1 }
$data merge entity $(bone_right_forearm) { transformation: [-0.3563594111485955f,-0.7436198669370585f,-1.82355812515228f,-1.7361500989824252f,-0.37499831086715657f,1.8448884082488004f,-0.6790359343823785f,0.04966383087868054f,1.9333160655100259f,0.2207782299781424f,-0.4678383655014978f,0.20034159247019034f,0f,0f,0f,1f], start_interpolation: 0, interpolation_duration: 1 }
$data merge entity $(bone_right_bicep) { transformation: [-1.1408728567593767f,-0.600497880257998f,-0.04803169814259006f,-1.6786010934001936f,-0.29033517682269744f,0.6382260651909648f,-1.0829905809014697f,0.9746368329072623f,0.5278354225704665f,-0.9468713793475969f,-0.6995141036200397f,-1.3749830813060837f,0f,0f,0f,1f], start_interpolation: 0, interpolation_duration: 1 }
$data merge entity $(bone_right_shoulder) { transformation: [-1.0901351034086144f,-0.5737920881483239f,-0.045895596438584846f,-1.3743293749999999f,-0.27742317308503034f,0.609842396944472f,-1.0348270115348905f,1.1453067822852108f,0.5043611297765725f,-0.9047614052031536f,-0.668404787761946f,-1.6127364762258773f,0f,0f,0f,1f], start_interpolation: 0, interpolation_duration: 1 }
$data merge entity $(bone_chest) { transformation: [-4.0674850000000005f,1.7228967660828304e-16f,4.673789020838252e-16f,1.3694821752352979e-16f,0f,3.816438359282305f,-1.406851973387248f,1.5288674317939173f,-4.981232485829872e-16f,-1.406851973387248f,-3.816438359282305f,-1.1182670596851148f,0f,0f,0f,1f], start_interpolation: 0, interpolation_duration: 1 }
$data merge entity $(bone_weist) { transformation: [-1.0999999999999999f,1.8131856818622616e-17f,1.3348531431778346e-16f,4.004152402069523e-16f,0f,1.089990309130119f,-0.14805784681139672f,0.8873320191584964f,-1.3471114790620883e-16f,-0.14805784681139672f,-1.089990309130119f,-3.269638564243478f,0f,0f,0f,1f], start_interpolation: 0, interpolation_duration: 1 }
$data merge entity $(bone_right_fingers2) { transformation: [-0.9959908968043638f,-0.025982632925074953f,-0.08559810902771103f,1.1809070517077318f,0.021796779332356426f,-0.9985373372990307f,0.04947814093616104f,-0.023496372928237697f,-0.08675848024012207f,0.04741401486947572f,0.9951004357854445f,-10.132378245342803f,0f,0f,0f,1f], start_interpolation: 0, interpolation_duration: 1 }
$data merge entity $(bone_left_foot) { transformation: [-0.9959908968043638f,-0.06659749760518482f,0.05972358659329238f,1.1087805400842685f,0.021796779332356426f,0.4668425381910424f,0.8840717985243516f,0.254704491983351f,-0.08675848024012207f,0.8818292452896266f,-0.46351930731993435f,-9.178840543566483f,0f,0f,0f,1f], start_interpolation: 0, interpolation_duration: 1 }
$data merge entity $(bone_left_knee) { transformation: [-1.5786596813059546f,0.06411676164633143f,0.12646169391952952f,0.9420745714695502f,0.034548204029492144f,1.5450330123814995f,-0.3520643702275382f,0.12897663940458814f,-0.13751342025906355f,-0.34789645019942933f,-1.5402363544993078f,-7.111575309917541f,0f,0f,0f,1f], start_interpolation: 0, interpolation_duration: 1 }
$data merge entity $(bone_left_thigh) { transformation: [-1.5972241216299738f,-0.14276598225875406f,-0.014035423191412955f,0.7385400000000005f,0.034954477832264484f,-0.5394879908229121f,1.5097797540530344f,0.4612560881241736f,-0.13913052603200587f,1.503420964194214f,0.5404369664063577f,-5.041237900918066f,0f,0f,0f,1f], start_interpolation: 0, interpolation_duration: 1 }
$data merge entity $(bone_left_fingers2) { transformation: [-0.9959908968043638f,0.025982632925074942f,0.0855981090277108f,-1.1777038811504086f,-0.021796779332356426f,-0.9985373372990307f,0.04947814093616104f,-0.06630746593372672f,0.08675848024012182f,0.04741401486947572f,0.9951004357854445f,-10.08734125412172f,0f,0f,0f,1f], start_interpolation: 0, interpolation_duration: 1 }
$data merge entity $(bone_right_foot) { transformation: [-0.9959908968043638f,0.06659749760518462f,-0.05972358659329227f,-1.1055773695269455f,-0.021796779332356426f,0.4668425381910424f,0.8840717985243516f,0.21189339897786197f,0.08675848024012182f,0.8818292452896266f,-0.46351930731993435f,-9.1338035523454f,0f,0f,0f,1f], start_interpolation: 0, interpolation_duration: 1 }
$data merge entity $(bone_right_knee) { transformation: [-1.5786596813059546f,-0.06411676164633133f,-0.12646169391952913f,-0.9397992739650762f,-0.034548204029492144f,1.5450330123814995f,-0.3520643702275382f,0.1172725036068476f,0.13751342025906316f,-0.34789645019942933f,-1.5402363544993078f,-7.069375178348537f,0f,0f,0f,1f], start_interpolation: 0, interpolation_duration: 1 }
$data merge entity $(bone_right_thigh) { transformation: [-1.5972241216299738f,0.1427659822587537f,0.014035423191412821f,-0.7385399999999994f,-0.034954477832264484f,-0.5394879908229121f,1.5097797540530344f,0.444962615305309f,0.13913052603200549f,1.503420964194214f,0.5404369664063577f,-5.0263112803852f,0f,0f,0f,1f], start_interpolation: 0, interpolation_duration: 1 }