# This file was generated by Animated Java via MC-Build. It is not recommended to edit this file directly.
$data merge entity $(bone_left_fingers_2) { transformation: [-0.34759026577356433f,0.1034488816135597f,0.9319223873436921f,-1.5175954032912782f,0.21942547204449145f,0.9752714961971156f,-0.02641913934047399f,0.19710687154023956f,-0.9116103714622357f,0.195304474086855f,-0.3616941982450672f,1.189382527428665f,0f,0f,0f,1f], start_interpolation: 0, interpolation_duration: 1 }
$data merge entity $(bone_left_fingers) { transformation: [-0.34759026577356433f,0.1034488816135597f,0.9319223873436921f,-0.9751303923839154f,0.21942547204449145f,0.9752714961971156f,-0.02641913934047399f,0.18450517943985473f,-0.9116103714622357f,0.195304474086855f,-0.3616941982450672f,0.994594605844348f,0f,0f,0f,1f], start_interpolation: 0, interpolation_duration: 1 }
$data merge entity $(bone_left_index_finger_2) { transformation: [-0.13300018399463634f,0.11054075224503149f,0.9849323292239399f,-1.6744708416619676f,0.23673151196073847f,0.9685401799178018f,-0.07673402849827825f,0.3271325487150313f,-0.9624287725864059f,0.22295887956727453f,-0.15498450154750953f,0.6534632388194259f,0f,0f,0f,1f], start_interpolation: 0, interpolation_duration: 1 }
$data merge entity $(bone_left_index_finger) { transformation: [-0.13300018399463634f,0.11054075224503149f,0.9849323292239399f,-1.1061933857717419f,0.23673151196073847f,0.9685401799178018f,-0.07673402849827825f,0.2885114491378121f,-0.9624287725864059f,0.22295887956727453f,-0.15498450154750953f,0.5654319580606217f,0f,0f,0f,1f], start_interpolation: 0, interpolation_duration: 1 }
$data merge entity $(bone_left_thumb) { transformation: [-0.28453295715131893f,0.18690233307643578f,0.940270447363582f,-0.4390327730142267f,0.22579380124386927f,0.9662836228302591f,-0.12374619012265846f,0.16244928724276858f,-0.9316963859619559f,0.17709736909568743f,-0.3171409248974596f,0.0495556285910882f,0f,0f,0f,1f], start_interpolation: 0, interpolation_duration: 1 }
$data merge entity $(bone_left_hand) { transformation: [-0.28453295715131893f,-0.021039771120856865f,0.9584353521891331f,-0.3203335057308312f,0.22579380124386927f,0.9701624203310251f,0.08832914296703709f,0.1608071752387238f,-0.9316963859619559f,0.24154131366834375f,-0.2712925324751882f,0.6634382746702304f,0f,0f,0f,1f], start_interpolation: 0, interpolation_duration: 1 }
$data merge entity $(bone_left_forearm) { transformation: [-0.4321637178701318f,0.5748034549971504f,1.8676600178915592f,1.8447760218804086f,-0.028680432611657973f,1.9107166501610517f,-0.5946913055806612f,0.42195404563896854f,-1.9539013248095638f,-0.1551815203926096f,-0.40435966909023546f,0.16447107005113382f,0f,0f,0f,1f], start_interpolation: 0, interpolation_duration: 1 }
$data merge entity $(bone_left_bicep) { transformation: [-1.1692701662918696f,0.5390771185792022f,0.08184596480731458f,1.6937672832776989f,0.1306771326515178f,0.46507077867837165f,-1.1962977394163137f,1.0154832011364359f,-0.5293641362359873f,-1.0759185166893213f,-0.476097238201703f,-1.5575756268967127f,0f,0f,0f,1f], start_interpolation: 0, interpolation_duration: 1 }
$data merge entity $(bone_left_shoulder) { transformation: [-1.1172695064933391f,0.5151028766490341f,0.07820604967518996f,1.3743293750000003f,0.12486556119920832f,0.44438780220169743f,-1.1430950891148686f,1.1225783268785516f,-0.5058218573414113f,-1.028069461466497f,-0.4549238847471629f,-1.8119891560814134f,0f,0f,0f,1f], start_interpolation: 0, interpolation_duration: 1 }
$data merge entity $(bone_right_fingers_2) { transformation: [-0.18212018986772066f,-0.34280715947014173f,-0.9215831421301923f,1.6824808629140624f,-0.1925260087725395f,0.9315479327768049f,-0.30846747784065853f,0.10794882446532045f,0.9642437308008082f,0.12125056847402432f,-0.2356529805796324f,0.7823155259417367f,0f,0f,0f,1f], start_interpolation: 0, interpolation_duration: 1 }
$data merge entity $(bone_right_fingers) { transformation: [-0.18212018986772066f,-0.34280715947014173f,-0.9215831421301923f,1.1468618047626742f,-0.1925260087725395f,0.9315479327768049f,-0.30846747784065853f,-0.06708769754033733f,0.9642437308008082f,0.12125056847402432f,-0.2356529805796324f,0.6604623846815951f,0f,0f,0f,1f], start_interpolation: 0, interpolation_duration: 1 }
$data merge entity $(bone_right_index_finger_2) { transformation: [-0.18212018986772066f,-0.30228199094823305f,-0.9356590374655277f,1.771743271127284f,-0.1925260087725395f,0.9441164679644629f,-0.2675403350233816f,0.17032259563377555f,0.9642437308008082f,0.1314142034434623f,-0.23013981564401015f,0.34818261256998273f,0f,0f,0f,1f], start_interpolation: 0, interpolation_duration: 1 }
$data merge entity $(bone_right_index_finger) { transformation: [-0.18212018986772066f,-0.30228199094823305f,-0.9356590374655277f,1.2307539879030647f,-0.1925260087725395f,0.9441164679644629f,-0.2675403350233816f,0.02159437180935403f,0.9642437308008082f,0.1314142034434623f,-0.23013981564401015f,0.21630815153891575f,0f,0f,0f,1f], start_interpolation: 0, interpolation_duration: 1 }
$data merge entity $(bone_right_thumb) { transformation: [0.15994592957010798f,-0.14987103703620247f,-0.9756823109350949f,0.5142532174250258f,-0.1196050520288886f,0.9781827256349114f,-0.16986225831132218f,-0.12834706702581236f,0.9798530150706897f,0.14386531036754063f,0.13853101215875918f,-0.2210333054578008f,0f,0f,0f,1f], start_interpolation: 0, interpolation_duration: 1 }
$data merge entity $(bone_right_hand) { transformation: [-0.18212018986772066f,0.035962081807389634f,-0.9826184229468854f,0.4610574173577746f,-0.1925260087725395f,0.9786834618387557f,0.07150117110526827f,-0.10770648899655011f,0.9642437308008082f,0.20220140997378694f,-0.17131438181294417f,0.40161289354802404f,0f,0f,0f,1f], start_interpolation: 0, interpolation_duration: 1 }
$data merge entity $(bone_right_forearm) { transformation: [-0.3644828272382027f,-0.765868992610803f,-1.8127117054381048f,-1.735339360449147f,-0.3853083177942574f,1.835633316984839f,-0.6980792204616598f,0.01700668749682266f,1.9297711110682447f,0.22185982953007377f,-0.4817555886067965f,-0.004786085849005417f,0f,0f,0f,1f], start_interpolation: 0, interpolation_duration: 1 }
$data merge entity $(bone_right_bicep) { transformation: [-1.1408734386065535f,-0.6016023014009453f,-0.03127445510725206f,-1.6781672604439413f,-0.30493502232648795f,0.6344814277267834f,-1.0811769390528259f,0.9477047123025257f,0.5195363825103239f,-0.9486852019136693f,-0.7032595242364071f,-1.576748969614825f,0f,0f,0f,1f], start_interpolation: 0, interpolation_duration: 1 }
$data merge entity $(bone_right_shoulder) { transformation: [-1.0901356593794471f,-0.5748473926458763f,-0.029883594083598208f,-1.3743293749999999f,-0.2913737233095602f,0.6062642938061096f,-1.0330940273267872f,1.1225783268785516f,0.4964311708503398f,-0.9064945620916844f,-0.671983639223563f,-1.8119891560814136f,0f,0f,0f,1f], start_interpolation: 0, interpolation_duration: 1 }
$data merge entity $(bone_chest) { transformation: [-4.0674850000000005f,1.5919435934634464e-16f,4.719999223847133e-16f,1.6006378433602383e-16f,0f,3.854171853577195f,-1.2999205930818742f,1.492206401984746f,-4.981232485829872e-16f,-1.2999205930818742f,-3.854171853577195f,-1.3070199868849244f,0f,0f,0f,1f], start_interpolation: 0, interpolation_duration: 1 }
$data merge entity $(bone_weist) { transformation: [-1.0999999999999999f,1.4403856448566933e-17f,1.339388751991652e-16f,4.2561846683498846e-16f,0f,1.093693914787665f,-0.11761641363530657f,0.910890593701871f,-1.3471114790620883e-16f,-0.11761641363530657f,-1.093693914787665f,-3.4754385275111206f,0f,0f,0f,1f], start_interpolation: 0, interpolation_duration: 1 }
$data merge entity $(bone_right_fingers2) { transformation: [-0.9959908183067894f,-0.02598239568945302f,-0.08559909440413987f,1.1809121588601539f,0.021796399787672723f,-0.9985372918014449f,0.04947922632916335f,-0.02350192476629459f,-0.08675947674385832f,0.04741510303767482f,0.9951002970550551f,-10.319877272961033f,0f,0f,0f,1f], start_interpolation: 0, interpolation_duration: 1 }
$data merge entity $(bone_left_foot) { transformation: [-0.9959908183067894f,-0.06659849091962161f,0.05972378802287438f,1.108784637488326f,0.021796399787672723f,0.46684350266306174f,0.8840712985826313f,0.2546999830140406f,-0.08675947674385832f,0.8818286596774416f,-0.4635202349052508f,-9.366339951828017f,0f,0f,0f,1f], start_interpolation: 0, interpolation_duration: 1 }
$data merge entity $(bone_left_knee) { transformation: [-1.5786595568861872f,0.06411666254703181f,0.12646329732284065f,0.942076686692477f,0.03454760244579159f,1.5450326426248104f,-0.3520660519321195f,0.1289743884355331f,-0.13751499973160264f,-0.3478981105749963f,-1.5402358384485126f,-7.299074740697916f,0f,0f,0f,1f], start_interpolation: 0, interpolation_duration: 1 }
$data merge entity $(bone_left_thigh) { transformation: [-1.5972239957470769f,-0.1427672965857196f,-0.01403637939275656f,0.7385400000000005f,0.03495386917416732f,-0.5394863548021583f,1.5097803527411346f,0.4612560881241736f,-0.1391321240785442f,1.5034214264533396f,0.5404352690577361f,-5.228737900918066f,0f,0f,0f,1f], start_interpolation: 0, interpolation_duration: 1 }
$data merge entity $(bone_left_fingers2) { transformation: [-0.9959908183067894f,0.025982395689453017f,0.08559909440413963f,-1.1777089664409885f,-0.021796399787672723f,-0.9985372918014449f,0.04947922632916335f,-0.06631298510334216f,0.08675947674385807f,0.04741510303767482f,0.9951002970550551f,-10.27484025529521f,0f,0f,0f,1f], start_interpolation: 0, interpolation_duration: 1 }
$data merge entity $(bone_right_foot) { transformation: [-0.9959908183067894f,0.06659849091962139f,-0.05972378802287427f,-1.1055814450691608f,-0.021796399787672723f,0.46684350266306174f,0.8840712985826313f,0.21188892267699305f,0.08675947674385807f,0.8818286596774416f,-0.4635202349052508f,-9.321302934162194f,0f,0f,0f,1f], start_interpolation: 0, interpolation_duration: 1 }
$data merge entity $(bone_right_knee) { transformation: [-1.5786595568861872f,-0.06411666254703174f,-0.12646329732284026f,-0.9398013612629815f,-0.03454760244579159f,1.5450326426248104f,-0.3520660519321195f,0.11727028240611226f,0.13751499973160225f,-0.3478981105749963f,-1.5402358384485126f,-7.256874616467735f,0f,0f,0f,1f], start_interpolation: 0, interpolation_duration: 1 }
$data merge entity $(bone_right_thigh) { transformation: [-1.5972239957470769f,0.14276729658571924f,0.014036379392756426f,-0.7385399999999994f,-0.03495386917416732f,-0.5394863548021583f,1.5097803527411346f,0.444962615305309f,0.1391321240785438f,1.5034214264533396f,0.5404352690577361f,-5.2138112803852f,0f,0f,0f,1f], start_interpolation: 0, interpolation_duration: 1 }