# This file was generated by Animated Java via MC-Build. It is not recommended to edit this file directly.
$data merge entity $(bone_left_fingers_2) { transformation: [-0.40138651177199813f,0.21508535636864282f,0.8902961067213994f,-1.4969608540122645f,0.2191897532738116f,0.9663480312905498f,-0.13463778994266024f,0.25683680577460033f,-0.8892945070263691f,0.14110199111512325f,-0.435023571632704f,1.2253868403117614f,0f,0f,0f,1f], start_interpolation: 0, interpolation_duration: 1 }
$data merge entity $(bone_left_fingers) { transformation: [-0.40138651177199813f,0.21508535636864282f,0.8902961067213994f,-0.9771005335862778f,0.2191897532738116f,0.9663480312905498f,-0.13463778994266024f,0.18181796251497157f,-0.8892945070263691f,0.14110199111512325f,-0.435023571632704f,0.9877172261406738f,0f,0f,0f,1f], start_interpolation: 0, interpolation_duration: 1 }
$data merge entity $(bone_left_index_finger_2) { transformation: [0.0014604541055310283f,0.235785717414806f,0.9718039733078843f,-1.6696718353720317f,0.24387167911337304f,0.9423797535221569f,-0.22901310940193495f,0.41467144938681505f,-0.9698064091354671f,0.2373299298754878f,-0.056125156436899165f,0.5901172837787982f,0f,0f,0f,1f], start_interpolation: 0, interpolation_duration: 1 }
$data merge entity $(bone_left_index_finger) { transformation: [0.0014604541055310283f,0.235785717414806f,0.9718039733078843f,-1.1082360743336106f,0.24387167911337304f,0.9423797535221569f,-0.22901310940193495f,0.2881372626634915f,-0.9698064091354671f,0.2373299298754878f,-0.056125156436899165f,0.5591439336995397f,0f,0f,0f,1f], start_interpolation: 0, interpolation_duration: 1 }
$data merge entity $(bone_left_thumb) { transformation: [-0.28469045481103405f,0.19704161453423114f,0.9381502795827702f,-0.44372383720340147f,0.23081530561415434f,0.9639451320687974f,-0.1324163020746047f,0.15660679300575728f,-0.9304169171042252f,0.17884178623188704f,-0.31990619853897306f,0.041218686738731414f,0f,0f,0f,1f], start_interpolation: 0, interpolation_duration: 1 }
$data merge entity $(bone_left_hand) { transformation: [-0.28469045481103405f,-0.010681942822583168f,0.9585599830146372f,-0.32344223733194966f,0.23081530561415434f,0.9697559168216024f,0.07935840524946058f,0.1523372928237553f,-0.9304169171042252f,0.2438428959125694f,-0.27361469711848574f,0.6547806019870116f,0f,0f,0f,1f], start_interpolation: 0, interpolation_duration: 1 }
$data merge entity $(bone_left_forearm) { transformation: [-0.43751828478460897f,0.5935365226873446f,1.860540400009106f,1.8428709559802945f,-0.019821467583279143f,1.905211910503782f,-0.6124484621974883f,0.3929185727237209f,-1.9528193191518444f,-0.15231679376036894f,-0.4106272451221206f,0.1507240357157189f,0f,0f,0f,1f], start_interpolation: 0, interpolation_duration: 1 }
$data merge entity $(bone_left_bicep) { transformation: [-1.1692754471176288f,0.5409108776401855f,0.06860010735782493f,1.6933385188664691f,0.14361905967276903f,0.46213289521920586f,-1.1959524975374796f,0.9919180142328258f,-0.52598870518072f,-1.076264016455976f,-0.479048298624962f,-1.5695564772679877f,0f,0f,0f,1f], start_interpolation: 0, interpolation_duration: 1 }
$data merge entity $(bone_left_shoulder) { transformation: [-1.1172745524662544f,0.5168550834017215f,0.06554927193270688f,1.3743293750000003f,0.13723192513540816f,0.4415805744991669f,-1.1427652010918046f,1.1027992687778643f,-0.5025965409876377f,-1.028399595908401f,-0.45774370339795667f,-1.822883737062244f,0f,0f,0f,1f], start_interpolation: 0, interpolation_duration: 1 }
$data merge entity $(bone_right_fingers_2) { transformation: [-0.18589757639115262f,-0.35269342161397116f,-0.9170874775298835f,1.6769812107989863f,-0.19706467463963173f,0.9277751030925475f,-0.31685781052514506f,0.11089996383228445f,0.962604594369397f,0.12182244633827555f,-0.24197455747885208f,0.7866291866727386f,0f,0f,0f,1f], start_interpolation: 0, interpolation_duration: 1 }
$data merge entity $(bone_right_fingers) { transformation: [-0.18589757639115262f,-0.35269342161397116f,-0.9170874775298835f,1.1438439944458763f,-0.19706467463963173f,0.9277751030925475f,-0.31685781052514506f,-0.06905635201909535f,0.962604594369397f,0.12182244633827555f,-0.24197455747885208f,0.6611135284852578f,0f,0f,0f,1f], start_interpolation: 0, interpolation_duration: 1 }
$data merge entity $(bone_right_index_finger_2) { transformation: [-0.18589757639115262f,-0.3123549416967833f,-0.9315988844398077f,1.7681837290410587f,-0.19706467463963173f,0.940713210349563f,-0.27608725048975896f,0.17539005292116233f,0.962604594369397f,0.1322612803182313f,-0.2364304308406821f,0.353209320494389f,0f,0f,0f,1f], start_interpolation: 0, interpolation_duration: 1 }
$data merge entity $(bone_right_index_finger) { transformation: [-0.18589757639115262f,-0.3123549416967833f,-0.9315988844398077f,1.2294761350969234f,-0.19706467463963173f,0.940713210349563f,-0.27608725048975896f,0.021716369031425514f,0.962604594369397f,0.1322612803182313f,-0.2364304308406821f,0.21771434012857013f,0f,0f,0f,1f], start_interpolation: 0, interpolation_duration: 1 }
$data merge entity $(bone_right_thumb) { transformation: [0.1553341671403956f,-0.16036373221795155f,-0.9747588265350194f,0.5170830236852402f,-0.12082199811056721f,0.9762437096149443f,-0.17986179196767244f,-0.1340270557526371f,0.9804454810398024f,0.14571099075355035f,0.13226853700804678f,-0.22428495809859406f,0f,0f,0f,1f], start_interpolation: 0, interpolation_duration: 1 }
$data merge entity $(bone_right_hand) { transformation: [-0.18589757639115262f,0.025107950199656115f,-0.9822482791680862f,0.4600131428778258f,-0.19706467463963173f,0.9784086630242035f,0.06230571505381022f,-0.11569033644759863f,0.962604594369397f,0.20514891897341814f,-0.17693590913934412f,0.39809025764536043f,0f,0f,0f,1f], start_interpolation: 0, interpolation_duration: 1 }
$data merge entity $(bone_right_forearm) { transformation: [-0.3720426289308759f,-0.7852433890696395f,-1.802859915358703f,-1.7350712958235601f,-0.3943916916273774f,1.8273573720575156f,-0.714525717234102f,-0.01146240453528713f,1.926490656105048f,0.22245140353802714f,-0.49444503964592823f,-0.02097197828976083f,0f,0f,0f,1f], start_interpolation: 0, interpolation_duration: 1 }
$data merge entity $(bone_right_bicep) { transformation: [-1.1408550682693896f,-0.602224890680066f,-0.016447424130840167f,-1.677809715929523f,-0.31765422851273395f,0.6312441224479097f,-1.0794082973991164f,0.9242649568500072f,0.5118995290319547f,-0.9504481376863557f,-0.7064721036647605f,-1.589943038238461f,0f,0f,0f,1f], start_interpolation: 0, interpolation_duration: 1 }
$data merge entity $(bone_right_shoulder) { transformation: [-1.0901181060216956f,-0.5754422936676283f,-0.015715961949176616f,-1.3743293749999999f,-0.3035272714187718f,0.6031709603956061f,-1.031404042031199f,1.1027992687778643f,0.48913394924756987f,-0.9081790952624701f,-0.675053346410115f,-1.8228837370622442f,0f,0f,0f,1f], start_interpolation: 0, interpolation_duration: 1 }
$data merge entity $(bone_chest) { transformation: [-4.0674850000000005f,1.4753458034351e-16f,4.757733897368924e-16f,1.6030311012338018e-16f,0f,3.8849845528371474f,-1.2047112722315474f,1.4598928063094063f,-4.981232485829872e-16f,-1.2047112722315474f,-3.8849845528371474f,-1.3089742302432787f,0f,0f,0f,1f], start_interpolation: 0, interpolation_duration: 1 }
$data merge entity $(bone_weist) { transformation: [-1.0999999999999999f,1.1104486972979397e-17f,1.3425268615292364e-16f,4.2752877399061627e-16f,0f,1.0962563756864065f,-0.09067501732508321f,0.9320978708883951f,-1.3471114790620883e-16f,-0.09067501732508321f,-1.0962563756864065f,-3.4910373692094607f,0f,0f,0f,1f], start_interpolation: 0, interpolation_duration: 1 }
$data merge entity $(bone_right_fingers2) { transformation: [-0.9959932960370685f,-0.025989886622444742f,-0.08556798491590734f,1.180750919809723f,0.02180838255219765f,-0.9985387275856047f,0.0494449589157373f,-0.023326645130112955f,-0.08672801565626574f,0.04738074825363575f,0.9951046758985973f,-10.319907966884733f,0f,0f,0f,1f], start_interpolation: 0, interpolation_duration: 1 }
$data merge entity $(bone_left_foot) { transformation: [-0.9959932960370685f,-0.06656713034310596f,0.059717429675936476f,1.1086552776340266f,0.02180838255219765f,0.46681305262803796f,0.8840870818796924f,0.2548423376409319f,-0.08672801565626574f,0.8818471472165552f,-0.4634909494762005f,-9.36635862939412f,0f,0f,0f,1f], start_interpolation: 0, interpolation_duration: 1 }
$data merge entity $(bone_left_knee) { transformation: [-1.5786634841237808f,0.06411979298638361f,0.12641267569186487f,0.942009906353376f,0.03456659529731943f,1.5450443153748887f,-0.35201295793098475f,0.12904545490252883f,-0.13746513346206965f,-0.3478456902265042f,-1.5402521291681859f,-7.299092709473925f,0f,0f,0f,1f], start_interpolation: 0, interpolation_duration: 1 }
$data merge entity $(bone_left_thigh) { transformation: [-1.5972279691674982f,-0.14272580243498995f,-0.014006189327163864f,0.7385400000000005f,0.034973085374440264f,-0.5395380059305572f,1.5097614503513397f,0.4612560881241736f,-0.13908167140055605f,1.5034068308301902f,0.5404888557636148f,-5.228737900918066f,0f,0f,0f,1f], start_interpolation: 0, interpolation_duration: 1 }
$data merge entity $(bone_left_fingers2) { transformation: [-0.9959932960370685f,0.02598988662244474f,0.08556798491590709f,-1.1775484175629891f,-0.02180838255219765f,-0.9985387275856047f,0.0494449589157373f,-0.06613873683879512f,0.08672801565626549f,0.04738074825363575f,0.9951046758985973f,-10.274871784141506f,0f,0f,0f,1f], start_interpolation: 0, interpolation_duration: 1 }
$data merge entity $(bone_right_foot) { transformation: [-0.9959932960370685f,0.06656713034310574f,-0.059717429675936365f,-1.105452775387293f,-0.02180838255219765f,0.46681305262803796f,0.8840870818796924f,0.21203024593224973f,0.08672801565626549f,0.8818471472165552f,-0.4634909494762005f,-9.321322446650894f,0f,0f,0f,1f], start_interpolation: 0, interpolation_duration: 1 }
$data merge entity $(bone_right_knee) { transformation: [-1.5786634841237808f,-0.06411979298638353f,-0.12641267569186448f,-0.9397354625531588f,-0.03456659529731943f,1.5450443153748887f,-0.35201295793098475f,0.11734040904249887f,0.13746513346206926f,-0.3478456902265042f,-1.5402521291681859f,-7.256892353576999f,0f,0f,0f,1f], start_interpolation: 0, interpolation_duration: 1 }
$data merge entity $(bone_right_thigh) { transformation: [-1.5972279691674982f,0.14272580243498958f,0.01400618932716373f,-0.7385399999999994f,-0.034973085374440264f,-0.5395380059305572f,1.5097614503513397f,0.444962615305309f,0.13908167140055566f,1.5034068308301902f,0.5404888557636148f,-5.2138112803852f,0f,0f,0f,1f], start_interpolation: 0, interpolation_duration: 1 }