# This file was generated by Animated Java via MC-Build. It is not recommended to edit this file directly.
$data merge entity $(bone_left_fingers_2) { transformation: [-0.34621079103312974f,0.10839506147380869f,0.9318737032561355f,-1.5191807847282486f,0.22380880312722537f,0.974166158759141f,-0.030164793571624368f,0.19735914995289025f,-0.9110695406032264f,0.1981181611477078f,-0.36152660539506265f,1.3715593518076288f,0f,0f,0f,1f], start_interpolation: 0, interpolation_duration: 1 }
$data merge entity $(bone_left_fingers) { transformation: [-0.34621079103312974f,0.10839506147380869f,0.9318737032561355f,-0.976734188744061f,0.22380880312722537f,0.974166158759141f,-0.030164793571624368f,0.18253209089427677f,-0.9110695406032264f,0.1981181611477078f,-0.36152660539506265f,1.1768768566456442f,0f,0f,0f,1f], start_interpolation: 0, interpolation_duration: 1 }
$data merge entity $(bone_left_index_finger_2) { transformation: [-0.13669897857591257f,0.1151880979439699f,0.9838928251330796f,-1.6755421260796148f,0.23925223714774893f,0.96765233209325f,-0.08004580697508028f,0.32881764677813435f,-0.9612865110236906f,0.22445637947393024f,-0.15983609553963563f,0.838971551226681f,0f,0f,0f,1f], start_interpolation: 0, interpolation_duration: 1 }
$data merge entity $(bone_left_index_finger) { transformation: [-0.13669897857591257f,0.1151880979439699f,0.9838928251330796f,-1.107836877145827f,0.23925223714774893f,0.96765233209325f,-0.08004580697508028f,0.2882827611748199f,-0.9612865110236906f,0.22445637947393024f,-0.15983609553963563f,0.7481528528226186f,0f,0f,0f,1f], start_interpolation: 0, interpolation_duration: 1 }
$data merge entity $(bone_left_thumb) { transformation: [-0.2846191335723546f,0.19459683747697487f,0.9386820652641032f,-0.44266072548313107f,0.2295808310025358f,0.9645224431682587f,-0.13034223667299075f,0.15805011968395477f,-0.9307441059929995f,0.17840551412076003f,-0.31919724574406955f,0.23075215168943308f,0f,0f,0f,1f], start_interpolation: 0, interpolation_duration: 1 }
$data merge entity $(bone_left_hand) { transformation: [-0.2846191335723546f,-0.013183868389446407f,0.9585500166495289f,-0.32278257215173656f,0.2295808310025358f,0.9698706334280648f,0.08150826001105144f,0.15443159840571408f,-0.9307441059929995f,0.24326351972322907f,-0.2730169759028892f,0.8443972041425527f,0f,0f,0f,1f], start_interpolation: 0, interpolation_duration: 1 }
$data merge entity $(bone_left_forearm) { transformation: [-0.4361728853874489f,0.589027880200859f,1.862288324548475f,1.8432764898248937f,-0.0219737932521229f,1.9065564268100355f,-0.6081761070201266f,0.3999699039578134f,-1.953097232554897f,-0.15299405572154076f,-0.4090506722289716f,0.3416404972815408f,0f,0f,0f,1f], start_interpolation: 0, interpolation_duration: 1 }
$data merge entity $(bone_left_bicep) { transformation: [-1.1692700229007735f,0.5405057958347173f,0.07181031768356858f,1.6934375554802517f,0.14049553650355173f,0.4628369239507208f,-1.1960512570795305f,0.9976420093077065f,-0.526843659238028f,-1.0761649920007736f,-0.4783307351862006f,-1.379074956321987f,0f,0f,0f,1f], start_interpolation: 0, interpolation_duration: 1 }
$data merge entity $(bone_left_shoulder) { transformation: [-1.1172693694792395f,0.516468016698121f,0.06861671537715727f,1.3743293750000003f,0.1342473136312429f,0.4422532931369059f,-1.1428595685254308f,1.1076093351103444f,-0.5034134728868858f,-1.0283049753430396f,-0.457058051978623f,-1.6326757123168487f,0f,0f,0f,1f], start_interpolation: 0, interpolation_duration: 1 }
$data merge entity $(bone_right_fingers_2) { transformation: [-0.18497550844232016f,-0.3502731067602531f,-0.9182008559988523f,1.6783643024013384f,-0.19596536522422447f,0.9287070082758565f,-0.3148029040714918f,0.11012620304739898f,0.963006561197296f,0.12170473885526752f,-0.24042944834426933f,0.9731003706406924f,0f,0f,0f,1f], start_interpolation: 0, interpolation_duration: 1 }
$data merge entity $(bone_right_fingers) { transformation: [-0.18497550844232016f,-0.3502731067602531f,-0.9182008559988523f,1.1446120959492667f,-0.19596536522422447f,0.9287070082758565f,-0.3148029040714918f,-0.06862531156425603f,0.963006561197296f,0.12170473885526752f,-0.24042944834426933f,0.8484800446205549f,0f,0f,0f,1f], start_interpolation: 0, interpolation_duration: 1 }
$data merge entity $(bone_right_index_finger_2) { transformation: [-0.18497550844232016f,-0.309888365559786f,-0.9326056305680281f,1.7690930455304823f,-0.19596536522422447f,0.9415545948050292f,-0.27399365071854115f,0.1741032627004514f,0.963006561197296f,0.13207628815280215f,-0.23489192663592445f,0.5395050727755045f,0f,0f,0f,1f], start_interpolation: 0, interpolation_duration: 1 }
$data merge entity $(bone_right_index_finger) { transformation: [-0.18497550844232016f,-0.309888365559786f,-0.9326056305680281f,1.2298195093714241f,-0.19596536522422447f,0.9415545948050292f,-0.27399365071854115f,0.02164103303957199f,0.963006561197296f,0.13207628815280215f,-0.23489192663592445f,0.40489569597360997f,0f,0f,0f,1f], start_interpolation: 0, interpolation_duration: 1 }
$data merge entity $(bone_right_thumb) { transformation: [0.156465028070627f,-0.15779237076420755f,-0.9749975706223418f,0.5164111475524753f,-0.12053584514267571f,0.9767266052897021f,-0.17741546875905634f,-0.13267776977661008f,0.9803008747454012f,0.1452814724865688f,0.13380391894685129f,-0.03596432213619505f,0f,0f,0f,1f], start_interpolation: 0, interpolation_duration: 1 }
$data merge entity $(bone_right_hand) { transformation: [-0.18497550844232016f,0.02777010104926564f,-0.9823506923518802f,0.46028939795671686f,-0.19596536522422447f,0.9784832524944306f,0.06456082574175326f,-0.11378335087749114f,0.963006561197296f,0.20444888377204282f,-0.17555345913801945f,0.5864804271382716f,0f,0f,0f,1f], start_interpolation: 0, interpolation_duration: 1 }
$data merge entity $(bone_right_forearm) { transformation: [-0.3701972655302541f,-0.780501342017062f,-1.8052973195377122f,-1.7351428555787254f,-0.39219160934090364f,1.8294000347537978f,-0.7104984353480019f,-0.004531642679173942f,1.9272951248791856f,0.22235093923555166f,-0.4913454321193527f,0.17053139564681485f,0f,0f,0f,1f], start_interpolation: 0, interpolation_duration: 1 }
$data merge entity $(bone_right_bicep) { transformation: [-1.140873937331731f,-0.6020787317203327f,-0.02008689718049738f,-1.6779013786690467f,-0.314538694767618f,0.6320434058779546f,-1.0798528446465239f,0.9299709011498107f,0.5137778626237095f,-0.9500094512200086f,-0.70569821735752f,-1.3991702254366156f,0f,0f,0f,1f], start_interpolation: 0, interpolation_duration: 1 }
$data merge entity $(bone_right_shoulder) { transformation: [-1.0901361359249446f,-0.5753026347987727f,-0.01919357762373177f,-1.3743293749999999f,-0.3005502940270471f,0.6039346974934803f,-1.0318288190400053f,1.1076093351103444f,0.4909287481790649f,-0.9077599183896732f,-0.6743138769551519f,-1.632675712316849f,0f,0f,0f,1f], start_interpolation: 0, interpolation_duration: 1 }
$data merge entity $(bone_chest) { transformation: [-4.0674850000000005f,1.5039328572224107e-16f,4.748774898734797e-16f,1.372734904285139e-16f,0f,3.8776689752842044f,-1.2280543731217093f,1.4677871445214141f,-4.981232485829872e-16f,-1.2280543731217093f,-3.8776689752842044f,-1.120923114518317f,0f,0f,0f,1f], start_interpolation: 0, interpolation_duration: 1 }
$data merge entity $(bone_weist) { transformation: [-1.0999999999999999f,1.1911702231077907e-17f,1.341834740948624e-16f,4.041055893019426e-16f,0f,1.095691216343244f,-0.09726643011986229f,0.9268784945873115f,-1.3471114790620883e-16f,-0.09726643011986229f,-1.095691216343244f,-3.2997725514270453f,0f,0f,0f,1f], start_interpolation: 0, interpolation_duration: 1 }
$data merge entity $(bone_right_fingers2) { transformation: [-0.9959907510222465f,-0.025982192346391514f,-0.08559993901292517f,1.1809165364210998f,0.021796074463652608f,-0.9985372528024592f,0.049480156666013075f,-0.023506683484336377f,-0.08676033088985025f,0.047416035753670926f,0.9951001781415231f,-10.132376439481783f,0f,0f,0f,1f], start_interpolation: 0, interpolation_duration: 1 }
$data merge entity $(bone_left_foot) { transformation: [-0.9959907510222465f,-0.06659934233163192f,0.059723960678571f,1.10878814955067f,0.021796074463652608f,0.46684432935290965f,0.8840708700602047f,0.25469611818324334f,-0.08676033088985025f,0.8818281577223686f,-0.463521029977991f,-9.178839444616262f,0f,0f,0f,1f], start_interpolation: 0, interpolation_duration: 1 }
$data merge entity $(bone_left_knee) { transformation: [-1.5786594502392335f,0.06411657760763302f,0.12646467166870426f,0.9420784997411458f,0.03454708680261095f,1.5450323256888616f,-0.352067493392884f,0.1289724590337471f,-0.13751635356510025f,-0.347899533754186f,-1.540235396116388f,-7.111574252791588f,0f,0f,0f,1f], start_interpolation: 0, interpolation_duration: 1 }
$data merge entity $(bone_left_thigh) { transformation: [-1.5972238878459957f,-0.1427684231533874f,-0.014037198991560999f,0.7385400000000005f,0.034953347467218045f,-0.539484952498022f,1.5097808659007947f,0.4612560881241736f,-0.1391334938326113f,1.503421822673069f,0.5404338141858153f,-5.041237900918066f,0f,0f,0f,1f], start_interpolation: 0, interpolation_duration: 1 }
$data merge entity $(bone_left_fingers2) { transformation: [-0.9959907510222465f,0.02598219234639152f,0.08559993901292494f,-1.1777133252631515f,-0.021796074463652608f,-0.9985372528024592f,0.049480156666013075f,-0.06631771581983342f,0.08676033088985f,0.047416035753670926f,0.9951001781415231f,-10.087339399149075f,0f,0f,0f,1f], start_interpolation: 0, interpolation_duration: 1 }
$data merge entity $(bone_right_foot) { transformation: [-0.9959907510222465f,0.0665993423316317f,-0.05972396067857089f,-1.1055849383927219f,-0.021796074463652608f,0.46684432935290965f,0.8840708700602047f,0.2118850858477463f,0.08676033088985f,0.8818281577223686f,-0.463521029977991f,-9.133802404283553f,0f,0f,0f,1f], start_interpolation: 0, interpolation_duration: 1 }
$data merge entity $(bone_right_knee) { transformation: [-1.5786594502392335f,-0.06411657760763295f,-0.12646467166870387f,-0.9398031503759119f,-0.03454708680261095f,1.5450323256888616f,-0.352067493392884f,0.11726837852002525f,0.13751635356509984f,-0.347899533754186f,-1.540235396116388f,-7.069374134851875f,0f,0f,0f,1f], start_interpolation: 0, interpolation_duration: 1 }
$data merge entity $(bone_right_thigh) { transformation: [-1.5972238878459957f,0.14276842315338703f,0.014037198991560865f,-0.7385399999999994f,-0.034953347467218045f,-0.539484952498022f,1.5097808659007947f,0.444962615305309f,0.1391334938326109f,1.503421822673069f,0.5404338141858153f,-5.0263112803852f,0f,0f,0f,1f], start_interpolation: 0, interpolation_duration: 1 }