# This file was generated by Animated Java via MC-Build. It is not recommended to edit this file directly.
$data merge entity $(bone_left_fingers_2) { transformation: [-0.3452942901701287f,0.10960859440555126f,0.9320717832915804f,-1.5197811550274025f,0.22559177770157302f,0.9737306465420813f,-0.030935058076298566f,0.19706154317737026f,-0.9109776084017385f,0.1995860316183958f,-0.36095043007796745f,1.3691549151915294f,0f,0f,0f,1f], start_interpolation: 0, interpolation_duration: 1 }
$data merge entity $(bone_left_fingers) { transformation: [-0.3452942901701287f,0.10960859440555126f,0.9320717832915804f,-0.9772259835431015f,0.22559177770157302f,0.9737306465420813f,-0.030935058076298566f,0.18176352876879917f,-0.9109776084017385f,0.1995860316183958f,-0.36095043007796745f,1.1748117091141053f,0f,0f,0f,1f], start_interpolation: 0, interpolation_duration: 1 }
$data merge entity $(bone_left_index_finger_2) { transformation: [-0.13918032749373999f,0.11620534154176856f,0.9834252157820118f,-1.6758002339256786f,0.24023068857396598f,0.9673878725177033f,-0.08031139628315198f,0.3289000812230427f,-0.9606862405104039f,0.2250711503121453f,-0.16255745012503828f,0.8386527561941344f,0f,0f,0f,1f], start_interpolation: 0, interpolation_duration: 1 }
$data merge entity $(bone_left_index_finger) { transformation: [-0.13918032749373999f,0.11620534154176856f,0.9834252157820118f,-1.1083585943714294f,0.24023068857396598f,0.9673878725177033f,-0.08031139628315198f,0.2882106009583631f,-0.9606862405104039f,0.2250711503121453f,-0.16255745012503828f,0.7462692376779402f,0f,0f,0f,1f], start_interpolation: 0, interpolation_duration: 1 }
$data merge entity $(bone_left_thumb) { transformation: [-0.28468409406421247f,0.1976695087899753f,0.938020112727637f,-0.44400522524706876f,0.2310926940343313f,0.9638028119745403f,-0.13296731325375954f,0.1563210958495138f,-0.9303500058315654f,0.17891591579481797f,-0.3200593096982309f,0.22823149913098073f,0f,0f,0f,1f], start_interpolation: 0, interpolation_duration: 1 }
$data merge entity $(bone_left_hand) { transformation: [-0.28468409406421247f,-0.010040758903934022f,0.9585688028240185f,-0.32363549665345515f,0.2310926940343313f,0.9697362309287382f,0.0787896515291166f,0.1519107321110268f,-0.9303500058315654f,0.2439484076290678f,-0.27374813435793244f,0.8417751348021303f,0f,0f,0f,1f], start_interpolation: 0, interpolation_duration: 1 }
$data merge entity $(bone_left_forearm) { transformation: [-0.43783917546333656f,0.5946856808764078f,1.860097908912551f,1.8427457260789462f,-0.019286701420151552f,1.904866697684005f,-0.6135383611099299f,0.3912263275612321f,-1.952752752636291f,-0.15215202386327892f,-0.41100472266920796f,0.3374085326911431f,0f,0f,0f,1f], start_interpolation: 0, interpolation_duration: 1 }
$data merge entity $(bone_left_bicep) { transformation: [-1.1692699273061145f,0.5410252074434404f,0.06778779771793524f,1.6933102210535775f,0.14441058988469446f,0.4619459097579878f,-1.1959294216207457f,0.9905514630571147f,-0.5257842163262607f,-1.076286822775304f,-0.479221510883571f,-1.3827669629573565f,0f,0f,0f,1f], start_interpolation: 0, interpolation_duration: 1 }
$data merge entity $(bone_left_shoulder) { transformation: [-1.1172692781359377f,0.5169643286442176f,0.06477308793636193f,1.3743293750000003f,0.137988253822094f,0.44140190479562086f,-1.142743151424547f,1.1016635747004142f,-0.5024011463148823f,-1.0284213879679907f,-0.4579092124310901f,-1.636028696213442f,0f,0f,0f,1f], start_interpolation: 0, interpolation_duration: 1 }
$data merge entity $(bone_right_fingers_2) { transformation: [-0.18615111156695185f,-0.3532374596534955f,-0.9168266252459806f,1.676542672912912f,-0.19734241189344748f,0.927562916919896f,-0.3173058581607517f,0.11095211546496977f,0.9624986940928622f,0.12186193931084224f,-0.2423756002920582f,0.9744601328539892f,0f,0f,0f,1f], start_interpolation: 0, interpolation_duration: 1 }
$data merge entity $(bone_right_fingers) { transformation: [-0.18615111156695185f,-0.3532374596534955f,-0.9168266252459806f,1.1435491593866527f,-0.19734241189344748f,0.927562916919896f,-0.3173058581607517f,-0.0692674679716632f,0.9624986940928622f,0.12186193931084224f,-0.2423756002920582f,0.8487121157298966f,0f,0f,0f,1f], start_interpolation: 0, interpolation_duration: 1 }
$data merge entity $(bone_right_index_finger_2) { transformation: [-0.18615111156695185f,-0.3129098401494597f,-0.9313620110354663f,1.767872372935892f,-0.19734241189344748f,0.9405207696945068f,-0.27654412711415416f,0.17557129238018188f,0.9624986940928622f,0.13231822894405837f,-0.2368293692907253f,0.5410862767078687f,0f,0f,0f,1f], start_interpolation: 0, interpolation_duration: 1 }
$data merge entity $(bone_right_index_finger) { transformation: [-0.18615111156695185f,-0.3129098401494597f,-0.9313620110354663f,1.2292980845755468f,-0.19734241189344748f,0.9405207696945068f,-0.27654412711415416f,0.02163318734871586f,0.9624986940928622f,0.13231822894405837f,-0.2368293692907253f,0.4053617087987188f,0f,0f,0f,1f], start_interpolation: 0, interpolation_duration: 1 }
$data merge entity $(bone_right_thumb) { transformation: [0.15503292071579775f,-0.1609427813522836f,-0.9747113493875612f,0.517153892266032f,-0.12091967797158575f,0.9761304528737177f,-0.1804100065179285f,-0.13441135385951022f,0.9804811191316114f,0.14583127272002436f,0.13187120581567707f,-0.03693241246284307f,0f,0f,0f,1f], start_interpolation: 0, interpolation_duration: 1 }
$data merge entity $(bone_right_hand) { transformation: [-0.18615111156695185f,0.024505500742687703f,-0.9822154774262818f,0.4598417429906081f,-0.19734241189344748f,0.9783840889692659f,0.06181057288083247f,-0.11622030996490518f,0.9624986940928622f,0.2053388781627336f,-0.17729131107982987f,0.5854248155099944f,0f,0f,0f,1f], start_interpolation: 0, interpolation_duration: 1 }
$data merge entity $(bone_right_forearm) { transformation: [-0.37255003680117715f,-0.7863083815217883f,-1.802290867605612f,-1.7351417426895703f,-0.3949475358727281f,1.8268940082725411f,-0.71540303233388f,-0.013094523095994681f,1.9262787145722353f,0.22249535705950577f,-0.4952503428564809f,0.16556188301820396f,0f,0f,0f,1f], start_interpolation: 0, interpolation_duration: 1 }
$data merge entity $(bone_right_bicep) { transformation: [-1.1408742698146834f,-0.6022108310031974f,-0.015608940014060766f,-1.6778003255321154f,-0.3183504632638248f,0.6310822191813382f,-1.079297845214182f,0.9229277605858069f,0.5114239987775624f,-0.9505645539187262f,-0.70665985156847f,-1.4032303328800881f,0f,0f,0f,1f], start_interpolation: 0, interpolation_duration: 1 }
$data merge entity $(bone_right_shoulder) { transformation: [-1.0901364536214657f,-0.5754288592632542f,-0.014914767526909296f,-1.3743293749999999f,-0.3041925426958298f,0.6030162574125346f,-1.0312985019586731f,1.1016635747004142f,0.4886795671313028f,-0.9082903341448414f,-0.6752327446482381f,-1.6360286962134423f,0f,0f,0f,1f], start_interpolation: 0, interpolation_duration: 1 }
$data merge entity $(bone_chest) { transformation: [-4.0674850000000005f,1.4685741349797677e-16f,4.759828472535043e-16f,1.373578021097545e-16f,0f,3.886694903256205f,-1.1991817853133218f,1.4580254661716596f,-4.981232485829872e-16f,-1.1991817853133218f,-3.886694903256205f,-1.1216115716416222f,0f,0f,0f,1f], start_interpolation: 0, interpolation_duration: 1 }
$data merge entity $(bone_weist) { transformation: [-1.0999999999999999f,1.091343643176585e-17f,1.3426835172689904e-16f,4.046751716984887e-16f,0f,1.0963842948055058f,-0.08911497126652526f,0.9333361040012843f,-1.3471114790620883e-16f,-0.08911497126652526f,-1.0963842948055058f,-3.304423544651726f,0f,0f,0f,1f], start_interpolation: 0, interpolation_duration: 1 }
$data merge entity $(bone_right_fingers2) { transformation: [-0.9959907061654192f,-0.02598205678525171f,-0.08560050208566296f,1.18091945479595f,0.0217958575809697f,-0.9985372268025945f,0.04948077689057456f,-0.023509855962881077f,-0.08676090032047679f,0.047416657564538334f,0.9951000988649273f,-10.132375883824247f,0f,0f,0f,1f], start_interpolation: 0, interpolation_duration: 1 }
$data merge entity $(bone_left_foot) { transformation: [-0.9959907061654192f,-0.0665999099394521f,0.05972407578327604f,1.10879049092645f,0.0217958575809697f,0.46684488047924183f,0.8840705843780987f,0.2546935416293988f,-0.08676090032047679f,0.8818278230847446f,-0.4635215600262851f,-9.178839106471315f,0f,0f,0f,1f], start_interpolation: 0, interpolation_duration: 1 }
$data merge entity $(bone_left_knee) { transformation: [-1.5786593791405268f,0.06411652098283284f,0.12646558789936638f,0.942079708440487f,0.034546743040486036f,1.5450321143973857f,-0.3520684543665705f,0.12897117276602332f,-0.13751725612071025f,-0.34790048254038f,-1.5402351012268323f,-7.111573927518757f,0f,0f,0f,1f], start_interpolation: 0, interpolation_duration: 1 }
$data merge entity $(bone_left_thigh) { transformation: [-1.5972238159111949f,-0.1427691741993697f,-0.014037745389560237f,0.7385400000000005f,0.03495299966258066f,-0.5394840176282728f,1.5097812080064303f,0.4612560881241736f,-0.13913440700193366f,1.5034220868183352f,0.5404328442703431f,-5.041237900918066f,0f,0f,0f,1f], start_interpolation: 0, interpolation_duration: 1 }
$data merge entity $(bone_left_fingers2) { transformation: [-0.9959907061654192f,0.025982056785251704f,0.08560050208566271f,-1.1777162311454483f,-0.0217958575809697f,-0.9985372268025945f,0.04948077689057456f,-0.06632086963066258f,0.08676090032047654f,0.047416657564538334f,0.9951000988649273f,-10.087338828380306f,0f,0f,0f,1f], start_interpolation: 0, interpolation_duration: 1 }
$data merge entity $(bone_right_foot) { transformation: [-0.9959907061654192f,0.06659990993945188f,-0.05972407578327593f,-1.1055872672759488f,-0.0217958575809697f,0.46684488047924183f,0.8840705843780987f,0.21188252796161727f,0.08676090032047654f,0.8818278230847446f,-0.4635215600262851f,-9.133802051027374f,0f,0f,0f,1f], start_interpolation: 0, interpolation_duration: 1 }
$data merge entity $(bone_right_knee) { transformation: [-1.5786593791405268f,-0.06411652098283276f,-0.126465587899366f,-0.9398043431180912f,-0.034546743040486036f,1.5450321143973857f,-0.3520684543665705f,0.11726710926276573f,0.13751725612070984f,-0.34790048254038f,-1.5402351012268323f,-7.069373813772716f,0f,0f,0f,1f], start_interpolation: 0, interpolation_duration: 1 }
$data merge entity $(bone_right_thigh) { transformation: [-1.5972238159111949f,0.14276917419936935f,0.014037745389560104f,-0.7385399999999994f,-0.03495299966258066f,-0.5394840176282728f,1.5097812080064303f,0.444962615305309f,0.13913440700193325f,1.5034220868183352f,0.5404328442703431f,-5.0263112803852f,0f,0f,0f,1f], start_interpolation: 0, interpolation_duration: 1 }