# This file was generated by Animated Java via MC-Build. It is not recommended to edit this file directly.
$data merge entity $(bone_left_fingers_2) { transformation: [-0.4011304791942575f,0.21393977769544212f,0.8906874368604344f,-1.4970663499696855f,0.21879283458745735f,0.9665774766526936f,-0.1336326201228463f,0.25642886860292524f,-0.8895077482487552f,0.14127191209626988f,-0.43453217678106754f,1.2255771519046261f,0f,0f,0f,1f], start_interpolation: 0, interpolation_duration: 1 }
$data merge entity $(bone_left_fingers) { transformation: [-0.4011304791942575f,0.21393977769544212f,0.8906874368604344f,-0.9769906443288078f,0.21879283458745735f,0.9665774766526936f,-0.1336326201228463f,0.1819961115284991f,-0.8895077482487552f,0.14127191209626988f,-0.43453217678106754f,0.9881946542892821f,0f,0f,0f,1f], start_interpolation: 0, interpolation_duration: 1 }
$data merge entity $(bone_left_index_finger_2) { transformation: [0.0008638408507442574f,0.23457025603589654f,0.9720987854957122f,-1.6697174883044363f,0.24370961400183266f,0.9427392502456261f,-0.22770228389147185f,0.4139308788148358f,-0.9698478632352923f,0.23710651831944352f,-0.05635264987885727f,0.5906849163323252f,0f,0f,0f,1f], start_interpolation: 0, interpolation_duration: 1 }
$data merge entity $(bone_left_index_finger) { transformation: [0.0008638408507442574f,0.23457025603589654f,0.9720987854957122f,-1.1081188512375673f,0.24370961400183266f,0.9427392502456261f,-0.22770228389147185f,0.28815422897136f,-0.9698478632352923f,0.23710651831944352f,-0.05635264987885727f,0.5595791645098277f,0f,0f,0f,1f], start_interpolation: 0, interpolation_duration: 1 }
$data merge entity $(bone_left_thumb) { transformation: [-0.28467453331616666f,0.19633099025856957f,0.9383040830910374f,-0.4434155172626402f,0.23046538386509816f,0.9641120005394093f,-0.1318095491829436f,0.15700655049210915f,-0.930508525979819f,0.1787237887914961f,-0.3197056308526283f,0.041802085627695496f,0f,0f,0f,1f], start_interpolation: 0, interpolation_duration: 1 }
$data merge entity $(bone_left_hand) { transformation: [-0.28467453331616666f,-0.011409011637425692f,0.9585563335217602f,-0.323248208458488f,0.23046538386509816f,0.969787504481548f,0.07998689262225545f,0.15292043099704555f,-0.930508525979819f,0.24368428469006445f,-0.273444423007594f,0.6553876438547594f,0f,0f,0f,1f], start_interpolation: 0, interpolation_duration: 1 }
$data merge entity $(bone_left_forearm) { transformation: [-0.4371311506873596f,0.5922285250971511f,1.861048136000435f,1.8429918950027468f,-0.020443267078525354f,1.9056033850212803f,-0.6112088392499647f,0.3949406320617507f,-1.9528996039941726f,-0.15251080751011106f,-0.4101731630210743f,0.15170593663177323f,0f,0f,0f,1f], start_interpolation: 0, interpolation_duration: 1 }
$data merge entity $(bone_left_bicep) { transformation: [-1.1692754232257623f,0.5407920754069887f,0.0695308516295322f,1.6933678419455898f,0.1427136885948042f,0.46233888365622844f,-1.1959812637572085f,0.9935576931300867f,-0.5262351292331133f,-1.0762352490731875f,-0.4788422505632666f,-1.5686997076781852f,0f,0f,0f,1f], start_interpolation: 0, interpolation_duration: 1 }
$data merge entity $(bone_left_shoulder) { transformation: [-1.117274529636925f,0.5167415646305422f,0.06643862344709615f,1.3743293750000003f,0.13636681839905906f,0.441777402063925f,-1.1427926879986348f,1.1041742177024463f,-0.5028320058847526f,-1.0283721078902355f,-0.45754681886019893f,-1.8221057615429384f,0f,0f,0f,1f], start_interpolation: 0, interpolation_duration: 1 }
$data merge entity $(bone_right_fingers_2) { transformation: [-0.18562483862301157f,-0.3520077357161431f,-0.9174061114262181f,1.6774066720234593f,-0.1967460595772174f,0.9280401570340724f,-0.316279077671938f,0.11070900821991786f,0.9627223936976945f,0.1217867847024775f,-0.24152343932797365f,0.7863137736424723f,0f,0f,0f,1f], start_interpolation: 0, interpolation_duration: 1 }
$data merge entity $(bone_right_fingers) { transformation: [-0.18562483862301157f,-0.3520077357161431f,-0.9174061114262181f,1.1440935351995751f,-0.1967460595772174f,0.9280401570340724f,-0.316279077671938f,-0.06890785492962817f,0.9627223936976945f,0.1217867847024775f,-0.24152343932797365f,0.661059519865735f,0f,0f,0f,1f], start_interpolation: 0, interpolation_duration: 1 }
$data merge entity $(bone_right_index_finger_2) { transformation: [-0.18562483862301157f,-0.3116560098046425f,-0.9318873058684881f,1.7684698207546448f,-0.1967460595772174f,0.9409527680459615f,-0.2754975069714435f,0.17505051817786269f,0.9627223936976945f,0.13220597512703788f,-0.23598129759302966f,0.352842523890036f,0f,0f,0f,1f], start_interpolation: 0, interpolation_duration: 1 }
$data merge entity $(bone_right_index_finger) { transformation: [-0.18562483862301157f,-0.3116560098046425f,-0.9318873058684881f,1.2296000461161056f,-0.1967460595772174f,0.9409527680459615f,-0.2754975069714435f,0.02171810206992067f,0.9627223936976945f,0.13220597512703788f,-0.23598129759302966f,0.21760606893366366f,0f,0f,0f,1f], start_interpolation: 0, interpolation_duration: 1 }
$data merge entity $(bone_right_thumb) { transformation: [0.15566644692723294f,-0.15963487716127836f,-0.9748254527323106f,0.5169136917022747f,-0.12073307155574522f,0.9763820540512088f,-0.1791692215740673f,-0.13362632650232487f,0.9804037345572313f,0.14558430726024485f,0.13271671615056008f,-0.22406078280809794f,0f,0f,0f,1f], start_interpolation: 0, interpolation_duration: 1 }
$data merge entity $(bone_right_hand) { transformation: [-0.18562483862301157f,0.02586337727950827f,-0.9822802578703689f,0.4601197318987995f,-0.1967460595772174f,0.9784320694611021f,0.06294182624378464f,-0.11512678448732128f,0.9627223936976945f,0.20494333647562812f,-0.17653277743019413f,0.3983348540802517f,0f,0f,0f,1f], start_interpolation: 0, interpolation_duration: 1 }
$data merge entity $(bone_right_forearm) { transformation: [-0.37149679031244f,-0.7839002262987476f,-1.8035568586054858f,-1.7350701060814897f,-0.393754037346247f,1.8279378494635932f,-0.7133917218460731f,-0.009481996873912268f,1.9267264115819989f,0.2224194819114241f,-0.49353994894554176f,-0.01981950316695924f,0f,0f,0f,1f], start_interpolation: 0, interpolation_duration: 1 }
$data merge entity $(bone_right_bicep) { transformation: [-1.1408551513958343f,-0.6021955290750781f,-0.017484044345787028f,-1.6778330485567603f,-0.3167725256295624f,0.6314664072530579f,-1.0795373856556771f,0.9258937317671145f,0.5124454254366674f,-0.9503190752499987f,-0.7062499307441601f,-1.5890011165721036f,0f,0f,0f,1f], start_interpolation: 0, interpolation_duration: 1 }
$data merge entity $(bone_right_shoulder) { transformation: [-1.0901181854512787f,-0.575414237853959f,-0.016706480812449822f,-1.3743293749999999f,-0.30268478028750573f,0.6033833595841842f,-1.0315273893779966f,1.1041742177024463f,0.48965556813794486f,-0.9080557725875807f,-0.6748410541302713f,-1.8221057615429386f,0f,0f,0f,1f], start_interpolation: 0, interpolation_duration: 1 }
$data merge entity $(bone_chest) { transformation: [-4.0674850000000005f,1.4835327525185495e-16f,4.755187446367554e-16f,1.6028320035022444e-16f,0f,3.88290521779692f,-1.2113964234842591f,1.4621517805906867f,-4.981232485829872e-16f,-1.2113964234842591f,-3.88290521779692f,-1.3088116546078414f,0f,0f,0f,1f], start_interpolation: 0, interpolation_duration: 1 }
$data merge entity $(bone_weist) { transformation: [-1.0999999999999999f,1.1335549716407983e-17f,1.342333739531094e-16f,4.273972148105259e-16f,0f,1.0960986796076055f,-0.09256178780935234f,0.9306018035364373f,-1.3471114790620883e-16f,-0.09256178780935234f,-1.0960986796076055f,-3.4899631069798778f,0f,0f,0f,1f], start_interpolation: 0, interpolation_duration: 1 }
$data merge entity $(bone_right_fingers2) { transformation: [-0.9959932848281791f,-0.02598985272186396f,-0.08556812568164397f,1.1807516493933135f,0.02180832833155926f,-0.9985387210918191f,0.04944511397193346f,-0.023327438251464272f,-0.0867281580143191f,0.0473809037040282f,0.9951046560898171f,-10.319907828024053f,0f,0f,0f,1f], start_interpolation: 0, interpolation_duration: 1 }
$data merge entity $(bone_left_foot) { transformation: [-0.9959932848281791f,-0.06656727224719375f,0.05971745844174705f,1.1086558629678713f,0.02180832833155926f,0.4668131904122836f,0.8840870104647438f,0.25484169350223546f,-0.0867281580143191f,0.8818470635675288f,-0.46349108199054945f,-9.366358544901004f,0f,0f,0f,1f], start_interpolation: 0, interpolation_duration: 1 }
$data merge entity $(bone_left_knee) { transformation: [-1.578663466357532f,0.06411977881343871f,0.1264129047485433f,0.9420102085255979f,0.034566509356839456f,1.5450442625616518f,-0.3520131981761945f,0.12904513333406875f,-0.137465359101601f,-0.3478459274222784f,-1.5402520554626216f,-7.299092628177949f,0f,0f,0f,1f], start_interpolation: 0, interpolation_duration: 1 }
$data merge entity $(bone_left_thigh) { transformation: [-1.5972279511923253f,-0.14272599018654045f,-0.01400632594041562f,0.7385400000000005f,0.03497299842333278f,-0.5395377722168303f,1.5097615358869398f,0.4612560881241736f,-0.13908189969352286f,1.5034068968804426f,0.5404886132945537f,-5.228737900918066f,0f,0f,0f,1f], start_interpolation: 0, interpolation_duration: 1 }
$data merge entity $(bone_left_fingers2) { transformation: [-0.9959932848281791f,0.02598985272186396f,0.08556812568164375f,-1.1775491440238002f,-0.02180832833155926f,-0.9985387210918191f,0.04944511397193346f,-0.06613952529338896f,0.08672815801431885f,0.0473809037040282f,0.9951046560898171f,-10.274871641502786f,0f,0f,0f,1f], start_interpolation: 0, interpolation_duration: 1 }
$data merge entity $(bone_right_foot) { transformation: [-0.9959932848281791f,0.06656727224719354f,-0.05971745844174695f,-1.1054533575983583f,-0.02180832833155926f,0.4668131904122836f,0.8840870104647438f,0.21202960646031077f,0.08672815801431885f,0.8818470635675288f,-0.46349108199054945f,-9.321322358379737f,0f,0f,0f,1f], start_interpolation: 0, interpolation_duration: 1 }
$data merge entity $(bone_right_knee) { transformation: [-1.578663466357532f,-0.06411977881343864f,-0.12641290474854294f,-0.9397357607361243f,-0.034566509356839456f,1.5450442625616518f,-0.3520131981761945f,0.11734009172667637f,0.13746535910160057f,-0.3478459274222784f,-1.5402520554626216f,-7.256892273329147f,0f,0f,0f,1f], start_interpolation: 0, interpolation_duration: 1 }
$data merge entity $(bone_right_thigh) { transformation: [-1.5972279511923253f,0.14272599018654009f,0.014006325940415487f,-0.7385399999999994f,-0.03497299842333278f,-0.5395377722168303f,1.5097615358869398f,0.444962615305309f,0.13908189969352247f,1.5034068968804426f,0.5404886132945537f,-5.2138112803852f,0f,0f,0f,1f], start_interpolation: 0, interpolation_duration: 1 }