# This file was generated by Animated Java via MC-Build. It is not recommended to edit this file directly.
$data merge entity $(bone_left_fingers_2) { transformation: [-0.3420120582421722f,0.0992151702125521f,0.9344432042754911f,-1.520365908073418f,0.2236609739050642f,0.974427648394949f,-0.02159923135965322f,0.19269201971280103f,-0.9126902655166161f,0.20161127955346148f,-0.35545656723153213f,1.3687273198582017f,0f,0f,0f,1f], start_interpolation: 0, interpolation_duration: 1 }
$data merge entity $(bone_left_fingers) { transformation: [-0.3420120582421722f,0.0992151702125521f,0.9344432042754911f,-0.9765492849533309f,0.2236609739050642f,0.974427648394949f,-0.02159923135965322f,0.18280502673453675f,-0.9126902655166161f,0.20161127955346148f,-0.35545656723153213f,1.1775856109462821f,0f,0f,0f,1f], start_interpolation: 0, interpolation_duration: 1 }
$data merge entity $(bone_left_index_finger_2) { transformation: [-0.1469594195105021f,0.10518192593817441f,0.9835342858655578f,-1.6750835682165266f,0.23837929906325586f,0.9687895251717448f,-0.06798651112990022f,0.32189501232939915f,-0.9599886659722848f,0.2244629554591173f,-0.16744594002635982f,0.8440043214185615f,0f,0f,0f,1f], start_interpolation: 0, interpolation_duration: 1 }
$data merge entity $(bone_left_index_finger) { transformation: [-0.1469594195105021f,0.10518192593817441f,0.9835342858655578f,-1.1076428327568537f,0.23837929906325586f,0.9687895251717448f,-0.06798651112990022f,0.288316740669972f,-0.9599886659722848f,0.2244629554591173f,-0.16744594002635982f,0.7487999412094162f,0f,0f,0f,1f], start_interpolation: 0, interpolation_duration: 1 }
$data merge entity $(bone_left_thumb) { transformation: [-0.2845992896684347f,0.19354764964810436f,0.938904974763643f,-0.4421888645705814f,0.22906206553147387f,0.9647664661687522f,-0.12944588016121972f,0.15864933836734305f,-0.9308779804328154f,0.1782273073127481f,-0.3189062753747095f,0.23161455840280065f,0f,0f,0f,1f], start_interpolation: 0, interpolation_duration: 1 }
$data merge entity $(bone_left_hand) { transformation: [-0.2845992896684347f,-0.014256432723515011f,0.9585405564952494f,-0.3224768882940694f,0.22906206553147387f,0.9699148650517333f,0.08243618553846827f,0.15530250988839078f,-0.9308779804328154f,0.24302655961371372f,-0.27277147370582f,0.8452935927665977f,0f,0f,0f,1f], start_interpolation: 0, interpolation_duration: 1 }
$data merge entity $(bone_left_forearm) { transformation: [-0.4356106926786517f,0.587092559348827f,1.8630308866285508f,1.8434650743171335f,-0.02289129204112353f,1.9071298074009408f,-0.6063417516732896f,0.4029674194752545f,-1.953212161165143f,-0.15328619582594166f,-0.4083920040800229f,0.3430757785490375f,0f,0f,0f,1f], start_interpolation: 0, interpolation_duration: 1 }
$data merge entity $(bone_left_bicep) { transformation: [-1.1692696166201848f,0.5403225701885712f,0.07318269812472175f,1.6934814079682958f,0.13915730375809124f,0.46314093838546444f,-1.1960900214922459f,1.0000739833132755f,-0.5271996130222177f,-1.0761262076761067f,-0.47802570714656784f,-1.3778233978349301f,0f,0f,0f,1f], start_interpolation: 0, interpolation_duration: 1 }
$data merge entity $(bone_left_shoulder) { transformation: [-1.1172689812670658f,0.5162929396003313f,0.06992806228603374f,1.3743293750000003f,0.1329685957761252f,0.44254378721369414f,-1.1428966089781105f,1.1096498942554986f,-0.5037535964274165f,-1.0282679158639478f,-0.4567665893747425f,-1.6315383690686978f,0f,0f,0f,1f], start_interpolation: 0, interpolation_duration: 1 }
$data merge entity $(bone_right_fingers_2) { transformation: [-0.18457968735157826f,-0.3492538639915936f,-0.9186686440192322f,1.6789582785896369f,-0.1954953495700001f,0.9290981496550225f,-0.313939797738542f,0.10982937715686271f,0.9631780247252827f,0.12164853798773995f,-0.23977015221196368f,0.9726464106696867f,0f,0f,0f,1f], start_interpolation: 0, interpolation_duration: 1 }
$data merge entity $(bone_right_fingers) { transformation: [-0.18457968735157826f,-0.3492538639915936f,-0.9186686440192322f,1.1449478121367398f,-0.1954953495700001f,0.9290981496550225f,-0.313939797738542f,-0.06841598193435285f,0.9631780247252827f,0.12164853798773995f,-0.23977015221196368f,0.848408086441677f,0f,0f,0f,1f], start_interpolation: 0, interpolation_duration: 1 }
$data merge entity $(bone_right_index_finger_2) { transformation: [-0.18457968735157826f,-0.30884968825753073f,-0.9330285146127205f,1.7694841459862207f,-0.1954953495700001f,0.9419077157347977f,-0.2731143045242392f,0.17358725937862007f,0.9631780247252827f,0.13199138268266392f,-0.23423570945485966f,0.5389764311816685f,0f,0f,0f,1f], start_interpolation: 0, interpolation_duration: 1 }
$data merge entity $(bone_right_index_finger) { transformation: [-0.18457968735157826f,-0.30884968825753073f,-0.9330285146127205f,1.2299729006006381f,-0.1954953495700001f,0.9419077157347977f,-0.2731143045242392f,0.021633858749093043f,0.9631780247252827f,0.13199138268266392f,-0.23423570945485966f,0.4047447555708936f,0f,0f,0f,1f], start_interpolation: 0, interpolation_duration: 1 }
$data merge entity $(bone_right_thumb) { transformation: [0.15694794720013058f,-0.15670989992549905f,-0.9750945334350946f,0.5161358964273922f,-0.12040786751125329f,0.976928973529345f,-0.17638516411618171f,-0.1320887585723337f,0.9802394030598125f,0.14509234281739303f,0.13445789208783038f,-0.0356294348404077f,0f,0f,0f,1f], start_interpolation: 0, interpolation_duration: 1 }
$data merge entity $(bone_right_hand) { transformation: [-0.18457968735157826f,0.02889077330714851f,-0.9823928248083392f,0.4604178693912364f,-0.1954953495700001f,0.978514323514971f,0.06550791534266565f,-0.11295510576675638f,0.9631780247252827f,0.204144659233969f,-0.17496585607640577f,0.5868442758784403f,0f,0f,0f,1f], start_interpolation: 0, interpolation_duration: 1 }
$data merge entity $(bone_right_forearm) { transformation: [-0.36940509641194325f,-0.7785042775081751f,-1.8063216039434722f,-1.7351587317994963f,-0.3912509523241152f,1.8302574396217213f,-0.7088068631449439f,-0.0015936605514726976f,1.9276382801959806f,0.22229612420682565f,-0.4900223118514784f,0.17221874696113693f,0f,0f,0f,1f], start_interpolation: 0, interpolation_duration: 1 }
$data merge entity $(bone_right_bicep) { transformation: [-1.1408753503815183f,-0.6020229292929588f,-0.021620615358586594f,-1.6779374287025401f,-0.3132276469409441f,0.6323759373522179f,-1.0800392301027095f,0.9323888152038745f,0.5145750670162693f,-0.9498235046441733f,-0.7053675878162912f,-1.3977931089773437f,0f,0f,0f,1f], start_interpolation: 0, interpolation_duration: 1 }
$data merge entity $(bone_right_shoulder) { transformation: [-1.090137486132522f,-0.5752493140588014f,-0.0206590871367025f,-1.3743293749999999f,-0.29929755210261877f,0.6042524403786185f,-1.0320069154223925f,1.1096498942554986f,0.49169049869996834f,-0.90758224136942f,-0.6739979514188557f,-1.631538369068698f,0f,0f,0f,1f], start_interpolation: 0, interpolation_duration: 1 }
$data merge entity $(bone_chest) { transformation: [-4.0674850000000005f,1.5160148751295442e-16f,4.744931609230296e-16f,1.3724667829371848e-16f,0f,3.874530691244122f,-1.2379200894372584f,1.471129082837975f,-4.981232485829872e-16f,-1.2379200894372584f,-3.874530691244122f,-1.1207041768228603f,0f,0f,0f,1f], start_interpolation: 0, interpolation_duration: 1 }
$data merge entity $(bone_weist) { transformation: [-1.0999999999999999f,1.2253196115653303e-17f,1.3415272101288076e-16f,4.0390930889722976e-16f,0f,1.0954400983718986f,-0.10005493930318894f,0.9246764363073436f,-1.3471114790620883e-16f,-0.10005493930318894f,-1.0954400983718986f,-3.2981698002921918f,0f,0f,0f,1f], start_interpolation: 0, interpolation_duration: 1 }
$data merge entity $(bone_right_fingers2) { transformation: [-0.995990560378159f,-0.02598161621652632f,-0.08560233207324422f,1.1809289395191063f,0.021795152712234617f,-0.9985371423000449f,0.04948279262037231f,-0.02352016651731892f,-0.0867627509698212f,0.047418678450980856f,0.9950998412109769f,-10.132374077911283f,0f,0f,0f,1f], start_interpolation: 0, interpolation_duration: 1 }
$data merge entity $(bone_left_foot) { transformation: [-0.995990560378159f,-0.06660175466383608f,0.059724449878580096f,1.108798100402619f,0.021795152712234617f,0.46684667163853344f,0.8840696559085568f,0.2546851678295202f,-0.0867627509698212f,0.8818267355074475f,-0.46352328268214005f,-9.178838007479385f,0f,0f,0f,1f], start_interpolation: 0, interpolation_duration: 1 }
$data merge entity $(bone_left_knee) { transformation: [-1.578659148065654f,0.0641163369603298f,0.1264685656494952f,0.9420836367146097f,0.03454562581355529f,1.5450314276954318f,-0.35207157753018603f,0.12896699239666187f,-0.13752018942613867f,-0.3479035660958842f,-1.5402341428276394f,-7.111572870371301f,0f,0f,0f,1f], start_interpolation: 0, interpolation_duration: 1 }
$data merge entity $(bone_left_thigh) { transformation: [-1.597223582118969f,-0.14277161510362135f,-0.014039521176407315f,0.7385400000000005f,0.03495186929748408f,-0.5394809792997945f,1.5097823198453004f,0.4612560881241736f,-0.13913737480192365f,1.503422945283711f,0.5404296920403162f,-5.041237900918066f,0f,0f,0f,1f], start_interpolation: 0, interpolation_duration: 1 }
$data merge entity $(bone_left_fingers2) { transformation: [-0.995990560378159f,0.025981616216526317f,0.08560233207324398f,-1.1777256752676326f,-0.021795152712234617f,-0.9985371423000449f,0.04948279262037231f,-0.06633111951494253f,0.08676275096982095f,0.047418678450980856f,0.9950998412109769f,-10.087336973355946f,0f,0f,0f,1f], start_interpolation: 0, interpolation_duration: 1 }
$data merge entity $(bone_right_foot) { transformation: [-0.995990560378159f,0.06660175466383587f,-0.05972444987858f,-1.1055948361511456f,-0.021795152712234617f,0.46684667163853344f,0.8840696559085568f,0.2118742148318966f,0.08676275096982095f,0.8818267355074475f,-0.46352328268214005f,-9.133800902924047f,0f,0f,0f,1f], start_interpolation: 0, interpolation_duration: 1 }
$data merge entity $(bone_right_knee) { transformation: [-1.578659148065654f,-0.06411633696032973f,-0.12646856564949488f,-0.939808219531421f,-0.03454562581355529f,1.5450314276954318f,-0.35207157753018603f,0.11726298417740233f,0.13752018942613828f,-0.3479035660958842f,-1.5402341428276394f,-7.069372770254835f,0f,0f,0f,1f], start_interpolation: 0, interpolation_duration: 1 }
$data merge entity $(bone_right_thigh) { transformation: [-1.597223582118969f,0.142771615103621f,0.014039521176407182f,-0.7385399999999994f,-0.03495186929748408f,-0.5394809792997945f,1.5097823198453004f,0.444962615305309f,0.13913737480192323f,1.503422945283711f,0.5404296920403162f,-5.0263112803852f,0f,0f,0f,1f], start_interpolation: 0, interpolation_duration: 1 }