# This file was generated by Animated Java via MC-Build. It is not recommended to edit this file directly.
$data merge entity $(bone_left_fingers_2) { transformation: [-0.40087276386409054f,0.21267563171348317f,0.8911061120131745f,-1.497162695525836f,0.2183250347155498f,0.9668345254420967f,-0.13253369243180735f,0.2559962213862424f,-0.8897388416880646f,0.14142162525026314f,-0.4340100430901973f,1.2258302786946396f,0f,0f,0f,1f], start_interpolation: 0, interpolation_duration: 1 }
$data merge entity $(bone_left_fingers) { transformation: [-0.40087276386409054f,0.21267563171348317f,0.8911061120131745f,-0.9768565541161194f,0.2183250347155498f,0.9668345254420967f,-0.13253369243180735f,0.18220471949403516f,-0.8897388416880646f,0.14142162525026314f,-0.4340100430901973f,0.9887527416788342f,0f,0f,0f,1f], start_interpolation: 0, interpolation_duration: 1 }
$data merge entity $(bone_left_index_finger_2) { transformation: [0.0002681640506027594f,0.23323613179544855f,0.9724200917880802f,-1.66975284970243f,0.24352049712151855f,0.9431309156991922f,-0.22627824317439615f,0.4131283450621799f,-0.9698957137598507f,0.23686490385343903f,-0.056544864954925056f,0.5913061681453873f,0f,0f,0f,1f], start_interpolation: 0, interpolation_duration: 1 }
$data merge entity $(bone_left_index_finger) { transformation: [0.0002681640506027594f,0.23323613179544855f,0.9724200917880802f,-1.1079767538655974f,0.24352049712151855f,0.9431309156991922f,-0.22627824317439615f,0.2881746665747035f,-0.9698957137598507f,0.23686490385343903f,-0.056544864954925056f,0.5600882409811703f,0f,0f,0f,1f], start_interpolation: 0, interpolation_duration: 1 }
$data merge entity $(bone_left_thumb) { transformation: [-0.2846571500667095f,0.19550133969881625f,0.9384825694129152f,-0.44305150122040654f,0.23005687290240057f,0.9643061832798452f,-0.13110080136530694f,0.15747425246011942f,-0.9306149268877366f,0.17858558470443542f,-0.3194730767834863f,0.04248303493258432f,0f,0f,0f,1f], start_interpolation: 0, interpolation_duration: 1 }
$data merge entity $(bone_left_hand) { transformation: [-0.2846571500667095f,-0.01225762767681815f,0.9585510197582785f,-0.3230168069636019f,0.23005687290240057f,0.9698236832116585f,0.08072086912404247f,0.15360210374965266f,-0.9306149268877366f,0.24349902267875462f,-0.2732472942376992f,0.6560959376502647f,0f,0f,0f,1f], start_interpolation: 0, interpolation_duration: 1 }
$data merge entity $(bone_left_forearm) { transformation: [-0.4366817275142424f,0.5907005780117377f,1.8616391512166024f,1.8431357489286235f,-0.0211688440017197f,1.9060593372558834f,-0.6097607040913565f,0.3973026446662269f,-1.9529924173558644f,-0.15273854571441664f,-0.40964617385523944f,0.15284810932235904f,0f,0f,0f,1f], start_interpolation: 0, interpolation_duration: 1 }
$data merge entity $(bone_left_bicep) { transformation: [-1.169275399333866f,0.5406513823849208f,0.07061690129858254f,1.6934022471215857f,0.1416564567589537f,0.4625794300835443f,-1.1960139391466944f,0.9954732495251815f,-0.5265207614921168f,-1.0762025725206052f,-0.4786016445112829f,-1.5677032935564332f,0f,0f,0f,1f], start_interpolation: 0, interpolation_duration: 1 }
$data merge entity $(bone_left_shoulder) { transformation: [-1.1172745068075671f,0.5166071286140728f,0.06747637350071742f,1.3743293750000003f,0.13535660457034596f,0.44200725073011327f,-1.1428239102236928f,1.1057806225220201f,-0.5031049352917069f,-1.0283408845538073f,-0.45731691322101575f,-1.8212007743592693f,0f,0f,0f,1f], start_interpolation: 0, interpolation_duration: 1 }
$data merge entity $(bone_right_fingers_2) { transformation: [-0.18530778019658747f,-0.35120660024606515f,-0.9177771791356624f,1.6778965560850454f,-0.19637422619776412f,0.9283492198313119f,-0.3156024228738167f,0.110484461723969f,0.9628593821965087f,0.12174419896732072f,-0.2409982575330426f,0.7859473200141877f,0f,0f,0f,1f], start_interpolation: 0, interpolation_duration: 1 }
$data merge entity $(bone_right_fingers) { transformation: [-0.18530778019658747f,-0.35120660024606515f,-0.9177771791356624f,1.1443785570529466f,-0.19637422619776412f,0.9283492198313119f,-0.3156024228738167f,-0.06873552748205522f,0.9628593821965087f,0.12174419896732072f,-0.2409982575330426f,0.6609973792236494f,0f,0f,0f,1f], start_interpolation: 0, interpolation_duration: 1 }
$data merge entity $(bone_right_index_finger_2) { transformation: [-0.18530778019658747f,-0.310839451091858f,-0.9322230753652935f,1.768797585707759f,-0.19637422619776412f,0.9412320214161489f,-0.2748080150688825f,0.17465258297954075f,0.9628593821965087f,0.1321405218159144f,-0.23545847321847468f,0.3524163449380044f,0f,0f,0f,1f], start_interpolation: 0, interpolation_duration: 1 }
$data merge entity $(bone_right_index_finger) { transformation: [-0.18530778019658747f,-0.310839451091858f,-0.9322230753652935f,1.2297390230450573f,-0.19637422619776412f,0.9412320214161489f,-0.2748080150688825f,0.021719151443893164f,0.9628593821965087f,0.1321405218159144f,-0.23545847321847468f,0.21748082649897474f,0f,0f,0f,1f], start_interpolation: 0, interpolation_duration: 1 }
$data merge entity $(bone_right_thumb) { transformation: [0.1560527558264615f,-0.15878350835813154f,-0.9749027309800963f,0.5167114555005862f,-0.12062970795976902f,0.9765430001784187f,-0.17835986757136094f,-0.133158633461336f,0.9803550433167095f,0.1454357805906638f,0.13323821811881417f,-0.2237990153792352f,0f,0f,0f,1f], start_interpolation: 0, interpolation_duration: 1 }
$data merge entity $(bone_right_hand) { transformation: [-0.18530778019658747f,0.026745531407772027f,-0.9823164984608215f,0.46023877731427554f,-0.19637422619776412f,0.978458661673061f,0.06368524697440847f,-0.11446923288680377f,0.9628593821965087f,0.20470301401463994f,-0.1760638695743094f,0.3986201831254448f,0f,0f,0f,1f], start_interpolation: 0, interpolation_duration: 1 }
$data merge entity $(bone_right_forearm) { transformation: [-0.3708622513755616f,-0.7823308079085695f,-1.8043687177870094f,-1.7350716520104656f,-0.39300987558415396f,1.828614867615425f,-0.7120657805678561f,-0.0071685331442910005f,1.9270005709455662f,0.22238018157989595f,-0.4924861689860077f,-0.018478116007301093f,0f,0f,0f,1f], start_interpolation: 0, interpolation_duration: 1 }
$data merge entity $(bone_right_bicep) { transformation: [-1.1408552345222542f,-0.6021590311042855f,-0.018693812715211578f,-1.677860477045142f,-0.31574231966961924f,0.6317263821630887f,-1.0796870792780164f,0.9277967136636176f,0.5130806417552032f,-0.9501694074478476f,-0.705990067718651f,-1.5879052850897364f,0f,0f,0f,1f], start_interpolation: 0, interpolation_duration: 1 }
$data merge entity $(bone_right_shoulder) { transformation: [-1.090118264880838f,-0.5753793630482971f,-0.017862447455612107f,-1.3743293749999999f,-0.301700390419677f,0.6036317726950327f,-1.0316704257132916f,1.1057806225220201f,0.4902625346399448f,-0.9079127609241792f,-0.6745927479281323f,-1.8212007743592697f,0f,0f,0f,1f], start_interpolation: 0, interpolation_duration: 1 }
$data merge entity $(bone_chest) { transformation: [-4.0674850000000005f,1.493082248572501e-16f,4.752197647077038e-16f,1.6026056570437823e-16f,0f,3.880463861405348f,-1.2191941787722327f,1.4647885973294006f,-4.981232485829872e-16f,-1.2191941787722327f,-3.880463861405348f,-1.3086268286983471f,0f,0f,0f,1f], start_interpolation: 0, interpolation_duration: 1 }
$data merge entity $(bone_weist) { transformation: [-1.0999999999999999f,1.1605182436844302e-17f,1.3421033160981322e-16f,4.272432724716264e-16f,0f,1.0959105245957912f,-0.0947635060568017f,0.9288580724259711f,-1.3471114790620883e-16f,-0.0947635060568017f,-1.0959105245957912f,-3.4887060723882986f,0f,0f,0f,1f], start_interpolation: 0, interpolation_duration: 1 }
$data merge entity $(bone_right_fingers2) { transformation: [-0.9959932736192664f,-0.025989818821328222f,-0.08556826644739134f,1.1807523789769483f,0.021808274110920723f,-0.9985387145980066f,0.0494452690281294f,-0.023328231372808095f,-0.08672830037237077f,0.04738105915443086f,0.9951046362809917f,-10.31990768916314f,0f,0f,0f,1f], start_interpolation: 0, interpolation_duration: 1 }
$data merge entity $(bone_left_foot) { transformation: [-0.9959932736192664f,-0.06656741415127221f,0.05971748720760299f,1.1086564483017602f,0.021808274110920723f,0.46681332819651766f,0.884086939049771f,0.25484104936354f,-0.08672830037237077f,0.8818469799184572f,-0.4634912145048885f,-9.366358460407701f,0f,0f,0f,1f], start_interpolation: 0, interpolation_duration: 1 }
$data merge entity $(bone_left_knee) { transformation: [-1.5786634485912467f,0.06411976464056708f,0.1264131338052261f,0.9420105106978311f,0.03456642341635925f,1.545044209748373f,-0.35201343842139665f,0.12904481176561544f,-0.1374655847411296f,-0.34784616461805595f,-1.540251981756984f,-7.299092546881875f,0f,0f,0f,1f], start_interpolation: 0, interpolation_duration: 1 }
$data merge entity $(bone_left_thigh) { transformation: [-1.597227933217115f,-0.14272617793813447f,-0.014006462553607206f,0.7385400000000005f,0.03497291147222505f,-0.5395375385030872f,1.5097616214224998f,0.4612560881241736f,-0.13908212798648695f,1.503406962930634f,0.5404883708254496f,-5.228737900918066f,0f,0f,0f,1f], start_interpolation: 0, interpolation_duration: 1 }
$data merge entity $(bone_left_fingers2) { transformation: [-0.9959932736192664f,0.0259898188213282f,0.08556826644739111f,-1.177549870484654f,-0.021808274110920723f,-0.9985387145980066f,0.0494452690281294f,-0.06614031374797458f,0.08672830037237052f,0.04738105915443086f,0.9951046362809917f,-10.27487149886383f,0f,0f,0f,1f], start_interpolation: 0, interpolation_duration: 1 }
$data merge entity $(bone_right_foot) { transformation: [-0.9959932736192664f,0.06656741415127201f,-0.05971748720760288f,-1.1054539398094663f,-0.021808274110920723f,0.46681332819651766f,0.884086939049771f,0.21202896698837354f,0.08672830037237052f,0.8818469799184572f,-0.4634912145048885f,-9.321322270108391f,0f,0f,0f,1f], start_interpolation: 0, interpolation_duration: 1 }
$data merge entity $(bone_right_knee) { transformation: [-1.5786634485912467f,-0.06411976464056701f,-0.12641313380522573f,-0.9397360589191012f,-0.03456642341635925f,1.545044209748373f,-0.35201343842139665f,0.11733977441086041f,0.13746558474112922f,-0.34784616461805595f,-1.540251981756984f,-7.2568921930812f,0f,0f,0f,1f], start_interpolation: 0, interpolation_duration: 1 }
$data merge entity $(bone_right_thigh) { transformation: [-1.597227933217115f,0.1427261779381341f,0.014006462553607072f,-0.7385399999999994f,-0.03497291147222505f,-0.5395375385030872f,1.5097616214224998f,0.444962615305309f,0.13908212798648653f,1.503406962930634f,0.5404883708254496f,-5.2138112803852f,0f,0f,0f,1f], start_interpolation: 0, interpolation_duration: 1 }