# This file was generated by Animated Java via MC-Build. It is not recommended to edit this file directly.
$data merge entity $(bone_left_fingers_2) { transformation: [-0.33698592114681786f,0.05510725365959553f,0.9398955684239223f,-1.5122492797512244f,0.20631339527529774f,0.9783449909288252f,0.016609083492372917f,0.1795017449481835f,-0.9186268403866772f,0.19951007322582698f,-0.3410578525743335f,1.1958083188888486f,0f,0f,0f,1f], start_interpolation: 0, interpolation_duration: 1 }
$data merge entity $(bone_left_fingers) { transformation: [-0.33698592114681786f,0.05510725365959553f,0.9398955684239223f,-0.9656145860168028f,0.20631339527529774f,0.9783449909288252f,0.016609083492372917f,0.19189622821040794f,-0.9186268403866772f,0.19951007322582698f,-0.3410578525743335f,1.0130343779448676f,0f,0f,0f,1f], start_interpolation: 0, interpolation_duration: 1 }
$data merge entity $(bone_left_index_finger_2) { transformation: [-0.16084883074814965f,0.06007927366976846f,0.9851487880123827f,-1.6650298352627166f,0.2252658475657731f,0.9740346838978009f,-0.02262150491425753f,0.2972977279387939f,-0.960928171908508f,0.21828173409478163f,-0.17020614851746133f,0.6793647393364719f,0f,0f,0f,1f], start_interpolation: 0, interpolation_duration: 1 }
$data merge entity $(bone_left_index_finger) { transformation: [-0.16084883074814965f,0.06007927366976846f,0.9851487880123827f,-1.0969195175528093f,0.2252658475657731f,0.9740346838978009f,-0.02262150491425753f,0.2898946416859586f,-0.960928171908508f,0.21828173409478163f,-0.17020614851746133f,0.5825338360920146f,0f,0f,0f,1f], start_interpolation: 0, interpolation_duration: 1 }
$data merge entity $(bone_left_thumb) { transformation: [-0.2850581960076122f,0.16046342528376098f,0.944983234790485f,-0.42375648942516503f,0.2127509654828777f,0.9718875230612419f,-0.10085469351491816f,0.1783772815873884f,-0.9346009049722718f,0.17229663857454536f,-0.31118325269995395f,0.07112523708114504f,0f,0f,0f,1f], start_interpolation: 0, interpolation_duration: 1 }
$data merge entity $(bone_left_hand) { transformation: [-0.2850581960076122f,-0.04787200512270856f,0.9573140007408318f,-0.30854840593215016f,0.2127509654828777f,0.9706788590625872f,0.11189092570471498f,0.18346793659411964f,-0.9346009049722718f,0.23556490335889604f,-0.26651514915765084f,0.685653754297431f,0f,0f,0f,1f], start_interpolation: 0, interpolation_duration: 1 }
$data merge entity $(bone_left_forearm) { transformation: [-0.42014632006924785f,0.5253203305071782f,1.884896297794336f,1.8517614525942574f,-0.051516275734171564f,1.924219447481393f,-0.5477627448262438f,0.4984949258991964f,-1.9560525495030665f,-0.16351300144309203f,-0.3904361091040654f,0.1971002393973773f,0f,0f,0f,1f], start_interpolation: 0, interpolation_duration: 1 }
$data merge entity $(bone_left_bicep) { transformation: [-1.1692690908325418f,0.532791072666262f,0.11592708752438619f,1.6950169505360162f,0.0967841387204255f,0.4727459000625532f,-1.196511499308429f,1.0777155588727718f,-0.5365987767661218f,-1.0757047040764915f,-0.4684194337470654f,-1.5293006246666765f,0f,0f,0f,1f], start_interpolation: 0, interpolation_duration: 1 }
$data merge entity $(bone_left_shoulder) { transformation: [-1.1172684788626452f,0.5090963884845255f,0.11077149114163772f,1.3743293750000003f,0.09247988191427149f,0.45172158983127125f,-1.14329934251674f,1.1748799231327596f,-0.5127347535118438f,-1.0278651576885462f,-0.4475875333706547f,-1.7861171978264905f,0f,0f,0f,1f], start_interpolation: 0, interpolation_duration: 1 }
$data merge entity $(bone_right_fingers_2) { transformation: [-0.17326566406648122f,-0.3166881123578672f,-0.9325704526451671f,1.691821732794143f,-0.18079209583566208f,0.9410287661736175f,-0.28597041685654867f,0.09936613679273443f,0.9681390539271467f,0.11905251246811341f,-0.2203026816361519f,0.7723937799136266f,0f,0f,0f,1f], start_interpolation: 0, interpolation_duration: 1 }
$data merge entity $(bone_right_fingers) { transformation: [-0.17326566406648122f,-0.3166881123578672f,-0.9325704526451671f,1.15014323813605f,-0.18079209583566208f,0.9410287661736175f,-0.28597041685654867f,-0.06248857048203138f,0.9681390539271467f,0.11905251246811341f,-0.2203026816361519f,0.6594282555988012f,0f,0f,0f,1f], start_interpolation: 0, interpolation_duration: 1 }
$data merge entity $(bone_right_index_finger_2) { transformation: [-0.17326566406648122f,-0.27570854362784647f,-0.9454965936618773f,1.776461977087945f,-0.18079209583566208f,0.952606969691015f,-0.24465113811190617f,0.15627605562855446f,0.9681390539271467f,0.12854866886403027f,-0.21490000464014863f,0.33658769745672534f,0f,0f,0f,1f], start_interpolation: 0, interpolation_duration: 1 }
$data merge entity $(bone_right_index_finger) { transformation: [-0.17326566406648122f,-0.27570854362784647f,-0.9454965936618773f,1.2299568058155717f,-0.18079209583566208f,0.952606969691015f,-0.24465113811190617f,0.020788488931323165f,0.9681390539271467f,0.12854866886403027f,-0.21490000464014863f,0.21347969755146656f,0f,0f,0f,1f], start_interpolation: 0, interpolation_duration: 1 }
$data merge entity $(bone_right_thumb) { transformation: [0.17076992497642002f,-0.12230051915774034f,-0.9776912681093634f,0.5036195619166336f,-0.11672085401528151f,0.9827689373449602f,-0.14332291522224f,-0.11351536858915723f,0.9783730755501665f,0.13859220325691216f,0.15355235665695116f,-0.21257196734846895f,0f,0f,0f,1f], start_interpolation: 0, interpolation_duration: 1 }
$data merge entity $(bone_right_hand) { transformation: [-0.17326566406648122f,0.06429759654344974f,-0.982774047649986f,0.4598843251519451f,-0.18079209583566208f,0.9788333572496943f,0.09591390315611947f,-0.08703324184881289f,0.9681390539271467f,0.194296365931091f,-0.1579737144180056f,0.4105893614990641f,0f,0f,0f,1f], start_interpolation: 0, interpolation_duration: 1 }
$data merge entity $(bone_right_forearm) { transformation: [-0.3467619880482509f,-0.7146050371112018f,-1.8369601347897249f,-1.738109178097588f,-0.3618248711489053f,1.8565534682215534f,-0.6539256490451825f,0.09209325527008949f,1.9375669429698337f,0.2188050109032763f,-0.45087191190039183f,0.034277562442220244f,0f,0f,0f,1f], start_interpolation: 0, interpolation_duration: 1 }
$data merge entity $(bone_right_bicep) { transformation: [-1.1408771790234697f,-0.5983917916490759f,-0.0694416991552611f,-1.6792201620370117f,-0.2713001986102475f,0.6431649556617974f,-1.0850026108511028f,1.0096924887937384f,0.5378578698212021f,-0.9448606918518088f,-0.6945810308206176f,-1.545304186236152f,0f,0f,0f,1f], start_interpolation: 0, interpolation_duration: 1 }
$data merge entity $(bone_right_shoulder) { transformation: [-1.0901392334497368f,-0.5717796630916032f,-0.06635343582852603f,-1.3743293749999999f,-0.2592347327000503f,0.6145616413740732f,-1.036749560979563f,1.1748799231327596f,0.5139378512362475f,-0.902840138509712f,-0.663691102275909f,-1.7861171978264907f,0f,0f,0f,1f], start_interpolation: 0, interpolation_duration: 1 }
$data merge entity $(bone_chest) { transformation: [-4.0674850000000005f,1.8886484764445475e-16f,4.609304070064215e-16f,1.598967099524213e-16f,0f,3.7637824009938154f,-1.542198516143184f,1.5758481825270858f,-4.981232485829872e-16f,-1.542198516143184f,-3.7637824009938154f,-1.305655721010724f,0f,0f,0f,1f], start_interpolation: 0, interpolation_duration: 1 }
$data merge entity $(bone_weist) { transformation: [-1.0999999999999999f,2.288560056776425e-17f,1.3275293841140098e-16f,4.203910822770974e-16f,0f,1.0840100060182964f,-0.1868751103068909f,0.8579197372488894f,-1.3471114790620883e-16f,-0.1868751103068909f,-1.0840100060182964f,-3.4327536933080625f,0f,0f,0f,1f], start_interpolation: 0, interpolation_duration: 1 }
$data merge entity $(bone_right_fingers2) { transformation: [-0.9959903136522978f,-0.025980870656031132f,-0.08560542897942838f,1.1809449906061142f,0.02179395985739768f,-0.9985369992853166f,0.049486203855320376f,-0.023537615145016233f,-0.08676588283727373f,0.047422098416569136f,0.9950994051637445f,-10.319871021660397f,0f,0f,0f,1f], start_interpolation: 0, interpolation_duration: 1 }
$data merge entity $(bone_left_foot) { transformation: [-0.9959903136522978f,-0.06660487650150702f,0.05972508298040593f,1.1088109779946893f,0.02179395985739768f,0.46684970282669447f,0.8840680846430107f,0.25467099678396826f,-0.08676588283727373f,0.881824894974533f,-0.4635261979420606f,-9.366336147574234f,0f,0f,0f,1f], start_interpolation: 0, interpolation_duration: 1 }
$data merge entity $(bone_left_knee) { transformation: [-1.5786587570016688f,0.06411602556584606f,0.12647360492060597f,0.9420902845675267f,0.034543735121739964f,1.5450302655682029f,-0.35207686288098394f,0.1289599179280112f,-0.13752515348041905f,-0.3479087844218882f,-1.5402325208929653f,-7.299071081315073f,0f,0f,0f,1f], start_interpolation: 0, interpolation_duration: 1 }
$data merge entity $(bone_left_thigh) { transformation: [-1.5972231864562194f,-0.1427757458814181f,-0.014042526330976942f,0.7385400000000005f,0.03494995637184864f,-0.5394758375068875f,1.509784201403286f,0.4612560881241736f,-0.13914239723160346f,1.503424398047789f,0.5404243574806706f,-5.228737900918066f,0f,0f,0f,1f], start_interpolation: 0, interpolation_duration: 1 }
$data merge entity $(bone_left_fingers2) { transformation: [-0.9959903136522978f,0.02598087065603112f,0.08560542897942816f,-1.1777416576446984f,-0.02179395985739768f,-0.9985369992853166f,0.049486203855320376f,-0.06634846546977596f,0.08676588283727348f,0.047422098416569136f,0.9950994051637445f,-10.274833833993856f,0f,0f,0f,1f], start_interpolation: 0, interpolation_duration: 1 }
$data merge entity $(bone_right_foot) { transformation: [-0.9959903136522978f,0.06660487650150682f,-0.059725082980405825f,-1.1056076450332737f,-0.02179395985739768f,0.46684970282669447f,0.8840680846430107f,0.21186014645920853f,0.08676588283727348f,0.881824894974533f,-0.4635261979420606f,-9.321298959907695f,0f,0f,0f,1f], start_interpolation: 0, interpolation_duration: 1 }
$data merge entity $(bone_right_knee) { transformation: [-1.5786587570016688f,-0.06411602556584599f,-0.12647360492060558f,-0.9398147796198617f,-0.034543735121739964f,1.5450302655682029f,-0.35207686288098394f,0.11725600326625074f,0.13752515348041866f,-0.3479087844218882f,-1.5402325208929653f,-7.256871004264534f,0f,0f,0f,1f], start_interpolation: 0, interpolation_duration: 1 }
$data merge entity $(bone_right_thigh) { transformation: [-1.5972231864562194f,0.14277574588141773f,0.014042526330976808f,-0.7385399999999994f,-0.03494995637184864f,-0.5394758375068875f,1.509784201403286f,0.444962615305309f,0.13914239723160304f,1.503424398047789f,0.5404243574806706f,-5.2138112803852f,0f,0f,0f,1f], start_interpolation: 0, interpolation_duration: 1 }