# This file was generated by Animated Java via MC-Build. It is not recommended to edit this file directly.
$data merge entity $(bone_left_fingers_2) { transformation: [-0.3367836388736032f,0.0535510567562714f,0.9400580114585168f,-1.5118202030590202f,0.2057699476288978f,0.9784351751530579f,0.017981564893118376f,0.17902029728660712f,-0.9188228932932914f,0.19949158464329111f,-0.34054015683418837f,1.1962643545359417f,0f,0f,0f,1f], start_interpolation: 0, interpolation_duration: 1 }
$data merge entity $(bone_left_fingers) { transformation: [-0.3367836388736032f,0.0535510567562714f,0.9400580114585168f,-0.9651036728580399f,0.2057699476288978f,0.9784351751530579f,0.017981564893118376f,0.19221376566762188f,-0.9188228932932914f,0.19949158464329111f,-0.34054015683418837f,1.0137913617541718f,0f,0f,0f,1f], start_interpolation: 0, interpolation_duration: 1 }
$data merge entity $(bone_left_index_finger_2) { transformation: [-0.16150698087147236f,0.05848008391942981f,0.9851373380978707f,-1.6645250411266945f,0.22481434228111646f,0.9741758903564035f,-0.02097250945923064f,0.296422353859859f,-0.9609235175780073f,0.21808579603698397f,-0.17048336849213244f,0.6802343661340319f,0f,0f,0f,1f], start_interpolation: 0, interpolation_duration: 1 }
$data merge entity $(bone_left_index_finger) { transformation: [-0.16150698087147236f,0.05848008391942981f,0.9851373380978707f,-1.0964305725661994f,0.22481434228111646f,0.9741758903564035f,-0.02097250945923064f,0.28997043655064025f,-0.9609235175780073f,0.21808579603698397f,-0.17048336849213244f,0.5832425615747816f,0f,0f,0f,1f], start_interpolation: 0, interpolation_duration: 1 }
$data merge entity $(bone_left_thumb) { transformation: [-0.28510588810455234f,0.1594017413285133f,0.9451485160701212f,-0.4230528182550557f,0.2122261511707318f,0.972097925166174f,-0.09992839759986828f,0.17904385009059154f,-0.9347056720312401f,0.17209505730571517f,-0.31098006033115777f,0.07198819083669572f,0f,0f,0f,1f], start_interpolation: 0, interpolation_duration: 1 }
$data merge entity $(bone_left_hand) { transformation: [-0.28510588810455234f,-0.04894429634539582f,0.9572455737287943f,-0.3079668184787836f,0.2122261511707318f,0.9706837866672762f,0.11284080405835295f,0.18440303516104828f,-0.9347056720312401f,0.23532412149316953f,-0.2663604034313206f,0.6865372999674915f,0f,0f,0f,1f], start_interpolation: 0, interpolation_duration: 1 }
$data merge entity $(bone_left_forearm) { transformation: [-0.41972040455007903f,0.5233139008984543f,1.8855491975765193f,1.8521009708768077f,-0.0524273407299261f,1.9247355117371747f,-0.5458598878398367f,0.5016005745092661f,-1.9561197788732165f,-0.16387252464941673f,-0.3899482526140106f,0.19831799250609206f,0f,0f,0f,1f], start_interpolation: 0, interpolation_duration: 1 }
$data merge entity $(bone_left_bicep) { transformation: [-1.1692690669327612f,0.5324943730699687f,0.11728262989088567f,1.6950709046476362f,0.09541822532448904f,0.47305328580769523f,-1.19649971774906f,1.0802433865739205f,-0.536843398861555f,-1.0757164844634834f,-0.4681119883782186f,-1.5282506792746968f,0f,0f,0f,1f], start_interpolation: 0, interpolation_duration: 1 }
$data merge entity $(bone_left_shoulder) { transformation: [-1.1172684560257535f,0.508812883935206f,0.1120667488113452f,1.3743293750000003f,0.0911747144433265f,0.4520153052870132f,-1.1432880849157154f,1.1770069523125213f,-0.51296849658998f,-1.0278764141693324f,-0.44729376094283807f,-1.7851511863579095f,0f,0f,0f,1f], start_interpolation: 0, interpolation_duration: 1 }
$data merge entity $(bone_right_fingers_2) { transformation: [-0.17294059645431736f,-0.31562512120169955f,-0.9329910679982079f,1.6920436414423186f,-0.1803232252507453f,0.9413995267697934f,-0.28504467269671613f,0.09899029981607768f,0.9682846092617572f,0.11894416279927827f,-0.2197207354866279f,0.7720402100807204f,0f,0f,0f,1f], start_interpolation: 0, interpolation_duration: 1 }
$data merge entity $(bone_right_fingers) { transformation: [-0.17294059645431736f,-0.31562512120169955f,-0.9329910679982079f,1.150133353797136f,-0.1803232252507453f,0.9413995267697934f,-0.28504467269671613f,-0.06232228578831642f,0.9682846092617572f,0.11894416279927827f,-0.2197207354866279f,0.6594114508949711f,0f,0f,0f,1f], start_interpolation: 0, interpolation_duration: 1 }
$data merge entity $(bone_right_index_finger_2) { transformation: [-0.17294059645431736f,-0.2746282172197039f,-0.9458704416592958f,1.7765115661891009f,-0.1803232252507453f,0.9529369970121483f,-0.24371010270532129f,0.15568211540121699f,0.9682846092617572f,0.12841503818554972f,-0.2143233385205861f,0.3361722724469942f,0f,0f,0f,1f], start_interpolation: 0, interpolation_duration: 1 }
$data merge entity $(bone_right_index_finger) { transformation: [-0.17294059645431736f,-0.2746282172197039f,-0.9458704416592958f,1.2297971871509574f,-0.1803232252507453f,0.9529369970121483f,-0.24371010270532129f,0.020738796995735775f,0.9682846092617572f,0.12841503818554972f,-0.2143233385205861f,0.21339584487105484f,0f,0f,0f,1f], start_interpolation: 0, interpolation_duration: 1 }
$data merge entity $(bone_right_thumb) { transformation: [0.17116824587976073f,-0.12118291204678838f,-0.9777607751542834f,0.5030903701517685f,-0.11661436986004703f,0.9829389847519782f,-0.14223937920595284f,-0.1129189397626322f,0.9783161658403635f,0.13836782170219675f,0.15411627290068744f,-0.2122285796103549f,0f,0f,0f,1f], start_interpolation: 0, interpolation_duration: 1 }
$data merge entity $(bone_right_hand) { transformation: [-0.17294059645431736f,0.0654406348428806f,-0.9827558564615043f,0.45971600498534193f,-0.1803232252507453f,0.9788216284233864f,0.09691106317526094f,-0.08620709413079664f,0.9682846092617572f,0.19397356273974836f,-0.15747752990460206f,0.4109481669807936f,0f,0f,0f,1f], start_interpolation: 0, interpolation_duration: 1 }
$data merge entity $(bone_right_forearm) { transformation: [-0.3461114200776645f,-0.7125163828952951f,-1.8378939200139344f,-1.73828666826467f,-0.3608865057951056f,1.8573755912979237f,-0.6521070579377675f,0.09514282740103341f,1.9378582474095938f,0.21863917577381994f,-0.44969889480642766f,0.03575652694488052f,0f,0f,0f,1f], start_interpolation: 0, interpolation_duration: 1 }
$data merge entity $(bone_right_bicep) { transformation: [-1.1408772621432712f,-0.5982129395995839f,-0.0709646047773751f,-1.679266767073479f,-0.2699302009190631f,0.6435220732660651f,-1.0851325501348905f,1.0122142548873132f,0.5385465466116914f,-0.9447307783840225f,-0.6942240250939545f,-1.5441268290296213f,0f,0f,0f,1f], start_interpolation: 0, interpolation_duration: 1 }
$data merge entity $(bone_right_shoulder) { transformation: [-1.0901393128729724f,-0.5716087650845969f,-0.06780861364962038f,-1.3743293749999999f,-0.2579256625736989f,0.6149028769764024f,-1.0368737215060664f,1.1770069523125213f,0.5145959006759964f,-0.9027160026511014f,-0.6633499735756796f,-1.78515118635791f,0f,0f,0f,1f], start_interpolation: 0, interpolation_duration: 1 }
$data merge entity $(bone_chest) { transformation: [-4.0674850000000005f,1.9003742579979032e-16f,4.604482029221721e-16f,1.5990358208503973e-16f,0f,3.759844905835332f,-1.5517733434007404f,1.5791968145624287f,-4.981232485829872e-16f,-1.5517733434007404f,-3.759844905835332f,-1.3057118362320532f,0f,0f,0f,1f], start_interpolation: 0, interpolation_duration: 1 }
$data merge entity $(bone_weist) { transformation: [-1.0999999999999999f,2.3223417813707853e-17f,1.326942584864109e-16f,4.2017332870741825e-16f,0f,1.0835308480681762f,-0.189633597457462f,0.8558566672682303f,-1.3471114790620883e-16f,-0.189633597457462f,-1.0835308480681762f,-3.430975600474841f,0f,0f,0f,1f], start_interpolation: 0, interpolation_duration: 1 }
$data merge entity $(bone_right_fingers2) { transformation: [-0.9959903024372183f,-0.025980836767435903f,-0.08560556974801445f,1.1809457202014872f,0.021793905636721643f,-0.9985369927843359f,0.0494863589114517f,-0.02353840826437098f,-0.08676602519486523f,0.04742225386966753f,0.9950993853428938f,-10.319870882737199f,0f,0f,0f,1f], start_interpolation: 0, interpolation_duration: 1 }
$data merge entity $(bone_left_foot) { transformation: [-0.9959903024372183f,-0.06660501840311195f,0.05972511175828333f,1.1088115633402915f,0.021793905636721643f,0.4668498406078405f,0.8840680132215686f,0.25467035264554566f,-0.08676602519486523f,0.8818248113134236f,-0.4635263304537608f,-9.366336063030921f,0f,0f,0f,1f], start_interpolation: 0, interpolation_duration: 1 }
$data merge entity $(bone_left_knee) { transformation: [-1.5786587392256088f,0.06411601141239409f,0.12647383397843334f,0.9420905867427908f,0.03454364918120032f,1.545030212743753f,-0.3520771031241121f,0.12895959636133125f,-0.1375253791192183f,-0.34790902161856385f,-1.540232447167815f,-7.299070999993217f,0f,0f,0f,1f], start_interpolation: 0, interpolation_duration: 1 }
$data merge entity $(bone_left_thigh) { transformation: [-1.5972231684711198f,-0.14277593364454566f,-0.014042662928219775f,0.7385400000000005f,0.03494986942068078f,-0.5394756037888413f,1.5097842869281863f,0.4612560881241736f,-0.13914262552382958f,1.5034244640818188f,0.5404241150001929f,-5.228737900918066f,0f,0f,0f,1f], start_interpolation: 0, interpolation_duration: 1 }
$data merge entity $(bone_left_fingers2) { transformation: [-0.9959903024372183f,0.025980836767435893f,0.08560556974801423f,-1.1777423841168742f,-0.021793905636721643f,-0.9985369927843359f,0.0494863589114517f,-0.06634925392217372f,0.08676602519486498f,0.04742225386966753f,0.9950993853428938f,-10.27483369129289f,0f,0f,0f,1f], start_interpolation: 0, interpolation_duration: 1 }
$data merge entity $(bone_right_foot) { transformation: [-0.9959903024372183f,0.06660501840311174f,-0.059725111758283225f,-1.1056082272556786f,-0.021793905636721643f,0.4668498406078405f,0.8840680132215686f,0.21185950698774292f,0.08676602519486498f,0.8818248113134236f,-0.4635263304537608f,-9.321298871586613f,0f,0f,0f,1f], start_interpolation: 0, interpolation_duration: 1 }
$data merge entity $(bone_right_knee) { transformation: [-1.5786587392256088f,-0.06411601141239402f,-0.12647383397843295f,-0.9398150778058296f,-0.03454364918120032f,1.545030212743753f,-0.3520771031241121f,0.11725568595218328f,0.13752537911921792f,-0.34790902161856385f,-1.540232447167815f,-7.256870923991144f,0f,0f,0f,1f], start_interpolation: 0, interpolation_duration: 1 }
$data merge entity $(bone_right_thigh) { transformation: [-1.5972231684711198f,0.14277593364454533f,0.014042662928219641f,-0.7385399999999994f,-0.03494986942068078f,-0.5394756037888413f,1.5097842869281863f,0.444962615305309f,0.1391426255238292f,1.5034244640818188f,0.5404241150001929f,-5.2138112803852f,0f,0f,0f,1f], start_interpolation: 0, interpolation_duration: 1 }