# This file was generated by Animated Java via MC-Build. It is not recommended to edit this file directly.
$data merge entity $(bone_left_fingers_2) { transformation: [-0.3995806610391422f,0.20477150258436264f,0.8935345136327217f,-1.4974020815270432f,0.21504367724346493f,0.9684708781579643f,-0.1257790723353837f,0.2535109091122467f,-0.8911181247181155f,0.14189006268686882f,-0.43101705060192896f,1.4154619244032627f,0f,0f,0f,1f], start_interpolation: 0, interpolation_duration: 1 }
$data merge entity $(bone_left_fingers) { transformation: [-0.3995806610391422f,0.20477150258436264f,0.8935345136327217f,-0.9757598860034705f,0.21504367724346493f,0.9684708781579643f,-0.1257790723353837f,0.18366682648190505f,-0.8911181247181155f,0.14189006268686882f,-0.43101705060192896f,1.1801309891896175f,0f,0f,0f,1f], start_interpolation: 0, interpolation_duration: 1 }
$data merge entity $(bone_left_index_finger_2) { transformation: [-0.002723410212635058f,0.22498321305363989f,0.9743588337367679f,-1.6696866167082471f,0.2422067113000744f,0.9454986710002031f,-0.2176423031904684f,0.4082990577238542f,-0.9702208470436081f,0.2354035194743483f,-0.057067424868080946f,0.7826626293862707f,0f,0f,0f,1f], start_interpolation: 0, interpolation_duration: 1 }
$data merge entity $(bone_left_index_finger) { transformation: [-0.002723410212635058f,0.22498321305363989f,0.9743588337367679f,-1.1068409194532527f,0.2422067113000744f,0.9454986710002031f,-0.2176423031904684f,0.28833615634487175f,-0.9702208470436081f,0.2354035194743483f,-0.057067424868080946f,0.7511350863178361f,0f,0f,0f,1f], start_interpolation: 0, interpolation_duration: 1 }
$data merge entity $(bone_left_thumb) { transformation: [-0.28457212146492716f,0.18976671384135013f,0.9396846822220771f,-0.44041644610036096f,0.22723328057089084f,0.9656297258419758f,-0.12619139737454838f,0.16073739274694945f,-0.9313343888668246f,0.1776170793820389f,-0.31791261256177455f,0.23468536366499504f,0f,0f,0f,1f], start_interpolation: 0, interpolation_duration: 1 }
$data merge entity $(bone_left_hand) { transformation: [-0.28457212146492716f,-0.0181165048361141f,0.9584834374873016f,-0.32127448772553024f,0.22723328057089084f,0.9700532630258939f,0.08580036767873694f,0.15834090365146214f,-0.9313343888668246f,0.242215728525913f,-0.271933442166865f,0.8484797643703156f,0f,0f,0f,1f], start_interpolation: 0, interpolation_duration: 1 }
$data merge entity $(bone_left_forearm) { transformation: [-0.43365000599440073f,0.5801137421912795f,1.8656725735703417f,1.8442079095957993f,-0.026173635716324296f,1.9091786188802955f,-0.5997252498889891f,0.41366786320244986f,-1.9536071883685169f,-0.15434856877163075f,-0.4060959322915014f,0.34812053703847123f,0f,0f,0f,1f], start_interpolation: 0, interpolation_duration: 1 }
$data merge entity $(bone_left_bicep) { transformation: [-1.1692752798739385f,0.5396205189593476f,0.07810658682133377f,1.6936450388302045f,0.13434233523538586f,0.46424345445307547f,-1.196213097851754f,1.008751231029324f,-0.5284345563552193f,-1.076003407999543f,-0.47693732201846306f,-1.3734287452394294f,0f,0f,0f,1f], start_interpolation: 0, interpolation_duration: 1 }
$data merge entity $(bone_left_shoulder) { transformation: [-1.1172743926603512f,0.5156221105199185f,0.07463297211156898f,1.3743293750000003f,0.12836776214483148f,0.44359727135984933f,-1.14301421179345f,1.1169192910803962f,-0.5049336184342941f,-1.028150577426701f,-0.4557266077263535f,-1.6275416426929616f,0f,0f,0f,1f], start_interpolation: 0, interpolation_duration: 1 }
$data merge entity $(bone_right_fingers_2) { transformation: [-0.1831563864350791f,-0.34565064036020926f,-0.9203148227246052f,1.6810810203559745f,-0.1938082800612969f,0.9304742350969779f,-0.31089555866942764f,0.10888435068386641f,0.9637904796623206f,0.12142212582256562f,-0.23741225468160487f,0.9709681244482478f,0f,0f,0f,1f], start_interpolation: 0, interpolation_duration: 1 }
$data merge entity $(bone_right_fingers) { transformation: [-0.1831563864350791f,-0.34565064036020926f,-0.9203148227246052f,1.1461622317161364f,-0.1938082800612969f,0.9304742350969779f,-0.31089555866942764f,-0.06757537842321941f,0.9637904796623206f,0.12142212582256562f,-0.23741225468160487f,0.8480958285906244f,0f,0f,0f,1f], start_interpolation: 0, interpolation_duration: 1 }
$data merge entity $(bone_right_index_finger_2) { transformation: [-0.1831563864350791f,-0.30517808879001224f,-0.9345159561133879f,1.7708789651910797f,-0.1938082800612969f,0.9431497036051396f,-0.27001293889223005f,0.17185617708288434f,0.9637904796623206f,0.1316623359659575f,-0.2318899320804194f,0.5370320352532965f,0f,0f,0f,1f], start_interpolation: 0, interpolation_duration: 1 }
$data merge entity $(bone_right_index_finger) { transformation: [-0.1831563864350791f,-0.30517808879001224f,-0.9345159561133879f,1.2305317126390498f,-0.1938082800612969f,0.9431497036051396f,-0.27001293889223005f,0.021697345433044857f,0.9637904796623206f,0.1316623359659575f,-0.2318899320804194f,0.4041503791276896f,0f,0f,0f,1f], start_interpolation: 0, interpolation_duration: 1 }
$data merge entity $(bone_right_thumb) { transformation: [0.15867511063181322f,-0.15288517805714022f,-0.9754221299501148f,0.5151791860831049f,-0.11992882014497275f,0.9776386586861066f,-0.17274180484487556f,-0.1299303513821725f,0.9800200443687959f,0.14439105018271334f,0.13679158330290847f,-0.03448744811949689f,0f,0f,0f,1f], start_interpolation: 0, interpolation_duration: 1 }
$data merge entity $(bone_right_hand) { transformation: [-0.1831563864350791f,0.03284968318850395f,-0.9825348016342521f,0.46090215619424013f,-0.1938082800612969f,0.9786206808338719f,0.0688470306108468f,-0.10993554577742959f,0.9637904796623206f,0.20303315334856997f,-0.17287408699284645f,0.5880865053333038f,0f,0f,0f,1f], start_interpolation: 0, interpolation_duration: 1 }
$data merge entity $(bone_right_forearm) { transformation: [-0.3665565998095998f,-0.7714436031644648f,-1.8099275671968795f,-1.7351694207304171f,-0.38787456739542536f,1.8332745736791436f,-0.7028402590176004f,0.00886376270720024f,1.9288640054006914f,0.22204926675119604f,-0.4852881041519769f,0.178173507571749f,0f,0f,0f,1f], start_interpolation: 0, interpolation_duration: 1 }
$data merge entity $(bone_right_bicep) { transformation: [-1.1408556501539786f,-0.6018410915338552f,-0.027042735885841083f,-1.6780557243894552f,-0.30859622230552236f,0.6335370135593971f,-1.0806918374541892f,0.9409926158787664f,0.517409296980267f,-0.9491647783723799f,-0.7041799957445595f,-1.3929434826962983f,0f,0f,0f,1f], start_interpolation: 0, interpolation_duration: 1 }
$data merge entity $(bone_right_shoulder) { transformation: [-1.0901186620282766f,-0.5750755631249006f,-0.0258400710532295f,-1.3743293749999999f,-0.29487209965719385f,0.6053618803338945f,-1.032630499530276f,1.1169192910803962f,0.49439868266330905f,-0.9069528104664365f,-0.6728631748324428f,-1.627541642692962f,0f,0f,0f,1f], start_interpolation: 0, interpolation_duration: 1 }
$data merge entity $(bone_chest) { transformation: [-4.0674850000000005f,1.558838955058638e-16f,4.731035636103215e-16f,1.371598861038989e-16f,0f,3.863183768084925f,-1.2728886044073788f,1.483000775263894f,-4.981232485829872e-16f,-1.2728886044073788f,-3.863183768084925f,-1.1199954648098944f,0f,0f,0f,1f], start_interpolation: 0, interpolation_duration: 1 }
$data merge entity $(bone_weist) { transformation: [-1.0999999999999999f,1.3465204986798672e-17f,1.3403649363092115e-16f,4.032067727577948e-16f,0f,1.09449102977481f,-0.10995174278962448f,0.9168899131161554f,-1.3471114790620883e-16f,-0.10995174278962448f,-1.09449102977481f,-3.2924331573685004f,0f,0f,0f,1f], start_interpolation: 0, interpolation_duration: 1 }
$data merge entity $(bone_right_fingers2) { transformation: [-0.9959932175743538f,-0.025989649319325427f,-0.08556897027628887f,1.1807560268957864f,0.021808003007725937f,-0.9985386821285379f,0.049446044309105375f,-0.023332196979414244f,-0.08672901216260298f,0.04738183640659682f,0.9951045372361829f,-10.132406994855044f,0f,0f,0f,1f], start_interpolation: 0, interpolation_duration: 1 }
$data merge entity $(bone_left_foot) { transformation: [-0.9959932175743538f,-0.06656812367152458f,0.05971763103756318f,1.1086593749718678f,0.021808003007725937f,0.4668140171175129f,0.8840865819745403f,0.25483782867007854f,-0.08672901216260298f,0.8818465616724164f,-0.4634918770764341f,-9.178858037938351f,0f,0f,0f,1f], start_interpolation: 0, interpolation_duration: 1 }
$data merge entity $(bone_left_knee) { transformation: [-1.5786633597592663f,0.06411969377730825f,0.12641427908870484f,0.9420120215591692f,0.034565993713954885f,1.5450439456813465f,-0.35201463964728924f,0.12904320392344892f,-0.13746671293873136f,-0.34784735059699456f,-1.5402516132276893f,-7.111592140400045f,0f,0f,0f,1f], start_interpolation: 0, interpolation_duration: 1 }
$data merge entity $(bone_left_thigh) { transformation: [-1.5972278433405043f,-0.14272711669675753f,-0.014007145618662353f,0.7385400000000005f,0.034972476716683056f,-0.5395363699341277f,1.5097620490996968f,0.4612560881241736f,-0.13908326945126545f,1.5034072931806752f,0.5404871584792855f,-5.041237900918066f,0f,0f,0f,1f], start_interpolation: 0, interpolation_duration: 1 }
$data merge entity $(bone_left_fingers2) { transformation: [-0.9959932175743538f,0.02598964931932541f,0.08556897027628865f,-1.1775535027895638f,-0.021808003007725937f,-0.9985386821285379f,0.049446044309105375f,-0.06614425602077839f,0.08672901216260273f,0.04738183640659682f,0.9951045372361829f,-10.087370785665536f,0f,0f,0f,1f], start_interpolation: 0, interpolation_duration: 1 }
$data merge entity $(bone_right_foot) { transformation: [-0.9959932175743538f,0.06656812367152438f,-0.05971763103756307f,-1.1054568508656455f,-0.021808003007725937f,0.4668140171175129f,0.8840865819745403f,0.2120257696287144f,0.08672901216260273f,0.8818465616724164f,-0.4634918770764341f,-9.133821828748843f,0f,0f,0f,1f], start_interpolation: 0, interpolation_duration: 1 }
$data merge entity $(bone_right_knee) { transformation: [-1.5786633597592663f,-0.06411969377730817f,-0.1264142790887045f,-0.9397375498341547f,-0.034565993713954885f,1.5450439456813465f,-0.35201463964728924f,0.11733818783187977f,0.13746671293873097f,-0.34784735059699456f,-1.5402516132276893f,-7.069391791840019f,0f,0f,0f,1f], start_interpolation: 0, interpolation_duration: 1 }
$data merge entity $(bone_right_thigh) { transformation: [-1.5972278433405043f,0.14272711669675717f,0.014007145618662219f,-0.7385399999999994f,-0.034972476716683056f,-0.5395363699341277f,1.5097620490996968f,0.444962615305309f,0.13908326945126506f,1.5034072931806752f,0.5404871584792855f,-5.0263112803852f,0f,0f,0f,1f], start_interpolation: 0, interpolation_duration: 1 }