# This file was generated by Animated Java via MC-Build. It is not recommended to edit this file directly.
$data merge entity $(bone_left_fingers_2) { transformation: [-0.32861266049097565f,0.06157773415025744f,0.942455251999777f,-1.5219115394207154f,0.21890376316953866f,0.9756653665421513f,0.012579149430094375f,0.17591791088326314f,-0.9187463533724952f,0.21044066904258385f,-0.3340955895812639f,1.1765675762549725f,0f,0f,0f,1f], start_interpolation: 0, interpolation_duration: 1 }
$data merge entity $(bone_left_fingers) { transformation: [-0.32861266049097565f,0.06157773415025744f,0.942455251999777f,-0.9738793486968802f,0.21890376316953866f,0.9756653665421513f,0.012579149430094375f,0.18580123747973137f,-0.9187463533724952f,0.21044066904258385f,-0.3340955895812639f,0.9978710097421332f,0f,0f,0f,1f], start_interpolation: 0, interpolation_duration: 1 }
$data merge entity $(bone_left_index_finger_2) { transformation: [-0.1794508535455518f,0.06521624215428665f,0.9816028896254567f,-1.6710360343550086f,0.23211588953931667f,0.9724353794027133f,-0.022173107794652452f,0.2958732824777055f,-0.9559914251629797f,0.2238666447802686f,-0.18964208491176304f,0.6764452246607664f,0f,0f,0f,1f], start_interpolation: 0, interpolation_duration: 1 }
$data merge entity $(bone_left_index_finger) { transformation: [-0.1794508535455518f,0.06521624215428665f,0.9816028896254567f,-1.104939581299936f,0.23211588953931667f,0.9724353794027133f,-0.022173107794652452f,0.2887193663166468f,-0.9559914251629797f,0.2238666447802686f,-0.18964208491176304f,0.5684452713289108f,0f,0f,0f,1f], start_interpolation: 0, interpolation_duration: 1 }
$data merge entity $(bone_left_thumb) { transformation: [-0.28452696358872354f,0.18212657910460558f,0.9412089652009458f,-0.43659791547883664f,0.22343148729859508f,0.9673490942755789f,-0.119641549169824f,0.16525364880457993f,-0.9322675460802652f,0.17625447224927793f,-0.31592971297047945f,0.05347054038543797f,0f,0f,0f,1f], start_interpolation: 0, interpolation_duration: 1 }
$data merge entity $(bone_left_hand) { transformation: [-0.28452696358872354f,-0.02590545309293485f,0.9583179610604359f,-0.31859763890907966f,0.22343148729859508f,0.9703142289456049f,0.0925670977682374f,0.16484093893962648f,-0.9322675460802652f,0.24045624260090737f,-0.27029246737512796f,0.6674899864476995f,0f,0f,0f,1f], start_interpolation: 0, interpolation_duration: 1 }
$data merge entity $(bone_left_forearm) { transformation: [-0.4297847151779537f,0.565932422562055f,1.8709152907181936f,1.8458219722022033f,-0.03283287845401722f,1.9132476011874013f,-0.5862798410262585f,0.43569513176944197f,-1.9543606458487965f,-0.1565967528219999f,-0.4015848058801235f,0.17070937186859414f,0f,0f,0f,1f], start_interpolation: 0, interpolation_duration: 1 }
$data merge entity $(bone_left_bicep) { transformation: [-1.1692683260248098f,0.5381023450711467f,0.08805152750056564f,1.6939788712104538f,0.1245699943993695f,0.4664567056236795f,-1.1964096630273249f,1.0266453892632512f,-0.5308385081751243f,-1.0758065028241595f,-0.47470672022920857f,-1.552150689157291f,0f,0f,0f,1f], start_interpolation: 0, interpolation_duration: 1 }
$data merge entity $(bone_left_shoulder) { transformation: [-1.1172677480680162f,0.5141714539995179f,0.0841356339301186f,1.3743293750000003f,0.11903002417981845f,0.4457120931644359f,-1.1432020351751073f,1.1319528330360376f,-0.5072306599058788f,-1.0279624291659577f,-0.4535952069328423f,-1.807044253009363f,0f,0f,0f,1f], start_interpolation: 0, interpolation_duration: 1 }
$data merge entity $(bone_right_fingers_2) { transformation: [-0.18041607662340392f,-0.33812213931644575f,-0.9236468254695017f,1.6846948674657858f,-0.19039625348016853f,0.9333004631885659f,-0.30446594566999485f,0.10648312748922881f,0.9649866869322776f,0.12092834372502945f,-0.23275959642383756f,0.7803834772398442f,0f,0f,0f,1f], start_interpolation: 0, interpolation_duration: 1 }
$data merge entity $(bone_right_fingers) { transformation: [-0.18041607662340392f,-0.33812213931644575f,-0.9236468254695017f,1.147936987194629f,-0.19039625348016853f,0.9333004631885659f,-0.30446594566999485f,-0.06620778755884299f,0.9649866869322776f,0.12092834372502945f,-0.23275959642383756f,0.6602062191896815f,0f,0f,0f,1f], start_interpolation: 0, interpolation_duration: 1 }
$data merge entity $(bone_right_index_finger_2) { transformation: [-0.18041607662340392f,-0.29751141329263114f,-0.9375163989266744f,1.7730763399811496f,-0.19039625348016853f,0.9456927859737937f,-0.2634661671217773f,0.16786432333637505f,0.9649866869322776f,0.13096607773674096f,-0.22726324059495528f,0.3459289739430827f,0f,0f,0f,1f], start_interpolation: 0, interpolation_duration: 1 }
$data merge entity $(bone_right_index_finger) { transformation: [-0.18041607662340392f,-0.29751141329263114f,-0.9375163989266744f,1.2310442135272162f,-0.19039625348016853f,0.9456927859737937f,-0.2634661671217773f,0.021493249610556153f,0.9649866869322776f,0.13096607773674096f,-0.22726324059495528f,0.21570975391073044f,0f,0f,0f,1f], start_interpolation: 0, interpolation_duration: 1 }
$data merge entity $(bone_right_thumb) { transformation: [0.16202791662897884f,-0.14490990506152757f,-0.9760881485029576f,0.512673471432587f,-0.11905514150504898f,0.979062381732355f,-0.16511428150763136f,-0.12567443475723195f,0.9795778823116035f,0.14296143567979328f,0.1413831687093161f,-0.219501101610853f,0f,0f,0f,1f], start_interpolation: 0, interpolation_duration: 1 }
$data merge entity $(bone_right_hand) { transformation: [-0.18041607662340392f,0.04108021346039381f,-0.9827321381525418f,0.4612545176359071f,-0.19039625348016853f,0.9787712687504961f,0.07586876912972679f,-0.10396149678861422f,0.9649866869322776f,0.20079646294343165f,-0.1687645534846512f,0.4032578848821594f,0f,0f,0f,1f], start_interpolation: 0, interpolation_duration: 1 }
$data merge entity $(bone_right_forearm) { transformation: [-0.36107233214881274f,-0.7566817925492076f,-1.8172468759108371f,-1.7356238113270648f,-0.3810459719727825f,1.8394866937284948f,-0.690231441666989f,0.03048371112577053f,1.9312580123915337f,0.22146814815429033f,-0.4759423506614795f,0.0026054092772278548f,0f,0f,0f,1f], start_interpolation: 0, interpolation_duration: 1 }
$data merge entity $(bone_right_bicep) { transformation: [-1.1408798388447297f,-0.6011885417699663f,-0.038225045104434995f,-1.6783452590569279f,-0.2989050382388372f,0.6360274290299082f,-1.081952175998623f,0.958814936856759f,0.5230149089119487f,-0.9479119528084966f,-0.7017221375229084f,-1.5707524880608927f,0f,0f,0f,1f], start_interpolation: 0, interpolation_duration: 1 }
$data merge entity $(bone_right_shoulder) { transformation: [-1.0901417749814308f,-0.5744520340435296f,-0.03652507222942107f,-1.3743293749999999f,-0.285611909196798f,0.6077415401797668f,-1.0338347873536964f,1.1319528330360376f,0.4997549976169052f,-0.9057557015006608f,-0.6705146243250409f,-1.8070442530093636f,0f,0f,0f,1f], start_interpolation: 0, interpolation_duration: 1 }
$data merge entity $(bone_chest) { transformation: [-4.0674850000000005f,1.646341452659709e-16f,4.701301617546056e-16f,1.599850432941435e-16f,0f,3.8389040993854606f,-1.3443398160236535f,1.5073873746236275f,-4.981232485829872e-16f,-1.3443398160236535f,-3.8389040993854606f,-1.3063770174839906f,0f,0f,0f,1f], start_interpolation: 0, interpolation_duration: 1 }
$data merge entity $(bone_weist) { transformation: [-1.0999999999999999f,1.5949549842898086e-17f,1.3376361698914015e-16f,4.246999489541993e-16f,0f,1.0922628228993991f,-0.13023795803004412f,0.9010705994337261f,-1.3471114790620883e-16f,-0.13023795803004412f,-1.0922628228993991f,-3.467938259830442f,0f,0f,0f,1f], start_interpolation: 0, interpolation_duration: 1 }
$data merge entity $(bone_right_fingers2) { transformation: [-0.995989954758212f,-0.02597978624333297f,-0.08560993357949541f,1.1809683376800257f,0.021792224795694426f,-0.9985367912405233f,0.04949116565139705f,-0.0235629949606328f,-0.0867704382793403f,0.04742707292075721f,0.9950987708740178f,-10.319866576001488f,0f,0f,0f,1f], start_interpolation: 0, interpolation_duration: 1 }
$data merge entity $(bone_left_foot) { transformation: [-0.995989954758212f,-0.06660941734823475f,0.059726003894983386f,1.108829709075884f,0.021792224795694426f,0.4668541118175875f,0.8840657991447615f,0.25465038435496706f,-0.0867704382793403f,0.8818222177965015f,-0.4635304383115212f,-9.366333442094597f,0f,0f,0f,1f], start_interpolation: 0, interpolation_duration: 1 }
$data merge entity $(bone_left_knee) { transformation: [-1.5786581881494584f,0.06411557269173115f,0.12648093477322347f,0.9420999541816478f,0.03454098502436027f,1.5450285751649036f,-0.3520845506572001f,0.12894962779757546f,-0.13753237392063f,-0.34791637471718234f,-1.5402301616516398f,-7.299068478967406f,0f,0f,0f,1f], start_interpolation: 0, interpolation_duration: 1 }
$data merge entity $(bone_left_thigh) { transformation: [-1.5972226109145222f,-0.14278175432308793f,-0.014046897412895514f,0.7385400000000005f,0.03494717393436468f,-0.5394683585213579f,1.509786938180147f,0.4612560881241736f,-0.13914970258145834f,1.5034265111064802f,0.5404165980841066f,-5.228737900918066f,0f,0f,0f,1f], start_interpolation: 0, interpolation_duration: 1 }
$data merge entity $(bone_left_fingers2) { transformation: [-0.995989954758212f,0.02597978624333296f,0.08560993357949517f,-1.1777649047755185f,-0.021792224795694426f,-0.9985367912405233f,0.04949116565139705f,-0.06637369594239717f,0.08677043827934006f,0.04742707292075721f,0.9950987708740178f,-10.27482926744682f,0f,0f,0f,1f], start_interpolation: 0, interpolation_duration: 1 }
$data merge entity $(bone_right_foot) { transformation: [-0.995989954758212f,0.06660941734823454f,-0.05972600389498328f,-1.105626276171377f,-0.021792224795694426f,0.4668541118175875f,0.8840657991447615f,0.2118396833732027f,0.08677043827934006f,0.8818222177965015f,-0.4635304383115212f,-9.32129613353993f,0f,0f,0f,1f], start_interpolation: 0, interpolation_duration: 1 }
$data merge entity $(bone_right_knee) { transformation: [-1.5786581881494584f,-0.06411557269173107f,-0.1264809347732231f,-0.9398243215764333f,-0.03454098502436027f,1.5450285751649036f,-0.3520845506572001f,0.11724584921936865f,0.1375323739206296f,-0.34791637471718234f,-1.5402301616516398f,-7.256868435468418f,0f,0f,0f,1f], start_interpolation: 0, interpolation_duration: 1 }
$data merge entity $(bone_right_thigh) { transformation: [-1.5972226109145222f,0.14278175432308757f,0.01404689741289538f,-0.7385399999999994f,-0.03494717393436468f,-0.5394683585213579f,1.509786938180147f,0.444962615305309f,0.13914970258145792f,1.5034265111064802f,0.5404165980841066f,-5.2138112803852f,0f,0f,0f,1f], start_interpolation: 0, interpolation_duration: 1 }