# This file was generated by Animated Java via MC-Build. It is not recommended to edit this file directly.
$data merge entity $(bone_left_fingers_2) { transformation: [-0.3269404199389085f,0.06863383323397726f,0.9425493932658282f,-1.524446585697567f,0.22455202919880313f,0.974437429516886f,0.006934128584325516f,0.17657748651368785f,-0.9179794921417745f,0.21391842578921227f,-0.333994848934823f,1.3569910667982896f,0f,0f,0f,1f], start_interpolation: 0, interpolation_duration: 1 }
$data merge entity $(bone_left_fingers) { transformation: [-0.3269404199389085f,0.06863383323397726f,0.9425493932658282f,-0.97634231748722f,0.22455202919880313f,0.974437429516886f,0.006934128584325516f,0.1831226976057756f,-0.9179794921417745f,0.21391842578921227f,-0.333994848934823f,1.1783621316309545f,0f,0f,0f,1f], start_interpolation: 0, interpolation_duration: 1 }
$data merge entity $(bone_left_index_finger_2) { transformation: [-0.18368133213353408f,0.07200699407914629f,0.9803449194183322f,-1.6728359158065054f,0.23590992734626584f,0.9713956236474653f,-0.02714863786696206f,0.29839874321017995f,-0.9542576561941383f,0.22628640074524514f,-0.19541440692188589f,0.8608212100879655f,0f,0f,0f,1f], start_interpolation: 0, interpolation_duration: 1 }
$data merge entity $(bone_left_index_finger) { transformation: [-0.18368133213353408f,0.07200699407914629f,0.9803449194183322f,-1.107425178244232f,0.23590992734626584f,0.9713956236474653f,-0.02714863786696206f,0.28837130589153215f,-0.9542576561941383f,0.22628640074524514f,-0.19541440692188589f,0.7495085380880421f,0f,0f,0f,1f], start_interpolation: 0, interpolation_duration: 1 }
$data merge entity $(bone_left_thumb) { transformation: [-0.2845760884819797f,0.19240421087070905f,0.9391469903606764f,-0.44166876421600126f,0.2284908728048988f,0.965032178724577f,-0.12847106705772998f,0.15931674614107988f,-0.9310254405273533f,0.17802672177321f,-0.3185876887538689f,0.23255916245104424f,0f,0f,0f,1f], start_interpolation: 0, interpolation_duration: 1 }
$data merge entity $(bone_left_hand) { transformation: [-0.2845760884819797f,-0.015425149198661059f,0.9585293499087525f,-0.32213877134629043f,0.2284908728048988f,0.9699632909872457f,0.08344540240209475f,0.15626968918536f,-0.9310254405273533f,0.2427617739871561f,-0.2725038535167107f,0.8462752303448657f,0f,0f,0f,1f], start_interpolation: 0, interpolation_duration: 1 }
$data merge entity $(bone_left_forearm) { transformation: [-0.43499880331924085f,0.584980567759956f,1.8638380320738075f,1.8436721181337468f,-0.0238932428484427f,1.907752795960599f,-0.6043399836196489f,0.4062540446001637f,-1.9533365269220022f,-0.1536080668404221f,-0.40767561583265516f,0.3446416600809332f,0f,0f,0f,1f], start_interpolation: 0, interpolation_duration: 1 }
$data merge entity $(bone_left_bicep) { transformation: [-1.1692681587190574f,0.5401209335873244f,0.07467913776694095f,1.6935290742109492f,0.13769689352731362f,0.4634714389583368f,-1.1961310188662144f,1.002741949060574f,-0.527586165502645f,-1.0760851387700499f,-0.4776915695295134f,-1.3764581540562166f,0f,0f,0f,1f], start_interpolation: 0, interpolation_duration: 1 }
$data merge entity $(bone_left_shoulder) { transformation: [-1.1172675882028107f,0.5161002703332445f,0.0713579511421409f,1.3743293750000003f,0.1315731340044516f,0.44285958951721127f,-1.1429357830861153f,1.1118905684529472f,-0.5041229578560164f,-1.028228673405083f,-0.4564473117764f,-1.6302973116799846f,0f,0f,0f,1f], start_interpolation: 0, interpolation_duration: 1 }
$data merge entity $(bone_right_fingers_2) { transformation: [-0.18415329940339067f,-0.3481305542934459f,-0.9191804390249954f,1.6795808237899639f,-0.19498271146689394f,0.9295276915855433f,-0.3129856431286732f,0.10948152769294786f,0.9633635370657658f,0.12158695548038637f,-0.23905503071290396f,0.9721650259412042f,0f,0f,0f,1f], start_interpolation: 0, interpolation_duration: 1 }
$data merge entity $(bone_right_fingers) { transformation: [-0.18415329940339067f,-0.3481305542934459f,-0.9191804390249954f,1.1452877572393214f,-0.19498271146689394f,0.9295276915855433f,-0.3129856431286732f,-0.06820439424086636f,0.9633635370657658f,0.12158695548038637f,-0.23905503071290396f,0.8483410391364568f,0f,0f,0f,1f], start_interpolation: 0, interpolation_duration: 1 }
$data merge entity $(bone_right_index_finger_2) { transformation: [-0.18415329940339067f,-0.30770512351670254f,-0.9334908244221879f,1.7698875049389842f,-0.19498271146689394f,0.942295229197045f,-0.27214232170227853f,0.17300029339181472f,0.9633635370657658f,0.131898665626531f,-0.23352395478425225f,0.5384142667875318f,0f,0f,0f,1f], start_interpolation: 0, interpolation_duration: 1 }
$data merge entity $(bone_right_index_finger) { transformation: [-0.18415329940339067f,-0.30770512351670254f,-0.9334908244221879f,1.2301164408888512f,-0.19498271146689394f,0.942295229197045f,-0.27214232170227853f,0.021609309247891006f,0.9633635370657658f,0.131898665626531f,-0.23352395478425225f,0.4045922546528398f,0f,0f,0f,1f], start_interpolation: 0, interpolation_duration: 1 }
$data merge entity $(bone_right_thumb) { transformation: [0.15746964750487946f,-0.15551742847125613f,-0.9752013328315219f,0.5158126527698131f,-0.12027278650542751f,0.9771500411584749f,-0.17524911951336808f,-0.13145255721346158f,0.9801723149226921f,0.1448865987787647f,0.135166958068207f,-0.03525488072234162f,0f,0f,0f,1f], start_interpolation: 0, interpolation_duration: 1 }
$data merge entity $(bone_right_hand) { transformation: [-0.18415329940339067f,0.030124431615411396f,-0.9824357897281092f,0.46053321000117453f,-0.19498271146689394f,0.978546029351823f,0.06655381783789122f,-0.11205897493766004f,0.9633635370657658f,0.20381409926604604f,-0.1743287365654534f,0.5872498886700532f,0f,0f,0f,1f], start_interpolation: 0, interpolation_duration: 1 }
$data merge entity $(bone_right_forearm) { transformation: [-0.36855175288661207f,-0.7763029805012812f,-1.8074429617931502f,-1.7351945044750163f,-0.39022499366842817f,1.8311995717939398f,-0.7069365988578666f,0.0016325266879396727f,1.9280095518402502f,0.22223542236349492f,-0.48858710306990133f,0.17405942563161192f,0f,0f,0f,1f], start_interpolation: 0, interpolation_duration: 1 }
$data merge entity $(bone_right_bicep) { transformation: [-1.1408804206772212f,-0.6019504537046464f,-0.02330537515785027f,-1.6779791489132232f,-0.3117820472200494f,0.6327455246152822f,-1.0802410284847161f,0.9350453797058935f,0.5154410191843026f,-0.9496232810305425f,-0.7050048250743719f,-1.3962913693318622f,0f,0f,0f,1f], start_interpolation: 0, interpolation_duration: 1 }
$data merge entity $(bone_right_shoulder) { transformation: [-1.0901423309382314f,-0.5751800616592098f,-0.02226892103458824f,-1.3743293749999999f,-0.2979162421767245f,0.6046055910797261f,-1.032199739275404f,1.1118905684529472f,0.49251793959371293f,-0.9073909222505041f,-0.6736513217336704f,-1.6302973116799848f,0f,0f,0f,1f], start_interpolation: 0, interpolation_duration: 1 }
$data merge entity $(bone_chest) { transformation: [-4.0674850000000005f,1.5292508190166192e-16f,4.740682335953744e-16f,1.372184776822274e-16f,0f,3.871060896296297f,-1.2487280578215232f,1.474793952330912f,-4.981232485829872e-16f,-1.2487280578215232f,-3.871060896296297f,-1.1204739013547764f,0f,0f,0f,1f], start_interpolation: 0, interpolation_duration: 1 }
$data merge entity $(bone_weist) { transformation: [-1.0999999999999999f,1.262753311402946e-17f,1.341180031825055e-16f,4.0369331067133626e-16f,0f,1.095156605773058f,-0.10311163286280779f,0.9222667038986276f,-1.3471114790620883e-16f,-0.10311163286280779f,-1.095156605773058f,-3.2964060409287255f,0f,0f,0f,1f], start_interpolation: 0, interpolation_duration: 1 }
$data merge entity $(bone_right_fingers2) { transformation: [-0.9959898762469542f,-0.025979549034205844f,-0.08561091896222199f,1.180973444858489f,0.021791845250927526f,-0.9985367457270325f,0.0494922510442552f,-0.023568546794272893f,-0.08677143478205526f,0.04742816109493647f,0.9950986321169458f,-10.13236560348152f,0f,0f,0f,1f], start_interpolation: 0, interpolation_duration: 1 }
$data merge entity $(bone_left_foot) { transformation: [-0.9959898762469542f,-0.06661041065718204f,0.059726205351239375f,1.1088338065059278f,0.021791845250927526f,0.4668550762827545f,0.8840652991886874f,0.2546458753862649f,-0.08677143478205526f,0.8818216321576066f,-0.46353136589098093f,-9.178832850245167f,0f,0f,0f,1f], start_interpolation: 0, interpolation_duration: 1 }
$data merge entity $(bone_left_knee) { transformation: [-1.5786580637080025f,0.06411547363552157f,0.12648253817907268f,0.9421020694112974f,0.03454038344052785f,1.5450282053834279f,-0.35208623235717873f,0.12894737683245672f,-0.13753395339155033f,-0.34791803509473984f,-1.5402296455575493f,-7.111567909690574f,0f,0f,0f,1f], start_interpolation: 0, interpolation_duration: 1 }
$data merge entity $(bone_left_thigh) { transformation: [-1.5972224850096821f,-0.14278306867564375f,-0.014047853578849764f,0.7385400000000005f,0.034946565276134094f,-0.5394667224910572f,1.5097875368445945f,0.4612560881241736f,-0.13915130062635886f,1.5034269733297436f,0.5404149007102503f,-5.041237900918066f,0f,0f,0f,1f], start_interpolation: 0, interpolation_duration: 1 }
$data merge entity $(bone_left_fingers2) { transformation: [-0.9959898762469542f,0.025979549034205827f,0.08561091896222177f,-1.1777699900912162f,-0.021791845250927526f,-0.9985367457270325f,0.0494922510442552f,-0.06637921510715483f,0.08677143478205501f,0.04742816109493647f,0.9950986321169458f,-10.087328268482716f,0f,0f,0f,1f], start_interpolation: 0, interpolation_duration: 1 }
$data merge entity $(bone_right_foot) { transformation: [-0.9959898762469542f,0.06661041065718185f,-0.059726205351239264f,-1.1056303517386552f,-0.021791845250927526f,0.4668550762827545f,0.8840652991886874f,0.21183520707338294f,0.08677143478205501f,0.8818216321576066f,-0.46353136589098093f,-9.133795515246362f,0f,0f,0f,1f], start_interpolation: 0, interpolation_duration: 1 }
$data merge entity $(bone_right_knee) { transformation: [-1.5786580637080025f,-0.06411547363552149f,-0.12648253817907232f,-0.9398264088809735f,-0.03454038344052785f,1.5450282053834279f,-0.35208623235717873f,0.11724362802251431f,0.13753395339154995f,-0.34791803509473984f,-1.5402296455575493f,-7.069367873531163f,0f,0f,0f,1f], start_interpolation: 0, interpolation_duration: 1 }
$data merge entity $(bone_right_thigh) { transformation: [-1.5972224850096821f,0.14278306867564342f,0.01404785357884963f,-0.7385399999999994f,-0.034946565276134094f,-0.5394667224910572f,1.5097875368445945f,0.444962615305309f,0.13915130062635844f,1.5034269733297436f,0.5404149007102503f,-5.0263112803852f,0f,0f,0f,1f], start_interpolation: 0, interpolation_duration: 1 }