# This file was generated by Animated Java via MC-Build. It is not recommended to edit this file directly.
$data merge entity $(bone_left_fingers_2) { transformation: [-0.32278581139654383f,0.06357189648143233f,0.944334651455102f,-1.52595677724185f,0.22662634945138513f,0.9739090635182523f,0.011900997073308717f,0.17295607397024015f,-0.9189395070925035f,0.21785258771645183f,-0.32877109412147565f,1.1643188858628726f,0f,0f,0f,1f], start_interpolation: 0, interpolation_duration: 1 }
$data merge entity $(bone_left_fingers) { transformation: [-0.32278581139654383f,0.06357189648143233f,0.944334651455102f,-0.9769100316923621f,0.22662634945138513f,0.9739090635182523f,0.011900997073308717f,0.18233222185223077f,-0.9189395070925035f,0.21785258771645183f,-0.32877109412147565f,0.9887364717375766f,0f,0f,0f,1f], start_interpolation: 0, interpolation_duration: 1 }
$data merge entity $(bone_left_index_finger_2) { transformation: [-0.19392778306256075f,0.06633648162983016f,0.9787703950168374f,-1.6724877517230774f,0.23656359463042026f,0.9714308472413297f,-0.018967728475652923f,0.2936070559061509f,-0.9520660064575219f,0.2278630734300035f,-0.20408022715358365f,0.6763639970335843f,0f,0f,0f,1f], start_interpolation: 0, interpolation_duration: 1 }
$data merge entity $(bone_left_index_finger) { transformation: [-0.19392778306256075f,0.06633648162983016f,0.9787703950168374f,-1.1080172473865555f,0.23656359463042026f,0.9714308472413297f,-0.018967728475652923f,0.28829465937358323f,-0.9520660064575219f,0.2278630734300035f,-0.20408022715358365f,0.5600661433353767f,0f,0f,0f,1f], start_interpolation: 0, interpolation_duration: 1 }
$data merge entity $(bone_left_thumb) { transformation: [-0.2846289621583575f,0.19555729788353393f,0.9384794601615675f,-0.4430920584778455f,0.23004056992423863f,0.9643007366514446f,-0.1311694533129279f,0.1575350811953734f,-0.9306275786207862f,0.17855372451442109f,-0.31945403013961254f,0.04247579851336747f,0f,0f,0f,1f], start_interpolation: 0, interpolation_duration: 1 }
$data merge entity $(bone_left_hand) { transformation: [-0.2846289621583575f,-0.012202322959351253f,0.9585600957764996f,-0.32306695488948534f,0.23004056992423863f,0.9698332246911379f,0.08065266563555085f,0.15367779884496158f,-0.9306275786207862f,0.24346379525421066f,-0.2732355948825629f,0.6560906709081381f,0f,0f,0f,1f], start_interpolation: 0, interpolation_duration: 1 }
$data merge entity $(bone_left_forearm) { transformation: [-0.43668049495583955f,0.5907953495676207f,1.8616093665441984f,1.8430982808633753f,-0.021140438338994896f,1.906030546302407f,-0.609851680148277f,0.3972725730228518f,-1.9529930006384182f,-0.15273128311552397f,-0.40964610087968295f,0.1528462142400291f,0f,0f,0f,1f], start_interpolation: 0, interpolation_duration: 1 }
$data merge entity $(bone_left_bicep) { transformation: [-1.169267752399018f,0.5406755964019129f,0.07055810489445144f,1.6933964761238973f,0.14171630077239952f,0.46255630890973837f,-1.1960157919920191f,0.9954565406625618f,-0.526521639447276f,-1.076200345685851f,-0.47860568597804837f,-1.5677033010443937f,0f,0f,0f,1f], start_interpolation: 0, interpolation_duration: 1 }
$data merge entity $(bone_left_shoulder) { transformation: [-1.1172671999529409f,0.5166302657671403f,0.06742019193436867f,1.3743293750000003f,0.13541378715594224f,0.4419851578184899f,-1.1428256806678905f,1.1057806225220204f,-0.5031057742017858f,-1.0283387567525186f,-0.45732077495264006f,-1.821200774359269f,0f,0f,0f,1f], start_interpolation: 0, interpolation_duration: 1 }
$data merge entity $(bone_right_fingers_2) { transformation: [-0.18534565519295768f,-0.3511759084669241f,-0.9177812753665895f,1.6777817875501917f,-0.1963940323922359f,0.9283589156539459f,-0.3155615752377771f,0.11034039502072672f,0.9628480524682027f,0.12175879860716603f,-0.24103614421893033f,0.7860434525236617f,0f,0f,0f,1f], start_interpolation: 0, interpolation_duration: 1 }
$data merge entity $(bone_right_fingers) { transformation: [-0.18534565519295768f,-0.3511759084669241f,-0.9177812753665895f,1.1442610845068035f,-0.1963940323922359f,0.9283589156539459f,-0.3155615752377771f,-0.06885626889682718f,0.9628480524682027f,0.12175879860716603f,-0.24103614421893033f,0.6610716053312276f,0f,0f,0f,1f], start_interpolation: 0, interpolation_duration: 1 }
$data merge entity $(bone_right_index_finger_2) { transformation: [-0.18534565519295768f,-0.3108086098494064f,-0.9322258289409131f,1.7686989678554939f,-0.1963940323922359f,0.9412399262616488f,-0.274766783384898f,0.17451715621755604f,0.9628480524682027f,0.13215676015416533f,-0.23549568701728663f,0.3525171430912769f,0f,0f,0f,1f], start_interpolation: 0, interpolation_duration: 1 }
$data merge entity $(bone_right_index_finger) { transformation: [-0.18534565519295768f,-0.3108086098494064f,-0.9322258289409131f,1.22963899664424f,-0.1963940323922359f,0.9412399262616488f,-0.274766783384898f,0.021607533127922463f,0.9628480524682027f,0.13215676015416533f,-0.23549568701728663f,0.2175602714545779f,0f,0f,0f,1f], start_interpolation: 0, interpolation_duration: 1 }
$data merge entity $(bone_right_thumb) { transformation: [0.15601714447846698f,-0.15875177496424037f,-0.9749135985175753f,0.5166196731517467f,-0.12066270627964307f,0.9765448761161941f,-0.178327272856621f,-0.13323147123332418f,0.9803566503788598f,0.14545782507967858f,0.13320232423284484f,-0.22374649966764154f,0f,0f,0f,1f], start_interpolation: 0, interpolation_duration: 1 }
$data merge entity $(bone_right_hand) { transformation: [-0.18534565519295768f,0.026775454474047777f,-0.9823085376493483f,0.46012793228452f,-0.1963940323922359f,0.9784519877315797f,0.06372669569998207f,-0.11455723094867254f,0.9628480524682027f,0.20473100093007152f,-0.17609328526766846f,0.3986714240027484f,0f,0f,0f,1f], start_interpolation: 0, interpolation_duration: 1 }
$data merge entity $(bone_right_forearm) { transformation: [-0.37093805178939093f,-0.7822697995423186f,-1.8043795871947985f,-1.7351652597398852f,-0.39304951434009394f,1.8286378195690942f,-0.7119849551396212f,-0.007163245073162683f,1.9269778964062536f,0.22240606509754307f,-0.49256319512943736f,-0.018493585622590736f,0f,0f,0f,1f], start_interpolation: 0, interpolation_duration: 1 }
$data merge entity $(bone_right_bicep) { transformation: [-1.140881833693891f,-0.6021078458864619f,-0.018719160780865902f,-1.6778739799825975f,-0.31569833803915087f,0.6317560112352917f,-1.079682603888061f,0.9278079067397698f,0.5130485595123461f,-0.9501821444865975f,-0.7059962403527857f,-1.5879143147054469f,0f,0f,0f,1f], start_interpolation: 0, interpolation_duration: 1 }
$data merge entity $(bone_right_shoulder) { transformation: [-1.0901436811141643f,-0.57533045417787f,-0.017886668223079376f,-1.3743293749999999f,-0.3016583647732654f,0.6036600840809145f,-1.0316661493562347f,1.1057806225220204f,0.490231879182654f,-0.9079249315117889f,-0.6745986460482521f,-1.8212007743592693f,0f,0f,0f,1f], start_interpolation: 0, interpolation_duration: 1 }
$data merge entity $(bone_chest) { transformation: [-4.0674850000000005f,1.4930822485725015e-16f,4.752197647077038e-16f,1.6026056570437823e-16f,0f,3.880463861405348f,-1.2191941787722331f,1.4647885973294008f,-4.981232485829872e-16f,-1.2191941787722331f,-3.880463861405348f,-1.308626828698347f,0f,0f,0f,1f], start_interpolation: 0, interpolation_duration: 1 }
$data merge entity $(bone_weist) { transformation: [-1.0999999999999999f,1.1605182436844317e-17f,1.3421033160981322e-16f,4.2724327247162637e-16f,0f,1.0959105245957912f,-0.09476350605680182f,0.928858072425971f,-1.3471114790620883e-16f,-0.09476350605680182f,-1.0959105245957912f,-3.488706072388298f,0f,0f,0f,1f], start_interpolation: 0, interpolation_duration: 1 }
$data merge entity $(bone_right_fingers2) { transformation: [-0.9959896855720095f,-0.025978972964089263f,-0.08561331203674277f,1.180985848015219f,0.021790923499321904f,-0.9985366351887514f,0.04949488699828958f,-0.02358202981729679f,-0.08677385485972294f,0.0474308038057325f,0.9950982951262282f,-10.319863241599363f,0f,0f,0f,1f], start_interpolation: 0, interpolation_duration: 1 }
$data merge entity $(bone_left_foot) { transformation: [-0.9959896855720095f,-0.06661282297700649f,0.059726694611401024f,1.1088437574164776f,0.021790923499321904f,0.46685741855292584f,0.8840640850046703f,0.25463492503391166f,-0.08677385485972294f,0.8818202098824521f,-0.463533618581923f,-9.366331412858049f,0f,0f,0f,1f], start_interpolation: 0, interpolation_duration: 1 }
$data merge entity $(bone_left_knee) { transformation: [-1.578657761485514f,0.06411523308539081f,0.12648643216558672f,0.9421072063999211f,0.03453892245117479f,1.5450273073341014f,-0.35209031648410183f,0.1289419102042474f,-0.13753778924893803f,-0.3479220674409277f,-1.540228392171165f,-7.2990665271412745f,0f,0f,0f,1f], start_interpolation: 0, interpolation_duration: 1 }
$data merge entity $(bone_left_thigh) { transformation: [-1.5972221792331713f,-0.14278626068358594f,-0.014050175683889056f,0.7385400000000005f,0.03494508710609923f,-0.5394627492712999f,1.509788990735761f,0.4612560881241736f,-0.13915518159197754f,1.5034280958595125f,0.5404107785078439f,-5.228737900918066f,0f,0f,0f,1f], start_interpolation: 0, interpolation_duration: 1 }
$data merge entity $(bone_left_fingers2) { transformation: [-0.9959896855720095f,0.025978972964089252f,0.08561331203674252f,-1.1777823401523375f,-0.021790923499321904f,-0.9985366351887514f,0.04949488699828958f,-0.06639261879131092f,0.0867738548597227f,0.0474308038057325f,0.9950982951262282f,-10.27482584237929f,0f,0f,0f,1f], start_interpolation: 0, interpolation_duration: 1 }
$data merge entity $(bone_right_foot) { transformation: [-0.9959896855720095f,0.06661282297700627f,-0.05972669461140091f,-1.1056402495535962f,-0.021790923499321904f,0.46685741855292584f,0.8840640850046703f,0.21182433605989753f,0.0867738548597227f,0.8818202098824521f,-0.463533618581923f,-9.321294013637976f,0f,0f,0f,1f], start_interpolation: 0, interpolation_duration: 1 }
$data merge entity $(bone_right_knee) { transformation: [-1.578657761485514f,-0.06411523308539073f,-0.12648643216558633f,-0.9398314780514438f,-0.03453892245117479f,1.5450273073341014f,-0.35209031648410183f,0.11723823368864228f,0.13753778924893764f,-0.3479220674409277f,-1.540228392171165f,-7.256866508806811f,0f,0f,0f,1f], start_interpolation: 0, interpolation_duration: 1 }
$data merge entity $(bone_right_thigh) { transformation: [-1.5972221792331713f,0.14278626068358558f,0.014050175683888923f,-0.7385399999999994f,-0.03494508710609923f,-0.5394627492712999f,1.509788990735761f,0.444962615305309f,0.13915518159197715f,1.5034280958595125f,0.5404107785078439f,-5.2138112803852f,0f,0f,0f,1f], start_interpolation: 0, interpolation_duration: 1 }