# This file was generated by Animated Java via MC-Build. It is not recommended to edit this file directly.
$data merge entity $(bone_left_fingers_2) { transformation: [-0.319953305481251f,0.04282130063837945f,0.9464651174360622f,-1.5235112225065102f,0.2189558804020558f,0.9752767342625167f,0.02989337792222889f,0.166405307863085f,-0.9217853355033275f,0.21679858813626554f,-0.3214189904674894f,1.3578338088705415f,0f,0f,0f,1f], start_interpolation: 0, interpolation_duration: 1 }
$data merge entity $(bone_left_fingers) { transformation: [-0.319953305481251f,0.04282130063837945f,0.9464651174360622f,-0.9733956189924166f,0.2189558804020558f,0.9752767342625167f,0.02989337792222889f,0.186264238481529f,-0.9217853355033275f,0.21679858813626554f,-0.3214189904674894f,1.1865216063201323f,0f,0f,0f,1f], start_interpolation: 0, interpolation_duration: 1 }
$data merge entity $(bone_left_index_finger_2) { transformation: [-0.20044543718813562f,0.04521949820921599f,0.9786607296158175f,-1.6687442370780181f,0.22991600763702116f,0.973208159949692f,0.0021229318378079842f,0.28194885265364283f,-0.9523446099719944f,0.22543529978475302f,-0.20547182159178953f,0.8741197141750663f,0f,0f,0f,1f], start_interpolation: 0, interpolation_duration: 1 }
$data merge entity $(bone_left_index_finger) { transformation: [-0.20044543718813562f,0.04521949820921599f,0.9786607296158175f,-1.1044590838620083f,0.22991600763702116f,0.973208159949692f,0.0021229318378079842f,0.2888017456611145f,-0.9523446099719944f,0.22543529978475302f,-0.20547182159178953f,0.7570058110078131f,0f,0f,0f,1f], start_interpolation: 0, interpolation_duration: 1 }
$data merge entity $(bone_left_thumb) { transformation: [-0.2845339807209588f,0.1804587199028416f,0.9415280474983807f,-0.43571434449504837f,0.22260517162460883f,0.9677160378918908f,-0.11820578485336068f,0.1662447480568966f,-0.932463056308969f,0.17595545009418795f,-0.31551914078402327f,0.2423373788198161f,0f,0f,0f,1f], start_interpolation: 0, interpolation_duration: 1 }
$data merge entity $(bone_left_hand) { transformation: [-0.2845339807209588f,-0.027602839421326575f,0.9582684890316313f,-0.31795193863299276f,0.22260517162460883f,0.970361718258687f,0.09404824987221744f,0.166261328484257f,-0.932463056308969f,0.24007544437932232f,-0.2699563476286629f,0.8564026288000183f,0f,0f,0f,1f], start_interpolation: 0, interpolation_duration: 1 }
$data merge entity $(bone_left_forearm) { transformation: [-0.42897417111134695f,0.5628269029170575f,1.87203778573586f,1.8462085197693299f,-0.03428095303915446f,1.91412214285711f,-0.5833349568074313f,0.4405088828656416f,-1.9545138551897645f,-0.15710102777382945f,-0.40064109910785045f,0.3603552369493177f,0f,0f,0f,1f], start_interpolation: 0, interpolation_duration: 1 }
$data merge entity $(bone_left_bicep) { transformation: [-1.1692674894814692f,0.5377458039053944f,0.09021425571912003f,1.6940540805421347f,0.12243503492355148f,0.46694063163938476f,-1.1964412782324894f,1.030557334128392f,-0.5313368270467261f,-1.0757748465257333f,-0.47422070739009714f,-1.362786421712208f,0f,0f,0f,1f], start_interpolation: 0, interpolation_duration: 1 }
$data merge entity $(bone_left_shoulder) { transformation: [-1.1172669487280587f,0.513830769199898f,0.08620217967727173f,1.3743293750000003f,0.11699001222304793f,0.44617449765942174f,-1.143232244365156f,1.1352396308353354f,-0.5077068171668789f,-1.0279321807101778f,-0.45313080842122583f,-1.6178431143452783f,0f,0f,0f,1f], start_interpolation: 0, interpolation_duration: 1 }
$data merge entity $(bone_right_fingers_2) { transformation: [-0.17983291681139696f,-0.33647848042334877f,-0.9243605109712874f,1.6854081725926404f,-0.18965341895500704f,0.933909829803391f,-0.3030577675547653f,0.10595432551131741f,0.9652417845854904f,0.12080836895097823f,-0.2317620229494526f,0.9672269352156805f,0f,0f,0f,1f], start_interpolation: 0, interpolation_duration: 1 }
$data merge entity $(bone_right_fingers) { transformation: [-0.17983291681139696f,-0.33647848042334877f,-0.9243605109712874f,1.1482565030654384f,-0.18965341895500704f,0.933909829803391f,-0.3030577675547653f,-0.06591128162464983f,0.9652417845854904f,0.12080836895097823f,-0.2317620229494526f,0.8476274179352741f,0f,0f,0f,1f], start_interpolation: 0, interpolation_duration: 1 }
$data merge entity $(bone_right_index_finger_2) { transformation: [-0.17983291681139696f,-0.295838188274236f,-0.9381577097640478f,1.7734871608617104f,-0.18965341895500704f,0.9462401487399386f,-0.2620327490816672f,0.1669893799990632f,0.9652417845854904f,0.1308027036082858f,-0.2262718498156172f,0.532662250419941f,0f,0f,0f,1f], start_interpolation: 0, interpolation_duration: 1 }
$data merge entity $(bone_right_index_finger) { transformation: [-0.17983291681139696f,-0.295838188274236f,-0.9381577097640478f,1.23109511150449f,-0.18965341895500704f,0.9462401487399386f,-0.2620327490816672f,0.021447582597279802f,0.9652417845854904f,0.1308027036082858f,-0.2262718498156172f,0.40301344556317026f,0f,0f,0f,1f], start_interpolation: 0, interpolation_duration: 1 }
$data merge entity $(bone_right_thumb) { transformation: [0.16274102360977097f,-0.1431710880293892f,-0.9762261002385283f,0.5120805355030799f,-0.11886751291827705f,0.9793648706649505f,-0.16344713053476478f,-0.12474263650904044f,0.979482451913799f,0.14264112191057005f,0.14236445038360776f,-0.03146301929856743f,0f,0f,0f,1f], start_interpolation: 0, interpolation_duration: 1 }
$data merge entity $(bone_right_hand) { transformation: [-0.17983291681139696f,0.042871871887608826f,-0.9827624965534439f,0.4612749744000808f,-0.18965341895500704f,0.9787953636592114f,0.07740295057624763f,-0.10265718547130653f,0.9652417845854904f,0.20030386586405405f,-0.1678888281278219f,0.5913332102629543f,0f,0f,0f,1f], start_interpolation: 0, interpolation_duration: 1 }
$data merge entity $(bone_right_forearm) { transformation: [-0.35990523619329906f,-0.7534577200140703f,-1.8188173237954401f,-1.7357505796290706f,-0.3795593140239979f,1.8408280069452625f,-0.6874690889124597f,0.03520688564572305f,1.9317685472967099f,0.22131535243560027f,-0.47393730247578997f,0.19265473674754063f,0f,0f,0f,1f], start_interpolation: 0, interpolation_duration: 1 }
$data merge entity $(bone_right_bicep) { transformation: [-1.140882747994949f,-0.601023824816589f,-0.04065145558823723f,-1.6784094525041207f,-0.2967889912771677f,0.6365721477582655f,-1.0822143128171153f,0.9627108321298637f,0.524212240886538f,-0.947650719522957f,-0.7011813344659479f,-1.3811887099554592f,0f,0f,0f,1f], start_interpolation: 0, interpolation_duration: 1 }
$data merge entity $(bone_right_shoulder) { transformation: [-1.0901445547537398f,-0.5742946425060421f,-0.03884357356635785f,-1.3743293749999999f,-0.2835899686626622f,0.6082620337682927f,-1.0340852662269917f,1.1352396308353354f,0.5008990809459107f,-0.905506085977723f,-0.6699978722672367f,-1.6178431143452787f,0f,0f,0f,1f], start_interpolation: 0, interpolation_duration: 1 }
$data merge entity $(bone_chest) { transformation: [-4.0674850000000005f,1.6652849874155555e-16f,4.694624903927386e-16f,1.3700047845991336e-16f,0f,3.8334521489754985f,-1.359808386038319f,1.5126899459040304f,-4.981232485829872e-16f,-1.359808386038319f,-3.8334521489754985f,-1.118693802615566f,0f,0f,0f,1f], start_interpolation: 0, interpolation_duration: 1 }
$data merge entity $(bone_weist) { transformation: [-1.0999999999999999f,1.6488791239656976e-17f,1.3369821664354196e-16f,4.014138263778942e-16f,0f,1.0917287885505265f,-0.1346411981898545f,0.8976621006365759f,-1.3471114790620883e-16f,-0.1346411981898545f,-1.0917287885505265f,-3.2777926391297f,0f,0f,0f,1f], start_interpolation: 0, interpolation_duration: 1 }
$data merge entity $(bone_right_fingers2) { transformation: [-0.9959895621905205f,-0.025978600219776538f,-0.08561486049837609f,1.1809938735940406f,0.021790327071790593f,-0.9985365636598158f,0.0494965926155681f,-0.023590754125155045f,-0.0867754207920639f,0.04743251379663682f,0.995098077066423f,-10.13236171328648f,0f,0f,0f,1f], start_interpolation: 0, interpolation_duration: 1 }
$data merge entity $(bone_left_foot) { transformation: [-0.9959895621905205f,-0.06661438388839622f,0.05972701119849167f,1.1088501962477564f,0.021790327071790593f,0.4668589341377127f,0.8840632993524296f,0.2546278395119605f,-0.0867754207920639f,0.8818192895797691f,-0.4635350762039395f,-9.178830482754972f,0f,0f,0f,1f], start_interpolation: 0, interpolation_duration: 1 }
$data merge entity $(bone_left_knee) { transformation: [-1.578657565924106f,0.06411507744659176f,0.12648895180458386f,0.9421105303354969f,0.03453797710508827f,1.5450267262368693f,-0.3520929591532584f,0.12893837297526078f,-0.13754027127388252f,-0.3479246766066287f,-1.5402275811451072f,-7.111565632535569f,0f,0f,0f,1f], start_interpolation: 0, interpolation_duration: 1 }
$data merge entity $(bone_left_thigh) { transformation: [-1.5972219813720352f,-0.14278832610719178f,-0.014051678213175088f,0.7385400000000005f,0.034944130643100556f,-0.539460178361898f,1.509789931482674f,0.4612560881241736f,-0.13915769280459592f,1.5034288221929117f,0.5404081111937961f,-5.041237900918066f,0f,0f,0f,1f], start_interpolation: 0, interpolation_duration: 1 }
$data merge entity $(bone_left_fingers2) { transformation: [-0.9959895621905205f,0.025978600219776535f,0.08561486049837586f,-1.1777903313749354f,-0.021790327071790593f,-0.9985365636598158f,0.0494965926155681f,-0.0664012917621391f,0.08677542079206366f,0.04743251379663682f,0.995098077066423f,-10.087324272511626f,0f,0f,0f,1f], start_interpolation: 0, interpolation_duration: 1 }
$data merge entity $(bone_right_foot) { transformation: [-0.9959895621905205f,0.066614383888396f,-0.05972701119849157f,-1.1056466540286514f,-0.021790327071790593f,0.4668589341377127f,0.8840632993524296f,0.21181730187497644f,0.08677542079206366f,0.8818192895797691f,-0.4635350762039395f,-9.133793041980118f,0f,0f,0f,1f], start_interpolation: 0, interpolation_duration: 1 }
$data merge entity $(bone_right_knee) { transformation: [-1.578657565924106f,-0.06411507744659169f,-0.1264889518045835f,-0.9398347581046622f,-0.03453797710508827f,1.5450267262368693f,-0.3520929591532584f,0.11723474323833016f,0.1375402712738821f,-0.3479246766066287f,-1.5402275811451072f,-7.069365625735093f,0f,0f,0f,1f], start_interpolation: 0, interpolation_duration: 1 }
$data merge entity $(bone_right_thigh) { transformation: [-1.5972219813720352f,0.14278832610719142f,0.014051678213174955f,-0.7385399999999994f,-0.034944130643100556f,-0.539460178361898f,1.509789931482674f,0.444962615305309f,0.1391576928045955f,1.5034288221929117f,0.5404081111937961f,-5.0263112803852f,0f,0f,0f,1f], start_interpolation: 0, interpolation_duration: 1 }