# This file was generated by Animated Java via MC-Build. It is not recommended to edit this file directly.
$data merge entity $(bone_left_fingers_2) { transformation: [-0.3133286797747705f,0.006273775387174996f,0.9496240193745052f,-1.5162907360846416f,0.20829533414419307f,0.9760811638706354f,0.06227853009428196f,0.15386288242473745f,-0.9265193965613231f,0.21731590203971904f,-0.3071410205692249f,1.177479343418729f,0f,0f,0f,1f], start_interpolation: 0, interpolation_duration: 1 }
$data merge entity $(bone_left_fingers) { transformation: [-0.3133286797747705f,0.006273775387174996f,0.9496240193745052f,-0.9646570814772822f,0.20829533414419307f,0.9760811638706354f,0.06227853009428196f,0.19253732029869947f,-0.9265193965613231f,0.21731590203971904f,-0.3071410205692249f,1.0144639329284388f,0f,0f,0f,1f], start_interpolation: 0, interpolation_duration: 1 }
$data merge entity $(bone_left_index_finger_2) { transformation: [-0.21844177972934592f,0.007825432668903155f,0.9758186058239617f,-1.6584309432352926f,0.21908647778591872f,0.974834103059514f,0.04122604472311586f,0.2606765444922162f,-0.9509386437200015f,0.22279415188845675f,-0.21465894289376172f,0.7062942552923425f,0f,0f,0f,1f], start_interpolation: 0, interpolation_duration: 1 }
$data merge entity $(bone_left_index_finger) { transformation: [-0.21844177972934592f,0.007825432668903155f,0.9758186058239617f,-1.096000069429847f,0.21908647778591872f,0.974834103059514f,0.04122604472311586f,0.29007482190076106f,-0.9509386437200015f,0.22279415188845675f,-0.21465894289376172f,0.5838703357606216f,0f,0f,0f,1f], start_interpolation: 0, interpolation_duration: 1 }
$data merge entity $(bone_left_thumb) { transformation: [-0.2851408150937634f,0.1584651322549332f,0.9452954656757276f,-0.422430091257713f,0.21175034269104268f,0.9722847688374088f,-0.09911670221013223f,0.1796615227877434f,-0.9348029246519771f,0.17190442154352134f,-0.3107931175491136f,0.07275809068351136f,0f,0f,0f,1f], start_interpolation: 0, interpolation_duration: 1 }
$data merge entity $(bone_left_hand) { transformation: [-0.2851408150937634f,-0.0498905097600702f,0.9571863207356991f,-0.3074562187466945f,0.21175034269104268f,0.9706905183606686f,0.11367369939841876f,0.18526598665436378f,-0.9348029246519771f,0.2350975427361513f,-0.26621915307042304f,0.6873259993536321f,0f,0f,0f,1f], start_interpolation: 0, interpolation_duration: 1 }
$data merge entity $(bone_left_forearm) { transformation: [-0.4193393827636702f,0.5215399733569436f,1.8861253859711762f,1.852396510758582f,-0.05323665993286364f,1.925189556334336f,-0.544177786730668f,0.5043812557643085f,-1.9561796373168983f,-0.1641939759026947f,-0.3895125135020548f,0.19940504507138512f,0f,0f,0f,1f], start_interpolation: 0, interpolation_duration: 1 }
$data merge entity $(bone_left_bicep) { transformation: [-1.1692667963179486f,0.5322338147833613f,0.11848185068027527f,1.6951177559629549f,0.09420944358456222f,0.47332244800074214f,-1.1964890573963403f,1.0825092107622978f,-0.5370617872079148f,-1.075727033280677f,-0.46783716194986597f,-1.5273134568763658f,0f,0f,0f,1f], start_interpolation: 0, interpolation_duration: 1 }
$data merge entity $(bone_left_shoulder) { transformation: [-1.1172662863914258f,0.5085639133921416f,0.11321263695436262f,1.3743293750000003f,0.09001969055153494f,0.4522724970971369f,-1.1432778986581973f,1.1789178200331496f,-0.5131771726060074f,-1.027886493851616f,-0.4470311568015294f,-1.784288906544991f,0f,0f,0f,1f], start_interpolation: 0, interpolation_duration: 1 }
$data merge entity $(bone_right_fingers_2) { transformation: [-0.1726629583252577f,-0.3146616488072226f,-0.9333678533098784f,1.6921966224996483f,-0.17990860215372217f,0.9417339005147823f,-0.2842009069167577f,0.09861099055502316f,0.9684112750755559f,0.1188499364372321f,-0.21921289860635912f,0.7717573861341339f,0f,0f,0f,1f], start_interpolation: 0, interpolation_duration: 1 }
$data merge entity $(bone_right_fingers) { transformation: [-0.1726629583252577f,-0.3146616488072226f,-0.9333678533098784f,1.1500785744341329f,-0.17990860215372217f,0.9417339005147823f,-0.2842009069167577f,-0.06220767599816755f,0.9684112750755559f,0.1188499364372321f,-0.21921289860635912f,0.6594225029701303f,0f,0f,0f,1f], start_interpolation: 0, interpolation_duration: 1 }
$data merge entity $(bone_right_index_finger_2) { transformation: [-0.1726629583252577f,-0.2736492266929951f,-0.946204842279248f,1.7765159592424866f,-0.17990860215372217f,0.9532342479610213f,-0.24285255482551474f,0.15510979357842097f,0.9684112750755559f,0.1282987499725225f,-0.21382009508468602f,0.3358356201822414f,0f,0f,0f,1f], start_interpolation: 0, interpolation_duration: 1 }
$data merge entity $(bone_right_index_finger) { transformation: [-0.1726629583252577f,-0.2736492266929951f,-0.946204842279248f,1.229614520660379f,-0.17990860215372217f,0.9532342479610213f,-0.24285255482551474f,0.020662418185889528f,0.9684112750755559f,0.1282987499725225f,-0.21382009508468602f,0.2133485501522292f,0f,0f,0f,1f], start_interpolation: 0, interpolation_duration: 1 }
$data merge entity $(bone_right_thumb) { transformation: [0.17151180105404962f,-0.12017043699071639f,-0.9778255305383761f,0.5025807934218717f,-0.1165290938013234f,0.9830907741414072f,-0.14125685858000292f,-0.11240326358419821f,0.978266156215699f,0.1381723411957288f,0.15460831714837542f,-0.21190293188673964f,0f,0f,0f,1f], start_interpolation: 0, interpolation_duration: 1 }
$data merge entity $(bone_right_hand) { transformation: [-0.1726629583252577f,0.06647495676461235f,-0.9827352557762001f,0.45952274993592157f,-0.17990860215372217f,0.9788076542978039f,0.09781856040202302f,-0.08549015697079831f,0.9684112750755559f,0.19369216817200807f,-0.15704440867271446f,0.4112870915620925f,0f,0f,0f,1f], start_interpolation: 0, interpolation_duration: 1 }
$data merge entity $(bone_right_forearm) { transformation: [-0.34555577421378586f,-0.7106228828971642f,-1.838731382621452f,-1.738478699603439f,-0.36005670763406145f,1.8581178050887068f,-0.6504492001122053f,0.09788358362414762f,1.9381117476610559f,0.21849510965193555f,-0.4486752866639278f,0.03707323360152648f,0f,0f,0f,1f], start_interpolation: 0, interpolation_duration: 1 }
$data merge entity $(bone_right_bicep) { transformation: [-1.1408851584105253f,-0.5980334824020683f,-0.07233693908202349f,-1.6793128806765178f,-0.26868724567679575f,0.6438513154505873f,-1.0852457192333338f,1.0144828723262562f,0.5391510389865891f,-0.9446200617336655f,-0.6939054111628459f,-1.5430786325667505f,0f,0f,0f,1f], start_interpolation: 0, interpolation_duration: 1 }
$data merge entity $(bone_right_shoulder) { transformation: [-1.0901468579715068f,-0.5714372888421638f,-0.0691199164738093f,-1.3743293749999999f,-0.2567379849691933f,0.6152174768555599f,-1.036981857663486f,1.1789178200331496f,0.5151735096126229f,-0.9026102098746577f,-0.6630455292822786f,-1.7842889065449914f,0f,0f,0f,1f], start_interpolation: 0, interpolation_duration: 1 }
$data merge entity $(bone_chest) { transformation: [-4.0674850000000005f,1.9108864066840918e-16f,4.600129369771767e-16f,1.5991063769712483e-16f,0f,3.756290689670326f,-1.5603571642162666f,1.582201721452974f,-4.981232485829872e-16f,-1.5603571642162666f,-3.756290689670326f,-1.3057694496769259f,0f,0f,0f,1f], start_interpolation: 0, interpolation_duration: 1 }
$data merge entity $(bone_weist) { transformation: [-1.0999999999999999f,2.352644443560029e-17f,1.3264086769328329e-16f,4.199773713795275e-16f,0f,1.083094879157264f,-0.19210799760371988f,0.8540091421362719f,-1.3471114790620883e-16f,-0.19210799760371988f,-1.083094879157264f,-3.429375487462443f,0f,0f,0f,1f], start_interpolation: 0, interpolation_duration: 1 }
$data merge entity $(bone_right_fingers2) { transformation: [-0.9959892368985522f,-0.02597761755635935f,-0.08561894281252985f,1.1810150319638897f,0.021788754671853244f,-0.9985363750678424f,0.0495010892427965f,-0.023613754568788337f,-0.086779549158137f,0.047437021960374304f,0.9950975021551616f,-10.319857683961642f,0f,0f,0f,1f], start_interpolation: 0, interpolation_duration: 1 }
$data merge entity $(bone_left_foot) { transformation: [-0.9959892368985522f,-0.06661849901300813f,0.05972784586349618f,1.1088671713740308f,0.021788754671853244f,0.46686292976357324f,0.8840612280732726f,0.2546091595001435f,-0.086779549158137f,0.8818168633008937f,-0.4635389190198421f,-9.366328030555577f,0f,0f,0f,1f], start_interpolation: 0, interpolation_duration: 1 }
$data merge entity $(bone_left_knee) { transformation: [-1.5786570503317279f,0.0641146671686254f,0.1264955944917151f,0.9421192934450084f,0.03453548482891191f,1.5450251942288078f,-0.35209992618558533f,0.12892904755726953f,-0.13754681479259354f,-0.34793155531816744f,-1.5402254429427924f,-7.299063273973186f,0f,0f,0f,1f], start_interpolation: 0, interpolation_duration: 1 }
$data merge entity $(bone_left_thigh) { transformation: [-1.5972214597164862f,-0.14279377134012114f,-0.014055639391838704f,0.7385400000000005f,0.03494160905869969f,-0.5394534005004211f,1.5097924116102954f,0.4612560881241736f,-0.13916431327261025f,1.503430737036498f,0.5404010791591422f,-5.228737900918066f,0f,0f,0f,1f], start_interpolation: 0, interpolation_duration: 1 }
$data merge entity $(bone_left_fingers2) { transformation: [-0.9959892368985522f,0.02597761755635935f,0.08561894281252963f,-1.1778113991683736f,-0.021788754671853244f,-0.9985363750678424f,0.0495010892427965f,-0.06642415686225822f,0.08677954915813675f,0.047437021960374304f,0.9950975021551616f,-10.274820133633874f,0f,0f,0f,1f], start_interpolation: 0, interpolation_duration: 1 }
$data merge entity $(bone_right_foot) { transformation: [-0.9959892368985522f,0.06661849901300794f,-0.05972784586349608f,-1.105663538578515f,-0.021788754671853244f,0.46686292976357324f,0.8840612280732726f,0.21179875720667363f,0.08677954915813675f,0.8818168633008937f,-0.4635389190198421f,-9.321290480227809f,0f,0f,0f,1f], start_interpolation: 0, interpolation_duration: 1 }
$data merge entity $(bone_right_knee) { transformation: [-1.5786570503317279f,-0.06411466716862534f,-0.12649559449171474f,-0.9398434055242353f,-0.03453548482891191f,1.5450251942288078f,-0.35209992618558533f,0.11722554114588057f,0.13754681479259315f,-0.34793155531816744f,-1.5402254429427924f,-7.256863297581241f,0f,0f,0f,1f], start_interpolation: 0, interpolation_duration: 1 }
$data merge entity $(bone_right_thigh) { transformation: [-1.5972214597164862f,0.14279377134012078f,0.01405563939183857f,-0.7385399999999994f,-0.03494160905869969f,-0.5394534005004211f,1.5097924116102954f,0.444962615305309f,0.13916431327260984f,1.503430737036498f,0.5404010791591422f,-5.2138112803852f,0f,0f,0f,1f], start_interpolation: 0, interpolation_duration: 1 }