# This file was generated by Animated Java via MC-Build. It is not recommended to edit this file directly.
$data merge entity $(bone_left_fingers_2) { transformation: [-0.39787410163400305f,0.19066395101515352f,0.8974093029561407f,-1.496583339806691f,0.20865959326898487f,0.9713377978127253f,-0.1138598115102363f,0.24946665587882857f,-0.8933965375944534f,0.14195118993377934f,-0.42625401615776864f,1.4202679627252355f,0f,0f,0f,1f], start_interpolation: 0, interpolation_duration: 1 }
$data merge entity $(bone_left_fingers) { transformation: [-0.39787410163400305f,0.19066395101515352f,0.8974093029561407f,-0.9728130869954443f,0.20865959326898487f,0.9713377978127253f,-0.1138598115102363f,0.18659626848887703f,-0.8933965375944534f,0.14195118993377934f,-0.42625401615776864f,1.1877137502131068f,0f,0f,0f,1f], start_interpolation: 0, interpolation_duration: 1 }
$data merge entity $(bone_left_index_finger_2) { transformation: [-0.007084286109800719f,0.21040253596046155f,0.9775891702303793f,-1.668520719997154f,0.23962385238409667f,0.9494874518527431f,-0.20261783767178318f,0.40003725814319535f,-0.9708399570778491f,0.23281828028655988f,-0.057143906984819554f,0.7897010421046099f,0f,0f,0f,1f], start_interpolation: 0, interpolation_duration: 1 }
$data merge entity $(bone_left_index_finger) { transformation: [-0.007084286109800719f,0.21040253596046155f,0.9775891702303793f,-1.1038976492613415f,0.23962385238409667f,0.9494874518527431f,-0.20261783767178318f,0.2887563575070583f,-0.9708399570778491f,0.23281828028655988f,-0.057143906984819554f,0.7581144667263257f,0f,0f,0f,1f], start_interpolation: 0, interpolation_duration: 1 }
$data merge entity $(bone_left_thumb) { transformation: [-0.2845797823954348f,0.1787073649458414f,0.9418481964551829f,-0.4347517635136503f,0.2217858106229171f,0.9680900095080591f,-0.11667385181359632f,0.1671868441952905f,-0.9326443060771363f,0.17568554637419478f,-0.31513360204379687f,0.24373330824200512f,0f,0f,0f,1f], start_interpolation: 0, interpolation_duration: 1 }
$data merge entity $(bone_left_hand) { transformation: [-0.2845797823954348f,-0.029381973189508526f,0.9582019865890793f,-0.3172146068576369f,0.2217858106229171f,0.9703952542586227f,0.09562481225434177f,0.16762143858529888f,-0.9326443060771363f,0.2397284925990934f,-0.26963836555294557f,0.8578415590215516f,0f,0f,0f,1f], start_interpolation: 0, interpolation_duration: 1 }
$data merge entity $(bone_left_forearm) { transformation: [-0.4281690919765718f,0.5595715039083878f,1.873197638809199f,1.8466566657726338f,-0.035777503145604746f,1.9150331913400893f,-0.5802467403485808f,0.44542493499546065f,-1.9546635598729825f,-0.15762627138326976f,-0.3997033395221805f,0.36251181165526725f,0f,0f,0f,1f], start_interpolation: 0, interpolation_duration: 1 }
$data merge entity $(bone_left_bicep) { transformation: [-1.1692751126287906f,0.5373465042785516f,0.09246658227522697f,1.6941376150844585f,0.1202051161970209f,0.4674562419013314f,-1.1964660527815472f,1.0345444495331368f,-0.531828980536132f,-1.0757504449258741f,-0.4737241171977567f,-1.360915431020494f,0f,0f,0f,1f], start_interpolation: 0, interpolation_duration: 1 }
$data merge entity $(bone_left_shoulder) { transformation: [-1.1172742328530547f,0.5134492275255383f,0.0883543390775102f,1.3743293750000003f,0.11485926411458283f,0.44666717731508676f,-1.143255917121887f,1.1385745532892042f,-0.5081770832371845f,-1.027908864316569f,-0.4526563029603663f,-1.6161341884058968f,0f,0f,0f,1f], start_interpolation: 0, interpolation_duration: 1 }
$data merge entity $(bone_right_fingers_2) { transformation: [-0.17920455699743723f,-0.3348436781030208f,-0.9250759093100376f,1.6862318157108178f,-0.1888790602934617f,0.9345155286037682f,-0.3016710582423817f,0.10556781523538378f,0.9655104491065911f,0.12066664009932558f,-0.2307144005759692f,0.96645837059871f,0f,0f,0f,1f], start_interpolation: 0, interpolation_duration: 1 }
$data merge entity $(bone_right_fingers) { transformation: [-0.17920455699743723f,-0.3348436781030208f,-0.9250759093100376f,1.1486859400460254f,-0.1888790602934617f,0.9345155286037682f,-0.3016710582423817f,-0.06548444476883597f,0.9655104491065911f,0.12066664009932558f,-0.2307144005759692f,0.8474654992618043f,0f,0f,0f,1f], start_interpolation: 0, interpolation_duration: 1 }
$data merge entity $(bone_right_index_finger_2) { transformation: [-0.17920455699743723f,-0.29417373668621594f,-0.9388011181264225f,1.7739883422150386f,-0.1888790602934617f,0.9467847836386096f,-0.260620939398679f,0.16624271599232016f,0.9655104491065911f,0.1306154130049738f,-0.22523140667218028f,0.5317780285121425f,0f,0f,0f,1f], start_interpolation: 0, interpolation_duration: 1 }
$data merge entity $(bone_right_index_finger) { transformation: [-0.17920455699743723f,-0.29417373668621594f,-0.9388011181264225f,1.2312351103561783f,-0.1888790602934617f,0.9467847836386096f,-0.260620939398679f,0.021517725766671686f,0.9655104491065911f,0.1306154130049738f,-0.22523140667218028f,0.4027277704395447f,0f,0f,0f,1f], start_interpolation: 0, interpolation_duration: 1 }
$data merge entity $(bone_right_thumb) { transformation: [0.1634975654520685f,-0.14144162091818896f,-0.9763517880166359f,0.5115629869532166f,-0.11864278839322129f,0.9796673022208822f,-0.16178957235106345f,-0.12372087416503172f,0.9793837015457875f,0.14228929977793137f,0.14339219056551916f,-0.03097849314232337f,0f,0f,0f,1f], start_interpolation: 0, interpolation_duration: 1 }
$data merge entity $(bone_right_hand) { transformation: [-0.17920455699743723f,0.044656003382843035f,-0.9827978266730263f,0.46139739194389406f,-0.1888790602934617f,0.978824285704391f,0.07891589382340941f,-0.10124198341283552f,0.9655104491065911f,0.19977201775313874f,-0.1669751885425753f,0.5918555363474676f,0f,0f,0f,1f], start_interpolation: 0, interpolation_duration: 1 }
$data merge entity $(bone_right_forearm) { transformation: [-0.35864768006137726f,-0.7502515050698317f,-1.820390423220691f,-1.7357869306586498f,-0.378009565835939f,1.8421601124781848f,-0.684749341261055f,0.03999275711033812f,1.9323062339985553f,0.22112343015016722f,-0.47183028613634753f,0.195237189588779f,0f,0f,0f,1f], start_interpolation: 0, interpolation_duration: 1 }
$data merge entity $(bone_right_bicep) { transformation: [-1.1408562320373439f,-0.6009048524674767f,-0.043081778209643484f,-1.6784603336324353f,-0.2946887921131801f,0.6370938090737828f,-1.0824812320561703f,0.9666518814611438f,0.5254533253634808f,-0.9473755645107221f,-0.700623983420181f,-1.3791043549511555f,0f,0f,0f,1f], start_interpolation: 0, interpolation_duration: 1 }
$data merge entity $(bone_right_shoulder) { transformation: [-1.0901192180336885f,-0.5741809611844698f,-0.041165813057380984f,-1.3743293749999999f,-0.28158317113106385f,0.6087604953705356f,-1.0343403148334556f,1.1385745532892042f,0.5020849709831704f,-0.9052431678655609f,-0.6694653081551954f,-1.616134188405897f,0f,0f,0f,1f], start_interpolation: 0, interpolation_duration: 1 }
$data merge entity $(bone_chest) { transformation: [-4.0674850000000005f,1.6844381791584005e-16f,4.687786801730682e-16f,1.3698042815720343e-16f,0f,3.8278684147906996f,-1.3754481539748211f,1.5180596340434476f,-4.981232485829872e-16f,-1.3754481539748211f,-3.8278684147906996f,-1.1185300794692359f,0f,0f,0f,1f], start_interpolation: 0, interpolation_duration: 1 }
$data merge entity $(bone_weist) { transformation: [-1.0999999999999999f,1.7034512807255434e-17f,1.336297823975925e-16f,4.010840614317046e-16f,0f,1.0911699805252484f,-0.13909735296018022f,0.8942218119857333f,-1.3471114790620883e-16f,-0.13909735296018022f,-1.0911699805252484f,-3.2750999039964417f,0f,0f,0f,1f], start_interpolation: 0, interpolation_duration: 1 }
$data merge entity $(bone_right_fingers2) { transformation: [-0.9959931391104989f,-0.025989412018413927f,-0.08556995563719541f,1.1807611339840205f,0.021807623463247272f,-0.9985386366701459f,0.0494471297024619f,-0.023337748828348714f,-0.08673000866885515f,0.04738292456005633f,0.9951043985715451f,-10.132406022813836f,0f,0f,0f,1f], start_interpolation: 0, interpolation_duration: 1 }
$data merge entity $(bone_left_foot) { transformation: [-0.9959931391104989f,-0.06656911699948594f,0.05971783240141272f,1.1086634723118751f,0.021807623463247272f,0.46681498160641727f,0.8840860820681918f,0.25483331969927503f,-0.08673000866885515f,0.8818459761260518f,-0.4634928046761797f,-9.178857446473334f,0f,0f,0f,1f], start_interpolation: 0, interpolation_duration: 1 }
$data merge entity $(bone_left_knee) { transformation: [-1.5786632353929448f,0.06411959457182365f,0.1264158824857566f,0.9420141367655227f,0.03456539213057932f,1.5450435759857388f,-0.35201632136321076f,0.12904095294469686f,-0.1374682924152582f,-0.347849010967651f,-1.540251097283585f,-7.111591571321399f,0f,0f,0f,1f], start_interpolation: 0, interpolation_duration: 1 }
$data merge entity $(bone_left_thigh) { transformation: [-1.5972277175116818f,-0.14272843096065782f,-0.01400810190721194f,0.7385400000000005f,0.034971868058914696f,-0.5395347339369023f,1.509762647846083f,0.4612560881241736f,-0.13908486750183843f,1.5034077555281717f,0.5404854611928533f,-5.041237900918066f,0f,0f,0f,1f], start_interpolation: 0, interpolation_duration: 1 }
$data merge entity $(bone_left_fingers2) { transformation: [-0.9959931391104989f,0.02598941201841391f,0.08556995563719519f,-1.1775585880182324f,-0.021807623463247272f,-0.9985386366701459f,0.0494471297024619f,-0.06614977520235804f,0.0867300086688549f,0.04738292456005633f,0.9951043985715451f,-10.087369787178098f,0f,0f,0f,1f], start_interpolation: 0, interpolation_duration: 1 }
$data merge entity $(bone_right_foot) { transformation: [-0.9959931391104989f,0.06656911699948574f,-0.05971783240141262f,-1.1054609263460873f,-0.021807623463247272f,0.46681498160641727f,0.8840860820681918f,0.2120212933252657f,0.0867300086688549f,0.8818459761260518f,-0.4634928046761797f,-9.133821210837596f,0f,0f,0f,1f], start_interpolation: 0, interpolation_duration: 1 }
$data merge entity $(bone_right_knee) { transformation: [-1.5786632353929448f,-0.06411959457182358f,-0.12641588248575628f,-0.9397396371157039f,-0.03456539213057932f,1.5450435759857388f,-0.35201632136321076f,0.11733596662158385f,0.13746829241525782f,-0.347849010967651f,-1.540251097283585f,-7.069391230098335f,0f,0f,0f,1f], start_interpolation: 0, interpolation_duration: 1 }
$data merge entity $(bone_right_thigh) { transformation: [-1.5972277175116818f,0.14272843096065746f,0.014008101907211806f,-0.7385399999999994f,-0.034971868058914696f,-0.5395347339369023f,1.509762647846083f,0.444962615305309f,0.13908486750183804f,1.5034077555281717f,0.5404854611928533f,-5.0263112803852f,0f,0f,0f,1f], start_interpolation: 0, interpolation_duration: 1 }