# This file was generated by Animated Java via MC-Build. It is not recommended to edit this file directly.
$data merge entity $(bone_left_fingers_2) { transformation: [-0.3080161962354549f,0.025808221142697596f,0.9510309976957068f,-1.5276434771844296f,0.22354468575192854f,0.9736085585596883f,0.04597986702239856f,0.15551164153435537f,-0.9247452602358737f,0.22676046926388124f,-0.3056564955150003f,1.3442148146187456f,0f,0f,0f,1f], start_interpolation: 0, interpolation_duration: 1 }
$data merge entity $(bone_left_fingers) { transformation: [-0.3080161962354549f,0.025808221142697596f,0.9510309976957068f,-0.9751590022819097f,0.22354468575192854f,0.9736085585596883f,0.04597986702239856f,0.18456882228578442f,-0.9247452602358737f,0.22676046926388124f,-0.3056564955150003f,1.182085204935253f,0f,0f,0f,1f], start_interpolation: 0, interpolation_duration: 1 }
$data merge entity $(bone_left_index_finger_2) { transformation: [-0.22904472257908962f,0.02689255626812318f,0.9730443491825198f,-1.6671575594842856f,0.230480805266084f,0.9726918733746333f,0.027370017808619265f,0.2671710050875102f,-0.9457362811389685f,0.23053700329515991f,-0.22898815831636865f,0.8835569676756727f,0f,0f,0f,1f], start_interpolation: 0, interpolation_duration: 1 }
$data merge entity $(bone_left_index_finger) { transformation: [-0.22904472257908962f,0.02689255626812318f,0.9730443491825198f,-1.1062152590750978f,0.230480805266084f,0.9726918733746333f,0.027370017808619265f,0.2885713596248084f,-0.9457362811389685f,0.23053700329515991f,-0.22898815831636865f,0.7529195954004217f,0f,0f,0f,1f], start_interpolation: 0, interpolation_duration: 1 }
$data merge entity $(bone_left_thumb) { transformation: [-0.2845183322511544f,0.1869302716600734f,0.9402693189454353f,-0.43905419156620806f,0.22578569842935992f,0.9662811196288338f,-0.12378051637319057f,0.16247960876919604f,-0.9317028158151012f,0.17708153880610694f,-0.31713087458693395f,0.23705108545805365f,0f,0f,0f,1f], start_interpolation: 0, interpolation_duration: 1 }
$data merge entity $(bone_left_hand) { transformation: [-0.2845183322511544f,-0.021012250558818835f,0.9584402975352586f,-0.3203600819819592f,0.22578569842935992f,0.9701674060258815f,0.08829508859375307f,0.16084492893058333f,-0.9317028158151012f,0.24152368333450464f,-0.27128614669891704f,0.850934748634071f,0f,0f,0f,1f], start_interpolation: 0, interpolation_duration: 1 }
$data merge entity $(bone_left_forearm) { transformation: [-0.43216227536142326f,0.5748510046549076f,1.867645716819005f,1.8447564704016435f,-0.028666347658853373f,1.910702664102049f,-0.5947369193651342f,0.42193897273909775f,-1.953901850558783f,-0.15517759242645737f,-0.404358636042795f,0.35197038052702556f,0f,0f,0f,1f], start_interpolation: 0, interpolation_duration: 1 }
$data merge entity $(bone_left_bicep) { transformation: [-1.1692663421627647f,0.5390898363234986f,0.0818168257091617f,1.6937643472023587f,0.13070703895919306f,0.46505926645707313f,-1.1962989476548247f,1.0154748416224761f,-0.5293651996145383f,-1.0759171206771574f,-0.47609921065041444f,-1.3700754594869773f,0f,0f,0f,1f], start_interpolation: 0, interpolation_duration: 1 }
$data merge entity $(bone_left_shoulder) { transformation: [-1.117265852433772f,0.5151150288002678f,0.0781782064728647f,1.3743293750000003f,0.1248941374911386f,0.4443768019605388f,-1.1430962436196905f,1.1225783268785516f,-0.5058228734285938f,-1.0280681275388328f,-0.4549257694756559f,-1.6244891560814134f,0f,0f,0f,1f], start_interpolation: 0, interpolation_duration: 1 }
$data merge entity $(bone_right_fingers_2) { transformation: [-0.18213952827092506f,-0.3427920253020646f,-0.9215849497634788f,1.6824224692853982f,-0.19253602079871068f,0.9315525531529834f,-0.3084472749258073f,0.10787763810091025f,0.9642380789702527f,0.12125785790400088f,-0.23567235510405085f,0.9698649174069551f,0f,0f,0f,1f], start_interpolation: 0, interpolation_duration: 1 }
$data merge entity $(bone_right_fingers) { transformation: [-0.18213952827092506f,-0.3427920253020646f,-0.9215849497634788f,1.1468021909872859f,-0.19253602079871068f,0.9315525531529834f,-0.3084472749258073f,-0.06714735138659048f,0.9642380789702527f,0.12125785790400088f,-0.23567235510405085f,0.8480005745640454f,0f,0f,0f,1f], start_interpolation: 0, interpolation_duration: 1 }
$data merge entity $(bone_right_index_finger_2) { transformation: [-0.18213952827092506f,-0.30226679233667386f,-0.935660183235208f,1.7716931375086538f,-0.19253602079871068f,0.9441202027042982f,-0.2675199497992504f,0.17025578345949446f,0.9642380789702527f,0.1314223310404023f,-0.23015885376770456f,0.5357343309481775f,0f,0f,0f,1f], start_interpolation: 0, interpolation_duration: 1 }
$data merge entity $(bone_right_index_finger) { transformation: [-0.18213952827092506f,-0.30226679233667386f,-0.935660183235208f,1.2307032818667727f,-0.19253602079871068f,0.9441202027042982f,-0.2675199497992504f,0.021539329688802233f,0.9642380789702527f,0.1314223310404023f,-0.23015885376770456f,0.403848944843035f,0f,0f,0f,1f], start_interpolation: 0, interpolation_duration: 1 }
$data merge entity $(bone_right_thumb) { transformation: [0.15992767550074438f,-0.1498554163919901f,-0.9756877024883075f,0.514206922088517f,-0.1196215672280609f,0.978183486672443f,-0.16984624533749648f,-0.1283828811868393f,0.9798539785411045f,0.1438764073061522f,0.1385126714703135f,-0.033506329841359594f,0f,0f,0f,1f], start_interpolation: 0, interpolation_duration: 1 }
$data merge entity $(bone_right_hand) { transformation: [-0.18213952827092506f,0.035976755706828234f,-0.9826143013868953f,0.4610012987502847f,-0.19253602079871068f,0.9786799991889403f,0.07152160430621113f,-0.10774995203670745f,0.9642380789702527f,0.20221555883845083f,-0.17132949199542308f,0.5891392833467958f,0f,0f,0f,1f], start_interpolation: 0, interpolation_duration: 1 }
$data merge entity $(bone_right_forearm) { transformation: [-0.36452152978886077f,-0.7658388907558917f,-1.8127166408329618f,-1.7353865270676387f,-0.3853283551751096f,1.8356443187377554f,-0.6980392295640759f,0.01700922290786888f,1.9297597998831344f,0.2218727128741831f,-0.4817949628871365f,0.18270604249092304f,0f,0f,0f,1f], start_interpolation: 0, interpolation_duration: 1 }
$data merge entity $(bone_right_bicep) { transformation: [-1.1408867376369276f,-0.6015764494653044f,-0.03128659208026774f,-1.6781740246242147f,-0.3049133707865843f,0.6344960569902632f,-1.0811744602470421f,0.9477102240487096f,0.5195198857703542f,-0.948691811192464f,-0.7032627952455833f,-1.3892536091455914f,0f,0f,0f,1f], start_interpolation: 0, interpolation_duration: 1 }
$data merge entity $(bone_right_shoulder) { transformation: [-1.0901483669653682f,-0.5748226904169064f,-0.029895191292047096f,-1.3743293749999999f,-0.29135303467317797f,0.6062782724660118f,-1.0330916587603136f,1.1225783268785516f,0.49641540776576276f,-0.9065008774376756f,-0.6719867647619658f,-1.6244891560814136f,0f,0f,0f,1f], start_interpolation: 0, interpolation_duration: 1 }
$data merge entity $(bone_chest) { transformation: [-4.0674850000000005f,1.5919435934634466e-16f,4.719999223847133e-16f,1.3710165685201094e-16f,0f,3.854171853577195f,-1.2999205930818745f,1.492206401984746f,-4.981232485829872e-16f,-1.2999205930818745f,-3.854171853577195f,-1.1195199868849244f,0f,0f,0f,1f], start_interpolation: 0, interpolation_duration: 1 }
$data merge entity $(bone_weist) { transformation: [-1.0999999999999999f,1.4403856448566933e-17f,1.339388751991652e-16f,4.0265633935097557e-16f,0f,1.093693914787665f,-0.11761641363530659f,0.910890593701871f,-1.3471114790620883e-16f,-0.11761641363530659f,-1.093693914787665f,-3.2879385275111206f,0f,0f,0f,1f], start_interpolation: 0, interpolation_duration: 1 }
$data merge entity $(bone_right_fingers2) { transformation: [-0.9959890237656166f,-0.025976973762943646f,-0.08562161743703114f,1.1810288943643277f,0.021787724478726324f,-0.9985362514952498f,0.04950403530879943f,-0.02362882382153514f,-0.08678225394890986f,0.047439975589529004f,0.9950971254684701f,-10.132355043951982f,0f,0f,0f,1f], start_interpolation: 0, interpolation_duration: 1 }
$data merge entity $(bone_left_foot) { transformation: [-0.9959890237656166f,-0.06662119512487533f,0.059728392733667826f,1.1088782930286365f,0.021787724478726324f,0.46686554758209853f,0.8840598710171764f,0.2545969208721843f,-0.08678225394890986f,0.8818152736491927f,-0.4635414367222702f,-9.178826423856123f,0f,0f,0f,1f], start_interpolation: 0, interpolation_duration: 1 }
$data merge entity $(bone_left_knee) { transformation: [-1.5786567125130055f,0.06411439839923687f,0.12649994659904415f,0.9421250347978316f,0.034533851958211334f,1.5450241904801658f,-0.35210449078940215f,0.12892293780370756f,-0.1375511019242864f,-0.34793606206175287f,-1.5402240420180442f,-7.111561728663809f,0f,0f,0f,1f], start_interpolation: 0, interpolation_duration: 1 }
$data merge entity $(bone_left_thigh) { transformation: [-1.5972211179251434f,-0.14279733892636784f,-0.01405823461937959f,0.7385400000000005f,0.03493995698605773f,-0.5394489598251535f,1.5097940365031526f,0.4612560881241736f,-0.1391686508193491f,1.5034319915613803f,0.540396471944455f,-5.041237900918066f,0f,0f,0f,1f], start_interpolation: 0, interpolation_duration: 1 }
$data merge entity $(bone_left_fingers2) { transformation: [-0.9959890237656166f,0.025976973762943622f,0.0856216174370309f,-1.1778252022249296f,-0.021787724478726324f,-0.9985362514952498f,0.04950403530879943f,-0.06643913744132612f,0.08678225394890961f,0.047439975589529004f,0.9950971254684701f,-10.087317421848635f,0f,0f,0f,1f], start_interpolation: 0, interpolation_duration: 1 }
$data merge entity $(bone_right_foot) { transformation: [-0.9959890237656166f,0.06662119512487512f,-0.05972839273366771f,-1.1056746008892386f,-0.021787724478726324f,0.46686554758209853f,0.8840598710171764f,0.2117866072523933f,0.08678225394890961f,0.8818152736491927f,-0.4635414367222702f,-9.133788801752775f,0f,0f,0f,1f], start_interpolation: 0, interpolation_duration: 1 }
$data merge entity $(bone_right_knee) { transformation: [-1.5786567125130055f,-0.06411439839923679f,-0.1264999465990438f,-0.939849071080134f,-0.034533851958211334f,1.5450241904801658f,-0.35210449078940215f,0.11721951219176852f,0.137551101924286f,-0.34793606206175287f,-1.5402240420180442f,-7.069361772195279f,0f,0f,0f,1f], start_interpolation: 0, interpolation_duration: 1 }
$data merge entity $(bone_right_thigh) { transformation: [-1.5972211179251434f,0.14279733892636748f,0.014058234619379457f,-0.7385399999999994f,-0.03493995698605773f,-0.5394489598251535f,1.5097940365031526f,0.444962615305309f,0.1391686508193487f,1.5034319915613803f,0.540396471944455f,-5.0263112803852f,0f,0f,0f,1f], start_interpolation: 0, interpolation_duration: 1 }