# This file was generated by Animated Java via MC-Build. It is not recommended to edit this file directly.
$data merge entity $(bone_left_fingers_2) { transformation: [-0.30707273816115704f,0.029430435751914834f,0.9512308778260209f,-1.5289636782198155f,0.22645783205528472f,0.9730714334592163f,0.0429980893348285f,0.1558590016214939f,-0.9243501413312111f,0.22861722340427f,-0.3054684621755445f,1.1528737673707816f,0f,0f,0f,1f], start_interpolation: 0, interpolation_duration: 1 }
$data merge entity $(bone_left_fingers) { transformation: [-0.30707273816115704f,0.029430435751914834f,0.9512308778260209f,-0.9763560283267089f,0.22645783205528472f,0.9730714334592163f,0.0429980893348285f,0.18315455597051522f,-0.9243501413312111f,0.22861722340427f,-0.3054684621755445f,0.9908578326913383f,0f,0f,0f,1f], start_interpolation: 0, interpolation_duration: 1 }
$data merge entity $(bone_left_index_finger_2) { transformation: [-0.2314674997156958f,0.030427175442779363f,0.9723666919274534f,-1.6680077957201558f,0.23272598767617342f,0.9722215680149303f,0.02497673611061673f,0.26838295728804484f,-0.9445958983795737f,0.2320763014208133f,-0.23211888997520613f,0.6944355511143185f,0f,0f,0f,1f], start_interpolation: 0, interpolation_duration: 1 }
$data merge entity $(bone_left_index_finger) { transformation: [-0.2314674997156958f,0.030427175442779363f,0.9723666919274534f,-1.1074355984480269f,0.23272598767617342f,0.9722215680149303f,0.02497673611061673f,0.288401290807182f,-0.9445958983795737f,0.2320763014208133f,-0.23211888997520613f,0.5620027735769201f,0f,0f,0f,1f], start_interpolation: 0, interpolation_duration: 1 }
$data merge entity $(bone_left_thumb) { transformation: [-0.2845689446324403f,0.19241819381203468f,0.9391462902236763f,-0.4416791121117504f,0.2284868056155587f,0.9650308566118603f,-0.1284882307706693f,0.15933193820087624f,-0.9310286222294012f,0.1780187756308115f,-0.318582830850204f,0.04505718427127714f,0f,0f,0f,1f], start_interpolation: 0, interpolation_duration: 1 }
$data merge entity $(bone_left_hand) { transformation: [-0.2845689446324403f,-0.015411346171495088f,0.9585316928302172f,-0.32215158287327395f,0.2284868056155587f,0.9699657151212816f,0.08342835938011872f,0.15628859782375848f,-0.9310286222294012f,0.24275296475726665f,-0.2725008306247527f,0.6587737504287113f,0f,0f,0f,1f], start_interpolation: 0, interpolation_duration: 1 }
$data merge entity $(bone_left_forearm) { transformation: [-0.43499834425224243f,0.5850042916250195f,1.863830693123389f,1.8436626013397586f,-0.02388616295651079f,1.9077456719146564f,-0.6043627518806938f,0.4062465201253336f,-1.9533367157425054f,-0.15360619590986263f,-0.40767541606169744f,0.15714123324255325f,0f,0f,0f,1f], start_interpolation: 0, interpolation_duration: 1 }
$data merge entity $(bone_left_bicep) { transformation: [-1.1692662465497787f,0.5401270987799179f,0.07466448522619423f,1.6935276220972724f,0.1377118524112736f,0.46346566675951983f,-1.1961315332987925f,1.0027377707541483f,-0.5275864989705096f,-1.0760845303273594f,-0.47769257185484704f,-1.563958124714458f,0f,0f,0f,1f], start_interpolation: 0, interpolation_duration: 1 }
$data merge entity $(bone_left_shoulder) { transformation: [-1.1172657610729584f,0.516106161342769f,0.07134395024017581f,1.3743293750000003f,0.1315874276257048f,0.4428540740239493f,-1.142936274640462f,1.1118905684529474f,-0.5041232764936479f,-1.0282280920215123f,-0.4564482695255696f,-1.8177973116799844f,0f,0f,0f,1f], start_interpolation: 0, interpolation_duration: 1 }
$data merge entity $(bone_right_fingers_2) { transformation: [-0.18416284172773928f,-0.3481229195322966f,-0.9191814187760073f,1.6795519447114908f,-0.19498768290483254f,0.9295300738428276f,-0.3129754708234366f,0.10944566365499411f,0.9633607067148672f,0.12159060291838884f,-0.2390645813159586f,0.7846893022172322f,0f,0f,0f,1f], start_interpolation: 0, interpolation_duration: 1 }
$data merge entity $(bone_right_fingers) { transformation: [-0.18416284172773928f,-0.3481229195322966f,-0.9191814187760073f,1.1452582264605957f,-0.19498768290483254f,0.9295300738428276f,-0.3129754708234366f,-0.06823445029604908f,0.9633607067148672f,0.12159060291838884f,-0.2390645813159586f,0.6608597933360345f,0f,0f,0f,1f], start_interpolation: 0, interpolation_duration: 1 }
$data merge entity $(bone_right_index_finger_2) { transformation: [-0.18416284172773928f,-0.30769745328601533f,-0.9334914702170899f,1.769862697405348f,-0.19498768290483254f,0.9422971654772258f,-0.2721320551662192f,0.17296659924353266f,0.9633607067148672f,0.13190272618443488f,-0.23353333719823793f,0.3509397085433348f,0f,0f,0f,1f], start_interpolation: 0, interpolation_duration: 1 }
$data merge entity $(bone_right_index_finger) { transformation: [-0.18416284172773928f,-0.30769745328601533f,-0.9334914702170899f,1.230091305536977f,-0.19498768290483254f,0.9422971654772258f,-0.2721320551662192f,0.021581543129091108f,0.9633607067148672f,0.13190272618443488f,-0.23353333719823793f,0.2171123126060122f,0f,0f,0f,1f], start_interpolation: 0, interpolation_duration: 1 }
$data merge entity $(bone_right_thumb) { transformation: [0.15746066228619995f,-0.15550953965451855f,-0.9752040416799096f,0.5157896315846013f,-0.12028103925629366f,0.9771504775429612f,-0.17524102211807735f,-0.13147065724919826f,0.9801727457075193f,0.14489212302262044f,0.13515791230327784f,-0.22274161966218053f,0f,0f,0f,1f], start_interpolation: 0, interpolation_duration: 1 }
$data merge entity $(bone_right_hand) { transformation: [-0.18416284172773928f,0.030131860149452905f,-0.9824337732034142f,0.46050536962773947f,-0.19498768290483254f,0.9785443374978862f,0.06656412747289214f,-0.11208087768935637f,0.9633607067148672f,0.20382112391692073f,-0.1743361643580446f,0.3997628402182961f,0f,0f,0f,1f], start_interpolation: 0, interpolation_duration: 1 }
$data merge entity $(bone_right_forearm) { transformation: [-0.3685708502385286f,-0.7762878008872527f,-1.80744558722376f,-1.7352179734375004f,-0.3902349431625321f,1.8312052229522418f,-0.7069164680455023f,0.0016338291653846815f,1.9280038873705483f,0.22224188140992884f,-0.4886065172078569f,-0.013444466795978327f,0f,0f,0f,1f], start_interpolation: 0, interpolation_duration: 1 }
$data merge entity $(bone_right_bicep) { transformation: [-1.140887070104495f,-0.6019376092368571f,-0.023311614395152995f,-1.6779825269652302f,-0.3117711130361708f,0.6327528983739695f,-1.080239865116373f,0.9350481627009111f,0.5154329149905726f,-0.9496265095797763f,-0.7050064013601318f,-1.5837936496056946f,0f,0f,0f,1f], start_interpolation: 0, interpolation_duration: 1 }
$data merge entity $(bone_right_shoulder) { transformation: [-1.0901486846471886f,-0.5751677884202255f,-0.022274882795850152f,-1.3743293749999999f,-0.2979057942660721f,0.6046126369070867f,-1.0321986276452504f,1.1118905684529474f,0.49251019581576466f,-0.907394007217275f,-0.6736528279176678f,-1.8177973116799846f,0f,0f,0f,1f], start_interpolation: 0, interpolation_duration: 1 }
$data merge entity $(bone_chest) { transformation: [-4.0674850000000005f,1.52925081901662e-16f,4.740682335953744e-16f,1.601806051662403e-16f,0f,3.8710608962962967f,-1.2487280578215239f,1.4747939523309122f,-4.981232485829872e-16f,-1.2487280578215239f,-3.8710608962962967f,-1.3079739013547764f,0f,0f,0f,1f], start_interpolation: 0, interpolation_duration: 1 }
$data merge entity $(bone_weist) { transformation: [-1.0999999999999999f,1.2627533114029481e-17f,1.341180031825055e-16f,4.2665543815534915e-16f,0f,1.095156605773058f,-0.10311163286280796f,0.9222667038986275f,-1.3471114790620883e-16f,-0.10311163286280796f,-1.095156605773058f,-3.4839060409287255f,0f,0f,0f,1f], start_interpolation: 0, interpolation_duration: 1 }
$data merge entity $(bone_right_fingers2) { transformation: [-0.9959889788944545f,-0.025976838229560453f,-0.08562218051636618f,1.1810318127664567f,0.021787507595956247f,-0.9985362254787229f,0.04950465553321004f,-0.02363199629545243f,-0.08678282337846639f,0.047440597406660845f,0.9950970461639215f,-10.319854488149664f,0f,0f,0f,1f], start_interpolation: 0, interpolation_duration: 1 }
$data merge entity $(bone_left_foot) { transformation: [-0.9959889788944545f,-0.0666217627269442f,0.05972850786631703f,1.1088806344316389f,0.021787507595956247f,0.4668660987012522f,0.8840595853200333f,0.2545943443189772f,-0.08678282337846639f,0.8818149389835874f,-0.46354196676442844f,-9.366326085594926f,0f,0f,0f,1f], start_interpolation: 0, interpolation_duration: 1 }
$data merge entity $(bone_left_knee) { transformation: [-1.578656641391578f,0.06411434181957873f,0.12650086283236459f,0.9421262435042149f,0.03453350819594826f,1.5450239791627234f,-0.35210545175826685f,0.12892165154010782f,-0.13755200447820043f,-0.34793701085003165f,-1.5402237470831315f,-7.299061403331043f,0f,0f,0f,1f], start_interpolation: 0, interpolation_duration: 1 }
$data merge entity $(bone_left_thigh) { transformation: [-1.5972210459673548f,-0.14279808999915855f,-0.014058780980303779f,0.7385400000000005f,0.03493960918128055f,-0.5394480249454029f,1.509794378584009f,0.4612560881241736f,-0.13916956398695554f,1.5034322556690762f,0.5403955020025468f,-5.228737900918066f,0f,0f,0f,1f], start_interpolation: 0, interpolation_duration: 1 }
$data merge entity $(bone_left_fingers2) { transformation: [-0.9959889788944545f,0.02597683822956045f,0.08562218051636594f,-1.1778281081335378f,-0.021787507595956247f,-0.9985362254787229f,0.04950465553321004f,-0.06644229124706602f,0.08678282337846614f,0.047440597406660845f,0.9950970461639215f,-10.274816850935718f,0f,0f,0f,1f], start_interpolation: 0, interpolation_duration: 1 }
$data merge entity $(bone_right_foot) { transformation: [-0.9959889788944545f,0.06662176272694399f,-0.059728507866316935f,-1.1056769297987201f,-0.021787507595956247f,0.4668660987012522f,0.8840595853200333f,0.2117840493673636f,0.08678282337846614f,0.8818149389835874f,-0.46354196676442844f,-9.32128844838098f,0f,0f,0f,1f], start_interpolation: 0, interpolation_duration: 1 }
$data merge entity $(bone_right_knee) { transformation: [-1.578656641391578f,-0.06411434181957866f,-0.12650086283236422f,-0.9398502638292634f,-0.03453350819594826f,1.5450239791627234f,-0.35210545175826685f,0.11721824293857497f,0.1375520044782f,-0.34793701085003165f,-1.5402237470831315f,-7.256861451056976f,0f,0f,0f,1f], start_interpolation: 0, interpolation_duration: 1 }
$data merge entity $(bone_right_thigh) { transformation: [-1.5972210459673548f,0.14279808999915822f,0.014058780980303645f,-0.7385399999999994f,-0.03493960918128055f,-0.5394480249454029f,1.509794378584009f,0.444962615305309f,0.13916956398695515f,1.5034322556690762f,0.5403955020025468f,-5.2138112803852f,0f,0f,0f,1f], start_interpolation: 0, interpolation_duration: 1 }