# This file was generated by Animated Java via MC-Build. It is not recommended to edit this file directly.
$data merge entity $(bone_left_fingers_2) { transformation: [-0.3063801685160894f,0.03116559036966159f,0.951398916499784f,-1.5296260687645202f,0.22814103142173453f,0.9727388061630082f,0.04160390325910619f,0.15589153284928337f,-0.9241660360140272f,0.22979974099523348f,-0.30513802928616396f,1.1505543061372163f,0f,0f,0f,1f], start_interpolation: 0, interpolation_duration: 1 }
$data merge entity $(bone_left_fingers) { transformation: [-0.3063801685160894f,0.03116559036966159f,0.951398916499784f,-0.9769210605555055f,0.22814103142173453f,0.9727388061630082f,0.04160390325910619f,0.18235851923274032f,-0.9241660360140272f,0.22979974099523348f,-0.30513802928616396f,0.9887331158372216f,0f,0f,0f,1f], start_interpolation: 0, interpolation_duration: 1 }
$data merge entity $(bone_left_index_finger_2) { transformation: [-0.233302232883069f,0.032098954766818094f,0.9718743361333563f,-1.6683237104619923f,0.2339959662322102f,0.971939554197221f,0.02407053746724095f,0.26882496764708985f,-0.9438304699038006f,0.23303038447761545f,-0.23426669415729195f,0.6937266708498709f,0f,0f,0f,1f], start_interpolation: 0, interpolation_duration: 1 }
$data merge entity $(bone_left_index_finger) { transformation: [-0.233302232883069f,0.032098954766818094f,0.9718743361333563f,-1.108025598405757f,0.2339959662322102f,0.971939554197221f,0.02407053746724095f,0.2883194077912774f,-0.9438304699038006f,0.23303038447761545f,-0.23426669415729195f,0.5600615855533017f,0f,0f,0f,1f], start_interpolation: 0, interpolation_duration: 1 }
$data merge entity $(bone_left_thumb) { transformation: [-0.2846231486572623f,0.1955688392422796f,0.9384788182829985f,-0.44310042318836734f,0.23003720718271262f,0.964299612723316f,-0.13118361259410682f,0.15754762715600495f,-0.9306301878619693f,0.1785471534891843f,-0.31945010161354775f,0.04247430601950375f,0f,0f,0f,1f], start_interpolation: 0, interpolation_duration: 1 }
$data merge entity $(bone_left_hand) { transformation: [-0.2846231486572623f,-0.012190916248941475f,0.9585619671202469f,-0.3230772974736469f,0.23003720718271262f,0.9698351920339456f,0.08063859872330192f,0.15369341105754442f,-0.9306301878619693f,0.2434565296998445f,-0.2732331817084174f,0.6560895845568893f,0f,0f,0f,1f], start_interpolation: 0, interpolation_duration: 1 }
$data merge entity $(bone_left_forearm) { transformation: [-0.43668024052697285f,0.5908148960135121f,1.861603222905607f,1.8430905528553632f,-0.021134579521648f,1.9060246075961658f,-0.609870443731307f,0.3972663708202343f,-1.9529931209383316f,-0.1527297850359282f,-0.40964608588528095f,0.1528458233122585f,0f,0f,0f,1f], start_interpolation: 0, interpolation_duration: 1 }
$data merge entity $(bone_left_bicep) { transformation: [-1.1692661748397266f,0.540680590418025f,0.07054597814192938f,1.6933952857482029f,0.1417286435891537f,0.46255154010838384f,-1.1960161737371502f,0.9954530944765381f,-0.5265218205099996f,-1.0761998863592628f,-0.47860651963618045f,-1.567703302599571f,0f,0f,0f,1f], start_interpolation: 0, interpolation_duration: 1 }
$data merge entity $(bone_left_shoulder) { transformation: [-1.1172656925520494f,0.5166350376856224f,0.06740860449187995f,1.3743293750000003f,0.13542558105369254f,0.4419806010988459f,-1.1428260454357657f,1.1057806225220204f,-0.5031059472121523f,-1.0283383178534469f,-0.45732157153570246f,-1.821200774359269f,0f,0f,0f,1f], start_interpolation: 0, interpolation_duration: 1 }
$data merge entity $(bone_right_fingers_2) { transformation: [-0.18535346708867984f,-0.35116957839799157f,-0.9177821198116589f,1.6777581153099859f,-0.19639811710833577f,0.9283609152092239f,-0.3155531503696213f,0.110310681983411f,0.9628457154884712f,0.12176180977494196f,-0.2410439583267433f,0.7860632795320583f,0f,0f,0f,1f], start_interpolation: 0, interpolation_duration: 1 }
$data merge entity $(bone_right_fingers) { transformation: [-0.18535346708867984f,-0.35116957839799157f,-0.9177821198116589f,1.1442368547931916f,-0.19639811710833577f,0.9283609152092239f,-0.3155531503696213f,-0.06888117106540624f,0.9628457154884712f,0.12176180977494196f,-0.2410439583267433f,0.6610869141533073f,0f,0f,0f,1f], start_interpolation: 0, interpolation_duration: 1 }
$data merge entity $(bone_right_index_finger_2) { transformation: [-0.18535346708867984f,-0.31080224897112024f,-0.9322263964685291f,1.7686786267760914f,-0.19639811710833577f,0.9412415564262057f,-0.27475827931597363f,0.17448922503418487f,0.9628457154884712f,0.13216010930257238f,-0.23550336234250674f,0.3525379324886966f,0f,0f,0f,1f], start_interpolation: 0, interpolation_duration: 1 }
$data merge entity $(bone_right_index_finger) { transformation: [-0.18535346708867984f,-0.31080224897112024f,-0.9322263964685291f,1.229618365279963f,-0.19639811710833577f,0.9412415564262057f,-0.27475827931597363f,0.021584512454982052f,0.9628457154884712f,0.13216010930257238f,-0.23550336234250674f,0.21757665676690582f,0f,0f,0f,1f], start_interpolation: 0, interpolation_duration: 1 }
$data merge entity $(bone_right_thumb) { transformation: [0.15600979933891734f,-0.15874523013560932f,-0.9749158396597232f,0.51660074248989f,-0.1206695118955806f,0.9765452628088864f,-0.1783205500900148f,-0.13324649347681156f,0.9803569816189984f,0.14546237174855747f,0.13319492105996902f,-0.22373566843661236f,0f,0f,0f,1f], start_interpolation: 0, interpolation_duration: 1 }
$data merge entity $(bone_right_hand) { transformation: [-0.18535346708867984f,0.026781625850311574f,-0.9823068954023582f,0.46010506978262966f,-0.19639811710833577f,0.9784506110223121f,0.06373524445991235f,-0.11457537984115229f,0.9628457154884712f,0.20473677321594738f,-0.17609935223792175f,0.39868199216078465f,0f,0f,0f,1f], start_interpolation: 0, interpolation_duration: 1 }
$data merge entity $(bone_right_forearm) { transformation: [-0.37095368598042144f,-0.7822572167526044f,-1.80438182819562f,-1.735184566298454f,-0.39305768921007195f,1.8286425529971504f,-0.7119682847904572f,-0.007162153786331005f,1.9269732193356863f,0.22241140355902447f,-0.49257908172853576f,-0.018496776462594067f,0f,0f,0f,1f], start_interpolation: 0, interpolation_duration: 1 }
$data merge entity $(bone_right_bicep) { transformation: [-1.1408873194549085f,-0.6020972887201965f,-0.01872438874550012f,-1.677876764881728f,-0.3156892666424862f,0.63176212190046f,-1.0796816807604308f,0.9278102154015366f,0.5130419424811519f,-0.9501847713780345f,-0.7059975134570587f,-1.5879161770963448f,0f,0f,0f,1f], start_interpolation: 0, interpolation_duration: 1 }
$data merge entity $(bone_right_shoulder) { transformation: [-1.0901489229083032f,-0.5753203665178208f,-0.017891663685749362f,-1.3743293749999999f,-0.30164969680655684f,0.6036659229879984f,-1.031665267282629f,1.1057806225220204f,0.49022555642903387f,-0.9079274415781396f,-0.6745998625340771f,-1.8212007743592693f,0f,0f,0f,1f], start_interpolation: 0, interpolation_duration: 1 }
$data merge entity $(bone_chest) { transformation: [-4.0674850000000005f,1.4930822485725017e-16f,4.752197647077038e-16f,1.6026056570437823e-16f,0f,3.880463861405348f,-1.2191941787722334f,1.4647885973294008f,-4.981232485829872e-16f,-1.2191941787722334f,-3.880463861405348f,-1.308626828698347f,0f,0f,0f,1f], start_interpolation: 0, interpolation_duration: 1 }
$data merge entity $(bone_weist) { transformation: [-1.0999999999999999f,1.1605182436844326e-17f,1.3421033160981322e-16f,4.2724327247162637e-16f,0f,1.0959105245957912f,-0.0947635060568019f,0.928858072425971f,-1.3471114790620883e-16f,-0.0947635060568019f,-1.0959105245957912f,-3.488706072388298f,0f,0f,0f,1f], start_interpolation: 0, interpolation_duration: 1 }
$data merge entity $(bone_right_fingers2) { transformation: [-0.9959889452408385f,-0.025976736579996183f,-0.08562260282597982f,1.1810340015685186f,0.021787344933877212f,-0.9985362059660435f,0.04950512070151525f,-0.02363437565081128f,-0.08678325045061547f,0.0474410637696166f,0.9950969866850332f,-10.319854071295456f,0f,0f,0f,1f], start_interpolation: 0, interpolation_duration: 1 }
$data merge entity $(bone_left_foot) { transformation: [-0.9959889452408385f,-0.06662218842839775f,0.059728594216280226f,1.1088823904843546f,0.021787344933877212f,0.4668665120404949f,0.8840593710469195f,0.2545924119040828f,-0.08678325045061547f,0.881814687983906f,-0.4635423642959424f,-9.366325831897045f,0f,0f,0f,1f], start_interpolation: 0, interpolation_duration: 1 }
$data merge entity $(bone_left_knee) { transformation: [-1.5786565880501198f,0.06411429938560456f,0.12650155000740007f,0.9421271500341224f,0.03453325037424861f,1.5450238206741986f,-0.35210617248483306f,0.12892068684247826f,-0.1375526813936069f,-0.3479377224412763f,-1.5402235258811734f,-7.2990611593304475f,0f,0f,0f,1f], start_interpolation: 0, interpolation_duration: 1 }
$data merge entity $(bone_left_thigh) { transformation: [-1.5972209919986213f,-0.14279865330420843f,-0.014059190750364933f,0.7385400000000005f,0.034939348327695297f,-0.5394473237854195f,1.5097946351442288f,0.4612560881241736f,-0.139170248862631f,1.5034324537492076f,0.540394774545665f,-5.228737900918066f,0f,0f,0f,1f], start_interpolation: 0, interpolation_duration: 1 }
$data merge entity $(bone_left_fingers2) { transformation: [-0.9959889452408385f,0.025976736579996173f,0.08562260282597957f,-1.177830287565442f,-0.021787344933877212f,-0.9985362059660435f,0.04950512070151525f,-0.06644465660128401f,0.08678325045061522f,0.0474410637696166f,0.9950969866850332f,-10.274816422748568f,0f,0f,0f,1f], start_interpolation: 0, interpolation_duration: 1 }
$data merge entity $(bone_right_foot) { transformation: [-0.9959889452408385f,0.06662218842839752f,-0.05972859421628011f,-1.1056786764812783f,-0.021787344933877212f,0.4668665120404949f,0.8840593710469195f,0.2117821309536101f,0.08678325045061522f,0.881814687983906f,-0.4635423642959424f,-9.321288183350157f,0f,0f,0f,1f], start_interpolation: 0, interpolation_duration: 1 }
$data merge entity $(bone_right_knee) { transformation: [-1.5786565880501198f,-0.06411429938560448f,-0.12650155000739968f,-0.9398511583912286f,-0.03453325037424861f,1.5450238206741986f,-0.35210617248483306f,0.117217290998749f,0.1375526813936065f,-0.3479377224412763f,-1.5402235258811734f,-7.25686121020224f,0f,0f,0f,1f], start_interpolation: 0, interpolation_duration: 1 }
$data merge entity $(bone_right_thigh) { transformation: [-1.5972209919986213f,0.14279865330420807f,0.014059190750364799f,-0.7385399999999994f,-0.034939348327695297f,-0.5394473237854195f,1.5097946351442288f,0.444962615305309f,0.13917024886263057f,1.5034324537492076f,0.540394774545665f,-5.2138112803852f,0f,0f,0f,1f], start_interpolation: 0, interpolation_duration: 1 }