# This file was generated by Animated Java via MC-Build. It is not recommended to edit this file directly.
$data merge entity $(bone_left_fingers_2) { transformation: [-0.3969962653174959f,0.18211725171862592f,0.8995706042053705f,-1.4954195463635465f,0.20474132818647203f,0.9729912851109717f,-0.10662526731755388f,0.24711084262482444f,-0.8946926588814732f,0.1418494473889662f,-0.423560834378068f,1.2359223606680834f,0f,0f,0f,1f], start_interpolation: 0, interpolation_duration: 1 }
$data merge entity $(bone_left_fingers) { transformation: [-0.3969962653174959f,0.18211725171862592f,0.8995706042053705f,-0.9704651959269991f,0.20474132818647203f,0.9729912851109717f,-0.10662526731755388f,0.18847332184424534f,-0.8946926588814732f,0.1418494473889662f,-0.423560834378068f,1.0049375208796114f,0f,0f,0f,1f], start_interpolation: 0, interpolation_duration: 1 }
$data merge entity $(bone_left_index_finger_2) { transformation: [-0.009712467057025886f,0.20159728437412805f,0.9794203402608317f,-1.667230562181977f,0.23799824635785774f,0.9517854916684433f,-0.19354899271255505f,0.3951325210484756f,-0.9712170214294286f,0.2312204852136531f,-0.05722398538473372f,0.6066327129675824f,0f,0f,0f,1f], start_interpolation: 0, interpolation_duration: 1 }
$data merge entity $(bone_left_index_finger) { transformation: [-0.009712467057025886f,0.20159728437412805f,0.9794203402608317f,-1.101603080977915f,0.23799824635785774f,0.9517854916684433f,-0.19354899271255505f,0.2890914868673842f,-0.9712170214294286f,0.2312204852136531f,-0.05722398538473372f,0.5749907444098378f,0f,0f,0f,1f], start_interpolation: 0, interpolation_duration: 1 }
$data merge entity $(bone_left_thumb) { transformation: [-0.2846955442082294f,0.17191735008674716f,0.9430762810330515f,-0.4308963256061956f,0.21843835011807597f,0.96954018185091f,-0.11079947190396576f,0.17125325402332958f,-0.9333987006128054f,0.17445991091266677f,-0.3135771120134112f,0.06177545005226959f,0f,0f,0f,1f], start_interpolation: 0, interpolation_duration: 1 }
$data merge entity $(bone_left_hand) { transformation: [-0.2846955442082294f,-0.03627684373664447f,0.9579313324641215f,-0.3142688368696078f,0.21843835011807597f,0.9705396032068175f,0.10167382064644997f,0.17341742599310506f,-0.9333987006128054f,0.23819502349054383f,-0.26838404661728005f,0.6760534497993391f,0f,0f,0f,1f], start_interpolation: 0, interpolation_duration: 1 }
$data merge entity $(bone_left_forearm) { transformation: [-0.4250408612463889f,0.5468781564266822f,1.8776535840364637f,1.8484068398764848f,-0.041645495224756954f,1.918521153228799f,-0.5682082986826404f,0.46505351727490396f,-1.955229999859124f,-0.15974761340216972f,-0.39607421149817146f,0.18346078518596154f,0f,0f,0f,1f], start_interpolation: 0, interpolation_duration: 1 }
$data merge entity $(bone_left_bicep) { transformation: [-1.1692750170594801f,0.5357651613516654f,0.1012287008386867f,1.6944557946340795f,0.11150477122652529f,0.4694287182336119f,-1.1965362460044329f,1.0505019230477686f,-0.5337211294162756f,-1.0756802470485753f,-0.47175140236701274f,-1.541089754483923f,0f,0f,0f,1f], start_interpolation: 0, interpolation_duration: 1 }
$data merge entity $(bone_left_shoulder) { transformation: [-1.1172741415339744f,0.5119382112673182f,0.09672678213254758f,1.3743293750000003f,0.1065458474109525f,0.44855193220054296f,-1.143322988659119f,1.151983307758235f,-0.5099850830532014f,-1.0278417883319184f,-0.45077132018312915f,-1.796935002718627f,0f,0f,0f,1f], start_interpolation: 0, interpolation_duration: 1 }
$data merge entity $(bone_right_fingers_2) { transformation: [-0.176906085535131f,-0.3281485362061961f,-0.9279131290623964f,1.6887522175694185f,-0.18586405151239788f,0.9369580803396333f,-0.29591233506169745f,0.1033887029888876f,0.9665189037240989f,0.12011700076175844f,-0.2267446027405418f,0.7763709749007339f,0f,0f,0f,1f], start_interpolation: 0, interpolation_duration: 1 }
$data merge entity $(bone_right_fingers) { transformation: [-0.176906085535131f,-0.3281485362061961f,-0.9279131290623964f,1.1496415106516016f,-0.18586405151239788f,0.9369580803396333f,-0.29591233506169745f,-0.06428907227308552f,0.9665189037240989f,0.12011700076175844f,-0.2267446027405418f,0.6596766867134021f,0f,0f,0f,1f], start_interpolation: 0, interpolation_duration: 1 }
$data merge entity $(bone_right_index_finger_2) { transformation: [-0.176906085535131f,-0.28736120929353637f,-0.9413435994863901f,1.7753110609994613f,-0.18586405151239788f,0.9489738186292993f,-0.2547611546361076f,0.16265949618039924f,0.9665189037240989f,0.12989313665272034f,-0.22128936213583364f,0.3412569771703141f,0f,0f,0f,1f], start_interpolation: 0, interpolation_duration: 1 }
$data merge entity $(bone_right_index_finger) { transformation: [-0.176906085535131f,-0.28736120929353637f,-0.9413435994863901f,1.2311319477292089f,-0.18586405151239788f,0.9489738186292993f,-0.2547611546361076f,0.021324290295486603f,0.9665189037240989f,0.12989313665272034f,-0.22128936213583364f,0.21447442767896202f,0f,0f,0f,1f], start_interpolation: 0, interpolation_duration: 1 }
$data merge entity $(bone_right_thumb) { transformation: [0.16630622031050837f,-0.13437094994276966f,-0.976875984400021f,0.5089140157368353f,-0.11789454286532723f,0.9808563776714218f,-0.15498917105357146f,-0.11991361456883168f,0.9790010816381198f,0.14094401084393524f,0.147280915120108f,-0.21631142645484153f,0f,0f,0f,1f], start_interpolation: 0, interpolation_duration: 1 }
$data merge entity $(bone_right_hand) { transformation: [-0.176906085535131f,0.051927264941784845f,-0.9828569560502192f,0.4611930713246759f,-0.18586405151239788f,0.978877141307432f,0.08517098438545206f,-0.09593074251047817f,0.9665189037240989f,0.19774504135744053f,-0.1635179114424794f,0.406658596142412f,0f,0f,0f,1f], start_interpolation: 0, interpolation_duration: 1 }
$data merge entity $(bone_right_forearm) { transformation: [-0.3540476772966306f,-0.7371127417621649f,-1.826647700121533f,-1.7364443414089885f,-0.37197553454337157f,1.8475465333196264f,-0.6734484250084531f,0.059245213337604574f,1.9343244857387802f,0.2203710175523468f,-0.4638449856589047f,0.017836609512847934f,0f,0f,0f,1f], start_interpolation: 0, interpolation_duration: 1 }
$data merge entity $(bone_right_bicep) { transformation: [-1.1408565645415747f,-0.6001205143180399f,-0.052889421892832654f,-1.6787269993479375f,-0.2860680250087006f,0.6393171650582901f,-1.0834824738040592f,0.9825430450955743f,0.530195254336672f,-0.9463744260426704f,-0.6984010749722465f,-1.5584643111967844f,0f,0f,0f,1f], start_interpolation: 0, interpolation_duration: 1 }
$data merge entity $(bone_right_shoulder) { transformation: [-1.0901195357505418f,-0.5734315047094756f,-0.05053728385486991f,-1.3743293749999999f,-0.27334579324690805f,0.6108849726001627f,-1.035297028607392f,1.151983307758235f,0.5066160133345764f,-0.9042865527783234f,-0.667341258558959f,-1.7969350027186273f,0f,0f,0f,1f], start_interpolation: 0, interpolation_duration: 1 }
$data merge entity $(bone_chest) { transformation: [-4.0674850000000005f,1.7607677078714953e-16f,4.6596538666304185e-16f,1.5988920664272115e-16f,0f,3.8048961299491832f,-1.4377759441313285f,1.5395439337323302f,-4.981232485829872e-16f,-1.4377759441313285f,-3.8048961299491832f,-1.3055944518373972f,0f,0f,0f,1f], start_interpolation: 0, interpolation_duration: 1 }
$data merge entity $(bone_weist) { transformation: [-1.0999999999999999f,1.9214489507648583e-17f,1.333337795278036e-16f,4.227099978334016e-16f,0f,1.0887529336673705f,-0.15689821359943504f,0.8805713233174488f,-1.3471114790620883e-16f,-0.15689821359943504f,-1.0887529336673705f,-3.451689075802989f,0f,0f,0f,1f], start_interpolation: 0, interpolation_duration: 1 }
$data merge entity $(bone_right_fingers2) { transformation: [-0.9959930942734984f,-0.025989276418884315f,-0.08557051870080626f,1.1807640523211287f,0.021807406580684925f,-0.9985386106933267f,0.049447749927231444f,-0.023340921313288465f,-0.08673057810096106f,0.04738354636225689f,0.9951043193336111f,-10.319905467356548f,0f,0f,0f,1f], start_interpolation: 0, interpolation_duration: 1 }
$data merge entity $(bone_left_foot) { transformation: [-0.9959930942734984f,-0.06656968461525854f,0.059717947467467586f,1.1086658136499945f,0.021807406580684925f,0.4668155327426775f,0.8840857964068844f,0.25483074314455323f,-0.08673057810096106f,0.8818456415271301f,-0.4634933347329582f,-9.366357108489174f,0f,0f,0f,1f], start_interpolation: 0, interpolation_duration: 1 }
$data merge entity $(bone_left_knee) { transformation: [-1.5786631643256637f,0.06411953788458745f,0.12641679871273842f,0.9420153454551192f,0.0345650483686455f,1.5450433647301787f,-0.35201728234356494f,0.12903966667127154f,-0.13746919497321305f,-0.3478499597509577f,-1.540250802456763f,-7.299091246131461f,0f,0f,0f,1f], start_interpolation: 0, interpolation_duration: 1 }
$data merge entity $(bone_left_thigh) { transformation: [-1.5972276456086765f,-0.14272918196955836f,-0.014008648356487704f,0.7385400000000005f,0.034971520254470645f,-0.539533799080988f,1.5097629899859903f,0.4612560881241736f,-0.1390857806735332f,1.5034080197253996f,0.5404844913139478f,-5.228737900918066f,0f,0f,0f,1f], start_interpolation: 0, interpolation_duration: 1 }
$data merge entity $(bone_left_fingers2) { transformation: [-0.9959930942734984f,0.025989276418884318f,0.08557051870080601f,-1.177561493864126f,-0.021807406580684925f,-0.9985386106933267f,0.049447749927231444f,-0.06615292902022141f,0.08673057810096081f,0.04738354636225689f,0.9951043193336111f,-10.2748692166087f,0f,0f,0f,1f], start_interpolation: 0, interpolation_duration: 1 }
$data merge entity $(bone_right_foot) { transformation: [-0.9959930942734984f,0.06656968461525832f,-0.05971794746746748f,-1.105463255192992f,-0.021807406580684925f,0.4668155327426775f,0.8840857964068844f,0.2120187354376203f,0.08673057810096081f,0.8818456415271301f,-0.4634933347329582f,-9.321320857741325f,0f,0f,0f,1f], start_interpolation: 0, interpolation_duration: 1 }
$data merge entity $(bone_right_knee) { transformation: [-1.5786631643256637f,-0.06411953788458738f,-0.12641679871273803f,-0.9397408298482659f,-0.0345650483686455f,1.5450433647301787f,-0.35201728234356494f,0.11733469735870283f,0.13746919497321264f,-0.3478499597509577f,-1.540250802456763f,-7.256890909100974f,0f,0f,0f,1f], start_interpolation: 0, interpolation_duration: 1 }
$data merge entity $(bone_right_thigh) { transformation: [-1.5972276456086765f,0.142729181969558f,0.01400864835648757f,-0.7385399999999994f,-0.034971520254470645f,-0.539533799080988f,1.5097629899859903f,0.444962615305309f,0.1390857806735328f,1.5034080197253996f,0.5404844913139478f,-5.2138112803852f,0f,0f,0f,1f], start_interpolation: 0, interpolation_duration: 1 }