# This file was generated by Animated Java via MC-Build. It is not recommended to edit this file directly.
$data merge entity $(bone_left_fingers_2) { transformation: [-0.3010331525268996f,0.011945076558014373f,0.9535388593160425f,-1.5289176127658175f,0.2242251259201389f,0.9727738132720861f,0.05860205728626011f,0.14826251921392872f,-0.9268776262192406f,0.2314485328493301f,-0.29551555400025614f,1.3383122854331455f,0f,0f,0f,1f], start_interpolation: 0, interpolation_duration: 1 }
$data merge entity $(bone_left_fingers) { transformation: [-0.3010331525268996f,0.011945076558014373f,0.9535388593160425f,-0.9751640088299748f,0.2242251259201389f,0.9727738132720861f,0.05860205728626011f,0.18457995979274733f,-0.9268776262192406f,0.2314485328493301f,-0.29551555400025614f,1.182083559727769f,0f,0f,0f,1f], start_interpolation: 0, interpolation_duration: 1 }
$data merge entity $(bone_left_index_finger_2) { transformation: [-0.24565346238540364f,0.01248917307528154f,0.9692772549554429f,-1.6649070137741915f,0.22915940046602787f,0.97232257679572f,0.04554970725901038f,0.2567062728458522f,-0.9418812799902723f,0.23330843792976402f,-0.24171641895961415f,0.8908743482015209f,0f,0f,0f,1f], start_interpolation: 0, interpolation_duration: 1 }
$data merge entity $(bone_left_index_finger) { transformation: [-0.24565346238540364f,0.01248917307528154f,0.9692772549554429f,-1.1062190867429105f,0.22915940046602787f,0.97232257679572f,0.04554970725901038f,0.2885818439442188f,-0.9418812799902723f,0.23330843792976402f,-0.24171641895961415f,0.7529174319040806f,0f,0f,0f,1f], start_interpolation: 0, interpolation_duration: 1 }
$data merge entity $(bone_left_thumb) { transformation: [-0.2845157729453148f,0.18693516091129297f,0.9402691213479251f,-0.4390579397662876f,0.2257842803831129f,0.9662806814527859f,-0.123786523430539f,0.16248491504609602f,-0.9317039410012228f,0.17707876853595f,-0.3171291157503226f,0.23705029041230796f,0f,0f,0f,1f], start_interpolation: 0, interpolation_duration: 1 }
$data merge entity $(bone_left_hand) { transformation: [-0.2845157729453148f,-0.021007434434446526f,0.9584411628492447f,-0.32036473273787514f,0.2257842803831129f,0.9701682784015289f,0.08828912908899461f,0.1608515358509871f,-0.9317039410012228f,0.24152059804889464f,-0.27128502914995944f,0.8509341315584108f,0f,0f,0f,1f], start_interpolation: 0, interpolation_duration: 1 }
$data merge entity $(bone_left_forearm) { transformation: [-0.4321620228785665f,0.5748593258069535f,1.867643214017328f,1.8447530488475412f,-0.028663882763318875f,1.9107002164231992f,-0.5947449017317956f,0.4219363349988804f,-1.95390194256445f,-0.1551769049949361f,-0.4043584552717508f,0.35197025984548347f,0f,0f,0f,1f], start_interpolation: 0, interpolation_duration: 1 }
$data merge entity $(bone_left_bicep) { transformation: [-1.1692656728618647f,0.5390920619029247f,0.081811726367652f,1.6937638333669691f,0.1307122725608256f,0.4650572518045551f,-1.1962991590137853f,1.0154733787111287f,-0.5293653857025286f,-1.075916876365623f,-0.47609955585230834f,-1.3700754301926155f,0f,0f,0f,1f], start_interpolation: 0, interpolation_duration: 1 }
$data merge entity $(bone_left_shoulder) { transformation: [-1.1172652128985237f,0.5151171554020564f,0.07817333391309517f,1.3743293750000003f,0.12489913834011411f,0.44437487690515853f,-1.1430964455789367f,1.1225783268785519f,-0.5058230512407393f,-1.0280678940925043f,-0.45492609932547223f,-1.6244891560814134f,0f,0f,0f,1f], start_interpolation: 0, interpolation_duration: 1 }
$data merge entity $(bone_right_fingers_2) { transformation: [-0.18214291252750103f,-0.3427893768469309f,-0.9215852660155173f,1.682412250146128f,-0.19253777283853768f,0.9315533616765511f,-0.30844373940719305f,0.10786518063611694f,0.9642370898520629f,0.12125913355293925f,-0.23567574564137003f,0.9698735608433982f,0f,0f,0f,1f], start_interpolation: 0, interpolation_duration: 1 }
$data merge entity $(bone_right_fingers) { transformation: [-0.18214291252750103f,-0.3427893768469309f,-0.9215852660155173f,1.1467917583699916f,-0.19253777283853768f,0.9315533616765511f,-0.30844373940719305f,-0.06715779065515282f,0.9642370898520629f,0.12125913355293925f,-0.23567574564137003f,0.8480072577254056f,0f,0f,0f,1f], start_interpolation: 0, interpolation_duration: 1 }
$data merge entity $(bone_right_index_finger_2) { transformation: [-0.18214291252750103f,-0.30226413260756246f,-0.9356603836622542f,1.771684363887911f,-0.19253777283853768f,0.9441208562411747f,-0.26751638237836367f,0.1702440914501063f,0.9642370898520629f,0.13142375336836626f,-0.23016218543495834f,0.5357433816158074f,0f,0f,0f,1f], start_interpolation: 0, interpolation_duration: 1 }
$data merge entity $(bone_right_index_finger) { transformation: [-0.18214291252750103f,-0.30226413260756246f,-0.9356603836622542f,1.2306944081204094f,-0.19253777283853768f,0.9441208562411747f,-0.26751638237836367f,0.021529697442410817f,0.9642370898520629f,0.13142375336836626f,-0.23016218543495834f,0.4038560836252246f,0f,0f,0f,1f], start_interpolation: 0, interpolation_duration: 1 }
$data merge entity $(bone_right_thumb) { transformation: [0.15992448097734366f,-0.14985268281879438f,-0.9756886459502011f,0.5141988202906156f,-0.11962445732803377f,0.9781836198094643f,-0.16984344304513704f,-0.12838914855264374f,0.9798541471020579f,0.14387834926931542f,0.13850946183721954f,-0.03350160913842526f,0f,0f,0f,1f], start_interpolation: 0, interpolation_duration: 1 }
$data merge entity $(bone_right_hand) { transformation: [-0.18214291252750103f,0.0359793235847346f,-0.9826135800457797f,0.4609914778466706f,-0.19253777283853768f,0.9786793931829176f,0.0715251801080698f,-0.10775755792277342f,0.9642370898520629f,0.20221803488685453f,-0.17133213627374227f,0.5891439015020294f,0f,0f,0f,1f], start_interpolation: 0, interpolation_duration: 1 }
$data merge entity $(bone_right_forearm) { transformation: [-0.36452830280730425f,-0.7658336229725136f,-1.8127175043574169f,-1.7353947812181132f,-0.38533186158716665f,1.8356462439607564f,-0.6980322311362834f,0.017009666732811124f,1.9297578203299912f,0.22187496745717672f,-0.4818018533771764f,0.1827046648998174f,0f,0f,0f,1f], start_interpolation: 0, interpolation_duration: 1 }
$data merge entity $(bone_right_bicep) { transformation: [-1.1408890649015078f,-0.601571925332454f,-0.03128871603435031f,-1.6781752083388286f,-0.304909581729102f,0.6344986170432046f,-1.0811740264412366f,0.9477111886227052f,0.519516998825888f,-0.9486929677894617f,-0.7032633676716549f,-1.3892544210705975f,0f,0f,0f,1f], start_interpolation: 0, interpolation_duration: 1 }
$data merge entity $(bone_right_shoulder) { transformation: [-1.0901505907300926f,-0.5748183674846851f,-0.02989722078805072f,-1.3743293749999999f,-0.2913494141255018f,0.6062807186663589f,-1.0330912442470452f,1.1225783268785519f,0.4964126492116561f,-0.906501982597624f,-0.6719873117306757f,-1.6244891560814136f,0f,0f,0f,1f], start_interpolation: 0, interpolation_duration: 1 }
$data merge entity $(bone_chest) { transformation: [-4.0674850000000005f,1.5919435934634459e-16f,4.719999223847133e-16f,1.3710165685201094e-16f,0f,3.854171853577195f,-1.299920593081874f,1.492206401984746f,-4.981232485829872e-16f,-1.299920593081874f,-3.854171853577195f,-1.1195199868849244f,0f,0f,0f,1f], start_interpolation: 0, interpolation_duration: 1 }
$data merge entity $(bone_weist) { transformation: [-1.0999999999999999f,1.440385644856692e-17f,1.339388751991652e-16f,4.0265633935097557e-16f,0f,1.093693914787665f,-0.11761641363530646f,0.9108905937018711f,-1.3471114790620883e-16f,-0.11761641363530646f,-1.093693914787665f,-3.2879385275111206f,0f,0f,0f,1f], start_interpolation: 0, interpolation_duration: 1 }
$data merge entity $(bone_right_fingers2) { transformation: [-0.9959887096596626f,-0.025976025044401465f,-0.08562555899597415f,1.1810493231941084f,0.021786206299288274f,-0.9985360693704729f,0.04950837687958998f,-0.023651031136430023f,-0.08678623995522142f,0.04744432831286893f,0.9950965703213813f,-10.132351153256778f,0f,0f,0f,1f], start_interpolation: 0, interpolation_duration: 1 }
$data merge entity $(bone_left_foot) { transformation: [-0.9959887096596626f,-0.06662516833621962f,0.05972919867745439f,1.1088946828644992f,0.021786206299288274f,0.4668694054122573f,0.8840578711289722f,0.254578885000083f,-0.08678623995522142f,0.8818129309746914f,-0.4635451470140303f,-9.178824055964329f,0f,0f,0f,1f], start_interpolation: 0, interpolation_duration: 1 }
$data merge entity $(bone_left_knee) { transformation: [-1.5786562146506187f,0.06411400236625288f,0.12650636023373588f,0.9421334957463547f,0.03453144562229449f,1.5450227112439037f,-0.35211121756882385f,0.12891393396075834f,-0.13755741980075864f,-0.34794270358084123f,-1.5402219774489132f,-7.11155945130176f,0f,0f,0f,1f], start_interpolation: 0, interpolation_duration: 1 }
$data merge entity $(bone_left_thigh) { transformation: [-1.5972206142080831f,-0.14280259645052468f,-0.01406205912562557f,0.7385400000000005f,0.0349375223525413f,-0.5394424156614442f,1.5097964310556313f,0.4612560881241736f,-0.13917504299165734f,1.5034338402947582f,0.5403896823366783f,-5.041237900918066f,0f,0f,0f,1f], start_interpolation: 0, interpolation_duration: 1 }
$data merge entity $(bone_left_fingers2) { transformation: [-0.9959887096596626f,0.025976025044401465f,0.08562555899597392f,-1.177845543599535f,-0.021786206299288274f,-0.9985360693704729f,0.04950837687958998f,-0.0664612140787273f,0.08678623995522117f,0.04744432831286893f,0.9950965703213813f,-10.087313425379572f,0f,0f,0f,1f], start_interpolation: 0, interpolation_duration: 1 }
$data merge entity $(bone_right_foot) { transformation: [-0.9959887096596626f,0.06662516833621941f,-0.05972919867745429f,-1.105690903269926f,-0.021786206299288274f,0.4668694054122573f,0.8840578711289722f,0.21176870205778575f,0.08678623995522117f,0.8818129309746914f,-0.4635451470140303f,-9.133786328087123f,0f,0f,0f,1f], start_interpolation: 0, interpolation_duration: 1 }
$data merge entity $(bone_right_knee) { transformation: [-1.5786562146506187f,-0.0641140023662528f,-0.12650636023373552f,-0.9398574203278283f,-0.03453144562229449f,1.5450227112439037f,-0.35211121756882385f,0.11721062742163069f,0.13755741980075825f,-0.34794270358084123f,-1.5402219774489132f,-7.069359524194898f,0f,0f,0f,1f], start_interpolation: 0, interpolation_duration: 1 }
$data merge entity $(bone_right_thigh) { transformation: [-1.5972206142080831f,0.14280259645052432f,0.014062059125625439f,-0.7385399999999994f,-0.0349375223525413f,-0.5394424156614442f,1.5097964310556313f,0.444962615305309f,0.13917504299165692f,1.5034338402947582f,0.5403896823366783f,-5.0263112803852f,0f,0f,0f,1f], start_interpolation: 0, interpolation_duration: 1 }