# This file was generated by Animated Java via MC-Build. It is not recommended to edit this file directly.
$data merge entity $(bone_left_fingers_2) { transformation: [-0.29749956335341265f,-0.021691170506768352f,0.9544755119575228f,-1.5202475913437192f,0.21184938280468923f,0.9733187161852592f,0.0881505288058481f,0.1380930782170354f,-0.9309209680793538f,0.22842979193950327f,-0.2849666319846487f,1.1623039732836364f,0f,0f,0f,1f], start_interpolation: 0, interpolation_duration: 1 }
$data merge entity $(bone_left_fingers) { transformation: [-0.29749956335341265f,-0.021691170506768352f,0.9544755119575228f,-0.9661973255190655f,0.21184938280468923f,0.9733187161852592f,0.0881505288058481f,0.19161326769603287f,-0.9309209680793538f,0.22842979193950327f,-0.2849666319846487f,1.01219295651465f,0f,0f,0f,1f], start_interpolation: 0, interpolation_duration: 1 }
$data merge entity $(bone_left_index_finger_2) { transformation: [-0.2556218068758241f,-0.02137523695882557f,0.9665405273937007f,-1.6543866140946806f,0.2166028607459923f,0.9730739915285841f,0.07880487121543236f,0.23882736570637342f,-0.942199921760871f,0.22949968683112118f,-0.24410899446400197f,0.7211005292814604f,0f,0f,0f,1f], start_interpolation: 0, interpolation_duration: 1 }
$data merge entity $(bone_left_index_finger) { transformation: [-0.2556218068758241f,-0.02137523695882557f,0.9665405273937007f,-1.097471807469938f,0.2166028607459923f,0.9730739915285841f,0.07880487121543236f,0.289872961714133f,-0.942199921760871f,0.22949968683112118f,-0.24410899446400197f,0.581742688138616f,0f,0f,0f,1f], start_interpolation: 0, interpolation_duration: 1 }
$data merge entity $(bone_left_thumb) { transformation: [-0.2849920910738073f,0.1616550368801845f,0.9448000619584257f,-0.4245446005825812f,0.2133181959687384f,0.9716537253846402f,-0.1019038037307373f,0.1776789739530352f,-0.9344917630958669f,0.17250126665452603f,-0.31139758783356447f,0.07017175217309712f,0f,0f,0f,1f], start_interpolation: 0, interpolation_duration: 1 }
$data merge entity $(bone_left_hand) { transformation: [-0.2849920910738073f,-0.04666899362202759f,0.9573930817901736f,-0.30920730893059556f,0.2133181959687384f,0.9706776723345375f,0.11081608051111874f,0.18248254337473246f,-0.9344917630958669f,0.23581107154989783f,-0.26668011407014836f,0.6846783433645781f,0f,0f,0f,1f], start_interpolation: 0, interpolation_duration: 1 }
$data merge entity $(bone_left_forearm) { transformation: [-0.4206143611872599f,0.5275660691906175f,1.88416454566805f,1.851372558377177f,-0.05050331513062471f,1.923638620553647f,-0.5498929950690163f,0.4950781385436771f,-1.9559783760753968f,-0.16311631893810258f,-0.39097326273318633f,0.19575722843548693f,0f,0f,0f,1f], start_interpolation: 0, interpolation_duration: 1 }
$data merge entity $(bone_left_bicep) { transformation: [-1.1692652903937348f,0.5331268939107641f,0.11441162170263837f,1.694955056025914f,0.09831086717747126f,0.47239749400733544f,-1.1965246360027506f,1.0749386820767148f,-0.5363294487405855f,-1.0756913805342878f,-0.468758359679024f,-1.5304584704389812f,0f,0f,0f,1f], start_interpolation: 0, interpolation_duration: 1 }
$data merge entity $(bone_left_shoulder) { transformation: [-1.117264847439803f,0.5094172748347732f,0.10932342225252774f,1.3743293750000003f,0.09393871255831535f,0.4513886783514488f,-1.1433118949861392f,1.1725505928406972f,-0.5124774032442577f,-1.0278524266809042f,-0.4479113863343697f,-1.787182591974997f,0f,0f,0f,1f], start_interpolation: 0, interpolation_duration: 1 }
$data merge entity $(bone_right_fingers_2) { transformation: [-0.17364520092074903f,-0.3178376579221474f,-0.9321086671648089f,1.6915037353683862f,-0.18131657354479963f,0.9406253755500358f,-0.28696376605649665f,0.09970700940269592f,0.9679729564172579f,0.11917686888787807f,-0.2209643174064891f,0.7728385794594197f,0f,0f,0f,1f], start_interpolation: 0, interpolation_duration: 1 }
$data merge entity $(bone_right_fingers) { transformation: [-0.17364520092074903f,-0.3178376579221474f,-0.9321086671648089f,1.150079511481507f,-0.18131657354479963f,0.9406253755500358f,-0.28696376605649665f,-0.06272973540171209f,0.9679729564172579f,0.11917686888787807f,-0.2209643174064891f,0.659490172979137f,0f,0f,0f,1f], start_interpolation: 0, interpolation_duration: 1 }
$data merge entity $(bone_right_index_finger_2) { transformation: [-0.17364520092074903f,-0.27687713787921536f,-0.9450853901722356f,1.7763428486596087f,-0.18131657354479963f,0.9522472922894645f,-0.2456611375153936f,0.1568606468629125f,0.9679729564172579f,0.12870176707099956f,-0.21555558632899385f,0.3371030657547518f,0f,0f,0f,1f], start_interpolation: 0, interpolation_duration: 1 }
$data merge entity $(bone_right_index_finger) { transformation: [-0.17364520092074903f,-0.27687713787921536f,-0.9450853901722356f,1.2300679033660193f,-0.18131657354479963f,0.9522472922894645f,-0.2456611375153936f,0.020788914906744893f,0.9679729564172579f,0.12870176707099956f,-0.21555558632899385f,0.213618125358803f,0f,0f,0f,1f], start_interpolation: 0, interpolation_duration: 1 }
$data merge entity $(bone_right_thumb) { transformation: [0.17031052311288142f,-0.12350987023195771f,-0.9776193725946216f,0.5041432747688558f,-0.11685490807062993f,0.9825815050692206f,-0.1444940011063104f,-0.11420293660005879f,0.9784371498347874f,0.13884847082770047f,0.1529112355976103f,-0.21291906271092342f,0f,0f,0f,1f], start_interpolation: 0, interpolation_duration: 1 }
$data merge entity $(bone_right_hand) { transformation: [-0.17364520092074903f,0.06305883727228229f,-0.9827873255384709f,0.46000009098289274f,-0.18131657354479963f,0.9788408111903335f,0.09484179725323488f,-0.08798088221065092f,0.9679729564172579f,0.19466445332961613f,-0.1585373970226453f,0.4102244993447365f,0f,0f,0f,1f], start_interpolation: 0, interpolation_duration: 1 }
$data merge entity $(bone_right_forearm) { transformation: [-0.3475215670152238f,-0.7168631564758429f,-1.835936476998411f,-1.7379686446373603f,-0.36287452477813076f,1.8556602020995279f,-0.6558765629579618f,0.08875560427223173f,1.937234526832746f,0.2189958937012171f,-0.4522056598669201f,0.03264011938677913f,0f,0f,0f,1f], start_interpolation: 0, interpolation_duration: 1 }
$data merge entity $(bone_right_bicep) { transformation: [-1.140890394758191f,-0.5985568790185366f,-0.0677819536395847f,-1.6791762563392825f,-0.27277968046780654f,0.642788206923737f,-1.0848549167860004f,1.006936212777426f,0.5370809776779395f,-0.9450124904626751f,-0.6949755677699416f,-1.5466073582356592f,0f,0f,0f,1f], start_interpolation: 0, interpolation_duration: 1 }
$data merge entity $(bone_right_shoulder) { transformation: [-1.0901518614443917f,-0.5719374085717523f,-0.06476750376024693f,-1.3743293749999999f,-0.2606484179308152f,0.6142016476884568f,-1.0366084352756957f,1.1725505928406972f,0.5131955096230562f,-0.9029851862189056f,-0.6640680930821165f,-1.7871825919749975f,0f,0f,0f,1f], start_interpolation: 0, interpolation_duration: 1 }
$data merge entity $(bone_chest) { transformation: [-4.0674850000000005f,1.8757777749680794e-16f,4.614556838616538e-16f,1.598903747202252e-16f,0f,3.768071612018561f,-1.5316887908203973f,1.572176450090606f,-4.981232485829872e-16f,-1.5316887908203973f,-3.768071612018561f,-1.3056039899140477f,0f,0f,0f,1f], start_interpolation: 0, interpolation_duration: 1 }
$data merge entity $(bone_weist) { transformation: [-1.0999999999999999f,2.251503315759144e-17f,1.328162891068751e-16f,4.2062909653378754e-16f,0f,1.0845273037037864f,-0.18384919777087796f,0.8601869675773224f,-1.3471114790620883e-16f,-0.18384919777087796f,-1.0845273037037864f,-3.4346972272058025f,0f,0f,0f,1f], start_interpolation: 0, interpolation_duration: 1 }
$data merge entity $(bone_right_fingers2) { transformation: [-0.9959885301623547f,-0.025975482935381364f,-0.08562781131913952f,1.1810609968267116f,0.021785338768131022f,-0.9985359652896505f,0.049510857777097794f,-0.023663721028009455f,-0.08678851767250212f,0.04744681558692798f,0.9950962530785001f,-10.319848929919644f,0f,0f,0f,1f], start_interpolation: 0, interpolation_duration: 1 }
$data merge entity $(bone_left_foot) { transformation: [-0.9959885301623547f,-0.06662743873941505f,0.05972965923272907f,1.108904048500546f,0.021785338768131022f,0.4668716098825313f,0.8840567283271201f,0.2545685787878195f,-0.08678851767250212f,0.8818115922875585f,-0.4635472671772435f,-9.366322702816875f,0f,0f,0f,1f], start_interpolation: 0, interpolation_duration: 1 }
$data merge entity $(bone_left_knee) { transformation: [-1.5786559301448426f,0.06411377608748624f,0.1265100251693636f,0.9421383305781053f,0.034530070573120214f,1.5450218659512012f,-0.352115061440023f,0.12890878891000157f,-0.1375610300149162f,-0.3479464987357964f,-1.5402207976692055f,-7.299058149917771f,0f,0f,0f,1f], start_interpolation: 0, interpolation_duration: 1 }
$data merge entity $(bone_left_thigh) { transformation: [-1.5972203263566271f,-0.1428056007653613f,-0.014064244536579774f,0.7385400000000005f,0.034936131133309206f,-0.53943867613361f,1.5097977993571736f,0.4612560881241736f,-0.13917869566056693f,1.5034348966923619f,0.5403858025457005f,-5.228737900918066f,0f,0f,0f,1f], start_interpolation: 0, interpolation_duration: 1 }
$data merge entity $(bone_left_fingers2) { transformation: [-0.9959885301623547f,0.025975482935381353f,0.08562781131913927f,-1.1778571672571991f,-0.021785338768131022f,-0.9985359652896505f,0.049510857777097794f,-0.06647382929718915f,0.08678851767250187f,0.04744681558692798f,0.9950962530785001f,-10.274811141600592f,0f,0f,0f,1f], start_interpolation: 0, interpolation_duration: 1 }
$data merge entity $(bone_right_foot) { transformation: [-0.9959885301623547f,0.06662743873941485f,-0.059729659232728965f,-1.1057002189310337f,-0.021785338768131022f,0.4668716098825313f,0.8840567283271201f,0.21175847051863983f,0.08678851767250187f,0.8818115922875585f,-0.4635472671772435f,-9.321284914497824f,0f,0f,0f,1f], start_interpolation: 0, interpolation_duration: 1 }
$data merge entity $(bone_right_knee) { transformation: [-1.5786559301448426f,-0.06411377608748617f,-0.12651002516936324f,-0.9398621913304809f,-0.034530070573120214f,1.5450218659512012f,-0.352115061440023f,0.11720555041244729f,0.13756103001491582f,-0.3479464987357964f,-1.5402207976692055f,-7.256858239589455f,0f,0f,0f,1f], start_interpolation: 0, interpolation_duration: 1 }
$data merge entity $(bone_right_thigh) { transformation: [-1.5972203263566271f,0.14280560076536095f,0.01406424453657964f,-0.7385399999999994f,-0.034936131133309206f,-0.53943867613361f,1.5097977993571736f,0.444962615305309f,0.1391786956605665f,1.5034348966923619f,0.5403858025457005f,-5.2138112803852f,0f,0f,0f,1f], start_interpolation: 0, interpolation_duration: 1 }