# This file was generated by Animated Java via MC-Build. It is not recommended to edit this file directly.
$data merge entity $(bone_left_fingers_2) { transformation: [-0.2962455373929071f,-0.030065767915295003f,0.954638481926248f,-1.517667542346965f,0.209338087481876f,0.9731577712378506f,0.09561128285306898f,0.13536188168724853f,-0.9318884840495767f,0.228166609912675f,-0.281999736554379f,1.1643867779132266f,0f,0f,0f,1f], start_interpolation: 0, interpolation_duration: 1 }
$data merge entity $(bone_left_fingers) { transformation: [-0.2962455373929071f,-0.030065767915295003f,0.954638481926248f,-0.9635890380332087f,0.209338087481876f,0.9731577712378506f,0.09561128285306898f,0.1932154662724127f,-0.9318884840495767f,0.228166609912675f,-0.281999736554379f,1.0159974288825961f,0f,0f,0f,1f], start_interpolation: 0, interpolation_duration: 1 }
$data merge entity $(bone_left_index_finger_2) { transformation: [-0.25941701235001763f,-0.029819987415381867f,0.9653049166216535f,-1.65113173595566f,0.21371369795085887f,0.9729706470932401f,0.08749042920874725f,0.23421086707967598f,-0.9418223128656275f,0.22899538913591314f,-0.24603219858980238f,0.725775939961877f,0f,0f,0f,1f], start_interpolation: 0, interpolation_duration: 1 }
$data merge entity $(bone_left_index_finger) { transformation: [-0.25941701235001763f,-0.029819987415381867f,0.9653049166216535f,-1.094977886451256f,0.21371369795085887f,0.9729706470932401f,0.08749042920874725f,0.2902615423725959f,-0.9418223128656275f,0.22899538913591314f,-0.24603219858980238f,0.5853067971642627f,0f,0f,0f,1f], start_interpolation: 0, interpolation_duration: 1 }
$data merge entity $(bone_left_thumb) { transformation: [-0.2852403764842276f,0.15632637275051997f,0.9456214849535737f,-0.4209818541969821f,0.21068347592984132f,0.9727047047096621f,-0.09725240565563964f,0.18103478504899237f,-0.9350135831062862f,0.17148650856074568f,-0.3103900397699471f,0.07450135164350469f,0f,0f,0f,1f], start_interpolation: 0, interpolation_duration: 1 }
$data merge entity $(bone_left_hand) { transformation: [-0.2852403764842276f,-0.05204913561105201f,0.9570416997734627f,-0.3062512311811232f,0.21068347592984132f,0.9706969924494754f,0.1155846954387266f,0.18718567470909997f,-0.9350135831062862f,0.234602293960834f,-0.2659160827687157f,0.6891094922024792f,0f,0f,0f,1f], start_interpolation: 0, interpolation_duration: 1 }
$data merge entity $(bone_left_forearm) { transformation: [-0.4184959814719722f,0.5174889710302524f,1.8874280679550564f,1.85309676869091f,-0.05507433221322217f,1.9262196124395041f,-0.5403362434034654f,0.5106775666910008f,-1.9563093734820611f,-0.1649290843549199f,-0.38854918055603893f,0.20183704579408257f,0f,0f,0f,1f], start_interpolation: 0, interpolation_duration: 1 }
$data merge entity $(bone_left_bicep) { transformation: [-1.1692651469662225f,0.5316225992212552f,0.1212107734419939f,1.695227136707495f,0.09145351752609047f,0.4739397353169205f,-1.1964585262059626f,1.0876365046833867f,-0.5375415274499961f,-1.0757574832628753f,-0.4672157606307404f,-1.525218508378112f,0f,0f,0f,1f], start_interpolation: 0, interpolation_duration: 1 }
$data merge entity $(bone_left_shoulder) { transformation: [-1.1172647103909068f,0.5079798802669308f,0.11582019701630536f,1.3743293750000003f,0.08738632810370502f,0.45286233194881914f,-1.1432487252738168f,1.1832360465630811f,-0.5136355774802333f,-1.0279155896393684f,-0.4464373909079246f,-1.7823596003068003f,0f,0f,0f,1f], start_interpolation: 0, interpolation_duration: 1 }
$data merge entity $(bone_right_fingers_2) { transformation: [-0.17202473291127462f,-0.3124973305058407f,-0.9342124542594834f,1.6925626536107015f,-0.17896401951790863f,0.9424824889829672f,-0.2823094714643216f,0.09781058433377829f,0.9686998353384799f,0.11862620447099446f,-0.21805607679678976f,0.771081392648912f,0f,0f,0f,1f], start_interpolation: 0, interpolation_duration: 1 }
$data merge entity $(bone_right_fingers) { transformation: [-0.17202473291127462f,-0.3124973305058407f,-0.9342124542594834f,1.149979135203146f,-0.17896401951790863f,0.9424824889829672f,-0.2823094714643216f,-0.06190068137247695f,0.9686998353384799f,0.11862620447099446f,-0.21805607679678976f,0.6594158890913451f,0f,0f,0f,1f], start_interpolation: 0, interpolation_duration: 1 }
$data merge entity $(bone_right_index_finger_2) { transformation: [-0.17202473291127462f,-0.2714501273670725f,-0.9469542331175272f,1.7765417071982355f,-0.17896401951790863f,0.9538996206831818f,-0.24093026663015066f,0.15386997796907353f,0.9686998353384799f,0.1280247710909175f,-0.21267413336444996f,0.3350372271493258f,0f,0f,0f,1f], start_interpolation: 0, interpolation_duration: 1 }
$data merge entity $(bone_right_index_finger) { transformation: [-0.17202473291127462f,-0.2714501273670725f,-0.9469542331175272f,1.2292210986982663f,-0.17896401951790863f,0.9538996206831818f,-0.24093026663015066f,0.020534308078924424f,0.9686998353384799f,0.1280247710909175f,-0.21267413336444996f,0.213209015130005f,0f,0f,0f,1f], start_interpolation: 0, interpolation_duration: 1 }
$data merge entity $(bone_right_thumb) { transformation: [0.1722965949084574f,-0.11789672038477851f,-0.9779643381562866f,0.5014506497069253f,-0.11632367711175659f,0.983429752163012f,-0.13904936067381407f,-0.11120821071830808f,0.978152690292344f,0.13771813926680074f,0.15572741759478137f,-0.21119341358535482f,0f,0f,0f,1f], start_interpolation: 0, interpolation_duration: 1 }
$data merge entity $(bone_right_hand) { transformation: [-0.17202473291127462f,0.0687977409354723f,-0.9826873165503764f,0.45911181208881713f,-0.17896401951790863f,0.9787754388507987f,0.09985249130802881f,-0.08383487875188689f,0.9686998353384799f,0.1930427702469118f,-0.15606126319686026f,0.41202584098624584f,0f,0f,0f,1f], start_interpolation: 0, interpolation_duration: 1 }
$data merge entity $(bone_right_forearm) { transformation: [-0.34427847374823733f,-0.7063692186874001f,-1.8406090382346534f,-1.738883374069232f,-0.35816628488680047f,1.8597796689980877f,-0.6467327634953345f,0.10407454455099119f,1.938689252332754f,0.2181487609382101f,-0.44634277547323625f,0.04003185895607664f,0f,0f,0f,1f], start_interpolation: 0, interpolation_duration: 1 }
$data merge entity $(bone_right_bicep) { transformation: [-1.1408908934527988f,-0.5976412834580287f,-0.07542207272559737f,-1.6794117568290914f,-0.2658966194098518f,0.6445832802955369f,-1.0854985057847701f,1.0196049857178473f,0.5405206568985108f,-0.9443690563446032f,-0.6931811656384765f,-1.5407280558865466f,0f,0f,0f,1f], start_interpolation: 0, interpolation_duration: 1 }
$data merge entity $(bone_right_shoulder) { transformation: [-1.090152337960679f,-0.5710625320637163f,-0.07206784574010802f,-1.3743293749999999f,-0.2540714655265879f,0.6159168892109447f,-1.0372234021018145f,1.1832360465630811f,0.5164822168495397f,-0.9023703673855139f,-0.6623534929480597f,-1.7823596003068007f,0f,0f,0f,1f], start_interpolation: 0, interpolation_duration: 1 }
$data merge entity $(bone_chest) { transformation: [-4.0674850000000005f,1.9345657109692203e-16f,4.590221409456084e-16f,1.5992964266048294e-16f,0f,3.7482002260994567f,-1.5796927835161456f,1.5889804260253042f,-4.981232485829872e-16f,-1.5796927835161456f,-3.7482002260994567f,-1.305924636979676f,0f,0f,0f,1f], start_interpolation: 0, interpolation_duration: 1 }
$data merge entity $(bone_weist) { transformation: [-1.0999999999999999f,2.4209636478438767e-17f,1.3251787378233294e-16f,4.195333858174596e-16f,0f,1.0820905576579063f,-0.1976866839916167f,0.8498544767612181f,-1.3471114790620883e-16f,-0.1976866839916167f,-1.0820905576579063f,-3.425750070220696f,0f,0f,0f,1f], start_interpolation: 0, interpolation_duration: 1 }
$data merge entity $(bone_right_fingers2) { transformation: [-0.9959884628493283f,-0.025975279647472795f,-0.08562865594103328f,1.18106537444186f,0.02178501344393771f,-0.9985359262575568f,0.04951178811364709f,-0.023668479736856263f,-0.08678937181636769f,0.04744774831537124f,0.9950961341094244f,-10.319848096152704f,0f,0f,0f,1f], start_interpolation: 0, interpolation_duration: 1 }
$data merge entity $(bone_left_foot) { transformation: [-0.9959884628493283f,-0.06662829013999703f,0.059729831943951095f,1.1089075606169796f,0.02178501344393771f,0.4668724365581149f,0.8840562997748144f,0.2545647139582887f,-0.08678937181636769f,0.8818110902768854f,-0.46354806223779094f,-9.366322195374122f,0f,0f,0f,1f], start_interpolation: 0, interpolation_duration: 1 }
$data merge entity $(bone_left_knee) { transformation: [-1.5786558234527424f,0.06411369123778546f,0.12651139952050866f,0.942140143640766f,0.03452955492966506f,1.5450215489636556f,-0.3521165028912062f,0.12890685951640957f,-0.13756238384504352f,-0.3479479219191279f,-1.540220355246955f,-7.299057661892353f,0f,0f,0f,1f], start_interpolation: 0, interpolation_duration: 1 }
$data merge entity $(bone_left_thigh) { transformation: [-1.597220218409868f,-0.14280672738629724f,-0.014065064061715142f,0.7385400000000005f,0.03493560942608218f,-0.5394372738096004f,1.5097983124675973f,0.4612560881241736f,-0.13918006541122407f,1.5034352928374377f,0.5403843476212513f,-5.228737900918066f,0f,0f,0f,1f], start_interpolation: 0, interpolation_duration: 1 }
$data merge entity $(bone_left_fingers2) { transformation: [-0.9959884628493283f,0.025975279647472777f,0.08562865594103304f,-1.1778615261316416f,-0.02178501344393771f,-0.9985359262575568f,0.04951178811364709f,-0.06647856000356728f,0.08678937181636744f,0.04744774831537124f,0.9950961341094244f,-10.27481028516803f,0f,0f,0f,1f], start_interpolation: 0, interpolation_duration: 1 }
$data merge entity $(bone_right_foot) { transformation: [-0.9959884628493283f,0.06662829013999683f,-0.059729831943950984f,-1.1057037123067615f,-0.02178501344393771f,0.4668724365581149f,0.8840562997748144f,0.2117546336915777f,0.08678937181636744f,0.8818110902768854f,-0.46354806223779094f,-9.321284384389449f,0f,0f,0f,1f], start_interpolation: 0, interpolation_duration: 1 }
$data merge entity $(bone_right_knee) { transformation: [-1.5786558234527424f,-0.06411369123778536f,-0.1265113995205083f,-0.93986398045722f,-0.03452955492966506f,1.5450215489636556f,-0.3521165028912062f,0.11720364653443927f,0.1375623838450431f,-0.3479479219191279f,-1.540220355246955f,-7.2568577578560785f,0f,0f,0f,1f], start_interpolation: 0, interpolation_duration: 1 }
$data merge entity $(bone_right_thigh) { transformation: [-1.597220218409868f,0.1428067273862969f,0.014065064061715008f,-0.7385399999999994f,-0.03493560942608218f,-0.5394372738096004f,1.5097983124675973f,0.444962615305309f,0.13918006541122369f,1.5034352928374377f,0.5403843476212513f,-5.2138112803852f,0f,0f,0f,1f], start_interpolation: 0, interpolation_duration: 1 }