# This file was generated by Animated Java via MC-Build. It is not recommended to edit this file directly.
$data merge entity $(bone_left_fingers_2) { transformation: [-0.3963796135869553f,0.17598316679804243f,0.9010622214566474f,-1.494326444486344f,0.20197675252608566f,0.9741266951873286f,-0.10140302343830501f,0.24542469834275288f,-0.895593989133286f,0.14179953006672993f,-0.42166847155221643f,1.2381960733462407f,0f,0f,0f,1f], start_interpolation: 0, interpolation_duration: 1 }
$data merge entity $(bone_left_fingers) { transformation: [-0.3963796135869553f,0.17598316679804243f,0.9010622214566474f,-0.9685564032075158f,0.20197675252608566f,0.9741266951873286f,-0.10140302343830501f,0.1898414514993605f,-0.895593989133286f,0.14179953006672993f,-0.42166847155221643f,1.0083139482001955f,0f,0f,0f,1f], start_interpolation: 0, interpolation_duration: 1 }
$data merge entity $(bone_left_index_finger_2) { transformation: [-0.011736129518491845f,0.19527380255570476f,0.9806785433052775f,-1.6660714598819637f,0.2368221291619734f,0.9533857423068934f,-0.1870050948640792f,0.39162728265080665f,-0.9714821369449442f,0.2300516646350756f,-0.05743421624359399f,0.6099014434610973f,0f,0f,0f,1f], start_interpolation: 0, interpolation_duration: 1 }
$data merge entity $(bone_left_index_finger) { transformation: [-0.011736129518491845f,0.19527380255570476f,0.9806785433052775f,-1.0997554261303395f,0.2368221291619734f,0.9533857423068934f,-0.1870050948640792f,0.2893668963973441f,-0.9714821369449442f,0.2300516646350756f,-0.05743421624359399f,0.5781315533640573f,0f,0f,0f,1f], start_interpolation: 0, interpolation_duration: 1 }
$data merge entity $(bone_left_thumb) { transformation: [-0.28482827228835533f,0.16710946830709597f,0.9439000375608374f,-0.42799372517478973f,0.2160660947581732f,0.9705391690092935f,-0.10662628247623564f,0.17418366773580132f,-0.9339102194543022f,0.17357461513962674f,-0.31254368491132223f,0.0656938692033362f,0f,0f,0f,1f], start_interpolation: 0, interpolation_duration: 1 }
$data merge entity $(bone_left_hand) { transformation: [-0.28482827228835533f,-0.04114905306567557f,0.9576949465967901f,-0.31197579221066096f,0.2160660947581732f,0.970611666872083f,0.10596430921658767f,0.1775689889274089f,-0.9339102194543022f,0.23710703819919537f,-0.26756672893919886f,0.680081771569373f,0f,0f,0f,1f], start_interpolation: 0, interpolation_duration: 1 }
$data merge entity $(bone_left_forearm) { transformation: [-0.4229340985596629f,0.5378530932226148f,1.8807336950608096f,1.8497589112675317f,-0.04578869201411027f,1.92094127376374f,-0.5596485073555294f,0.47901355784877975f,-1.9555941750040722f,-0.16129819035717727f,-0.39364038134868445f,0.1892666644220231f,0f,0f,0f,1f], start_interpolation: 0, interpolation_duration: 1 }
$data merge entity $(bone_left_bicep) { transformation: [-1.1692749453821847f,0.5345607694946103f,0.10740814368534014f,1.6946882939564625f,0.10533477269059618f,0.4708243017137564f,-1.1965469844887353f,1.061856844662688f,-0.5349731874354274f,-1.0756695050730944f,-0.4703556400130599f,-1.5360658051882927f,0f,0f,0f,1f], start_interpolation: 0, interpolation_duration: 1 }
$data merge entity $(bone_left_shoulder) { transformation: [-1.1172740730443653f,0.5107873820282348f,0.10263140816228664f,1.3743293750000003f,0.10065024567746793f,0.4498854502454583f,-1.1433332495734934f,1.1615296905928076f,-0.5111814586090708f,-1.0278315240816276f,-0.4494376312194157f,-1.7923306561999037f,0f,0f,0f,1f], start_interpolation: 0, interpolation_duration: 1 }
$data merge entity $(bone_right_fingers_2) { transformation: [-0.17533704397151798f,-0.32338027651027484f,-0.9298828516407148f,1.6902431912882028f,-0.1837338524353619f,0.9386691152222526f,-0.29179130144185933f,0.1017834900302063f,0.9672118653534966f,0.11968913439411102f,-0.22399937193527542f,0.7746241425569891f,0f,0f,0f,1f], start_interpolation: 0, interpolation_duration: 1 }
$data merge entity $(bone_right_fingers) { transformation: [-0.17533704397151798f,-0.32338027651027484f,-0.9298828516407148f,1.150046438498038f,-0.1837338524353619f,0.9386691152222526f,-0.29179130144185933f,-0.0634800404504592f,0.9672118653534966f,0.11968913439411102f,-0.22399937193527542f,0.6595190545121554f,0f,0f,0f,1f], start_interpolation: 0, interpolation_duration: 1 }
$data merge entity $(bone_right_index_finger_2) { transformation: [-0.17533704397151798f,-0.2825115698321399f,-0.9431034587585339f,1.775979442322396f,-0.1837338524353619f,0.9505034680240354f,-0.25056940903378866f,0.16006264835826134f,0.9672118653534966f,0.12934593223314533f,-0.21856540745083153f,0.33921343266847387f,0f,0f,0f,1f], start_interpolation: 0, interpolation_duration: 1 }
$data merge entity $(bone_right_index_finger) { transformation: [-0.17533704397151798f,-0.2825115698321399f,-0.9431034587585339f,1.230814135789945f,-0.1837338524353619f,0.9505034680240354f,-0.25056940903378866f,0.021152085224117836f,0.9672118653534966f,0.12934593223314533f,-0.21856540745083153f,0.2139975926130328f,0f,0f,0f,1f], start_interpolation: 0, interpolation_duration: 1 }
$data merge entity $(bone_right_thumb) { transformation: [0.16822538507166607f,-0.12934378531067914f,-0.9772258720577316f,0.5068421457768464f,-0.11738304670270888f,0.9816717523214517f,-0.15013923884488065f,-0.11721762566994896f,0.9787346117126332f,0.13996698144789516f,0.1499593409564248f,-0.2147700833691475f,0f,0f,0f,1f], start_interpolation: 0, interpolation_duration: 1 }
$data merge entity $(bone_right_hand) { transformation: [-0.17533704397151798f,0.057086342677622914f,-0.9828520084382096f,0.46081580524036214f,-0.1837338524353619f,0.9788808801243652f,0.0896331077013886f,-0.09217924866074301f,0.9672118653534966f,0.19629919003052743f,-0.1611453862596392f,0.40828591041964724f,0f,0f,0f,1f], start_interpolation: 0, interpolation_duration: 1 }
$data merge entity $(bone_right_forearm) { transformation: [-0.350907505382823f,-0.7277509078823429f,-1.8310022695149752f,-1.7370371961957178f,-0.36771230056177834f,1.8513273749050034f,-0.6653580894296506f,0.07294344949595155f,1.9357113315027448f,0.21975518021274562f,-0.45831874725794874f,0.024816236209928233f,0f,0f,0f,1f], start_interpolation: 0, interpolation_duration: 1 }
$data merge entity $(bone_right_bicep) { transformation: [-1.1408568139194852f,-0.5994692683586281f,-0.05981596725091528f,-1.67892418153783f,-0.2799261525603476f,0.6409084533727013f,-1.0841463586708595f,0.9938583470421302f,0.5334629347549391f,-0.9457106186355813f,-0.6968101223099911f,-1.552863515621373f,0f,0f,0f,1f], start_interpolation: 0, interpolation_duration: 1 }
$data merge entity $(bone_right_shoulder) { transformation: [-1.090119774037931f,-0.572809221448811f,-0.057155786692816235f,-1.3743293749999999f,-0.2674770667565381f,0.6124054919471749f,-1.0359313886884762f,1.1615296905928076f,0.5097383710184924f,-0.9036522667121039f,-0.6658210599367282f,-1.7923306561999042f,0f,0f,0f,1f], start_interpolation: 0, interpolation_duration: 1 }
$data merge entity $(bone_chest) { transformation: [-4.0674850000000005f,1.8144574752874892e-16f,4.639010794152155e-16f,1.5987741989292006e-16f,0f,3.7880397820677887f,-1.4816169662557277f,1.554738211490688f,-4.981232485829872e-16f,-1.4816169662557277f,-3.7880397820677887f,-1.305498205721298f,0f,0f,0f,1f], start_interpolation: 0, interpolation_duration: 1 }
$data merge entity $(bone_weist) { transformation: [-1.0999999999999999f,2.075287483932251e-17f,1.3310301107079393e-16f,4.217487976956003e-16f,0f,1.0868685662140742f,-0.1694600831339409f,0.8710275963961099f,-1.3471114790620883e-16f,-0.1694600831339409f,-1.0868685662140742f,-3.4438402810446105f,0f,0f,0f,1f], start_interpolation: 0, interpolation_duration: 1 }
$data merge entity $(bone_right_fingers2) { transformation: [-0.9959930606455036f,-0.02598917471971024f,-0.08557094099862693f,1.1807662410744253f,0.021807243918761675f,-0.9985385912104283f,0.04944821509580605f,-0.023343300676914203f,-0.08673100517502229f,0.047384012714014156f,0.995104259904684f,-10.319905050761113f,0f,0f,0f,1f], start_interpolation: 0, interpolation_duration: 1 }
$data merge entity $(bone_left_foot) { transformation: [-0.9959930606455036f,-0.06657011032699003f,0.05971803376748509f,1.1086675696540484f,0.021807243918761675f,0.4668159460947503f,0.8840855821606475f,0.25482881072852287f,-0.08673100517502229f,0.8818453905774616f,-0.46349373227543733f,-9.36635685499907f,0f,0f,0f,1f], start_interpolation: 0, interpolation_duration: 1 }
$data merge entity $(bone_left_knee) { transformation: [-1.5786631110248157f,0.0641194953699298f,0.12641748588302018f,0.9420162519724369f,0.03456479054719277f,1.5450432062880657f,-0.35201800307874825f,0.12903870196627298f,-0.1374698718916503f,-0.3478506713384733f,-1.540250581335873f,-7.299091002237985f,0f,0f,0f,1f], start_interpolation: 0, interpolation_duration: 1 }
$data merge entity $(bone_left_thigh) { transformation: [-1.5972275916810306f,-0.14272974522669085f,-0.014009058192812623f,0.7385400000000005f,0.03497125940113522f,-0.5395330979388817f,1.5097632465904982f,0.4612560881241736f,-0.13908646555227505f,1.50340821787268f,0.5404837639043183f,-5.228737900918066f,0f,0f,0f,1f], start_interpolation: 0, interpolation_duration: 1 }
$data merge entity $(bone_left_fingers2) { transformation: [-0.9959930606455036f,0.02598917471971023f,0.08557094099862668f,-1.177563673248995f,-0.021807243918761675f,-0.9985385912104283f,0.04944821509580605f,-0.06615529438353185f,0.08673100517502204f,0.047384012714014156f,0.995104259904684f,-10.274868788679195f,0f,0f,0f,1f], start_interpolation: 0, interpolation_duration: 1 }
$data merge entity $(bone_right_foot) { transformation: [-0.9959930606455036f,0.06657011032698981f,-0.05971803376748498f,-1.1054650018286183f,-0.021807243918761675f,0.4668159460947503f,0.8840855821606475f,0.21201681702190522f,0.08673100517502204f,0.8818453905774616f,-0.46349373227543733f,-9.321320592917152f,0f,0f,0f,1f], start_interpolation: 0, interpolation_duration: 1 }
$data merge entity $(bone_right_knee) { transformation: [-1.5786631110248157f,-0.06411949536992972f,-0.12641748588301982f,-0.9397417243978062f,-0.03456479054719277f,1.5450432062880657f,-0.35201800307874825f,0.11733374541161168f,0.13746987189164991f,-0.3478506713384733f,-1.540250581335873f,-7.2568906683519465f,0f,0f,0f,1f], start_interpolation: 0, interpolation_duration: 1 }
$data merge entity $(bone_right_thigh) { transformation: [-1.5972275916810306f,0.1427297452266905f,0.01400905819281249f,-0.7385399999999994f,-0.03497125940113522f,-0.5395330979388817f,1.5097632465904982f,0.444962615305309f,0.13908646555227466f,1.50340821787268f,0.5404837639043183f,-5.2138112803852f,0f,0f,0f,1f], start_interpolation: 0, interpolation_duration: 1 }