# This file was generated by Animated Java via MC-Build. It is not recommended to edit this file directly.
$data merge entity $(bone_left_fingers_2) { transformation: [-0.2942466595779447f,-0.03405126444179968f,0.9551227223331754f,-1.5178978380648571f,0.2095843951264007f,0.972740725607146f,0.09924647129638492f,0.13327578788653008f,-0.9324662378052742f,0.22938176068553934f,-0.279089095484005f,1.3501936479151315f,0f,0f,0f,1f], start_interpolation: 0, interpolation_duration: 1 }
$data merge entity $(bone_left_fingers) { transformation: [-0.2942466595779447f,-0.03405126444179968f,0.9551227223331754f,-0.9635907935882562f,0.2095843951264007f,0.972740725607146f,0.09924647129638492f,0.1932186120128921f,-0.9324662378052742f,0.22938176068553934f,-0.279089095484005f,1.2034967380055237f,0f,0f,0f,1f], start_interpolation: 0, interpolation_duration: 1 }
$data merge entity $(bone_left_index_finger_2) { transformation: [-0.26412582636182985f,-0.03388593316740958f,0.9638927800238233f,-1.6502957479810827f,0.21317373619296737f,0.9726155490585698f,0.09260643566744228f,0.23126741813153157f,-0.940635160966361f,0.22993637655419122f,-0.24966929464977772f,0.915365787280072f,0f,0f,0f,1f], start_interpolation: 0, interpolation_duration: 1 }
$data merge entity $(bone_left_index_finger) { transformation: [-0.26412582636182985f,-0.03388593316740958f,0.9638927800238233f,-1.0949792626434558f,0.21317373619296737f,0.9726155490585698f,0.09260643566744228f,0.2902645058390444f,-0.940635160966361f,0.22993637655419122f,-0.24966929464977772f,0.7728059494857153f,0f,0f,0f,1f], start_interpolation: 0, interpolation_duration: 1 }
$data merge entity $(bone_left_thumb) { transformation: [-0.2852395529013829f,0.15632775704449609f,0.9456215045344816f,-0.4209831210124021f,0.21068308021959775f,0.9727046193811746f,-0.0972541163329705f,0.18103627256211927f,-0.9350139235165442f,0.1714857306365793f,-0.3103894441153514f,0.262000963894102f,0f,0f,0f,1f], start_interpolation: 0, interpolation_duration: 1 }
$data merge entity $(bone_left_hand) { transformation: [-0.2852395529013829f,-0.052047788368454584f,0.9570420185062786f,-0.30625281977972874f,0.21068308021959775f,0.9706972794019548f,0.11558300684281411f,0.18718753279853595f,-0.9350139235165442f,0.23460140555332581f,-0.26591566960711854f,0.8766091608123844f,0f,0f,0f,1f], start_interpolation: 0, interpolation_duration: 1 }
$data merge entity $(bone_left_forearm) { transformation: [-0.4184957635504345f,0.5174913690217448f,1.8874274587991549f,1.853095649951368f,-0.055073647788175764f,1.9262189888975703f,-0.5403385359942617f,0.5106768055829243f,-1.956309439368f,-0.16492884268410532f,-0.38854895140926426f,0.3893370577512685f,0f,0f,0f,1f], start_interpolation: 0, interpolation_duration: 1 }
$data merge entity $(bone_left_bicep) { transformation: [-1.1692649557278731f,0.531623340466671f,0.1212093671663391f,1.6952269813236398f,0.09145500488796872f,0.4739391728856409f,-1.1964586353052613f,1.087636087035289f,-0.5375416903820094f,-1.0757573647373484f,-0.4672158460772917f,-1.3377184697407072f,0f,0f,0f,1f], start_interpolation: 0, interpolation_duration: 1 }
$data merge entity $(bone_left_shoulder) { transformation: [-1.1172645276574529f,0.5079805885471244f,0.11581885328159619f,1.3743293750000003f,0.08738774931851029f,0.4528617945304052f,-1.1432488295211696f,1.1832360465630811f,-0.5136357331662119f,-1.0279154763849974f,-0.44643747255443283f,-1.5948596003068003f,0f,0f,0f,1f], start_interpolation: 0, interpolation_duration: 1 }
$data merge entity $(bone_right_fingers_2) { transformation: [-0.1720257686274435f,-0.31249661485131697f,-0.934212502932071f,1.6925595681322867f,-0.17896453755385477f,0.9424826801353406f,-0.2823085049073793f,0.0978071912139849f,0.9686995557066558f,0.11862657101751085f,-0.21805711963234597f,0.9585840844742101f,0f,0f,0f,1f], start_interpolation: 0, interpolation_duration: 1 }
$data merge entity $(bone_right_fingers) { transformation: [-0.1720257686274435f,-0.31249661485131697f,-0.934212502932071f,1.1499760115719886f,-0.17896453755385477f,0.9424826801353406f,-0.2823085049073793f,-0.06190352345803371f,0.9686995557066558f,0.11862657101751085f,-0.21805711963234597f,0.8469179781790943f,0f,0f,0f,1f], start_interpolation: 0, interpolation_duration: 1 }
$data merge entity $(bone_right_index_finger_2) { transformation: [-0.1720257686274435f,-0.2714494102706248f,-0.9469542505273775f,1.7765390665288456f,-0.17896453755385477f,0.9538997694929989f,-0.2409292926552069f,0.15386681231696772f,0.9686995557066558f,0.1280251827764109f,-0.21267515921892327f,0.5225400338860867f,0f,0f,0f,1f], start_interpolation: 0, interpolation_duration: 1 }
$data merge entity $(bone_right_index_finger) { transformation: [-0.1720257686274435f,-0.2714494102706248f,-0.9469542505273775f,1.2292184521431537f,-0.17896453755385477f,0.9538997694929989f,-0.2409292926552069f,0.020531704610656176f,0.9686995557066558f,0.1280251827764109f,-0.21267515921892327f,0.4007112330257357f,0f,0f,0f,1f], start_interpolation: 0, interpolation_duration: 1 }
$data merge entity $(bone_right_thumb) { transformation: [0.1722956053326982f,-0.11789598629080521f,-0.9779646009951266f,0.5014482733316428f,-0.116324502464728f,0.9834297601426768f,-0.13904861377248748f,-0.11120988561496101f,0.978152766447743f,0.13771871071947753f,0.15572643387810645f,-0.02369194724166135f,0f,0f,0f,1f], start_interpolation: 0, interpolation_duration: 1 }
$data merge entity $(bone_right_hand) { transformation: [-0.1720257686274435f,0.06879842074023207f,-0.9826870876488544f,0.45910889387479537f,-0.17896453755385477f,0.9787752455672358f,0.09985345744105123f,-0.08383694662654884f,0.9686995557066558f,0.19304350796762604f,-0.1560620863800074f,0.5995272877799512f,0f,0f,0f,1f], start_interpolation: 0, interpolation_duration: 1 }
$data merge entity $(bone_right_forearm) { transformation: [-0.3442805465593723f,-0.7063677920377963f,-1.840609198026292f,-1.7388857904338202f,-0.3581673216483281f,1.8597801355705643f,-0.6467308476228404f,0.10407465346304356f,1.9386886926968458f,0.21814940278474945f,-0.4463448925445591f,0.22753144007533144f,0f,0f,0f,1f], start_interpolation: 0, interpolation_duration: 1 }
$data merge entity $(bone_right_bicep) { transformation: [-1.1408915583775439f,-0.5976399497357378f,-0.07542258291675677f,-1.679412096844516f,-0.2658956003731046f,0.6445839753541398f,-1.0854983426657043f,1.0196052454612838f,0.5405197547141053f,-0.9443694259703823f,-0.6931813655655242f,-1.3532283092919755f,0f,0f,0f,1f], start_interpolation: 0, interpolation_duration: 1 }
$data merge entity $(bone_right_shoulder) { transformation: [-1.090152973314392f,-0.5710612576557234f,-0.07206833324166355f,-1.3743293749999999f,-0.2540704918092072f,0.61591755335838f,-1.037223246237102f,1.1832360465630811f,0.5164813547877558f,-0.9023707205730183f,-0.6623536839838018f,-1.5948596003068007f,0f,0f,0f,1f], start_interpolation: 0, interpolation_duration: 1 }
$data merge entity $(bone_chest) { transformation: [-4.0674850000000005f,1.9345657109692203e-16f,4.590221409456084e-16f,1.3696751517647005e-16f,0f,3.7482002260994567f,-1.5796927835161456f,1.5889804260253042f,-4.981232485829872e-16f,-1.5796927835161456f,-3.7482002260994567f,-1.118424636979676f,0f,0f,0f,1f], start_interpolation: 0, interpolation_duration: 1 }
$data merge entity $(bone_weist) { transformation: [-1.0999999999999999f,2.4209636478438767e-17f,1.3251787378233294e-16f,3.965712583334467e-16f,0f,1.0820905576579063f,-0.1976866839916167f,0.8498544767612181f,-1.3471114790620883e-16f,-0.1976866839916167f,-1.0820905576579063f,-3.238250070220696f,0f,0f,0f,1f], start_interpolation: 0, interpolation_duration: 1 }
$data merge entity $(bone_right_fingers2) { transformation: [-0.9959883730973234f,-0.025975008599451392f,-0.08562978210415792f,1.1810712112645372f,0.021784579678338703f,-0.9985358742132506f,0.049513028562365724f,-0.02367482468156451f,-0.08679051067475778f,0.04744899195386526f,0.9950959754814493f,-10.13234698445029f,0f,0f,0f,1f], start_interpolation: 0, interpolation_duration: 1 }
$data merge entity $(bone_left_foot) { transformation: [-0.9959883730973234f,-0.06662942534025001f,0.05973006222812081f,1.1089122434413654f,0.021784579678338703f,0.4668735387915738f,0.8840557283703732f,0.2545595608523057f,-0.08679051067475778f,0.8818104209267777f,-0.46354912231796314f,-9.17882151877322f,0f,0f,0f,1f], start_interpolation: 0, interpolation_duration: 1 }
$data merge entity $(bone_left_knee) { transformation: [-1.578655681194543f,0.06411357810895489f,0.1265132319889435f,0.9421425610582869f,0.03452886740504562f,1.5450211263112343f,-0.3521184248256786f,0.12890428699199508f,-0.13756418895172565f,-0.3479498194970927f,-1.5402197653464982f,-7.111557011186347f,0f,0f,0f,1f], start_interpolation: 0, interpolation_duration: 1 }
$data merge entity $(bone_left_thigh) { transformation: [-1.5972200744787661f,-0.14280822954998212f,-0.014066156758525041f,0.7385400000000005f,0.034934913816433454f,-0.5394354040433452f,1.509798996612576f,0.4612560881241736f,-0.13918189174527754f,1.5034358210274568f,0.5403824077195828f,-5.041237900918066f,0f,0f,0f,1f], start_interpolation: 0, interpolation_duration: 1 }
$data merge entity $(bone_left_fingers2) { transformation: [-0.9959883730973234f,0.025975008599451396f,0.08562978210415767f,-1.1778673379666231f,-0.021784579678338703f,-0.9985358742132506f,0.049513028562365724f,-0.0664848676116086f,0.08679051067475753f,0.04744899195386526f,0.9950959754814493f,-10.087309143244841f,0f,0f,0f,1f], start_interpolation: 0, interpolation_duration: 1 }
$data merge entity $(bone_right_foot) { transformation: [-0.9959883730973234f,0.06662942534024979f,-0.0597300622281207f,-1.1057083701434516f,-0.021784579678338703f,0.4668735387915738f,0.8840557283703732f,0.2117495179222616f,0.08679051067475753f,0.8818104209267777f,-0.46354912231796314f,-9.13378367756777f,0f,0f,0f,1f], start_interpolation: 0, interpolation_duration: 1 }
$data merge entity $(bone_right_knee) { transformation: [-1.578655681194543f,-0.06411357810895482f,-0.12651323198894315f,-0.9398663659601704f,-0.03452886740504562f,1.5450211263112343f,-0.3521184248256786f,0.11720110803079786f,0.13756418895172523f,-0.3479498194970927f,-1.5402197653464982f,-7.069357115539531f,0f,0f,0f,1f], start_interpolation: 0, interpolation_duration: 1 }
$data merge entity $(bone_right_thigh) { transformation: [-1.5972200744787661f,0.1428082295499818f,0.014066156758524908f,-0.7385399999999994f,-0.034934913816433454f,-0.5394354040433452f,1.509798996612576f,0.444962615305309f,0.13918189174527715f,1.5034358210274568f,0.5403824077195828f,-5.0263112803852f,0f,0f,0f,1f], start_interpolation: 0, interpolation_duration: 1 }