# This file was generated by Animated Java via MC-Build. It is not recommended to edit this file directly.
$data merge entity $(bone_left_fingers_2) { transformation: [-0.29339142266365825f,-0.03337452399486453f,0.9554096578198857f,-1.5191389788671543f,0.21075656437548265f,0.9725437471442667f,0.09869311254201858f,0.13296215724857724f,-0.9324715243266347f,0.23031456974908193f,-0.2783020935624767f,1.3481950523715192f,0f,0f,0f,1f], start_interpolation: 0, interpolation_duration: 1 }
$data merge entity $(bone_left_fingers) { transformation: [-0.29339142266365825f,-0.03337452399486453f,0.9554096578198857f,-0.9646744121798969f,0.21075656437548265f,0.9725437471442667f,0.09869311254201858f,0.1925688118956041f,-0.9324715243266347f,0.23031456974908193f,-0.2783020935624767f,1.2019571772920508f,0f,0f,0f,1f], start_interpolation: 0, interpolation_duration: 1 }
$data merge entity $(bone_left_index_finger_2) { transformation: [-0.26578046339403105f,-0.033235401418562405f,0.9634605095023882f,-1.6510847572493255f,0.21399435814607184f,0.9724380686505847f,0.09257762861929086f,0.23112502859213516f,-0.9399825317311514f,0.2307804383644065f,-0.2513428521136566f,0.9148814815567472f,0f,0f,0f,1f], start_interpolation: 0, interpolation_duration: 1 }
$data merge entity $(bone_left_index_finger) { transformation: [-0.26578046339403105f,-0.033235401418562405f,0.9634605095023882f,-1.0960136359495345f,0.21399435814607184f,0.9724380686505847f,0.09257762861929086f,0.2901044875544092f,-0.9399825317311514f,0.2307804383644065f,-0.2513428521136566f,0.771362018356921f,0f,0f,0f,1f], start_interpolation: 0, interpolation_duration: 1 }
$data merge entity $(bone_left_thumb) { transformation: [-0.2851326431905292f,0.15847898682211015f,0.9452956080100129f,-0.42244262493726803f,0.21174637863512638f,0.9722838873935391f,-0.09913381587439046f,0.17967642401774606f,-0.9348063151915974f,0.171896634785982f,-0.3107872262934283f,0.26025432413675975f,0f,0f,0f,1f], start_interpolation: 0, interpolation_duration: 1 }
$data merge entity $(bone_left_hand) { transformation: [-0.2851326431905292f,-0.04987701440823272f,0.9571894583732645f,-0.30747192557792147f,0.21174637863512638f,0.9706933618854231f,0.11365680061696537f,0.18528459479163317f,-0.9348063151915974f,0.2350886654547511f,-0.2662150868238162f,0.8748227926184838f,0f,0f,0f,1f], start_interpolation: 0, interpolation_duration: 1 }
$data merge entity $(bone_left_forearm) { transformation: [-0.41933730572009087f,0.521563943216733f,1.8861192195930574f,1.8523854207327415f,-0.05322980235551847f,1.9251832663777448f,-0.5442007096200854f,0.5043736503205708f,-1.9561802691785086f,-0.1641915873180605f,-0.3895103470786984f,0.38690513154469497f,0f,0f,0f,1f], start_interpolation: 0, interpolation_duration: 1 }
$data merge entity $(bone_left_bicep) { transformation: [-1.1692648840130013f,0.5322411546989689f,0.11846774991482857f,1.6951162079874567f,0.09422432540381731f,0.47331681214920723f,-1.1964901150240312f,1.082505033422009f,-0.5370633398653921f,-1.0757258814831645f,-0.467838027944512f,-1.3398130917403326f,0f,0f,0f,1f], start_interpolation: 0, interpolation_duration: 1 }
$data merge entity $(bone_left_shoulder) { transformation: [-1.1172644591319385f,0.5085709268815174f,0.11319916328873258f,1.3743293750000003f,0.09003391053536262f,0.45226711188741836f,-1.1432789092502762f,1.1789178200331496f,-0.5131786562125369f,-1.0278853932777063f,-0.44703198428301205f,-1.5967889065449907f,0f,0f,0f,1f], start_interpolation: 0, interpolation_duration: 1 }
$data merge entity $(bone_right_fingers_2) { transformation: [-0.17267326824459983f,-0.31465446160212546f,-0.9333683689881528f,1.6921658779213948f,-0.17991377127684077f,0.9417358397780518f,-0.284191208489059f,0.09857693445900437f,0.9684084764905112f,0.1188535984789841f,-0.2192232761134712f,0.959284154975869f,0f,0f,0f,1f], start_interpolation: 0, interpolation_duration: 1 }
$data merge entity $(bone_right_fingers) { transformation: [-0.17267326824459983f,-0.31465446160212546f,-0.9333683689881528f,1.150047432469374f,-0.17991377127684077f,0.9417358397780518f,-0.284191208489059f,-0.06223620249979828f,0.9684084764905112f,0.1188535984789841f,-0.2192232761134712f,0.8469432736906716f,0f,0f,0f,1f], start_interpolation: 0, interpolation_duration: 1 }
$data merge entity $(bone_right_index_finger_2) { transformation: [-0.17267326824459983f,-0.27364202383495423f,-0.9462050439652278f,1.7764896408492286f,-0.17991377127684077f,0.9532357623390674f,-0.2428427810390944f,0.1550780064671609f,0.9684084764905112f,0.1283028611893248f,-0.2138303029786931f,0.523363539278395f,0f,0f,0f,1f], start_interpolation: 0, interpolation_duration: 1 }
$data merge entity $(bone_right_index_finger) { transformation: [-0.17267326824459983f,-0.27364202383495423f,-0.9462050439652278f,1.2295881276951108f,-0.17991377127684077f,0.9532357623390674f,-0.2428427810390944f,0.020636272681275616f,0.9684084764905112f,0.1283028611893248f,-0.2138303029786931f,0.40087060999658847f,0f,0f,0f,1f], start_interpolation: 0, interpolation_duration: 1 }
$data merge entity $(bone_right_thumb) { transformation: [0.17150195807379132f,-0.12016306133820705f,-0.9778281633634232f,0.5025570680427516f,-0.11653734931759033f,0.9830908743831516f,-0.14124935015284204f,-0.11242009824963498f,0.9782668984438169f,0.1381780423743239f,0.1545985252669446f,-0.024388345980892567f,0f,0f,0f,1f], start_interpolation: 0, interpolation_duration: 1 }
$data merge entity $(bone_right_hand) { transformation: [-0.17267326824459983f,0.06648179421782963f,-0.9827329817764876f,0.45949364127928516f,-0.17991377127684077f,0.9788057345158465f,0.09782826270479567f,-0.08551091489215534f,0.9684084764905112f,0.193699522757471f,-0.1570525948364267f,0.5988014749155974f,0f,0f,0f,1f], start_interpolation: 0, interpolation_duration: 1 }
$data merge entity $(bone_right_forearm) { transformation: [-0.3455764077775503f,-0.7106085576264486f,-1.8387330411025367f,-1.7385028256425776f,-0.3600670527616938f,1.8581225291450558f,-0.650429978111134f,0.09788468452684607f,1.9381061467653502f,0.21850152571137854f,-0.4486963554105689f,0.224569063278933f,0f,0f,0f,1f], start_interpolation: 0, interpolation_duration: 1 }
$data merge entity $(bone_right_bicep) { transformation: [-1.1408918077239112f,-0.5980201716896512f,-0.07234210967242502f,-1.6793162798084136f,-0.2686770089916478f,0.6438582934245962f,-1.0852441137084223f,1.0144854812902628f,0.5391420697913297f,-0.9446237323674211f,-0.6939073831142556f,-1.3555811518900183f,0f,0f,0f,1f], start_interpolation: 0, interpolation_duration: 1 }
$data merge entity $(bone_right_shoulder) { transformation: [-1.0901532115716406f,-0.5714245700937324f,-0.0691248571138365f,-1.3743293749999999f,-0.2567282035375849f,0.6152241444998752f,-1.0369803235406825f,1.1789178200331496f,0.515164939302142f,-0.9026137172652359f,-0.6630474135355863f,-1.5967889065449912f,0f,0f,0f,1f], start_interpolation: 0, interpolation_duration: 1 }
$data merge entity $(bone_chest) { transformation: [-4.0674850000000005f,1.9108864066840928e-16f,4.600129369771767e-16f,1.3694851021311194e-16f,0f,3.7562906896703256f,-1.5603571642162675f,1.5822017214529742f,-4.981232485829872e-16f,-1.5603571642162675f,-3.7562906896703256f,-1.1182694496769259f,0f,0f,0f,1f], start_interpolation: 0, interpolation_duration: 1 }
$data merge entity $(bone_weist) { transformation: [-1.0999999999999999f,2.3526444435600322e-17f,1.3264086769328329e-16f,3.970152438955146e-16f,0f,1.083094879157264f,-0.1921079976037201f,0.8540091421362717f,-1.3471114790620883e-16f,-0.1921079976037201f,-1.083094879157264f,-3.241875487462443f,0f,0f,0f,1f], start_interpolation: 0, interpolation_duration: 1 }
$data merge entity $(bone_right_fingers2) { transformation: [-0.9959883394399375f,-0.025974906957186867f,-0.08563020441550634f,1.1810734000737717f,0.02178441701623675f,-0.9985358546961896f,0.04951349373063113f,-0.023677204035706f,-0.08679093774662543f,0.047449458318467974f,0.99509591599521f,-10.132346567558008f,0f,0f,0f,1f], start_interpolation: 0, interpolation_duration: 1 }
$data merge entity $(bone_left_foot) { transformation: [-0.9959883394399375f,-0.0666298510401908f,0.05973014858543296f,1.1089139995012391f,0.02178441701623675f,0.46687395212892857f,0.884055514093305f,0.2545576284375793f,-0.08679093774662543f,0.8818101699197382f,-0.46354951984786313f,-9.178821265044768f,0f,0f,0f,1f], start_interpolation: 0, interpolation_duration: 1 }
$data merge entity $(bone_left_knee) { transformation: [-1.5786556278471096f,0.06411353568685262f,0.12651391916467775f,0.9421434675900457f,0.03452860958330964f,1.5450209678158808f,-0.3521191455509768f,0.1289033222954502f,-0.13756486586668604f,-0.347950531088885f,-1.5402195441326123f,-7.11155676716999f,0f,0f,0f,1f], start_interpolation: 0, interpolation_duration: 1 }
$data merge entity $(bone_left_thigh) { transformation: [-1.597220020503987f,-0.14280879286208203f,-0.014066566518835645f,0.7385400000000005f,0.034934652962811445f,-0.5394347028807317f,1.5097992531662794f,0.4612560881241736f,-0.13918257662050168f,1.5034360190977074f,0.5403816802557492f,-5.041237900918066f,0f,0f,0f,1f], start_interpolation: 0, interpolation_duration: 1 }
$data merge entity $(bone_left_fingers2) { transformation: [-0.9959883394399375f,0.025974906957186863f,0.0856302044155061f,-1.1778695174054459f,-0.02178441701623675f,-0.9985358546961896f,0.04951349373063113f,-0.06648723296448766f,0.08679093774662518f,0.047449458318467974f,0.99509591599521f,-10.087308715019784f,0f,0f,0f,1f], start_interpolation: 0, interpolation_duration: 1 }
$data merge entity $(bone_right_foot) { transformation: [-0.9959883394399375f,0.06662985104019059f,-0.05973014858543286f,-1.1057101168329135f,-0.02178441701623675f,0.46687395212892857f,0.884055514093305f,0.21174759950879762f,0.08679093774662518f,0.8818101699197382f,-0.46354951984786313f,-9.133783412506544f,0f,0f,0f,1f], start_interpolation: 0, interpolation_duration: 1 }
$data merge entity $(bone_right_knee) { transformation: [-1.5786556278471096f,-0.06411353568685255f,-0.12651391916467739f,-0.9398672605239629f,-0.03452860958330964f,1.5450209678158808f,-0.3521191455509768f,0.11720015609204149f,0.13756486586668565f,-0.347950531088885f,-1.5402195441326123f,-7.069356874669242f,0f,0f,0f,1f], start_interpolation: 0, interpolation_duration: 1 }
$data merge entity $(bone_right_thigh) { transformation: [-1.597220020503987f,0.14280879286208167f,0.014066566518835512f,-0.7385399999999994f,-0.034934652962811445f,-0.5394347028807317f,1.5097992531662794f,0.444962615305309f,0.13918257662050126f,1.5034360190977074f,0.5403816802557492f,-5.0263112803852f,0f,0f,0f,1f], start_interpolation: 0, interpolation_duration: 1 }