# This file was generated by Animated Java via MC-Build. It is not recommended to edit this file directly.
$data merge entity $(bone_left_fingers_2) { transformation: [-0.29280008116679257f,-0.03233555645423826f,0.9556267703750847f,-1.5202402495328184f,0.2118273580237254f,0.9724007020424358f,0.09780616064474902f,0.1328864316306682f,-0.9324147590323782f,0.23106554580069447f,-0.2778694489907432f,1.346504635760818f,0f,0f,0f,1f], start_interpolation: 0, interpolation_duration: 1 }
$data merge entity $(bone_left_fingers) { transformation: [-0.29280008116679257f,-0.03233555645423826f,0.9556267703750847f,-0.9656526772983769f,0.2118273580237254f,0.9724007020424358f,0.09780616064474902f,0.1919663656580516f,-0.9324147590323782f,0.23106554580069447f,-0.2778694489907432f,1.200519666616442f,0f,0f,0f,1f], start_interpolation: 0, interpolation_duration: 1 }
$data merge entity $(bone_left_index_finger_2) { transformation: [-0.26686150840638845f,-0.03221267897173729f,0.9631963863327826f,-1.651874112160428f,0.2148220067497859f,0.9723070282923862f,0.09203558088708813f,0.2312944028022351f,-0.939487328678286f,0.23147653454873704f,-0.2525513278647441f,0.914227570512947f,0f,0f,0f,1f], start_interpolation: 0, interpolation_duration: 1 }
$data merge entity $(bone_left_index_finger) { transformation: [-0.26686150840638845f,-0.03221267897173729f,0.9631963863327826f,-1.0969492950108215f,0.2148220067497859f,0.9723070282923862f,0.09203558088708813f,0.2899607098125746f,-0.939487328678286f,0.23147653454873704f,-0.2525513278647441f,0.7700156627837282f,0f,0f,0f,1f], start_interpolation: 0, interpolation_duration: 1 }
$data merge entity $(bone_left_thumb) { transformation: [-0.2850401470012368f,0.16049427509156422f,0.9449834402042963f,-0.42378409565067354f,0.21274213113600646f,0.9718855033327407f,-0.10089278493220205f,0.17841048939181095f,-0.93460842080372f,0.17227929670885794f,-0.31117028085644344f,0.2586170884035437f,0f,0f,0f,1f], start_interpolation: 0, interpolation_duration: 1 }
$data merge entity $(bone_left_hand) { transformation: [-0.2850401470012368f,-0.04784193103821588f,0.9573208784060067f,-0.30858297927159994f,0.21274213113600646f,0.9706851317013673f,0.11185330005685812f,0.18350939450099424f,-0.93460842080372f,0.23554516494386793f,-0.26650623826534087f,0.873146843333507f,0f,0f,0f,1f], start_interpolation: 0, interpolation_duration: 1 }
$data merge entity $(bone_left_forearm) { transformation: [-0.42014191176316174f,0.5253736412111306f,1.8848824219168818f,1.8517369808651682f,-0.05150098968793962f,1.9242053391611118f,-0.5478137403860255f,0.4984780153971342f,-1.9560538988974343f,-0.1635077466517208f,-0.39043154937033264f,0.38460036300265776f,0f,0f,0f,1f], start_interpolation: 0, interpolation_duration: 1 }
$data merge entity $(bone_left_bicep) { transformation: [-1.169264836202938f,0.5328072523530115f,0.11589563482056785f,1.6950135185913806f,0.09681726707227624f,0.4727333369477551f,-1.1965137828065362f,1.077706262686335f,-0.5366020714897433f,-1.075702211343542f,-0.46842138389984067f,-1.3417998565131137f,0f,0f,0f,1f], start_interpolation: 0, interpolation_duration: 1 }
$data merge entity $(bone_left_shoulder) { transformation: [-1.1172644134481202f,0.5091118486161109f,0.1107414372260534f,1.3743293750000003f,0.09251153695721215f,0.45170958543273687f,-1.1433015244614069f,1.1748799231327598f,-0.5127379017100453f,-1.027862775814286f,-0.4475893967947731f,-1.5986171978264905f,0f,0f,0f,1f], start_interpolation: 0, interpolation_duration: 1 }
$data merge entity $(bone_right_fingers_2) { transformation: [-0.17328850478285912f,-0.31667205742981275f,-0.93257166059949f,1.6917535580727263f,-0.18080357349374082f,0.9410331390124386f,-0.2859487700485691f,0.09929010385645749f,0.9681328224587857f,0.11906065396916546f,-0.22032566521951114f,0.9599530271321702f,0f,0f,0f,1f], start_interpolation: 0, interpolation_duration: 1 }
$data merge entity $(bone_right_fingers) { transformation: [-0.17328850478285912f,-0.31667205742981275f,-0.93257166059949f,1.1500741460474775f,-0.18080357349374082f,0.9410331390124386f,-0.2859487700485691f,-0.06255226033182927f,0.9681328224587857f,0.11906065396916546f,-0.22032566521951114f,0.8469742182001059f,0f,0f,0f,1f], start_interpolation: 0, interpolation_duration: 1 }
$data merge entity $(bone_right_index_finger_2) { transformation: [-0.17328850478285912f,-0.2756924512902985f,-0.9454971001603694f,1.7764036048106875f,-0.18080357349374082f,0.9526103941473599f,-0.24462932116634095f,0.15620505921596806f,0.9681328224587857f,0.1285578051460029f,-0.21492261122094114f,0.5241495063041124f,0f,0f,0f,1f], start_interpolation: 0, interpolation_duration: 1 }
$data merge entity $(bone_right_index_finger) { transformation: [-0.17328850478285912f,-0.2756924512902985f,-0.9454971001603694f,1.2298982347162686f,-0.18080357349374082f,0.9526103941473599f,-0.24462932116634095f,0.02073008591005139f,0.9681328224587857f,0.1285578051460029f,-0.21492261122094114f,0.40102853057950505f,0f,0f,0f,1f], start_interpolation: 0, interpolation_duration: 1 }
$data merge entity $(bone_right_thumb) { transformation: [0.17074813481315512f,-0.12228403644082225f,-0.9776971355637534f,0.5035668545778407f,-0.11673922624753955f,0.9827692032833018f,-0.14330612733944667f,-0.11355300322948304f,0.9783746866681265f,0.13860486106065512f,0.1535306646159068f,-0.025039676848536252f,0f,0f,0f,1f], start_interpolation: 0, interpolation_duration: 1 }
$data merge entity $(bone_right_hand) { transformation: [-0.17328850478285912f,0.06431289162698162f,-0.9827690196992869f,0.45981971340075356f,-0.18080357349374082f,0.9788291133512027f,0.09593557561192512f,-0.08707959191239811f,0.9681328224587857f,0.19431268313384487f,-0.15799183286268775f,0.5981211867129094f,0f,0f,0f,1f], start_interpolation: 0, interpolation_duration: 1 }
$data merge entity $(bone_right_forearm) { transformation: [-0.3468076998877104f,-0.7145730419143794f,-1.8369639515500538f,-1.7381627791929097f,-0.36184784174469514f,1.856564101089048f,-0.6538827495802916f,0.09209572938391208f,1.9375544717374695f,0.21881928284135888f,-0.4509185766116664f,0.2217683218417188f,0f,0f,0f,1f], start_interpolation: 0, interpolation_duration: 1 }
$data merge entity $(bone_right_bicep) { transformation: [-1.1408919739546979f,-0.5983622313555715f,-0.0694533466727533f,-1.6792277229217367f,-0.2712773259921361f,0.6431805383008767f,-1.0849990926561466f,1.0096983176263163f,0.5378380236459862f,-0.9448688050461223f,-0.6945853619839707f,-1.3578097609154296f,0f,0f,0f,1f], start_interpolation: 0, interpolation_duration: 1 }
$data merge entity $(bone_right_shoulder) { transformation: [-1.090153370409687f,-0.5717514174256421f,-0.06636456534888455f,-1.3743293749999999f,-0.25921287729016623f,0.6145765310103403f,-1.0367461992484115f,1.1748799231327598f,0.5139188876750206f,-0.902847890887963f,-0.6636952408205171f,-1.5986171978264907f,0f,0f,0f,1f], start_interpolation: 0, interpolation_duration: 1 }
$data merge entity $(bone_chest) { transformation: [-4.0674850000000005f,1.888648476444548e-16f,4.609304070064215e-16f,1.3693458246840842e-16f,0f,3.7637824009938146f,-1.5421985161431842f,1.575848182527086f,-4.981232485829872e-16f,-1.5421985161431842f,-3.7637824009938146f,-1.1181557210107242f,0f,0f,0f,1f], start_interpolation: 0, interpolation_duration: 1 }
$data merge entity $(bone_weist) { transformation: [-1.0999999999999999f,2.2885600567764263e-17f,1.3275293841140098e-16f,3.9742895479308447e-16f,0f,1.0840100060182964f,-0.186875110306891f,0.8579197372488894f,-1.3471114790620883e-16f,-0.186875110306891f,-1.0840100060182964f,-3.2452536933080625f,0f,0f,0f,1f], start_interpolation: 0, interpolation_duration: 1 }
$data merge entity $(bone_right_fingers2) { transformation: [-0.9959883170015639f,-0.02597483919590249f,-0.08563048595645883f,1.1810748592801494f,0.021784308574834727f,-0.9985358416846802f,0.049513803842807125f,-0.023678790271763894f,-0.08679122246119515f,0.04744976922825439f,0.9950958763374901f,-10.132346289628643f,0f,0f,0f,1f], start_interpolation: 0, interpolation_duration: 1 }
$data merge entity $(bone_left_foot) { transformation: [-0.9959883170015639f,-0.06663013484010463f,0.059730206157201225f,1.1089151702080426f,0.021784308574834727f,0.46687422768710707f,0.884055371241804f,0.2545563401610993f,-0.08679122246119515f,0.8818100025814842f,-0.463549784867747f,-9.178821095891522f,0f,0f,0f,1f], start_interpolation: 0, interpolation_duration: 1 }
$data merge entity $(bone_left_knee) { transformation: [-1.5786555922819696f,0.06411350740581753f,0.12651437728185547f,0.9421440719446089f,0.034528437702151187f,1.545020862152101f,-0.35211962603446995f,0.1289026791644533f,-0.13756531714331252f,-0.3479510054834307f,-1.5402193966563196f,-7.111556604491932f,0f,0f,0f,1f], start_interpolation: 0, interpolation_duration: 1 }
$data merge entity $(bone_left_thigh) { transformation: [-1.5972199845206143f,-0.1428091684036996f,-0.014066839692075091f,0.7385400000000005f,0.03493447906039562f,-0.5394342354389078f,1.5097994242018806f,0.4612560881241736f,-0.13918303320397046f,1.5034361511442362f,0.540381195279645f,-5.041237900918066f,0f,0f,0f,1f], start_interpolation: 0, interpolation_duration: 1 }
$data merge entity $(bone_left_fingers2) { transformation: [-0.9959883170015639f,0.025974839195902488f,0.08563048595645861f,-1.1778709703648746f,-0.021784308574834727f,-0.9985358416846802f,0.049513803842807125f,-0.06648880986636685f,0.0867912224611949f,0.04744976922825439f,0.9950958763374901f,-10.087308429535243f,0f,0f,0f,1f], start_interpolation: 0, interpolation_duration: 1 }
$data merge entity $(bone_right_foot) { transformation: [-0.9959883170015639f,0.06663013484010444f,-0.05973020615720113f,-1.105711281292768f,-0.021784308574834727f,0.46687422768710707f,0.884055371241804f,0.21174632056649634f,0.0867912224611949f,0.8818100025814842f,-0.463549784867747f,-9.133783235798122f,0f,0f,0f,1f], start_interpolation: 0, interpolation_duration: 1 }
$data merge entity $(bone_right_knee) { transformation: [-1.5786555922819696f,-0.06411350740581746f,-0.12651437728185513f,-0.9398678568998811f,-0.034528437702151187f,1.545020862152101f,-0.35211962603446995f,0.11719952146623636f,0.1375653171433121f,-0.3479510054834307f,-1.5402193966563196f,-7.069356714088569f,0f,0f,0f,1f], start_interpolation: 0, interpolation_duration: 1 }
$data merge entity $(bone_right_thigh) { transformation: [-1.5972199845206143f,0.14280916840369923f,0.014066839692074957f,-0.7385399999999994f,-0.03493447906039562f,-0.5394342354389078f,1.5097994242018806f,0.444962615305309f,0.13918303320397007f,1.5034361511442362f,0.540381195279645f,-5.0263112803852f,0f,0f,0f,1f], start_interpolation: 0, interpolation_duration: 1 }