# This file was generated by Animated Java via MC-Build. It is not recommended to edit this file directly.
$data merge entity $(bone_left_fingers_2) { transformation: [-0.29129822577364356f,-0.028061806880973275f,0.956220622375246f,-1.523578120060645f,0.2153190813973024f,0.9719976317411493f,0.09411852674059022f,0.13310627381268225f,-0.9320853162921029f,0.23330910587495785f,-0.27709894310242045f,1.1538136014637972f,0f,0f,0f,1f], start_interpolation: 0, interpolation_duration: 1 }
$data merge entity $(bone_left_fingers) { transformation: [-0.29129822577364356f,-0.028061806880973275f,0.956220622375246f,-0.9686442274694662f,0.2153190813973024f,0.9719976317411493f,0.09411852674059022f,0.1900106010479466f,-0.9320853162921029f,0.23330910587495785f,-0.27709894310242045f,1.0082811394728037f,0f,0f,0f,1f], start_interpolation: 0, interpolation_duration: 1 }
$data merge entity $(bone_left_index_finger_2) { transformation: [-0.26953982911856256f,-0.02797518943254059f,0.9625828116556777f,-1.654419464723123f,0.21769895842322337f,0.9719307551848824f,0.08920633737122008f,0.2324926337374425f,-0.9380594032470331f,0.23359793642487028f,-0.2558838800664522f,0.7242107825309356f,0f,0f,0f,1f], start_interpolation: 0, interpolation_duration: 1 }
$data merge entity $(bone_left_index_finger) { transformation: [-0.26953982911856256f,-0.02797518943254059f,0.9625828116556777f,-1.0998237528533248f,0.21769895842322337f,0.9719307551848824f,0.08920633737122008f,0.2895262093151291f,-0.9380594032470331f,0.23359793642487028f,-0.2558838800664522f,0.5780905230522704f,0f,0f,0f,1f], start_interpolation: 0, interpolation_duration: 1 }
$data merge entity $(bone_left_thumb) { transformation: [-0.28478594384555456f,0.16718381934609292f,0.9438996433609084f,-0.4280578435430421f,0.21604473979306923f,0.970533845954423f,-0.10671796598821386f,0.17426390494404756f,-0.9339280682128265f,0.17353277617144702f,-0.31251358210242447f,0.06567613658054838f,0f,0f,0f,1f], start_interpolation: 0, interpolation_duration: 1 }
$data merge entity $(bone_left_hand) { transformation: [-0.28478594384555456f,-0.04107637912269718f,0.9577106542511499f,-0.3120559183103686f,0.21604473979306923f,0.9706263139388043f,0.10587364684998346f,0.17766907920297192f,-0.9339280682128265f,0.23705967554128318f,-0.26754639529718927f,0.6800669518383595f,0f,0f,0f,1f], start_interpolation: 0, interpolation_duration: 1 }
$data merge entity $(bone_left_forearm) { transformation: [-0.42292520108078197f,0.5379810789004456f,1.8806990898032012f,1.849701703119222f,-0.045751710704523954f,1.9209064531528397f,-0.559771035829903f,0.47897298747033135f,-1.9555969647678138f,-0.16128605126168072f,-0.3936314957038177f,0.189266415151512f,0f,0f,0f,1f], start_interpolation: 0, interpolation_duration: 1 }
$data merge entity $(bone_left_bicep) { transformation: [-1.1692647166772592f,0.5345984556457447f,0.10733190143636467f,1.694680140834619f,0.10541454651114042f,0.47079391886918615f,-1.19655191398065f,1.0618344824397161f,-0.5349798306745885f,-1.0756640742760217f,-0.4703605038631642f,-1.536064311676768f,0f,0f,0f,1f], start_interpolation: 0, interpolation_duration: 1 }
$data merge entity $(bone_left_shoulder) { transformation: [-1.1172642992380768f,0.5108233921725911f,0.10255855661579f,1.3743293750000003f,0.10072647173683384f,0.4498564186095392f,-1.1433379598373465f,1.161529690592808f,-0.5111878064051174f,-1.0278263348070356f,-0.4494422787607302f,-1.7923306561999037f,0f,0f,0f,1f], start_interpolation: 0, interpolation_duration: 1 }
$data merge entity $(bone_right_fingers_2) { transformation: [-0.17539116984285857f,-0.32334117580479343f,-0.929886241198528f,1.6900811483135323f,-0.18376125645263336f,0.9386800939401571f,-0.29173872191988387f,0.10159865014303628f,0.967196845615257f,0.119708668314669f,-0.22405378051312924f,0.774764065256322f,0f,0f,0f,1f], start_interpolation: 0, interpolation_duration: 1 }
$data merge entity $(bone_right_fingers) { transformation: [-0.17539116984285857f,-0.32334117580479343f,-0.929886241198528f,1.1498819239767548f,-0.18376125645263336f,0.9386800939401571f,-0.29173872191988387f,-0.0636348907119806f,0.967196845615257f,0.119708668314669f,-0.22405378051312924f,0.6596275266239724f,0f,0f,0f,1f], start_interpolation: 0, interpolation_duration: 1 }
$data merge entity $(bone_right_index_finger_2) { transformation: [-0.17539116984285857f,-0.28247235849143076f,-0.9431051395414204f,1.775840601352471f,-0.18376125645263336f,0.9505121428060967f,-0.25051640067091846f,0.15988982084999026f,0.967196845615257f,0.12936782083057272f,-0.2186189121861276f,0.33935953271845304f,0f,0f,0f,1f], start_interpolation: 0, interpolation_duration: 1 }
$data merge entity $(bone_right_index_finger) { transformation: [-0.17539116984285857f,-0.28247235849143076f,-0.9431051395414204f,1.2306745529611742f,-0.18376125645263336f,0.9505121428060967f,-0.25051640067091846f,0.02100985777311927f,0.967196845615257f,0.12936782083057272f,-0.2186189121861276f,0.2141129833255005f,0f,0f,0f,1f], start_interpolation: 0, interpolation_duration: 1 }
$data merge entity $(bone_right_thumb) { transformation: [0.16817387859247776f,-0.12930358782134785f,-0.9772400568620226f,0.5067160874758112f,-0.11742724350878597f,0.9816727377637484f,-0.15009822921458887f,-0.11730951296388628f,0.9787381616352205f,0.1399972075005566f,0.14990794792456874f,-0.2146937693202467f,0f,0f,0f,1f], start_interpolation: 0, interpolation_duration: 1 }
$data merge entity $(bone_right_hand) { transformation: [-0.17539116984285857f,0.057123764146742084f,-0.982840176789116f,0.46066171098026976f,-0.18376125645263336f,0.9788709018251888f,0.08968588621902157f,-0.09229197729504979f,0.967196845615257f,0.19633805828124384f,-0.16118817792334472f,0.40836098995637066f,0f,0f,0f,1f], start_interpolation: 0, interpolation_duration: 1 }
$data merge entity $(bone_right_forearm) { transformation: [-0.3510158291805704f,-0.7276730247962202f,-1.8310124600545887f,-1.7371654303609172f,-0.36776714507791924f,1.8513539160699835f,-0.6652539189513547f,0.07294959880979945f,1.935681272031239f,0.21978948715263377f,-0.4584292384559136f,0.024794319458200986f,0f,0f,0f,1f], start_interpolation: 0, interpolation_duration: 1 }
$data merge entity $(bone_right_bicep) { transformation: [-1.140892389531227f,-0.5993986501032945f,-0.059845110704095754f,-1.6789423429224946f,-0.2798703977023338f,0.6409463647255047f,-1.084138340594137f,0.9938725511020934f,0.5334161035352935f,-0.9457296861739194f,-0.6968200949238739f,-1.5528766723407796f,0f,0f,0f,1f], start_interpolation: 0, interpolation_duration: 1 }
$data merge entity $(bone_right_shoulder) { transformation: [-1.0901537675043853f,-0.572741743781493f,-0.05718363405648901f,-1.3743293749999999f,-0.26742379147038653f,0.6124417172778625f,-1.0359237271976756f,1.161529690592808f,0.5096936225119706f,-0.9036704862645761f,-0.665830589041047f,-1.792330656199904f,0f,0f,0f,1f], start_interpolation: 0, interpolation_duration: 1 }
$data merge entity $(bone_chest) { transformation: [-4.0674850000000005f,1.8144574752874902e-16f,4.639010794152155e-16f,1.5987741989292004e-16f,0f,3.7880397820677887f,-1.4816169662557288f,1.5547382114906885f,-4.981232485829872e-16f,-1.4816169662557288f,-3.7880397820677887f,-1.305498205721298f,0f,0f,0f,1f], start_interpolation: 0, interpolation_duration: 1 }
$data merge entity $(bone_weist) { transformation: [-1.0999999999999999f,2.0752874839322535e-17f,1.3310301107079393e-16f,4.217487976956003e-16f,0f,1.0868685662140742f,-0.16946008313394112f,0.8710275963961098f,-1.3471114790620883e-16f,-0.16946008313394112f,-1.0868685662140742f,-3.44384028104461f,0f,0f,0f,1f], start_interpolation: 0, interpolation_duration: 1 }
$data merge entity $(bone_right_fingers2) { transformation: [-0.9959882609052227f,-0.02597466979348008f,-0.08563118980902741f,1.1810785072968684f,0.021784037471327202f,-0.9985358091554337f,0.049514579123241975f,-0.02368275586177404f,-0.08679193424758903f,0.047450546502897706f,0.9950957771923963f,-10.31984559480112f,0f,0f,0f,1f], start_interpolation: 0, interpolation_duration: 1 }
$data merge entity $(bone_left_foot) { transformation: [-0.9959882609052227f,-0.06663084433972576f,0.0597303500874157f,1.1089180969758243f,0.021784037471327202f,0.4668749165823487f,0.8840550141126248f,0.2545531194699199f,-0.08679193424758903f,0.881809584235055f,-0.4635504474172817f,-9.366320673005106f,0f,0f,0f,1f], start_interpolation: 0, interpolation_duration: 1 }
$data merge entity $(bone_left_knee) { transformation: [-1.5786555033684742f,0.06411343670451221f,0.12651552257487517f,0.9421455828312164f,0.034528007999251126f,1.5450205979919138f,-0.352120827243065f,0.1289010713370795f,-0.13756644533483045f,-0.34795219146985307f,-1.5402190279643002f,-7.299056197795084f,0f,0f,0f,1f], start_interpolation: 0, interpolation_duration: 1 }
$data merge entity $(bone_left_thigh) { transformation: [-1.59721989456153f,-0.14281010725850485f,-0.014067522624120404f,0.7385400000000005f,0.0349340443043521f,-0.539433066834065f,1.5097998517901792f,0.4612560881241736f,-0.13918417466259364f,1.503436481259491f,0.5403799828386346f,-5.228737900918066f,0f,0f,0f,1f], start_interpolation: 0, interpolation_duration: 1 }
$data merge entity $(bone_left_fingers2) { transformation: [-0.9959882609052227f,0.025974669793480076f,0.08563118980902718f,-1.1778746027641933f,-0.021784037471327202f,-0.9985358091554337f,0.049514579123241975f,-0.0664927521209171f,0.08679193424758878f,0.047450546502897706f,0.9950957771923963f,-10.274807715819794f,0f,0f,0f,1f], start_interpolation: 0, interpolation_duration: 1 }
$data merge entity $(bone_right_foot) { transformation: [-0.9959882609052227f,0.06663084433972555f,-0.059730350087415604f,-1.1057141924431495f,-0.021784037471327202f,0.4668749165823487f,0.8840550141126248f,0.21174312321077682f,0.08679193424758878f,0.881809584235055f,-0.4635504474172817f,-9.32128279402378f,0f,0f,0f,1f], start_interpolation: 0, interpolation_duration: 1 }
$data merge entity $(bone_right_knee) { transformation: [-1.5786555033684742f,-0.06411343670451214f,-0.1265155225748748f,-0.9398693478398734f,-0.034528007999251126f,1.5450205979919138f,-0.352120827243065f,0.11719793490184027f,0.13756644533483006f,-0.34795219146985307f,-1.5402190279643002f,-7.256856312635206f,0f,0f,0f,1f], start_interpolation: 0, interpolation_duration: 1 }
$data merge entity $(bone_right_thigh) { transformation: [-1.59721989456153f,0.14281010725850452f,0.01406752262412027f,-0.7385399999999994f,-0.0349340443043521f,-0.539433066834065f,1.5097998517901792f,0.444962615305309f,0.13918417466259322f,1.503436481259491f,0.5403799828386346f,-5.2138112803852f,0f,0f,0f,1f], start_interpolation: 0, interpolation_duration: 1 }