# This file was generated by Animated Java via MC-Build. It is not recommended to edit this file directly.
$data merge entity $(bone_left_fingers_2) { transformation: [-0.29100106006415105f,-0.02698517975701218f,0.9563420847766884f,-1.5242894522350943f,0.21612360592727378f,0.9719087597324642f,0.09318771226023025f,0.13320903408998244f,-0.9319919366617574f,0.2338058229146246f,-0.27699434501210024f,1.1526572396183024f,0f,0f,0f,1f], start_interpolation: 0, interpolation_duration: 1 }
$data merge entity $(bone_left_fingers) { transformation: [-0.29100106006415105f,-0.02698517975701218f,0.9563420847766884f,-0.9692834166184592f,0.21612360592727378f,0.9719087597324642f,0.09318771226023025f,0.18956533629733624f,-0.9319919366617574f,0.2338058229146246f,-0.27699434501210024f,1.0071866490225527f,0f,0f,0f,1f], start_interpolation: 0, interpolation_duration: 1 }
$data merge entity $(bone_left_index_finger_2) { transformation: [-0.27007880996409567f,-0.026905062600469175f,0.9624622351109902f,-1.654973488000888f,0.21838240605399473f,0.9718467161838709f,0.0884482050054975f,0.2328382470315827f,-0.9377454671361767f,0.23407280459098884f,-0.25659961226873024f,0.7236012888032741f,0f,0f,0f,1f], start_interpolation: 0, interpolation_duration: 1 }
$data merge entity $(bone_left_index_finger) { transformation: [-0.27007880996409567f,-0.026905062600469175f,0.9624622351109902f,-1.100441077016511f,0.21838240605399473f,0.9718467161838709f,0.0884482050054975f,0.28943440822966143f,-0.9377454671361767f,0.23407280459098884f,-0.25659961226873024f,0.5770712840153425f,0f,0f,0f,1f], start_interpolation: 0, interpolation_duration: 1 }
$data merge entity $(bone_left_thumb) { transformation: [-0.28473847576239164f,0.1687392547980811f,0.9436371465296914f,-0.4290120448940933f,0.21681209646095015f,0.9702131316482748f,-0.10806939439755747f,0.17331184426087f,-0.9337647001513378f,0.17382043340020606f,-0.31284171985821674f,0.06440965667810816f,0f,0f,0f,1f], start_interpolation: 0, interpolation_duration: 1 }
$data merge entity $(bone_left_hand) { transformation: [-0.28473847576239164f,-0.03950099898877979f,0.9577910374916851f,-0.31281599377679603f,0.21681209646095015f,0.9706057044854689f,0.10448483740942571f,0.17632245194743468f,-0.9337647001513378f,0.23741153615432203f,-0.2678044944584155f,0.6787658478967548f,0f,0f,0f,1f], start_interpolation: 0, interpolation_duration: 1 }
$data merge entity $(bone_left_forearm) { transformation: [-0.4235971662888077f,0.5409040336527742f,1.879709206351064f,1.8492543007746676f,-0.044412439431174545f,1.9201278515184776f,-0.5625433337952752f,0.4744519942239137f,-1.9554823981019518f,-0.16078026480849184f,-0.3944068083999651f,0.18740442979560834f,0f,0f,0f,1f], start_interpolation: 0, interpolation_duration: 1 }
$data merge entity $(bone_left_bicep) { transformation: [-1.169264692772034f,0.5349955534888154f,0.10533498704147974f,1.6946042752365211f,0.10741140995624712f,0.4703424955610104f,-1.1965518582124903f,1.0581567125480689f,-0.5345825387711832f,-1.0756641288653948f,-0.4708118675483014f,-1.5376745525805828f,0f,0f,0f,1f], start_interpolation: 0, interpolation_duration: 1 }
$data merge entity $(bone_left_shoulder) { transformation: [-1.117264276395983f,0.5112028299825577f,0.10065045049557823f,1.3743293750000003f,0.10263452917314411f,0.44942507133729614f,-1.1433379065493505f,1.158437327999159f,-0.5108081831652129f,-1.027826386968669f,-0.44987356906153514f,-1.7938072788730322f,0f,0f,0f,1f], start_interpolation: 0, interpolation_duration: 1 }
$data merge entity $(bone_right_fingers_2) { transformation: [-0.17589343150422063f,-0.32488561217349665f,-0.9292528395201827f,1.6896251820470267f,-0.18444992322721504f,0.9381285458884279f,-0.2930751733100883f,0.10212201592477861f,0.9669745221954633f,0.11985061698596372f,-0.22493577535140863f,0.7753213053078629f,0f,0f,0f,1f], start_interpolation: 0, interpolation_duration: 1 }
$data merge entity $(bone_right_fingers) { transformation: [-0.17589343150422063f,-0.32488561217349665f,-0.9292528395201827f,1.1497751636314337f,-0.18444992322721504f,0.9381285458884279f,-0.2930751733100883f,-0.0638944156418922f,0.9669745221954633f,0.11985061698596372f,-0.22493577535140863f,0.6596742145864185f,0f,0f,0f,1f], start_interpolation: 0, interpolation_duration: 1 }
$data merge entity $(bone_right_index_finger_2) { transformation: [-0.17589343150422063f,-0.28404295349209574f,-0.9425397080893502f,1.775648409698991f,-0.18444992322721504f,0.9500194148967839f,-0.2518756382436517f,0.16073372604069755f,0.9669745221954633f,0.12954810647269077f,-0.2194938758466758f,0.3400118486404581f,0f,0f,0f,1f], start_interpolation: 0, interpolation_duration: 1 }
$data merge entity $(bone_right_index_finger) { transformation: [-0.17589343150422063f,-0.28404295349209574f,-0.9425397080893502f,1.2307991469118784f,-0.18444992322721504f,0.9500194148967839f,-0.2518756382436517f,0.02106755449433803f,0.9669745221954633f,0.12954810647269077f,-0.2194938758466758f,0.2142620813898627f,0f,0f,0f,1f], start_interpolation: 0, interpolation_duration: 1 }
$data merge entity $(bone_right_thumb) { transformation: [0.16755941477822053f,-0.1309311094096437f,-0.9771288999451097f,0.5074035423970442f,-0.11759125552187107f,0.981411537583012f,-0.1516696756894347f,-0.11818236075565158f,0.9788238550137458f,0.14031549624937445f,0.14904838935165152f,-0.21519292167225357f,0f,0f,0f,1f], start_interpolation: 0, interpolation_duration: 1 }
$data merge entity $(bone_right_hand) { transformation: [-0.17589343150422063f,0.0554544986680961f,-0.9828460201532793f,0.4608043687000525f,-0.18444992322721504f,0.9788727756741922f,0.08824009783186543f,-0.09350544075251843f,0.9669745221954633f,0.19680672656536125f,-0.1619487134974609f,0.40783491267585537f,0f,0f,0f,1f], start_interpolation: 0, interpolation_duration: 1 }
$data merge entity $(bone_right_forearm) { transformation: [-0.3520210211391312f,-0.7307057177183529f,-1.8296111955812993f,-1.7369625924420753f,-0.3691453954147263f,1.850134468332846f,-0.6678779067744381f,0.0685131109313567f,1.9352363292235992f,0.21999630771221199f,-0.46020511391413854f,0.022552307528676208f,0f,0f,0f,1f], start_interpolation: 0, interpolation_duration: 1 }
$data merge entity $(bone_right_bicep) { transformation: [-1.1408924726464582f,-0.599617746499786f,-0.05760683511771574f,-1.678877889496353f,-0.28185988970576564f,0.6404304706014131f,-1.083927782839529f,0.99020714602214f,0.5323673468055823f,-0.9459402697416375f,-0.6973361009207928f,-1.55467343512688f,0f,0f,0f,1f], start_interpolation: 0, interpolation_duration: 1 }
$data merge entity $(bone_right_shoulder) { transformation: [-1.0901538469232537f,-0.5729510963587154f,-0.05504490074071342f,-1.3743293749999999f,-0.2693248052933047f,0.6119487663841828f,-1.0357225335254507f,1.158437327999159f,0.5086915068781203f,-0.9038717046019311f,-0.6663236468322618f,-1.7938072788730326f,0f,0f,0f,1f], start_interpolation: 0, interpolation_duration: 1 }
$data merge entity $(bone_chest) { transformation: [-4.0674850000000005f,1.797124522083097e-16f,4.6457529561971385e-16f,1.5987888021540454e-16f,0f,3.7935451751735214f,-1.4674635358817947f,1.5498254605527069f,-4.981232485829872e-16f,-1.4674635358817947f,-3.7935451751735214f,-1.3055101301593115f,0f,0f,0f,1f], start_interpolation: 0, interpolation_duration: 1 }
$data merge entity $(bone_weist) { transformation: [-1.0999999999999999f,2.0255774042375848e-17f,1.3317956670658114e-16f,4.220610503342206e-16f,0f,1.0874936904200125f,-0.1654009470851408f,0.8741033690244289f,-1.3471114790620883e-16f,-0.1654009470851408f,-1.0874936904200125f,-3.446390017334598f,0f,0f,0f,1f], start_interpolation: 0, interpolation_duration: 1 }
$data merge entity $(bone_right_fingers2) { transformation: [-0.9959882496858847f,-0.02597463591313078f,-0.08563133057957328f,1.1810792369003453f,0.021783983250625284f,-0.9985358026495031f,0.04951473417932811f,-0.023683548979752778f,-0.08679207660486261f,0.047450701957856556f,0.9950957573632413f,-10.319845455834908f,0f,0f,0f,1f], start_interpolation: 0, interpolation_duration: 1 }
$data merge entity $(bone_left_foot) { transformation: [-0.9959882496858847f,-0.06663098623962199f,0.05973037887359471f,1.1089186823295134f,0.021783983250625284f,0.4668750543613619f,0.8840549426867157f,0.2545524753316877f,-0.08679207660486261f,0.8818095005656329f,-0.4635505799271584f,-9.366320588427255f,0f,0f,0f,1f], start_interpolation: 0, interpolation_duration: 1 }
$data merge entity $(bone_left_knee) { transformation: [-1.5786554855856645f,0.06411342256447101f,0.1265157516334921f,0.9421458850085723f,0.03452792205867046f,1.54502054515975f,-0.35212106748476024f,0.12890074977162513f,-0.1375666709731258f,-0.3479524286671473f,-1.5402189542256755f,-7.299056116455422f,0f,0f,0f,1f], start_interpolation: 0, interpolation_duration: 1 }
$data merge entity $(bone_left_thigh) { transformation: [-1.597219876569601f,-0.14281029502959652f,-0.014067659210348915f,0.7385400000000005f,0.03493395735314273f,-0.5394328331130478f,1.509799937307718f,0.4612560881241736f,-0.13918440295430992f,1.5034365472823588f,0.5403797403503041f,-5.228737900918066f,0f,0f,0f,1f], start_interpolation: 0, interpolation_duration: 1 }
$data merge entity $(bone_left_fingers2) { transformation: [-0.9959882496858847f,0.025974635913130786f,0.08563133057957306f,-1.1778753292441855f,-0.021783983250625284f,-0.9985358026495031f,0.04951473417932811f,-0.06649354057180162f,0.08679207660486236f,0.047450701957856556f,0.9950957573632413f,-10.274807573076004f,0f,0f,0f,1f], start_interpolation: 0, interpolation_duration: 1 }
$data merge entity $(bone_right_foot) { transformation: [-0.9959882496858847f,0.06663098623962178f,-0.059730378873594614f,-1.1057147746733538f,-0.021783983250625284f,0.4668750543613619f,0.8840549426867157f,0.21174248373963883f,0.08679207660486236f,0.8818095005656329f,-0.4635505799271584f,-9.321282705668349f,0f,0f,0f,1f], start_interpolation: 0, interpolation_duration: 1 }
$data merge entity $(bone_right_knee) { transformation: [-1.5786554855856645f,-0.06411342256447095f,-0.12651575163349174f,-0.9398696460279058f,-0.03452792205867046f,1.54502054515975f,-0.35212106748476024f,0.11719761758898128f,0.13756667097312542f,-0.3479524286671473f,-1.5402189542256755f,-7.256856232344246f,0f,0f,0f,1f], start_interpolation: 0, interpolation_duration: 1 }
$data merge entity $(bone_right_thigh) { transformation: [-1.597219876569601f,0.14281029502959616f,0.014067659210348782f,-0.7385399999999994f,-0.03493395735314273f,-0.5394328331130478f,1.509799937307718f,0.444962615305309f,0.13918440295430953f,1.5034365472823588f,0.5403797403503041f,-5.2138112803852f,0f,0f,0f,1f], start_interpolation: 0, interpolation_duration: 1 }