# This file was generated by Animated Java via MC-Build. It is not recommended to edit this file directly.
$data merge entity $(bone_left_fingers_2) { transformation: [-0.2907068853009639f,-0.025856255297971916f,0.9564627336705693f,-1.5249992000430548f,0.21695258277548593f,0.9718171425547852f,0.0922118119532303f,0.13332721817895904f,-0.9318911329472228f,0.2343136690392137f,-0.27690435322638723f,1.1514764040675882f,0f,0f,0f,1f], start_interpolation: 0, interpolation_duration: 1 }
$data merge entity $(bone_left_fingers) { transformation: [-0.2907068853009639f,-0.025856255297971916f,0.9564627336705693f,-0.9699211466102576f,0.21695258277548593f,0.9718171425547852f,0.0922118119532303f,0.1891091593117945f,-0.9318911329472228f,0.2343136690392137f,-0.27690435322638723f,1.0060592292278674f,0f,0f,0f,1f], start_interpolation: 0, interpolation_duration: 1 }
$data merge entity $(bone_left_index_finger_2) { transformation: [-0.27062087025823084f,-0.02578238677003887f,0.9623406949272789f,-1.6555272112517927f,0.21909173408866572f,0.971759760835315f,0.08764576016734889f,0.2332099776590205f,-0.9374236804320123f,0.23455966352664145f,-0.2573297643327908f,0.7229705161175175f,0f,0f,0f,1f], start_interpolation: 0, interpolation_duration: 1 }
$data merge entity $(bone_left_index_finger) { transformation: [-0.27062087025823084f,-0.02578238677003887f,0.9623406949272789f,-1.1010583525559734f,0.21909173408866572f,0.971759760835315f,0.08764576016734889f,0.28934316936104904f,-0.9374236804320123f,0.23455966352664145f,-0.2573297643327908f,0.5760225248976473f,0f,0f,0f,1f], start_interpolation: 0, interpolation_duration: 1 }
$data merge entity $(bone_left_thumb) { transformation: [-0.28469406989571894f,0.17034559249985146f,0.9433618953943849f,-0.4299817912854321f,0.21760436374329328f,0.9698793795737338f,-0.10946382944856872f,0.17233334900445665f,-0.9335939307033269f,0.17411596191487855f,-0.31318685215118575f,0.06310119561115923f,0f,0f,0f,1f], start_interpolation: 0, interpolation_duration: 1 }
$data merge entity $(bone_left_hand) { transformation: [-0.28469406989571894f,-0.03787316265499335f,0.9578699860193554f,-0.31358211882854903f,0.21760436374329328f,0.9705816746518292f,0.10305121886677066f,0.17493617005069095f,-0.9335939307033269f,0.23777475976343465f,-0.26807748166034584f,0.6774207031291202f,0f,0f,0f,1f], start_interpolation: 0, interpolation_duration: 1 }
$data merge entity $(bone_left_forearm) { transformation: [-0.4243009612331095f,0.5439192716730644f,1.878680109425231f,1.848802506792504f,-0.043028317407466085f,1.9193192192181305f,-0.5654031588094303f,0.4697886684538626f,-1.9553607573919545f,-0.1602622662801277f,-0.39521987274049847f,0.18546546042780476f,0f,0f,0f,1f], start_interpolation: 0, interpolation_duration: 1 }
$data merge entity $(bone_left_bicep) { transformation: [-1.1692646688667792f,0.5353979539185392f,0.10327046330299244f,1.6945265815684785f,0.10947276574338573f,0.4698761520006924f,-1.1965482601435795f,1.0543636317861944f,-0.5341642736195175f,-1.075667725755484f,-0.47127815148558433f,-1.5393523198522399f,0f,0f,0f,1f], start_interpolation: 0, interpolation_duration: 1 }
$data merge entity $(bone_left_shoulder) { transformation: [-1.1172642535538604f,0.5115873345585669f,0.09867774180520042f,1.3743293750000003f,0.1046042107996816f,0.4489794673575545f,-1.1433344684964588f,1.1552484598687474f,-0.5104085194150746f,-1.0278298238951646f,-0.45031911606984204f,-1.7953448732659332f,0f,0f,0f,1f], start_interpolation: 0, interpolation_duration: 1 }
$data merge entity $(bone_right_fingers_2) { transformation: [-0.17641743242572586f,-0.32647810239052316f,-0.9285951422421924f,1.6891276537612772f,-0.1851615264914379f,0.9375572272859002f,-0.29445144705254095f,0.10265703869250303f,0.9667430365116032f,0.11999372576704934f,-0.22585262259461852f,0.7759046001656099f,0f,0f,0f,1f], start_interpolation: 0, interpolation_duration: 1 }
$data merge entity $(bone_right_fingers) { transformation: [-0.17641743242572586f,-0.32647810239052316f,-0.9285951422421924f,1.149640266567213f,-0.1851615264914379f,0.9375572272859002f,-0.29445144705254095f,-0.06416566396488246f,0.9667430365116032f,0.11999372576704934f,-0.22585262259461852f,0.6597267517503955f,0f,0f,0f,1f], start_interpolation: 0, interpolation_duration: 1 }
$data merge entity $(bone_right_index_finger_2) { transformation: [-0.17641743242572586f,-0.2856626163636403f,-0.9419521002410867f,1.7754255980453681f,-0.1851615264914379f,0.9495086722804646f,-0.25327552264589154f,0.16160000295829743f,0.9667430365116032f,0.12973107136098352f,-0.22040360813710932f,0.3406942566553177f,0f,0f,0f,1f], start_interpolation: 0, interpolation_duration: 1 }
$data merge entity $(bone_right_index_finger) { transformation: [-0.17641743242572586f,-0.2856626163636403f,-0.9419521002410867f,1.230905617777709f,-0.1851615264914379f,0.9495086722804646f,-0.25327552264589154f,0.021124093081634543f,0.9667430365116032f,0.12973107136098352f,-0.22040360813710932f,0.2144212491228773f,0f,0f,0f,1f], start_interpolation: 0, interpolation_duration: 1 }
$data merge entity $(bone_right_thumb) { transformation: [0.16691852883730204f,-0.13261003981482217f,-0.9770121708920018f,0.5080957050357109f,-0.11776226450085575f,0.9811393388480357f,-0.15328942176311278f,-0.11908363683222778f,0.9789127917186604f,0.14064201045615865f,0.1481538764407751f,-0.21570775675547588f,0f,0f,0f,1f], start_interpolation: 0, interpolation_duration: 1 }
$data merge entity $(bone_right_hand) { transformation: [-0.17641743242572586f,0.05373153969906236f,-0.9828478067218152f,0.46093060141879016f,-0.1851615264914379f,0.9788716232704096f,0.08674995252629136f,-0.09475932315374769f,0.9667430365116032f,0.19728980408911495f,-0.1627410045403545f,0.4072913576158483f,0f,0f,0f,1f], start_interpolation: 0, interpolation_duration: 1 }
$data merge entity $(bone_right_forearm) { transformation: [-0.35306972055836844f,-0.7338323698455507f,-1.8281571588947871f,-1.7367646606713154f,-0.3705695492650175f,1.8488720144683493f,-0.6705797905542866f,0.06393747071866196f,1.9347730496905622f,0.2202024053210406f,-0.4620507754657175f,0.020221370393948446f,0f,0f,0f,1f], start_interpolation: 0, interpolation_duration: 1 }
$data merge entity $(bone_right_bicep) { transformation: [-1.1408925557616643f,-0.5998353201088826f,-0.05529365667599612f,-1.6788120833534972f,-0.2839110858569134f,0.6398991708527618f,-1.0837062194066283f,0.9864274974877101f,0.5312761005788581f,-0.9461618589876327f,-0.6978675125422453f,-1.5565438054098097f,0f,0f,0f,1f], start_interpolation: 0, interpolation_duration: 1 }
$data merge entity $(bone_right_shoulder) { transformation: [-1.0901539263420976f,-0.573158993871086f,-0.0528345957055587f,-1.3743293749999999f,-0.27128477911080295f,0.6114410949964332f,-1.0355108236277122f,1.1552484598687474f,0.5076487913720354f,-0.9040834391647845f,-0.6668314251175215f,-1.7953448732659334f,0f,0f,0f,1f], start_interpolation: 0, interpolation_duration: 1 }
$data merge entity $(bone_chest) { transformation: [-4.0674850000000005f,1.7791917591391258e-16f,4.652650186947034e-16f,1.5988274785055938e-16f,0f,3.7991771914860597f,-1.4528203236866897f,1.544750242612773f,-4.981232485829872e-16f,-1.4528203236866897f,-3.7991771914860597f,-1.3055417117970338f,0f,0f,0f,1f], start_interpolation: 0, interpolation_duration: 1 }
$data merge entity $(bone_weist) { transformation: [-1.0999999999999999f,1.9741928983290574e-17f,1.3325670568578222e-16f,4.2238215536255163e-16f,0f,1.08812357798641f,-0.16120508375995163f,0.8772908856184085f,-1.3471114790620883e-16f,-0.16120508375995163f,-1.08812357798641f,-3.449012038872192f,0f,0f,0f,1f], start_interpolation: 0, interpolation_duration: 1 }
$data merge entity $(bone_right_fingers2) { transformation: [-0.9959882384665234f,-0.02597460203282655f,-0.08563147135012988f,1.181079966503866f,0.021783929029923217f,-0.9985357961435455f,0.04951488923541403f,-0.02368434209772441f,-0.08679221896213446f,0.04745085741282595f,0.9950957375340411f,-10.319845316868463f,0f,0f,0f,1f], start_interpolation: 0, interpolation_duration: 1 }
$data merge entity $(bone_left_foot) { transformation: [-0.9959882384665234f,-0.0666311281395089f,0.05973040765981909f,1.1089192676832464f,0.021783929029923217f,0.4668751921403635f,0.8840548712607821f,0.25455183119345615f,-0.08679221896213446f,0.8818094168961654f,-0.4635507124370256f,-9.366320503849217f,0f,0f,0f,1f], start_interpolation: 0, interpolation_duration: 1 }
$data merge entity $(bone_left_knee) { transformation: [-1.5786554678028177f,0.06411340842450311f,0.12651598069211334f,0.9421461871859397f,0.03452783611808956f,1.545020492327544f,-0.35212130772644784f,0.1289004282061771f,-0.1375668966114184f,-0.34795266586444534f,-1.540218880486977f,-7.2990560351156635f,0f,0f,0f,1f], start_interpolation: 0, interpolation_duration: 1 }
$data merge entity $(bone_left_thigh) { transformation: [-1.597219858577635f,-0.1428104828007317f,-0.014067795796517226f,0.7385400000000005f,0.03493387040193313f,-0.5394325993920144f,1.5098000228252169f,0.4612560881241736f,-0.13918463124602345f,1.5034366133051658f,0.5403794978619303f,-5.228737900918066f,0f,0f,0f,1f], start_interpolation: 0, interpolation_duration: 1 }
$data merge entity $(bone_left_fingers2) { transformation: [-0.9959882384665234f,0.02597460203282654f,0.08563147135012963f,-1.1778760557242198f,-0.021783929029923217f,-0.9985357961435455f,0.04951488923541403f,-0.06649432902267827f,0.08679221896213421f,0.04745085741282595f,0.9950957375340411f,-10.274807430331975f,0f,0f,0f,1f], start_interpolation: 0, interpolation_duration: 1 }
$data merge entity $(bone_right_foot) { transformation: [-0.9959882384665234f,0.06663112813950868f,-0.059730407659818976f,-1.1057153569036005f,-0.021783929029923217f,0.4668751921403635f,0.8840548712607821f,0.2117418442685023f,0.08679221896213421f,0.8818094168961654f,-0.4635507124370256f,-9.321282617312729f,0f,0f,0f,1f], start_interpolation: 0, interpolation_duration: 1 }
$data merge entity $(bone_right_knee) { transformation: [-1.5786554678028177f,-0.06411340842450303f,-0.12651598069211298f,-0.9398699442159495f,-0.03452783611808956f,1.545020492327544f,-0.35212130772644784f,0.1171973002761284f,0.13756689661141802f,-0.34795266586444534f,-1.540218880486977f,-7.256856152053189f,0f,0f,0f,1f], start_interpolation: 0, interpolation_duration: 1 }
$data merge entity $(bone_right_thigh) { transformation: [-1.597219858577635f,0.14281048280073133f,0.014067795796517093f,-0.7385399999999994f,-0.03493387040193313f,-0.5394325993920144f,1.5098000228252169f,0.444962615305309f,0.13918463124602304f,1.5034366133051658f,0.5403794978619303f,-5.2138112803852f,0f,0f,0f,1f], start_interpolation: 0, interpolation_duration: 1 }