# This file was generated by Animated Java via MC-Build. It is not recommended to edit this file directly.
$data merge entity $(bone_left_fingers_2) { transformation: [-0.29041637904872486f,-0.024685071341433468f,0.9565819222801024f,-1.5257010113090956f,0.2178009956664921f,0.97172286855969f,0.0911997423505801f,0.1334587161376615f,-0.9317838016766079f,0.2348303940528054f,-0.2768278038096824f,1.3377776757203812f,0f,0f,0f,1f], start_interpolation: 0, interpolation_duration: 1 }
$data merge entity $(bone_left_fingers) { transformation: [-0.29041637904872486f,-0.024685071341433468f,0.9565819222801024f,-0.9705514867671436f,0.2178009956664921f,0.97172286855969f,0.0911997423505801f,0.18864516842607537f,-0.9317838016766079f,0.2348303940528054f,-0.2768278038096824f,1.1924061311103054f,0f,0f,0f,1f], start_interpolation: 0, interpolation_duration: 1 }
$data merge entity $(bone_left_index_finger_2) { transformation: [-0.2711667006525762f,-0.024617199478865898f,0.9622175502177321f,-1.6560745903033363f,0.2198222238806438f,0.9716699782499796f,0.08680808289469491f,0.2336034208617293f,-0.9370948779848091f,0.2350562631743767f,-0.25807313459004966f,0.9098246315092113f,0f,0f,0f,1f], start_interpolation: 0, interpolation_duration: 1 }
$data merge entity $(bone_left_index_finger) { transformation: [-0.2711667006525762f,-0.024617199478865898f,0.9622175502177321f,-1.101669962717182f,0.2198222238806438f,0.9716699782499796f,0.08680808289469491f,0.289253321491195f,-0.9370948779848091f,0.2350562631743767f,-0.25807313459004966f,0.7624510922674459f,0f,0f,0f,1f], start_interpolation: 0, interpolation_duration: 1 }
$data merge entity $(bone_left_thumb) { transformation: [-0.28465340776127723f,0.17199285602937558f,0.9430752329081443f,-0.4309596789454749f,0.21841661452400452f,0.9695344436054887f,-0.11089249371561696f,0.1713348704551985f,-0.9334166379220827f,0.17441737338193758f,-0.3135473806504868f,0.2492588345981186f,0f,0f,0f,1f], start_interpolation: 0, interpolation_duration: 1 }
$data merge entity $(bone_left_hand) { transformation: [-0.28465340776127723f,-0.036202900730592236f,0.9579466516610322f,-0.3143478780315727f,0.21841661452400452f,0.9705541345857264f,0.10158176183953616f,0.17351918341094874f,-0.9334166379220827f,0.23814705922442697f,-0.2683642268130996f,0.8635397413558543f,0f,0f,0f,1f], start_interpolation: 0, interpolation_duration: 1 }
$data merge entity $(bone_left_forearm) { transformation: [-0.4250330807615372f,0.5470077690835122f,1.8776175899717522f,1.848350029253589f,-0.04160782746521775f,1.9184851955107487f,-0.5683324525754312f,0.4650124426800809f,-1.9552324931584675f,-0.15973568329918977f,-0.39606671474507865f,0.3709601362327375f,0f,0f,0f,1f], start_interpolation: 0, interpolation_duration: 1 }
$data merge entity $(bone_left_bicep) { transformation: [-1.1692646449614945f,0.5358024805190023f,0.10115095364783097f,1.6944475999325308f,0.11158573576618813f,0.4693977929230732f,-1.1965408305125145f,1.0504792434634123f,-0.5337269312370326f,-1.0756751542076928f,-0.4717564509401733f,-1.353588497891135f,0f,0f,0f,1f], start_interpolation: 0, interpolation_duration: 1 }
$data merge entity $(bone_left_shoulder) { transformation: [-1.1172642307117095f,0.5119738707486555f,0.09665249257307468f,1.3743293750000003f,0.10662321123488333f,0.44852238222360885f,-1.143327369281519f,1.1519833077582349f,-0.5099906268510344f,-1.0278369219836752f,-0.4507761442323576f,-1.609435002718627f,0f,0f,0f,1f], start_interpolation: 0, interpolation_duration: 1 }
$data merge entity $(bone_right_fingers_2) { transformation: [-0.17696038602822883f,-0.3281085344546777f,-0.9279169205240001f,1.6885893034601394f,-0.18589169265705202f,0.9369695523067396f,-0.29585864302265025f,0.10319984136029006f,0.9665036473691324f,0.12013678732224942f,-0.22679914451790195f,0.9640109758805566f,0f,0f,0f,1f], start_interpolation: 0, interpolation_duration: 1 }
$data merge entity $(bone_right_fingers) { transformation: [-0.17696038602822883f,-0.3281085344546777f,-0.9279169205240001f,1.1494758961791953f,-0.18589169265705202f,0.9369695523067396f,-0.29585864302265025f,-0.06444730351130093f,0.9665036473691324f,0.12013678732224942f,-0.22679914451790195f,0.8472851585473041f,0f,0f,0f,1f], start_interpolation: 0, interpolation_duration: 1 }
$data merge entity $(bone_right_index_finger_2) { transformation: [-0.17696038602822883f,-0.2873210802335893f,-0.9413456424874677f,1.775171403959478f,-0.18589169265705202f,0.9489829376637853f,-0.25470701329980727f,0.16248274139133873f,0.9665036473691324f,0.12991528345970435f,-0.22134298892386053f,0.5289032547821182f,0f,0f,0f,1f], start_interpolation: 0, interpolation_duration: 1 }
$data merge entity $(bone_right_index_finger) { transformation: [-0.17696038602822883f,-0.2873210802335893f,-0.9413456424874677f,1.230991345384545f,-0.18589169265705202f,0.9489829376637853f,-0.25470701329980727f,0.021178791090792792f,0.9665036473691324f,0.12991528345970435f,-0.22134298892386053f,0.4020899271051769f,0f,0f,0f,1f], start_interpolation: 0, interpolation_duration: 1 }
$data merge entity $(bone_right_thumb) { transformation: [0.16625464438079687f,-0.13432978610772048f,-0.9768904246567619f,0.5087867060186569f,-0.117939365495934f,0.9808576320645302f,-0.15494712545632822f,-0.12000778458116584f,0.9790044429358996f,0.14097451608364048f,0.14722936706633005f,-0.028735036089863164f,0f,0f,0f,1f], start_interpolation: 0, interpolation_duration: 1 }
$data merge entity $(bone_right_hand) { transformation: [-0.17696038602822883f,0.05196567267081753f,-0.9828451508964214f,0.46103776341825453f,-0.18589169265705202f,0.9788671929692458f,0.08522497949313479f,-0.0960459576488133f,0.9665036473691324f,0.19778419399026442f,-0.16356072948536585f,0.5942336509829186f,0f,0f,0f,1f], start_interpolation: 0, interpolation_duration: 1 }
$data merge entity $(bone_right_forearm) { transformation: [-0.3541563505703577f,-0.7370330921857168f,-1.8266587728966805f,-1.7365738842822576f,-0.3720308536299537f,1.8475741578193237f,-0.6733420731932225f,0.05925159995778306f,1.9342939527188248f,0.2204058179992969f,-0.463955765234151f,0.20531460169488658f,0f,0f,0f,1f], start_interpolation: 0, interpolation_duration: 1 }
$data merge entity $(bone_right_bicep) { transformation: [-1.1408926388768452f,-0.6000492521121819f,-0.05291979882189825f,-1.6787454002939566f,-0.2860109439473776f,0.6393559212344996f,-1.0834746741091021f,0.9825575840512123f,0.5301484226233905f,-0.946393430098237f,-0.698410874033284f,-1.3709774703877189f,0f,0f,0f,1f], start_interpolation: 0, interpolation_duration: 1 }
$data merge entity $(bone_right_shoulder) { transformation: [-1.0901540057609183f,-0.5733634117298837f,-0.050566309838363126f,-1.3743293749999999f,-0.2732912507373555f,0.6109220051826364f,-1.035289575786319f,1.1519833077582349f,0.506571264356372f,-0.9043047116712776f,-0.6673506218288046f,-1.6094350027186275f,0f,0f,0f,1f], start_interpolation: 0, interpolation_duration: 1 }
$data merge entity $(bone_chest) { transformation: [-4.0674850000000005f,1.7607677078714953e-16f,4.6596538666304185e-16f,1.3692707915870826e-16f,0f,3.8048961299491832f,-1.4377759441313283f,1.53954393373233f,-4.981232485829872e-16f,-1.4377759441313283f,-3.8048961299491832f,-1.1180944518373972f,0f,0f,0f,1f], start_interpolation: 0, interpolation_duration: 1 }
$data merge entity $(bone_weist) { transformation: [-1.0999999999999999f,1.921448950764858e-17f,1.333337795278036e-16f,3.997478703493887e-16f,0f,1.0887529336673705f,-0.15689821359943498f,0.8805713233174488f,-1.3471114790620883e-16f,-0.15689821359943498f,-1.0887529336673705f,-3.264189075802989f,0f,0f,0f,1f], start_interpolation: 0, interpolation_duration: 1 }
$data merge entity $(bone_right_fingers2) { transformation: [-0.9959882272471388f,-0.025974568152567375f,-0.08563161212069716f,1.1810806961074314f,0.021783874809221008f,-0.9985357896375611f,0.04951504429149983f,-0.0236851352156891f,-0.08679236131940457f,0.04745101286780534f,0.9950957177047954f,-10.132345177901785f,0f,0f,0f,1f], start_interpolation: 0, interpolation_duration: 1 }
$data merge entity $(bone_left_foot) { transformation: [-0.9959882272471388f,-0.06663127003938644f,0.059730436446088817f,1.108919853037024f,0.021783874809221008f,0.46687532991935365f,0.8840547998348243f,0.25455118705522534f,-0.08679236131940457f,0.8818093332266524f,-0.4635508449468826f,-9.178820419270991f,0f,0f,0f,1f], start_interpolation: 0, interpolation_duration: 1 }
$data merge entity $(bone_left_knee) { transformation: [-1.5786554500199341f,0.06411339428460848f,0.12651620975073888f,0.9421464893633184f,0.03452775017750843f,1.5450204394952958f,-0.35212154796812783f,0.1289001066407358f,-0.13756712224970827f,-0.34795290306174653f,-1.540218806748205f,-7.111555953775808f,0f,0f,0f,1f], start_interpolation: 0, interpolation_duration: 1 }
$data merge entity $(bone_left_thigh) { transformation: [-1.5972198405856315f,-0.14281067057191038f,-0.014067932382625329f,0.7385400000000005f,0.034933783450723295f,-0.5394323656709646f,1.5098001083426758f,0.4612560881241736f,-0.13918485953773418f,1.5034366793279117f,0.5403792553735138f,-5.041237900918066f,0f,0f,0f,1f], start_interpolation: 0, interpolation_duration: 1 }
$data merge entity $(bone_left_fingers2) { transformation: [-0.9959882272471388f,0.02597456815256737f,0.08563161212069692f,-1.1778767822042973f,-0.021783874809221008f,-0.9985357896375611f,0.04951504429149983f,-0.06649511747354736f,0.08679236131940432f,0.04745101286780534f,0.9950957177047954f,-10.087307287587716f,0f,0f,0f,1f], start_interpolation: 0, interpolation_duration: 1 }
$data merge entity $(bone_right_foot) { transformation: [-0.9959882272471388f,0.06663127003938624f,-0.05973043644608871f,-1.10571593913389f,-0.021783874809221008f,0.46687532991935365f,0.8840547998348243f,0.21174120479736708f,0.08679236131940432f,0.8818093332266524f,-0.4635508449468826f,-9.133782528956923f,0f,0f,0f,1f], start_interpolation: 0, interpolation_duration: 1 }
$data merge entity $(bone_right_knee) { transformation: [-1.5786554500199341f,-0.06411339428460841f,-0.1265162097507385f,-0.9398702424040044f,-0.03452775017750843f,1.5450204394952958f,-0.35212154796812783f,0.11719698296328218f,0.13756712224970788f,-0.34795290306174653f,-1.540218806748205f,-7.069356071762036f,0f,0f,0f,1f], start_interpolation: 0, interpolation_duration: 1 }
$data merge entity $(bone_right_thigh) { transformation: [-1.5972198405856315f,0.14281067057191002f,0.014067932382625195f,-0.7385399999999994f,-0.034933783450723295f,-0.5394323656709646f,1.5098001083426758f,0.444962615305309f,0.1391848595377338f,1.5034366793279117f,0.5403792553735138f,-5.0263112803852f,0f,0f,0f,1f], start_interpolation: 0, interpolation_duration: 1 }