# This file was generated by Animated Java via MC-Build. It is not recommended to edit this file directly.
$data merge entity $(bone_left_fingers_2) { transformation: [-0.2901301175010453f,-0.023481934048601046f,0.9566990716480114f,-1.5263890036378607f,0.21866372157565023f,0.9716260791665634f,0.09016062971218679f,0.13360127018958176f,-0.9316709138883302f,0.2353536935268889f,-0.2767633414268139f,1.3365676273314848f,0f,0f,0f,1f], start_interpolation: 0, interpolation_duration: 1 }
$data merge entity $(bone_left_fingers) { transformation: [-0.2901301175010453f,-0.023481934048601046f,0.9566990716480114f,-0.9711689400515426f,0.21866372157565023f,0.9716260791665634f,0.09016062971218679f,0.1881764367865038f,-0.9316709138883302f,0.2353536935268889f,-0.2767633414268139f,1.1912347085560773f,0f,0f,0f,1f], start_interpolation: 0, interpolation_duration: 1 }
$data merge entity $(bone_left_index_finger_2) { transformation: [-0.2717168858668754f,-0.023419806650683543f,0.9620922235374589f,-1.6566100023043866f,0.22056902250334015f,0.9715775100947232f,0.08594444827945313f,0.23401398104098647f,-0.9367599693874246f,0.23556029914776222f,-0.2588283315610725f,0.9091697614549955f,0f,0f,0f,1f], start_interpolation: 0, interpolation_duration: 1 }
$data merge entity $(bone_left_index_finger) { transformation: [-0.2717168858668754f,-0.023419806650683543f,0.9620922235374589f,-1.1022706770564543f,0.22056902250334015f,0.9715775100947232f,0.08594444827945313f,0.28916561527919554f,-0.9367599693874246f,0.23556029914776222f,-0.2588283315610725f,0.7613639012119794f,0f,0f,0f,1f], start_interpolation: 0, interpolation_duration: 1 }
$data merge entity $(bone_left_thumb) { transformation: [-0.2846170681246387f,0.1736708228820883f,0.9427786430608158f,-0.43193852793590853f,0.21924380676839447f,0.9691802898610193f,-0.11234642379094124f,0.1703228916887758f,-0.9332337744240925f,0.1747226688909289f,-0.31392150491769955f,0.24789086775390656f,0f,0f,0f,1f], start_interpolation: 0, interpolation_duration: 1 }
$data merge entity $(bone_left_hand) { transformation: [-0.2846170681246387f,-0.03450051460015546f,0.9580202706751352f,-0.31510718557227935f,0.21924380676839447f,0.9705230637632907f,0.10008564281263782f,0.17208054247501936f,-0.9332337744240925f,0.23852609332280722f,-0.268663404799243f,0.8621314263690181f,0f,0f,0f,1f], start_interpolation: 0, interpolation_duration: 1 }
$data merge entity $(bone_left_forearm) { transformation: [-0.42578967829092595f,0.550150120176729f,1.876527758516014f,1.8479004020840903f,-0.040159685714755665f,1.9176306541582313f,-0.5713127928085122f,0.46015332642919815f,-1.9550981517189612f,-0.15920412322832683f,-0.39694294003407854f,0.36889976412087644f,0f,0f,0f,1f], start_interpolation: 0, interpolation_duration: 1 }
$data merge entity $(bone_left_bicep) { transformation: [-1.1692646210561803f,0.5362060778909077f,0.09898945140927137f,1.6943678667921707f,0.11373714647755613f,0.46891040081113883f,-1.1965293648855393f,1.0465280116523277f,-0.5332726609986692f,-1.0756866186557767f,-0.4722437834290796f,-1.3553733619137485f,0f,0f,0f,1f], start_interpolation: 0, interpolation_duration: 1 }
$data merge entity $(bone_left_shoulder) { transformation: [-1.1172642078695305f,0.5123595190355359f,0.09458711828321453f,1.3743293750000003f,0.10867894279551787f,0.44805666577922487f,-1.1433164135625056f,1.148662470060116f,-0.5095565592594183f,-1.0278478765762258f,-0.45124180370531347f,-1.6110686947063244f,0f,0f,0f,1f], start_interpolation: 0, interpolation_duration: 1 }
$data merge entity $(bone_right_fingers_2) { transformation: [-0.17751929946445516f,-0.32976661166435756f,-0.9272221309638042f,1.6880115803249343f,-0.18663593093757957f,0.9363690657430892f,-0.29728774277201064f,0.10374658662689225f,0.9662576921301647f,0.12027865376209954f,-0.2277698791510083f,0.9646371771474234f,0f,0f,0f,1f], start_interpolation: 0, interpolation_duration: 1 }
$data merge entity $(bone_right_fingers) { transformation: [-0.17751929946445516f,-0.32976661166435756f,-0.9272221309638042f,1.1492813220714058f,-0.18663593093757957f,0.9363690657430892f,-0.29728774277201064f,-0.06473789176676005f,0.9662576921301647f,0.12027865376209954f,-0.2277698791510083f,0.8473493392941889f,0f,0f,0f,1f], start_interpolation: 0, interpolation_duration: 1 }
$data merge entity $(bone_right_index_finger_2) { transformation: [-0.17751929946445516f,-0.289007885616129f,-0.940723838525071f,1.7748856772195714f,-0.18663593093757957f,0.9484453590858377f,-0.25616094571889636f,0.163376015351928f,0.9662576921301647f,0.1300993577241292f,-0.22230661150549935f,0.5296350233123964f,0f,0f,0f,1f], start_interpolation: 0, interpolation_duration: 1 }
$data merge entity $(bone_right_index_finger) { transformation: [-0.17751929946445516f,-0.289007885616129f,-0.940723838525071f,1.2310542207552446f,-0.18663593093757957f,0.9484453590858377f,-0.25616094571889636f,0.021231022437402547f,0.9662576921301647f,0.1300993577241292f,-0.22230661150549935f,0.402267403616986f,0f,0f,0f,1f], start_interpolation: 0, interpolation_duration: 1 }
$data merge entity $(bone_right_thumb) { transformation: [0.16557143319588935f,-0.1360795423182393f,-0.9767642799938571f,0.5094709926931352f,-0.11812159013565982f,0.9805680097635235f,-0.15663227053268966f,-0.1209491190667499f,0.9790982537280323f,0.14131077945741105f,0.14628011879902406f,-0.029271460826205575f,0f,0f,0f,1f], start_interpolation: 0, interpolation_duration: 1 }
$data merge entity $(bone_right_hand) { transformation: [-0.17751929946445516f,0.05016792461980368f,-0.9828377677200806f,0.4611236908816141f,-0.18663593093757957f,0.9788593085208186f,0.08367486722551692f,-0.09735747559054542f,0.9662576921301647f,0.198286745551705f,-0.16440328140825336f,0.5936652040990624f,0f,0f,0f,1f], start_interpolation: 0, interpolation_duration: 1 }
$data merge entity $(bone_right_forearm) { transformation: [-0.35527492149632234f,-0.7402876426400969f,-1.8251248473835187f,-1.7363922684392972f,-0.37352032095821974f,1.8462487732189292f,-0.6761470324163442f,0.05448497374448935f,1.9338017148129774f,0.22060472743921136f,-0.46590906220465494f,0.20284581932333845f,0f,0f,0f,1f], start_interpolation: 0, interpolation_duration: 1 }
$data merge entity $(bone_right_bicep) { transformation: [-1.1408927219920013f,-0.6002575969455173f,-0.050499878474958626f,-1.678678308199084f,-0.2881461885646783f,0.6388042268272508f,-1.0832343039778598f,0.9786218271243984f,0.5289907318965442f,-0.9466338260425421f,-0.6989626803132822f,-1.372963479212517f,0f,0f,0f,1f], start_interpolation: 0, interpolation_duration: 1 }
$data merge entity $(bone_right_shoulder) { transformation: [-1.0901540851797147f,-0.5735624908955305f,-0.04825401000405475f,-1.3743293749999999f,-0.2753315351545828f,0.6103948461428426f,-1.0350598955758328f,1.148662470060116f,0.5054650593198086f,-0.9045344165468484f,-0.667877887766059f,-1.6110686947063249f,0f,0f,0f,1f], start_interpolation: 0, interpolation_duration: 1 }
$data merge entity $(bone_chest) { transformation: [-4.0674850000000005f,1.7419644095512394e-16f,4.666715876689265e-16f,1.3693625631931385e-16f,0f,3.8106626987784677f,-1.4224218858564468f,1.534238727394463f,-4.981232485829872e-16f,-1.4224218858564468f,-3.8106626987784677f,-1.1181693890406135f,0f,0f,0f,1f], start_interpolation: 0, interpolation_duration: 1 }
$data merge entity $(bone_weist) { transformation: [-1.0999999999999999f,1.8676695460917843e-17f,1.33410173588331e-16f,4.000803185938756e-16f,0f,1.0893767385111883f,-0.15250679194949343f,0.883925107811925f,-1.3471114790620883e-16f,-0.15250679194949343f,-1.0893767385111883f,-3.266903721729621f,0f,0f,0f,1f], start_interpolation: 0, interpolation_duration: 1 }
$data merge entity $(bone_right_fingers2) { transformation: [-0.9959882160277309f,-0.025974534272353248f,-0.08563175289127507f,1.1810814257110407f,0.021783820588518653f,-0.9985357831315493f,0.04951519934758536f,-0.023685928333646356f,-0.08679250367667289f,0.04745116832279522f,0.9950956978755043f,-10.132345038934869f,0f,0f,0f,1f], start_interpolation: 0, interpolation_duration: 1 }
$data merge entity $(bone_left_foot) { transformation: [-0.9959882160277309f,-0.0666314119392546f,0.05973046523240387f,1.108920438390845f,0.021783820588518653f,0.4668754676983321f,0.8840547284088419f,0.2545505429169954f,-0.08679250367667289f,0.8818092495570939f,-0.4635509774567299f,-9.178820334692574f,0f,0f,0f,1f], start_interpolation: 0, interpolation_duration: 1 }
$data merge entity $(bone_left_knee) { transformation: [-1.5786554322370139f,0.06411338014478708f,0.12651643880936864f,0.9421467915407084f,0.03452766423692707f,1.5450203866630055f,-0.3521217882097999f,0.1288997850753011f,-0.13756734788799527f,-0.34795314025905155f,-1.5402187330093593f,-7.111555872435854f,0f,0f,0f,1f], start_interpolation: 0, interpolation_duration: 1 }
$data merge entity $(bone_left_thigh) { transformation: [-1.5972198225935905f,-0.14281085834313248f,-0.014068068968673263f,0.7385400000000005f,0.03493369649951323f,-0.5394321319498985f,1.509800193860094f,0.4612560881241736f,-0.13918508782944206f,1.5034367453505968f,0.5403790128850541f,-5.041237900918066f,0f,0f,0f,1f], start_interpolation: 0, interpolation_duration: 1 }
$data merge entity $(bone_left_fingers2) { transformation: [-0.9959882160277309f,0.02597453427235323f,0.08563175289127484f,-1.177877508684417f,-0.021783820588518653f,-0.9985357831315493f,0.04951519934758536f,-0.06649590592440813f,0.08679250367667264f,0.04745116832279522f,0.9950956978755043f,-10.087307144843223f,0f,0f,0f,1f], start_interpolation: 0, interpolation_duration: 1 }
$data merge entity $(bone_right_foot) { transformation: [-0.9959882160277309f,0.0666314119392544f,-0.05973046523240376f,-1.1057165213642217f,-0.021783820588518653f,0.4668754676983321f,0.8840547284088419f,0.21174056532623364f,0.08679250367667264f,0.8818092495570939f,-0.4635509774567299f,-9.133782440600928f,0f,0f,0f,1f], start_interpolation: 0, interpolation_duration: 1 }
$data merge entity $(bone_right_knee) { transformation: [-1.5786554322370139f,-0.06411338014478701f,-0.12651643880936825f,-0.9398705405920704f,-0.03452766423692707f,1.5450203866630055f,-0.3521217882097999f,0.1171966656504424f,0.13756734788799488f,-0.34795314025905155f,-1.5402187330093593f,-7.069355991470788f,0f,0f,0f,1f], start_interpolation: 0, interpolation_duration: 1 }
$data merge entity $(bone_right_thigh) { transformation: [-1.5972198225935905f,0.14281085834313215f,0.014068068968673129f,-0.7385399999999994f,-0.03493369649951323f,-0.5394321319498985f,1.509800193860094f,0.444962615305309f,0.13918508782944167f,1.5034367453505968f,0.5403790128850541f,-5.0263112803852f,0f,0f,0f,1f], start_interpolation: 0, interpolation_duration: 1 }