# This file was generated by Animated Java via MC-Build. It is not recommended to edit this file directly.
$data merge entity $(bone_left_fingers_2) { transformation: [-0.28754074578322886f,-0.012020855323005999f,0.9576929667444195f,-1.5316631970273593f,0.22693977499170656f,0.9705910870453767f,0.08031986226823067f,0.13506439150465555f,-0.9304937710920683f,0.2404338594819317f,-0.2763564748173716f,1.1376906393372033f,0f,0f,0f,1f], start_interpolation: 0, interpolation_duration: 1 }
$data merge entity $(bone_left_fingers) { transformation: [-0.28754074578322886f,-0.012020855323005999f,0.9576929667444195f,-0.9758396386393925f,0.22693977499170656f,0.9705910870453767f,0.08031986226823067f,0.18384832603981607f,-0.9304937710920683f,0.2404338594819317f,-0.2763564748173716f,0.9926054065605221f,0f,0f,0f,1f], start_interpolation: 0, interpolation_duration: 1 }
$data merge entity $(bone_left_index_finger_2) { transformation: [-0.2774972146242371f,-0.012002266271636993f,0.9606514672242659f,-1.6604767354228576f,0.2278322681416969f,0.9705761256065648f,0.07793870666080806f,0.23797503918504997f,-0.9333208202270001f,0.24049517668114315f,-0.2665976678890977f,0.7158560621562743f,0f,0f,0f,1f], start_interpolation: 0, interpolation_duration: 1 }
$data merge entity $(bone_left_index_finger) { transformation: [-0.2774972146242371f,-0.012002266271636993f,0.9606514672242659f,-1.1069017062196327f,0.2278322681416969f,0.9705761256065648f,0.07793870666080806f,0.2885069970194373f,-0.9333208202270001f,0.24049517668114315f,-0.2665976678890977f,0.5636011086154172f,0f,0f,0f,1f], start_interpolation: 0, interpolation_duration: 1 }
$data merge entity $(bone_left_thumb) { transformation: [-0.2845309472569665f,0.18984638194150508f,0.9396810582941286f,-0.4404764025955884f,0.2272101405256361f,0.9656223806591926f,-0.12628923157733543f,0.1608239076818134f,-0.9313526142634562f,0.1775718706152337f,-0.3178844737807001f,0.047173298974617195f,0f,0f,0f,1f], start_interpolation: 0, interpolation_duration: 1 }
$data merge entity $(bone_left_hand) { transformation: [-0.2845309472569665f,-0.018037940826471865f,0.9584971427937561f,-0.3213487971333422f,0.2272101405256361f,0.9700672671503523f,0.08570326274867024f,0.158448601829418f,-0.9313526142634562f,0.2421655010404818f,-0.2719157553552907f,0.660970567852149f,0f,0f,0f,1f], start_interpolation: 0, interpolation_duration: 1 }
$data merge entity $(bone_left_forearm) { transformation: [-0.43364668563213643f,0.5802491087679282f,1.8656312489784748f,1.844152967814299f,-0.026133381655141598f,1.9091383643236715f,-0.5998551371635472f,0.41362494161153984f,-1.953608464292225f,-0.15433765254226262f,-0.4060939430774781f,0.16061832454524283f,0f,0f,0f,1f], start_interpolation: 0, interpolation_duration: 1 }
$data merge entity $(bone_left_bicep) { transformation: [-1.1692643820014008f,0.5396561821613522f,0.07802328850431224f,1.6936367192299304f,0.13442758737712956f,0.46421059466648024f,-1.1962162726958987f,1.008727410292094f,-0.5284369898540014f,-1.075999699054576f,-0.47694299334366547f,-1.5609284319244456f,0f,0f,0f,1f], start_interpolation: 0, interpolation_duration: 1 }
$data merge entity $(bone_left_shoulder) { transformation: [-1.1172639794461745f,0.5156561876812559f,0.07455337829977653f,1.3743293750000003f,0.1284492228893877f,0.44356587293832866f,-1.1430172454435448f,1.116919291080396f,-0.5049359437086933f,-1.0281470334287162f,-0.455732026832128f,-1.8150416426929619f,0f,0f,0f,1f], start_interpolation: 0, interpolation_duration: 1 }
$data merge entity $(bone_right_fingers_2) { transformation: [-0.18321111866828815f,-0.34560730233818976f,-0.9203202043673895f,1.680915555604374f,-0.193836711816961f,0.930487620972916f,-0.31083776535059426f,0.10868064486011877f,0.9637743590427706f,0.1214429075190549f,-0.2374670610106071f,0.7836076311897927f,0f,0f,0f,1f], start_interpolation: 0, interpolation_duration: 1 }
$data merge entity $(bone_right_fingers) { transformation: [-0.18321111866828815f,-0.34560730233818976f,-0.9203202043673895f,1.1459931635010592f,-0.193836711816961f,0.930487620972916f,-0.31083776535059426f,-0.06774608998408382f,0.9637743590427706f,0.1214429075190549f,-0.2374670610106071f,0.66070364759096f,0f,0f,0f,1f], start_interpolation: 0, interpolation_duration: 1 }
$data merge entity $(bone_right_index_finger_2) { transformation: [-0.18321111866828815f,-0.30513455727222544f,-0.9345194422560708f,1.770736865312299f,-0.193836711816961f,0.9431605558315285f,-0.2699546166961224f,0.17166488658584642f,0.9637743590427706f,0.1316854885013714f,-0.23194377976107122f,0.349678179620723f,0f,0f,0f,1f], start_interpolation: 0, interpolation_duration: 1 }
$data merge entity $(bone_right_index_finger) { transformation: [-0.18321111866828815f,-0.30513455727222544f,-0.9345194422560708f,1.2303878554226046f,-0.193836711816961f,0.9431605558315285f,-0.2699546166961224f,0.02153973006676882f,0.9637743590427706f,0.1316854885013714f,-0.23194377976107122f,0.21676562382178555f,0f,0f,0f,1f], start_interpolation: 0, interpolation_duration: 1 }
$data merge entity $(bone_right_thumb) { transformation: [0.15862351405709652f,-0.1528404208012375f,-0.975437535958853f,0.5150476238460314f,-0.11997587596739272f,0.9776409963440444f,-0.17269589298324595f,-0.13003300835468554f,0.9800226374803979f,0.1444226022363691f,0.13673968695752012f,-0.22191124727924477f,0f,0f,0f,1f], start_interpolation: 0, interpolation_duration: 1 }
$data merge entity $(bone_right_hand) { transformation: [-0.18321111866828815f,0.03289178176555979f,-0.9825231888808534f,0.4607428764488104f,-0.193836711816961f,0.9786109312250568f,0.06890554722818204f,-0.11005993769245759f,0.9637743590427706f,0.20307332660670518f,-0.1729167686275208f,0.40066098676354006f,0f,0f,0f,1f], start_interpolation: 0, interpolation_duration: 1 }
$data merge entity $(bone_right_forearm) { transformation: [-0.3666661371383034f,-0.771357421778409f,-1.8099421106681841f,-1.7353035032812907f,-0.3879314687565283f,1.8333063829275138f,-0.7027258740733832f,0.008871090853735497f,1.9288317427010169f,0.22208603380483555f,-0.4853994995509985f,-0.009348794741610877f,0f,0f,0f,1f], start_interpolation: 0, interpolation_duration: 1 }
$data merge entity $(bone_right_bicep) { transformation: [-1.1408935531421882f,-0.6017676581510161f,-0.02707784173721705f,-1.678074990559459f,-0.30853418800192683f,0.6335788875952645f,-1.0806850010704552f,0.941008406104872f,0.5173627148758361f,-0.9491833870797047f,-0.7041891382713279f,-1.580456586454721f,0f,0f,0f,1f], start_interpolation: 0, interpolation_duration: 1 }
$data merge entity $(bone_right_shoulder) { transformation: [-1.0901548793663671f,-0.5750053955265388f,-0.02587361565085337f,-1.3743293749999999f,-0.29481282418967414f,0.6054018921162329f,-1.0326239671793267f,1.116919291080396f,0.49435417219316335f,-0.9069705915933725f,-0.6728719107659039f,-1.8150416426929623f,0f,0f,0f,1f], start_interpolation: 0, interpolation_duration: 1 }
$data merge entity $(bone_chest) { transformation: [-4.0674850000000005f,1.5588389550586378e-16f,4.731035636103215e-16f,1.601220135879118e-16f,0f,3.8631837680849253f,-1.2728886044073784f,1.4830007752638938f,-4.981232485829872e-16f,-1.2728886044073784f,-3.8631837680849253f,-1.3074954648098944f,0f,0f,0f,1f], start_interpolation: 0, interpolation_duration: 1 }
$data merge entity $(bone_weist) { transformation: [-1.0999999999999999f,1.346520498679866e-17f,1.3403649363092115e-16f,4.261689002418077e-16f,0f,1.09449102977481f,-0.1099517427896244f,0.9168899131161554f,-1.3471114790620883e-16f,-0.1099517427896244f,-1.09449102977481f,-3.4799331573685004f,0f,0f,0f,1f], start_interpolation: 0, interpolation_duration: 1 }
$data merge entity $(bone_right_fingers2) { transformation: [-0.9959881038323725f,-0.025974195472690354f,-0.0856331605976437f,1.1810887217495705f,0.021783278381487345f,-0.9985357180699451f,0.04951674990842708f,-0.023693859512802895f,-0.08679392724926085f,0.04745272287325103f,0.995095499580098f,-10.319843649252793f,0f,0f,0f,1f], start_interpolation: 0, interpolation_duration: 1 }
$data merge entity $(bone_left_foot) { transformation: [-0.9959881038323725f,-0.06663283093742296f,0.0597307530980497f,1.10892629193149f,0.021783278381487345f,0.4668768454874751f,0.8840540141476757f,0.2545441015347554f,-0.08679392724926085f,0.8818084128590118f,-0.46355230255465346f,-9.36631948889804f,0f,0f,0f,1f], start_interpolation: 0, interpolation_duration: 1 }
$data merge entity $(bone_left_knee) { transformation: [-1.5786552544057812f,0.06411323875060405f,0.12651872939590403f,0.942149813315238f,0.034526804831101175f,1.545019858337783f,-0.3521241906260898f,0.12889656942132321f,-0.1375696042707145f,-0.34795551223228505f,-1.5402179956168527f,-7.2990550590309695f,0f,0f,0f,1f], start_interpolation: 0, interpolation_duration: 1 }
$data merge entity $(bone_left_thigh) { transformation: [-1.59721964267113f,-0.1428127360577477f,-0.01406943482584215f,0.7385400000000005f,0.03493282698740011f,-0.5394297947383454f,1.5098010490320652f,0.4612560881241736f,-0.13918737074636797f,1.503437405574092f,0.5403765879980984f,-5.228737900918066f,0f,0f,0f,1f], start_interpolation: 0, interpolation_duration: 1 }
$data merge entity $(bone_left_fingers2) { transformation: [-0.9959881038323725f,0.025974195472690354f,0.08563316059764348f,-1.1778847734879658f,-0.021783278381487345f,-0.9985357180699451f,0.04951674990842708f,-0.06650379043255855f,0.0867939272492606f,0.04745272287325103f,0.995095499580098f,-10.274805717385416f,0f,0f,0f,1f], start_interpolation: 0, interpolation_duration: 1 }
$data merge entity $(bone_right_foot) { transformation: [-0.9959881038323725f,0.06663283093742275f,-0.0597307530980496f,-1.1057223436698855f,-0.021783278381487345f,0.4668768454874751f,0.8840540141476757f,0.21173417061499972f,0.0867939272492606f,0.8818084128590118f,-0.46355230255465346f,-9.321281557030662f,0f,0f,0f,1f], start_interpolation: 0, interpolation_duration: 1 }
$data merge entity $(bone_right_knee) { transformation: [-1.5786552544057812f,-0.06411323875060398f,-0.12651872939590367f,-0.9398735224733525f,-0.034526804831101175f,1.545019858337783f,-0.3521241906260898f,0.1171934925224094f,0.13756960427071407f,-0.34795551223228505f,-1.5402179956168527f,-7.256855188553022f,0f,0f,0f,1f], start_interpolation: 0, interpolation_duration: 1 }
$data merge entity $(bone_right_thigh) { transformation: [-1.59721964267113f,0.14281273605774733f,0.014069434825842017f,-0.7385399999999994f,-0.03493282698740011f,-0.5394297947383454f,1.5098010490320652f,0.444962615305309f,0.13918737074636758f,1.503437405574092f,0.5403765879980984f,-5.2138112803852f,0f,0f,0f,1f], start_interpolation: 0, interpolation_duration: 1 }