# This file was generated by Animated Java via MC-Build. It is not recommended to edit this file directly.
$data merge entity $(bone_left_fingers_2) { transformation: [-0.2861388248786652f,-0.00831801569016551f,0.9581520670081731f,-1.533158614162366f,0.2303157559119281f,0.9700487200081698f,0.0772019001659187f,0.1352451797694039f,-0.930096352791351f,0.24276797858343976f,-0.27565283074682323f,1.3203428860094624f,0f,0f,0f,1f], start_interpolation: 0, interpolation_duration: 1 }
$data merge entity $(bone_left_fingers) { transformation: [-0.2861388248786652f,-0.00831801569016551f,0.9581520670081731f,-0.9770683240490166f,0.2303157559119281f,0.9700487200081698f,0.0772019001659187f,0.1821826075475972f,-0.930096352791351f,0.24276797858343976f,-0.27565283074682323f,1.175671215621395f,0f,0f,0f,1f], start_interpolation: 0, interpolation_duration: 1 }
$data merge entity $(bone_left_index_finger_2) { transformation: [-0.28111821457276087f,-0.008313350185036723f,0.9596371385289983f,-1.661189398661859f,0.23073277972544534f,0.9700449280335303f,0.07599488112098027f,0.23892111971661123f,-0.9315229110416942f,0.24278328979796723f,-0.27077913582712376f,0.9016988061735511f,0f,0f,0f,1f], start_interpolation: 0, interpolation_duration: 1 }
$data merge entity $(bone_left_index_finger) { transformation: [-0.28111821457276087f,-0.008313350185036723f,0.9596371385289983f,-1.1081776112001687f,0.23073277972544534f,0.9700449280335303f,0.07599488112098027f,0.28832973572525056f,-0.9315229110416942f,0.24278328979796723f,-0.27077913582712376f,0.7470472164947086f,0f,0f,0f,1f], start_interpolation: 0, interpolation_duration: 1 }
$data merge entity $(bone_left_thumb) { transformation: [-0.2846334592155271f,0.1964128383204603f,0.9382994142798468f,-0.443474508811868f,0.23044152657292444f,0.9641039715583904f,-0.13190994979939186f,0.15709553398483192f,-0.9305269994609199f,0.1786771640927813f,-0.31967792276918067f,0.22929176345484248f,0f,0f,0f,1f], start_interpolation: 0, interpolation_duration: 1 }
$data merge entity $(bone_left_hand) { transformation: [-0.2846334592155271f,-0.011328093185719645f,0.958569490542954f,-0.3233211237485094f,0.23044152657292444f,0.9698013964901013f,0.07988713411175258f,0.15303115671905798f,-0.9305269994609199f,0.24363276805599166f,-0.27342746314814886f,0.842880192809435f,0f,0f,0f,1f], start_interpolation: 0, interpolation_duration: 1 }
$data merge entity $(bone_left_forearm) { transformation: [-0.4371295798010202f,0.5923670785288979f,1.8610044084012314f,1.8429373283905692f,-0.02040168979970699f,1.9055611627027147f,-0.6113418516698236f,0.39489666257834344f,-1.9529003904108868f,-0.15250027155684273f,-0.4101733361138788f,0.3392030925064342f,0f,0f,0f,1f], start_interpolation: 0, interpolation_duration: 1 }
$data merge entity $(bone_left_bicep) { transformation: [-1.169264238567105f,0.5408273152593933f,0.06944479093867442f,1.6933594158724243f,0.1428012128376198f,0.46230505695699114f,-1.1959838926320074f,0.9935332583742267f,-0.5262362373794722f,-1.0762320720422809f,-0.47884817331528556f,-1.3811997667941238f,0f,0f,0f,1f], start_interpolation: 0, interpolation_duration: 1 }
$data merge entity $(bone_left_shoulder) { transformation: [-1.1172638423907963f,0.5167752372698005f,0.06635639011182849f,1.3743293750000003f,0.13645045019810417f,0.4417450797310265f,-1.142795199960142f,1.1041742177024463f,-0.5028330647487955f,-1.0283690721506302f,-0.457552478211148f,-1.6346057615429384f,0f,0f,0f,1f], start_interpolation: 0, interpolation_duration: 1 }
$data merge entity $(bone_right_fingers_2) { transformation: [-0.18568011785144722f,-0.35196279122098584f,-0.9174121687827151f,1.6772391077441902f,-0.19677499377823088f,0.9280544005390605f,-0.31621927750164436f,0.11049808136913944f,0.9627058198942446f,0.1218081410908872f,-0.24157872651732532f,0.9739539893433593f,0f,0f,0f,1f], start_interpolation: 0, interpolation_duration: 1 }
$data merge entity $(bone_right_fingers) { transformation: [-0.18568011785144722f,-0.35196279122098584f,-0.9174121687827151f,1.14392197979696f,-0.19677499377823088f,0.9280544005390605f,-0.31621927750164436f,-0.06908463286537675f,0.9627058198942446f,0.1218081410908872f,-0.24157872651732532f,0.8486677677862261f,0f,0f,0f,1f], start_interpolation: 0, interpolation_duration: 1 }
$data merge entity $(bone_right_index_finger_2) { transformation: [-0.18568011785144722f,-0.3116108438685063f,-0.9318913970083798f,1.7683258248670692f,-0.19677499377823088f,0.9409643895474964f,-0.2754371424246998f,0.17485221123688607f,0.9627058198942446f,0.13222972278222667f,-0.23603560060864892f,0.5404895649032593f,0f,0f,0f,1f], start_interpolation: 0, interpolation_duration: 1 }
$data merge entity $(bone_right_index_finger) { transformation: [-0.18568011785144722f,-0.3116108438685063f,-0.9318913970083798f,1.2294539536718285f,-0.19677499377823088f,0.9409643895474964f,-0.2754371424246998f,0.021554651760829824f,0.9627058198942446f,0.13222972278222667f,-0.23603560060864892f,0.40522195129645f,0f,0f,0f,1f], start_interpolation: 0, interpolation_duration: 1 }
$data merge entity $(bone_right_thumb) { transformation: [0.15561449136620537f,-0.15958839981869055f,-0.974841357719371f,0.5167795756714016f,-0.12078132488576071f,0.9763848470376806f,-0.179121472844673f,-0.13373301641739152f,0.9804060391672818f,0.1456165276282687f,0.13266433298293892f,-0.036484184315303536f,0f,0f,0f,1f], start_interpolation: 0, interpolation_duration: 1 }
$data merge entity $(bone_right_hand) { transformation: [-0.18568011785144722f,0.025907218628658468f,-0.982268654624385f,0.45995781861656826f,-0.19677499377823088f,0.9784223442094078f,0.06300252515053739f,-0.11525562585295046f,0.9627058198942446f,0.2049842246971551f,-0.17657568339682667f,0.5859095734503963f,0f,0f,0f,1f], start_interpolation: 0, interpolation_duration: 1 }
$data merge entity $(bone_right_forearm) { transformation: [-0.37160742235978417f,-0.7838108918755212f,-1.8035728933566775f,-1.735206902908254f,-0.393811944266929f,1.8279715486699466f,-0.7132733992183213f,-0.009474229901058173f,1.9266932419112233f,0.22245735604168576f,-0.49365235595824364f,0.16765790991520046f,0f,0f,0f,1f], start_interpolation: 0, interpolation_duration: 1 }
$data merge entity $(bone_right_bicep) { transformation: [-1.1408940518311015f,-0.6021207447392016f,-0.017521265999691216f,-1.6778527925913826f,-0.31670810787111286f,0.6315097893139888f,-1.0795309092010341f,0.9259101254520705f,0.512398634284111f,-0.9503376338262216f,-0.7062589077869865f,-1.401514287175981f,0f,0f,0f,1f], start_interpolation: 0, interpolation_duration: 1 }
$data merge entity $(bone_right_shoulder) { transformation: [-1.0901553558772128f,-0.5753427793831565f,-0.016742047117045005f,-1.3743293749999999f,-0.3026232273639239f,0.6034248123255644f,-1.0315212009491017f,1.1041742177024463f,0.48961085791661885f,-0.9080735058128827f,-0.6748496319393162f,-1.6346057615429386f,0f,0f,0f,1f], start_interpolation: 0, interpolation_duration: 1 }
$data merge entity $(bone_chest) { transformation: [-4.0674850000000005f,1.4835327525185497e-16f,4.755187446367554e-16f,1.3732107286621155e-16f,0f,3.88290521779692f,-1.2113964234842594f,1.4621517805906867f,-4.981232485829872e-16f,-1.2113964234842594f,-3.88290521779692f,-1.1213116546078414f,0f,0f,0f,1f], start_interpolation: 0, interpolation_duration: 1 }
$data merge entity $(bone_weist) { transformation: [-1.0999999999999999f,1.1335549716407991e-17f,1.342333739531094e-16f,4.04435087326513e-16f,0f,1.0960986796076055f,-0.0925617878093524f,0.9306018035364372f,-1.3471114790620883e-16f,-0.0925617878093524f,-1.0960986796076055f,-3.3024631069798778f,0f,0f,0f,1f], start_interpolation: 0, interpolation_duration: 1 }
$data merge entity $(bone_right_fingers2) { transformation: [-0.9959880365140403f,-0.025973992195055542f,-0.08563400522197888f,1.1810930993748134f,0.021782953057261786f,-0.9985356790316844f,0.049517680244920204f,-0.02369861821993574f,-0.08679478139273027f,0.04745365560401249f,0.995095380600676f,-10.132342815432265f,0f,0f,0f,1f], start_interpolation: 0, interpolation_duration: 1 }
$data merge entity $(bone_left_foot) { transformation: [-0.9959880365140403f,-0.06663368233587573f,0.05973092581961469f,1.1089298040579976f,0.021782953057261786f,0.46687767216040144f,0.8840535855898044f,0.25454023670546144f,-0.08679478139273027f,0.8818079108379819f,-0.4635530976129293f,-9.17881898141226f,0f,0f,0f,1f], start_interpolation: 0, interpolation_duration: 1 }
$data merge entity $(bone_left_knee) { transformation: [-1.578655147705271f,0.06411315391761188f,0.12652010374803224f,0.9421516263805041f,0.03452628918759491f,1.5450195413406265f,-0.35212563207548786f,0.12889464002925788f,-0.13757095810021386f,-0.34795693541638734f,-1.5402175531778142f,-7.111554570983369f,0f,0f,0f,1f], start_interpolation: 0, interpolation_duration: 1 }
$data merge entity $(bone_left_thigh) { transformation: [-1.5972195347158624f,-0.1428138626886057f,-0.01407025433725437f,0.7385400000000005f,0.03493230528012138f,-0.5394283924106343f,1.5098015621333172f,0.4612560881241736f,-0.13918874049638985f,1.5034378017052614f,0.5403751330638651f,-5.041237900918066f,0f,0f,0f,1f], start_interpolation: 0, interpolation_duration: 1 }
$data merge entity $(bone_left_fingers2) { transformation: [-0.9959880365140403f,0.025973992195055532f,0.08563400522197863f,-1.177889132372145f,-0.021782953057261786f,-0.9985356790316844f,0.049517680244920204f,-0.06650852113705175f,0.08679478139273002f,0.04745365560401249f,0.995095380600676f,-10.087304860899499f,0f,0f,0f,1f], start_interpolation: 0, interpolation_duration: 1 }
$data merge entity $(bone_right_foot) { transformation: [-0.9959880365140403f,0.06663368233587551f,-0.05973092581961458f,-1.1057258370553293f,-0.021782953057261786f,0.46687767216040144f,0.8840535855898044f,0.21173033378834544f,0.08679478139273002f,0.8818079108379819f,-0.4635530976129293f,-9.133781026879493f,0f,0f,0f,1f], start_interpolation: 0, interpolation_duration: 1 }
$data merge entity $(bone_right_knee) { transformation: [-1.578655147705271f,-0.0641131539176118f,-0.12652010374803188f,-0.9398753116026631f,-0.03452628918759491f,1.5450195413406265f,-0.35212563207548786f,0.1171915886459064f,0.13757095810021347f,-0.34795693541638734f,-1.5402175531778142f,-7.069354706797753f,0f,0f,0f,1f], start_interpolation: 0, interpolation_duration: 1 }
$data merge entity $(bone_right_thigh) { transformation: [-1.5972195347158624f,0.14281386268860535f,0.014070254337254236f,-0.7385399999999994f,-0.03493230528012138f,-0.5394283924106343f,1.5098015621333172f,0.444962615305309f,0.13918874049638946f,1.5034378017052614f,0.5403751330638651f,-5.0263112803852f,0f,0f,0f,1f], start_interpolation: 0, interpolation_duration: 1 }