# This file was generated by Animated Java via MC-Build. It is not recommended to edit this file directly.
$data merge entity $(bone_left_fingers_2) { transformation: [-0.28493875213125996f,-0.008482285685353063f,0.9585081942077661f,-1.5336838833941453f,0.23154771355220125f,0.9697384380458243f,0.07741458599768551f,0.13457282560076478f,-0.9301588917398084f,0.24399879632079607f,-0.2743520065743543f,1.1305500771617711f,0f,0f,0f,1f], start_interpolation: 0, interpolation_duration: 1 }
$data merge entity $(bone_left_fingers) { transformation: [-0.28493875213125996f,-0.008482285685353063f,0.9585081942077661f,-0.977405800584918f,0.23154771355220125f,0.9697384380458243f,0.07741458599768551f,0.18161409467152814f,-0.9301588917398084f,0.24399879632079607f,-0.2743520065743543f,0.9866360796217173f,0f,0f,0f,1f], start_interpolation: 0, interpolation_duration: 1 }
$data merge entity $(bone_left_index_finger_2) { transformation: [-0.28410219153642213f,-0.008482155680512743f,0.9587564851406294f,-1.6610433927652368f,0.23161562543702907f,0.9697383322301064f,0.07721249288156545f,0.23817157449324675f,-0.9303978433001746f,0.2439992213892976f,-0.2735401856104521f,0.7143843953940382f,0f,0f,0f,1f], start_interpolation: 0, interpolation_duration: 1 }
$data merge entity $(bone_left_index_finger) { transformation: [-0.28410219153642213f,-0.008482155680512743f,0.9587564851406294f,-1.1085401215498443f,0.23161562543702907f,0.9697383322301064f,0.07721249288156545f,0.28828015332966817f,-0.9303978433001746f,0.2439992213892976f,-0.2735401856104521f,0.5581485857313981f,0f,0f,0f,1f], start_interpolation: 0, interpolation_duration: 1 }
$data merge entity $(bone_left_thumb) { transformation: [-0.28468780670811655f,0.1987030945932331f,0.9378005826991125f,-0.444456230923671f,0.23156810563503927f,0.9635644197898423f,-0.13386493703604402f,0.1558125150006198f,-0.9302306515936366f,0.1790549890791579f,-0.3203283404907241f,0.03991287662797949f,0f,0f,0f,1f], start_interpolation: 0, interpolation_duration: 1 }
$data merge entity $(bone_left_hand) { transformation: [-0.28468780670811655f,-0.008984158216575888f,0.9585781854459561f,-0.3239324000366619f,0.23156810563503927f,0.9696977709355882f,0.07786170750215449f,0.15115756828417948f,-0.9302306515936366f,0.24414241324213062f,-0.2739806870784643f,0.6534244522334973f,0f,0f,0f,1f], start_interpolation: 0, interpolation_duration: 1 }
$data merge entity $(bone_left_forearm) { transformation: [-0.43838427630735566f,0.5965797352074452f,1.8593628691508783f,1.8425549784121344f,-0.018397129290023007f,1.9042961531133513f,-0.6153341695552698f,0.38838699088067097f,-1.9526390360921955f,-0.15187894563830048f,-0.4116454954829896f,0.14852855619669803f,0f,0f,0f,1f], start_interpolation: 0, interpolation_duration: 1 }
$data merge entity $(bone_left_bicep) { transformation: [-1.169264119037707f,0.541204473331125f,0.06644367154564784f,1.6932653414535799f,0.14571816825204167f,0.46164113660380396f,-1.195888498124942f,0.9882553924251638f,-0.5254362557754805f,-1.076327460651562f,-0.47951179555368206f,-1.5714702313476843f,0f,0f,0f,1f], start_interpolation: 0, interpolation_duration: 1 }
$data merge entity $(bone_left_shoulder) { transformation: [-1.1172637281771993f,0.5171356220848942f,0.06348873875131529f,1.3743293750000003f,0.13923768058359295f,0.4411106857417325f,-1.1427040479091417f,1.099749190147679f,-0.50206866052669f,-1.028460218566137f,-0.4581865873436358f,-1.8246207190155883f,0f,0f,0f,1f], start_interpolation: 0, interpolation_duration: 1 }
$data merge entity $(bone_right_fingers_2) { transformation: [-0.18656308758595727f,-0.35416848788238736f,-0.9163835968313148f,1.6758471636262193f,-0.19780203110478023f,0.9272000982729864f,-0.31807913206211436f,0.1111039565821827f,0.9623245662671293f,0.1219207117501688f,-0.24303655940025654f,0.7874764260155687f,0f,0f,0f,1f], start_interpolation: 0, interpolation_duration: 1 }
$data merge entity $(bone_right_fingers) { transformation: [-0.18656308758595727f,-0.35416848788238736f,-0.9163835968313148f,1.1430979286412624f,-0.19780203110478023f,0.9272000982729864f,-0.31807913206211436f,-0.06956970286221584f,0.9623245662671293f,0.1219207117501688f,-0.24303655940025654f,0.6613454269245691f,0f,0f,0f,1f], start_interpolation: 0, interpolation_duration: 1 }
$data merge entity $(bone_right_index_finger_2) { transformation: [-0.18656308758595727f,-0.31385930687380986f,-0.9309600151666484f,1.7673847215373057f,-0.19780203110478023f,0.9401920261043981f,-0.27733249095720913f,0.17593702515969195f,0.9623245662671293f,0.13240577607641876f,-0.23748713569451174f,0.35417837613195335f,0f,0f,0f,1f], start_interpolation: 0, interpolation_duration: 1 }
$data merge entity $(bone_right_index_finger) { transformation: [-0.18656308758595727f,-0.31385930687380986f,-0.9309600151666484f,1.2290366201182366f,-0.19780203110478023f,0.9401920261043981f,-0.27733249095720913f,0.021542667223810263f,0.9623245662671293f,0.13240577607641876f,-0.23748713569451174f,0.21807522946110502f,0f,0f,0f,1f], start_interpolation: 0, interpolation_duration: 1 }
$data merge entity $(bone_right_thumb) { transformation: [0.1545391050429675f,-0.16193354703613191f,-0.9746256672983815f,0.5173099302557649f,-0.12106991005210609f,0.9759378664228975f,-0.18134871866626953f,-0.13502655738264016f,0.9805405355682619f,0.14602331055766338f,0.13121528448045475f,-0.22470523084302574f,0f,0f,0f,1f], start_interpolation: 0, interpolation_duration: 1 }
$data merge entity $(bone_right_hand) { transformation: [-0.18656308758595727f,0.023475803183464705f,-0.9821624616199123f,0.4595968084230835f,-0.19780203110478023f,0.9783448073581045f,0.060957316265212946f,-0.11707459576635382f,0.9623245662671293f,0.2056461149166815f,-0.17787946643291125f,0.39762188441472346f,0f,0f,0f,1f], start_interpolation: 0, interpolation_duration: 1 }
$data merge entity $(bone_right_forearm) { transformation: [-0.37337453728226333f,-0.7881312289841104f,-1.8013237890606488f,-1.7352212875139372f,-0.39586738616346867f,1.8261010747116309f,-0.7169174636844134f,-0.01584850803610749f,1.9259302271131014f,0.2225551685842979f,-0.49657701261240084f,-0.023565861509657227f,0f,0f,0f,1f], start_interpolation: 0, interpolation_duration: 1 }
$data merge entity $(bone_right_bicep) { transformation: [-1.1408944674045092f,-0.6022078529589333f,-0.01418236903638644f,-1.6777785324520904f,-0.3195440274147747f,0.6307961292718671f,-1.0791123580750461f,0.9206686375366295f,0.5106339709620171f,-0.9507563140160222f,-0.7069731271903765f,-1.5920590034368995f,0f,0f,0f,1f], start_interpolation: 0, interpolation_duration: 1 }
$data merge entity $(bone_right_shoulder) { transformation: [-1.0901557529689283f,-0.5754260136608083f,-0.013551640083695235f,-1.3743293749999999f,-0.3053330257666747f,0.6027428907080875f,-1.0311212639427059f,1.099749190147679f,0.4879246740252985f,-0.9084735661432686f,-0.6755320880417277f,-1.8246207190155888f,0f,0f,0f,1f], start_interpolation: 0, interpolation_duration: 1 }
$data merge entity $(bone_chest) { transformation: [-4.0674850000000005f,1.4571402939888231e-16f,4.763341184664502e-16f,1.6034905007025115e-16f,0f,3.8895632503844584f,-1.189845345615847f,1.4548748026452325f,-4.981232485829872e-16f,-1.189845345615847f,-3.8895632503844584f,-1.3093493583773899f,0f,0f,0f,1f], start_interpolation: 0, interpolation_duration: 1 }
$data merge entity $(bone_weist) { transformation: [-1.0999999999999999f,1.0590991144347531e-17f,1.3429417067314884e-16f,4.278199444181016e-16f,0f,1.0965951225010317f,-0.08648200568295604f,0.9354284620284913f,-1.3471114790620883e-16f,-0.08648200568295604f,-1.0965951225010317f,-3.493414956181378f,0f,0f,0f,1f], start_interpolation: 0, interpolation_duration: 1 }
$data merge entity $(bone_right_fingers2) { transformation: [-0.9959879804147903f,-0.025973822798265687f,-0.08563470907588595f,1.1810967473970666f,0.021782681953736584f,-0.9985356464990567f,0.04951845552532441f,-0.02370258380900686f,-0.08679549317890693f,0.04745443287992673f,0.9950952814499099f,-10.319842120575363f,0f,0f,0f,1f], start_interpolation: 0, interpolation_duration: 1 }
$data merge entity $(bone_left_foot) { transformation: [-0.9959879804147903f,-0.06663439183432952f,0.059731069755499674f,1.1089327308313022f,0.021782681953736584f,0.4668783610541864f,0.8840532284575738f,0.25453701601441137f,-0.08679549317890693f,0.8818074924858748f,-0.46355376016121863f,-9.366318558502254f,0f,0f,0f,1f], start_interpolation: 0, interpolation_duration: 1 }
$data merge entity $(bone_left_knee) { transformation: [-1.578655058787165f,0.06411308322546701f,0.12652124904159098f,0.9421531372685402f,0.034525859484666827f,1.54501927717517f,-0.35212683328310446f,0.12889303220272086f,-0.1375720862913875f,-0.3479581214032323f,-1.5402171844765906f,-7.2990541642743585f,0f,0f,0f,1f], start_interpolation: 0, interpolation_duration: 1 }
$data merge entity $(bone_left_thigh) { transformation: [-1.597219444752113f,-0.14281480154885073f,-0.014070937261776018f,0.7385400000000005f,0.034931870524049516f,-0.539427223803762f,1.5098019897165877f,0.4612560881241736f,-0.1391898819546647f,1.503438131812892f,0.5403739206174907f,-5.228737900918066f,0f,0f,0f,1f], start_interpolation: 0, interpolation_duration: 1 }
$data merge entity $(bone_left_fingers2) { transformation: [-0.9959879804147903f,0.025973822798265676f,0.08563470907588569f,-1.1778927647768018f,-0.021782681953736584f,-0.9985356464990567f,0.04951845552532441f,-0.06651246339056938f,0.08679549317890668f,0.04745443287992673f,0.9950952814499099f,-10.2748041471548f,0f,0f,0f,1f], start_interpolation: 0, interpolation_duration: 1 }
$data merge entity $(bone_right_foot) { transformation: [-0.9959879804147903f,0.06663439183432929f,-0.059731069755499556f,-1.1057287482110376f,-0.021782681953736584f,0.4668783610541864f,0.8840532284575738f,0.21172713643284885f,0.08679549317890668f,0.8818074924858748f,-0.46355376016121863f,-9.321280585081691f,0f,0f,0f,1f], start_interpolation: 0, interpolation_duration: 1 }
$data merge entity $(bone_right_knee) { transformation: [-1.578655058787165f,-0.06411308322546692f,-0.1265212490415906f,-0.9398768025440654f,-0.034525859484666827f,1.54501927717517f,-0.35212683328310446f,0.11719000208233532f,0.13757208629138712f,-0.3479581214032323f,-1.5402171844765906f,-7.256854305332389f,0f,0f,0f,1f], start_interpolation: 0, interpolation_duration: 1 }
$data merge entity $(bone_right_thigh) { transformation: [-1.597219444752113f,0.14281480154885037f,0.014070937261775884f,-0.7385399999999994f,-0.034931870524049516f,-0.539427223803762f,1.5098019897165877f,0.444962615305309f,0.13918988195466428f,1.503438131812892f,0.5403739206174907f,-5.2138112803852f,0f,0f,0f,1f], start_interpolation: 0, interpolation_duration: 1 }