# This file was generated by Animated Java via MC-Build. It is not recommended to edit this file directly.
$data merge entity $(bone_left_fingers_2) { transformation: [-0.23791647201756097f,0.8723521547713604f,-0.4270801685965768f,4.668772449796112f,-0.673737023169418f,0.16850150731384345f,0.7195037634674142f,0.560587282127853f,0.6996243105792763f,0.45892151845247575f,0.5476466597613334f,-2.7395150233722347f,0f,0f,0f,1f], start_interpolation: 0, interpolation_duration: 1 }
$data merge entity $(bone_left_fingers) { transformation: [-0.23791647201756097f,0.8723521547713604f,-0.4270801685965768f,4.430954169740714f,-0.673737023169418f,0.16850150731384345f,0.7195037634674142f,0.9854916001338976f,0.6996243105792763f,0.45892151845247575f,0.5476466597613334f,-2.430859533693263f,0f,0f,0f,1f], start_interpolation: 0, interpolation_duration: 1 }
$data merge entity $(bone_left_index_finger_2) { transformation: [-0.27850383945077334f,0.8699672963765369f,-0.4069306017571982f,4.536763293386844f,-0.6171536992474305f,0.16254010047567674f,0.7698714355284054f,0.2498945306075825f,0.7359055122204137f,0.46555087688957736f,0.4916354931358756f,-2.381902155171964f,0f,0f,0f,1f], start_interpolation: 0, interpolation_duration: 1 }
$data merge entity $(bone_left_index_finger) { transformation: [-0.27850383945077334f,0.8699672963765369f,-0.4069306017571982f,4.307272503067235f,-0.6171536992474305f,0.16254010047567674f,0.7698714355284054f,0.6945284727339436f,0.7359055122204137f,0.46555087688957736f,0.4916354931358756f,-2.0958689450978385f,0f,0f,0f,1f], start_interpolation: 0, interpolation_duration: 1 }
$data merge entity $(bone_left_thumb) { transformation: [-0.2605878671439989f,0.7595588794724785f,-0.5959566025406995f,3.630733452052905f,-0.6464660302444631f,0.3211915275214931f,0.6920387809858445f,1.0263364016367817f,0.7170604125436755f,0.5656026089604977f,0.40733039844795726f,-1.6967176580481385f,0f,0f,0f,1f], start_interpolation: 0, interpolation_duration: 1 }
$data merge entity $(bone_left_hand) { transformation: [-0.26850836726942573f,0.8161075167374039f,-0.5117340889866671f,3.9382296445926164f,-0.6316702901491533f,0.2519021316818171f,0.7331698033859821f,1.4067106666809583f,0.7272522954581795f,0.5201094473078368f,0.44787304180084875f,-2.086211721941622f,0f,0f,0f,1f], start_interpolation: 0, interpolation_duration: 1 }
$data merge entity $(bone_left_forearm) { transformation: [-1.6117947322840391f,-0.07461338802780713f,-1.1840054968872085f,2.6313091569405636f,-1.1863152296356405f,0.11754670988250851f,1.607531455456168f,3.036511502232857f,0.009609904612079992f,1.996480414798378f,-0.13889577535165548f,-1.2528418149090066f,0f,0f,0f,1f], start_interpolation: 0, interpolation_duration: 1 }
$data merge entity $(bone_left_bicep) { transformation: [0.3383061492812352f,-1.1947746676488393f,0.3500829421925874f,1.4191088751773127f,-1.2391761137267494f,-0.3582074538558553f,-0.025012050741297358f,1.726584274593912f,0.12036250262719884f,-0.329691578688054f,-1.2414958535631957f,-1.646778940872208f,0f,0f,0f,1f], start_interpolation: 0, interpolation_duration: 1 }
$data merge entity $(bone_left_shoulder) { transformation: [0.32326074447772885f,-1.1416397525373552f,0.33451379102202616f,1.4096449325655003f,-1.1840665442038023f,-0.342276983309148f,-0.023899696061466143f,1.3057632443798752f,0.11500965113739664f,-0.3150292875289734f,-1.1862831188304164f,-1.614278458497288f,0f,0f,0f,1f], start_interpolation: 0, interpolation_duration: 1 }
$data merge entity $(bone_right_fingers_2) { transformation: [-0.182030555055154f,-0.34226621271264923f,-0.9218018857984899f,1.683910251877634f,-0.16790743795403584f,0.9345149293512308f,-0.3138294745548531f,0.20712694825386432f,0.9688508498762975f,0.09765083949973595f,-0.22757931417194477f,1.0269504346087912f,0f,0f,0f,1f], start_interpolation: 0, interpolation_duration: 1 }
$data merge entity $(bone_right_fingers) { transformation: [-0.182030555055154f,-0.34226621271264923f,-0.9218018857984899f,1.1481694876624728f,-0.16790743795403584f,0.9345149293512308f,-0.3138294745548531f,0.02935583771021502f,0.9688508498762975f,0.09765083949973595f,-0.22757931417194477f,0.9096771923921041f,0f,0f,0f,1f], start_interpolation: 0, interpolation_duration: 1 }
$data merge entity $(bone_right_index_finger_2) { transformation: [-0.182030555055154f,-0.30173201758738843f,-0.9358539771721636f,1.7731188327412548f,-0.16790743795403584f,0.9473145276273107f,-0.2727678097319339f,0.2584204228827984f,0.9688508498762975f,0.10748476779939023f,-0.22310323929761106f,0.5913583549250174f,0f,0f,0f,1f], start_interpolation: 0, interpolation_duration: 1 }
$data merge entity $(bone_right_index_finger) { transformation: [-0.182030555055154f,-0.30173201758738843f,-0.9358539771721636f,1.2320203827519545f,-0.16790743795403584f,0.9473145276273107f,-0.2727678097319339f,0.10669798980919121f,0.9688508498762975f,0.10748476779939023f,-0.22310323929761106f,0.4634008099381841f,0f,0f,0f,1f], start_interpolation: 0, interpolation_duration: 1 }
$data merge entity $(bone_right_thumb) { transformation: [0.16007909045479327f,-0.14929967824923207f,-0.9757480673175027f,0.5153476206517066f,-0.09480532765567495f,0.9816003864621754f,-0.16574869877440213f,-0.053886274565233136f,0.9825409073658288f,0.1190390161752993f,0.14297929213963326f,0.03013855069729343f,0f,0f,0f,1f], start_interpolation: 0, interpolation_duration: 1 }
$data merge entity $(bone_right_hand) { transformation: [-0.182030555055154f,0.03654556102260759f,-0.9826135043830079f,0.46229001807703884f,-0.16790743795403584f,0.9834765565538172f,0.06768275252054795f,-0.017431277867155037f,0.9688508498762975f,0.1773084450289637f,-0.17288651195332416f,0.6520710548867351f,0f,0f,0f,1f], start_interpolation: 0, interpolation_duration: 1 }
$data merge entity $(bone_right_forearm) { transformation: [-0.3643034382867251f,-0.7648065050004321f,-1.8131962902532248f,-1.7341199985526097f,-0.33603840268484797f,1.8410975229563795f,-0.7090591478229865f,0.09816287728804518f,1.9389914824464927f,0.1753787133590286f,-0.4635527047996224f,0.2430559664736729f,0f,0f,0f,1f], start_interpolation: 0, interpolation_duration: 1 }
$data merge entity $(bone_right_bicep) { transformation: [-1.140935146897265f,-0.6014458892448182f,-0.032022748104079096f,-1.6767561011563f,-0.2910099527358641f,0.6105380028325138f,-1.0986592638380046f,0.9886332974248848f,0.5273289499869105f,-0.9643660160535035f,-0.6755871439702708f,-1.3520323020777636f,0f,0f,0f,1f], start_interpolation: 0, interpolation_duration: 1 }
$data merge entity $(bone_right_shoulder) { transformation: [-1.0901946233327724f,-0.5746979365684669f,-0.03059860843304384f,-1.3728697389679967f,-0.2780679398576986f,0.5833856988615231f,-1.049798865052218f,1.1573095121231578f,0.5038771814216115f,-0.9214780073043395f,-0.6455419258071576f,-1.5916937309848513f,0f,0f,0f,1f], start_interpolation: 0, interpolation_duration: 1 }
$data merge entity $(bone_chest) { transformation: [-4.039287247301379f,-0.4492898687667733f,0.16349731752228058f,1.369629634925283e-16f,-0.4781135997615531f,3.7946641138550894f,-1.3843286726671609f,1.5234632627898403f,0.0003804424993186497f,-1.3939501791918207f,-3.8211695825256955f,-1.1183874696597196f,0f,0f,0f,1f], start_interpolation: 0, interpolation_duration: 1 }