# This file was generated by Animated Java via MC-Build. It is not recommended to edit this file directly.
$data merge entity $(bone_left_fingers_2) { transformation: [-0.39518474104672996f,0.16556071644296294f,0.9035588910606337f,-1.4921841858030975f,0.19756967364628336f,0.9759234485965576f,-0.09241020795725498f,0.2424487473215693f,-0.8971038092100211f,0.14199673112538505f,-0.4183798320313433f,1.2417763330717122f,0f,0f,0f,1f], start_interpolation: 0, interpolation_duration: 1 }
$data merge entity $(bone_left_fingers) { transformation: [-0.39518474104672996f,0.16556071644296294f,0.9035588910606337f,-0.9650519760755453f,0.19756967364628336f,0.9759234485965576f,-0.09241020795725498f,0.19211924718784348f,-0.8971038092100211f,0.14199673112538505f,-0.4183798320313433f,1.0138114235314646f,0f,0f,0f,1f], start_interpolation: 0, interpolation_duration: 1 }
$data merge entity $(bone_left_index_finger_2) { transformation: [-0.015812660369839582f,0.18447554838449903f,0.9827098919926809f,-1.6638144128973926f,0.23485041186843336f,0.9560227066028983f,-0.17568684784267563f,0.3856035792627688f,-0.9719028983480064f,0.22801174642528108f,-0.05844142088312115f,0.6156294646172369f,0f,0f,0f,1f], start_interpolation: 0, interpolation_duration: 1 }
$data merge entity $(bone_left_index_finger) { transformation: [-0.015812660369839582f,0.18447554838449903f,0.9827098919926809f,-1.0963901296129368f,0.23485041186843336f,0.9560227066028983f,-0.17568684784267563f,0.28988139954474434f,-0.9719028983480064f,0.22801174642528108f,-0.05844142088312115f,0.5832673008019411f,0f,0f,0f,1f], start_interpolation: 0, interpolation_duration: 1 }
$data merge entity $(bone_left_thumb) { transformation: [-0.28513031975553077f,0.15936016272377734f,0.9451481573238981f,-0.4230153954009285f,0.21223805124971684f,0.9721006043884286f,-0.09987704715986648f,0.178999112963402f,-0.9346955174589376f,0.17211842865975419f,-0.3109976465471497f,0.07199934265181984f,0f,0f,0f,1f], start_interpolation: 0, interpolation_duration: 1 }
$data merge entity $(bone_left_hand) { transformation: [-0.28513031975553077f,-0.04898481172428715f,0.957236224229132f,-0.30791993470133217f,0.21223805124971684f,0.970675288111856f,0.112891517177721f,0.18434717624604569f,-0.9346955174589376f,0.23535074520659877f,-0.2663725142969285f,0.6865467768569027f,0f,0f,0f,1f], start_interpolation: 0, interpolation_duration: 1 }
$data merge entity $(bone_left_forearm) { transformation: [-0.4197264988687669f,0.5232420045250806f,1.8855677935833117f,1.8521341102509095f,-0.05244793077761634f,1.9247544513221915f,-0.545791123071134f,0.5016233839121763f,-1.956117919261313f,-0.16387965147228853f,-0.3899545859825319f,0.1983177765991735f,0f,0f,0f,1f], start_interpolation: 0, interpolation_duration: 1 }
$data merge entity $(bone_left_bicep) { transformation: [-1.1692748020267907f,0.5324724494031249f,0.11732498234799503f,1.695075540266067f,0.09537356929763438f,0.4730702079707541f,-1.1964965875927303f,1.0802559197317136f,-0.5368388427971192f,-1.0757198949857976f,-0.46810937600854147f,-1.5282517465056085f,0f,0f,0f,1f], start_interpolation: 0, interpolation_duration: 1 }
$data merge entity $(bone_left_shoulder) { transformation: [-1.11727393606438f,0.5087919352741169f,0.11210721773821727f,1.3743293750000003f,0.09113204439279055f,0.4520314748749448f,-1.1432850939660457f,1.1770069523125213f,-0.512964143146259f,-1.0278796730163402f,-0.44729126475242453f,-1.7851511863579095f,0f,0f,0f,1f], start_interpolation: 0, interpolation_duration: 1 }
$data merge entity $(bone_right_fingers_2) { transformation: [-0.17290973039908084f,-0.3156467239490419f,-0.9329894805374572f,1.6921357221633597f,-0.18030773151921708f,0.9413936711778084f,-0.28507381118012615f,0.0990926362643447f,0.9682930068361081f,0.11893318093200761f,-0.21968967063947997f,0.7719601014039353f,0f,0f,0f,1f], start_interpolation: 0, interpolation_duration: 1 }
$data merge entity $(bone_right_fingers) { transformation: [-0.17290973039908084f,-0.3156467239490419f,-0.9329894805374572f,1.1502266488623543f,-0.18030773151921708f,0.9413936711778084f,-0.28507381118012615f,-0.06223656342684361f,0.9682930068361081f,0.11893318093200761f,-0.21968967063947997f,0.6593492976290429f,0f,0f,0f,1f], start_interpolation: 0, interpolation_duration: 1 }
$data merge entity $(bone_right_index_finger_2) { transformation: [-0.17290973039908084f,-0.2746498686500829f,-0.9458697980080605f,1.7765903978885829f,-0.18030773151921708f,0.9529324179961842f,-0.24373946887268677f,0.15577765190511672f,0.9682930068361081f,0.12840271174098208f,-0.21429278226261173f,0.3360887120327147f,0f,0f,0f,1f], start_interpolation: 0, interpolation_duration: 1 }
$data merge entity $(bone_right_index_finger) { transformation: [-0.17290973039908084f,-0.2746498686500829f,-0.9458697980080605f,1.2298762645607335f,-0.18030773151921708f,0.9529324179961842f,-0.24373946887268677f,0.020817382648252405f,0.9682930068361081f,0.12840271174098208f,-0.21429278226261173f,0.2133298233958863f,0f,0f,0f,1f], start_interpolation: 0, interpolation_duration: 1 }
$data merge entity $(bone_right_thumb) { transformation: [0.17119770317111882f,-0.12120508587934437f,-0.9777528693826032f,0.5031614920687412f,-0.11658959957070197f,0.9829386558161586f,-0.1422619561733442f,-0.1128683200263273f,0.9783139637666821f,0.1383507356659295f,0.15414558780522808f,-0.21227223431284858f,0f,0f,0f,1f], start_interpolation: 0, interpolation_duration: 1 }
$data merge entity $(bone_right_hand) { transformation: [-0.17290973039908084f,0.06542006901183622f,-0.9827626568525096f,0.45980322927136585f,-0.18030773151921708f,0.9788273693766458f,0.09688190188879059f,-0.08614471266680068f,0.9682930068361081f,0.19395152881501576f,-0.15745303230680244f,0.4109051285618516f,0f,0f,0f,1f], start_interpolation: 0, interpolation_duration: 1 }
$data merge entity $(bone_right_forearm) { transformation: [-0.34604964687675543f,-0.7125594374188958f,-1.837888860151315f,-1.7382143403968993f,-0.3608554977060191f,1.8573613397749553f,-0.6521648070168196f,0.09513951169774504f,1.9378750537375666f,0.21861993020127649f,-0.4496358242477736f,0.03576901215502071f,0f,0f,0f,1f], start_interpolation: 0, interpolation_duration: 1 }
$data merge entity $(bone_right_bicep) { transformation: [-1.1408573126746326f,-0.5982528352035755f,-0.07094900139402562f,-1.6792565706960136f,-0.26996097149541615f,0.6435011017088563f,-1.0851373320828337f,1.0122064131199051f,0.5385733835766277f,-0.9447198001426045f,-0.6942181452774417f,-1.5441192908719525f,0f,0f,0f,1f], start_interpolation: 0, interpolation_duration: 1 }
$data merge entity $(bone_right_shoulder) { transformation: [-1.0901202506120653f,-0.5716468864213659f,-0.06779370419163788f,-1.3743293749999999f,-0.25795506469790214f,0.6148828380820147f,-1.0368782907876342f,1.1770069523125213f,0.5146215441272999f,-0.9027055126422695f,-0.6633443552507767f,-1.78515118635791f,0f,0f,0f,1f], start_interpolation: 0, interpolation_duration: 1 }
$data merge entity $(bone_chest) { transformation: [-4.0674850000000005f,1.9003742579979028e-16f,4.604482029221721e-16f,1.5990358208503973e-16f,0f,3.759844905835332f,-1.5517733434007401f,1.5791968145624287f,-4.981232485829872e-16f,-1.5517733434007401f,-3.759844905835332f,-1.3057118362320532f,0f,0f,0f,1f], start_interpolation: 0, interpolation_duration: 1 }
$data merge entity $(bone_weist) { transformation: [-1.0999999999999999f,2.3223417813707847e-17f,1.326942584864109e-16f,4.2017332870741825e-16f,0f,1.0835308480681762f,-0.189633597457462f,0.8558566672682304f,-1.3471114790620883e-16f,-0.189633597457462f,-1.0835308480681762f,-3.430975600474841f,0f,0f,0f,1f], start_interpolation: 0, interpolation_duration: 1 }
$data merge entity $(bone_right_fingers2) { transformation: [-0.9959929933888859f,-0.025988971322578637f,-0.08557178559455751f,1.1807706185822149f,0.02180691859491136f,-0.9985385522439013f,0.04944914543294904f,-0.02334805940396467f,-0.08673185932309786f,0.047384945417803526f,0.9951041410456045f,-10.319904217563899f,0f,0f,0f,1f], start_interpolation: 0, interpolation_duration: 1 }
$data merge entity $(bone_left_foot) { transformation: [-0.9959929933888859f,-0.06657096175020102f,0.05971820636874492f,1.10867108166335f,0.02180691859491136f,0.4668167727985816f,0.8840851536675144f,0.2548249458964887f,-0.08673185932309786f,0.8818448886768981f,-0.4634945273601271f,-9.36635634801377f,0f,0f,0f,1f], start_interpolation: 0, interpolation_duration: 1 }
$data merge entity $(bone_left_knee) { transformation: [-1.5786630044221237f,0.06411941034259307f,0.1264188602237004f,0.9420180650073811f,0.03456427490428127f,1.545042889402702f,-0.3520194445489043f,0.12903677255645585f,-0.13747122572845052f,-0.3478520945135964f,-1.540250139092105f,-7.299090514448407f,0f,0f,0f,1f], start_interpolation: 0, interpolation_duration: 1 }
$data merge entity $(bone_left_thigh) { transformation: [-1.5972274838247313f,-0.14273087174213095f,-0.014009877863837535f,0.7385400000000005f,0.03497073769445825f,-0.5395316956542303f,1.5097637597984284f,0.4612560881241736f,-0.1390878353096836f,1.503408614165594f,0.5404823090838996f,-5.228737900918066f,0f,0f,0f,1f], start_interpolation: 0, interpolation_duration: 1 }
$data merge entity $(bone_left_fingers2) { transformation: [-0.9959929933888859f,0.02598897132257864f,0.08557178559455728f,-1.1775680320198867f,-0.02180691859491136f,-0.9985385522439013f,0.04944914543294904f,-0.06616002510993185f,0.08673185932309761f,0.047384945417803526f,0.9951041410456045f,-10.274867932813864f,0f,0f,0f,1f], start_interpolation: 0, interpolation_duration: 1 }
$data merge entity $(bone_right_foot) { transformation: [-0.9959929933888859f,0.0665709617502008f,-0.059718206368744815f,-1.105468495101022f,-0.02180691859491136f,0.4668167727985816f,0.8840851536675144f,0.2120129801905215f,0.08673185932309761f,0.8818448886768981f,-0.4634945273601271f,-9.321320063263736f,0f,0f,0f,1f], start_interpolation: 0, interpolation_duration: 1 }
$data merge entity $(bone_right_knee) { transformation: [-1.5786630044221237f,-0.064119410342593f,-0.12641886022370002f,-0.9397435134971915f,-0.03456427490428127f,1.545042889402702f,-0.3520194445489043f,0.11733184151760645f,0.1374712257284501f,-0.3478520945135964f,-1.540250139092105f,-7.2568901868512965f,0f,0f,0f,1f], start_interpolation: 0, interpolation_duration: 1 }
$data merge entity $(bone_right_thigh) { transformation: [-1.5972274838247313f,0.1427308717421306f,0.014009877863837401f,-0.7385399999999994f,-0.03497073769445825f,-0.5395316956542303f,1.5097637597984284f,0.444962615305309f,0.13908783530968322f,1.503408614165594f,0.5404823090838996f,-5.2138112803852f,0f,0f,0f,1f], start_interpolation: 0, interpolation_duration: 1 }