# This file was generated by Animated Java via MC-Build. It is not recommended to edit this file directly.
$data merge entity $(bone_left_fingers_2) { transformation: [0.26193352158668615f,-0.2962118173177276f,0.91850388651901f,0.3250942597897958f,-0.31549241369628306f,0.8731600453751703f,0.3715589752119096f,1.5097027364676403f,-0.912061054518441f,-0.3871047590016951f,0.13525730438297626f,-4.780747349615729f,0f,0f,0f,1f], start_interpolation: 0, interpolation_duration: 1 }
$data merge entity $(bone_left_fingers) { transformation: [0.26193352158668615f,-0.2962118173177276f,0.91850388651901f,0.8491331557106045f,-0.31549241369628306f,0.8731600453751703f,0.3715589752119096f,1.7332290075606374f,-0.912061054518441f,-0.3871047590016951f,0.13525730438297626f,-4.692493925937009f,0f,0f,0f,1f], start_interpolation: 0, interpolation_duration: 1 }
$data merge entity $(bone_left_index_finger_2) { transformation: [0.42532875920899527f,-0.28064963417640054f,0.8604250283588856f,0.5324471709243611f,-0.28762014980285494f,0.859503325909725f,0.42252654612166696f,1.34865650670273f,-0.8581200941692951f,-0.4271882671454994f,0.28485099332125463f,-5.256833867418212f,0f,0f,0f,1f], start_interpolation: 0, interpolation_duration: 1 }
$data merge entity $(bone_left_index_finger) { transformation: [0.42532875920899527f,-0.28064963417640054f,0.8604250283588856f,1.026705553837393f,-0.28762014980285494f,0.859503325909725f,0.42252654612166696f,1.597139487551652f,-0.8581200941692951f,-0.4271882671454994f,0.28485099332125463f,-5.095139025984464f,0f,0f,0f,1f], start_interpolation: 0, interpolation_duration: 1 }
$data merge entity $(bone_left_thumb) { transformation: [0.3455631085505359f,-0.08714842170341419f,0.9343400294344102f,1.8483613046944067f,-0.3079930953406956f,0.9299885197727283f,0.20065294992445845f,1.4073241880160732f,-0.8864120888341651f,-0.35710853488195166f,0.2945286116544843f,-4.968745520101412f,0f,0f,0f,1f], start_interpolation: 0, interpolation_duration: 1 }
$data merge entity $(bone_left_hand) { transformation: [0.3855031709672475f,-0.04839234556740833f,0.9214366424582223f,1.5589678872273744f,-0.295445362299018f,0.9395743774752294f,0.17295093838438036f,1.712714799542986f,-0.8741277612970539f,-0.3389073178356001f,0.34791160780761576f,-4.506217531693631f,0f,0f,0f,1f], start_interpolation: 0, interpolation_duration: 1 }
$data merge entity $(bone_left_forearm) { transformation: [-0.6567107360145754f,1.7111172225768891f,0.8038204358901576f,3.2062378136866423f,-1.8254433645233967f,-0.7952688619655884f,0.20154997756426435f,1.3287795735515657f,0.4917376998679199f,-0.6670410190830893f,1.8216939223535595f,-2.992368291415253f,0f,0f,0f,1f], start_interpolation: 0, interpolation_duration: 1 }
$data merge entity $(bone_left_bicep) { transformation: [-0.77735917492402f,-0.7294785137672934f,-0.7266838615411927f,1.7219738845529546f,-0.9485995579970973f,0.8614937655869926f,0.1499433023964968f,1.7328917157199204f,0.4004587559790278f,0.6246480715712777f,-1.0554350737743772f,-2.005363079041156f,0f,0f,0f,1f], start_interpolation: 0, interpolation_duration: 1 }
$data merge entity $(bone_left_shoulder) { transformation: [-0.7427878746703881f,-0.6970365981875524f,-0.6943662318312652f,1.426246427429401f,-0.9064127269956037f,0.8231807687156932f,0.14327491139348708f,1.5106399932966705f,0.38264925383544013f,0.5968682540406575f,-1.0084969735876335f,-1.8019284949166734f,0f,0f,0f,1f], start_interpolation: 0, interpolation_duration: 1 }