# This file was generated by Animated Java via MC-Build. It is not recommended to edit this file directly.
$data merge entity $(bone_left_fingers_2) { transformation: [0.2988862292031657f,-0.2543986736712472f,0.9197544981281819f,0.38973903241298236f,-0.31982291953075936f,0.8813681198417394f,0.3477118598343455f,1.5047022781253594f,-0.8990997286928382f,-0.39808485547801054f,0.18206626734109013f,-4.9079823490129515f,0f,0f,0f,1f], start_interpolation: 0, interpolation_duration: 1 }
$data merge entity $(bone_left_fingers) { transformation: [0.2988862292031657f,-0.2543986736712472f,0.9197544981281819f,0.9142324463343393f,-0.31982291953075936f,0.8813681198417394f,0.3477118598343455f,1.714591958006584f,-0.8990997286928382f,-0.39808485547801054f,0.18206626734109013f,-4.792993627261063f,0f,0f,0f,1f], start_interpolation: 0, interpolation_duration: 1 }
$data merge entity $(bone_left_index_finger_2) { transformation: [0.4600506116629025f,-0.23721351097530527f,0.8556185978105891f,0.6163629518537832f,-0.29625367145050463f,0.8674178464077967f,0.399774989069298f,1.339595575264369f,-0.8370108702165623f,-0.4373968792115802f,0.32878073726312557f,-5.373783665153673f,0f,0f,0f,1f], start_interpolation: 0, interpolation_duration: 1 }
$data merge entity $(bone_left_index_finger) { transformation: [0.4600506116629025f,-0.23721351097530527f,0.8556185978105891f,1.108102534526305f,-0.29625367145050463f,0.8674178464077967f,0.399774989069298f,1.5750121166482063f,-0.8370108702165623f,-0.4373968792115802f,0.32878073726312557f,-5.186830201763495f,0f,0f,0f,1f], start_interpolation: 0, interpolation_duration: 1 }
$data merge entity $(bone_left_thumb) { transformation: [0.3813001308953224f,-0.045713683654009185f,0.9233203503150961f,1.9173887466080302f,-0.314518965580482f,0.9327797030449151f,0.1760677309379095f,1.3640218976632812f,-0.8693031867360171f,-0.3575364103335794f,0.34129120237179367f,-5.020510348436537f,0f,0f,0f,1f], start_interpolation: 0, interpolation_duration: 1 }
$data merge entity $(bone_left_hand) { transformation: [0.4208848590327609f,-0.007680268138458263f,0.9070815558252163f,1.613180460365029f,-0.30302272208060327f,0.9413306809561215f,0.1485724705103434f,1.6755484992756937f,-0.8550047750392015f,-0.3373982255021605f,0.39386453519980535f,-4.571787036348235f,0f,0f,0f,1f], start_interpolation: 0, interpolation_duration: 1 }
$data merge entity $(bone_left_forearm) { transformation: [-0.6567107360145745f,1.7426524007958244f,0.732947510094987f,3.2062378136866454f,-1.8254433645233965f,-0.7863310728001179f,0.23400512861306072f,1.3287795735515648f,0.49173769986792215f,-0.5917469791222102f,1.8475248254296994f,-2.9923682914152483f,0f,0f,0f,1f], start_interpolation: 0, interpolation_duration: 1 }
$data merge entity $(bone_left_bicep) { transformation: [-0.77735917492402f,-0.7294785137672959f,-0.7266838615411901f,1.7219738845529549f,-0.948599557997097f,0.8614937655869934f,0.14994330239649373f,1.7328917157199202f,0.40045875597902786f,0.624648071571274f,-1.0554350737743794f,-2.005363079041156f,0f,0f,0f,1f], start_interpolation: 0, interpolation_duration: 1 }
$data merge entity $(bone_left_shoulder) { transformation: [-0.7427878746703881f,-0.6970365981875547f,-0.6943662318312628f,1.426246427429401f,-0.9064127269956035f,0.8231807687156939f,0.14327491139348414f,1.5106399932966705f,0.3826492538354402f,0.5968682540406539f,-1.0084969735876357f,-1.8019284949166734f,0f,0f,0f,1f], start_interpolation: 0, interpolation_duration: 1 }