# This file was generated by Animated Java via MC-Build. It is not recommended to edit this file directly.
$data merge entity $(bone_left_fingers_2) { transformation: [0.375549610349943f,-0.2681554900716932f,0.8871612724360866f,0.6484188887923144f,-0.37170619643793107f,0.8332900521038531f,0.4092214468895839f,1.2363405481211123f,-0.8489976405713107f,-0.48344629713047615f,0.21326669710758672f,-4.732493108979128f,0f,0f,0f,1f], start_interpolation: 0, interpolation_duration: 1 }
$data merge entity $(bone_left_fingers) { transformation: [0.375549610349943f,-0.2681554900716932f,0.8871612724360866f,1.1529944176948703f,-0.37170619643793107f,0.8332900521038531f,0.4092214468895839f,1.4821148420288899f,-0.8489976405713107f,-0.48344629713047615f,0.21326669710758672f,-4.600705563344135f,0f,0f,0f,1f], start_interpolation: 0, interpolation_duration: 1 }
$data merge entity $(bone_left_index_finger_2) { transformation: [0.5307006798580832f,-0.24763460105713828f,0.8105762720172853f,0.914476263417348f,-0.3348708497932524f,0.8172905105835808f,0.4689325487410481f,1.0481774393052794f,-0.7786002198541391f,-0.5203011874571329f,0.35081102031404865f,-5.167691463984246f,0f,0f,0f,1f], start_interpolation: 0, interpolation_duration: 1 }
$data merge entity $(bone_left_index_finger) { transformation: [0.5307006798580832f,-0.24763460105713828f,0.8105762720172853f,1.38019668894137f,-0.3348708497932524f,0.8172905105835808f,0.4689325487410481f,1.323161039841406f,-0.7786002198541391f,-0.5203011874571329f,0.35081102031404865f,-4.968521016167388f,0f,0f,0f,1f], start_interpolation: 0, interpolation_duration: 1 }
$data merge entity $(bone_left_thumb) { transformation: [0.4553478325679259f,-0.06549437819334532f,0.8879013671578387f,2.1851806211739007f,-0.35973916550671564f,0.8987198269603162f,0.2507795953201762f,1.1690350684884998f,-0.8143992167089947f,-0.433604842054937f,0.3856692323355456f,-4.733213997603197f,0f,0f,0f,1f], start_interpolation: 0, interpolation_duration: 1 }
$data merge entity $(bone_left_hand) { transformation: [0.49324780731940226f,-0.02940407993760516f,0.8693917417698565f,1.8359756680668675f,-0.34508288127540565f,0.910810686236309f,0.22658706690455344f,1.4975249694527946f,-0.7985138731576719f,-0.41177578112459146f,0.43910852924301785f,-4.331848327132289f,0f,0f,0f,1f], start_interpolation: 0, interpolation_duration: 1 }
$data merge entity $(bone_left_forearm) { transformation: [-0.6347242885322009f,1.805858845936652f,0.5842237066829179f,3.3156984930616877f,-1.810330954556076f,-0.7610809851776573f,0.38571492365189614f,1.31713444071202f,0.570215175064706f,-0.40613790257010385f,1.8748933547198299f,-2.619971109281781f,0f,0f,0f,1f], start_interpolation: 0, interpolation_duration: 1 }
$data merge entity $(bone_left_bicep) { transformation: [-0.77735917492402f,-0.8152001241182616f,-0.629012793439155f,1.731711996882191f,-0.9485995579970969f,0.8735190115127887f,0.04023727879149279f,1.7296143711932477f,0.40045875597902775f,0.48673290177920264f,-1.1257084394266743f,-1.8067230469415692f,0f,0f,0f,1f], start_interpolation: 0, interpolation_duration: 1 }
$data merge entity $(bone_left_shoulder) { transformation: [-0.7427878746703881f,-0.7789459327910093f,-0.6010388647240456f,1.426246427429401f,-0.9064127269956034f,0.8346712188856341f,0.03844781635075457f,1.5106399932966705f,0.3826492538354401f,0.4650865511172001f,-1.0756450894169818f,-1.6144284949166734f,0f,0f,0f,1f], start_interpolation: 0, interpolation_duration: 1 }