# This file was generated by Animated Java via MC-Build. It is not recommended to edit this file directly.
$data merge entity $(bone_left_fingers_2) { transformation: [0.2988862292031646f,-0.2543986736712456f,0.9197544981281824f,0.389739032412978f,-0.31982291953075825f,0.8813681198417406f,0.34771185983434344f,1.5047022781253658f,-0.8990997286928389f,-0.3980848554780088f,0.18206626734109044f,-4.720482349012954f,0f,0f,0f,1f], start_interpolation: 0, interpolation_duration: 1 }
$data merge entity $(bone_left_fingers) { transformation: [0.2988862292031646f,-0.2543986736712456f,0.9197544981281824f,0.9142324463343354f,-0.31982291953075825f,0.8813681198417406f,0.34771185983434344f,1.7145919580065891f,-0.8990997286928389f,-0.3980848554780088f,0.18206626734109044f,-4.6054936272610645f,0f,0f,0f,1f], start_interpolation: 0, interpolation_duration: 1 }
$data merge entity $(bone_left_index_finger_2) { transformation: [0.4600506116629014f,-0.2372135109753037f,0.8556185978105898f,0.6163629518537783f,-0.2962536714505039f,0.867417846407798f,0.39977498906929576f,1.3395955752643756f,-0.8370108702165631f,-0.4373968792115785f,0.328780737263126f,-5.186283665153675f,0f,0f,0f,1f], start_interpolation: 0, interpolation_duration: 1 }
$data merge entity $(bone_left_index_finger) { transformation: [0.4600506116629014f,-0.2372135109753037f,0.8556185978105898f,1.1081025345263005f,-0.2962536714505039f,0.867417846407798f,0.39977498906929576f,1.5750121166482116f,-0.8370108702165631f,-0.4373968792115785f,0.328780737263126f,-4.999330201763497f,0f,0f,0f,1f], start_interpolation: 0, interpolation_duration: 1 }
$data merge entity $(bone_left_thumb) { transformation: [0.3813001308953213f,-0.04571368365400749f,0.9233203503150964f,1.9173887466080253f,-0.31451896558048104f,0.9327797030449159f,0.17606773093790717f,1.3640218976632847f,-0.8693031867360179f,-0.35753641033357764f,0.34129120237179367f,-4.83301034843654f,0f,0f,0f,1f], start_interpolation: 0, interpolation_duration: 1 }
$data merge entity $(bone_left_hand) { transformation: [0.4208848590327598f,-0.007680268138456556f,0.9070815558252165f,1.613180460365025f,-0.30302272208060244f,0.9413306809561222f,0.14857247051034098f,1.675548499275697f,-0.8550047750392022f,-0.3373982255021587f,0.3938645351998053f,-4.384287036348237f,0f,0f,0f,1f], start_interpolation: 0, interpolation_duration: 1 }
$data merge entity $(bone_left_forearm) { transformation: [-0.6567107360145755f,1.742652400795823f,0.7329475100949887f,3.2062378136866423f,-1.8254433645233965f,-0.7863310728001185f,0.23400512861305775f,1.3287795735515648f,0.4917376998679199f,-0.5917469791222126f,1.8475248254296992f,-2.8048682914152527f,0f,0f,0f,1f], start_interpolation: 0, interpolation_duration: 1 }
$data merge entity $(bone_left_bicep) { transformation: [-0.7773591749240202f,-0.7294785137672934f,-0.7266838615411921f,1.7219738845529546f,-0.9485995579970969f,0.861493765586993f,0.14994330239649634f,1.7328917157199202f,0.40045875597902764f,0.6246480715712771f,-1.0554350737743776f,-1.8178630790411558f,0f,0f,0f,1f], start_interpolation: 0, interpolation_duration: 1 }
$data merge entity $(bone_left_shoulder) { transformation: [-0.7427878746703883f,-0.6970365981875524f,-0.6943662318312647f,1.426246427429401f,-0.9064127269956034f,0.8231807687156936f,0.14327491139348664f,1.5106399932966705f,0.38264925383544f,0.5968682540406569f,-1.008496973587634f,-1.6144284949166734f,0f,0f,0f,1f], start_interpolation: 0, interpolation_duration: 1 }