# This file was generated by Animated Java via MC-Build. It is not recommended to edit this file directly.
$data merge entity $(bone_left_fingers_2) { transformation: [0.31018825049231447f,-0.30619717827245785f,0.9000147428095289f,0.4788639421695623f,-0.3495917281187828f,0.8436388910208173f,0.40750342966420405f,1.3464052287721866f,-0.884063839825745f,-0.44104048518832245f,0.15464287095565987f,-4.608940823811961f,0f,0f,0f,1f], start_interpolation: 0, interpolation_duration: 1 }
$data merge entity $(bone_left_fingers) { transformation: [0.31018825049231447f,-0.30619717827245785f,0.9000147428095289f,0.9915258785258536f,-0.3495917281187828f,0.8436388910208173f,0.40750342966420405f,1.590945179397073f,-0.884063839825745f,-0.44104048518832245f,0.15464287095565987f,-4.510212020226319f,0f,0f,0f,1f], start_interpolation: 0, interpolation_duration: 1 }
$data merge entity $(bone_left_index_finger_2) { transformation: [0.47019795961935235f,-0.2885263218002192f,0.8340662086418766f,0.711195423666506f,-0.3138456277134884f,0.8286161931036463f,0.4635689015578459f,1.1698719686086734f,-0.8248725966686763f,-0.4797371844613027f,0.2990609187276356f,-5.067686484360639f,0f,0f,0f,1f], start_interpolation: 0, interpolation_duration: 1 }
$data merge entity $(bone_left_index_finger) { transformation: [0.47019795961935235f,-0.2885263218002192f,0.8340662086418766f,1.1902170804624703f,-0.3138456277134884f,0.8286161931036463f,0.4635689015578459f,1.4418298939381653f,-0.8248725966686763f,-0.4797371844613027f,0.2990609187276356f,-4.898106114716674f,0f,0f,0f,1f], start_interpolation: 0, interpolation_duration: 1 }
$data merge entity $(bone_left_thumb) { transformation: [0.392377090685159f,-0.10045361689270765f,0.9143026247138438f,2.011193253188535f,-0.3381439906256871f,0.9086574873216289f,0.24494940771122412f,1.2852933125591095f,-0.8553939795843702f,-0.40527847412306217f,0.32256859441566305f,-4.728938264077686f,0f,0f,0f,1f], start_interpolation: 0, interpolation_duration: 1 }
$data merge entity $(bone_left_hand) { transformation: [0.43135132035086377f,-0.06282280611805194f,0.8999940741266137f,1.693065491144233f,-0.32372382189179394f,0.9203622414405678f,0.219399707543708f,1.602595133285647f,-0.842103868635774f,-0.38598787488980574f,0.3766622291479661f,-4.294129803577103f,0f,0f,0f,1f], start_interpolation: 0, interpolation_duration: 1 }
$data merge entity $(bone_left_forearm) { transformation: [-0.6421903681186215f,1.7556774348733104f,0.7144975221251907f,3.275869639975696f,-1.8169091226886769f,-0.7851289028390754f,0.2961963523881886f,1.3194137378933384f,0.5401399858712806f,-0.5536133885249508f,1.8458275772833144f,-2.6918865903253826f,0f,0f,0f,1f], start_interpolation: 0, interpolation_duration: 1 }
$data merge entity $(bone_left_bicep) { transformation: [-0.7773591749240197f,-0.7839201640081407f,-0.6675908276287269f,1.7281000596050806f,-0.9485995579970973f,0.8705625565527626f,0.08231243652779215f,1.730720799835367f,0.4004587559790278f,0.5404494750676327f,-1.1009281416922547f,-1.811113548671126f,0f,0f,0f,1f], start_interpolation: 0, interpolation_duration: 1 }
$data merge entity $(bone_left_shoulder) { transformation: [-0.7427878746703879f,-0.7490570785271586f,-0.6379012276432644f,1.426246427429401f,-0.9064127269956037f,0.8318462456079582f,0.07865177611545641f,1.5106399932966705f,0.38264925383544013f,0.5164142006704314f,-1.0519668396688548f,-1.6144284949166734f,0f,0f,0f,1f], start_interpolation: 0, interpolation_duration: 1 }