# This file was generated by Animated Java via MC-Build. It is not recommended to edit this file directly.
$data merge entity $(bone_left_fingers_2) { transformation: [-0.5421202254304895f,0.06398422163823791f,0.8378613731164267f,-0.29015155769458145f,0.3371878954831135f,0.9298646384850265f,0.14716003953104853f,0.46434261737201143f,-0.7696817422278276f,0.36229514691265174f,-0.5256731324736659f,1.9848790975506332f,0f,0f,0f,1f], start_interpolation: 0, interpolation_duration: 1 }
$data merge entity $(bone_left_fingers) { transformation: [-0.5421202254304895f,0.06398422163823791f,0.8378613731164267f,0.20055054168165998f,0.3371878954831135f,0.9298646384850265f,0.14716003953104853f,0.5498965194849634f,-0.7696817422278276f,0.36229514691265174f,-0.5256731324736659f,1.6946009471523422f,0f,0f,0f,1f], start_interpolation: 0, interpolation_duration: 1 }
$data merge entity $(bone_left_index_finger_2) { transformation: [-0.5274492027448153f,0.06373988623851523f,0.8471921655835586f,-0.5327262989892796f,0.33927914751420446f,0.9300191724881458f,0.1412586240429201f,0.6191505930587495f,-0.7789011481477566f,0.3619413843521706f,-0.5121634853319212f,1.6299484976667862f,0f,0f,0f,1f], start_interpolation: 0, interpolation_duration: 1 }
$data merge entity $(bone_left_index_finger) { transformation: [-0.5274492027448153f,0.06373988623851523f,0.8471921655835586f,-0.04410222623039184f,0.33927914751420446f,0.9300191724881458f,0.1412586240429201f,0.7059406077779464f,-0.7789011481477566f,0.3619413843521706f,-0.5121634853319212f,1.3368710821888705f,0f,0f,0f,1f], start_interpolation: 0, interpolation_duration: 1 }
$data merge entity $(bone_left_thumb) { transformation: [-0.5348225445942122f,0.24440721189787618f,0.8088448309571363f,0.44171841340713847f,0.3377188964361285f,0.9392993097410339f,-0.06052068828079139f,0.642168920491024f,-0.7745390840904902f,0.24079435519198522f,-0.5848993808544687f,0.6389922838389323f,0f,0f,0f,1f], start_interpolation: 0, interpolation_duration: 1 }
$data merge entity $(bone_left_hand) { transformation: [-0.5311321962812519f,0.0858949496967567f,0.8429238682645339f,0.7314123710810985f,0.3387659990078324f,0.9333981978450941f,0.11834442181934812f,0.5651653250547062f,-0.7766184313996669f,0.34841047899872685f,-0.5248561232701766f,1.187710766231913f,0f,0f,0f,1f], start_interpolation: 0, interpolation_duration: 1 }
$data merge entity $(bone_left_forearm) { transformation: [-0.9531882379164193f,0.45788136946936625f,1.6991454522616198f,2.6589756635591106f,-0.09887043759411798f,1.9154083942809284f,-0.5716237862780013f,0.8658734953575138f,-1.7569790132549776f,-0.3561934417724561f,-0.8896456667519677f,0.0880984957659281f,0f,0f,0f,1f], start_interpolation: 0, interpolation_duration: 1 }
$data merge entity $(bone_left_bicep) { transformation: [-1.1886301684787715f,-0.06737905641467731f,0.49710563148078163f,1.7727535544277468f,-0.4652789270105015f,0.6260102052060724f,-1.0276781434714466f,1.2498648251952678f,-0.1875352398169352f,-1.126084770008737f,-0.6010484573578789f,-1.4635736203478777f,0f,0f,0f,1f], start_interpolation: 0, interpolation_duration: 1 }
$data merge entity $(bone_left_shoulder) { transformation: [-1.1357685161428084f,-0.06438252448290217f,0.4749979770038494f,1.383837023859999f,-0.4445866936050877f,0.5981698098468331f,-0.9819744703070835f,1.1812735577438023f,-0.17919503197867073f,-1.0760046835431478f,-0.574318179570481f,-1.6128229329604096f,0f,0f,0f,1f], start_interpolation: 0, interpolation_duration: 1 }
$data merge entity $(bone_right_fingers_2) { transformation: [-0.1786821012906716f,-0.33321264407961426f,-0.9257656509634727f,1.6890618581860473f,-0.18305803541532512f,0.9357380052750056f,-0.3014699672501977f,0.12588960955616174f,0.9667277084827101f,0.11560155409606747f,-0.22819688504083968f,0.9782541111919065f,0f,0f,0f,1f], start_interpolation: 0, interpolation_duration: 1 }
$data merge entity $(bone_right_fingers) { transformation: [-0.1786821012906716f,-0.33321264407961426f,-0.9257656509634727f,1.1511350850101474f,-0.18305803541532512f,0.9357380052750056f,-0.3014699672501977f,-0.0449596462007361f,0.9667277084827101f,0.11560155409606747f,-0.22819688504083968f,0.860699587528803f,0f,0f,0f,1f], start_interpolation: 0, interpolation_duration: 1 }
$data merge entity $(bone_right_index_finger_2) { transformation: [-0.1786821012906716f,-0.29251416893742893f,-0.9394190585937648f,1.776543364106651f,-0.18305803541532512f,0.947997325317051f,-0.2603667161170936f,0.18393267469932822f,0.9667277084827101f,0.12544533535593458f,-0.22293722320241932f,0.5431591330169168f,0f,0f,0f,1f], start_interpolation: 0, interpolation_duration: 1 }
$data merge entity $(bone_right_index_finger) { transformation: [-0.1786821012906716f,-0.29251416893742893f,-0.9394190585937648f,1.2334435992012103f,-0.18305803541532512f,0.947997325317051f,-0.2603667161170936f,0.03936121270776294f,0.9667277084827101f,0.12544533535593458f,-0.22293722320241932f,0.4154011573953044f,0f,0f,0f,1f], start_interpolation: 0, interpolation_duration: 1 }
$data merge entity $(bone_right_thumb) { transformation: [0.1641461127453265f,-0.1397185519415809f,-0.976491054702472f,0.5131622849732824f,-0.11330515657473897f,0.9806957980816989f,-0.15936653700973008f,-0.10717701738668606f,0.9799071359900244f,0.1368008693987269f,0.14514657063664987f,-0.01685422392281055f,0f,0f,0f,1f], start_interpolation: 0, interpolation_duration: 1 }
$data merge entity $(bone_right_hand) { transformation: [-0.1786821012906716f,0.04642683503727962f,-0.9828108951709741f,0.4635693721255776f,-0.18305803541532512f,0.9798767526888131f,0.07956949924379603f,-0.08105285867909129f,0.9667277084827101f,0.1941290769783034f,-0.16658763196384113f,0.6058834311693465f,0f,0f,0f,1f], start_interpolation: 0, interpolation_duration: 1 }
$data merge entity $(bone_right_forearm) { transformation: [-0.35760207312868636f,-0.7470505848104084f,-1.8219118950308915f,-1.7337217243549574f,-0.36635976684029686f,1.8446219192487396f,-0.684453992971319f,0.061510301493129416f,1.9347423732273374f,0.21121593450326087f,-0.4663545330294594f,0.21033331412256895f,0f,0f,0f,1f], start_interpolation: 0, interpolation_duration: 1 }
$data merge entity $(bone_right_bicep) { transformation: [-1.140880931870373f,-0.6006824156660674f,-0.045463813250522386f,-1.676243694860812f,-0.28978511246172917f,0.6326191603571242f,-1.0864222061683484f,0.9790003621579165f,0.5281201675767018f,-0.9505099983533766f,-0.6943453428519061f,-1.369363819837099f,0f,0f,0f,1f], start_interpolation: 0, interpolation_duration: 1 }
$data merge entity $(bone_right_shoulder) { transformation: [-1.090142819397218f,-0.5739684167593224f,-0.04344191244937409f,-1.3720373422883356f,-0.27689757159887635f,0.6044848465876312f,-1.0381060229891506f,1.1490562923569838f,0.5046332113893293f,-0.9082382048155111f,-0.6634658959993102f,-1.6076402615879481f,0f,0f,0f,1f], start_interpolation: 0, interpolation_duration: 1 }
$data merge entity $(bone_chest) { transformation: [-4.066090940918353f,-0.10008772347667617f,0.036347393523672535f,1.3694825880266665e-16f,-0.10648188862501243f,3.814770819238092f,-1.4073448153559929f,1.5288507718075597f,0.0005411114106665301f,-1.4078140038811233f,-3.816083550303851f,-1.1182673967548469f,0f,0f,0f,1f], start_interpolation: 0, interpolation_duration: 1 }
$data merge entity $(bone_weist) { transformation: [-1.0999999999999999f,1.813016636876674e-17f,1.334855439276078e-16f,4.004162764118935e-16f,0f,1.089992184036619f,-0.1480440432407913f,0.8873426040372934f,-1.3471114790620883e-16f,-0.1480440432407913f,-1.089992184036619f,-3.2696470254989354f,0f,0f,0f,1f], start_interpolation: 0, interpolation_duration: 1 }