# This file was generated by Animated Java via MC-Build. It is not recommended to edit this file directly.
$data merge entity $(bone_left_fingers_2) { transformation: [-0.39268736732161497f,0.15704531328192053f,0.906164113790765f,-1.4918126959942581f,0.19584468116617848f,0.9769917758858547f,-0.08445075908671032f,0.23891535304795725f,-0.89857748269414f,0.14430467569551286f,-0.41440881767582594f,1.4295083649755602f,0f,0f,0f,1f], start_interpolation: 0, interpolation_duration: 1 }
$data merge entity $(bone_left_fingers) { transformation: [-0.39268736732161497f,0.15704531328192053f,0.906164113790765f,-0.9632626345919638f,0.19584468116617848f,0.9769917758858547f,-0.08445075908671032f,0.19320295566353582f,-0.89857748269414f,0.14430467569551286f,-0.41440881767582594f,1.2038656509016157f,0f,0f,0f,1f], start_interpolation: 0, interpolation_duration: 1 }
$data merge entity $(bone_left_index_finger_2) { transformation: [-0.022755581256000856f,0.17523404740479223f,0.9842637919540861f,-1.6629476681591928f,0.23363953852832745f,0.958188293220574f,-0.16519007467554953f,0.3798119779880846f,-0.9720569682677924f,0.22620394197533014f,-0.06274573353503629f,0.8080155174365768f,0f,0f,0f,1f], start_interpolation: 0, interpolation_duration: 1 }
$data merge entity $(bone_left_index_finger) { transformation: [-0.022755581256000856f,0.17523404740479223f,0.9842637919540861f,-1.0946812946426472f,0.23363953852832745f,0.958188293220574f,-0.16519007467554953f,0.2901518448282796f,-0.9720569682677924f,0.22620394197533014f,-0.06274573353503629f,0.773162227064278f,0f,0f,0f,1f], start_interpolation: 0, interpolation_duration: 1 }
$data merge entity $(bone_left_thumb) { transformation: [-0.28530509644653124f,0.1557925250866783f,0.9456900607856424f,-0.42059970000343083f,0.21047248665344645f,0.972799375237128f,-0.09676108670414996f,0.18125761574133553f,-0.9350413543280054f,0.17143530752260444f,-0.31033465973216684f,0.262398690950153f,0f,0f,0f,1f], start_interpolation: 0, interpolation_duration: 1 }
$data merge entity $(bone_left_hand) { transformation: [-0.28530509644653124f,-0.052585171480289405f,0.9569931043022327f,-0.30590456835948343f,0.21047248665344645f,0.9706830780232514f,0.11608485862170437f,0.18750790979534626f,-0.9350413543280054f,0.23454032015773932f,-0.2658730973918852f,0.8770124528722191f,0f,0f,0f,1f], start_interpolation: 0, interpolation_duration: 1 }
$data merge entity $(bone_left_forearm) { transformation: [-0.41832684156373234f,0.5164884034583489f,1.8877396049431852f,1.8533080242129691f,-0.05550706969869724f,1.9264733604402415f,-0.5393864941563165f,0.5120815950713201f,-1.9563333182746423f,-0.16510164735042449f,-0.38835528476048864f,0.38985936742461114f,0f,0f,0f,1f], start_interpolation: 0, interpolation_duration: 1 }
$data merge entity $(bone_left_bicep) { transformation: [-1.1692745392057868f,0.5314505094360094f,0.1218730138152518f,1.6952589132382274f,0.09078052424108245f,0.4741020415876486f,-1.1964454747676758f,1.0887696146179506f,-0.5376351661626317f,-1.0757709950048577f,-0.4670768865215338f,-1.3372702544221067f,0f,0f,0f,1f], start_interpolation: 0, interpolation_duration: 1 }
$data merge entity $(bone_left_shoulder) { transformation: [-1.117273684931749f,0.5078154437876832f,0.11645298573899746f,1.3743293750000003f,0.08674326468081893f,0.4530174200133442f,-1.1432362542688823f,1.1841725234969729f,-0.5137250518218107f,-1.0279285004770273f,-0.4463046929122595f,-1.5944447156315837f,0f,0f,0f,1f], start_interpolation: 0, interpolation_duration: 1 }
$data merge entity $(bone_right_fingers_2) { transformation: [-0.17183489978409971f,-0.31206439755850146f,-0.9343920906089892f,1.6927930086201526f,-0.17873306532719546f,0.9426344763651977f,-0.2819481075064238f,0.0978089396244158f,0.968776165362739f,0.11855823777434815f,-0.2177537271343665f,0.9582995053389219f,0f,0f,0f,1f], start_interpolation: 0, interpolation_duration: 1 }
$data merge entity $(bone_right_fingers) { transformation: [-0.17183489978409971f,-0.31206439755850146f,-0.9343920906089892f,1.1501110756332116f,-0.17873306532719546f,0.9426344763651977f,-0.2819481075064238f,-0.0616900080008151f,0.968776165362739f,0.11855823777434815f,-0.2177537271343665f,0.8468089100324923f,0f,0f,0f,1f], start_interpolation: 0, interpolation_duration: 1 }
$data merge entity $(bone_right_index_finger_2) { transformation: [-0.17183489978409971f,-0.271009770848455f,-0.9471148142230993f,1.7766762049616056f,-0.17873306532719546f,0.9540357009326426f,-0.24056261701416892f,0.15376159518635757f,0.968776165362739f,0.12794368077646118f,-0.21237503613757908f,0.5222231805635984f,0f,0f,0f,1f], start_interpolation: 0, interpolation_duration: 1 }
$data merge entity $(bone_right_index_finger) { transformation: [-0.17183489978409971f,-0.271009770848455f,-0.9471148142230993f,1.2292655972450208f,-0.17873306532719546f,0.9540357009326426f,-0.24056261701416892f,0.0206385969514271f,0.968776165362739f,0.12794368077646118f,-0.21237503613757908f,0.40056687576208744f,0f,0f,0f,1f], start_interpolation: 0, interpolation_duration: 1 }
$data merge entity $(bone_right_thumb) { transformation: [0.17251558588376764f,-0.11744117989617497f,-0.9779805426959035f,0.5013228166285533f,-0.1162374622687837f,0.983502176987538f,-0.1386085142626045f,-0.11086389903834361f,0.9781243402515314f,0.13759010547771136f,0.1560183895639832f,-0.02361438370185842f,0f,0f,0f,1f], start_interpolation: 0, interpolation_duration: 1 }
$data merge entity $(bone_right_hand) { transformation: [-0.17183489978409971f,0.06926646267927528f,-0.9826876026307081f,0.4591666352317607f,-0.17873306532719546f,0.9787775688827001f,0.10024451112562605f,-0.0833710255134602f,0.968776165362739f,0.19286427300039732f,-0.15580793826084482f,0.5996119909149125f,0f,0f,0f,1f], start_interpolation: 0, interpolation_duration: 1 }
$data merge entity $(bone_right_forearm) { transformation: [-0.343898554778537f,-0.7055192827979636f,-1.8410060015784957f,-1.7388505336426334f,-0.3577040690476077f,1.8601151025192673f,-0.646023510867121f,0.10541150312893155f,1.938842013995617f,0.21803926069986398f,-0.44573231629021304f,0.22819040481709663f,0f,0f,0f,1f], start_interpolation: 0, interpolation_duration: 1 }
$data merge entity $(bone_right_bicep) { transformation: [-1.1408582270567342f,-0.5976222885234852f,-0.0760639831196596f,-1.6794160149506432f,-0.26534326021230853f,0.6447067190080653f,-1.0855606036683858f,1.0207026020444985f,0.540861427287969f,-0.9442968125737368f,-0.6930137586990704f,-1.3527095011122385f,0f,0f,0f,1f], start_interpolation: 0, interpolation_duration: 1 }
$data merge entity $(bone_right_shoulder) { transformation: [-1.0901211243290803f,-0.5710443818861481f,-0.07268120861368693f,-1.3743293749999999f,-0.2535427157343021f,0.6160348382644695f,-1.037282738321776f,1.1841725234969729f,0.5168078322426571f,-0.9023013364938091f,-0.6621935310556195f,-1.594444715631584f,0f,0f,0f,1f], start_interpolation: 0, interpolation_duration: 1 }
$data merge entity $(bone_chest) { transformation: [-4.0674850000000005f,1.9396870419362918e-16f,4.588059639676809e-16f,1.3697219447028457e-16f,0f,3.746435007114864f,-1.583874667607654f,1.5904483360012303f,-4.981232485829872e-16f,-1.583874667607654f,-3.746435007114864f,-1.1184628463133204f,0f,0f,0f,1f], start_interpolation: 0, interpolation_duration: 1 }
$data merge entity $(bone_weist) { transformation: [-1.0999999999999999f,2.4357506977034698e-17f,1.3249077410926463e-16f,3.964747621872914e-16f,0f,1.0818692720342702f,-0.1988941382445399f,0.8489571917604107f,-1.3471114790620883e-16f,-0.1988941382445399f,-1.0818692720342702f,-3.2374621193909343f,0f,0f,0f,1f], start_interpolation: 0, interpolation_duration: 1 }
$data merge entity $(bone_right_fingers2) { transformation: [-0.9959928700829108f,-0.025988598432050265f,-0.08557333402143188f,1.1807786440173043f,0.02180632216783923f,-0.9985384808027393f,0.04945085105102143f,-0.02335678373618788f,-0.08673342526107403f,0.0473866553757018f,0.9951039231330496f,-10.132402690013699f,0f,0f,0f,1f], start_interpolation: 0, interpolation_duration: 1 }
$data merge entity $(bone_left_foot) { transformation: [-0.9959928700829108f,-0.06657252269188184f,0.05971852280862942f,1.1086775203512027f,0.02180632216783923f,0.46681828842118267f,0.8840843680944881f,0.2548178603711896f,-0.08673342526107403f,0.8818439685216181f,-0.46349598501446065f,-9.178855418523076f,0f,0f,0f,1f], start_interpolation: 0, interpolation_duration: 1 }
$data merge entity $(bone_left_knee) { transformation: [-1.5786628089804065f,0.06411925446599413f,0.12642137984868476f,0.9420213889058481f,0.03456332955892256f,1.5450423084422602f,-0.35202208724345835f,0.1290332353057504f,-0.13747370776232687f,-0.34785470366830556f,-1.5402493283049796f,-7.1115896201584174f,0f,0f,0f,1f], start_interpolation: 0, interpolation_duration: 1 }
$data merge entity $(bone_left_thigh) { transformation: [-1.5972272860846934f,-0.14273293702450723f,-0.014011380588422816f,0.7385400000000005f,0.03496978123219594f,-0.5395291247975181f,1.5097647006758723f,0.4612560881241736f,-0.1390903465313389f,1.5034093406969016f,0.5404796419091193f,-5.041237900918066f,0f,0f,0f,1f], start_interpolation: 0, interpolation_duration: 1 }
$data merge entity $(bone_left_fingers2) { transformation: [-0.9959928700829108f,0.025988598432050276f,0.08557333402143164f,-1.17757602310385f,-0.02180632216783923f,-0.9985384808027393f,0.04945085105102143f,-0.06616869810755888f,0.08673342526107378f,0.0473866553757018f,0.9951039231330496f,-10.087366363705549f,0f,0f,0f,1f], start_interpolation: 0, interpolation_duration: 1 }
$data merge entity $(bone_right_foot) { transformation: [-0.9959928700829108f,0.06657252269188162f,-0.059718522808629326f,-1.1054748994377486f,-0.02180632216783923f,0.46681828842118267f,0.8840843680944881f,0.2120059459998186f,0.08673342526107378f,0.8818439685216181f,-0.46349598501446065f,-9.133819092214926f,0f,0f,0f,1f], start_interpolation: 0, interpolation_duration: 1 }
$data merge entity $(bone_right_knee) { transformation: [-1.5786628089804065f,-0.06411925446599406f,-0.12642137984868437f,-0.9397467935137868f,-0.03456332955892256f,1.5450423084422602f,-0.35202208724345835f,0.11732835104588091f,0.13747370776232645f,-0.34785470366830556f,-1.5402493283049796f,-7.06938930409113f,0f,0f,0f,1f], start_interpolation: 0, interpolation_duration: 1 }
$data merge entity $(bone_right_thigh) { transformation: [-1.5972272860846934f,0.14273293702450687f,0.014011380588422682f,-0.7385399999999994f,-0.03496978123219594f,-0.5395291247975181f,1.5097647006758723f,0.444962615305309f,0.13909034653133848f,1.5034093406969016f,0.5404796419091193f,-5.0263112803852f,0f,0f,0f,1f], start_interpolation: 0, interpolation_duration: 1 }