# This file was generated by Animated Java via MC-Build. It is not recommended to edit this file directly.
$data merge entity $(bone_left_fingers_2) { transformation: [-0.39216055419736867f,0.15720256709224847f,0.9063649665731904f,-1.4924661595333113f,0.19654621240126782f,0.9768562805708706f,-0.08438834931411181f,0.23856800500054462f,-0.8986543752312838f,0.1450488193983391f,-0.41398206950159055f,1.4284967448171348f,0f,0f,0f,1f], start_interpolation: 0, interpolation_duration: 1 }
$data merge entity $(bone_left_fingers) { transformation: [-0.39216055419736867f,0.15720256709224847f,0.9063649665731904f,-0.9638066763443001f,0.19654621240126782f,0.9768562805708706f,-0.08438834931411181f,0.1928811459230904f,-0.8986543752312838f,0.1450488193983391f,-0.41398206950159055f,1.2031053367297353f,0f,0f,0f,1f], start_interpolation: 0, interpolation_duration: 1 }
$data merge entity $(bone_left_index_finger_2) { transformation: [-0.02390281654601295f,0.17525152132045269f,0.9842334883735846f,-1.6634490904990296f,0.23382673594023853f,0.958186572560299f,-0.16493498635729514f,0.3795845734170405f,-0.9719844201018359f,0.2261976932685525f,-0.06388184905968441f,0.8079567119622874f,0f,0f,0f,1f], start_interpolation: 0, interpolation_duration: 1 }
$data merge entity $(bone_left_index_finger) { transformation: [-0.02390281654601295f,0.17525152132045269f,0.9842334883735846f,-1.0952000805231368f,0.23382673594023853f,0.958186572560299f,-0.16493498635729514f,0.29007144328215817f,-0.9719844201018359f,0.2261976932685525f,-0.06388184905968441f,0.7724486172157433f,0f,0f,0f,1f], start_interpolation: 0, interpolation_duration: 1 }
$data merge entity $(bone_left_thumb) { transformation: [-0.2852502668740007f,0.15685267342569875f,0.9455313448466546f,-0.4213259086480142f,0.21099657499933286f,0.9725931888779829f,-0.09768794340504636f,0.1805854248167235f,-0.9349399609530351f,0.1716383633904955f,-0.31052784355959134f,0.2615379093383309f,0f,0f,0f,1f], start_interpolation: 0, interpolation_duration: 1 }
$data merge entity $(bone_left_hand) { transformation: [-0.2852502668740007f,-0.05151580047338855f,0.9570676086619472f,-0.30651376196842417f,0.21099657499933286f,0.9706823876106133f,0.11513534522947416f,0.18656822044880483f,-0.9349399609530351f,0.23478037542381047f,-0.2660177526575857f,0.8761324853588384f,0f,0f,0f,1f], start_interpolation: 0, interpolation_duration: 1 }
$data merge entity $(bone_left_forearm) { transformation: [-0.41873714614385726f,0.518496889855213f,1.887097933600815f,1.8529534248862491f,-0.054598801467009864f,1.9259650277159692f,-0.5412911566283796f,0.508973004731913f,-1.9562710974372548f,-0.1647365186477905f,-0.3888234896532646f,0.3886677689664295f,0f,0f,0f,1f], start_interpolation: 0, interpolation_duration: 1 }
$data merge entity $(bone_left_bicep) { transformation: [-1.169274491419763f,0.5317584105687104f,0.12052294393850886f,1.6952040271574456f,0.09214563129588235f,0.4737954703719799f,-1.1964625603833952f,1.0862389718019294f,-0.5374029864629052f,-1.0757539070603206f,-0.4673833384881381f,-1.338296172408093f,0f,0f,0f,1f], start_interpolation: 0, interpolation_duration: 1 }
$data merge entity $(bone_left_shoulder) { transformation: [-1.117273639270901f,0.5081096517102821f,0.11516295718237766f,1.3743293750000003f,0.08804766167083514f,0.4527244828627099f,-1.1432525800402848f,1.1820426058878948f,-0.5135031977918273f,-1.0279121724803757f,-0.4465975161171632f,-1.5953901403138504f,0f,0f,0f,1f], start_interpolation: 0, interpolation_duration: 1 }
$data merge entity $(bone_right_fingers_2) { transformation: [-0.17215193514350474f,-0.3131288224102811f,-0.9339775435214153f,1.6926097110708882f,-0.17920075741426134f,0.9422671589123922f,-0.28287751727085697f,0.09819044409076493f,0.9686334702912663f,0.1186715712001804f,-0.2183260369730987f,0.958641631345945f,0f,0f,0f,1f], start_interpolation: 0, interpolation_duration: 1 }
$data merge entity $(bone_right_fingers) { transformation: [-0.17215193514350474f,-0.3131288224102811f,-0.9339775435214153f,1.1501561759245913f,-0.17920075741426134f,0.9422671589123922f,-0.28287751727085697f,-0.06185270166592226f,0.9686334702912663f,0.1186715712001804f,-0.2183260369730987f,0.8468198927198167f,0f,0f,0f,1f], start_interpolation: 0, interpolation_duration: 1 }
$data merge entity $(bone_right_index_finger_2) { transformation: [-0.17215193514350474f,-0.27209126489362706f,-0.9467470912524277f,1.7766616687166725f,-0.17920075741426134f,0.9537092733691972f,-0.24150716434870667f,0.15436058678174996f,0.9686334702912663f,0.12808187013853334f,-0.21294185772955548f,0.5226257660286024f,0f,0f,0f,1f], start_interpolation: 0, interpolation_duration: 1 }
$data merge entity $(bone_right_index_finger) { transformation: [-0.17215193514350474f,-0.27209126489362706f,-0.9467470912524277f,1.2294567320249081f,-0.17920075741426134f,0.9537092733691972f,-0.24150716434870667f,0.020691337076515146f,0.9686334702912663f,0.12808187013853334f,-0.21294185772955548f,0.4006435888835044f,0f,0f,0f,1f], start_interpolation: 0, interpolation_duration: 1 }
$data merge entity $(bone_right_thumb) { transformation: [0.17212694478447202f,-0.1185591726800527f,-0.9779141258068547f,0.5018764283696964f,-0.11634175200527569f,0.9833362017575743f,-0.13969434868071998f,-0.11146037442880792f,0.9781804085236558f,0.13781740414914592f,0.15546527423860496f,-0.023957595833162815f,0f,0f,0f,1f], start_interpolation: 0, interpolation_duration: 1 }
$data merge entity $(bone_right_hand) { transformation: [-0.17215193514350474f,0.06812442204246993f,-0.9827119488170102f,0.4593647132785963f,-0.17920075741426134f,0.9787938815248458f,0.09924528216334288f,-0.08419573509154776f,0.9686334702912663f,0.19318799292633548f,-0.1562933127827052f,0.5992546547399468f,0f,0f,0f,1f], start_interpolation: 0, interpolation_duration: 1 }
$data merge entity $(bone_right_forearm) { transformation: [-0.3445330475506692f,-0.7076113333231822f,-1.8400842242475202f,-1.7386572193296634f,-0.3586400758368304f,1.8592995437590314f,-0.6478497316567888f,0.10235854344980533f,1.9385564338898578f,0.2182159017042723f,-0.4468865013559823f,0.22673700772492578f,0f,0f,0f,1f], start_interpolation: 0, interpolation_duration: 1 }
$data merge entity $(bone_right_bicep) { transformation: [-1.1408583933077008f,-0.5978131515722693f,-0.07454653404225464f,-1.6793685047535467f,-0.2667153689699884f,0.6443485441115526f,-1.0854370037766525f,1.018177255165737f,0.5401857660894862f,-0.9444204641046616f,-0.6933721573626687f,-1.3538627853689735f,0f,0f,0f,1f], start_interpolation: 0, interpolation_duration: 1 }
$data merge entity $(bone_right_shoulder) { transformation: [-1.090121283186409f,-0.5712267567302778f,-0.07123124466975285f,-1.3743293749999999f,-0.2548538030422165f,0.6156925923905888f,-1.0371646352571289f,1.1820426058878948f,0.5161622195557453f,-0.9024194889011108f,-0.662535990745048f,-1.5953901403138506f,0f,0f,0f,1f], start_interpolation: 0, interpolation_duration: 1 }
$data merge entity $(bone_chest) { transformation: [-4.0674850000000005f,1.928031945014031e-16f,4.592969616369377e-16f,1.3696183954957635e-16f,0f,3.750444307344111f,-1.5743575587315477f,1.5871086156744063f,-4.981232485829872e-16f,-1.5743575587315477f,-3.750444307344111f,-1.1183782919690355f,0f,0f,0f,1f], start_interpolation: 0, interpolation_duration: 1 }
$data merge entity $(bone_weist) { transformation: [-1.0999999999999999f,2.402104127765678e-17f,1.3255218951848959e-16f,3.9669412377886673e-16f,0f,1.082370766908284f,-0.1961466873091994f,0.850999890419985f,-1.3471114790620883e-16f,-0.1961466873091994f,-1.082370766908284f,-3.239253342719392f,0f,0f,0f,1f], start_interpolation: 0, interpolation_duration: 1 }
$data merge entity $(bone_right_fingers2) { transformation: [-0.9959928476633402f,-0.02598853063435814f,-0.08557361555373014f,1.1807801031878966f,0.021806213726551546f,-0.9985384678130855f,0.049451161163394985f,-0.0233583699783127f,-0.08673370997704713f,0.047386966277270015f,0.9951038835119954f,-10.132402412274244f,0f,0f,0f,1f], start_interpolation: 0, interpolation_duration: 1 }
$data merge entity $(bone_left_foot) { transformation: [-0.9959928476633402f,-0.06657280649933885f,0.05971858034374362f,1.108678691022296f,0.021806213726551546f,0.46681856398877675f,0.8840842252627114f,0.2548165720938758f,-0.08673370997704713f,0.8818438012200678f,-0.4634962500423919f,-9.178855249522316f,0f,0f,0f,1f], start_interpolation: 0, interpolation_duration: 1 }
$data merge entity $(bone_left_knee) { transformation: [-1.5786627734450693f,0.064119226125747f,0.12642183796237447f,0.9420219932511726f,0.03456315767794532f,1.5450422028125408f,-0.35202256773327545f,0.12903259216934537f,-0.1374741590411777f,-0.347855178060115f,-1.5402491808881817f,-7.111589457558973f,0f,0f,0f,1f], start_interpolation: 0, interpolation_duration: 1 }
$data merge entity $(bone_left_thigh) { transformation: [-1.5972272501314742f,-0.14273331253095967f,-0.014011653810292329f,0.7385400000000005f,0.03496960732996347f,-0.539528657368814f,1.5097648717439758f,0.4612560881241736f,-0.1390908031170582f,1.5034094727927103f,0.5404791569676923f,-5.041237900918066f,0f,0f,0f,1f], start_interpolation: 0, interpolation_duration: 1 }
$data merge entity $(bone_left_fingers2) { transformation: [-0.9959928476633402f,0.025988530634358135f,0.0855736155537299f,-1.1775774760287625f,-0.021806213726551546f,-0.9985384678130855f,0.049451161163394985f,-0.06617027501611095f,0.08673370997704688f,0.047386966277270015f,0.9951038835119954f,-10.087366078410085f,0f,0f,0f,1f], start_interpolation: 0, interpolation_duration: 1 }
$data merge entity $(bone_right_foot) { transformation: [-0.9959928476633402f,0.06657280649933864f,-0.05971858034374351f,-1.1054760638631622f,-0.021806213726551546f,0.46681856398877675f,0.8840842252627114f,0.21200466705607757f,0.08673370997704688f,0.8818438012200678f,-0.4634962500423919f,-9.133818915658157f,0f,0f,0f,1f], start_interpolation: 0, interpolation_duration: 1 }
$data merge entity $(bone_right_knee) { transformation: [-1.5786627734450693f,-0.06411922612574691f,-0.1264218379623741f,-0.9397473898805873f,-0.03456315767794532f,1.5450422028125408f,-0.35202256773327545f,0.11732771641474371f,0.1374741590411773f,-0.347855178060115f,-1.5402491808881817f,-7.069389143588033f,0f,0f,0f,1f], start_interpolation: 0, interpolation_duration: 1 }
$data merge entity $(bone_right_thigh) { transformation: [-1.5972272501314742f,0.1427333125309593f,0.014011653810292195f,-0.7385399999999994f,-0.03496960732996347f,-0.539528657368814f,1.5097648717439758f,0.444962615305309f,0.1390908031170578f,1.5034094727927103f,0.5404791569676923f,-5.0263112803852f,0f,0f,0f,1f], start_interpolation: 0, interpolation_duration: 1 }