# This file was generated by Animated Java via MC-Build. It is not recommended to edit this file directly.
$data merge entity $(bone_left_fingers_2) { transformation: [-0.3913373823670131f,0.15835761006914129f,0.9065196746322299f,-1.4937994300712694f,0.1981411930560203f,0.9764772749644014f,-0.08504233705886893f,0.2382134382186677f,-0.8986629628378324f,0.1463386442853943f,-0.41350922651404265f,1.2389214055374458f,0f,0f,0f,1f], start_interpolation: 0, interpolation_duration: 1 }
$data merge entity $(bone_left_fingers) { transformation: [-0.3913373823670131f,0.15835761006914129f,0.9065196746322299f,-0.9650554226545427f,0.1981411930560203f,0.9764772749644014f,-0.08504233705886893f,0.19212554840337026f,-0.8986629628378324f,0.1463386442853943f,-0.41350922651404265f,1.0138100861176316f,0f,0f,0f,1f], start_interpolation: 0, interpolation_duration: 1 }
$data merge entity $(bone_left_index_finger_2) { transformation: [-0.02557090173618276f,0.176193753476784f,0.984023317925018f,-1.6645261602945707f,0.23433586341651963f,0.9579750693381632f,-0.16544022982145531f,0.3796928717564406f,-0.9718193412878924f,0.22636149796797145f,-0.06578480171333861f,0.6198695120248908f,0f,0f,0f,1f], start_interpolation: 0, interpolation_duration: 1 }
$data merge entity $(bone_left_index_finger) { transformation: [-0.02557090173618276f,0.176193753476784f,0.984023317925018f,-1.096392825921536f,0.23433586341651963f,0.9579750693381632f,-0.16544022982145531f,0.2898873353470115f,-0.9718193412878924f,0.22636149796797145f,-0.06578480171333861f,0.5832656515447647f,0f,0f,0f,1f], start_interpolation: 0, interpolation_duration: 1 }
$data merge entity $(bone_left_thumb) { transformation: [-0.2851286909459827f,0.15936293462584405f,0.9451481813275996f,-0.42301789029014314f,0.21223725795091714f,0.9721004258518189f,-0.099880470544489f,0.179002095426236f,-0.9346961944594118f,0.172116870544847f,-0.31099647415516185f,0.07199859919861218f,0f,0f,0f,1f], start_interpolation: 0, interpolation_duration: 1 }
$data merge entity $(bone_left_hand) { transformation: [-0.2851286909459827f,-0.048982110722719185f,0.9572368476132631f,-0.3079230603465277f,0.21223725795091714f,0.970675854763323f,0.11288813629858835f,0.1843509001492113f,-0.9346961944594118f,0.235348970273167f,-0.26637170693310097f,0.6865461450816497f,0f,0f,0f,1f], start_interpolation: 0, interpolation_duration: 1 }
$data merge entity $(bone_left_forearm) { transformation: [-0.41972609261005744f,0.5232467976410303f,1.8855665539278628f,1.8521319009901245f,-0.05244655812291063f,1.9247531887640776f,-0.5457957074164951f,0.5016218632694387f,-1.9561180432361567f,-0.1638791763819271f,-0.3899541637488023f,0.1983177910055247f,0f,0f,0f,1f], start_interpolation: 0, interpolation_duration: 1 }
$data merge entity $(bone_left_bicep) { transformation: [-1.169274419740504f,0.5324739109984894f,0.11732215885156544f,1.6950752312399806f,0.09537654636744473f,0.47306907983912416f,-1.1964967963242923f,1.0802550841852085f,-0.5368391465370589f,-1.0757196676259337f,-0.4681095501474252f,-1.5282516753550222f,0f,0f,0f,1f], start_interpolation: 0, interpolation_duration: 1 }
$data merge entity $(bone_left_shoulder) { transformation: [-1.117273570779416f,0.5087933318683161f,0.11210451981043855f,1.3743293750000003f,0.09113488906411946f,0.4520303969144308f,-1.1432852934147413f,1.1770069523125213f,-0.5129644333780482f,-1.0278794557677948f,-0.44729143114687325f,-1.7851511863579095f,0f,0f,0f,1f], start_interpolation: 0, interpolation_duration: 1 }
$data merge entity $(bone_right_fingers_2) { transformation: [-0.17291178811321872f,-0.31564528374627243f,-0.9329895864264638f,1.6921295836216936f,-0.18030876447930616f,0.9413940615776816f,-0.2850718686195156f,0.09908581373339821f,0.9682924470341775f,0.11893391305683743f,-0.21969174163257293f,0.7719654420375646f,0f,0f,0f,1f], start_interpolation: 0, interpolation_duration: 1 }
$data merge entity $(bone_right_fingers) { transformation: [-0.17291178811321872f,-0.31564528374627243f,-0.9329895864264638f,1.150220429331244f,-0.18030876447930616f,0.9413940615776816f,-0.2850718686195156f,-0.06224227835531408f,0.9682924470341775f,0.11893391305683743f,-0.21969174163257293f,0.6593534412338915f,0f,0f,0f,1f], start_interpolation: 0, interpolation_duration: 1 }
$data merge entity $(bone_right_index_finger_2) { transformation: [-0.17291178811321872f,-0.27464842519925375f,-0.9458698409755217f,1.7765851426042576f,-0.18030876447930616f,0.9529327232911796f,-0.24373751113196016f,0.1557712827230649f,0.9682924470341775f,0.12840353350444125f,-0.2142948193497416f,0.3360942827659174f,0f,0f,0f,1f], start_interpolation: 0, interpolation_duration: 1 }
$data merge entity $(bone_right_index_finger) { transformation: [-0.17291178811321872f,-0.27464842519925375f,-0.9458698409755217f,1.2298709928627813f,-0.18030876447930616f,0.9529327232911796f,-0.24373751113196016f,0.020812143520947665f,0.9682924470341775f,0.12840353350444125f,-0.2142948193497416f,0.21333422486460282f,0f,0f,0f,1f], start_interpolation: 0, interpolation_duration: 1 }
$data merge entity $(bone_right_thumb) { transformation: [0.17119573939214128f,-0.12120360759361562f,-0.9777533964759573f,0.5031567506848189f,-0.11659125096483659f,0.9829386777737212f,-0.14226045105686705f,-0.11287169475007824f,0.9783141106068299f,0.1383518747351895f,0.1541436334878151f,-0.21226932397448905f,0f,0f,0f,1f], start_interpolation: 0, interpolation_duration: 1 }
$data merge entity $(bone_right_hand) { transformation: [-0.17291178811321872f,0.0654214401076661f,-0.9827622035394564f,0.45979741441832145f,-0.18030876447930616f,0.9788269866733361f,0.09688384598034278f,-0.08614887152922213f,0.9682924470341775f,0.19395299774490649f,-0.15745466548289017f,0.4109079978370591f,0f,0f,0f,1f], start_interpolation: 0, interpolation_duration: 1 }
$data merge entity $(bone_right_forearm) { transformation: [-0.34605376504436314f,-0.7125565670831957f,-1.8378891975937484f,-1.7382191622610046f,-0.3608575650013254f,1.8573622899301871f,-0.652160957090477f,0.09513973265907749f,1.9378739333884691f,0.21862121323984948f,-0.44964002895827826f,0.03576817984782843f,0f,0f,0f,1f], start_interpolation: 0, interpolation_duration: 1 }
$data merge entity $(bone_right_bicep) { transformation: [-1.1408586426839633f,-0.5982501755258851f,-0.07095004163256964f,-1.6792572504661514f,-0.26995892014880235f,0.6435024998583413f,-1.0851370132933762f,1.0122069358922179f,0.5385715944575133f,-0.9447205320466069f,-0.6942185372663127f,-1.5441197934101605f,0f,0f,0f,1f], start_interpolation: 0, interpolation_duration: 1 }
$data merge entity $(bone_right_shoulder) { transformation: [-1.0901215214722235f,-0.5716443450268565f,-0.06779469816791318f,-1.3743293749999999f,-0.2579531045803135f,0.6148841740519472f,-1.0368779861756205f,1.1770069523125213f,0.5146198345752329f,-0.9027062119964883f,-0.6633447298068246f,-1.78515118635791f,0f,0f,0f,1f], start_interpolation: 0, interpolation_duration: 1 }
$data merge entity $(bone_chest) { transformation: [-4.0674850000000005f,1.9003742579979032e-16f,4.604482029221721e-16f,1.5990358208503973e-16f,0f,3.759844905835332f,-1.5517733434007404f,1.5791968145624287f,-4.981232485829872e-16f,-1.5517733434007404f,-3.759844905835332f,-1.3057118362320532f,0f,0f,0f,1f], start_interpolation: 0, interpolation_duration: 1 }
$data merge entity $(bone_weist) { transformation: [-1.0999999999999999f,2.3223417813707853e-17f,1.326942584864109e-16f,4.2017332870741825e-16f,0f,1.0835308480681762f,-0.189633597457462f,0.8558566672682303f,-1.3471114790620883e-16f,-0.189633597457462f,-1.0835308480681762f,-3.430975600474841f,0f,0f,0f,1f], start_interpolation: 0, interpolation_duration: 1 }
$data merge entity $(bone_right_fingers2) { transformation: [-0.9959928140338096f,-0.025988428938157882f,-0.08557403785225785f,1.1807822919441169f,0.02180605106461895f,-0.9985384483284018f,0.04945162633195366f,-0.023360749341444165f,-0.08673413705099374f,0.04738743262969919f,0.9951038240800734f,-10.319901995663297f,0f,0f,0f,1f], start_interpolation: 0, interpolation_duration: 1 }
$data merge entity $(bone_left_foot) { transformation: [-0.9959928140338096f,-0.06657323221045434f,0.059718666646755125f,1.1086804470292675f,0.02180605106461895f,0.4668189773400806f,0.8840840110148631f,0.25481463967791246f,-0.08673413705099374f,0.881843550267401f,-0.4634966475842143f,-9.366354996019759f,0f,0f,0f,1f], start_interpolation: 0, interpolation_duration: 1 }
$data merge entity $(bone_left_knee) { transformation: [-1.5786627201417869f,0.06411918361592586f,0.12642252513294142f,0.9420228997692452f,0.03456289985647778f,1.5450420443676456f,-0.3520232884679427f,0.12903162746478802f,-0.1374748359594333f,-0.34785588964785497f,-1.540248959762432f,-7.299089213659077f,0f,0f,0f,1f], start_interpolation: 0, interpolation_duration: 1 }
$data merge entity $(bone_left_thigh) { transformation: [-1.5972271962013653f,-0.14273387579096472f,-0.014012063642645211f,0.7385400000000005f,0.03496934647661305f,-0.5395279562256354f,1.5097651283458289f,0.4612560881241736f,-0.13909148799561627f,1.5034096709359657f,0.5404784295552294f,-5.228737900918066f,0f,0f,0f,1f], start_interpolation: 0, interpolation_duration: 1 }
$data merge entity $(bone_left_fingers2) { transformation: [-0.9959928140338096f,0.025988428938157865f,0.08557403785225762f,-1.1775796554164515f,-0.02180605106461895f,-0.9985384483284018f,0.04945162633195366f,-0.06617264037887766f,0.08673413705099349f,0.04738743262969919f,0.9951038240800734f,-10.274865650465134f,0f,0f,0f,1f], start_interpolation: 0, interpolation_duration: 1 }
$data merge entity $(bone_right_foot) { transformation: [-0.9959928140338096f,0.06657323221045414f,-0.059718666646755014f,-1.1054778105016023f,-0.02180605106461895f,0.4668189773400806f,0.8840840110148631f,0.21200274864047897f,0.08673413705099349f,0.881843550267401f,-0.4634966475842143f,-9.321318650821595f,0f,0f,0f,1f], start_interpolation: 0, interpolation_duration: 1 }
$data merge entity $(bone_right_knee) { transformation: [-1.5786627201417869f,-0.06411918361592579f,-0.12642252513294103f,-0.9397482844308725f,-0.03456289985647778f,1.5450420443676456f,-0.3520232884679427f,0.11732676446808743f,0.1374748359594329f,-0.34785588964785497f,-1.540248959762432f,-7.256888902832668f,0f,0f,0f,1f], start_interpolation: 0, interpolation_duration: 1 }
$data merge entity $(bone_right_thigh) { transformation: [-1.5972271962013653f,0.14273387579096436f,0.014012063642645078f,-0.7385399999999994f,-0.03496934647661305f,-0.5395279562256354f,1.5097651283458289f,0.444962615305309f,0.13909148799561585f,1.5034096709359657f,0.5404784295552294f,-5.2138112803852f,0f,0f,0f,1f], start_interpolation: 0, interpolation_duration: 1 }