# This file was generated by Animated Java via MC-Build. It is not recommended to edit this file directly.
$data merge entity $(bone_left_fingers_2) { transformation: [-0.3904911248648276f,0.16048702394096448f,0.9065101193855335f,-1.4954366916924353f,0.200308269034485f,0.9759080261211353f,-0.08648769801976747f,0.23804628581011925f,-0.8985506545310677f,0.1478087943896519f,-0.413230300852766f,1.2362729703294901f,0f,0f,0f,1f], start_interpolation: 0, interpolation_duration: 1 }
$data merge entity $(bone_left_fingers) { transformation: [-0.3904911248648276f,0.16048702394096448f,0.9065101193855335f,-0.966697509885691f,0.200308269034485f,0.9759080261211353f,-0.08648769801976747f,0.19109231281230332f,-0.8985506545310677f,0.1478087943896519f,-0.413230300852766f,1.0113293615300598f,0f,0f,0f,1f], start_interpolation: 0, interpolation_duration: 1 }
$data merge entity $(bone_left_index_finger_2) { transformation: [-0.027199398620493753f,0.17810845579987633f,0.9836348767135432f,-1.6658864485250704f,0.23509238031341262f,0.9575394435404496f,-0.16688255385995393f,0.38028643803011103f,-0.9715923864632006f,0.22670595942063393f,-0.06791643784764159f,0.6187750902398705f,0f,0f,0f,1f], start_interpolation: 0, interpolation_duration: 1 }
$data merge entity $(bone_left_index_finger) { transformation: [-0.027199398620493753f,0.17810845579987633f,0.9836348767135432f,-1.09796590596311f,0.23509238031341262f,0.9575394435404496f,-0.16688255385995393f,0.28964713890348315f,-0.9715923864632006f,0.22670595942063393f,-0.06791643784764159f,0.5809447137202205f,0f,0f,0f,1f], start_interpolation: 0, interpolation_duration: 1 }
$data merge entity $(bone_left_thumb) { transformation: [-0.28497887886549544f,0.16284828878474816f,0.9445991072621468f,-0.4253028830578697f,0.21395891688722882f,0.9714057280933595f,-0.10291983925295782f,0.17682373511248325f,-0.9343493032506683f,0.1727754214791271f,-0.3116729588008891f,0.06916480364500943f,0f,0f,0f,1f], start_interpolation: 0, interpolation_duration: 1 }
$data merge entity $(bone_left_hand) { transformation: [-0.28497887886549544f,-0.0454605319952322f,0.9574551575041392f,-0.30980263934761787f,0.21395891688722882f,0.9706554639054603f,0.10977045264970031f,0.18129109934332988f,-0.9343493032506683f,0.23613832899634604f,-0.2668896196816282f,0.6836433241014038f,0f,0f,0f,1f], start_interpolation: 0, interpolation_duration: 1 }
$data merge entity $(bone_left_forearm) { transformation: [-0.4211395581016909f,0.529827999675774f,1.8834123809490517f,1.8510332997997545f,-0.04945457438766862f,1.923051613591155f,-0.5520372903049988f,0.491438432041847f,-1.9558921624222392f,-0.16270591745452664f,-0.39157510997410655f,0.19429487783096455f,0f,0f,0f,1f], start_interpolation: 0, interpolation_duration: 1 }
$data merge entity $(bone_left_bicep) { transformation: [-1.1692743480609775f,0.5334358121946952f,0.11286875894539537f,1.6948990958868233f,0.0998590206170915f,0.4720594742346378f,-1.1965298376128464f,1.0719671312705723f,-0.5360235988080032f,-1.0756866228435749f,-0.46911897687837517f,-1.5317218844773237f,0f,0f,0f,1f], start_interpolation: 0, interpolation_duration: 1 }
$data merge entity $(bone_left_shoulder) { transformation: [-1.117273502287675f,0.5097124546730897f,0.10784917484498588f,1.3743293750000003f,0.09541801535703973f,0.4510656912476005f,-1.1433168652663295f,1.1700340962648157f,-0.5121851552992673f,-1.0278478805777806f,-0.44825596589516514f,-1.788342443790345f,0f,0f,0f,1f], start_interpolation: 0, interpolation_duration: 1 }
$data merge entity $(bone_right_fingers_2) { transformation: [-0.17398842197600037f,-0.3191293234843654f,-0.9316031901570064f,1.6913542778534736f,-0.18184857263306814f,0.940174330461523f,-0.2881029763340575f,0.10030857698879785f,0.9678115134930028f,0.11928412817151267f,-0.22161266010033148f,0.7731418624927515f,0f,0f,0f,1f], start_interpolation: 0, interpolation_duration: 1 }
$data merge entity $(bone_right_fingers) { transformation: [-0.17398842197600037f,-0.3191293234843654f,-0.9316031901570064f,1.150209182551543f,-0.18184857263306814f,0.940174330461523f,-0.2881029763340575f,-0.0627946478922294f,0.9678115134930028f,0.11928412817151267f,-0.22161266010033148f,0.6594182000919362f,0f,0f,0f,1f], start_interpolation: 0, interpolation_duration: 1 }
$data merge entity $(bone_right_index_finger_2) { transformation: [-0.17398842197600037f,-0.2781896226594353f,-0.9446367359270448f,1.776379638661865f,-0.18184857263306814f,0.9518463681503199f,-0.2468189378276336f,0.15771037502326118f,0.9678115134930028f,0.12883720457867104f,-0.21619863336001133f,0.3374752779074073f,0f,0f,0f,1f], start_interpolation: 0, interpolation_duration: 1 }
$data merge entity $(bone_right_index_finger) { transformation: [-0.17398842197600037f,-0.2781896226594353f,-0.9446367359270448f,1.2303556707199403f,-0.18184857263306814f,0.9518463681503199f,-0.2468189378276336f,0.020969058324700432f,0.9678115134930028f,0.12883720457867104f,-0.21619863336001133f,0.21362051886216277f,0f,0f,0f,1f], start_interpolation: 0, interpolation_duration: 1 }
$data merge entity $(bone_right_thumb) { transformation: [0.16987703678203026f,-0.12486794546262546f,-0.9775222701146498f,0.5048619835382713f,-0.1169439627092571f,0.9823763477469161f,-0.1458109082794757f,-0.11482942884340229f,0.9785018660994022f,0.13908525293276963f,0.15228063060223682f,-0.21339355576067015f,0f,0f,0f,1f], start_interpolation: 0, interpolation_duration: 1 }
$data merge entity $(bone_right_hand) { transformation: [-0.17398842197600037f,0.06167205622017191f,-0.9828146246876245f,0.46031226275543213f,-0.18184857263306814f,0.9788600567640192f,0.09361669671194639f,-0.08886220861572036f,0.9678115134930028f,0.19501165799386638f,-0.1590953412167252f,0.40973174591981537f,0f,0f,0f,1f], start_interpolation: 0, interpolation_duration: 1 }
$data merge entity $(bone_right_forearm) { transformation: [-0.34820846603875627f,-0.7194016201876254f,-1.834813054585375f,-1.7376578551022641f,-0.363939231178454f,1.8546589211693987f,-0.6581149552795156f,0.08514171331878084f,1.9369114260633429f,0.21915375247698107f,-0.45351133677901107f,0.03088836328963951f,0f,0f,0f,1f], start_interpolation: 0, interpolation_duration: 1 }
$data merge entity $(bone_right_bicep) { transformation: [-1.1408588920600011f,-0.598821579263091f,-0.06594943614311892f,-1.6791058254902997f,-0.2744488293458511f,0.6423331772789731f,-1.084703440092499f,1.0039404610870637f,0.5362969811489057f,-0.945154182706011f,-0.6953881954958782f,-1.5480084956790992f,0f,0f,0f,1f], start_interpolation: 0, interpolation_duration: 1 }
$data merge entity $(bone_right_shoulder) { transformation: [-1.090121759757823f,-0.5721903368685033f,-0.06301648335628866f,-1.3743293749999999f,-0.26224333516807863f,0.6137668544633312f,-1.0364636951673167f,1.1700340962648157f,0.512446379575666f,-0.9031205770185254f,-0.6644623701183505f,-1.7883424437903452f,0f,0f,0f,1f], start_interpolation: 0, interpolation_duration: 1 }
$data merge entity $(bone_chest) { transformation: [-4.0674850000000005f,1.8618378814127243e-16f,4.620198781570271e-16f,1.598849343682158e-16f,0f,3.7726786080582864f,-1.5203060039098688f,1.5682042467337385f,-4.981232485829872e-16f,-1.5203060039098688f,-3.7726786080582864f,-1.3055595660686323f,0f,0f,0f,1f], start_interpolation: 0, interpolation_duration: 1 }
$data merge entity $(bone_weist) { transformation: [-1.0999999999999999f,2.2113958227756642e-17f,1.3288365671409524e-16f,4.2088570528160915e-16f,0f,1.0850774019628682f,-0.1805741724320289f,0.8626457405372902f,-1.3471114790620883e-16f,-0.1805741724320289f,-1.0850774019628682f,-3.436792596646202f,0f,0f,0f,1f], start_interpolation: 0, interpolation_duration: 1 }
$data merge entity $(bone_right_fingers2) { transformation: [-0.9959927804040695f,-0.02598832724236313f,-0.08557446015088203f,1.1807844807007364f,0.021805888402685103f,-0.9985384288434748f,0.04945209150050994f,-0.02336312870450663f,-0.08673456412492478f,0.047387898982219234f,0.995103764647743f,-10.319901579050233f,0f,0f,0f,1f], start_interpolation: 0, interpolation_duration: 1 }
$data merge entity $(bone_left_foot) { transformation: [-0.9959927804040695f,-0.0665736579214859f,0.059718752950174925f,1.108682203036637f,0.021805888402685103f,0.4668193906912794f,0.8840837967667954f,0.25481270726195965f,-0.08673456412492478f,0.8818432993143258f,-0.4634970451259466f,-9.366354742515501f,0f,0f,0f,1f], start_interpolation: 0, interpolation_duration: 1 }
$data merge entity $(bone_left_knee) { transformation: [-1.5786626668381725f,0.06411914110676428f,0.12642321230354728f,0.9420238062874209f,0.03456264203500826f,1.5450418859223713f,-0.35202400920253907f,0.12903066276029151f,-0.1374755128776642f,-0.34785660123562456f,-1.5402487386360197f,-7.299088969758303f,0f,0f,0f,1f], start_interpolation: 0, interpolation_duration: 1 }
$data merge entity $(bone_left_thigh) { transformation: [-1.5972271422709206f,-0.14273443905136152f,-0.014012473474456458f,0.7385400000000005f,0.034969085623260635f,-0.5395272550823115f,1.5097653849473198f,0.4612560881241736f,-0.13909217287414935f,1.503409869078672f,0.5404777021423808f,-5.228737900918066f,0f,0f,0f,1f], start_interpolation: 0, interpolation_duration: 1 }
$data merge entity $(bone_left_fingers2) { transformation: [-0.9959927804040695f,0.025988327242363128f,0.08557446015088178f,-1.1775818348045257f,-0.021805888402685103f,-0.9985384288434748f,0.04945209150050994f,-0.0661750057415687f,0.08673456412492453f,0.047387898982219234f,0.995103764647743f,-10.274865222518077f,0f,0f,0f,1f], start_interpolation: 0, interpolation_duration: 1 }
$data merge entity $(bone_right_foot) { transformation: [-0.9959927804040695f,0.06657365792148567f,-0.059718752950174814f,-1.1054795571404266f,-0.021805888402685103f,0.4668193906912794f,0.8840837967667954f,0.21200083022489757f,0.08673456412492453f,0.8818432993143258f,-0.4634970451259466f,-9.321318385983345f,0f,0f,0f,1f], start_interpolation: 0, interpolation_duration: 1 }
$data merge entity $(bone_right_knee) { transformation: [-1.5786626668381725f,-0.0641191411067642f,-0.12642321230354692f,-0.9397491789812595f,-0.03456264203500826f,1.5450418859223713f,-0.35202400920253907f,0.11732581252149121f,0.1374755128776638f,-0.34785660123562456f,-1.5402487386360197f,-7.256888662076439f,0f,0f,0f,1f], start_interpolation: 0, interpolation_duration: 1 }
$data merge entity $(bone_right_thigh) { transformation: [-1.5972271422709206f,0.14273443905136116f,0.014012473474456324f,-0.7385399999999994f,-0.034969085623260635f,-0.5395272550823115f,1.5097653849473198f,0.444962615305309f,0.13909217287414896f,1.503409869078672f,0.5404777021423808f,-5.2138112803852f,0f,0f,0f,1f], start_interpolation: 0, interpolation_duration: 1 }