# This file was generated by Animated Java via MC-Build. It is not recommended to edit this file directly.
$data merge entity $(bone_left_fingers_2) { transformation: [-0.39020759858879156f,0.16138117545779437f,0.9064734669097763f,-1.4960225483245635f,0.20113819351359638f,0.9756811640688366f,-0.08711884521369022f,0.23802858263443902f,-0.8984884290371555f,0.1483320002195766f,-0.41317812211829896f,1.42278623375752f,0f,0f,0f,1f], start_interpolation: 0, interpolation_duration: 1 }
$data merge entity $(bone_left_fingers) { transformation: [-0.39020759858879156f,0.16138117545779437f,0.9064734669097763f,-0.9673032165199863f,0.20113819351359638f,0.9756811640688366f,-0.08711884521369022f,0.190698141985649f,-0.8984884290371555f,0.1483320002195766f,-0.41317812211829896f,1.1978748675223538f,0f,0f,0f,1f], start_interpolation: 0, interpolation_duration: 1 }
$data merge entity $(bone_left_index_finger_2) { transformation: [-0.027738745174175683f,0.17893101335431152f,0.9834705153059555f,-1.66637825075511f,0.23539246978451578f,0.9573509585482786f,-0.16753962914915943f,0.38057822149332243f,-0.9715044761527907f,0.22685421447857496f,-0.06867472743594102f,0.8058196830318611f,0f,0f,0f,1f], start_interpolation: 0, interpolation_duration: 1 }
$data merge entity $(bone_left_index_finger) { transformation: [-0.027738745174175683f,0.17893101335431152f,0.9834705153059555f,-1.0985476752863943f,0.23539246978451578f,0.9573509585482786f,-0.16753962914915943f,0.2895591452361269f,-0.9715044761527907f,0.22685421447857496f,-0.06867472743594102f,0.7675531451977402f,0f,0f,0f,1f], start_interpolation: 0, interpolation_duration: 1 }
$data merge entity $(bone_left_thumb) { transformation: [-0.28492691184023433f,0.1641945310361198f,0.9443817082552034f,-0.42616546808887956f,0.2146236162832626f,0.9711341284399138f,-0.10409230477198576f,0.1759885409982863f,-0.934212694327519f,0.17302791843248255f,-0.31194227222394844f,0.25556952780276543f,0f,0f,0f,1f], start_interpolation: 0, interpolation_duration: 1 }
$data merge entity $(bone_left_hand) { transformation: [-0.28492691184023433f,-0.04409914730346859f,0.9575342918748626f,-0.3105046146648145f,0.2146236162832626f,0.9706440702325603f,0.10856699432085004f,0.18011507869625687f,-0.934212694327519f,0.23644313085703225f,-0.2670978989581201f,0.8700202210356907f,0f,0f,0f,1f], start_interpolation: 0, interpolation_duration: 1 }
$data merge entity $(bone_left_forearm) { transformation: [-0.4216980816105022f,0.5323657362459843f,1.8825716146239933f,1.850622042438307f,-0.048297709141683236f,1.9223884767225463f,-0.5544441443524576f,0.4875122760455092f,-1.9558007292688036f,-0.16225813010858492f,-0.392217082692707f,0.38022050607220037f,0f,0f,0f,1f], start_interpolation: 0, interpolation_duration: 1 }
$data merge entity $(bone_left_bicep) { transformation: [-1.1692743241677424f,0.5337975349831908f,0.11114571516279921f,1.6948318987545226f,0.10158931945866187f,0.47166921425581415f,-1.1965380838094293f,1.068772259271266f,-0.5356984119120637f,-1.0756783754823203f,-0.4695091772326939f,-1.3455812169134633f,0f,0f,0f,1f], start_interpolation: 0, interpolation_duration: 1 }
$data merge entity $(bone_left_shoulder) { transformation: [-1.1172734794570378f,0.51005809065444f,0.10620275955778774f,1.3743293750000003f,0.09707136305078799f,0.45069278720325356f,-1.1433247447318733f,1.1673467317187365f,-0.5118744303588572f,-1.0278399999993617f,-0.44862881296667284f,-1.602091241441649f,0f,0f,0f,1f], start_interpolation: 0, interpolation_duration: 1 }
$data merge entity $(bone_right_fingers_2) { transformation: [-0.17441103446964196f,-0.3204719117051282f,-0.9310631261430612f,1.6910208649579554f,-0.18244379039998865f,0.9397009146956566f,-0.2892688269838826f,0.1007742904263509f,0.967623405256257f,0.11941501048112399f,-0.2223623189123524f,0.9611064108190485f,0f,0f,0f,1f], start_interpolation: 0, interpolation_duration: 1 }
$data merge entity $(bone_right_fingers) { transformation: [-0.17441103446964196f,-0.3204719117051282f,-0.9310631261430612f,1.150173445430875f,-0.18244379039998865f,0.9397009146956566f,-0.2892688269838826f,-0.06301176671770929f,0.967623405256257f,0.11941501048112399f,-0.2223623189123524f,0.8469488714189629f,0f,0f,0f,1f], start_interpolation: 0, interpolation_duration: 1 }
$data merge entity $(bone_right_index_finger_2) { transformation: [-0.17441103446964196f,-0.2795544902951315f,-0.9441557488100459f,1.776269258976542f,-0.18244379039998865f,0.9514242566624672f,-0.24800432895164753f,0.15845304080011266f,0.967623405256257f,0.12900066197543814f,-0.21694186965679174f,0.5255199964360715f,0f,0f,0f,1f], start_interpolation: 0, interpolation_duration: 1 }
$data merge entity $(bone_right_index_finger) { transformation: [-0.17441103446964196f,-0.2795544902951315f,-0.9441557488100459f,1.2305145995255065f,-0.18244379039998865f,0.9514242566624672f,-0.24800432895164753f,0.021026115615214308f,0.967623405256257f,0.12900066197543814f,-0.21694186965679174f,0.4012378395535779f,0f,0f,0f,1f], start_interpolation: 0, interpolation_duration: 1 }
$data merge entity $(bone_right_thumb) { transformation: [0.1693596318331142f,-0.12628098763220258f,-0.9774305229876891f,0.5054979898342162f,-0.11708220496895369f,0.982155938598866f,-0.14717835966808734f,-0.11558517454825291f,0.9785750213371278f,0.13936579364254517f,0.15155231168617514f,-0.026326904380266747f,0f,0f,0f,1f], start_interpolation: 0, interpolation_duration: 1 }
$data merge entity $(bone_right_hand) { transformation: [-0.17441103446964196f,0.060224992891865003f,-0.982829456867469f,0.4604842614334923f,-0.18244379039998865f,0.9788688293558674f,0.09235842278839057f,-0.0899108596220819f,0.967623405256257f,0.195419459488171f,-0.1597378491580401f,0.5967771876871147f,0f,0f,0f,1f], start_interpolation: 0, interpolation_duration: 1 }
$data merge entity $(bone_right_forearm) { transformation: [-0.34905425362892156f,-0.7220388806721436f,-1.833616032610927f,-1.7374557356705576f,-0.36513045909594727f,1.8536105860954033f,-0.6604046601758663f,0.08128770974493893f,1.9365349591707612f,0.21934999917788153f,-0.4550216500307698f,0.21648370709143605f,0f,0f,0f,1f], start_interpolation: 0, interpolation_duration: 1 }
$data merge entity $(bone_right_bicep) { transformation: [-1.140858975185297f,-0.5990312203777993f,-0.0640157735480008f,-1.6790482959629491f,-0.2761787850925852f,0.641883264991689f,-1.084530670981464f,1.0007547238715424f,0.53540797614067f,-0.9453269776365236f,-0.69583821966651f,-1.3620294386420748f,0f,0f,0f,1f], start_interpolation: 0, interpolation_duration: 1 }
$data merge entity $(bone_right_shoulder) { transformation: [-1.0901218391863086f,-0.5723906546663257f,-0.061168816054365055f,-1.3743293749999999f,-0.2638963550253615f,0.6133369510127255f,-1.0362986095737658f,1.1673467317187365f,0.5115969110649184f,-0.9032856872832905f,-0.664892380476544f,-1.6020912414416493f,0f,0f,0f,1f], start_interpolation: 0, interpolation_duration: 1 }
$data merge entity $(bone_chest) { transformation: [-4.0674850000000005f,1.846911168632557e-16f,4.626185925043131e-16f,1.3691861388656002e-16f,0f,3.777567481713146f,-1.5081174179514032f,1.5639560695380914f,-4.981232485829872e-16f,-1.5081174179514032f,-3.777567481713146f,-1.1180253276445755f,0f,0f,0f,1f], start_interpolation: 0, interpolation_duration: 1 }
$data merge entity $(bone_weist) { transformation: [-1.0999999999999999f,2.168480803741993e-17f,1.329543623601299e-16f,3.9819699922976054e-16f,0f,1.0856547573773752f,-0.1770698951935998f,0.865282248104754f,-1.3471114790620883e-16f,-0.1770698951935998f,-1.0856547573773752f,-3.2515252520726863f,0f,0f,0f,1f], start_interpolation: 0, interpolation_duration: 1 }
$data merge entity $(bone_right_fingers2) { transformation: [-0.9959927691941096f,-0.025988293343855016f,-0.08557460091711153f,1.180785210286365f,0.021805834182040195f,-0.998538422348445f,0.04945224655669511f,-0.023363921825513112f,-0.08673470648289833f,0.04738805443307975f,0.9951037448368755f,-10.132401440178745f,0f,0f,0f,1f], start_interpolation: 0, interpolation_duration: 1 }
$data merge entity $(bone_left_foot) { transformation: [-0.9959927691941096f,-0.06657379982514441f,0.05971878171807227f,1.1086827883725154f,0.021805834182040195f,0.4668195284749893f,0.8840837253507239f,0.25481206312331034f,-0.08673470648289833f,0.8818432156632099f,-0.46349717763983767f,-9.178854658013707f,0f,0f,0f,1f], start_interpolation: 0, interpolation_duration: 1 }
$data merge entity $(bone_left_knee) { transformation: [-1.5786626490702274f,0.06411912693719034f,0.12642344136042458f,0.942024108460169f,0.03456255609451795f,1.5450418331071958f,-0.3520242494473891f,0.1290303411921392f,-0.137475738517069f,-0.3478568384315548f,-1.5402486649270686f,-7.111588888457852f,0f,0f,0f,1f], start_interpolation: 0, interpolation_duration: 1 }
$data merge entity $(bone_left_thigh) { transformation: [-1.597227124294031f,-0.14273462680491422f,-0.014012610084939852f,0.7385400000000005f,0.0349689986721427f,-0.5395270213678376f,1.5097654704810701f,0.4612560881241736f,-0.13909240116698815f,1.503409935126119f,0.5404774596713455f,-5.041237900918066f,0f,0f,0f,1f], start_interpolation: 0, interpolation_duration: 1 }
$data merge entity $(bone_left_fingers2) { transformation: [-0.9959927691941096f,0.025988293343855006f,0.08557460091711128f,-1.1775825612673025f,-0.021805834182040195f,-0.998538422348445f,0.04945224655669511f,-0.06617579419578334f,0.08673470648289808f,0.04738805443307975f,0.9951037448368755f,-10.087365079868592f,0f,0f,0f,1f], start_interpolation: 0, interpolation_duration: 1 }
$data merge entity $(bone_right_foot) { transformation: [-0.9959927691941096f,0.06657379982514419f,-0.059718781718072156f,-1.1054801393534532f,-0.021805834182040195f,0.4668195284749893f,0.8840837253507239f,0.2120001907530401f,0.08673470648289808f,0.8818432156632099f,-0.46349717763983767f,-9.133818297703554f,0f,0f,0f,1f], start_interpolation: 0, interpolation_duration: 1 }
$data merge entity $(bone_right_knee) { transformation: [-1.5786626490702274f,-0.06411912693719025f,-0.12642344136042422f,-0.9397494771647446f,-0.03456255609451795f,1.5450418331071958f,-0.3520242494473891f,0.11732549520597191f,0.13747573851706862f,-0.3478568384315548f,-1.5402486649270686f,-7.069388581824171f,0f,0f,0f,1f], start_interpolation: 0, interpolation_duration: 1 }
$data merge entity $(bone_right_thigh) { transformation: [-1.597227124294031f,0.14273462680491386f,0.014012610084939718f,-0.7385399999999994f,-0.0349689986721427f,-0.5395270213678376f,1.5097654704810701f,0.444962615305309f,0.13909240116698776f,1.503409935126119f,0.5404774596713455f,-5.0263112803852f,0f,0f,0f,1f], start_interpolation: 0, interpolation_duration: 1 }