# This file was generated by Animated Java via MC-Build. It is not recommended to edit this file directly.
$data merge entity $(bone_left_fingers_2) { transformation: [-0.4053334510540569f,0.21533503100363222f,0.8884456189769145f,-1.494605246580306f,0.2143304366065451f,0.9671581507363319f,-0.13662933582626408f,0.2597523869680749f,-0.8886885041456631f,0.135040497210811f,-0.4381744021647096f,1.4196612367638366f,0f,0f,0f,1f], start_interpolation: 0, interpolation_duration: 1 }
$data merge entity $(bone_left_fingers) { transformation: [-0.4053334510540569f,0.21533503100363222f,0.8884456189769145f,-0.9757556880940403f,0.2143304366065451f,0.9671581507363319f,-0.13662933582626408f,0.18365727388950315f,-0.8886885041456631f,0.135040497210811f,-0.4381744021647096f,1.1801323355393236f,0f,0f,0f,1f], start_interpolation: 0, interpolation_duration: 1 }
$data merge entity $(bone_left_index_finger_2) { transformation: [0.01193237896139121f,0.23718806775707846f,0.971390466725912f,-1.668043279669965f,0.24245071212529723f,0.9417844140090281f,-0.23293726563091474f,0.4171263721587154f,-0.9700903414230336f,0.23829380613716053f,-0.04626868740743942f,0.7764241504971345f,0f,0f,0f,1f], start_interpolation: 0, interpolation_duration: 1 }
$data merge entity $(bone_left_index_finger) { transformation: [0.01193237896139121f,0.23718806775707846f,0.971390466725912f,-1.10683771979993f,0.24245071212529723f,0.9417844140090281f,-0.23293726563091474f,0.28832716469271696f,-0.9700903414230336f,0.23829380613716053f,-0.04626868740743942f,0.7511368745515647f,0f,0f,0f,1f], start_interpolation: 0, interpolation_duration: 1 }
$data merge entity $(bone_left_thumb) { transformation: [-0.2845742886423651f,0.18976252077956687f,0.9396848726839631f,-0.44041329039374577f,0.22723449835161735f,0.9656301121770107f,-0.12618624812515075f,0.16073283934870872f,-0.9313334295528002f,0.17761945885628003f,-0.3179140934797033f,0.23468599865508333f,0f,0f,0f,1f], start_interpolation: 0, interpolation_duration: 1 }
$data merge entity $(bone_left_hand) { transformation: [-0.2845742886423651f,-0.018120639729087784f,0.9584827158898068f,-0.3212705765114816f,0.22723449835161735f,0.9700525257016942f,0.08580547848856929f,0.15833523537675076f,-0.9313334295528002f,0.2422183721264184f,-0.2719343729686396f,0.8484802483565127f,0f,0f,0f,1f], start_interpolation: 0, interpolation_duration: 1 }
$data merge entity $(bone_left_forearm) { transformation: [-0.4336501806541517f,0.580106617550821f,1.8656747482996765f,1.8442108011693008f,-0.02617575428658109f,1.909180737281991f,-0.5997184136156037f,0.4136701222698569f,-1.9536071212136912f,-0.15434914322999482f,-0.40609603701343394f,0.34812065345377885f,0f,0f,0f,1f], start_interpolation: 0, interpolation_duration: 1 }
$data merge entity $(bone_left_bicep) { transformation: [-1.1692758532748069f,0.5396186418922094f,0.07811097094513224f,1.6936454766553153f,0.13433784827567485f,0.4642451838864746f,-1.1962129305729756f,1.008752484760127f,-0.5284344282692467f,-1.0760036031871512f,-0.47693702357767687f,-1.3734287617347318f,0f,0f,0f,1f], start_interpolation: 0, interpolation_duration: 1 }
$data merge entity $(bone_left_shoulder) { transformation: [-1.1172749405605058f,0.5156203169311179f,0.07463716126132575f,1.3743293750000003f,0.12836347473255802f,0.44359892388058925f,-1.1430140519540188f,1.1169192910803962f,-0.504933496044657f,-1.0281507639337795f,-0.4557263225580498f,-1.6275416426929616f,0f,0f,0f,1f], start_interpolation: 0, interpolation_duration: 1 }
$data merge entity $(bone_right_fingers_2) { transformation: [-0.18315350587057605f,-0.3456529213608095f,-0.920314539297329f,1.681089728470757f,-0.19380678351166808f,0.9304735304841453f,-0.310898600404106f,0.10889507236894602f,0.9637913280125415f,0.1214210320459709f,-0.23740937012829375f,0.9709607818376196f,0f,0f,0f,1f], start_interpolation: 0, interpolation_duration: 1 }
$data merge entity $(bone_right_fingers) { transformation: [-0.18315350587057605f,-0.3456529213608095f,-0.920314539297329f,1.14617112959092f,-0.19380678351166808f,0.9304735304841453f,-0.310898600404106f,-0.06756639326596686f,0.9637913280125415f,0.1214210320459709f,-0.23740937012829375f,0.8480901537599876f,0f,0f,0f,1f], start_interpolation: 0, interpolation_duration: 1 }
$data merge entity $(bone_right_index_finger_2) { transformation: [-0.18315350587057605f,-0.3051803799825295f,-0.9345157724517206f,1.7708864436126293f,-0.19380678351166808f,0.9431491323415454f,-0.270016008466631f,0.17186624526886568f,0.9637913280125415f,0.13166111740794748f,-0.2318870979824288f,0.5370243433402476f,0f,0f,0f,1f], start_interpolation: 0, interpolation_duration: 1 }
$data merge entity $(bone_right_index_finger) { transformation: [-0.18315350587057605f,-0.3051803799825295f,-0.9345157724517206f,1.230539283655719f,-0.19380678351166808f,0.9431491323415454f,-0.270016008466631f,0.021705641251749147f,0.9637913280125415f,0.13166111740794748f,-0.2318870979824288f,0.40414431351871216f,0f,0f,0f,1f], start_interpolation: 0, interpolation_duration: 1 }
$data merge entity $(bone_right_thumb) { transformation: [0.1586778261065409f,-0.1528875337875816f,-0.975421318976807f,0.5151861101617545f,-0.1199263433920258f,0.9776385355533912f,-0.172744221210548f,-0.12992494813719932f,0.9800199077889798f,0.14438938954567268f,0.13679431466222472f,-0.03449145875398829f,0f,0f,0f,1f], start_interpolation: 0, interpolation_duration: 1 }
$data merge entity $(bone_right_hand) { transformation: [-0.18315350587057605f,0.0328474673558129f,-0.9825354126827317f,0.46091053901610657f,-0.19380678351166808f,0.9786211938779644f,0.06884395077077687f,-0.1099289985148717f,0.9637913280125415f,0.20303103895999902f,-0.17287184058326338f,0.588082585130025f,0f,0f,0f,1f], start_interpolation: 0, interpolation_duration: 1 }
$data merge entity $(bone_right_forearm) { transformation: [-0.3665508348458423f,-0.7714481391150365f,-1.8099268013807426f,-1.7351623637373788f,-0.387871572303886f,1.8332728993237908f,-0.7028462792318215f,0.008863377295843411f,1.9288657032304994f,0.2220473316377659f,-0.48528224121661534f,0.1781746812689633f,0f,0f,0f,1f], start_interpolation: 0, interpolation_duration: 1 }
$data merge entity $(bone_right_bicep) { transformation: [-1.1408536551160071f,-0.6018449563519507f,-0.027040888174687215f,-1.6780547103434857f,-0.3085994871854784f,0.6335348095134173f,-1.0806921972304457f,0.9409917848546401f,0.5174117486377913f,-0.9491637989091384f,-0.7041795145579476f,-1.3929427930401153f,0f,0f,0f,1f], start_interpolation: 0, interpolation_duration: 1 }
$data merge entity $(bone_right_shoulder) { transformation: [-1.0901167557151303f,-0.5750792560639071f,-0.02583830551487187f,-1.3743293749999999f,-0.2948752193389598f,0.6053597743079006f,-1.032630843306293f,1.1169192910803962f,0.4944010252888811f,-0.9069518745626188f,-0.6728627150455229f,-1.627541642692962f,0f,0f,0f,1f], start_interpolation: 0, interpolation_duration: 1 }
$data merge entity $(bone_chest) { transformation: [-4.0674850000000005f,1.558838955058638e-16f,4.731035636103215e-16f,1.371598861038989e-16f,0f,3.863183768084925f,-1.2728886044073788f,1.483000775263894f,-4.981232485829872e-16f,-1.2728886044073788f,-3.863183768084925f,-1.1199954648098944f,0f,0f,0f,1f], start_interpolation: 0, interpolation_duration: 1 }
$data merge entity $(bone_weist) { transformation: [-1.0999999999999999f,1.3465204986798672e-17f,1.3403649363092115e-16f,4.032067727577948e-16f,0f,1.09449102977481f,-0.10995174278962448f,0.9168899131161554f,-1.3471114790620883e-16f,-0.10995174278962448f,-1.09449102977481f,-3.2924331573685004f,0f,0f,0f,1f], start_interpolation: 0, interpolation_duration: 1 }
$data merge entity $(bone_right_fingers2) { transformation: [-0.9959934865846283f,-0.02599046293921203f,-0.08556559190002352f,1.1807385168954658f,0.02180930430302868f,-0.9985388379758202f,0.04944232296036455f,-0.02331316206599221f,-0.0867255955690926f,0.04737810559852035f,0.9951050126409182f,-10.132410327480319f,0f,0f,0f,1f], start_interpolation: 0, interpolation_duration: 1 }
$data merge entity $(bone_left_foot) { transformation: [-0.9959934865846283f,-0.06656471797218555f,0.05971694066409732f,1.1086453269654317f,0.02180930430302868f,0.46681071029407833f,0.8840882959300819f,0.2548532879989289f,-0.0867255955690926f,0.8818485692430541f,-0.4634886967307452f,-9.178860065748205f,0f,0f,0f,1f], start_interpolation: 0, interpolation_duration: 1 }
$data merge entity $(bone_left_knee) { transformation: [-1.5786637861443624f,0.06412003393765879f,0.1264087817289924f,0.9420047694273557f,0.03456805628544475f,1.5450452131934622f,-0.3520088737612197f,0.12905092156737374f,-0.13746129758961564f,-0.34784165789886273f,-1.5402533821515139f,-7.111594091490641f,0f,0f,0f,1f], start_interpolation: 0, interpolation_duration: 1 }
$data merge entity $(bone_left_thigh) { transformation: [-1.5972282747397275f,-0.14272261066529068f,-0.014003866892676228f,0.7385400000000005f,0.03497456354323295f,-0.5395419790614306f,1.5097599962399801f,0.4612560881241736f,-0.1390777904196939f,1.5034057079665717f,0.5404929777310867f,-5.041237900918066f,0f,0f,0f,1f], start_interpolation: 0, interpolation_duration: 1 }
$data merge entity $(bone_left_fingers2) { transformation: [-0.9959934865846283f,0.025990462939212026f,0.08556559190002327f,-1.1775360677357405f,-0.02180930430302868f,-0.9985388379758202f,0.04944232296036455f,-0.06612533310943658f,0.08672559556909235f,0.04737810559852035f,0.9951050126409182f,-10.087374208963988f,0f,0f,0f,1f], start_interpolation: 0, interpolation_duration: 1 }
$data merge entity $(bone_right_foot) { transformation: [-0.9959934865846283f,0.06656471797218533f,-0.05971694066409722f,-1.1054428778057066f,-0.02180930430302868f,0.46681071029407833f,0.8840882959300819f,0.21204111695548455f,0.08672559556909235f,0.8818485692430541f,-0.4634886967307452f,-9.133823947231875f,0f,0f,0f,1f], start_interpolation: 0, interpolation_duration: 1 }
$data merge entity $(bone_right_knee) { transformation: [-1.5786637861443624f,-0.06412003393765874f,-0.12640878172899203f,-0.9397303934444723f,-0.03456805628544475f,1.5450452131934622f,-0.3520088737612197f,0.11734580341249112f,0.13746129758961526f,-0.34784165789886273f,-1.5402533821515139f,-7.069393717775794f,0f,0f,0f,1f], start_interpolation: 0, interpolation_duration: 1 }
$data merge entity $(bone_right_thigh) { transformation: [-1.5972282747397275f,0.14272261066529032f,0.014003866892676095f,-0.7385399999999994f,-0.03497456354323295f,-0.5395419790614306f,1.5097599962399801f,0.444962615305309f,0.13907779041969348f,1.5034057079665717f,0.5404929777310867f,-5.0263112803852f,0f,0f,0f,1f], start_interpolation: 0, interpolation_duration: 1 }