# This file was generated by Animated Java via MC-Build. It is not recommended to edit this file directly.
$data merge entity $(bone_left_fingers_2) { transformation: [-0.3867876299641692f,0.17663568918299566f,0.9050940076111149f,-1.5026802909952885f,0.21398248499519237f,0.9718863562876416f,-0.09822630287867623f,0.2387774794086076f,-0.8969987878598182f,0.15568154601229803f,-0.413710564053225f,1.220858035808259f,0f,0f,0f,1f], start_interpolation: 0, interpolation_duration: 1 }
$data merge entity $(bone_left_fingers) { transformation: [-0.3867876299641692f,0.17663568918299566f,0.9050940076111149f,-0.9747147585009615f,0.21398248499519237f,0.9718863562876416f,-0.09822630287867623f,0.18484700833271844f,-0.8969987878598182f,0.15568154601229803f,-0.413710564053225f,0.9956618416015841f,0f,0f,0f,1f], start_interpolation: 0, interpolation_duration: 1 }
$data merge entity $(bone_left_index_finger_2) { transformation: [-0.03508110475859663f,0.1932870554822098f,0.9805148801889411f,-1.6719928444903305f,0.2403536094520099f,0.9539534873430722f,-0.1794516269343403f,0.3864098820544758f,-0.9700512659196457f,0.22937492925123276f,-0.07992298366981096f,0.6111512441474289f,0f,0f,0f,1f], start_interpolation: 0, interpolation_duration: 1 }
$data merge entity $(bone_left_index_finger) { transformation: [-0.03508110475859663f,0.1932870554822098f,0.9805148801889411f,-1.1057826254628849f,0.2403536094520099f,0.9539534873430722f,-0.1794516269343403f,0.28850600865122633f,-0.9700512659196457f,0.22937492925123276f,-0.07992298366981096f,0.5664166709496367f,0f,0f,0f,1f], start_interpolation: 0, interpolation_duration: 1 }
$data merge entity $(bone_left_thumb) { transformation: [-0.2845435375021401f,0.18532656952923535f,0.9405790970951319f,-0.4382364364605289f,0.2250398921433006f,0.9666332774472569f,-0.12238118268633451f,0.1633160254034626f,-0.9318755400856382f,0.1768450439172662f,-0.31675512345027723f,0.050826821528171195f,0f,0f,0f,1f], start_interpolation: 0, interpolation_duration: 1 }
$data merge entity $(bone_left_hand) { transformation: [-0.2845435375021401f,-0.022644986808892542f,0.9583956280358301f,-0.31976010624473483f,0.2250398921433006f,0.9702083450549304f,0.08973747338712385f,0.16206294651419062f,-0.9318755400856382f,0.24121146688787037f,-0.2709704892269673f,0.6647534496479113f,0f,0f,0f,1f], start_interpolation: 0, interpolation_duration: 1 }
$data merge entity $(bone_left_forearm) { transformation: [-0.43138697958684274f,0.5718848111196776f,1.8687352594747728f,1.8451267048719524f,-0.030039900860862667f,1.9115550552374405f,-0.5919233974959507f,0.42640672807300894f,-1.9540525355143104f,-0.15563889924273555f,-0.4034521716923819f,0.16650382750815784f,0f,0f,0f,1f], start_interpolation: 0, interpolation_duration: 1 }
$data merge entity $(bone_left_bicep) { transformation: [-1.169274013552979f,0.5387548725667362f,0.08388737703861697f,1.6938384287797492f,0.12866968792849098f,0.4655319536660593f,-1.1963359624433925f,1.019095009823879f,-0.5298471630094891f,-1.0758804817044378f,-0.47564566270421743f,-1.5558079277269843f,0f,0f,0f,1f], start_interpolation: 0, interpolation_duration: 1 }
$data merge entity $(bone_left_shoulder) { transformation: [-1.117273182656167f,0.514794961802922f,0.08015667469066423f,1.3743293750000003f,0.12294739306350563f,0.4448284674694473f,-1.1431316122588195f,1.1256030551768672f,-0.5062834025859674f,-1.0280331180019877f,-0.4544923920538872f,-1.8103785227740574f,0f,0f,0f,1f], start_interpolation: 0, interpolation_duration: 1 }
$data merge entity $(bone_right_fingers_2) { transformation: [-0.18154161131086843f,-0.34131318645322345f,-0.9222515666106512f,1.6832911105431159f,-0.19182560420949024f,0.9321105244855783f,-0.3072017378090234f,0.10756376724964067f,0.9644923954766658f,0.12114156551888813f,-0.23468945475098654f,0.7816260295759546f,0f,0f,0f,1f], start_interpolation: 0, interpolation_duration: 1 }
$data merge entity $(bone_right_fingers) { transformation: [-0.18154161131086843f,-0.34131318645322345f,-0.9222515666106512f,1.1473034193905884f,-0.19182560420949024f,0.9321105244855783f,-0.3072017378090234f,-0.06673039153704008f,0.9644923954766658f,0.12114156551888813f,-0.23468945475098654f,0.6603309815665355f,0f,0f,0f,1f], start_interpolation: 0, interpolation_duration: 1 }
$data merge entity $(bone_right_index_finger_2) { transformation: [-0.18154161131086843f,-0.3007602835962519f,-0.9362616595662536f,1.772256880323694f,-0.19182560420949024f,0.944623313405846f,-0.266251259790118f,0.16961141941852445f,0.9644923954766658f,0.1312632758286301f,-0.22918196152057738f,0.34738550637467186f,0f,0f,0f,1f], start_interpolation: 0, interpolation_duration: 1 }
$data merge entity $(bone_right_index_finger) { transformation: [-0.18154161131086843f,-0.3007602835962519f,-0.9362616595662536f,1.2309290949264322f,-0.19182560420949024f,0.944623313405846f,-0.266251259790118f,0.021629049633653474f,0.9644923954766658f,0.1312632758286301f,-0.22918196152057738f,0.2160622046060761f,0f,0f,0f,1f], start_interpolation: 0, interpolation_duration: 1 }
$data merge entity $(bone_right_thumb) { transformation: [0.16064638449516552f,-0.1482877566606531f,-0.9758091413658626f,0.5138144162192996f,-0.11940640361648205f,0.9784684542192685f,-0.16834962094739972f,-0.12744158956309606f,0.9797626497902483f,0.1435626181229164f,0.1394809117896942f,-0.22057015939805075f,0f,0f,0f,1f], start_interpolation: 0, interpolation_duration: 1 }
$data merge entity $(bone_right_hand) { transformation: [-0.18154161131086843f,0.037598127874303444f,-0.9826642479214357f,0.461207613314506f,-0.19182560420949024f,0.9787188510638639f,0.07288585694010974f,-0.10644467513827571f,0.9644923954766658f,0.20173197900327475f,-0.17046591364582173f,0.40211416641668424f,0f,0f,0f,1f], start_interpolation: 0, interpolation_duration: 1 }
$data merge entity $(bone_right_forearm) { transformation: [-0.3633248998917944f,-0.762940254827838f,-1.8141785901361562f,-1.7353648263632884f,-0.3839065762545843f,1.8368686728233414f,-0.6955975788739213f,0.021353210572765735f,1.9302687714548097f,0.22172599890407896f,-0.47981957398889824f,-0.0023725825162932423f,0f,0f,0f,1f], start_interpolation: 0, interpolation_duration: 1 }
$data merge entity $(bone_right_bicep) { transformation: [-1.1408600558118718f,-0.601507399784735f,-0.03350827611576972f,-1.6782161612476558f,-0.30301486953159057f,0.6349623698624639f,-1.0814344183594804f,0.9512829738266403f,0.5206879539674379f,-0.9484235659102748f,-0.7027605692768717f,-1.5747909224702914f,0f,0f,0f,1f], start_interpolation: 0, interpolation_duration: 1 }
$data merge entity $(bone_right_shoulder) { transformation: [-1.0901228717544478f,-0.5747567115655191f,-0.032018070928839105f,-1.3743293749999999f,-0.28953896498988946f,0.6067238471224211f,-1.0333400558206045f,1.1256030551768672f,0.49753152875792406f,-0.9062445617608622f,-0.6715068741632088f,-1.8103785227740579f,0f,0f,0f,1f], start_interpolation: 0, interpolation_duration: 1 }
$data merge entity $(bone_chest) { transformation: [-4.0674850000000005f,1.6095551841735264e-16f,4.714022612057241e-16f,1.6003597717904703e-16f,0f,3.8492915796941025f,-1.314301548245716f,1.4971139172945118f,-4.981232485829872e-16f,-1.314301548245716f,-3.8492915796941025f,-1.3067929242167644f,0f,0f,0f,1f], start_interpolation: 0, interpolation_duration: 1 }
$data merge entity $(bone_weist) { transformation: [-1.0999999999999999f,1.490383300315824e-17f,1.338841631113346e-16f,4.253230098688536e-16f,0f,1.0932471566867277f,-0.12169903202731486f,0.9077061085498902f,-1.3471114790620883e-16f,-0.12169903202731486f,-1.0932471566867277f,-3.473025938294862f,0f,0f,0f,1f], start_interpolation: 0, interpolation_duration: 1 }
$data merge entity $(bone_right_fingers2) { transformation: [-0.9959926234625134f,-0.02598785266734959f,-0.08557643087906965f,1.1807946949035655f,0.021805129313643583f,-0.9985383379105965f,0.049454262287077666f,-0.023374232397910366f,-0.08673655713639625f,0.047390075295191514f,0.9951034872914682f,-10.319899634827982f,0f,0f,0f,1f], start_interpolation: 0, interpolation_duration: 1 }
$data merge entity $(bone_left_foot) { transformation: [-0.9959926234625134f,-0.06657564457185576f,0.059719155704865634f,1.1086903977429552f,0.021805129313643583f,0.46682131966215484f,0.8840827969395738f,0.25480368932096453f,-0.08673655713639625f,0.8818421281945689f,-0.4634989003195137f,-9.366353559473186f,0f,0f,0f,1f], start_interpolation: 0, interpolation_duration: 1 }
$data merge entity $(bone_left_knee) { transformation: [-1.5786624180835827f,0.06411894273939739f,0.12642641910022223f,0.9420280367069349f,0.03456143886812369f,1.5450411465060745f,-0.3520273726297257f,0.12902616080676843f,-0.1374786718290808f,-0.34785992197895504f,-1.5402477067040012f,-7.299087831543122f,0f,0f,0f,1f], start_interpolation: 0, interpolation_duration: 1 }
$data merge entity $(bone_left_thigh) { transformation: [-1.597226890591071f,-0.14273706760505933f,-0.014014386015747232f,0.7385400000000005f,0.034967868307588905f,-0.539523983078199f,1.509766582416159f,0.4612560881241736f,-0.13909536897363894f,1.5034107937373784f,0.5404743075439787f,-5.228737900918066f,0f,0f,0f,1f], start_interpolation: 0, interpolation_duration: 1 }
$data merge entity $(bone_left_fingers2) { transformation: [-0.9959926234625134f,0.025987852667349574f,0.08557643087906941f,-1.1775920052872888f,-0.021805129313643583f,-0.9985383379105965f,0.049454262287077666f,-0.0661860440998166f,0.086736557136396f,0.047390075295191514f,0.9951034872914682f,-10.274863225403973f,0f,0f,0f,1f], start_interpolation: 0, interpolation_duration: 1 }
$data merge entity $(bone_right_foot) { transformation: [-0.9959926234625134f,0.06657564457185555f,-0.05971915570486552f,-1.1054877081266787f,-0.021805129313643583f,0.46682131966215484f,0.8840827969395738f,0.2119918776190583f,0.086736557136396f,0.8818421281945689f,-0.4634989003195137f,-9.321317150049177f,0f,0f,0f,1f], start_interpolation: 0, interpolation_duration: 1 }
$data merge entity $(bone_right_knee) { transformation: [-1.5786624180835827f,-0.0641189427393973f,-0.12642641910022187f,-0.9397533535510756f,-0.03456143886812369f,1.5450411465060745f,-0.3520273726297257f,0.11732137010482446f,0.1374786718290804f,-0.34785992197895504f,-1.5402477067040012f,-7.2568875385359455f,0f,0f,0f,1f], start_interpolation: 0, interpolation_duration: 1 }
$data merge entity $(bone_right_thigh) { transformation: [-1.597226890591071f,0.14273706760505897f,0.0140143860157471f,-0.7385399999999994f,-0.034967868307588905f,-0.539523983078199f,1.509766582416159f,0.444962615305309f,0.13909536897363856f,1.5034107937373784f,0.5404743075439787f,-5.2138112803852f,0f,0f,0f,1f], start_interpolation: 0, interpolation_duration: 1 }