# This file was generated by Animated Java via MC-Build. It is not recommended to edit this file directly.
$data merge entity $(bone_left_fingers_2) { transformation: [-0.3489714325567589f,0.11546280750159701f,0.9299931609120212f,-1.5184659090820058f,0.22450670004353138f,0.973782892869724f,-0.03665541146727681f,0.20065639252027961f,-0.9098437673001045f,0.19599800416871768f,-0.3657445850139574f,1.1853270367043072f,0f,0f,0f,1f], start_interpolation: 0, interpolation_duration: 1 }
$data merge entity $(bone_left_fingers) { transformation: [-0.3489714325567589f,0.11546280750159701f,0.9299931609120212f,-0.9770242694732157f,0.22450670004353138f,0.973782892869724f,-0.03665541146727681f,0.18207683534990687f,-0.9098437673001045f,0.19599800416871768f,-0.3657445850139574f,0.9881845094537063f,0f,0f,0f,1f], start_interpolation: 0, interpolation_duration: 1 }
$data merge entity $(bone_left_index_finger_2) { transformation: [-0.13002029297933626f,0.12281761168938347f,0.9838752754655864f,-1.675883553457501f,0.24017461640780913f,0.9666478216147928f,-0.08892773808400409f,0.33388974364847074f,-0.9619827841738794f,0.22473945631840275f,-0.1551815057498135f,0.6476998553395956f,0f,0f,0f,1f], start_interpolation: 0, interpolation_duration: 1 }
$data merge entity $(bone_left_index_finger) { transformation: [-0.13002029297933626f,0.12281761168938347f,0.9838752754655864f,-1.1081442868124172f,0.24017461640780913f,0.9666478216147928f,-0.08892773808400409f,0.2882301963895416f,-0.9619827841738794f,0.22473945631840275f,-0.1551815057498135f,0.5595653362731816f,0f,0f,0f,1f], start_interpolation: 0, interpolation_duration: 1 }
$data merge entity $(bone_left_thumb) { transformation: [-0.2846567540606814f,0.1963664178155099f,0.9383020634752656f,-0.4434410519279358f,0.23045505788794504f,0.9641085264197967f,-0.13185300746858886f,0.1570450664770498f,-0.9305165225086012f,0.17870360723542328f,-0.31969363787780775f,0.04179761768931489f,0f,0f,0f,1f], start_interpolation: 0, interpolation_duration: 1 }
$data merge entity $(bone_left_hand) { transformation: [-0.2846567540606814f,-0.011373986730184915f,0.9585620297056933f,-0.3232797703703343f,0.23045505788794504f,0.9697935188070096f,0.07994371253439603f,0.15296835785924712f,-0.9305165225086012f,0.24366198576261294f,-0.2734370824023682f,0.6553844188868783f,0f,0f,0f,1f], start_interpolation: 0, interpolation_duration: 1 }
$data merge entity $(bone_left_forearm) { transformation: [-0.43713047118850507f,0.5922884976444232f,1.8610292098909471f,1.8429682765845963f,-0.020425270881447435f,1.9055851105116834f,-0.611266413486206f,0.3949215999398318f,-1.9528999443951625f,-0.15250624742934996f,-0.41017323782407195f,0.1517047057071168f,0f,0f,0f,1f], start_interpolation: 0, interpolation_duration: 1 }
$data merge entity $(bone_left_bicep) { transformation: [-1.1692705828027887f,0.5408073290621027f,0.06949360068274561f,1.6933641949892255f,0.14275157304312822f,0.4623242420643962f,-1.1959824025061596f,0.9935471166342827f,-0.5262356089213753f,-1.0762338739992379f,-0.4788448139751051f,-1.5686997332435655f,0f,0f,0f,1f], start_interpolation: 0, interpolation_duration: 1 }
$data merge entity $(bone_left_shoulder) { transformation: [-1.1172699044808723f,0.5167561399136655f,0.0664030291523536f,1.3743293750000003f,0.13640301802178353f,0.44176341162394606f,-1.1427937761042886f,1.1041742177024463f,-0.5028324642399584f,-1.0283707939696058f,-0.45754926827006354f,-1.8221057615429384f,0f,0f,0f,1f], start_interpolation: 0, interpolation_duration: 1 }
$data merge entity $(bone_right_fingers_2) { transformation: [-0.18564876558116455f,-0.3519882814873314f,-0.9174087341712988f,1.6773341452698332f,-0.19675858425655623f,0.9280463227030397f,-0.3162531935628808f,0.11061770808152918f,0.9627152202804032f,0.12179602872409422f,-0.24154737015230404f,0.7863744659735951f,0f,0f,0f,1f], start_interpolation: 0, interpolation_duration: 1 }
$data merge entity $(bone_right_fingers) { transformation: [-0.18564876558116455f,-0.3519882814873314f,-0.9174087341712988f,1.1440192804256313f,-0.19675858425655623f,0.9280463227030397f,-0.3162531935628808f,-0.06898437394248633f,0.9627152202804032f,0.12179602872409422f,-0.24154737015230404f,0.6611063750859685f,0f,0f,0f,1f], start_interpolation: 0, interpolation_duration: 1 }
$data merge entity $(bone_right_index_finger_2) { transformation: [-0.18564876558116455f,-0.31163645968941234f,-0.9318890775357542f,1.7684074952855102f,-0.19675858425655623f,0.9409577987975986f,-0.27547137855561954f,0.17496468078596847f,0.9627152202804032f,0.13221625419829075f,-0.2360048024219582f,0.35290617031272276f,0f,0f,0f,1f], start_interpolation: 0, interpolation_duration: 1 }
$data merge entity $(bone_right_index_finger) { transformation: [-0.18564876558116455f,-0.31163645968941234f,-0.9318890775357542f,1.2295368126815682f,-0.19675858425655623f,0.9409577987975986f,-0.27547137855561954f,0.021647352155378885f,0.9627152202804032f,0.13221625419829075f,-0.2360048024219582f,0.2176562284672735f,0f,0f,0f,1f], start_interpolation: 0, interpolation_duration: 1 }
$data merge entity $(bone_right_thumb) { transformation: [0.15564395885751503f,-0.1596147592925346f,-0.9748323377315435f,0.5168556414238928f,-0.12075395837150033f,0.9763832634452364f,-0.1791485540037761f,-0.13367250784646245f,0.9804047325511919f,0.14559825369837426f,0.13269404248574881f,-0.22402762725691994f,0f,0f,0f,1f], start_interpolation: 0, interpolation_duration: 1 }
$data merge entity $(bone_right_hand) { transformation: [-0.18564876558116455f,0.025882354324417822f,-0.9822752361598123f,0.460049650063316f,-0.19675858425655623f,0.9784278603767674f,0.06296809954172317f,-0.11518255431358249f,0.9627152202804032f,0.20496103476799196f,-0.17655134909506798f,0.3983671965538762f,0f,0f,0f,1f], start_interpolation: 0, interpolation_duration: 1 }
$data merge entity $(bone_right_forearm) { transformation: [-0.371544676081509f,-0.7838615579569276f,-1.803563800884068f,-1.7351293179695892f,-0.393779103378404f,1.8279524368660665f,-0.7133405067178437f,-0.009478636292653664f,1.9267120551978045f,0.22243587556711267f,-0.49358860384201064f,-0.019829279313214654f,0f,0f,0f,1f], start_interpolation: 0, interpolation_duration: 1 }
$data merge entity $(bone_right_bicep) { transformation: [-1.1408719899235578f,-0.6021631595085075f,-0.01750015570514301f,-1.6778415948345262f,-0.3167446431207778f,0.631485185657027f,-1.0795345825220755f,0.9259008275008931f,0.5124251722673892f,-0.9503271084934664f,-0.7062538164146759f,-1.589006817332699f,0f,0f,0f,1f], start_interpolation: 0, interpolation_duration: 1 }
$data merge entity $(bone_right_shoulder) { transformation: [-1.090134275123368f,-0.5753833078510302f,-0.016721875655348863f,-1.3743293749999999f,-0.302658137790564f,0.6034013028608881f,-1.0315247109074548f,1.1041742177024463f,0.4896362156828009f,-0.9080634485706198f,-0.6748447669943336f,-1.8221057615429386f,0f,0f,0f,1f], start_interpolation: 0, interpolation_duration: 1 }
$data merge entity $(bone_chest) { transformation: [-4.0674850000000005f,1.4835327525185497e-16f,4.755187446367554e-16f,1.6028320035022444e-16f,0f,3.88290521779692f,-1.2113964234842591f,1.4621517805906867f,-4.981232485829872e-16f,-1.2113964234842591f,-3.88290521779692f,-1.3088116546078414f,0f,0f,0f,1f], start_interpolation: 0, interpolation_duration: 1 }
$data merge entity $(bone_weist) { transformation: [-1.0999999999999999f,1.1335549716407985e-17f,1.342333739531094e-16f,4.273972148105259e-16f,0f,1.0960986796076055f,-0.09256178780935234f,0.9306018035364373f,-1.3471114790620883e-16f,-0.09256178780935234f,-1.0960986796076055f,-3.4899631069798778f,0f,0f,0f,1f], start_interpolation: 0, interpolation_duration: 1 }
$data merge entity $(bone_right_fingers2) { transformation: [-0.9959910137476151f,-0.025982986361831044f,-0.08559664101890267f,1.180899443096924f,0.021797344776464177f,-0.9985374050786904f,0.04947652392207408f,-0.02348810182187905f,-0.08675699565276529f,0.047412393721858404f,0.9951006424612888f,-10.319879693971831f,0f,0f,0f,1f], start_interpolation: 0, interpolation_duration: 1 }
$data merge entity $(bone_left_foot) { transformation: [-0.9959910137476151f,-0.06659601776854288f,0.05972328650844584f,1.1087744357924445f,0.021797344776464177f,0.46684110132350565f,0.8840725433332677f,0.2547112094275192f,-0.08675699565276529f,0.8818301177281418f,-0.46351792540621095f,-9.366341425118883f,0f,0f,0f,1f], start_interpolation: 0, interpolation_duration: 1 }
$data merge entity $(bone_left_knee) { transformation: [-1.5786598666626646f,0.06411690929072317f,0.12645930517621345f,0.9420714202201066f,0.034549100266413384f,1.545033563239675f,-0.3520618648302061f,0.12897999288970674f,-0.1375110671670714f,-0.3478939765789946f,-1.540237123302985f,-7.299076157929772f,0f,0f,0f,1f], start_interpolation: 0, interpolation_duration: 1 }
$data merge entity $(bone_left_thigh) { transformation: [-1.5972243091664087f,-0.1427640241837605f,-0.014033998641084613f,0.7385400000000005f,0.034955384608592696f,-0.5394904281584777f,1.509778862126291f,0.4612560881241736f,-0.13912814526854256f,1.5034202755169133f,0.540439495105506f,-5.228737900918066f,0f,0f,0f,1f], start_interpolation: 0, interpolation_duration: 1 }
$data merge entity $(bone_left_fingers2) { transformation: [-0.9959910137476151f,0.025982986361831027f,0.08559664101890244f,-1.177696305109141f,-0.021797344776464177f,-0.9985374050786904f,0.04947652392207408f,-0.06629924349661087f,0.08675699565276504f,0.047412393721858404f,0.9951006424612888f,-10.274842742148111f,0f,0f,0f,1f], start_interpolation: 0, interpolation_duration: 1 }
$data merge entity $(bone_right_foot) { transformation: [-0.9959910137476151f,0.06659601776854267f,-0.05972328650844573f,-1.1055712978046617f,-0.021797344776464177f,0.46684110132350565f,0.8840725433332677f,0.21190006775278736f,0.08675699565276504f,0.8818301177281418f,-0.46351792540621095f,-9.321304473295163f,0f,0f,0f,1f], start_interpolation: 0, interpolation_duration: 1 }
$data merge entity $(bone_right_knee) { transformation: [-1.5786598666626646f,-0.06411690929072307f,-0.1264593051762131f,-0.9397961643182019f,-0.034549100266413384f,1.545033563239675f,-0.3520618648302061f,0.11727581274323617f,0.137511067167071f,-0.3478939765789946f,-1.540237123302985f,-7.256876015427538f,0f,0f,0f,1f], start_interpolation: 0, interpolation_duration: 1 }
$data merge entity $(bone_right_thigh) { transformation: [-1.5972243091664087f,0.14276402418376014f,0.01403399864108448f,-0.7385399999999994f,-0.034955384608592696f,-0.5394904281584777f,1.509778862126291f,0.444962615305309f,0.13912814526854214f,1.5034202755169133f,0.540439495105506f,-5.2138112803852f,0f,0f,0f,1f], start_interpolation: 0, interpolation_duration: 1 }