# This file was generated by Animated Java via MC-Build. It is not recommended to edit this file directly.
$data merge entity $(bone_left_fingers_2) { transformation: [-0.4013161918420378f,0.21157166591323207f,0.8911693129524288f,-1.4968462805558476f,0.21707471440226164f,0.9672068188425805f,-0.13186939732778027f,0.2560881377960969f,-0.8898448643064596f,0.14052899973711885f,-0.4340826162152816f,1.2272227229236836f,0f,0f,0f,1f], start_interpolation: 0, interpolation_duration: 1 }
$data merge entity $(bone_left_fingers) { transformation: [-0.4013161918420378f,0.21157166591323207f,0.8911693129524288f,-0.9765040036797974f,0.21707471440226164f,0.9672068188425805f,-0.13186939732778027f,0.18269882909274204f,-0.8898448643064596f,0.14052899973711885f,-0.4340826162152816f,0.9900996549586554f,0f,0f,0f,1f], start_interpolation: 0, interpolation_duration: 1 }
$data merge entity $(bone_left_index_finger_2) { transformation: [0.0015173405414304897f,0.23226544269800445f,0.9726512539476734f,-1.6695121691055583f,0.24310155236846429f,0.943387878604948f,-0.22565669885314393f,0.4128107736958372f,-0.969999656141034f,0.23679542780542798f,-0.05503264900693197f,0.5916656652238946f,0f,0f,0f,1f], start_interpolation: 0, interpolation_duration: 1 }
$data merge entity $(bone_left_index_finger) { transformation: [0.0015173405414304897f,0.23226544269800445f,0.9726512539476734f,-1.1076084642892279f,0.24310155236846429f,0.943387878604948f,-0.22565669885314393f,0.2882167911667884f,-0.969999656141034f,0.23679542780542798f,-0.05503264900693197f,0.5613188593147147f,0f,0f,0f,1f], start_interpolation: 0, interpolation_duration: 1 }
$data merge entity $(bone_left_thumb) { transformation: [-0.28462298097026945f,0.19350103970350951f,0.9389074002995493f,-0.44215463123976745f,0.22907563001149805f,0.9647709188038287f,-0.1293886778866347f,0.15859868808660943f,-0.930867398955637f,0.17825381304218113f,-0.31892234744133274f,0.04412094495574259f,0f,0f,0f,1f], start_interpolation: 0, interpolation_duration: 1 }
$data merge entity $(bone_left_hand) { transformation: [-0.28462298097026945f,-0.01430246280837022f,0.9585328362978561f,-0.3224345241396125f,0.22907563001149805f,0.9699068313033521f,0.08249299561736079f,0.15523947339222122f,-0.930867398955637f,0.2430559156834201f,-0.2727814279104448f,0.6577983254865413f,0f,0f,0f,1f], start_interpolation: 0, interpolation_duration: 1 }
$data merge entity $(bone_left_forearm) { transformation: [-0.4356120376354684f,0.5870135305340577f,1.863055474479413f,1.8434966078865367f,-0.02291491316931949f,1.9071536381768608f,-0.6062658991679316f,0.4029924887734513f,-1.9532115842304982f,-0.1532923635064679f,-0.408392448349725f,0.15557725817889212f,0f,0f,0f,1f], start_interpolation: 0, interpolation_duration: 1 }
$data merge entity $(bone_left_bicep) { transformation: [-2.2376614167135607f,1.0339845403341275f,0.14014441548112158f,2.6986523454281715f,0.26621205746325566f,0.8863567610155464f,-2.288972681215805f,1.6265884594426367f,-1.0089081362055232f,-2.0594030118558906f,-0.9147987265766412f,-3.537606527113959f,0f,0f,0f,1f], start_interpolation: 0, interpolation_duration: 1 }
$data merge entity $(bone_left_shoulder) { transformation: [-1.117275068836351f,0.5162734361189623f,0.06997477825920069f,1.3743293750000003f,0.1329209560506979f,0.4425621784334394f,-1.1428950290996083f,1.1096498942554984f,-0.5037526673647227f,-1.028269793029021f,-0.45676338813959094f,-1.8190383690686978f,0f,0f,0f,1f], start_interpolation: 0, interpolation_duration: 1 }
$data merge entity $(bone_right_fingers_2) { transformation: [-0.18454797559534555f,-0.34927935589870224f,-0.9186653233069415f,1.6790542932549166f,-0.1954788041347506f,0.9290901585894884f,-0.31397374786151666f,0.10994909257525648f,0.963187459344082f,0.12163637924217874f,-0.23973841871328305f,0.7850657991649846f,0f,0f,0f,1f], start_interpolation: 0, interpolation_duration: 1 }
$data merge entity $(bone_right_fingers) { transformation: [-0.18454797559534555f,-0.34927935589870224f,-0.9186653233069415f,1.145046029195504f,-0.1954788041347506f,0.9290901585894884f,-0.31397374786151666f,-0.0683156515653863f,0.963187459344082f,0.12163637924217874f,-0.23973841871328305f,0.6608458231607002f,0f,0f,0f,1f], start_interpolation: 0, interpolation_duration: 1 }
$data merge entity $(bone_right_index_finger_2) { transformation: [-0.18454797559534555f,-0.3088753007494281f,-0.9330263090023829f,1.769566632848941f,-0.1954788041347506f,0.9419012131585524f,-0.2731485708996025f,0.17369975468908777f,0.963187459344082f,0.13197785131376288f,-0.23420453651647072f,0.35139193462653956f,0f,0f,0f,1f], start_interpolation: 0, interpolation_duration: 1 }
$data merge entity $(bone_right_index_finger) { transformation: [-0.18454797559534555f,-0.3088753007494281f,-0.9330263090023829f,1.2300565104525858f,-0.1954788041347506f,0.9419012131585524f,-0.2731485708996025f,0.021726567984522438f,0.963187459344082f,0.13197785131376288f,-0.23420453651647072f,0.21717814639155425f,0f,0f,0f,1f], start_interpolation: 0, interpolation_duration: 1 }
$data merge entity $(bone_right_thumb) { transformation: [0.15697779111088225f,-0.1567362465299471f,-0.9750854947755361f,0.5162125264093422f,-0.12038036590018791f,0.9769274786715622f,-0.1764122130754033f,-0.13202829980280775f,0.9802380020197572f,0.1450739481786041f,0.13448795097028815f,-0.22317347022925943f,0f,0f,0f,1f], start_interpolation: 0, interpolation_duration: 1 }
$data merge entity $(bone_right_hand) { transformation: [-0.18454797559534555f,0.02886595107434886f,-0.9823995122007304f,0.4605104946190126f,-0.1954788041347506f,0.9785199328826703f,0.06547349147053633f,-0.11288198830558216f,0.963187459344082f,0.20412128213360792f,-0.17494119109696438f,0.399301282795358f,0f,0f,0f,1f], start_interpolation: 0, interpolation_duration: 1 }
$data merge entity $(bone_right_forearm) { transformation: [-0.36934163068320236f,-0.7785549568132005f,-1.8063127390605511f,-1.7350805972066454f,-0.39121783942750554f,1.830238498335563f,-0.7088740463231954f,-0.0015980229384244815f,1.9276571619934155f,0.22227458392389565f,-0.4899578016355206f,-0.015268312031155418f,0f,0f,0f,1f], start_interpolation: 0, interpolation_duration: 1 }
$data merge entity $(bone_right_bicep) { transformation: [-2.1832682687542997f,-1.1521823340070816f,-0.04133568121682064f,-2.7836574665283442f,-0.5994984384463788f,1.21014043406255f,-2.0668949791502036f,1.8728741221968457f,0.9848017016841604f,-1.8176713404072695f,-1.3498628112927198f,-3.370107817011286f,0f,0f,0f,1f], start_interpolation: 0, interpolation_duration: 1 }
$data merge entity $(bone_right_shoulder) { transformation: [-1.0901163093937967f,-0.5752901609352705f,-0.02063910372318521f,-1.3743293749999999f,-0.29933244327294195f,0.604228918043664f,-1.03201056820258f,1.1096498942554984f,0.49171620908373237f,-0.9075720110319795f,-0.6739929705816445f,-1.8190383690686982f,0f,0f,0f,1f], start_interpolation: 0, interpolation_duration: 1 }
$data merge entity $(bone_chest) { transformation: [-4.0674850000000005f,1.5160148751295437e-16f,4.744931609230296e-16f,1.6020880577773137e-16f,0f,3.874530691244122f,-1.2379200894372582f,1.4711290828379748f,-4.981232485829872e-16f,-1.2379200894372582f,-3.874530691244122f,-1.3082041768228603f,0f,0f,0f,1f], start_interpolation: 0, interpolation_duration: 1 }
$data merge entity $(bone_weist) { transformation: [-1.0999999999999999f,1.2253196115653297e-17f,1.3415272101288076e-16f,4.268714363812427e-16f,0f,1.0954400983718986f,-0.10005493930318887f,0.9246764363073436f,-1.3471114790620883e-16f,-0.10005493930318887f,-1.0954400983718986f,-3.4856698002921918f,0f,0f,0f,1f], start_interpolation: 0, interpolation_duration: 1 }
$data merge entity $(bone_right_fingers2) { transformation: [-0.995993549565256f,-0.025990653433331797f,-0.08556480093186884f,1.1807344173355856f,0.0218096089713616f,-0.9985388744616235f,0.04944145169218678f,-0.023308705478495784f,-0.08672479565221355f,0.04737723211652389f,0.9951051239422191f,-10.319911107718267f,0f,0f,0f,1f], start_interpolation: 0, interpolation_duration: 1 }
$data merge entity $(bone_left_foot) { transformation: [-0.995993549565256f,-0.0665639206052939f,0.05971677903281483f,1.1086420379517306f,0.0218096089713616f,0.466809936076511f,0.8840886972112924f,0.2548569074450543f,-0.08672479565221355f,0.8818490392657328f,-0.46348795212517235f,-9.366360540497508f,0f,0f,0f,1f], start_interpolation: 0, interpolation_duration: 1 }
$data merge entity $(bone_left_knee) { transformation: [-1.5786638859695494f,0.06412011358447392f,0.12640749464910195f,0.9420030715085578f,0.03456853918906856f,1.5450455099487435f,-0.3520075238110523f,0.12905272847662685f,-0.1374600297100302f,-0.3478403250849002f,-1.5402537962981868f,-7.2990945482855025f,0f,0f,0f,1f], start_interpolation: 0, interpolation_duration: 1 }
$data merge entity $(bone_left_thigh) { transformation: [-1.597228375738821f,-0.14272155568535494f,-0.014003099249441278f,0.7385400000000005f,0.0349750521256206f,-0.5395432923081381f,1.5097595156067787f,0.4612560881241736f,-0.13907650763032442f,1.5034053368200997f,0.540494340171389f,-5.228737900918066f,0f,0f,0f,1f], start_interpolation: 0, interpolation_duration: 1 }
$data merge entity $(bone_left_fingers2) { transformation: [-0.995993549565256f,0.025990653433331786f,0.08556480093186859f,-1.177531985722727f,-0.0218096089713616f,-0.9985388744616235f,0.04944145169218678f,-0.06612090274458693f,0.0867247956522133f,0.04737723211652389f,0.9951051239422191f,-10.27487501043106f,0f,0f,0f,1f], start_interpolation: 0, interpolation_duration: 1 }
$data merge entity $(bone_right_foot) { transformation: [-0.995993549565256f,0.06656392060529367f,-0.05971677903281472f,-1.1054396063388723f,-0.0218096089713616f,0.466809936076511f,0.8840886972112924f,0.21204471017896315f,0.0867247956522133f,0.8818490392657328f,-0.46348795212517235f,-9.321324443210301f,0f,0f,0f,1f], start_interpolation: 0, interpolation_duration: 1 }
$data merge entity $(bone_right_knee) { transformation: [-1.5786638859695494f,-0.06412011358447384f,-0.12640749464910156f,-0.9397287179414783f,-0.03456853918906856f,1.5450455099487435f,-0.3520075238110523f,0.11734758642596077f,0.13746002971002982f,-0.3478403250849002f,-1.5402537962981868f,-7.256894168681339f,0f,0f,0f,1f], start_interpolation: 0, interpolation_duration: 1 }
$data merge entity $(bone_right_thigh) { transformation: [-1.597228375738821f,0.14272155568535458f,0.014003099249441145f,-0.7385399999999994f,-0.0349750521256206f,-0.5395432923081381f,1.5097595156067787f,0.444962615305309f,0.13907650763032403f,1.5034053368200997f,0.540494340171389f,-5.2138112803852f,0f,0f,0f,1f], start_interpolation: 0, interpolation_duration: 1 }