# This file was generated by Animated Java via MC-Build. It is not recommended to edit this file directly.
$data merge entity $(bone_left_fingers_2) { transformation: [-0.343249220097553f,0.09184503082248208f,0.9347429931353533f,-1.518286857054268f,0.2181794164344782f,0.9757814259596037f,-0.015759155959416224f,0.191774164516127f,-0.9135522509121918f,0.19853236276602337f,-0.35497490867356785f,1.18761774793969f,0f,0f,0f,1f], start_interpolation: 0, interpolation_duration: 1 }
$data merge entity $(bone_left_fingers) { transformation: [-0.343249220097553f,0.09184503082248208f,0.9347429931353533f,-0.9743230797308842f,0.2181794164344782f,0.9757814259596037f,-0.015759155959416224f,0.1853361369149898f,-0.9135522509121918f,0.19853236276602337f,-0.35497490867356785f,0.996747672080903f,0f,0f,0f,1f], start_interpolation: 0, interpolation_duration: 1 }
$data merge entity $(bone_left_index_finger_2) { transformation: [-0.14367377166679418f,0.09806619999360858f,0.9847542169261583f,-1.6734866196926848f,0.23502151403748403f,0.9699911065360705f,-0.062306830929349744f,0.3189263785902522f,-0.9613130266851513f,0.22248656961655763f,-0.16240994755768495f,0.6597254291619995f,0f,0f,0f,1f], start_interpolation: 0, interpolation_duration: 1 }
$data merge entity $(bone_left_index_finger) { transformation: [-0.14367377166679418f,0.09806619999360858f,0.9847542169261583f,-1.1053839713040565f,0.23502151403748403f,0.9699911065360705f,-0.062306830929349744f,0.2886283812706109f,-0.9613130266851513f,0.22248656961655763f,-0.16240994755768495f,0.5674119694180286f,0f,0f,0f,1f], start_interpolation: 0, interpolation_duration: 1 }
$data merge entity $(bone_left_thumb) { transformation: [-0.28452839418870546f,0.1837561199858051f,0.9408917479009787f,-0.4374427007748757f,0.22424367838398063f,0.9669870463651972f,-0.12104059181420904f,0.1642794217841436f,-0.9320720817647198f,0.1765495412899009f,-0.3163414197747538f,0.05213036235050461f,0f,0f,0f,1f], start_interpolation: 0, interpolation_duration: 1 }
$data merge entity $(bone_left_hand) { transformation: [-0.28452839418870546f,-0.02424588044724174f,0.9583609602763119f,-0.31920454306434265f,0.22424367838398063f,0.9702635712661468f,0.09112285651078367f,0.16344357228892425f,-0.9320720817647198f,0.24083342698886512f,-0.2706305504550075f,0.6661036151550699f,0f,0f,0f,1f], start_interpolation: 0, interpolation_duration: 1 }
$data merge entity $(bone_left_forearm) { transformation: [-0.4305906986908814f,0.5689639552611534f,1.869810177842975f,1.845458370841522f,-0.031414457927357115f,1.9123882322996026f,-0.5891543211636724f,0.4309829615569948f,-1.9542065436858826f,-0.1561079752167755f,-0.40252393474138853f,0.16858741430444146f,0f,0f,0f,1f], start_interpolation: 0, interpolation_duration: 1 }
$data merge entity $(bone_left_bicep) { transformation: [-1.1692700137965408f,0.5384408338303258f,0.08593443321191072f,1.6939064787013711f,0.1266563041421895f,0.46598469461629394f,-1.1963745519340974f,1.0228158144407444f,-0.5303408705430784f,-1.0758416967001114f,-0.47518294180678144f,-1.553995304250789f,0f,0f,0f,1f], start_interpolation: 0, interpolation_duration: 1 }
$data merge entity $(bone_left_shoulder) { transformation: [-1.117269360779897f,0.5144948892327291f,0.08211269264650861f,1.3743293750000003f,0.1210235499910046f,0.44526107378458324f,-1.1431684855687516f,1.128734156702082f,-0.5067551535878378f,-1.0279960578734626f,-0.4540502496272468f,-1.8087264695942136f,0f,0f,0f,1f], start_interpolation: 0, interpolation_duration: 1 }
$data merge entity $(bone_right_fingers_2) { transformation: [-0.18098941614131397f,-0.33973500877022145f,-0.9229425524163051f,1.6839796089087051f,-0.19112309558017493f,0.9327000176061225f,-0.30584741210837524f,0.10701142242027559f,0.9647356081231158f,0.1210404931146453f,-0.23374003817464797f,0.7810243289681807f,0f,0f,0f,1f], start_interpolation: 0, interpolation_duration: 1 }
$data merge entity $(bone_right_fingers) { transformation: [-0.18098941614131397f,-0.33973500877022145f,-0.9229425524163051f,1.1476104063849846f,-0.19112309558017493f,0.9327000176061225f,-0.30584741210837524f,-0.06648913441760335f,0.9647356081231158f,0.1210404931146453f,-0.23374003817464797f,0.6602792135937057f,0f,0f,0f,1f], start_interpolation: 0, interpolation_duration: 1 }
$data merge entity $(bone_right_index_finger_2) { transformation: [-0.18098941614131397f,-0.2991534676111878f,-0.9368831485628444f,1.7726583958033486f,-0.19112309558017493f,0.9451531706022049f,-0.2648725097786686f,0.16873141020103583f,0.9647356081231158f,0.1311208866535059f,-0.22823785729479862f,0.3466784216711479f,0f,0f,0f,1f], start_interpolation: 0, interpolation_duration: 1 }
$data merge entity $(bone_right_index_finger) { transformation: [-0.18098941614131397f,-0.2991534676111878f,-0.9368831485628444f,1.2309817271284933f,-0.19112309558017493f,0.9451531706022049f,-0.2648725097786686f,0.021546709100639827f,0.9647356081231158f,0.1311208866535059f,-0.22823785729479862f,0.21589840418776352f,0f,0f,0f,1f], start_interpolation: 0, interpolation_duration: 1 }
$data merge entity $(bone_right_thumb) { transformation: [0.16132578097719563f,-0.14661690699740942f,-0.9759495248088453f,0.5132462512918305f,-0.11923730073880094f,0.9787630028985804f,-0.16674966347635772f,-0.1265805375065156f,0.9796716074811105f,0.14327060668353006f,0.1404175016011557f,-0.22003444009183015f,0f,0f,0f,1f], start_interpolation: 0, interpolation_duration: 1 }
$data merge entity $(bone_right_hand) { transformation: [-0.18098941614131397f,0.039320602754118306f,-0.9826986931119219f,0.4612243143829644f,-0.19112309558017493f,0.9787451936848266f,0.07436267998601803f,-0.10523219184176491f,0.9647356081231158f,0.20127527428351555f,-0.16962744583768863f,0.40268707227160705f,0f,0f,0f,1f], start_interpolation: 0, interpolation_duration: 1 }
$data merge entity $(bone_right_forearm) { transformation: [-0.362219774442866f,-0.7598451255427678f,-1.8156979353455291f,-1.7355012945738981f,-0.3825006237813409f,1.8381655493046813f,-0.6929411651669046f,0.025856812220640735f,1.9307555205245452f,0.2216067931379298f,-0.47791246209497246f,0.00008977425077971724f,0f,0f,0f,1f], start_interpolation: 0, interpolation_duration: 1 }
$data merge entity $(bone_right_bicep) { transformation: [-1.1408739689967915f,-0.6013465389377268f,-0.03584062616970086f,-1.6782815837072602f,-0.30098172240982257f,0.6354916503025055f,-1.0816912631070503f,0.9549986746704399f,0.5218354272678656f,-0.9481710425943867f,-0.7022500155533992f,-1.5727916816972685f,0f,0f,0f,1f], start_interpolation: 0, interpolation_duration: 1 }
$data merge entity $(bone_right_shoulder) { transformation: [-1.0901361661817726f,-0.5746030046427462f,-0.03424669496188819f,-1.3743293749999999f,-0.2875962375117994f,0.6072295890057682f,-1.0335854779759248f,1.128734156702082f,0.4986279707651198f,-0.906003268851273f,-0.6710190261678464f,-1.8087264695942138f,0f,0f,0f,1f], start_interpolation: 0, interpolation_duration: 1 }
$data merge entity $(bone_chest) { transformation: [-4.0674850000000005f,1.627725932043708e-16f,4.707779239518278e-16f,1.6000960665273608e-16f,0f,3.8441934791288537f,-1.329139089880441f,1.5021846634725002f,-4.981232485829872e-16f,-1.329139089880441f,-3.8441934791288537f,-1.3065775925282375f,0f,0f,0f,1f], start_interpolation: 0, interpolation_duration: 1 }
$data merge entity $(bone_weist) { transformation: [-1.0999999999999999f,1.542013425337677e-17f,1.3382568075603543e-16f,4.250162500625242e-16f,0f,1.092769612015563f,-0.12591495167515127f,0.9044257403426368f,-1.3471114790620883e-16f,-0.12591495167515127f,-1.092769612015563f,-3.4705210543843097f,0f,0f,0f,1f], start_interpolation: 0, interpolation_duration: 1 }
$data merge entity $(bone_right_fingers2) { transformation: [-0.9959907467501837f,-0.02598217943577574f,-0.08559999263889286f,1.1809168143615316f,0.0217960538081591f,-0.9985372503263001f,0.04948021573501904f,-0.023506985625154853f,-0.08676038512133973f,0.04741609497374638f,0.995100170591402f,-10.319876386562179f,0f,0f,0f,1f], start_interpolation: 0, interpolation_duration: 1 }
$data merge entity $(bone_left_foot) { transformation: [-0.9959907467501837f,-0.06659939638952601f,0.059723971640892624f,1.1087883725388092f,0.0217960538081591f,0.46684438184113974f,0.8840708428524019f,0.25469587279716255f,-0.08676038512133973f,0.8818281258521498f,-0.4635210804587875f,-9.36633941241211f,0f,0f,0f,1f], start_interpolation: 0, interpolation_duration: 1 }
$data merge entity $(bone_left_knee) { transformation: [-1.5786594434679535f,0.06411657221474444f,0.12646475892876438f,0.942078614855361f,0.03454705406336112f,1.545032305565893f,-0.35206758491419277f,0.12897233653205464f,-0.13751643952277934f,-0.34789962411477326f,-1.5402353680317187f,-7.2990742218132905f,0f,0f,0f,1f], start_interpolation: 0, interpolation_duration: 1 }
$data merge entity $(bone_left_thigh) { transformation: [-1.5972238809950878f,-0.14276849468154626f,-0.014037251029507177f,0.7385400000000005f,0.034953314342967036f,-0.5394848634628191f,1.5097808984823113f,0.4612560881241736f,-0.13913358080112018f,1.5034218478298027f,0.5404337218129428f,-5.228737900918066f,0f,0f,0f,1f], start_interpolation: 0, interpolation_duration: 1 }
$data merge entity $(bone_left_fingers2) { transformation: [-0.9959907467501837f,0.025982179435775726f,0.08559999263889262f,-1.1777136020138175f,-0.0217960538081591f,-0.9985372503263001f,0.04948021573501904f,-0.06631801618277466f,0.08676038512133948f,0.04741609497374638f,0.995100170591402f,-10.274839344790307f,0f,0f,0f,1f], start_interpolation: 0, interpolation_duration: 1 }
$data merge entity $(bone_right_foot) { transformation: [-0.9959907467501837f,0.0665993963895258f,-0.05972397164089251f,-1.1055851601910953f,-0.0217960538081591f,0.46684438184113974f,0.8840708428524019f,0.21188484223954274f,0.08676038512133948f,0.8818281258521498f,-0.4635210804587875f,-9.321302370640238f,0f,0f,0f,1f], start_interpolation: 0, interpolation_duration: 1 }
$data merge entity $(bone_right_knee) { transformation: [-1.5786594434679535f,-0.06411657221474436f,-0.12646475892876402f,-0.9398032639703975f,-0.03454705406336112f,1.545032305565893f,-0.35206758491419277f,0.11726825763837712f,0.13751643952277895f,-0.34789962411477326f,-1.5402353680317187f,-7.256874104272974f,0f,0f,0f,1f], start_interpolation: 0, interpolation_duration: 1 }
$data merge entity $(bone_right_thigh) { transformation: [-1.5972238809950878f,0.1427684946815459f,0.014037251029507043f,-0.7385399999999994f,-0.034953314342967036f,-0.5394848634628191f,1.5097808984823113f,0.444962615305309f,0.13913358080111976f,1.5034218478298027f,0.5404337218129428f,-5.2138112803852f,0f,0f,0f,1f], start_interpolation: 0, interpolation_duration: 1 }