# This file was generated by Animated Java via MC-Build. It is not recommended to edit this file directly.
$data merge entity $(bone_left_fingers_2) { transformation: [-0.34051557433508745f,0.07786017940436302f,0.9370095709747934f,-1.5168783665043688f,0.21390416513527713f,0.9768486062459224f,-0.003436366275483882f,0.18689204519282293f,-0.9155840495405246f,0.1992601137672053f,-0.34928678086703296f,1.1901269781753818f,0f,0f,0f,1f], start_interpolation: 0, interpolation_duration: 1 }
$data merge entity $(bone_left_fingers) { transformation: [-0.34051557433508745f,0.07786017940436302f,0.9370095709747934f,-0.971726792044881f,0.21390416513527713f,0.9768486062459224f,-0.003436366275483882f,0.18762086852389295f,-0.9155840495405246f,0.1992601137672053f,-0.34928678086703296f,1.0025672416151337f,0f,0f,0f,1f], start_interpolation: 0, interpolation_duration: 1 }
$data merge entity $(bone_left_index_finger_2) { transformation: [-0.15065289484412606f,0.08354615347716404f,0.9850501233512207f,-1.6710126673278278f,0.23152783949512087f,0.9716920968434425f,-0.047003494239424654f,0.3104690708689902f,-0.9610923809987292f,0.22098531437895197f,-0.16573148769931903f,0.6670232413631481f,0f,0f,0f,1f], start_interpolation: 0, interpolation_duration: 1 }
$data merge entity $(bone_left_index_finger) { transformation: [-0.15065289484412606f,0.08354615347716404f,0.9850501233512207f,-1.1028234709875515f,0.23152783949512087f,0.9716920968434425f,-0.047003494239424654f,0.28900056041005207f,-0.9610923809987292f,0.22098531437895197f,-0.16573148769931903f,0.5727868215535978f,0f,0f,0f,1f], start_interpolation: 0, interpolation_duration: 1 }
$data merge entity $(bone_left_thumb) { transformation: [-0.28460608725681513f,0.17533169866908743f,0.942474493309065f,-0.43288069431255843f,0.22009159703915132f,0.968821946214929f,-0.11377049461557787f,0.16926342079012774f,-0.9330375469449887f,0.17505094108324493f,-0.31432165693243014f,0.05901349355745433f,0f,0f,0f,1f], start_interpolation: 0, interpolation_duration: 1 }
$data merge entity $(bone_left_hand) { transformation: [-0.28460608725681513f,-0.03281317814613771f,0.9580828098010715f,-0.31581602424235666f,0.22009159703915132f,0.9704814396319407f,0.0986177683922721f,0.17057890861233993f,-0.9330375469449887f,0.23893319290099874f,-0.26898302050689393f,0.673210732443891f,0f,0f,0f,1f], start_interpolation: 0, interpolation_duration: 1 }
$data merge entity $(bone_left_forearm) { transformation: [-0.4265699913406607f,0.5532626071719966f,1.8754351397325288f,1.8474846323799732f,-0.03871148370283402f,1.9167786935047404f,-0.5742641330489667f,0.45526200517845017f,-1.954957262158907f,-0.1586769075265867f,-0.3978469247092971f,0.17929674261860473f,0f,0f,0f,1f], start_interpolation: 0, interpolation_duration: 1 }
$data merge entity $(bone_left_bicep) { transformation: [-1.1692697292870922f,0.5365876944398984f,0.0968378534441798f,1.6942919393298337f,0.11587353669995326f,0.4684323535879724f,-1.1965116284916704f,1.0425459171711136f,-0.5328013205470186f,-1.0757046061994988f,-0.47273457302766236f,-1.5446971464481596f,0f,0f,0f,1f], start_interpolation: 0, interpolation_duration: 1 }
$data merge entity $(bone_left_shoulder) { transformation: [-1.1172690889233658f,0.512724164047144f,0.09253120779654446f,1.3743293750000003f,0.11072032186963257f,0.4475998786307069f,-1.1432994659548474f,1.1453067822852108f,-0.509106180613843f,-1.0278650641644125f,-0.45171076654077147f,-1.8002364762258771f,0f,0f,0f,1f], start_interpolation: 0, interpolation_duration: 1 }
$data merge entity $(bone_right_fingers_2) { transformation: [-0.17806432319899754f,-0.33146183306959653f,-0.9265128979252397f,1.6874767867491531f,-0.18737603860633645f,0.9357536291136858f,-0.298756365215477f,0.10438743641802171f,0.9660141391097128f,0.12040846655742207f,-0.2287323418789101f,0.7777110762692141f,0f,0f,0f,1f], start_interpolation: 0, interpolation_duration: 1 }
$data merge entity $(bone_right_fingers) { transformation: [-0.17806432319899754f,-0.33146183306959653f,-0.9265128979252397f,1.14913797779718f,-0.18737603860633645f,0.9357536291136858f,-0.298756365215477f,-0.06495718311994901f,0.9660141391097128f,0.12040846655742207f,-0.2287323418789101f,0.6598659485146392f,0f,0f,0f,1f], start_interpolation: 0, interpolation_duration: 1 }
$data merge entity $(bone_right_index_finger_2) { transformation: [-0.17806432319899754f,-0.29073242985686193f,-0.9400892250383511f,1.7746376182587427f,-0.18737603860633645f,0.9478945686269908f,-0.25765501532795343f,0.16436189204677912f,0.9660141391097128f,0.13027102900098775f,-0.22326249582754434f,0.34281372580012187f,0f,0f,0f,1f], start_interpolation: 0, interpolation_duration: 1 }
$data merge entity $(bone_right_index_finger) { transformation: [-0.17806432319899754f,-0.29073242985686193f,-0.9400892250383511f,1.23116192801839f,-0.18737603860633645f,0.9478945686269908f,-0.25765501532795343f,0.021352648155221005f,0.9660141391097128f,0.13027102900098775f,-0.22326249582754434f,0.21489620207098944f,0f,0f,0f,1f], start_interpolation: 0, interpolation_duration: 1 }
$data merge entity $(bone_right_thumb) { transformation: [0.16489809141428252f,-0.1378688642718928f,-0.9766272552577596f,0.5102061956590448f,-0.11828573444674434f,0.9802714501473156f,-0.1583551990067682f,-0.12185493260883239f,0.9791920672035294f,0.14163354225061725f,0.14533697132946388f,-0.21735113450091004f,0f,0f,0f,1f], start_interpolation: 0, interpolation_duration: 1 }
$data merge entity $(bone_right_hand) { transformation: [-0.17806432319899754f,0.04833033252688379f,-0.9828312549779457f,0.46126325419286407f,-0.18737603860633645f,0.9788527366928691f,0.08208251960726831f,-0.0986285446268752f,0.9660141391097128f,0.1987749954765985f,-0.1652428038172879f,0.4055527418110998f,0f,0f,0f,1f], start_interpolation: 0, interpolation_duration: 1 }
$data merge entity $(bone_right_forearm) { transformation: [-0.35636569452825373f,-0.7436151993105904f,-1.8235588006270123f,-1.736157625959666f,-0.3750015215640675f,1.8448900468555722f,-0.679029709264949f,0.04966420924807058f,1.9333142845421152f,0.22078025861493664f,-0.4678447678641844f,0.012840319007204615f,0f,0f,0f,1f], start_interpolation: 0, interpolation_duration: 1 }
$data merge entity $(bone_right_bicep) { transformation: [-1.1408749585280988f,-0.6004937428805904f,-0.048033501599186075f,-1.6786021648291256f,-0.2903318291358106f,0.6382283357704597f,-1.0829901402697233f,0.9746376854699232f,0.5278327211392583f,-0.9468724727713018f,-0.6995146619719971f,-1.562483840495755f,0f,0f,0f,1f], start_interpolation: 0, interpolation_duration: 1 }
$data merge entity $(bone_right_shoulder) { transformation: [-1.0901371117059016f,-0.5737881347714675f,-0.04589731969050652f,-1.3743293749999999f,-0.2774199742789856f,0.6098445665450526f,-1.0348265904992495f,1.1453067822852108f,0.5043585484854393f,-0.9047624499992994f,-0.6684053212824564f,-1.8002364762258776f,0f,0f,0f,1f], start_interpolation: 0, interpolation_duration: 1 }
$data merge entity $(bone_chest) { transformation: [-4.0674850000000005f,1.7228967660828304e-16f,4.673789020838252e-16f,1.5991034500754267e-16f,0f,3.816438359282305f,-1.4068519733872478f,1.5288674317939173f,-4.981232485829872e-16f,-1.4068519733872478f,-3.816438359282305f,-1.3057670596851148f,0f,0f,0f,1f], start_interpolation: 0, interpolation_duration: 1 }
$data merge entity $(bone_weist) { transformation: [-1.0999999999999999f,1.813185681862261e-17f,1.3348531431778346e-16f,4.2337736769096525e-16f,0f,1.089990309130119f,-0.14805784681139667f,0.8873320191584965f,-1.3471114790620883e-16f,-0.14805784681139667f,-1.089990309130119f,-3.457138564243478f,0f,0f,0f,1f], start_interpolation: 0, interpolation_duration: 1 }
$data merge entity $(bone_right_fingers2) { transformation: [-0.995990613246521f,-0.02598177598232693f,-0.0856016684511649f,1.1809255000032506f,0.021795408323976476f,-0.9985371729443546f,0.04948206164143942f,-0.023516427525196726f,-0.08676207985525772f,0.047417945601852585f,0.9950999346468122f,-10.319874732807389f,0f,0f,0f,1f], start_interpolation: 0, interpolation_duration: 1 }
$data merge entity $(bone_left_foot) { transformation: [-0.995990613246521f,-0.06660108569803301f,0.05972431421675968f,1.1087953409213869f,0.021795408323976476f,0.46684602209747933f,0.8840699926067793f,0.2546882044822033f,-0.08676207985525772f,0.8818271299044973f,-0.46352265798295866f,-9.366338406018606f,0f,0f,0f,1f], start_interpolation: 0, interpolation_duration: 1 }
$data merge entity $(bone_left_knee) { transformation: [-1.5786592318627568f,0.06411640369233372f,0.1264674858059576f,0.9420822121754189f,0.0345460309617873f,1.5450316767200403f,-0.35207044495452217f,0.12896850835465123f,-0.1375191257000481f,-0.3479024478833827f,-1.540234490380433f,-7.299073253734367f,0f,0f,0f,1f], start_interpolation: 0, interpolation_duration: 1 }
$data merge entity $(bone_left_thigh) { transformation: [-1.597223666901494f,-0.1427707299396911f,-0.014038877210923936f,0.7385400000000005f,0.03495227921010595f,-0.5394820811115377f,1.50978191665177f,0.4612560881241736f,-0.13913629856681686f,1.5034226339732824f,0.5404308351575376f,-5.228737900918066f,0f,0f,0f,1f], start_interpolation: 0, interpolation_duration: 1 }
$data merge entity $(bone_left_fingers2) { transformation: [-0.995990613246521f,0.02598177598232692f,0.08560166845116467f,-1.1777222504752372f,-0.021795408323976476f,-0.9985371729443546f,0.04948206164143942f,-0.06632740252410091f,0.08676207985525747f,0.047417945601852585f,0.9950999346468122f,-10.274837646061657f,0f,0f,0f,1f], start_interpolation: 0, interpolation_duration: 1 }
$data merge entity $(bone_right_foot) { transformation: [-0.995990613246521f,0.0666010856980328f,-0.05972431421675957f,-1.1055920913933737f,-0.021795408323976476f,0.46684602209747933f,0.8840699926067793f,0.21187722948329912f,0.08676207985525747f,0.8818271299044973f,-0.46352265798295866f,-9.321301319272875f,0f,0f,0f,1f], start_interpolation: 0, interpolation_duration: 1 }
$data merge entity $(bone_right_knee) { transformation: [-1.5786592318627568f,-0.06411640369233365f,-0.12646748580595724f,-0.9398068137988942f,-0.0345460309617873f,1.5450316767200403f,-0.35207044495452217f,0.11726448008735035f,0.1375191257000477f,-0.3479024478833827f,-1.540234490380433f,-7.2568731486752815f,0f,0f,0f,1f], start_interpolation: 0, interpolation_duration: 1 }
$data merge entity $(bone_right_thigh) { transformation: [-1.597223666901494f,0.14277072993969073f,0.014038877210923803f,-0.7385399999999994f,-0.03495227921010595f,-0.5394820811115377f,1.50978191665177f,0.444962615305309f,0.13913629856681647f,1.5034226339732824f,0.5404308351575376f,-5.2138112803852f,0f,0f,0f,1f], start_interpolation: 0, interpolation_duration: 1 }