# This file was generated by Animated Java via MC-Build. It is not recommended to edit this file directly.
$data merge entity $(bone_left_fingers_2) { transformation: [-0.33998365214736076f,0.07504863122964578f,0.9374320344553514f,-1.516498866728199f,0.2130464863956516f,0.9770415991904488f,-0.0009529353797150392f,0.18591971753597694f,-0.9159816105725103f,0.19939261872478428f,-0.3481670183849457f,1.1906578339230733f,0f,0f,0f,1f], start_interpolation: 0, interpolation_duration: 1 }
$data merge entity $(bone_left_fingers) { transformation: [-0.33998365214736076f,0.07504863122964578f,0.9374320344553514f,-0.971127394302531f,0.2130464863956516f,0.9770415991904488f,-0.0009529353797150392f,0.18809270584356275f,-0.9159816105725103f,0.19939261872478428f,-0.3481670183849457f,1.00374967389861f,0f,0f,0f,1f], start_interpolation: 0, interpolation_duration: 1 }
$data merge entity $(bone_left_index_finger_2) { transformation: [-0.15206503261100077f,0.08063019991887034f,0.9850761375234192f,-1.6704258424721148f,0.23080958471178586f,0.972006704827847f,-0.04393064277794835f,0.30878250523455f,-0.9610427469484323f,0.22068469958461973f,-0.1664184542262607f,0.668516949617442f,0f,0f,0f,1f], start_interpolation: 0, interpolation_duration: 1 }
$data merge entity $(bone_left_index_finger) { transformation: [-0.15206503261100077f,0.08063019991887034f,0.9850761375234192f,-1.1022385205642045f,0.23080958471178586f,0.972006704827847f,-0.04393064277794835f,0.2890867661020461f,-0.9610427469484323f,0.22068469958461973f,-0.1664184542262607f,0.5738828771023216f,0f,0f,0f,1f], start_interpolation: 0, interpolation_duration: 1 }
$data merge entity $(bone_left_thumb) { transformation: [-0.28463745185709255f,0.17363403791909177f,0.9427792646617833f,-0.43190796305083917f,0.21925440490308445f,0.9691831428316728f,-0.1123011201258273f,0.1702831086319358f,-0.933225067671725f,0.17474340195507432f,-0.31393584781332606f,0.06039872562426507f,0f,0f,0f,1f], start_interpolation: 0, interpolation_duration: 1 }
$data merge entity $(bone_left_hand) { transformation: [-0.28463745185709255f,-0.03453656215172446f,0.958012915818488f,-0.3150690745488034f,0.21925440490308445f,0.9705160435993608f,0.10013049009586328f,0.1720309503276889f,-0.933225067671725f,0.23854943930133993f,-0.2686729202545743f,0.6746378768720455f,0f,0f,0f,1f], start_interpolation: 0, interpolation_duration: 1 }
$data merge entity $(bone_left_forearm) { transformation: [-0.4257932562250996f,0.5500870369602996f,1.8765454399166996f,1.8479278613689232f,-0.04017805682400497f,1.917648274178174f,-0.5712523554804937f,0.4601733164757672f,-1.9550969950500587f,-0.15920986671812565f,-0.39694633344637786f,0.18140014737508414f,0f,0f,0f,1f], start_interpolation: 0, interpolation_duration: 1 }
$data merge entity $(bone_left_bicep) { transformation: [-1.1692696723846963f,0.5361880586137754f,0.09902738284175351f,1.6943718449065026f,0.11369771029610627f,0.46892547854127314f,-1.1965272039361965f,1.0465390556510006f,-0.5332699948674399f,-1.0756890279657687f,-0.47224130611293663f,-1.5428739299567598f,0f,0f,0f,1f], start_interpolation: 0, interpolation_duration: 1 }
$data merge entity $(bone_left_shoulder) { transformation: [-1.1172690345515761f,0.5123423011252108f,0.09462336280058241f,1.3743293750000003f,0.10864126044950695f,0.44807107296123627f,-1.1433143487165227f,1.1486624700601158f,-0.5095540116983766f,-1.0278501787375764f,-0.45123943656223203f,-1.7985686947063244f,0f,0f,0f,1f], start_interpolation: 0, interpolation_duration: 1 }
$data merge entity $(bone_right_fingers_2) { transformation: [-0.17749295767034648f,-0.32978614912052445f,-0.9272202250952507f,1.688090671540675f,-0.18662249729917402f,0.936363422134921f,-0.2973139505465552f,0.10383878941078081f,0.9662651258734594f,0.12026902151441461f,-0.22774342797260427f,0.777069328381886f,0f,0f,0f,1f], start_interpolation: 0, interpolation_duration: 1 }
$data merge entity $(bone_right_fingers) { transformation: [-0.17749295767034648f,-0.32978614912052445f,-0.9272202250952507f,1.1493617608757276f,-0.18662249729917402f,0.936363422134921f,-0.2973139505465552f,-0.06466064112713368f,0.9662651258734594f,0.12026902151441461f,-0.22774342797260427f,0.6597967815180148f,0f,0f,0f,1f], start_interpolation: 0, interpolation_duration: 1 }
$data merge entity $(bone_right_index_finger_2) { transformation: [-0.17749295767034648f,-0.28902748760978547f,-0.9407227866823508f,1.7749534895381573f,-0.18662249729917402f,0.9484408640162038f,-0.25618737472017755f,0.1634623358170191f,0.9662651258734594f,0.13008858086001265f,-0.222280605655499f,0.3420641159005585f,0f,0f,0f,1f], start_interpolation: 0, interpolation_duration: 1 }
$data merge entity $(bone_right_index_finger) { transformation: [-0.17749295767034648f,-0.28902748760978547f,-0.9407227866823508f,1.2311225258885172f,-0.18662249729917402f,0.9484408640162038f,-0.25618737472017755f,0.021302085289752498f,0.9662651258734594f,0.13008858086001265f,-0.222280605655499f,0.2147114216079579f,0f,0f,0f,1f], start_interpolation: 0, interpolation_duration: 1 }
$data merge entity $(bone_right_thumb) { transformation: [0.16559643680832095f,-0.13609965402981133f,-0.9767572391793946f,0.5095328963382803f,-0.11809976432940204f,0.9805673556644838f,-0.15665282209555462f,-0.12090309767058717f,0.9790966580382794f,0.1412959489091154f,0.14630512308236232f,-0.21680848714291479f,0f,0f,0f,1f], start_interpolation: 0, interpolation_duration: 1 }
$data merge entity $(bone_right_hand) { transformation: [-0.17749295767034648f,0.05014914501961404f,-0.982843483587918f,0.4611991549131187f,-0.18662249729917402f,0.9788641237878598f,0.0836484946836778f,-0.09730122213892889f,0.9662651258734594f,0.19826772408747506f,-0.16438252980752052f,0.4061288424929097f,0f,0f,0f,1f], start_interpolation: 0, interpolation_duration: 1 }
$data merge entity $(bone_right_forearm) { transformation: [-0.3552222028405916f,-0.7403265399699481f,-1.8251193311813239f,-1.7363292730626305f,-0.3734934357978775f,1.8462352013836383f,-0.6761989402641616f,0.05448183667289175f,1.9338165921957375f,0.22058777757301665f,-0.4658553341547379f,0.01535649994190491f,0f,0f,0f,1f], start_interpolation: 0, interpolation_duration: 1 }
$data merge entity $(bone_right_bicep) { transformation: [-1.1408751564339357f,-0.6002922380557725f,-0.05048494699358888f,-1.6786693508029031f,-0.2881740758630333f,0.6387853029838206f,-1.0832380450314079f,0.9786147244390665f,0.5290134241618454f,-0.946624629477266f,-0.6989579611355028f,-1.5604571024386389f,0f,0f,0f,1f], start_interpolation: 0, interpolation_duration: 1 }
$data merge entity $(bone_right_shoulder) { transformation: [-1.0901373008103215f,-0.5735955914203493f,-0.04823974256672322f,-1.3743293749999999f,-0.27535818222808967f,0.6103767638947705f,-1.0350634702544417f,1.1486624700601158f,0.5054867423976679f,-0.9045256289781207f,-0.6678733784630932f,-1.7985686947063249f,0f,0f,0f,1f], start_interpolation: 0, interpolation_duration: 1 }
$data merge entity $(bone_chest) { transformation: [-4.0674850000000005f,1.741964409551239e-16f,4.666715876689266e-16f,1.5989838380332674e-16f,0f,3.8106626987784677f,-1.4224218858564464f,1.5342387273944629f,-4.981232485829872e-16f,-1.4224218858564464f,-3.8106626987784677f,-1.3056693890406135f,0f,0f,0f,1f], start_interpolation: 0, interpolation_duration: 1 }
$data merge entity $(bone_weist) { transformation: [-1.0999999999999999f,1.867669546091783e-17f,1.33410173588331e-16f,4.2304244607788847e-16f,0f,1.0893767385111883f,-0.1525067919494933f,0.8839251078119251f,-1.3471114790620883e-16f,-0.1525067919494933f,-1.0893767385111883f,-3.454403721729621f,0f,0f,0f,1f], start_interpolation: 0, interpolation_duration: 1 }
$data merge entity $(bone_right_fingers2) { transformation: [-0.9959905865453927f,-0.0259816952924035f,-0.08560200361380148f,1.1809272371323476f,0.021795279227137546f,-0.9985371574675057f,0.04948243082271925f,-0.02351831590507747f,-0.08676241880201178f,0.047418315727646876f,0.9950998874571224f,-10.319874402052433f,0f,0f,0f,1f], start_interpolation: 0, interpolation_duration: 1 }
$data merge entity $(bone_left_foot) { transformation: [-0.9959905865453927f,-0.06660142355957564f,0.05972438273270461f,1.108796734598654f,0.021795279227137546f,0.46684635014854914f,0.8840698225572399f,0.254686670819229f,-0.08676241880201178f,0.8818269307141942f,-0.4635229734876235f,-9.366338204736696f,0f,0f,0f,1f], start_interpolation: 0, interpolation_duration: 1 }
$data merge entity $(bone_left_knee) { transformation: [-1.5786591895410902f,0.06411636998909791f,0.12646803118146968f,0.9420829316396249f,0.03454582634146872f,1.545031550950153f,-0.352071016962455f,0.12896774271928435f,-0.13751966293545503f,-0.3479030126371621f,-1.5402343148489235f,-7.2990730601169265f,0f,0f,0f,1f], start_interpolation: 0, interpolation_duration: 1 }
$data merge entity $(bone_left_thigh) { transformation: [-1.5972236240821407f,-0.14277117699206024f,-0.014039202446183724f,0.7385400000000005f,0.03495207218352988f,-0.5394815246410054f,1.509782120284978f,0.4612560881241736f,-0.13913684211990884f,1.5034227912009408f,0.5404302578257267f,-5.228737900918066f,0f,0f,0f,1f], start_interpolation: 0, interpolation_duration: 1 }
$data merge entity $(bone_left_fingers2) { transformation: [-0.9959905865453927f,0.025981695292403486f,0.08560200361380126f,-1.1777239801682475f,-0.021795279227137546f,-0.9985371574675057f,0.04948243082271925f,-0.06632927979222575f,0.08676241880201153f,0.047418315727646876f,0.9950998874571224f,-10.274837306311948f,0f,0f,0f,1f], start_interpolation: 0, interpolation_duration: 1 }
$data merge entity $(bone_right_foot) { transformation: [-0.9959905865453927f,0.06660142355957545f,-0.0597243827327045f,-1.1055934776345542f,-0.021795279227137546f,0.46684635014854914f,0.8840698225572399f,0.21187570693208074f,0.08676241880201153f,0.8818269307141942f,-0.4635229734876235f,-9.321301108996211f,0f,0f,0f,1f], start_interpolation: 0, interpolation_duration: 1 }
$data merge entity $(bone_right_knee) { transformation: [-1.5786591895410902f,-0.06411636998909784f,-0.12646803118146932f,-0.9398075237647855f,-0.03454582634146872f,1.545031550950153f,-0.352071016962455f,0.1172637245772572f,0.13751966293545465f,-0.3479030126371621f,-1.5402343148489235f,-7.25687295755411f,0f,0f,0f,1f], start_interpolation: 0, interpolation_duration: 1 }
$data merge entity $(bone_right_thigh) { transformation: [-1.5972236240821407f,0.1427711769920599f,0.01403920244618359f,-0.7385399999999994f,-0.03495207218352988f,-0.5394815246410054f,1.509782120284978f,0.444962615305309f,0.13913684211990845f,1.5034227912009408f,0.5404302578257267f,-5.2138112803852f,0f,0f,0f,1f], start_interpolation: 0, interpolation_duration: 1 }