# This file was generated by Animated Java via MC-Build. It is not recommended to edit this file directly.
$data merge entity $(bone_left_fingers_2) { transformation: [-0.33532964942931354f,0.051858322325652205f,0.9406724938144958f,-1.5126548504498425f,0.20653044524591074f,0.9782419504085105f,0.01969420339794198f,0.17772615875897652f,-0.9191839866969723f,0.20088155929931037f,-0.3387438526871566f,1.1944593562505676f,0f,0f,0f,1f], start_interpolation: 0, interpolation_duration: 1 }
$data merge entity $(bone_left_fingers) { transformation: [-0.33532964942931354f,0.051858322325652205f,0.9406724938144958f,-0.965613964390891f,0.20653044524591074f,0.9782419504085105f,0.01969420339794198f,0.19189508364767274f,-0.9191839866969723f,0.20088155929931037f,-0.3387438526871566f,1.013034618011837f,0f,0f,0f,1f], start_interpolation: 0, interpolation_duration: 1 }
$data merge entity $(bone_left_index_finger_2) { transformation: [-0.16489894152921364f,0.05653757675751071f,0.9846887028380765f,-1.664743705657983f,0.22491941502079596f,0.9742060681993205f,-0.01827001451352188f,0.29478779932230387f,-0.9603226519400905f,0.2184629009649233f,-0.1733619481683975f,0.6811827443358864f,0f,0f,0f,1f], start_interpolation: 0, interpolation_duration: 1 }
$data merge entity $(bone_left_index_finger) { transformation: [-0.16489894152921364f,0.05653757675751071f,0.9846887028380765f,-1.0969190316014683f,0.22491941502079596f,0.9742060681993205f,-0.01827001451352188f,0.28989356352733414f,-0.9603226519400905f,0.2184629009649233f,-0.1733619481683975f,0.5825341326565918f,0f,0f,0f,1f], start_interpolation: 0, interpolation_duration: 1 }
$data merge entity $(bone_left_thumb) { transformation: [-0.2850584905521355f,0.16046292184991878f,0.9449832314255767f,-0.4237560389175594f,0.2127511096437696f,0.9718875560094915f,-0.10085407190214328f,0.1783767396747513f,-0.934600782318035f,0.1722969215780849f,-0.31118346438272143f,0.07112537005834552f,0f,0f,0f,1f], start_interpolation: 0, interpolation_duration: 1 }
$data merge entity $(bone_left_hand) { transformation: [-0.2850584905521355f,-0.04787249589485909f,0.9573138884926589f,-0.3085478417249252f,0.2127511096437696f,0.9706787566882027f,0.11189153971409149f,0.1834672600507662f,-0.934600782318035f,0.2355652254706582f,-0.2665152945695146f,0.6856538670741493f,0f,0f,0f,1f], start_interpolation: 0, interpolation_duration: 1 }
$data merge entity $(bone_left_forearm) { transformation: [-0.42014639200361176f,0.5253194605322334f,1.884896524221732f,1.8517618519411223f,-0.0515165251831892f,1.9242196777016183f,-0.5477619126314152f,0.49849520186207585f,-1.956052527482351f,-0.1635130871909018f,-0.39043618351518505f,0.1971002373784505f,0f,0f,0f,1f], start_interpolation: 0, interpolation_duration: 1 }
$data merge entity $(bone_left_bicep) { transformation: [-1.1692691602555447f,0.5327908086292035f,0.11592760079741161f,1.695017006539313f,0.09678359810239212f,0.4727461050767792f,-1.1965114620362822f,1.0777157105765767f,-0.5365987229995607f,-1.0757047447539152f,-0.4684194019255249f,-1.529300637202359f,0f,0f,0f,1f], start_interpolation: 0, interpolation_duration: 1 }
$data merge entity $(bone_left_shoulder) { transformation: [-1.1172685451982163f,0.5090961361899211f,0.1107719815880002f,1.3743293750000003f,0.09247936533900875f,0.45172178572795085f,-1.143299306902188f,1.1748799231327596f,-0.5127347021364296f,-1.027865196556933f,-0.4475875029643056f,-1.7861171978264907f,0f,0f,0f,1f], start_interpolation: 0, interpolation_duration: 1 }
$data merge entity $(bone_right_fingers_2) { transformation: [-0.1732652913347728f,-0.3166883743592838f,-0.9325704329241575f,1.691822845304349f,-0.18079190852651045f,0.9410286948097752f,-0.28597077010763383f,0.0993673775804603f,0.9681391556124661f,0.11905237960782425f,-0.22030230656916966f,0.7723928130569058f,0f,0f,0f,1f], start_interpolation: 0, interpolation_duration: 1 }
$data merge entity $(bone_right_fingers) { transformation: [-0.1732652913347728f,-0.3166883743592838f,-0.9325704329241575f,1.1501443656215258f,-0.18079190852651045f,0.9410286948097752f,-0.28597077010763383f,-0.062487531119252315f,0.9681391556124661f,0.11905237960782425f,-0.22030230656916966f,0.6594275055324528f,0f,0f,0f,1f], start_interpolation: 0, interpolation_duration: 1 }
$data merge entity $(bone_right_index_finger_2) { transformation: [-0.1732652913347728f,-0.2757088062401141f,-0.945496585387979f,1.7764629296347536f,-0.18079190852651045f,0.9526069138036911f,-0.2446514941396217f,0.15627721422299456f,0.9681391556124661f,0.12854851977000267f,-0.21489963572543147f,0.33658668879944686f,0f,0f,0f,1f], start_interpolation: 0, interpolation_duration: 1 }
$data merge entity $(bone_right_index_finger) { transformation: [-0.1732652913347728f,-0.2757088062401141f,-0.945496585387979f,1.229957761611761f,-0.18079190852651045f,0.9526069138036911f,-0.2446514941396217f,0.020789442015929457f,0.9681391556124661f,0.12854851977000267f,-0.21489963572543147f,0.21347890064539382f,0f,0f,0f,1f], start_interpolation: 0, interpolation_duration: 1 }
$data merge entity $(bone_right_thumb) { transformation: [0.17077028056169707f,-0.12230078814174977f,-0.9776911723528992f,0.503620422030422f,-0.11672055419481392f,0.9827689330009522f,-0.14332318917964965f,-0.11351475442275127f,0.9783730492533692f,0.1385919966956139f,0.15355271064552478f,-0.21257249429711444f,0f,0f,0f,1f], start_interpolation: 0, interpolation_duration: 1 }
$data merge entity $(bone_right_hand) { transformation: [-0.1732652913347728f,0.0642973469387998f,-0.9827741296937502f,0.45988537952924524f,-0.18079190852651045f,0.9788334265014388f,0.09591354948491188f,-0.08703248545295716f,0.9681391556124661f,0.19429609965226902f,-0.15797341874472887f,0.41058884214009606f,0f,0f,0f,1f], start_interpolation: 0, interpolation_duration: 1 }
$data merge entity $(bone_right_forearm) { transformation: [-0.346761242088635f,-0.7146055592421762f,-1.8369600724871205f,-1.7381083033864533f,-0.3618244962812468f,1.8565532946970966f,-0.6539263491148991f,0.09209321490786004f,1.937567146475841f,0.21880477800106654f,-0.4508711503832722f,0.034277713232680806f,0f,0f,0f,1f], start_interpolation: 0, interpolation_duration: 1 }
$data merge entity $(bone_right_bicep) { transformation: [-1.1408769375800951f,-0.598392274035876f,-0.06944150907884482f,-1.6792200386500813f,-0.27130057186222956f,0.6431647013637679f,-1.0850026682630756f,1.0096923936754658f,0.5378581936869621f,-0.9448605594504087f,-0.6945809601406954f,-1.5453040952644128f,0f,0f,0f,1f], start_interpolation: 0, interpolation_duration: 1 }
$data merge entity $(bone_right_shoulder) { transformation: [-1.0901390027440132f,-0.5717801240253358f,-0.06635325420533067f,-1.3743293749999999f,-0.2592350893524903f,0.6145613983853764f,-1.0367496158382674f,1.1748799231327596f,0.5139381606988065f,-0.9028400119965664f,-0.6636910347393173f,-1.7861171978264911f,0f,0f,0f,1f], start_interpolation: 0, interpolation_duration: 1 }
$data merge entity $(bone_chest) { transformation: [-4.0674850000000005f,1.8886484764445475e-16f,4.609304070064215e-16f,1.598967099524213e-16f,0f,3.7637824009938154f,-1.5421985161431835f,1.5758481825270858f,-4.981232485829872e-16f,-1.5421985161431835f,-3.7637824009938154f,-1.3056557210107242f,0f,0f,0f,1f], start_interpolation: 0, interpolation_duration: 1 }
$data merge entity $(bone_weist) { transformation: [-1.0999999999999999f,2.288560056776424e-17f,1.3275293841140098e-16f,4.203910822770974e-16f,0f,1.0840100060182964f,-0.18687511030689086f,0.8579197372488894f,-1.3471114790620883e-16f,-0.18687511030689086f,-1.0840100060182964f,-3.4327536933080625f,0f,0f,0f,1f], start_interpolation: 0, interpolation_duration: 1 }
$data merge entity $(bone_right_fingers2) { transformation: [-0.9959903462293015f,-0.025980969094587126f,-0.08560502008026291f,1.180942871305519f,0.02179411735555107f,-0.9985370181689636f,0.04948575345417616f,-0.02353531132208725f,-0.08676546932235525f,0.04742164686238909f,0.9950994627383388f,-10.319871425197876f,0f,0f,0f,1f], start_interpolation: 0, interpolation_duration: 1 }
$data merge entity $(bone_left_foot) { transformation: [-0.9959903462293015f,-0.0666044643110778f,0.05972499938778123f,1.108809277705333f,0.02179411735555107f,0.46684930260520424f,0.8840682921051557f,0.2546728678527244f,-0.08676546932235525f,0.8818251379898789f,-0.463525813027066f,-9.36633639315136f,0f,0f,0f,1f], start_interpolation: 0, interpolation_duration: 1 }
$data merge entity $(bone_left_knee) { transformation: [-1.578658808636681f,0.06411606667866979f,0.12647293956217945f,0.942089406820396f,0.03454398475854432f,1.545030419010413f,-0.35207616503185335f,0.1289608520026907f,-0.13752449805341513f,-0.34790809542204054f,-1.5402327350465554f,-7.2990713175351525f,0f,0f,0f,1f], start_interpolation: 0, interpolation_duration: 1 }
$data merge entity $(bone_left_thigh) { transformation: [-1.59722323869844f,-0.14277520047448472f,-0.014042129548168313f,0.7385400000000005f,0.03495020894428732f,-0.5394765164020723f,1.5097839529735855f,0.4612560881241736f,-0.13914173409702607f,1.5034242062343102f,0.5404250618284806f,-5.228737900918066f,0f,0f,0f,1f], start_interpolation: 0, interpolation_duration: 1 }
$data merge entity $(bone_left_fingers2) { transformation: [-0.9959903462293015f,0.025980969094587122f,0.08560502008026268f,-1.1777395474162389f,-0.02179411735555107f,-0.9985370181689636f,0.04948575345417616f,-0.06634617520324154f,0.086765469322355f,0.04742164686238909f,0.9950994627383388f,-10.274834248504865f,0f,0f,0f,1f], start_interpolation: 0, interpolation_duration: 1 }
$data merge entity $(bone_right_foot) { transformation: [-0.9959903462293015f,0.0666044643110776f,-0.05972499938778113f,-1.1056059538160532f,-0.02179411735555107f,0.46684930260520424f,0.8840682921051557f,0.21186200397157012f,0.086765469322355f,0.8818251379898789f,-0.463525813027066f,-9.32129921645835f,0f,0f,0f,1f], start_interpolation: 0, interpolation_duration: 1 }
$data merge entity $(bone_right_knee) { transformation: [-1.578658808636681f,-0.0641160666786697f,-0.12647293956217912f,-0.9398139134606854f,-0.03454398475854432f,1.545030419010413f,-0.35207616503185335f,0.11725692498810292f,0.13752449805341474f,-0.34790809542204054f,-1.5402327350465554f,-7.256871237439077f,0f,0f,0f,1f], start_interpolation: 0, interpolation_duration: 1 }
$data merge entity $(bone_right_thigh) { transformation: [-1.59722323869844f,0.14277520047448436f,0.01404212954816818f,-0.7385399999999994f,-0.03495020894428732f,-0.5394765164020723f,1.5097839529735855f,0.444962615305309f,0.13914173409702565f,1.5034242062343102f,0.5404250618284806f,-5.2138112803852f,0f,0f,0f,1f], start_interpolation: 0, interpolation_duration: 1 }