# This file was generated by Animated Java via MC-Build. It is not recommended to edit this file directly.
$data merge entity $(bone_left_fingers_2) { transformation: [-0.33163068166420995f,0.0391365456649266f,0.9425971683451784f,-1.511167826804113f,0.20437099178940735f,0.9783936012684937f,0.031280324676721316f,0.17252344911158082f,-0.9210068342275997f,0.20301303354780997f,-0.33246371157732446f,1.1943529884003452f,0f,0f,0f,1f], start_interpolation: 0, interpolation_duration: 1 }
$data merge entity $(bone_left_fingers) { transformation: [-0.33163068166420995f,0.0391365456649266f,0.9425971683451784f,-0.963142157044516f,0.20437099178940735f,0.9783936012684937f,0.031280324676721316f,0.19340027883011068f,-0.9210068342275997f,0.20301303354780997f,-0.33246371157732446f,1.0165850262612f,0f,0f,0f,1f], start_interpolation: 0, interpolation_duration: 1 }
$data merge entity $(bone_left_index_finger_2) { transformation: [-0.17474080440581619f,0.043157016169776706f,0.9836681977328179f,-1.6617165988434297f,0.2221488361113984f,0.9750071341490324f,-0.0033140568554615307f,0.2865375234414643f,-0.9592265352303174f,0.21794164428537244f,-0.17996081183476823f,0.6883168703717277f,0f,0f,0f,1f], start_interpolation: 0, interpolation_duration: 1 }
$data merge entity $(bone_left_index_finger) { transformation: [-0.17474080440581619f,0.043157016169776706f,0.9836681977328179f,-1.0945574623827743f,0.2221488361113984f,0.9750071341490324f,-0.0033140568554615307f,0.2902673668722614f,-0.9592265352303174f,0.21794164428537244f,-0.17996081183476823f,0.5858621740672552f,0f,0f,0f,1f], start_interpolation: 0, interpolation_duration: 1 }
$data merge entity $(bone_left_thumb) { transformation: [-0.28529781348875616f,0.15549951296977382f,0.9457404818895605f,-0.4204073664195662f,0.21029489941308152f,0.9728617317644668f,-0.09651997797909104f,0.1815154893233233f,-0.9350835325784412f,0.17134746083442678f,-0.310256079338049f,0.0751587215373436f,0f,0f,0f,1f], start_interpolation: 0, interpolation_duration: 1 }
$data merge entity $(bone_left_hand) { transformation: [-0.28529781348875616f,-0.05288215116432737f,0.9569789107952005f,-0.30575871857362524f,0.21029489941308152f,0.9706917709725412f,0.11633374852996486f,0.18786150029832727f,-0.9350835325784412f,0.23443754787666676f,-0.26581539317014496f,0.6897801753073699f,0f,0f,0f,1f], start_interpolation: 0, interpolation_duration: 1 }
$data merge entity $(bone_left_forearm) { transformation: [-0.4181913923432889f,0.515926206525125f,1.8879233411717944f,1.8533869865776922f,-0.05577322795941318f,1.9266147068758872f,-0.5388539242162201f,0.5130411842170954f,-1.956354707041559f,-0.16521003002489487f,-0.38820141623415616f,0.20273477408555962f,0f,0f,0f,1f], start_interpolation: 0, interpolation_duration: 1 }
$data merge entity $(bone_left_bicep) { transformation: [-1.1692687619234265f,0.5313750704776717f,0.12225678049097391f,1.6952715996247025f,0.09039421267644235f,0.47418184342297f,-1.196443099020472f,1.0895569517650208f,-0.5377128157444037f,-1.0757730882272314f,-0.4669826698512288f,-1.5244462871255222f,0f,0f,0f,1f], start_interpolation: 0, interpolation_duration: 1 }
$data merge entity $(bone_left_shoulder) { transformation: [-1.117268164581023f,0.5077433598072807f,0.11681968525528838f,1.3743293750000003f,0.08637413345381866f,0.4530936728415931f,-1.1432339841776897f,1.18484587608764f,-0.5137992481131441f,-1.0279305006080457f,-0.4462146663163796f,-1.7816471743501796f,0f,0f,0f,1f], start_interpolation: 0, interpolation_duration: 1 }
$data merge entity $(bone_right_fingers_2) { transformation: [-0.17176665418020853f,-0.3117062267913421f,-0.9345241809023673f,1.692754880958084f,-0.17860104257350495f,0.9427561196675455f,-0.2816248682574918f,0.09758528216066888f,0.9688126155781589f,0.11853323166478225f,-0.2176051214647976f,0.7707738868809109f,0f,0f,0f,1f], start_interpolation: 0, interpolation_duration: 1 }
$data merge entity $(bone_right_fingers) { transformation: [-0.17176665418020853f,-0.3117062267913421f,-0.9345241809023673f,1.14999983112134f,-0.17860104257350495f,0.9427561196675455f,-0.2816248682574918f,-0.061724855459056496f,0.9688126155781589f,0.11853323166478225f,-0.2176051214647976f,0.6593692933756211f,0f,0f,0f,1f], start_interpolation: 0, interpolation_duration: 1 }
$data merge entity $(bone_right_index_finger_2) { transformation: [-0.17176665418020853f,-0.2706461792828278f,-0.9472311556063512f,1.7765984717056442f,-0.17860104257350495f,0.9541431289595097f,-0.24023437941105244f,0.15347614175362786f,0.9688126155781589f,0.1279122163789051f,-0.21222766265885895f,0.3346820210694043f,0f,0f,0f,1f], start_interpolation: 0, interpolation_duration: 1 }
$data merge entity $(bone_right_index_finger) { transformation: [-0.17176665418020853f,-0.2706461792828278f,-0.9472311556063512f,1.2291229170548863f,-0.17860104257350495f,0.9541431289595097f,-0.24023437941105244f,0.020542935433563864f,0.9688126155781589f,0.1279122163789051f,-0.21222766265885895f,0.21311046882559997f,0f,0f,0f,1f], start_interpolation: 0, interpolation_duration: 1 }
$data merge entity $(bone_right_thumb) { transformation: [0.17260775470699208f,-0.11706558844266426f,-0.9780093102918719f,0.501074241414231f,-0.1162296599598488f,0.9835546008419143f,-0.13824258861986288f,-0.11072605591275457f,0.9781090067884195f,0.13753543239934757f,0.15616265774536425f,-0.2109613611659728f,0f,0f,0f,1f], start_interpolation: 0, interpolation_duration: 1 }
$data merge entity $(bone_right_hand) { transformation: [-0.17176665418020853f,0.06964791808704968f,-0.9826725721306542f,0.4590136291334468f,-0.17860104257350495f,0.9787662543347498f,0.10058969612828533f,-0.08317306284763504f,0.9688126155781589f,0.19278430143988212f,-0.1556802139481538f,0.4122688155827923f,0f,0f,0f,1f], start_interpolation: 0, interpolation_duration: 1 }
$data merge entity $(bone_right_forearm) { transformation: [-0.34376197271879444f,-0.704814677766654f,-1.8413013735789507f,-1.7389859206627465f,-0.35743984778493587f,1.860386537118519f,-0.6453878368471228f,0.10637990875272862f,1.938914962950806f,0.21800223562939494f,-0.4454330072329857f,0.041135466960167566f,0f,0f,0f,1f], start_interpolation: 0, interpolation_duration: 1 }
$data merge entity $(bone_right_bicep) { transformation: [-1.1408783229080686f,-0.5975207537958067f,-0.07655863512938914f,-1.6794413982858896f,-0.26487862360586173f,0.6448410291687267f,-1.0855943005415938f,1.0215088371856078f,0.5410467545288931f,-0.9442693574372828f,-0.6929064969603357f,-1.5398541802335752f,0f,0f,0f,1f], start_interpolation: 0, interpolation_duration: 1 }
$data merge entity $(bone_right_shoulder) { transformation: [-1.090140326462642f,-0.570947362687031f,-0.07315386208824629f,-1.3743293749999999f,-0.2530987427954989f,0.6161631752829321f,-1.0373149366023657f,1.18484587608764f,0.5169849174715256f,-0.9022751023627751f,-0.662091039541377f,-1.7816471743501798f,0f,0f,0f,1f], start_interpolation: 0, interpolation_duration: 1 }
$data merge entity $(bone_chest) { transformation: [-4.0674850000000005f,1.9433663654000157e-16f,4.586502398093648e-16f,1.5993780897372395e-16f,0f,3.745163422863596f,-1.586879063214849f,1.5915033289351952f,-4.981232485829872e-16f,-1.586879063214849f,-3.745163422863596f,-1.3059913199877622f,0f,0f,0f,1f], start_interpolation: 0, interpolation_duration: 1 }
$data merge entity $(bone_weist) { transformation: [-1.0999999999999999f,2.4463766086311424e-17f,1.3247119505418041e-16f,4.1936746002236447e-16f,0f,1.0817093969168254f,-0.19976180971806767f,0.8483128363526532f,-1.3471114790620883e-16f,-0.19976180971806767f,-1.0817093969168254f,-3.424395183283412f,0f,0f,0f,1f], start_interpolation: 0, interpolation_duration: 1 }
$data merge entity $(bone_right_fingers2) { transformation: [-0.9959901593093986f,-0.025980404288367818f,-0.08560736622424411f,1.1809550312320454f,0.021793213677605564f,-0.9985369098170663f,0.049488337723008924f,-0.023548529977376165f,-0.08676784194873763f,0.04742423774819504f,0.9950991323871015f,-10.319869109791941f,0f,0f,0f,1f], start_interpolation: 0, interpolation_duration: 1 }
$data merge entity $(bone_left_foot) { transformation: [-0.9959901593093986f,-0.06660682933706011f,0.05972547902279764f,1.1088190334690025f,0.021793213677605564f,0.4668515989566807f,0.8840671017457855f,0.25466213221243866f,-0.08676784194873763f,0.8818237436343244f,-0.4635280215545815f,-9.366334984080634f,0f,0f,0f,1f], start_interpolation: 0, interpolation_duration: 1 }
$data merge entity $(bone_left_knee) { transformation: [-1.5786585123659869f,0.06411583079382328f,0.12647675719299067f,0.9420944430757364f,0.03454255241619859f,1.5450295385994555f,-0.3520801690833446f,0.1289554925585764f,-0.13752825869984342f,-0.34791204870024295f,-1.540231506288005f,-7.299069962162886f,0f,0f,0f,1f], start_interpolation: 0, interpolation_duration: 1 }
$data merge entity $(bone_left_thigh) { transformation: [-1.5972229389437147f,-0.14277832986351988f,-0.014044406163938497f,0.7385400000000005f,0.03494875975813775f,-0.53947262109997f,1.5097853783852877f,0.4612560881241736f,-0.13914553896723292f,1.5034253067964576f,0.5404210204836651f,-5.228737900918066f,0f,0f,0f,1f], start_interpolation: 0, interpolation_duration: 1 }
$data merge entity $(bone_left_fingers2) { transformation: [-0.9959901593093986f,0.025980404288367814f,0.08560736622424389f,-1.1777516552893483f,-0.021793213677605564f,-0.9985369098170663f,0.049488337723008924f,-0.0663593160758526f,0.08676784194873738f,0.04742423774819504f,0.9950991323871015f,-10.274831870136182f,0f,0f,0f,1f], start_interpolation: 0, interpolation_duration: 1 }
$data merge entity $(bone_right_foot) { transformation: [-0.9959901593093986f,0.0666068293370599f,-0.05972547902279753f,-1.1056156575263056f,-0.021793213677605564f,0.4668515989566807f,0.8840671017457855f,0.21185134611396222f,0.08676784194873738f,0.8818237436343244f,-0.4635280215545815f,-9.321297744424875f,0f,0f,0f,1f], start_interpolation: 0, interpolation_duration: 1 }
$data merge entity $(bone_right_knee) { transformation: [-1.5786585123659869f,-0.0641158307938232f,-0.12647675719299029f,-0.9398188832277452f,-0.03454255241619859f,1.5450295385994555f,-0.3520801690833446f,0.11725163642085601f,0.137528258699843f,-0.34791204870024295f,-1.540231506288005f,-7.25686989954135f,0f,0f,0f,1f], start_interpolation: 0, interpolation_duration: 1 }
$data merge entity $(bone_right_thigh) { transformation: [-1.5972229389437147f,0.14277832986351952f,0.014044406163938363f,-0.7385399999999994f,-0.03494875975813775f,-0.53947262109997f,1.5097853783852877f,0.444962615305309f,0.1391455389672325f,1.5034253067964576f,0.5404210204836651f,-5.2138112803852f,0f,0f,0f,1f], start_interpolation: 0, interpolation_duration: 1 }