# This file was generated by Animated Java via MC-Build. It is not recommended to edit this file directly.
$data merge entity $(bone_left_fingers_2) { transformation: [-0.3288092527994186f,0.033957900140090494f,0.9437856410708758f,-1.511960322234049f,0.20492500296403657f,0.9781079553870096f,0.03620180615430392f,0.16959875991751777f,-0.9218949063931733f,0.20530876412545054f,-0.3285697687548301f,1.1918419481818125f,0f,0f,0f,1f], start_interpolation: 0, interpolation_duration: 1 }
$data merge entity $(bone_left_fingers) { transformation: [-0.3288092527994186f,0.033957900140090494f,0.9437856410708758f,-0.96331845951939f,0.20492500296403657f,0.9781079553870096f,0.03620180615430392f,0.19330267713243893f,-0.9218949063931733f,0.20530876412545054f,-0.3285697687548301f,1.0163436408301068f,0f,0f,0f,1f], start_interpolation: 0, interpolation_duration: 1 }
$data merge entity $(bone_left_index_finger_2) { transformation: [-0.18154015836216827f,0.037530604098131706f,0.9826670975757092f,-1.66127470508516f,0.22163883291199252f,0.9751217928257109f,0.0037036335917074725f,0.282470834452122f,-0.9580811023328082f,0.2184695468764494f,-0.18534200398277292f,0.6911881817126223f,0f,0f,0f,1f], start_interpolation: 0, interpolation_duration: 1 }
$data merge entity $(bone_left_index_finger) { transformation: [-0.18154015836216827f,0.037530604098131706f,0.9826670975757092f,-1.0947250698214392f,0.22163883291199252f,0.9751217928257109f,0.0037036335917074725f,0.29024578962838404f,-0.9580811023328082f,0.2184695468764494f,-0.18534200398277292f,0.5856352402462266f,0f,0f,0f,1f], start_interpolation: 0, interpolation_duration: 1 }
$data merge entity $(bone_left_thumb) { transformation: [-0.2852789368836892f,0.15583641036209753f,0.9456907218409031f,-0.420639962043775f,0.21045994571711274f,0.9727966920295943f,-0.09681532536240856f,0.18130476349240565f,-0.9350521586624257f,0.17141064489037736f,-0.310315728571729f,0.07488632005117724f,0f,0f,0f,1f], start_interpolation: 0, interpolation_duration: 1 }
$data merge entity $(bone_left_hand) { transformation: [-0.2852789368836892f,-0.05254246953967162f,0.9570032481999133f,-0.30595506537079986f,0.21045994571711274f,0.9706921978127039f,0.11603132488381221f,0.1875668066007059f,-0.9350521586624257f,0.23451214467531437f,-0.26585995294613757f,0.6895018722737004f,0f,0f,0f,1f], start_interpolation: 0, interpolation_duration: 1 }
$data merge entity $(bone_left_forearm) { transformation: [-0.41831986262268384f,0.5165644473562161f,1.8877203441224026f,1.8532724852965492f,-0.05548537740870541f,1.9264536296753565f,-0.5394591911860932f,0.5120574570643044f,-1.9563354259379575f,-0.1650939665430181f,-0.38834793263507966f,0.20235976984464976f,0f,0f,0f,1f], start_interpolation: 0, interpolation_duration: 1 }
$data merge entity $(bone_left_bicep) { transformation: [-1.1692684773954252f,0.5314740635116633f,0.12182844944797018f,1.6952539828541826f,0.09082768026357348f,0.47408421640521003f,-1.1964489591138052f,1.0887563722175548f,-0.5376403851817999f,-1.0757672141690182f,-0.4670795870638187f,-1.5247690146343313f,0f,0f,0f,1f], start_interpolation: 0, interpolation_duration: 1 }
$data merge entity $(bone_left_shoulder) { transformation: [-1.117267892706764f,0.5078379503488187f,0.11641040327168127f,1.3743293750000003f,0.08678832354531028f,0.4530003875657881f,-1.1432395836565574f,1.1841725234969729f,-0.5137300387368442f,-1.0279248877853548f,-0.44630727335400244f,-1.7819447156315837f,0f,0f,0f,1f], start_interpolation: 0, interpolation_duration: 1 }
$data merge entity $(bone_right_fingers_2) { transformation: [-0.1718677721055904f,-0.3120417257316825f,-0.9343936163704534f,1.6926951047477137f,-0.17874950079592883f,0.9426405195135231f,-0.28191748249528875f,0.09770143176474833f,0.9687673017173254f,0.11856986283903921f,-0.21778682868728394f,0.770884963021962f,0f,0f,0f,1f], start_interpolation: 0, interpolation_duration: 1 }
$data merge entity $(bone_right_fingers) { transformation: [-0.1718677721055904f,-0.3120417257316825f,-0.9343936163704534f,1.1500119715732708f,-0.17874950079592883f,0.9426405195135231f,-0.28191748249528875f,-0.06178005691365854f,0.9687673017173254f,0.11856986283903921f,-0.21778682868728394f,0.6593752358109678f,0f,0f,0f,1f], start_interpolation: 0, interpolation_duration: 1 }
$data merge entity $(bone_right_index_finger_2) { transformation: [-0.1718677721055904f,-0.2709870540474112f,-0.9471153496011804f,1.776592419839647f,-0.17874950079592883f,0.9540404024850062f,-0.24053175755283074f,0.1536613045874925f,0.9687673017173254f,0.12795673864612564f,-0.21240759910695295f,0.3348122804603588f,0f,0f,0f,1f], start_interpolation: 0, interpolation_duration: 1 }
$data merge entity $(bone_right_index_finger) { transformation: [-0.1718677721055904f,-0.2709870540474112f,-0.9471153496011804f,1.229181634975459f,-0.17874950079592883f,0.9540404024850062f,-0.24053175755283074f,0.020556118530723852f,0.9687673017173254f,0.12795673864612564f,-0.21240759910695295f,0.2131372844388976f,0f,0f,0f,1f], start_interpolation: 0, interpolation_duration: 1 }
$data merge entity $(bone_right_thumb) { transformation: [0.17248417349760609f,-0.11741792574535033f,-0.9779888755024297f,0.5012474427144107f,-0.11626363300071402f,0.9835024171261942f,-0.13858485901572665f,-0.11091695102195005f,0.9781267696645068f,0.13760823456680546f,0.155987166924347f,-0.21106783446379407f,0f,0f,0f,1f], start_interpolation: 0, interpolation_duration: 1 }
$data merge entity $(bone_right_hand) { transformation: [-0.1718677721055904f,0.069287992599672f,-0.9826803361179913f,0.4590740572987497f,-0.17874950079592883f,0.9787714323393725f,0.10027511755934015f,-0.08343654352687635f,0.9687673017173254f,0.19288768057561656f,-0.15583407138842217f,0.41215792600272017f,0f,0f,0f,1f], start_interpolation: 0, interpolation_duration: 1 }
$data merge entity $(bone_right_forearm) { transformation: [-0.34396434318279634f,-0.7054740853424529f,-1.8410110314051944f,-1.738927178418358f,-0.3577369618647922f,1.8601298588165165f,-0.6459628059583284f,0.10541494514460037f,1.9388242749050617f,0.218059614500343f,-0.44579951524130906f,0.04067711166734145f,0f,0f,0f,1f], start_interpolation: 0, interpolation_duration: 1 }
$data merge entity $(bone_right_bicep) { transformation: [-1.140879312423802f,-0.5975799814994722f,-0.07608011373278972f,-1.6794267974180657f,-0.2653109811573664f,0.6447287410288699f,-1.0855554141911665f,1.020710829654687f,0.5408327849454205f,-0.9443085511174458f,-0.6930201169704684f,-1.5402175460481284f,0f,0f,0f,1f], start_interpolation: 0, interpolation_duration: 1 }
$data merge entity $(bone_right_shoulder) { transformation: [-1.0901412719718895f,-0.5710039563718378f,-0.07269662185409183f,-1.3743293749999999f,-0.25351187221770094f,0.616055880905448f,-1.03727777963488f,1.1841725234969729f,0.5167804637038484f,-0.9023125529921983f,-0.6621996065572032f,-1.781944715631584f,0f,0f,0f,1f], start_interpolation: 0, interpolation_duration: 1 }
$data merge entity $(bone_chest) { transformation: [-4.0674850000000005f,1.9396870419362918e-16f,4.588059639676809e-16f,1.5993432195429746e-16f,0f,3.746435007114864f,-1.5838746676076543f,1.5904483360012303f,-4.981232485829872e-16f,-1.5838746676076543f,-3.746435007114864f,-1.3059628463133204f,0f,0f,0f,1f], start_interpolation: 0, interpolation_duration: 1 }
$data merge entity $(bone_weist) { transformation: [-1.0999999999999999f,2.4357506977034698e-17f,1.3249077410926463e-16f,4.194368896713043e-16f,0f,1.0818692720342702f,-0.19889413824453991f,0.8489571917604107f,-1.3471114790620883e-16f,-0.19889413824453991f,-1.0818692720342702f,-3.4249621193909343f,0f,0f,0f,1f], start_interpolation: 0, interpolation_duration: 1 }
$data merge entity $(bone_right_fingers2) { transformation: [-0.9959900257912245f,-0.02598000086301714f,-0.08560904204319499f,1.1809637169013814f,0.021792568193334697f,-0.9985368324182538f,0.04949018362927676f,-0.023557971872735617f,-0.08676953668157249f,0.04742608838264328f,0.9950988964142142f,-10.319867455890584f,0f,0f,0f,1f], start_interpolation: 0, interpolation_duration: 1 }
$data merge entity $(bone_left_foot) { transformation: [-0.9959900257912245f,-0.06660851863974539f,0.059725821626952835f,1.1088260018791392f,0.021792568193334697f,0.4668532392057537f,0.8840662514849407f,0.254654463898123f,-0.08676953668157249f,0.8818227476583456f,-0.4635295990725416f,-9.366333977569447f,0f,0f,0f,1f], start_interpolation: 0, interpolation_duration: 1 }
$data merge entity $(bone_left_knee) { transformation: [-1.5786583007377895f,0.06411566231711013f,0.1264794840728755f,0.9420980404029239f,0.0345415293144849f,1.545028909727316f,-0.35208302911879347f,0.1289516643853469f,-0.13753094487539538f,-0.34791487247096353f,-1.5402306285908034f,-7.2990689940232905f,0f,0f,0f,1f], start_interpolation: 0, interpolation_duration: 1 }
$data merge entity $(bone_left_thigh) { transformation: [-1.5972227248268496f,-0.14278056514880352f,-0.014046032307824302f,0.7385400000000005f,0.03494772462513516f,-0.5394698387385637f,1.5097863965296627f,0.4612560881241736f,-0.13914825673119263f,1.5034260929019045f,0.5404181338014981f,-5.228737900918066f,0f,0f,0f,1f], start_interpolation: 0, interpolation_duration: 1 }
$data merge entity $(bone_left_fingers2) { transformation: [-0.9959900257912245f,0.025980000863017137f,0.08560904204319475f,-1.1777603037774051f,-0.021792568193334697f,-0.9985368324182538f,0.04949018362927676f,-0.06636870241202891f,0.08676953668157224f,0.04742608838264328f,0.9950988964142142f,-10.274830171261609f,0f,0f,0f,1f], start_interpolation: 0, interpolation_duration: 1 }
$data merge entity $(bone_right_foot) { transformation: [-0.9959900257912245f,0.06660851863974518f,-0.05972582162695274f,-1.1056225887551632f,-0.021792568193334697f,0.4668532392057537f,0.8840662514849407f,0.21184373335882972f,0.08676953668157224f,0.8818227476583456f,-0.4635295990725416f,-9.321296692940471f,0f,0f,0f,1f], start_interpolation: 0, interpolation_duration: 1 }
$data merge entity $(bone_right_knee) { transformation: [-1.5786583007377895f,-0.06411566231711006f,-0.1264794840728751f,-0.9398224330632781f,-0.0345415293144849f,1.545028909727316f,-0.35208302911879347f,0.11724785887394429f,0.13753094487539497f,-0.34791487247096353f,-1.5402306285908034f,-7.256868943883786f,0f,0f,0f,1f], start_interpolation: 0, interpolation_duration: 1 }
$data merge entity $(bone_right_thigh) { transformation: [-1.5972227248268496f,0.14278056514880316f,0.014046032307824169f,-0.7385399999999994f,-0.03494772462513516f,-0.5394698387385637f,1.5097863965296627f,0.444962615305309f,0.13914825673119224f,1.5034260929019045f,0.5404181338014981f,-5.2138112803852f,0f,0f,0f,1f], start_interpolation: 0, interpolation_duration: 1 }