# This file was generated by Animated Java via MC-Build. It is not recommended to edit this file directly.
$data merge entity $(bone_left_fingers_2) { transformation: [-0.31405585796745356f,0.04067826365453513f,0.948532654652637f,-1.5270337693365739f,0.2244551027063472f,0.9739407109006508f,0.03254840271684567f,0.16249808584283573f,-0.922490555477621f,0.22312501096109102f,-0.31500222941783007f,1.160179471290241f,0f,0f,0f,1f], start_interpolation: 0, interpolation_duration: 1 }
$data merge entity $(bone_left_fingers) { transformation: [-0.31405585796745356f,0.04067826365453513f,0.948532654652637f,-0.9758200849300596f,0.2244551027063472f,0.9739407109006508f,0.03254840271684567f,0.18380382296226697f,-0.922490555477621f,0.22312501096109102f,-0.31500222941783007f,0.9926116796760723f,0f,0f,0f,1f], start_interpolation: 0, interpolation_duration: 1 }
$data merge entity $(bone_left_index_finger_2) { transformation: [-0.21466326372099181f,0.04236578913318821f,0.9757688369279756f,-1.6694887879730018f,0.23280749827319888f,0.9724812549098707f,0.00899319724555002f,0.27765693508232664f,-0.9485358991395245f,0.2290968108901674f,-0.21861907346690612f,0.6882792125106687f,0f,0f,0f,1f], start_interpolation: 0, interpolation_duration: 1 }
$data merge entity $(bone_left_index_finger) { transformation: [-0.21466326372099181f,0.04236578913318821f,0.9757688369279756f,-1.1068868026965846f,0.23280749827319888f,0.9724812549098707f,0.00899319724555002f,0.2884651076399961f,-0.9485358991395245f,0.2290968108901674f,-0.21861907346690612f,0.5636094400449514f,0f,0f,0f,1f], start_interpolation: 0, interpolation_duration: 1 }
$data merge entity $(bone_left_thumb) { transformation: [-0.28454104264103114f,0.18982684762918658f,0.9396819477737777f,-0.440461701822761f,0.22721581476847566f,0.9656241825179549f,-0.12626524326048266f,0.16080269447304613f,-0.9313481457392035f,0.17758295541998595f,-0.31789137354204916f,0.0471762571710207f,0f,0f,0f,1f], start_interpolation: 0, interpolation_duration: 1 }
$data merge entity $(bone_left_hand) { transformation: [-0.28454104264103114f,-0.018057204616222122f,0.9584937831901691f,-0.3213305773830446f,0.22721581476847566f,0.9700638342758287f,0.08572707244024602f,0.15842219446356198f,-0.9313481457392035f,0.24217781647278377f,-0.27192009237388476f,0.6609728229418075f,0f,0f,0f,1f], start_interpolation: 0, interpolation_duration: 1 }
$data merge entity $(bone_left_forearm) { transformation: [-0.43364750009399106f,0.5802159176608582f,1.865641382448914f,1.8441664396685833f,-0.026143252018577593f,1.9091482354587974f,-0.5998232896188237f,0.4136354657065633f,-1.953608151443585f,-0.15434032942890358f,-0.4060944307370544f,0.16061886714636242f,0f,0f,0f,1f], start_interpolation: 0, interpolation_duration: 1 }
$data merge entity $(bone_left_bicep) { transformation: [-1.1692670546921695f,0.5396474378640788f,0.07804371293925978f,1.6936387593276478f,0.1344066838816704f,0.46421865186241834f,-1.1962154948428325f,1.0087332510232718f,-0.5284363931927315f,-1.0760006085411316f,-0.476941602588496f,-1.56092850873129f,0f,0f,0f,1f], start_interpolation: 0, interpolation_duration: 1 }
$data merge entity $(bone_left_shoulder) { transformation: [-1.1172665332750347f,0.515647832266929f,0.07457289440393457f,1.3743293750000003f,0.1284292490298564f,0.44357357180860607f,-1.1430165021837435f,1.1169192910803962f,-0.5049353735825908f,-1.0281479024679037f,-0.45573069792766546f,-1.8150416426929616f,0f,0f,0f,1f], start_interpolation: 0, interpolation_duration: 1 }
$data merge entity $(bone_right_fingers_2) { transformation: [-0.18319769826083276f,-0.3456179284879238f,-0.920318885419423f,1.6809561288117785f,-0.1938297409274719f,0.9304843391161638f,-0.3108519361232043f,0.1087305916904503f,0.9637783121049787f,0.12143781193381205f,-0.23745362273253723f,0.7835734251525048f,0f,0f,0f,1f], start_interpolation: 0, interpolation_duration: 1 }
$data merge entity $(bone_right_fingers) { transformation: [-0.18319769826083276f,-0.3456179284879238f,-0.920318885419423f,1.1460346199169424f,-0.1938297409274719f,0.9304843391161638f,-0.3108519361232043f,-0.06770423326689318f,0.9637783121049787f,0.12143781193381205f,-0.23745362273253723f,0.6606772112575091f,0f,0f,0f,1f], start_interpolation: 0, interpolation_duration: 1 }
$data merge entity $(bone_right_index_finger_2) { transformation: [-0.18319769826083276f,-0.30514523083992184f,-0.9345185880695919f,1.7707717094154631f,-0.1938297409274719f,0.9431578952187966f,-0.2699689171338779f,0.17171178942698592f,0.9637783121049787f,0.13167981159653996f,-0.23193057653957094f,0.3496423459072636f,0f,0f,0f,1f], start_interpolation: 0, interpolation_duration: 1 }
$data merge entity $(bone_right_index_finger) { transformation: [-0.18319769826083276f,-0.30514523083992184f,-0.9345185880695919f,1.2304231300722037f,-0.1938297409274719f,0.9431578952187966f,-0.2699689171338779f,0.021578375862826016f,0.9637783121049787f,0.13167981159653996f,-0.23193057653957094f,0.2167373665763508f,0f,0f,0f,1f], start_interpolation: 0, interpolation_duration: 1 }
$data merge entity $(bone_right_thumb) { transformation: [0.1586361657967442f,-0.15285139483059f,-0.9754337588989069f,0.5150798832568176f,-0.11996433848938162f,0.9776404234865704f,-0.17270715056361802f,-0.13000783806558314f,0.9800220019938902f,0.14441486579761173f,0.13675241184178374f,-0.22192993123152777f,0f,0f,0f,1f], start_interpolation: 0, interpolation_duration: 1 }
$data merge entity $(bone_right_hand) { transformation: [-0.18319769826083276f,0.032881459743776154f,-0.9825260367832759f,0.4607819323346567f,-0.1938297409274719f,0.9786133221046766f,0.06889119922920134f,-0.11002943832002365f,0.9637783121049787f,0.20306347629341628f,-0.1729063032735105f,0.40064272461824463f,0f,0f,0f,1f], start_interpolation: 0, interpolation_duration: 1 }
$data merge entity $(bone_right_forearm) { transformation: [-0.36663927845747524f,-0.7713785528430016f,-1.8099385458994401f,-1.7352706267884173f,-0.38791751769755345f,1.8332985840326845f,-0.7027539209948841f,0.008869293081883889f,1.9288396540879469f,0.22207701867629584f,-0.48537218587419906f,-0.009343325933058866f,0f,0f,0f,1f], start_interpolation: 0, interpolation_duration: 1 }
$data merge entity $(bone_right_bicep) { transformation: [-1.1408842599493751f,-0.6017856640698865f,-0.027069234027641536f,-1.6780702666890726f,-0.30854939886370647f,0.6335686207345351f,-1.0806866774382364f,0.941004534264497f,0.5173741367441195f,-0.9491788244854683f,-0.7041868965606877f,-1.5804533734101702f,0f,0f,0f,1f], start_interpolation: 0, interpolation_duration: 1 }
$data merge entity $(bone_right_shoulder) { transformation: [-1.0901459994673948f,-0.5750226006726806f,-0.025865390749793958f,-1.3743293749999999f,-0.2948273585826004f,0.6053920818510341f,-1.0326255689944226f,1.1169192910803962f,0.49436508609955393f,-0.9069662319102489f,-0.6728697687503006f,-1.815041642692962f,0f,0f,0f,1f], start_interpolation: 0, interpolation_duration: 1 }
$data merge entity $(bone_chest) { transformation: [-4.0674850000000005f,1.5588389550586383e-16f,4.731035636103215e-16f,1.601220135879118e-16f,0f,3.863183768084925f,-1.2728886044073788f,1.483000775263894f,-4.981232485829872e-16f,-1.2728886044073788f,-3.863183768084925f,-1.3074954648098944f,0f,0f,0f,1f], start_interpolation: 0, interpolation_duration: 1 }
$data merge entity $(bone_weist) { transformation: [-1.0999999999999999f,1.3465204986798677e-17f,1.3403649363092115e-16f,4.261689002418077e-16f,0f,1.09449102977481f,-0.10995174278962451f,0.9168899131161553f,-1.3471114790620883e-16f,-0.10995174278962451f,-1.09449102977481f,-3.4799331573685004f,0f,0f,0f,1f], start_interpolation: 0, interpolation_duration: 1 }
$data merge entity $(bone_right_fingers2) { transformation: [-0.9959893581508841f,-0.02597798383205359f,-0.08561742116071688f,1.1810071453422033f,0.021789340771679596f,-0.998536445366689f,0.049499413160093264f,-0.023605181333557823f,-0.08677801034205394f,0.047435341576503476f,0.9950977164533115f,-10.319859185884154f,0f,0f,0f,1f], start_interpolation: 0, interpolation_duration: 1 }
$data merge entity $(bone_left_foot) { transformation: [-0.9959893581508841f,-0.06661696513332367f,0.0597275347441659f,1.108860844023768f,0.021789340771679596f,0.46686144042634387f,0.8840620001288231f,0.2546161223287491f,-0.08677801034205394f,0.8818177676818861f,-0.46353748664116634f,-9.366328944612327f,0f,0f,0f,1f], start_interpolation: 0, interpolation_duration: 1 }
$data merge entity $(bone_left_knee) { transformation: [-1.5786572425183916f,0.0641148200893325f,0.12649311848147354f,0.9421160270631636f,0.03453641380543976f,1.5450257652770079f,-0.35209732927939535f,0.12893252353343265f,-0.137544375747302f,-0.3479289913317603f,-1.540226239948267f,-7.299064153118483f,0f,0f,0f,1f], start_interpolation: 0, interpolation_duration: 1 }
$data merge entity $(bone_left_thigh) { transformation: [-1.5972216541631923f,-0.1427917416677391f,-0.014054162899305089f,0.7385400000000005f,0.034942548959639885f,-0.5394559268970178f,1.5097914871660234f,0.4612560881241736f,-0.13916184554506927f,1.5034300232994826f,0.5404037002994311f,-5.228737900918066f,0f,0f,0f,1f], start_interpolation: 0, interpolation_duration: 1 }
$data merge entity $(bone_left_fingers2) { transformation: [-0.9959893581508841f,0.025977983832053582f,0.08561742116071662f,-1.1778035463084924f,-0.021789340771679596f,-0.998536445366689f,0.049499413160093264f,-0.06641563407534079f,0.0867780103420537f,0.047435341576503476f,0.9950977164533115f,-10.27482167639128f,0f,0f,0f,1f], start_interpolation: 0, interpolation_duration: 1 }
$data merge entity $(bone_right_foot) { transformation: [-0.9959893581508841f,0.06661696513332344f,-0.05972753474416578f,-1.1056572449900572f,-0.021789340771679596f,0.46686144042634387f,0.8840620001288231f,0.21180566958696612f,0.0867780103420537f,0.8818177676818861f,-0.46353748664116634f,-9.321291435119454f,0f,0f,0f,1f], start_interpolation: 0, interpolation_duration: 1 }
$data merge entity $(bone_right_knee) { transformation: [-1.5786572425183916f,-0.06411482008933242f,-0.12649311848147315f,-0.9398401822649274f,-0.03453641380543976f,1.5450257652770079f,-0.35209732927939535f,0.11722897115341913f,0.1375443757473016f,-0.3479289913317603f,-1.540226239948267f,-7.256864165391869f,0f,0f,0f,1f], start_interpolation: 0, interpolation_duration: 1 }
$data merge entity $(bone_right_thigh) { transformation: [-1.5972216541631923f,0.14279174166773875f,0.014054162899304955f,-0.7385399999999994f,-0.034942548959639885f,-0.5394559268970178f,1.5097914871660234f,0.444962615305309f,0.13916184554506886f,1.5034300232994826f,0.5404037002994311f,-5.2138112803852f,0f,0f,0f,1f], start_interpolation: 0, interpolation_duration: 1 }