# This file was generated by Animated Java via MC-Build. It is not recommended to edit this file directly.
$data merge entity $(bone_left_fingers_2) { transformation: [-0.2981667306265125f,0.0030450686538277746f,0.9545089461625755f,-1.5285797381396438f,0.22291058315463164f,0.9725660385947963f,0.06652948586670149f,0.14450877822940128f,-0.9281203977206617f,0.23260702510654976f,-0.2906656140755596f,1.15014574365872f,0f,0f,0f,1f], start_interpolation: 0, interpolation_duration: 1 }
$data merge entity $(bone_left_fingers) { transformation: [-0.2981667306265125f,0.0030450686538277746f,0.9545089461625755f,-0.9743579462178451f,0.22291058315463164f,0.9725660385947963f,0.06652948586670149f,0.18541184242800524f,-0.9281203977206617f,0.23260702510654976f,-0.2906656140755596f,0.9967359336861767f,0f,0f,0f,1f], start_interpolation: 0, interpolation_duration: 1 }
$data merge entity $(bone_left_index_finger_2) { transformation: [-0.2524260285594618f,0.003419340012736201f,0.9676101530159631f,-1.6630853889095136f,0.227143886179191f,0.972260109221389f,0.05582056062265852f,0.25090512630201545f,-0.9405778835785545f,0.23387729289242787f,-0.24620044027620464f,0.7079345495995811f,0f,0f,0f,1f], start_interpolation: 0, interpolation_duration: 1 }
$data merge entity $(bone_left_index_finger) { transformation: [-0.2524260285594618f,0.003419340012736201f,0.9676101530159631f,-1.105410712509431f,0.227143886179191f,0.972260109221389f,0.05582056062265852f,0.2886996535328946f,-0.9405778835785545f,0.23387729289242787f,-0.24620044027620464f,0.567396684199848f,0f,0f,0f,1f], start_interpolation: 0, interpolation_duration: 1 }
$data merge entity $(bone_left_thumb) { transformation: [-0.2845107545000509f,0.1837893585958871f,0.9408905899416385f,-0.437468689071161f,0.2242340539590542f,0.9669841627114105f,-0.12108145237979491f,0.16431546952421935f,-0.9320797817885014f,0.17653073594200228f,-0.3163292266751135f,0.052124554857226335f,0f,0f,0f,1f], start_interpolation: 0, interpolation_duration: 1 }
$data merge entity $(bone_left_hand) { transformation: [-0.2845107545000509f,-0.024213179096663873f,0.9583670239171656f,-0.31923682849026447f,0.2242340539590542f,0.9702695998115097f,0.09108234036684121f,0.16348846676873874f,-0.9320797817885014f,0.24081242833302033f,-0.2706227166027535f,0.6660990323011997f,0f,0f,0f,1f], start_interpolation: 0, interpolation_duration: 1 }
$data merge entity $(bone_left_forearm) { transformation: [-0.4305886235211376f,0.5690206268161536f,1.869793410220129f,1.8454347434629832f,-0.03139774054782127f,1.9123717625306282f,-0.5892086702643525f,0.4309650008356467f,-1.954207269593827f,-0.15610317576508856f,-0.4025222718476458f,0.1685867057612287f,0f,0f,0f,1f], start_interpolation: 0, interpolation_duration: 1 }
$data merge entity $(bone_left_bicep) { transformation: [-1.169265461139377f,0.5384562368431219f,0.08589985973432103f,1.6939029617458847f,0.12669189625099f,0.4659710140262883f,-1.1963761118572844f,1.0228058613345519f,-0.5303424066788934f,-1.075839913092635f,-0.4751852655396451f,-1.5539950307617336f,0f,0f,0f,1f], start_interpolation: 0, interpolation_duration: 1 }
$data merge entity $(bone_left_shoulder) { transformation: [-1.1172650105919169f,0.5145096072311877f,0.08207965674654472f,1.3743293750000003f,0.12105755922084813f,0.44524800160803696f,-1.1431699761178644f,1.128734156702082f,-0.5067566214074688f,-1.0279943535879157f,-0.45405247001731974f,-1.8087264695942136f,0f,0f,0f,1f], start_interpolation: 0, interpolation_duration: 1 }
$data merge entity $(bone_right_fingers_2) { transformation: [-0.18101261024679532f,-0.3397170863374409f,-0.9229446008195948f,1.6839096648409748f,-0.19113506059872715f,0.9327054196450205f,-0.30582346014445494f,0.10692705609114458f,0.9647288860304553f,0.12104916941146673f,-0.23376328848480754f,0.7810836942709972f,0f,0f,0f,1f], start_interpolation: 0, interpolation_duration: 1 }
$data merge entity $(bone_right_fingers) { transformation: [-0.18101261024679532f,-0.3397170863374409f,-0.9229446008195948f,1.1475390665210699f,-0.19113506059872715f,0.9327054196450205f,-0.30582346014445494f,-0.06655982988774434f,0.9647288860304553f,0.12104916941146673f,-0.23376328848480754f,0.6603251369051684f,0f,0f,0f,1f], start_interpolation: 0, interpolation_duration: 1 }
$data merge entity $(bone_right_index_finger_2) { transformation: [-0.18101261024679532f,-0.29913547288649533f,-0.93688441325097f,1.7725983644879486f,-0.19113506059872715f,0.9451575227295665f,-0.2648483449780834f,0.16865227416443396f,0.9647288860304553f,0.1311305688567005f,-0.2282607070210628f,0.34674055419488264f,0f,0f,0f,1f], start_interpolation: 0, interpolation_duration: 1 }
$data merge entity $(bone_right_index_finger) { transformation: [-0.18101261024679532f,-0.29913547288649533f,-0.93688441325097f,1.230921071033897f,-0.19113506059872715f,0.9451575227295665f,-0.2648483449780834f,0.021481524941556918f,0.9647288860304553f,0.1311305688567005f,-0.2282607070210628f,0.21594742391990857f,0f,0f,0f,1f], start_interpolation: 0, interpolation_duration: 1 }
$data merge entity $(bone_right_thumb) { transformation: [0.16130385742803563f,-0.14659842015179292f,-0.9759559256379534f,0.5131909700383186f,-0.11925696630318103f,0.9787638330547254f,-0.16673072629897473f,-0.12662290464736708f,0.9796728237360667f,0.14328385224099788f,0.14039549893063527f,-0.22000202182421702f,0f,0f,0f,1f], start_interpolation: 0, interpolation_duration: 1 }
$data merge entity $(bone_right_hand) { transformation: [-0.18101261024679532f,0.039337944812938896f,-0.982693726971703f,0.4611572129483599f,-0.19113506059872715f,0.9787410184982334f,0.07438687598603466f,-0.10528369343525301f,0.9647288860304553f,0.20129218764506224f,-0.16964560604832174f,0.40271881605623017f,0f,0f,0f,1f], start_interpolation: 0, interpolation_duration: 1 }
$data merge entity $(bone_right_forearm) { transformation: [-0.36226619353098166f,-0.7598094697761868f,-1.8157035955489995f,-1.7355575980499975f,-0.3825245697468763f,1.8381784412148436f,-0.6928937465582269f,0.02585978441226633f,1.9307420673904383f,0.2216221110763987f,-0.4779597067928424f,0.00008034327307715472f,0f,0f,0f,1f], start_interpolation: 0, interpolation_duration: 1 }
$data merge entity $(bone_right_bicep) { transformation: [-1.1408898010729618f,-0.6013156539650489f,-0.03585484089204303f,-1.6782896415082664f,-0.3009560965244123f,0.6355089830839681f,-1.0816882101120824f,0.9550051988698576f,0.5218155931778936f,-0.9481790127540674f,-0.7022539925128491f,-1.572797258538189f,0f,0f,0f,1f], start_interpolation: 0, interpolation_duration: 1 }
$data merge entity $(bone_right_shoulder) { transformation: [-1.0901512941619773f,-0.5745734932097372f,-0.03426027751643719f,-1.3743293749999999f,-0.28757175127998474f,0.6072461509507737f,-1.0335825607560387f,1.128734156702082f,0.4986090187516728f,-0.9060108845560346f,-0.6710228262609729f,-1.8087264695942138f,0f,0f,0f,1f], start_interpolation: 0, interpolation_duration: 1 }
$data merge entity $(bone_chest) { transformation: [-4.0674850000000005f,1.6277259320437088e-16f,4.707779239518278e-16f,1.6000960665273608e-16f,0f,3.8441934791288537f,-1.3291390898804414f,1.5021846634725005f,-4.981232485829872e-16f,-1.3291390898804414f,-3.8441934791288537f,-1.3065775925282375f,0f,0f,0f,1f], start_interpolation: 0, interpolation_duration: 1 }
$data merge entity $(bone_weist) { transformation: [-1.0999999999999999f,1.542013425337678e-17f,1.3382568075603543e-16f,4.250162500625242e-16f,0f,1.092769612015563f,-0.12591495167515138f,0.9044257403426367f,-1.3471114790620883e-16f,-0.12591495167515138f,-1.092769612015563f,-3.4705210543843097f,0f,0f,0f,1f], start_interpolation: 0, interpolation_duration: 1 }
$data merge entity $(bone_right_fingers2) { transformation: [-0.9959886102958175f,-0.02597572494691141f,-0.0856268058173877f,1.1810557853821848f,0.021785726058830706f,-0.998536011755159f,0.04950975023357529f,-0.023658055898077512f,-0.08678750083448536f,0.047445705196401344f,0.9950963947062217f,-10.319849922488299f,0f,0f,0f,1f], start_interpolation: 0, interpolation_duration: 1 }
$data merge entity $(bone_left_foot) { transformation: [-0.9959886102958175f,-0.06662642516685537f,0.05972945362626078f,1.1088998674116275f,0.021785726058830706f,0.46687062574438476f,0.8840572385072906f,0.25457317977540467f,-0.08678750083448536f,0.8818121899171797f,-0.46354632067612417f,-9.36632330690653f,0f,0f,0f,1f], start_interpolation: 0, interpolation_duration: 1 }
$data merge entity $(bone_left_knee) { transformation: [-1.5786560571575166f,0.06411387710247467f,0.12650838903725056f,0.9421361721707123f,0.034530684434365834f,1.5450222433153482f,-0.35211334542634243f,0.12891108580744925f,-0.13755941831225443f,-0.34794480447008447f,-1.540221324358904f,-7.299058730895844f,0f,0f,0f,1f], start_interpolation: 0, interpolation_duration: 1 }
$data merge entity $(bone_left_thigh) { transformation: [-1.5972204548629219f,-0.14280425955200413f,-0.014063268908593426f,0.7385400000000005f,0.03493675221333072f,-0.5394403455661925f,1.5097971885095431f,0.4612560881241736f,-0.13917706500489188f,1.5034344250882181f,0.5403875345966016f,-5.228737900918066f,0f,0f,0f,1f], start_interpolation: 0, interpolation_duration: 1 }
$data merge entity $(bone_left_fingers2) { transformation: [-0.9959886102958175f,0.025975724946911406f,0.08562680581738746f,-1.1778519781229624f,-0.021785726058830706f,-0.998536011755159f,0.04950975023357529f,-0.06646819750349409f,0.08678750083448511f,0.047445705196401344f,0.9950963947062217f,-10.27481216115218f,0f,0f,0f,1f], start_interpolation: 0, interpolation_duration: 1 }
$data merge entity $(bone_right_foot) { transformation: [-0.9959886102958175f,0.06662642516685514f,-0.05972945362626067f,-1.1056960601524053f,-0.021785726058830706f,0.46687062574438476f,0.8840572385072906f,0.2117630381699881f,0.08678750083448511f,0.8818121899171797f,-0.46354632067612417f,-9.321285545570412f,0f,0f,0f,1f], start_interpolation: 0, interpolation_duration: 1 }
$data merge entity $(bone_right_knee) { transformation: [-1.5786560571575166f,-0.06411387710247458f,-0.12650838903725017f,-0.9398600614182255f,-0.034530684434365834f,1.5450222433153482f,-0.35211334542634243f,0.11720781693419557f,0.13755941831225404f,-0.34794480447008447f,-1.540221324358904f,-7.256858813077065f,0f,0f,0f,1f], start_interpolation: 0, interpolation_duration: 1 }
$data merge entity $(bone_right_thigh) { transformation: [-1.5972204548629219f,0.14280425955200376f,0.014063268908593293f,-0.7385399999999994f,-0.03493675221333072f,-0.5394403455661925f,1.5097971885095431f,0.444962615305309f,0.13917706500489146f,1.5034344250882181f,0.5403875345966016f,-5.2138112803852f,0f,0f,0f,1f], start_interpolation: 0, interpolation_duration: 1 }