# This file was generated by Animated Java via MC-Build. It is not recommended to edit this file directly.
$data merge entity $(bone_neck) { transformation: [-1f,0f,1.2246467991473532e-16f,1.7077768500492292e-16f,0f,1f,0f,1.9974337500000001f,-1.2246467991473532e-16f,0f,-1f,-1.394505625f,0f,0f,0f,1f], start_interpolation: 0, interpolation_duration: 1 }
$data merge entity $(bone_left_fingers_2) { transformation: [-0.9707679644694565f,0.18535421894758852f,0.15249056586608106f,1.6038077328483529f,0.14798571591496712f,0.9624121849939548f,-0.22773452540248754f,-0.4870555603614106f,-0.18897033376951755f,-0.19851095610442007f,-0.961708694596002f,2.205764460120199f,0f,0f,0f,1f], start_interpolation: 0, interpolation_duration: 1 }
$data merge entity $(bone_left_fingers) { transformation: [-0.9707679644694565f,0.18535421894758852f,0.15249056586608106f,1.7061115995097835f,0.14798571591496712f,0.9624121849939548f,-0.22773452540248754f,-0.6147717996548637f,-0.18897033376951755f,-0.19851095610442007f,-0.961708694596002f,1.6529607823244437f,0f,0f,0f,1f], start_interpolation: 0, interpolation_duration: 1 }
$data merge entity $(bone_left_index_finger_2) { transformation: [-0.7997533469964601f,0.2850973374505077f,0.5283124947856062f,0.9681950783420328f,0.1455819011849657f,0.9458739205678833f,-0.2900490241957595f,-0.3838936514357816f,-0.5824092152561897f,-0.1550549404829551f,-0.7979708462196452f,1.9690170940126603f,0f,0f,0f,1f], start_interpolation: 0, interpolation_duration: 1 }
$data merge entity $(bone_left_index_finger) { transformation: [-0.7997533469964601f,0.2850973374505077f,0.5283124947856062f,1.2743222358341162f,0.1455819011849657f,0.9458739205678833f,-0.2900490241957595f,-0.5455839594429173f,-0.5824092152561897f,-0.1550549404829551f,-0.7979708462196452f,1.5082321438026618f,0f,0f,0f,1f], start_interpolation: 0, interpolation_duration: 1 }
$data merge entity $(bone_left_thumb) { transformation: [-0.8247129639750043f,0.1850141099391332f,0.5344326956455732f,1.236823202790259f,0.07607508877476787f,0.9726793660389149f,-0.21933406427193547f,-0.7584712059483808f,-0.5604115522716093f,-0.14023063148101647f,-0.816256247801486f,0.6833708330481256f,0f,0f,0f,1f], start_interpolation: 0, interpolation_duration: 1 }
$data merge entity $(bone_left_hand) { transformation: [-0.9373988899336059f,0.1400353049433051f,0.31886272049375586f,1.8082944673920691f,0.15020426640314022f,0.9886273133520637f,0.007396867483932562f,-0.7073532931563749f,-0.3142005720961342f,0.05482835638349855f,-0.9477720463438168f,0.9318696629624232f,0f,0f,0f,1f], start_interpolation: 0, interpolation_duration: 1 }
$data merge entity $(bone_left_forearm) { transformation: [-1.8707106403441125f,0.2695672425640367f,0.6580984996111436f,2.588049101386367f,0.21184387695480375f,1.9791336389658412f,-0.2084961492720683f,-0.018820446591998774f,-0.678883130774933f,-0.12522768943386453f,-1.8784978450610412f,-1.048728846510049f,0f,0f,0f,1f], start_interpolation: 0, interpolation_duration: 1 }
$data merge entity $(bone_left_bicep) { transformation: [-2.459462993743726f,0.12451684297154823f,0.1772863246576305f,1.9411979658593186f,0.05378939871679162f,2.30814428983546f,-0.8749112758301315f,3.5252130666312884f,-0.20986087219845911f,-0.8676742452126959f,-2.301954152715415f,-2.748580302507265f,0f,0f,0f,1f], start_interpolation: 0, interpolation_duration: 1 }
$data merge entity $(bone_left_shoulder) { transformation: [-1.228021659179921f,0.06217185641366856f,0.08851991150498234f,1.3743293750000003f,0.02685730455246183f,1.152467505158872f,-0.4368473928305393f,1.5852396308353351f,-0.10478453919805174f,-0.4332339087614697f,-1.1493767400300425f,-1.805343114345278f,0f,0f,0f,1f], start_interpolation: 0, interpolation_duration: 1 }
$data merge entity $(bone_right_fingers_2) { transformation: [-0.9621825060919583f,-0.18593241682808098f,-0.19908280021907312f,-1.496542329568968f,-0.13865413516008457f,0.9633586019040077f,-0.22959798548890825f,-0.6111427087807693f,0.2344778364229926f,-0.19331151158175922f,-0.952707092298765f,2.1088756962635884f,0f,0f,0f,1f], start_interpolation: 0, interpolation_duration: 1 }
$data merge entity $(bone_right_fingers) { transformation: [-0.9621825060919583f,-0.18593241682808098f,-0.19908280021907312f,-1.6255843611143297f,-0.13865413516008457f,0.9633586019040077f,-0.22959798548890825f,-0.739799978211968f,0.2344778364229926f,-0.19331151158175922f,-0.952707092298765f,1.5619120698285807f,0f,0f,0f,1f], start_interpolation: 0, interpolation_duration: 1 }
$data merge entity $(bone_right_index_finger_2) { transformation: [-0.8208081674574818f,-0.2708454864339249f,-0.5029082169874155f,-0.9051356133769416f,-0.1485785612958992f,0.9513653446663499f,-0.26986736018110474f,-0.5236807204161995f,0.5515418056306626f,-0.14678795402296455f,-0.8211302778459827f,1.8819588732747798f,0f,0f,0f,1f], start_interpolation: 0, interpolation_duration: 1 }
$data merge entity $(bone_right_index_finger) { transformation: [-0.8208081674574818f,-0.2708454864339249f,-0.5029082169874155f,-1.196539291804627f,-0.1485785612958992f,0.9513653446663499f,-0.26986736018110474f,-0.6737081295215197f,0.5515418056306626f,-0.14678795402296455f,-0.8211302778459827f,1.4078744553557607f,0f,0f,0f,1f], start_interpolation: 0, interpolation_duration: 1 }
$data merge entity $(bone_right_thumb) { transformation: [-0.7705290925498891f,-0.16467920333923755f,-0.6157643035462503f,-1.1838714084660011f,-0.0617324127862974f,0.9807877839651135f,-0.18505251156464853f,-0.8643961511876738f,0.6344084069003397f,-0.10457572764440227f,-0.7658915657205118f,0.5768504230267544f,0f,0f,0f,1f], start_interpolation: 0, interpolation_duration: 1 }
$data merge entity $(bone_right_hand) { transformation: [-0.9314388008578028f,-0.12173310047766071f,-0.3429326646802171f,-1.7478175210640776f,-0.14348324464244022f,0.9888965902525523f,0.03867935229232314f,-0.8108213299457774f,0.33441638530947637f,0.0852325409393136f,-0.9385633144341261f,0.8414985599123082f,0f,0f,0f,1f], start_interpolation: 0, interpolation_duration: 1 }
$data merge entity $(bone_right_forearm) { transformation: [-1.8641175796192475f,-0.3254538843096029f,-0.6515153035568947f,-2.5463089918155974f,-0.2871575013543107f,1.9737915956983114f,-0.16435960085503235f,-0.07905266014816403f,0.6692779624318959f,-0.05960937984133058f,-1.8851632563426715f,-1.1159994087830232f,0f,0f,0f,1f], start_interpolation: 0, interpolation_duration: 1 }
$data merge entity $(bone_right_bicep) { transformation: [-2.4571156917688852f,-0.1837732117508285f,-0.1571718377921445f,-1.9910504569017897f,-0.12479262163415455f,2.338203244954317f,-0.783023300777085f,3.5476181189660405f,0.2071289007788382f,-0.7713145237948987f,-2.3362501207135895f,-2.6674678735815784f,0f,0f,0f,1f], start_interpolation: 0, interpolation_duration: 1 }
$data merge entity $(bone_right_shoulder) { transformation: [-1.2268496400549849f,-0.09175884531751194f,-0.07847665181905081f,-1.3743293749999999f,-0.06230955402151292f,1.16747608550026f,-0.39096728653483004f,1.5852396308353351f,0.10342045277589815f,-0.3851210380760373f,-1.1665008812069717f,-1.8053431143452783f,0f,0f,0f,1f], start_interpolation: 0, interpolation_duration: 1 }
$data merge entity $(bone_chest) { transformation: [-4.0674850000000005f,1.665284987415557e-16f,4.694624903927386e-16f,1.5996260594392625e-16f,0f,3.833452148975498f,-1.35980838603832f,1.9626899459040306f,-4.981232485829872e-16f,-1.35980838603832f,-3.833452148975498f,-1.3061938026155657f,0f,0f,0f,1f], start_interpolation: 0, interpolation_duration: 1 }
$data merge entity $(bone_weist) { transformation: [-1.0999999999999999f,1.6488791239657016e-17f,1.3369821664354196e-16f,4.243759538619071e-16f,0f,1.0917287885505265f,-0.13464119818985487f,1.3476621006365757f,-1.3471114790620883e-16f,-0.13464119818985487f,-1.0917287885505265f,-3.4652926391296996f,0f,0f,0f,1f], start_interpolation: 0, interpolation_duration: 1 }
$data merge entity $(bone_right_fingers2) { transformation: [-0.9660729384659639f,0.23924971361211442f,0.09727616409100052f,0.7433642514411745f,-0.13693164078890877f,-0.7938319736873325f,0.5925204834455358f,-1.276370328385954f,0.21898128530674782f,0.5590978197848706f,0.7996604433115403f,-7.7291341158310924f,0f,0f,0f,1f], start_interpolation: 0, interpolation_duration: 1 }
$data merge entity $(bone_left_foot) { transformation: [-0.9660729384659639f,-0.012949153079983233f,-0.25794456186988934f,0.7870713205866181f,-0.13693164078890877f,0.8724938169593385f,0.46904612259199113f,-0.518528856908994f,0.21898128530674782f,0.4884535380179317f,-0.844665814321362f,-7.084465131125189f,0f,0f,0f,1f], start_interpolation: 0, interpolation_duration: 1 }
$data merge entity $(bone_left_knee) { transformation: [-1.5312392935018475f,-0.20389964670484673f,-0.3549662922639682f,1.324199024201096f,-0.21703859051533156f,1.569703194230659f,0.03458382256505427f,-1.1372572236745542f,0.3470884394460705f,0.08201661191326783f,-1.544368090549396f,-5.175053452804111f,0f,0f,0f,1f], start_interpolation: 0, interpolation_duration: 1 }
$data merge entity $(bone_left_thigh) { transformation: [-1.5347987917100125f,-0.21113169454299f,-0.4141498400772378f,0.7905180569632801f,-0.40542769936143525f,1.3069423718829292f,0.836202147018666f,0.88841953459208f,0.22743144696169398f,0.9050022417914437f,-1.3042046974292345f,-4.951555718690692f,0f,0f,0f,1f], start_interpolation: 0, interpolation_duration: 1 }
$data merge entity $(bone_left_leg) { transformation: [-0.9672016802499106f,-0.11776254313910632f,-0.22506197625356403f,0.5257450000000006f,-0.17471809616776696f,0.9515741980824052f,0.2529429430036315f,1.1572312500000002f,0.18437596533512887f,0.28396923949124764f,-0.9409394106049027f,-4.931638125f,0f,0f,0f,1f], start_interpolation: 0, interpolation_duration: 1 }
$data merge entity $(bone_left_fingers2) { transformation: [-0.9660729384659639f,-0.2392497136121145f,-0.09727616409100073f,-0.7414292884832563f,0.13693164078890877f,-0.7938319736873325f,0.5925204834455358f,-1.2692498070200866f,-0.21898128530674804f,0.5590978197848706f,0.7996604433115403f,-7.712903617773492f,0f,0f,0f,1f], start_interpolation: 0, interpolation_duration: 1 }
$data merge entity $(bone_right_foot) { transformation: [-0.9660729384659639f,0.01294915307998308f,0.2579445618698895f,-0.7851363576287002f,0.13693164078890877f,0.8724938169593385f,0.46904612259199113f,-0.5114083355431267f,-0.21898128530674804f,0.4884535380179317f,-0.844665814321362f,-7.068234633067588f,0f,0f,0f,1f], start_interpolation: 0, interpolation_duration: 1 }
$data merge entity $(bone_right_knee) { transformation: [-1.5312392935018475f,0.20389964670484662f,0.3549662922639686f,-1.3191918476681401f,0.21703859051533156f,1.569703194230659f,0.03458382256505427f,-1.0995424833617706f,-0.3470884394460708f,0.08201661191326783f,-1.544368090549396f,-5.153245609626294f,0f,0f,0f,1f], start_interpolation: 0, interpolation_duration: 1 }
$data merge entity $(bone_right_thigh) { transformation: [-1.5347987917100125f,0.21113169454298975f,0.4141498400772381f,-0.7921952534016664f,0.40542769936143525f,1.3069423718829292f,0.836202147018666f,0.899333389483046f,-0.22743144696169434f,0.9050022417914437f,-1.3042046974292345f,-4.932415289213868f,0f,0f,0f,1f], start_interpolation: 0, interpolation_duration: 1 }
$data merge entity $(bone_right_leg) { transformation: [-0.9672016802499106f,0.11776254313910624f,0.22506197625356425f,-0.5257449999999995f,0.17471809616776696f,0.9515741980824052f,0.2529429430036315f,1.1572312500000002f,-0.1843759653351291f,0.28396923949124764f,-0.9409394106049027f,-4.931638125f,0f,0f,0f,1f], start_interpolation: 0, interpolation_duration: 1 }