# This file was generated by Animated Java via MC-Build. It is not recommended to edit this file directly.
$data merge entity $(bone_left_fingers_2) { transformation: [-0.2917165381692847f,-0.030383067089052043f,0.9560221391750249f,-1.5221985434186172f,0.2138237063468603f,0.9721298662060635f,0.09614024045254348f,0.13276499055712682f,-0.9322987096218787f,0.23246589527163622f,-0.2770897392054363f,1.1558723035866298f,0f,0f,0f,1f], start_interpolation: 0, interpolation_duration: 1 }
$data merge entity $(bone_left_fingers) { transformation: [-0.2917165381692847f,-0.030383067089052043f,0.9560221391750249f,-0.9673867162816215f,0.2138237063468603f,0.9721298662060635f,0.09614024045254348f,0.19085580193025387f,-0.9322987096218787f,0.23246589527163622f,-0.2770897392054363f,1.0103432027147545f,0f,0f,0f,1f], start_interpolation: 0, interpolation_duration: 1 }
$data merge entity $(bone_left_index_finger_2) { transformation: [-0.26889544115510833f,-0.03028780036047985f,0.9626930408366541f,-1.6532586400912386f,0.21638118141579374f,0.9720567600046542f,0.09102109457900115f,0.2316274576717397f,-0.9385491068959072f,0.2327838148982394f,-0.2548279212847704f,0.7255301623282587f,0f,0f,0f,1f], start_interpolation: 0, interpolation_duration: 1 }
$data merge entity $(bone_left_index_finger) { transformation: [-0.26889544115510833f,-0.03028780036047985f,0.9626930408366541f,-1.0986127777420167f,0.21638118141579374f,0.9720567600046542f,0.09102109457900115f,0.28970764638521385f,-0.9385491068959072f,0.2327838148982394f,-0.2548279212847704f,0.5800137658103695f,0f,0f,0f,1f], start_interpolation: 0, interpolation_duration: 1 }
$data merge entity $(bone_left_thumb) { transformation: [-0.28488697196286605f,0.1642638507364426f,0.944381702780748f,-0.4262262301447601f,0.2146037328737257f,0.9711293513117821f,-0.10417783285046825f,0.17606326865258146f,-0.9342294423975792f,0.17298893132797027f,-0.31191373582372894f,0.06805221920398741f,0f,0f,0f,1f], start_interpolation: 0, interpolation_duration: 1 }
$data merge entity $(bone_left_hand) { transformation: [-0.28488697196286605f,-0.04403146957193965f,0.9575492900593497f,-0.3105806195953118f,0.2146037328737257f,0.9706579180057274f,0.10848245963956238f,0.1802083279797323f,-0.9342294423975792f,0.23639889149512103f,-0.2670784773383774f,0.6825056568104491f,0f,0f,0f,1f], start_interpolation: 0, interpolation_duration: 1 }
$data merge entity $(bone_left_forearm) { transformation: [-0.42168908467735855f,0.5324852635614247f,1.8825398251576477f,1.8505679862873539f,-0.04826328931311093f,1.9223563455937596f,-0.5545585350626033f,0.48747437718847375f,-1.9558035187920453f,-0.16224659625404098f,-0.39220794387075797f,0.19272049569052885f,0f,0f,0f,1f], start_interpolation: 0, interpolation_duration: 1 }
$data merge entity $(bone_left_bicep) { transformation: [-1.1692647781477012f,0.5338332029151097f,0.11107481064451219f,1.6948242495598413f,0.10166372266163327f,0.4716409289528923f,-1.1965429140411736f,1.0687513931761325f,-0.5357051330619276f,-1.0756730772465024f,-0.4695136470958585f,-1.5330796790642258f,0f,0f,0f,1f], start_interpolation: 0, interpolation_duration: 1 }
$data merge entity $(bone_left_shoulder) { transformation: [-1.1172643579747594f,0.5100921723353393f,0.10613500835841701f,1.3743293750000003f,0.09714245733871378f,0.4506657598255375f,-1.1433293601499286f,1.1673467317187363f,-0.5118808526007034f,-1.0278349373906608f,-0.4486330840427304f,-1.789591241441649f,0f,0f,0f,1f], start_interpolation: 0, interpolation_duration: 1 }
$data merge entity $(bone_right_fingers_2) { transformation: [-0.1744618715621851f,-0.3204356217474326f,-0.9310660920076274f,1.6908688681168216f,-0.18246944531369907f,0.9397109713674557f,-0.28921997133417987f,0.10060260407593244f,0.9676094030640312f,0.1194332558669027f,-0.22241344495128945f,0.7737380328320942f,0f,0f,0f,1f], start_interpolation: 0, interpolation_duration: 1 }
$data merge entity $(bone_right_fingers) { transformation: [-0.1744618715621851f,-0.3204356217474326f,-0.9310660920076274f,1.150019250190693f,-0.18246944531369907f,0.9397109713674557f,-0.28921997133417987f,-0.06315559088878059f,0.9676094030640312f,0.1194332558669027f,-0.22241344495128945f,0.6595509411936746f,0f,0f,0f,1f], start_interpolation: 0, interpolation_duration: 1 }
$data merge entity $(bone_right_index_finger_2) { transformation: [-0.1744618715621851f,-0.27951810550823913f,-0.9441571289060441f,1.7761390654535385f,-0.18246944531369907f,0.9514321727090338f,-0.24795508113583498f,0.1582926053876597f,0.9676094030640312f,0.12902112008214928f,-0.21699215118251847f,0.33815737610218866f,0f,0f,0f,1f], start_interpolation: 0, interpolation_duration: 1 }
$data merge entity $(bone_right_index_finger) { transformation: [-0.1744618715621851f,-0.27951810550823913f,-0.9441571289060441f,1.2303838210862414f,-0.18246944531369907f,0.9514321727090338f,-0.24795508113583498f,0.020894108585691948f,0.9676094030640312f,0.12902112008214928f,-0.21699215118251847f,0.21384635921387135f,0f,0f,0f,1f], start_interpolation: 0, interpolation_duration: 1 }
$data merge entity $(bone_right_thumb) { transformation: [0.1693112012682144f,-0.12624370186194672f,-0.9774437297692925f,0.5053800674220356f,-0.11712344473911643f,0.9821567169163319f,-0.14714034833646258f,-0.11567036403452385f,0.9785784668679142f,0.13939408580109955f,0.15150403633606074f,-0.21375513888262404f,0f,0f,0f,1f], start_interpolation: 0, interpolation_duration: 1 }
$data merge entity $(bone_right_hand) { transformation: [-0.1744618715621851f,0.06025965542824768f,-0.9828183094034666f,0.4603399347851225f,-0.18246944531369907f,0.978859424261389f,0.09240740804488073f,-0.09001554692944624f,0.9676094030640312f,0.19545588111471837f,-0.15977810125213782f,0.4093478482342188f,0f,0f,0f,1f], start_interpolation: 0, interpolation_duration: 1 }
$data merge entity $(bone_right_forearm) { transformation: [-0.3491559954908873f,-0.7219665804823384f,-1.8336251306376579f,-1.7375756768813395f,-0.36518180307647197f,1.8536349586147407f,-0.6603078548144855f,0.08129336560004663f,1.936506936145891f,0.21938201634256563f,-0.4551254655486613f,0.028963131286434463f,0f,0f,0f,1f], start_interpolation: 0, interpolation_duration: 1 }
$data merge entity $(bone_right_bicep) { transformation: [-1.140892175806233f,-0.5989651272990079f,-0.06404250912412632f,-1.6790652529132153f,-0.2761270595701536f,0.6419184670721985f,-1.0845230067250444f,1.000767903137196f,0.5353639077005204f,-0.9453449536663711f,-0.6958477049040737f,-1.5495418181646305f,0f,0f,0f,1f], start_interpolation: 0, interpolation_duration: 1 }
$data merge entity $(bone_right_shoulder) { transformation: [-1.0901535632843293f,-0.5723275009285045f,-0.061194362625897204f,-1.3743293749999999f,-0.2638469298791581f,0.6133705875599086f,-1.0362912861679061f,1.1673467317187363f,0.5115548024694909f,-0.9033028638696563f,-0.6649014438795086f,-1.7895912414416493f,0f,0f,0f,1f], start_interpolation: 0, interpolation_duration: 1 }
$data merge entity $(bone_chest) { transformation: [-4.0674850000000005f,1.8469111686325568e-16f,4.626185925043132e-16f,1.5988074137057291e-16f,0f,3.777567481713146f,-1.508117417951403f,1.5639560695380912f,-4.981232485829872e-16f,-1.508117417951403f,-3.777567481713146f,-1.3055253276445755f,0f,0f,0f,1f], start_interpolation: 0, interpolation_duration: 1 }
$data merge entity $(bone_weist) { transformation: [-1.0999999999999999f,2.1684808037419922e-17f,1.329543623601299e-16f,4.211591267137735e-16f,0f,1.0856547573773752f,-0.17706989519359978f,0.865282248104754f,-1.3471114790620883e-16f,-0.17706989519359978f,-1.0856547573773752f,-3.4390252520726863f,0f,0f,0f,1f], start_interpolation: 0, interpolation_duration: 1 }
$data merge entity $(bone_right_fingers2) { transformation: [-0.9959882897548423f,-0.025974756914585208f,-0.08563082782767302f,1.181076631173846f,0.021784176895988664f,-0.9985358258848448f,0.04951418040759037f,-0.023680716415505954f,-0.08679156818602049f,0.04745014676162074f,0.995095828181443f,-10.319845952141723f,0f,0f,0f,1f], start_interpolation: 0, interpolation_duration: 1 }
$data merge entity $(bone_left_foot) { transformation: [-0.9959882897548423f,-0.0666304794542355f,0.059730276066020924f,1.1089165917808272f,0.021784176895988664f,0.4668745622934035f,0.884055197779136f,0.2545547758253808f,-0.08679156818602049f,0.8818097993847888f,-0.46355010667755187f,-9.366320890490137f,0f,0f,0f,1f], start_interpolation: 0, interpolation_duration: 1 }
$data merge entity $(bone_left_knee) { transformation: [-1.5786555490955299f,0.06411347306495471f,0.12651493356702306f,0.9421448058037827f,0.03452822898931472f,1.545020733845856f,-0.35212020947866884f,0.1289018982197082f,-0.13756586512205843f,-0.34795158153396794f,-1.5402192175775684f,-7.299056406953767f,0f,0f,0f,1f], start_interpolation: 0, interpolation_duration: 1 }
$data merge entity $(bone_left_thigh) { transformation: [-1.5972199408263186f,-0.1428096244187549f,-0.014067171402113618f,0.7385400000000005f,0.034934267893175205f,-0.5394336678308922f,1.5097996318877511f,0.4612560881241736f,-0.13918358762673902f,1.5034363114861218f,0.5403806063798597f,-5.228737900918066f,0f,0f,0f,1f], start_interpolation: 0, interpolation_duration: 1 }
$data merge entity $(bone_left_fingers2) { transformation: [-0.9959882897548423f,0.02597475691458519f,0.08563082782767281f,-1.1778727346729818f,-0.021784176895988664f,-0.9985358258848448f,0.04951418040759037f,-0.06649072467574496f,0.08679156818602024f,0.04745014676162074f,0.995095828181443f,-10.274808082874184f,0f,0f,0f,1f], start_interpolation: 0, interpolation_duration: 1 }
$data merge entity $(bone_right_foot) { transformation: [-0.9959882897548423f,0.06663047945423531f,-0.05973027606602081f,-1.1057126952799632f,-0.021784176895988664f,0.4668745622934035f,0.884055197779136f,0.21174476756514177f,0.08679156818602024f,0.8818097993847888f,-0.46355010667755187f,-9.321283021222598f,0f,0f,0f,1f], start_interpolation: 0, interpolation_duration: 1 }
$data merge entity $(bone_right_knee) { transformation: [-1.5786555490955299f,-0.06411347306495464f,-0.12651493356702267f,-0.9398685810706993f,-0.03452822898931472f,1.545020733845856f,-0.35212020947866884f,0.1171987508492236f,0.13756586512205804f,-0.34795158153396794f,-1.5402192175775684f,-7.256856519097235f,0f,0f,0f,1f], start_interpolation: 0, interpolation_duration: 1 }
$data merge entity $(bone_right_thigh) { transformation: [-1.5972199408263186f,0.14280962441875453f,0.014067171402113485f,-0.7385399999999994f,-0.034934267893175205f,-0.5394336678308922f,1.5097996318877511f,0.444962615305309f,0.13918358762673863f,1.5034363114861218f,0.5403806063798597f,-5.2138112803852f,0f,0f,0f,1f], start_interpolation: 0, interpolation_duration: 1 }