# This file was generated by Animated Java via MC-Build. It is not recommended to edit this file directly.
$data merge entity $(bone_left_fingers_2) { transformation: [-0.288052855181128f,-0.0457540740675002f,0.9565208399863676f,-1.5188591513111247f,0.21063244433742523f,0.9713685962499004f,0.10989551224658627f,0.1269898125214938f,-0.9341624730283496f,0.23313003866023754f,-0.27016820512383505f,1.1570796244228385f,0f,0f,0f,1f], start_interpolation: 0, interpolation_duration: 1 }
$data merge entity $(bone_left_fingers) { transformation: [-0.288052855181128f,-0.0457540740675002f,0.9565208399863676f,-0.9638991992970501f,0.21063244433742523f,0.9713685962499004f,0.10989551224658627f,0.19304756430782524f,-0.9341624730283496f,0.23313003866023754f,-0.27016820512383505f,1.0155690234520003f,0f,0f,0f,1f], start_interpolation: 0, interpolation_duration: 1 }
$data merge entity $(bone_left_index_finger_2) { transformation: [-0.2785562385907103f,-0.04573735795861996f,0.9593302434663262f,-1.647891025135143f,0.21176915835595944f,0.9713561345523043f,0.10780112910732667f,0.2224813808310107f,-0.9367818558828968f,0.23318523528424998f,-0.2608915493725797f,0.7339126958371104f,0f,0f,0f,1f], start_interpolation: 0, interpolation_duration: 1 }
$data merge entity $(bone_left_index_finger) { transformation: [-0.2785562385907103f,-0.04573735795861996f,0.9593302434663262f,-1.0952725825063654f,0.21176915835595944f,0.9713561345523043f,0.10780112910732667f,0.29022821782606323f,-0.9367818558828968f,0.23318523528424998f,-0.2608915493725797f,0.5849040197763975f,0f,0f,0f,1f], start_interpolation: 0, interpolation_duration: 1 }
$data merge entity $(bone_left_thumb) { transformation: [-0.285206802082638f,0.1569259014280103f,0.9455323059032947f,-0.4213927117577324f,0.21097563857419366f,0.9725886381903346f,-0.09777842702396974f,0.1806641328497139f,-0.9349579455644017f,0.17159720954630037f,-0.31049643750277867f,0.07401756441993057f,0f,0f,0f,1f], start_interpolation: 0, interpolation_duration: 1 }
$data merge entity $(bone_left_hand) { transformation: [-0.285206802082638f,-0.05144451627785057f,0.9570843963782574f,-0.3065975190893475f,0.21097563857419366f,0.9706975290319801f,0.11504602148453175f,0.18666652831157615f,-0.9349579455644017f,0.23473339957523326f,-0.26599599837186977f,0.6886151162630259f,0f,0f,0f,1f], start_interpolation: 0, interpolation_duration: 1 }
$data merge entity $(bone_left_forearm) { transformation: [-0.4187257713580956f,0.5186236988581342f,1.8870656111364998f,1.8528944015561093f,-0.05456258553341606f,1.9259319740835135f,-0.5414124017912643f,0.5089327596765586f,-1.9562745425965073f,-0.1647237795103787f,-0.3888115530733877f,0.2011683534806561f,0f,0f,0f,1f], start_interpolation: 0, interpolation_duration: 1 }
$data merge entity $(bone_left_bicep) { transformation: [-1.1692643797246745f,0.5317975076334265f,0.12044851469843863f,1.6951958185589415f,0.09222430550213245f,0.47376570861803646f,-1.1964682838769323f,1.0862168822716785f,-0.5374114915898558f,-1.0757476877612322f,-0.4673878737137291f,-1.5257941599368112f,0f,0f,0f,1f], start_interpolation: 0, interpolation_duration: 1 }
$data merge entity $(bone_left_shoulder) { transformation: [-1.1172639772707003f,0.508147010021013f,0.11509183801529442f,1.3743293750000003f,0.08812283701877852f,0.4526960446958094f,-1.1432580489943247f,1.1820426058878948f,-0.5135113246723932f,-1.027906229770621f,-0.4466018496488003f,-1.7828901403138504f,0f,0f,0f,1f], start_interpolation: 0, interpolation_duration: 1 }
$data merge entity $(bone_right_fingers_2) { transformation: [-0.17220664111700906f,-0.3130909279138783f,-0.933980162323175f,1.6924466972450918f,-0.17922814023509487f,0.9422773099644716f,-0.28282635109548837f,0.09801080527865066f,0.9686186796170447f,0.11869095156812073f,-0.21838111528423698f,0.7712837782707277f,0f,0f,0f,1f], start_interpolation: 0, interpolation_duration: 1 }
$data merge entity $(bone_right_fingers) { transformation: [-0.17220664111700906f,-0.3130909279138783f,-0.933980162323175f,1.1499911198050756f,-0.17922814023509487f,0.9422773099644716f,-0.28282635109548837f,-0.06200316989633292f,0.9686186796170447f,0.11869095156812073f,-0.21838111528423698f,0.6594302053340539f,0f,0f,0f,1f], start_interpolation: 0, interpolation_duration: 1 }
$data merge entity $(bone_right_index_finger_2) { transformation: [-0.17220664111700906f,-0.27205329223385977f,-0.9467480546269508f,1.7765221470641528f,-0.17922814023509487f,0.9537171829225009f,-0.24145560408952665f,0.15419297054625475f,0.9686186796170447f,0.12810363454284668f,-0.21299603825856941f,0.33527399126358776f,0f,0f,0f,1f], start_interpolation: 0, interpolation_duration: 1 }
$data merge entity $(bone_right_index_finger) { transformation: [-0.17220664111700906f,-0.27205329223385977f,-0.9467480546269508f,1.2293168748066812f,-0.17922814023509487f,0.9537171829225009f,-0.24145560408952665f,0.02055348189808838f,0.9686186796170447f,0.12810363454284668f,-0.21299603825856941f,0.21326071458789608f,0f,0f,0f,1f], start_interpolation: 0, interpolation_duration: 1 }
$data merge entity $(bone_right_thumb) { transformation: [0.17207468783091817f,-0.11852029662823751f,-0.9779280347219046f,0.5017508080649774f,-0.1163854071118779f,0.9833366547434219f,-0.13965479028453984f,-0.11154908309265871f,0.9781844094133246f,0.1378476068895321f,0.15541331492357588f,-0.21138015724672338f,0f,0f,0f,1f], start_interpolation: 0, interpolation_duration: 1 }
$data merge entity $(bone_right_hand) { transformation: [-0.17220664111700906f,0.06816043416413736f,-0.9826998666784045f,0.4592104889502078f,-0.17922814023509487f,0.9787836794264843f,0.09929643818497469f,-0.08430521865320173f,0.9686186796170447f,0.19322697560876334f,-0.15633678196132722f,0.41183105000375303f,0f,0f,0f,1f], start_interpolation: 0, interpolation_duration: 1 }
$data merge entity $(bone_right_forearm) { transformation: [-0.3446425323250051f,-0.7075357946787966f,-1.840092768418868f,-1.7387849589572897f,-0.35869487793187765f,1.8593243066863916f,-0.6477483148084338f,0.10236431711933147f,1.9385268328513294f,0.2182498431613975f,-0.4469983182317157f,0.03921488315235422f,0f,0f,0f,1f], start_interpolation: 0, interpolation_duration: 1 }
$data merge entity $(bone_right_bicep) { transformation: [-1.1408935610578923f,-0.5977426548585495f,-0.07457361738849128f,-1.679386486121894f,-0.2666614085151752f,0.6443853456239512f,-1.0854284145280677f,1.0181910085657815f,0.5401381296080244f,-0.9444399760804627f,-0.6933826908971632f,-1.5413761654723892f,0f,0f,0f,1f], start_interpolation: 0, interpolation_duration: 1 }
$data merge entity $(bone_right_shoulder) { transformation: [-1.090154886930038f,-0.5711593951992836f,-0.0712571235451029f,-1.3743293749999999f,-0.2548022423572206f,0.6157277572385266f,-1.0371564279960492f,1.1820426058878948f,0.5161167015996149f,-0.90243813312569f,-0.6625460558242963f,-1.7828901403138506f,0f,0f,0f,1f], start_interpolation: 0, interpolation_duration: 1 }
$data merge entity $(bone_chest) { transformation: [-4.0674850000000005f,1.928031945014031e-16f,4.592969616369377e-16f,1.5992396703358924e-16f,0f,3.750444307344111f,-1.5743575587315477f,1.5871086156744063f,-4.981232485829872e-16f,-1.5743575587315477f,-3.750444307344111f,-1.3058782919690355f,0f,0f,0f,1f], start_interpolation: 0, interpolation_duration: 1 }
$data merge entity $(bone_weist) { transformation: [-1.0999999999999999f,2.402104127765678e-17f,1.3255218951848959e-16f,4.196562512628796e-16f,0f,1.082370766908284f,-0.1961466873091994f,0.850999890419985f,-1.3471114790620883e-16f,-0.1961466873091994f,-1.082370766908284f,-3.426753342719392f,0f,0f,0f,1f], start_interpolation: 0, interpolation_duration: 1 }
$data merge entity $(bone_right_fingers2) { transformation: [-0.995988102763834f,-0.02597419224604858f,-0.08563317400437619f,1.181088791235673f,0.021783273217610807f,-0.998535717450298f,0.0495167646756729f,-0.023693935047838177f,-0.08679394080709422f,0.047452737678498225f,0.9950954976915485f,-10.319843636017614f,0f,0f,0f,1f], start_interpolation: 0, interpolation_duration: 1 }
$data merge entity $(bone_left_foot) { transformation: [-0.995988102763834f,-0.06663284445168675f,0.05973075583964911f,1.1089263476795173f,0.021783273217610807f,0.46687685860927075f,0.8840540073451769f,0.2545440401882589f,-0.08679394080709422f,0.8818084048904368f,-0.46355231517462875f,-9.366319480842764f,0f,0f,0f,1f], start_interpolation: 0, interpolation_duration: 1 }
$data merge entity $(bone_left_knee) { transformation: [-1.5786552527121327f,0.06411323740402804f,0.126518751211016f,0.9421498420940484f,0.03452679664628371f,1.5450198533060941f,-0.35212421350624096f,0.12889653879605056f,-0.13756962576007245f,-0.3479555348225077f,-1.5402179885940315f,-7.29905505128421f,0f,0f,0f,1f], start_interpolation: 0, interpolation_duration: 1 }
$data merge entity $(bone_left_thigh) { transformation: [-1.5972196409575647f,-0.142812753940765f,-0.014069447833976725f,0.7385400000000005f,0.03493281870633229f,-0.5394297724791801f,1.5098010571765408f,0.4612560881241736f,-0.13918739248843265f,1.5034374118619054f,0.5403765649039164f,-5.228737900918066f,0f,0f,0f,1f], start_interpolation: 0, interpolation_duration: 1 }
$data merge entity $(bone_left_fingers2) { transformation: [-0.995988102763834f,0.025974192246048567f,0.08563317400437595f,-1.1778848426765918f,-0.021783273217610807f,-0.998535717450298f,0.0495167646756729f,-0.06650386552310766f,0.08679394080709397f,0.047452737678498225f,0.9950954976915485f,-10.274805703790468f,0f,0f,0f,1f], start_interpolation: 0, interpolation_duration: 1 }
$data merge entity $(bone_right_foot) { transformation: [-0.995988102763834f,0.06663284445168655f,-0.059730755839649f,-1.1057223991204364f,-0.021783273217610807f,0.46687685860927075f,0.8840540073451769f,0.2117341097129894f,0.08679394080709397f,0.8818084048904368f,-0.46355231517462875f,-9.321281548615618f,0f,0f,0f,1f], start_interpolation: 0, interpolation_duration: 1 }
$data merge entity $(bone_right_knee) { transformation: [-1.5786552527121327f,-0.06411323740402797f,-0.1265187512110156f,-0.9398735508722273f,-0.03452679664628371f,1.5450198533060941f,-0.35212421350624096f,0.11719346230214578f,0.13756962576007203f,-0.3479555348225077f,-1.5402179885940315f,-7.25685518090614f,0f,0f,0f,1f], start_interpolation: 0, interpolation_duration: 1 }
$data merge entity $(bone_right_thigh) { transformation: [-1.5972196409575647f,0.14281275394076465f,0.014069447833976591f,-0.7385399999999994f,-0.03493281870633229f,-0.5394297724791801f,1.5098010571765408f,0.444962615305309f,0.13918739248843226f,1.5034374118619054f,0.5403765649039164f,-5.2138112803852f,0f,0f,0f,1f], start_interpolation: 0, interpolation_duration: 1 }