# This file was generated by Animated Java via MC-Build. It is not recommended to edit this file directly.
$data merge entity $(bone_left_fingers_2) { transformation: [-0.2852919683106526f,-0.0531206803528082f,0.9569674425686009f,-1.518181731451064f,0.2101521122448119f,0.970698719329888f,0.11653362609289869f,0.12367317629384254f,-0.9351174164437738f,0.23435483696772796f,-0.2657691250942294f,1.1557163561168475f,0f,0f,0f,1f], start_interpolation: 0, interpolation_duration: 1 }
$data merge entity $(bone_left_fingers) { transformation: [-0.2852919683106526f,-0.0531206803528082f,0.9569674425686009f,-0.9630449660071175f,0.2101521122448119f,0.970698719329888f,0.11653362609289869f,0.19355934804550845f,-0.9351174164437738f,0.23435483696772796f,-0.2657691250942294f,1.0167612563616188f,0f,0f,0f,1f], start_interpolation: 0, interpolation_duration: 1 }
$data merge entity $(bone_left_index_finger_2) { transformation: [-0.2852919683106526f,-0.0531206803528082f,0.9569674425686009f,-1.6456715797898869f,0.2101521122448119f,0.970698719329888f,0.11653362609289869f,0.21758490145324294f,-0.9351174164437738f,0.23435483696772796f,-0.2657691250942294f,0.7378357606435358f,0f,0f,0f,1f], start_interpolation: 0, interpolation_duration: 1 }
$data merge entity $(bone_left_index_finger) { transformation: [-0.2852919683106526f,-0.0531206803528082f,0.9569674425686009f,-1.094457578910212f,0.2101521122448119f,0.970698719329888f,0.11653362609289869f,0.290360664748275f,-0.9351174164437738f,0.23435483696772796f,-0.2657691250942294f,0.5860227964122052f,0f,0f,0f,1f], start_interpolation: 0, interpolation_duration: 1 }
$data merge entity $(bone_left_thumb) { transformation: [-0.2852919683106526f,0.15526415569694063f,0.9457809126711904f,-0.4202525173816984f,0.2101521122448119f,0.9729117768405569f,-0.09632634221226753f,0.1817230699937485f,-0.9351174164437738f,0.1712767247487734f,-0.3101930060830763f,0.0753675827906477f,0f,0f,0f,1f], start_interpolation: 0, interpolation_duration: 1 }
$data merge entity $(bone_left_hand) { transformation: [-0.2852919683106526f,-0.0531206803528082f,0.9569674425686009f,-0.30564119829441694f,0.2101521122448119f,0.970698719329888f,0.11653362609289869f,0.1881460479210283f,-0.9351174164437738f,0.23435483696772796f,-0.2657691250942294f,0.6899951990219699f,0f,0f,0f,1f], start_interpolation: 0, interpolation_duration: 1 }
$data merge entity $(bone_left_forearm) { transformation: [-0.41808274148326835f,0.5154745155255077f,1.8880707821658258f,1.853450581818484f,-0.055987056371714944f,1.9267281293144902f,-0.5384260381684857f,0.5138125494368172f,-1.9563718215470602f,-0.1652972259377761f,-0.3880780286290514f,0.20303602147463606f,0f,0f,0f,1f], start_interpolation: 0, interpolation_duration: 1 }
$data merge entity $(bone_left_bicep) { transformation: [-1.1692640951317381f,0.5313143267524312f,0.1225650257393184f,1.695281794842963f,0.09008385276505522f,0.4742459171810783f,-1.1964411113879336f,1.090189888296409f,-0.5377750448076527f,-1.0757748462089085f,-0.46690695535346066f,-1.5241863504580386f,0f,0f,0f,1f], start_interpolation: 0, interpolation_duration: 1 }
$data merge entity $(bone_left_shoulder) { transformation: [-1.1172637053343946f,0.5076853175225473f,0.11711422198976179f,1.3743293750000003f,0.08607757610118348f,0.45315489706347484f,-1.1432320849406366f,1.1853872331837025f,-0.5138587096788201f,-1.027932180407443f,-0.4461423190505428f,-1.7814084271896478f,0f,0f,0f,1f], start_interpolation: 0, interpolation_duration: 1 }
$data merge entity $(bone_right_fingers_2) { transformation: [-0.17171212261961286f,-0.31141820669146564f,-0.934630219651889f,1.6927229540053106f,-0.17849500542825097f,0.9428538342530054f,-0.2813648525874812f,0.09740505811075872f,0.9688418240263144f,0.11851307006182053f,-0.21748602769347378f,0.7707539659545872f,0f,0f,0f,1f], start_interpolation: 0, interpolation_duration: 1 }
$data merge entity $(bone_right_fingers) { transformation: [-0.17171212261961286f,-0.31141820669146564f,-0.934630219651889f,1.149909207145198f,-0.17849500542825097f,0.9428538342530054f,-0.2813648525874812f,-0.061753202586885464f,0.9688418240263144f,0.11851307006182053f,-0.21748602769347378f,0.6594182942353792f,0f,0f,0f,1f], start_interpolation: 0, interpolation_duration: 1 }
$data merge entity $(bone_right_index_finger_2) { transformation: [-0.17171212261961286f,-0.2703538079689753f,-0.9473245301701743f,1.7765348517094923f,-0.17849500542825097f,0.9542294088181048f,-0.23997034896799047f,0.15324628480315383f,0.9688418240263144f,0.12788687916797775f,-0.2121095616751859f,0.334649649847583f,0f,0f,0f,1f], start_interpolation: 0, interpolation_duration: 1 }
$data merge entity $(bone_right_index_finger) { transformation: [-0.17171212261961286f,-0.2703538079689753f,-0.9473245301701743f,1.229007174440353f,-0.17849500542825097f,0.9542294088181048f,-0.23997034896799047f,0.020465744078149467f,0.9688418240263144f,0.12788687916797775f,-0.2121095616751859f,0.21314601522419901f,0f,0f,0f,1f], start_interpolation: 0, interpolation_duration: 1 }
$data merge entity $(bone_right_thumb) { transformation: [0.1726814835776695f,-0.11676358755423312f,-0.9780323971376815f,0.5008735815721775f,-0.11622353008566655f,0.9835966412177394f,-0.13794831800209878f,-0.1106153791687347f,0.9780967213337552f,0.1374914979431346f,0.15627825091647196f,-0.21083812274420544f,0f,0f,0f,1f], start_interpolation: 0, interpolation_duration: 1 }
$data merge entity $(bone_right_hand) { transformation: [-0.17171212261961286f,0.0699545932349081f,-0.9826603186405796f,0.4588895909527295f,-0.17849500542825097f,0.9787570271512157f,0.10086731303689628f,-0.08301413959959347f,0.9688418240263144f,0.19272009933437964f,-0.15557790116180148f,0.4123950854920785f,0f,0f,0f,1f], start_interpolation: 0, interpolation_duration: 1 }
$data merge entity $(bone_right_forearm) { transformation: [-0.343652837002463f,-0.7042480596157836f,-1.8415385335023875f,-1.7390954092146629f,-0.3572276323324783f,1.8606046087900368f,-0.6448764848201309f,0.10715847217342422f,1.9389734187308636f,0.21797232049790286f,-0.4451931279551266f,0.041492633117846456f,0f,0f,0f,1f], start_interpolation: 0, interpolation_duration: 1 }
$data merge entity $(bone_right_bicep) { transformation: [-1.1408945505191155f,-0.5974386963266299f,-0.07695617089248155f,-1.6794618638535428f,-0.26450497716204585f,0.6449490820294526f,-1.085621214861327f,1.0221570539209894f,0.5411953114758125f,-0.9442474830424566f,-0.6928202863049662f,-1.5395691006551273f,0f,0f,0f,1f], start_interpolation: 0, interpolation_duration: 1 }
$data merge entity $(bone_right_shoulder) { transformation: [-1.0901558323871996f,-0.5708689545391673f,-0.07353371834272704f,-1.3743293749999999f,-0.2527417134365706f,0.6162664227357951f,-1.0373406539682857f,1.1853872331837025f,0.5171268676824826f,-0.9022542007824416f,-0.662008662910932f,-1.7814084271896482f,0f,0f,0f,1f], start_interpolation: 0, interpolation_duration: 1 }
$data merge entity $(bone_chest) { transformation: [-4.0674850000000005f,1.9463225904557364e-16f,4.585248679381362e-16f,1.5994068665908657e-16f,0f,3.7441396838450003f,-1.5892930041631939f,1.5923512268683806f,-4.981232485829872e-16f,-1.5892930041631939f,-3.7441396838450003f,-1.3060148180719817f,0f,0f,0f,1f], start_interpolation: 0, interpolation_duration: 1 }
$data merge entity $(bone_weist) { transformation: [-1.0999999999999999f,2.454915682833837e-17f,1.324553972823536e-16f,4.1931161244028196e-16f,0f,1.08158039832035f,-0.20045907804136218f,0.8477952873326281f,-1.3471114790620883e-16f,-0.20045907804136218f,-1.08158039832035f,-3.423939153168269f,0f,0f,0f,1f], start_interpolation: 0, interpolation_duration: 1 }
$data merge entity $(bone_right_fingers2) { transformation: [-0.9959879691948704f,-0.025973788919042888f,-0.08563484984669947f,1.18109747700165f,0.02178262773303112f,-0.9985356399924499f,0.04951861058140433f,-0.023703376926797526f,-0.08679563553613706f,0.04745458833513999f,0.9950952616196204f,-10.319841981603275f,0f,0f,0f,1f], start_interpolation: 0, interpolation_duration: 1 }
$data merge entity $(bone_left_foot) { transformation: [-0.9959879691948704f,-0.06663453373399225f,0.05973109854281275f,1.1089333161860957f,0.02178262773303112f,0.4668784988329082f,0.8840531570310545f,0.25453637187620526f,-0.08679563553613706f,0.8818074088153169f,-0.46355389267084646f,-9.366318473919685f,0f,0f,0f,1f], start_interpolation: 0, interpolation_duration: 1 }
$data merge entity $(bone_left_knee) { transformation: [-1.5786550410034332f,0.06411306908725786f,0.12652147810031567f,0.9421534394461817f,0.03452577354408054f,1.5450192243419523f,-0.352127073524604f,0.12889271063743402f,-0.137572311929614f,-0.34795835860061136f,-1.540217110736125f,-7.2990540829322645f,0f,0f,0f,1f], start_interpolation: 0, interpolation_duration: 1 }
$data merge entity $(bone_left_thigh) { transformation: [-1.597219426759251f,-0.1428149893210303f,-0.014071073846499783f,0.7385400000000005f,0.03493178357283446f,-0.5394269900823391f,1.509802075233121f,0.4612560881241736f,-0.1391901102463113f,1.503438197834235f,0.5403736781280872f,-5.228737900918066f,0f,0f,0f,1f], start_interpolation: 0, interpolation_duration: 1 }
$data merge entity $(bone_left_fingers2) { transformation: [-0.9959879691948704f,0.025973788919042867f,0.08563484984669925f,-1.1778934912578611f,-0.02178262773303112f,-0.9985356399924499f,0.04951861058140433f,-0.06651325184124701f,0.08679563553613681f,0.04745458833513999f,0.9950952616196204f,-10.274804004405159f,0f,0f,0f,1f], start_interpolation: 0, interpolation_duration: 1 }
$data merge entity $(bone_right_foot) { transformation: [-0.9959879691948704f,0.06663453373399206f,-0.05973109854281264f,-1.105729330442307f,-0.02178262773303112f,0.4668784988329082f,0.8840531570310545f,0.21172649696175577f,0.08679563553613681f,0.8818074088153169f,-0.46355389267084646f,-9.321280496721567f,0f,0f,0f,1f], start_interpolation: 0, interpolation_duration: 1 }
$data merge entity $(bone_right_knee) { transformation: [-1.5786550410034332f,-0.06411306908725778f,-0.12652147810031528f,-0.9398771007323796f,-0.03452577354408054f,1.5450192243419523f,-0.352127073524604f,0.11718968476964142f,0.1375723119296136f,-0.34795835860061136f,-1.540217110736125f,-7.256854225039028f,0f,0f,0f,1f], start_interpolation: 0, interpolation_duration: 1 }
$data merge entity $(bone_right_thigh) { transformation: [-1.597219426759251f,0.14281498932102993f,0.01407107384649965f,-0.7385399999999994f,-0.03493178357283446f,-0.5394269900823391f,1.509802075233121f,0.444962615305309f,0.1391901102463109f,1.503438197834235f,0.5403736781280872f,-5.2138112803852f,0f,0f,0f,1f], start_interpolation: 0, interpolation_duration: 1 }