# This file was generated by Animated Java via MC-Build. It is not recommended to edit this file directly.
$data merge entity $(bone_left_fingers_2) { transformation: [-0.004039293051686845f,0.9831732790947679f,-0.18263074052766815f,4.159129250123771f,-0.7764776831556752f,0.11199962031946731f,0.6201116775303376f,0.7498967064427466f,0.6301318050002215f,0.14431350706824725f,0.7629597106039256f,-3.994968110632039f,0f,0f,0f,1f], start_interpolation: 0, interpolation_duration: 1 }
$data merge entity $(bone_left_fingers) { transformation: [-0.004039293051686845f,0.9831732790947679f,-0.18263074052766815f,4.059617742525951f,-0.7764776831556752f,0.11199962031946731f,0.6201116775303376f,1.118605047093602f,0.6301318050002215f,0.14431350706824725f,0.7629597106039256f,-3.5630872885436324f,0f,0f,0f,1f], start_interpolation: 0, interpolation_duration: 1 }
$data merge entity $(bone_left_index_finger_2) { transformation: [-0.030989749950299964f,0.9829736521997713f,-0.18111442371898773f,4.147134415624803f,-0.7212131505312216f,0.10346443507970154f,0.6849428459181592f,0.3844412233714446f,0.6920196723351493f,0.15184831166226834f,0.7057271876203095f,-3.658837602331123f,0f,0f,0f,1f], start_interpolation: 0, interpolation_duration: 1 }
$data merge entity $(bone_left_index_finger) { transformation: [-0.030989749950299964f,0.9829736521997713f,-0.18111442371898773f,4.0484400995769745f,-0.7212131505312216f,0.10346443507970154f,0.6849428459181592f,0.7797872456904983f,0.6920196723351493f,0.15184831166226834f,0.7057271876203095f,-3.251233238745538f,0f,0f,0f,1f], start_interpolation: 0, interpolation_duration: 1 }
$data merge entity $(bone_left_thumb) { transformation: [-0.020297749510166146f,0.9203271603988886f,-0.39062247656393406f,3.5569539639592844f,-0.7499844389384428f,0.2443482272488905f,0.6146684351668901f,1.0358396307191695f,0.661143965195941f,0.30543716485137046f,0.6852713299216197f,-2.603157707807737f,0f,0f,0f,1f], start_interpolation: 0, interpolation_duration: 1 }
$data merge entity $(bone_left_hand) { transformation: [-0.02426625334920418f,0.950924000255142f,-0.30847154599274007f,3.725097718372352f,-0.7355610342536849f,0.19198226406077715f,0.649686674616116f,1.4749600867223311f,0.6770237173364324f,0.24266511085208972f,0.694803950866071f,-3.015280285100017f,0f,0f,0f,1f], start_interpolation: 0, interpolation_duration: 1 }
$data merge entity $(bone_left_forearm) { transformation: [-1.6169595009901654f,0.4922873101595759f,-1.071640615954892f,2.804266725941737f,-1.1463965378923977f,-0.22952056865556952f,1.6243194635979223f,2.947001066126881f,0.27665029083059955f,1.9262118123847565f,0.46743031968783444f,-1.5830704714998967f,0f,0f,0f,1f], start_interpolation: 0, interpolation_duration: 1 }
$data merge entity $(bone_left_bicep) { transformation: [0.24743197462903713f,-1.2496160224983945f,0.20428616633922886f,1.4524285685650489f,-1.2635039916003807f,-0.2572561392849605f,-0.04327315011890259f,1.7431416319798325f,0.08264807712337634f,-0.191767303330366f,-1.2731418696407402f,-1.8356202351197717f,0f,0f,0f,1f], start_interpolation: 0, interpolation_duration: 1 }
$data merge entity $(bone_left_shoulder) { transformation: [0.2364279942771161f,-1.1940421615225287f,0.19520099873331856f,1.4123722331620157f,-1.207312494446509f,-0.2458152513142489f,-0.04134867413156085f,1.324230399113579f,0.07897248985074032f,-0.18323888398944635f,-1.2165217495461618f,-1.8017815589145643f,0f,0f,0f,1f], start_interpolation: 0, interpolation_duration: 1 }
$data merge entity $(bone_right_fingers_2) { transformation: [-0.17627632432957666f,-0.32576305393353283f,-0.9288730215550197f,1.6893318535276376f,-0.19945706638918054f,0.9358952133236594f,-0.29037394570671055f,0.06559492841513105f,0.9639209179949754f,0.13408423609716333f,-0.2299519112379027f,0.7776265741958954f,0f,0f,0f,1f], start_interpolation: 0, interpolation_duration: 1 }
$data merge entity $(bone_right_fingers) { transformation: [-0.17627632432957666f,-0.32576305393353283f,-0.9288730215550197f,1.1496903937096739f,-0.19945706638918054f,0.9358952133236594f,-0.29037394570671055f,-0.09908398311628717f,0.9639209179949754f,0.13408423609716333f,-0.2299519112379027f,0.659128901357372f,0f,0f,0f,1f], start_interpolation: 0, interpolation_duration: 1 }
$data merge entity $(bone_right_index_finger_2) { transformation: [-0.17627632432957666f,-0.28493612754895226f,-0.9421985250987507f,1.7755485449704744f,-0.19945706638918054f,0.9476703820765574f,-0.2492743982086676f,0.1309712549097481f,0.9639209179949754f,0.14398697910671843f,-0.2238843757376686f,0.3433199205821552f,0f,0f,0f,1f], start_interpolation: 0, interpolation_duration: 1 }
$data merge entity $(bone_right_index_finger) { transformation: [-0.17627632432957666f,-0.28493612754895226f,-0.9421985250987507f,1.230890746950537f,-0.19945706638918054f,0.9476703820765574f,-0.2492743982086676f,-0.007209352789043805f,0.9639209179949754f,0.14398697910671843f,-0.2238843757376686f,0.21512333205608802f,0f,0f,0f,1f], start_interpolation: 0, interpolation_duration: 1 }
$data merge entity $(bone_right_thumb) { transformation: [0.16711193871336325f,-0.13185752139431645f,-0.9770809556997866f,0.5078566736384613f,-0.13249497066691238f,0.9790240291495859f,-0.1547805966382243f,-0.1404533808292539f,0.9769947198871831f,0.15532399814406675f,0.14613614512880377f,-0.21683858409504886f,0f,0f,0f,1f], start_interpolation: 0, interpolation_duration: 1 }
$data merge entity $(bone_right_hand) { transformation: [-0.17627632432957666f,0.054498498142445506f,-0.9828308965336162f,0.46088678610991196f,-0.19945706638918054f,0.9757757303774517f,0.08988104735578234f,-0.12540563971798202f,0.9639209179949754f,0.21187646803401333f,-0.16113604855883695f,0.40646833139328564f,0f,0f,0f,1f], start_interpolation: 0, interpolation_duration: 1 }
$data merge entity $(bone_right_forearm) { transformation: [-0.35278731651591705f,-0.732426941051452f,-1.828775179609039f,-1.7368028845810384f,-0.39917965999799165f,1.8459048928266664f,-0.6622820380389473f,0.04064259934791925f,1.9291250557120314f,0.2480174890751592f,-0.4714770585759901f,0.022462594394398128f,0f,0f,0f,1f], start_interpolation: 0, interpolation_duration: 1 }
$data merge entity $(bone_right_bicep) { transformation: [-1.1409468015507276f,-0.599640380439377f,-0.05627995814492847f,-1.6786302814303584f,-0.29099221813262915f,0.6543951850135885f,-1.0731197949569258f,0.9865425510844642f,0.5273135201457744f,-0.93631937899878f,-0.7139622507485404f,-1.5403630516330367f,0f,0f,0f,1f], start_interpolation: 0, interpolation_duration: 1 }
$data merge entity $(bone_right_shoulder) { transformation: [-1.0902057596717452f,-0.5729727237047693f,-0.05377703363582967f,-1.374093196315104f,-0.2780509939610399f,0.6252924315433579f,-1.025395206586051f,1.158692189651607f,0.503862437787943f,-0.894678681327945f,-0.682210386055107f,-1.7767057112725355f,0f,0f,0f,1f], start_interpolation: 0, interpolation_duration: 1 }
$data merge entity $(bone_chest) { transformation: [-4.0326826851166935f,-0.49892788610758093f,0.1815917147042843f,1.5992509097654118e-16f,-0.5309467284001111f,3.788447445232702f,-1.382098314714273f,1.5234632627898403f,0.0003974748293775993f,-1.393976737395225f,-3.8211598923415555f,-1.3058874696597196f,0f,0f,0f,1f], start_interpolation: 0, interpolation_duration: 1 }