# This file was generated by Animated Java via MC-Build. It is not recommended to edit this file directly.
$data merge entity $(bone_left_fingers_2) { transformation: [0.3101882504923188f,-0.3061971782724574f,0.9000147428095278f,0.47886394216957395f,-0.3495917281187849f,0.843638891020816f,0.4075034296642059f,1.3464052287721757f,-0.8840638398257431f,-0.44104048518832606f,0.1546428709556622f,-4.796440823811965f,0f,0f,0f,1f], start_interpolation: 0, interpolation_duration: 1 }
$data merge entity $(bone_left_fingers) { transformation: [0.3101882504923188f,-0.3061971782724574f,0.9000147428095278f,0.9915258785258645f,-0.3495917281187849f,0.843638891020816f,0.4075034296642059f,1.5909451793970633f,-0.8840638398257431f,-0.44104048518832606f,0.1546428709556622f,-4.697712020226322f,0f,0f,0f,1f], start_interpolation: 0, interpolation_duration: 1 }
$data merge entity $(bone_left_index_finger_2) { transformation: [0.4701979596193564f,-0.2885263218002186f,0.8340662086418749f,0.7111954236665199f,-0.31384562771349006f,0.8286161931036448f,0.463568901557848f,1.1698719686086614f,-0.824872596668674f,-0.4797371844613062f,0.2990609187276375f,-5.2551864843606415f,0f,0f,0f,1f], start_interpolation: 0, interpolation_duration: 1 }
$data merge entity $(bone_left_index_finger) { transformation: [0.4701979596193564f,-0.2885263218002186f,0.8340662086418749f,1.1902170804624832f,-0.31384562771349006f,0.8286161931036448f,0.463568901557848f,1.4418298939381546f,-0.824872596668674f,-0.4797371844613062f,0.2990609187276375f,-5.085606114716676f,0f,0f,0f,1f], start_interpolation: 0, interpolation_duration: 1 }
$data merge entity $(bone_left_thumb) { transformation: [0.3923770906851632f,-0.10045361689270746f,0.9143026247138424f,2.011193253188548f,-0.338143990625689f,0.9086574873216279f,0.24494940771122636f,1.2852933125591006f,-0.8553939795843681f,-0.4052784741230652f,0.3225685944156659f,-4.916438264077684f,0f,0f,0f,1f], start_interpolation: 0, interpolation_duration: 1 }
$data merge entity $(bone_left_hand) { transformation: [0.4313513203508679f,-0.06282280611805184f,0.8999940741266119f,1.6930654911442433f,-0.3237238218917957f,0.9203622414405669f,0.21939970754371035f,1.6025951332856387f,-0.8421038686357718f,-0.3859878748898086f,0.376662229147969f,-4.481629803577103f,0f,0f,0f,1f], start_interpolation: 0, interpolation_duration: 1 }
$data merge entity $(bone_left_forearm) { transformation: [-0.6421903681186213f,1.7556774348733135f,0.714497522125183f,3.2758696399757f,-1.816909122688676f,-0.7851289028390744f,0.2961963523881955f,1.3194137378933377f,0.5401399858712838f,-0.5536133885249419f,1.8458275772833164f,-2.8793865903253755f,0f,0f,0f,1f], start_interpolation: 0, interpolation_duration: 1 }
$data merge entity $(bone_left_bicep) { transformation: [-0.77735917492402f,-0.783920164008144f,-0.6675908276287228f,1.728100059605081f,-0.948599557997097f,0.8705625565527629f,0.0823124365277876f,1.7307207998353669f,0.40045875597902775f,0.5404494750676272f,-1.1009281416922576f,-1.9986135486711256f,0f,0f,0f,1f], start_interpolation: 0, interpolation_duration: 1 }
$data merge entity $(bone_left_shoulder) { transformation: [-0.7427878746703881f,-0.7490570785271617f,-0.6379012276432604f,1.426246427429401f,-0.9064127269956035f,0.8318462456079586f,0.07865177611545207f,1.5106399932966705f,0.3826492538354401f,0.5164142006704261f,-1.0519668396688575f,-1.8019284949166734f,0f,0f,0f,1f], start_interpolation: 0, interpolation_duration: 1 }