# This file was generated by Animated Java via MC-Build. It is not recommended to edit this file directly.
$data merge entity $(bone_left_fingers_2) { transformation: [0.29888622920316504f,-0.254398673671247f,0.919754498128182f,0.389739032412979f,-0.3198229195307583f,0.8813681198417398f,0.3477118598343448f,1.5047022781253627f,-0.8990997286928386f,-0.3980848554780093f,0.18206626734109f,-4.907982349012952f,0f,0f,0f,1f], start_interpolation: 0, interpolation_duration: 1 }
$data merge entity $(bone_left_fingers) { transformation: [0.29888622920316504f,-0.254398673671247f,0.919754498128182f,0.9142324463343361f,-0.3198229195307583f,0.8813681198417398f,0.3477118598343448f,1.714591958006587f,-0.8990997286928386f,-0.3980848554780093f,0.18206626734109f,-4.792993627261064f,0f,0f,0f,1f], start_interpolation: 0, interpolation_duration: 1 }
$data merge entity $(bone_left_index_finger_2) { transformation: [0.46005061166290184f,-0.23721351097530513f,0.8556185978105894f,0.6163629518537794f,-0.29625367145050374f,0.8674178464077972f,0.3997749890692972f,1.3395955752643725f,-0.8370108702165628f,-0.43739687921157905f,0.3287807372631255f,-5.373783665153675f,0f,0f,0f,1f], start_interpolation: 0, interpolation_duration: 1 }
$data merge entity $(bone_left_index_finger) { transformation: [0.46005061166290184f,-0.23721351097530513f,0.8556185978105894f,1.1081025345263014f,-0.29625367145050374f,0.8674178464077972f,0.3997749890692972f,1.5750121166482094f,-0.8370108702165628f,-0.43739687921157905f,0.3287807372631255f,-5.186830201763497f,0f,0f,0f,1f], start_interpolation: 0, interpolation_duration: 1 }
$data merge entity $(bone_left_thumb) { transformation: [0.3813001308953217f,-0.04571368365400899f,0.9233203503150963f,1.9173887466080266f,-0.314518965580481f,0.9327797030449154f,0.1760677309379087f,1.3640218976632839f,-0.8693031867360177f,-0.35753641033357825f,0.3412912023717933f,-5.02051034843654f,0f,0f,0f,1f], start_interpolation: 0, interpolation_duration: 1 }
$data merge entity $(bone_left_hand) { transformation: [0.42088485903276024f,-0.0076802681384580546f,0.9070815558252165f,1.613180460365026f,-0.3030227220806023f,0.9413306809561217f,0.14857247051034253f,1.675548499275696f,-0.855004775039202f,-0.3373982255021593f,0.39386453519980497f,-4.571787036348237f,0f,0f,0f,1f], start_interpolation: 0, interpolation_duration: 1 }
$data merge entity $(bone_left_forearm) { transformation: [-0.6567107360145749f,1.7426524007958235f,0.7329475100949885f,3.206237813686643f,-1.8254433645233965f,-0.7863310728001178f,0.23400512861305875f,1.328779573551565f,0.49173769986792054f,-0.5917469791222122f,1.8475248254296992f,-2.9923682914152514f,0f,0f,0f,1f], start_interpolation: 0, interpolation_duration: 1 }
$data merge entity $(bone_left_bicep) { transformation: [-0.77735917492402f,-0.7294785137672943f,-0.7266838615411918f,1.7219738845529546f,-0.948599557997097f,0.861493765586993f,0.14994330239649545f,1.7328917157199202f,0.4004587559790278f,0.6246480715712763f,-1.055435073774378f,-2.005363079041156f,0f,0f,0f,1f], start_interpolation: 0, interpolation_duration: 1 }
$data merge entity $(bone_left_shoulder) { transformation: [-0.7427878746703881f,-0.6970365981875531f,-0.6943662318312644f,1.426246427429401f,-0.9064127269956035f,0.8231807687156936f,0.14327491139348578f,1.5106399932966705f,0.38264925383544013f,0.5968682540406561f,-1.0084969735876343f,-1.8019284949166734f,0f,0f,0f,1f], start_interpolation: 0, interpolation_duration: 1 }