# This file was generated by Animated Java via MC-Build. It is not recommended to edit this file directly.
$data merge entity $(bone_left_fingers_2) { transformation: [-0.3931794722315368f,0.19926547834507394f,0.8976096990093406f,-1.5008636008619756f,0.21971903347732372f,0.9683127689214669f,-0.1187178498433679f,0.24784067778132685f,-0.8928233021956363f,0.15054451396032564f,-0.42450312174697663f,1.2196973573169807f,0f,0f,0f,1f], start_interpolation: 0, interpolation_duration: 1 }
$data merge entity $(bone_left_fingers) { transformation: [-0.3931794722315368f,0.19926547834507394f,0.8976096990093406f,-0.9769926521162411f,0.21971903347732372f,0.9683127689214669f,-0.1187178498433679f,0.18200093142604548f,-0.8928233021956363f,0.15054451396032564f,-0.42450312174697663f,0.988194048576539f,0f,0f,0f,1f], start_interpolation: 0, interpolation_duration: 1 }
$data merge entity $(bone_left_index_finger_2) { transformation: [-0.019346608189819814f,0.21765225554094642f,0.9758346193948482f,-1.6717741898325615f,0.24343914547294204f,0.9476692589787591f,-0.20654384047473634f,0.4017128239238327f,-0.9697232033951508f,0.2335604231127102f,-0.07131926494614538f,0.5993301902842152f,0f,0f,0f,1f], start_interpolation: 0, interpolation_duration: 1 }
$data merge entity $(bone_left_index_finger) { transformation: [-0.019346608189819814f,0.21765225554094642f,0.9758346193948482f,-1.1081203700273667f,0.24343914547294204f,0.9476692589787591f,-0.20654384047473634f,0.28815876488163694f,-0.9697232033951508f,0.2335604231127102f,-0.07131926494614538f,0.5595783388592734f,0f,0f,0f,1f], start_interpolation: 0, interpolation_duration: 1 }
$data merge entity $(bone_left_thumb) { transformation: [-0.2846734717202185f,0.19633310558682462f,0.9383039625565858f,-0.443417041919679f,0.23046476733914015f,0.9641117931556433f,-0.1318121440290151f,0.15700885022121072f,-0.9305090034567498f,0.17872258376837175f,-0.3197049147840605f,0.04180181885211798f,0f,0f,0f,1f], start_interpolation: 0, interpolation_duration: 1 }
$data merge entity $(bone_left_hand) { transformation: [-0.2846734717202185f,-0.011406920362466377f,0.9585566736852873f,-0.3232500930116844f,0.23046476733914015f,0.9697878636410874f,0.07998431439833453f,0.15292329262975235f,-0.9305090034567498f,0.2436829532451953f,-0.27344398472745024f,0.6553874513044174f,0f,0f,0f,1f], start_interpolation: 0, interpolation_duration: 1 }
$data merge entity $(bone_left_forearm) { transformation: [-0.43713111013483397f,0.592232105985552f,1.8610470060003592f,1.8429904848020562f,-0.020442192566017925f,1.9056022939292676f,-0.611212276942554f,0.3949394956755249f,-1.9528996243192007f,-0.15251053524961944f,-0.41017316748233673f,0.15170586314111967f,0f,0f,0f,1f], start_interpolation: 0, interpolation_duration: 1 }
$data merge entity $(bone_left_bicep) { transformation: [-1.1692751342455923f,0.5407929861912953f,0.06952862743046821f,1.6933676242009745f,0.1427159506197504f,0.4623380094338948f,-1.195981331786795f,0.9935570616217623f,-0.5262351578759864f,-1.0762351669733323f,-0.4788424036112826f,-1.5686997092036854f,0f,0f,0f,1f], start_interpolation: 0, interpolation_duration: 1 }
$data merge entity $(bone_left_shoulder) { transformation: [-1.1172742535084978f,0.516742434909766f,0.06643649816428111f,1.3743293750000003f,0.1363689798255353f,0.4417765667206626f,-1.1427927530027586f,1.1041742177024463f,-0.5028320332537983f,-1.0283720294415866f,-0.45754696510174875f,-1.8221057615429384f,0f,0f,0f,1f], start_interpolation: 0, interpolation_duration: 1 }
$data merge entity $(bone_right_fingers_2) { transformation: [-0.18562626724992096f,-0.35200657412320213f,-0.9174062680627965f,1.6774023416703097f,-0.1967468074353067f,0.9280405251958315f,-0.3162775321742905f,0.11070355675960658f,0.9627219654037584f,0.12178733664996427f,-0.24152486820373814f,0.7863173975200524f,0f,0f,0f,1f], start_interpolation: 0, interpolation_duration: 1 }
$data merge entity $(bone_right_fingers) { transformation: [-0.18562626724992096f,-0.35200657412320213f,-0.9174062680627965f,1.1440891016482206f,-0.1967468074353067f,0.9280405251958315f,-0.3162775321742905f,-0.06891242383350485f,0.9627219654037584f,0.12178733664996427f,-0.24152486820373814f,0.6610623175492266f,0f,0f,0f,1f], start_interpolation: 0, interpolation_duration: 1 }
$data merge entity $(bone_right_index_finger_2) { transformation: [-0.18562626724992096f,-0.31165484248488906f,-0.9318874116880107f,1.768466099497514f,-0.1967468074353067f,0.9409530684436517f,-0.27549594688577683f,0.17504539290210658f,0.9627219654037584f,0.13220658887587838f,-0.23598270103320979f,0.35284632414300987f,0f,0f,0f,1f], start_interpolation: 0, interpolation_duration: 1 }
$data merge entity $(bone_right_index_finger) { transformation: [-0.18562626724992096f,-0.31165484248488906f,-0.9318874116880107f,1.2295962706250845f,-0.1967468074353067f,0.9409530684436517f,-0.27549594688577683f,0.02171387764327401f,0.9627219654037584f,0.13220658887587838f,-0.23598270103320979f,0.21760906390351487f,0f,0f,0f,1f], start_interpolation: 0, interpolation_duration: 1 }
$data merge entity $(bone_right_thumb) { transformation: [0.15566510422516971f,-0.15963367593675803f,-0.9748258638513267f,0.5169102256566308f,-0.12073431870236553f,0.9763821262822053f,-0.17916798755390068f,-0.13362908397104525f,0.9804037941654667f,0.1455851399819269f,0.1327153623451337f,-0.2240588031274809f,0f,0f,0f,1f], start_interpolation: 0, interpolation_duration: 1 }
$data merge entity $(bone_right_hand) { transformation: [-0.18562626724992096f,0.02586451039367499f,-0.9822799580613241f,0.46011554748147976f,-0.1967468074353067f,0.9784318181618714f,0.06294339498683438f,-0.11513011448454347f,0.9627219654037584f,0.20494439321569613f,-0.17653388631810873f,0.39833678522569554f,0f,0f,0f,1f], start_interpolation: 0, interpolation_duration: 1 }
$data merge entity $(bone_right_forearm) { transformation: [-0.3714996494681183f,-0.7838979174530037f,-1.8035572731921965f,-1.7350736415382846f,-0.3937555340580116f,1.8279387204930089f,-0.7133886638765943f,-0.009481796274898091f,1.9267255544239603f,0.22242046075347158f,-0.493542854060778f,-0.01982008686522896f,0f,0f,0f,1f], start_interpolation: 0, interpolation_duration: 1 }
$data merge entity $(bone_right_bicep) { transformation: [-1.140856156827998f,-0.6021935963559659f,-0.017485006337686796f,-1.6778335588496565f,-0.3167708608232954f,0.6314675285135103f,-1.0795372182919023f,0.9258941554346755f,0.512444216156285f,-0.9503195549140394f,-0.7062501627518847f,-1.5890014569530853f,0f,0f,0f,1f], start_interpolation: 0, interpolation_duration: 1 }
$data merge entity $(bone_right_shoulder) { transformation: [-1.090119146169109f,-0.5754123910881807f,-0.01670740002192432f,-1.3743293749999999f,-0.3026831895197517f,0.6033844309791008f,-1.031527229457349f,1.1041742177024463f,0.4896544126375866f,-0.9080562309196425f,-0.6748412758199743f,-1.8221057615429386f,0f,0f,0f,1f], start_interpolation: 0, interpolation_duration: 1 }
$data merge entity $(bone_chest) { transformation: [-4.0674850000000005f,1.4835327525185495e-16f,4.755187446367554e-16f,1.6028320035022444e-16f,0f,3.88290521779692f,-1.2113964234842591f,1.4621517805906867f,-4.981232485829872e-16f,-1.2113964234842591f,-3.88290521779692f,-1.3088116546078414f,0f,0f,0f,1f], start_interpolation: 0, interpolation_duration: 1 }
$data merge entity $(bone_weist) { transformation: [-1.0999999999999999f,1.1335549716407983e-17f,1.342333739531094e-16f,4.273972148105259e-16f,0f,1.0960986796076055f,-0.09256178780935234f,0.9306018035364373f,-1.3471114790620883e-16f,-0.09256178780935234f,-1.0960986796076055f,-3.4899631069798778f,0f,0f,0f,1f], start_interpolation: 0, interpolation_duration: 1 }
$data merge entity $(bone_right_fingers2) { transformation: [-0.9959931492521498f,-0.025989442689836065f,-0.08556982827759292f,1.1807604738840585f,0.021807672520017012f,-0.9985386425457949f,0.04944698941352521f,-0.02333703124245262f,-0.08672987986873212f,0.04738278391434275f,0.9951044164943106f,-10.319906148452464f,0f,0f,0f,1f], start_interpolation: 0, interpolation_duration: 1 }
$data merge entity $(bone_left_foot) { transformation: [-0.9959931492521498f,-0.06656898861018334f,0.05971780637466763f,1.108662942723589f,0.021807672520017012f,0.4668148569446182f,0.884086146682005f,0.25483390249141696f,-0.08672987986873212f,0.8818460518090406f,-0.4634926847823623f,-9.366357522921714f,0f,0f,0f,1f], start_interpolation: 0, interpolation_duration: 1 }
$data merge entity $(bone_left_knee) { transformation: [-1.578663251467605f,0.06411960739409918f,0.1264156752439489f,0.9420138633714727f,0.03456546988625433f,1.5450436237696412f,-0.35201610399858935f,0.12904124388751037f,-0.13746808826523854f,-0.34784879636191024f,-1.540251163970441f,-7.29909164487605f,0f,0f,0f,1f], start_interpolation: 0, interpolation_duration: 1 }
$data merge entity $(bone_left_thigh) { transformation: [-1.597227733775374f,-0.14272826108969355f,-0.014007978305456517f,0.7385400000000005f,0.03497194672896701f,-0.5395349453923709f,1.5097625704572053f,0.4612560881241736f,-0.13908466095109182f,1.5034076957691396f,0.5404856805701296f,-5.228737900918066f,0f,0f,0f,1f], start_interpolation: 0, interpolation_duration: 1 }
$data merge entity $(bone_left_fingers2) { transformation: [-0.9959931492521498f,0.025989442689836047f,0.08556982827759269f,-1.1775579307436608f,-0.021807672520017012f,-0.9985386425457949f,0.04944698941352521f,-0.06614906183877522f,0.08672987986873187f,0.04738278391434275f,0.9951044164943106f,-10.274869916234943f,0f,0f,0f,1f], start_interpolation: 0, interpolation_duration: 1 }
$data merge entity $(bone_right_foot) { transformation: [-0.9959931492521498f,0.06656898861018314f,-0.05971780637466752f,-1.1054603995831915f,-0.021807672520017012f,0.4668148569446182f,0.884086146682005f,0.21202187189509436f,0.08672987986873187f,0.8818460518090406f,-0.4634926847823623f,-9.321321290704192f,0f,0f,0f,1f], start_interpolation: 0, interpolation_duration: 1 }
$data merge entity $(bone_right_knee) { transformation: [-1.578663251467605f,-0.0641196073940991f,-0.12641567524394856f,-0.9397393673309826f,-0.03456546988625433f,1.5450436237696412f,-0.35201610399858935f,0.11733625371677403f,0.13746808826523815f,-0.34784879636191024f,-1.540251163970441f,-7.256891302704668f,0f,0f,0f,1f], start_interpolation: 0, interpolation_duration: 1 }
$data merge entity $(bone_right_thigh) { transformation: [-1.597227733775374f,0.1427282610896932f,0.014007978305456383f,-0.7385399999999994f,-0.03497194672896701f,-0.5395349453923709f,1.5097625704572053f,0.444962615305309f,0.13908466095109143f,1.5034076957691396f,0.5404856805701296f,-5.2138112803852f,0f,0f,0f,1f], start_interpolation: 0, interpolation_duration: 1 }