# This file was generated by Animated Java via MC-Build. It is not recommended to edit this file directly.
$data merge entity $(bone_left_fingers_2) { transformation: [-0.3930451201312257f,-0.007715945865490699f,0.9194868121514473f,-1.0355791307236277f,0.3080813970862498f,0.9410634987966652f,0.1395899136827693f,0.12183199346843573f,-0.8663725447579781f,0.33814191608255156f,-0.36750327655356474f,1.4088387927959287f,0f,0f,0f,1f], start_interpolation: 0, interpolation_duration: 1 }
$data merge entity $(bone_left_fingers) { transformation: [-0.3930451201312257f,-0.007715945865490699f,0.9194868121514473f,-0.5002990286292942f,0.3080813970862498f,0.9410634987966652f,0.1395899136827693f,0.20348805921909346f,-0.8663725447579781f,0.33814191608255156f,-0.36750327655356474f,1.210907177520197f,0f,0f,0f,1f], start_interpolation: 0, interpolation_duration: 1 }
$data merge entity $(bone_left_index_finger_2) { transformation: [-0.3850060259328376f,-0.0077603838657888165f,0.922881431407989f,-1.2104013264104982f,0.30918020357566145f,0.9410987533828616f,0.13689681551495542f,0.2614383738334378f,-0.8695849364566498f,0.33804276774319364f,-0.35992933398683347f,1.0162014702895164f,0f,0f,0f,1f], start_interpolation: 0, interpolation_duration: 1 }
$data merge entity $(bone_left_index_finger) { transformation: [-0.3850060259328376f,-0.0077603838657888165f,0.922881431407989f,-0.678569458429186f,0.30918020357566145f,0.9410987533828616f,0.13689681551495542f,0.34577867133414497f,-0.8695849364566498f,0.33804276774319364f,-0.35992933398683347f,0.8107216877933877f,0f,0f,0f,1f], start_interpolation: 0, interpolation_duration: 1 }
$data merge entity $(bone_left_thumb) { transformation: [-0.3890132878847348f,0.1917157421139059f,0.9010625594678888f,-0.07285713329573462f,0.3083674311835592f,0.9487806007705261f,-0.06873790065729626f,0.2770158642191839f,-0.8680888141396371f,0.25111839006180686f,-0.42820715190011127f,0.21447711153068283f,0f,0f,0f,1f], start_interpolation: 0, interpolation_duration: 1 }
$data merge entity $(bone_left_hand) { transformation: [-0.38701857215715973f,0.004320425682557805f,0.9220617976726694f,0.11353990232370093f,0.3089077060842365f,0.9428100511196562f,0.12524071474375179f,0.21910139796879247f,-0.868788037398771f,0.3333024773830407f,-0.3662196125866546f,0.8084856766657298f,0f,0f,0f,1f], start_interpolation: 0, interpolation_duration: 1 }
$data merge entity $(bone_left_forearm) { transformation: [-0.6330167036190302f,0.5140069009664663f,1.8276775405001948f,2.205894048246161f,-0.005483114796303341f,1.926085958105381f,-0.5435818712872064f,0.5472216500629266f,-1.8985726801316094f,-0.17694129280306442f,-0.6078091727752659f,0.08444611566122284f,0f,0f,0f,1f], start_interpolation: 0, interpolation_duration: 1 }
$data merge entity $(bone_left_bicep) { transformation: [-1.222110770613578f,0.3041556591595796f,0.28005396419725753f,1.7405200709000088f,-0.11660073425244082f,0.5848752238520076f,-1.1440370906605113f,1.1179964478633229f,-0.3966675643825555f,-1.1090112402660206f,-0.5265401559630047f,-1.5883265871988654f,0f,0f,0f,1f], start_interpolation: 0, interpolation_duration: 1 }
$data merge entity $(bone_left_shoulder) { transformation: [-1.1677601438287215f,0.2906290205659399f,0.2675991942584714f,1.3792005156336864f,-0.11141517894716116f,0.5588642142351543f,-1.0931586151264936f,1.157368195831387f,-0.37902666695507414f,-1.0596904606204511f,-0.5031234672371395f,-1.8031153938877889f,0f,0f,0f,1f], start_interpolation: 0, interpolation_duration: 1 }
$data merge entity $(bone_right_fingers_2) { transformation: [-0.17867481882950298f,-0.3331700402103879f,-0.9257823898856863f,1.6880541788428225f,-0.19052626144831358f,0.9348298260637329f,-0.2996547012816245f,0.09800843382318877f,0.9652849593849337f,0.12284510819670169f,-0.23050819199622286f,0.7772124853646576f,0f,0f,0f,1f], start_interpolation: 0, interpolation_duration: 1 }
$data merge entity $(bone_right_fingers) { transformation: [-0.17867481882950298f,-0.3331700402103879f,-0.9257823898856863f,1.150118105167713f,-0.19052626144831358f,0.9348298260637329f,-0.2996547012816245f,-0.07190257899690872f,0.9652849593849337f,0.12284510819670169f,-0.23050819199622286f,0.6583479579090825f,0f,0f,0f,1f], start_interpolation: 0, interpolation_duration: 1 }
$data merge entity $(bone_right_index_finger_2) { transformation: [-0.17867481882950298f,-0.2924708754761137f,-0.9394339232295584f,1.7755313461670754f,-0.19052626144831358f,0.947010829701697f,-0.25859279210030617f,0.159413144409895f,0.9652849593849337f,0.13278281299151223f,-0.22493037091350734f,0.34257831961473306f,0f,0f,0f,1f], start_interpolation: 0, interpolation_duration: 1 }
$data merge entity $(bone_right_index_finger) { transformation: [-0.17867481882950298f,-0.2924708754761137f,-0.9394339232295584f,1.2324232648724782f,-0.19052626144831358f,0.947010829701697f,-0.25859279210030617f,0.015858327373217088f,0.9652849593849337f,0.13278281299151223f,-0.22493037091350734f,0.21371409208931286f,0f,0f,0f,1f], start_interpolation: 0, interpolation_duration: 1 }
$data merge entity $(bone_right_thumb) { transformation: [0.16415664265218574f,-0.13967365442305343f,-0.9764957075856873f,0.512128742243807f,-0.12089236451398061f,0.9796138032967002f,-0.16044261464085108f,-0.12729900423559504f,0.9789982803229951f,0.14438859598556683f,0.14392463470141337f,-0.21965078680764294f,0f,0f,0f,1f], start_interpolation: 0, interpolation_duration: 1 }
$data merge entity $(bone_right_hand) { transformation: [-0.17867481882950298f,0.046472601588270435f,-0.9828100561236959f,0.46254679783419905f,-0.19052626144831358f,0.9783430322921568f,0.08089904118045255f,-0.10599281831929641f,0.9652849593849337f,0.2017057472334529f,-0.1659510130075177f,0.4032711930364149f,0f,0f,0f,1f], start_interpolation: 0, interpolation_duration: 1 }
$data merge entity $(bone_right_forearm) { transformation: [-0.3575874985115727f,-0.7469668627634879f,-1.8219490824575946f,-1.7347443272522638f,-0.3813061609821802f,1.8429645487224129f,-0.6807452210452792f,0.039722706360764026f,1.9318549543720485f,0.22549711819051538f,-0.4716081606402769f,0.008871636887928691f,0f,0f,0f,1f], start_interpolation: 0, interpolation_duration: 1 }
$data merge entity $(bone_right_bicep) { transformation: [-1.1408852228795798f,-0.6006698497663446f,-0.04552211888520966f,-1.6772512498303775f,-0.29381396038355584f,0.6399822828710099f,-1.0810141802058157f,0.9694080154458179f,0.5258801083991033f,-0.9455760322173985f,-0.702731600539822f,-1.5636786937703884f,0f,0f,0f,1f], start_interpolation: 0, interpolation_duration: 1 }
$data merge entity $(bone_right_shoulder) { transformation: [-1.0901469195734452f,-0.5739564096997167f,-0.04349762507214581f,-1.3730412478720864f,-0.2807472455742512f,0.611520510794671f,-1.0329385068132921f,1.1412896467110665f,0.5024927738035416f,-0.9035236657220515f,-0.67147919374556f,-1.8006368474112773f,0f,0f,0f,1f], start_interpolation: 0, interpolation_duration: 1 }
$data merge entity $(bone_chest) { transformation: [-4.067136469857226f,-0.05005060417123757f,0.018168593902752633f,1.599379346126625e-16f,-0.05324611186203255f,3.825932176953057f,-1.3797978308983618f,1.5194104855935173f,-0.00011114803174647612f,-1.3799174394152511f,-3.8262595407615487f,-1.305992345907551f,0f,0f,0f,1f], start_interpolation: 0, interpolation_duration: 1 }
$data merge entity $(bone_weist) { transformation: [-1.0999999999999999f,1.7171745215356827e-17f,1.3361221701800831e-16f,4.23962965691764e-16f,0f,1.0910265483160886f,-0.14021794061203985f,0.8933581371471293f,-1.3471114790620883e-16f,-0.14021794061203985f,-1.0910265483160886f,-3.4619203348013774f,0f,0f,0f,1f], start_interpolation: 0, interpolation_duration: 1 }