# This file was generated by Animated Java via MC-Build. It is not recommended to edit this file directly.
$data merge entity $(bone_left_fingers_2) { transformation: [-0.391481226445997f,0.19340003929298966f,0.8996326328795594f,-1.5014908136695695f,0.21824209252067717f,0.9692832269335774f,-0.11340376994362847f,0.24546710404222113f,-0.8939311150153205f,0.15194226135838987f,-0.42166421572237367f,1.2199412651435944f,0f,0f,0f,1f], start_interpolation: 0, interpolation_duration: 1 }
$data merge entity $(bone_left_fingers) { transformation: [-0.391481226445997f,0.19340003929298966f,0.8996326328795594f,-0.9765112826613176f,0.21824209252067717f,0.9692832269335774f,-0.11340376994362847f,0.1827158996098751f,-0.8939311150153205f,0.15194226135838987f,-0.42166421572237367f,0.9900973975675771f,0f,0f,0f,1f], start_interpolation: 0, interpolation_duration: 1 }
$data merge entity $(bone_left_index_finger_2) { transformation: [-0.023463888750984097f,0.21132506018919175f,0.9771341590900997f,-1.671980163158063f,0.24268370721164642f,0.9493719078477305f,-0.19949335538702095f,0.3977137188807284f,-0.9698216661730618f,0.23245365027375847f,-0.07356110586248601f,0.6023660937905749f,0f,0f,0f,1f], start_interpolation: 0, interpolation_duration: 1 }
$data merge entity $(bone_left_index_finger) { transformation: [-0.023463888750984097f,0.21132506018919175f,0.9771341590900997f,-1.1076139890696768f,0.24268370721164642f,0.9493719078477305f,-0.19949335538702095f,0.2882328573834958f,-0.9698216661730618f,0.23245365027375847f,-0.07356110586248601f,0.5613158184161358f,0f,0f,0f,1f], start_interpolation: 0, interpolation_duration: 1 }
$data merge entity $(bone_left_thumb) { transformation: [-0.28461917266400893f,0.19350853193061104f,0.9389070106363648f,-0.44216013409208166f,0.22907344971206656f,0.964770203285101f,-0.1293978728196034f,0.15860682975020696f,-0.9308690999217175f,0.1782495523789179f,-0.3189197640279558f,0.04411991835595008f,0f,0f,0f,1f], start_interpolation: 0, interpolation_duration: 1 }
$data merge entity $(bone_left_hand) { transformation: [-0.28461917266400893f,-0.014295063838417332f,0.9585340774859863f,-0.3224413340406975f,0.22907344971206656f,0.9699081228930173f,0.08248386377442052f,0.15524960602811877f,-0.9308690999217175f,0.24305119686189458f,-0.27277982791059197f,0.6577975647679036f,0f,0f,0f,1f], start_interpolation: 0, interpolation_duration: 1 }
$data merge entity $(bone_left_forearm) { transformation: [-0.43561182152338834f,0.5870262339323159f,1.8630515223619053f,1.8434915391689344f,-0.022911116293918916f,1.9071498077621905f,-0.6062780920118278f,0.40298845903086666f,-1.9532116769694825f,-0.15329137215961539f,-0.4083923769148735f,0.1555770203643958f,0f,0f,0f,1f], start_interpolation: 0, interpolation_duration: 1 }
$data merge entity $(bone_left_bicep) { transformation: [-1.1692749635859676f,0.540305439972211f,0.07322372961397801f,1.6934854597131312f,0.13911546092253044f,0.46315709175214226f,-1.1960886340079993f,1.0000856691282338f,-0.527198797015374f,-1.076127856440509f,-0.4780228954029393f,-1.5653234479512899f,0f,0f,0f,1f], start_interpolation: 0, interpolation_duration: 1 }
$data merge entity $(bone_left_shoulder) { transformation: [-1.117274090438576f,0.5162765712118009f,0.0699672689921258f,1.3743293750000003f,0.13292861380652995f,0.44255922219573385f,-1.1428952831991037f,1.1096498942554984f,-0.5037528167106411f,-1.0282694913032628f,-0.4567639026770855f,-1.8190383690686978f,0f,0f,0f,1f], start_interpolation: 0, interpolation_duration: 1 }
$data merge entity $(bone_right_fingers_2) { transformation: [-0.18455307297124304f,-0.3492752582111294f,-0.9186658572399542f,1.6790388600335875f,-0.19548146381491044f,0.9290914431752968f,-0.313968290633344f,0.10992984888978714f,0.9631859428800084f,0.12163833367813373f,-0.23974351965873036f,0.7850787570218225f,0f,0f,0f,1f], start_interpolation: 0, interpolation_duration: 1 }
$data merge entity $(bone_right_fingers) { transformation: [-0.18455307297124304f,-0.3492752582111294f,-0.9186658572399542f,1.1450302418685405f,-0.19548146381491044f,0.9290914431752968f,-0.313968290633344f,-0.06833177925049443f,0.9631859428800084f,0.12163833367813373f,-0.23974351965873036f,0.6608558316657744f,0f,0f,0f,1f], start_interpolation: 0, interpolation_duration: 1 }
$data merge entity $(bone_right_index_finger_2) { transformation: [-0.18455307297124304f,-0.3088711836721149f,-0.9330266636885881f,1.769553374096091f,-0.19548146381491044f,0.9419022584807701f,-0.2731430628326559f,0.17368167163585538f,0.9631859428800084f,0.13198002638964335f,-0.23420954735564925f,0.3514055169400437f,0f,0f,0f,1f], start_interpolation: 0, interpolation_duration: 1 }
$data merge entity $(bone_right_index_finger) { transformation: [-0.18455307297124304f,-0.3088711836721149f,-0.9330266636885881f,1.2300430711010362f,-0.19548146381491044f,0.9419022584807701f,-0.2731430628326559f,0.02171166539729602f,0.9631859428800084f,0.13198002638964335f,-0.23420954735564925f,0.21718885343028224f,0f,0f,0f,1f], start_interpolation: 0, interpolation_duration: 1 }
$data merge entity $(bone_right_thumb) { transformation: [0.15697299402379078f,-0.156732011428115f,-0.9750869477851215f,0.5162002088848288f,-0.12038478669981462f,0.9769277190417566f,-0.17640786518494814f,-0.13203801833181897f,0.9802382273092837f,0.14507690499031162f,0.1344831192380107f,-0.22316639179766273f,0f,0f,0f,1f], start_interpolation: 0, interpolation_duration: 1 }
$data merge entity $(bone_right_hand) { transformation: [-0.18455307297124304f,0.028869941171346003f,-0.9823984373733674f,0.4604956060318002f,-0.19548146381491044f,0.9785190312943981f,0.06547902488165558f,-0.11289374169121891f,0.9631859428800084f,0.20412503984429642f,-0.1749451558258f,0.39930819373613446f,0f,0f,0f,1f], start_interpolation: 0, interpolation_duration: 1 }
$data merge entity $(bone_right_forearm) { transformation: [-0.36935183222087903f,-0.7785468103990477f,-1.8063141643355154f,-1.7350931568082752f,-0.39122316232852444f,1.830241543169166f,-0.7088632471372595f,-0.00159732194928619f,1.9276541270464755f,0.22227804637835813f,-0.48996817121673486f,-0.015270392119016263f,0f,0f,0f,1f], start_interpolation: 0, interpolation_duration: 1 }
$data merge entity $(bone_right_bicep) { transformation: [-1.1408567505854341f,-0.6020588059303433f,-0.02160306359025605f,-1.6779279823508386f,-0.31325829256182924f,0.6323552773809378f,-1.0800424384350995f,0.9323810156358197f,0.5145976489413869f,-0.9498145191990471f,-0.7053632130567843f,-1.58528675448108f,0f,0f,0f,1f], start_interpolation: 0, interpolation_duration: 1 }
$data merge entity $(bone_right_shoulder) { transformation: [-1.0901197135205192f,-0.5752835951634604f,-0.020642315943777138f,-1.3743293749999999f,-0.29932683482846745f,0.6042326992130764f,-1.0320099810714183f,1.1096498942554984f,0.49171207634477543f,-0.9075736555317487f,-0.6739937712169347f,-1.8190383690686982f,0f,0f,0f,1f], start_interpolation: 0, interpolation_duration: 1 }
$data merge entity $(bone_chest) { transformation: [-4.0674850000000005f,1.5160148751295437e-16f,4.744931609230296e-16f,1.6020880577773137e-16f,0f,3.874530691244122f,-1.2379200894372582f,1.4711290828379748f,-4.981232485829872e-16f,-1.2379200894372582f,-3.874530691244122f,-1.3082041768228603f,0f,0f,0f,1f], start_interpolation: 0, interpolation_duration: 1 }
$data merge entity $(bone_weist) { transformation: [-1.0999999999999999f,1.2253196115653297e-17f,1.3415272101288076e-16f,4.268714363812427e-16f,0f,1.0954400983718986f,-0.10005493930318887f,0.9246764363073436f,-1.3471114790620883e-16f,-0.10005493930318887f,-1.0954400983718986f,-3.4856698002921918f,0f,0f,0f,1f], start_interpolation: 0, interpolation_duration: 1 }
$data merge entity $(bone_right_fingers2) { transformation: [-0.9959930691859666f,-0.02598920054803349f,-0.08557083374837761f,1.1807656852005344f,0.021807285229726428f,-0.9985385961584892f,0.04944809695775565f,-0.02334269639409553f,-0.08673089671177009f,0.04738389427546408f,0.9951042749977834f,-10.31990515656333f,0f,0f,0f,1f], start_interpolation: 0, interpolation_duration: 1 }
$data merge entity $(bone_left_foot) { transformation: [-0.9959930691859666f,-0.06657000220973283f,0.05971801184998164f,1.1086671236847272f,0.021807285229726428f,0.46681584111645613f,0.884085636572411f,0.25482930150084676f,-0.08673089671177009f,0.8818454543107492f,-0.46349363131227655f,-9.36635691937767f,0f,0f,0f,1f], start_interpolation: 0, interpolation_duration: 1 }
$data merge entity $(bone_left_knee) { transformation: [-1.5786631245615705f,0.06411950616724069f,0.12641731136357984f,0.9420160217458068f,0.03456485602565714f,1.5450432465273685f,-0.352017820034899f,0.12903894697071105f,-0.137469699975859f,-0.34785049061783163f,-1.540250637493622f,-7.299091064179268f,0f,0f,0f,1f], start_interpolation: 0, interpolation_duration: 1 }
$data merge entity $(bone_left_thigh) { transformation: [-1.5972276053769725f,-0.14272960217722322f,-0.014008954107448067f,0.7385400000000005f,0.03497132564960155f,-0.5395332760067318f,1.5097631814211336f,0.4612560881241736f,-0.1390862916148191f,1.5034081675496132f,0.5404839486433082f,-5.228737900918066f,0f,0f,0f,1f], start_interpolation: 0, interpolation_duration: 1 }
$data merge entity $(bone_left_fingers2) { transformation: [-0.9959930691859666f,0.025989200548033487f,0.08557083374837736f,-1.1775631197543885f,-0.021807285229726428f,-0.9985385961584892f,0.04944809695775565f,-0.06615469365634957f,0.08673089671176984f,0.04738389427546408f,0.9951042749977834f,-10.274868897359903f,0f,0f,0f,1f], start_interpolation: 0, interpolation_duration: 1 }
$data merge entity $(bone_right_foot) { transformation: [-0.9959930691859666f,0.06657000220973261f,-0.05971801184998153f,-1.1054645582385816f,-0.021807285229726428f,0.46681584111645613f,0.884085636572411f,0.21201730423859272f,0.08673089671176984f,0.8818454543107492f,-0.46349363131227655f,-9.321320660174244f,0f,0f,0f,1f], start_interpolation: 0, interpolation_duration: 1 }
$data merge entity $(bone_right_knee) { transformation: [-1.5786631245615705f,-0.0641195061672406f,-0.12641731136357945f,-0.9397414972106117f,-0.03456485602565714f,1.5450432465273685f,-0.352017820034899f,0.11733398717594634f,0.13746969997585862f,-0.34785049061783163f,-1.540250637493622f,-7.256890729494638f,0f,0f,0f,1f], start_interpolation: 0, interpolation_duration: 1 }
$data merge entity $(bone_right_thigh) { transformation: [-1.5972276053769725f,0.14272960217722286f,0.014008954107447933f,-0.7385399999999994f,-0.03497132564960155f,-0.5395332760067318f,1.5097631814211336f,0.444962615305309f,0.13908629161481872f,1.5034081675496132f,0.5404839486433082f,-5.2138112803852f,0f,0f,0f,1f], start_interpolation: 0, interpolation_duration: 1 }