# This file was generated by Animated Java via MC-Build. It is not recommended to edit this file directly.
$data merge entity $(bone_left_fingers_2) { transformation: [-0.3870051829378538f,0.1738011609141613f,0.9055496368748255f,-1.5020461348416516f,0.21205606596323998f,0.9725279003899308f,-0.09602972379085274f,0.23833279197625973f,-0.8973623645258545f,0.15486329270696542f,-0.413228928445873f,1.222805690366332f,0f,0f,0f,1f], start_interpolation: 0, interpolation_duration: 1 }
$data merge entity $(bone_left_fingers) { transformation: [-0.3870051829378538f,0.1738011609141613f,0.9055496368748255f,-0.9738314178568249f,0.21205606596323998f,0.9725279003899308f,-0.09602972379085274f,0.1856984566722068f,-0.8973623645258545f,0.15486329270696542f,-0.413228928445873f,0.9978873393911479f,0f,0f,0f,1f], start_interpolation: 0, interpolation_duration: 1 }
$data merge entity $(bone_left_index_finger_2) { transformation: [-0.03455518001524274f,0.1905135694152429f,0.9810762046868621f,-1.6714204413313793f,0.2395513585056319f,0.9546243012304317f,-0.1769395098286885f,0.3850748045042473f,-0.9702685639410464f,0.22890396101634797f,-0.07862499894312125f,0.6124556740731273f,0f,0f,0f,1f], start_interpolation: 0, interpolation_duration: 1 }
$data merge entity $(bone_left_index_finger) { transformation: [-0.03455518001524274f,0.1905135694152429f,0.9810762046868621f,-1.1049027616002771f,0.2395513585056319f,0.9546243012304317f,-0.1769395098286885f,0.2886225993806264f,-0.9702685639410464f,0.22890396101634797f,-0.07862499894312125f,0.5684664336098586f,0f,0f,0f,1f], start_interpolation: 0, interpolation_duration: 1 }
$data merge entity $(bone_left_thumb) { transformation: [-0.28455108546746727f,0.18208144924070022f,0.9412104045332758f,-0.4365622702210438f,0.2234445431933125f,0.9673529406876705f,-0.1195860537857509f,0.1652047246672433f,-0.9322570546133819f,0.17627998747822426f,-0.31594643555238766f,0.05347871048649089f,0f,0f,0f,1f], start_interpolation: 0, interpolation_duration: 1 }
$data merge entity $(bone_left_hand) { transformation: [-0.28455108546746727f,-0.02594982472740137f,0.9583095983845218f,-0.3185533287277431f,0.2234445431933125f,0.9703059727828676f,0.0926221102060697f,0.16477999990286096f,-0.9322570546133819f,0.24048477244622068f,-0.27030327105877094f,0.6674964830949744f,0f,0f,0f,1f], start_interpolation: 0, interpolation_duration: 1 }
$data merge entity $(bone_left_forearm) { transformation: [-0.42978778653674726f,0.5658554037032261f,1.8709378808486394f,1.845854311855094f,-0.03285554888809784f,1.9132698408915556f,-0.5862059895572196f,0.43571953930651375f,-1.954359589431229f,-0.1566033568776739f,-0.401587371768011f,0.17071025428767772f,0f,0f,0f,1f], start_interpolation: 0, interpolation_duration: 1 }
$data merge entity $(bone_left_bicep) { transformation: [-1.1692745084862137f,0.5380812378875655f,0.08809840378133937f,1.6939836630027758f,0.12452166001910396f,0.4664752687536407f,-1.196407457072388f,1.0266589087919031f,-0.5308362303964582f,-1.0758090112030647f,-0.4747035826954275f,-1.552151113216479f,0f,0f,0f,1f], start_interpolation: 0, interpolation_duration: 1 }
$data merge entity $(bone_left_shoulder) { transformation: [-1.1172736555783598f,0.5141512855104354f,0.08418042549377613f,1.3743293750000003f,0.1189838393623633f,0.4457298307409589f,-1.1431999273250526f,1.131952833036037f,-0.5072284834262938f,-1.0279648259903549f,-0.4535922089338167f,-1.807044253009363f,0f,0f,0f,1f], start_interpolation: 0, interpolation_duration: 1 }
$data merge entity $(bone_right_fingers_2) { transformation: [-0.18038445226627595f,-0.3381464152000277f,-0.9236441150507945f,1.6847901652981998f,-0.1903799688018638f,0.9332931948452023f,-0.3044984071134633f,0.10659744820739964f,0.9649958118352623f,0.1209165594242797f,-0.2327278857322379f,0.780302444794853f,0f,0f,0f,1f], start_interpolation: 0, interpolation_duration: 1 }
$data merge entity $(bone_right_fingers) { transformation: [-0.18038445226627595f,-0.3381464152000277f,-0.9236441150507945f,1.148034141524895f,-0.1903799688018638f,0.9332931948452023f,-0.3044984071134633f,-0.06611199333086448f,0.9649958118352623f,0.1209165594242797f,-0.2327278857322379f,0.660143519731447f,0f,0f,0f,1f], start_interpolation: 0, interpolation_duration: 1 }
$data merge entity $(bone_right_index_finger_2) { transformation: [-0.18038445226627595f,-0.29753578429775457f,-0.9375147499868548f,1.7731581180140634f,-0.1903799688018638f,0.9456869404965597f,-0.26349891470982917f,0.16797152350060193f,0.9649958118352623f,0.13095292145109383f,-0.22723207410888674f,0.3458441854221525f,0f,0f,0f,1f], start_interpolation: 0, interpolation_duration: 1 }
$data merge entity $(bone_right_index_finger) { transformation: [-0.18038445226627595f,-0.29753578429775457f,-0.9375147499868548f,1.2311268009091858f,-0.1903799688018638f,0.9456869404965597f,-0.26349891470982917f,0.021581542811002885f,0.9649958118352623f,0.13095292145109383f,-0.22723207410888674f,0.21564285121659865f,0f,0f,0f,1f], start_interpolation: 0, interpolation_duration: 1 }
$data merge entity $(bone_right_thumb) { transformation: [0.16205782917094197f,-0.1449349374127518f,-0.976079465987049f,0.5127486721098939f,-0.11902842721359957f,0.9790613069462601f,-0.16513991266722283f,-0.12561708009383973f,0.9795761805594594f,0.14294341942825756f,0.14141317238043505f,-0.2195453479126277f,0f,0f,0f,1f], start_interpolation: 0, interpolation_duration: 1 }
$data merge entity $(bone_right_hand) { transformation: [-0.18038445226627595f,0.041056748236084795f,-0.9827389240306266f,0.4613458614623638f,-0.1903799688018638f,0.9787769761334335f,0.07583599719192452f,-0.10389171476740044f,0.9649958118352623f,0.20077344051285995f,-0.1687397662823794f,0.4032145378391321f,0f,0f,0f,1f], start_interpolation: 0, interpolation_duration: 1 }
$data merge entity $(bone_right_forearm) { transformation: [-0.36100904133463135f,-0.7567300937813621f,-1.8172393374200495f,-1.7355472301054338f,-0.38101338093719506f,1.839469327429165f,-0.6902957114314601f,0.030479708583098564f,1.93127627434503f,0.22144735455522535f,-0.47587791873445195f,0.0026182607532310165f,0f,0f,0f,1f], start_interpolation: 0, interpolation_duration: 1 }
$data merge entity $(bone_right_bicep) { transformation: [-1.140858333932367f,-0.6012305666875525f,-0.03820590384664181f,-1.6783343106835424f,-0.2989397371549167f,0.6360039452772298f,-1.0819563940624681f,0.9588061023309549f,0.5230419858461878f,-0.9479010553762846f,-0.7017166762801874f,-1.57074487560656f,0f,0f,0f,1f], start_interpolation: 0, interpolation_duration: 1 }
$data merge entity $(bone_right_shoulder) { transformation: [-1.0901212264516598f,-0.5744921899974618f,-0.03650678223600058f,-1.3743293749999999f,-0.2856450649566571f,0.6077191008141506f,-1.0338388178286426f,1.131952833036037f,0.49978087036541696f,-0.9057452887072273f,-0.6705094059588023f,-1.8070442530093633f,0f,0f,0f,1f], start_interpolation: 0, interpolation_duration: 1 }
$data merge entity $(bone_chest) { transformation: [-4.0674850000000005f,1.6463414526597083e-16f,4.701301617546057e-16f,1.5998504329414346e-16f,0f,3.838904099385461f,-1.344339816023653f,1.5073873746236273f,-4.981232485829872e-16f,-1.344339816023653f,-3.838904099385461f,-1.3063770174839904f,0f,0f,0f,1f], start_interpolation: 0, interpolation_duration: 1 }
$data merge entity $(bone_weist) { transformation: [-1.0999999999999999f,1.5949549842898064e-17f,1.3376361698914018e-16f,4.246999489541993e-16f,0f,1.0922628228993994f,-0.13023795803004393f,0.9010705994337262f,-1.3471114790620883e-16f,-0.13023795803004393f,-1.0922628228993994f,-3.467938259830442f,0f,0f,0f,1f], start_interpolation: 0, interpolation_duration: 1 }
$data merge entity $(bone_right_fingers2) { transformation: [-0.9959928556703403f,-0.025988554847798932f,-0.08557351500647586f,1.1807795820555218f,0.021806252455582927f,-0.9985384724522599f,0.049451050408976016f,-0.023357803463271598f,-0.08673360829277184f,0.04738685524099118f,0.9951038976623927f,-10.319902511467014f,0f,0f,0f,1f], start_interpolation: 0, interpolation_duration: 1 }
$data merge entity $(bone_left_foot) { transformation: [-0.9959928556703403f,-0.06657270513953709f,0.05971855979546774f,1.1086782729254567f,0.021806252455582927f,0.4668184655717842f,0.8840842762740713f,0.25481703219291596f,-0.08673360829277184f,0.8818438609706422f,-0.463496155389564f,-9.366355309879816f,0f,0f,0f,1f], start_interpolation: 0, interpolation_duration: 1 }
$data merge entity $(bone_left_knee) { transformation: [-1.578662786136278f,0.06411923624723019f,0.1264216743503405f,0.9420217774135515f,0.03456321906400873f,1.5450422405374598f,-0.352022396129773f,0.12903282186091558f,-0.13747399787016085f,-0.34785500863446733f,-1.5402492335370717f,-7.299089515630248f,0f,0f,0f,1f], start_interpolation: 0, interpolation_duration: 1 }
$data merge entity $(bone_left_thigh) { transformation: [-1.5972272629719266f,-0.1427331784214924f,-0.014011556231080854f,0.7385400000000005f,0.03496966943790374f,-0.5395288243076442f,1.5097648106482429f,0.4612560881241736f,-0.13909064005073118f,1.5034094256156636f,0.5404793301610787f,-5.228737900918066f,0f,0f,0f,1f], start_interpolation: 0, interpolation_duration: 1 }
$data merge entity $(bone_left_fingers2) { transformation: [-0.9959928556703403f,0.02598855484779893f,0.08557351500647561f,-1.1775769571269885f,-0.021806252455582927f,-0.9985384724522599f,0.049451050408976016f,-0.06616971183448894f,0.08673360829277159f,0.04738685524099118f,0.9951038976623927f,-10.274866180301428f,0f,0f,0f,1f], start_interpolation: 0, interpolation_duration: 1 }
$data merge entity $(bone_right_foot) { transformation: [-0.9959928556703403f,0.06657270513953685f,-0.05971855979546763f,-1.1054756479969237f,-0.021806252455582927f,0.4668184655717842f,0.8840842762740713f,0.21200512382169862f,0.08673360829277159f,0.8818438609706422f,-0.463496155389564f,-9.321318978714231f,0f,0f,0f,1f], start_interpolation: 0, interpolation_duration: 1 }
$data merge entity $(bone_right_knee) { transformation: [-1.578662786136278f,-0.06411923624723012f,-0.12642167435034007f,-0.939747176892439f,-0.03456321906400873f,1.5450422405374598f,-0.352022396129773f,0.11732794306871841f,0.13747399787016043f,-0.34785500863446733f,-1.5402492335370717f,-7.256889200910612f,0f,0f,0f,1f], start_interpolation: 0, interpolation_duration: 1 }
$data merge entity $(bone_right_thigh) { transformation: [-1.5972272629719266f,0.14273317842149208f,0.01401155623108072f,-0.7385399999999994f,-0.03496966943790374f,-0.5395288243076442f,1.5097648106482429f,0.444962615305309f,0.1390906400507308f,1.5034094256156636f,0.5404793301610787f,-5.2138112803852f,0f,0f,0f,1f], start_interpolation: 0, interpolation_duration: 1 }