# This file was generated by Animated Java via MC-Build. It is not recommended to edit this file directly.
$data merge entity $(bone_left_fingers_2) { transformation: [-0.382272325157359f,0.1495171365506098f,0.9118730697287276f,-1.5002180579645676f,0.2039572125963345f,0.9761370019017231f,-0.07455205529191947f,0.22998119638671383f,-0.9012598542311312f,0.15748390202183224f,-0.4036452597953528f,1.2276372280411072f,0f,0f,0f,1f], start_interpolation: 0, interpolation_duration: 1 }
$data merge entity $(bone_left_fingers) { transformation: [-0.382272325157359f,0.1495171365506098f,0.9118730697287276f,-0.9685645529988532f,0.2039572125963345f,0.9761370019017231f,-0.07455205529191947f,0.18985714689294678f,-0.9012598542311312f,0.15748390202183224f,-0.4036452597953528f,1.008310904022423f,0f,0f,0f,1f], start_interpolation: 0, interpolation_duration: 1 }
$data merge entity $(bone_left_index_finger_2) { transformation: [-0.047447473201822826f,0.16491381686075132f,0.9851660622936527f,-1.6684884422379103f,0.23513790376505014f,0.960404407876093f,-0.1494441017409174f,0.36995424479949485f,-0.9708032259421785f,0.22455913773567565f,-0.08434625160414391f,0.6254394018579792f,0f,0f,0f,1f], start_interpolation: 0, interpolation_duration: 1 }
$data merge entity $(bone_left_index_finger) { transformation: [-0.047447473201822826f,0.16491381686075132f,0.9851660622936527f,-1.0997617666710617f,0.23513790376505014f,0.960404407876093f,-0.1494441017409174f,0.28938167912328683f,-0.9708032259421785f,0.22455913773567565f,-0.08434625160414391f,0.578127746246597f,0f,0f,0f,1f], start_interpolation: 0, interpolation_duration: 1 }
$data merge entity $(bone_left_thumb) { transformation: [-0.28482434447155175f,0.16711636735433544f,0.9439000013553565f,-0.42799967488112167f,0.2160641133901547f,0.970538675418476f,-0.10663478992278677f,0.1741911129310908f,-0.9339118757684138f,0.17357073278419155f,-0.31254089175575334f,0.06569222378750839f,0f,0f,0f,1f], start_interpolation: 0, interpolation_duration: 1 }
$data merge entity $(bone_left_hand) { transformation: [-0.28482434447155175f,-0.04114230971710242f,0.9576964044766447f,-0.31198322740073503f,0.2160641133901547f,0.9706130263297859f,0.10595589659788301f,0.1775782762467678f,-0.9339118757684138f,0.23710264332157277f,-0.26756484228808125f,0.6800803965099996f,0f,0f,0f,1f], start_interpolation: 0, interpolation_duration: 1 }
$data merge entity $(bone_left_forearm) { transformation: [-0.4229332730855389f,0.5378649691700301f,1.880730484361747f,1.84975360303391f,-0.04578526057459347f,1.9209380430938916f,-0.5596598769426159f,0.479009793244193f,-1.955594433869652f,-0.16129706409302516f,-0.39363955680762175f,0.18926664134291915f,0f,0f,0f,1f], start_interpolation: 0, interpolation_duration: 1 }
$data merge entity $(bone_left_bicep) { transformation: [-1.169273996486088f,0.5345642664828267f,0.1074010691391881f,1.6946875374902486f,0.1053421749403009f,0.47082148252820333f,-1.1965474421350388f,1.0618547696521814f,-0.5349738038739937f,-1.0756690011805368f,-0.4703560912531776f,-1.5360656665971155f,0f,0f,0f,1f], start_interpolation: 0, interpolation_duration: 1 }
$data merge entity $(bone_left_shoulder) { transformation: [-1.1172731663482878f,0.5107907234957685f,0.10262464824065703f,1.3743293750000003f,0.10065731872877204f,0.44988275643683956f,-1.1433336868670074f,1.1615296905928076f,-0.5111820476329187f,-1.0278310425985577f,-0.44943806239164447f,-1.7923306561999037f,0f,0f,0f,1f], start_interpolation: 0, interpolation_duration: 1 }
$data merge entity $(bone_right_fingers_2) { transformation: [-0.1753420662315727f,-0.3233766482599923f,-0.929883166408434f,1.690228156002752f,-0.18373639545635584f,0.9386701340603438f,-0.2917864225899508f,0.10176633822977246f,0.9672104718179743f,0.11969094695618766f,-0.22400442054205671f,0.7746371262667516f,0f,0f,0f,1f], start_interpolation: 0, interpolation_duration: 1 }
$data merge entity $(bone_right_fingers) { transformation: [-0.1753420662315727f,-0.3233766482599923f,-0.929883166408434f,1.1500311737349693f,-0.18373639545635584f,0.9386701340603438f,-0.2917864225899508f,-0.06349440951671467f,0.9672104718179743f,0.11969094695618766f,-0.22400442054205671f,0.6595291199038847f,0f,0f,0f,1f], start_interpolation: 0, interpolation_duration: 1 }
$data merge entity $(bone_right_index_finger_2) { transformation: [-0.1753420662315727f,-0.28250793130517254f,-0.9431036149646095f,1.7759665599128087f,-0.18373639545635584f,0.9505042730798873f,-0.25056449038437273f,0.16004661127374814f,0.9672104718179743f,0.12934796328719939f,-0.2185703721896105f,0.3392269895090953f,0f,0f,0f,1f], start_interpolation: 0, interpolation_duration: 1 }
$data merge entity $(bone_right_index_finger) { transformation: [-0.1753420662315727f,-0.28250793130517254f,-0.9431036149646095f,1.2308011844019837f,-0.18373639545635584f,0.9505042730798873f,-0.25056449038437273f,0.02113888752160345f,0.9672104718179743f,0.12934796328719939f,-0.2185703721896105f,0.2140082999144705f,0f,0f,0f,1f], start_interpolation: 0, interpolation_duration: 1 }
$data merge entity $(bone_right_thumb) { transformation: [0.16822060594116373f,-0.12934005524400133f,-0.9772271884501913f,0.5068304491110822f,-0.11738714791934987f,0.9816718438859416f,-0.15013543360891105f,-0.1172261522513009f,0.978734941258433f,0.13996978613634345f,0.14995457221704844f,-0.21476300205732368f,0f,0f,0f,1f], start_interpolation: 0, interpolation_duration: 1 }
$data merge entity $(bone_right_hand) { transformation: [-0.1753420662315727f,0.057089815200188965f,-0.9828509107743914f,0.46080150720307955f,-0.18373639545635584f,0.9788799543522303f,0.08963800506526676f,-0.09218970921856029f,0.9672104718179743f,0.19630279663770317f,-0.16114935692663526f,0.40829287727427854f,0f,0f,0f,1f], start_interpolation: 0, interpolation_duration: 1 }
$data merge entity $(bone_right_forearm) { transformation: [-0.3509175565888161f,-0.7277436809410757f,-1.8310032156046665f,-1.7370490951192177f,-0.3677173899891629f,1.8513298379051761f,-0.6653484234655648f,0.07294401972284703f,1.935708542576556f,0.21975836356982686f,-0.4583289998067094f,0.02481420271197532f,0f,0f,0f,1f], start_interpolation: 0, interpolation_duration: 1 }
$data merge entity $(bone_right_bicep) { transformation: [-1.1408601151868358f,-0.5994627157902054f,-0.0598186715367508f,-1.6789258667896894f,-0.2799209791545957f,0.6409119713793787f,-1.0841456147044277f,0.9938596649894837f,0.5334585893170367f,-0.9457123880076546f,-0.6968110476763753f,-1.5528647364151469f,0f,0f,0f,1f], start_interpolation: 0, interpolation_duration: 1 }
$data merge entity $(bone_right_shoulder) { transformation: [-1.0901229284888438f,-0.5728029602911257f,-0.057158370711623836f,-1.3743293749999999f,-0.26747212342636684f,0.6124088534984209f,-1.0359306778082777f,1.1615296905928076f,0.5097342188341635f,-0.9036539573953352f,-0.6658219441495246f,-1.7923306561999042f,0f,0f,0f,1f], start_interpolation: 0, interpolation_duration: 1 }
$data merge entity $(bone_chest) { transformation: [-4.0674850000000005f,1.8144574752874892e-16f,4.639010794152155e-16f,1.5987741989292006e-16f,0f,3.7880397820677887f,-1.4816169662557277f,1.554738211490688f,-4.981232485829872e-16f,-1.4816169662557277f,-3.7880397820677887f,-1.305498205721298f,0f,0f,0f,1f], start_interpolation: 0, interpolation_duration: 1 }
$data merge entity $(bone_weist) { transformation: [-1.0999999999999999f,2.075287483932251e-17f,1.3310301107079393e-16f,4.217487976956003e-16f,0f,1.0868685662140742f,-0.1694600831339409f,0.8710275963961099f,-1.3471114790620883e-16f,-0.1694600831339409f,-1.0868685662140742f,-3.4438402810446105f,0f,0f,0f,1f], start_interpolation: 0, interpolation_duration: 1 }
$data merge entity $(bone_right_fingers2) { transformation: [-0.9959926154551688f,-0.02598782845457549f,-0.08557653142648251f,1.1807952160365958f,0.02180509058461012f,-0.9985383332710218f,0.04945437304149303f,-0.023374798912839945f,-0.08673665882064592f,0.04739018633162112f,0.9951034731403994f,-10.319899535631732f,0f,0f,0f,1f], start_interpolation: 0, interpolation_duration: 1 }
$data merge entity $(bone_left_foot) { transformation: [-0.9959926154551688f,-0.0665757459315195f,0.05971917625381276f,1.1086908158404487f,0.02180509058461012f,0.4668214180789749f,0.8840827459278526f,0.25480322922194f,-0.08673665882064592f,0.8818420684433221f,-0.4634989949721944f,-9.366353499112892f,0f,0f,0f,1f], start_interpolation: 0, interpolation_duration: 1 }
$data merge entity $(bone_left_knee) { transformation: [-1.5786624053918281f,0.06411893261899848f,0.12642658271232027f,0.9420282525447254f,0.03456137748205699f,1.5450411087805316f,-0.35202754423311233f,0.1290259311152976f,-0.13747883300005706f,-0.34786009140465296f,-1.5402476540540213f,-7.299087773470408f,0f,0f,0f,1f], start_interpolation: 0, interpolation_duration: 1 }
$data merge entity $(bone_left_thigh) { transformation: [-1.5972268777500662f,-0.14273720171517065f,-0.014014483594068261f,0.7385400000000005f,0.0349678061996453f,-0.5395238161391285f,1.5097666435112962f,0.4612560881241736f,-0.1390955320399249f,1.5034108409135225f,0.5404741343499572f,-5.228737900918066f,0f,0f,0f,1f], start_interpolation: 0, interpolation_duration: 1 }
$data merge entity $(bone_left_fingers2) { transformation: [-0.9959926154551688f,0.025987828454575472f,0.08557653142648228f,-1.1775925241896954f,-0.02180509058461012f,-0.9985383332710218f,0.04945437304149303f,-0.06618660728131592f,0.08673665882064567f,0.04739018633162112f,0.9951034731403994f,-10.274863123509165f,0f,0f,0f,1f], start_interpolation: 0, interpolation_duration: 1 }
$data merge entity $(bone_right_foot) { transformation: [-0.9959926154551688f,0.0665757459315193f,-0.05971917625381265f,-1.1054881239935486f,-0.02180509058461012f,0.4668214180789749f,0.8840827459278526f,0.211991420853464f,0.08673665882064567f,0.8818420684433221f,-0.4634989949721944f,-9.321317086990325f,0f,0f,0f,1f], start_interpolation: 0, interpolation_duration: 1 }
$data merge entity $(bone_right_knee) { transformation: [-1.5786624053918281f,-0.06411893261899841f,-0.12642658271231988f,-0.939753566539391f,-0.03456137748205699f,1.5450411087805316f,-0.35202754423311233f,0.1173211434509478f,0.13747883300005667f,-0.34786009140465296f,-1.5402476540540213f,-7.256887481211947f,0f,0f,0f,1f], start_interpolation: 0, interpolation_duration: 1 }
$data merge entity $(bone_right_thigh) { transformation: [-1.5972268777500662f,0.1427372017151703f,0.014014483594068127f,-0.7385399999999994f,-0.0349678061996453f,-0.5395238161391285f,1.5097666435112962f,0.444962615305309f,0.13909553203992447f,1.5034108409135225f,0.5404741343499572f,-5.2138112803852f,0f,0f,0f,1f], start_interpolation: 0, interpolation_duration: 1 }