# This file was generated by Animated Java via MC-Build. It is not recommended to edit this file directly.
$data merge entity $(bone_left_fingers_2) { transformation: [-0.38176405635793126f,0.14698022412927056f,0.9124982295807745f,-1.4999222521902582f,0.2031620889737201f,0.976473080871804f,-0.07228753652298414f,0.22909591425442483f,-0.9016547958487068f,0.15778826333931495f,-0.4026431336498743f,1.2281072125356463f,0f,0f,0f,1f], start_interpolation: 0, interpolation_duration: 1 }
$data merge entity $(bone_left_fingers) { transformation: [-0.38176405635793126f,0.14698022412927056f,0.9124982295807745f,-0.9679301170752166f,0.2031620889737201f,0.976473080871804f,-0.07228753652298414f,0.1902898334201468f,-0.9016547958487068f,0.15778826333931495f,-0.4026431336498743f,1.0093656267233482f,0f,0f,0f,1f], start_interpolation: 0, interpolation_duration: 1 }
$data merge entity $(bone_left_index_finger_2) { transformation: [-0.04890048805194344f,0.16223339502779527f,0.9855399879284642f,-1.6680768695195218f,0.23466738963107558f,0.9609661440964027f,-0.14654448520578628f,0.36837269438424486f,-0.9708449714099667f,0.22410799949633078f,-0.08506260076986816f,0.6268380649263329f,0f,0f,0f,1f], start_interpolation: 0, interpolation_duration: 1 }
$data merge entity $(bone_left_index_finger) { transformation: [-0.04890048805194344f,0.16223339502779527f,0.9855399879284642f,-1.0991501969947481f,0.23466738963107558f,0.9609661440964027f,-0.14654448520578628f,0.28947449043929396f,-0.9708449714099667f,0.22410799949633078f,-0.08506260076986816f,0.5791109520678526f,0f,0f,0f,1f], start_interpolation: 0, interpolation_duration: 1 }
$data merge entity $(bone_left_thumb) { transformation: [-0.2848739862567846f,0.16562212114384528f,0.9441483596035016f,-0.42706861520118483f,0.21532625675798553f,0.9708444807427364f,-0.1053356414608114f,0.17511107756163308f,-0.9340671362941552f,0.17329254801975774f,-0.3122311286468034f,0.06690913989570724f,0f,0f,0f,1f], start_interpolation: 0, interpolation_duration: 1 }
$data merge entity $(bone_left_hand) { transformation: [-0.2848739862567846f,-0.04265489088940494f,0.9576154615697172f,-0.31123589168786725f,0.21532625675798553f,0.9706303956552591f,0.10729043844028874f,0.17887733229340508f,-0.9340671362941552f,0.23676400763910105f,-0.2673226320046779f,0.6813297704342343f,0f,0f,0f,1f], start_interpolation: 0, interpolation_duration: 1 }
$data merge entity $(bone_left_forearm) { transformation: [-0.42229657193593084f,0.5350537790119481f,1.8816751824496414f,1.8501926546785026f,-0.04707114451613085f,1.9216817748445456f,-0.5569936237830324f,0.48335949510622855f,-1.9557014971707212f,-0.1617870302157939f,-0.39290589734547277f,0.19104161308226164f,0f,0f,0f,1f], start_interpolation: 0, interpolation_duration: 1 }
$data merge entity $(bone_left_bicep) { transformation: [-2.2376574975687893f,1.0222604020219288f,0.20920252560906524f,2.694837958141388f,0.19792209637210867f,0.9018477478187418f,-2.2898451009208016f,1.707232323831306f,-1.024504206936661f,-2.0585304012574825f,-0.8992979593865739f,-3.5044684352446067f,0f,0f,0f,1f], start_interpolation: 0, interpolation_duration: 1 }
$data merge entity $(bone_left_shoulder) { transformation: [-1.117273111988585f,0.5104195176744787f,0.10445582359099466f,1.3743293750000003f,0.09882345121415191f,0.4502969023812219f,-1.1433306324391814f,1.1645058422981611f,-0.5115398602213171f,-1.0278340943754527f,-0.44902378079777316f,-1.790922879351477f,0f,0f,0f,1f], start_interpolation: 0, interpolation_duration: 1 }
$data merge entity $(bone_right_fingers_2) { transformation: [-0.17486438510571065f,-0.32188971554315976f,-0.9304888273639536f,1.690641578030902f,-0.18307507161074332f,0.9391988268635367f,-0.29049798927510273f,0.10125664631518703f,0.9674223302034759f,0.11955155643361631f,-0.22316240807532298f,0.7741092208979604f,0f,0f,0f,1f], start_interpolation: 0, interpolation_duration: 1 }
$data merge entity $(bone_right_fingers) { transformation: [-0.17486438510571065f,-0.32188971554315976f,-0.9304888273639536f,1.1501107069263061f,-0.18307507161074332f,0.9391988268635367f,-0.29049798927510273f,-0.06324939293553879f,0.9674223302034759f,0.11955155643361631f,-0.22316240807532298f,0.6594885946619883f,0f,0f,0f,1f], start_interpolation: 0, interpolation_duration: 1 }
$data merge entity $(bone_right_index_finger_2) { transformation: [-0.17486438510571065f,-0.2809959952589783f,-0.943643840370941f,1.776128659319994f,-0.18307507161074332f,0.9509762620128256f,-0.24925422211636716f,0.15922913478046252f,0.9674223302034759f,0.12917197736556618f,-0.2177352412613695f,0.33860858848020925f,0f,0f,0f,1f], start_interpolation: 0, interpolation_duration: 1 }
$data merge entity $(bone_right_index_finger) { transformation: [-0.17486438510571065f,-0.2809959952589783f,-0.943643840370941f,1.2306606856951368f,-0.18307507161074332f,0.9509762620128256f,-0.24925422211636716f,0.021079277454271753f,0.9674223302034759f,0.12917197736556618f,-0.2177352412613695f,0.21387018513945338f,0f,0f,0f,1f], start_interpolation: 0, interpolation_duration: 1 }
$data merge entity $(bone_right_thumb) { transformation: [0.16880525257191448f,-0.12777382079910193f,-0.9773324088673878f,0.5061529548572579f,-0.11723132478323264f,0.9819207395070165f,-0.14862192912071331f,-0.11638813065713252f,0.9786529533975261f,0.13966213532805918f,0.15077428415318891f,-0.21428235642356747f,0f,0f,0f,1f], start_interpolation: 0, interpolation_duration: 1 }
$data merge entity $(bone_right_hand) { transformation: [-0.17486438510571065f,0.05869533831679963f,-0.9828414440190636f,0.46064452935873756f,-0.18307507161074332f,0.9788753407287867f,0.09103068421045324f,-0.09102522885624564f,0.9674223302034759f,0.19585179236600958f,-0.1604247812861174f,0.40879855498638945f,0f,0f,0f,1f], start_interpolation: 0, interpolation_duration: 1 }
$data merge entity $(bone_right_forearm) { transformation: [-0.3499615584240932f,-0.7248235406625646f,-1.8323439946563869f,-1.7372552656615277f,-0.3663938619105684f,1.8524993964280274f,-0.6628184490602351f,0.07721327300355352f,1.936132541384035f,0.21955316750559484f,-0.4566332894770388f,0.02695485666404096f,0f,0f,0f,1f], start_interpolation: 0, interpolation_duration: 1 }
$data merge entity $(bone_right_bicep) { transformation: [-2.1832819041323672f,-1.1467822404747694f,-0.11859056753753425f,-2.7861863025102105f,-0.5320230466248936f,1.2274751485897448f,-2.075126343176148f,1.9543017622686805f,1.0228023795617474f,-1.809444211689135f,-1.3325464494105173f,-3.3263106952038326f,0f,0f,0f,1f], start_interpolation: 0, interpolation_duration: 1 }
$data merge entity $(bone_right_shoulder) { transformation: [-1.09012311760341f,-0.5725938683558962f,-0.05921283868917038f,-1.3743293749999999f,-0.2656416567763717f,0.6128842240796752f,-1.0361205277076295f,1.1645058422981611f,0.5106901296574112f,-0.9034641662364162f,-0.6653468281092288f,-1.7909228793514773f,0f,0f,0f,1f], start_interpolation: 0, interpolation_duration: 1 }
$data merge entity $(bone_chest) { transformation: [-4.0674850000000005f,1.8310862407259684e-16f,4.632472369794655e-16f,1.598781326623845e-16f,0f,3.782700753409033f,-1.4951953836819252f,1.559458133701148f,-4.981232485829872e-16f,-1.4951953836819252f,-3.782700753409033f,-1.3055040259256618f,0f,0f,0f,1f], start_interpolation: 0, interpolation_duration: 1 }
$data merge entity $(bone_weist) { transformation: [-1.0999999999999999f,2.1230190637145594e-17f,1.3302771281097383e-16f,4.214474792106528e-16f,0f,1.0862537092620739f,-0.17335766240459602f,0.8680815427023623f,-1.3471114790620883e-16f,-0.17335766240459602f,-1.0862537092620739f,-3.4413798288949997f,0f,0f,0f,1f], start_interpolation: 0, interpolation_duration: 1 }
$data merge entity $(bone_right_fingers2) { transformation: [-0.9959925887639346f,-0.025987747745494467f,-0.08557686658456468f,1.1807969531468596f,0.021804961487831342f,-0.998538317805673f,0.04945474222287677f,-0.02337668729591258f,-0.08673699776813824f,0.04739055645309059f,0.9951034259700027f,-10.319899204976705f,0f,0f,0f,1f], start_interpolation: 0, interpolation_duration: 1 }
$data merge entity $(bone_left_foot) { transformation: [-0.9959925887639346f,-0.06657608379703078f,0.05971924475047024f,1.1086922094989229f,0.021804961487831342f,0.46682174613499905f,0.884082575888692f,0.2548016955585273f,-0.08673699776813824f,0.8818418692723323f,-0.4634993104810933f,-9.366353297911218f,0f,0f,0f,1f], start_interpolation: 0, interpolation_duration: 1 }
$data merge entity $(bone_left_knee) { transformation: [-1.5786623630858438f,0.0641188988846054f,0.12642712808599602f,0.942028972004069f,0.03456117286183375f,1.545040983028567f,-0.3520281162443726f,0.12902516547708498f,-0.13747937023663415f,-0.3478606561569919f,-1.5402474785538176f,-7.2990875798943335f,0f,0f,0f,1f], start_interpolation: 0, interpolation_duration: 1 }
$data merge entity $(bone_left_thigh) { transformation: [-1.5972268349465795f,-0.14273764874903522f,-0.014014808854916566f,0.7385400000000005f,0.034967599173165685f,-0.5395232596754999f,1.5097668471616066f,0.4612560881241736f,-0.13909607559420079f,1.5034109981671115f,0.5404735570363939f,-5.228737900918066f,0f,0f,0f,1f], start_interpolation: 0, interpolation_duration: 1 }
$data merge entity $(bone_left_fingers2) { transformation: [-0.9959925887639346f,0.025987747745494463f,0.08557686658456443f,-1.1775942538645408f,-0.021804961487831342f,-0.998538317805673f,0.04945474222287677f,-0.06618848455295157f,0.086736997768138f,0.04739055645309059f,0.9951034259700027f,-10.274862783858948f,0f,0f,0f,1f], start_interpolation: 0, interpolation_duration: 1 }
$data merge entity $(bone_right_foot) { transformation: [-0.9959925887639346f,0.06657608379703056f,-0.059719244750470135f,-1.1054895102166042f,-0.021804961487831342f,0.46682174613499905f,0.884082575888692f,0.2119898983014883f,0.086736997768138f,0.8818418692723323f,-0.4634993104810933f,-9.32131687679346f,0f,0f,0f,1f], start_interpolation: 0, interpolation_duration: 1 }
$data merge entity $(bone_right_knee) { transformation: [-1.5786623630858438f,-0.06411889888460533f,-0.12642712808599565f,-0.9397542765004834f,-0.03456117286183375f,1.545040983028567f,-0.3520281162443726f,0.117320387938049f,0.13747937023663376f,-0.3478606561569919f,-1.5402474785538176f,-7.256887290131596f,0f,0f,0f,1f], start_interpolation: 0, interpolation_duration: 1 }
$data merge entity $(bone_right_thigh) { transformation: [-1.5972268349465795f,0.14273764874903486f,0.014014808854916433f,-0.7385399999999994f,-0.034967599173165685f,-0.5395232596754999f,1.5097668471616066f,0.444962615305309f,0.13909607559420037f,1.5034109981671115f,0.5404735570363939f,-5.2138112803852f,0f,0f,0f,1f], start_interpolation: 0, interpolation_duration: 1 }