# This file was generated by Animated Java via MC-Build. It is not recommended to edit this file directly.
$data merge entity $(bone_neck) { transformation: [-1f,0f,1.2246467991473532e-16f,1.7077768500492292e-16f,0f,1f,0f,1.82868375f,-1.2246467991473532e-16f,0f,-1f,-1.394505625f,0f,0f,0f,1f], start_interpolation: 0, interpolation_duration: 1 }
$data merge entity $(bone_left_fingers_2) { transformation: [-0.826181491111153f,0.35319723377550954f,0.4389485821809658f,0.2785396050829442f,0.3120140161322499f,0.9355488598739969f,-0.1655161156065727f,-0.3446855952193884f,-0.46911767978021907f,0.0002117588070759957f,-0.8831356394551358f,2.26714355134205f,0f,0f,0f,1f], start_interpolation: 0, interpolation_duration: 1 }
$data merge entity $(bone_left_fingers) { transformation: [-0.826181491111153f,0.35319723377550954f,0.4389485821809658f,0.5449182957459684f,0.3120140161322499f,0.9355488598739969f,-0.1655161156065727f,-0.4389547805939699f,-0.46911767978021907f,0.0002117588070759957f,-0.8831356394551358f,1.7646247567212698f,0f,0f,0f,1f], start_interpolation: 0, interpolation_duration: 1 }
$data merge entity $(bone_left_index_finger_2) { transformation: [-0.5395870068892015f,0.42802582415680446f,0.7250101763777121f,-0.22263941285528543f,0.3157687360541445f,0.9011535004257625f,-0.29700584842922434f,-0.12594629617026068f,-0.7804716313403844f,0.06867505023866957f,-0.6214078935349914f,1.8578320849780525f,0f,0f,0f,1f], start_interpolation: 0, interpolation_duration: 1 }
$data merge entity $(bone_left_index_finger) { transformation: [-0.5395870068892015f,0.42802582415680446f,0.7250101763777121f,0.19767567326540525f,0.3157687360541445f,0.9011535004257625f,-0.29700584842922434f,-0.29190465384393177f,-0.7804716313403844f,0.06867505023866957f,-0.6214078935349914f,1.5000983648798902f,0f,0f,0f,1f], start_interpolation: 0, interpolation_duration: 1 }
$data merge entity $(bone_left_thumb) { transformation: [-0.6485472506100006f,0.3459812979734691f,0.6779995613411582f,0.4123874449328339f,0.2774019275919566f,0.9369027483118362f,-0.2127472932236621f,-0.42745330923428293f,-0.7088262370246154f,0.05010171312761269f,-0.703601580475202f,0.6860659599273011f,0f,0f,0f,1f], start_interpolation: 0, interpolation_duration: 1 }
$data merge entity $(bone_left_hand) { transformation: [-0.7538510121694716f,0.23061668912111555f,0.6152435242648866f,0.8699867751284853f,0.31924043799194146f,0.9469822265437987f,0.03619675898285357f,-0.4863165190163672f,-0.5742771057614754f,0.2236975755545067f,-0.7875056828298187f,1.108063698406099f,0f,0f,0f,1f], start_interpolation: 0, interpolation_duration: 1 }
$data merge entity $(bone_left_forearm) { transformation: [-1.4902239340330392f,0.5508535322780796f,1.2170092217245319f,2.351386688385885f,0.4150686717798406f,1.9239463816346034f,-0.36258344095219114f,0.021387522886556987f,-1.2697515731404734f,-0.017582375339384705f,-1.5468484851256161f,-0.4896083983004207f,0f,0f,0f,1f], start_interpolation: 0, interpolation_duration: 1 }
$data merge entity $(bone_left_bicep) { transformation: [-1.2592462297405291f,0.2220023456911631f,0.17178333709354757f,1.7526127763532482f,0.07147030781567341f,1.017089609148614f,-0.7905165055669388f,1.276221743216975f,-0.27145266897952386f,-0.7620625361350947f,-1.0050222699196034f,-1.675941490558152f,0f,0f,0f,1f], start_interpolation: 0, interpolation_duration: 1 }
$data merge entity $(bone_left_shoulder) { transformation: [-1.2032440869654486f,0.21212929086981885f,0.16414365968726705f,1.3743293750000003f,0.06829182668311762f,0.9718568372241524f,-0.7553600626368381f,1.4068530551768672f,-0.25938042229271f,-0.7281715194743014f,-0.960326165755948f,-1.8103785227740574f,0f,0f,0f,1f], start_interpolation: 0, interpolation_duration: 1 }
$data merge entity $(bone_right_fingers_2) { transformation: [-0.7694500684988049f,-0.3712938405741024f,-0.5196994093116878f,-0.07538177347289726f,-0.30377976481416125f,0.9284928819911885f,-0.21358563289966326f,-0.5634135834610979f,0.5618402322516935f,-0.006469315530243408f,-0.8272204672153202f,2.0187206898754275f,0f,0f,0f,1f], start_interpolation: 0, interpolation_duration: 1 }
$data merge entity $(bone_right_fingers) { transformation: [-0.7694500684988049f,-0.3712938405741024f,-0.5196994093116878f,-0.38762550160751585f,-0.30377976481416125f,0.9284928819911885f,-0.21358563289966326f,-0.6853146775849439f,0.5618402322516935f,-0.006469315530243408f,-0.8272204672153202f,1.5496602193412068f,0f,0f,0f,1f], start_interpolation: 0, interpolation_duration: 1 }
$data merge entity $(bone_right_index_finger_2) { transformation: [-0.6188652350387462f,-0.4055891894838006f,-0.6726836033636547f,0.3376527342689496f,-0.31740123812163634f,0.9124741408139249f,-0.2581615703096451f,-0.39928163182626153f,0.7185139350766201f,0.05374338768409753f,-0.6934330345324968f,1.6670875638770597f,0f,0f,0f,1f], start_interpolation: 0, interpolation_duration: 1 }
$data merge entity $(bone_right_index_finger) { transformation: [-0.6188652350387462f,-0.4055891894838006f,-0.6726836033636547f,-0.05237562127126849f,-0.31740123812163634f,0.9124741408139249f,-0.2581615703096451f,-0.54278769947179f,0.7185139350766201f,0.05374338768409753f,-0.6934330345324968f,1.2677578091364867f,0f,0f,0f,1f], start_interpolation: 0, interpolation_duration: 1 }
$data merge entity $(bone_right_thumb) { transformation: [-0.4789047702624243f,-0.29198290860637005f,-0.8278865877048972f,-0.320698038466128f,-0.23355547798139953f,0.9514555840131597f,-0.20045974746830683f,-0.6504664844645426f,0.8462281369257194f,0.09735631839763415f,-0.5238508256586827f,0.4655535341062511f,0f,0f,0f,1f], start_interpolation: 0, interpolation_duration: 1 }
$data merge entity $(bone_right_hand) { transformation: [-0.7278107274412019f,-0.18453742428805203f,-0.6604827659058484f,-0.7534762622490558f,-0.309421364488923f,0.9478727366149051f,0.07612945803027704f,-0.7053632724096378f,0.6120048727088057f,0.25977531487672595f,-0.7469717675798571f,0.9134748078086545f,0f,0f,0f,1f], start_interpolation: 0, interpolation_duration: 1 }
$data merge entity $(bone_right_forearm) { transformation: [-1.4565903529133097f,-0.6729204131992066f,-1.1961811875824873f,-2.2693676972238688f,-0.6192546461693218f,1.8788569103792978f,-0.3028979460878348f,-0.15559329943880962f,1.2248244769044048f,0.14967164075512068f,-1.5756681671456338f,-0.6372342063510932f,0f,0f,0f,1f], start_interpolation: 0, interpolation_duration: 1 }
$data merge entity $(bone_right_bicep) { transformation: [-1.2517047249542481f,-0.27921502692821526f,-0.14060538316791657f,-1.7444244944579779f,-0.16294007530000937f,1.0779048739809283f,-0.6899762590267128f,1.2439983967509816f,0.26679849493493757f,-0.6516561017106692f,-1.0810451016099265f,-1.688953031969455f,0f,0f,0f,1f], start_interpolation: 0, interpolation_duration: 1 }
$data merge entity $(bone_right_shoulder) { transformation: [-1.1960379736362203f,-0.2667975668368686f,-0.13435227511236414f,-1.3743293749999999f,-0.15569368206473744f,1.0299674799868457f,-0.6592911173468432f,1.4068530551768672f,0.2549332321669072f,-0.6226751628074233f,-1.032968053057528f,-1.8103785227740579f,0f,0f,0f,1f], start_interpolation: 0, interpolation_duration: 1 }
$data merge entity $(bone_chest) { transformation: [-4.0674850000000005f,1.6095551841735264e-16f,4.714022612057241e-16f,1.6003597717904703e-16f,0f,3.8492915796941025f,-1.314301548245716f,1.7783639172945118f,-4.981232485829872e-16f,-1.314301548245716f,-3.8492915796941025f,-1.3067929242167644f,0f,0f,0f,1f], start_interpolation: 0, interpolation_duration: 1 }
$data merge entity $(bone_weist) { transformation: [-1.0999999999999999f,1.490383300315824e-17f,1.338841631113346e-16f,4.253230098688536e-16f,0f,1.0932471566867277f,-0.12169903202731486f,1.18895610854989f,-1.3471114790620883e-16f,-0.12169903202731486f,-1.0932471566867277f,-3.473025938294862f,0f,0f,0f,1f], start_interpolation: 0, interpolation_duration: 1 }
$data merge entity $(bone_right_fingers2) { transformation: [-0.9858274855676764f,0.15582915491721525f,0.062140511561293445f,0.6741465180218451f,-0.1192238448673768f,-0.9113562857791446f,0.39397385089099807f,-1.1895203155364817f,0.11802475805674154f,0.3809816200929242f,0.9170186266576154f,-9.063610339321944f,0f,0f,0f,1f], start_interpolation: 0, interpolation_duration: 1 }
$data merge entity $(bone_left_foot) { transformation: [-0.9858274855676764f,-0.009537817061194442f,-0.16749089152852428f,0.7031552102463057f,-0.1192238448673768f,0.7422173782737697f,0.659468754531594f,-0.5970032843021068f,0.11802475805674154f,0.670091332158624f,-0.7328354269899406f,-8.263663986684456f,0f,0f,0f,1f], start_interpolation: 0, interpolation_duration: 1 }
$data merge entity $(bone_left_knee) { transformation: [-1.5625505305141458f,-0.19840922084679014f,-0.17702974102381278f,1.0147037352321107f,-0.18897148311926118f,1.5709737459939546f,-0.09274252799798591f,-1.0562835130297286f,0.18707091353734112f,-0.07032196680070942f,-1.5723642080725486f,-6.261369526017263f,0f,0f,0f,1f], start_interpolation: 0, interpolation_duration: 1 }
$data merge entity $(bone_left_thigh) { transformation: [-1.5816635740027607f,-0.060588855872875574f,-0.25763024420269437f,0.7523531600255094f,-0.2564231379165866f,0.7372280035774631f,1.4008733199662664f,0.6724036614020982f,0.06550974374041806f,1.4228590495183682f,-0.7368070386402812f,-5.086233036254896f,0f,0f,0f,1f], start_interpolation: 0, interpolation_duration: 1 }
$data merge entity $(bone_left_leg) { transformation: [-0.9871014869453067f,0.0029540917118263577f,-0.16006850974667824f,0.5257450000000006f,-0.11071733414083343f,0.7095907763637741f,0.6958610507998012f,0.9322312500000001f,0.11563877546528824f,0.7046078366308556f,-0.7001110413122151f,-4.931638125f,0f,0f,0f,1f], start_interpolation: 0, interpolation_duration: 1 }
$data merge entity $(bone_left_fingers2) { transformation: [-0.9858274855676765f,-0.15582915491721533f,-0.06214051156129367f,-0.677027538407549f,0.1192238448673768f,-0.9113562857791446f,0.39397385089099807f,-1.1972965307682344f,-0.11802475805674179f,0.38098162009292424f,0.9170186266576152f,-9.029054395379257f,0f,0f,0f,1f], start_interpolation: 0, interpolation_duration: 1 }
$data merge entity $(bone_right_foot) { transformation: [-0.9858274855676765f,0.00953781706119429f,0.16749089152852448f,-0.7060362306320098f,0.1192238448673768f,0.7422173782737697f,0.659468754531594f,-0.6047794995338593f,-0.11802475805674179f,0.6700913321586239f,-0.7328354269899405f,-8.22910804274177f,0f,0f,0f,1f], start_interpolation: 0, interpolation_duration: 1 }
$data merge entity $(bone_right_knee) { transformation: [-1.562550530514146f,0.19840922084679016f,0.17702974102381314f,-1.0141619763501106f,0.18897148311926118f,1.5709737459939546f,-0.09274252799798591f,-1.0331130221039677f,-0.18707091353734154f,-0.07032196680070942f,-1.5723642080725484f,-6.224141978081169f,0f,0f,0f,1f], start_interpolation: 0, interpolation_duration: 1 }
$data merge entity $(bone_right_thigh) { transformation: [-1.5816635740027607f,0.06058885587287523f,0.25763024420269454f,-0.7549006827628313f,0.2564231379165866f,0.7372280035774631f,1.4008733199662664f,0.6726155531418588f,-0.06550974374041846f,1.4228590495183682f,-0.7368070386402812f,-5.064284312218526f,0f,0f,0f,1f], start_interpolation: 0, interpolation_duration: 1 }
$data merge entity $(bone_right_leg) { transformation: [-0.9871014869453067f,-0.0029540917118265303f,0.1600685097466784f,-0.5257449999999995f,0.11071733414083343f,0.7095907763637741f,0.6958610507998012f,0.9322312500000001f,-0.11563877546528849f,0.7046078366308556f,-0.7001110413122151f,-4.931638125f,0f,0f,0f,1f], start_interpolation: 0, interpolation_duration: 1 }