# This file was generated by Animated Java via MC-Build. It is not recommended to edit this file directly.
$data merge entity $(bone_left_fingers_2) { transformation: [-0.37871631121912763f,0.13349664742796544f,0.9158343740775788f,-1.4983903473096847f,0.19943734430207516f,0.9780660339644984f,-0.06009641339291316f,0.22414492234749978f,-0.9037691637328154f,0.1598920833889217f,-0.3970337773480206f,1.2299555158361448f,0f,0f,0f,1f], start_interpolation: 0, interpolation_duration: 1 }
$data merge entity $(bone_left_fingers) { transformation: [-0.37871631121912763f,0.13349664742796544f,0.9158343740775788f,-0.9645954197026141f,0.19943734430207516f,0.9780660339644984f,-0.06009641339291316f,0.1924252819311808f,-0.9037691637328154f,0.1598920833889217f,-0.3970337773480206f,1.01448796660778f,0f,0f,0f,1f], start_interpolation: 0, interpolation_duration: 1 }
$data merge entity $(bone_left_index_finger_2) { transformation: [-0.05760027891168212f,0.14789387390112863f,0.9873244704411077f,-1.6658239637335739f,0.23223190403861013f,0.9638221567651517f,-0.1308250468189208f,0.35979150672051674f,-0.9709534235049064f,0.22175268248904706f,-0.08986210098263689f,0.6344067200441117f,0f,0f,0f,1f], start_interpolation: 0, interpolation_duration: 1 }
$data merge entity $(bone_left_index_finger) { transformation: [-0.05760027891168212f,0.14789387390112863f,0.9873244704411077f,-1.0959518000687258f,0.23223190403861013f,0.9638221567651517f,-0.1308250468189208f,0.2899692792289119f,-0.9709534235049064f,0.22175268248904706f,-0.08986210098263689f,0.5838999261871316f,0f,0f,0f,1f], start_interpolation: 0, interpolation_duration: 1 }
$data merge entity $(bone_left_thumb) { transformation: [-0.2851698895329428f,0.1584158414812445f,0.9452949567577088f,-0.42238549877339904f,0.21176444460837132f,0.9722879025202497f,-0.09905581564189556f,0.17960850847600063f,-0.9347908611574447f,0.1719321255046956f,-0.31081407644435965f,0.07277149103433167f,0f,0f,0f,1f], start_interpolation: 0, interpolation_duration: 1 }
$data merge entity $(bone_left_hand) { transformation: [-0.2851698895329428f,-0.049938521995590845f,0.9571751554050415f,-0.30740033621660556f,0.21176444460837132f,0.9706803994973905f,0.11373382096497975f,0.18519978449254337f,-0.9347908611574447f,0.2351291263380228f,-0.2662336189215043f,0.6873374075696311f,0f,0f,0f,1f], start_interpolation: 0, interpolation_duration: 1 }
$data merge entity $(bone_left_forearm) { transformation: [-0.41934677149570837f,0.5214546941688342f,1.88614732206053f,1.8524359652735058f,-0.05326105696308175f,1.9252119320106102f,-0.5440962323025614f,0.5044083144049294f,-1.956177389297299f,-0.1642024729532272f,-0.3895202213348401f,0.19940473705566264f,0f,0f,0f,1f], start_interpolation: 0, interpolation_duration: 1 }
$data merge entity $(bone_left_bicep) { transformation: [-2.237656844337325f,1.0184940513759673f,0.22683654245106988f,2.6931838392742176f,0.1801887362776984f,0.9058428096763163f,-2.289732282640358f,1.7283485265469123f,-1.0277728197408382f,-2.0586431876744804f,-0.8953012674694929f,-3.4969716339735917f,0f,0f,0f,1f], start_interpolation: 0, interpolation_duration: 1 }
$data merge entity $(bone_left_shoulder) { transformation: [-1.1172727858269846f,0.5085389607475916f,0.11326057270712697f,1.3743293750000003f,0.08996909953601408f,0.45229165591211246f,-1.1432743017311005f,1.1789178200331496f,-0.5131718942585085f,-1.0278904091739625f,-0.4470282133703593f,-1.784288906544991f,0f,0f,0f,1f], start_interpolation: 0, interpolation_duration: 1 }
$data merge entity $(bone_right_fingers_2) { transformation: [-0.17262627899307514f,-0.3146872195715925f,-0.9333660169726047f,1.6923059986459101f,-0.17989021047411152f,0.9417270003418263f,-0.28423541123998886f,0.0987321561508149f,0.9684212306515098f,0.11883690784215929f,-0.2191759780585667f,0.7716621480008597f,0f,0f,0f,1f], start_interpolation: 0, interpolation_duration: 1 }
$data merge entity $(bone_right_fingers) { transformation: [-0.17262627899307514f,-0.3146872195715925f,-0.9333660169726047f,1.1501893653385489f,-0.17989021047411152f,0.9417270003418263f,-0.28423541123998886f,-0.0621061831556205f,0.9684212306515098f,0.11883690784215929f,-0.2191759780585667f,0.6593486046215277f,0f,0f,0f,1f], start_interpolation: 0, interpolation_duration: 1 }
$data merge entity $(bone_right_index_finger_2) { transformation: [-0.17262627899307514f,-0.27367485321957025f,-0.9462041230708367f,1.7766095884926938f,-0.17989021047411152f,0.9532288594129419f,-0.24288732728959284f,0.15522288616249608f,0.9684212306515098f,0.1282841233261094f,-0.21378377797640943f,0.3357362902175228f,0f,0f,0f,1f], start_interpolation: 0, interpolation_duration: 1 }
$data merge entity $(bone_right_index_finger) { transformation: [-0.17262627899307514f,-0.27367485321957025f,-0.9462041230708367f,1.2297084161726866f,-0.17989021047411152f,0.9532288594129419f,-0.24288732728959284f,0.020755439468885972f,0.9684212306515098f,0.1282841233261094f,-0.21378377797640943f,0.2132700659254393f,0f,0f,0f,1f], start_interpolation: 0, interpolation_duration: 1 }
$data merge entity $(bone_right_thumb) { transformation: [0.17154681863018018f,-0.12019667850911059f,-0.9778161624217718f,0.5026651998719017f,-0.11649972163402775f,0.983090416684004f,-0.14128357117253768f,-0.11234336809380448f,0.9782635145384182f,0.13815205789074922f,0.15464315382031305f,-0.21195482544381467f,0f,0f,0f,1f], start_interpolation: 0, interpolation_duration: 1 }
$data merge entity $(bone_right_hand) { transformation: [-0.17262627899307514f,0.06645062972292942f,-0.9827433447296555f,0.45962630803676996f,-0.17989021047411152f,0.9788144836020847f,0.09778404198213586f,-0.08541630288262714f,0.9684212306515098f,0.1936660024377289f,-0.15701528436176126f,0.4112359179817395f,0f,0f,0f,1f], start_interpolation: 0, interpolation_duration: 1 }
$data merge entity $(bone_right_forearm) { transformation: [-0.3454823667200598f,-0.7106738494527347f,-1.8387254787531764f,-1.7383928652926652f,-0.36001989979091664f,1.8581009965820645f,-0.6505175866045732f,0.09787966937601711f,1.9381316720663242f,0.2184722829819175f,-0.44860032938978606f,0.03708806934889797f,0f,0f,0f,1f], start_interpolation: 0, interpolation_duration: 1 }
$data merge entity $(bone_right_bicep) { transformation: [-2.18328417666124f,-1.1445564850577685f,-0.13839710669634298f,-2.7860937682961273f,-0.5142606039895558f,1.2321006395057426f,-2.076862332462819f,1.9758039626681496f,1.0318426904397833f,-1.8077089282655014f,-1.3279240172330056f,-3.31609408264476f,0f,0f,0f,1f], start_interpolation: 0, interpolation_duration: 1 }
$data merge entity $(bone_right_shoulder) { transformation: [-1.0901242522879668f,-0.5714825380097732f,-0.06910233860939027f,-1.3743293749999999f,-0.2567727840461773f,0.6151937538606209f,-1.0369873154777887f,1.1789178200331496f,0.5152040002023993f,-0.9025977309070544f,-0.6630388255710674f,-1.7842889065449912f,0f,0f,0f,1f], start_interpolation: 0, interpolation_duration: 1 }
$data merge entity $(bone_chest) { transformation: [-4.0674850000000005f,1.9108864066840925e-16f,4.600129369771767e-16f,1.5991063769712483e-16f,0f,3.756290689670326f,-1.560357164216267f,1.5822017214529742f,-4.981232485829872e-16f,-1.560357164216267f,-3.756290689670326f,-1.3057694496769259f,0f,0f,0f,1f], start_interpolation: 0, interpolation_duration: 1 }
$data merge entity $(bone_weist) { transformation: [-1.0999999999999999f,2.352644443560031e-17f,1.3264086769328329e-16f,4.199773713795275e-16f,0f,1.083094879157264f,-0.19210799760372f,0.8540091421362718f,-1.3471114790620883e-16f,-0.19210799760372f,-1.083094879157264f,-3.429375487462443f,0f,0f,0f,1f], start_interpolation: 0, interpolation_duration: 1 }
$data merge entity $(bone_right_fingers2) { transformation: [-0.9959924286137589f,-0.025987263496372467f,-0.0855788775343331f,1.1808073758137172f,0.021804186907141886f,-0.9985382250103608f,0.04945695731115096f,-0.023388017593454713f,-0.0867390314528857f,0.047392777183118184f,0.9951031429422212f,-10.319897221018566f,0f,0f,0f,1f], start_interpolation: 0, interpolation_duration: 1 }
$data merge entity $(bone_left_foot) { transformation: [-0.9959924286137589f,-0.06657811098898744f,0.059719655735815697f,1.1087005714550315f,0.021804186907141886f,0.46682371446975734f,0.8840815556508218f,0.2547924935781745f,-0.0867390314528857f,0.8818406742409859f,-0.46350120353330115f,-9.366352090678706f,0f,0f,0f,1f], start_interpolation: 0, interpolation_duration: 1 }
$data merge entity $(bone_left_knee) { transformation: [-1.5786621092455466f,0.06411869648697101f,0.12643040032856512f,0.9420332887614922f,0.034559945140467736f,1.5450402285117606f,-0.352031548311003f,0.12902057164860792f,-0.1374825936557694f,-0.3478640446714288f,-1.5402464255438297f,-7.299086418426311f,0f,0f,0f,1f], start_interpolation: 0, interpolation_duration: 1 }
$data merge entity $(bone_left_thigh) { transformation: [-1.5972265781212163f,-0.14274033095740418f,-0.014016760412841774f,0.7385400000000005f,0.0349663570142611f,-0.5395199208917948f,1.5097680690586792f,0.4612560881241736f,-0.13909933691952497f,1.503411941681385f,0.5404700931499042f,-5.228737900918066f,0f,0f,0f,1f], start_interpolation: 0, interpolation_duration: 1 }
$data merge entity $(bone_left_fingers2) { transformation: [-0.9959924286137589f,0.025987263496372464f,0.08557887753433285f,-1.1776046319186992f,-0.021804186907141886f,-0.9985382250103608f,0.04945695731115096f,-0.0661997481817827f,0.08673903145288545f,0.047392777183118184f,0.9951031429422212f,-10.274860745929784f,0f,0f,0f,1f], start_interpolation: 0, interpolation_duration: 1 }
$data merge entity $(bone_right_foot) { transformation: [-0.9959924286137589f,0.06657811098898722f,-0.059719655735815586f,-1.1054978275600138f,-0.021804186907141886f,0.46682371446975734f,0.8840815556508218f,0.21198076298984653f,0.08673903145288545f,0.8818406742409859f,-0.46350120353330115f,-9.321315615589924f,0f,0f,0f,1f], start_interpolation: 0, interpolation_duration: 1 }
$data merge entity $(bone_right_knee) { transformation: [-1.5786621092455466f,-0.06411869648697094f,-0.12643040032856476f,-0.9397585362683819f,-0.034559945140467736f,1.5450402285117606f,-0.352031548311003f,0.11731585486144303f,0.137482593655769f,-0.3478640446714288f,-1.5402464255438297f,-7.25688614363806f,0f,0f,0f,1f], start_interpolation: 0, interpolation_duration: 1 }
$data merge entity $(bone_right_thigh) { transformation: [-1.5972265781212163f,0.14274033095740382f,0.01401676041284164f,-0.7385399999999994f,-0.0349663570142611f,-0.5395199208917948f,1.5097680690586792f,0.444962615305309f,0.13909933691952459f,1.503411941681385f,0.5404700931499042f,-5.2138112803852f,0f,0f,0f,1f], start_interpolation: 0, interpolation_duration: 1 }