# This file was generated by Animated Java via MC-Build. It is not recommended to edit this file directly.
$data merge entity $(bone_left_fingers_2) { transformation: [-0.3755511342718829f,0.12404578734961008f,0.9184628398514105f,-1.4982070952627529f,0.1980924361508555f,0.9788450700941052f,-0.051202690283671706f,0.21995906261204315f,-0.9053843008838409f,0.16271131304639413f,-0.3921789085606171f,1.2293773771031216f,0f,0f,0f,1f], start_interpolation: 0, interpolation_duration: 1 }
$data merge entity $(bone_left_fingers) { transformation: [-0.3755511342718829f,0.12404578734961008f,0.9184628398514105f,-0.9629955138343246f,0.1980924361508555f,0.9788450700941052f,-0.051202690283671706f,0.1933880680979645f,-0.9053843008838409f,0.16271131304639413f,-0.3921789085606171f,1.0167463105745687f,0f,0f,0f,1f], start_interpolation: 0, interpolation_duration: 1 }
$data merge entity $(bone_left_index_finger_2) { transformation: [-0.06610646138143253f,0.13758832938928467f,0.9882810265200335f,-1.6647885510813856f,0.23081105557015338f,0.9656936070042359f,-0.11900468065475428f,0.35321253341092457f,-0.9707503244347726f,0.22023920860513044f,-0.09559549467819656f,0.6398381529735967f,0f,0f,0f,1f], start_interpolation: 0, interpolation_duration: 1 }
$data merge entity $(bone_left_index_finger) { transformation: [-0.06610646138143253f,0.13758832938928467f,0.9882810265200335f,-1.094424714357624f,0.23081105557015338f,0.9656936070042359f,-0.11900468065475428f,0.29021346668021547f,-0.9707503244347726f,0.22023920860513044f,-0.09559549467819656f,0.5860183244113812f,0f,0f,0f,1f], start_interpolation: 0, interpolation_duration: 1 }
$data merge entity $(bone_left_thumb) { transformation: [-0.28532797942643f,0.1552652390649776f,0.9457698714246117f,-0.42023810103615833f,0.21020439312293282f,0.9729027609975834f,-0.09630332681220485f,0.18160894765944072f,-0.9350946782375836f,0.17132694820539512f,-0.3102338143245761f,0.0753317198778447f,0f,0f,0f,1f], start_interpolation: 0, interpolation_duration: 1 }
$data merge entity $(bone_left_hand) { transformation: [-0.28532797942643f,-0.05311723290177256f,0.9569568975274121f,-0.3056039005880318f,0.21020439312293282f,0.9706849357540882f,0.11655414455050969f,0.1879971650281087f,-0.9350946782375836f,0.23441270244792722f,-0.2657980956719014f,0.6899554311915619f,0f,0f,0f,1f], start_interpolation: 0, interpolation_duration: 1 }
$data merge entity $(bone_left_forearm) { transformation: [-0.4181192346958928f,0.5154873527898227f,1.888059196116943f,1.8534815948582977f,-0.05596210414478596f,1.9267256973385534f,-0.5384373347620397f,0.5136512229202421f,-1.956364736399556f,-0.16528553983849112f,-0.38811872132543346f,0.20296006808235312f,0f,0f,0f,1f], start_interpolation: 0, interpolation_duration: 1 }
$data merge entity $(bone_left_bicep) { transformation: [-1.1692732569062327f,0.5312984225264986f,0.12254656427602226f,1.6952857475092928f,0.0900994022868353f,0.4742533635262813f,-1.1964369888977335f,1.0900488525581309f,-0.5377525191968495f,-1.0757794183362939f,-0.46692236473805665f,-1.5242530543950843f,0f,0f,0f,1f], start_interpolation: 0, interpolation_duration: 1 }
$data merge entity $(bone_left_shoulder) { transformation: [-1.1172724596595822f,0.5076701206012787f,0.11709658155850759f,1.3743293750000003f,0.08609243409296867f,0.4531620122492292f,-1.1432281457889126f,1.1852516705430585f,-0.5138371858438749f,-1.02793654919975f,-0.4461570431374299f,-1.7814681733678435f,0f,0f,0f,1f], start_interpolation: 0, interpolation_duration: 1 }
$data merge entity $(bone_right_fingers_2) { transformation: [-0.17168236977879392f,-0.311520187947863f,-0.9346016993393844f,1.6928602242125743f,-0.17849987435748604f,0.9428214357980497f,-0.2814703093650654f,0.09759180123829715f,0.968846199745604f,0.1185027961722083f,-0.21747213278456812f,0.7706460978534078f,0f,0f,0f,1f], start_interpolation: 0, interpolation_duration: 1 }
$data merge entity $(bone_right_fingers) { transformation: [-0.17168236977879392f,-0.311520187947863f,-0.9346016993393844f,1.1500627335431222f,-0.17849987435748604f,0.9428214357980497f,-0.2814703093650654f,-0.06162749125518864f,0.968846199745604f,0.1185027961722083f,-0.21747213278456812f,0.6593184348643691f,0f,0f,0f,1f], start_interpolation: 0, interpolation_duration: 1 }
$data merge entity $(bone_right_index_finger_2) { transformation: [-0.17168236977879392f,-0.27045693620037264f,-0.9473004853626142f,1.776661412228517f,-0.17849987435748604f,0.954201641159331f,-0.24007711857484648f,0.15343593350715867f,0.968846199745604f,0.12787600896941798f,-0.2120961281319254f,0.33454009571551024f,0f,0f,0f,1f], start_interpolation: 0, interpolation_duration: 1 }
$data merge entity $(bone_right_index_finger) { transformation: [-0.17168236977879392f,-0.27045693620037264f,-0.9473004853626142f,1.2291469959755912f,-0.17849987435748604f,0.954201641159331f,-0.24007711857484648f,0.02059369850358679f,0.968846199745604f,0.12787600896941798f,-0.2120961281319254f,0.21304414025966123f,0f,0f,0f,1f], start_interpolation: 0, interpolation_duration: 1 }
$data merge entity $(bone_right_thumb) { transformation: [0.17270451382621121f,-0.11686983089373104f,-0.9780156407394118f,0.5010232919376195f,-0.11619055914427309f,0.9835858278604167f,-0.13805315352385022f,-0.11057324254347792f,0.978096572363789f,0.13747858691086853f,0.15629054120834554f,-0.21093043961273356f,0f,0f,0f,1f], start_interpolation: 0, interpolation_duration: 1 }
$data merge entity $(bone_right_hand) { transformation: [-0.17168236977879392f,0.0698494605883414f,-0.9826729958448308f,0.45904284650203286f,-0.17849987435748604f,0.9787674514434093f,0.10075748532657586f,-0.08296763874478519f,0.968846199745604f,0.1927052901466152f,-0.15556899558719797f,0.41230281413943687f,0f,0f,0f,1f], start_interpolation: 0, interpolation_duration: 1 }
$data merge entity $(bone_right_forearm) { transformation: [-0.3435932917123558f,-0.7044494739015482f,-1.841472606594152f,-1.7389668703010976f,-0.35723737667271044f,1.8605306244192732f,-0.645084509605208f,0.10695898451145747f,1.9389821759946193f,0.217952991593195f,-0.44516444922894327f,0.041420791086090425f,0f,0f,0f,1f], start_interpolation: 0, interpolation_duration: 1 }
$data merge entity $(bone_right_bicep) { transformation: [-1.1408626880897117f,-0.5975150749886015f,-0.07683544492741465f,-1.679442520407263f,-0.26464105106993474f,0.6448930194877758f,-1.0856213571110558f,1.0219838967944515f,0.5411959576017065f,-0.944237444760806f,-0.6928334625999719f,-1.5396298191110684f,0f,0f,0f,1f], start_interpolation: 0, interpolation_duration: 1 }
$data merge entity $(bone_right_shoulder) { transformation: [-1.0901253869676535f,-0.570941936431999f,-0.07341836139332415f,-1.3743293749999999f,-0.2528717357635712f,0.6162128534495191f,-1.037340789891778f,1.1852516705430585f,0.5171274850733812f,-0.9022446089307812f,-0.6620212532198638f,-1.7814681733678437f,0f,0f,0f,1f], start_interpolation: 0, interpolation_duration: 1 }
$data merge entity $(bone_chest) { transformation: [-4.0674850000000005f,1.9455824691570514e-16f,4.585562771743029e-16f,1.5993995984532932e-16f,0f,3.744396159721869f,-1.5886886492592325f,1.5921389265817345f,-4.981232485829872e-16f,-1.5886886492592325f,-3.744396159721869f,-1.3060088831872647f,0f,0f,0f,1f], start_interpolation: 0, interpolation_duration: 1 }
$data merge entity $(bone_weist) { transformation: [-1.0999999999999999f,2.4527777144135238e-17f,1.3245935798793572e-16f,4.193255997231547e-16f,0f,1.0816127399357847f,-0.20028449967135362f,0.8479248467342867f,-1.3471114790620883e-16f,-0.20028449967135362f,-1.0816127399357847f,-3.4240533680005165f,0f,0f,0f,1f], start_interpolation: 0, interpolation_duration: 1 }
$data merge entity $(bone_right_fingers2) { transformation: [-0.9959922684588342f,-0.02598677925644605f,-0.08558088848628788f,1.180817798489616f,0.021803412326423563f,-0.9985381322095283f,0.049459172399375306f,-0.023399347889465405f,-0.08674106513727886f,0.04739499791522217f,0.9951028599051792f,-10.319895237012462f,0f,0f,0f,1f], start_interpolation: 0, interpolation_duration: 1 }
$data merge entity $(bone_left_foot) { transformation: [-0.9959922684588342f,-0.06658013817903938f,0.05972006673041916f,1.1087089334201616f,0.021803412326423563f,0.46682568280213754f,0.8840805354079697f,0.2547832915980314f,-0.08674106513727886f,0.8818394792003691f,-0.46350309658347716f,-9.366350883407684f,0f,0f,0f,1f], start_interpolation: 0, interpolation_duration: 1 }
$data merge entity $(bone_left_knee) { transformation: [-1.5786618553977219f,0.06411849410429205f,0.12643367257201604f,0.9420376055212499f,0.03455871741905597f,1.5450394739863513f,-0.3520349803760363f,0.1290159778214962f,-0.1374858170743431f,-0.3478674331865579f,-1.540245372518815f,-7.299085256938434f,0f,0f,0f,1f], start_interpolation: 0, interpolation_duration: 1 }
$data merge entity $(bone_left_thigh) { transformation: [-1.5972263212882374f,-0.14274301317465568f,-0.014018711958484744f,0.7385400000000005f,0.03496511485531023f,-0.5395165821047757f,1.5097692909475429f,0.4612560881241736f,-0.13910259824428103f,1.5034128851832125f,0.5404666292546555f,-5.228737900918066f,0f,0f,0f,1f], start_interpolation: 0, interpolation_duration: 1 }
$data merge entity $(bone_left_fingers2) { transformation: [-0.9959922684588342f,0.02598677925644603f,0.08558088848628767f,-1.1776150099815785f,-0.021803412326423563f,-0.9985381322095283f,0.049459172399375306f,-0.06621101180892908f,0.08674106513727861f,0.04739499791522217f,0.9951028599051792f,-10.274858707952866f,0f,0f,0f,1f], start_interpolation: 0, interpolation_duration: 1 }
$data merge entity $(bone_right_foot) { transformation: [-0.9959922684588342f,0.0665801381790392f,-0.05972006673041905f,-1.1055061449121244f,-0.021803412326423563f,0.46682568280213754f,0.8840805354079697f,0.21197162767856775f,0.08674106513727861f,0.8818394792003691f,-0.46350309658347716f,-9.321314354348088f,0f,0f,0f,1f], start_interpolation: 0, interpolation_duration: 1 }
$data merge entity $(bone_right_knee) { transformation: [-1.5786618553977219f,-0.06411849410429196f,-0.1264336725720157f,-0.9397627960385844f,-0.03455871741905597f,1.5450394739863513f,-0.3520349803760363f,0.11731132178618331f,0.1374858170743427f,-0.3478674331865579f,-1.540245372518815f,-7.256884997124932f,0f,0f,0f,1f], start_interpolation: 0, interpolation_duration: 1 }
$data merge entity $(bone_right_thigh) { transformation: [-1.5972263212882374f,0.14274301317465532f,0.01401871195848461f,-0.7385399999999994f,-0.03496511485531023f,-0.5395165821047757f,1.5097692909475429f,0.444962615305309f,0.13910259824428062f,1.5034128851832125f,0.5404666292546555f,-5.2138112803852f,0f,0f,0f,1f], start_interpolation: 0, interpolation_duration: 1 }