# This file was generated by Animated Java via MC-Build. It is not recommended to edit this file directly.
$data merge entity $(bone_neck) { transformation: [-1f,0f,1.2246467991473532e-16f,1.7077768500492292e-16f,0f,1f,0f,1.77243375f,-1.2246467991473532e-16f,0f,-1f,-1.394505625f,0f,0f,0f,1f], start_interpolation: 0, interpolation_duration: 1 }
$data merge entity $(bone_left_fingers_2) { transformation: [-0.7564219728080103f,0.3663085585069551f,0.5418891390476418f,-0.15905262722602764f,0.33224010157940786f,0.9288117925446921f,-0.16408890557383987f,-0.22977004849101912f,-0.5634201930670774f,0.05591684893189497f,-0.8242760411717576f,2.159184129291204f,0f,0f,0f,1f], start_interpolation: 0, interpolation_duration: 1 }
$data merge entity $(bone_left_fingers) { transformation: [-0.7564219728080103f,0.3663085585069551f,0.5418891390476418f,0.16576960562626863f,0.33224010157940786f,0.9288117925446921f,-0.16408890557383987f,-0.32353377990224863f,-0.5634201930670774f,0.05591684893189497f,-0.8242760411717576f,1.6922062874032324f,0f,0f,0f,1f], start_interpolation: 0, interpolation_duration: 1 }
$data merge entity $(bone_left_index_finger_2) { transformation: [-0.4242748449425976f,0.43405552612361753f,0.7947242642517494f,-0.6030337722961174f,0.3357227348206618f,0.8904848859532593f,-0.3071268682700136f,0.004972001636911055f,-0.8410000602101468f,0.13650079900996998f,-0.5235326452057878f,1.6888352090520575f,0f,0f,0f,1f], start_interpolation: 0, interpolation_duration: 1 }
$data merge entity $(bone_left_index_finger) { transformation: [-0.4242748449425976f,0.43405552612361753f,0.7947242642517494f,-0.14250605428063268f,0.3357227348206618f,0.8904848859532593f,-0.3071268682700136f,-0.1668810324351553f,-0.8410000602101468f,0.13650079900996998f,-0.5235326452057878f,1.3879014651526216f,0f,0f,0f,1f], start_interpolation: 0, interpolation_duration: 1 }
$data merge entity $(bone_left_thumb) { transformation: [-0.5739074741438022f,0.3530688334457896f,0.7388995939714071f,0.1729301647149118f,0.30750955804572244f,0.9291690110085743f,-0.20514097760289698f,-0.29378815210732595f,-0.7589914906192333f,0.10948674728284224f,-0.6418290810932591f,0.6059053565268163f,0f,0f,0f,1f], start_interpolation: 0, interpolation_duration: 1 }
$data merge entity $(bone_left_hand) { transformation: [-0.6692551639769901f,0.2135756675328504f,0.7116761621187191f,0.5716957776468456f,0.3400873757765932f,0.9396326320333013f,0.03782979851335158f,-0.36643276788574275f,-0.6606346208968483f,0.26734986638498204f,-0.7014883795305592f,1.081986086533822f,0f,0f,0f,1f], start_interpolation: 0, interpolation_duration: 1 }
$data merge entity $(bone_left_forearm) { transformation: [-1.307711226493317f,0.5926120965809829f,1.3942814222530298f,2.2545542140198878f,0.40903526930708506f,1.9115717972265307f,-0.4288377850209864f,0.06794005125841363f,-1.4587323023491736f,0.004753986192340434f,-1.370180974561046f,-0.3266206587556648f,0f,0f,0f,1f], start_interpolation: 0, interpolation_duration: 1 }
$data merge entity $(bone_left_bicep) { transformation: [-1.2457935203725865f,0.2848234191837677f,0.17711506992138626f,1.7427869743507225f,0.08570147941745185f,0.9289950275881234f,-0.8911336143661698f,1.2184887843600227f,-0.32426745833408854f,-0.8487281556023232f,-0.9159731201648553f,-1.65133090223859f,0f,0f,0f,1f], start_interpolation: 0, interpolation_duration: 1 }
$data merge entity $(bone_left_shoulder) { transformation: [-1.1903896565781709f,0.2721565384656871f,0.16923827569393826f,1.3743293750000003f,0.08189009894791437f,0.8876800639665527f,-0.8515024519098081f,1.347578326878552f,-0.3098463927235289f,-0.8109828805125849f,-0.8752372765767606f,-1.8119891560814134f,0f,0f,0f,1f], start_interpolation: 0, interpolation_duration: 1 }
$data merge entity $(bone_right_fingers_2) { transformation: [-0.6707559293237978f,-0.3955971813333029f,-0.6273670005651509f,0.37684674563842985f,-0.32492782098663753f,0.9171177516898131f,-0.2309046138220236f,-0.4567470143721975f,0.6667146274275402f,0.048968353623213084f,-0.7437026999531386f,1.8648080736922041f,0f,0f,0f,1f], start_interpolation: 0, interpolation_duration: 1 }
$data merge entity $(bone_right_fingers) { transformation: [-0.6707559293237978f,-0.3955971813333029f,-0.6273670005651509f,0.0037678904593669293f,-0.32492782098663753f,0.9171177516898131f,-0.2309046138220236f,-0.5889860647921944f,0.6667146274275402f,0.048968353623213084f,-0.7437026999531386f,1.445643727775142f,0f,0f,0f,1f], start_interpolation: 0, interpolation_duration: 1 }
$data merge entity $(bone_right_index_finger_2) { transformation: [-0.5349424323984882f,-0.41163570509553926f,-0.7378296824539435f,0.7224821870458153f,-0.3353558153199981f,0.9049967688996419f,-0.26175814297222505f,-0.29176641682469373f,0.7754824763659383f,0.10740993702496437f,-0.6221656003650838f,1.4804013424887748f,0f,0f,0f,1f], start_interpolation: 0, interpolation_duration: 1 }
$data merge entity $(bone_right_index_finger) { transformation: [-0.5349424323984882f,-0.41163570509553926f,-0.7378296824539435f,0.29487374574164216f,-0.3353558153199981f,0.9049967688996419f,-0.26175814297222505f,-0.4373885198938607f,0.7754824763659383f,0.10740993702496437f,-0.6221656003650838f,1.1224549964803479f,0f,0f,0f,1f], start_interpolation: 0, interpolation_duration: 1 }
$data merge entity $(bone_right_thumb) { transformation: [-0.35473544104544086f,-0.292160839911187f,-0.8881468406117798f,-0.07865443360883989f,-0.25099267386788f,0.9448124085043219f,-0.21055210851690445f,-0.5419312904910787f,0.90064723645329f,0.14822805523466903f,-0.4084886768447803f,0.36306652703235476f,0f,0f,0f,1f], start_interpolation: 0, interpolation_duration: 1 }
$data merge entity $(bone_right_hand) { transformation: [-0.6319750077469495f,-0.16348690883832323f,-0.7575484276412517f,-0.44517486982418286f,-0.3291132002763001f,0.9415907888825082f,0.07135325988003571f,-0.6094162545322228f,0.7016352977061052f,0.2944126643507473f,-0.6488675458695398f,0.8651149960146416f,0f,0f,0f,1f], start_interpolation: 0, interpolation_duration: 1 }
$data merge entity $(bone_right_forearm) { transformation: [-1.264791332222962f,-0.7324118848807757f,-1.3671878031366487f,-2.164261976758711f,-0.658664532500468f,1.850796682045892f,-0.3821510795227711f,-0.15302232729799337f,1.4042046474022816f,0.20844962182711846f,-1.4107036668274904f,-0.49183615062322916f,0f,0f,0f,1f], start_interpolation: 0, interpolation_duration: 1 }
$data merge entity $(bone_right_bicep) { transformation: [-1.2350270538539945f,-0.34600942916842675f,-0.1395753369559706f,-1.7330990661171612f,-0.19467396497295175f,1.0093480639109407f,-0.7796243690085991f,1.179216554783026f,0.318285794721573f,-0.7252513938744864f,-1.0184302588163228f,-1.6664734886523827f,0f,0f,0f,1f], start_interpolation: 0, interpolation_duration: 1 }
$data merge entity $(bone_right_shoulder) { transformation: [-1.1801020044335413f,-0.33062143832424773f,-0.1333680378880998f,-1.3743293749999999f,-0.1860162783954405f,0.9644595797925181f,-0.7449523293447219f,1.347578326878552f,0.30413075014149094f,-0.6929974699409966f,-0.9731378645143396f,-1.8119891560814136f,0f,0f,0f,1f], start_interpolation: 0, interpolation_duration: 1 }
$data merge entity $(bone_chest) { transformation: [-4.0674850000000005f,1.591943593463446e-16f,4.719999223847133e-16f,1.6006378433602383e-16f,0f,3.854171853577195f,-1.299920593081874f,1.7172064019847462f,-4.981232485829872e-16f,-1.299920593081874f,-3.854171853577195f,-1.3070199868849244f,0f,0f,0f,1f], start_interpolation: 0, interpolation_duration: 1 }
$data merge entity $(bone_weist) { transformation: [-1.0999999999999999f,1.4403856448566924e-17f,1.339388751991652e-16f,4.2561846683498846e-16f,0f,1.093693914787665f,-0.1176164136353065f,1.135890593701871f,-1.3471114790620883e-16f,-0.1176164136353065f,-1.093693914787665f,-3.4754385275111206f,0f,0f,0f,1f], start_interpolation: 0, interpolation_duration: 1 }
$data merge entity $(bone_right_fingers2) { transformation: [-0.991673108600259f,0.12253642551563737f,0.03961401394644921f,0.7199021271382134f,-0.10321848125017488f,-0.9402389526216103f,0.32449446389950115f,-1.032800810117091f,0.07700903068800517f,0.31770353538301727f,0.9450577087128731f,-9.438902698317465f,0f,0f,0f,1f], start_interpolation: 0, interpolation_duration: 1 }
$data merge entity $(bone_left_foot) { transformation: [-0.991673108600259f,-0.015883641835891985f,-0.12779732235507876f,0.7347961864656595f,-0.10321848125017488f,0.6914540112602418f,0.7150085981584617f,-0.5010094828867396f,0.07700903068800517f,0.7222458447330453f,-0.687335834187585f,-8.596995188608279f,0f,0f,0f,1f], start_interpolation: 0, interpolation_duration: 1 }
$data merge entity $(bone_left_knee) { transformation: [-1.5718159258337823f,-0.17326276874374877f,-0.10791022563486447f,0.9502234807008108f,-0.1636027550433449f,1.5704512993673394f,-0.13851629287448444f,-0.9027627442772732f,0.12206040460175628f,-0.12622455314522968f,-1.5752582417958554f,-6.569837247795563f,0f,0f,0f,1f], start_interpolation: 0, interpolation_duration: 1 }
$data merge entity $(bone_left_thigh) { transformation: [-1.5909768760379044f,-0.04585308978593593f,-0.1959440929981405f,0.7436110138868705f,-0.20050384616845907f,0.4944167258875842f,1.5123010025604577f,0.6176241487337393f,0.017169772725227832f,1.524845437685667f,-0.496241477090418f,-5.126276398698885f,0f,0f,0f,1f], start_interpolation: 0, interpolation_duration: 1 }
$data merge entity $(bone_left_leg) { transformation: [-0.9917321087091995f,0.0235765130529596f,-0.1261410820766502f,0.5257450000000006f,-0.08885560995484816f,0.5830462913287082f,0.807565293179066f,0.8572312500000001f,0.09258566376473448f,0.8120967739131233f,-0.5761308225265689f,-4.931638125f,0f,0f,0f,1f], start_interpolation: 0, interpolation_duration: 1 }
$data merge entity $(bone_left_fingers2) { transformation: [-0.9916731086002591f,-0.1225364255156375f,-0.03961401394644945f,-0.723004620590892f,0.10321848125017488f,-0.9402389526216103f,0.32449446389950115f,-1.0471352860049454f,-0.07700903068800542f,0.31770353538301727f,0.9450577087128731f,-9.39994886769324f,0f,0f,0f,1f], start_interpolation: 0, interpolation_duration: 1 }
$data merge entity $(bone_right_foot) { transformation: [-0.9916731086002591f,0.015883641835891818f,0.12779732235507898f,-0.7378986799183382f,0.10321848125017488f,0.6914540112602418f,0.7150085981584617f,-0.5153439587745943f,-0.07700903068800542f,0.7222458447330453f,-0.687335834187585f,-8.558041357984054f,0f,0f,0f,1f], start_interpolation: 0, interpolation_duration: 1 }
$data merge entity $(bone_right_knee) { transformation: [-1.5718159258337825f,0.17326276874374888f,0.10791022563486488f,-0.9502168695136504f,0.1636027550433449f,1.5704512993673394f,-0.13851629287448444f,-0.8860429357635413f,-0.12206040460175667f,-0.12622455314522968f,-1.5752582417958554f,-6.529297101800298f,0f,0f,0f,1f], start_interpolation: 0, interpolation_duration: 1 }
$data merge entity $(bone_right_thigh) { transformation: [-1.5909768760379046f,0.04585308978593554f,0.1959440929981407f,-0.7459505436193365f,0.20050384616845907f,0.4944167258875842f,1.5123010025604577f,0.6141134319331061f,-0.017169772725228235f,1.524845437685667f,-0.496241477090418f,-5.104585784940674f,0f,0f,0f,1f], start_interpolation: 0, interpolation_duration: 1 }
$data merge entity $(bone_right_leg) { transformation: [-0.9917321087091995f,-0.0235765130529598f,0.12614108207665037f,-0.5257449999999995f,0.08885560995484816f,0.5830462913287082f,0.807565293179066f,0.8572312500000001f,-0.09258566376473473f,0.8120967739131233f,-0.5761308225265689f,-4.931638125f,0f,0f,0f,1f], start_interpolation: 0, interpolation_duration: 1 }