# This file was generated by Animated Java via MC-Build. It is not recommended to edit this file directly.
$data merge entity $(bone_left_fingers_2) { transformation: [-0.3692213667711791f,0.1188203049283294f,0.9217143361456202f,-1.5031002952172372f,0.20260138495369234f,0.9782292181007012f,-0.044947476780533735f,0.2145237162208429f,-0.906988567256759f,0.1701450322249513f,-0.3852562872617422f,1.2207943717589982f,0f,0f,0f,1f], start_interpolation: 0, interpolation_duration: 1 }
$data merge entity $(bone_left_fingers) { transformation: [-0.3692213667711791f,0.1188203049283294f,0.9217143361456202f,-0.9661320658009898f,0.20260138495369234f,0.9782292181007012f,-0.044947476780533735f,0.19149217771650467f,-0.906988567256759f,0.1701450322249513f,-0.3852562872617422f,1.0122180213993288f,0f,0f,0f,1f], start_interpolation: 0, interpolation_duration: 1 }
$data merge entity $(bone_left_index_finger_2) { transformation: [-0.08092874225896723f,0.1307976782737057f,0.9881004534128046f,-1.6676413210144272f,0.23164862112938456f,0.9666749068970564f,-0.10898871824378095f,0.3469798720859596f,-0.9694273851120757f,0.2200717876825097f,-0.10853088620751167f,0.6430494600847011f,0f,0f,0f,1f], start_interpolation: 0, interpolation_duration: 1 }
$data merge entity $(bone_left_index_finger) { transformation: [-0.08092874225896723f,0.1307976782737057f,0.9881004534128046f,-1.097420832194945f,0.23164862112938456f,0.9666749068970564f,-0.10898871824378095f,0.28975889979843966f,-0.9694273851120757f,0.2200717876825097f,-0.10853088620751167f,0.5817737139970524f,0f,0f,0f,1f], start_interpolation: 0, interpolation_duration: 1 }
$data merge entity $(bone_left_thumb) { transformation: [-0.28502310207642945f,0.16160178222364296f,0.9447998175618323f,-0.42449724617734785f,0.21333345363785067f,0.9716572679975641f,-0.10183806315153837f,0.17762162226438835f,-0.9344788220402197f,0.17253120740797018f,-0.3114198349955757f,0.07018558126520102f,0f,0f,0f,1f], start_interpolation: 0, interpolation_duration: 1 }
$data merge entity $(bone_left_hand) { transformation: [-0.28502310207642945f,-0.046720933033465306f,0.957381316769453f,-0.3091480252478662f,0.21333345363785067f,0.970666902107808f,0.11088102953786999f,0.18241095394476836f,-0.9344788220402197f,0.23584511775509245f,-0.26669535352047324f,0.6846900444512671f,0f,0f,0f,1f], start_interpolation: 0, interpolation_duration: 1 }
$data merge entity $(bone_left_forearm) { transformation: [-0.4206217550195088f,0.5274741033420929f,1.8841886431189576f,1.851414581214825f,-0.05052971936965913f,1.9236630764930476f,-0.5498050099339059f,0.49510730664650526f,-1.9559761041524582f,-0.16312532541409394f,-0.39098087107148083f,0.19575708348383913f,0f,0f,0f,1f], start_interpolation: 0, interpolation_duration: 1 }
$data merge entity $(bone_left_bicep) { transformation: [-1.1692726310856298f,0.5330991268272771f,0.11446597171733887f,1.694960965470405f,0.09825368782584536f,0.47241919456228637f,-1.1965207649467908f,1.0749547243271573f,-0.5363239231414364f,-1.0756956117304872f,-0.4687549721134309f,-1.5304597517829484f,0f,0f,0f,1f], start_interpolation: 0, interpolation_duration: 1 }
$data merge entity $(bone_left_shoulder) { transformation: [-1.1172718616709427f,0.5093907426298485f,0.10937535517261147f,1.3743293750000003f,0.09388407612969998f,0.4514094138230444f,-1.1433081960866833f,1.1725505928406972f,-0.5124721233836981f,-1.0278564697041728f,-0.4479081494231344f,-1.787182591974997f,0f,0f,0f,1f], start_interpolation: 0, interpolation_duration: 1 }
$data merge entity $(bone_right_fingers_2) { transformation: [-0.173605887793819f,-0.3178654240165636f,-0.9321065217763956f,1.6916211379257873f,-0.18129679195322895f,0.9406177719815845f,-0.2870011851192741f,0.09983846234108484f,0.9679837131640119f,0.1191628266162334f,-0.22092476502656277f,0.7727366606229311f,0f,0f,0f,1f], start_interpolation: 0, interpolation_duration: 1 }
$data merge entity $(bone_right_fingers) { transformation: [-0.173605887793819f,-0.3178654240165636f,-0.9321065217763956f,1.150198530427219f,-0.18129679195322895f,0.9406177719815845f,-0.2870011851192741f,-0.06261962001307245f,0.9679837131640119f,0.1191628266162334f,-0.22092476502656277f,0.6594111158722326f,0f,0f,0f,1f], start_interpolation: 0, interpolation_duration: 1 }
$data merge entity $(bone_right_index_finger_2) { transformation: [-0.173605887793819f,-0.2769049711269903f,-0.9450844579657846f,1.7764433827702126f,-0.18129679195322895f,0.9522413281545196f,-0.24569885262651225f,0.15698342101541019f,0.9679837131640119f,0.12868601291390475f,-0.21551668410945551f,0.3369967246518206f,0f,0f,0f,1f], start_interpolation: 0, interpolation_duration: 1 }
$data merge entity $(bone_right_index_finger) { transformation: [-0.173605887793819f,-0.2769049711269903f,-0.9450844579657846f,1.2301688137296505f,-0.18129679195322895f,0.9522413281545196f,-0.24569885262651225f,0.02088991851689373f,0.9679837131640119f,0.12868601291390475f,-0.21551668410945551f,0.21353411332802538f,0f,0f,0f,1f], start_interpolation: 0, interpolation_duration: 1 }
$data merge entity $(bone_right_thumb) { transformation: [0.17034801170468084f,-0.12353838307568049f,-0.9776092383029676f,0.5042341391506073f,-0.11682320266847743f,0.9825810029669833f,-0.14452304981101638f,-0.11413782049696494f,0.9784344097723374f,0.13882665635764668f,0.15294857063083048f,-0.21297461709166715f,0f,0f,0f,1f], start_interpolation: 0, interpolation_duration: 1 }
$data merge entity $(bone_right_hand) { transformation: [-0.173605887793819f,0.06303236374135163f,-0.9827959690823411f,0.46011142320292797f,-0.18129679195322895f,0.9788481060644467f,0.09480431678733586f,-0.08790074120395641f,0.9679837131640119f,0.19463634392174523f,-0.15850622913308043f,0.41016976212566253f,0f,0f,0f,1f], start_interpolation: 0, interpolation_duration: 1 }
$data merge entity $(bone_right_forearm) { transformation: [-0.3474428884257635f,-0.7169184854531326f,-1.8359297635597367f,-1.7378762345486976f,-0.3628349352607456f,1.8556417327577834f,-0.6559507158533975f,0.08875131129453961f,1.9372560546461732f,0.21897127001011044f,-0.45212535194729614f,0.03265602578454252f,0f,0f,0f,1f], start_interpolation: 0, interpolation_duration: 1 }
$data merge entity $(bone_right_bicep) { transformation: [-1.1408648651426876f,-0.5986078292387588f,-0.0677617131434074f,-1.6791632119874846f,-0.2728192427200093f,0.6427612622278482f,-1.0848609330656418f,1.006926131402434f,0.5371151122392194f,-0.9449985450065177f,-0.6949681500982089f,-1.5465977698528643f,0f,0f,0f,1f], start_interpolation: 0, interpolation_duration: 1 }
$data merge entity $(bone_right_shoulder) { transformation: [-1.0901274672010963f,-0.5719860928955677f,-0.06474816341459617f,-1.3743293749999999f,-0.26068622074086595f,0.6141759012972923f,-1.0366141839948366f,1.1725505928406972f,0.5132281261265256f,-0.9029718609555336f,-0.6640610052946443f,-1.7871825919749975f,0f,0f,0f,1f], start_interpolation: 0, interpolation_duration: 1 }
$data merge entity $(bone_chest) { transformation: [-4.0674850000000005f,1.8757777749680796e-16f,4.614556838616538e-16f,1.598903747202252e-16f,0f,3.768071612018561f,-1.5316887908203973f,1.572176450090606f,-4.981232485829872e-16f,-1.5316887908203973f,-3.768071612018561f,-1.3056039899140477f,0f,0f,0f,1f], start_interpolation: 0, interpolation_duration: 1 }
$data merge entity $(bone_weist) { transformation: [-1.0999999999999999f,2.2515033157591444e-17f,1.328162891068751e-16f,4.2062909653378754e-16f,0f,1.0845273037037864f,-0.183849197770878f,0.8601869675773224f,-1.3471114790620883e-16f,-0.183849197770878f,-1.0845273037037864f,-3.4346972272058025f,0f,0f,0f,1f], start_interpolation: 0, interpolation_duration: 1 }
$data merge entity $(bone_right_fingers2) { transformation: [-0.9959919748291373f,-0.025985891507130484f,-0.08558457523721648f,1.1808369067522442f,0.02180199226169828f,-0.9985379620603315f,0.04946323339432396f,-0.02342012009484029f,-0.08674479355774597f,0.04739906926280474f,0.9951023409798836f,-10.31989159954336f,0f,0f,0f,1f], start_interpolation: 0, interpolation_duration: 1 }
$data merge entity $(bone_left_foot) { transformation: [-0.9959919748291373f,-0.06658385468918744f,0.05972082024457044f,1.1087242637129968f,0.02180199226169828f,0.4668292914053248f,0.8840786649498016f,0.2547664213016478f,-0.08674479355774597f,0.8818372882684945f,-0.4635065671701886f,-9.366348669977448f,0f,0f,0f,1f], start_interpolation: 0, interpolation_duration: 1 }
$data merge entity $(bone_left_knee) { transformation: [-1.5786613899904927f,0.06411812310822307f,0.12643967168729925f,0.9420455195868683f,0.03455646659634881f,1.545038090667424f,-0.3520412724911162f,0.12900755580867163f,-0.13749172667360277f,-0.3478736454660912f,-1.5402434419339275f,-7.2990831274924215f,0f,0f,0f,1f], start_interpolation: 0, interpolation_duration: 1 }
$data merge entity $(bone_left_thigh) { transformation: [-1.5972258504079953f,-0.14274793059601945f,-0.014022289760263661f,0.7385400000000005f,0.034962837563779985f,-0.5395104609866338f,1.5097715310558049f,0.4612560881241736f,-0.13910857733819118f,1.5034146149042367f,0.5404602787572835f,-5.228737900918066f,0f,0f,0f,1f], start_interpolation: 0, interpolation_duration: 1 }
$data merge entity $(bone_left_fingers2) { transformation: [-0.9959919748291373f,0.02598589150713048f,0.08558457523721623f,-1.1776340364528382f,-0.02180199226169828f,-0.9985379620603315f,0.04946323339432396f,-0.0662316617876555f,0.08674479355774573f,0.04739906926280474f,0.9951023409798836f,-10.274854971537815f,0f,0f,0f,1f], start_interpolation: 0, interpolation_duration: 1 }
$data merge entity $(bone_right_foot) { transformation: [-0.9959919748291373f,0.06658385468918722f,-0.05972082024457033f,-1.105521393413591f,-0.02180199226169828f,0.4668292914053248f,0.8840786649498016f,0.21195487960883258f,0.08674479355774573f,0.8818372882684945f,-0.4635065671701886f,-9.321312041971902f,0f,0f,0f,1f], start_interpolation: 0, interpolation_duration: 1 }
$data merge entity $(bone_right_knee) { transformation: [-1.5786613899904927f,-0.06411812310822299f,-0.12643967168729886f,-0.9397706056232723f,-0.03455646659634881f,1.545038090667424f,-0.3520412724911162f,0.11730301115170405f,0.13749172667360238f,-0.3478736454660912f,-1.5402434419339275f,-7.256882895133307f,0f,0f,0f,1f], start_interpolation: 0, interpolation_duration: 1 }
$data merge entity $(bone_right_thigh) { transformation: [-1.5972258504079953f,0.14274793059601912f,0.014022289760263528f,-0.7385399999999994f,-0.034962837563779985f,-0.5395104609866338f,1.5097715310558049f,0.444962615305309f,0.13910857733819076f,1.5034146149042367f,0.5404602787572835f,-5.2138112803852f,0f,0f,0f,1f], start_interpolation: 0, interpolation_duration: 1 }