# This file was generated by Animated Java via MC-Build. It is not recommended to edit this file directly.
$data merge entity $(bone_left_fingers_2) { transformation: [-0.3680269437845318f,0.11932579994368459f,0.9221266301958841f,-1.5045113695519277f,0.2042416236846784f,0.9778844234066695f,-0.045026809938659984f,0.21382979740544816f,-0.90710612819188f,0.17176556094399645f,-0.3842591108488267f,1.2183595386257993f,0f,0f,0f,1f], start_interpolation: 0, interpolation_duration: 1 }
$data merge entity $(bone_left_fingers) { transformation: [-0.3680269437845318f,0.11932579994368459f,0.9221266301958841f,-0.9673190253989176f,0.2042416236846784f,0.9778844234066695f,-0.045026809938659984f,0.19072798976230962f,-0.90710612819188f,0.17176556094399645f,-0.3842591108488267f,1.0103688730547944f,0f,0f,0f,1f], start_interpolation: 0, interpolation_duration: 1 }
$data merge entity $(bone_left_index_finger_2) { transformation: [-0.08355957668467512f,0.13102245301763943f,0.9878516659648444f,-1.6686384084705441f,0.23225290984411695f,0.9665786715829451f,-0.10855532004416014f,0.3465590112964372f,-0.9690595353295991f,0.22036058732493433f,-0.11119725059816726f,0.6428564498186065f,0f,0f,0f,1f], start_interpolation: 0, interpolation_duration: 1 }
$data merge entity $(bone_left_index_finger) { transformation: [-0.08355957668467512f,0.13102245301763943f,0.9878516659648444f,-1.0985600011181376f,0.23225290984411695f,0.9665786715829451f,-0.10855532004416014f,0.2895872592107993f,-0.9690595353295991f,0.22036058732493433f,-0.11119725059816726f,0.5800456901313334f,0f,0f,0f,1f], start_interpolation: 0, interpolation_duration: 1 }
$data merge entity $(bone_left_thumb) { transformation: [-0.28491935027239024f,0.16420765448128155f,0.9443817078121088f,-0.42617697166399215f,0.2146198522626641f,0.9711332245785708f,-0.10410849693651344f,0.17600268821625753f,-0.9342158652341072f,0.17302053730521072f,-0.31193686992002867f,0.06806625097616026f,0f,0f,0f,1f], start_interpolation: 0, interpolation_duration: 1 }
$data merge entity $(bone_left_hand) { transformation: [-0.28491935027239024f,-0.04408633484045427f,0.9575371318756754f,-0.31051900418194966f,0.2146198522626641f,0.9706466924221793f,0.10855099034387489f,0.18013273231278248f,-0.9342158652341072f,0.23643475541937392f,-0.2670942222787111f,0.6825174638777719f,0f,0f,0f,1f], start_interpolation: 0, interpolation_duration: 1 }
$data merge entity $(bone_left_forearm) { transformation: [-0.421696378528696f,0.5323883650955693f,1.882565596837822f,1.8506118088425176f,-0.04829119295480239f,1.922382394271912f,-0.5544658007732214f,0.4875051010032131f,-1.9558012573800745f,-0.16225594674758156f,-0.3922153524866933f,0.19272050418932696f,0f,0f,0f,1f], start_interpolation: 0, interpolation_duration: 1 }
$data merge entity $(bone_left_bicep) { transformation: [-1.1692725172978733f,0.5338042876874662f,0.11113229165945887f,1.6948304507271426f,0.10160340533914025f,0.47166385941897715f,-1.1965389986342267f,1.0687683089244424f,-0.535699684362887f,-1.075677372484698f,-0.46951002333180414f,-1.5330809257584401f,0f,0f,0f,1f], start_interpolation: 0, interpolation_duration: 1 }
$data merge entity $(bone_left_shoulder) { transformation: [-1.1172717529436405f,0.5100645430473862f,0.10618993303455569f,1.3743293750000003f,0.0970848224934252f,0.4506876705107366f,-1.143325618871896f,1.1673467317187365f,-0.5118756462202931f,-1.0278390416078018f,-0.44862962143742885f,-1.789591241441649f,0f,0f,0f,1f], start_interpolation: 0, interpolation_duration: 1 }
$data merge entity $(bone_right_fingers_2) { transformation: [-0.17442065869170362f,-0.3204650412299145f,-0.9310636880316305f,1.6909920903915345f,-0.18244864764343277f,0.9397028187924603f,-0.28925957776119937f,0.10074178640581159f,0.9676207546320176f,0.11941846466528537f,-0.22237199801762642f,0.7736313296129725f,0f,0f,0f,1f], start_interpolation: 0, interpolation_duration: 1 }
$data merge entity $(bone_right_fingers) { transformation: [-0.17442065869170362f,-0.3204650412299145f,-0.9310636880316305f,1.1501442544420248f,-0.18244864764343277f,0.9397028187924603f,-0.28925957776119937f,-0.0630389959472923f,0.9676207546320176f,0.11941846466528537f,-0.22237199801762642f,0.6594681954307037f,0f,0f,0f,1f], start_interpolation: 0, interpolation_duration: 1 }
$data merge entity $(bone_right_index_finger_2) { transformation: [-0.17442065869170362f,-0.27954760184985267f,-0.9441560104779022f,1.7762446120979438f,-0.18244864764343277f,0.9514257555015655f,-0.24799500547663886f,0.15842266691686444f,0.9676207546320176f,0.12900453506862386f,-0.2169513888803053f,0.33804600514873695f,0f,0f,0f,1f], start_interpolation: 0, interpolation_duration: 1 }
$data merge entity $(bone_right_index_finger) { transformation: [-0.17442065869170362f,-0.27954760184985267f,-0.9441560104779022f,1.2304898416873495f,-0.18244864764343277f,0.9514257555015655f,-0.24799500547663886f,0.021001123724412013f,0.9676207546320176f,0.12900453506862386f,-0.2169513888803053f,0.21375838453292284f,0f,0f,0f,1f], start_interpolation: 0, interpolation_duration: 1 }
$data merge entity $(bone_right_thumb) { transformation: [0.16935046332981585f,-0.1262739285594302f,-0.9774330235551408f,0.505475665518428f,-0.11709001268572367f,0.9821560861454378f,-0.14717116353665408f,-0.11560130297032314f,0.9785756738746545f,0.13937114986123703f,0.15154317235402848f,-0.21381331770987455f,0f,0f,0f,1f], start_interpolation: 0, interpolation_duration: 1 }
$data merge entity $(bone_right_hand) { transformation: [-0.17442065869170362f,0.06023155540873987f,-0.982827346767781f,0.460456938470577f,-0.18244864764343277f,0.978867048987649f,0.09236769662221955f,-0.08993067949394573f,0.9676207546320176f,0.19542635477144768f,-0.15974546962624492f,0.4092905653207991f,0f,0f,0f,1f], start_interpolation: 0, interpolation_duration: 1 }
$data merge entity $(bone_right_forearm) { transformation: [-0.34907351488529054f,-0.7220251927135398f,-1.8336177558365774f,-1.7374784427509975f,-0.3651401800490408f,1.853615200624811f,-0.6603863332572524f,0.08128877991379113f,1.9365296543936388f,0.21935606060964047f,-0.4550413042290084f,0.028979811987242643f,0f,0f,0f,1f], start_interpolation: 0, interpolation_duration: 1 }
$data merge entity $(bone_right_bicep) { transformation: [-1.1408652609686605f,-0.599018707964249f,-0.06402083516217585f,-1.679051506299495f,-0.27616899268903516f,0.6418899296948644f,-1.0845292200510583f,1.000757218861045f,0.5353996332676597f,-0.9453303809654459f,-0.6958400153998703f,-1.5495317822718515f,0f,0f,0f,1f], start_interpolation: 0, interpolation_duration: 1 }
$data merge entity $(bone_right_shoulder) { transformation: [-1.0901278454235999f,-0.5723786987142151f,-0.06117365256463827f,-1.3743293749999999f,-0.26388699811692656f,0.6133433193182226f,-1.0362972231702254f,1.1673467317187365f,0.5115889392224139f,-0.9032889392568164f,-0.6648940963487033f,-1.7895912414416493f,0f,0f,0f,1f], start_interpolation: 0, interpolation_duration: 1 }
$data merge entity $(bone_chest) { transformation: [-4.0674850000000005f,1.846911168632557e-16f,4.626185925043131e-16f,1.5988074137057291e-16f,0f,3.777567481713146f,-1.5081174179514032f,1.5639560695380914f,-4.981232485829872e-16f,-1.5081174179514032f,-3.777567481713146f,-1.3055253276445755f,0f,0f,0f,1f], start_interpolation: 0, interpolation_duration: 1 }
$data merge entity $(bone_weist) { transformation: [-1.0999999999999999f,2.168480803741993e-17f,1.329543623601299e-16f,4.2115912671377343e-16f,0f,1.0856547573773752f,-0.1770698951935998f,0.865282248104754f,-1.3471114790620883e-16f,-0.1770698951935998f,-1.0856547573773752f,-3.4390252520726863f,0f,0f,0f,1f], start_interpolation: 0, interpolation_duration: 1 }
$data merge entity $(bone_right_fingers2) { transformation: [-0.9959919214402048f,-0.025985730101484642f,-0.0855852455563566f,1.1808403809850776f,0.021801734068101437f,-0.9985379311221204f,0.04946397175702372f,-0.02342389685890034f,-0.08674547145224841f,0.04739980950856926f,0.9951022466264855f,-10.319890938168022f,0f,0f,0f,1f], start_interpolation: 0, interpolation_duration: 1 }
$data merge entity $(bone_left_foot) { transformation: [-0.9959919214402048f,-0.06658453041761742f,0.05972095725048655f,1.1087270510422245f,0.021801734068101437f,0.4668299475141363f,0.8840783248646993f,0.25476335397510874f,-0.08674547145224841f,0.8818368899138969f,-0.46350719818522024f,-9.36634826752168f,0f,0f,0f,1f], start_interpolation: 0, interpolation_duration: 1 }
$data merge entity $(bone_left_knee) { transformation: [-1.5786613053682783f,0.06411805565979291f,0.1264407624358509f,0.9420469585087328f,0.034556057355840074f,1.5450378391517852f,-0.3520424165114629f,0.1290060245341058f,-0.13749280114599263f,-0.3478747749717103f,-1.5402430909130669f,-7.299082740313249f,0f,0f,0f,1f], start_interpolation: 0, interpolation_duration: 1 }
$data merge entity $(bone_left_thigh) { transformation: [-1.5972257647906556f,-0.14274882467583855f,-0.01402294026524273f,0.7385400000000005f,0.03496242351075776f,-0.539509348054866f,1.5097719383452517f,0.4612560881241736f,-0.13910966444596964f,1.5034149293944739f,0.5404591241182348f,-5.228737900918066f,0f,0f,0f,1f], start_interpolation: 0, interpolation_duration: 1 }
$data merge entity $(bone_left_fingers2) { transformation: [-0.9959919214402048f,0.02598573010148465f,0.08558524555635635f,-1.1776374958143978f,-0.021801734068101437f,-0.9985379311221204f,0.04946397175702372f,-0.066235416328633f,0.08674547145224816f,0.04739980950856926f,0.9951022466264855f,-10.27485429217238f,0f,0f,0f,1f], start_interpolation: 0, interpolation_duration: 1 }
$data merge entity $(bone_right_foot) { transformation: [-0.9959919214402048f,0.0665845304176172f,-0.059720957250486456f,-1.105524165871545f,-0.021801734068101437f,0.4668299475141363f,0.8840783248646993f,0.21195183450537608f,0.08674547145224816f,0.8818368899138969f,-0.46350719818522024f,-9.321311621526037f,0f,0f,0f,1f], start_interpolation: 0, interpolation_duration: 1 }
$data merge entity $(bone_right_knee) { transformation: [-1.5786613053682783f,-0.06411805565979284f,-0.12644076243585053f,-0.939772025548593f,-0.034556057355840074f,1.5450378391517852f,-0.3520424165114629f,0.11730150012773966f,0.13749280114599224f,-0.3478747749717103f,-1.5402430909130669f,-7.256882512945937f,0f,0f,0f,1f], start_interpolation: 0, interpolation_duration: 1 }
$data merge entity $(bone_right_thigh) { transformation: [-1.5972257647906556f,0.14274882467583822f,0.014022940265242596f,-0.7385399999999994f,-0.03496242351075776f,-0.539509348054866f,1.5097719383452517f,0.444962615305309f,0.13910966444596926f,1.5034149293944739f,0.5404591241182348f,-5.2138112803852f,0f,0f,0f,1f], start_interpolation: 0, interpolation_duration: 1 }