# This file was generated by Animated Java via MC-Build. It is not recommended to edit this file directly.
$data merge entity $(bone_left_fingers_2) { transformation: [-0.3578054727348017f,0.1285980026191403f,0.9248988038717495f,-1.5150215012162578f,0.221364406209043f,0.9739199360789413f,-0.04977708078732837f,0.2091649981207076f,-0.9071786171117256f,0.18692916260005565f,-0.3769409036240283f,1.1945539428925658f,0f,0f,0f,1f], start_interpolation: 0, interpolation_duration: 1 }
$data merge entity $(bone_left_fingers) { transformation: [-0.3578054727348017f,0.1285980026191403f,0.9248988038717495f,-0.9763184040621304f,0.221364406209043f,0.9739199360789413f,-0.04977708078732837f,0.1830671351342103f,-0.9071786171117256f,0.18692916260005565f,-0.3769409036240283f,0.9908696289119724f,0f,0f,0f,1f], start_interpolation: 0, interpolation_duration: 1 }
$data merge entity $(bone_left_index_finger_2) { transformation: [-0.10790625800113987f,0.13790042750159875f,0.9845505124568612f,-1.6756226691414222f,0.23977067575406277f,0.9647089281151752f,-0.10884257927534383f,0.3454671318248598f,-0.9648141077599517f,0.22432154624499578f,-0.13716260918203155f,0.6397708436553635f,0f,0f,0f,1f], start_interpolation: 0, interpolation_duration: 1 }
$data merge entity $(bone_left_index_finger) { transformation: [-0.10790625800113987f,0.13790042750159875f,0.9845505124568612f,-1.1074070039847437f,0.23977067575406277f,0.9647089281151752f,-0.10884257927534383f,0.28831901066312365f,-0.9648141077599517f,0.22432154624499578f,-0.13716260918203155f,0.5620185914957438f,0f,0f,0f,1f], start_interpolation: 0, interpolation_duration: 1 }
$data merge entity $(bone_left_thumb) { transformation: [-0.2845885480002457f,0.19237982394036818f,0.939148210714254f,-0.4416507167233934f,0.22849796587009671f,0.9650344838778249f,-0.12844113250780725f,0.15929025051210816f,-0.9310198912699664f,0.1780405803948442f,-0.318596160981778f,0.04506261250965271f,0f,0f,0f,1f], start_interpolation: 0, interpolation_duration: 1 }
$data merge entity $(bone_left_hand) { transformation: [-0.2845885480002457f,-0.015449222194236f,0.9585252630372896f,-0.3221164269213006f,0.22849796587009671f,0.9699590624767286f,0.08347512631013826f,0.15623671174700893f,-0.9310198912699664f,0.24277713782985957f,-0.2725091253642736f,0.658777811282746f,0f,0f,0f,1f], start_interpolation: 0, interpolation_duration: 1 }
$data merge entity $(bone_left_forearm) { transformation: [-0.43499960369771973f,0.5849391919855847f,1.8638508308909203f,1.8436887156117903f,-0.023905590341894774f,1.9077652199474207f,-0.6043002744166747f,0.4062671677356229f,-1.9533361976075514f,-0.1536113296241979f,-0.40767596431216474f,0.15714240442478933f,0f,0f,0f,1f], start_interpolation: 0, interpolation_duration: 1 }
$data merge entity $(bone_left_bicep) { transformation: [-1.169271493177704f,0.5401101810476578f,0.07470469250161212f,1.6935316066371833f,0.13767080450825075f,0.4634815058733916f,-1.1961301211868611f,1.0027492362464823f,-0.5275855839000391f,-1.0760861998711397f,-0.47768982155668277f,-1.5639582052428445f,0f,0f,0f,1f], start_interpolation: 0, interpolation_duration: 1 }
$data merge entity $(bone_left_shoulder) { transformation: [-1.1172707743689114f,0.5160899959885864f,0.07138236938748549f,1.3743293750000003f,0.1315482052358115f,0.4428692087288695f,-1.1429349253290315f,1.1118905684529472f,-0.5041224021188777f,-1.0282296873160894f,-0.45644564154072803f,-1.8177973116799846f,0f,0f,0f,1f], start_interpolation: 0, interpolation_duration: 1 }
$data merge entity $(bone_right_fingers_2) { transformation: [-0.18413665734751447f,-0.34814386981638995f,-0.919178729807295f,1.6796311887990503f,-0.19497404066701624f,0.9295235365667234f,-0.31300338406232525f,0.10954407714929945f,0.9633684730604694f,0.12158059416600701f,-0.23903837398078973f,0.7846226865656154f,0f,0f,0f,1f], start_interpolation: 0, interpolation_duration: 1 }
$data merge entity $(bone_right_fingers) { transformation: [-0.18413665734751447f,-0.34814386981638995f,-0.919178729807295f,1.1453392591206573f,-0.19497404066701624f,0.9295235365667234f,-0.31300338406232525f,-0.06815197414987853f,0.9633684730604694f,0.12158059416600701f,-0.23903837398078973f,0.6608083305361134f,0f,0f,0f,1f], start_interpolation: 0, interpolation_duration: 1 }
$data merge entity $(bone_right_index_finger_2) { transformation: [-0.18413665734751447f,-0.3077185009212482f,-0.9334896976462373f,1.7699307690786168f,-0.19497404066701624f,0.9422918519815395f,-0.2721602269898682f,0.17305905829579507f,0.9633684730604694f,0.13189158381026306f,-0.23350759138229224f,0.35086989488152764f,0f,0f,0f,1f], start_interpolation: 0, interpolation_duration: 1 }
$data merge entity $(bone_right_index_finger) { transformation: [-0.18413665734751447f,-0.3077185009212482f,-0.9334896976462373f,1.2301602770341882f,-0.19497404066701624f,0.9422918519815395f,-0.2721602269898682f,0.02165773540787433f,0.9633684730604694f,0.13189158381026306f,-0.23350759138229224f,0.21705727236945366f,0f,0f,0f,1f], start_interpolation: 0, interpolation_duration: 1 }
$data merge entity $(bone_right_thumb) { transformation: [0.1574853177957108f,-0.1555311871676509f,-0.9751966081242308f,0.5158528021491855f,-0.12025839296819706f,0.9771492798209743f,-0.17526324162829343f,-0.1314209892329155f,0.9801715633497485f,0.14487696422679486f,0.13518273424123867f,-0.2227780088090281f,0f,0f,0f,1f], start_interpolation: 0, interpolation_duration: 1 }
$data merge entity $(bone_right_hand) { transformation: [-0.18413665734751447f,0.030111475587002445f,-0.9824393062468831f,0.46058176407983f,-0.19497404066701624f,0.9785489797763615f,0.06653583729553891f,-0.11202077464528926f,0.9633684730604694f,0.20380184792247363f,-0.17431578212119558f,0.3997273002183471f,0f,0f,0f,1f], start_interpolation: 0, interpolation_duration: 1 }
$data merge entity $(bone_right_forearm) { transformation: [-0.3685184466201228f,-0.7763294547004237f,-1.8074383819349955f,-1.7351535734432098f,-0.3902076405256704f,1.83118971541201f,-0.7069717078294085f,0.001630255852159257f,1.9280194304007003f,0.22222415746354898f,-0.4885532438368767f,-0.013433786073779652f,0f,0f,0f,1f], start_interpolation: 0, interpolation_duration: 1 }
$data merge entity $(bone_right_bicep) { transformation: [-1.140868823376935f,-0.6019728548102069f,-0.023294493540065353f,-1.6779732573313126f,-0.31180111673517075f,0.6327326640315111f,-1.080243057363202f,0.9350405261377367f,0.5154551531999064f,-0.9496176501362784f,-0.7050020759546913f,-1.5837873924657737f,0f,0f,0f,1f], start_interpolation: 0, interpolation_duration: 1 }
$data merge entity $(bone_right_shoulder) { transformation: [-1.0901312494017819f,-0.5752014665260028f,-0.022258523352270763f,-1.3743293749999999f,-0.29793446361806714f,0.604593302441482f,-1.0322016779240841f,1.1118905684529472f,0.4925314450307741f,-0.907385541777593f,-0.6736486948749021f,-1.8177973116799848f,0f,0f,0f,1f], start_interpolation: 0, interpolation_duration: 1 }
$data merge entity $(bone_chest) { transformation: [-4.0674850000000005f,1.5292508190166192e-16f,4.740682335953744e-16f,1.601806051662403e-16f,0f,3.871060896296297f,-1.2487280578215232f,1.474793952330912f,-4.981232485829872e-16f,-1.2487280578215232f,-3.871060896296297f,-1.3079739013547764f,0f,0f,0f,1f], start_interpolation: 0, interpolation_duration: 1 }
$data merge entity $(bone_weist) { transformation: [-1.0999999999999999f,1.2627533114029464e-17f,1.341180031825055e-16f,4.266554381553492e-16f,0f,1.095156605773058f,-0.10311163286280782f,0.9222667038986276f,-1.3471114790620883e-16f,-0.10311163286280782f,-1.095156605773058f,-3.4839060409287255f,0f,0f,0f,1f], start_interpolation: 0, interpolation_duration: 1 }
$data merge entity $(bone_right_fingers2) { transformation: [-0.9959914409160657f,-0.025984277496650145f,-0.08559127843954846f,1.1808716491257785f,0.02179941032558546f,-0.9985376526506207f,0.049470617021073304f,-0.023457887727781512f,-0.08675157250099842f,0.04740647173083057f,0.9951013973996006f,-10.319884985550138f,0f,0f,0f,1f], start_interpolation: 0, interpolation_duration: 1 }
$data merge entity $(bone_left_foot) { transformation: [-0.9959914409160657f,-0.06659061196396263f,0.05972219035002139f,1.1087521370503768f,0.02179941032558546f,0.46683585248155013f,0.884075264073869f,0.25473574803730864f,-0.08675157250099842f,0.8818333046761667f,-0.46351287731034474f,-9.366344645227194f,0f,0f,0f,1f], start_interpolation: 0, interpolation_duration: 1 }
$data merge entity $(bone_left_knee) { transformation: [-1.5786605437307104f,0.06411744869869875f,0.1264505791772233f,0.9420599088171833f,0.03455237419103256f,1.5450355754680207f,-0.3520527126865979f,0.12899224306984325f,-0.13750247139469293f,-0.34788494052574215f,-1.5402399316501891f,-7.299079255601419f,0f,0f,0f,1f], start_interpolation: 0, interpolation_duration: 1 }
$data merge entity $(bone_left_thigh) { transformation: [-1.5972249941965184f,-0.1427568714386216f,-0.014028794748642087f,0.7385400000000005f,0.03495869703332621f,-0.5394993316523862f,1.509775603909227f,0.4612560881241736f,-0.13911944841313445f,1.503417759744375f,0.5404487323230018f,-5.228737900918066f,0f,0f,0f,1f], start_interpolation: 0, interpolation_duration: 1 }
$data merge entity $(bone_left_fingers2) { transformation: [-0.9959914409160657f,0.025984277496650148f,0.08559127843954821f,-1.1776686301120325f,-0.02179941032558546f,-0.9985376526506207f,0.049470617021073304f,-0.06626920718900842f,0.08675157250099817f,0.04740647173083057f,0.9951013973996006f,-10.274848177644673f,0f,0f,0f,1f], start_interpolation: 0, interpolation_duration: 1 }
$data merge entity $(bone_right_foot) { transformation: [-0.9959914409160657f,0.0665906119639624f,-0.059722190350021284f,-1.105549118036631f,-0.02179941032558546f,0.46683585248155013f,0.884075264073869f,0.21192442857608174f,0.08675157250099817f,0.8818333046761667f,-0.46351287731034474f,-9.32130783732173f,0f,0f,0f,1f], start_interpolation: 0, interpolation_duration: 1 }
$data merge entity $(bone_right_knee) { transformation: [-1.5786605437307104f,-0.06411744869869868f,-0.1264505791772229f,-0.939784804887996f,-0.03455237419103256f,1.5450355754680207f,-0.3520527126865979f,0.11728790091879271f,0.13750247139469252f,-0.34788494052574215f,-1.5402399316501891f,-7.256879073161629f,0f,0f,0f,1f], start_interpolation: 0, interpolation_duration: 1 }
$data merge entity $(bone_right_thigh) { transformation: [-1.5972249941965184f,0.14275687143862126f,0.014028794748641953f,-0.7385399999999994f,-0.03495869703332621f,-0.5394993316523862f,1.509775603909227f,0.444962615305309f,0.13911944841313403f,1.503417759744375f,0.5404487323230018f,-5.2138112803852f,0f,0f,0f,1f], start_interpolation: 0, interpolation_duration: 1 }