# This file was generated by Animated Java via MC-Build. It is not recommended to edit this file directly.
$data merge entity $(bone_left_fingers_2) { transformation: [-0.3551153327456528f,0.12799965585220813f,0.9260179202103275f,-1.516437423552146f,0.22427417017599416f,0.9733169015360074f,-0.04853149262298896f,0.2073121561179141f,-0.9075209072196703f,0.19044762347181546f,-0.37434677195499366f,1.18987265932559f,0f,0f,0f,1f], start_interpolation: 0, interpolation_duration: 1 }
$data merge entity $(bone_left_fingers) { transformation: [-0.3551153327456528f,0.12799965585220813f,0.9260179202103275f,-0.9771298056583568f,0.22427417017599416f,0.9733169015360074f,-0.04853149262298896f,0.18188865540528681f,-0.9075209072196703f,0.19044762347181546f,-0.37434677195499366f,0.9877084587585807f,0f,0f,0f,1f], start_interpolation: 0, interpolation_duration: 1 }
$data merge entity $(bone_left_index_finger_2) { transformation: [-0.1148821277113238f,0.13667837913338218f,0.9839314597114935f,-1.6761100204006576f,0.2410358318940837f,0.9647247343698224f,-0.10586743898953295f,0.3436371799389136f,-0.9636928060723737f,0.22500046127185389f,-0.1437740169564965f,0.6406905692949494f,0f,0f,0f,1f], start_interpolation: 0, interpolation_duration: 1 }
$data merge entity $(bone_left_index_finger) { transformation: [-0.1148821277113238f,0.13667837913338218f,0.9839314597114935f,-1.1082581976689432f,0.2410358318940837f,0.9647247343698224f,-0.10586743898953295f,0.2882037886343882f,-0.9636928060723737f,0.22500046127185389f,-0.1437740169564965f,0.559131945309469f,0f,0f,0f,1f], start_interpolation: 0, interpolation_duration: 1 }
$data merge entity $(bone_left_thumb) { transformation: [-0.2846749351654516f,0.19707263944890824f,0.9381484722948635f,-0.44374609164666223f,0.2308062593847519f,0.9639420700362266f,-0.13245435531945615f,0.1566405260757006f,-0.9304239097945433f,0.17882410462494935f,-0.3198957450290963f,0.041214859205582655f,0f,0f,0f,1f], start_interpolation: 0, interpolation_duration: 1 }
$data merge entity $(bone_left_hand) { transformation: [-0.2846749351654516f,-0.010651262153565877f,0.9585649335872254f,-0.32346973640542465f,0.2308062593847519f,0.9697611636010546f,0.07932059127330665f,0.15237926646796773f,-0.9304239097945433f,0.24382337087667466f,-0.273608318398712f,0.6547778598656756f,0f,0f,0f,1f], start_interpolation: 0, interpolation_duration: 1 }
$data merge entity $(bone_left_forearm) { transformation: [-0.43751776525466557f,0.5935890212361754f,1.860523773646856f,1.8428503497150686f,-0.01980569837942591f,1.9051958716586406f,-0.6124988638987577f,0.39290191056025525f,-1.9528195955461325f,-0.1523128288537941f,-0.4106274013851096f,0.15072293437842643f,0f,0f,0f,1f], start_interpolation: 0, interpolation_duration: 1 }
$data merge entity $(bone_left_bicep) { transformation: [-1.169271208690181f,0.540924178308917f,0.06856746575554047f,1.6933353300920164f,0.14365223373140412f,0.462120070628094f,-1.1959534688179865f,0.9919087536040213f,-0.5259890681214701f,-1.076262838322786f,-0.4790505469918591f,-1.5695565152816469f,0f,0f,0f,1f], start_interpolation: 0, interpolation_duration: 1 }
$data merge entity $(bone_left_shoulder) { transformation: [-1.1172705025333312f,0.5168677925531375f,0.0655180819922407f,1.3743293750000003f,0.1372636238524268f,0.4415683202528895f,-1.1427661291767963f,1.1027992687778643f,-0.5025968877874144f,-1.0283984701700335f,-0.4577458517737949f,-1.822883737062244f,0f,0f,0f,1f], start_interpolation: 0, interpolation_duration: 1 }
$data merge entity $(bone_right_fingers_2) { transformation: [-0.1859184910418656f,-0.35267636779008465f,-0.9170897961983376f,1.6769177970010305f,-0.19707563161489383f,0.9277805228348437f,-0.31683512569141514f,0.1108199423276687f,0.9625983119205571f,0.12183054235575393f,-0.2419954727613649f,0.7866822090412185f,0f,0f,0f,1f], start_interpolation: 0, interpolation_duration: 1 }
$data merge entity $(bone_right_fingers) { transformation: [-0.1859184910418656f,-0.35267636779008465f,-0.9170897961983376f,1.1437790554091396f,-0.19707563161489383f,0.9277805228348437f,-0.31683512569141514f,-0.06912341898132171f,0.9625983119205571f,0.12183054235575393f,-0.2419954727613649f,0.6611544572872011f,0f,0f,0f,1f], start_interpolation: 0, interpolation_duration: 1 }
$data merge entity $(bone_right_index_finger_2) { transformation: [-0.1859184910418656f,-0.3123378029654609f,-0.931600457024053f,1.7681292309794587f,-0.19707563161489383f,0.9407176354349156f,-0.2760643508411256f,0.1753148097789005f,0.9625983119205571f,0.13227028094190477f,-0.23645097307315793f,0.35326493007498694f,0f,0f,0f,1f], start_interpolation: 0, interpolation_duration: 1 }
$data merge entity $(bone_right_index_finger) { transformation: [-0.1859184910418656f,-0.3123378029654609f,-0.931600457024053f,1.2294208298574714f,-0.19707563161489383f,0.9407176354349156f,-0.2760643508411256f,0.02165434905395397f,0.9625983119205571f,0.13227028094190477f,-0.23645097307315793f,0.2177581628342134f,0f,0f,0f,1f], start_interpolation: 0, interpolation_duration: 1 }
$data merge entity $(bone_right_thumb) { transformation: [0.1553145168290927f,-0.16034609411907658f,-0.974764859318852f,0.517032230501461f,-0.12084028563302222f,0.9762447849170246f,-0.17984366903074997f,-0.13406754813605393f,0.9804463403115312f,0.14572319658540506f,0.13224871926282042f,-0.2242559923992138f,0f,0f,0f,1f], start_interpolation: 0, interpolation_duration: 1 }
$data merge entity $(bone_right_hand) { transformation: [-0.1859184910418656f,0.025124593194498446f,-0.9822438951225538f,0.45995184109225695f,-0.19707563161489383f,0.978404989103148f,0.062328747152976094f,-0.11573921844045143f,0.9625983119205571f,0.20516440265036218f,-0.1769521341290173f,0.3981185067715356f,0f,0f,0f,1f], start_interpolation: 0, interpolation_duration: 1 }
$data merge entity $(bone_right_forearm) { transformation: [-0.37208448607493066f,-0.7852094936159306f,-1.8028660401106704f,-1.7351231104930362f,-0.3944136201643749f,1.8273701887478546f,-0.714480833704463f,-0.011459451709306179f,1.9264780828438584f,0.222465765091185f,-0.494487564971261f,-0.020980526369750896f,0f,0f,0f,1f], start_interpolation: 0, interpolation_duration: 1 }
$data merge entity $(bone_right_bicep) { transformation: [-1.140869812926648f,-0.6021965707495618f,-0.016461580765348132f,-1.677817198222038f,-0.3176297828389214f,0.6312605820471477f,-1.0794058653344012f,0.9242711778232271f,0.5118818364794023f,-0.9504551495163124f,-0.7064754898448424f,-1.58994801861012f,0f,0f,0f,1f], start_interpolation: 0, interpolation_duration: 1 }
$data merge entity $(bone_right_shoulder) { transformation: [-1.0901321949434977f,-0.5754152332023137f,-0.015729488999217136f,-1.3743293749999999f,-0.30350391291129947f,0.6031866879912021f,-1.0314017181270898f,1.1027992687778643f,0.48911704353148416f,-0.908185795257066f,-0.6750565819974567f,-1.8228837370622442f,0f,0f,0f,1f], start_interpolation: 0, interpolation_duration: 1 }
$data merge entity $(bone_chest) { transformation: [-4.0674850000000005f,1.4753458034351e-16f,4.757733897368924e-16f,1.6030311012338018e-16f,0f,3.8849845528371474f,-1.2047112722315474f,1.4598928063094063f,-4.981232485829872e-16f,-1.2047112722315474f,-3.8849845528371474f,-1.3089742302432787f,0f,0f,0f,1f], start_interpolation: 0, interpolation_duration: 1 }
$data merge entity $(bone_weist) { transformation: [-1.0999999999999999f,1.1104486972979394e-17f,1.3425268615292364e-16f,4.2752877399061627e-16f,0f,1.0962563756864065f,-0.0906750173250832f,0.9320978708883951f,-1.3471114790620883e-16f,-0.0906750173250832f,-1.0962563756864065f,-3.4910373692094607f,0f,0f,0f,1f], start_interpolation: 0, interpolation_duration: 1 }
$data merge entity $(bone_right_fingers2) { transformation: [-0.9959913074295528f,-0.025983874009994717f,-0.08559295424392678f,1.1808803347348564f,0.02179876484150712f,-0.9985375752886092f,0.04947246292767432f,-0.023467329633357792f,-0.08675326723619632f,0.04740832235144121f,0.9951011614884526f,-10.319883331968558f,0f,0f,0f,1f], start_interpolation: 0, interpolation_duration: 1 }
$data merge entity $(bone_left_foot) { transformation: [-0.9959913074295528f,-0.0665923012793492f,0.05972253289245699f,1.1087591054003827f,0.02179876484150712f,0.466837492746478f,0.8840744138462366f,0.2547280797215885f,-0.08675326723619632f,0.8818323087619906f,-0.4635144548418557f,-9.366343638972767f,0f,0f,0f,1f], start_interpolation: 0, interpolation_duration: 1 }
$data merge entity $(bone_left_knee) { transformation: [-1.5786603321526964f,0.06411728012228206f,0.12645330605123456f,0.9420635061288142f,0.03455135108962404f,1.5450349466532343f,-0.3520555727326957f,0.12898841488750723f,-0.13750515757399034f,-0.34788776429185564f,-1.540239054053167f,-7.299078287594197f,0f,0f,0f,1f], start_interpolation: 0, interpolation_duration: 1 }
$data merge entity $(bone_left_thigh) { transformation: [-1.597224780130427f,-0.14275910666469263f,-0.014030420974412913f,0.7385400000000005f,0.03495766190063236f,-0.539496549313071f,1.5097766221083304f,0.4612560881241736f,-0.13912216618088366f,1.5034185459328013f,0.540445845699225f,-5.228737900918066f,0f,0f,0f,1f], start_interpolation: 0, interpolation_duration: 1 }
$data merge entity $(bone_left_fingers2) { transformation: [-0.9959913074295528f,0.025983874009994728f,0.08559295424392654f,-1.1776772785419685f,-0.02179876484150712f,-0.9985375752886092f,0.04947246292767432f,-0.06627859353642213f,0.08675326723619607f,0.04740832235144121f,0.9951011614884526f,-10.27484647908848f,0f,0f,0f,1f], start_interpolation: 0, interpolation_duration: 1 }
$data merge entity $(bone_right_foot) { transformation: [-0.9959913074295528f,0.06659230127934898f,-0.059722532892456895f,-1.105556049207495f,-0.02179876484150712f,0.466837492746478f,0.8840744138462366f,0.21191681581852417f,0.08675326723619607f,0.8818323087619906f,-0.4635144548418557f,-9.321306786092688f,0f,0f,0f,1f], start_interpolation: 0, interpolation_duration: 1 }
$data merge entity $(bone_right_knee) { transformation: [-1.5786603321526964f,-0.06411728012228199f,-0.12645330605123417f,-0.9397883547081759f,-0.03455135108962404f,1.5450349466532343f,-0.3520555727326957f,0.1172841233629025f,0.13750515757398996f,-0.34788776429185564f,-1.540239054053167f,-7.2568781176346935f,0f,0f,0f,1f], start_interpolation: 0, interpolation_duration: 1 }
$data merge entity $(bone_right_thigh) { transformation: [-1.597224780130427f,0.14275910666469227f,0.01403042097441278f,-0.7385399999999994f,-0.03495766190063236f,-0.539496549313071f,1.5097766221083304f,0.444962615305309f,0.13912216618088327f,1.5034185459328013f,0.540445845699225f,-5.2138112803852f,0f,0f,0f,1f], start_interpolation: 0, interpolation_duration: 1 }