# This file was generated by Animated Java via MC-Build. It is not recommended to edit this file directly.
$data merge entity $(bone_left_fingers_2) { transformation: [-0.35457286146266387f,0.1275239590362288f,0.9262913827656527f,-1.5166725792658884f,0.2246579945104065f,0.9732550722839295f,-0.047993226357117696f,0.206862028110869f,-0.9076380729215479f,0.19108166878413418f,-0.373739112801871f,1.1891229288036356f,0f,0f,0f,1f], start_interpolation: 0, interpolation_duration: 1 }
$data merge entity $(bone_left_fingers) { transformation: [-0.35457286146266387f,0.1275239590362288f,0.9262913827656527f,-0.9772175695083829f,0.2246579945104065f,0.9732550722839295f,-0.047993226357117696f,0.18174310679365976f,-0.9076380729215479f,0.19108166878413418f,-0.373739112801871f,0.9873142140833692f,0f,0f,0f,1f], start_interpolation: 0, interpolation_duration: 1 }
$data merge entity $(bone_left_index_finger_2) { transformation: [-0.11627408462999622f,0.13607961456175932f,0.9838509418322368f,-1.6761541949324101f,0.2411781560901415f,0.9647904668129765f,-0.10494023142607645f,0.3430900242510546f,-0.9634902356891926f,0.22508152666872094f,-0.1449995589098878f,0.6410371336939109f,0f,0f,0f,1f], start_interpolation: 0, interpolation_duration: 1 }
$data merge entity $(bone_left_index_finger) { transformation: [-0.11627408462999622f,0.13607961456175932f,0.9838509418322368f,-1.1083522398946588f,0.2411781560901415f,0.9647904668129765f,-0.10494023142607645f,0.2881913831691156f,-0.9634902356891926f,0.22508152666872094f,-0.1449995589098878f,0.5587726719846158f,0f,0f,0f,1f], start_interpolation: 0, interpolation_duration: 1 }
$data merge entity $(bone_left_thumb) { transformation: [-0.2846885652890659f,0.19766054630261728f,0.9380206443511806f,-0.44399882203358454f,0.2310953082777872f,0.9638037015138691f,-0.1329563215501969f,0.15631135018553324f,-0.9303479882740909f,0.17892102554902736f,-0.3200623178864336f,0.040732584481581124f,0f,0f,0f,1f], start_interpolation: 0, interpolation_duration: 1 }
$data merge entity $(bone_left_hand) { transformation: [-0.2846885652890659f,-0.010049624008950042f,0.9585673820086578f,-0.32362758649056445f,0.2310953082777872f,0.9697347203423574f,0.07880057521696515f,0.15189860605936778f,-0.9303479882740909f,0.24395404735279305f,-0.27374996528683504f,0.6542759073901611f,0f,0f,0f,1f], start_interpolation: 0, interpolation_duration: 1 }
$data merge entity $(bone_left_forearm) { transformation: [-0.43783930762362255f,0.5946705201948014f,1.8601027247067852f,1.8427516605489054f,-0.01929125918161453f,1.9048713397238022f,-0.6135238053806312f,0.3912311397701098f,-1.9527526779829418f,-0.15215316250669014f,-0.4110046558378118f,0.1499088564614739f,0f,0f,0f,1f], start_interpolation: 0, interpolation_duration: 1 }
$data merge entity $(bone_left_bicep) { transformation: [-1.1692711517921706f,0.5410213789043203f,0.0677972319950476f,1.6933111410988246f,0.1444010071230121f,0.4619496151589443f,-1.1959291474445612f,0.9905541379066485f,-0.5257841251308205f,-1.0762871569121706f,-0.4792208604990464f,-1.5702669482399025f,0f,0f,0f,1f], start_interpolation: 0, interpolation_duration: 1 }
$data merge entity $(bone_left_shoulder) { transformation: [-1.1172704481657316f,0.5169606703707608f,0.06478210264522676f,1.3743293750000003f,0.13797909723217636f,0.44140544540720694f,-1.1427428894417313f,1.1016635747004142f,-0.5024010591751541f,-1.0284217072448718f,-0.4579085909709539f,-1.823528696213442f,0f,0f,0f,1f], start_interpolation: 0, interpolation_duration: 1 }
$data merge entity $(bone_right_fingers_2) { transformation: [-0.18614507890889098f,-0.35324239022214926f,-0.9168259504116064f,1.676560968701514f,-0.19733924947901205f,0.927561346520112f,-0.31731241554161876f,0.11097524783519581f,0.9625005092014565f,0.12185960032734315f,-0.24236956821143496f,0.786944846358606f,0f,0f,0f,1f], start_interpolation: 0, interpolation_duration: 1 }
$data merge entity $(bone_right_fingers) { transformation: [-0.18614507890889098f,-0.35324239022214926f,-0.9168259504116064f,1.1435678985283872f,-0.19733924947901205f,0.927561346520112f,-0.31731241554161876f,-0.06924808038864651f,0.9625005092014565f,0.12185960032734315f,-0.24236956821143496f,0.661200317105334f,0f,0f,0f,1f], start_interpolation: 0, interpolation_duration: 1 }
$data merge entity $(bone_right_index_finger_2) { transformation: [-0.18614507890889098f,-0.3129147954611666f,-0.9313615519117692f,1.7678880973488065f,-0.19733924947901205f,0.9405194868183316f,-0.2765507467537242f,0.17559304576058493f,0.9625005092014565f,0.13231562907109198f,-0.23682344497633345f,0.35357024271095344f,0f,0f,0f,1f], start_interpolation: 0, interpolation_duration: 1 }
$data merge entity $(bone_right_index_finger) { transformation: [-0.18614507890889098f,-0.3129147954611666f,-0.9313615519117692f,1.2293140449281101f,-0.19733924947901205f,0.9405194868183316f,-0.2765507467537242f,0.021651118265393232f,0.9625005092014565f,0.13231562907109198f,-0.23682344497633345f,0.21784907407514173f,0f,0f,0f,1f], start_interpolation: 0, interpolation_duration: 1 }
$data merge entity $(bone_right_thumb) { transformation: [0.15503858717283037f,-0.16094788141182909f,-0.9747096059629742f,0.5171685554280988f,-0.1209143960805535f,0.9761301384806307f,-0.1804152476102278f,-0.13439964473028582f,0.9804808745242959f,0.14582774845285368f,0.13187692168550016f,-0.22444076340346164f,0f,0f,0f,1f], start_interpolation: 0, interpolation_duration: 1 }
$data merge entity $(bone_right_hand) { transformation: [-0.18614507890889098f,0.024500687243290353f,-0.9822167408075517f,0.45985943534114515f,-0.19733924947901205f,0.9783851475100651f,0.061803913684882916f,-0.11620617906484887f,0.9625005092014565f,0.20533440884643472f,-0.17728663325423727f,0.397916672725101f,0f,0f,0f,1f], start_interpolation: 0, interpolation_duration: 1 }
$data merge entity $(bone_right_forearm) { transformation: [-0.37253796345407936f,-0.7863181809201398f,-1.8022890879008537f,-1.735126783716634f,-0.394941206833893f,1.8268902959350652f,-0.7154160062435285f,-0.0130953787964313f,1.926282347205787f,0.22249120701568287f,-0.49523807796920294f,-0.021935650623340353f,0f,0f,0f,1f], start_interpolation: 0, interpolation_duration: 1 }
$data merge entity $(bone_right_bicep) { transformation: [-1.1408700108361658f,-0.6022190057456057f,-0.015604839139560293f,-1.6777981645406048f,-0.3183575319705999f,0.6310774609582401f,-1.0792985423964958f,0.9229259617391906f,0.5114290994100608f,-0.9505625339241947f,-0.7066588773144644f,-1.590728896981464f,0f,0f,0f,1f], start_interpolation: 0, interpolation_duration: 1 }
$data merge entity $(bone_right_shoulder) { transformation: [-1.0901323840514352f,-0.575436670452387f,-0.0149108490295753f,-1.3743293749999999f,-0.3041992970377756f,0.6030117108007028f,-1.031299168135372f,1.1016635747004142f,0.4886844409246472f,-0.9082884039850216f,-0.6752318137219874f,-1.8235286962134423f,0f,0f,0f,1f], start_interpolation: 0, interpolation_duration: 1 }
$data merge entity $(bone_chest) { transformation: [-4.0674850000000005f,1.4685741349797677e-16f,4.759828472535043e-16f,1.603199295937674e-16f,0f,3.886694903256205f,-1.1991817853133218f,1.4580254661716596f,-4.981232485829872e-16f,-1.1991817853133218f,-3.886694903256205f,-1.3091115716416222f,0f,0f,0f,1f], start_interpolation: 0, interpolation_duration: 1 }
$data merge entity $(bone_weist) { transformation: [-1.0999999999999999f,1.0913436431765848e-17f,1.3426835172689904e-16f,4.2763729918250155e-16f,0f,1.0963842948055058f,-0.08911497126652525f,0.9333361040012843f,-1.3471114790620883e-16f,-0.08911497126652525f,-1.0963842948055058f,-3.491923544651726f,0f,0f,0f,1f], start_interpolation: 0, interpolation_duration: 1 }
$data merge entity $(bone_right_fingers2) { transformation: [-0.9959912807318544f,-0.025983793313429943f,-0.08559328940498463f,1.1808820718574253f,0.02179863574468905f,-0.9985375598157469f,0.04947283210899034f,-0.023469218014345483f,-0.08675360618320636f,0.04740869247573626f,0.9951011143054511f,-10.319883001248243f,0f,0f,0f,1f], start_interpolation: 0, interpolation_duration: 1 }
$data merge entity $(bone_left_foot) { transformation: [-0.9959912807318544f,-0.06659263914226778f,0.05972260140171562f,1.1087604990711355f,0.02179863574468905f,0.4668378207992654f,0.884074243800295f,0.25472654605846184f,-0.08675360618320636f,0.8818321095783828f,-0.4635147703479884f,-9.36634343771867f,0f,0f,0f,1f], start_interpolation: 0, interpolation_duration: 1 }
$data merge entity $(bone_left_knee) { transformation: [-1.5786602898364661f,0.06411724640824501f,0.12645385142611024f,0.9420642255913347f,0.034551146469338524f,1.5450348208895601f,-0.35205614474178215f,0.1289876492511537f,-0.13750569480980301f,-0.3478883290451359f,-1.54023887853251f,-7.299078093991097f,0f,0f,0f,1f], start_interpolation: 0, interpolation_duration: 1 }
$data merge entity $(bone_left_thigh) { transformation: [-1.597224737316574f,-0.142759553710647f,-0.014030746218543532f,0.7385400000000005f,0.03495745487408974f,-0.5394959928449319f,1.509776825747467f,0.4612560881241736f,-0.13912270973438615f,1.503418703169449f,0.5404452683737397f,-5.228737900918066f,0f,0f,0f,1f], start_interpolation: 0, interpolation_duration: 1 }
$data merge entity $(bone_left_fingers2) { transformation: [-0.9959912807318544f,0.02598379331342993f,0.0855932894049844f,-1.1776790082286825f,-0.02179863574468905f,-0.9985375598157469f,0.04947283210899034f,-0.06628047080576432f,0.08675360618320611f,0.04740869247573626f,0.9951011143054511f,-10.27484613937326f,0f,0f,0f,1f], start_interpolation: 0, interpolation_duration: 1 }
$data merge entity $(bone_right_foot) { transformation: [-0.9959912807318544f,0.06659263914226757f,-0.05972260140171551f,-1.105557435442393f,-0.02179863574468905f,0.4668378207992654f,0.884074243800295f,0.211915293267043f,0.08675360618320611f,0.8818321095783828f,-0.4635147703479884f,-9.321306575843687f,0f,0f,0f,1f], start_interpolation: 0, interpolation_duration: 1 }
$data merge entity $(bone_right_knee) { transformation: [-1.5786602898364661f,-0.06411724640824494f,-0.12645385142610988f,-0.9397890646724039f,-0.034551146469338524f,1.5450348208895601f,-0.35205614474178215f,0.11728336785183668f,0.13750569480980263f,-0.3478883290451359f,-1.54023887853251f,-7.2568779265276735f,0f,0f,0f,1f], start_interpolation: 0, interpolation_duration: 1 }
$data merge entity $(bone_right_thigh) { transformation: [-1.597224737316574f,0.14275955371064666f,0.014030746218543399f,-0.7385399999999994f,-0.03495745487408974f,-0.5394959928449319f,1.509776825747467f,0.444962615305309f,0.13912270973438576f,1.503418703169449f,0.5404452683737397f,-5.2138112803852f,0f,0f,0f,1f], start_interpolation: 0, interpolation_duration: 1 }