execute if entity @s[tag=aj.armor.bone.right_thumb_2] run data modify entity @s {} merge value {transformation:[-0.9630653569207321f,0.22356107671201228f,-0.1500747756318501f,-2.4024975238742496f,0.25194441073121043f,0.942889149165914f,-0.21219835447598862f,-2.370456727108511f,0.09409674149529824f,-0.2427693690723601f,-0.9654859910049346f,-1.0846790709203324f,0f,0f,0f,1f],start_interpolation:0}
execute if entity @s[tag=aj.armor.bone.right_thumb] run data modify entity @s {} merge value {transformation:[-0.9630653569207321f,0.22356107671201228f,-0.1500747756318501f,-2.537849970788743f,0.25194441073121043f,0.942889149165914f,-0.21219835447598862f,-2.0174262661414457f,0.09409674149529824f,-0.2427693690723601f,-0.9654859910049346f,-1.0978112971731253f,0f,0f,0f,1f],start_interpolation:0}
execute if entity @s[tag=aj.armor.bone.right_fingers_2] run data modify entity @s {} merge value {transformation:[0.9735511579567585f,-0.21915016767344042f,-0.06456176772826713f,-2.4589321855208124f,-0.20989097970327464f,-0.9686793713695976f,0.12308585409394474f,-2.7830380381010267f,-0.08955420669359813f,-0.10609435029714846f,-0.9902920756247177f,-1.417916624079744f,0f,0f,0f,1f],start_interpolation:0}
execute if entity @s[tag=aj.armor.bone.right_fingers] run data modify entity @s {} merge value {transformation:[-0.3443492331885587f,-0.9366174559299513f,-0.06456176772826713f,-2.888321857187107f,-0.9329959147011961f,0.3345333631025128f,0.12308585409394474f,-2.6782670423522785f,-0.09349752882589808f,0.10263614960112302f,-0.9902920756247177f,-1.385427668007859f,0f,0f,0f,1f],start_interpolation:0}
execute if entity @s[tag=aj.armor.bone.right_hand] run data modify entity @s {} merge value {transformation:[-0.9821837490305844f,0.1764758801946287f,-0.06456176772826713f,-2.7149587302171234f,0.16743800926604913f,0.9769127191979957f,0.12308585409394474f,-1.9110485629663767f,0.0848412003695283f,0.10989967161621232f,-0.9902920756247177f,-1.2926946822443126f,0f,0f,0f,1f],start_interpolation:0}
execute if entity @s[tag=aj.armor.bone.right_forearm] run data modify entity @s {} merge value {transformation:[-1.818151650174464f,0.08529819904973704f,-0.11775805496491357f,-2.5115056902234207f,0.0702094145344839f,1.8064680685488155f,0.2245036231474189f,0.7523016137743088f,0.12725872983924927f,0.21893618610466892f,-1.806252721634762f,-1.049852317898755f,0f,0f,0f,1f],start_interpolation:0}
execute if entity @s[tag=aj.armor.bone.right_bicep] run data modify entity @s {} merge value {transformation:[-1.5773212815040019f,0.14669041833764232f,-0.025811001562295044f,-2.2775522652748155f,0.13740593392796147f,1.538196536015804f,0.34502301441774796f,3.147735300959931f,0.05702857233751844f,0.3411705366705396f,-1.5460822764574094f,-0.49769691711289377f,0f,0f,0f,1f],start_interpolation:0}
execute if entity @s[tag=aj.armor.bone.right_shoulder] run data modify entity @s {} merge value {transformation:[-1.0131037645925391f,0.005525694273301228f,1.0298422860124634e-7f,-1.8298302080009765f,0.005387932874565184f,0.9878419323447345f,0.21916083732775388f,3.356888073501074f,0.0011949328771100295f,0.2191023969368222f,-0.9891202389870282f,-0.4302065953694817f,0f,0f,0f,1f],start_interpolation:0}
execute if entity @s[tag=aj.armor.bone.right_arm] run data modify entity @s {} merge value {transformation:[-1.3293804228398434f,-2.1223415190519897e-17f,1.6140935302348927e-16f,-1.7519509546875f,0f,1.3163619366147377f,0.17351896460516686f,3.512962723927724f,-1.6280214796799692e-16f,0.17330233668431147f,-1.318007389035506f,-0.4037982223341072f,0f,0f,0f,1f],start_interpolation:0}
execute if entity @s[tag=aj.armor.bone.left_thumb_2] run data modify entity @s {} merge value {transformation:[-0.9369574715406017f,-0.13714177680783407f,0.3214027140219473f,2.4094822391082777f,-0.26297377760139895f,0.8807046805010382f,-0.3908300569217391f,-2.2260217183075257f,-0.22965401314073416f,-0.4515415850340537f,-0.8621621618813341f,-0.7407464696575199f,0f,0f,0f,1f],start_interpolation:0}
execute if entity @s[tag=aj.armor.bone.left_thumb] run data modify entity @s {} merge value {transformation:[-0.9369574715406017f,-0.13714177680783407f,0.3214027140219473f,2.5583980457076216f,-0.26297377760139895f,0.8807046805010382f,-0.3908300569217391f,-1.8821077612495143f,-0.22965401314073416f,-0.4515415850340537f,-0.8621621618813341f,-0.792655930481818f,0f,0f,0f,1f],start_interpolation:0}
execute if entity @s[tag=aj.armor.bone.left_fingers_2] run data modify entity @s {} merge value {transformation:[0.9464818883553686f,0.19770052495329404f,0.2551145085072352f,2.5118705555873477f,0.22079376242291215f,-0.9718192867171956f,-0.06604137941814242f,-2.694183280325709f,0.23508124204098443f,0.11929290991603635f,-0.964603739071562f,-0.9746204074488765f,0f,0f,0f,1f],start_interpolation:0}
execute if entity @s[tag=aj.armor.bone.left_fingers] run data modify entity @s {} merge value {transformation:[-0.319549846448118f,0.9125795078712522f,0.2551145085072352f,2.9311155260723956f,0.9346858689247242f,0.3457527121987879f,-0.06604137941814242f,-2.586144277506322f,-0.14895660192055304f,0.2174992401367172f,-0.964603739071562f,-0.8799486217933518f,0f,0f,0f,1f],start_interpolation:0}
execute if entity @s[tag=aj.armor.bone.left_hand] run data modify entity @s {} merge value {transformation:[-0.9542046231011377f,-0.15622739773793998f,0.2551145085072352f,2.7730934809877175f,-0.1781934537685551f,0.9805252187447392f,-0.06604137941814242f,-1.814797857054768f,-0.2400609804358656f,-0.10892526974003075f,-0.964603739071562f,-0.9660043207796295f,0f,0f,0f,1f],start_interpolation:0}
execute if entity @s[tag=aj.armor.bone.left_forearm] run data modify entity @s {} merge value {transformation:[-1.7627348006168286f,-0.055342863736291804f,0.46531855263914484f,2.6303589963653176f,-0.08879903618906959f,1.8155613485169642f,-0.12045680688627362f,0.8470586074670008f,-0.4600478888386116f,-0.13982319727637635f,-1.7593982339987417f,-1.2641613881393847f,0f,0f,0f,1f],start_interpolation:0}
execute if entity @s[tag=aj.armor.bone.left_bicep] run data modify entity @s {} merge value {transformation:[-1.552643536131779f,-0.21536217337717534f,0.23031260431338127f,2.286681946645502f,-0.13306167525508872f,1.4950801236382216f,0.5009988713038922f,3.173211907995077f,-0.2857406495084766f,0.47171896004745817f,-1.4852116019883712f,-0.5097593006597577f,0f,0f,0f,1f],start_interpolation:0}
execute if entity @s[tag=aj.armor.bone.left_shoulder] run data modify entity @s {} merge value {transformation:[-1.0118984750892444f,-0.049711640898402805f,-1.9476703589537995e-7f,1.82983020721875f,-0.047350563715528524f,0.9638367002637636f,0.30441571095776954f,3.356888073501074f,-0.014939568322527973f,0.3041041157961041f,-0.9662627134666866f,-0.4302065953694812f,0f,0f,0f,1f],start_interpolation:0}
execute if entity @s[tag=aj.armor.bone.left_arm] run data modify entity @s {} merge value {transformation:[-1.3293804228398434f,-2.1223415190519897e-17f,1.6140935302348927e-16f,1.7519503289062501f,0f,1.3163619366147377f,0.17351896460516686f,3.512962723927724f,-1.6280214796799692e-16f,0.17330233668431147f,-1.318007389035506f,-0.4037982223341068f,0f,0f,0f,1f],start_interpolation:0}
execute if entity @s[tag=aj.armor.bone.chest] run data modify entity @s {} merge value {transformation:[-2.6149541953125f,-4.1747461928732775e-17f,3.1749983496055992e-16f,2.6597874209406526e-17f,0f,2.589346216899341f,0.34132001394398964f,4.262725f,-3.2023952852063957e-16f,0.34089389657327307f,-2.5925828996704654f,-0.21093812500000003f,0f,0f,0f,1f],start_interpolation:0}
execute if entity @s[tag=aj.armor.bone.weist] run data modify entity @s {} merge value {transformation:[-1.9458220833333333f,0f,2.382944786064401e-16f,2.5797644066588673e-17f,0f,1.95190277734375f,0f,0.3110249999999999f,-2.382944786064401e-16f,0f,-1.9458220833333333f,-0.20440375f,0f,0f,0f,1f],start_interpolation:0}