execute if entity @s[tag=aj.armor.bone.right_thumb_2] run data modify entity @s {} merge value {transformation:[-0.9635369085960824f,0.22436565089640506f,-0.14579068097519f,-2.5233836297010415f,0.25155464434300323f,0.9437929470884929f,-0.2100783483788667f,5.759216696578325f,0.0904827803157702f,-0.2395383813094377f,-0.9666439742316683f,-1.157794958503407f,0f,0f,0f,1f],start_interpolation:0}
execute if entity @s[tag=aj.armor.bone.right_thumb] run data modify entity @s {} merge value {transformation:[-0.9635369085960824f,0.22436565089640506f,-0.14579068097519f,-2.665898906352729f,0.25155464434300323f,0.9437929470884929f,-0.2100783483788667f,6.130935046699013f,0.0904827803157702f,-0.2395383813094377f,-0.9666439742316683f,-1.171355032926873f,0f,0f,0f,1f],start_interpolation:0}
execute if entity @s[tag=aj.armor.bone.right_fingers_2] run data modify entity @s {} merge value {transformation:[0.9739913262009312f,-0.2184210796294839f,-0.06026085501479315f,-2.5811345821516496f,-0.20949616643345742f,-0.9687864592298989f,0.12538712527444928f,5.325580966991747f,-0.08579397522509775f,-0.10936563378901171f,-0.9902751610201149f,-1.509866541061045f,0f,0f,0f,1f],start_interpolation:0}
execute if entity @s[tag=aj.armor.bone.right_fingers] run data modify entity @s {} merge value {transformation:[-0.343683836078737f,-0.937149023559947f,-0.06026085501479315f,-3.033299600322273f,-0.9331536198827546f,0.3341559052855885f,0.12538712527444928f,5.435703669315992f,-0.09723163472945223f,0.09933507561196744f,-0.9902751610201149f,-1.4773827325239568f,0f,0f,0f,1f],start_interpolation:0}
execute if entity @s[tag=aj.armor.bone.right_hand] run data modify entity @s {} merge value {transformation:[-0.9825916959583091f,0.17572828621178888f,-0.06026085501479315f,-2.8514598705578207f,0.1670389006641207f,0.9770024836214296f,0.12538712527444928f,6.2433701087679f,0.08094185642637343f,0.11300382257804054f,-0.9902751610201149f,-1.3770425969094127f,0f,0f,0f,1f],start_interpolation:0}
execute if entity @s[tag=aj.armor.bone.right_forearm] run data modify entity @s {} merge value {transformation:[-1.9144326599743475f,0.08826225834176944f,-0.11569825543337513f,-2.63917985624373f,0.07312242131338235f,1.9016158170114568f,0.24073789932948292f,9.047215735116637f,0.12575609257944106f,0.23539075404751875f,-1.9012858098496268f,-1.1137894897201062f,0f,0f,0f,1f],start_interpolation:0}
execute if entity @s[tag=aj.armor.bone.right_bicep] run data modify entity @s {} merge value {transformation:[-1.6606454732161195f,0.1521466754411448f,-0.020380066900288617f,-2.3965336236408223f,0.14396077168373378f,1.619869811110768f,0.3626093391568857f,11.56985136876415f,0.05288906725578095f,0.35924290936856196f,-1.6276872861607021f,-0.532368368238643f,0f,0f,0f,1f],start_interpolation:0}
execute if entity @s[tag=aj.armor.bone.right_shoulder] run data modify entity @s {} merge value {transformation:[-1.066432640203604f,0.004362402552145461f,9.092135170827889e-8f,-1.9255616681827392f,0.004254986932355459f,1.0401690160616257f,0.23072659395317377f,11.790708853047319f,0.0009435467968337113f,0.23068108794840306f,-1.0411756204452274f,-0.46117711761252245f,0f,0f,0f,1f],start_interpolation:0}
execute if entity @s[tag=aj.armor.bone.right_arm] run data modify entity @s {} merge value {transformation:[-1.3993487701025398f,-2.2347427166883656e-17f,1.6990469827588077e-16f,-1.843582990234375f,0f,1.3860776995446016f,0.1826516665492969f,11.955049784875534f,-1.713707992196861e-16f,0.1824805909952388f,-1.3873771473879246f,-0.4333715716307994f,0f,0f,0f,1f],start_interpolation:0}
execute if entity @s[tag=aj.armor.bone.left_thumb_2] run data modify entity @s {} merge value {transformation:[-0.9379528478302337f,-0.13899951974453145f,0.31768196509436386f,2.533932256403354f,-0.26311277013737594f,0.8807208792107958f,-0.3914845867143555f,5.91137311772464f,-0.22551337583643932f,-0.45140264210517983f,-0.8633340689395544f,-0.7859216908712497f,0f,0f,0f,1f],start_interpolation:0}
execute if entity @s[tag=aj.armor.bone.left_thumb] run data modify entity @s {} merge value {transformation:[-0.9379528478302337f,-0.13899951974453145f,0.31768196509436386f,2.6904802655516327f,-0.26311277013737594f,0.8807208792107958f,-0.3914845867143555f,6.273453415801435f,-0.22551337583643932f,-0.45140264210517983f,-0.8633340689395544f,-0.8414180617509183f,0f,0f,0f,1f],start_interpolation:0}
execute if entity @s[tag=aj.armor.bone.left_fingers_2] run data modify entity @s {} merge value {transformation:[0.9474969551805839f,0.1981297931759139f,0.2509827626907165f,2.6406154003366438f,0.22092219396326704f,-0.9720642061128063f,-0.06665089594931556f,5.418266006287769f,0.23092136725919182f,0.11894264826906828f,-0.9656574502059712f,-1.0323139195928737f,0f,0f,0f,1f],start_interpolation:0}
execute if entity @s[tag=aj.armor.bone.left_fingers] run data modify entity @s {} merge value {transformation:[-0.3201079350291298f,0.9135298599125232f,0.2509827626907165f,3.0823578299550283f,0.9349119293210296f,0.34591201338562094f,-0.06665089594931556f,5.532048448798919f,-0.14806636419515062f,0.2134206719794099f,-0.9656574502059712f,-0.934604404457936f,0f,0f,0f,1f],start_interpolation:0}
execute if entity @s[tag=aj.armor.bone.left_hand] run data modify entity @s {} merge value {transformation:[-0.9552374482245418f,-0.1566119807992792f,0.2509827626907165f,2.9156988292183392f,-0.17831107983655128f,0.9807755071364634f,-0.06665089594931556f,6.344202074067456f,-0.23588978673465413f,-0.10875679265403726f,-0.9656574502059712f,-1.0248916169883264f,0f,0f,0f,1f],start_interpolation:0}
execute if entity @s[tag=aj.armor.bone.left_forearm] run data modify entity @s {} merge value {transformation:[-1.8575723497070695f,-0.0587288699133908f,0.48187613302261023f,2.764339214658035f,-0.09363383301410926f,1.9116227473775877f,-0.1279668597884014f,9.146845269745924f,-0.47627862148634054f,-0.14790690358222258f,-1.8540208615965599f,-1.3395257892903927f,0f,0f,0f,1f],start_interpolation:0}
execute if entity @s[tag=aj.armor.bone.left_bicep] run data modify entity @s {} merge value {transformation:[-1.6356451045026814f,-0.22444398779832242f,0.23579086951246048f,2.4061721211148144f,-0.1401505613123001f,1.5745636750080543f,0.5265885443917128f,11.59667875692022f,-0.29371975765732977f,0.496711515786345f,-1.5646804775873309f,-0.5451229671231775f,0f,0f,0f,1f],start_interpolation:0}
execute if entity @s[tag=aj.armor.bone.left_shoulder] run data modify entity @s {} merge value {transformation:[-1.0652273371630705f,-0.05087560130468415f,-1.6105729600630102e-7f,1.9255616681827392f,-0.04847465835309106f,1.0149556623301017f,0.3204990780755135f,11.790708853047319f,-0.015291635443752196f,0.32017767849324574f,-1.0171104892327345f,-0.461177117612522f,0f,0f,0f,1f],start_interpolation:0}
execute if entity @s[tag=aj.armor.bone.left_arm] run data modify entity @s {} merge value {transformation:[-1.3993487701025398f,-2.2347427166883656e-17f,1.6990469827588077e-16f,1.843582990234375f,0f,1.3860776995446016f,0.1826516665492969f,11.955049784875534f,-1.713707992196861e-16f,0.1824805909952388f,-1.3873771473879246f,-0.433371571630799f,0f,0f,0f,1f],start_interpolation:0}
execute if entity @s[tag=aj.armor.bone.chest] run data modify entity @s {} merge value {transformation:[-2.751724408723959f,-4.394469922090158e-17f,3.341060608988576e-16f,2.7997798581681846e-17f,0f,2.725627748931632f,0.35917210910971126f,12.75774125f,-3.369890489279439e-16f,0.35883570064036086f,-2.7281830249462558f,-0.228619375f,0f,0f,0f,1f],start_interpolation:0}
execute if entity @s[tag=aj.armor.bone.weist] run data modify entity @s {} merge value {transformation:[-2.0482337500000005f,0f,2.5083629058430807e-16f,2.3932660072337152e-17f,0f,2.053034297851563f,0f,8.5992390625f,-2.5083629058430807e-16f,0f,-2.0482337500000005f,-0.19542500000000002f,0f,0f,0f,1f],start_interpolation:0}