execute if entity @s[tag=aj.armor.bone.right_thumb_2] run data modify entity @s {} merge value {transformation:[-0.9630653569207321f,0.22356107671201228f,-0.15007477563185012f,-2.5289450088164784f,0.25194441073121043f,0.942889149165914f,-0.21219835447598862f,0.6371116628129214f,0.09409674149529827f,-0.24276936907236013f,-0.9654859910049346f,-1.1503586656203983f,0f,0f,0f,1f],start_interpolation:0}
execute if entity @s[tag=aj.armor.bone.right_thumb] run data modify entity @s {} merge value {transformation:[-0.9630653569207321f,0.22356107671201228f,-0.15007477563185012f,-2.6714212215565016f,0.25194441073121043f,0.942889149165914f,-0.21219835447598862f,1.0087221014511645f,0.09409674149529827f,-0.24276936907236013f,-0.9654859910049346f,-1.1641824876776554f,0f,0f,0f,1f],start_interpolation:0}
execute if entity @s[tag=aj.armor.bone.right_fingers_2] run data modify entity @s {} merge value {transformation:[0.9735511579567585f,-0.21915016767344042f,-0.06456176772826716f,-2.5883494079133174f,-0.20989097970327464f,-0.9686793713695976f,0.12308585409394474f,0.20281559898652313f,-0.08955420669359816f,-0.10609435029714845f,-0.9902920756247177f,-1.5011353491869561f,0f,0f,0f,1f],start_interpolation:0}
execute if entity @s[tag=aj.armor.bone.right_fingers] run data modify entity @s {} merge value {transformation:[-0.3443492331885587f,-0.9366174559299513f,-0.06456176772826716f,-3.040338875203341f,-0.9329959147011961f,0.3345333631025128f,0.12308585409394474f,0.31310070422814773f,-0.09349752882589805f,0.10263614960112305f,-0.9902920756247177f,-1.466936478229153f,0f,0f,0f,1f],start_interpolation:0}
execute if entity @s[tag=aj.armor.bone.right_hand] run data modify entity @s {} merge value {transformation:[-0.9821837490305844f,0.1764758801946287f,-0.06456176772826716f,-2.8578512046489677f,0.16743800926604913f,0.9769127191979957f,0.12308585409394474f,1.1206990196140345f,0.08484120036952833f,0.10989967161621231f,-0.9902920756247177f,-1.3693226311212494f,0f,0f,0f,1f],start_interpolation:0}
execute if entity @s[tag=aj.armor.bone.right_forearm] run data modify entity @s {} merge value {transformation:[-1.9138434706690004f,0.0897875605126224f,-0.12395582326240794f,-2.6436899100338835f,0.07390463252799707f,1.9015449660826917f,0.23631955742580235f,3.924225188244518f,0.13395653171456134f,0.230459098518755f,-1.9013182851645456f,-1.1136988784084285f,0f,0f,0f,1f],start_interpolation:0}
execute if entity @s[tag=aj.armor.bone.right_bicep] run data modify entity @s {} merge value {transformation:[-1.6603381037261693f,0.15441095854947523f,-0.02716947389966821f,-2.3974236980810737f,0.14463781757964952f,1.619154163273212f,0.3631821013370363f,6.445734669775988f,0.060030072987286874f,0.3591268618164308f,-1.6274549422488225f,-0.5324831893156944f,0f,0f,0f,1f],start_interpolation:0}
execute if entity @s[tag=aj.armor.bone.right_shoulder] run data modify entity @s {} merge value {transformation:[-1.0664249715016392f,0.005816520048469115f,1.0840444670087893e-7f,-1.926137192220703f,0.005671508055763513f,1.0398335702291552f,0.2306956087519078f,6.665895125958296f,0.0012578240294378435f,0.23063409255345707f,-1.0411791561130719f,-0.4614406560928183f,0f,0f,0f,1f],start_interpolation:0}
execute if entity @s[tag=aj.armor.bone.right_arm] run data modify entity @s {} merge value {transformation:[-1.3993478135156256f,-2.2340437042652542e-17f,1.6990458212998883e-16f,-1.8441585703124999f,0f,1.385644143804988f,0.18265154168964945f,6.830184403861383f,-1.7137068207157584e-16f,0.18242351229927536f,-1.3873761989847442f,-0.4336419146968879f,0f,0f,0f,1f],start_interpolation:0}
execute if entity @s[tag=aj.armor.bone.left_thumb_2] run data modify entity @s {} merge value {transformation:[-0.9369574715406017f,-0.13714177680783407f,0.32140271402194737f,2.5362972851866568f,-0.26297377760139895f,0.8807046805010382f,-0.3908300569217391f,0.7891484539877754f,-0.22965401314073416f,-0.4515415850340537f,-0.862162161881334f,-0.7883244230146575f,0f,0f,0f,1f],start_interpolation:0}
execute if entity @s[tag=aj.armor.bone.left_thumb] run data modify entity @s {} merge value {transformation:[-0.9369574715406017f,-0.13714177680783407f,0.32140271402194737f,2.6930507778762367f,-0.26297377760139895f,0.8807046805010382f,-0.3908300569217391f,1.1511625027574515f,-0.22965401314073416f,-0.4515415850340537f,-0.862162161881334f,-0.842966274281421f,0f,0f,0f,1f],start_interpolation:0}
execute if entity @s[tag=aj.armor.bone.left_fingers_2] run data modify entity @s {} merge value {transformation:[0.9464818883553686f,0.19770052495329404f,0.25511450850723527f,2.644074022983861f,0.22079376242291215f,-0.9718192867171956f,-0.06604137941814242f,0.29634680416516906f,0.23508124204098446f,0.1192929099160364f,-0.9646037390715619f,-1.0345079236013275f,0f,0f,0f,1f],start_interpolation:0}
execute if entity @s[tag=aj.armor.bone.left_fingers] run data modify entity @s {} merge value {transformation:[-0.319549846448118f,0.9125795078712522f,0.25511450850723527f,3.0853848508677717f,0.9346858689247242f,0.3457527121987879f,-0.06604137941814242f,0.41007191313601665f,-0.1489566019205531f,0.2174992401367172f,-0.9646037390715619f,-0.9348533476796239f,0f,0f,0f,1f],start_interpolation:0}
execute if entity @s[tag=aj.armor.bone.left_hand] run data modify entity @s {} merge value {transformation:[-0.9542046231011377f,-0.15622739773793998f,0.25511450850723527f,2.919045653887756f,-0.1781934537685551f,0.9805252187447392f,-0.06604137941814242f,1.2220154650835662f,-0.2400609804358656f,-0.1089252697400308f,-0.9646037390715619f,-1.0254381394992977f,0f,0f,0f,1f],start_interpolation:0}
execute if entity @s[tag=aj.armor.bone.left_forearm] run data modify entity @s {} merge value {transformation:[-1.8555099561457484f,-0.05825563472643371f,0.48980890766956825f,2.768798579073556f,-0.09347265152268432f,1.9111168378747594f,-0.12679661420696675f,4.0239693513453645f,-0.484260841588406f,-0.1471822843434312f,-1.8519977814402637f,-1.3392874573314963f,0f,0f,0f,1f],start_interpolation:0}
execute if entity @s[tag=aj.armor.bone.left_bicep] run data modify entity @s {} merge value {transformation:[-1.634361531016464f,-0.22669701268371467f,0.24243430757828452f,2.4070338753178135f,-0.14006491395399387f,1.5737684684208537f,0.5273672052129381f,6.472552162361904f,-0.3007796152411099f,0.4965462476167637f,-1.5633805514410806f,-0.5451804020596589f,0f,0f,0f,1f],start_interpolation:0}
execute if entity @s[tag=aj.armor.bone.left_shoulder] run data modify entity @s {} merge value {transformation:[-1.0651562457608763f,-0.05232804089885162f,-2.0501792408689227e-7f,1.926137192220703f,-0.04984269659804098f,1.0145649059199908f,0.3204375773032058f,6.665895125958296f,-0.015725860745376224f,0.320109582409679f,-1.0171186039233047f,-0.4614406560928178f,0f,0f,0f,1f],start_interpolation:0}
execute if entity @s[tag=aj.armor.bone.left_arm] run data modify entity @s {} merge value {transformation:[-1.3993478135156256f,-2.2340437042652542e-17f,1.6990458212998883e-16f,1.8441585703124999f,0f,1.385644143804988f,0.18265154168964945f,6.830184403861383f,-1.7137068207157584e-16f,0.18242351229927536f,-1.3873761989847442f,-0.43364191469688745f,0f,0f,0f,1f],start_interpolation:0}
execute if entity @s[tag=aj.armor.bone.chest] run data modify entity @s {} merge value {transformation:[-2.7525835171875004f,-4.394469922090158e-17f,3.3421037125193246e-16f,2.7997798581681846e-17f,0f,2.725627748931632f,0.3592842452661613f,7.6346943750000005f,-3.370942593709436e-16f,0.35883570064036086f,-2.7290347836177964f,-0.228619375f,0f,0f,0f,1f],start_interpolation:0}
execute if entity @s[tag=aj.armor.bone.weist] run data modify entity @s {} merge value {transformation:[-2.0482337500000005f,0f,2.5083629058430807e-16f,2.3932660072337152e-17f,0f,2.0546344804687506f,0f,3.4752156250000006f,-2.5083629058430807e-16f,0f,-2.0482337500000005f,-0.19542500000000002f,0f,0f,0f,1f],start_interpolation:0}