execute if entity @s[tag=aj.armor.bone.right_thumb_2] run data modify entity @s {} merge value {transformation:[-0.9644399950197698f,0.22589891626776662f,-0.13720415563248856f,-2.5120475793977235f,0.25076345075244433f,0.9455929298600364f,-0.20580924082664448f,0.3994588494352535f,0.08325204615666211f,-0.23304326414547355f,-0.9688906519038722f,-1.169953952333057f,0f,0f,0f,1f],start_interpolation:0}
execute if entity @s[tag=aj.armor.bone.right_thumb] run data modify entity @s {} merge value {transformation:[-0.9644399950197698f,0.22589891626776662f,-0.13720415563248856f,-2.6546570925780837f,0.25076345075244433f,0.9455929298600364f,-0.20580924082664448f,0.7713865933581375f,0.08325204615666211f,-0.23304326414547355f,-0.9688906519038722f,-1.182979560939427f,0f,0f,0f,1f],start_interpolation:0}
execute if entity @s[tag=aj.armor.bone.right_fingers_2] run data modify entity @s {} merge value {transformation:[0.9748282999453705f,-0.2168871449083429f,-0.05166775286999606f,-2.566461289571249f,-0.20869563629424895f,-0.9689830374456397f,0.1300144045041209f,-0.03283982970050377f,-0.07827037842690733f,-0.11591551583183146f,-0.9901648865466336f,-1.5245958201693797f,0f,0f,0f,1f],start_interpolation:0}
execute if entity @s[tag=aj.armor.bone.right_fingers] run data modify entity @s {} merge value {transformation:[-0.3422722713776287f,-0.9381790555362408f,-0.05166775286999606f,-3.018958151661911f,-0.9334530064954372f,0.33338788239866946f,0.1300144045041209f,0.07695299657912336f,-0.10470750806527725f,0.09273077538989286f,-0.9901648865466336f,-1.495542833001011f,0f,0f,0f,1f],start_interpolation:0}
execute if entity @s[tag=aj.armor.bone.right_hand] run data modify entity @s {} merge value {transformation:[-0.9833609637964074f,0.17415930317463701f,-0.05166775286999606f,-2.8384774105387094f,0.1662305578308818f,0.9771639561040275f,0.1300144045041209f,0.8847407612527172f,0.07313971858321931f,0.11921929590136969f,-0.9901648865466336f,-1.389744710695254f,0f,0f,0f,1f],start_interpolation:0}
execute if entity @s[tag=aj.armor.bone.right_forearm] run data modify entity @s {} merge value {transformation:[-1.9155037910975508f,0.08508286744924735f,-0.0991998681026651f,-2.630154972096074f,0.07154324943833493f,1.901720610479116f,0.24962207686305218f,3.6891736108872863f,0.10934685002101026f,0.24526685151547079f,-1.9010740875931555f,-1.1112077373256646f,0f,0f,0f,1f],start_interpolation:0}
execute if entity @s[tag=aj.armor.bone.right_bicep] run data modify entity @s {} merge value {transformation:[-1.6611666649033157f,0.14761716876380424f,-0.00679517374659783f,-2.394750523814308f,0.14259503984449026f,1.6212922890008425f,0.3614993173492324f,6.214047365826401f,0.038603850436117075f,0.3594737519326055f,-1.6280572636919837f,-0.5293789176492791f,0f,0f,0f,1f],start_interpolation:0}
execute if entity @s[tag=aj.armor.bone.right_shoulder] run data modify entity @s {} merge value {transformation:[-1.0664414044650263f,0.0014541389518931992f,3.718664094950285e-8f,-1.9244105720723874f,0.0014192302103615672f,1.040834010091909f,0.2307889909248324f,6.436298804543428f,0.0003146343507480624f,0.23077424341166503f,-1.0411678196942935f,-0.45789027190930465f,0f,0f,0f,1f],start_interpolation:0}
execute if entity @s[tag=aj.armor.bone.right_arm] run data modify entity @s {} merge value {transformation:[-1.3993498633447266f,-2.2361407415345882e-17f,1.6990483101404286e-16f,-1.8424318300781248f,0f,1.386944811023828f,0.18265180924603666f,6.600743044689723f,-1.7137093310324052e-16f,0.1825947483871657f,-1.3873782312772729f,-0.4300711203094403f,0f,0f,0f,1f],start_interpolation:0}
execute if entity @s[tag=aj.armor.bone.left_thumb_2] run data modify entity @s {} merge value {transformation:[-0.9398900435015823f,-0.1427150629102553f,0.31022398623031205f,2.5292353748086924f,-0.2633795654307851f,0.8807612790435727f,-0.39278049174471624f,0.5517941811258955f,-0.21722185242576897f,-0.4510845192623812f,-0.8656365200302619f,-0.7784373267659765f,0f,0f,0f,1f],start_interpolation:0}
execute if entity @s[tag=aj.armor.bone.left_thumb] run data modify entity @s {} merge value {transformation:[-0.9398900435015823f,-0.1427150629102553f,0.31022398623031205f,2.685360824445753f,-0.2633795654307851f,0.8807612790435727f,-0.39278049174471624f,0.9140064046577706f,-0.21722185242576897f,-0.4510845192623812f,-0.8656365200302619f,-0.8356339444958766f,0f,0f,0f,1f],start_interpolation:0}
execute if entity @s[tag=aj.armor.bone.left_fingers_2] run data modify entity @s {} merge value {transformation:[0.9494733393703754f,0.19898508805460274f,0.24270376438011615f,2.633728676994363f,0.22116774615515128f,-0.9725565746236667f,-0.06785483078698823f,0.05808018303615617f,0.22259034646466966f,0.11821893113397783f,-0.9677122420853403f,-1.0252415574895557f,0f,0f,0f,1f],start_interpolation:0}
execute if entity @s[tag=aj.armor.bone.left_fingers] run data modify entity @s {} merge value {transformation:[-0.32121388264422257f,0.9153776974778519f,0.24270376438011615f,3.0763091462684664f,0.9353680345584265f,0.34621973183135535f,-0.06785483078698823f,0.17197218198499553f,-0.14626142213886195f,0.2052553882645703f,-0.9677122420853403f,-0.9314266811147998f,0f,0f,0f,1f],start_interpolation:0}
execute if entity @s[tag=aj.armor.bone.left_hand] run data modify entity @s {} merge value {transformation:[-0.9572492587731407f,-0.1573802529592041f,0.24270376438011615f,2.9090133283655453f,-0.17853492150435704f,0.9812781178577777f,-0.06785483078698823f,0.9845479168107514f,-0.22753512712786686f,-0.10839715836048175f,-0.9677122420853403f,-1.0210998650572354f,0f,0f,0f,1f],start_interpolation:0}
execute if entity @s[tag=aj.armor.bone.left_forearm] run data modify entity @s {} merge value {transformation:[-1.8615944272324236f,-0.05968713108170313f,0.4659808115732683f,2.755414754327878f,-0.09393396609601107f,1.9126355785314002f,-0.13027836300786277f,3.7885734106458906f,-0.4602851370088189f,-0.1493160452040007f,-1.8579659738201306f,-1.3372393313432618f,0f,0f,0f,1f],start_interpolation:0}
execute if entity @s[tag=aj.armor.bone.left_bicep] run data modify entity @s {} merge value {transformation:[-1.6381210949522758f,-0.21993653944932542f,0.2224834564040762f,2.404445601043176f,-0.14030441941806696f,1.5761454095295127f,0.5250562885221048f,6.240894436253347f,-0.27958248373658917f,0.4970406917767511f,-1.567184186674622f,-0.5422482857722002f,0f,0f,0f,1f],start_interpolation:0}
execute if entity @s[tag=aj.armor.bone.left_shoulder] run data modify entity @s {} merge value {transformation:[-1.0653629543578054f,-0.04797039878340421f,-3.471574905425515e-8f,1.9244105720723874f,-0.04573563279085572f,1.0157313463001654f,0.3206229766360641f,6.436298804543428f,-0.014422789144788775f,0.3203129628316736f,-1.0170933429038114f,-0.4578902719093042f,0f,0f,0f,1f],start_interpolation:0}
execute if entity @s[tag=aj.armor.bone.left_arm] run data modify entity @s {} merge value {transformation:[-1.3993498633447266f,-2.2361407415345882e-17f,1.6990483101404286e-16f,1.8424318300781248f,0f,1.386944811023828f,0.18265180924603666f,6.600743044689723f,-1.7137093310324052e-16f,0.1825947483871657f,-1.3873782312772729f,-0.43007112030943984f,0f,0f,0f,1f],start_interpolation:0}
execute if entity @s[tag=aj.armor.bone.chest] run data modify entity @s {} merge value {transformation:[-2.750006191796875f,-4.394469922090158e-17f,3.338974401927078e-16f,2.7997798581681846e-17f,0f,2.725627748931632f,0.3589478367968109f,7.378835f,-3.3677862804194455e-16f,0.35883570064036086f,-2.726479507603173f,-0.228619375f,0f,0f,0f,1f],start_interpolation:0}
execute if entity @s[tag=aj.armor.bone.weist] run data modify entity @s {} merge value {transformation:[-2.0482337499999996f,0f,2.5083629058430797e-16f,2.3932660072337152e-17f,0f,2.049833932617187f,0f,3.2222859375f,-2.5083629058430797e-16f,0f,-2.0482337499999996f,-0.19542500000000002f,0f,0f,0f,1f],start_interpolation:0}