execute if entity @s[tag=aj.armor.bone.right_thumb_2] run data modify entity @s {} merge value {transformation:[-0.9627899158181864f,0.22308999842160868f,-0.152519995327064f,-2.4054862639554364f,0.2521653686207768f,0.9423715901904809f,-0.21340544489723526f,-2.367225141595882f,0.09616141677324239f,-0.24461060104032728f,-0.9648139618973044f,-1.2054391419239265f,0f,0f,0f,1f],start_interpolation:0}
execute if entity @s[tag=aj.armor.bone.right_thumb] run data modify entity @s {} merge value {transformation:[-0.9627899158181864f,0.22308999842160868f,-0.152519995327064f,-2.540819788304259f,0.2521653686207768f,0.9423715901904809f,-0.21340544489723526f,-2.0142541675982177f,0.09616141677324239f,-0.24461060104032728f,-0.9648139618973044f,-1.2187135318915163f,0f,0f,0f,1f],start_interpolation:0}
execute if entity @s[tag=aj.armor.bone.right_fingers_2] run data modify entity @s {} merge value {transformation:[0.9732931495929037f,-0.21955545317951985f,-0.06702064089646147f,-2.462814168326376f,-0.21011493318885208f,-0.9686155822591841f,0.1217745445375209f,-2.780162605504408f,-0.09170241258408894f,-0.10422623610609202f,-0.9902903132529042f,-1.5379710192733285f,0f,0f,0f,1f],start_interpolation:0}
execute if entity @s[tag=aj.armor.bone.right_fingers] run data modify entity @s {} merge value {transformation:[-0.3447173745716556f,-0.9363087544895453f,-0.06702064089646147f,-2.892105804657216f,-0.9329034395197583f,0.33474707448528795f,0.1217745445375209f,-2.675304178516888f,-0.09136499947572523f,0.10452213946043223f,-0.9902903132529042f,-1.5045511411504575f,0f,0f,0f,1f],start_interpolation:0}
execute if entity @s[tag=aj.armor.bone.right_hand] run data modify entity @s {} merge value {transformation:[-0.9819436645390051f,0.1768920341254768f,-0.06702064089646147f,-2.7183999105929497f,0.16766453203944912f,0.9768587595145201f,0.1217745445375209f,-1.9081247728897561f,0.08706884764055718f,0.10812703888080337f,-0.9902903132529042f,-1.4132972950369627f,0f,0f,0f,1f],start_interpolation:0}
execute if entity @s[tag=aj.armor.bone.right_forearm] run data modify entity @s {} merge value {transformation:[-1.817816567736831f,0.086107911234703f,-0.12224294024424281f,-2.5139533216348195f,0.07063189462969335f,1.8064244195620098f,0.22211184751526306f,0.7550447255823274f,0.13170912636435367f,0.21626098221131967f,-1.8062495071398033f,-1.1745927606998432f,0f,0f,0f,1f],start_interpolation:0}
execute if entity @s[tag=aj.armor.bone.right_bicep] run data modify entity @s {} merge value {transformation:[-1.5771411300589553f,0.14791946412189874f,-0.029495736251968115f,-2.278035028888708f,0.13777177244927022f,1.5378067894293954f,0.34533897501428723f,3.1498650592865673f,0.06090459121670445f,0.34110736156755256f,-1.5459426846191118f,-0.6225493313030637f,0f,0f,0f,1f],start_interpolation:0}
execute if entity @s[tag=aj.armor.bone.right_shoulder] run data modify entity @s {} merge value {transformation:[-1.013098667043627f,0.006315066492066149f,1.1004401081992112e-7f,-1.8301426285624998f,0.006156514214410783f,0.9876589956095359f,0.21914407736281388f,3.358639431521528f,0.0013654894093030011f,0.21907676651121055f,-0.989122054653454f,-0.5551397473707476f,0f,0f,0f,1f],start_interpolation:0}
execute if entity @s[tag=aj.armor.bone.right_arm] run data modify entity @s {} merge value {transformation:[-1.3293797869744894f,-2.1219620551651578e-17f,1.6140927581863981e-16f,-1.7522634124999998f,0f,1.3161265777846616f,0.17351888160808343f,3.514686041351181f,-1.6280207009694987e-16f,0.17327135110650269f,-1.318006758610068f,-0.528735068753301f,0f,0f,0f,1f],start_interpolation:0}
execute if entity @s[tag=aj.armor.bone.left_thumb_2] run data modify entity @s {} merge value {transformation:[-0.9363806819264301f,-0.1360802517279719f,0.32352635437651367f,2.4107708874517915f,-0.26289265543493284f,0.8806966164180482f,-0.39045408512364965f,-2.2228635322983568f,-0.23201851167568846f,-0.45161495856439626f,-0.8614863230079728f,-0.8668523657475505f,0f,0f,0f,1f],start_interpolation:0}
execute if entity @s[tag=aj.armor.bone.left_thumb] run data modify entity @s {} merge value {transformation:[-0.9363806819264301f,-0.1360802517279719f,0.32352635437651367f,2.559796587129356f,-0.26289265543493284f,0.8806966164180482f,-0.39045408512364965f,-1.87898562695514f,-0.23201851167568846f,-0.45161495856439626f,-0.8614863230079728f,-0.9182967036258823f,0f,0f,0f,1f],start_interpolation:0}
execute if entity @s[tag=aj.armor.bone.left_fingers_2] run data modify entity @s {} merge value {transformation:[0.9458938190331908f,0.19745476275981927f,0.25747314063758264f,2.5137524859711764f,0.22071865701788318f,-0.9716797101319108f,-0.06569083957267424f,-2.6908587007339215f,0.2374565802349921f,0.11948958538405015f,-0.9639937534947882f,-1.1006122192377736f,0f,0f,0f,1f],start_interpolation:0}
execute if entity @s[tag=aj.armor.bone.left_fingers] run data modify entity @s {} merge value {transformation:[-0.3192294283348922f,0.9120285479669533f,0.25747314063758264f,2.9327595859734785f,0.934557289659009f,0.3456600309307102f,-0.06569083957267424f,-2.582851558874236f,-0.14946163865237228f,0.21982858568324815f,-0.9639937534947882f,-1.0048852069677343f,0f,0f,0f,1f],start_interpolation:0}
execute if entity @s[tag=aj.armor.bone.left_hand] run data modify entity @s {} merge value {transformation:[-0.9536063934943322f,-0.15600752067917872f,0.25747314063758264f,2.7749115310011487f,-0.17812450809237038f,0.9803824989536806f,-0.06569083957267424f,-1.8116188999734426f,-0.242442636697669f,-0.1090181472197706f,-0.9639937534947882f,-1.0910997633131791f,0f,0f,0f,1f],start_interpolation:0}
execute if entity @s[tag=aj.armor.bone.left_forearm] run data modify entity @s {} merge value {transformation:[-1.76160064178245f,-0.05508767109339688f,0.46962060231685f,2.6327789746470422f,-0.08870833584902942f,1.8152868462110323f,-0.11981743637579176f,0.8498638778518104f,-0.46437688145586226f,-0.13942414114260115f,-1.75828564496029f,-1.3888216188908433f,0f,0f,0f,1f],start_interpolation:0}
execute if entity @s[tag=aj.armor.bone.left_bicep] run data modify entity @s {} merge value {transformation:[-1.5519337981063048f,-0.21658504238954515f,0.23391604510005823f,2.287149327702856f,-0.13301266420273855f,1.494647207915266f,0.501425114643918f,3.175336278961229f,-0.2895705730140841f,0.47162904988164245f,-1.484492272807855f,-0.6345805619677352f,0f,0f,0f,1f],start_interpolation:0}
execute if entity @s[tag=aj.armor.bone.left_shoulder] run data modify entity @s {} merge value {transformation:[-1.0118589492303163f,-0.050500060325319014f,-2.1363139000503794e-7f,1.8301426276683672f,-0.04809279242873044f,0.9636237476421887f,0.30438245221322996f,3.358639431521528f,-0.015175234118123595f,0.30406702041798783f,-0.9662669882345108f,-0.5551397473707471f,0f,0f,0f,1f],start_interpolation:0}
execute if entity @s[tag=aj.armor.bone.left_arm] run data modify entity @s {} merge value {transformation:[-1.3293797869744894f,-2.1219620551651578e-17f,1.6140927581863981e-16f,1.7522627866071427f,0f,1.3161265777846616f,0.17351888160808343f,3.514686041351181f,-1.6280207009694987e-16f,0.17327135110650269f,-1.318006758610068f,-0.5287350687533006f,0f,0f,0f,1f],start_interpolation:0}
execute if entity @s[tag=aj.armor.bone.chest] run data modify entity @s {} merge value {transformation:[-2.636283663690476f,-4.2080479602706066e-17f,3.200895945448553e-16f,2.6597874209406523e-17f,0f,2.6100013181779627f,0.34410406823344486f,4.263841071428571f,-3.228516350382999e-16f,0.3436131922445242f,-2.613729891489645f,-0.335938125f,0f,0f,0f,1f],start_interpolation:0}
execute if entity @s[tag=aj.armor.bone.weist] run data modify entity @s {} merge value {transformation:[-1.9493945833333333f,0f,2.387319836754355e-16f,2.5797644066588673e-17f,0f,1.956356706845238f,0f,0.3115830357142857f,-2.387319836754355e-16f,0f,-1.9493945833333333f,-0.32940375f,0f,0f,0f,1f],start_interpolation:0}