execute if entity @s[tag=aj.armor.bone.right_thumb_2] run data modify entity @s {} merge value {transformation:[-0.9635369085960824f,0.22436565089640506f,-0.14579068097519f,-2.5233836297010415f,0.25155464434300323f,0.9437929470884929f,-0.2100783483788667f,0.38421669657832375f,0.0904827803157702f,-0.2395383813094377f,-0.9666439742316683f,-1.157794958503407f,0f,0f,0f,1f],start_interpolation:0}
execute if entity @s[tag=aj.armor.bone.right_thumb] run data modify entity @s {} merge value {transformation:[-0.9635369085960824f,0.22436565089640506f,-0.14579068097519f,-2.665898906352729f,0.25155464434300323f,0.9437929470884929f,-0.2100783483788667f,0.7559350466990117f,0.0904827803157702f,-0.2395383813094377f,-0.9666439742316683f,-1.171355032926873f,0f,0f,0f,1f],start_interpolation:0}
execute if entity @s[tag=aj.armor.bone.right_fingers_2] run data modify entity @s {} merge value {transformation:[0.9739913262009312f,-0.2184210796294839f,-0.06026085501479315f,-2.58113458215165f,-0.20949616643345742f,-0.9687864592298989f,0.12538712527444928f,-0.04941903300825473f,-0.08579397522509775f,-0.10936563378901171f,-0.9902751610201149f,-1.509866541061045f,0f,0f,0f,1f],start_interpolation:0}
execute if entity @s[tag=aj.armor.bone.right_fingers] run data modify entity @s {} merge value {transformation:[-0.343683836078737f,-0.937149023559947f,-0.06026085501479315f,-3.0332996003222736f,-0.9331536198827546f,0.3341559052855885f,0.12538712527444928f,0.060703669315990694f,-0.09723163472945223f,0.09933507561196744f,-0.9902751610201149f,-1.4773827325239568f,0f,0f,0f,1f],start_interpolation:0}
execute if entity @s[tag=aj.armor.bone.right_hand] run data modify entity @s {} merge value {transformation:[-0.9825916959583091f,0.17572828621178888f,-0.06026085501479315f,-2.851459870557821f,0.1670389006641207f,0.9770024836214296f,0.12538712527444928f,0.8683701087678992f,0.08094185642637343f,0.11300382257804054f,-0.9902751610201149f,-1.3770425969094127f,0f,0f,0f,1f],start_interpolation:0}
execute if entity @s[tag=aj.armor.bone.right_forearm] run data modify entity @s {} merge value {transformation:[-1.9144326599743475f,0.08826225834176944f,-0.11569825543337513f,-2.6391798562437305f,0.07312242131338235f,1.9016158170114568f,0.24073789932948292f,3.672215735116636f,0.12575609257944106f,0.23539075404751875f,-1.9012858098496268f,-1.1137894897201062f,0f,0f,0f,1f],start_interpolation:0}
execute if entity @s[tag=aj.armor.bone.right_bicep] run data modify entity @s {} merge value {transformation:[-1.6606454732161209f,0.15214667544114494f,-0.020380066900288634f,-2.3965336236408223f,0.1439607716837339f,1.6198698111107694f,0.362609339156886f,6.194851368764148f,0.05288906725578099f,0.35924290936856224f,-1.6276872861607035f,-0.5323683682386429f,0f,0f,0f,1f],start_interpolation:0}
execute if entity @s[tag=aj.armor.bone.right_shoulder] run data modify entity @s {} merge value {transformation:[-1.066432640203604f,0.004362402552145461f,9.092135170827889e-8f,-1.9255616681827392f,0.004254986932355459f,1.0401690160616257f,0.23072659395317377f,6.415708853047318f,0.0009435467968337113f,0.23068108794840306f,-1.0411756204452274f,-0.46117711761252234f,0f,0f,0f,1f],start_interpolation:0}
execute if entity @s[tag=aj.armor.bone.right_arm] run data modify entity @s {} merge value {transformation:[-1.399348770102539f,-2.2347427166883647e-17f,1.699046982758807e-16f,-1.843582990234375f,0f,1.386077699544601f,0.18265166654929682f,6.580049784875534f,-1.71370799219686e-16f,0.18248059099523872f,-1.387377147387924f,-0.4333715716307993f,0f,0f,0f,1f],start_interpolation:0}
execute if entity @s[tag=aj.armor.bone.left_thumb_2] run data modify entity @s {} merge value {transformation:[-0.9379528478302337f,-0.13899951974453145f,0.31768196509436386f,2.533932256403354f,-0.26311277013737594f,0.8807208792107958f,-0.3914845867143555f,0.5363731177246391f,-0.22551337583643932f,-0.45140264210517983f,-0.8633340689395544f,-0.7859216908712496f,0f,0f,0f,1f],start_interpolation:0}
execute if entity @s[tag=aj.armor.bone.left_thumb] run data modify entity @s {} merge value {transformation:[-0.9379528478302337f,-0.13899951974453145f,0.31768196509436386f,2.690480265551632f,-0.26311277013737594f,0.8807208792107958f,-0.3914845867143555f,0.898453415801434f,-0.22551337583643932f,-0.45140264210517983f,-0.8633340689395544f,-0.8414180617509183f,0f,0f,0f,1f],start_interpolation:0}
execute if entity @s[tag=aj.armor.bone.left_fingers_2] run data modify entity @s {} merge value {transformation:[0.9474969551805839f,0.1981297931759139f,0.2509827626907165f,2.6406154003366438f,0.22092219396326704f,-0.9720642061128063f,-0.06665089594931556f,0.043266006287768194f,0.23092136725919182f,0.11894264826906828f,-0.9656574502059712f,-1.0323139195928737f,0f,0f,0f,1f],start_interpolation:0}
execute if entity @s[tag=aj.armor.bone.left_fingers] run data modify entity @s {} merge value {transformation:[-0.3201079350291298f,0.9135298599125232f,0.2509827626907165f,3.0823578299550283f,0.9349119293210296f,0.34591201338562094f,-0.06665089594931556f,0.15704844879891844f,-0.14806636419515062f,0.2134206719794099f,-0.9656574502059712f,-0.934604404457936f,0f,0f,0f,1f],start_interpolation:0}
execute if entity @s[tag=aj.armor.bone.left_hand] run data modify entity @s {} merge value {transformation:[-0.9552374482245418f,-0.1566119807992792f,0.2509827626907165f,2.9156988292183392f,-0.17831107983655128f,0.9807755071364634f,-0.06665089594931556f,0.9692020740674554f,-0.23588978673465413f,-0.10875679265403726f,-0.9656574502059712f,-1.0248916169883264f,0f,0f,0f,1f],start_interpolation:0}
execute if entity @s[tag=aj.armor.bone.left_forearm] run data modify entity @s {} merge value {transformation:[-1.8575723497070695f,-0.0587288699133908f,0.48187613302261023f,2.764339214658035f,-0.09363383301410926f,1.9116227473775877f,-0.1279668597884014f,3.771845269745923f,-0.47627862148634054f,-0.14790690358222258f,-1.8540208615965599f,-1.3395257892903927f,0f,0f,0f,1f],start_interpolation:0}
execute if entity @s[tag=aj.armor.bone.left_bicep] run data modify entity @s {} merge value {transformation:[-1.6356451045026827f,-0.22444398779832261f,0.23579086951246067f,2.4061721211148144f,-0.14015056131230022f,1.5745636750080556f,0.5265885443917132f,6.221678756920219f,-0.29371975765733f,0.49671151578634537f,-1.564680477587332f,-0.5451229671231774f,0f,0f,0f,1f],start_interpolation:0}
execute if entity @s[tag=aj.armor.bone.left_shoulder] run data modify entity @s {} merge value {transformation:[-1.0652273371630705f,-0.05087560130468415f,-1.6105729600630102e-7f,1.9255616681827392f,-0.04847465835309106f,1.0149556623301017f,0.3204990780755135f,6.415708853047318f,-0.015291635443752196f,0.32017767849324574f,-1.0171104892327345f,-0.4611771176125219f,0f,0f,0f,1f],start_interpolation:0}
execute if entity @s[tag=aj.armor.bone.left_arm] run data modify entity @s {} merge value {transformation:[-1.399348770102539f,-2.2347427166883647e-17f,1.699046982758807e-16f,1.843582990234375f,0f,1.386077699544601f,0.18265166654929682f,6.580049784875534f,-1.71370799219686e-16f,0.18248059099523872f,-1.387377147387924f,-0.43337157163079887f,0f,0f,0f,1f],start_interpolation:0}
execute if entity @s[tag=aj.armor.bone.chest] run data modify entity @s {} merge value {transformation:[-2.751724408723959f,-4.394469922090158e-17f,3.341060608988576e-16f,2.7997798581681846e-17f,0f,2.725627748931632f,0.35917210910971126f,7.38274125f,-3.369890489279439e-16f,0.35883570064036086f,-2.7281830249462558f,-0.228619375f,0f,0f,0f,1f],start_interpolation:0}
execute if entity @s[tag=aj.armor.bone.weist] run data modify entity @s {} merge value {transformation:[-2.0482337499999996f,0f,2.5083629058430797e-16f,2.3932660072337152e-17f,0f,2.0530342978515623f,0f,3.2242390625f,-2.5083629058430797e-16f,0f,-2.0482337499999996f,-0.19542500000000002f,0f,0f,0f,1f],start_interpolation:0}