execute if entity @s[tag=aj.armor.bone.right_thumb_2] run data modify entity @s {} merge value {transformation:[-0.9639951249480212f,0.2251449523245772f,-0.14150041791233575f,-2.517751171731347f,0.25116097814465144f,0.944694230077419f,-0.2079486516765375f,5.7563448603445755f,0.08686786653992364f,-0.23629629208387132f,-0.9677788892444041f,-1.165246815291415f,0f,0f,0f,1f],start_interpolation:0}
execute if entity @s[tag=aj.armor.bone.right_thumb] run data modify entity @s {} merge value {transformation:[-0.9639951249480212f,0.2251449523245772f,-0.14150041791233575f,-2.660310878245233f,0.25116097814465144f,0.944694230077419f,-0.2079486516765375f,6.128168983628767f,0.08686786653992364f,-0.23629629208387132f,-0.9677788892444041f,-1.1785408033332023f,0f,0f,0f,1f],start_interpolation:0}
execute if entity @s[tag=aj.armor.bone.right_fingers_2] run data modify entity @s {} merge value {transformation:[0.9744170438889421f,-0.2176667395338784f,-0.05596278968724135f,-2.573838543380324f,-0.20909770472072486f,-0.9688877047399553f,0.12769664248718965f,5.3233749155939645f,-0.08203268117909955f,-0.11263941547829455f,-0.9902327724611992f,-1.5186068220130797f,0f,0f,0f,1f],start_interpolation:0}
execute if entity @s[tag=aj.armor.bone.right_fingers] run data modify entity @s {} merge value {transformation:[-0.3429915167759975f,-0.9376695603144397f,-0.05596278968724135f,-3.0261726943264904f,-0.9333060089135456f,0.3337740676589526f,0.12769664248718965f,5.433333518722653f,-0.10096835615219547f,0.09603327421600844f,-0.9902327724611992f,-1.487838315816192f,0f,0f,0f,1f],start_interpolation:0}
execute if entity @s[tag=aj.armor.bone.right_hand] run data modify entity @s {} merge value {transformation:[-0.982984104604577f,0.17495609453606467f,-0.05596278968724135f,-2.8450019409003495f,0.16663640193152462f,0.9770862521123966f,0.12769664248718965f,6.241063127520233f,0.07704134194721812f,0.11611042301057849f,-0.9902327724611992f,-1.3847700384686004f,0f,0f,0f,1f],start_interpolation:0}
execute if entity @s[tag=aj.armor.bone.right_forearm] run data modify entity @s {} merge value {transformation:[-1.9149861073730416f,0.08669402765177533f,-0.10744615446311265f,-2.6346682064471225f,0.07233525948674782f,1.9016744049107577f,0.24517207326116405f,9.045211040955678f,0.11755281144323215f,0.24032677887933493f,-1.9012044256356844f,-1.1138790315677283f,0f,0f,0f,1f],start_interpolation:0}
execute if entity @s[tag=aj.armor.bone.right_bicep] run data modify entity @s {} merge value {transformation:[-1.66092166439677f,0.14988207698963088f,-0.013588581459666448f,-2.395642565290359f,0.14327981569131368f,1.6205825207749522f,0.362048401370303f,11.568968100986876f,0.04574694608377644f,0.359358539554953f,-1.627888062027445f,-0.5322535328276778f,0f,0f,0f,1f],start_interpolation:0}
execute if entity @s[tag=aj.armor.bone.right_shoulder] run data modify entity @s {} merge value {transformation:[-1.0664381178631674f,0.002908274327951878f,6.733792589592915e-8f,-1.924986128133301f,0.002837560086417278f,1.0405024966359446f,0.23075772129532798f,11.7905225799804f,0.0006291500935561485f,0.23072780498335282f,-1.0411718416453597f,-0.4609135779477453f,0f,0f,0f,1f],start_interpolation:0}
execute if entity @s[tag=aj.armor.bone.right_arm] run data modify entity @s {} merge value {transformation:[-1.399349453378907f,-2.2354417291114777e-17f,1.6990478123723215e-16f,-1.8430074101562501f,0f,1.3865112552842151f,0.18265175573475934f,11.954915165889686f,-1.713708828969077e-16f,0.1825376696912023f,-1.3873778248187678f,-0.43310122856471095f,0f,0f,0f,1f],start_interpolation:0}
execute if entity @s[tag=aj.armor.bone.left_thumb_2] run data modify entity @s {} merge value {transformation:[-0.9389303792956598f,-0.1408573028227273f,0.3139557004218394f,2.5315783242176053f,-0.2632480182411563f,0.8807397421247294f,-0.3921347403028772f,5.908600875740439f,-0.22136929350393278f,-0.45125028643241927f,-0.8644921961736535f,-0.7835458942343226f,0f,0f,0f,1f],start_interpolation:0}
execute if entity @s[tag=aj.armor.bone.left_thumb] run data modify entity @s {} merge value {transformation:[-0.9389303792956598f,-0.1408573028227273f,0.3139557004218394f,2.687916981589666f,-0.2632480182411563f,0.8807397421247294f,-0.3921347403028772f,6.27074722806807f,-0.22136929350393278f,-0.45125028643241927f,-0.8644921961736535f,-0.8398938600607203f,0f,0f,0f,1f],start_interpolation:0}
execute if entity @s[tag=aj.armor.bone.left_fingers_2] run data modify entity @s {} merge value {transformation:[0.9484941135234699f,0.1985579927632522f,0.24684582004017747f,2.6371669863852567f,0.221046840720035f,-0.9723099680033969f,-0.06725538898229977f,5.415189646755509f,0.2267577065327817f,0.1185846535234549f,-0.9666936251127511f,-1.0301450341381004f,0f,0f,0f,1f],start_interpolation:0}
execute if entity @s[tag=aj.armor.bone.left_fingers] run data modify entity @s {} merge value {transformation:[-0.3206626265911761f,0.9144625961659082f,0.24684582004017747f,3.0793326331457815f,0.9351393190180436f,0.3460676721358771f,-0.06725538898229977f,5.529027712412907f,-0.1471679653638989f,0.20933935963868633f,-0.9666936251127511f,-0.9343820990231216f,0f,0f,0f,1f],start_interpolation:0}
execute if entity @s[tag=aj.armor.bone.left_hand] run data modify entity @s {} merge value {transformation:[-0.9562523352973076f,-0.1569962773994687f,0.24684582004017747f,2.9123547491082755f,-0.17842488797412098f,0.9810264721313579f,-0.06725538898229977f,6.3413920647545226f,-0.23171447337918025f,-0.10858075497017967f,-0.9666936251127511f,-1.0243654407078582f,0f,0f,0f,1f],start_interpolation:0}
execute if entity @s[tag=aj.armor.bone.left_forearm] run data modify entity @s {} merge value {transformation:[-1.8596005258339325f,-0.05920605517207287f,0.473933380677364f,2.7598779359527024f,-0.09378757739445472f,1.9121289880246595f,-0.12912746046890505f,9.144725787627719f,-0.4682866647710064f,-0.1486181633888516f,-1.8560102729484043f,-1.3397630029810577f,0f,0f,0f,1f],start_interpolation:0}
execute if entity @s[tag=aj.armor.bone.left_bicep] run data modify entity @s {} merge value {transformation:[-1.6368983050396377f,-0.22219049484336406f,0.22914053498011128f,2.405309362779681f,-0.1402303716623701f,1.5753559898779705f,0.5258182244651287f,11.595805348412838f,-0.28665399830887117f,0.49687633067384235f,-1.5659483653007746f,-0.5450655168533756f,0f,0f,0f,1f],start_interpolation:0}
execute if entity @s[tag=aj.armor.bone.left_shoulder] run data modify entity @s {} merge value {transformation:[-1.0652962400903616f,-0.04942305272273587f,-1.0459349658649e-7f,1.924986128133301f,-0.04710563619017462f,1.0153444764610762f,0.32056087775864484f,11.7905225799804f,-0.014857278071515845f,0.3202454720597119f,-1.017102068905095f,-0.46091357794774485f,0f,0f,0f,1f],start_interpolation:0}
execute if entity @s[tag=aj.armor.bone.left_arm] run data modify entity @s {} merge value {transformation:[-1.399349453378907f,-2.2354417291114777e-17f,1.6990478123723215e-16f,1.8430074101562501f,0f,1.3865112552842151f,0.18265175573475934f,11.954915165889686f,-1.713708828969077e-16f,0.1825376696912023f,-1.3873778248187678f,-0.4331012285647105f,0f,0f,0f,1f],start_interpolation:0}
execute if entity @s[tag=aj.armor.bone.chest] run data modify entity @s {} merge value {transformation:[-2.7508653002604175f,-4.394469922090158e-17f,3.340017505457827e-16f,2.7997798581681846e-17f,0f,2.725627748931632f,0.35905997295326114f,12.755788125f,-3.368838384849443e-16f,0.35883570064036086f,-2.7273312662747147f,-0.228619375f,0f,0f,0f,1f],start_interpolation:0}
execute if entity @s[tag=aj.armor.bone.weist] run data modify entity @s {} merge value {transformation:[-2.0482337500000005f,0f,2.5083629058430807e-16f,2.3932660072337152e-17f,0f,2.0514341152343754f,0f,8.5982625f,-2.5083629058430807e-16f,0f,-2.0482337500000005f,-0.19542500000000002f,0f,0f,0f,1f],start_interpolation:0}