execute if entity @s[tag=aj.armor.bone.right_thumb_2] run data modify entity @s {} merge value {transformation:[-0.9633364472716763f,0.2240239241936117f,-0.1476274867015962f,-2.525775778045581f,0.2517221668566155f,0.9434059091061856f,-0.21098810763289821f,5.772170704516792f,0.09203174014744203f,-0.24092445918177313f,-0.9661505154408971f,-1.1530635822336281f,0f,0f,0f,1f],start_interpolation:0}
execute if entity @s[tag=aj.armor.bone.right_thumb] run data modify entity @s {} merge value {transformation:[-0.9633364472716763f,0.2240239241936117f,-0.1476274867015962f,-2.668273656612087f,0.2517221668566155f,0.9434059091061856f,-0.21098810763289821f,6.143843067868859f,0.09203174014744203f,-0.24092445918177313f,-0.9661505154408971f,-1.1667369803936989f,0f,0f,0f,1f],start_interpolation:0}
execute if entity @s[tag=aj.armor.bone.right_fingers_2] run data modify entity @s {} merge value {transformation:[0.9738044514685366f,-0.21873663782917555f,-0.06210376521758196f,-2.58423659449928f,-0.20966582129788636f,-0.9687412757209778f,0.12439985643056292f,5.3382513088857735f,-0.0874056362498601f,-0.10796333878662022f,-0.9902855279883221f,-1.5045809957630767f,0f,0f,0f,1f],start_interpolation:0}
execute if entity @s[tag=aj.armor.bone.right_fingers] run data modify entity @s {} merge value {transformation:[-0.34397230258704403f,-0.9369225589565642f,-0.06210376521758196f,-3.0363271622592514f,-0.9330866785215703f,0.334318211097763f,0.12439985643056292f,5.448443821252293f,-0.09563097257848932f,0.10074991242621315f,-0.9902855279883221f,-1.4713621297413804f,0f,0f,0f,1f],start_interpolation:0}
execute if entity @s[tag=aj.armor.bone.right_hand] run data modify entity @s {} merge value {transformation:[-0.9824187635446002f,0.1760516954313375f,-0.06210376521758196f,-2.854207167868023f,0.16721036493168928f,0.9769647433584471f,0.12439985643056292f,6.256081667956066f,0.08261315075586484f,0.11167316191630891f,-0.9902855279883221f,-1.3721906391533967f,0f,0f,0f,1f],start_interpolation:0}
execute if entity @s[tag=aj.armor.bone.right_forearm] run data modify entity @s {} merge value {transformation:[-1.9141845255292378f,0.08892121567930733f,-0.11923656393116677f,-2.641112932536362f,0.07345826684908689f,1.901586946978028f,0.23884238551950898f,9.059792475888669f,0.1292709239213916f,0.23327663364273923f,-1.9013057139836689f,-1.1122083295428675f,0f,0f,0f,1f],start_interpolation:0}
execute if entity @s[tag=aj.armor.bone.right_bicep] run data modify entity @s {} merge value {transformation:[-1.6605175604365672f,0.15311712142570733f,-0.02329007636363412f,-2.3969152046396722f,0.1442514182522933f,1.619563464480443f,0.3628533625108153f,11.581946051240699f,0.055949643086288525f,0.3591932257835165f,-1.6275915752918297f,-0.5308751213839434f,0f,0f,0f,1f],start_interpolation:0}
execute if entity @s[tag=aj.armor.bone.right_shoulder] run data modify entity @s {} merge value {transformation:[-1.0664296219068448f,0.004985597286984563f,9.913382380998958e-8f,-1.9258083233024554f,0.004862178475487188f,1.040025494097254f,0.23071329718477007f,11.802504813190504f,0.001078251693564061f,0.23066098113535372f,-1.0411771655015913f,-0.4597476051918941f,0f,0f,0f,1f],start_interpolation:0}
execute if entity @s[tag=aj.armor.bone.right_arm] run data modify entity @s {} merge value {transformation:[-1.399348393603317f,-2.2344431399356034e-17f,1.699046525624831e-16f,-1.8438296674107144f,0f,1.38589188994191f,0.18265161740628694f,11.966823607603141f,-1.713707531118293e-16f,0.18245612869696876f,-1.387376774109705f,-0.43194497531618653f,0f,0f,0f,1f],start_interpolation:0}
execute if entity @s[tag=aj.armor.bone.left_thumb_2] run data modify entity @s {} merge value {transformation:[-0.9375284417471548f,-0.13820333560436718f,0.31927725103102644f,2.53494447477737f,-0.26305366294080734f,0.8807136112571473f,-0.39120460828802667f,5.924278294917245f,-0.22728836154954365f,-0.45146383151398745f,-0.8628335089993556f,-0.7854056808171047f,0f,0f,0f,1f],start_interpolation:0}
execute if entity @s[tag=aj.armor.bone.left_thumb] run data modify entity @s {} merge value {transformation:[-0.9375284417471548f,-0.13820333560436718f,0.31927725103102644f,2.6915810226738657f,-0.26305366294080734f,0.8807136112571473f,-0.39120460828802667f,6.2863302250194355f,-0.22728836154954365f,-0.45146383151398745f,-0.8628335089993556f,-0.8405361860541787f,0f,0f,0f,1f],start_interpolation:0}
execute if entity @s[tag=aj.armor.bone.left_fingers_2] run data modify entity @s {} merge value {transformation:[0.9470641179993391f,0.19794594985388614f,0.25275415212717445f,2.6420964110818357f,0.22086761784517228f,-0.9719591376301432f,-0.06639028807466374f,5.431301931277362f,0.23270463936879118f,0.11909370762559396f,-0.9652080057342757f,-1.0317086769077095f,0f,0f,0f,1f],start_interpolation:0}
execute if entity @s[tag=aj.armor.bone.left_fingers] run data modify entity @s {} merge value {transformation:[-0.31986916792308834f,0.913124722082156f,0.25275415212717445f,3.083654894619888f,0.934814883326682f,0.3458441899848178f,-0.06639028807466374f,5.545060012901989f,-0.14844889493609864f,0.2151689707462969f,-0.9652080057342757f,-0.9331653759031651f,0f,0f,0f,1f],start_interpolation:0}
execute if entity @s[tag=aj.armor.bone.left_hand] run data modify entity @s {} merge value {transformation:[-0.9547970038753067f,-0.1564471925480325f,0.25275415212717445f,2.9171328416174616f,-0.17826113868567303f,0.9806681580788785f,-0.06639028807466374f,6.357123526796737f,-0.23767795068093336f,-0.10882992299860113f,-0.9652080057342757f,-1.0235808930761596f,0f,0f,0f,1f],start_interpolation:0}
execute if entity @s[tag=aj.armor.bone.left_forearm] run data modify entity @s {} merge value {transformation:[-1.8566926532689847f,-0.058525567690835334f,0.48527712471847945f,2.7662506059015763f,-0.09356567063306419f,1.9114058895694268f,-0.12746650385349118f,9.159471156565447f,-0.47970077484317414f,-0.14759798723625034f,-1.8531579474995632f,-1.3378813262150193f,0f,0f,0f,1f],start_interpolation:0}
execute if entity @s[tag=aj.armor.bone.left_bicep] run data modify entity @s {} merge value {transformation:[-1.6350987184910106f,-0.22540962753496005f,0.23863891060037307f,2.4065415673421335f,-0.14011457436562347f,1.5742232260684719f,0.5269212373685573f,11.608769202884886f,-0.2967461421123258f,0.4966407420454135f,-1.5641272878040404f,-0.5436051263280137f,0f,0f,0f,1f],start_interpolation:0}
execute if entity @s[tag=aj.armor.bone.left_shoulder] run data modify entity @s {} merge value {transformation:[-1.0651971373847802f,-0.05149808897358502f,-1.8137545704380421e-7f,1.9258083233024554f,-0.04906108109404888f,1.0147884330098056f,0.32047268401693735f,11.802504813190504f,-0.01547774820358005f,0.32014853148414923f,-1.0171140043800677f,-0.4597476051918936f,0f,0f,0f,1f],start_interpolation:0}
execute if entity @s[tag=aj.armor.bone.left_arm] run data modify entity @s {} merge value {transformation:[-1.399348393603317f,-2.2344431399356034e-17f,1.699046525624831e-16f,1.8438296674107144f,0f,1.38589188994191f,0.18265161740628694f,11.966823607603141f,-1.713707531118293e-16f,0.18245612869696876f,-1.387376774109705f,-0.4319449753161861f,0f,0f,0f,1f],start_interpolation:0}
execute if entity @s[tag=aj.armor.bone.chest] run data modify entity @s {} merge value {transformation:[-2.752092598065477f,-4.394469922090158e-17f,3.341507653358897e-16f,2.7997798581681846e-17f,0f,2.725627748931632f,0.35922016746247554f,12.75857830357143f,-3.3703413911780094e-16f,0.35883570064036086f,-2.728548064376916f,-0.228619375f,0f,0f,0f,1f],start_interpolation:0}
execute if entity @s[tag=aj.armor.bone.weist] run data modify entity @s {} merge value {transformation:[-2.0482337500000005f,0f,2.5083629058430807e-16f,2.3932660072337152e-17f,0f,2.0537200904017863f,0f,8.599657589285714f,-2.5083629058430807e-16f,0f,-2.0482337500000005f,-0.19542500000000002f,0f,0f,0f,1f],start_interpolation:0}