# This file was generated by Animated Java via MC-Build. It is not recommended to edit this file directly.
$data merge entity $(bone_right_thumb_2) { transformation: [-0.955040649418434f,-0.17091816228131046f,-0.2422485082736226f,-2.524016045472488f,0.021188129516973048f,0.7756585021247667f,-0.6307970761260193f,-1.7390309664811388f,0.29571679209336044f,-0.6075696420032378f,-0.7371639634369477f,1.3297772614150638f,0f,0f,0f,1f], start_interpolation: 0, interpolation_duration: 1 }
$data merge entity $(bone_right_thumb) { transformation: [-0.955040649418434f,-0.17091816228131046f,-0.2422485082736226f,-2.7139474223182147f,0.021188129516973048f,0.7756585021247667f,-0.6307970761260193f,-1.5135780748916154f,0.29571679209336044f,-0.6075696420032378f,-0.7371639634369477f,1.1992711096288962f,0f,0f,0f,1f], start_interpolation: 0, interpolation_duration: 1 }
$data merge entity $(bone_right_fingers2) { transformation: [0.4558110295072575f,-0.8428434294579711f,-0.2860965899815309f,-2.7392849447974092f,-0.8731603577941731f,-0.36105120698193943f,-0.32746452558046096f,-2.4837439247715127f,0.1727058046398144f,0.39907014340390196f,-0.9005085927892655f,1.3725927523038683f,0f,0f,0f,1f], start_interpolation: 0, interpolation_duration: 1 }
$data merge entity $(bone_right_fingers) { transformation: [-0.6667690454499887f,-0.6881626124911544f,-0.2860965899815309f,-3.0353587130512794f,-0.6069050396727163f,0.7241776420922026f,-0.32746452558046096f,-2.116318159122932f,0.43253359736507124f,-0.044709746847047455f,-0.9005085927892655f,1.3240221901749056f,0f,0f,0f,1f], start_interpolation: 0, interpolation_duration: 1 }
$data merge entity $(bone_right_hand) { transformation: [-0.9492319955068602f,0.13079510658661447f,-0.2860965899815309f,-3.010834250479452f,0.22514034639744496f,0.9176485214451129f,-0.32746452558046096f,-1.4648182083006882f,0.2197053552604091f,-0.3752516904460179f,-0.9005085927892655f,1.0468349546245148f,0f,0f,0f,1f], start_interpolation: 0, interpolation_duration: 1 }
$data merge entity $(bone_right_forearm) { transformation: [-1.4289066087696787f,0.19688968880210617f,-0.4306695413830729f,-2.6844523891407017f,0.3389103300255104f,1.3813630840798703f,-0.49294190140493055f,0.519391007690412f,0.33072887934635553f,-0.564877314469362f,-1.3555618495596375f,0.2276369224960433f,0f,0f,0f,1f], start_interpolation: 0, interpolation_duration: 1 }
$data merge entity $(bone_right_bicep) { transformation: [-1.498736069492478f,0.3163875157724414f,-0.3828750343258554f,-2.1401613382979194f,0.35547259199128317f,1.533317728035989f,-0.12441920783381726f,2.722508185596885f,0.3468913207182915f,-0.20430331078653385f,-1.526705841626482f,-0.15013702462340237f,0f,0f,0f,1f], start_interpolation: 0, interpolation_duration: 1 }
$data merge entity $(bone_right_shoulder) { transformation: [-0.989266820669677f,0.1355324062386321f,-0.05460883061626089f,-1.795433125f,0.14161524393479966f,0.9813790363595405f,-0.12977021876881734f,2.9235907566515307f,0.03600389155905597f,-0.13611081460775232f,-0.9900391739418284f,-0.13237988266606504f,0f,0f,0f,1f], start_interpolation: 0, interpolation_duration: 1 }
$data merge entity $(bone_right_arm) { transformation: [-1.46271875f,-3.1105838311904105e-17f,1.7640997530226978e-16f,-1.4259925f,0f,1.4404967654763257f,0.25399844537675026f,3.0390996233365843f,-1.7913138352403177e-16f,0.25399844537675026f,-1.4404967654763257f,-0.12029526090325843f,0f,0f,0f,1f], start_interpolation: 0, interpolation_duration: 1 }
$data merge entity $(bone_left_thumb_2) { transformation: [-0.3495104784681154f,0.6423884490168925f,0.6820406923422238f,1.3899397585287434f,-0.42749762805316954f,0.5384203412706449f,-0.7261882084659022f,-0.36454986798495115f,-0.8337194992621337f,-0.5453811664108634f,0.08643598714900705f,1.6111816194470507f,0f,0f,0f,1f], start_interpolation: 0, interpolation_duration: 1 }
$data merge entity $(bone_left_thumb) { transformation: [-0.3495104784681154f,0.6423884490168925f,0.6820406923422238f,1.6256462024329241f,-0.42749762805316954f,0.5384203412706449f,-0.7261882084659022f,-0.1471346217599914f,-0.8337194992621337f,-0.5453811664108634f,0.08643598714900705f,1.5778968946981466f,0f,0f,0f,1f], start_interpolation: 0, interpolation_duration: 1 }
$data merge entity $(bone_left_fingers2) { transformation: [0.6217143052215882f,0.004936460676140952f,0.7832285452145054f,1.2089566853214002f,0.7832332067655662f,-0.009192671656513718f,-0.6216600667628118f,-0.9480911175714632f,0.0041311623746638215f,0.999945561590134f,-0.009581615397505586f,1.8589866958578474f,0f,0f,0f,1f], start_interpolation: 0, interpolation_duration: 1 }
$data merge entity $(bone_left_fingers) { transformation: [0.31830851693366513f,0.5340718434898621f,0.7832285452145054f,1.4822317243539531f,0.4141793666956385f,0.6648264537426714f,-0.6216600667628118f,-0.620048179339333f,-0.852722194065037f,0.5222767967230438f,-0.009581615397505586f,2.065696765118643f,0f,0f,0f,1f], start_interpolation: 0, interpolation_duration: 1 }
$data merge entity $(bone_left_hand) { transformation: [-0.3151322529611149f,0.5359521518800173f,0.7832285452145054f,1.9027210438076858f,-0.3836555161995927f,0.6828961899747872f,-0.6216600667628118f,-0.13276322305402877f,-0.8680438399258853f,-0.4963950892314493f,-0.009581615397505586f,1.769675647052285f,0f,0f,0f,1f], start_interpolation: 0, interpolation_duration: 1 }
$data merge entity $(bone_left_forearm) { transformation: [-0.7421775138376905f,0.4474366517830152f,1.230848845558329f,2.5223066678595423f,-1.17696612839356f,0.39262703582305014f,-0.852414595940521f,0.40286793069366444f,-0.5744033170041246f,-1.3826280603977965f,0.1562574031290962f,-0.24127180867133802f,0f,0f,0f,1f], start_interpolation: 0, interpolation_duration: 1 }
$data merge entity $(bone_left_bicep) { transformation: [-1.1284150223947769f,-0.23641923234293596f,1.0787444747745485f,2.0182336005890846f,-0.07546282446570107f,1.5551905724478299f,0.26190036948712614f,2.7313326930977273f,-1.1017663352099203f,0.1356185385270436f,-1.1227745600298997f,-0.1528746714121878f,0f,0f,0f,1f], start_interpolation: 0, interpolation_duration: 1 }
$data merge entity $(bone_left_shoulder) { transformation: [-0.9940418104083374f,0.10397969091562073f,0.032697141116724275f,1.795433125f,0.10084680963027984f,0.9911687092870423f,-0.08610755319745597f,2.995994252318977f,-0.041361819925011714f,-0.08229710570457877f,-0.9957491582949695f,-0.1830773561251445f,0f,0f,0f,1f], start_interpolation: 0, interpolation_duration: 1 }
$data merge entity $(bone_left_arm) { transformation: [-1.46271875f,-3.1105838311904105e-17f,1.7640997530226978e-16f,1.4259925f,0f,1.4404967654763257f,0.25399844537675026f,2.9775491387733215f,-1.7913138352403177e-16f,0.25399844537675026f,-1.4404967654763257f,-0.13114827200744128f,0f,0f,0f,1f], start_interpolation: 0, interpolation_duration: 1 }
$data merge entity $(bone_chest) { transformation: [-2.06546125f,-4.392362077945834e-17f,2.4910323197832476e-16f,-3.500836572382581e-17f,0f,2.0340822525462863f,0.35866358210416f,3.7441050000000002f,-2.529460508575391e-16f,0.35866358210416f,-2.0340822525462863f,0.285865f,0f,0f,0f,1f], start_interpolation: 0, interpolation_duration: 1 }
$data merge entity $(bone_left_cheek) { transformation: [-1.133887669023f,-0.004984338486301996f,-0.08246430612828862f,0.8111350945199284f,0.009817746893431411f,1.1186509372610725f,-0.2026083507376703f,-1.5885738192183672f,0.08202936828540523f,-0.2027848325505541f,-1.1156504586132336f,-0.396437959291083f,0f,0f,0f,1f], start_interpolation: 0, interpolation_duration: 1 }
$data merge entity $(bone_left_foot) { transformation: [-1.1254049046902501f,-0.03251336913465958f,-0.12525108273640762f,1.1883668141369785f,-0.03200153962753045f,1.1323498012307724f,-0.006401680568301075f,-5.590916259696414f,0.12538283120346522f,-0.0028215031710650505f,-1.1258562684282838f,1.1897930515378492f,0f,0f,0f,1f], start_interpolation: 0, interpolation_duration: 1 }
$data merge entity $(bone_left_knee) { transformation: [-3.0980613889602693f,-0.007534084938516866f,-0.37218569018096725f,1.2261364655904705f,-0.15580763219455732f,2.859551873595833f,1.2390522120323515f,-1.9890151100620583f,0.3380871665137103f,1.2487872676947331f,-2.8395053703171667f,2.8797775394862555f,0f,0f,0f,1f], start_interpolation: 0, interpolation_duration: 1 }
$data merge entity $(bone_left_leg) { transformation: [-2.3657094146951643f,-0.27762128052227364f,0.0610881156059144f,0.77532f,-0.11897620353085671f,0.5019765431554345f,-2.3262094878061923f,-1.5005965788384508f,0.25816660562608146f,-2.31264617759988f,-0.5122538716462903f,-0.29529609187743067f,0f,0f,0f,1f], start_interpolation: 0, interpolation_duration: 1 }
$data merge entity $(bone_right_cheek) { transformation: [-1.1340448027479735f,0.06435302954617826f,0.048244422748303185f,-0.8300790746966644f,0.053330106168842824f,1.1121322991380431f,-0.22987844694039491f,-1.5839673481887406f,-0.06020578472296692f,-0.22703939785847008f,-1.1123645205973323f,-0.416505789245472f,0f,0f,0f,1f], start_interpolation: 0, interpolation_duration: 1 }
$data merge entity $(bone_right_foot) { transformation: [-1.114786060951008f,-0.11888688676715287f,0.16247799501517105f,-1.1740624914398663f,0.08814408468763281f,0.5337341095256656f,0.9953088330078382f,-5.815553485787788f,-0.18100776514811506f,0.9921063253924245f,-0.515986802614588f,-1.111155713535691f,0f,0f,0f,1f], start_interpolation: 0, interpolation_duration: 1 }
$data merge entity $(bone_right_knee) { transformation: [-3.07889791984078f,-0.12139587747830875f,0.49215237509247567f,-1.3802629921526788f,0.32413458055976513f,1.857744194864447f,2.486018222039125f,-3.533486337303054f,-0.3897277165704775f,2.504119179982553f,-1.8204567447643578f,2.141661049075906f,0f,0f,0f,1f], start_interpolation: 0, interpolation_duration: 1 }
$data merge entity $(bone_right_leg) { transformation: [-2.3510760057266573f,0.3861998671876709f,0.026031633161521683f,-0.77532f,0.2475122770617049f,1.6231714212223614f,-1.726684272840624f,-1.477248115574806f,-0.29759982534363233f,-1.7010439641454445f,-1.6417277923103557f,-0.29325354154535616f,0f,0f,0f,1f], start_interpolation: 0, interpolation_duration: 1 }
$data merge entity $(bone_weist) { transformation: [-2.0892733333333333f,4.4430003031026705e-17f,2.5197506843542145e-16f,2.847548737377426e-17f,0f,2.0575325768283257f,-0.36279850698144644f,0.17947500000000027f,-2.5586219002105877e-16f,-0.36279850698144644f,-2.0575325768283257f,-0.23252000000000006f,0f,0f,0f,1f], start_interpolation: 0, interpolation_duration: 1 }
data modify entity @s data merge value {"locators":{"consume":{"posx":-2.859413342821574,"posy":-2.1903520534127563,"posz":1.2881547963111541,"roty":342.3746579714922,"rotx":-19.11495456733881}},"cameras":{}}