# This file was generated by Animated Java via MC-Build. It is not recommended to edit this file directly.
$data merge entity $(bone_neck) {transformation: [-1f,0f,0f,0f,0f,1f,0f,2.0537f,0f,0f,-1f,-1.3945f,0f,0f,0f,1f],start_interpolation: 0,interpolation_duration: 1}
$data merge entity $(bone_left_fingers_2) {transformation: [-0.9919f,0.0923f,0.0877f,1.9847f,0.0662f,0.9623f,-0.2638f,-0.4529f,-0.1088f,-0.2558f,-0.9606f,2.0726f,0f,0f,0f,1f],start_interpolation: 0,interpolation_duration: 1}
$data merge entity $(bone_left_fingers) {transformation: [-0.9919f,0.0923f,0.0877f,2.0495f,0.0662f,0.9623f,-0.2638f,-0.6003f,-0.1088f,-0.2558f,-0.9606f,1.519f,0f,0f,0f,1f],start_interpolation: 0,interpolation_duration: 1}
$data merge entity $(bone_left_index_finger_2) {transformation: [-0.853f,0.1982f,0.4828f,1.3237f,0.0576f,0.9552f,-0.2903f,-0.4086f,-0.5187f,-0.2198f,-0.8262f,1.887f,0f,0f,0f,1f],start_interpolation: 0,interpolation_duration: 1}
$data merge entity $(bone_left_index_finger) {transformation: [-0.853f,0.1982f,0.4828f,1.603f,0.0576f,0.9552f,-0.2903f,-0.5704f,-0.5187f,-0.2198f,-0.8262f,1.4095f,0f,0f,0f,1f],start_interpolation: 0,interpolation_duration: 1}
$data merge entity $(bone_left_thumb) {transformation: [-0.8548f,0.0928f,0.5107f,1.5136f,-0.0215f,0.9767f,-0.2135f,-0.8247f,-0.5186f,-0.1934f,-0.8329f,0.6006f,0f,0f,0f,1f],start_interpolation: 0,interpolation_duration: 1}
$data merge entity $(bone_left_hand) {transformation: [-0.9692f,0.0665f,0.2372f,2.0981f,0.0649f,0.9978f,-0.0143f,-0.7194f,-0.2376f,0.0015f,-0.9714f,0.7962f,0f,0f,0f,1f],start_interpolation: 0,interpolation_duration: 1}
$data merge entity $(bone_left_forearm) {transformation: [-1.9359f,0.1282f,0.4912f,2.6426f,0.0856f,1.9912f,-0.1824f,0.0003f,-0.5004f,-0.1554f,-1.9315f,-1.2509f,0f,0f,0f,1f],start_interpolation: 0,interpolation_duration: 1}
$data merge entity $(bone_left_bicep) {transformation: [-1.2889f,0.0279f,0.0493f,1.7771f,0.0139f,1.2443f,-0.3408f,1.5206f,-0.0549f,-0.3399f,-1.2434f,-1.7802f,0f,0f,0f,1f],start_interpolation: 0,interpolation_duration: 1}
$data merge entity $(bone_left_shoulder) {transformation: [-1.2316f,0.0267f,0.0471f,1.3743f,0.0133f,1.1889f,-0.3256f,1.6448f,-0.0525f,-0.3248f,-1.1881f,-1.8036f,0f,0f,0f,1f],start_interpolation: 0,interpolation_duration: 1}
$data merge entity $(bone_right_fingers_2) {transformation: [-0.9893f,-0.0924f,-0.1134f,-1.9275f,-0.0601f,0.9636f,-0.2604f,-0.5209f,0.1333f,-0.2508f,-0.9588f,2.0262f,0f,0f,0f,1f],start_interpolation: 0,interpolation_duration: 1}
$data merge entity $(bone_right_fingers) {transformation: [-0.9893f,-0.0924f,-0.1134f,-2.0069f,-0.0601f,0.9636f,-0.2604f,-0.6662f,0.1333f,-0.2508f,-0.9588f,1.474f,0f,0f,0f,1f],start_interpolation: 0,interpolation_duration: 1}
$data merge entity $(bone_right_index_finger_2) {transformation: [-0.8626f,-0.1903f,-0.4687f,-1.2905f,-0.0597f,0.9584f,-0.2792f,-0.4828f,0.5023f,-0.2128f,-0.8381f,1.8436f,0f,0f,0f,1f],start_interpolation: 0,interpolation_duration: 1}
$data merge entity $(bone_right_index_finger) {transformation: [-0.8626f,-0.1903f,-0.4687f,-1.5617f,-0.0597f,0.9584f,-0.2792f,-0.6381f,0.5023f,-0.2128f,-0.8381f,1.3594f,0f,0f,0f,1f],start_interpolation: 0,interpolation_duration: 1}
$data merge entity $(bone_right_thumb) {transformation: [-0.8292f,-0.0835f,-0.5527f,-1.4846f,0.0281f,0.9813f,-0.1905f,-0.8797f,0.5583f,-0.1735f,-0.8113f,0.5452f,0f,0f,0f,1f],start_interpolation: 0,interpolation_duration: 1}
$data merge entity $(bone_right_hand) {transformation: [-0.9666f,-0.0581f,-0.2495f,-2.0657f,-0.061f,0.9981f,0.0038f,-0.7729f,0.2488f,0.0189f,-0.9684f,0.75f,0f,0f,0f,1f],start_interpolation: 0,interpolation_duration: 1}
$data merge entity $(bone_right_forearm) {transformation: [-1.9345f,-0.1573f,-0.488f,-2.6202f,-0.1221f,1.9914f,-0.1578f,-0.0278f,0.498f,-0.1228f,-1.9345f,-1.2852f,0f,0f,0f,1f],start_interpolation: 0,interpolation_duration: 1}
$data merge entity $(bone_right_bicep) {transformation: [-1.2886f,-0.0448f,-0.0447f,-1.7754f,-0.0325f,1.2505f,-0.3157f,1.5147f,0.0543f,-0.3142f,-1.2501f,-1.7829f,0f,0f,0f,1f],start_interpolation: 0,interpolation_duration: 1}
$data merge entity $(bone_right_shoulder) {transformation: [-1.2313f,-0.0428f,-0.0427f,-1.3743f,-0.031f,1.1949f,-0.3017f,1.6448f,0.0519f,-0.3002f,-1.1945f,-1.8036f,0f,0f,0f,1f],start_interpolation: 0,interpolation_duration: 1}
$data merge entity $(bone_chest) {transformation: [-4.0675f,0f,0f,0f,0f,3.8279f,-1.3754f,2.0243f,0f,-1.3754f,-3.8279f,-1.306f,0f,0f,0f,1f],start_interpolation: 0,interpolation_duration: 1}
$data merge entity $(bone_weist) {transformation: [-1.1f,0f,0f,0f,0f,1.0912f,-0.1391f,1.4005f,0f,-0.1391f,-1.0912f,-3.4626f,0f,0f,0f,1f],start_interpolation: 0,interpolation_duration: 1}
$data merge entity $(bone_right_fingers2) {transformation: [-0.9606f,0.2605f,0.0965f,0.8264f,-0.1364f,-0.745f,0.6529f,-1.1588f,0.242f,0.6141f,0.7513f,-7.2582f,0f,0f,0f,1f],start_interpolation: 0,interpolation_duration: 1}
$data merge entity $(bone_left_foot) {transformation: [-0.9606f,-0.0226f,-0.2768f,0.8644f,-0.1364f,0.9066f,0.3993f,-0.3537f,0.242f,0.4214f,-0.874f,-6.6732f,0f,0f,0f,1f],start_interpolation: 0,interpolation_duration: 1}
$data merge entity $(bone_left_knee) {transformation: [-1.5226f,-0.1907f,-0.3968f,1.4492f,-0.2162f,1.5684f,0.0759f,-1.0239f,0.3835f,0.127f,-1.5327f,-4.7955f,0f,0f,0f,1f],start_interpolation: 0,interpolation_duration: 1}
$data merge entity $(bone_left_thigh) {transformation: [-1.5135f,-0.2921f,-0.4424f,0.8048f,-0.4469f,1.423f,0.5892f,0.9787f,0.2852f,0.6794f,-1.4244f,-4.9066f,0f,0f,0f,1f],start_interpolation: 0,interpolation_duration: 1}
$data merge entity $(bone_left_leg) {transformation: [-0.9586f,-0.1722f,-0.2268f,0.5257f,-0.1954f,0.9771f,0.084f,1.2322f,0.2071f,0.1248f,-0.9703f,-4.9316f,0f,0f,0f,1f],start_interpolation: 0,interpolation_duration: 1}
$data merge entity $(bone_left_fingers2) {transformation: [-0.9606f,-0.2605f,-0.0965f,-0.8218f,0.1364f,-0.745f,0.6529f,-1.1488f,-0.242f,0.6141f,0.7513f,-7.2493f,0f,0f,0f,1f],start_interpolation: 0,interpolation_duration: 1}
$data merge entity $(bone_right_foot) {transformation: [-0.9606f,0.0226f,0.2768f,-0.8598f,0.1364f,0.9066f,0.3993f,-0.3437f,-0.242f,0.4214f,-0.874f,-6.6643f,0f,0f,0f,1f],start_interpolation: 0,interpolation_duration: 1}
$data merge entity $(bone_right_knee) {transformation: [-1.5226f,0.1907f,0.3968f,-1.4419f,0.2162f,1.5684f,0.0759f,-0.9835f,-0.3835f,0.127f,-1.5327f,-4.7801f,0f,0f,0f,1f],start_interpolation: 0,interpolation_duration: 1}
$data merge entity $(bone_right_thigh) {transformation: [-1.5135f,0.2921f,0.4424f,-0.8057f,0.4469f,1.423f,0.5892f,0.9927f,-0.2852f,0.6794f,-1.4244f,-4.8895f,0f,0f,0f,1f],start_interpolation: 0,interpolation_duration: 1}
$data merge entity $(bone_right_leg) {transformation: [-0.9586f,0.1722f,0.2268f,-0.5257f,0.1954f,0.9771f,0.084f,1.2322f,-0.2071f,0.1248f,-0.9703f,-4.9316f,0f,0f,0f,1f],start_interpolation: 0,interpolation_duration: 1}