# This file was generated by Animated Java via MC-Build. It is not recommended to edit this file directly.
$data merge entity $(bone_left_fingers_2) { transformation: [-0.28471121618449435f,-0.009030802360427248f,0.958570794457808f,-1.5336697785232027f,0.23158186350698798f,0.9696898704858181f,0.07791916049232334f,0.13417536802141747f,-0.9302200620677761f,0.2441720698317572f,-0.27399021230821097f,0.7553526521612927f,0f,0f,0f,1f], start_interpolation: 0, interpolation_duration: 1 }
$data merge entity $(bone_left_fingers) { transformation: [-0.28471121618449435f,-0.009030802360427248f,0.958570794457808f,-0.977361919265906f,0.23158186350698798f,0.9696898704858181f,0.07791916049232334f,0.18150668391614946f,-0.9302200620677761f,0.2441720698317572f,-0.27399021230821097f,0.6116490079420414f,0f,0f,0f,1f], start_interpolation: 0, interpolation_duration: 1 }
$data merge entity $(bone_left_index_finger_2) { transformation: [-0.28471121618449435f,-0.009030802360427248f,0.958570794457808f,-1.6609001032556487f,0.23158186350698798f,0.9696898704858181f,0.07791916049232334f,0.2376635132761028f,-0.9302200620677761f,0.2441720698317572f,-0.27399021230821097f,0.3396605619247549f,0f,0f,0f,1f], start_interpolation: 0, interpolation_duration: 1 }
$data merge entity $(bone_left_index_finger) { transformation: [-0.28471121618449435f,-0.009030802360427248f,0.958570794457808f,-1.1085070232208887f,0.23158186350698798f,0.9696898704858181f,0.07791916049232334f,0.2881790797940559f,-0.9302200620677761f,0.2441720698317572f,-0.27399021230821097f,0.18316639185207173f,0f,0f,0f,1f], start_interpolation: 0, interpolation_duration: 1 }
$data merge entity $(bone_left_thumb) { transformation: [-0.28471121618449435f,0.19865595639921413f,0.9378034625473824f,-0.44442278064643526f,0.23158186350698798f,0.9635691417152891f,-0.1338071359408469f,0.1557612505556528f,-0.9302200620677761f,0.1790818810521461f,-0.3203440587953022f,-0.33508159555135f,0f,0f,0f,1f], start_interpolation: 0, interpolation_duration: 1 }
$data merge entity $(bone_left_hand) { transformation: [-0.28471121618449435f,-0.009030802360427248f,0.958570794457808f,-0.3238910957111081f,0.23158186350698798f,0.9696898704858181f,0.07791916049232334f,0.1510937856058605f,-0.9302200620677761f,0.2441720698317572f,-0.27399021230821097f,0.27842834197221755f,0f,0f,0f,1f], start_interpolation: 0, interpolation_duration: 1 }
$data merge entity $(bone_left_forearm) { transformation: [-0.4383848121170058f,0.5965000427541166f,1.8593883103994633f,1.8425860283340554f,-0.0184211216307416f,1.904320644583569f,-0.6152576519161564f,0.38841229064262817f,-1.9526386896027894f,-0.1518848740258681f,-0.41164495169884363f,-0.22646969121301508f,0f,0f,0f,1f], start_interpolation: 0, interpolation_duration: 1 }
$data merge entity $(bone_left_bicep) { transformation: [-2.2376510290754776f,1.035673011625536f,0.12724931338522474f,2.6989217477688268f,0.2787666541168049f,0.8834870395014803f,-2.2885875352003677f,1.6119488119740075f,-1.005534746947633f,-2.0597876508787176f,-0.9176425277075801f,-3.9193997505868348f,0f,0f,0f,1f], start_interpolation: 0, interpolation_duration: 1 }
$data merge entity $(bone_left_shoulder) { transformation: [-1.1172698822388758f,0.5171164979263679f,0.0635361919859454f,1.3743293750000003f,0.139189526324796f,0.44112931272899414f,-1.142702723848378f,1.099749190147679f,-0.5020683179420757f,-1.0284618451364114f,-0.45818331167252346f,-2.1996207190155883f,0f,0f,0f,1f], start_interpolation: 0, interpolation_duration: 1 }
$data merge entity $(bone_right_fingers_2) { transformation: [-0.18653144038155672f,-0.3541944562848837f,-0.916380002447804f,1.675943182668472f,-0.1977854231759537f,0.9271917963613121f,-0.3181136575807342f,0.11122576161319717f,0.9623341146027666f,0.1219084078205406f,-0.24300492170812119f,0.4123962980739645f,0f,0f,0f,1f], start_interpolation: 0, interpolation_duration: 1 }
$data merge entity $(bone_right_fingers) { transformation: [-0.18653144038155672f,-0.3541944562848837f,-0.916380002447804f,1.1431963041569204f,-0.1977854231759537f,0.9271917963613121f,-0.3181136575807342f,-0.06946761543464738f,0.9623341146027666f,0.1219084078205406f,-0.24300492170812119f,0.28628359271473036f,0f,0f,0f,1f], start_interpolation: 0, interpolation_duration: 1 }
$data merge entity $(bone_right_index_finger_2) { transformation: [-0.18653144038155672f,-0.3138854073449478f,-0.930957556930002f,1.7674672538194742f,-0.1977854231759537f,0.9401852380762747f,-0.2773673457394867f,0.17605158950762745f,0.9623341146027666f,0.13239210384065664f,-0.23745606480432152f,-0.02090568410496968f,0f,0f,0f,1f], start_interpolation: 0, interpolation_duration: 1 }
$data merge entity $(bone_right_index_finger) { transformation: [-0.18653144038155672f,-0.3138854073449478f,-0.930957556930002f,1.2291204181610453f,-0.1977854231759537f,0.9401852380762747f,-0.2773673457394867f,0.021637104733770618f,0.9623341146027666f,0.13239210384065664f,-0.23745606480432152f,-0.1569910030274645f,0f,0f,0f,1f], start_interpolation: 0, interpolation_duration: 1 }
$data merge entity $(bone_right_thumb) { transformation: [-0.18653144038155672f,-0.062240475534150866f,-0.9804754688182997f,0.5173869617211482f,-0.1977854231759537f,0.9799371545205248f,-0.024578437080631885f,-0.13496486903870156f,0.9623341146027666f,0.18933910424289113f,-0.1950993477083123f,-0.5997490046245859f,0f,0f,0f,1f], start_interpolation: 0, interpolation_duration: 1 }
$data merge entity $(bone_right_hand) { transformation: [-0.18653144038155672f,0.023450435996887176f,-0.982169078519955f,0.45968971370356315f,-0.1977854231759537f,0.9783503497357974f,0.060922241841155966f,-0.11700018608470553f,0.9623341146027666f,0.20562264034731007f,-0.17785494552671322f,0.022579215433076172f,0f,0f,0f,1f], start_interpolation: 0, interpolation_duration: 1 }
$data merge entity $(bone_right_forearm) { transformation: [-0.37331120074312135f,-0.7881828371159724f,-1.8013143353957153f,-1.7351426928581886f,-0.39583414819651036f,1.826081461681262f,-0.7169857701880368f,-0.015853031702520726f,1.925949336495598f,0.22253332965289874f,-0.49651268128047077f,-0.3985529166506403f,0f,0f,0f,1f], start_interpolation: 0, interpolation_duration: 1 }
$data merge entity $(bone_right_bicep) { transformation: [-2.183304405181581f,-1.152536590062235f,-0.027099549285542698f,-2.7826341965017214f,-0.6115875766811236f,1.2071162909234703f,-2.0651208194499273f,1.858312798462967f,0.9772592353378273f,-1.819456724256981f,-1.352935592773006f,-3.7539025808100357f,0f,0f,0f,1f], start_interpolation: 0, interpolation_duration: 1 }
$data merge entity $(bone_right_shoulder) { transformation: [-1.0901343524851137f,-0.5754670426812983f,-0.013530934826550928f,-1.3743293749999999f,-0.3053686079279299f,0.6027189488818198f,-1.031124721761985f,1.099749190147679f,0.48795021949149464f,-0.9084634617441768f,-0.6755272251003411f,-2.1996207190155888f,0f,0f,0f,1f], start_interpolation: 0, interpolation_duration: 1 }
$data merge entity $(bone_chest) { transformation: [-4.0674850000000005f,1.4571402939888231e-16f,4.763341184664502e-16f,2.0627330503827688e-16f,0f,3.8895632503844584f,-1.189845345615847f,1.4548748026452325f,-4.981232485829872e-16f,-1.189845345615847f,-3.8895632503844584f,-1.6843493583773899f,0f,0f,0f,1f], start_interpolation: 0, interpolation_duration: 1 }
$data merge entity $(bone_weist) { transformation: [-1.0999999999999999f,1.059099114434753e-17f,1.3429417067314884e-16f,4.737441993861273e-16f,0f,1.0965951225010317f,-0.08648200568295603f,0.9354284620284913f,-1.3471114790620883e-16f,-0.08648200568295603f,-1.0965951225010317f,-3.868414956181378f,0f,0f,0f,1f], start_interpolation: 0, interpolation_duration: 1 }
$data merge entity $(bone_right_fingers2) { transformation: [-0.9959910028252518f,-0.025982953350718582f,-0.08559677813051043f,1.1809001537390746f,0.021797291964125998f,-0.9985373987482117f,0.049476674950788224f,-0.023488874341187516f,-0.08675713431286264f,0.04741254513659532f,0.9951006231580254f,-10.694879558671325f,0f,0f,0f,1f], start_interpolation: 0, interpolation_duration: 1 }
$data merge entity $(bone_left_foot) { transformation: [-0.9959910028252518f,-0.06659615598495965f,0.0597233145360869f,1.108775005931577f,0.021797291964125998f,0.4668412355266294f,0.8840724737684128f,0.25471058201990227f,-0.08675713431286264f,0.8818300362428109f,-0.46351805447665445f,-9.741341342782977f,0f,0f,0f,1f], start_interpolation: 0, interpolation_duration: 1 }
$data merge entity $(bone_left_knee) { transformation: [-1.5786598493505641f,0.06411689550043631f,0.12645952828422435f,0.9420717145459673f,0.0345490165581092f,1.5450335117898526f,-0.3520620988337289f,0.12897967967500112f,-0.13751128694529005f,-0.3478942076145116f,-1.540237051497252f,-7.674076078726088f,0f,0f,0f,1f], start_interpolation: 0, interpolation_duration: 1 }
$data merge entity $(bone_left_thigh) { transformation: [-1.5972242916507242f,-0.14276420706727683f,-0.014034131694007594f,0.7385400000000006f,0.03495529991591053f,-0.5394902005120176f,1.5097789454322117f,0.4612560881241736f,-0.13912836763126987f,1.5034203398394825f,0.540439258925833f,-5.603737900918066f,0f,0f,0f,1f], start_interpolation: 0, interpolation_duration: 1 }
$data merge entity $(bone_left_fingers2) { transformation: [-0.9959910028252518f,0.02598295335071858f,0.08559677813051018f,-1.1776970127093114f,-0.021797291964125998f,-0.9985373987482117f,0.049476674950788224f,-0.06630001147022768f,0.08675713431286239f,0.04741254513659532f,0.9951006231580254f,-10.649842603167896f,0f,0f,0f,1f], start_interpolation: 0, interpolation_duration: 1 }
$data merge entity $(bone_right_foot) { transformation: [-0.9959910028252518f,0.06659615598495942f,-0.059723314536086786f,-1.1055718649018142f,-0.021797291964125998f,0.4668412355266294f,0.8840724737684128f,0.2118994448908621f,0.08675713431286239f,0.8818300362428109f,-0.46351805447665445f,-9.696304387279548f,0f,0f,0f,1f], start_interpolation: 0, interpolation_duration: 1 }
$data merge entity $(bone_right_knee) { transformation: [-1.5786598493505641f,-0.06411689550043624f,-0.12645952828422397f,-0.9397964547583934f,-0.0345490165581092f,1.5450335117898526f,-0.3520620988337289f,0.1172755036706914f,0.13751128694528963f,-0.3478942076145116f,-1.540237051497252f,-7.63187593724501f,0f,0f,0f,1f], start_interpolation: 0, interpolation_duration: 1 }
$data merge entity $(bone_right_thigh) { transformation: [-1.5972242916507242f,0.14276420706727647f,0.014034131694007461f,-0.7385399999999993f,-0.03495529991591053f,-0.5394902005120176f,1.5097789454322117f,0.444962615305309f,0.13912836763126946f,1.5034203398394825f,0.540439258925833f,-5.5888112803852f,0f,0f,0f,1f], start_interpolation: 0, interpolation_duration: 1 }