# This file was generated by Animated Java via MC-Build. It is not recommended to edit this file directly.
$data merge entity $(bone_left_fingers_2) { transformation: [-0.2846858075993667f,-0.010044156347986721f,0.958568258328406f,-1.5335229456333015f,0.23109369591676623f,0.9697356520295854f,0.07879383789538408f,0.13391331356247443f,-0.93034923263204f,0.24395056898070994f,-0.27374883604311884f,0.7558767080641919f,0f,0f,0f,1f], start_interpolation: 0, interpolation_duration: 1 }
$data merge entity $(bone_left_fingers) { transformation: [-0.2846858075993667f,-0.010044156347986721f,0.958568258328406f,-0.9772227589903744f,0.23109369591676623f,0.9697356520295854f,0.07879383789538408f,0.18175570230014132f,-0.93034923263204f,0.24395056898070994f,-0.27374883604311884f,0.6123126691178924f,0f,0f,0f,1f], start_interpolation: 0, interpolation_duration: 1 }
$data merge entity $(bone_left_index_finger_2) { transformation: [-0.2846858075993667f,-0.010044156347986721f,0.958568258328406f,-1.6607419159042687f,0.23109369591676623f,0.9697356520295854f,0.07879383789538408f,0.23718330892527947f,-0.93034923263204f,0.24395056898070994f,-0.27374883604311884f,0.3401268947317488f,0f,0f,0f,1f], start_interpolation: 0, interpolation_duration: 1 }
$data merge entity $(bone_left_index_finger) { transformation: [-0.2846858075993667f,-0.010044156347986721f,0.958568258328406f,-1.1083561591158326f,0.23109369591676623f,0.9697356520295854f,0.07879383789538408f,0.28820323598180186f,-0.93034923263204f,0.24395056898070994f,-0.27374883604311884f,0.18377055383675875f,0f,0f,0f,1f], start_interpolation: 0, interpolation_duration: 1 }
$data merge entity $(bone_left_thumb) { transformation: [-0.2846858075993667f,0.19766607402849207f,0.9380203164802238f,-0.4440027713004707f,0.23109369591676623f,0.9638031528931077f,-0.13296310082437915f,0.15631736094408447f,-0.93034923263204f,0.1789178740413253f,-0.3200604625527916f,-0.3342680849223404f,0f,0f,0f,1f], start_interpolation: 0, interpolation_duration: 1 }
$data merge entity $(bone_left_hand) { transformation: [-0.2846858075993667f,-0.010044156347986721f,0.958568258328406f,-0.32363246519213074f,0.23109369591676623f,0.9697356520295854f,0.07879383789538408f,0.1519060849500271f,-0.93034923263204f,0.24395056898070994f,-0.27374883604311884f,0.27927543088894f,0f,0f,0f,1f], start_interpolation: 0, interpolation_duration: 1 }
$data merge entity $(bone_left_forearm) { transformation: [-0.43783922611733983f,0.5946798707380608f,1.8600997545192643f,1.8427480003962036f,-0.01928844812932543f,1.904868476702028f,-0.6135327828130722f,0.39122817177877844f,-1.9527527240263747f,-0.1521524602382546f,-0.41100469705553844f,-0.2250913432262931f,0f,0f,0f,1f], start_interpolation: 0, interpolation_duration: 1 }
$data merge entity $(bone_left_bicep) { transformation: [-2.2376507172524533f,1.0353654414409703f,0.12973346884435027f,2.6988850200134893f,0.27635373585432077f,0.8840357002946916f,-2.288668301867463f,1.614770819791341f,-1.0062012636386441f,-2.0597068689411318f,-0.9170930889379645f,-3.918065442644473f,0f,0f,0f,1f], start_interpolation: 0, interpolation_duration: 1 }
$data merge entity $(bone_left_shoulder) { transformation: [-1.1172697265441456f,0.5169629266592559f,0.06477654271142336f,1.3743293750000003f,0.13798474467298877f,0.4414032616923736f,-1.142743051032314f,1.1016635747004142f,-0.5024011129200235f,-1.0284215103278462f,-0.45790897426179705f,-2.198528696213442f,0f,0f,0f,1f], start_interpolation: 0, interpolation_duration: 1 }
$data merge entity $(bone_right_fingers_2) { transformation: [-0.18614879962132527f,-0.353239349230046f,-0.9168263666338753f,1.676549684576617f,-0.19734119994496685f,0.9275623150887736f,-0.3173083711965934f,0.11096098064102668f,0.962499389716077f,0.12186104292466926f,-0.24237328857258925f,0.41195427450222255f,0f,0f,0f,1f], start_interpolation: 0, interpolation_duration: 1 }
$data merge entity $(bone_right_fingers) { transformation: [-0.18614879962132527f,-0.353239349230046f,-0.9168263666338753f,1.1435563409543739f,-0.19734119994496685f,0.9275623150887736f,-0.3173083711965934f,-0.06926003793948372f,0.962499389716077f,0.12186104292466926f,-0.24237328857258925f,0.28620759406108304f,0f,0f,0f,1f], start_interpolation: 0, interpolation_duration: 1 }
$data merge entity $(bone_right_index_finger_2) { transformation: [-0.18614879962132527f,-0.3129117392080536f,-0.931361835091674f,1.767878399149783f,-0.19734119994496685f,0.9405202780532782f,-0.27654666400964756f,0.1755796290787723f,0.962499389716077f,0.1323172325752594f,-0.23682709887131673f,-0.021419868116990176f,0f,0f,0f,1f], start_interpolation: 0, interpolation_duration: 1 }
$data merge entity $(bone_right_index_finger) { transformation: [-0.18614879962132527f,-0.3129117392080536f,-0.931361835091674f,1.229304201204827f,-0.19734119994496685f,0.9405202780532782f,-0.27654666400964756f,0.021640059135101614f,0.962499389716077f,0.1323172325752594f,-0.23682709887131673f,-0.1571431332971403f,0f,0f,0f,1f], start_interpolation: 0, interpolation_duration: 1 }
$data merge entity $(bone_right_thumb) { transformation: [-0.18614879962132527f,-0.06119534944673024f,-0.9806139676782256f,0.5171595117542405f,-0.19734119994496685f,0.9800483702255015f,-0.023699004675697445f,-0.13440686649449865f,0.962499389716077f,0.18910399579181472f,-0.1945111913791827f,-0.5994356128539051f,0f,0f,0f,1f], start_interpolation: 0, interpolation_duration: 1 }
$data merge entity $(bone_right_hand) { transformation: [-0.18614879962132527f,0.024503656035019528f,-0.982215961609491f,0.4598485233816296f,-0.19734119994496685f,0.9783844946469914f,0.061808020827654186f,-0.1162148944902055f,0.962499389716077f,0.20533716535315413f,-0.177289518361665f,0.02292169489537138f,0f,0f,0f,1f], start_interpolation: 0, interpolation_duration: 1 }
$data merge entity $(bone_right_forearm) { transformation: [-0.3725454098321464f,-0.7863121370150572f,-1.8022901855756672f,-1.7351360098498354f,-0.3949451103623604f,1.8268925855753957f,-0.7154080044261949f,-0.013094851047728007f,1.9262801067447133f,0.22249376660711515f,-0.4952456424918019f,-0.3969371717749799f,0f,0f,0f,1f], start_interpolation: 0, interpolation_duration: 1 }
$data merge entity $(bone_right_bicep) { transformation: [-2.183305489752756f,-1.152466112325286f,-0.029868060639778954f,-2.7828332499530797f,-0.6092373554769862f,1.2077082461990531f,-2.065469375092082f,1.861136455253988f,0.9787237024798922f,-1.8191085054756109f,-1.3523450973029787f,-3.752186027150458f,0f,0f,0f,1f], start_interpolation: 0, interpolation_duration: 1 }
$data merge entity $(bone_right_shoulder) { transformation: [-1.0901348940166988f,-0.5754318528094915f,-0.01491326581316707f,-1.3743293749999999f,-0.3041951312178163f,0.6030145149877262f,-1.0312987572644847f,1.1016635747004142f,0.4886814349536454f,-0.9082895944378813f,-0.6752323878823444f,-2.198528696213442f,0f,0f,0f,1f], start_interpolation: 0, interpolation_duration: 1 }
$data merge entity $(bone_chest) { transformation: [-4.0674850000000005f,1.4685741349797677e-16f,4.759828472535043e-16f,2.0624418456179313e-16f,0f,3.886694903256205f,-1.1991817853133215f,1.4580254661716596f,-4.981232485829872e-16f,-1.1991817853133215f,-3.886694903256205f,-1.6841115716416222f,0f,0f,0f,1f], start_interpolation: 0, interpolation_duration: 1 }
$data merge entity $(bone_weist) { transformation: [-1.0999999999999999f,1.0913436431765848e-17f,1.3426835172689904e-16f,4.735615541505273e-16f,0f,1.0963842948055058f,-0.08911497126652522f,0.9333361040012843f,-1.3471114790620883e-16f,-0.08911497126652522f,-1.0963842948055058f,-3.866923544651726f,0f,0f,0f,1f], start_interpolation: 0, interpolation_duration: 1 }
$data merge entity $(bone_right_fingers2) { transformation: [-0.9959909263680898f,-0.025982722274128293f,-0.08559773791204922f,1.1809051282353045f,0.02179692227775499f,-0.9985373544341415f,0.04947773215178031f,-0.023494281976146225f,-0.08675810493349802f,0.0474136050400234f,0.9951004880339761f,-10.694878611561522f,0f,0f,0f,1f], start_interpolation: 0, interpolation_duration: 1 }
$data merge entity $(bone_left_foot) { transformation: [-0.9959909263680898f,-0.06659712349962903f,0.05972351073077929f,1.1087789969066786f,0.02179692227775499f,0.4668421749481857f,0.8840719868137804f,0.25470619016661145f,-0.08675810493349802f,0.8818294658442883f,-0.46351895796949394f,-9.741340766426624f,0f,0f,0f,1f], start_interpolation: 0, interpolation_duration: 1 }
$data merge entity $(bone_left_knee) { transformation: [-1.5786597281648793f,0.06411679897037512f,0.12646109004041525f,0.9420737748272946f,0.03454843059997392f,1.545033151639977f,-0.35206373685818076f,0.12897748717223956f,-0.1375128253927476f,-0.34789582486321996f,-1.5402365488551657f,-7.674075524297722f,0f,0f,0f,1f], start_interpolation: 0, interpolation_duration: 1 }
$data merge entity $(bone_left_thigh) { transformation: [-1.5972241690399416f,-0.14276548725304714f,-0.014035063062869677f,0.7385400000000006f,0.03495470706712938f,-0.5394886069863664f,1.5097795285725897f,0.4612560881241736f,-0.1391299241702872f,1.5034207900958467f,0.5404376056669818f,-5.603737900918066f,0f,0f,0f,1f], start_interpolation: 0, interpolation_duration: 1 }
$data merge entity $(bone_left_fingers2) { transformation: [-0.9959909263680898f,0.02598272227412829f,0.08559773791204896f,-1.1777019659116417f,-0.02179692227775499f,-0.9985373544341415f,0.04947773215178031f,-0.06630538728532459f,0.08675810493349777f,0.0474136050400234f,0.9951004880339761f,-10.64984163030016f,0f,0f,0f,1f], start_interpolation: 0, interpolation_duration: 1 }
$data merge entity $(bone_right_foot) { transformation: [-0.9959909263680898f,0.06659712349962879f,-0.05972351073077918f,-1.105575834583016f,-0.02179692227775499f,0.4668421749481857f,0.8840719868137804f,0.21189508485743308f,0.08675810493349777f,0.8818294658442883f,-0.46351895796949394f,-9.696303785165263f,0f,0f,0f,1f], start_interpolation: 0, interpolation_duration: 1 }
$data merge entity $(bone_right_knee) { transformation: [-1.5786597281648793f,-0.06411679897037505f,-0.12646109004041484f,-0.9397984878400343f,-0.03454843059997392f,1.545033151639977f,-0.35206373685818076f,0.11727334016305258f,0.13751282539274717f,-0.34789582486321996f,-1.5402365488551657f,-7.631875389964763f,0f,0f,0f,1f], start_interpolation: 0, interpolation_duration: 1 }
$data merge entity $(bone_right_thigh) { transformation: [-1.5972241690399416f,0.14276548725304677f,0.014035063062869543f,-0.7385399999999993f,-0.03495470706712938f,-0.5394886069863664f,1.5097795285725897f,0.444962615305309f,0.1391299241702868f,1.5034207900958467f,0.5404376056669818f,-5.5888112803852f,0f,0f,0f,1f], start_interpolation: 0, interpolation_duration: 1 }