# This file was generated by Animated Java via MC-Build. It is not recommended to edit this file directly.
$data merge entity $(bone_left_fingers_2) { transformation: [-0.3394562535426622f,0.0722571687048173f,0.9378423926766924f,-1.5160947141599554f,0.21220127204557235f,0.9772248065777311f,0.0015157675802010967f,0.18495439021060628f,-0.9163733257101176f,0.1995258854882739f,-0.347058134823403f,1.1911841012998101f,0f,0f,0f,1f], start_interpolation: 0, interpolation_duration: 1 }
$data merge entity $(bone_left_fingers) { transformation: [-0.3394562535426622f,0.0722571687048173f,0.9378423926766924f,-0.9705101419115992f,0.21220127204557235f,0.9772248065777311f,0.0015157675802010967f,0.1885628274744134f,-0.9163733257101176f,0.1995258854882739f,-0.347058134823403f,1.004921172076769f,0f,0f,0f,1f], start_interpolation: 0, interpolation_duration: 1 }
$data merge entity $(bone_left_index_finger_2) { transformation: [-0.1534819322080799f,0.07773519485849256f,0.9850891005213622f,-1.6698159645568622f,0.23009380824316333f,0.9723095776758081f,-0.040876944211259494f,0.30710985194927265f,-0.9609891445244494f,0.22038903021748668f,-0.16711833970561996f,0.6700092340971914f,0f,0f,0f,1f], start_interpolation: 0, interpolation_duration: 1 }
$data merge entity $(bone_left_index_finger) { transformation: [-0.1534819322080799f,0.07773519485849256f,0.9850891005213622f,-1.1016379175845676f,0.23009380824316333f,0.9723095776758081f,-0.040876944211259494f,0.2891757780305376f,-0.9609891445244494f,0.22038903021748668f,-0.16711833970561996f,0.5749700920078258f,0f,0f,0f,1f], start_interpolation: 0, interpolation_duration: 1 }
$data merge entity $(bone_left_thumb) { transformation: [-0.28467359711906315f,0.1719566771027327f,0.9430757362497881f,-0.43092932342561113f,0.2184270297012193f,0.9695371941331747f,-0.11084792234531723f,0.17129576357256932f,-0.9334080435689401f,0.17443775506511583f,-0.3135616268114558f,0.06176679593861789f,0f,0f,0f,1f], start_interpolation: 0, interpolation_duration: 1 }
$data merge entity $(bone_left_hand) { transformation: [-0.28467359711906315f,-0.03623833101528662f,0.957939312518554f,-0.31431000601262715f,0.2184270297012193f,0.9705471729047435f,0.10162587201354217f,0.17347042576903426f,-0.9334080435689401f,0.23817004121391247f,-0.2683737238795319f,0.676046309998007f,0f,0f,0f,1f], start_interpolation: 0, interpolation_duration: 1 }
$data merge entity $(bone_left_forearm) { transformation: [-0.4250368091905324f,0.5469456651255616f,1.8776348376572543f,1.8483772506355156f,-0.04162587630855292f,1.9185024258184622f,-0.5682729642530222f,0.46503212350932044f,-1.9552312984926803f,-0.15974140001805487f,-0.3960703067204051f,0.18346044732964328f,0f,0f,0f,1f], start_interpolation: 0, interpolation_duration: 1 }
$data merge entity $(bone_left_bicep) { transformation: [-2.2376492224450093f,1.025339216751286f,0.19364542486763361f,2.696080910333232f,0.21346909502747574f,0.8983221236179961f,-2.289834363087354f,1.6888221153379495f,-1.021396106047237f,-2.0585407344765794f,-0.9028029362719362f,-3.511376689551151f,0f,0f,0f,1f], start_interpolation: 0, interpolation_duration: 1 }
$data merge entity $(bone_left_shoulder) { transformation: [-1.1172689801796252f,0.5119567846233495f,0.09668808863701521f,1.3743293750000003f,0.10658614214814742f,0.4485365413220566f,-1.1433252709874824f,1.1519833077582349f,-0.5099879705523779f,-1.0278392538012675f,-0.45077383255342013f,-1.796935002718627f,0f,0f,0f,1f], start_interpolation: 0, interpolation_duration: 1 }
$data merge entity $(bone_right_fingers_2) { transformation: [-0.17693436747650318f,-0.32812770117308093f,-0.927915104591233f,1.6886673665074199f,-0.18587844890396193f,0.936964055845334f,-0.29588436979150956f,0.10329033363760445f,0.9665109579506831f,0.12012730654073163f,-0.22677301070568823f,0.7764438946765936f,0f,0f,0f,1f], start_interpolation: 0, interpolation_duration: 1 }
$data merge entity $(bone_right_fingers) { transformation: [-0.17693436747650318f,-0.32812770117308093f,-0.927915104591233f,1.1495552526826622f,-0.18587844890396193f,0.936964055845334f,-0.29588436979150956f,-0.06437148792211755f,0.9665109579506831f,0.12012730654073163f,-0.22677301070568823f,0.6597331846090995f,0f,0f,0f,1f], start_interpolation: 0, interpolation_duration: 1 }
$data merge entity $(bone_right_index_finger_2) { transformation: [-0.17693436747650318f,-0.28734030791939846f,-0.9413446643235808f,1.7752383231681343f,-0.18587844890396193f,0.9489785686196897f,-0.2547329553347624f,0.16256743289202055f,0.9665109579506831f,0.12990467176091153f,-0.22131729353112675f,0.34133316590829904f,0f,0f,0f,1f], start_interpolation: 0, interpolation_duration: 1 }
$data merge entity $(bone_right_index_finger) { transformation: [-0.17693436747650318f,-0.28734030791939846f,-0.9413446643235808f,1.2310587171103016f,-0.18587844890396193f,0.9489785686196897f,-0.2547329553347624f,0.02124850635705855f,0.9665109579506831f,0.12990467176091153f,-0.22131729353112675f,0.21453458566623174f,0f,0f,0f,1f], start_interpolation: 0, interpolation_duration: 1 }
$data merge entity $(bone_right_thumb) { transformation: [0.16627935767812707f,-0.13434950950399194f,-0.9768835061081674f,0.5088477078613728f,-0.1179178891408941f,0.9808570314033772f,-0.15496727192252485f,-0.11996266373321576f,0.9790028328001433f,0.14095989941324005f,0.14725406658800297f,-0.21627163845892294f,0f,0f,0f,1f], start_interpolation: 0, interpolation_duration: 1 }
$data merge entity $(bone_right_hand) { transformation: [-0.17693436747650318f,0.05194727000459509f,-0.9828508079788912f,0.46111218096930306f,-0.18587844890396193f,0.9788719601092627f,0.08519910765323147f,-0.09599075327139339f,0.9665109579506831f,0.1977654339133092f,-0.16354021312916778f,0.4066976888146797f,0f,0f,0f,1f], start_interpolation: 0, interpolation_duration: 1 }
$data merge entity $(bone_right_forearm) { transformation: [-0.3541042788297094f,-0.7370712561037963f,-1.8266534688787102f,-1.7365118135081392f,-0.3720043484930272f,1.8475609221834361f,-0.6733930321510095f,0.05924853865715307f,1.9343085836141378f,0.220389143273493f,-0.4639026849570998f,0.017825147298597965f,0f,0f,0f,1f], start_interpolation: 0, interpolation_duration: 1 }
$data merge entity $(bone_right_bicep) { transformation: [-2.183310688777375f,-1.1483888156764548f,-0.1012455776256672f,-2.785971259876752f,-0.5473958782174092f,1.2235097098003058f,-2.073469277617593f,1.935690694727592f,1.0145961223413567f,-1.811110217723555f,-1.336550631467541f,-3.3356368076502356f,0f,0f,0f,1f], start_interpolation: 0, interpolation_duration: 1 }
$data merge entity $(bone_right_shoulder) { transformation: [-1.0901374899146064f,-0.5733960390532353f,-0.05055240210435002f,-1.3743293749999999f,-0.27331738526123034f,0.6109042614886664f,-1.0352931469331423f,1.1519833077582349f,0.5065927061006934f,-0.9042960110333482f,-0.6673461353994109f,-1.7969350027186275f,0f,0f,0f,1f], start_interpolation: 0, interpolation_duration: 1 }
$data merge entity $(bone_chest) { transformation: [-4.0674850000000005f,1.7607677078714953e-16f,4.6596538666304185e-16f,1.5988920664272115e-16f,0f,3.8048961299491832f,-1.4377759441313283f,1.53954393373233f,-4.981232485829872e-16f,-1.4377759441313283f,-3.8048961299491832f,-1.3055944518373972f,0f,0f,0f,1f], start_interpolation: 0, interpolation_duration: 1 }
$data merge entity $(bone_weist) { transformation: [-1.0999999999999999f,1.921448950764858e-17f,1.333337795278036e-16f,4.2270999783340163e-16f,0f,1.0887529336673705f,-0.15689821359943498f,0.8805713233174488f,-1.3471114790620883e-16f,-0.15689821359943498f,-1.0887529336673705f,-3.451689075802989f,0f,0f,0f,1f], start_interpolation: 0, interpolation_duration: 1 }
$data merge entity $(bone_right_fingers2) { transformation: [-0.9959905598441325f,-0.02598161460273546f,-0.08560233877649875f,1.1809289742616957f,0.021795150130297813f,-0.9985371419905034f,0.049482800003997796f,-0.023520204284915136f,-0.08676275774875598f,0.04741868585349862f,0.9950998402671756f,-10.319874071296146f,0f,0f,0f,1f], start_interpolation: 0, interpolation_duration: 1 }
$data merge entity $(bone_left_foot) { transformation: [-0.9959905598441325f,-0.06660176142106536f,0.05972445124890666f,1.1087981282761719f,0.021795150130297813f,0.46684667819955283f,0.8840696525075619f,0.254685137156261f,-0.08676275774875598f,0.8818267315236338f,-0.46352328899223183f,-9.366338003453716f,0f,0f,0f,1f], start_interpolation: 0, interpolation_duration: 1 }
$data merge entity $(bone_left_knee) { transformation: [-1.5786591472192144f,0.06411633628627747f,0.1264685765570062f,0.9420836511038957f,0.03454562172114888f,1.5450314251800266f,-0.3520715889703433f,0.12896697708395577f,-0.13752020017084635f,-0.34790357739096056f,-1.540234139316997f,-7.2990728664989355f,0f,0f,0f,1f], start_interpolation: 0, interpolation_duration: 1 }
$data merge entity $(bone_left_thigh) { transformation: [-1.5972235812625757f,-0.14277162404467605f,-0.014039527681102337f,0.7385400000000005f,0.03495186515695252f,-0.5394809681703812f,1.5097823239179573f,0.4612560881241736f,-0.139137385672985f,1.503422948428254f,0.5404296804936727f,-5.228737900918066f,0f,0f,0f,1f], start_interpolation: 0, interpolation_duration: 1 }
$data merge entity $(bone_left_fingers2) { transformation: [-0.9959905598441325f,0.025981614602735455f,0.0856023387764985f,-1.1777257098615002f,-0.021795150130297813f,-0.9985371419905034f,0.049482800003997796f,-0.06633115706030351f,0.08676275774875573f,0.04741868585349862f,0.9950998402671756f,-10.274836966560914f,0f,0f,0f,1f], start_interpolation: 0, interpolation_duration: 1 }
$data merge entity $(bone_right_foot) { transformation: [-0.9959905598441325f,0.06660176142106514f,-0.059724451248906546f,-1.1055948638759765f,-0.021795150130297813f,0.46684667819955283f,0.8840696525075619f,0.21187418438087263f,0.08676275774875573f,0.8818267315236338f,-0.46352328899223183f,-9.321300898718484f,0f,0f,0f,1f], start_interpolation: 0, interpolation_duration: 1 }
$data merge entity $(bone_right_knee) { transformation: [-1.5786591472192144f,-0.0641163362862774f,-0.1264685765570058f,-0.9398082337307407f,-0.03454562172114888f,1.5450314251800266f,-0.3520715889703433f,0.11726296906720168f,0.13752020017084593f,-0.34790357739096056f,-1.540234139316997f,-7.256872766432395f,0f,0f,0f,1f], start_interpolation: 0, interpolation_duration: 1 }
$data merge entity $(bone_right_thigh) { transformation: [-1.5972235812625757f,0.1427716240446757f,0.014039527681102204f,-0.7385399999999994f,-0.03495186515695252f,-0.5394809681703812f,1.5097823239179573f,0.444962615305309f,0.13913738567298461f,1.503422948428254f,0.5404296804936727f,-5.2138112803852f,0f,0f,0f,1f], start_interpolation: 0, interpolation_duration: 1 }