# This file was generated by Animated Java via MC-Build. It is not recommended to edit this file directly.
$data merge entity $(bone_left_fingers_2) { transformation: [-0.2848540403719769f,-0.04262087640009132f,0.9576229093848208f,-1.5235409028843803f,0.21531626293191822f,0.9706373052161853f,0.10724797732216451f,0.12590575195283538f,-0.934075522964173f,0.23674180580867127f,-0.26731299029724714f,0.7741953672246957f,0f,0f,0f,1f], start_interpolation: 0, interpolation_duration: 1 }
$data merge entity $(bone_left_fingers) { transformation: [-0.2848540403719769f,-0.04262087640009132f,0.9576229093848208f,-0.9679716642815773f,0.21531626293191822f,0.9706373052161853f,0.10724797732216451f,0.19036903888014867f,-0.934075522964173f,0.23674180580867127f,-0.26731299029724714f,0.6343499852684613f,0f,0f,0f,1f], start_interpolation: 0, interpolation_duration: 1 }
$data merge entity $(bone_left_index_finger_2) { transformation: [-0.2848540403719769f,-0.04262087640009132f,0.9576229093848208f,-1.6508350521756074f,0.21531626293191822f,0.9706373052161853f,0.10724797732216451f,0.22212520695053636f,-0.934075522964173f,0.23674180580867127f,-0.26731299029724714f,0.3567803679000806f,0f,0f,0f,1f], start_interpolation: 0, interpolation_duration: 1 }
$data merge entity $(bone_left_index_finger) { transformation: [-0.2848540403719769f,-0.04262087640009132f,0.9576229093848208f,-1.0991825566279192f,0.21531626293191822f,0.9706373052161853f,0.10724797732216451f,0.2895490924931635f,-0.934075522964173f,0.23674180580867127f,-0.26731299029724714f,0.20409144750308886f,0f,0f,0f,1f], start_interpolation: 0, interpolation_duration: 1 }
$data merge entity $(bone_left_thumb) { transformation: [-0.2848540403719769f,0.1656569413561721f,0.9441482687927136f,-0.42709889616630103f,0.21531626293191822f,0.9708420362514655f,-0.10537859158359326f,0.17514863406312162f,-0.934075522964173f,0.1732729593087924f,-0.31221691013073f,-0.3080993642410328f,0f,0f,0f,1f], start_interpolation: 0, interpolation_duration: 1 }
$data merge entity $(bone_left_hand) { transformation: [-0.2848540403719769f,-0.04262087640009132f,0.9576229093848208f,-0.3112737514749415f,0.21531626293191822f,0.9706373052161853f,0.10724797732216451f,0.1789241893894059f,-0.934075522964173f,0.23674180580867127f,-0.26731299029724714f,0.3063226379543492f,0f,0f,0f,1f], start_interpolation: 0, interpolation_duration: 1 }
$data merge entity $(bone_left_forearm) { transformation: [-0.42229222498003327f,0.5351137697625876f,1.8816590986367807f,1.8501656782377387f,-0.04705384081143062f,1.9216655539126672f,-0.5570510464231364f,0.4833404761428519f,-1.9557028522086377f,-0.16178128960634067f,-0.3929015163460224f,-0.18395844652757587f,0f,0f,0f,1f], start_interpolation: 0, interpolation_duration: 1 }
$data merge entity $(bone_left_bicep) { transformation: [-2.237648326521332f,1.022294439685527f,0.20913428244408191f,2.6948598504545203f,0.19799360607898175f,0.9018205380705479f,-2.2898496351846016f,1.7071951326181547f,-1.0245104203751116f,-2.058525418446725f,-0.8993022866870797f,-3.8794633433021706f,0f,0f,0f,1f], start_interpolation: 0, interpolation_duration: 1 }
$data merge entity $(bone_left_shoulder) { transformation: [-1.1172685328406395f,0.5104365128430309f,0.10442174945167901f,1.3743293750000003f,0.09885915635348726f,0.4502833164235523f,-1.143332896418826f,1.1645058422981611f,-0.5115429626209119f,-1.0278316064341626f,-0.4490259414396533f,-2.165922879351477f,0f,0f,0f,1f], start_interpolation: 0, interpolation_duration: 1 }
$data merge entity $(bone_right_fingers_2) { transformation: [-0.1748898292881738f,-0.3218714459799656f,-0.9304903652775343f,1.6905654548641094f,-0.18308793297744025f,0.9392039225771658f,-0.29047340775656777f,0.10117024660572928f,0.9674152967622549f,0.11956071293878683f,-0.22318799141523538f,0.3991750506024892f,0f,0f,0f,1f], start_interpolation: 0, interpolation_duration: 1 }
$data merge entity $(bone_right_fingers) { transformation: [-0.1748898292881738f,-0.3218714459799656f,-0.9304903652775343f,1.1500334532410035f,-0.18308793297744025f,0.9392039225771658f,-0.29047340775656777f,-0.06332177305423707f,0.9674152967622549f,0.11956071293878683f,-0.22318799141523538f,0.28453963628699525f,0f,0f,0f,1f], start_interpolation: 0, interpolation_duration: 1 }
$data merge entity $(bone_right_index_finger_2) { transformation: [-0.1748898292881738f,-0.2809776760015118f,-0.943644579913615f,1.7760634460929963f,-0.18308793297744025f,0.9509802806456852f,-0.24922944172208433f,0.15914837412315952f,0.9674152967622549f,0.12918224108538645f,-0.21776040085046516f,-0.036322689400651656f,0f,0f,0f,1f], start_interpolation: 0, interpolation_duration: 1 }
$data merge entity $(bone_right_index_finger) { transformation: [-0.1748898292881738f,-0.2809776760015118f,-0.943644579913615f,1.230595152218973f,-0.18308793297744025f,0.9509802806456852f,-0.24922944172208433f,0.021012821525544484f,0.9674152967622549f,0.12918224108538645f,-0.21776040085046516f,-0.16107553339376504f,0f,0f,0f,1f], start_interpolation: 0, interpolation_duration: 1 }
$data merge entity $(bone_right_thumb) { transformation: [-0.1748898292881738f,-0.027170404771131362f,-0.984213044374096f,0.5060938181983305f,-0.18308793297744025f,0.9830817394852378f,0.00539465371707587f,-0.11643104091803405f,0.9674152967622549f,0.18114100197153507f,-0.17690557084260097f,-0.589246458215259f,0f,0f,0f,1f], start_interpolation: 0, interpolation_duration: 1 }
$data merge entity $(bone_right_hand) { transformation: [-0.1748898292881738f,0.05871280572635046f,-0.9828358734067927f,0.4605721948386823f,-0.18308793297744025f,0.9788706416144263f,0.0910553446174876f,-0.09107791696442802f,0.9674152967622549f,0.195870042194055f,-0.1604449131674086f,0.03383388704935736f,0f,0f,0f,1f], start_interpolation: 0, interpolation_duration: 1 }
$data merge entity $(bone_right_forearm) { transformation: [-0.3500124806615874f,-0.7247871462701211f,-1.8323486644766318f,-1.73731541935807f,-0.3664196017656567f,1.8525117308214825f,-0.6627697449621954f,0.0772161321612359f,1.9361184651383243f,0.2195692419191948f,-0.45668524081692247f,-0.3480554435112615f,0f,0f,0f,1f], start_interpolation: 0, interpolation_duration: 1 }
$data merge entity $(bone_right_bicep) { transformation: [-2.1833138047246137f,-1.1467188256854108f,-0.11861647274584454f,-2.7861386282942764f,-0.5319732037521241f,1.2275090561679913f,-2.0751190641031494f,1.9543412278844996f,1.022760208102415f,-1.8094613990172053f,-1.3325554790994878f,-3.701334231405661f,0f,0f,0f,1f], start_interpolation: 0, interpolation_duration: 1 }
$data merge entity $(bone_right_shoulder) { transformation: [-1.0901390457219948f,-0.572562205047669f,-0.059225773283824376f,-1.3743293749999999f,-0.2656167699911375f,0.6129011542959878f,-1.036116893231598f,1.1645058422981611f,0.5106690732456697f,-0.9034727479516882f,-0.6653513366762045f,-2.1659228793514775f,0f,0f,0f,1f], start_interpolation: 0, interpolation_duration: 1 }
$data merge entity $(bone_chest) { transformation: [-4.0674850000000005f,1.8310862407259684e-16f,4.632472369794655e-16f,2.0580238763041022e-16f,0f,3.782700753409033f,-1.4951953836819252f,1.559458133701148f,-4.981232485829872e-16f,-1.4951953836819252f,-3.782700753409033f,-1.6805040259256618f,0f,0f,0f,1f], start_interpolation: 0, interpolation_duration: 1 }
$data merge entity $(bone_weist) { transformation: [-1.0999999999999999f,2.1230190637145594e-17f,1.3302771281097383e-16f,4.673717341786785e-16f,0f,1.0862537092620739f,-0.173357662404596f,0.8680815427023623f,-1.3471114790620883e-16f,-0.173357662404596f,-1.0862537092620739f,-3.8163798288949997f,0f,0f,0f,1f], start_interpolation: 0, interpolation_duration: 1 }
$data merge entity $(bone_right_fingers2) { transformation: [-0.9959903401605751f,-0.025980950756526285f,-0.08560509625372206f,1.1809432661081354f,0.021794088015358655f,-0.9985370146511631f,0.0494858373590093f,-0.02353574049923962f,-0.08676554635568692f,0.047421730982013854f,0.9950994520128473f,-10.694871350023384f,0f,0f,0f,1f], start_interpolation: 0, interpolation_duration: 1 }
$data merge entity $(bone_left_foot) { transformation: [-0.9959903401605751f,-0.0666045410976764f,0.05972501496014879f,1.1088095944507141f,0.021794088015358655f,0.46684937716212116f,0.884068253457231f,0.25467251929297047f,-0.08676554635568692f,0.881825092718793f,-0.4635258847325484f,-9.741336347403134f,0f,0f,0f,1f], start_interpolation: 0, interpolation_duration: 1 }
$data merge entity $(bone_left_knee) { transformation: [-1.5786587990176637f,0.06411605901975115f,0.12647306351121293f,0.94208957033513f,0.034543938253923684f,1.5450303904258256f,-0.35207629503355925f,0.12896067799473565f,-0.13752462015233713f,-0.34790822377521435f,-1.5402326951521186f,-7.674071273529984f,0f,0f,0f,1f], start_interpolation: 0, interpolation_duration: 1 }
$data merge entity $(bone_left_thigh) { transformation: [-1.5972232289663066f,-0.14277530207783493f,-0.014042203464527317f,0.7385400000000006f,0.034950161892789953f,-0.5394763899312957f,1.5097839992533617f,0.4612560881241736f,-0.13914185763178516f,1.5034242419671136f,0.5404249306161739f,-5.603737900918066f,0f,0f,0f,1f], start_interpolation: 0, interpolation_duration: 1 }
$data merge entity $(bone_left_fingers2) { transformation: [-0.9959903401605751f,0.02598095075652626f,0.08560509625372181f,-1.1777399405288156f,-0.021794088015358655f,-0.9985370146511631f,0.0494858373590093f,-0.06634660185498553f,0.08676554635568667f,0.047421730982013854f,0.9950994520128473f,-10.649834171286125f,0f,0f,0f,1f], start_interpolation: 0, interpolation_duration: 1 }
$data merge entity $(bone_right_foot) { transformation: [-0.9959903401605751f,0.06660454109767618f,-0.05972501496014866f,-1.1056062688713946f,-0.021794088015358655f,0.46684937716212116f,0.884068253457231f,0.21186165793722456f,0.08676554635568667f,0.881825092718793f,-0.4635258847325484f,-9.696299168665876f,0f,0f,0f,1f], start_interpolation: 0, interpolation_duration: 1 }
$data merge entity $(bone_right_knee) { transformation: [-1.5786587990176637f,-0.06411605901975105f,-0.12647306351121254f,-0.9398140748167094f,-0.034543938253923684f,1.5450303904258256f,-0.35207629503355925f,0.11725675328134533f,0.13752462015233674f,-0.34790822377521435f,-1.5402326951521186f,-7.631871194001258f,0f,0f,0f,1f], start_interpolation: 0, interpolation_duration: 1 }
$data merge entity $(bone_right_thigh) { transformation: [-1.5972232289663066f,0.14277530207783456f,0.014042203464527184f,-0.7385399999999993f,-0.034950161892789953f,-0.5394763899312957f,1.5097839992533617f,0.444962615305309f,0.13914185763178477f,1.5034242419671136f,0.5404249306161739f,-5.5888112803852f,0f,0f,0f,1f], start_interpolation: 0, interpolation_duration: 1 }