# This file was generated by Animated Java via MC-Build. It is not recommended to edit this file directly.
$data merge entity $(bone_left_fingers_2) { transformation: [-0.28490502219753866f,-0.04406205638908817f,0.9575425126402405f,-1.5228642493079836f,0.2146127195008606f,0.9706516604801941f,0.10852066455512926f,0.1255780270712793f,-0.9342218735156361f,0.23641888501937997f,-0.267087255126725f,0.7750726552675631f,0f,0f,0f,1f], start_interpolation: 0, interpolation_duration: 1 }
$data merge entity $(bone_left_fingers) { transformation: [-0.28490502219753866f,-0.04406205638908817f,0.9575425126402405f,-0.9673489804331585f,0.2146127195008606f,0.9706516604801941f,0.10852066455512926f,0.19078454824939067f,-0.9342218735156361f,0.23641888501937997f,-0.267087255126725f,0.6353575138531995f,0f,0f,0f,1f], start_interpolation: 0, interpolation_duration: 1 }
$data merge entity $(bone_left_index_finger_2) { transformation: [-0.28490502219753866f,-0.04406205638908817f,0.9575425126402405f,-1.6501811811025089f,0.2146127195008606f,0.9706516604801941f,0.10852066455512926f,0.2214830860982264f,-0.9342218735156361f,0.23641888501937997f,-0.267087255126725f,0.35759225554026286f,0f,0f,0f,1f], start_interpolation: 0, interpolation_duration: 1 }
$data merge entity $(bone_left_index_finger) { transformation: [-0.28490502219753866f,-0.04406205638908817f,0.9575425126402405f,-1.0985833562829f,0.2146127195008606f,0.9706516604801941f,0.10852066455512926f,0.2896405321694746f,-0.9342218735156361f,0.23641888501937997f,-0.267087255126725f,0.20503156336505934f,0f,0f,0f,1f], start_interpolation: 0, interpolation_duration: 1 }
$data merge entity $(bone_left_thumb) { transformation: [-0.28490502219753866f,0.1642325220470145f,0.9443817062124282f,-0.426198769432411f,0.2146127195008606f,0.9711315111717653f,-0.1041391791675373f,0.1760294957872834f,-0.9342218735156361f,0.17300655106475135f,-0.3119266329341159f,-0.30693995826642334f,0f,0f,0f,1f], start_interpolation: 0, interpolation_duration: 1 }
$data merge entity $(bone_left_hand) { transformation: [-0.28490502219753866f,-0.04406205638908817f,0.9575425126402405f,-0.3105462702593411f,0.2146127195008606f,0.9706516604801941f,0.10852066455512926f,0.18016618423896025f,-0.9342218735156361f,0.23641888501937997f,-0.267087255126725f,0.30751223921215604f,0f,0f,0f,1f], start_interpolation: 0, interpolation_duration: 1 }
$data merge entity $(bone_left_forearm) { transformation: [-0.42169315111350325f,0.5324312441401543f,1.8825541930892793f,1.8505924169984325f,-0.04827884533519115f,1.9223708679675116f,-0.5545068371387611f,0.48749150519489826f,-1.9558022580894423f,-0.16225180924692095f,-0.39221207400975827f,-0.18227949948428357f,0f,0f,0f,1f], start_interpolation: 0, interpolation_duration: 1 }
$data merge entity $(bone_left_bicep) { transformation: [-2.237648222572971f,1.0215739512170183f,0.21262689599374776f,2.694554669938043f,0.19449107678613356f,0.9026109538750078f,-2.28983837632364f,1.7113603265281807f,-1.0251813282320632f,-2.0585366722088683f,-0.8985116115580505f,-3.8779469264343422f,0f,0f,0f,1f], start_interpolation: 0, interpolation_duration: 1 }
$data merge entity $(bone_left_shoulder) { transformation: [-1.1172684809387248f,0.5100767694979313f,0.10616562813456429f,1.3743293750000003f,0.09711032669251214f,0.4506779748226028f,-1.1433272748155925f,1.1673467317187363f,-0.5118779501290575f,-1.0278372254915318f,-0.44863115355860256f,-2.164591241441649f,0f,0f,0f,1f], start_interpolation: 0, interpolation_duration: 1 }
$data merge entity $(bone_right_fingers_2) { transformation: [-0.17443889577058794f,-0.32045202257791966f,-0.931064752242323f,1.6909375641369977f,-0.1824578512123512f,0.9397064266135039f,-0.2892420514244964f,0.10068019563367313f,0.9676157316689873f,0.11942500997278561f,-0.22239033886320358f,0.3986785476026925f,0f,0f,0f,1f], start_interpolation: 0, interpolation_duration: 1 }
$data merge entity $(bone_right_fingers) { transformation: [-0.17443889577058794f,-0.32045202257791966f,-0.931064752242323f,1.150088939400526f,-0.1824578512123512f,0.9397064266135039f,-0.2892420514244964f,-0.06309059152255929f,0.9676157316689873f,0.11942500997278561f,-0.22239033886320358f,0.2845048119159047f,0f,0f,0f,1f], start_interpolation: 0, interpolation_duration: 1 }
$data merge entity $(bone_right_index_finger_2) { transformation: [-0.17443889577058794f,-0.27953454916851145f,-0.9441565058100776f,1.7761979074675742f,-0.1824578512123512f,0.9514285954006932f,-0.24797733845018124f,0.15836511235976003f,0.9676157316689873f,0.12901187416288953f,-0.21696942676715822f,-0.03690471144189256f,0f,0f,0f,1f], start_interpolation: 0, interpolation_duration: 1 }
$data merge entity $(bone_right_index_finger) { transformation: [-0.17443889577058794f,-0.27953454916851145f,-0.9441565058100776f,1.2304429270878154f,-0.1824578512123512f,0.9514285954006932f,-0.24797733845018124f,0.02095376748816284f,0.9676157316689873f,0.12901187416288953f,-0.21696942676715822f,-0.1612026852344054f,0f,0f,0f,1f], start_interpolation: 0, interpolation_duration: 1 }
$data merge entity $(bone_right_thumb) { transformation: [-0.17443889577058794f,-0.025643955120839806f,-0.9843340181097564f,0.505433362640594f,-0.1824578512123512f,0.9831907101122027f,0.006720125001384664f,-0.11563186395606907f,0.9676157316689873f,0.18077172100420755f,-0.17618564275180715f,-0.5887875726271012f,0f,0f,0f,1f], start_interpolation: 0, interpolation_duration: 1 }
$data merge entity $(bone_right_hand) { transformation: [-0.17443889577058794f,0.06024399033065936f,-0.982823347947828f,0.46040516349397587f,-0.1824578512123512f,0.9788636751409819f,0.09238526949931969f,-0.0899682351791905f,0.9676157316689873f,0.1954394205848191f,-0.1597599095773425f,0.03431591410860407f,0f,0f,0f,1f], start_interpolation: 0, interpolation_duration: 1 }
$data merge entity $(bone_right_forearm) { transformation: [-0.3491100133211704f,-0.7219992557789429f,-1.833621020134779f,-1.7375214701974317f,-0.3651585994391288f,1.8536239441914106f,-0.6603516055878831f,0.08129080852144588f,1.9365196017807587f,0.21936754637250597f,-0.45507854678501397f,-0.34602756916321686f,0f,0f,0f,1f], start_interpolation: 0, interpolation_duration: 1 }
$data merge entity $(bone_right_bicep) { transformation: [-2.1833141662421665f,-1.1463059279151326f,-0.12253601022540606f,-2.786144563723929f,-0.5284733326156259f,1.2284187848684192f,-2.0754749645287447f,1.9585763858012184f,1.024572247764631f,-1.8091056108746348f,-1.331646236994461f,-3.6992791026751473f,0f,0f,0f,1f], start_interpolation: 0, interpolation_duration: 1 }
$data merge entity $(bone_right_shoulder) { transformation: [-1.0901392262294416f,-0.5723560432122525f,-0.061182817130840096f,-1.3743293749999999f,-0.2638692675603665f,0.6133553861957745f,-1.0362945960196677f,1.1673467317187363f,0.5115738333327924f,-0.9032951012270708f,-0.6648973477358335f,-2.1645912414416495f,0f,0f,0f,1f], start_interpolation: 0, interpolation_duration: 1 }
$data merge entity $(bone_chest) { transformation: [-4.0674850000000005f,1.8469111686325568e-16f,4.626185925043132e-16f,2.0580499633859864e-16f,0f,3.777567481713146f,-1.508117417951403f,1.5639560695380912f,-4.981232485829872e-16f,-1.508117417951403f,-3.777567481713146f,-1.6805253276445755f,0f,0f,0f,1f], start_interpolation: 0, interpolation_duration: 1 }
$data merge entity $(bone_weist) { transformation: [-1.0999999999999999f,2.1684808037419922e-17f,1.329543623601299e-16f,4.670833816817992e-16f,0f,1.0856547573773752f,-0.17706989519359978f,0.865282248104754f,-1.3471114790620883e-16f,-0.17706989519359978f,-1.0856547573773752f,-3.8140252520726863f,0f,0f,0f,1f], start_interpolation: 0, interpolation_duration: 1 }
$data merge entity $(bone_right_fingers2) { transformation: [-0.9959903146718494f,-0.025980873736814753f,-0.08560541618228473f,1.1809449242792645f,0.02179396478655004f,-0.9985369998763132f,0.04948618975930846f,-0.023537543043256448f,-0.08676586989567443f,0.04742208428446976f,0.9950994069656377f,-10.694871034289767f,0f,0f,0f,1f], start_interpolation: 0, interpolation_duration: 1 }
$data merge entity $(bone_left_foot) { transformation: [-0.9959903146718494f,-0.06660486360136066f,0.059725080364237515f,1.108810924781455f,0.02179396478655004f,0.4668496903011351f,0.8840680911358676f,0.25467105534200657f,-0.08676586989567443f,0.8818249025800862f,-0.46352618589554195f,-9.741336155259981f,0f,0f,0f,1f], start_interpolation: 0, interpolation_duration: 1 }
$data merge entity $(bone_left_knee) { transformation: [-1.5786587586176724f,0.06411602685252717f,0.12647358409716733f,0.9420902570970489f,0.034543742934516286f,1.5450302703704235f,-0.3520768410406992f,0.12895994716134596f,-0.13752513296780083f,-0.34790876285855415f,-1.540232527595248f,-7.674071088707965f,0f,0f,0f,1f], start_interpolation: 0, interpolation_duration: 1 }
$data merge entity $(bone_left_thigh) { transformation: [-1.5972231880912267f,-0.14277572881204503f,-0.014042513913042788f,0.7385400000000006f,0.03494996427650025f,-0.5394758587539817f,1.5097841936282932f,0.4612560881241736f,-0.13914237647776462f,1.5034243920446926f,0.5404243795243483f,-5.603737900918066f,0f,0f,0f,1f], start_interpolation: 0, interpolation_duration: 1 }
$data merge entity $(bone_left_fingers2) { transformation: [-0.9959903146718494f,0.025980873736814757f,0.08560541618228451f,-1.1777415916017753f,-0.02179396478655004f,-0.9985369998763132f,0.04948618975930846f,-0.06634839379228491f,0.08676586989567418f,0.04742208428446976f,0.9950994069656377f,-10.649833846966661f,0f,0f,0f,1f], start_interpolation: 0, interpolation_duration: 1 }
$data merge entity $(bone_right_foot) { transformation: [-0.9959903146718494f,0.06660486360136045f,-0.05972508036423742f,-1.105607592103966f,-0.02179396478655004f,0.4668496903011351f,0.8840680911358676f,0.2118602045929781f,0.08676586989567418f,0.8818249025800862f,-0.46352618589554195f,-9.696298967936876f,0f,0f,0f,1f], start_interpolation: 0, interpolation_duration: 1 }
$data merge entity $(bone_right_knee) { transformation: [-1.5786587586176724f,-0.06411602685252708f,-0.12647358409716697f,-0.9398147525120468f,-0.034543742934516286f,1.5450302703704235f,-0.3520768410406992f,0.11725603211298441f,0.13752513296780042f,-0.34790876285855415f,-1.540232527595248f,-7.631871011562112f,0f,0f,0f,1f], start_interpolation: 0, interpolation_duration: 1 }
$data merge entity $(bone_right_thigh) { transformation: [-1.5972231880912267f,0.14277572881204467f,0.014042513913042655f,-0.7385399999999993f,-0.03494996427650025f,-0.5394758587539817f,1.5097841936282932f,0.444962615305309f,0.1391423764777642f,1.5034243920446926f,0.5404243795243483f,-5.5888112803852f,0f,0f,0f,1f], start_interpolation: 0, interpolation_duration: 1 }