# This file was generated by Animated Java via MC-Build. It is not recommended to edit this file directly.
$data merge entity $(bone_left_fingers_2) { transformation: [-0.2846569258366231f,-0.01225718775649609f,0.9585510919724339f,-1.533134074702739f,0.23005674322762207f,0.9698237591284206f,0.0807203265944777f,0.13323829965586165f,-0.9306150275321926f,0.2434987424573714f,-0.2732472011804248f,0.7570265069218183f,0f,0f,0f,1f], start_interpolation: 0, interpolation_duration: 1 }
$data merge entity $(bone_left_fingers) { transformation: [-0.2846569258366231f,-0.01225718775649609f,0.9585510919724339f,-0.9768569795340638f,0.23005674322762207f,0.9698237591284206f,0.0807203265944777f,0.18220573371673202f,-0.9306150275321926f,0.2434987424573714f,-0.2732472011804248f,0.6137526122659831f,0f,0f,0f,1f], start_interpolation: 0, interpolation_duration: 1 }
$data merge entity $(bone_left_index_finger_2) { transformation: [-0.2846569258366231f,-0.01225718775649609f,0.9585510919724339f,-1.6603401384359802f,0.23005674322762207f,0.9698237591284206f,0.0807203265944777f,0.23604490678570533f,-0.9306150275321926f,0.2434987424573714f,-0.2732472011804248f,0.34115791649336935f,0f,0f,0f,1f], start_interpolation: 0, interpolation_duration: 1 }
$data merge entity $(bone_left_index_finger) { transformation: [-0.2846569258366231f,-0.01225718775649609f,0.9585510919724339f,-1.1079770759975585f,0.23005674322762207f,0.9698237591284206f,0.0807203265944777f,0.2881756210659555f,-0.9306150275321926f,0.2434987424573714f,-0.2732472011804248f,0.18508806520896662f,0f,0f,0f,1f], start_interpolation: 0, interpolation_duration: 1 }
$data merge entity $(bone_left_thumb) { transformation: [-0.2846569258366231f,0.19550178482127403f,0.9384825446991222f,-0.443051823842054f,0.23005674322762207f,0.9643061399721873f,-0.13110134746614946f,0.1574747363239814f,-0.9306150275321926f,0.17858533126669843f,-0.3194729252810328f,-0.3325170226303996f,0f,0f,0f,1f], start_interpolation: 0, interpolation_duration: 1 }
$data merge entity $(bone_left_hand) { transformation: [-0.2846569258366231f,-0.01225718775649609f,0.9585510919724339f,-0.32301720588105587f,0.23005674322762207f,0.9698237591284206f,0.0807203265944777f,0.15360270586658353f,-0.9306150275321926f,0.2434987424573714f,-0.2732472011804248f,0.28109589575844307f,0f,0f,0f,1f], start_interpolation: 0, interpolation_duration: 1 }
$data merge entity $(bone_left_forearm) { transformation: [-0.4366817177165785f,0.5907013318823341f,1.8616389143105145f,1.843135450894159f,-0.021168618052323996f,1.9060591082550815f,-0.6097614277717909f,0.3973024054576315f,-1.9529924219956794f,-0.15273848794909073f,-0.40964617327295016f,-0.22215190575003296f,0f,0f,0f,1f], start_interpolation: 0, interpolation_duration: 1 }
$data merge entity $(bone_left_bicep) { transformation: [-2.2376601747066447f,1.0346532231699472f,0.1351397536068851f,2.6987691791179858f,0.27109104805014106f,0.885245008336227f,-2.288830273648951f,1.6208799128700582f,-1.0076108816839797f,-2.0595453589782613f,-0.915907379658119f,-3.9152310970643036f,0f,0f,0f,1f], start_interpolation: 0, interpolation_duration: 1 }
$data merge entity $(bone_left_shoulder) { transformation: [-1.117274448696346f,0.5166073126633939f,0.06747592660171779f,1.3743293750000003f,0.13535705943215603f,0.4420070749928395f,-1.142823924319023f,1.1057806225220201f,-0.5031049419653258f,-1.028340867629386f,-0.45731694393613453f,-2.1962007743592693f,0f,0f,0f,1f], start_interpolation: 0, interpolation_duration: 1 }
$data merge entity $(bone_right_fingers_2) { transformation: [-0.18530808146933025f,-0.3512063561034076f,-0.9177772117320857f,1.6778956431925287f,-0.1963743837569188f,0.928349296963776f,-0.3156020979508105f,0.11048331571598619f,0.9628592920807516f,0.121744315101071f,-0.24099855890507849f,0.4109480847148077f,0f,0f,0f,1f], start_interpolation: 0, interpolation_duration: 1 }
$data merge entity $(bone_right_fingers) { transformation: [-0.18530808146933025f,-0.3512063561034076f,-0.9177772117320857f,1.1443776226439881f,-0.1963743837569188f,0.928349296963776f,-0.3156020979508105f,-0.06873648794885875f,0.9628592920807516f,0.121744315101071f,-0.24099855890507849f,0.28599796966851204f,0f,0f,0f,1f], start_interpolation: 0, interpolation_duration: 1 }
$data merge entity $(bone_right_index_finger_2) { transformation: [-0.18530808146933025f,-0.31083920575973417f,-0.9322230972813391f,1.7687968012839632f,-0.1963743837569188f,0.9412320843022576f,-0.27480768709066017f,0.17465150570261162f,0.9628592920807516f,0.1321406509847947f,-0.23545876923798809f,-0.022582853251471302f,0f,0f,0f,1f], start_interpolation: 0, interpolation_duration: 1 }
$data merge entity $(bone_right_index_finger) { transformation: [-0.18530808146933025f,-0.31083920575973417f,-0.9322230972813391f,1.2297382274096582f,-0.1963743837569188f,0.9412320843022576f,-0.27480768709066017f,0.021718263551744887f,0.9628592920807516f,0.1321406509847947f,-0.23545876923798809f,-0.15751854154586076f,0f,0f,0f,1f], start_interpolation: 0, interpolation_duration: 1 }
$data merge entity $(bone_right_thumb) { transformation: [-0.18530808146933025f,-0.05897052480563854f,-0.9809094719423923f,0.5167107254312424f,-0.1963743837569188f,0.9802858419190771f,-0.021835052944668115f,-0.13315921287005325f,0.9628592920807516f,0.18857928130405402f,-0.1932351891261007f,-0.5987985976363539f,0f,0f,0f,1f], start_interpolation: 0, interpolation_duration: 1 }
$data merge entity $(bone_right_hand) { transformation: [-0.18530808146933025f,0.026745769440287503f,-0.9823164351466397f,0.4602378956151114f,-0.1963743837569188f,0.9784586085915146f,0.06368557668143965f,-0.114469932893836f,0.9628592920807516f,0.20470323663831996f,-0.17606410356330282f,0.023620590731989133f,0f,0f,0f,1f], start_interpolation: 0, interpolation_duration: 1 }
$data merge entity $(bone_right_forearm) { transformation: [-0.3708628543221165f,-0.782330322608853f,-1.8043688042740431f,-1.735072396618533f,-0.39301019091221395f,1.8286150502008645f,-0.7120651376416317f,-0.007168491099823093f,1.9270003905940856f,0.22238038747195799f,-0.49248678169533006f,-0.3934782390537048f,0f,0f,0f,1f], start_interpolation: 0, interpolation_duration: 1 }
$data merge entity $(bone_right_bicep) { transformation: [-2.183272590105306f,-1.152360207468519f,-0.03577502239051427f,-2.7832907968336036f,-0.6042402572594703f,1.2089449315485763f,-2.0662136788529595f,1.8671671992070955f,0.9818898163699118f,-1.8183539829788868f,-1.3510641301518371f,-3.7485060010002567f,0f,0f,0f,1f], start_interpolation: 0, interpolation_duration: 1 }
$data merge entity $(bone_right_shoulder) { transformation: [-1.0901184670650632f,-0.5753789740069833f,-0.01786264012304789f,-1.3743293749999999f,-0.301700056130381f,0.6036319979092696f,-1.031670391699193f,1.1057806225220201f,0.49026229079179573f,-0.9079128577393937f,-0.6745927948450428f,-2.1962007743592697f,0f,0f,0f,1f], start_interpolation: 0, interpolation_duration: 1 }
$data merge entity $(bone_chest) { transformation: [-4.0674850000000005f,1.493082248572501e-16f,4.752197647077038e-16f,2.0618482067240396e-16f,0f,3.880463861405348f,-1.2191941787722327f,1.4647885973294006f,-4.981232485829872e-16f,-1.2191941787722327f,-3.880463861405348f,-1.6836268286983471f,0f,0f,0f,1f], start_interpolation: 0, interpolation_duration: 1 }
$data merge entity $(bone_weist) { transformation: [-1.0999999999999999f,1.1605182436844302e-17f,1.3421033160981322e-16f,4.731675274396521e-16f,0f,1.0959105245957912f,-0.0947635060568017f,0.9288580724259711f,-1.3471114790620883e-16f,-0.0947635060568017f,-1.0959105245957912f,-3.8637060723882986f,0f,0f,0f,1f], start_interpolation: 0, interpolation_duration: 1 }
$data merge entity $(bone_right_fingers2) { transformation: [-0.9959932450873836f,-0.02598973252925877f,-0.08556862476025115f,1.1807542360991274f,0.021808136094749266f,-0.9985386980681796f,0.049445663716627064f,-0.02333025022710372f,-0.08672866273831256f,0.04738145484641082f,0.9951045858583216f,-10.694907335697932f,0f,0f,0f,1f], start_interpolation: 0, interpolation_duration: 1 }
$data merge entity $(bone_left_foot) { transformation: [-0.9959932450873836f,-0.06656777536161165f,0.05971756042998646f,1.108657938242768f,0.021808136094749266f,0.46681367891996983f,0.8840867572660933f,0.2548394097377747f,-0.08672866273831256f,0.8818467669933419f,-0.46349155181407f,-9.741358245332984f,0f,0f,0f,1f], start_interpolation: 0, interpolation_duration: 1 }
$data merge entity $(bone_left_knee) { transformation: [-1.5786634033678084f,0.06411972856449728f,0.12641371685861996f,0.9420112798635676f,0.03456620465877226f,1.545044075314382f,-0.3520140499546027f,0.12904399322776428f,-0.13746615909628088f,-0.3478467683891413f,-1.5402517941423002f,-7.674092339945974f,0f,0f,0f,1f], start_interpolation: 0, interpolation_duration: 1 }
$data merge entity $(bone_left_thigh) { transformation: [-1.5972278874618662f,-0.1427266558514793f,-0.014006810296005106f,0.7385400000000006f,0.03497269014213164f,-0.5395369435953039f,1.5097618391491983f,0.4612560881241736f,-0.1390827090958374f,1.503407131058118f,0.5404877536311729f,-5.603737900918066f,0f,0f,0f,1f], start_interpolation: 0, interpolation_duration: 1 }
$data merge entity $(bone_left_fingers2) { transformation: [-0.9959932450873836f,0.025989732529258746f,0.08556862476025091f,-1.177551719657929f,-0.021808136094749266f,-0.9985386980681796f,0.049445663716627064f,-0.06614232072324588f,0.08672866273831231f,0.04738145484641082f,0.9951045858583216f,-10.64987113578179f,0f,0f,0f,1f], start_interpolation: 0, interpolation_duration: 1 }
$data merge entity $(bone_right_foot) { transformation: [-0.9959932450873836f,0.06656777536161144f,-0.05971756042998634f,-1.1054554218015697f,-0.021808136094749266f,0.46681367891996983f,0.8840867572660933f,0.21202733924163253f,0.08672866273831231f,0.8818467669933419f,-0.46349155181407f,-9.696322045416842f,0f,0f,0f,1f], start_interpolation: 0, interpolation_duration: 1 }
$data merge entity $(bone_right_knee) { transformation: [-1.5786634033678084f,-0.0641197285644972f,-0.12641371685861957f,-0.9397368179303658f,-0.03456620465877226f,1.545044075314382f,-0.3520140499546027f,0.11733896669790422f,0.13746615909628046f,-0.3478467683891413f,-1.5402517941423002f,-7.631891988813262f,0f,0f,0f,1f], start_interpolation: 0, interpolation_duration: 1 }
$data merge entity $(bone_right_thigh) { transformation: [-1.5972278874618662f,0.14272665585147895f,0.014006810296004972f,-0.7385399999999993f,-0.03497269014213164f,-0.5395369435953039f,1.5097618391491983f,0.444962615305309f,0.13908270909583698f,1.503407131058118f,0.5404877536311729f,-5.5888112803852f,0f,0f,0f,1f], start_interpolation: 0, interpolation_duration: 1 }