# This file was generated by Animated Java via MC-Build. It is not recommended to edit this file directly.
$data merge entity $(bone_left_fingers_2) { transformation: [-0.28529595860442f,-0.052879127679851756f,0.9569796308489555f,-1.5182913603289747f,0.2102940114264293f,0.9706924176717483f,0.11632995758942252f,0.12364053459438301f,-0.9350842982117528f,0.2344355521894962f,-0.2658144599291771f,0.7805646777581996f,0f,0f,0f,1f], start_interpolation: 0, interpolation_duration: 1 }
$data merge entity $(bone_left_fingers) { transformation: [-0.28529595860442f,-0.052879127679851756f,0.9569796308489555f,-0.9631461184146591f,0.2102940114264293f,0.9706924176717483f,0.11632995758942252f,0.19340734016734606f,-0.9350842982117528f,0.2344355521894962f,-0.2658144599291771f,0.6415834620573115f,0f,0f,0f,1f], start_interpolation: 0, interpolation_duration: 1 }
$data merge entity $(bone_left_index_finger_2) { transformation: [-0.28529595860442f,-0.052879127679851756f,0.9569796308489555f,-1.6457829918303248f,0.2102940114264293f,0.9706924176717483f,0.11632995758942252f,0.21761567095056866f,-0.9350842982117528f,0.2344355521894962f,-0.2658144599291771f,0.36269888199482225f,0f,0f,0f,1f], start_interpolation: 0, interpolation_duration: 1 }
$data merge entity $(bone_left_index_finger) { transformation: [-0.28529595860442f,-0.052879127679851756f,0.9569796308489555f,-1.0945605693468201f,0.2102940114264293f,0.9706924176717483f,0.11632995758942252f,0.2902740191806451f,-0.9350842982117528f,0.2344355521894962f,-0.2658144599291771f,0.21086025719352267f,0f,0f,0f,1f], start_interpolation: 0, interpolation_duration: 1 }
$data merge entity $(bone_left_thumb) { transformation: [-0.28529595860442f,0.1555026206337517f,0.9457405304733539f,-0.4204102225375932f,0.2102940114264293f,0.972861542624613f,-0.09652381903053249f,0.18151882753413873f,-0.9350842982117528f,0.17134571444332547f,-0.3102547362728577f,-0.29984215847584184f,0f,0f,0f,1f], start_interpolation: 0, interpolation_duration: 1 }
$data merge entity $(bone_left_hand) { transformation: [-0.28529595860442f,-0.052879127679851756f,0.9569796308489555f,-0.3057623010887287f,0.2102940114264293f,0.9706924176717483f,0.11632995758942252f,0.18786567058233172f,-0.9350842982117528f,0.2344355521894962f,-0.2658144599291771f,0.3147794222007195f,0f,0f,0f,1f], start_interpolation: 0, interpolation_duration: 1 }
$data merge entity $(bone_left_forearm) { transformation: [-0.41819089446989643f,0.5159315924668774f,1.8879219795923123f,1.8533844661809913f,-0.055771692098051405f,1.9266133113048203f,-0.5388590728699764f,0.5130394745181321f,-1.9563548572520488f,-0.16520948504357177f,-0.38820089117446616f,-0.17226519626954317f,0f,0f,0f,1f], start_interpolation: 0, interpolation_duration: 1 }
$data merge entity $(bone_left_bicep) { transformation: [-2.237646767265044f,1.0169038311762164f,0.23395864116653883f,2.6924532175272766f,0.172995183899391f,0.9074466617464519f,-2.2896520096123556f,1.7369846643344642f,-1.0290299869221382f,-2.0587229675003424f,-0.8936722731464093f,-3.869021437851875f,0f,0f,0f,1f], start_interpolation: 0, interpolation_duration: 1 }
$data merge entity $(bone_left_shoulder) { transformation: [-1.1172677542965026f,0.5077449561810962f,0.11681667072676023f,1.3743293750000003f,0.08637732436010052f,0.45309246693681876f,-1.1432342210235291f,1.1848458760876397f,-0.5137996038568126f,-1.0279302436233415f,-0.44621484869826766f,-2.1566471743501796f,0f,0f,0f,1f], start_interpolation: 0, interpolation_duration: 1 }
$data merge entity $(bone_right_fingers_2) { transformation: [-0.17176898396209256f,-0.3117046222137061f,-0.9345242878808665f,1.6927479431055643f,-0.17860220691407197f,0.9427565466595866f,-0.2816227004627169f,0.09757767267941872f,0.9688119878666104f,0.11853405511118242f,-0.21760746757601335f,0.3957799443562628f,0f,0f,0f,1f], start_interpolation: 0, interpolation_duration: 1 }
$data merge entity $(bone_right_fingers) { transformation: [-0.17176898396209256f,-0.3117046222137061f,-0.9345242878808665f,1.1499928088613478f,-0.17860220691407197f,0.9427565466595866f,-0.2816227004627169f,-0.06173122912442888f,0.9688119878666104f,0.11853405511118242f,-0.21760746757601335f,0.28437399485904924f,0f,0f,0f,1f], start_interpolation: 0, interpolation_duration: 1 }
$data merge entity $(bone_right_index_finger_2) { transformation: [-0.17176898396209256f,-0.2706445715660576f,-0.9472311924923372f,1.7765925345583868f,-0.17860220691407197f,0.954143460987269f,-0.24023219505440657f,0.153469043592769f,0.9688119878666104f,0.12791314137750065f,-0.21222997061886917f,-0.04031166352444501f,0f,0f,0f,1f], start_interpolation: 0, interpolation_duration: 1 }
$data merge entity $(bone_right_index_finger) { transformation: [-0.17176898396209256f,-0.2706445715660576f,-0.9472311924923372f,1.2291169679490648f,-0.17860220691407197f,0.954143460987269f,-0.24023219505440657f,0.020537098085795846f,0.9688119878666104f,0.12791314137750065f,-0.21222997061886917f,-0.16188454054555113f,0f,0f,0f,1f], start_interpolation: 0, interpolation_duration: 1 }
$data merge entity $(bone_right_thumb) { transformation: [-0.17176898396209256f,-0.01626110868840637f,-0.9850030418698482f,0.5010689018145482f,-0.17860220691407197f,0.9838084782793032f,0.014904017954374876f,-0.11072981009753276f,0.9688119878666104f,0.1784837651160045f,-0.17189205262594745f,-0.5859580617625373f,0f,0f,0f,1f], start_interpolation: 0, interpolation_duration: 1 }
$data merge entity $(bone_right_hand) { transformation: [-0.17176898396209256f,0.06964944146238522f,-0.9826720569206229f,0.45900706984636686f,-0.17860220691407197f,0.9787658192448121f,0.10059186231228845f,-0.08317770010728787f,0.9688119878666104f,0.1927859600230501f,-0.1556820663529922f,0.03727207171075997f,0f,0f,0f,1f], start_interpolation: 0, interpolation_duration: 1 }
$data merge entity $(bone_right_forearm) { transformation: [-0.34376663538408464f,-0.704811478870611f,-1.8413017275491512f,-1.7389913501496979f,-0.35744217801609823f,1.8603875800993301f,-0.6453835397760207f,0.1063801522178105f,1.938913706692068f,0.21800367724178543f,-0.44543776999402f,-0.33386547519515286f,0f,0f,0f,1f], start_interpolation: 0, interpolation_duration: 1 }
$data merge entity $(bone_right_bicep) { transformation: [-2.183319227461987f,-1.1434789082231622f,-0.14651361756717118f,-2.7859162687134313f,-0.50689791850313f,1.2340451646960546f,-2.0775177819687953f,1.984700984619204f,1.035405598739474f,-1.8070643653805236f,-1.3260266694753535f,-3.687067891303835f,0f,0f,0f,1f], start_interpolation: 0, interpolation_duration: 1 }
$data merge entity $(bone_right_shoulder) { transformation: [-1.0901417533207527f,-0.5709444987322182f,-0.07315495138368311f,-1.3743293749999999f,-0.2530965598988493f,0.616164664606828f,-1.0373145845572118f,1.1848458760876397f,0.5169829773908432f,-0.9022758975696674f,-0.6620914707430744f,-2.15664717435018f,0f,0f,0f,1f], start_interpolation: 0, interpolation_duration: 1 }
$data merge entity $(bone_chest) { transformation: [-4.0674850000000005f,1.9433663654000155e-16f,4.586502398093648e-16f,2.0586206394174968e-16f,0f,3.745163422863596f,-1.586879063214849f,1.591503328935195f,-4.981232485829872e-16f,-1.586879063214849f,-3.745163422863596f,-1.6809913199877622f,0f,0f,0f,1f], start_interpolation: 0, interpolation_duration: 1 }
$data merge entity $(bone_weist) { transformation: [-1.0999999999999999f,2.446376608631142e-17f,1.3247119505418041e-16f,4.652917149903902e-16f,0f,1.0817093969168254f,-0.19976180971806765f,0.8483128363526532f,-1.3471114790620883e-16f,-0.19976180971806765f,-1.0817093969168254f,-3.799395183283412f,0f,0f,0f,1f], start_interpolation: 0, interpolation_duration: 1 }
$data merge entity $(bone_right_fingers2) { transformation: [-0.9959899578170691f,-0.025979795485291696f,-0.08560989518797127f,1.1809681386990907f,0.02179223958315274f,-0.9985367930137494f,0.0494911233633632f,-0.023562778655417727f,-0.08677039945455751f,0.04742703052437053f,0.9950987762800925f,-10.694866613891643f,0f,0f,0f,1f], start_interpolation: 0, interpolation_duration: 1 }
$data merge entity $(bone_left_foot) { transformation: [-0.9959899578170691f,-0.06660937864787693f,0.05972599604608335f,1.1088295494357965f,0.02179223958315274f,0.46685407424101083f,0.8840658186235454f,0.2546505600290741f,-0.08677039945455751f,0.8818222406135563f,-0.4635304021720517f,-9.741333465153478f,0f,0f,0f,1f], start_interpolation: 0, interpolation_duration: 1 }
$data merge entity $(bone_left_knee) { transformation: [-1.5786581929977903f,0.06411557655113669f,0.12648087230287006f,0.9420998717701146f,0.03454100846269118f,1.5450285895719322f,-0.3520844851364137f,0.1289497154975222f,-0.13753231238279925f,-0.34791631002715084f,-1.5402301817591288f,-7.674068501146927f,0f,0f,0f,1f], start_interpolation: 0, interpolation_duration: 1 }
$data merge entity $(bone_left_thigh) { transformation: [-1.5972226158198688f,-0.14278170311459001f,-0.01404686015961685f,0.7385400000000006f,0.0349471976483215f,-0.5394684222627824f,1.509786914855518f,0.4612560881241736f,-0.139149640319966f,1.5034264930977208f,0.5404166642155132f,-5.603737900918066f,0f,0f,0f,1f], start_interpolation: 0, interpolation_duration: 1 }
$data merge entity $(bone_left_fingers2) { transformation: [-0.9959899578170691f,0.025979795485291685f,0.08560989518797103f,-1.177764706646378f,-0.02179223958315274f,-0.9985367930137494f,0.0494911233633632f,-0.06637348090999501f,0.08677039945455726f,0.04742703052437053f,0.9950987762800925f,-10.649829306367268f,0f,0f,0f,1f], start_interpolation: 0, interpolation_duration: 1 }
$data merge entity $(bone_right_foot) { transformation: [-0.9959899578170691f,0.06660937864787672f,-0.05972599604608324f,-1.105626117383084f,-0.02179223958315274f,0.46685407424101083f,0.8840658186235454f,0.21183985777449682f,0.08677039945455726f,0.8818222406135563f,-0.4635304021720517f,-9.696296157629103f,0f,0f,0f,1f], start_interpolation: 0, interpolation_duration: 1 }
$data merge entity $(bone_right_knee) { transformation: [-1.5786581929977903f,-0.06411557655113659f,-0.1264808723028697f,-0.9398242402528909f,-0.03454100846269118f,1.5450285895719322f,-0.3520844851364137f,0.1172459357595127f,0.13753231238279887f,-0.34791631002715084f,-1.5402301817591288f,-7.631868457361982f,0f,0f,0f,1f], start_interpolation: 0, interpolation_duration: 1 }
$data merge entity $(bone_right_thigh) { transformation: [-1.5972226158198688f,0.14278170311458965f,0.014046860159616717f,-0.7385399999999993f,-0.0349471976483215f,-0.5394684222627824f,1.509786914855518f,0.444962615305309f,0.1391496403199656f,1.5034264930977208f,0.5404166642155132f,-5.5888112803852f,0f,0f,0f,1f], start_interpolation: 0, interpolation_duration: 1 }