# This file was generated by Animated Java via MC-Build. It is not recommended to edit this file directly.
$data merge entity $(bone_left_fingers_2) { transformation: [-0.28527807752230894f,-0.05254106670149389f,0.9570035813909186f,-1.518481048117413f,0.21045953370391768f,0.9706924973622831f,0.11602956622216504f,0.12371454515760597f,-0.9350525135832239f,0.23451121908011874f,-0.26585952111453837f,0.7803501025430972f,0f,0f,0f,1f], start_interpolation: 0, interpolation_duration: 1 }
$data merge entity $(bone_left_fingers) { transformation: [-0.28527807752230894f,-0.05254106670149389f,0.9570035813909186f,-0.9633202933752533f,0.21045953370391768f,0.9706924973622831f,0.11602956622216504f,0.19330595314420185f,-0.9350525135832239f,0.23451121908011874f,-0.26585952111453837f,0.6413429177424002f,0f,0f,0f,1f], start_interpolation: 0, interpolation_duration: 1 }
$data merge entity $(bone_left_index_finger_2) { transformation: [-0.28527807752230894f,-0.05254106670149389f,0.9570035813909186f,-1.6459646890101949f,0.21045953370391768f,0.9706924973622831f,0.11602956622216504f,0.2177636492815442f,-0.9350525135832239f,0.23451121908011874f,-0.26585952111453837f,0.3624985105355937f,0f,0f,0f,1f], start_interpolation: 0, interpolation_duration: 1 }
$data merge entity $(bone_left_index_finger) { transformation: [-0.28527807752230894f,-0.05254106670149389f,0.9570035813909186f,-1.094726507833967f,0.21045953370391768f,0.9706924973622831f,0.11602956622216504f,0.29024887585656894f,-0.9350525135832239f,0.23451121908011874f,-0.26585952111453837f,0.2106343536731274f,0f,0f,0f,1f], start_interpolation: 0, interpolation_duration: 1 }
$data merge entity $(bone_left_thumb) { transformation: [-0.28527807752230894f,0.15583785206314166f,0.9456907435041974f,-0.42064128469293477f,0.21045953370391768f,0.9727966038346044f,-0.09681710717114786f,0.18130631237520098f,-0.9350525135832239f,0.17140983470094828f,-0.3103151066407962f,-0.3001140863524949f,0f,0f,0f,1f], start_interpolation: 0, interpolation_duration: 1 }
$data merge entity $(bone_left_hand) { transformation: [-0.28527807752230894f,-0.05254106670149389f,0.9570035813909186f,-0.3059567242373613f,0.21045953370391768f,0.9706924973622831f,0.11602956622216504f,0.1875687414652889f,-0.9350525135832239f,0.23451121908011874f,-0.26585952111453837f,0.31450152467408954f,0f,0f,0f,1f], start_interpolation: 0, interpolation_duration: 1 }
$data merge entity $(bone_left_forearm) { transformation: [-0.41831963333618016f,0.5165669454984387f,1.8877197113275561f,1.8532713177706608f,-0.05548466477532434f,1.9264529814406572f,-0.5394615793769456f,0.5120566641042799f,-1.9563354951773866f,-0.1650937141974571f,-0.3883476911122748f,-0.17264021694311094f,0f,0f,0f,1f], start_interpolation: 0, interpolation_duration: 1 }
$data merge entity $(bone_left_bicep) { transformation: [-2.2376466633122725f,1.0170915592603296f,0.23314217322893038f,2.692541527662418f,0.17382129140448838f,0.9072611259341504f,-2.289662968803976f,1.7359989635772815f,-1.0288909910729092f,-2.058712003204711f,-0.8938575496346819f,-3.8693516837994677f,0f,0f,0f,1f], start_interpolation: 0, interpolation_duration: 1 }
$data merge entity $(bone_left_shoulder) { transformation: [-1.1172677023923856f,0.507838689713137f,0.11640900437277986f,1.3743293750000003f,0.08678980379632349f,0.45299982801659944f,-1.1432396930004247f,1.1841725234969729f,-0.5137302025631872f,-1.027924769097989f,-0.44630735813675665f,-2.1569447156315835f,0f,0f,0f,1f], start_interpolation: 0, interpolation_duration: 1 }
$data merge entity $(bone_right_fingers_2) { transformation: [-0.17186885202482477f,-0.3120409809400997f,-0.93439366645842f,1.6926918883521487f,-0.17875004069868405f,0.9426407180237251f,-0.2819164764144425f,0.09769790003058902f,0.9687670105107253f,0.11857024473980138f,-0.21778791612129422f,0.39588777040178613f,0f,0f,0f,1f], start_interpolation: 0, interpolation_duration: 1 }
$data merge entity $(bone_right_fingers) { transformation: [-0.17186885202482477f,-0.3120409809400997f,-0.93439366645842f,1.1500087157699914f,-0.17875004069868405f,0.9426407180237251f,-0.2819164764144425f,-0.0617830150930508f,0.9687670105107253f,0.11857024473980138f,-0.21778791612129422f,0.2843774146796728f,0f,0f,0f,1f], start_interpolation: 0, interpolation_duration: 1 }
$data merge entity $(bone_right_index_finger_2) { transformation: [-0.17186885202482477f,-0.2709863077798985f,-0.9471153671541217f,1.7765896672728718f,-0.17875004069868405f,0.9540405569216402f,-0.24053074377065717f,0.1536580099395023f,0.9687670105107253f,0.12795716761660825f,-0.21240866884768972f,-0.04018479249755216f,0f,0f,0f,1f], start_interpolation: 0, interpolation_duration: 1 }
$data merge entity $(bone_right_index_finger) { transformation: [-0.17186885202482477f,-0.2709863077798985f,-0.9471153671541217f,1.2291788766092306f,-0.17875004069868405f,0.9540405569216402f,-0.24053074377065717f,0.02055340904089613f,0.9687670105107253f,0.12795716761660825f,-0.21240866884768972f,-0.16186040255267448f,0f,0f,0f,1f], start_interpolation: 0, interpolation_duration: 1 }
$data merge entity $(bone_right_thumb) { transformation: [-0.17186885202482477f,-0.016621178326569203f,-0.9849796110248705f,0.5012449665204365f,-0.17875004069868405f,0.9837863506783388f,0.014589008506939768f,-0.11091869381447059f,0.9687670105107253f,0.17857254170233772f,-0.17205326703111204f,-0.5860663052664639f,0f,0f,0f,1f], start_interpolation: 0, interpolation_duration: 1 }
$data merge entity $(bone_right_hand) { transformation: [-0.17186885202482477f,0.06928869986520636f,-0.9826800973738392f,0.45907101591331245f,-0.17875004069868405f,0.9787712307284135f,0.10027612302340749f,-0.08343869583296504f,0.9687670105107253f,0.1928884495488937f,-0.15583492989935271f,0.03715943501044616f,0f,0f,0f,1f], start_interpolation: 0, interpolation_duration: 1 }
$data merge entity $(bone_right_forearm) { transformation: [-0.34396650445890753f,-0.7054726005590016f,-1.8410111965703526f,-1.7389296963111682f,-0.3577380423890482f,1.8601303435507417f,-0.6459608117030117f,0.10541505827198061f,1.9388236921041928f,0.21806028315326295f,-0.4458017228243368f,-0.33432332505761675f,0f,0f,0f,1f], start_interpolation: 0, interpolation_duration: 1 }
$data merge entity $(bone_right_bicep) { transformation: [-2.183319588975837f,-1.143595329263635f,-0.145596696287529f,-2.785932417609515f,-0.5077276702991516f,1.2338286788000412f,-2.0774437433712145f,1.9836953933067618f,1.0349982067115098f,-1.807138516258786f,-1.3262436419628996f,-3.6875241336217766f,0f,0f,0f,1f], start_interpolation: 0, interpolation_duration: 1 }
$data merge entity $(bone_right_shoulder) { transformation: [-1.0901419338263505f,-0.571002628315647f,-0.07269712819462605f,-1.3743293749999999f,-0.2535108589469951f,0.6160565721614902f,-1.037277616730627f,1.1841725234969729f,0.5167795645989494f,-0.9023129214585347f,-0.6621998061458964f,-2.156944715631584f,0f,0f,0f,1f], start_interpolation: 0, interpolation_duration: 1 }
$data merge entity $(bone_chest) { transformation: [-4.0674850000000005f,1.9396870419362918e-16f,4.588059639676809e-16f,2.058585769223232e-16f,0f,3.746435007114864f,-1.5838746676076543f,1.5904483360012303f,-4.981232485829872e-16f,-1.5838746676076543f,-3.746435007114864f,-1.6809628463133204f,0f,0f,0f,1f], start_interpolation: 0, interpolation_duration: 1 }
$data merge entity $(bone_weist) { transformation: [-1.0999999999999999f,2.4357506977034698e-17f,1.3249077410926463e-16f,4.6536114463933e-16f,0f,1.0818692720342702f,-0.19889413824453991f,0.8489571917604107f,-1.3471114790620883e-16f,-0.19889413824453991f,-1.0818692720342702f,-3.7999621193909343f,0f,0f,0f,1f], start_interpolation: 0, interpolation_duration: 1 }
$data merge entity $(bone_right_fingers2) { transformation: [-0.9959899323265404f,-0.025979718469071364f,-0.08561021511736375f,1.180969796873651f,0.021792116354333164f,-0.998536778236804f,0.04949147576364343f,-0.02356458119885302f,-0.08677072299441041f,0.04742738382761469f,0.995098731229367f,-10.694866298139816f,0f,0f,0f,1f], start_interpolation: 0, interpolation_duration: 1 }
$data merge entity $(bone_left_foot) { transformation: [-0.9959899323265404f,-0.06660970115083781f,0.05972606145368686f,1.1088308797699613f,0.021792116354333164f,0.466854387379122f,0.8840656563002909f,0.25464909607819003f,-0.08677072299441041f,0.8818220504713301f,-0.46353070333427376f,-9.741333272995703f,0f,0f,0f,1f], start_interpolation: 0, interpolation_duration: 1 }
$data merge entity $(bone_left_knee) { transformation: [-1.5786581525949412f,0.06411554438959058f,0.12648139288915883f,0.9421005585329192f,0.034540813143266416f,1.5450284695132641f,-0.3520850311429473f,0.128948984664651f,-0.13753282519804957f,-0.34791684911075327f,-1.5402300141965537f,-7.67406831631737f,0f,0f,0f,1f], start_interpolation: 0, interpolation_duration: 1 }
$data merge entity $(bone_left_thigh) { transformation: [-1.5972225749418976f,-0.142782129852172f,-0.014047170603469087f,0.7385400000000006f,0.034947000032014224f,-0.5394678910842102f,1.509787109227333f,0.4612560881241736f,-0.13915015916572956f,1.5034266431705747f,0.5404161131203622f,-5.603737900918066f,0f,0f,0f,1f], start_interpolation: 0, interpolation_duration: 1 }
$data merge entity $(bone_left_fingers2) { transformation: [-0.9959899323265404f,0.025979718469071354f,0.0856102151173635f,-1.177766357722647f,-0.021792116354333164f,-0.998536778236804f,0.04949147576364343f,-0.06637527284665479f,0.08677072299441016f,0.04742738382761469f,0.995098731229367f,-10.649828982029675f,0f,0f,0f,1f], start_interpolation: 0, interpolation_duration: 1 }
$data merge entity $(bone_right_foot) { transformation: [-0.9959899323265404f,0.06660970115083759f,-0.05972606145368675f,-1.1056274406189575f,-0.021792116354333164f,0.466854387379122f,0.8840656563002909f,0.21183840443038826f,0.08677072299441016f,0.8818220504713301f,-0.46353070333427376f,-9.696295956885562f,0f,0f,0f,1f], start_interpolation: 0, interpolation_duration: 1 }
$data merge entity $(bone_right_knee) { transformation: [-1.5786581525949412f,-0.06411554438959051f,-0.12648139288915844f,-0.9398249179491025f,-0.034540813143266416f,1.5450284695132641f,-0.3520850311429473f,0.11724521459166293f,0.13753282519804919f,-0.34791684911075327f,-1.5402300141965537f,-7.631868274915396f,0f,0f,0f,1f], start_interpolation: 0, interpolation_duration: 1 }
$data merge entity $(bone_right_thigh) { transformation: [-1.5972225749418976f,0.14278212985217165f,0.014047170603468953f,-0.7385399999999993f,-0.034947000032014224f,-0.5394678910842102f,1.509787109227333f,0.444962615305309f,0.13915015916572915f,1.5034266431705747f,0.5404161131203622f,-5.5888112803852f,0f,0f,0f,1f], start_interpolation: 0, interpolation_duration: 1 }