# This file was generated by Animated Java via MC-Build. It is not recommended to edit this file directly.
$data merge entity $(bone_left_fingers_2) { transformation: [-0.2852230896020712f,-0.051471229444810696f,0.9570781063723528f,-1.5190736663090596f,0.21098348471333223f,0.9706918559164059f,0.11507949441921542f,0.12394854805632079f,-0.934951206393183f,0.2347510029733692f,-0.2660041508453002f,0.7796731759131212f,0f,0f,0f,1f], start_interpolation: 0, interpolation_duration: 1 }
$data merge entity $(bone_left_fingers) { transformation: [-0.2852230896020712f,-0.051471229444810696f,0.9570781063723528f,-0.9638645289338872f,0.21098348471333223f,0.9706918559164059f,0.11507949441921542f,0.19298520084331316f,-0.934951206393183f,0.2347510029733692f,-0.2660041508453002f,0.6405826318609052f,0f,0f,0f,1f], start_interpolation: 0, interpolation_duration: 1 }
$data merge entity $(bone_left_index_finger_2) { transformation: [-0.2852230896020712f,-0.051471229444810696f,0.9570781063723528f,-1.6465327344749854f,0.21098348471333223f,0.9706918559164059f,0.11507949441921542f,0.21823179278759122f,-0.934951206393183f,0.2347510029733692f,-0.2660041508453002f,0.36186685555616727f,0f,0f,0f,1f], start_interpolation: 0, interpolation_duration: 1 }
$data merge entity $(bone_left_index_finger) { transformation: [-0.2852230896020712f,-0.051471229444810696f,0.9570781063723528f,-1.0952454145818413f,0.21098348471333223f,0.9706918559164059f,0.11507949441921542f,0.2901694684893919f,-0.934951206393183f,0.2347510029733692f,-0.2660041508453002f,0.20992073241604509f,0f,0f,0f,1f], start_interpolation: 0, interpolation_duration: 1 }
$data merge entity $(bone_left_thumb) { transformation: [-0.2852230896020712f,0.15689846006331995f,0.9455319467831893f,-0.4213676784849417f,0.21098348471333223f,0.9725903444193118f,-0.09774451964454678f,0.18063463782386235f,-0.934951206393183f,0.1716126311554103f,-0.3105082068027335f,-0.3009748115531551f,0f,0f,0f,1f], start_interpolation: 0, interpolation_duration: 1 }
$data merge entity $(bone_left_hand) { transformation: [-0.2852230896020712f,-0.051471229444810696f,0.9570781063723528f,-0.30656613283171286f,0.21098348471333223f,0.9706918559164059f,0.11507949441921542f,0.18662968834341542f,-0.934951206393183f,0.2347510029733692f,-0.2660041508453002f,0.3136216253283777f,0f,0f,0f,1f], start_interpolation: 0, interpolation_duration: 1 }
$data merge entity $(bone_left_forearm) { transformation: [-0.41873003426156f,0.5185761790137379f,1.8870777245035566f,1.8529165201903997f,-0.05457615718557548f,1.9259443614757719f,-0.5413669669616269f,0.5089478408305113f,-1.9562732515742438f,-0.16472855371758668f,-0.38881602605338167f,-0.17383186540903495f,0f,0f,0f,1f], start_interpolation: 0, interpolation_duration: 1 }
$data merge entity $(bone_left_bicep) { transformation: [-2.237646455405846f,1.017681020722173f,0.23055754891261251f,2.6928168675092006f,0.1764346494420958f,0.9066740570231165f,-2.289695628568686f,1.7328810166007045f,-1.0284465264538358f,-2.0586793332309385f,-0.894444099897764f,-3.8704032355655933f,0f,0f,0f,1f], start_interpolation: 0, interpolation_duration: 1 }
$data merge entity $(bone_left_shoulder) { transformation: [-1.1172675985837106f,0.5081330106458921f,0.11511848906543218f,1.3743293750000003f,0.08809466598841072f,0.4527067016959292f,-1.1432560001774585f,1.1820426058878948f,-0.5135082792488908f,-1.0279084568235213f,-0.44660022549401907f,-2.1578901403138504f,0f,0f,0f,1f], start_interpolation: 0, interpolation_duration: 1 }
$data merge entity $(bone_right_fingers_2) { transformation: [-0.17218614045437758f,-0.31310512818173103f,-0.9339791816425711f,1.6925077867144924f,-0.17921787937970557f,0.9422735062963786f,-0.28284552505311017f,0.0980781215521529f,0.9686242226715513f,0.11868368901508716f,-0.21836047539722783f,0.3962305110969755f,0f,0f,0f,1f], start_interpolation: 0, interpolation_duration: 1 }
$data merge entity $(bone_right_fingers) { transformation: [-0.17218614045437758f,-0.31310512818173103f,-0.9339791816425711f,1.1500529742102752f,-0.17921787937970557f,0.9422735062963786f,-0.28284552505311017f,-0.06194678498102188f,0.9686242226715513f,0.11868368901508716f,-0.21836047539722783f,0.28438886766375143f,0f,0f,0f,1f], start_interpolation: 0, interpolation_duration: 1 }
$data merge entity $(bone_right_index_finger_2) { transformation: [-0.17218614045437758f,-0.2720675217628912f,-0.9467476942867218f,1.7765744330027542f,-0.17921787937970557f,0.953714219230942f,-0.24147492571146134f,0.15425578173144322f,0.9686242226715513f,0.12809547860292775f,-0.21297573480427334f,-0.03978155387493551f,0f,0f,0f,1f], start_interpolation: 0, interpolation_duration: 1 }
$data merge entity $(bone_right_index_finger) { transformation: [-0.17218614045437758f,-0.2720675217628912f,-0.9467476942867218f,1.2293692861083068f,-0.17921787937970557f,0.953714219230942f,-0.24147492571146134f,0.020605140466792057f,0.9686242226715513f,0.12809547860292775f,-0.21297573480427334f,-0.16178317640279327f,0f,0f,0f,1f], start_interpolation: 0, interpolation_duration: 1 }
$data merge entity $(bone_right_thumb) { transformation: [-0.17218614045437758f,-0.01776071157693726f,-0.9849043050772527f,0.5017978836460387f,-0.17921787937970557f,0.9837155049431239f,0.013592536376113809f,-0.11151584147358895f,0.9686242226715513f,0.17885290732547632f,-0.17256521316637907f,-0.5864091761175909f,0f,0f,0f,1f], start_interpolation: 0, interpolation_duration: 1 }
$data merge entity $(bone_right_hand) { transformation: [-0.17218614045437758f,0.0681469395370925f,-0.982704394854909f,0.45926828379904916f,-0.17921787937970557f,0.9787875028512996f,0.09927726815720933f,-0.08426419216984826f,0.9686242226715513f,0.19321236734185757f,-0.15632049245088875f,0.036802422370161236f,0f,0f,0f,1f], start_interpolation: 0, interpolation_duration: 1 }
$data merge entity $(bone_right_forearm) { transformation: [-0.344601503708235f,-0.7075641014592784f,-1.8400895679815992f,-1.738737090163159f,-0.35867434256133535f,1.8593150277059218f,-0.6477863196777794f,0.10236215250788994f,1.938537926339534f,0.21823712401791778f,-0.4469564162982455f,-0.33577682545789633f,0f,0f,0f,1f], start_interpolation: 0, interpolation_duration: 1 }
$data merge entity $(bone_right_bicep) { transformation: [-2.1833203120027957f,-1.1439598563526259f,-0.1426932547065735f,-2.7859798492632883f,-0.510352731081913f,1.233143742431197f,-2.0772071882864926f,1.9805145599255551f,1.0337047972038769f,-1.807375295904402f,-1.3269295515140322f,-3.68897433171419f,0f,0f,0f,1f], start_interpolation: 0, interpolation_duration: 1 }
$data merge entity $(bone_right_shoulder) { transformation: [-1.090142294837176f,-0.5711846384380913f,-0.0712474258991873f,-1.3743293749999999f,-0.25482156437582043f,0.6157145801501284f,-1.0371595036431902f,1.1820426058878948f,0.5161337590334243f,-0.9024311466703021f,-0.6625422840718387f,-2.1578901403138504f,0f,0f,0f,1f], start_interpolation: 0, interpolation_duration: 1 }
$data merge entity $(bone_chest) { transformation: [-4.0674850000000005f,1.928031945014031e-16f,4.592969616369377e-16f,2.0584822200161497e-16f,0f,3.750444307344111f,-1.5743575587315477f,1.5871086156744063f,-4.981232485829872e-16f,-1.5743575587315477f,-3.750444307344111f,-1.6808782919690355f,0f,0f,0f,1f], start_interpolation: 0, interpolation_duration: 1 }
$data merge entity $(bone_weist) { transformation: [-1.0999999999999999f,2.402104127765678e-17f,1.3255218951848959e-16f,4.655805062309054e-16f,0f,1.082370766908284f,-0.1961466873091994f,0.850999890419985f,-1.3471114790620883e-16f,-0.1961466873091994f,-1.082370766908284f,-3.801753342719392f,0f,0f,0f,1f], start_interpolation: 0, interpolation_duration: 1 }
$data merge entity $(bone_right_fingers2) { transformation: [-0.9959898813451225f,-0.025979564437328878f,-0.08561085497631471f,1.1809731132234578f,0.02179186989669182f,-0.9985367486824941f,0.04949218056419974f,-0.02356818628560592f,-0.08677137007408933f,0.047428090434260384f,0.9950986411272126f,-10.694865666632516f,0f,0f,0f,1f], start_interpolation: 0, interpolation_duration: 1 }
$data merge entity $(bone_left_foot) { transformation: [-0.9959898813451225f,-0.06661034615661493f,0.059726192269596814f,1.108833540438976f,0.02179186989669182f,0.46685501365516346f,0.8840653316534037f,0.25464616817643887f,-0.08677137007408933f,0.8818216701861736f,-0.46353130565856326f,-9.741332888677228f,0f,0f,0f,1f], start_interpolation: 0, interpolation_duration: 1 }
$data merge entity $(bone_left_knee) { transformation: [-1.5786580717886713f,0.06411548006763394f,0.1264824340618033f,0.9421019320587057f,0.0345404225044134f,1.5450282293952746f,-0.35208612315589294f,0.1289475229990129f,-0.13753385082850764f,-0.34791792727801035f,-1.5402296790702619f,-7.674067946656747f,0f,0f,0f,1f], start_interpolation: 0, interpolation_duration: 1 }
$data merge entity $(bone_left_thigh) { transformation: [-1.5972224931853767f,-0.14278298332801043f,-0.01404779149024096f,0.7385400000000006f,0.03494660479939615f,-0.5394668287268152f,1.5097874979703396f,0.4612560881241736f,-0.13915119685721358f,1.5034269433153364f,0.5404150109293956f,-5.603737900918066f,0f,0f,0f,1f], start_interpolation: 0, interpolation_duration: 1 }
$data merge entity $(bone_left_fingers2) { transformation: [-0.9959898813451225f,0.025979564437328875f,0.08561085497631446f,-1.1777696598758474f,-0.02179186989669182f,-0.9985367486824941f,0.04949218056419974f,-0.066378856719845f,0.08677137007408908f,0.047428090434260384f,0.9950986411272126f,-10.649828333350861f,0f,0f,0f,1f], start_interpolation: 0, interpolation_duration: 1 }
$data merge entity $(bone_right_foot) { transformation: [-0.9959898813451225f,0.06661034615661471f,-0.0597261922695967f,-1.1056300870913658f,-0.02179186989669182f,0.46685501365516346f,0.8840653316534037f,0.21183549774219979f,0.08677137007408908f,0.8818216701861736f,-0.46353130565856326f,-9.696295555395572f,0f,0f,0f,1f], start_interpolation: 0, interpolation_duration: 1 }
$data merge entity $(bone_right_knee) { transformation: [-1.5786580717886713f,-0.06411548006763386f,-0.12648243406180293f,-0.9398262733417007f,-0.0345404225044134f,1.5450282293952746f,-0.35208612315589294f,0.11724377225606641f,0.13753385082850725f,-0.34791792727801035f,-1.5402296790702619f,-7.631867910020738f,0f,0f,0f,1f], start_interpolation: 0, interpolation_duration: 1 }
$data merge entity $(bone_right_thigh) { transformation: [-1.5972224931853767f,0.14278298332801007f,0.014047791490240826f,-0.7385399999999993f,-0.03494660479939615f,-0.5394668287268152f,1.5097874979703396f,0.444962615305309f,0.1391511968572132f,1.5034269433153364f,0.5404150109293956f,-5.5888112803852f,0f,0f,0f,1f], start_interpolation: 0, interpolation_duration: 1 }