# This file was generated by Animated Java via MC-Build. It is not recommended to edit this file directly.
$data merge entity $(bone_left_fingers_2) { transformation: [-0.28510137206640046f,-0.04893680705560971f,0.9572473016734276f,-1.5204328632452424f,0.21222395131907634f,0.9706853573268847f,0.11283142983095157f,0.12450728734106489f,-0.9347075489865129f,0.2353192002076768f,-0.26635816466037826f,0.7780822868126941f,0f,0f,0f,1f], start_interpolation: 0, interpolation_duration: 1 }
$data merge entity $(bone_left_fingers) { transformation: [-0.28510137206640046f,-0.04893680705560971f,0.9572473016734276f,-0.9651132284835212f,0.21222395131907634f,0.9706853573268847f,0.11283142983095157f,0.1922312373233202f,-0.9347075489865129f,0.2353192002076768f,-0.26635816466037826f,0.6387876532313319f,0f,0f,0f,1f], start_interpolation: 0, interpolation_duration: 1 }
$data merge entity $(bone_left_index_finger_2) { transformation: [-0.28510137206640046f,-0.04893680705560971f,0.9572473016734276f,-1.6478375388874151f,0.21222395131907634f,0.9706853573268847f,0.11283142983095157f,0.21934486558677724f,-0.9347075489865129f,0.2353192002076768f,-0.26635816466037826f,0.3603848508593458f,0f,0f,0f,1f], start_interpolation: 0, interpolation_duration: 1 }
$data merge entity $(bone_left_index_finger) { transformation: [-0.28510137206640046f,-0.04893680705560971f,0.9572473016734276f,-1.0964380479916072f,0.21222395131907634f,0.9706853573268847f,0.11283142983095157f,0.28998689489966983f,-0.9347075489865129f,0.2353192002076768f,-0.26635816466037826f,0.20823798847941916f,0f,0f,0f,1f], start_interpolation: 0, interpolation_duration: 1 }
$data merge entity $(bone_left_thumb) { transformation: [-0.28510137206640046f,0.15940942708789702f,0.9451485820765773f,-0.4230597356993431f,0.21222395131907634f,0.9720974296407185f,-0.09993788957360937f,0.1790521197241039f,-0.9347075489865129f,0.17209073723305718f,-0.3109768094668937f,-0.30301387056342344f,0f,0f,0f,1f], start_interpolation: 0, interpolation_duration: 1 }
$data merge entity $(bone_left_hand) { transformation: [-0.28510137206640046f,-0.04893680705560971f,0.9572473016734276f,-0.30797548466270097f,0.21222395131907634f,0.9706853573268847f,0.11283142983095157f,0.18441336068308867f,-0.9347075489865129f,0.2353192002076768f,-0.26635816466037826f,0.3115355481176888f,0f,0f,0f,1f], start_interpolation: 0, interpolation_duration: 1 }
$data merge entity $(bone_left_forearm) { transformation: [-0.41971927792170977f,0.5233271907482777f,1.8855457598571004f,1.852094845005226f,-0.05242353463751552f,1.9247320104988686f,-0.5458725988065247f,0.5015963582815839f,-1.956120122617137f,-0.1638712071573153f,-0.38994708193268546f,-0.17668196762803934f,0f,0f,0f,1f], start_interpolation: 0, interpolation_duration: 1 }
$data merge entity $(bone_left_bicep) { transformation: [-2.2376461435440014f,1.0190504158672904f,0.22443058813901298f,2.6934449995062764f,0.1826191203151473f,0.9052833526161312f,-2.289760994309337f,1.7255070848730025f,-1.0273670696820307f,-2.058613952174099f,-0.8958340263330914f,-3.8729310606538063f,0f,0f,0f,1f], start_interpolation: 0, interpolation_duration: 1 }
$data merge entity $(bone_left_shoulder) { transformation: [-1.117267442869597f,0.5088167562043566f,0.11205926818914118f,1.3743293750000003f,0.09118260193296186f,0.45201231632089445f,-1.1432886376050155f,1.1770069523125213f,-0.5129693013096833f,-1.0278758117485176f,-0.4472942224240768f,-2.1601511863579095f,0f,0f,0f,1f], start_interpolation: 0, interpolation_duration: 1 }
$data merge entity $(bone_right_fingers_2) { transformation: [-0.1729463020783837f,-0.31562112803562387f,-0.9329913612327462f,1.6920266198513625f,-0.18032608908636255f,0.9414006090718029f,-0.2850392864747871f,0.0989713834344139f,0.9682830568548794f,0.1189461927795874f,-0.21972647776499682f,0.39705501785402364f,0f,0f,0f,1f], start_interpolation: 0, interpolation_duration: 1 }
$data merge entity $(bone_right_fingers) { transformation: [-0.1729463020783837f,-0.31562112803562387f,-0.9329913612327462f,1.1501161078532405f,-0.18032608908636255f,0.9414006090718029f,-0.2850392864747871f,-0.06233813106955964f,0.9682830568548794f,0.1189461927795874f,-0.21972647776499682f,0.2844229396426772f,0f,0f,0f,1f], start_interpolation: 0, interpolation_duration: 1 }
$data merge entity $(bone_right_index_finger_2) { transformation: [-0.1729463020783837f,-0.2746242150635266f,-0.945870560435282f,1.7764969936975892f,-0.18032608908636255f,0.9529378433403453f,-0.24370467440053148f,0.15566445591113576f,0.9682830568548794f,0.1284173167084319f,-0.21432898678708096f,-0.038812281674024535f,0f,0f,0f,1f], start_interpolation: 0, interpolation_duration: 1 }
$data merge entity $(bone_right_index_finger) { transformation: [-0.1729463020783837f,-0.2746242150635266f,-0.945870560435282f,1.2297825693562185f,-0.18032608908636255f,0.9529378433403453f,-0.24370467440053148f,0.020724270851928725f,0.9682830568548794f,0.1284173167084319f,-0.21432898678708096f,-0.1615919512896699f,0f,0f,0f,1f], start_interpolation: 0, interpolation_duration: 1 }
$data merge entity $(bone_right_thumb) { transformation: [-0.1729463020783837f,-0.020457306611777942f,-0.984718779755725f,0.5030772231014086f,-0.18032608908636255f,0.9835426848460119f,0.011237823664561886f,-0.11292829648137497f,0.9682830568548794f,0.17951402644944012f,-0.17378905637490563f,-0.58722051019225f,0f,0f,0f,1f], start_interpolation: 0, interpolation_duration: 1 }
$data merge entity $(bone_right_hand) { transformation: [-0.1729463020783837f,0.06544443626328744f,-0.9827545992563926f,0.45969988135850426f,-0.18032608908636255f,0.9788205671221656f,0.09691645357450657f,-0.08621862490439336f,0.9682830568548794f,0.19397763567180315f,-0.15748205823822475f,0.03595612240090751f,0f,0f,0f,1f], start_interpolation: 0, interpolation_duration: 1 }
$data merge entity $(bone_right_forearm) { transformation: [-0.3461228389214092f,-0.712508424451969f,-1.8378948549056113f,-1.7383000379394205f,-0.3608922372788213f,1.8573782254813327f,-0.6520963830648542f,0.09514344060490432f,1.9378551405291966f,0.218642733287321f,-0.44971055328041687f,-0.3392457810686227f,0f,0f,0f,1f], start_interpolation: 0, interpolation_duration: 1 }
$data merge entity $(bone_right_bicep) { transformation: [-2.183321396541383f,-1.144795177549764f,-0.13581157370581873f,-2.7860669140665175f,-0.5165586862884203f,1.2315254940574885f,-2.0766331365447064f,1.9729967124008274f,1.0306153044243171f,-1.8079496844863594f,-1.3285492596592376f,-3.6924470933724427f,0f,0f,0f,1f], start_interpolation: 0, interpolation_duration: 1 }
$data merge entity $(bone_right_shoulder) { transformation: [-1.0901428363524899f,-0.5716017183149047f,-0.06781136959665673f,-1.3743293749999999f,-0.25792022755102467f,0.6149065809820571f,-1.0368728768575068f,1.1770069523125213f,0.5145911604829154f,-0.9027179416418969f,-0.6633510121108138f,-2.16015118635791f,0f,0f,0f,1f], start_interpolation: 0, interpolation_duration: 1 }
$data merge entity $(bone_chest) { transformation: [-4.0674850000000005f,1.9003742579979032e-16f,4.604482029221721e-16f,2.0582783705306546e-16f,0f,3.759844905835332f,-1.5517733434007404f,1.5791968145624287f,-4.981232485829872e-16f,-1.5517733434007404f,-3.759844905835332f,-1.6807118362320532f,0f,0f,0f,1f], start_interpolation: 0, interpolation_duration: 1 }
$data merge entity $(bone_weist) { transformation: [-1.0999999999999999f,2.3223417813707853e-17f,1.326942584864109e-16f,4.660975836754439e-16f,0f,1.0835308480681762f,-0.189633597457462f,0.8558566672682303f,-1.3471114790620883e-16f,-0.189633597457462f,-1.0835308480681762f,-3.805975600474841f,0f,0f,0f,1f], start_interpolation: 0, interpolation_duration: 1 }
$data merge entity $(bone_right_fingers2) { transformation: [-0.995989804872094f,-0.025979333391460798f,-0.08561181476515607f,1.1809780877498839f,0.02179150021022433f,-0.9985367043499817f,0.04949323776502501f,-0.023573593915445223f,-0.08677234069354045f,0.04742915034462286f,0.9950985059722237f,-10.694864719362464f,0f,0f,0f,1f], start_interpolation: 0, interpolation_duration: 1 }
$data merge entity $(bone_left_foot) { transformation: [-0.995989804872094f,-0.06661131366491892f,0.05972638849521918f,1.1088375314442103f,0.02179150021022433f,0.4668559530687745f,0.8840648446821273f,0.2546417763238515f,-0.08677234069354045f,0.8818210997566798f,-0.46353220914461185f,-9.741332312192204f,0f,0f,0f,1f], start_interpolation: 0, interpolation_duration: 1 }
$data merge entity $(bone_left_knee) { transformation: [-1.578657950577838f,0.06411538358753799f,0.12648399582093722f,0.9421039923478285f,0.034539836546125205f,1.5450278692166572f,-0.3520877611750084f,0.1289453305008148f,-0.1375353892740881f,-0.3479195445290272f,-1.5402291763779723f,-7.674067392162044f,0f,0f,0f,1f], start_interpolation: 0, interpolation_duration: 1 }
$data merge entity $(bone_left_thigh) { transformation: [-1.5972223705491495f,-0.14278426354345405f,-0.014048722818067136f,0.7385400000000006f,0.03494601195046028f,-0.5394652351900932f,1.5097880810832909f,0.4612560881241736f,-0.13915275339433178f,1.503427393530117f,0.5404133576412831f,-5.603737900918066f,0f,0f,0f,1f], start_interpolation: 0, interpolation_duration: 1 }
$data merge entity $(bone_left_fingers2) { transformation: [-0.995989804872094f,0.025979333391460784f,0.08561181476515585f,-1.1777746131073026f,-0.02179150021022433f,-0.9985367043499817f,0.04949323776502501f,-0.06638423252931103f,0.0867723406935402f,0.04742915034462286f,0.9950985059722237f,-10.649827360323577f,0f,0f,0f,1f], start_interpolation: 0, interpolation_duration: 1 }
$data merge entity $(bone_right_foot) { transformation: [-0.995989804872094f,0.06661131366491872f,-0.05972638849521908f,-1.1056340568016292f,-0.02179150021022433f,0.4668559530687745f,0.8840648446821273f,0.21183113770998568f,0.0867723406935402f,0.8818210997566798f,-0.46353220914461185f,-9.696294953153318f,0f,0f,0f,1f], start_interpolation: 0, interpolation_duration: 1 }
$data merge entity $(bone_right_knee) { transformation: [-1.578657950577838f,-0.0641153835875379f,-0.12648399582093686f,-0.939828306431035f,-0.034539836546125205f,1.5450278692166572f,-0.3520877611750084f,0.117241608752927f,0.1375353892740877f,-0.3479195445290272f,-1.5402291763779723f,-7.631867362675029f,0f,0f,0f,1f], start_interpolation: 0, interpolation_duration: 1 }
$data merge entity $(bone_right_thigh) { transformation: [-1.5972223705491495f,0.14278426354345372f,0.014048722818067003f,-0.7385399999999993f,-0.03494601195046028f,-0.5394652351900932f,1.5097880810832909f,0.444962615305309f,0.13915275339433136f,1.503427393530117f,0.5404133576412831f,-5.5888112803852f,0f,0f,0f,1f], start_interpolation: 0, interpolation_duration: 1 }