# This file was generated by Animated Java via MC-Build. It is not recommended to edit this file directly.
$data merge entity $(bone_left_fingers_2) { transformation: [-0.31917599882817843f,0.0359801246913713f,0.9470122028776758f,-1.52212501538953f,0.21636426657384147f,0.9756541389174072f,0.03585394487774833f,0.16432478325695374f,-0.9226663459355166f,0.21634331938039225f,-0.31919019758989364f,1.1725791936916334f,0f,0f,0f,1f], start_interpolation: 0, interpolation_duration: 1 }
$data merge entity $(bone_left_fingers) { transformation: [-0.31917599882817843f,0.0359801246913713f,0.9470122028776758f,-0.9717443744615384f,0.21636426657384147f,0.9756541389174072f,0.03585394487774833f,0.18765673673945432f,-0.9226663459355166f,0.21634331938039225f,-0.31919019758989364f,1.0025609736796597f,0f,0f,0f,1f], start_interpolation: 0, interpolation_duration: 1 }
$data merge entity $(bone_left_index_finger_2) { transformation: [-0.20253589499118413f,0.03827178246613848f,0.9785266894198568f,-1.667004775108332f,0.22763843506915651f,0.9737038244712694f,0.009033553524997212f,0.27819583342914894f,-0.9524494496399194f,0.224579903101075f,-0.20592210421352639f,0.6901572008491424f,0f,0f,0f,1f], start_interpolation: 0, interpolation_duration: 1 }
$data merge entity $(bone_left_index_finger) { transformation: [-0.20253589499118413f,0.03827178246613848f,0.9785266894198568f,-1.102837060382635f,0.22763843506915651f,0.9737038244712694f,0.009033553524997212f,0.28903433599426415f,-0.9524494496399194f,0.224579903101075f,-0.20592210421352639f,0.5727788420218578f,0f,0f,0f,1f], start_interpolation: 0, interpolation_duration: 1 }
$data merge entity $(bone_left_thumb) { transformation: [-0.2845974185532626f,0.17534745450240968f,0.9424741797801913f,-0.4328936564154465f,0.2200870540131555f,0.9688207000662459f,-0.11378989313185675f,0.16928046955703294f,-0.9330412627577783f,0.17504205586850954f,-0.3143155749699595f,0.05901023054604526f,0f,0f,0f,1f], start_interpolation: 0, interpolation_duration: 1 }
$data merge entity $(bone_left_hand) { transformation: [-0.2845974185532626f,-0.032797727928908005f,0.9580859138905657f,-0.31583217696347754f,0.2200870540131555f,0.9704844216293316f,0.09859855998234512f,0.1706001573929169f,-0.9330412627577783f,0.23892320192372102f,-0.26897900582366546f,0.6732080685389108f,0f,0f,0f,1f], start_interpolation: 0, interpolation_duration: 1 }
$data merge entity $(bone_left_forearm) { transformation: [-0.426568551151408f,0.5532896008341116f,1.8754275038316235f,1.8474729654658368f,-0.038703606155124255f,1.916771102939301f,-0.5742899991799785f,0.45525345159805286f,-1.9549577323793663f,-0.15867447777251353f,-0.39784558319081853f,0.1792965495446146f,0f,0f,0f,1f], start_interpolation: 0, interpolation_duration: 1 }
$data merge entity $(bone_left_bicep) { transformation: [-2.237645301998832f,1.026890748842122f,0.18528895022123296f,2.696658635694021f,0.22178128570496985f,0.8964338217216941f,-2.28978439318499f,1.6789989863585968f,-1.019632123092771f,-2.058590511953499f,-0.9046814579405422f,-3.5152149838615303f,0f,0f,0f,1f], start_interpolation: 0, interpolation_duration: 1 }
$data merge entity $(bone_left_shoulder) { transformation: [-1.117267022682061f,0.51273147203166f,0.09251566079960853f,1.3743293750000003f,0.11073645878765845f,0.44759370313598584f,-1.1433003207757628f,1.1453067822852108f,-0.5091072054097354f,-1.02786410793404f,-0.4517117874249328f,-1.8002364762258771f,0f,0f,0f,1f], start_interpolation: 0, interpolation_duration: 1 }
$data merge entity $(bone_right_fingers_2) { transformation: [-0.17807555724245158f,-0.33145344319716746f,-0.926513740268072f,1.687443031813475f,-0.18738177884040486f,0.9357560704118772f,-0.2987451181959759f,0.10434785936715861f,0.9660109548402628f,0.12041258937529786f,-0.22874361947066413f,0.7777399832162535f,0f,0f,0f,1f], start_interpolation: 0, interpolation_duration: 1 }
$data merge entity $(bone_right_fingers) { transformation: [-0.17807555724245158f,-0.33145344319716746f,-0.926513740268072f,1.1491036314598135f,-0.18738177884040486f,0.9357560704118772f,-0.2987451181959759f,-0.06499034303210295f,0.9660109548402628f,0.12041258937529786f,-0.22874361947066413f,0.6598883359607821f,0f,0f,0f,1f], start_interpolation: 0, interpolation_duration: 1 }
$data merge entity $(bone_right_index_finger_2) { transformation: [-0.17807555724245158f,-0.290724011227254f,-0.9400897006183644f,1.7746086719856953f,-0.18738177884040486f,0.9478965170135071f,-0.25764367252519127f,0.164324827818998f,0.9660109548402628f,0.13027563981649776f,-0.22327358285073995f,0.3428439430513198f,0f,0f,0f,1f], start_interpolation: 0, interpolation_duration: 1 }
$data merge entity $(bone_right_index_finger) { transformation: [-0.17807555724245158f,-0.290724011227254f,-0.9400897006183644f,1.2311327563546883f,-0.18738177884040486f,0.9478965170135071f,-0.25764367252519127f,0.021322132302993763f,0.9660109548402628f,0.13027563981649776f,-0.22327358285073995f,0.21492005629887712f,0f,0f,0f,1f], start_interpolation: 0, interpolation_duration: 1 }
$data merge entity $(bone_right_thumb) { transformation: [0.16488743541763423f,-0.13786022481137056f,-0.9766302739810772f,0.5101797331862341f,-0.11829507860189878f,0.9802717492673786f,-0.15834636707813876f,-0.12187470744386203f,0.9791927328263657f,0.14163988140079922f,0.1453263086189198f,-0.21733535737962534f,0f,0f,0f,1f], start_interpolation: 0, interpolation_duration: 1 }
$data merge entity $(bone_right_hand) { transformation: [-0.17807555724245158f,0.048338406108947685f,-0.9828288225360695f,0.46123101818317136f,-0.18738177884040486f,0.9788506881102744f,0.08209384474275849f,-0.09865269332016491f,0.9660109548402628f,0.19878312021117145f,-0.16525164521938973f,0.405568228339839f,0f,0f,0f,1f], start_interpolation: 0, interpolation_duration: 1 }
$data merge entity $(bone_right_forearm) { transformation: [-0.35638817757048213f,-0.7435984979118142f,-1.8235612172389075f,-1.736184558630015f,-0.37501300967389095f,1.8448959098809863f,-0.6790074347945685f,0.049665563365131726f,1.9333079117641565f,0.22078751738779032f,-0.4678676764881452f,0.012835762252239924f,0f,0f,0f,1f], start_interpolation: 0, interpolation_duration: 1 }
$data merge entity $(bone_right_bicep) { transformation: [-2.183324323062991f,-1.1491457678391646f,-0.09193479900413436f,-2.785762657258469f,-0.5555895570838771f,1.2214029166694385f,-2.072531848223277f,1.9257800716001388f,1.010103087347987f,-1.8120518817345679f,-1.3386757761016443f,-3.3407723759787973f,0f,0f,0f,1f], start_interpolation: 0, interpolation_duration: 1 }
$data merge entity $(bone_right_shoulder) { transformation: [-1.0901442975787534f,-0.5737739888955933f,-0.04590348571888026f,-1.3743293749999999f,-0.27740852838555574f,0.6098523295821088f,-1.0348250839441482f,1.1453067822852108f,0.5043493121966801f,-0.9047661883867524f,-0.6684072302994793f,-1.8002364762258776f,0f,0f,0f,1f], start_interpolation: 0, interpolation_duration: 1 }
$data merge entity $(bone_chest) { transformation: [-4.0674850000000005f,1.7228967660828304e-16f,4.673789020838252e-16f,1.5991034500754267e-16f,0f,3.816438359282305f,-1.4068519733872478f,1.5288674317939173f,-4.981232485829872e-16f,-1.4068519733872478f,-3.816438359282305f,-1.3057670596851148f,0f,0f,0f,1f], start_interpolation: 0, interpolation_duration: 1 }
$data merge entity $(bone_weist) { transformation: [-1.0999999999999999f,1.8131856818622616e-17f,1.3348531431778346e-16f,4.2337736769096525e-16f,0f,1.089990309130119f,-0.1480578468113967f,0.8873320191584964f,-1.3471114790620883e-16f,-0.1480578468113967f,-1.089990309130119f,-3.457138564243478f,0f,0f,0f,1f], start_interpolation: 0, interpolation_duration: 1 }
$data merge entity $(bone_right_fingers2) { transformation: [-0.995989598510905f,-0.025978709944808817f,-0.08561440467403776f,1.1809915110854328f,0.021790502643533185f,-0.9985365847162928f,0.04949609052909959f,-0.023588185930728645f,-0.08677495982498971f,0.04743201042256323f,0.9950981412577582f,-10.319862163182401f,0f,0f,0f,1f], start_interpolation: 0, interpolation_duration: 1 }
$data merge entity $(bone_left_foot) { transformation: [-0.995989598510905f,-0.06661392439944645f,0.05972691800345334f,1.1088483008336645f,0.021790502643533185f,0.4668584879916882f,0.8840635306269892f,0.2546299252933009f,-0.08677495982498971f,0.8818195604919521f,-0.4635346471205274f,-9.36633075655392f,0f,0f,0f,1f], start_interpolation: 0, interpolation_duration: 1 }
$data merge entity $(bone_left_knee) { transformation: [-1.5786576234924299f,0.06411512326142119f,0.12648821009261707f,0.9421095518608115f,0.03453825538878755f,1.5450268972963248f,-0.3520921812247739f,0.12893941423738908f,-0.13753954063453955f,-0.34792390854049243f,-1.540227819889634f,-7.299065895883926f,0f,0f,0f,1f], start_interpolation: 0, interpolation_duration: 1 }
$data merge entity $(bone_left_thigh) { transformation: [-1.5972220396173409f,-0.14278771810315918f,-0.014051235910938174f,0.7385400000000005f,0.0349444121993108f,-0.5394609351666013f,1.5097896545533525f,0.4612560881241736f,-0.1391569535732108f,1.503428608381249f,0.5404088963776915f,-5.228737900918066f,0f,0f,0f,1f], start_interpolation: 0, interpolation_duration: 1 }
$data merge entity $(bone_left_fingers2) { transformation: [-0.995989598510905f,0.02597870994480881f,0.08561440467403753f,-1.1777879789798678f,-0.021790502643533185f,-0.9985365847162928f,0.04949609052909959f,-0.06639873867992135f,0.08677495982498946f,0.04743201042256323f,0.9950981412577582f,-10.274824734640111f,0f,0f,0f,1f], start_interpolation: 0, interpolation_duration: 1 }
$data merge entity $(bone_right_foot) { transformation: [-0.995989598510905f,0.06661392439944624f,-0.059726918003453235f,-1.1056447687280997f,-0.021790502643533185f,0.4668584879916882f,0.8840635306269892f,0.2118193725441082f,0.08677495982498946f,0.8818195604919521f,-0.4635346471205274f,-9.32129332801163f,0f,0f,0f,1f], start_interpolation: 0, interpolation_duration: 1 }
$data merge entity $(bone_right_knee) { transformation: [-1.5786576234924299f,-0.0641151232614211f,-0.1264882100926167f,-0.9398337925477289f,-0.03453825538878755f,1.5450268972963248f,-0.3520921812247739f,0.11723577073011393f,0.13753954063453916f,-0.34792390854049243f,-1.540227819889634f,-7.256865885688148f,0f,0f,0f,1f], start_interpolation: 0, interpolation_duration: 1 }
$data merge entity $(bone_right_thigh) { transformation: [-1.5972220396173409f,0.14278771810315882f,0.01405123591093804f,-0.7385399999999994f,-0.0349444121993108f,-0.5394609351666013f,1.5097896545533525f,0.444962615305309f,0.13915695357321042f,1.503428608381249f,0.5404088963776915f,-5.2138112803852f,0f,0f,0f,1f], start_interpolation: 0, interpolation_duration: 1 }