# This file was generated by Animated Java via MC-Build. It is not recommended to edit this file directly.
$data merge entity $(bone_left_fingers_2) { transformation: [-0.31516392685523875f,0.03995326446644254f,0.9481958847557082f,-1.526183459480119f,0.22283425261512535f,0.9742971957205006f,0.033013183315560954f,0.16295712180161193f,-0.9225056070673195f,0.22169508580399988f,-0.3159662859542342f,1.16271869899178f,0f,0f,0f,1f], start_interpolation: 0, interpolation_duration: 1 }
$data merge entity $(bone_left_fingers) { transformation: [-0.31516392685523875f,0.03995326446644254f,0.9481958847557082f,-0.9751528206520179f,0.22283425261512535f,0.9742971957205006f,0.033013183315560954f,0.1845550708777925f,-0.9225056070673195f,0.22169508580399988f,-0.3159662859542342f,0.9945872362429725f,0f,0f,0f,1f], start_interpolation: 0, interpolation_duration: 1 }
$data merge entity $(bone_left_index_finger_2) { transformation: [-0.21193556280621492f,0.04176755666497021f,0.9763906945625053f,-1.6691674480446195f,0.23176704950253846f,0.9727324444504843f,0.008696337060668538f,0.27791987617951774f,-0.9494036823095329f,0.2281382535297915f,-0.21583694144764876f,0.6884941802225601f,0f,0f,0f,1f], start_interpolation: 0, interpolation_duration: 1 }
$data merge entity $(bone_left_index_finger) { transformation: [-0.21193556280621492f,0.04176755666497021f,0.9763906945625053f,-1.1062105330112204f,0.23176704950253846f,0.9727324444504843f,0.008696337060668538f,0.28855841469332244f,-0.9494036823095329f,0.2281382535297915f,-0.21583694144764876f,0.5654222666434474f,0f,0f,0f,1f], start_interpolation: 0, interpolation_duration: 1 }
$data merge entity $(bone_left_thumb) { transformation: [-0.28452149223164724f,0.18692423493114943f,0.9402695628667777f,-0.439049563667402f,0.22578744926030914f,0.966281660594531f,-0.12377309948126239f,0.1624730571456119f,-0.9317014265389957f,0.17708495925425086f,-0.317133046198469f,0.04955206709720872f,0f,0f,0f,1f], start_interpolation: 0, interpolation_duration: 1 }
$data merge entity $(bone_left_hand) { transformation: [-0.28452149223164724f,-0.021018196987404536f,0.9584392290874134f,-0.3203543396859274f,0.22578744926030914f,0.9701663288593061f,0.08830244676213445f,0.16083677141640818f,-0.9317014265389957f,0.24152749272713236f,-0.2712875265141119f,0.6634355105256644f,0f,0f,0f,1f], start_interpolation: 0, interpolation_duration: 1 }
$data merge entity $(bone_left_forearm) { transformation: [-0.4321625870824491f,0.5748407305637808f,1.8676488069660737f,1.8447606949549233f,-0.028669391038445048f,1.9107056861874316f,-0.5947270635671404f,0.4219422295478874f,-1.953901736959764f,-0.15517844117855953f,-0.40435885924473425f,0.1644705295256932f,0f,0f,0f,1f], start_interpolation: 0, interpolation_duration: 1 }
$data merge entity $(bone_left_bicep) { transformation: [-2.2376445396412756f,1.0316592411400771f,0.15658616501123437f,2.6981516434331017f,0.25012370180865534f,0.8899958215731796f,-2.2893751711034334f,1.645564482512461f,-1.0130538735408794f,-2.0589996965618087f,-0.9111175563840589f,-3.529112741221521f,0f,0f,0f,1f], start_interpolation: 0, interpolation_duration: 1 }
$data merge entity $(bone_left_shoulder) { transformation: [-1.1172666420332797f,0.515112403087918f,0.07818422259284195f,1.3743293750000003f,0.12488796297265788f,0.444379178809216f,-1.1430959942293402f,1.1225783268785516f,-0.5058226538837468f,-1.0280684157698912f,-0.45492536222128366f,-1.8119891560814134f,0f,0f,0f,1f], start_interpolation: 0, interpolation_duration: 1 }
$data merge entity $(bone_right_fingers_2) { transformation: [-0.1821353497648505f,-0.34279529534338105f,-0.9215845592545914f,1.6824350866896052f,-0.19253385753925345f,0.9315515548565166f,-0.3084516402054958f,0.10789301931764425f,0.9642393002087656f,0.12125628286752946f,-0.23566816882655084f,0.7823542453801451f,0f,0f,0f,1f], start_interpolation: 0, interpolation_duration: 1 }
$data merge entity $(bone_right_fingers) { transformation: [-0.1821353497648505f,-0.34279529534338105f,-0.9215845592545914f,1.1468150719910848f,-0.19253385753925345f,0.9315515548565166f,-0.3084516402054958f,-0.06713446202210482f,0.9642393002087656f,0.12125628286752946f,-0.23566816882655084f,0.66049232287766f,0f,0f,0f,1f], start_interpolation: 0, interpolation_duration: 1 }
$data merge entity $(bone_right_index_finger_2) { transformation: [-0.1821353497648505f,-0.30227007629939406f,-0.9356599357351975f,1.7717039701468769f,-0.19253385753925345f,0.9441193957688143f,-0.26752435446924017f,0.17027021956167426f,0.9642393002087656f,0.1314205749001567f,-0.2301547401767391f,0.34822315612431487f,0f,0f,0f,1f], start_interpolation: 0, interpolation_duration: 1 }
$data merge entity $(bone_right_index_finger) { transformation: [-0.1821353497648505f,-0.30227007629939406f,-0.9356599357351975f,1.2307142381489942f,-0.19253385753925345f,0.9441193957688143f,-0.26752435446924017f,0.021551222615697363f,0.9642393002087656f,0.1314205749001567f,-0.2301547401767391f,0.21634013061345686f,0f,0f,0f,1f], start_interpolation: 0, interpolation_duration: 1 }
$data merge entity $(bone_right_thumb) { transformation: [0.159931619734054f,-0.14985879153432832f,-0.9756865375770603f,0.5142169252819307f,-0.11961799881471064f,0.9781833222706722f,-0.1698497053017004f,-0.12837514286247104f,0.9798537704008725f,0.1438740095756747f,0.13851663437945957f,-0.22101215847667427f,0f,0f,0f,1f], start_interpolation: 0, interpolation_duration: 1 }
$data merge entity $(bone_right_hand) { transformation: [-0.1821353497648505f,0.035973585141304054f,-0.9826151919943619f,0.46101342449931626f,-0.19253385753925345f,0.9786807474034819f,0.07151718928213491f,-0.10774056103576524f,0.9642393002087656f,0.20221250167544938f,-0.1713262271196864f,0.40163358131433197f,0f,0f,0f,1f], start_interpolation: 0, interpolation_duration: 1 }
$data merge entity $(bone_right_forearm) { transformation: [-0.3645131672140754f,-0.7658453948727213f,-1.812715574574889f,-1.735376335715393f,-0.385324025776356f,1.8356419416422831f,-0.6980478704715125f,0.017008674972534443f,1.9297622439859339f,0.22186992915344983f,-0.4817864552375643f,-0.004792256626562796f,0f,0f,0f,1f], start_interpolation: 0, interpolation_duration: 1 }
$data merge entity $(bone_right_bicep) { transformation: [-2.1833269741333052f,-1.1512567810284278f,-0.05986861320450634f,-2.7845996962229664f,-0.5835263539197623f,1.2142388006688414f,-2.069061195789159f,1.8920674708553802f,0.9942200063326407f,-1.8155233575405796f,-1.3458434604074754f,-3.35910175780373f,0f,0f,0f,1f], start_interpolation: 0, interpolation_duration: 1 }
$data merge entity $(bone_right_shoulder) { transformation: [-1.090145621270866f,-0.5748280278975315f,-0.02989268547939759f,-1.3743293749999999f,-0.2913575049263065f,0.6062752521306529f,-1.0330921705514993f,1.1225783268785516f,0.49641881372975044f,-0.9064995128929335f,-0.6719860894228388f,-1.8119891560814136f,0f,0f,0f,1f], start_interpolation: 0, interpolation_duration: 1 }
$data merge entity $(bone_chest) { transformation: [-4.0674850000000005f,1.5919435934634456e-16f,4.719999223847133e-16f,1.6006378433602383e-16f,0f,3.854171853577195f,-1.2999205930818736f,1.4922064019847459f,-4.981232485829872e-16f,-1.2999205930818736f,-3.854171853577195f,-1.3070199868849244f,0f,0f,0f,1f], start_interpolation: 0, interpolation_duration: 1 }
$data merge entity $(bone_weist) { transformation: [-1.0999999999999999f,1.4403856448566905e-17f,1.339388751991652e-16f,4.2561846683498846e-16f,0f,1.093693914787665f,-0.11761641363530638f,0.9108905937018712f,-1.3471114790620883e-16f,-0.11761641363530638f,-1.093693914787665f,-3.475438527511121f,0f,0f,0f,1f], start_interpolation: 0, interpolation_duration: 1 }
$data merge entity $(bone_right_fingers2) { transformation: [-0.9959894115651455f,-0.02597814518865557f,-0.08561675082991876f,1.1810036710611638f,0.02178959896543046f,-0.9985364763343408f,0.04949867479766018f,-0.023601404577672347f,-0.08677733244944194f,0.04743460131966892f,0.9950978108561004f,-10.319859847515312f,0f,0f,0f,1f], start_interpolation: 0, interpolation_duration: 1 }
$data merge entity $(bone_left_foot) { transformation: [-0.9959894115651455f,-0.0666162894150548f,0.05972739768887408f,1.1088580566464359f,0.02178959896543046f,0.4668607843302163f,0.8840623402404952f,0.25461918965416347f,-0.08677733244944194f,0.8818181660859256f,-0.46353685563697533f,-9.366329347273503f,0f,0f,0f,1f], start_interpolation: 0, interpolation_duration: 1 }
$data merge entity $(bone_left_knee) { transformation: [-1.5786573271807527f,0.06411488745799974f,0.12649202772822313f,0.942114588128854f,0.03453682304619263f,1.545026016838529f,-0.35209618526756814f,0.12893405480071252f,-0.1375433012779085f,-0.34792786182245555f,-1.5402265910492703f,-7.2990645404035535f,0f,0f,0f,1f], start_interpolation: 0, interpolation_duration: 1 }
$data merge entity $(bone_left_thigh) { transformation: [-1.5972217398211506f,-0.14279084754054994f,-0.014053512459834144f,0.7385400000000005f,0.034942963012909105f,-0.5394570398464583f,1.5097910799203595f,0.4612560881241736f,-0.13916075844032239f,1.5034297088756288f,0.5404048549851918f,-5.228737900918066f,0f,0f,0f,1f], start_interpolation: 0, interpolation_duration: 1 }
$data merge entity $(bone_left_fingers2) { transformation: [-0.9959894115651455f,0.02597814518865556f,0.08561675082991851f,-1.1778000869004364f,-0.02178959896543046f,-0.9985364763343408f,0.04949867479766018f,-0.06641187954335376f,0.08677733244944169f,0.04743460131966892f,0.9950978108561004f,-10.274822356011416f,0f,0f,0f,1f], start_interpolation: 0, interpolation_duration: 1 }
$data merge entity $(bone_right_foot) { transformation: [-0.9959894115651455f,0.06661628941505457f,-0.05972739768887396f,-1.1056544724857087f,-0.02178959896543046f,0.4668607843302163f,0.8840623402404952f,0.21180871468848206f,0.08677733244944169f,0.8818181660859256f,-0.46353685563697533f,-9.321291855769607f,0f,0f,0f,1f], start_interpolation: 0, interpolation_duration: 1 }
$data merge entity $(bone_right_knee) { transformation: [-1.5786573271807527f,-0.06411488745799966f,-0.12649202772822274f,-0.9398387623273246f,-0.03453682304619263f,1.545026016838529f,-0.35209618526756814f,0.11723048217020027f,0.13754330127790812f,-0.34792786182245555f,-1.5402265910492703f,-7.256864547683741f,0f,0f,0f,1f], start_interpolation: 0, interpolation_duration: 1 }
$data merge entity $(bone_right_thigh) { transformation: [-1.5972217398211506f,0.1427908475405496f,0.01405351245983401f,-0.7385399999999994f,-0.034942963012909105f,-0.5394570398464583f,1.5097910799203595f,0.444962615305309f,0.139160758440322f,1.5034297088756288f,0.5404048549851918f,-5.2138112803852f,0f,0f,0f,1f], start_interpolation: 0, interpolation_duration: 1 }