# This file was generated by Animated Java via MC-Build. It is not recommended to edit this file directly.
$data merge entity $(bone_left_fingers_2) { transformation: [-0.3118637540985058f,0.04109710082506256f,0.9492376031233494f,-1.5283489481215118f,0.2271536605184426f,0.9733168192106307f,0.03248975153448805f,0.1613541393940401f,-0.9225736899525476f,0.22575517213449456f,-0.31287759405535237f,1.155696902801216f,0f,0f,0f,1f], start_interpolation: 0, interpolation_duration: 1 }
$data merge entity $(bone_left_fingers) { transformation: [-0.3118637540985058f,0.04109710082506256f,0.9492376031233494f,-0.976756705207518f,0.2271536605184426f,0.9733168192106307f,0.03248975153448805f,0.18258536056067326f,-0.9225736899525476f,0.22575517213449456f,-0.31287759405535237f,0.9893699419604095f,0f,0f,0f,1f], start_interpolation: 0, interpolation_duration: 1 }
$data merge entity $(bone_left_index_finger_2) { transformation: [-0.22014497814807865f,0.04254388539773883f,0.974538971212258f,-1.669748162789731f,0.23449023816658884f,0.9720613900603098f,0.010534807003211022f,0.2766386874597253f,-0.9468635154027f,0.2308390603197009f,-0.22397055929286563f,0.6883873717168778f,0f,0f,0f,1f], start_interpolation: 0, interpolation_duration: 1 }
$data merge entity $(bone_left_index_finger) { transformation: [-0.22014497814807865f,0.04254388539773883f,0.974538971212258f,-1.107853945853014f,0.23449023816658884f,0.9720613900603098f,0.010534807003211022f,0.28833289478770907f,-0.9468635154027f,0.2308390603197009f,-0.22397055929286563f,0.5606434987299516f,0f,0f,0f,1f], start_interpolation: 0, interpolation_duration: 1 }
$data merge entity $(bone_left_thumb) { transformation: [-0.28460730669307177f,0.1946202168425956f,0.9386808041997327f,-0.4426777770806476f,0.22957402274526081f,0.9645201865788513f,-0.13037092376161424f,0.15807553021729728f,-0.9307494018571674f,0.1783922108110083f,-0.31918923864141546f,0.04324904315849809f,0f,0f,0f,1f], start_interpolation: 0, interpolation_duration: 1 }
$data merge entity $(bone_left_hand) { transformation: [-0.28460730669307177f,-0.01316077026385637f,0.9585538456982883f,-0.32280366416089046f,0.22957402274526081f,0.9698746393512233f,0.08147976450563227f,0.15446322102432675f,-0.9307494018571674f,0.24324879870082977f,-0.27301203796376616f,0.6568949215090123f,0f,0f,0f,1f], start_interpolation: 0, interpolation_duration: 1 }
$data merge entity $(bone_left_forearm) { transformation: [-0.4361722945800114f,0.5890674967853033f,1.86227593203118f,1.8432607582329659f,-0.021961934430795308f,1.9065444326461303f,-0.6082141342757492f,0.39995733510621023f,-1.953097497880626f,-0.15299099296310942f,-0.40905055090452636f,0.15413972884669302f,0f,0f,0f,1f], start_interpolation: 0, interpolation_duration: 1 }
$data merge entity $(bone_left_bicep) { transformation: [-2.237643886179354f,1.0343937133239627f,0.13737753516890752f,2.698748682839751f,0.2689163192203278f,0.8857196486050759f,-2.2889031914917144f,1.623509157296717f,-1.0082296140216334f,-2.059471644038788f,-0.915392099320845f,-3.5389817498085314f,0f,0f,0f,1f], start_interpolation: 0, interpolation_duration: 1 }
$data merge entity $(bone_left_shoulder) { transformation: [-1.1172663157566107f,0.5164777381536533f,0.06859326165968263f,1.3743293750000003f,0.13427120690554878f,0.4422440651536787f,-1.1428603325473565f,1.1076093351103442f,-0.5034138779866469f,-1.0283040614068453f,-0.45705966199437265f,-1.8201757123168487f,0f,0f,0f,1f], start_interpolation: 0, interpolation_duration: 1 }
$data merge entity $(bone_right_fingers_2) { transformation: [-0.18499137183529255f,-0.350260301087968f,-0.9182025451000788f,1.6783162505571756f,-0.1959736511504236f,0.9287110386878525f,-0.31478585526370495f,0.1100660802806569f,0.9630018278286228f,0.12171083805929533f,-0.24044531914270095f,0.7856406621578089f,0f,0f,0f,1f], start_interpolation: 0, interpolation_duration: 1 }
$data merge entity $(bone_right_fingers) { transformation: [-0.18499137183529255f,-0.350260301087968f,-0.9182025451000788f,1.144562926583941f,-0.1959736511504236f,0.9287110386878525f,-0.31478585526370495f,-0.0686756992842657f,0.9630018278286228f,0.12171083805929533f,-0.24044531914270095f,0.6610111595861101f,0f,0f,0f,1f], start_interpolation: 0, interpolation_duration: 1 }
$data merge entity $(bone_right_index_finger_2) { transformation: [-0.18499137183529255f,-0.3098754983981027f,-0.9326067594860247f,1.7690517594217554f,-0.1959736511504236f,0.9415578777224151f,-0.2739764423333394f,0.1740467550727048f,0.9630018278286228f,0.13208307382624382f,-0.23490751628532952f,0.35204731349262774f,0f,0f,0f,1f], start_interpolation: 0, interpolation_duration: 1 }
$data merge entity $(bone_right_index_finger) { transformation: [-0.18499137183529255f,-0.3098754983981027f,-0.9326067594860247f,1.229777647071049f,-0.1959736511504236f,0.9415578777224151f,-0.2739764423333394f,0.02159446197027587f,0.9630018278286228f,0.13208307382624382f,-0.23490751628532952f,0.21742899128563728f,0f,0f,0f,1f], start_interpolation: 0, interpolation_duration: 1 }
$data merge entity $(bone_right_thumb) { transformation: [0.1564501060418323f,-0.15777913308953828f,-0.9750021074238829f,0.5163727570458576f,-0.12054963518004355f,0.9767273726300192f,-0.1774018743227304f,-0.1327081505949929f,0.9803015606319606f,0.14529069039953374f,0.13378888408895948f,-0.2234423117351772f,0f,0f,0f,1f], start_interpolation: 0, interpolation_duration: 1 }
$data merge entity $(bone_right_hand) { transformation: [-0.18499137183529255f,0.027782578338844843f,-0.9823473523593079f,0.4602430150098009f,-0.1959736511504236f,0.9784804518132997f,0.06457811915821776f,-0.11382007278227635f,0.9630018278286228f,0.20446059219342694f,-0.17556578777952297f,0.39900190931445595f,0f,0f,0f,1f], start_interpolation: 0, interpolation_duration: 1 }
$data merge entity $(bone_right_forearm) { transformation: [-0.3702290134343408f,-0.7804758854706957f,-1.8053018146661044f,-1.735182003960847f,-0.39220819222394115f,1.8294095815731481f,-0.7104646993534225f,-0.0045294423547861395f,1.9272856518405421f,0.22236174867466352f,-0.49137769705439704f,-0.016975081137098336f,0f,0f,0f,1f], start_interpolation: 0, interpolation_duration: 1 }
$data merge entity $(bone_right_bicep) { transformation: [-2.1833292464687215f,-1.1521663389567531f,-0.03846077974220954f,-2.783383373820746f,-0.6019024191720319f,1.2095748344055979f,-2.066527352941787f,1.8699396618053958f,0.9831988517071418f,-1.8180579061286042f,-1.350510485207018f,-3.371933626888834f,0f,0f,0f,1f], start_interpolation: 0, interpolation_duration: 1 }
$data merge entity $(bone_right_shoulder) { transformation: [-1.090146755858829f,-0.575282174529989f,-0.01920365163961603f,-1.3743293749999999f,-0.3005327623697784f,0.6039465114244432f,-1.0318270106749547f,1.1076093351103442f,0.49091589840892175f,-0.9077650251491681f,-0.67431635727088f,-1.820175712316849f,0f,0f,0f,1f], start_interpolation: 0, interpolation_duration: 1 }
$data merge entity $(bone_chest) { transformation: [-4.0674850000000005f,1.503932857222411e-16f,4.748774898734797e-16f,1.602356179125268e-16f,0f,3.8776689752842044f,-1.2280543731217095f,1.4677871445214141f,-4.981232485829872e-16f,-1.2280543731217095f,-3.8776689752842044f,-1.308423114518317f,0f,0f,0f,1f], start_interpolation: 0, interpolation_duration: 1 }
$data merge entity $(bone_weist) { transformation: [-1.0999999999999999f,1.1911702231077911e-17f,1.341834740948624e-16f,4.2706771678595547e-16f,0f,1.095691216343244f,-0.09726643011986233f,0.9268784945873114f,-1.3471114790620883e-16f,-0.09726643011986233f,-1.095691216343244f,-3.4872725514270453f,0f,0f,0f,1f], start_interpolation: 0, interpolation_duration: 1 }
$data merge entity $(bone_right_fingers2) { transformation: [-0.9959892513207782f,-0.02597766112191496f,-0.0856187618230416f,1.1810140939072948f,0.02178882438416826f,-0.9985363834295449f,0.04950088988494339f,-0.023612734844819905f,-0.08677936612715977f,0.04743682209086486f,0.9950975276446467f,-10.319857862605843f,0f,0f,0f,1f], start_interpolation: 0, interpolation_duration: 1 }
$data merge entity $(bone_left_foot) { transformation: [-0.9959892513207782f,-0.06661831656922618f,0.05972780885783555f,1.1088664187814383f,0.02178882438416826f,0.46686275261780663f,0.8840613199038179f,0.2546099876779891f,-0.08677936612715977f,0.8818169708707171f,-0.4635387486488711f,-9.366328139277137f,0f,0f,0f,1f], start_interpolation: 0, interpolation_duration: 1 }
$data merge entity $(bone_left_knee) { transformation: [-1.5786570731911604f,0.06411468535698331f,0.1264952999882679f,0.9421189049325605f,0.034535595323918804f,1.5450252621510985f,-0.3520996173025181f,0.12892946099932734f,-0.1375465246859017f,-0.34793125035060046f,-1.540225537741251f,-7.299063378541724f,0f,0f,0f,1f], start_interpolation: 0, interpolation_duration: 1 }
$data merge entity $(bone_left_thigh) { transformation: [-1.5972214828447369f,-0.142793529925078f,-0.014055463774152534f,0.7385400000000005f,0.03494172085308604f,-0.539453700997032f,1.5097923016546149f,0.4612560881241736f,-0.1391640197543735f,1.5034306521430414f,0.54040139092499f,-5.228737900918066f,0f,0f,0f,1f], start_interpolation: 0, interpolation_duration: 1 }
$data merge entity $(bone_left_fingers2) { transformation: [-0.9959892513207782f,0.02597766112191495f,0.08561876182304136f,-1.1778104651275099f,-0.02178882438416826f,-0.9985363834295449f,0.04950088988494339f,-0.06642314313875464f,0.08677936612715952f,0.04743682209086486f,0.9950975276446467f,-10.274820317135084f,0f,0f,0f,1f], start_interpolation: 0, interpolation_duration: 1 }
$data merge entity $(bone_right_foot) { transformation: [-0.9959892513207782f,0.06661831656922597f,-0.05972780885783545f,-1.1056627900016536f,-0.02178882438416826f,0.46686275261780663f,0.8840613199038179f,0.21179957938405436f,0.08677936612715952f,0.8818169708707171f,-0.4635387486488711f,-9.321290593806378f,0f,0f,0f,1f], start_interpolation: 0, interpolation_duration: 1 }
$data merge entity $(bone_right_knee) { transformation: [-1.5786570731911604f,-0.06411468535698325f,-0.12649529998826753f,-0.9398430221409007f,-0.034535595323918804f,1.5450252621510985f,-0.3520996173025181f,0.11722594912030515f,0.13754652468590128f,-0.34793125035060046f,-1.540225537741251f,-7.256863400801594f,0f,0f,0f,1f], start_interpolation: 0, interpolation_duration: 1 }
$data merge entity $(bone_right_thigh) { transformation: [-1.5972214828447369f,0.14279352992507763f,0.0140554637741524f,-0.7385399999999994f,-0.03494172085308604f,-0.539453700997032f,1.5097923016546149f,0.444962615305309f,0.1391640197543731f,1.5034306521430414f,0.54040139092499f,-5.2138112803852f,0f,0f,0f,1f], start_interpolation: 0, interpolation_duration: 1 }