# This file was generated by Animated Java via MC-Build. It is not recommended to edit this file directly.
$data merge entity $(bone_left_fingers_2) { transformation: [-0.2846421077092447f,-0.011345132117189183f,0.9585667209412616f,-1.5333431429218898f,0.23044655049585297f,0.969798472128218f,0.07990813990036366f,0.1336494905940427f,-0.9305231098061999f,0.24364361562539946f,-0.2734310345984552f,0.7565564191006274f,0f,0f,0f,1f], start_interpolation: 0, interpolation_duration: 1 }
$data merge entity $(bone_left_fingers) { transformation: [-0.2846421077092447f,-0.011345132117189183f,0.9585667209412616f,-0.9770519685140086f,0.23044655049585297f,0.969798472128218f,0.07990813990036366f,0.18214333757708126f,-0.9305231098061999f,0.24364361562539946f,-0.2734310345984552f,0.6131761513566242f,0f,0f,0f,1f], start_interpolation: 0, interpolation_duration: 1 }
$data merge entity $(bone_left_index_finger_2) { transformation: [-0.2846421077092447f,-0.011345132117189183f,0.9585667209412616f,-1.6605425848044588f,0.23044655049585297f,0.969798472128218f,0.07990813990036366f,0.23663029284687712f,-0.9305231098061999f,0.24364361562539946f,-0.2734310345984552f,0.3407289044059815f,0f,0f,0f,1f], start_interpolation: 0, interpolation_duration: 1 }
$data merge entity $(bone_left_index_finger) { transformation: [-0.2846421077092447f,-0.011345132117189183f,0.9585667209412616f,-1.1081652393775796f,0.23044655049585297f,0.969798472128218f,0.07990813990036366f,0.28829277989923363f,-0.9305231098061999f,0.24364361562539946f,-0.2734310345984552f,0.1845539439021431f,0f,0f,0f,1f], start_interpolation: 0, interpolation_duration: 1 }
$data merge entity $(bone_left_thumb) { transformation: [-0.2846421077092447f,0.1963956038281799f,0.9383003982285223f,-0.443462087445593f,0.23044655049585297f,0.9641056630003378f,-0.13188880898408745f,0.15707679693226717f,-0.9305231098061999f,0.17868698152815563f,-0.31968375740558913f,-0.3332060630598558f,0f,0f,0f,1f], start_interpolation: 0, interpolation_duration: 1 }
$data merge entity $(bone_left_hand) { transformation: [-0.2846421077092447f,-0.011345132117189183f,0.9585667209412616f,-0.32330577078736633f,0.23044655049585297f,0.969798472128218f,0.07990813990036366f,0.15300784137348644f,-0.9305231098061999f,0.24364361562539946f,-0.2734310345984552f,0.2803817618766946f,0f,0f,0f,1f], start_interpolation: 0, interpolation_duration: 1 }
$data merge entity $(bone_left_forearm) { transformation: [-0.437129910883792f,0.5923379039876904f,1.8610136167854585f,1.8429488186436904f,-0.02041044482623525f,1.9055700541558838f,-0.6113138439435445f,0.39490592100565114f,-1.9529002248203615f,-0.15250249032231075f,-0.41017329958539506f,-0.22329630851883087f,0f,0f,0f,1f], start_interpolation: 0, interpolation_duration: 1 }
$data merge entity $(bone_left_bicep) { transformation: [-2.2376434406304724f,1.0349753398924542f,0.13293224254101f,2.698841731408332f,0.27324560511240603f,0.8847339193934309f,-2.2887716867024013f,1.6184431498706116f,-1.0070659236510975f,-2.059603126910206f,-0.9163767171483165f,-3.9163287858061606f,0f,0f,0f,1f], start_interpolation: 0, interpolation_duration: 1 }
$data merge entity $(bone_left_shoulder) { transformation: [-1.117266093291919f,0.516768147086611f,0.06637370574754362f,1.3743293750000003f,0.13643284009855794f,0.44175188583442665f,-1.1427946715758464f,1.1041742177024463f,-0.5028328418079233f,-1.0283697114346455f,-0.4575512863941808f,-2.1971057615429386f,0f,0f,0f,1f], start_interpolation: 0, interpolation_duration: 1 }
$data merge entity $(bone_right_fingers_2) { transformation: [-0.18566847760407768f,-0.3519722549009844f,-0.9174108938769477f,1.6772743930446015f,-0.1967689016291409f,0.9280514016218846f,-0.31623186951873894f,0.11054249461860405f,0.9627093101117521f,0.12180364414733974f,-0.2415670848782645f,0.41142446497174506f,0f,0f,0f,1f], start_interpolation: 0, interpolation_duration: 1 }
$data merge entity $(bone_right_fingers) { transformation: [-0.18566847760407768f,-0.3519722549009844f,-0.9174108938769477f,1.143958105170162f,-0.1967689016291409f,0.9280514016218846f,-0.31623186951873894f,-0.06904741029784575f,0.9627093101117521f,0.12180364414733974f,-0.2415670848782645f,0.2861449747680025f,0f,0f,0f,1f], start_interpolation: 0, interpolation_duration: 1 }
$data merge entity $(bone_right_index_finger_2) { transformation: [-0.18566847760407768f,-0.311620354151787f,-0.9318905361159641f,1.768356147318877f,-0.1967689016291409f,0.9409619427406966f,-0.27544985326791416f,0.17489396733842577f,0.9627093101117521f,0.13222472231760926f,-0.2360241662037715f,-0.022041396797732704f,0f,0f,0f,1f], start_interpolation: 0, interpolation_duration: 1 }
$data merge entity $(bone_right_index_finger) { transformation: [-0.18566847760407768f,-0.311620354151787f,-0.9318905361159641f,1.2294847172637227f,-0.1967689016291409f,0.9409619427406966f,-0.27544985326791416f,0.0215890681721273f,0.9627093101117521f,0.13222472231760926f,-0.2360241662037715f,-0.157302449431446f,0f,0f,0f,1f], start_interpolation: 0, interpolation_duration: 1 }
$data merge entity $(bone_right_thumb) { transformation: [-0.18566847760407768f,-0.05981112937494708f,-0.9807904186048502f,0.516807816899439f,-0.1967689016291409f,0.9801911100448053f,-0.022525255621052842f,-0.13371055180168148f,0.9627093101117521f,0.18880682347845812f,-0.1937595613953768f,-0.5990003132555095f,0f,0f,0f,1f], start_interpolation: 0, interpolation_duration: 1 }
$data merge entity $(bone_right_hand) { transformation: [-0.18566847760407768f,0.025897987443090575f,-0.9822710983585853f,0.4599919132660599f,-0.1967689016291409f,0.9784243923275314f,0.06298974400775242f,-0.11522849709763039f,0.9627093101117521f,0.2049756150006586f,-0.17656664883056541f,0.02339384038896125f,0f,0f,0f,1f], start_interpolation: 0, interpolation_duration: 1 }
$data merge entity $(bone_right_forearm) { transformation: [-0.37158412636896576f,-0.78382970251215f,-1.8035695181270082f,-1.73517809803269f,-0.3937997518585756f,1.8279644533123556f,-0.7132983142340564f,-0.009475866260333365f,1.9267002269925901f,0.222449381012258f,-0.4936286867884873f,-0.3948373336909694f,0f,0f,0f,1f], start_interpolation: 0, interpolation_duration: 1 }
$data merge entity $(bone_right_bicep) { transformation: [-2.183330795782731f,-1.152317853540876f,-0.03351571701093667f,-2.783051015885538f,-0.6061151291389199f,1.2085125028535446f,-2.0659174919063523f,1.8648721763946239f,0.9806039919889776f,-1.8186682483473096f,-1.3515749021188843f,-3.7499661152679047f,0f,0f,0f,1f], start_interpolation: 0, interpolation_duration: 1 }
$data merge entity $(bone_right_shoulder) { transformation: [-1.0901475294387386f,-0.5753578264879399f,-0.016734558119829872f,-1.3743293749999999f,-0.30263618864467706f,0.6034160841895264f,-1.0315225041373453f,1.1041742177024463f,0.4896202725163814f,-0.9080697719438906f,-0.674847825735945f,-2.1971057615429386f,0f,0f,0f,1f], start_interpolation: 0, interpolation_duration: 1 }
$data merge entity $(bone_chest) { transformation: [-4.0674850000000005f,1.4835327525185497e-16f,4.755187446367554e-16f,2.0620745531825017e-16f,0f,3.88290521779692f,-1.2113964234842594f,1.4621517805906867f,-4.981232485829872e-16f,-1.2113964234842594f,-3.88290521779692f,-1.6838116546078414f,0f,0f,0f,1f], start_interpolation: 0, interpolation_duration: 1 }
$data merge entity $(bone_weist) { transformation: [-1.0999999999999999f,1.1335549716407988e-17f,1.342333739531094e-16f,4.733214697785517e-16f,0f,1.0960986796076055f,-0.09256178780935237f,0.9306018035364372f,-1.3471114790620883e-16f,-0.09256178780935237f,-1.0960986796076055f,-3.8649631069798778f,0f,0f,0f,1f], start_interpolation: 0, interpolation_duration: 1 }
$data merge entity $(bone_right_fingers2) { transformation: [-0.9959891420605321f,-0.02597733108168242f,-0.08562013295596932f,1.1810212003984746f,0.02178829626056384f,-0.998536320082201f,0.049502400171698546f,-0.023620460026086754f,-0.08678075272540048f,0.04743833625423377f,0.9950973345406184f,-10.694856509230979f,0f,0f,0f,1f], start_interpolation: 0, interpolation_duration: 1 }
$data merge entity $(bone_left_foot) { transformation: [-0.9959891420605321f,-0.06661969871870502f,0.0597280892056173f,1.1088721202422924f,0.02178829626056384f,0.4668640946307092f,0.8840606242168636f,0.2546037136034459f,-0.08678075272540048f,0.8818161559459416f,-0.46354003933763455f,-9.74132731562117f,0f,0f,0f,1f], start_interpolation: 0, interpolation_duration: 1 }
$data merge entity $(bone_left_knee) { transformation: [-1.5786569000121227f,0.06411454756941055f,0.12649753107516684f,0.9421218482091525f,0.034534758240524044f,1.5450247475865544f,-0.35210195732543165f,0.12892632886280253f,-0.13754872246375668f,-0.3479335607110953f,-1.5402248195680768f,-7.67406258635182f,0f,0f,0f,1f], start_interpolation: 0, interpolation_duration: 1 }
$data merge entity $(bone_left_thigh) { transformation: [-1.597221307629179f,-0.14279535882871197f,-0.014056794208690713f,0.7385400000000006f,0.0349408739259074f,-0.5394514245068871f,1.509793134650537f,0.4612560881241736f,-0.13916624337726421f,1.503431295272777f,0.5403990290607398f,-5.603737900918066f,0f,0f,0f,1f], start_interpolation: 0, interpolation_duration: 1 }
$data merge entity $(bone_left_fingers2) { transformation: [-0.9959891420605321f,0.025977331081682403f,0.08562013295596908f,-1.1778175411964205f,-0.02178829626056384f,-0.998536320082201f,0.049502400171698546f,-0.06643082286192442f,0.08678075272540023f,0.04743833625423377f,0.9950973345406184f,-10.64981892696475f,0f,0f,0f,1f], start_interpolation: 0, interpolation_duration: 1 }
$data merge entity $(bone_right_foot) { transformation: [-0.9959891420605321f,0.06661969871870481f,-0.05972808920561719f,-1.1056684610402385f,-0.02178829626056384f,0.4668640946307092f,0.8840606242168636f,0.21179335076760825f,0.08678075272540023f,0.8818161559459416f,-0.46354003933763455f,-9.696289733354941f,0f,0f,0f,1f], start_interpolation: 0, interpolation_duration: 1 }
$data merge entity $(bone_right_knee) { transformation: [-1.5786569000121227f,-0.06411454756941048f,-0.12649753107516648f,-0.9398459265605678f,-0.034534758240524044f,1.5450247475865544f,-0.35210195732543165f,0.11722285840523994f,0.1375487224637563f,-0.3479335607110953f,-1.5402248195680768f,-7.631862618825259f,0f,0f,0f,1f], start_interpolation: 0, interpolation_duration: 1 }
$data merge entity $(bone_right_thigh) { transformation: [-1.597221307629179f,0.1427953588287116f,0.01405679420869058f,-0.7385399999999993f,-0.0349408739259074f,-0.5394514245068871f,1.509793134650537f,0.444962615305309f,0.1391662433772638f,1.503431295272777f,0.5403990290607398f,-5.5888112803852f,0f,0f,0f,1f], start_interpolation: 0, interpolation_duration: 1 }