# This file was generated by Animated Java via MC-Build. It is not recommended to edit this file directly.
$data merge entity $(bone_left_fingers_2) { transformation: [-0.2846958150485304f,-0.009000115492652283f,0.9585756573244347f,-1.5337014166951342f,0.2315728124354523f,0.9696950685272718f,0.07788136243431099f,0.13426766231345502f,-0.9302270289744264f,0.24415255885410786f,-0.27398394582603497f,0.7553405523828012f,0f,0f,0f,1f], start_interpolation: 0, interpolation_duration: 1 }
$data merge entity $(bone_left_fingers) { transformation: [-0.2846958150485304f,-0.009000115492652283f,0.9585756573244347f,-0.9773907891226941f,0.2315728124354523f,0.9696950685272718f,0.07788136243431099f,0.18157734888017663f,-0.9302270289744264f,0.24415255885410786f,-0.27398394582603497f,0.6116405026104623f,0f,0f,0f,1f], start_interpolation: 0, interpolation_duration: 1 }
$data merge entity $(bone_left_index_finger_2) { transformation: [-0.2846958150485304f,-0.009000115492652283f,0.9585756573244347f,-1.6609248590449464f,0.2315728124354523f,0.9696950685272718f,0.07788136243431099f,0.23775176287054786f,-0.9302270289744264f,0.24415255885410786f,-0.27398394582603497f,0.339645348809854f,0f,0f,0f,1f], start_interpolation: 0, interpolation_duration: 1 }
$data merge entity $(bone_left_index_finger) { transformation: [-0.2846958150485304f,-0.009000115492652283f,0.9585756573244347f,-1.1085287989294235f,0.2315728124354523f,0.9696950685272718f,0.07788136243431099f,0.2882455756082569f,-0.9302270289744264f,0.24415255885410786f,-0.27398394582603497f,0.18315467738911684f,0f,0f,0f,1f], start_interpolation: 0, interpolation_duration: 1 }
$data merge entity $(bone_left_thumb) { transformation: [-0.2846958150485304f,0.19868696838266914f,0.9378015682908392f,-0.44444478755104455f,0.2315728124354523f,0.9635660355453214f,-0.13384516309604672f,0.15579497714551982f,-0.9302270289744264f,0.17906418887755493f,-0.32033371790530507f,-0.33508523228791476f,0f,0f,0f,1f], start_interpolation: 0, interpolation_duration: 1 }
$data merge entity $(bone_left_hand) { transformation: [-0.2846958150485304f,-0.009000115492652283f,0.9585756573244347f,-0.32391826988232975f,0.2315728124354523f,0.9696950685272718f,0.07788136243431099f,0.1511357478349804f,-0.9302270289744264f,0.24415255885410786f,-0.27398394582603497f,0.2784257829868423f,0f,0f,0f,1f], start_interpolation: 0, interpolation_duration: 1 }
$data merge entity $(bone_left_forearm) { transformation: [-0.43838445974810514f,0.5965524721207724f,1.8593715730882445f,1.8425656008947393f,-0.018405337294226855f,1.9043045321407341f,-0.6153079926167397f,0.3883956460173148f,-1.9526389175577612f,-0.1518809738760951f,-0.4116453094157656f,-0.22647084419096064f,0f,0f,0f,1f], start_interpolation: 0, interpolation_duration: 1 }
$data merge entity $(bone_left_bicep) { transformation: [-2.2376429208166173f,1.0356982101815178f,0.12718678797399433f,2.698936587457496f,0.2788301032179143f,0.8834624962516703f,-2.2885892803090115f,1.6119156749763364f,-1.005535198363453f,-2.059785507724684f,-0.9176468436760425f,-3.9193981896647294f,0f,0f,0f,1f], start_interpolation: 0, interpolation_duration: 1 }
$data merge entity $(bone_left_shoulder) { transformation: [-1.11726583374637f,0.5171290796861279f,0.06350497274847959f,1.3743293750000003f,0.13922120676504496f,0.44111705816674623f,-1.1427035951894868f,1.099749190147679f,-0.5020685433361579f,-1.0284607750493318f,-0.45818546665626003f,-2.1996207190155883f,0f,0f,0f,1f], start_interpolation: 0, interpolation_duration: 1 }
$data merge entity $(bone_right_fingers_2) { transformation: [-0.1865522607960082f,-0.3541773717402924f,-0.9163823674313233f,1.6758800130346314f,-0.19779634964425885f,0.9271972582796295f,-0.3180909434519379f,0.11114562626266697f,0.9623278329443165f,0.12191650251658541f,-0.24302573599275284f,0.41244901402743983f,0f,0f,0f,1f], start_interpolation: 0, interpolation_duration: 1 }
$data merge entity $(bone_right_fingers) { transformation: [-0.1865522607960082f,-0.3541773717402924f,-0.9163823674313233f,1.143131584065189f,-0.19779634964425885f,0.9271972582796295f,-0.3180909434519379f,-0.06953477869585817f,0.9623278329443165f,0.12191650251658541f,-0.24302573599275284f,0.2863242733125602f,0f,0f,0f,1f], start_interpolation: 0, interpolation_duration: 1 }
$data merge entity $(bone_right_index_finger_2) { transformation: [-0.1865522607960082f,-0.3138682359019251f,-0.9309591744452126f,1.7674129570008796f,-0.19779634964425885f,0.9401897040196737f,-0.27734441498397716f,0.17597621785006756f,0.9623278329443165f,0.13240109873868852f,-0.2374765061926839f,-0.020850381178397936f,0f,0f,0f,1f], start_interpolation: 0, interpolation_duration: 1 }
$data merge entity $(bone_right_index_finger) { transformation: [-0.1865522607960082f,-0.3138682359019251f,-0.9309591744452126f,1.2290652884591173f,-0.19779634964425885f,0.9401897040196737f,-0.27734441498397716f,0.021574974404912517f,0.9623278329443165f,0.13240109873868852f,-0.2374765061926839f,-0.15694742889029803f,0f,0f,0f,1f], start_interpolation: 0, interpolation_duration: 1 }
$data merge entity $(bone_right_thumb) { transformation: [-0.1865522607960082f,-0.06222347055011836f,-0.9804725869215297f,0.5173362834799536f,-0.19779634964425885f,0.9799355333743481f,-0.024555131800462912f,-0.13500545382701773f,0.9623278329443165f,0.18935308326782152f,-0.19511676452233734f,-0.5997202060002604f,0f,0f,0f,1f], start_interpolation: 0, interpolation_duration: 1 }
$data merge entity $(bone_right_hand) { transformation: [-0.1865522607960082f,0.023467125097968f,-0.9821647255076587f,0.4596285922671435f,-0.19779634964425885f,0.9783467035695683f,0.06094531714549872f,-0.11704914027685931f,0.9623278329443165f,0.20563808415319285f,-0.1778710777122019f,0.02260728730302708f,0f,0f,0f,1f], start_interpolation: 0, interpolation_duration: 1 }
$data merge entity $(bone_right_forearm) { transformation: [-0.37335286928920103f,-0.7881488842816335f,-1.8013205554330685f,-1.7351943998909813f,-0.3958560156789816f,1.8260943652568198f,-0.7169408317669016f,-0.01585005600581546f,1.9259367648162398f,0.2225476973807436f,-0.496555004552614f,-0.39856143285957035f,0f,0f,0f,1f], start_interpolation: 0, interpolation_duration: 1 }
$data merge entity $(bone_right_bicep) { transformation: [-2.183332603310011f,-1.1524825296067958f,-0.027126831066555657f,-2.7825942242667674f,-0.6115406930880867f,1.2071478375955438f,-2.065116263452208f,1.8583493988774973f,0.9772255761644467f,-1.8194700381783118f,-1.352942000290678f,-3.753920935081726f,0f,0f,0f,1f], start_interpolation: 0, interpolation_duration: 1 }
$data merge entity $(bone_right_shoulder) { transformation: [-1.0901484319457717f,-0.5754400500368253f,-0.013544556750552281f,-1.3743293749999999f,-0.30534519872524785f,0.6027347002863662f,-1.03112244693049f,1.099749190147679f,0.487933413304922f,-0.9084701094489012f,-0.6755304244046213f,-2.1996207190155888f,0f,0f,0f,1f], start_interpolation: 0, interpolation_duration: 1 }
$data merge entity $(bone_chest) { transformation: [-4.0674850000000005f,1.4571402939888231e-16f,4.763341184664502e-16f,2.0627330503827688e-16f,0f,3.8895632503844584f,-1.189845345615847f,1.4548748026452325f,-4.981232485829872e-16f,-1.189845345615847f,-3.8895632503844584f,-1.6843493583773899f,0f,0f,0f,1f], start_interpolation: 0, interpolation_duration: 1 }
$data merge entity $(bone_weist) { transformation: [-1.0999999999999999f,1.0590991144347531e-17f,1.3429417067314884e-16f,4.737441993861273e-16f,0f,1.0965951225010317f,-0.08648200568295603f,0.9354284620284913f,-1.3471114790620883e-16f,-0.08648200568295603f,-1.0965951225010317f,-3.868414956181378f,0f,0f,0f,1f], start_interpolation: 0, interpolation_duration: 1 }
$data merge entity $(bone_right_fingers2) { transformation: [-0.9959890145874547f,-0.025976946040147494f,-0.08562173261233574f,1.1810294913101602f,0.02178768011634171f,-0.9985362461737226f,0.04950416217288389f,-0.02362947273666477f,-0.0867823704231396f,0.04744010277938365f,0.9950971092471441f,-10.69485493026545f,0f,0f,0f,1f], start_interpolation: 0, interpolation_duration: 1 }
$data merge entity $(bone_left_foot) { transformation: [-0.9959890145874547f,-0.06662131122531068f,0.059728416283468824f,1.1088787719519204f,0.02178768011634171f,0.4668656603110316f,0.8840598125791561f,0.25459639384993576f,-0.0867823704231396f,0.8818152051949234f,-0.46354154513999735f,-9.741326354666578f,0f,0f,0f,1f], start_interpolation: 0, interpolation_duration: 1 }
$data merge entity $(bone_left_knee) { transformation: [-1.578656697965489f,0.06411438682602955f,0.12650013401039953f,0.9421252820332133f,0.03453378164320326f,1.5450241472561983f,-0.35210468735122574f,0.12892267470432617f,-0.1375512865375906f,-0.3479362561320782f,-1.5402239816905443f,-7.674061662118597f,0f,0f,0f,1f], start_interpolation: 0, interpolation_duration: 1 }
$data merge entity $(bone_left_thigh) { transformation: [-1.5972211032065535f,-0.14279749255483654f,-0.01405834637510154f,0.7385400000000006f,0.03493988584417177f,-0.539448768599771f,1.5097941064742892f,0.4612560881241736f,-0.13916883760363588f,1.5034320455834884f,0.5403962735473022f,-5.603737900918066f,0f,0f,0f,1f], start_interpolation: 0, interpolation_duration: 1 }
$data merge entity $(bone_left_fingers2) { transformation: [-0.9959890145874547f,0.025976946040147497f,0.08562173261233547f,-1.177825796615271f,-0.02178768011634171f,-0.9985362461737226f,0.04950416217288389f,-0.06643978253796606f,0.08678237042313935f,0.04744010277938365f,0.9950971092471441f,-10.649817305071297f,0f,0f,0f,1f], start_interpolation: 0, interpolation_duration: 1 }
$data merge entity $(bone_right_foot) { transformation: [-0.9959890145874547f,0.06662131122531044f,-0.05972841628346871f,-1.1056750772570316f,-0.02178768011634171f,0.4668656603110316f,0.8840598125791561f,0.21178608404863447f,0.08678237042313935f,0.8818152051949234f,-0.46354154513999735f,-9.696288729472425f,0f,0f,0f,1f], start_interpolation: 0, interpolation_duration: 1 }
$data merge entity $(bone_right_knee) { transformation: [-1.578656697965489f,-0.06411438682602948f,-0.12650013401039917f,-0.9398493150515321f,-0.03453378164320326f,1.5450241472561983f,-0.35210468735122574f,0.11721925257178833f,0.1375512865375902f,-0.3479362561320782f,-1.5402239816905443f,-7.631861706508024f,0f,0f,0f,1f], start_interpolation: 0, interpolation_duration: 1 }
$data merge entity $(bone_right_thigh) { transformation: [-1.5972211032065535f,0.14279749255483618f,0.014058346375101406f,-0.7385399999999993f,-0.03493988584417177f,-0.539448768599771f,1.5097941064742892f,0.444962615305309f,0.1391688376036355f,1.5034320455834884f,0.5403962735473022f,-5.5888112803852f,0f,0f,0f,1f], start_interpolation: 0, interpolation_duration: 1 }