# This file was generated by Animated Java via MC-Build. It is not recommended to edit this file directly.
$data merge entity $(bone_left_fingers_2) { transformation: [-0.28468147850075265f,-0.009541583660860442f,0.9585746783531622f,-1.533625165398719f,0.23131126532959811f,0.9697198783349332f,0.07834829987755254f,0.13413012802616334f,-0.9302964873255437f,0.24403343160994462f,-0.2738542129061167f,0.7556202336560345f,0f,0f,0f,1f], start_interpolation: 0, interpolation_duration: 1 }
$data merge entity $(bone_left_fingers) { transformation: [-0.28468147850075265f,-0.009541583660860442f,0.9585746783531622f,-0.9773184312113055f,0.23131126532959811f,0.9697198783349332f,0.07834829987755254f,0.18171266063761832f,-0.9302964873255437f,0.24403343160994462f,-0.2738542129061167f,0.611995217779027f,0f,0f,0f,1f], start_interpolation: 0, interpolation_duration: 1 }
$data merge entity $(bone_left_index_finger_2) { transformation: [-0.28468147850075265f,-0.009541583660860442f,0.9585746783531622f,-1.6608422011037427f,0.23131126532959811f,0.9697198783349332f,0.07834829987755254f,0.23749734972032754f,-0.9302964873255437f,0.24403343160994462f,-0.2738542129061167f,0.3398939908824318f,0f,0f,0f,1f], start_interpolation: 0, interpolation_duration: 1 }
$data merge entity $(bone_left_index_finger) { transformation: [-0.28468147850075265f,-0.009541583660860442f,0.9585746783531622f,-1.1084498372457148f,0.23131126532959811f,0.9697198783349332f,0.07834829987755254f,0.2882604122300645f,-0.9302964873255437f,0.24403343160994462f,-0.2738542129061167f,0.18347739830469814f,0f,0f,0f,1f], start_interpolation: 0, interpolation_duration: 1 }
$data merge entity $(bone_left_thumb) { transformation: [-0.28468147850075265f,0.1981581232839007f,0.9379178076863814f,-0.4442215244163842f,0.23131126532959811f,0.9636913210214271f,-0.13339466375982728f,0.15609344785979798f,-0.9302964873255437f,0.17897596476784133f,-0.32018127631886073f,-0.33464998096476617f,0f,0f,0f,1f], start_interpolation: 0, interpolation_duration: 1 }
$data merge entity $(bone_left_hand) { transformation: [-0.28468147850075265f,-0.009541583660860442f,0.9585746783531622f,-0.32378171721759585f,0.23131126532959811f,0.9697198783349332f,0.07834829987755254f,0.1515716077837561f,-0.9302964873255437f,0.24403343160994462f,-0.2738542129061167f,0.27887909051173976f,0f,0f,0f,1f], start_interpolation: 0, interpolation_duration: 1 }
$data merge entity $(bone_left_forearm) { transformation: [-0.438091902539307f,0.5955800863105757f,1.8597522090511072f,1.8426510995323602f,-0.018869133213585732f,1.9045974785533266f,-0.61438655083813f,0.38990196657403864f,-1.9527001495600786f,-0.15202381007359714f,-0.4113019820392898f,-0.22573236035511357f,0f,0f,0f,1f], start_interpolation: 0, interpolation_duration: 1 }
$data merge entity $(bone_left_bicep) { transformation: [-2.237642504960239f,1.0355351779582491f,0.1285146602349522f,2.6989181213133753f,0.2775407130823708f,0.8837553754108761f,-2.28863293074778f,1.61342472871801f,-1.005892775233055f,-2.059741836816551f,-0.9173529272262582f,-3.9186829076498015f,0f,0f,0f,1f], start_interpolation: 0, interpolation_duration: 1 }
$data merge entity $(bone_left_shoulder) { transformation: [-1.1172656261072875f,0.5170476769157559f,0.06416798573189444f,1.3743293750000003f,0.13857740809126612f,0.44126329413449283f,-1.1427253900627485f,1.1007735554940887f,-0.5022470831807541f,-1.0284389699556185f,-0.45803871276435654f,-2.199035632258533f,0f,0f,0f,1f], start_interpolation: 0, interpolation_duration: 1 }
$data merge entity $(bone_right_fingers_2) { transformation: [-0.1863478723164208f,-0.3536658018828508f,-0.9166214982541613f,1.6762039263871447f,-0.1975589117650064f,0.9273957855558034f,-0.31765946124043054f,0.1110018358981543f,0.9624162025160267f,0.121891580972167f,-0.24268806238201418f,0.4122138030277224f,0f,0f,0f,1f], start_interpolation: 0, interpolation_duration: 1 }
$data merge entity $(bone_right_fingers) { transformation: [-0.1863478723164208f,-0.3536658018828508f,-0.9166214982541613f,1.1433234496502618f,-0.1975589117650064f,0.9273957855558034f,-0.31765946124043054f,-0.06942548167809465f,0.9624162025160267f,0.121891580972167f,-0.24268806238201418f,0.28628474319365027f,0f,0f,0f,1f], start_interpolation: 0, interpolation_duration: 1 }
$data merge entity $(bone_right_index_finger_2) { transformation: [-0.1863478723164208f,-0.31334672220564086f,-0.9311757633047181f,1.767632484487991f,-0.1975589117650064f,0.9403692213521456f,-0.2769046838097645f,0.17572167847115386f,0.9624162025160267f,0.13236147179802837f,-0.23714024103490003f,-0.02112418522552531f,0f,0f,0f,1f], start_interpolation: 0, interpolation_duration: 1 }
$data merge entity $(bone_right_index_finger) { transformation: [-0.1863478723164208f,-0.31334672220564086f,-0.9311757633047181f,1.2291630076794016f,-0.1975589117650064f,0.9403692213521456f,-0.2769046838097645f,0.02157490011638702f,0.9624162025160267f,0.13236147179802837f,-0.23714024103490003f,-0.1570276651882791f,0f,0f,0f,1f], start_interpolation: 0, interpolation_duration: 1 }
$data merge entity $(bone_right_thumb) { transformation: [-0.1863478723164208f,-0.06166366968031682f,-0.9805468180177325f,0.5172138452931416f,-0.1975589117650064f,0.9799951229994378f,-0.024083921598096726f,-0.13470797388097017f,0.9624162025160267f,0.1892277747553822f,-0.1948022135288947f,-0.5995515545504504f,0f,0f,0f,1f], start_interpolation: 0, interpolation_duration: 1 }
$data merge entity $(bone_right_hand) { transformation: [-0.1863478723164208f,0.02403126542277595f,-0.982189884271531f,0.4597127067154112f,-0.1975589117650064f,0.9783649977629664f,0.06141992782881739f,-0.11663022917080423f,0.9624162025160267f,0.2054858375520095f,-0.17756864503672912f,0.022791542102060913f,0f,0f,0f,1f], start_interpolation: 0, interpolation_duration: 1 }
$data merge entity $(bone_right_forearm) { transformation: [-0.3729438202378628f,-0.7871469133557715f,-1.8018433383530972f,-1.7351918648610147f,-0.3953808238312999f,1.8265289729739977f,-0.716095445635285f,-0.014374038716107984f,1.9261136216016526f,0.22252734642644942f,-0.4958776754397521f,-0.397696157591096f,0f,0f,0f,1f], start_interpolation: 0, interpolation_duration: 1 }
$data merge entity $(bone_right_bicep) { transformation: [-2.183334049327391f,-1.152443937410516f,-0.02860948902840347f,-2.7827002341572493f,-0.6102817586132034f,1.2074654236392626f,-2.0653030113057733f,1.8598612634151497f,0.9780090525351464f,-1.8192837394234214f,-1.3526263605733484f,-3.753001751190455f,0f,0f,0f,1f], start_interpolation: 0, interpolation_duration: 1 }
$data merge entity $(bone_right_shoulder) { transformation: [-1.0901491539491792f,-0.5754207807682786f,-0.014284854976195919f,-1.3743293749999999f,-0.30471660670878836f,0.6028932725199522f,-1.031215691028721f,1.1007735554940887f,0.4883246068114404f,-0.9083770895877908f,-0.6753728239811287f,-2.1990356322585334f,0f,0f,0f,1f], start_interpolation: 0, interpolation_duration: 1 }
$data merge entity $(bone_chest) { transformation: [-4.0674850000000005f,1.4632614090219565e-16f,4.761464388899064e-16f,2.0625760280345296e-16f,0f,3.8880307303413364f,-1.1948436153515738f,1.4565611525278617f,-4.981232485829872e-16f,-1.1948436153515738f,-3.8880307303413364f,-1.6842211398997453f,0f,0f,0f,1f], start_interpolation: 0, interpolation_duration: 1 }
$data merge entity $(bone_weist) { transformation: [-1.0999999999999999f,1.0763590586719651e-17f,1.3428044715404385e-16f,4.736465134162764e-16f,0f,1.0964830614633958f,-0.08789138708575961f,0.9343080632007722f,-1.3471114790620883e-16f,-0.08789138708575961f,-1.0964830614633958f,-3.867617289703836f,0f,0f,0f,1f], start_interpolation: 0, interpolation_duration: 1 }
$data merge entity $(bone_right_fingers2) { transformation: [-0.9959889126068291f,-0.02597663801110905f,-0.08562301233842454f,1.1810361240436258f,0.021787187200950867f,-0.9985361870444251f,0.04950557177380899f,-0.023636682904427553f,-0.08678366458116939f,0.04744151600044888f,0.9950969290081457f,-10.694853667071175f,0f,0f,0f,1f], start_interpolation: 0, interpolation_duration: 1 }
$data merge entity $(bone_left_foot) { transformation: [-0.9959889126068291f,-0.06662260122972702f,0.0597286779499678f,1.1088840933237316f,0.021787187200950867f,0.4668669128542058f,0.8840591632667207f,0.2545905380472248f,-0.08678366458116939f,0.8818144445898856f,-0.4635427497809613f,-9.741325585885358f,0f,0f,0f,1f], start_interpolation: 0, interpolation_duration: 1 }
$data merge entity $(bone_left_knee) { transformation: [-1.5786565363247527f,0.06411425823813831f,0.12650221635898679f,0.942128029093525f,0.034533000365325806f,1.5450236669879942f,-0.35210687137113283f,0.1289197513781679f,-0.13755333779640172f,-0.34793841246917895f,-1.5402233113816723f,-7.6740609227229735f,0f,0f,0f,1f], start_interpolation: 0, interpolation_duration: 1 }
$data merge entity $(bone_left_thigh) { transformation: [-1.5972209396649832f,-0.14279919953978243f,-0.014059588102634194f,0.7385400000000006f,0.03493909537876219f,-0.5394466438725689f,1.5097948839295507f,0.4612560881241736f,-0.1391709129844742f,1.5034326458263867f,0.5403940691325623f,-5.603737900918066f,0f,0f,0f,1f], start_interpolation: 0, interpolation_duration: 1 }
$data merge entity $(bone_left_fingers2) { transformation: [-0.9959889126068291f,0.025976638011109034f,0.08562301233842429f,-1.1778324009543224f,-0.021787187200950867f,-0.9985361870444251f,0.04950557177380899f,-0.06644695027802983f,0.08678366458116914f,0.04744151600044888f,0.9950969290081457f,-10.64981600753478f,0f,0f,0f,1f], start_interpolation: 0, interpolation_duration: 1 }
$data merge entity $(bone_right_foot) { transformation: [-0.9959889126068291f,0.06662260122972681f,-0.05972867794996768f,-1.1056803702344284f,-0.021787187200950867f,0.4668669128542058f,0.8840591632667207f,0.21178027067362254f,0.08678366458116914f,0.8818144445898856f,-0.4635427497809613f,-9.696287926348962f,0f,0f,0f,1f], start_interpolation: 0, interpolation_duration: 1 }
$data merge entity $(bone_right_knee) { transformation: [-1.5786565363247527f,-0.06411425823813821f,-0.12650221635898642f,-0.9398520258453524f,-0.034533000365325806f,1.5450236669879942f,-0.35210687137113283f,0.11721636790564127f,0.1375533377964013f,-0.34793841246917895f,-1.5402233113816723f,-7.631860976645308f,0f,0f,0f,1f], start_interpolation: 0, interpolation_duration: 1 }
$data merge entity $(bone_right_thigh) { transformation: [-1.5972209396649832f,0.14279919953978207f,0.01405958810263406f,-0.7385399999999993f,-0.03493909537876219f,-0.5394466438725689f,1.5097948839295507f,0.444962615305309f,0.13917091298447382f,1.5034326458263867f,0.5403940691325623f,-5.5888112803852f,0f,0f,0f,1f], start_interpolation: 0, interpolation_duration: 1 }