# This file was generated by Animated Java via MC-Build. It is not recommended to edit this file directly.
$data merge entity $(bone_left_fingers_2) { transformation: [-0.30397224468370976f,0.02720036103676807f,0.9522925048646642f,-1.5302198417098456f,0.22878186843574552f,0.9724253827104551f,0.045251869966601396f,0.1535939743930943f,-0.9248025362946386f,0.2316225710501774f,-0.30181327579003125f,1.1480607360122022f,0f,0f,0f,1f], start_interpolation: 0, interpolation_duration: 1 }
$data merge entity $(bone_left_fingers) { transformation: [-0.30397224468370976f,0.02720036103676807f,0.9522925048646642f,-0.9770558843050228f,0.22878186843574552f,0.9724253827104551f,0.045251869966601396f,0.18215273932162646f,-0.9248025362946386f,0.2316225710501774f,-0.30181327579003125f,0.9881749696924689f,0f,0f,0f,1f], start_interpolation: 0, interpolation_duration: 1 }
$data merge entity $(bone_left_index_finger_2) { transformation: [-0.23909231763866012f,0.02794127206688902f,0.9705947398175296f,-1.6677048045198402f,0.23395894651603696f,0.9717940585591999f,0.029656687174135228f,0.2655886087993284f,-0.9423895558585528f,0.2341700088916651f,-0.23888560430548628f,0.6958728055211415f,0f,0f,0f,1f], start_interpolation: 0, interpolation_duration: 1 }
$data merge entity $(bone_left_index_finger) { transformation: [-0.23909231763866012f,0.02794127206688902f,0.9705947398175296f,-1.1081682014074525f,0.23395894651603696f,0.9717940585591999f,0.029656687174135228f,0.28830162761529277f,-0.9423895558585528f,0.2341700088916651f,-0.23888560430548628f,0.5595523332824783f,0f,0f,0f,1f], start_interpolation: 0, interpolation_duration: 1 }
$data merge entity $(bone_left_thumb) { transformation: [-0.28464003712874814f,0.1963997299928034f,0.9383001626996016f,-0.44346506129903146f,0.23044534772030661f,0.9641052580859074f,-0.13189387038514205f,0.15708128282599548f,-0.9305240410528962f,0.1786846310958489f,-0.31968236052796f,0.041793416578017495f,0f,0f,0f,1f], start_interpolation: 0, interpolation_duration: 1 }
$data merge entity $(bone_left_hand) { transformation: [-0.28464003712874814f,-0.011341052781353889f,0.9585673840607949f,-0.32330944651705207f,0.23044534772030661f,0.9697991722995666f,0.07990311083520057f,0.1530134233660858f,-0.9305240410528962f,0.24364101856806863f,-0.27343017955906446f,0.6553813862273232f,0f,0f,0f,1f], start_interpolation: 0, interpolation_duration: 1 }
$data merge entity $(bone_left_forearm) { transformation: [-0.4371298316330811f,0.5923448887683261f,1.8610114122157255f,1.8429460677417155f,-0.020408348768557544f,1.9055679254651399f,-0.6113205493762819f,0.3949037044117307f,-1.9529002644650524f,-0.15250195913239042f,-0.41017330832686766f,0.15170354808339015f,0f,0f,0f,1f], start_interpolation: 0, interpolation_duration: 1 }
$data merge entity $(bone_left_bicep) { transformation: [-2.2376423613896828f,1.034978739601621f,0.13292393981562212f,2.6988437486994883f,0.2732540490317734f,0.8847306559228719f,-2.288771940112664f,1.6184387404003036f,-1.0070660305517254f,-2.0596028203835774f,-0.9163772886021712f,-3.5413285506503636f,0f,0f,0f,1f], start_interpolation: 0, interpolation_duration: 1 }
$data merge entity $(bone_left_shoulder) { transformation: [-1.1172655544218206f,0.5167698445776903f,0.06636956015696857f,1.3743293750000003f,0.1364370561879636f,0.4417502563679371f,-1.142794798104805f,1.1041742177024463f,-0.502832895183919f,-1.028369558384431f,-0.457551571723829f,-1.8221057615429384f,0f,0f,0f,1f], start_interpolation: 0, interpolation_duration: 1 }
$data merge entity $(bone_right_fingers_2) { transformation: [-0.1856712644195261f,-0.35196998916431416f,-0.9174111991340237f,1.6772659453665129f,-0.19677036019110122f,0.928052119616438f,-0.3162288548277978f,0.11053186145450669f,0.9627084745233723f,0.12180472077513595f,-0.24156987204072541f,0.7864315335155443f,0f,0f,0f,1f], start_interpolation: 0, interpolation_duration: 1 }
$data merge entity $(bone_right_fingers) { transformation: [-0.1856712644195261f,-0.35196998916431416f,-0.9174111991340237f,1.1439494563517565f,-0.19677036019110122f,0.928052119616438f,-0.3162288548277978f,-0.06905632192037944f,0.9627084745233723f,0.12180472077513595f,-0.24156987204072541f,0.6611504317369332f,0f,0f,0f,1f], start_interpolation: 0, interpolation_duration: 1 }
$data merge entity $(bone_right_index_finger_2) { transformation: [-0.1856712644195261f,-0.3116180772564694f,-0.9318907422524573f,1.7683488878060634f,-0.19677036019110122f,0.9409625285529062f,-0.2754468101278083f,0.17488397033966344f,0.9627084745233723f,0.13222591949501342f,-0.2360269037516264f,0.3529660158546444f,0f,0f,0f,1f], start_interpolation: 0, interpolation_duration: 1 }
$data merge entity $(bone_right_index_finger) { transformation: [-0.1856712644195261f,-0.3116180772564694f,-0.9318907422524573f,1.229477352120355f,-0.19677036019110122f,0.9409625285529062f,-0.2754468101278083f,0.02158082839013417f,0.9627084745233723f,0.13222591949501342f,-0.2360269037516264f,0.2177033924371415f,0f,0f,0f,1f], start_interpolation: 0, interpolation_duration: 1 }
$data merge entity $(bone_right_thumb) { transformation: [0.15562281263747826f,-0.1595958431699231f,-0.9748388107937035f,0.516801055617597f,-0.12077359722232547f,0.9763843999820966f,-0.17912912014962862f,-0.1337159301631461f,0.9804056703226373f,0.1456113673944515f,0.13267272245920878f,-0.22399645176653382f,0f,0f,0f,1f], start_interpolation: 0, interpolation_duration: 1 }
$data merge entity $(bone_right_hand) { transformation: [-0.1856712644195261f,0.025900197527651825f,-0.982270513319464f,0.4599837506096496f,-0.19677036019110122f,0.9784239019957268f,0.06299280398362989f,-0.11523499212640664f,0.9627084745233723f,0.20497767627594077f,-0.17656881182529638f,0.3983976071089459f,0f,0f,0f,1f], start_interpolation: 0, interpolation_duration: 1 }
$data merge entity $(bone_right_forearm) { transformation: [-0.37158970370981065f,-0.7838251989863558f,-1.803570326257731f,-1.7351849942999478f,-0.3938026709242068f,1.8279661520626411f,-0.7132923492599798f,-0.009475474537674833f,1.9266985547034536f,0.22245129033984098f,-0.49363435350097323f,-0.019838472417994968f,0f,0f,0f,1f], start_interpolation: 0, interpolation_duration: 1 }
$data merge entity $(bone_right_bicep) { transformation: [-2.18333454854676f,-1.1523106385893884f,-0.0335193079417732f,-2.783045674540876f,-0.6061089143213213f,1.2085166879768803f,-2.0659168670473362f,1.8648770330060889f,0.980599477764193f,-1.8186700387272479f,-1.3515757681807867f,-3.3749685816997896f,0f,0f,0f,1f], start_interpolation: 0, interpolation_duration: 1 }
$data merge entity $(bone_right_shoulder) { transformation: [-1.0901494032118024f,-0.5753542240280861f,-0.01673635108880525f,-1.3743293749999999f,-0.30263308555646706f,0.6034181738416642f,-1.031522192142244f,1.1041742177024463f,0.48961801854231307f,-0.9080706658891738f,-0.6748482581648033f,-1.8221057615429386f,0f,0f,0f,1f], start_interpolation: 0, interpolation_duration: 1 }
$data merge entity $(bone_chest) { transformation: [-4.0674850000000005f,1.4835327525185497e-16f,4.755187446367554e-16f,1.6028320035022444e-16f,0f,3.88290521779692f,-1.2113964234842594f,1.4621517805906867f,-4.981232485829872e-16f,-1.2113964234842594f,-3.88290521779692f,-1.3088116546078414f,0f,0f,0f,1f], start_interpolation: 0, interpolation_duration: 1 }
$data merge entity $(bone_weist) { transformation: [-1.0999999999999999f,1.133554971640799e-17f,1.342333739531094e-16f,4.273972148105259e-16f,0f,1.0960986796076055f,-0.0925617878093524f,0.9306018035364372f,-1.3471114790620883e-16f,-0.0925617878093524f,-1.0960986796076055f,-3.4899631069798778f,0f,0f,0f,1f], start_interpolation: 0, interpolation_duration: 1 }
$data merge entity $(bone_right_fingers2) { transformation: [-0.9959888773987856f,-0.02597653166861528f,-0.08562345414882735f,1.1810384139167431f,0.021787017027777494f,-0.99853616663022f,0.04950605842174299f,-0.023639172128869235f,-0.08678411137378919f,0.047442003898392815f,0.9950968667819065f,-10.31985323096388f,0f,0f,0f,1f], start_interpolation: 0, interpolation_duration: 1 }
$data merge entity $(bone_left_foot) { transformation: [-0.9959888773987856f,-0.06662304658821536f,0.05972876828808206f,1.1088859304648473f,0.021787017027777494f,0.46686734527960194f,0.8840589390988637f,0.2545885164010698f,-0.08678411137378919f,0.8818141819991794f,-0.4635431656687221f,-9.366325320469173f,0f,0f,0f,1f], start_interpolation: 0, interpolation_duration: 1 }
$data merge entity $(bone_left_knee) { transformation: [-1.578656480519505f,0.06411421384610604f,0.12650293526512943f,0.9421289774836136f,0.03453273063843522f,1.545023501180305f,-0.3521076253778556f,0.1289187421347413f,-0.13755404596903367f,-0.3479391569189573f,-1.5402230799641012f,-7.2990606674535705f,0f,0f,0f,1f], start_interpolation: 0, interpolation_duration: 1 }
$data merge entity $(bone_left_thigh) { transformation: [-1.597220883203487f,-0.1427997888568489f,-0.014060016793127282f,0.7385400000000005f,0.03493882247998547f,-0.5394459103354848f,1.5097951523359525f,0.4612560881241736f,-0.13917162948494827f,1.5034328530519312f,0.5403933080837927f,-5.228737900918066f,0f,0f,0f,1f], start_interpolation: 0, interpolation_duration: 1 }
$data merge entity $(bone_left_fingers2) { transformation: [-0.9959888773987856f,0.02597653166861527f,0.08562345414882713f,-1.1778346810245766f,-0.021787017027777494f,-0.99853616663022f,0.04950605842174299f,-0.06644942485479921f,0.08678411137378894f,0.047442003898392815f,0.9950968667819065f,-10.274815559571252f,0f,0f,0f,1f], start_interpolation: 0, interpolation_duration: 1 }
$data merge entity $(bone_right_foot) { transformation: [-0.9959888773987856f,0.06662304658821516f,-0.05972876828808196f,-1.105682197572681f,-0.021787017027777494f,0.46686734527960194f,0.8840589390988637f,0.2117782636751398f,0.08678411137378894f,0.8818141819991794f,-0.4635431656687221f,-9.321287649076545f,0f,0f,0f,1f], start_interpolation: 0, interpolation_duration: 1 }
$data merge entity $(bone_right_knee) { transformation: [-1.578656480519505f,-0.06411421384610595f,-0.12650293526512907f,-0.9398529617148641f,-0.03453273063843522f,1.545023501180305f,-0.3521076253778556f,0.11721537200912158f,0.13755404596903326f,-0.3479391569189573f,-1.5402230799641012f,-7.256860724667052f,0f,0f,0f,1f], start_interpolation: 0, interpolation_duration: 1 }
$data merge entity $(bone_right_thigh) { transformation: [-1.597220883203487f,0.14279978885684855f,0.014060016793127149f,-0.7385399999999994f,-0.03493882247998547f,-0.5394459103354848f,1.5097951523359525f,0.444962615305309f,0.13917162948494788f,1.5034328530519312f,0.5403933080837927f,-5.2138112803852f,0f,0f,0f,1f], start_interpolation: 0, interpolation_duration: 1 }