# This file was generated by Animated Java via MC-Build. It is not recommended to edit this file directly.
$data merge entity $(bone_left_fingers_2) { transformation: [-0.2846220916664323f,-0.012188842297464142f,0.9585623073430712f,-1.5332065409687967f,0.23003659576589416f,0.9698355497110587f,0.08063604110499728f,0.13344409685706426f,-0.930630662262889f,0.2434552086937056f,-0.2732327429427898f,0.7569981045605332f,0f,0f,0f,1f], start_interpolation: 0, interpolation_duration: 1 }
$data merge entity $(bone_left_fingers) { transformation: [-0.2846220916664323f,-0.012188842297464142f,0.9585623073430712f,-0.9769230657707626f,0.23003659576589416f,0.9698355497110587f,0.08063604110499728f,0.1823633005753522f,-0.930630662262889f,0.2434552086937056f,-0.2732327429427898f,0.6137325056652538f,0f,0f,0f,1f], start_interpolation: 0, interpolation_duration: 1 }
$data merge entity $(bone_left_index_finger_2) { transformation: [-0.2846220916664323f,-0.012188842297464142f,0.9585623073430712f,-1.6603970381822335f,0.23003659576589416f,0.9698355497110587f,0.08063604110499728f,0.23624170058994828f,-0.930630662262889f,0.2434552086937056f,-0.2732327429427898f,0.3411225273618044f,0f,0f,0f,1f], start_interpolation: 0, interpolation_duration: 1 }
$data merge entity $(bone_left_index_finger) { transformation: [-0.2846220916664323f,-0.012188842297464142f,0.9585623073430712f,-1.108027116744613f,0.23003659576589416f,0.9698355497110587f,0.08063604110499728f,0.28832390750001724f,-0.930630662262889f,0.2434552086937056f,-0.2732327429427898f,0.18506075686041037f,0f,0f,0f,1f], start_interpolation: 0, interpolation_duration: 1 }
$data merge entity $(bone_left_thumb) { transformation: [-0.2846220916664323f,0.19557093767052264f,0.9384787015559264f,-0.44310194403660236f,0.23003659576589416f,0.9642994083521348f,-0.13118618700214163f,0.15754990824100404f,-0.930630662262889f,0.17854595876242854f,-0.3194493873303587f,-0.33252596534237133f,0f,0f,0f,1f], start_interpolation: 0, interpolation_duration: 1 }
$data merge entity $(bone_left_hand) { transformation: [-0.2846220916664323f,-0.012188842297464142f,0.9585623073430712f,-0.32307917792785923f,0.23003659576589416f,0.9698355497110587f,0.08063604110499728f,0.15369624964529294f,-0.930630662262889f,0.2434552086937056f,-0.2732327429427898f,0.28108938703533093f,0f,0f,0f,1f], start_interpolation: 0, interpolation_duration: 1 }
$data merge entity $(bone_left_forearm) { transformation: [-0.43668019425932736f,0.5908184499058755f,1.861602105860205f,1.8430891477549312f,-0.021133514276640418f,1.9060235278103754f,-0.6098738552834541f,0.3972652431497432f,-1.952993142810965f,-0.15272951265162577f,-0.4096460831611133f,-0.22215424776798232f,0f,0f,0f,1f], start_interpolation: 0, interpolation_duration: 1 }
$data merge entity $(bone_left_bicep) { transformation: [-2.2376420890991557f,1.034710488070723f,0.13500070243326662f,2.69880325061268f,0.2712325767662467f,0.8851903275260743f,-2.2888346545882436f,1.620806009161923f,-1.0076129579763111f,-2.059540092501185f,-0.9159169378210564f,-3.9152269893904603f,0f,0f,0f,1f], start_interpolation: 0, interpolation_duration: 1 }
$data merge entity $(bone_left_shoulder) { transformation: [-1.1172654184658555f,0.5166359053027799f,0.06740649768435972f,1.3743293750000003f,0.135427725398351f,0.44197977260228516f,-1.1428261117430063f,1.1057806225220201f,-0.5031059786680371f,-1.0283382380521435f,-0.4573217163726945f,-2.1962007743592693f,0f,0f,0f,1f], start_interpolation: 0, interpolation_duration: 1 }
$data merge entity $(bone_right_fingers_2) { transformation: [-0.1853548874398854f,-0.35116842748042787f,-0.9177822733323362f,1.6777538112211272f,-0.196398859772545f,0.928361278757082f,-0.3155516185738232f,0.11030527963945184f,0.9628452905748626f,0.12176235725970007f,-0.24104537907284068f,0.4110668844308556f,0f,0f,0f,1f], start_interpolation: 0, interpolation_duration: 1 }
$data merge entity $(bone_right_fingers) { transformation: [-0.1853548874398854f,-0.35116842748042787f,-0.9177822733323362f,1.1442324493539422f,-0.196398859772545f,0.928361278757082f,-0.3155516185738232f,-0.06888569870493046f,0.9628452905748626f,0.12176235725970007f,-0.24104537907284068f,0.28608969756401714f,0f,0f,0f,1f], start_interpolation: 0, interpolation_duration: 1 }
$data merge entity $(bone_right_index_finger_2) { transformation: [-0.1853548874398854f,-0.31080109245249715f,-0.9322264996407696f,1.7686749283558645f,-0.196398859772545f,0.9412418528120525f,-0.27475673312037097f,0.1744841466587491f,0.9628452905748626f,0.13216071823832065f,-0.23550475785541897f,-0.022458287629010115f,0f,0f,0f,1f], start_interpolation: 0, interpolation_duration: 1 }
$data merge entity $(bone_right_index_finger) { transformation: [-0.1853548874398854f,-0.31080109245249715f,-0.9322264996407696f,1.2296146140890545f,-0.196398859772545f,0.9412418528120525f,-0.27475673312037097f,0.021580326900301983f,0.9628452905748626f,0.13216071823832065f,-0.23550475785541897f,-0.15742036409310636f,0f,0f,0f,1f], start_interpolation: 0, interpolation_duration: 1 }
$data merge entity $(bone_right_thumb) { transformation: [-0.1853548874398854f,-0.05893282958243411f,-0.9809028939194518f,0.5165973005310759f,-0.196398859772545f,0.9802820897170379f,-0.021783306912436573f,-0.13324922477371273f,0.9628452905748626f,0.18861056751254654f,-0.19327441693199707f,-0.5987336991268217f,0f,0f,0f,1f], start_interpolation: 0, interpolation_duration: 1 }
$data merge entity $(bone_right_hand) { transformation: [-0.1853548874398854f,0.026782747909311955f,-0.982306596799886f,0.4601009129378544f,-0.196398859772545f,0.9784503607038636f,0.06373679877844035f,-0.11457867961378054f,0.9628452905748626f,0.20473782272190283f,-0.17610045532281565f,0.023683913634036324f,0f,0f,0f,1f], start_interpolation: 0, interpolation_duration: 1 }
$data merge entity $(bone_right_forearm) { transformation: [-0.3709565285736751f,-0.7822549289794839f,-1.804382235620389f,-1.7351880765805205f,-0.3930591755271622f,1.8286434136052823f,-0.7119652538140393f,-0.007161955347684712f,1.9269723689428027f,0.22241237418786863f,-0.49258197019951866f,-0.3934973566238402f,0f,0f,0f,1f], start_interpolation: 0, interpolation_duration: 1 }
$data merge entity $(bone_right_bicep) { transformation: [-2.183335495340821f,-1.152239155923134f,-0.03583496939384815f,-2.783201141624885f,-0.6041362419864682f,1.209015002349259f,-2.066203094543697f,1.8672485172841933f,0.9818139429608753f,-1.8183841052816725f,-1.3510787281856123f,-3.7485474864317547f,0f,0f,0f,1f], start_interpolation: 0, interpolation_duration: 1 }
$data merge entity $(bone_right_shoulder) { transformation: [-1.0901498759506145f,-0.5753185323902612f,-0.01789257194909455f,-1.3743293749999999f,-0.3016481208061021f,0.6036669845958484f,-1.0316651069028555f,1.1057806225220201f,0.4902244068350582f,-0.9079278979495286f,-0.6746000837132643f,-2.1962007743592697f,0f,0f,0f,1f], start_interpolation: 0, interpolation_duration: 1 }
$data merge entity $(bone_chest) { transformation: [-4.0674850000000005f,1.493082248572501e-16f,4.752197647077038e-16f,2.0618482067240396e-16f,0f,3.880463861405348f,-1.2191941787722327f,1.4647885973294006f,-4.981232485829872e-16f,-1.2191941787722327f,-3.880463861405348f,-1.6836268286983471f,0f,0f,0f,1f], start_interpolation: 0, interpolation_duration: 1 }
$data merge entity $(bone_weist) { transformation: [-1.0999999999999999f,1.1605182436844299e-17f,1.3421033160981322e-16f,4.731675274396521e-16f,0f,1.0959105245957912f,-0.09476350605680167f,0.9288580724259712f,-1.3471114790620883e-16f,-0.09476350605680167f,-1.0959105245957912f,-3.8637060723882986f,0f,0f,0f,1f], start_interpolation: 0, interpolation_duration: 1 }
$data merge entity $(bone_right_fingers2) { transformation: [-0.9959888106242804f,-0.025976329985794536f,-0.08562429206539834f,1.1810427567807507f,0.021786694285548323f,-0.9985361279128921f,0.0495069813747141f,-0.0236438930715705f,-0.08678495873905556f,0.047442929222354435f,0.9950967487653969f,-10.694852403857475f,0f,0f,0f,1f], start_interpolation: 0, interpolation_duration: 1 }
$data merge entity $(bone_left_foot) { transformation: [-0.9959888106242804f,-0.06662389123337166f,0.059728939620215825f,1.1088894146991943f,0.021786694285548323f,0.46686816539641696f,0.8840585139522676f,0.2545846822445985f,-0.08678495873905556f,0.8818136839810935f,-0.46354395442110197f,-9.741324817088541f,0f,0f,0f,1f], start_interpolation: 0, interpolation_duration: 1 }
$data merge entity $(bone_left_knee) { transformation: [-1.578656374680968f,0.06411412965630346f,0.1265042987079305f,0.942130776154781f,0.0345322190874298f,1.5450231867163062f,-0.35210905539039333f,0.12891682805256255f,-0.1375553890549852f,-0.3479405688065592f,-1.540222641066715f,-7.674060183319309f,0f,0f,0f,1f], start_interpolation: 0, interpolation_duration: 1 }
$data merge entity $(bone_left_thigh) { transformation: [-1.597220776120329f,-0.1428009065283249f,-0.014060829825192618f,0.7385400000000006f,0.03493830491333385f,-0.5394445191440247f,1.509795661381488f,0.4612560881241736f,-0.13917298836508224f,1.5034332460642443f,0.5403918647142758f,-5.603737900918066f,0f,0f,0f,1f], start_interpolation: 0, interpolation_duration: 1 }
$data merge entity $(bone_left_fingers2) { transformation: [-0.9959888106242804f,0.025976329985794532f,0.08562429206539812f,-1.1778390052969032f,-0.021786694285548323f,-0.9985361279128921f,0.0495069813747141f,-0.06645411801741186f,0.08678495873905531f,0.047442929222354435f,0.9950967487653969f,-10.649814709978923f,0f,0f,0f,1f], start_interpolation: 0, interpolation_duration: 1 }
$data merge entity $(bone_right_foot) { transformation: [-0.9959888106242804f,0.06662389123337145f,-0.05972893962021573f,-1.1056856632153471f,-0.021786694285548323f,0.46686816539641696f,0.8840585139522676f,0.21177445729875716f,0.08678495873905531f,0.8818136839810935f,-0.46354395442110197f,-9.696287123209988f,0f,0f,0f,1f], start_interpolation: 0, interpolation_duration: 1 }
$data merge entity $(bone_right_knee) { transformation: [-1.578656374680968f,-0.06411412965630339f,-0.12650429870793017f,-0.9398547366401049f,-0.0345322190874298f,1.5450231867163062f,-0.35210905539039333f,0.11721348324003933f,0.1375553890549848f,-0.3479405688065592f,-1.540222641066715f,-7.631860246774658f,0f,0f,0f,1f], start_interpolation: 0, interpolation_duration: 1 }
$data merge entity $(bone_right_thigh) { transformation: [-1.597220776120329f,0.14280090652832453f,0.014060829825192484f,-0.7385399999999993f,-0.03493830491333385f,-0.5394445191440247f,1.509795661381488f,0.444962615305309f,0.13917298836508182f,1.5034332460642443f,0.5403918647142758f,-5.5888112803852f,0f,0f,0f,1f], start_interpolation: 0, interpolation_duration: 1 }