# This file was generated by Animated Java via MC-Build. It is not recommended to edit this file directly.
$data merge entity $(bone_left_fingers_2) { transformation: [-0.3970617361192968f,0.2086195627771936f,0.8937672268194794f,-1.4990919601070742f,0.22063642363961794f,0.9669622665389924f,-0.1276853306112099f,0.25245205141101934f,-0.8908768412488054f,0.14649864544229585f,-0.42997279054624327f,1.2213647576176465f,0f,0f,0f,1f], start_interpolation: 0, interpolation_duration: 1 }
$data merge entity $(bone_left_fingers) { transformation: [-0.3970617361192968f,0.2086195627771936f,0.8937672268194794f,-0.9773280234778422f,0.22063642363961794f,0.9669622665389924f,-0.1276853306112099f,0.1814237237986387f,-0.8908768412488054f,0.14649864544229585f,-0.42997279054624327f,0.9866589924404547f,0f,0f,0f,1f], start_interpolation: 0, interpolation_duration: 1 }
$data merge entity $(bone_left_index_finger_2) { transformation: [-0.00968133827460399f,0.22808568097883689f,0.9735929302442747f,-1.6709036924391998f,0.24410844325070857f,0.9447202688701325f,-0.2188942245004662f,0.40878992745165516f,-0.9696996130879544f,0.2355430655280795f,-0.06482379700932836f,0.5941770469207835f,0f,0f,0f,1f], start_interpolation: 0, interpolation_duration: 1 }
$data merge entity $(bone_left_index_finger) { transformation: [-0.00968133827460399f,0.22808568097883689f,0.9735929302442747f,-1.1084814562831635f,0.24410844325070857f,0.9447202688701325f,-0.2188942245004662f,0.2881010138661212f,-0.9696996130879544f,0.2355430655280795f,-0.06482379700932836f,0.558180144103412f,0f,0f,0f,1f], start_interpolation: 0, interpolation_duration: 1 }
$data merge entity $(bone_left_thumb) { transformation: [-0.2847292978134521f,0.1986195484906361f,0.9378056845232037f,-0.4443969439984425f,0.23159248861325904f,0.9635727865694429f,-0.13376249175578542f,0.15572165587783646f,-0.9302118824142036f,0.17910265196298727f,-0.32035619843425717f,0.039922674011790615f,0f,0f,0f,1f], start_interpolation: 0, interpolation_duration: 1 }
$data merge entity $(bone_left_hand) { transformation: [-0.2847292978134521f,-0.009066828179788489f,0.9585650836502533f,-0.3238591920940641f,0.23159248861325904f,0.9696837661721958f,0.0779635353227659f,0.15104452254712075f,-0.9302118824142036f,0.24419497588784445f,-0.27399756854132695f,0.6534313459409032f,0f,0f,0f,1f], start_interpolation: 0, interpolation_duration: 1 }
$data merge entity $(bone_left_forearm) { transformation: [-0.4383852251209153f,0.5964384904676983f,1.8594079581509255f,1.842610009306626f,-0.018439651844327113f,1.9043395586744638f,-0.6151985515734776f,0.3884318315320392f,-1.9526384219783859f,-0.15188945225675804f,-0.4116445319175244f,0.1485316621686108f,0f,0f,0f,1f], start_interpolation: 0, interpolation_duration: 1 }
$data merge entity $(bone_left_bicep) { transformation: [-2.2376605458286507f,1.0356434279532325f,0.12732271780073673f,2.6989043250156852f,0.27869216526985413f,0.8835158527564745f,-2.2885854840128355f,1.6119877145089818f,-1.00553421689572f,-2.05979016668066f,-0.9176374614119858f,-3.5444015829571596f,0f,0f,0f,1f], start_interpolation: 0, interpolation_duration: 1 }
$data merge entity $(bone_left_shoulder) { transformation: [-1.117274633999342f,0.517101726657014f,0.06357284316238411f,1.3743293750000003f,0.13915233368654303f,0.44114369932529357f,-1.1427016996806132f,1.099749190147679f,-0.5020680532846153f,-1.0284631012883776f,-0.45818078204685414f,-1.8246207190155883f,0f,0f,0f,1f], start_interpolation: 0, interpolation_duration: 1 }
$data merge entity $(bone_right_fingers_2) { transformation: [-0.18650699793082737f,-0.35421451375501956f,-0.9163772247105038f,1.6760173394847113f,-0.19777259460383473f,0.9271853834499242f,-0.31814032366313444f,0.1113198421936679f,0.9623414885301879f,0.12189890467970464f,-0.24298048582425438f,0.7873344089373056f,0f,0f,0f,1f], start_interpolation: 0, interpolation_duration: 1 }
$data merge entity $(bone_right_fingers) { transformation: [-0.18650699793082737f,-0.35421451375501956f,-0.9163772247105038f,1.1432722819181143f,-0.19777259460383473f,0.9271853834499242f,-0.31814032366313444f,-0.06938876390259992f,0.9623414885301879f,0.12189890467970464f,-0.24298048582425438f,0.6612358330258852f,0f,0f,0f,1f], start_interpolation: 0, interpolation_duration: 1 }
$data merge entity $(bone_right_index_finger_2) { transformation: [-0.18650699793082737f,-0.31390556688801574f,-0.9309556567310516f,1.7675309942769024f,-0.19777259460383473f,0.9401799944267353f,-0.2773942661689512f,0.17614007712692f,0.9623414885301879f,0.13238154386642104f,-0.23743206669918296f,0.354029389981583f,0f,0f,0f,1f], start_interpolation: 0, interpolation_duration: 1 }
$data merge entity $(bone_right_index_finger) { transformation: [-0.18650699793082737f,-0.31390556688801574f,-0.9309556567310516f,1.2291851371343387f,-0.19777259460383473f,0.9401799944267353f,-0.2773942661689512f,0.021710047189443138f,0.9623414885301879f,0.13238154386642104f,-0.23743206669918296f,0.21795784060918716f,0f,0f,0f,1f], start_interpolation: 0, interpolation_duration: 1 }
$data merge entity $(bone_right_thumb) { transformation: [0.1545917651997717f,-0.16198116443012656f,-0.9746094030442547f,0.5174464558652938f,-0.12102068779142307f,0.9759348751545065f,-0.18139766421772974f,-0.13491722106928908f,0.9805383109592963f,0.14599048539893827f,0.13126842314156456f,-0.22478281440998038f,0f,0f,0f,1f], start_interpolation: 0, interpolation_duration: 1 }
$data merge entity $(bone_right_hand) { transformation: [-0.18650699793082737f,0.023430842316710443f,-0.9821741878868328f,0.45976146757103464f,-0.19777259460383473f,0.9783546296461629f,0.06089515147847274f,-0.11694271199238904f,0.9623414885301879f,0.20560450938208613f,-0.17783600640830322f,0.3975462584216799f,0f,0f,0f,1f], start_interpolation: 0, interpolation_duration: 1 }
$data merge entity $(bone_right_forearm) { transformation: [-0.3732622833026501f,-0.7882226980641057f,-1.80130703056053f,-1.7350819890704545f,-0.39580847397423574f,1.826066311671955f,-0.7170385272309497f,-0.015856523187251836f,1.9259640941669813f,0.22251646199749872f,-0.49646299393432824f,-0.023542919398805928f,0f,0f,0f,1f], start_interpolation: 0, interpolation_duration: 1 }
$data merge entity $(bone_right_bicep) { transformation: [-2.1832712988686604f,-1.1526000553416287f,-0.027067520239016714f,-2.7826811220845182f,-0.6116426165558669f,1.2070792533655716f,-2.065126167670191f,1.8582698283337706f,0.9772987505558922f,-1.8194410930859923f,-1.3529280703869677f,-3.3788810324632f,0f,0f,0f,1f], start_interpolation: 0, interpolation_duration: 1 }
$data merge entity $(bone_right_shoulder) { transformation: [-1.090117822344418f,-0.5754987311994422f,-0.013514942570128757f,-1.3743293749999999f,-0.30539608960115505f,0.6027004558516671f,-1.0311273921539925f,1.099749190147679f,0.4879699496292419f,-0.9084556570255934f,-0.675523469136943f,-1.8246207190155888f,0f,0f,0f,1f], start_interpolation: 0, interpolation_duration: 1 }
$data merge entity $(bone_chest) { transformation: [-4.0674850000000005f,1.4571402939888231e-16f,4.763341184664502e-16f,1.6034905007025115e-16f,0f,3.8895632503844584f,-1.189845345615847f,1.4548748026452325f,-4.981232485829872e-16f,-1.189845345615847f,-3.8895632503844584f,-1.3093493583773899f,0f,0f,0f,1f], start_interpolation: 0, interpolation_duration: 1 }
$data merge entity $(bone_weist) { transformation: [-1.0999999999999999f,1.059099114434753e-17f,1.3429417067314884e-16f,4.278199444181016e-16f,0f,1.0965951225010317f,-0.08648200568295603f,0.9354284620284913f,-1.3471114790620883e-16f,-0.08648200568295603f,-1.0965951225010317f,-3.493414956181378f,0f,0f,0f,1f], start_interpolation: 0, interpolation_duration: 1 }
$data merge entity $(bone_right_fingers2) { transformation: [-0.9959933360686265f,-0.025990007696315393f,-0.08556748218122107f,1.1807483141544053f,0.021808576197333618f,-0.9985387507774751f,0.04944440514360593f,-0.023323812553796675f,-0.08672750723463235f,0.04738019307374558f,0.9951047466438706f,-10.319908462813812f,0f,0f,0f,1f], start_interpolation: 0, interpolation_duration: 1 }
$data merge entity $(bone_left_foot) { transformation: [-0.9959933360686265f,-0.06656662354271622f,0.059717326941269015f,1.1086531871563712f,0.021808576197333618f,0.466812560541351f,0.8840873369328807f,0.254844638136285f,-0.08672750723463235f,0.8818474459627074f,-0.46349047621058725f,-9.366358931153705f,0f,0f,0f,1f], start_interpolation: 0, interpolation_duration: 1 }
$data merge entity $(bone_left_knee) { transformation: [-1.5786635475743673f,0.06411984360464217f,0.12641185763233426f,0.9420088271669631f,0.034566902227603245f,1.5450445039932468f,-0.352012099912314f,0.12904660336136942f,-0.1374643276065781f,-0.347844843098767f,-1.540252392401743f,-7.299092999815905f,0f,0f,0f,1f], start_interpolation: 0, interpolation_duration: 1 }
$data merge entity $(bone_left_thigh) { transformation: [-1.5972280333642397f,-0.14272513189409347f,-0.01400570142220205f,0.7385400000000005f,0.034973395914108044f,-0.5395388406223066f,1.5097611448667243f,0.4612560881241736f,-0.13908085606850892f,1.5034065949359345f,0.5404897217241971f,-5.228737900918066f,0f,0f,0f,1f], start_interpolation: 0, interpolation_duration: 1 }
$data merge entity $(bone_left_fingers2) { transformation: [-0.9959933360686265f,0.02599000769631539f,0.08556748218122082f,-1.1775458230604419f,-0.021808576197333618f,-0.9985387507774751f,0.04944440514360593f,-0.06613592092946369f,0.0867275072346321f,0.04738019307374558f,0.9951047466438706f,-10.274872293563607f,0f,0f,0f,1f], start_interpolation: 0, interpolation_duration: 1 }
$data merge entity $(bone_right_foot) { transformation: [-0.9959933360686265f,0.066566623542716f,-0.05971732694126891f,-1.105450696062408f,-0.021808576197333618f,0.466812560541351f,0.8840873369328807f,0.21203252976061798f,0.0867275072346321f,0.8818474459627074f,-0.46349047621058725f,-9.3213227619035f,0f,0f,0f,1f], start_interpolation: 0, interpolation_duration: 1 }
$data merge entity $(bone_right_knee) { transformation: [-1.5786635475743673f,-0.06411984360464208f,-0.12641185763233387f,-0.9397343976140884f,-0.034566902227603245f,1.5450445039932468f,-0.352012099912314f,0.11734154231334748f,0.1374643276065777f,-0.347844843098767f,-1.540252392401743f,-7.256892640175687f,0f,0f,0f,1f], start_interpolation: 0, interpolation_duration: 1 }
$data merge entity $(bone_right_thigh) { transformation: [-1.5972280333642397f,0.1427251318940931f,0.014005701422201916f,-0.7385399999999994f,-0.034973395914108044f,-0.5395388406223066f,1.5097611448667243f,0.444962615305309f,0.13908085606850853f,1.5034065949359345f,0.5404897217241971f,-5.2138112803852f,0f,0f,0f,1f], start_interpolation: 0, interpolation_duration: 1 }