# This file was generated by Animated Java via MC-Build. It is not recommended to edit this file directly.
$data merge entity $(bone_left_fingers_2) { transformation: [-0.29988436384412187f,0.011158125765724586f,0.9539103021517289f,-1.529462253517511f,0.22508955478782547f,0.9725265817163705f,0.05938636359039086f,0.14743753268631885f,-0.9270404849019404f,0.23252428708517284f,-0.29415709284038555f,1.1490080592893348f,0f,0f,0f,1f], start_interpolation: 0, interpolation_duration: 1 }
$data merge entity $(bone_left_fingers) { transformation: [-0.29988436384412187f,0.011158125765724586f,0.9539103021517289f,-0.9755149268130274f,0.22508955478782547f,0.9725265817163705f,0.05938636359039086f,0.18419367016794763f,-0.9270404849019404f,0.23252428708517284f,-0.29415709284038555f,0.9935707063395246f,0f,0f,0f,1f], start_interpolation: 0, interpolation_duration: 1 }
$data merge entity $(bone_left_index_finger_2) { transformation: [-0.24840429301576858f,0.01162983731409976f,0.9685866270475677f,-1.6648587008173514f,0.2296160684651469f,0.9721353828635108f,0.04721502395873625f,0.2556983066575088f,-0.9410482284739423f,0.23413146791677247f,-0.24415300001677667f,0.7038439453533708f,0f,0f,0f,1f], start_interpolation: 0, interpolation_duration: 1 }
$data merge entity $(bone_left_index_finger) { transformation: [-0.24840429301576858f,0.01162983731409976f,0.9685866270475677f,-1.1065737684771577f,0.2296160684651469f,0.9721353828635108f,0.04721502395873625f,0.28853255339882866f,-0.9410482284739423f,0.23413146791677247f,-0.24415300001677667f,0.5644875348065581f,0f,0f,0f,1f], start_interpolation: 0, interpolation_duration: 1 }
$data merge entity $(bone_left_thumb) { transformation: [-0.28452394391127334f,0.18842164078039364f,0.9399698987876149f,-0.4397876142592714f,0.22651589303854744f,0.9659449877618559f,-0.12506330724356102f,0.16162751503030737f,-0.9315238459331697f,0.17733461563770436f,-0.317514973748489f,0.048333802897547073f,0f,0f,0f,1f], start_interpolation: 0, interpolation_duration: 1 }
$data merge entity $(bone_left_hand) { transformation: [-0.28452394391127334f,-0.01949142645814428f,0.9584707661873687f,-0.3208724320795002f,0.22651589303854744f,0.9701168885870315f,0.08696995273751951f,0.1596131103836418f,-0.9315238459331697f,0.24185389550892872f,-0.27160636532495375f,0.6621735518252696f,0f,0f,0f,1f], start_interpolation: 0, interpolation_duration: 1 }
$data merge entity $(bone_left_forearm) { transformation: [-0.4329184541019156f,0.5776134789661345f,1.866617988332198f,1.8444445205341f,-0.027370694564876816f,1.9099044113046728f,-0.5973561903158627f,0.417679776442742f,-1.9537530270041141f,-0.15474573320865423f,-0.4052422742960958f,0.16250434489783006f,0f,0f,0f,1f], start_interpolation: 0, interpolation_duration: 1 }
$data merge entity $(bone_left_bicep) { transformation: [-2.2376415989711234f,1.0322239870491638f,0.15286208752776098f,2.6982973514929345f,0.2537789817785554f,0.8891608677000294f,-2.289297333778955f,1.6412816873117617f,-1.0121508808722428f,-2.0590773891722285f,-0.9119451751274771f,-3.5309789180423916f,0f,0f,0f,1f], start_interpolation: 0, interpolation_duration: 1 }
$data merge entity $(bone_left_shoulder) { transformation: [-1.11726517374258f,0.5153943834267383f,0.07632477285856955f,1.3743293750000003f,0.12671306177870706f,0.4439622823390302f,-1.1430571296802108f,1.1196780110449067f,-0.5053717853169145f,-1.0281072080625975f,-0.4553385962260425f,-1.813547194172524f,0f,0f,0f,1f], start_interpolation: 0, interpolation_duration: 1 }
$data merge entity $(bone_right_fingers_2) { transformation: [-0.18268465772861958f,-0.3442361242606885f,-0.9209385465841663f,1.681666340089067f,-0.1932012023596098f,0.9310074091420567f,-0.3096748286984201f,0.10829705211868756f,0.9640018730466129f,0.12135359441143254f,-0.23658760298470244f,0.7829945930867255f,0f,0f,0f,1f], start_interpolation: 0, interpolation_duration: 1 }
$data merge entity $(bone_right_fingers) { transformation: [-0.18268465772861958f,-0.3442361242606885f,-0.9209385465841663f,1.146402751767317f,-0.1932012023596098f,0.9310074091420567f,-0.3096748286984201f,-0.0674477076278859f,0.9640018730466129f,0.12135359441143254f,-0.23658760298470244f,0.6606000753813794f,0f,0f,0f,1f], start_interpolation: 0, interpolation_duration: 1 }
$data merge entity $(bone_right_index_finger_2) { transformation: [-0.18268465772861958f,-0.30373771254374793f,-0.9350773860003612f,1.7712174279648076f,-0.1932012023596098f,0.9436291226931953f,-0.2687701140604578f,0.17098516827273375f,0.9640018730466129f,0.13155789897973383f,-0.23106905456737345f,0.34896642110272447f,0f,0f,0f,1f], start_interpolation: 0, interpolation_duration: 1 }
$data merge entity $(bone_right_index_finger) { transformation: [-0.18268465772861958f,-0.30373771254374793f,-0.9350773860003612f,1.2305549427639857f,-0.1932012023596098f,0.9436291226931953f,-0.2687701140604578f,0.02154537690002528f,0.9640018730466129f,0.13155789897973383f,-0.23106905456737345f,0.2165572505418894f,0f,0f,0f,1f], start_interpolation: 0, interpolation_duration: 1 }
$data merge entity $(bone_right_thumb) { transformation: [0.15926377207133877f,-0.1513862145304898f,-0.9755599750685433f,0.5146485260267104f,-0.11980101635937072f,0.9779065291954562f,-0.17130830871898123f,-0.12922503433425694f,0.9799401856158723f,0.14415628396648006f,0.1376088602093089f,-0.22147200048392235f,0f,0f,0f,1f], start_interpolation: 0, interpolation_duration: 1 }
$data merge entity $(bone_right_hand) { transformation: [-0.18268465772861958f,0.03439521444868371f,-0.9825697354659393f,0.4608821044632958f,-0.1932012023596098f,0.9786461162860902f,0.0701788749194025f,-0.10892909622298674f,0.9640018730466129f,0.2026542580386137f,-0.17213843400426485f,0.4011365141952672f,0f,0f,0f,1f], start_interpolation: 0, interpolation_duration: 1 }
$data merge entity $(bone_right_forearm) { transformation: [-0.36561251440784037f,-0.7686698314187952f,-1.811298139954198f,-1.7353355380250097f,-0.3866596038198608f,1.8344471818272627f,-0.7004460436653512f,0.012838598073065643f,1.929287073586719f,0.22198423272650522f,-0.48363329118101384f,-0.007119542533314593f,0f,0f,0f,1f], start_interpolation: 0, interpolation_duration: 1 }
$data merge entity $(bone_right_bicep) { transformation: [-2.1833371995658637f,-1.151444282846967f,-0.05574799709394408f,-2.784378271603221f,-0.5870722392843251f,1.2133423160702796f,-2.068583987316918f,1.887787736587973f,0.9921078376581051f,-1.816003741797165f,-1.346753708339099f,-3.361546833301264f,0f,0f,0f,1f], start_interpolation: 0, interpolation_duration: 1 }
$data merge entity $(bone_right_shoulder) { transformation: [-1.0901507268783455f,-0.574921648454087f,-0.027835242108300687f,-1.3743293749999999f,-0.2931279824816626f,0.6058276330743975f,-1.0328538980743989f,1.1196780110449067f,0.4953641977884783f,-0.9067393710543763f,-0.6724405805772498f,-1.8135471941725245f,0f,0f,0f,1f], start_interpolation: 0, interpolation_duration: 1 }
$data merge entity $(bone_chest) { transformation: [-4.0674850000000005f,1.575002401939496e-16f,4.725679264589555e-16f,1.6009261331236507e-16f,0f,3.858809958822214f,-1.2860870603965764f,1.487492350293491f,-4.981232485829872e-16f,-1.2860870603965764f,-3.858809958822214f,-1.3072553933413926f,0f,0f,0f,1f], start_interpolation: 0, interpolation_duration: 1 }
$data merge entity $(bone_weist) { transformation: [-1.0999999999999999f,1.392331616844931e-17f,1.3398968108433526e-16f,4.259009529441778e-16f,0f,1.0941087763232966f,-0.11369250446858037f,0.9139585427884356f,-1.3471114790620883e-16f,-0.11369250446858037f,-1.0941087763232966f,-3.4777452016426826f,0f,0f,0f,1f], start_interpolation: 0, interpolation_duration: 1 }
$data merge entity $(bone_right_fingers2) { transformation: [-0.9959886904280931f,-0.025975966960740417f,-0.08562580031618217f,1.1810505739399166f,0.021786113349523156f,-0.9985360582192874f,0.04950864269004024f,-0.023652390767762377f,-0.0867864839963799f,0.04744459480639368f,0.9950965363316282f,-10.319850915044963f,0f,0f,0f,1f], start_interpolation: 0, interpolation_duration: 1 }
$data merge entity $(bone_left_foot) { transformation: [-0.9959886904280931f,-0.06662541159381917f,0.05972924802210691f,1.1088956863249633f,0.021786113349523156f,0.46686964160564365f,0.8840577486862156f,0.2545777807630425f,-0.0867864839963799f,0.8818127875444832f,-0.4635453741744966f,-9.366323910986555f,0f,0f,0f,1f], start_interpolation: 0, interpolation_duration: 1 }
$data merge entity $(bone_left_knee) { transformation: [-1.5786561841683087f,0.06411397812120197f,0.12650675290535746f,0.9421340137639024f,0.034531298295599984f,1.5450226206773445f,-0.3521116294122624f,0.12891338270523833f,-0.1375578066094521f,-0.34794311020454505f,-1.5402218510448458f,-7.299059311868953f,0f,0f,0f,1f], start_interpolation: 0, interpolation_duration: 1 }
$data merge entity $(bone_left_thigh) { transformation: [-1.5972205833673128f,-0.14280291834086714f,-0.014062293277536234f,0.7385400000000005f,0.03493737329334064f,-0.5394420149979465f,1.5097965776598603f,0.4612560881241736f,-0.13917543434907462f,1.5034339534809624f,0.5403892666453133f,-5.228737900918066f,0f,0f,0f,1f], start_interpolation: 0, interpolation_duration: 1 }
$data merge entity $(bone_left_fingers2) { transformation: [-0.9959886904280931f,0.0259759669607404f,0.08562580031618193f,-1.1778467889909046f,-0.021786113349523156f,-0.9985360582192874f,0.04950864269004024f,-0.06646256570937775f,0.08678648399637966f,0.04744459480639368f,0.9950965363316282f,-10.274813180691833f,0f,0f,0f,1f], start_interpolation: 0, interpolation_duration: 1 }
$data merge entity $(bone_right_foot) { transformation: [-0.9959886904280931f,0.06662541159381898f,-0.0597292480221068f,-1.1056919013759514f,-0.021786113349523156f,0.46686964160564365f,0.8840577486862156f,0.21176760582142712f,0.08678648399637966f,0.8818127875444832f,-0.4635453741744966f,-9.321286176633425f,0f,0f,0f,1f], start_interpolation: 0, interpolation_duration: 1 }
$data merge entity $(bone_right_knee) { transformation: [-1.5786561841683087f,-0.06411397812120188f,-0.1265067529053571f,-0.9398579315065457f,-0.034531298295599984f,1.5450226206773445f,-0.3521116294122624f,0.11721008345628037f,0.1375578066094517f,-0.34794311020454505f,-1.5402218510448458f,-7.256859386559777f,0f,0f,0f,1f], start_interpolation: 0, interpolation_duration: 1 }
$data merge entity $(bone_right_thigh) { transformation: [-1.5972205833673128f,0.14280291834086678f,0.0140622932775361f,-0.7385399999999994f,-0.03493737329334064f,-0.5394420149979465f,1.5097965776598603f,0.444962615305309f,0.1391754343490742f,1.5034339534809624f,0.5403892666453133f,-5.2138112803852f,0f,0f,0f,1f], start_interpolation: 0, interpolation_duration: 1 }