# This file was generated by Animated Java via MC-Build. It is not recommended to edit this file directly.
$data merge entity $(bone_left_fingers_2) { transformation: [-0.28451533479134794f,-0.025884061086256516f,0.9583219916344665f,-1.529966744495241f,0.22342519249967663f,0.970318208180723f,0.0925405761243871f,0.12997704232191704f,-0.9322726037082986f,0.24044248845541838f,-0.27028725852380897f,0.7644260384987636f,0f,0f,0f,1f], start_interpolation: 0, interpolation_duration: 1 }
$data merge entity $(bone_left_fingers) { transformation: [-0.28451533479134794f,-0.025884061086256516f,0.9583219916344665f,-0.9739024546851957f,0.22342519249967663f,0.970318208180723f,0.0925405761243871f,0.18585078865607882f,-0.9322726037082986f,0.24044248845541838f,-0.27028725852380897f,0.6228631366978605f,0f,0f,0f,1f], start_interpolation: 0, interpolation_duration: 1 }
$data merge entity $(bone_left_index_finger_2) { transformation: [-0.28451533479134794f,-0.025884061086256516f,0.9583219916344665f,-1.6571095347301246f,0.22342519249967663f,0.970318208180723f,0.0925405761243871f,0.2298201752202101f,-0.9322726037082986f,0.24044248845541838f,-0.27028725852380897f,0.34781671871661723f,0f,0f,0f,1f], start_interpolation: 0, interpolation_duration: 1 }
$data merge entity $(bone_left_index_finger) { transformation: [-0.28451533479134794f,-0.025884061086256516f,0.9583219916344665f,-1.1049573307734604f,0.22342519249967663f,0.970318208180723f,0.0925405761243871f,0.2887660179512424f,-0.9322726037082986f,0.24044248845541838f,-0.27028725852380897f,0.1934350686147252f,0f,0f,0f,1f], start_interpolation: 0, interpolation_duration: 1 }
$data merge entity $(bone_left_thumb) { transformation: [-0.28451533479134794f,0.18214833641119707f,0.9412082701566116f,-0.4366150997873214f,0.22342519249967663f,0.9673472388525801f,-0.11966830340893003f,0.1652772354445678f,-0.9322726037082986f,0.17624217153372423f,-0.31592165064779537f,-0.3215333984384367f,0f,0f,0f,1f], start_interpolation: 0, interpolation_duration: 1 }
$data merge entity $(bone_left_hand) { transformation: [-0.28451533479134794f,-0.025884061086256516f,0.9583219916344665f,-0.31861900023836665f,0.22342519249967663f,0.970318208180723f,0.0925405761243871f,0.16487031815207576f,-0.9322726037082986f,0.24044248845541838f,-0.27028725852380897f,0.2924868542015952f,0f,0f,0f,1f], start_interpolation: 0, interpolation_duration: 1 }
$data merge entity $(bone_left_forearm) { transformation: [-0.4297832340659711f,0.565969553343696f,1.8709043988815752f,1.8458063807045297f,-0.0328219486888286f,1.9132368782521285f,-0.5863154447317707f,0.4356833649572951f,-1.9543611551478297f,-0.15659356862490637f,-0.40158356896822117f,-0.20429105368932232f,0f,0f,0f,1f], start_interpolation: 0, interpolation_duration: 1 }
$data merge entity $(bone_left_bicep) { transformation: [-2.2376410494258603f,1.0297941959582135f,0.16846231205873574f,2.697628274719541f,0.23843610536971319f,0.8926482352623035f,-2.289589582092887f,1.6593474105267623f,-1.0158759079087967f,-2.0587851137850532f,-0.9084564368623335f,-3.8982226544766903f,0f,0f,0f,1f], start_interpolation: 0, interpolation_duration: 1 }
$data merge entity $(bone_left_shoulder) { transformation: [-1.1172648993519967f,0.5141811770908188f,0.08411403972732859f,1.3743293750000003f,0.11905229006060974f,0.4457035416752706f,-1.143203050663889f,1.131952833036037f,-0.5072317091675905f,-1.0279612735611194f,-0.45359665249129055f,-2.182044253009363f,0f,0f,0f,1f], start_interpolation: 0, interpolation_duration: 1 }
$data merge entity $(bone_right_fingers_2) { transformation: [-0.1804313231859192f,-0.33811043603610813f,-0.9236481314098194f,1.6846489216594644f,-0.19040410380378264f,0.9333039669080819f,-0.30445029579278804f,0.10642801433170396f,0.9649822873338436f,0.12093402497688774f,-0.2327748842440538f,0.40542254267768935f,0f,0f,0f,1f], start_interpolation: 0, interpolation_duration: 1 }
$data merge entity $(bone_right_fingers) { transformation: [-0.1804313231859192f,-0.33811043603610813f,-0.9236481314098194f,1.1478901467973652f,-0.19040410380378264f,0.9333039669080819f,-0.30445029579278804f,-0.0662539689662276f,0.9649822873338436f,0.12093402497688774f,-0.2327748842440538f,0.2852364462329983f,0f,0f,0f,1f], start_interpolation: 0, interpolation_duration: 1 }
$data merge entity $(bone_right_index_finger_2) { transformation: [-0.1804313231859192f,-0.29749966418690654f,-0.9375171931341078f,1.773036912279403f,-0.19040410380378264f,0.9456956037204891f,-0.26345037930968707f,0.16781264277456254f,0.9649822873338436f,0.1309724204266583f,-0.22727826605182866f,-0.029030149600246996f,0f,0f,0f,1f], start_interpolation: 0, interpolation_duration: 1 }
$data merge entity $(bone_right_index_finger) { transformation: [-0.1804313231859192f,-0.29749966418690654f,-0.9375171931341078f,1.2310043960675858f,-0.19040410380378264f,0.9456956037204891f,-0.26345037930968707f,0.02145068420911314f,0.9649822873338436f,0.1309724204266583f,-0.22727826605182866f,-0.1592579924435803f,0f,0f,0f,1f], start_interpolation: 0, interpolation_duration: 1 }
$data merge entity $(bone_right_thumb) { transformation: [-0.1804313231859192f,-0.04471530425629285f,-0.9825706484414468f,0.5126372158267016f,-0.19040410380378264f,0.9816577830464828f,-0.009709492208289164f,-0.12570208467046465f,0.9649822873338436f,0.18533358721379012f,-0.18563579014406573f,-0.5944797705607008f,0f,0f,0f,1f], start_interpolation: 0, interpolation_duration: 1 }
$data merge entity $(bone_right_hand) { transformation: [-0.1804313231859192f,0.04109152564328422f,-0.9827288660325825f,0.4612104790468188f,-0.19040410380378264f,0.9787685168165192f,0.07588456854637493f,-0.10399513767781576f,0.9649822873338436f,0.20080756213125628f,-0.16877650346788442f,0.028278782121644197f,0f,0f,0f,1f], start_interpolation: 0, interpolation_duration: 1 }
$data merge entity $(bone_right_forearm) { transformation: [-0.3611028455708296f,-0.7566585067056953f,-1.817250508701846f,-1.7356607313916352f,-0.38106168307075405f,1.8394950653427595f,-0.6902004567525893f,0.03048564192875336f,1.9312492073377001f,0.22147817282094734f,-0.4759734134885691f,-0.3724007869478707f,0f,0f,0f,1f], start_interpolation: 0, interpolation_duration: 1 }
$data merge entity $(bone_right_bicep) { transformation: [-2.1833391103571143f,-1.1504649728984175f,-0.07316951556427097f,-2.785158260770653f,-0.5719871484446587f,1.2171971251159774f,-2.0705446054873127f,1.905973547519333f,1.0008766826578661f,-1.8140437170675647f,-1.342901471206485f,-3.726384601719589f,0f,0f,0f,1f], start_interpolation: 0, interpolation_duration: 1 }
$data merge entity $(bone_right_shoulder) { transformation: [-1.0901516809455738f,-0.5744326743036614f,-0.036533889769105335f,-1.3743293749999999f,-0.2855959243336322f,0.607752357704189f,-1.033832844122683f,1.131952833036037f,0.49974252411950665f,-0.9057607213139247f,-0.6705171401159862f,-2.182044253009363f,0f,0f,0f,1f], start_interpolation: 0, interpolation_duration: 1 }
$data merge entity $(bone_chest) { transformation: [-4.0674850000000005f,1.6463414526597083e-16f,4.701301617546057e-16f,2.0590929826216919e-16f,0f,3.838904099385461f,-1.344339816023653f,1.5073873746236273f,-4.981232485829872e-16f,-1.344339816023653f,-3.838904099385461f,-1.6813770174839904f,0f,0f,0f,1f], start_interpolation: 0, interpolation_duration: 1 }
$data merge entity $(bone_weist) { transformation: [-1.0999999999999999f,1.5949549842898064e-17f,1.3376361698914018e-16f,4.706242039222251e-16f,0f,1.0922628228993994f,-0.13023795803004393f,0.9010705994337262f,-1.3471114790620883e-16f,-0.13023795803004393f,-1.0922628228993994f,-3.842938259830442f,0f,0f,0f,1f], start_interpolation: 0, interpolation_duration: 1 }
$data merge entity $(bone_right_fingers2) { transformation: [-0.9959885556594943f,-0.025975559938800654f,-0.0856274913867047f,1.1810593386395718f,0.02178546199699079f,-0.9985359800742802f,0.04951050537688756f,-0.023661918486710065f,-0.08678819413314276f,0.04744646228079524f,0.9950962981421171f,-10.694849245738244f,0f,0f,0f,1f], start_interpolation: 0, interpolation_duration: 1 }
$data merge entity $(bone_left_foot) { transformation: [-0.9959885556594943f,-0.06662711623910685f,0.05972959381223812f,1.1089027181538273f,0.02178546199699079f,0.4668712967477311f,0.8840568906573094f,0.2545700427384082f,-0.08678819413314276f,0.8818117824426892f,-0.4635469660178517f,-9.741322895028263f,0f,0f,0f,1f], start_interpolation: 0, interpolation_duration: 1 }
$data merge entity $(bone_left_knee) { transformation: [-1.5786559705581702f,0.06411380822821337f,0.12650950458184923f,0.9421376438120534f,0.03453026589260869f,1.5450219860218448f,-0.35211451543571365f,0.1289095197409702f,-0.13756051720044815f,-0.34794595965123326f,-1.5402209652526988f,-7.674058334774969f,0f,0f,0f,1f], start_interpolation: 0, interpolation_duration: 1 }
$data merge entity $(bone_left_thigh) { transformation: [-1.5972203672452001f,-0.14280517401541593f,-0.014063934109826301f,0.7385400000000006f,0.03493632874968094f,-0.5394392073167941f,1.5097976049967867f,0.4612560881241736f,-0.13917817681559483f,1.5034347466368356f,0.5403863536530427f,-5.603737900918066f,0f,0f,0f,1f], start_interpolation: 0, interpolation_duration: 1 }
$data merge entity $(bone_left_fingers2) { transformation: [-0.9959885556594943f,0.025975559938800637f,0.08562749138670446f,-1.1778555161687967f,-0.02178546199699079f,-0.9985359800742802f,0.04951050537688756f,-0.06647203736287827f,0.08678819413314251f,0.04744646228079524f,0.9950962981421171f,-10.649811466004666f,0f,0f,0f,1f], start_interpolation: 0, interpolation_duration: 1 }
$data merge entity $(bone_right_foot) { transformation: [-0.9959885556594943f,0.06662711623910664f,-0.05972959381223801f,-1.1056988956830525f,-0.02178546199699079f,0.4668712967477311f,0.8840568906573094f,0.21175992386224002f,0.08678819413314251f,0.8818117824426892f,-0.4635469660178517f,-9.696285115294685f,0f,0f,0f,1f], start_interpolation: 0, interpolation_duration: 1 }
$data merge entity $(bone_right_knee) { transformation: [-1.5786559705581702f,-0.06411380822821329f,-0.1265095045818489f,-0.9398615136310644f,-0.03453026589260869f,1.5450219860218448f,-0.35211451543571365f,0.11720627157842123f,0.13756051720044776f,-0.34794595965123326f,-1.5402209652526988f,-7.631858422063317f,0f,0f,0f,1f], start_interpolation: 0, interpolation_duration: 1 }
$data merge entity $(bone_right_thigh) { transformation: [-1.5972203672452001f,0.14280517401541556f,0.014063934109826167f,-0.7385399999999993f,-0.03493632874968094f,-0.5394392073167941f,1.5097976049967867f,0.444962615305309f,0.1391781768155944f,1.5034347466368356f,0.5403863536530427f,-5.5888112803852f,0f,0f,0f,1f], start_interpolation: 0, interpolation_duration: 1 }