# This file was generated by Animated Java via MC-Build. It is not recommended to edit this file directly.
$data merge entity $(bone_left_fingers_2) { transformation: [-0.2970445775655755f,-0.0025930501426628637f,0.9548600918615494f,-1.52778854445749f,0.2213507792761158f,0.9725695407352177f,0.07150049613774945f,0.14251039113539277f,-0.928853245379885f,0.23259786010418454f,-0.28832253471105806f,1.1510652313802818f,0f,0f,0f,1f], start_interpolation: 0, interpolation_duration: 1 }
$data merge entity $(bone_left_fingers) { transformation: [-0.2970445775655755f,-0.0025930501426628637f,0.9548600918615494f,-0.9734124221860618f,0.2213507792761158f,0.9725695407352177f,0.07150049613774945f,0.18629982485507443f,-0.928853245379885f,0.23259786010418454f,-0.28832253471105806f,0.9990158129418658f,0f,0f,0f,1f], start_interpolation: 0, interpolation_duration: 1 }
$data merge entity $(bone_left_index_finger_2) { transformation: [-0.2551286780797034f,-0.0022776581416942f,0.9669044264531488f,-1.6617070091658774f,0.2253683432159842f,0.9723143823470246f,0.06175639041594499f,0.24761946148212946f,-0.9402757401408298f,0.23366547488774192f,-0.24755197100427373f,0.7108163458156027f,0f,0f,0f,1f], start_interpolation: 0, interpolation_duration: 1 }
$data merge entity $(bone_left_index_finger) { transformation: [-0.2551286780797034f,-0.0022776581416942f,0.9669044264531488f,-1.1044720119954126f,0.2253683432159842f,0.9723143823470246f,0.06175639041594499f,0.28883525120526743f,-0.9402757401408298f,0.23366547488774192f,-0.24755197100427373f,0.5694983384577779f,0f,0f,0f,1f], start_interpolation: 0, interpolation_duration: 1 }
$data merge entity $(bone_left_thumb) { transformation: [-0.2845255681071386f,0.18047434686509878f,0.9415275945063565f,-0.43572681359765825f,0.22260065422022896f,0.9677147289162076f,-0.11822500657372483f,0.1662616816531607f,-0.9324667017293626f,0.17594662134365438f,-0.31551329069266915f,0.05483444925357417f,0f,0f,0f,1f], start_interpolation: 0, interpolation_duration: 1 }
$data merge entity $(bone_left_hand) { transformation: [-0.2845255681071386f,-0.027587484835052634f,0.9582714290710048f,-0.3179674482457f,0.22260065422022896f,0.9703646006526888f,0.09402920046918439f,0.16628242378860425f,-0.9324667017293626f,0.24006555871391436f,-0.2699525470991896f,0.6689002821935335f,0f,0f,0f,1f], start_interpolation: 0, interpolation_duration: 1 }
$data merge entity $(bone_left_forearm) { transformation: [-0.42897301740509086f,0.5628535972541844f,1.8720300242643255f,1.8461972293809015f,-0.034273112258839236f,1.9141144837106696f,-0.5833605492110564f,0.4405004238635619f,-1.9545142459100064f,-0.15709870991754354f,-0.40064010187171595f,0.17285495935857087f,0f,0f,0f,1f], start_interpolation: 0, interpolation_duration: 1 }
$data merge entity $(bone_left_bicep) { transformation: [-2.237641054376755f,1.029106521480884f,0.17261338853710512f,2.697414056834324f,0.2343378420273493f,0.8935791655744882f,-2.2896495699853787f,1.6641822132519908f,-1.0168290860566058f,-2.0587251261365074f,-0.9075255188988199f,-3.5212102400954866f,0f,0f,0f,1f], start_interpolation: 0, interpolation_duration: 1 }
$data merge entity $(bone_left_shoulder) { transformation: [-1.1172649018240022f,0.5138378179287684f,0.0861866921060458f,1.3743293750000003f,0.11700600753379473f,0.44616835964141116f,-1.1432330029060882f,1.1352396308353354f,-0.5077076355846759f,-1.0279313214407235f,-0.4531318406909007f,-1.805343114345278f,0f,0f,0f,1f], start_interpolation: 0, interpolation_duration: 1 }
$data merge entity $(bone_right_fingers_2) { transformation: [-0.17984391459037696f,-0.3364700954701795f,-0.924361423491427f,1.6853750541156507f,-0.18965907080588784f,0.9339123227066348f,-0.3030465481699888f,0.10591482263726779f,0.9652386250279547f,0.12081245114219974f,-0.23177305366059506f,0.7797551445387205f,0f,0f,0f,1f], start_interpolation: 0, interpolation_duration: 1 }
$data merge entity $(bone_right_fingers) { transformation: [-0.17984391459037696f,-0.3364700954701795f,-0.924361423491427f,1.1482227559619615f,-0.18965907080588784f,0.9339123227066348f,-0.3030465481699888f,-0.06594438177281842f,0.9652386250279547f,0.12081245114219974f,-0.23177305366059506f,0.6601492501458295f,0f,0f,0f,1f], start_interpolation: 0, interpolation_duration: 1 }
$data merge entity $(bone_right_index_finger_2) { transformation: [-0.17984391459037696f,-0.2958297714981146f,-0.93815825566915f,1.7734587455340458f,-0.18965907080588784f,0.9462421498878003f,-0.2620214316363467f,0.16695234913263662f,0.9652386250279547f,0.13080726306702806f,-0.22628269196528666f,0.34519176022305875f,0f,0f,0f,1f], start_interpolation: 0, interpolation_duration: 1 }
$data merge entity $(bone_right_index_finger) { transformation: [-0.17984391459037696f,-0.2958297714981146f,-0.93815825566915f,1.2310664302455627f,-0.18965907080588784f,0.9462421498878003f,-0.2620214316363467f,0.021417085797550195f,0.9652386250279547f,0.13080726306702806f,-0.22628269196528666f,0.21553673317188066f,0f,0f,0f,1f], start_interpolation: 0, interpolation_duration: 1 }
$data merge entity $(bone_right_thumb) { transformation: [0.16273061359101015f,-0.1431624447994788f,-0.9762291031306787f,0.512054444373983f,-0.118876767120108f,0.979365223846901f,-0.1634382836375286f,-0.12476243512173388f,0.9794830583728158f,0.14264737192933408f,0.1423540151955305f,-0.21894761754792308f,0f,0f,0f,1f], start_interpolation: 0, interpolation_duration: 1 }
$data merge entity $(bone_right_hand) { transformation: [-0.17984391459037696f,0.04287996778056219f,-0.9827601308294649f,0.4612432596810072f,-0.18965907080588784f,0.9787933733288197f,0.07741426992897993f,-0.10268129566821593f,0.9652386250279547f,0.20031185858737283f,-0.16789745698912725f,0.4038483061165698f,0f,0f,0f,1f], start_interpolation: 0, interpolation_duration: 1 }
$data merge entity $(bone_right_forearm) { transformation: [-0.3599272463920523f,-0.7534410345772493f,-1.8188198802922626f,-1.7357771448626849f,-0.37957062524978596f,1.8408339707387582f,-0.6874468742006361f,0.03520826164383428f,1.9317622239754775f,0.2213225515303458f,-0.4739597139335533f,0.0051502694903553525f,0f,0f,0f,1f], start_interpolation: 0, interpolation_duration: 1 }
$data merge entity $(bone_right_bicep) { transformation: [-2.1833390931428096f,-1.15016061447843f,-0.07780789128356759f,-2.785327428940759f,-0.567946720761848f,1.2182334227266318f,-2.0710473082034317f,1.9108490329375853f,1.003174974478161f,-1.8135410090051503f,-1.341865150425476f,-3.3487315525469183f,0f,0f,0f,1f], start_interpolation: 0, interpolation_duration: 1 }
$data merge entity $(bone_right_shoulder) { transformation: [-1.090151672350389f,-0.5742807066859947f,-0.038849852994085665f,-1.3743293749999999f,-0.28357851942879597f,0.6082697860674037f,-1.0340838459979271f,1.1352396308353354f,0.5008900722394083f,-0.9055097167692499f,-0.6699997001837024f,-1.8053431143452783f,0f,0f,0f,1f], start_interpolation: 0, interpolation_duration: 1 }
$data merge entity $(bone_chest) { transformation: [-4.0674850000000005f,1.6652849874155573e-16f,4.694624903927386e-16f,1.5996260594392625e-16f,0f,3.833452148975498f,-1.35980838603832f,1.5126899459040306f,-4.981232485829872e-16f,-1.35980838603832f,-3.833452148975498f,-1.3061938026155657f,0f,0f,0f,1f], start_interpolation: 0, interpolation_duration: 1 }
$data merge entity $(bone_weist) { transformation: [-1.0999999999999999f,1.6488791239657016e-17f,1.3369821664354196e-16f,4.243759538619071e-16f,0f,1.0917287885505265f,-0.13464119818985487f,0.8976621006365757f,-1.3471114790620883e-16f,-0.13464119818985487f,-1.0917287885505265f,-3.4652926391296996f,0f,0f,0f,1f], start_interpolation: 0, interpolation_duration: 1 }
$data merge entity $(bone_right_fingers2) { transformation: [-0.9959885568736409f,-0.025975563605635937f,-0.0856274761518282f,1.181059259678285f,0.02178546786503172f,-0.9985359807783066f,0.049510488595924995f,-0.02366183265140842f,-0.08678817872650636f,0.04744644545669491f,0.9950963002879978f,-10.319849260777195f,0f,0f,0f,1f], start_interpolation: 0, interpolation_duration: 1 }
$data merge entity $(bone_left_foot) { transformation: [-0.9959885568736409f,-0.06662710088194809f,0.05972959069698248f,1.1089026548039893f,0.02178546786503172f,0.46687128183654847f,0.8840568983873153f,0.25457011245034167f,-0.08678817872650636f,0.8818117914976896f,-0.46354695167692694f,-9.366322904181164f,0f,0f,0f,1f], start_interpolation: 0, interpolation_duration: 1 }
$data merge entity $(bone_left_knee) { transformation: [-1.5786559724826097f,0.06411380975873361f,0.12650947979196814f,0.9421376111089095f,0.03453027519353669f,1.545021991739489f,-0.3521144894355073f,0.12890955454244613f,-0.1375604927807112f,-0.34794593398054f,-1.5402209732328556f,-7.299058343577681f,0f,0f,0f,1f], start_interpolation: 0, interpolation_duration: 1 }
$data merge entity $(bone_left_thigh) { transformation: [-1.5972203691922702f,-0.14280515369399555f,-0.01406391932759219f,0.7385400000000005f,0.03493633815998433f,-0.5394392326112294f,1.509797595741525f,0.4612560881241736f,-0.139178152108691f,1.5034347394913263f,0.540386379896244f,-5.228737900918066f,0f,0f,0f,1f], start_interpolation: 0, interpolation_duration: 1 }
$data merge entity $(bone_left_fingers2) { transformation: [-0.9959885568736409f,0.025975563605635937f,0.08562747615182797f,-1.1778554375455446f,-0.02178546786503172f,-0.9985359807783066f,0.049510488595924995f,-0.0664719520326712f,0.08678817872650611f,0.04744644545669491f,0.9950963002879978f,-10.274811481452447f,0f,0f,0f,1f], start_interpolation: 0, interpolation_duration: 1 }
$data merge entity $(bone_right_foot) { transformation: [-0.9959885568736409f,0.06662710088194788f,-0.059729590696982374f,-1.1056988326712491f,-0.02178546786503172f,0.46687128183654847f,0.8840568983873153f,0.2117599930690789f,0.08678817872650611f,0.8818117914976896f,-0.46354695167692694f,-9.321285124856416f,0f,0f,0f,1f], start_interpolation: 0, interpolation_duration: 1 }
$data merge entity $(bone_right_knee) { transformation: [-1.5786559724826097f,-0.06411380975873354f,-0.12650947979196778f,-0.9398614813596651f,-0.03453027519353669f,1.545021991739489f,-0.3521144894355073f,0.1172063059196593f,0.1375604927807108f,-0.34794593398054f,-1.5402209732328556f,-7.256858430752537f,0f,0f,0f,1f], start_interpolation: 0, interpolation_duration: 1 }
$data merge entity $(bone_right_thigh) { transformation: [-1.5972203691922702f,0.14280515369399518f,0.014063919327592057f,-0.7385399999999994f,-0.03493633815998433f,-0.5394392326112294f,1.509797595741525f,0.444962615305309f,0.1391781521086906f,1.5034347394913263f,0.540386379896244f,-5.2138112803852f,0f,0f,0f,1f], start_interpolation: 0, interpolation_duration: 1 }