# This file was generated by Animated Java via MC-Build. It is not recommended to edit this file directly.
$data merge entity $(bone_left_fingers_2) { transformation: [-0.2846188919284417f,-0.03450373998273115f,0.9580196126826581f,-1.5270068095267313f,0.21924475507729316f,0.9705224357158275f,0.10008965552600868f,0.127885836660206f,-0.9332329954135375f,0.23852818219116462f,-0.26866425622336665f,0.7693614453700746f,0f,0f,0f,1f], start_interpolation: 0, interpolation_duration: 1 }
$data merge entity $(bone_left_fingers) { transformation: [-0.2846188919284417f,-0.03450373998273115f,0.9580196126826581f,-0.9711652228656346f,0.21924475507729316f,0.9705224357158275f,0.10008965552600868f,0.18816894493284037f,-0.9332329954135375f,0.23852818219116462f,-0.26866425622336665f,0.6287360476187416f,0f,0f,0f,1f], start_interpolation: 0, interpolation_duration: 1 }
$data merge entity $(bone_left_index_finger_2) { transformation: [-0.2846188919284417f,-0.03450373998273115f,0.9580196126826581f,-1.6541958768572538f,0.21924475507729316f,0.9705224357158275f,0.10008965552600868f,0.22586083658537143f,-0.9332329954135375f,0.23852818219116462f,-0.26866425622336665f,0.3523229505446497f,0f,0f,0f,1f], start_interpolation: 0, interpolation_duration: 1 }
$data merge entity $(bone_left_index_finger) { transformation: [-0.2846188919284417f,-0.03450373998273115f,0.9580196126826581f,-1.102267799960173f,0.21924475507729316f,0.9705224357158275f,0.10008965552600868f,0.28915856024031855f,-0.9332329954135375f,0.23852818219116462f,-0.26866425622336665f,0.19886559910638063f,0f,0f,0f,1f], start_interpolation: 0, interpolation_duration: 1 }
$data merge entity $(bone_left_thumb) { transformation: [-0.2846188919284417f,0.1736675315383205f,0.9427786987659472f,-0.43193579316934505f,0.21924475507729316f,0.9691805452109216f,-0.1123423702605491f,0.17031933208247388f,-0.9332329954135375f,0.17472452396285698f,-0.3139227882735327f,-0.31460842916206316f,0f,0f,0f,1f], start_interpolation: 0, interpolation_duration: 1 }
$data merge entity $(bone_left_hand) { transformation: [-0.2846188919284417f,-0.03450373998273115f,0.9580196126826581f,-0.3151037756419959f,0.21924475507729316f,0.9705224357158275f,0.10008965552600868f,0.17207610518725636f,-0.9332329954135375f,0.23852818219116462f,-0.26866425622336665f,0.29963200354432057f,0f,0f,0f,1f], start_interpolation: 0, interpolation_duration: 1 }
$data merge entity $(bone_left_forearm) { transformation: [-0.4257899984572526f,0.5501444758192994f,1.8765293406419141f,1.847902859040212f,-0.04016132949101682f,1.9176322307950395f,-0.571307385196664f,0.46015511502848794f,-1.955098048226222f,-0.15920463715684888f,-0.3969432436513681f,-0.193600201575995f,0f,0f,0f,1f], start_interpolation: 0, interpolation_duration: 1 }
$data merge entity $(bone_left_bicep) { transformation: [-2.237640529578184f,1.0261427216637227f,0.18944412858332585f,2.6963908149110583f,0.21765377149346873f,0.897363618003364f,-2.2898162536604647f,1.6839095708284115f,-1.0205316255916799f,-2.058558416598748f,-0.9037397575113769f,-3.888269080851948f,0f,0f,0f,1f], start_interpolation: 0, interpolation_duration: 1 }
$data merge entity $(bone_left_shoulder) { transformation: [-1.1172646397895607f,0.5123579784767393f,0.09459036126852624f,1.3743293750000003f,0.10867557116170522f,0.44805795487525574f,-1.1433162288638512f,1.1486624700601158f,-0.509556331318097f,-1.0278480825696035f,-0.4512415918877705f,-2.1735686947063244f,0f,0f,0f,1f], start_interpolation: 0, interpolation_duration: 1 }
$data merge entity $(bone_right_fingers_2) { transformation: [-0.17751694250321795f,-0.3297683597637282f,-0.927221960494384f,1.6880186572025568f,-0.18663472900527173f,0.9363685608085512f,-0.29729008772317117f,0.10375483638589596f,0.9662583573006951f,0.12027779191547536f,-0.22776751242988907f,0.4021311064180657f,0f,0f,0f,1f], start_interpolation: 0, interpolation_duration: 1 }
$data merge entity $(bone_right_fingers) { transformation: [-0.17751694250321795f,-0.3297683597637282f,-0.927221960494384f,1.1492885194914781f,-0.18663472900527173f,0.9363685608085512f,-0.29729008772317117f,-0.06473097985736105f,0.9662583573006951f,0.12027779191547536f,-0.22776751242988907f,0.28484463672771015f,0f,0f,0f,1f], start_interpolation: 0, interpolation_duration: 1 }
$data merge entity $(bone_right_index_finger_2) { transformation: [-0.17751694250321795f,-0.28900963948746816f,-0.9407237444689236f,1.7748917449044066f,-0.18663472900527173f,0.9484449569172186f,-0.2561633104631183f,0.1633837388087497f,0.9662583573006951f,0.13009839346286675f,-0.22230428463019594f,-0.0328713211055493f,0f,0f,0f,1f], start_interpolation: 0, interpolation_duration: 1 }
$data merge entity $(bone_right_index_finger) { transformation: [-0.17751694250321795f,-0.28900963948746816f,-0.9407237444689236f,1.2310603325016454f,-0.18663472900527173f,0.9484449569172186f,-0.2561633104631183f,0.021237380714106247f,0.9662583573006951f,0.13009839346286675f,-0.22230428463019594f,-0.16023760534947074f,0f,0f,0f,1f], start_interpolation: 0, interpolation_duration: 1 }
$data merge entity $(bone_right_thumb) { transformation: [-0.17751694250321795f,-0.03568465357872392f,-0.9834705591034616f,0.5094765316123964f,-0.18663472900527173f,0.982427422104329f,-0.0019591392424147536f,-0.12094500137027507f,0.9662583573006951f,0.18320198087468614f,-0.18105750785359107f,-0.591774773740131f,0f,0f,0f,1f], start_interpolation: 0, interpolation_duration: 1 }
$data merge entity $(bone_right_hand) { transformation: [-0.17751694250321795f,0.050166244350751454f,-0.9828382791955397f,0.46113044314184215f,-0.18663472900527173f,0.9788597393960926f,0.08367250754305283f,-0.09735244240248064f,0.9662583573006951f,0.1982850436042874f,-0.16440142465747645f,0.031161950681801387f,0f,0f,0f,1f], start_interpolation: 0, interpolation_duration: 1 }
$data merge entity $(bone_right_forearm) { transformation: [-0.35527020443614327f,-0.7402911229547322f,-1.825124353938899f,-1.7363866319215964f,-0.3735179154935317f,1.8462475589326373f,-0.6761516768944715f,0.054484692966623616f,1.9338030460395466f,0.22060321084757775f,-0.4659042548834164f,-0.3596532249884574f,0f,0f,0f,1f], start_interpolation: 0, interpolation_duration: 1 }
$data merge entity $(bone_right_bicep) { transformation: [-2.1833409178560026f,-1.1487281145367172f,-0.09663983639104297f,-2.7858413398588406f,-0.551434562006173f,1.2224862202971793f,-2.0730027659647825f,1.9307893471925093f,1.0123415742375834f,-1.8115861179489914f,-1.337614808909402f,-3.713193598751457f,0f,0f,0f,1f], start_interpolation: 0, interpolation_duration: 1 }
$data merge entity $(bone_right_shoulder) { transformation: [-1.090152583438431f,-0.5735654526001751f,-0.048252733433959784f,-1.3743293749999999f,-0.2753339194314117f,0.6103932282749202f,-1.0350602154292454f,1.1486624700601158f,0.5054669994280827f,-0.9045336302965495f,-0.6678774842959546f,-2.173568694706325f,0f,0f,0f,1f], start_interpolation: 0, interpolation_duration: 1 }
$data merge entity $(bone_chest) { transformation: [-4.0674850000000005f,1.741964409551239e-16f,4.666715876689266e-16f,2.0582263877135247e-16f,0f,3.8106626987784677f,-1.4224218858564464f,1.5342387273944629f,-4.981232485829872e-16f,-1.4224218858564464f,-3.8106626987784677f,-1.6806693890406135f,0f,0f,0f,1f], start_interpolation: 0, interpolation_duration: 1 }
$data merge entity $(bone_weist) { transformation: [-1.0999999999999999f,1.8676695460917828e-17f,1.33410173588331e-16f,4.689667010459142e-16f,0f,1.0893767385111883f,-0.1525067919494933f,0.8839251078119251f,-1.3471114790620883e-16f,-0.1525067919494933f,-1.0893767385111883f,-3.829403721729621f,0f,0f,0f,1f], start_interpolation: 0, interpolation_duration: 1 }
$data merge entity $(bone_right_fingers2) { transformation: [-0.9959884281725938f,-0.02597517492403176f,-0.085629091049432f,1.1810676295775588f,0.02178484585268462f,-0.9985359061497348f,0.0495122673779268f,-0.023670931192823763f,-0.08678981182984977f,0.047448228811985016f,0.9950960728216874f,-10.694847666633098f,0f,0f,0f,1f], start_interpolation: 0, interpolation_duration: 1 }
$data merge entity $(bone_left_foot) { transformation: [-0.9959884281725938f,-0.06662872874016562f,0.05972992091703614f,1.1089093698897028f,0.02178484585268462f,0.4668728624211308f,0.8840560790051019f,0.25456272298551436f,-0.08678981182984977f,0.8818108316646884f,-0.46354847181429676f,-9.741321933961569f,0f,0f,0f,1f], start_interpolation: 0, interpolation_duration: 1 }
$data merge entity $(bone_left_knee) { transformation: [-1.578655768489627f,0.06411364752836311f,0.12651210751964398f,0.9421410776429034f,0.034529289295154704f,1.5450213856664492f,-0.35211724545685746f,0.1289058655864712f,-0.13756308127264613f,-0.3479486550742251f,-1.540220127331428f,-7.674057410483952f,0f,0f,0f,1f], start_interpolation: 0, interpolation_duration: 1 }
$data merge entity $(bone_left_thigh) { transformation: [-1.597220162800407f,-0.14280730776739084f,-0.014065486240484702f,0.7385400000000006f,0.03493534066781053f,-0.539436551400034f,1.5097985767966444f,0.4612560881241736f,-0.13918077104031132f,1.5034354969113168f,0.540383598114114f,-5.603737900918066f,0f,0f,0f,1f], start_interpolation: 0, interpolation_duration: 1 }
$data merge entity $(bone_left_fingers2) { transformation: [-0.9959884281725938f,0.025975174924031747f,0.08562909104943178f,-1.1778637716130151f,-0.02178484585268462f,-0.9985359061497348f,0.0495122673779268f,-0.06648099703401006f,0.08678981182984952f,0.047448228811985016f,0.9950960728216874f,-10.649809843972207f,0f,0f,0f,1f], start_interpolation: 0, interpolation_duration: 1 }
$data merge entity $(bone_right_foot) { transformation: [-0.9959884281725938f,0.06662872874016543f,-0.059729920917036036f,-1.1057055119251593f,-0.02178484585268462f,0.4668728624211308f,0.8840560790051019f,0.21175265714432806f,0.08678981182984952f,0.8818108316646884f,-0.46354847181429676f,-9.696284111300677f,0f,0f,0f,1f], start_interpolation: 0, interpolation_duration: 1 }
$data merge entity $(bone_right_knee) { transformation: [-1.578655768489627f,-0.06411364752836304f,-0.12651210751964362f,-0.9398649021287289f,-0.034529289295154704f,1.5450213856664492f,-0.35211724545685746f,0.11720266574889115f,0.13756308127264574f,-0.3479486550742251f,-1.540220127331428f,-7.631857509689049f,0f,0f,0f,1f], start_interpolation: 0, interpolation_duration: 1 }
$data merge entity $(bone_right_thigh) { transformation: [-1.597220162800407f,0.14280730776739048f,0.014065486240484568f,-0.7385399999999993f,-0.03493534066781053f,-0.539436551400034f,1.5097985767966444f,0.444962615305309f,0.13918077104031093f,1.5034354969113168f,0.540383598114114f,-5.5888112803852f,0f,0f,0f,1f], start_interpolation: 0, interpolation_duration: 1 }