# This file was generated by Animated Java via MC-Build. It is not recommended to edit this file directly.
$data merge entity $(bone_left_fingers_2) { transformation: [-0.28493827844122943f,-0.04539214854147339f,0.9574704853569835f,-1.5222492026719088f,0.21393882757196894f,0.970669553286523f,0.10968498702955182f,0.12536476557199874f,-0.9343662855305086f,0.23609356444708635f,-0.2668697684088436f,0.7758865426141687f,0f,0f,0f,1f], start_interpolation: 0, interpolation_duration: 1 }
$data merge entity $(bone_left_fingers) { transformation: [-0.28493827844122943f,-0.04539214854147339f,0.9574704853569835f,-0.9667826811744646f,0.21393882757196894f,0.970669553286523f,0.10968498702955182f,0.19125168077439786f,-0.9343662855305086f,0.23609356444708635f,-0.2668697684088436f,0.6362968474418612f,0f,0f,0f,1f], start_interpolation: 0, interpolation_duration: 1 }
$data merge entity $(bone_left_index_finger_2) { transformation: [-0.28493827844122943f,-0.04539214854147339f,0.9574704853569835f,-1.6495809958503331f,0.21393882757196894f,0.970669553286523f,0.10968498702955182f,0.22096867914322244f,-0.9343662855305086f,0.23609356444708635f,-0.2668697684088436f,0.35834160876772236f,0f,0f,0f,1f], start_interpolation: 0, interpolation_duration: 1 }
$data merge entity $(bone_left_index_finger) { transformation: [-0.28493827844122943f,-0.04539214854147339f,0.9574704853569835f,-1.098032375681456f,0.21393882757196894f,0.970669553286523f,0.10968498702955182f,0.2897972532247361f,-0.9343662855305086f,0.23609356444708635f,-0.2668697684088436f,0.2059043771693705f,0f,0f,0f,1f], start_interpolation: 0, interpolation_duration: 1 }
$data merge entity $(bone_left_thumb) { transformation: [-0.28493827844122943f,0.1629183688321581f,0.9445992708953451f,-0.4253647699701203f,0.21393882757196894f,0.9714009853540039f,-0.10300632849685269f,0.17689924368168597f,-0.9343662855305086f,0.17273601463024202f,-0.3116438892607733f,-0.30585305643701133f,0f,0f,0f,1f], start_interpolation: 0, interpolation_duration: 1 }
$data merge entity $(bone_left_hand) { transformation: [-0.28493827844122943f,-0.04539214854147339f,0.9574704853569835f,-0.3098800851800332f,0.21393882757196894f,0.970669553286523f,0.10968498702955182f,0.18138533844381477f,-0.9343662855305086f,0.23609356444708635f,-0.2668697684088436f,0.3086282518835084f,0f,0f,0f,1f], start_interpolation: 0, interpolation_duration: 1 }
$data merge entity $(bone_left_forearm) { transformation: [-0.42113013499342666f,0.5299489327782467f,1.8833804637933123f,1.8509783148394294f,-0.04941980362489905f,1.9230192856644877f,-0.5521530071663242f,0.4914000820769113f,-1.9558950702327542f,-0.16269415773264845f,-0.39156547170245914f,-0.18070502876848105f,0f,0f,0f,1f], start_interpolation: 0, interpolation_duration: 1 }
$data merge entity $(bone_left_bicep) { transformation: [-2.237639801779085f,1.0209137892819737f,0.21586165717199687f,2.6942768101882884f,0.1912457149314649f,0.9033327808185815f,-2.289827082185025f,1.7152655504166718f,-1.0258100685328995f,-2.0585475521934273f,-0.8977687794438154f,-3.8765250825571025f,0f,0f,0f,1f], start_interpolation: 0, interpolation_duration: 1 }
$data merge entity $(bone_left_shoulder) { transformation: [-1.117264276395983f,0.5097471474800912f,0.10778075989270376f,1.3743293750000003f,0.09548990196583511f,0.45103838647471667f,-1.1433216355980576f,1.1700340962648155f,-0.5121918831743566f,-1.027842657919962f,-0.44826025392411506f,-2.163342443790345f,0f,0f,0f,1f], start_interpolation: 0, interpolation_duration: 1 }
$data merge entity $(bone_right_fingers_2) { transformation: [-0.17403999164340495f,-0.3190927125498871f,-0.9316060981478808f,1.6912001850094363f,-0.1818745581849795f,0.9401844141942872f,-0.28805366234638174f,0.10013530919038655f,0.9677973581250272f,0.11930259051546196f,-0.2216645337046907f,0.39827547275232195f,0f,0f,0f,1f], start_interpolation: 0, interpolation_duration: 1 }
$data merge entity $(bone_right_fingers) { transformation: [-0.17403999164340495f,-0.3190927125498871f,-0.9316060981478808f,1.150052916446295f,-0.1818745581849795f,0.9401844141942872f,-0.28805366234638174f,-0.06293979374911932f,0.9677973581250272f,0.11930259051546196f,-0.2216645337046907f,0.28452182642086443f,0f,0f,0f,1f], start_interpolation: 0, interpolation_duration: 1 }
$data merge entity $(bone_right_index_finger_2) { transformation: [-0.17403999164340495f,-0.2781529197256739f,-0.9446380442036233f,1.776247668484157f,-0.1818745581849795f,0.951854291239674f,-0.24676923092970143f,0.15754850560404923f,0.9677973581250272f,0.1288579120454024f,-0.21624965227606102f,-0.0373852917819987f,0f,0f,0f,1f], start_interpolation: 0, interpolation_duration: 1 }
$data merge entity $(bone_right_index_finger) { transformation: [-0.17403999164340495f,-0.2781529197256739f,-0.9446380442036233f,1.230223158857354f,-0.1818745581849795f,0.951854291239674f,-0.24676923092970143f,0.020835881908225135f,0.9677973581250272f,0.1288579120454024f,-0.21624965227606102f,-0.16126933436484858f,0f,0f,0f,1f], start_interpolation: 0, interpolation_duration: 1 }
$data merge entity $(bone_right_thumb) { transformation: [-0.17403999164340495f,-0.024184772252444003f,-0.9844415564673512f,0.5047425837324763f,-0.1818745581849795f,0.9832892194823865f,0.007997245446899268f,-0.11491532845955423f,0.9677973581250272f,0.18043671367218164f,-0.1755302423099823f,-0.58832071673441f,0f,0f,0f,1f], start_interpolation: 0, interpolation_duration: 1 }
$data merge entity $(bone_right_hand) { transformation: [-0.17403999164340495f,0.061706993153131606f,-0.9828033009228058f,0.4601660449366105f,-0.1818745581849795f,0.9788505012722641f,0.09366611577329187f,-0.08896785109464855f,0.9677973581250272f,0.19504856614452865f,-0.15913620094491823f,0.03480348946364531f,0f,0f,0f,1f], start_interpolation: 0, interpolation_duration: 1 }
$data merge entity $(bone_right_forearm) { transformation: [-0.34831167402568514f,-0.7193286731761678f,-1.8348220649181766f,-1.7377792922458362f,-0.3639912368755427f,1.8546833878066034f,-0.6580172358674161f,0.08514739544804084f,1.9368830964830581f,0.2191861381734635f,-0.45361666593872624f,-0.3441325052451729f,0f,0f,0f,1f], start_interpolation: 0, interpolation_duration: 1 }
$data merge entity $(bone_right_bicep) { transformation: [-2.183343448344078f,-1.1458459564211025f,-0.12625978542458036f,-2.7860957874903374f,-0.5251170951673726f,1.229310844209101f,-2.075798638443033f,1.962619772416118f,1.0262341475633294f,-1.8087910313666358f,-1.3307935910244122f,-3.6973753204108104f,0f,0f,0f,1f], start_interpolation: 0, interpolation_duration: 1 }
$data merge entity $(bone_right_shoulder) { transformation: [-1.0901538469232537f,-0.5721263772409771f,-0.06304211593311333f,-1.3743293749999999f,-0.2621934821184672f,0.6138007956995636f,-1.0364562079562036f,1.1700340962648155f,0.5124036278665502f,-0.9031380301711779f,-0.6644716175168809f,-2.163342443790345f,0f,0f,0f,1f], start_interpolation: 0, interpolation_duration: 1 }
$data merge entity $(bone_chest) { transformation: [-4.0674850000000005f,1.861837881412724e-16f,4.620198781570273e-16f,2.058091893362415e-16f,0f,3.772678608058287f,-1.5203060039098684f,1.5682042467337383f,-4.981232485829872e-16f,-1.5203060039098684f,-3.772678608058287f,-1.680559566068632f,0f,0f,0f,1f], start_interpolation: 0, interpolation_duration: 1 }
$data merge entity $(bone_weist) { transformation: [-1.0999999999999999f,2.2113958227756623e-17f,1.3288365671409526e-16f,4.668099602496349e-16f,0f,1.0850774019628682f,-0.18057417243202878f,0.8626457405372902f,-1.3471114790620883e-16f,-0.18057417243202878f,-1.0850774019628682f,-3.8117925966462023f,0f,0f,0f,1f], start_interpolation: 0, interpolation_duration: 1 }
$data merge entity $(bone_right_fingers2) { transformation: [-0.9959882496858847f,-0.02597463591313078f,-0.08563133057957328f,1.1810792369003453f,0.021783983250625284f,-0.9985358026495031f,0.04951473417932811f,-0.023683548979752778f,-0.08679207660486261f,0.047450701957856556f,0.9950957573632413f,-10.694845455834908f,0f,0f,0f,1f], start_interpolation: 0, interpolation_duration: 1 }
$data merge entity $(bone_left_foot) { transformation: [-0.9959882496858847f,-0.06663098623962199f,0.05973037887359471f,1.1089186823295134f,0.021783983250625284f,0.4668750543613619f,0.8840549426867157f,0.2545524753316877f,-0.08679207660486261f,0.8818095005656329f,-0.4635505799271584f,-9.741320588427255f,0f,0f,0f,1f], start_interpolation: 0, interpolation_duration: 1 }
$data merge entity $(bone_left_knee) { transformation: [-1.5786554855856645f,0.06411342256447101f,0.1265157516334921f,0.9421458850085724f,0.03452792205867046f,1.54502054515975f,-0.35212106748476024f,0.12890074977162513f,-0.1375666709731258f,-0.3479524286671473f,-1.5402189542256755f,-7.674056116455422f,0f,0f,0f,1f], start_interpolation: 0, interpolation_duration: 1 }
$data merge entity $(bone_left_thigh) { transformation: [-1.597219876569601f,-0.14281029502959652f,-0.014067659210348915f,0.7385400000000006f,0.03493395735314273f,-0.5394328331130478f,1.509799937307718f,0.4612560881241736f,-0.13918440295430992f,1.5034365472823588f,0.5403797403503041f,-5.603737900918066f,0f,0f,0f,1f], start_interpolation: 0, interpolation_duration: 1 }
$data merge entity $(bone_left_fingers2) { transformation: [-0.9959882496858847f,0.025974635913130786f,0.08563133057957306f,-1.177875329244185f,-0.021783983250625284f,-0.9985358026495031f,0.04951473417932811f,-0.06649354057180162f,0.08679207660486236f,0.047450701957856556f,0.9950957573632413f,-10.649807573076004f,0f,0f,0f,1f], start_interpolation: 0, interpolation_duration: 1 }
$data merge entity $(bone_right_foot) { transformation: [-0.9959882496858847f,0.06663098623962178f,-0.059730378873594614f,-1.1057147746733536f,-0.021783983250625284f,0.4668750543613619f,0.8840549426867157f,0.21174248373963883f,0.08679207660486236f,0.8818095005656329f,-0.4635505799271584f,-9.696282705668349f,0f,0f,0f,1f], start_interpolation: 0, interpolation_duration: 1 }
$data merge entity $(bone_right_knee) { transformation: [-1.5786554855856645f,-0.06411342256447095f,-0.12651575163349174f,-0.9398696460279057f,-0.03452792205867046f,1.54502054515975f,-0.35212106748476024f,0.11719761758898128f,0.13756667097312542f,-0.3479524286671473f,-1.5402189542256755f,-7.631856232344246f,0f,0f,0f,1f], start_interpolation: 0, interpolation_duration: 1 }
$data merge entity $(bone_right_thigh) { transformation: [-1.597219876569601f,0.14281029502959616f,0.014067659210348782f,-0.7385399999999993f,-0.03493395735314273f,-0.5394328331130478f,1.509799937307718f,0.444962615305309f,0.13918440295430953f,1.5034365472823588f,0.5403797403503041f,-5.5888112803852f,0f,0f,0f,1f], start_interpolation: 0, interpolation_duration: 1 }