# This file was generated by Animated Java via MC-Build. It is not recommended to edit this file directly.
$data merge entity $(bone_left_fingers_2) { transformation: [-0.2852367826767055f,-0.05204325672788057f,0.9570430905854752f,-1.5187825350744553f,0.21068174918371224f,0.9706982445845369f,0.11557732702130588f,0.12390144272091397f,-0.9350150685251728f,0.2345984172786645f,-0.2659142798745721f,0.780033168090577f,0f,0f,0f,1f], start_interpolation: 0, interpolation_duration: 1 }
$data merge entity $(bone_left_fingers) { transformation: [-0.2852367826767055f,-0.05204325672788057f,0.9570430905854752f,-0.9635966986037701f,0.21068174918371224f,0.9706982445845369f,0.11557732702130588f,0.19322919314456374f,-0.9350150685251728f,0.2345984172786645f,-0.2659142798745721f,0.6409944141361561f,0f,0f,0f,1f], start_interpolation: 0, interpolation_duration: 1 }
$data merge entity $(bone_left_index_finger_2) { transformation: [-0.2852367826767055f,-0.05204325672788057f,0.9570430905854752f,-1.6462477223331082f,0.21068174918371224f,0.9706982445845369f,0.11557732702130588f,0.21804984938738547f,-0.9350150685251728f,0.2345984172786645f,-0.2659142798745721f,0.36219830934339003f,0f,0f,0f,1f], start_interpolation: 0, interpolation_duration: 1 }
$data merge entity $(bone_left_index_finger) { transformation: [-0.2852367826767055f,-0.05204325672788057f,0.9570430905854752f,-1.0949838916242276f,0.21068174918371224f,0.9706982445845369f,0.11557732702130588f,0.29027447386231126f,-0.9350150685251728f,0.2345984172786645f,-0.2659142798745721f,0.21030309819674814f,0f,0f,0f,1f], start_interpolation: 0, interpolation_duration: 1 }
$data merge entity $(bone_left_thumb) { transformation: [-0.2852367826767055f,0.15633241330750164f,0.9456215703745842f,-0.4209873821103369f,0.21068174918371224f,0.9727043323467012f,-0.09725987042377558f,0.181041276018748f,-0.9350150685251728f,0.17148311398913513f,-0.3103874405440013f,-0.3005003403542807f,0f,0f,0f,1f], start_interpolation: 0, interpolation_duration: 1 }
$data merge entity $(bone_left_hand) { transformation: [-0.2852367826767055f,-0.05204325672788057f,0.9570430905854752f,-0.30625816323202937f,0.21068174918371224f,0.9706982445845369f,0.11557732702130588f,0.18719378274237297f,-0.9350150685251728f,0.2345984172786645f,-0.2659142798745721f,0.31410804613191706f,0f,0f,0f,1f], start_interpolation: 0, interpolation_duration: 1 }
$data merge entity $(bone_left_forearm) { transformation: [-0.41849503053399006f,0.5174994349867792f,1.8874254097996603f,1.8530918869102853f,-0.05507134562736371f,1.9262168915080533f,-0.5403462474289418f,0.5106742454963984f,-1.9563096609841302f,-0.16492802978303062f,-0.38854818064525976f,-0.17316290203247986f,0f,0f,0f,1f], start_interpolation: 0, interpolation_duration: 1 }
$data merge entity $(bone_left_bicep) { transformation: [-2.237639073965576f,1.0173805234938724f,0.2319511753944731f,2.692682328003695f,0.17502842176050595f,0.9069810541789551f,-2.289681969537586f,1.734597903758057f,-1.0287028380089023f,-2.0586926289431426f,-0.8941186908328583f,-3.869807823689178f,0f,0f,0f,1f], start_interpolation: 0, interpolation_duration: 1 }
$data merge entity $(bone_left_shoulder) { transformation: [-1.1172639129952098f,0.5079829709397388f,0.11581433344645556f,1.3743293750000003f,0.08739252976797421f,0.4528599868470518f,-1.1432491801577727f,1.1832360465630811f,-0.5136362568366488f,-1.0279150954363412f,-0.4464377471884645f,-2.1573596003068003f,0f,0f,0f,1f], start_interpolation: 0, interpolation_duration: 1 }
$data merge entity $(bone_right_fingers_2) { transformation: [-0.1720292524059562f,-0.31249420765496805f,-0.9342126666336424f,1.6925491896595373f,-0.17896628002668558f,0.9424833230953721f,-0.28230525376002874f,0.09779577801932832f,0.9686986151172394f,0.1186278039466217f,-0.21806062735107445f,0.39609313878098557f,0f,0f,0f,1f], start_interpolation: 0, interpolation_duration: 1 }
$data merge entity $(bone_right_fingers) { transformation: [-0.1720292524059562f,-0.31249420765496805f,-0.9342126666336424f,1.1499655047760005f,-0.17896628002668558f,0.9424833230953721f,-0.28230525376002874f,-0.061913083173041034f,0.9686986151172394f,0.1186278039466217f,-0.21806062735107445f,0.2844250050963012f,0f,0f,0f,1f], start_interpolation: 0, interpolation_duration: 1 }
$data merge entity $(bone_right_index_finger_2) { transformation: [-0.1720292524059562f,-0.2714469982248312f,-0.9469543090727114f,1.776530184234708f,-0.17896628002668558f,0.9539002700280191f,-0.2409260165567056f,0.15385616423583953f,0.9686986151172394f,0.1280265675365884f,-0.21267860981946832f,-0.03995052528244984f,0f,0f,0f,1f], start_interpolation: 0, interpolation_duration: 1 }
$data merge entity $(bone_right_index_finger) { transformation: [-0.1720292524059562f,-0.2714469982248312f,-0.9469543090727114f,1.2292095500602367f,-0.17896628002668558f,0.9539002700280191f,-0.2409260165567056f,0.020522947512041187f,0.9686986151172394f,0.1280265675365884f,-0.21267860981946832f,-0.16178130678940478f,0f,0f,0f,1f], start_interpolation: 0, interpolation_duration: 1 }
$data merge entity $(bone_right_thumb) { transformation: [-0.1720292524059562f,-0.017107856024090942f,-0.9849432763255489f,0.5014402800491086f,-0.17896628002668558f,0.9837531480697405f,0.014170895394618938f,-0.11121551933874102f,0.9686986151172394f,0.17870944274193876f,-0.1722960479663071f,-0.5861870150013331f,0f,0f,0f,1f], start_interpolation: 0, interpolation_duration: 1 }
$data merge entity $(bone_right_hand) { transformation: [-0.1720292524059562f,0.06880070734554883f,-0.9826863176952245f,0.4590990780379869f,-0.17896628002668558f,0.9787745954246219f,0.0998567071596973f,-0.0838439021792774f,0.9686986151172394f,0.19304598939143938f,-0.15606485526800246f,0.03703215425528339f,0f,0f,0f,1f], start_interpolation: 0, interpolation_duration: 1 }
$data merge entity $(bone_right_forearm) { transformation: [-0.3442875187541778f,-0.7063629933164339f,-1.8406097354761817f,-1.7388939182039445f,-0.35817080891365666f,1.859781704936742f,-0.6467244033212936f,0.10407501982595013f,1.9386868102658534f,0.21815156172302397f,-0.4463520136008992f,-0.33496996889786423f,0f,0f,0f,1f], start_interpolation: 0, interpolation_duration: 1 }
$data merge entity $(bone_right_bicep) { transformation: [-2.1833459788200558f,-1.1437041659672922f,-0.14434063949011208f,-2.7859145911151355f,-0.5088419348392973f,1.2335547281667298f,-2.077333800970746f,1.9823285082405373f,1.034395149257939f,-1.807256654727166f,-1.3265531130810706f,-3.688180210098805f,0f,0f,0f,1f], start_interpolation: 0, interpolation_duration: 1 }
$data merge entity $(bone_right_shoulder) { transformation: [-1.090155110402036f,-0.5710569710033576f,-0.07206997301631607f,-1.3743293749999999f,-0.25406721657174325f,0.6159197872974332f,-1.0372227219631998f,1.1832360465630811f,0.516478455122369f,-0.9023719085619478f,-0.6623543265582674f,-2.1573596003068007f,0f,0f,0f,1f], start_interpolation: 0, interpolation_duration: 1 }
$data merge entity $(bone_chest) { transformation: [-4.0674850000000005f,1.9345657109692205e-16f,4.590221409456084e-16f,2.0585389762850867e-16f,0f,3.7482002260994562f,-1.5796927835161456f,1.5889804260253042f,-4.981232485829872e-16f,-1.5796927835161456f,-3.7482002260994562f,-1.680924636979676f,0f,0f,0f,1f], start_interpolation: 0, interpolation_duration: 1 }
$data merge entity $(bone_weist) { transformation: [-1.0999999999999999f,2.420963647843877e-17f,1.3251787378233294e-16f,4.654576407854854e-16f,0f,1.0820905576579063f,-0.1976866839916167f,0.8498544767612181f,-1.3471114790620883e-16f,-0.1976866839916167f,-1.0820905576579063f,-3.800750070220696f,0f,0f,0f,1f], start_interpolation: 0, interpolation_duration: 1 }
$data merge entity $(bone_right_fingers2) { transformation: [-0.9959880711932857f,-0.025974096913634535f,-0.08563357011242473f,1.1810908442343377f,0.02178312064853014f,-0.9985356991424252f,0.0495172009806672f,-0.02369616676477948f,-0.08679434137943566f,0.04745317510630176f,0.9950954418933096f,-10.69484324497723f,0f,0f,0f,1f], start_interpolation: 0, interpolation_duration: 1 }
$data merge entity $(bone_left_foot) { transformation: [-0.9959880711932857f,-0.06663324373671477f,0.05973083684163484f,1.108927994780507f,0.02178312064853014f,0.4668772462986433f,0.884053806362151f,0.25454222767812373f,-0.08679434137943566f,0.8818081694550803f,-0.4635526880374986f,-9.741319242845176f,0f,0f,0f,1f], start_interpolation: 0, interpolation_duration: 1 }
$data merge entity $(bone_left_knee) { transformation: [-1.5786552026723664f,0.06411319761912687f,0.12651939574843163f,0.9421506923771339f,0.034526554822129456f,1.5450197046423817f,-0.35212488951068155f,0.1288956339584738f,-0.1375702606729084f,-0.34795620226092544f,-1.5402177811012863f,-7.674054822402267f,0f,0f,0f,1f], start_interpolation: 0, interpolation_duration: 1 }
$data merge entity $(bone_left_thigh) { transformation: [-1.5972195903293498f,-0.14281328230281654f,-0.01406983216497927f,0.7385400000000006f,0.03493257403841751f,-0.5394291148219527f,1.5098012978086106f,0.4612560881241736f,-0.13918803486760326f,1.5034375976379635f,0.5403758825756327f,-5.603737900918066f,0f,0f,0f,1f], start_interpolation: 0, interpolation_duration: 1 }
$data merge entity $(bone_left_fingers2) { transformation: [-0.9959880711932857f,0.025974096913634524f,0.08563357011242448f,-1.1778868868861634f,-0.02178312064853014f,-0.9985356991424252f,0.0495172009806672f,-0.06650608410750108f,0.08679434137943541f,0.04745317510630176f,0.9950954418933096f,-10.64980530212057f,0f,0f,0f,1f], start_interpolation: 0, interpolation_duration: 1 }
$data merge entity $(bone_right_foot) { transformation: [-0.9959880711932857f,0.06663324373671455f,-0.05973083684163473f,-1.1057240374323332f,-0.02178312064853014f,0.4668772462986433f,0.884053806362151f,0.21173231033540213f,0.08679434137943541f,0.8818081694550803f,-0.4635526880374986f,-9.696281299988515f,0f,0f,0f,1f], start_interpolation: 0, interpolation_duration: 1 }
$data merge entity $(bone_right_knee) { transformation: [-1.5786552026723664f,-0.0641131976191268f,-0.12651939574843127f,-0.9398743899299371f,-0.034526554822129456f,1.5450197046423817f,-0.35212488951068155f,0.11719256943074219f,0.137570260672908f,-0.34795620226092544f,-1.5402177811012863f,-7.631854954975141f,0f,0f,0f,1f], start_interpolation: 0, interpolation_duration: 1 }
$data merge entity $(bone_right_thigh) { transformation: [-1.5972195903293498f,0.14281328230281617f,0.014069832164979137f,-0.7385399999999993f,-0.03493257403841751f,-0.5394291148219527f,1.5098012978086106f,0.444962615305309f,0.13918803486760284f,1.5034375976379635f,0.5403758825756327f,-5.5888112803852f,0f,0f,0f,1f], start_interpolation: 0, interpolation_duration: 1 }