# This file was generated by Animated Java via MC-Build. It is not recommended to edit this file directly.
$data merge entity $(bone_left_fingers_2) { transformation: [0.2988862292031658f,-0.254398673671246f,0.919754498128182f,0.3897390324129817f,-0.31982291953075886f,0.8813681198417396f,0.34771185983434444f,1.5047022781253625f,-0.899099728692838f,-0.3980848554780099f,0.1820662673410909f,-5.282982349012954f,0f,0f,0f,1f], start_interpolation: 0, interpolation_duration: 1 }
$data merge entity $(bone_left_fingers) { transformation: [0.2988862292031658f,-0.254398673671246f,0.919754498128182f,0.9142324463343389f,-0.31982291953075886f,0.8813681198417396f,0.34771185983434444f,1.7145919580065865f,-0.899099728692838f,-0.3980848554780099f,0.1820662673410909f,-5.1679936272610645f,0f,0f,0f,1f], start_interpolation: 0, interpolation_duration: 1 }
$data merge entity $(bone_left_index_finger_2) { transformation: [0.4600506116629025f,-0.23721351097530408f,0.8556185978105891f,0.6163629518537829f,-0.2962536714505043f,0.867417846407797f,0.399774989069297f,1.339595575264372f,-0.8370108702165622f,-0.43739687921157955f,0.3287807372631263f,-5.748783665153675f,0f,0f,0f,1f], start_interpolation: 0, interpolation_duration: 1 }
$data merge entity $(bone_left_index_finger) { transformation: [0.4600506116629025f,-0.23721351097530408f,0.8556185978105891f,1.1081025345263047f,-0.2962536714505043f,0.867417846407797f,0.399774989069297f,1.5750121166482087f,-0.8370108702165622f,-0.43739687921157955f,0.3287807372631263f,-5.561830201763497f,0f,0f,0f,1f], start_interpolation: 0, interpolation_duration: 1 }
$data merge entity $(bone_left_thumb) { transformation: [0.38130013089532244f,-0.04571368365400801f,0.923320350315096f,1.9173887466080293f,-0.31451896558048154f,0.9327797030449152f,0.17606773093790842f,1.364021897663283f,-0.869303186736017f,-0.35753641033357864f,0.3412912023717942f,-5.39551034843654f,0f,0f,0f,1f], start_interpolation: 0, interpolation_duration: 1 }
$data merge entity $(bone_left_hand) { transformation: [0.42088485903276096f,-0.007680268138457097f,0.9070815558252161f,1.6131804603650284f,-0.3030227220806029f,0.9413306809561215f,0.14857247051034228f,1.6755484992756953f,-0.8550047750392014f,-0.3373982255021597f,0.3938645351998059f,-4.946787036348237f,0f,0f,0f,1f], start_interpolation: 0, interpolation_duration: 1 }
$data merge entity $(bone_left_forearm) { transformation: [-0.6567107360145749f,1.7426524007958244f,0.7329475100949865f,3.206237813686644f,-1.8254433645233965f,-0.7863310728001178f,0.23400512861305944f,1.328779573551565f,0.49173769986792076f,-0.5917469791222105f,1.8475248254296996f,-3.3673682914152505f,0f,0f,0f,1f], start_interpolation: 0, interpolation_duration: 1 }
$data merge entity $(bone_left_bicep) { transformation: [-1.4876441928339912f,-1.396014236159438f,-1.3906660672701212f,0.3326220686525134f,-1.815349544072986f,1.6486538512437865f,0.28694880083752733f,3.314300572740567f,0.7663640721291458f,1.1953986087946877f,-2.0198023115469548f,-1.452133627331048f,0f,0f,0f,1f], start_interpolation: 0, interpolation_duration: 1 }
$data merge entity $(bone_left_shoulder) { transformation: [-0.7427878746703881f,-0.6970365981875536f,-0.6943662318312637f,1.426246427429401f,-0.9064127269956035f,0.8231807687156936f,0.14327491139348553f,1.5106399932966705f,0.3826492538354401f,0.5968682540406557f,-1.0084969735876346f,-2.176928494916673f,0f,0f,0f,1f], start_interpolation: 0, interpolation_duration: 1 }