# This file was generated by Animated Java via MC-Build. It is not recommended to edit this file directly.
$data merge entity $(bone_left_fingers_2) { transformation: [0.2619335215866877f,-0.2962118173177272f,0.9185038865190097f,0.3250942597898f,-0.3154924136962839f,0.8731600453751694f,0.37155897521190995f,1.5097027364676365f,-0.9120610545184402f,-0.3871047590016964f,0.1352573043829774f,-5.155747349615731f,0f,0f,0f,1f], start_interpolation: 0, interpolation_duration: 1 }
$data merge entity $(bone_left_fingers) { transformation: [0.2619335215866877f,-0.2962118173177272f,0.9185038865190097f,0.8491331557106088f,-0.3154924136962839f,0.8731600453751694f,0.37155897521190995f,1.7332290075606338f,-0.9120610545184402f,-0.3871047590016964f,0.1352573043829774f,-5.0674939259370095f,0f,0f,0f,1f], start_interpolation: 0, interpolation_duration: 1 }
$data merge entity $(bone_left_index_finger_2) { transformation: [0.42532875920899677f,-0.2806496341764001f,0.8604250283588851f,0.5324471709243661f,-0.2876201498028557f,0.859503325909724f,0.42252654612166746f,1.3486565067027256f,-0.8581200941692942f,-0.4271882671455006f,0.28485099332125563f,-5.631833867418214f,0f,0f,0f,1f], start_interpolation: 0, interpolation_duration: 1 }
$data merge entity $(bone_left_index_finger) { transformation: [0.42532875920899677f,-0.2806496341764001f,0.8604250283588851f,1.026705553837398f,-0.2876201498028557f,0.859503325909724f,0.42252654612166746f,1.597139487551648f,-0.8581200941692942f,-0.4271882671455006f,0.28485099332125563f,-5.470139025984465f,0f,0f,0f,1f], start_interpolation: 0, interpolation_duration: 1 }
$data merge entity $(bone_left_thumb) { transformation: [0.3455631085505374f,-0.08714842170341389f,0.9343400294344097f,1.8483613046944116f,-0.30799309534069635f,0.9299885197727276f,0.2006529499244591f,1.4073241880160696f,-0.8864120888341643f,-0.35710853488195266f,0.29452861165448563f,-5.343745520101411f,0f,0f,0f,1f], start_interpolation: 0, interpolation_duration: 1 }
$data merge entity $(bone_left_hand) { transformation: [0.385503170967249f,-0.048392345567408054f,0.9214366424582218f,1.5589678872273784f,-0.2954453622990188f,0.9395743774752287f,0.17295093838438105f,1.712714799542983f,-0.874127761297053f,-0.338907317835601f,0.3479116078076171f,-4.881217531693631f,0f,0f,0f,1f], start_interpolation: 0, interpolation_duration: 1 }
$data merge entity $(bone_left_forearm) { transformation: [-0.6567107360145751f,1.7111172225768905f,0.8038204358901547f,3.206237813686644f,-1.8254433645233963f,-0.7952688619655882f,0.20154997756426687f,1.328779573551565f,0.4917376998679209f,-0.667041019083086f,1.8216939223535604f,-3.3673682914152505f,0f,0f,0f,1f], start_interpolation: 0, interpolation_duration: 1 }
$data merge entity $(bone_left_bicep) { transformation: [-1.4876441928339912f,-1.396014236159438f,-1.3906660672701212f,0.3326220686525134f,-1.815349544072986f,1.6486538512437865f,0.28694880083752733f,3.314300572740567f,0.7663640721291458f,1.1953986087946877f,-2.0198023115469548f,-1.452133627331048f,0f,0f,0f,1f], start_interpolation: 0, interpolation_duration: 1 }
$data merge entity $(bone_left_shoulder) { transformation: [-0.7427878746703881f,-0.6970365981875536f,-0.6943662318312637f,1.426246427429401f,-0.9064127269956035f,0.8231807687156936f,0.14327491139348553f,1.5106399932966705f,0.3826492538354401f,0.5968682540406557f,-1.0084969735876346f,-2.176928494916673f,0f,0f,0f,1f], start_interpolation: 0, interpolation_duration: 1 }