# This file was generated by Animated Java via MC-Build. It is not recommended to edit this file directly.
$data merge entity $(bone_left_fingers_2) { transformation: [0.5383235032597316f,0.09427592185092576f,0.8374484201414008f,1.2194105021731243f,-0.6789861384668577f,0.6371386581463748f,0.364735731818672f,1.160395524274075f,-0.49918496532651635f,-0.7649616858736098f,0.4069987586435242f,-5.720755702621586f,0f,0f,0f,1f], start_interpolation: 0, interpolation_duration: 1 }
$data merge entity $(bone_left_fingers) { transformation: [0.5383235032597316f,0.09427592185092576f,0.8374484201414008f,1.6951937250004394f,-0.6789861384668577f,0.6371386581463748f,0.364735731818672f,1.383622213444944f,-0.49918496532651635f,-0.7649616858736098f,0.4069987586435242f,-5.483754446895963f,0f,0f,0f,1f], start_interpolation: 0, interpolation_duration: 1 }
$data merge entity $(bone_left_index_finger_2) { transformation: [0.6500656568740978f,0.11376627945107298f,0.751313433536702f,1.548680794060186f,-0.6397302183600094f,0.6155108494874464f,0.4603168928904271f,0.814949958566195f,-0.41007302943488366f,-0.7798741102403018f,0.47290219148043144f,-5.951364891495558f,0f,0f,0f,1f], start_interpolation: 0, interpolation_duration: 1 }
$data merge entity $(bone_left_index_finger) { transformation: [0.6500656568740978f,0.11376627945107298f,0.751313433536702f,1.982337227611446f,-0.6397302183600094f,0.6155108494874464f,0.4603168928904271f,1.083800998940984f,-0.41007302943488366f,-0.7798741102403018f,0.47290219148043144f,-5.683332098116368f,0f,0f,0f,1f], start_interpolation: 0, interpolation_duration: 1 }
$data merge entity $(bone_left_thumb) { transformation: [0.5947252316531192f,0.2764201854984208f,0.7549130942593077f,2.6354745918295124f,-0.6644823674126212f,0.6975726000188938f,0.2680590440567135f,0.9520455216740372f,-0.45250975926808745f,-0.6610479171375547f,0.5985403654017316f,-5.151189808069778f,0f,0f,0f,1f], start_interpolation: 0, interpolation_duration: 1 }
$data merge entity $(bone_left_hand) { transformation: [0.6233780246643283f,0.27677401467417656f,0.7312974655820563f,2.258853296377189f,-0.6509008727358694f,0.7019245377952361f,0.28918851483526764f,1.4324590331766451f,-0.4332757692708929f,-0.6562759237105098f,0.6177167795362477f,-5.015899847170511f,0f,0f,0f,1f], start_interpolation: 0, interpolation_duration: 1 }
$data merge entity $(bone_left_forearm) { transformation: [-0.7782858724204708f,1.8315006275461807f,0.2125911226729568f,3.3577607488079244f,-1.624274041170627f,-0.7902498414871738f,0.8617177383339817f,1.76108455264042f,0.8725384652384338f,0.16257020845818898f,1.7937575051695016f,-3.064384985907865f,0f,0f,0f,1f], start_interpolation: 0, interpolation_duration: 1 }
$data merge entity $(bone_left_bicep) { transformation: [-1.0253358757270925f,-1.982538617200647f,-1.0555188657452628f,-0.23656177221365748f,-2.1452658033821144f,1.2080747396780747f,-0.18515711944212837f,2.884858783889753f,0.6651421483226797f,0.8402316093488525f,-2.2242953643490764f,-1.7659004850780264f,0f,0f,0f,1f], start_interpolation: 0, interpolation_duration: 1 }
$data merge entity $(bone_left_shoulder) { transformation: [-0.5119551164339585f,-0.9898910324229453f,-0.5270256279949821f,1.4246550176633241f,-1.0711414963154986f,0.6031975069381362f,-0.09244983705983331f,1.4544755973755343f,0.3321086621963726f,0.41953166916221074f,-1.1106013348370705f,-2.1768701199621185f,0f,0f,0f,1f], start_interpolation: 0, interpolation_duration: 1 }
$data merge entity $(bone_right_fingers_2) { transformation: [-0.1788341676716588f,-0.33324497802766245f,-0.9257246486361524f,1.6706017343414263f,-0.1865479894549063f,0.9353100112412083f,-0.30065766330213933f,0.13299480859398802f,0.9660321879231133f,0.11892420902118019f,-0.22943156802229628f,0.4482672988423824f,0f,0f,0f,1f], start_interpolation: 0, interpolation_duration: 1 }
$data merge entity $(bone_right_fingers) { transformation: [-0.1788341676716588f,-0.33324497802766245f,-0.9257246486361524f,1.1326963139130264f,-0.1865479894549063f,0.9353100112412083f,-0.30065766330213933f,-0.037436758128388654f,0.9660321879231133f,0.11892420902118019f,-0.22943156802229628f,0.3300108518127021f,0f,0f,0f,1f], start_interpolation: 0, interpolation_duration: 1 }
$data merge entity $(bone_right_index_finger_2) { transformation: [-0.1788341676716588f,-0.29254826060712147f,-0.9393795056785798f,1.7581520404953221f,-0.1865479894549063f,0.9475343064381694f,-0.2595738541399522f,0.19260885559131313f,0.9660321879231133f,0.12881868396504018f,-0.2240257988670011f,0.013398628304477078f,0f,0f,0f,1f], start_interpolation: 0, interpolation_duration: 1 }
$data merge entity $(bone_right_index_finger) { transformation: [-0.1788341676716588f,-0.29254826060712147f,-0.9393795056785798f,1.2150748736011208f,-0.1865479894549063f,0.9475343064381694f,-0.2595738541399522f,0.04849165902620259f,0.9660321879231133f,0.12881868396504018f,-0.2240257988670011f,-0.1149672045718656f,0f,0f,0f,1f], start_interpolation: 0, interpolation_duration: 1 }
$data merge entity $(bone_right_thumb) { transformation: [-0.1788341676716588f,-0.039450613707755586f,-0.9830879866783372f,0.4948649391564639f,-0.1865479894549063f,0.9824305149456114f,-0.005489165148965219f,-0.0964959763433297f,0.9660321879231133f,0.18241143709148835f,-0.18305157610548156f,-0.5478639302475959f,0f,0f,0f,1f], start_interpolation: 0, interpolation_duration: 1 }
$data merge entity $(bone_right_hand) { transformation: [-0.1788341676716588f,0.04638127145311871f,-0.9827853876261985f,0.4451719397600049f,-0.1865479894549063f,0.9791704824979841f,0.08015618400969993f,-0.07261995129732646f,0.9660321879231133f,0.1976713025784394f,-0.166456805308242f,0.07495599315046331f,0f,0f,0f,1f], start_interpolation: 0, interpolation_duration: 1 }
$data merge entity $(bone_right_forearm) { transformation: [-0.3579064083290305f,-0.747111654786864f,-1.8218270912425276f,-1.7520579073525264f,-0.3733443209207744f,1.843837088237603f,-0.6827924884635481f,0.07133848682794586f,1.933350406196399f,0.2177515546389349f,-0.46911324809592436f,-0.32042898311572854f,0f,0f,0f,1f], start_interpolation: 0, interpolation_duration: 1 }
$data merge entity $(bone_right_bicep) { transformation: [-2.18347494760898f,-1.1492618186531764f,-0.08676132801552612f,-2.801173423551039f,-0.5582408056390019f,1.2171929989198356f,-2.074295424713924f,1.9415688533183069f,1.0083141667022943f,-1.8148089646724777f,-1.336287418806646f,-3.6774667231282976f,0f,0f,0f,1f], start_interpolation: 0, interpolation_duration: 1 }
$data merge entity $(bone_right_shoulder) { transformation: [-1.0902195051363988f,-0.5738319336231759f,-0.04332034686161317f,-1.3900985441733373f,-0.27873230949462086f,0.6077502974746816f,-1.0357056461374576f,1.1654430129134736f,0.5034560955453f,-0.9061428131103287f,-0.6672147120564406f,-2.134408173145955f,0f,0f,0f,1f], start_interpolation: 0, interpolation_duration: 1 }
$data merge entity $(bone_chest) { transformation: [-3.9671855461475993f,-0.8435346457544698f,0.3071194703604107f,2.0584934594456691e-16f,-0.8977042972561186f,3.7274086061377507f,-1.3583027287034115f,1.5234632627898403f,0.00024970077340145377f,-1.3925906108857389f,-3.821665285362837f,-1.6808874696597196f,0f,0f,0f,1f], start_interpolation: 0, interpolation_duration: 1 }