# This file was generated by Animated Java via MC-Build. It is not recommended to edit this file directly.
$data merge entity $(bone_left_fingers_2) { transformation: [-0.7172479099644989f,0.07932894762515605f,0.6922877679984266f,0.5676183723957391f,0.2917981684550564f,0.936387513277182f,0.19501859876650196f,0.8438690324382616f,-0.6327790013407784f,0.3418849851152586f,-0.694770028437401f,2.1027370209284326f,0f,0f,0f,1f], start_interpolation: 0, interpolation_duration: 1 }
$data merge entity $(bone_left_fingers) { transformation: [-0.7172479099644989f,0.07932894762515605f,0.6922877679984266f,0.9769199840315883f,0.2917981684550564f,0.936387513277182f,0.19501859876650196f,0.9576667086451003f,-0.6327790013407784f,0.3418849851152586f,-0.694770028437401f,1.7130041576747983f,0f,0f,0f,1f], start_interpolation: 0, interpolation_duration: 1 }
$data merge entity $(bone_left_index_finger_2) { transformation: [-0.6989756438244761f,0.07860109490859271f,0.7108128566784155f,0.24271759116412234f,0.2958369050486765f,0.936689521942024f,0.1873319649585809f,0.9800985313625648f,-0.651086457355227f,0.3412251564043791f,-0.6779762663142623f,1.8039454088886882f,0f,0f,0f,1f], start_interpolation: 0, interpolation_duration: 1 }
$data merge entity $(bone_left_index_finger) { transformation: [-0.6989756438244761f,0.07860109490859271f,0.7108128566784155f,0.6528292477074948f,0.2958369050486765f,0.936689521942024f,0.1873319649585809f,1.0934802041084117f,-0.651086457355227f,0.3412251564043791f,-0.6779762663142623f,1.4151866301450298f,0f,0f,0f,1f], start_interpolation: 0, interpolation_duration: 1 }
$data merge entity $(bone_left_thumb) { transformation: [-0.7082240775842323f,0.22834987509874677f,0.6680381654309506f,0.9802314452683151f,0.29304488555814884f,0.9559631892449658f,-0.016095833523155356f,1.0417186254492838f,-0.6422953767373505f,0.18436571088730253f,-0.7439529109230267f,0.6295328392226831f,0f,0f,0f,1f], start_interpolation: 0, interpolation_duration: 1 }
$data merge entity $(bone_left_hand) { transformation: [-0.7035891154932824f,0.10644687810535058f,0.7025890823952542f,1.384841026212913f,0.2948461231225213f,0.9433219866969703f,0.15234629333758015f,0.9909661942994366f,-0.6465509417199853f,0.3143448608705185f,-0.6950965315733455f,1.1035153214757671f,0f,0f,0f,1f], start_interpolation: 0, interpolation_duration: 1 }
$data merge entity $(bone_left_forearm) { transformation: [-1.270587054440968f,0.17696339536834554f,1.5361025119234155f,3.00508556395529f,-0.3353110990149782f,1.9093360553820404f,-0.4973135106210286f,1.3668949253960065f,-1.509467931860458f,-0.5730952954514207f,-1.1825340495592747f,-0.39783162923100646f,0f,0f,0f,1f], start_interpolation: 0, interpolation_duration: 1 }
$data merge entity $(bone_left_bicep) { transformation: [-1.890870918266008f,-0.9284831373089176f,1.2877963103215957f,1.030868300031518f,-1.5859453088674118f,1.0130383202867903f,-1.59825653184995f,2.21882040269145f,0.07264812748017374f,-2.0512351225670282f,-1.3722426258537943f,-3.7511544712488387f,0f,0f,0f,1f], start_interpolation: 0, interpolation_duration: 1 }
$data merge entity $(bone_left_shoulder) { transformation: [-0.9441209110487789f,-0.4635960799975684f,0.6430028692075094f,1.3882379094336885f,-0.7918700929910828f,0.5058148880694449f,-0.7980171456249335f,1.1935017141259692f,0.03627355820008461f,-1.0241915267643844f,-0.6851673192420388f,-1.8029394232670666f,0f,0f,0f,1f], start_interpolation: 0, interpolation_duration: 1 }
$data merge entity $(bone_right_fingers_2) { transformation: [-0.17869521519084575f,-0.3332499974974358f,-0.9257496741753986f,1.6897673579750423f,-0.18949412899682422f,0.9349355586682951f,-0.2999791262960441f,0.1047335748692059f,0.965484331899608f,0.12181929365072737f,-0.2302174288597751f,0.7835724588959088f,0f,0f,0f,1f], start_interpolation: 0, interpolation_duration: 1 }
$data merge entity $(bone_right_fingers) { transformation: [-0.17869521519084575f,-0.3332499974974358f,-0.9257496741753986f,1.151849396249211f,-0.18949412899682422f,0.9349355586682951f,-0.2999791262960441f,-0.0653496089818501f,0.965484331899608f,0.12181929365072737f,-0.2302174288597751f,0.6648723133627363f,0f,0f,0f,1f], start_interpolation: 0, interpolation_duration: 1 }
$data merge entity $(bone_right_index_finger_2) { transformation: [-0.17869521519084575f,-0.29255218370078145f,-0.9394047263452542f,1.777255675837838f,-0.18949412899682422f,0.9471306128926232f,-0.25891229634256313f,0.16567413363777028f,0.965484331899608f,0.13174529188380352f,-0.22468462992118346f,0.34887521499279983f,0f,0f,0f,1f], start_interpolation: 0, interpolation_duration: 1 }
$data merge entity $(bone_right_index_finger) { transformation: [-0.17869521519084575f,-0.29255218370078145f,-0.9394047263452542f,1.234163951029085f,-0.18949412899682422f,0.9471306128926232f,-0.25891229634256313f,0.021935872188019387f,0.965484331899608f,0.13174529188380352f,-0.22468462992118346f,0.22014661196568264f,0f,0f,0f,1f], start_interpolation: 0, interpolation_duration: 1 }
$data merge entity $(bone_right_thumb) { transformation: [0.164130119898684f,-0.13975802314677485f,-0.9764880945040495f,0.513897035849814f,-0.11981773910851701f,0.9797584800823637f,-0.16036530205010152f,-0.1217493047368946f,0.9791348288856685f,0.14332137200293088f,0.1440623864519483f,-0.21308944379813188f,0f,0f,0f,1f], start_interpolation: 0, interpolation_duration: 1 }
$data merge entity $(bone_right_hand) { transformation: [-0.17869521519084575f,0.04638621092698658f,-0.9828104290776196f,0.46429029255304877f,-0.18949412899682422f,0.9785648685594942f,0.08063977366582242f,-0.09977183978940685f,0.965484331899608f,0.20064674793521378f,-0.1660749451283683f,0.4098072392854667f,0f,0f,0f,1f], start_interpolation: 0, interpolation_duration: 1 }
$data merge entity $(bone_right_forearm) { transformation: [-0.3576283183869143f,-0.7471238754979453f,-1.821876689783159f,-1.7329979645954874f,-0.3792405220528754f,1.8431476320065139f,-0.6814031151149852f,0.04533871069509443f,1.9322539648160573f,0.22347146018289196f,-0.47093725077011683f,0.015168726793495235f,0f,0f,0f,1f], start_interpolation: 0, interpolation_duration: 1 }
$data merge entity $(bone_right_bicep) { transformation: [-2.1833214988648613f,-1.149542857678659f,-0.0868996757389921f,-2.7826245523764417f,-0.5613611649655065f,1.2226887314183494f,-2.0702171410797034f,1.925762187382164f,1.006913093445571f,-1.8109325186520986f,-1.3425880000302777f,-3.3360100139613564f,0f,0f,0f,1f], start_interpolation: 0, interpolation_duration: 1 }
$data merge entity $(bone_right_shoulder) { transformation: [-1.090142887443093f,-0.5739722577554135f,-0.04338942454293898f,-1.3713166975190971f,-0.28029031985994f,0.6104943430482078f,-1.0336693395746668f,1.1449725512235478f,0.5027565329539008f,-0.9042072850353886f,-0.6703606224554681f,-1.795519505417479f,0f,0f,0f,1f], start_interpolation: 0, interpolation_duration: 1 }
$data merge entity $(bone_chest) { transformation: [-4.064348597640597f,-0.15010325135350025f,0.054531789031960334f,1.5993782297090545e-16f,-0.15970157023505757f,3.822949742183254f,-1.3798495941335256f,1.519443748527623f,-0.0003324851504736851f,-1.3809266844764447f,-3.825895399351572f,-1.3059914342834225f,0f,0f,0f,1f], start_interpolation: 0, interpolation_duration: 1 }
$data merge entity $(bone_weist) { transformation: [-1.0999999999999999f,1.717512410480046e-17f,1.3361178272215806e-16f,4.2396091508965594e-16f,0f,1.0910230020213485f,-0.14024553133816584f,0.8933368794125726f,-1.3471114790620883e-16f,-0.14024553133816584f,-1.0910230020213485f,-3.4619035903644546f,0f,0f,0f,1f], start_interpolation: 0, interpolation_duration: 1 }