# This file was generated by Animated Java via MC-Build. It is not recommended to edit this file directly.
$data merge entity $(bone_left_fingers_2) { transformation: [-0.39308699898117755f,-0.007776344845066692f,0.9194684005950515f,-1.035433229463767f,0.3082499466995299f,0.9409860326705726f,0.13973996092254093f,0.1209318431675634f,-0.8662935885666642f,0.3383560473521151f,-0.3674923177816709f,1.0336601169280373f,0f,0f,0f,1f], start_interpolation: 0, interpolation_duration: 1 }
$data merge entity $(bone_left_fingers) { transformation: [-0.39308699898117755f,-0.007776344845066692f,0.9194684005950515f,-0.5001635118882978f,0.3082499466995299f,0.9409860326705726f,0.13973996092254093f,0.2026716187744792f,-0.8662935885666642f,0.3383560473521151f,-0.3674923177816709f,0.8357349704002027f,0f,0f,0f,1f], start_interpolation: 0, interpolation_duration: 1 }
$data merge entity $(bone_left_index_finger_2) { transformation: [-0.38504805694432337f,-0.007820787637834389f,0.9228633859483888f,-1.2102744034286514f,0.3093500649001834f,0.9410213065849399f,0.13704538627558824f,0.2606148486684834f,-0.8695059121073608f,0.33825690803573644f,-0.3599190644804051f,0.6410584989624314f,0f,0f,0f,1f], start_interpolation: 0, interpolation_duration: 1 }
$data merge entity $(bone_left_index_finger) { transformation: [-0.38504805694432337f,-0.007820787637834389f,0.9228633859483888f,-0.6784532848385201f,0.3093500649001834f,0.9410213065849399f,0.13704538627558824f,0.34504032276720686f,-0.8695059121073608f,0.33825690803573644f,-0.3599190644804051f,0.4355858736752576f,0f,0f,0f,1f], start_interpolation: 0, interpolation_duration: 1 }
$data merge entity $(bone_left_thumb) { transformation: [-0.3890552262613633f,0.19165281557057198f,0.9010578389884809f,-0.07274947947757904f,0.3085366625751516f,0.9487373426726947f,-0.06857537798176006f,0.2764568852965782f,-0.8680098840253528f,0.25132976923203193f,-0.42824314160540533f,-0.16068801595901205f,0f,0f,0f,1f], start_interpolation: 0, interpolation_duration: 1 }
$data merge entity $(bone_left_hand) { transformation: [-0.3870605654278908f,0.004259790877681857f,0.9220444527637046f,0.11366518326535324f,0.309077240689775f,0.9427345556879598f,0.12539065674690503f,0.21842084403577344f,-0.8687090295249822f,0.3335167337533509f,-0.3662119745833827f,0.43330315162834443f,0f,0f,0f,1f], start_interpolation: 0, interpolation_duration: 1 }
$data merge entity $(bone_left_forearm) { transformation: [-0.6330592615923719f,0.5138636180502454f,1.8277030904135187f,2.205979214529669f,-0.005097224871974024f,1.9261633046132878f,-0.5433114904090651f,0.5468570193282862f,-1.8985595652919136f,-0.17651498337599172f,-0.6079740710203426f,-0.2907090934521648f,0f,0f,0f,1f], start_interpolation: 0, interpolation_duration: 1 }
$data merge entity $(bone_left_bicep) { transformation: [-2.33877215262927f,0.5819399261095524f,0.5360819369970599f,2.360973621614175f,-0.22314061605792113f,1.1198051614742661f,-2.189095194021938f,1.9768969104290264f,-0.7591088105404932f,-2.1220922283030643f,-1.008152513771897f,-4.005416020044274f,0f,0f,0f,1f], start_interpolation: 0, interpolation_duration: 1 }
$data merge entity $(bone_left_shoulder) { transformation: [-1.1677601438287215f,0.2905653939180829f,0.2676682801904812f,1.3792005156336864f,-0.1114151789471612f,0.5591240835295759f,-1.093025721104111f,1.157368195831387f,-0.37902666695507414f,-1.0595708192245668f,-0.5033753814624686f,-2.178115393887789f,0f,0f,0f,1f], start_interpolation: 0, interpolation_duration: 1 }
$data merge entity $(bone_right_fingers_2) { transformation: [-0.17867481882950298f,-0.3331700402103879f,-0.9257823898856863f,1.688054178842822f,-0.19052626144831358f,0.9348298260637329f,-0.2996547012816245f,0.09800843382318891f,0.9652849593849337f,0.12284510819670169f,-0.23050819199622286f,0.4022124853646581f,0f,0f,0f,1f], start_interpolation: 0, interpolation_duration: 1 }
$data merge entity $(bone_right_fingers) { transformation: [-0.17867481882950298f,-0.3331700402103879f,-0.9257823898856863f,1.1501181051677127f,-0.19052626144831358f,0.9348298260637329f,-0.2996547012816245f,-0.0719025789969086f,0.9652849593849337f,0.12284510819670169f,-0.23050819199622286f,0.283347957909083f,0f,0f,0f,1f], start_interpolation: 0, interpolation_duration: 1 }
$data merge entity $(bone_right_index_finger_2) { transformation: [-0.17867481882950298f,-0.2924708754761137f,-0.9394339232295584f,1.7755313461670752f,-0.19052626144831358f,0.947010829701697f,-0.25859279210030617f,0.15941314440989512f,0.9652849593849337f,0.13278281299151223f,-0.22493037091350734f,-0.032421680385266466f,0f,0f,0f,1f], start_interpolation: 0, interpolation_duration: 1 }
$data merge entity $(bone_right_index_finger) { transformation: [-0.17867481882950298f,-0.2924708754761137f,-0.9394339232295584f,1.232423264872478f,-0.19052626144831358f,0.947010829701697f,-0.25859279210030617f,0.0158583273732172f,0.9652849593849337f,0.13278281299151223f,-0.22493037091350734f,-0.1612859079106867f,0f,0f,0f,1f], start_interpolation: 0, interpolation_duration: 1 }
$data merge entity $(bone_right_thumb) { transformation: [-0.17867481882950298f,-0.0393617811125633f,-0.9831205212505184f,0.5121287422438069f,-0.19052626144831358f,0.9816709577061037f,-0.004677017736746433f,-0.12729900423559493f,0.9652849593849337f,0.18647461217020306f,-0.1828993335176464f,-0.5946507868076425f,0f,0f,0f,1f], start_interpolation: 0, interpolation_duration: 1 }
$data merge entity $(bone_right_hand) { transformation: [-0.17867481882950298f,0.046472601588270435f,-0.9828100561236959f,0.46254679783419883f,-0.19052626144831358f,0.9783430322921568f,0.08089904118045255f,-0.1059928183192963f,0.9652849593849337f,0.2017057472334529f,-0.1659510130075177f,0.028271193036415343f,0f,0f,0f,1f], start_interpolation: 0, interpolation_duration: 1 }
$data merge entity $(bone_right_forearm) { transformation: [-0.3575874985115727f,-0.7469668627634879f,-1.8219490824575946f,-1.734744327252264f,-0.3813061609821802f,1.8429645487224129f,-0.6807452210452792f,0.03972270636076414f,1.9318549543720485f,0.22549711819051538f,-0.4716081606402769f,-0.36612836311207086f,0f,0f,0f,1f], start_interpolation: 0, interpolation_duration: 1 }
$data merge entity $(bone_right_bicep) { transformation: [-2.1833295743538508f,-1.14951111743514f,-0.08711637810372513f,-2.784343027721345f,-0.5622762887964564f,1.2247439244834986f,-2.068753440404899f,1.9238626722378709f,1.0063848406540015f,-1.809563376348791f,-1.344828257499093f,-3.715227724865627f,0f,0f,0f,1f], start_interpolation: 0, interpolation_duration: 1 }
$data merge entity $(bone_right_shoulder) { transformation: [-1.0901469195734452f,-0.5739564096997167f,-0.04349762507214581f,-1.3730412478720864f,-0.2807472455742512f,0.611520510794671f,-1.0329385068132921f,1.1412896467110665f,0.5024927738035416f,-0.9035236657220515f,-0.67147919374556f,-2.175636847411277f,0f,0f,0f,1f], start_interpolation: 0, interpolation_duration: 1 }
$data merge entity $(bone_chest) { transformation: [-4.067136469857226f,-0.05005060417123757f,0.018168593902752633f,2.0586218958068824e-16f,-0.05324611186203255f,3.825932176953057f,-1.3797978308983618f,1.5194104855935173f,-0.00011114803174647612f,-1.3799174394152511f,-3.8262595407615487f,-1.680992345907551f,0f,0f,0f,1f], start_interpolation: 0, interpolation_duration: 1 }
$data merge entity $(bone_weist) { transformation: [-1.0999999999999999f,1.7171745215356827e-17f,1.3361221701800831e-16f,4.698872206597898e-16f,0f,1.0910265483160886f,-0.14021794061203985f,0.8933581371471293f,-1.3471114790620883e-16f,-0.14021794061203985f,-1.0910265483160886f,-3.8369203348013774f,0f,0f,0f,1f], start_interpolation: 0, interpolation_duration: 1 }