# This file was generated by Animated Java via MC-Build. It is not recommended to edit this file directly.
$data merge entity $(bone_left_fingers_2) { transformation: [-0.2846539664014436f,-0.03456576577083187f,0.9580069557412421f,-1.5269281493090636f,0.21926299030555577f,0.9705103547043614f,0.10016682331930232f,0.12769761011286965f,-0.9332180133785415f,0.2385683534090188f,-0.26868062873515425f,0.7693966046828604f,0f,0f,0f,1f], start_interpolation: 0, interpolation_duration: 1 }
$data merge entity $(bone_left_fingers) { transformation: [-0.2846539664014436f,-0.03456576577083187f,0.9580069557412421f,-0.9710937336265898f,0.21926299030555577f,0.9705103547043614f,0.10016682331930232f,0.1880248712573353f,-0.9332180133785415f,0.2385683534090188f,-0.26868062873515425f,0.6287617974572426f,0f,0f,0f,1f], start_interpolation: 0, interpolation_duration: 1 }
$data merge entity $(bone_left_index_finger_2) { transformation: [-0.2846539664014436f,-0.03456576577083187f,0.9580069557412421f,-1.6541328905447088f,0.21926299030555577f,0.9705103547043614f,0.10016682331930232f,0.225680758905665f,-0.9332180133785415f,0.2385683534090188f,-0.26868062873515425f,0.35236480495432426f,0f,0f,0f,1f], start_interpolation: 0, interpolation_duration: 1 }
$data merge entity $(bone_left_index_finger) { transformation: [-0.2846539664014436f,-0.03456576577083187f,0.9580069557412421f,-1.1022124669002549f,0.21926299030555577f,0.9705103547043614f,0.10016682331930232f,0.289022886166832f,-0.9332180133785415f,0.2385683534090188f,-0.26868062873515425f,0.1988982500447516f,0f,0f,0f,1f], start_interpolation: 0, interpolation_duration: 1 }
$data merge entity $(bone_left_thumb) { transformation: [-0.2846539664014436f,0.17360423654554558f,0.9427797666822111f,-0.43188320026425525f,0.21926299030555577f,0.9691854527350542f,-0.11226441684262055f,0.17025087848176013f,-0.9332180133785415f,0.17476019930231868f,-0.31394746733430123f,-0.3145949082984669f,0f,0f,0f,1f], start_interpolation: 0, interpolation_duration: 1 }
$data merge entity $(bone_left_hand) { transformation: [-0.2846539664014436f,-0.03456576577083187f,0.9580069557412421f,-0.3150381977305883f,0.21926299030555577f,0.9705103547043614f,0.10016682331930232f,0.1719907735247561f,-0.9332180133785415f,0.2385683534090188f,-0.26868062873515425f,0.29964310248458836f,0f,0f,0f,1f], start_interpolation: 0, interpolation_duration: 1 }
$data merge entity $(bone_left_forearm) { transformation: [-0.42579615435606805f,0.5500359295065029f,1.8765597631139266f,1.847950106999916f,-0.04019293989605986f,1.9176625475943545f,-0.5712033915227889f,0.4601895117037582f,-1.9550960579646184f,-0.15921451930192215f,-0.3969490827869017f,-0.19359954233567978f,0f,0f,0f,1f], start_interpolation: 0, interpolation_duration: 1 }
$data merge entity $(bone_left_bicep) { transformation: [-2.237657161057062f,1.0260833855958729f,0.18956903244787776f,2.6963533262701125f,0.21752391260577494f,0.8974132668395283f,-2.2898091358526247f,1.6839772120815553f,-1.0205228462429388f,-2.0585663499128657f,-0.903731600637985f,-3.8882768690821266f,0f,0f,0f,1f], start_interpolation: 0, interpolation_duration: 1 }
$data merge entity $(bone_left_shoulder) { transformation: [-1.1172729439666669f,0.5123283516937076f,0.09465272636666969f,1.3743293750000003f,0.10861073199676125f,0.4480827447770831f,-1.1433126749082863f,1.1486624700601158f,-0.5095519477471975f,-1.027852043711361f,-0.45123751912179594f,-2.1735686947063244f,0f,0f,0f,1f], start_interpolation: 0, interpolation_duration: 1 }
$data merge entity $(bone_right_fingers_2) { transformation: [-0.1774716172473768f,-0.3298019777590132f,-0.9272186799983291f,1.6881547442824796f,-0.18661161319862424f,0.9363588494433642f,-0.2973351827290306f,0.10391348953271426f,0.9662711477070023f,0.1202612179189217f,-0.2277219984403132f,0.4020143596319594f,0f,0f,0f,1f], start_interpolation: 0, interpolation_duration: 1 }
$data merge entity $(bone_right_fingers) { transformation: [-0.1774716172473768f,-0.3298019777590132f,-0.9272186799983291f,1.1494269259685161f,-0.18661161319862424f,0.9363588494433642f,-0.2973351827290306f,-0.06459805444981567f,0.9662711477070023f,0.1202612179189217f,-0.2277219984403132f,0.2847542008179679f,0f,0f,0f,1f], start_interpolation: 0, interpolation_duration: 1 }
$data merge entity $(bone_right_index_finger_2) { transformation: [-0.1774716172473768f,-0.28904336857909885f,-0.9407219334915328f,1.7750084248620337f,-0.18661161319862424f,0.9484372218116282f,-0.25620878615232423f,0.16353227001688805f,0.9662711477070023f,0.13007984994874344f,-0.22225953690742897f,-0.03299333053662826f,0f,0f,0f,1f], start_interpolation: 0, interpolation_duration: 1 }
$data merge entity $(bone_right_index_finger) { transformation: [-0.1774716172473768f,-0.28904336857909885f,-0.9407219334915328f,1.2311778610634434f,-0.18661161319862424f,0.9484372218116282f,-0.25620878615232423f,0.021359658545023114f,0.9662711477070023f,0.13007984994874344f,-0.22225953690742897f,-0.16033393295170217f,0f,0f,0f,1f], start_interpolation: 0, interpolation_duration: 1 }
$data merge entity $(bone_right_thumb) { transformation: [-0.1774716172473768f,-0.03571770209486633f,-0.9834775395649171f,0.5095830462843913f,-0.18661161319862424f,0.9824317205405257f,-0.002005067377729819f,-0.12086581196133935f,0.9662711477070023f,0.18317248765260727f,-0.18101908428712105f,-0.5918384844999134f,0f,0f,0f,1f], start_interpolation: 0, interpolation_duration: 1 }
$data merge entity $(bone_right_hand) { transformation: [-0.1774716172473768f,0.050133929981493464f,-0.9828481134622029f,0.4612602904233283f,-0.18661161319862424f,0.9788680243761883f,0.0836271288115581f,-0.09725564648561114f,0.9662711477070023f,0.19825231377834804f,-0.16436571780795356f,0.031099383264423852f,0f,0f,0f,1f], start_interpolation: 0, interpolation_duration: 1 }
$data merge entity $(bone_right_forearm) { transformation: [-0.35517949358521417f,-0.7403580532859483f,-1.8251148600835383f,-1.7362782371279195f,-0.3734716531073191f,1.8462242051208f,-0.6762409932693497f,0.054479296748134454f,1.9338286438793892f,0.2205740455884863f,-0.46581180615232515f,-0.3596348478139242f,0f,0f,0f,1f], start_interpolation: 0, interpolation_duration: 1 }
$data merge entity $(bone_right_bicep) { transformation: [-2.1832830748302774f,-1.1488421826553439f,-0.09659066828848198f,-2.785926769502083f,-0.5515263907473293f,1.2224239045433434f,-2.0730150845083815f,1.930716875969537f,1.0124162968650467f,-1.811555833984085f,-1.337599269171957f,-3.713152088375245f,0f,0f,0f,1f], start_interpolation: 0, interpolation_duration: 1 }
$data merge entity $(bone_right_shoulder) { transformation: [-1.090123702138487f,-0.5736224073584503f,-0.04822818356472439f,-1.3743293749999999f,-0.27537976996193886f,0.6103621137203962f,-1.035066366137098f,1.1486624700601158f,0.5055043087940659f,-0.9045185093677429f,-0.6678697252305777f,-2.173568694706325f,0f,0f,0f,1f], start_interpolation: 0, interpolation_duration: 1 }
$data merge entity $(bone_chest) { transformation: [-4.0674850000000005f,1.7419644095512387e-16f,4.666715876689266e-16f,2.0582263877135247e-16f,0f,3.8106626987784677f,-1.4224218858564461f,1.5342387273944629f,-4.981232485829872e-16f,-1.4224218858564461f,-3.8106626987784677f,-1.6806693890406135f,0f,0f,0f,1f], start_interpolation: 0, interpolation_duration: 1 }
$data merge entity $(bone_weist) { transformation: [-1.0999999999999999f,1.8676695460917828e-17f,1.33410173588331e-16f,4.689667010459142e-16f,0f,1.0893767385111883f,-0.15250679194949326f,0.8839251078119251f,-1.3471114790620883e-16f,-0.15250679194949326f,-1.0893767385111883f,-3.829403721729621f,0f,0f,0f,1f], start_interpolation: 0, interpolation_duration: 1 }
$data merge entity $(bone_right_fingers2) { transformation: [-0.9959925062629221f,-0.02598749828267717f,-0.08557790252811172f,1.1808023223983541f,0.021804562461419173f,-0.9985382700027168f,0.04945588332896367f,-0.023382524116049963f,-0.08673804542396146f,0.047391700465269804f,0.995103280168969f,-10.694898182943655f,0f,0f,0f,1f], start_interpolation: 0, interpolation_duration: 1 }
$data merge entity $(bone_left_foot) { transformation: [-0.9959925062629221f,-0.06657712810827661f,0.059719456469037466f,1.1086965171721552f,0.021804562461419173f,0.46682276012592916f,0.8840820503122295f,0.25479695514437983f,-0.08673804542396146f,0.8818412536512814f,-0.4635002856900603f,-9.74135267600837f,0f,0f,0f,1f], start_interpolation: 0, interpolation_duration: 1 }
$data merge entity $(bone_left_knee) { transformation: [-1.5786622323205703f,0.06411879461728967f,0.12642881378660328f,0.9420311957879046f,0.034560540399317594f,1.5450405943391654f,-0.35202988427889687f,0.1290227989592141f,-0.13748103078595575f,-0.3478624017552519f,-1.5402469360960038f,-7.674086981564802f,0f,0f,0f,1f], start_interpolation: 0, interpolation_duration: 1 }
$data merge entity $(bone_left_thigh) { transformation: [-1.5972267026435558f,-0.14273903049163114f,-0.014015814204472492f,0.7385400000000006f,0.034966959273129726f,-0.5395215396964292f,1.5097674766247602f,0.4612560881241736f,-0.13909775567095387f,1.5034114842214736f,0.5404717726111143f,-5.603737900918066f,0f,0f,0f,1f], start_interpolation: 0, interpolation_duration: 1 }
$data merge entity $(bone_left_fingers2) { transformation: [-0.9959925062629221f,0.025987498282677164f,0.08557790252811147f,-1.1775996001337754f,-0.021804562461419173f,-0.9985382700027168f,0.04945588332896367f,-0.06619428702862062f,0.08673804542396121f,0.047391700465269804f,0.995103280168969f,-10.649861734022616f,0f,0f,0f,1f], start_interpolation: 0, interpolation_duration: 1 }
$data merge entity $(bone_right_foot) { transformation: [-0.9959925062629221f,0.0665771281082764f,-0.059719456469037355f,-1.1054937949075767f,-0.021804562461419173f,0.46682276012592916f,0.8840820503122295f,0.21198519223180917f,0.08673804542396121f,0.8818412536512814f,-0.4635002856900603f,-9.696316227087332f,0f,0f,0f,1f], start_interpolation: 0, interpolation_duration: 1 }
$data merge entity $(bone_right_knee) { transformation: [-1.5786622323205703f,-0.0641187946172896f,-0.1264288137866029f,-0.9397564709260826f,-0.034560540399317594f,1.5450405943391654f,-0.35202988427889687f,0.1173180527165989f,0.13748103078595536f,-0.3478624017552519f,-1.5402469360960038f,-7.631886699516161f,0f,0f,0f,1f], start_interpolation: 0, interpolation_duration: 1 }
$data merge entity $(bone_right_thigh) { transformation: [-1.5972267026435558f,0.14273903049163078f,0.014015814204472359f,-0.7385399999999993f,-0.034966959273129726f,-0.5395215396964292f,1.5097674766247602f,0.444962615305309f,0.13909775567095348f,1.5034114842214736f,0.5404717726111143f,-5.5888112803852f,0f,0f,0f,1f], start_interpolation: 0, interpolation_duration: 1 }