# This file was generated by Animated Java via MC-Build. It is not recommended to edit this file directly.
$data merge entity $(bone_left_fingers_2) { transformation: [-0.3832960745346126f,0.15475915792599737f,0.9105678021346861f,-1.500787386723104f,0.20565141509812357f,0.9754141587385072f,-0.07921309488076834f,0.2317906192437635f,-0.900439678554036f,0.15689748873225015f,-0.4056988579168267f,1.2266129154992331f,0f,0f,0f,1f], start_interpolation: 0, interpolation_duration: 1 }
$data merge entity $(bone_left_fingers) { transformation: [-0.3832960745346126f,0.15475915792599737f,0.9105678021346861f,-0.969841737653234f,0.20565141509812357f,0.9754141587385072f,-0.07921309488076834f,0.18895283419438003f,-0.900439678554036f,0.15689748873225015f,-0.4056988579168267f,1.0060883885107526f,0f,0f,0f,1f], start_interpolation: 0, interpolation_duration: 1 }
$data merge entity $(bone_left_index_finger_2) { transformation: [-0.04454858901804595f,0.1704441318412215f,0.9843598026826336f,-1.6692907235357417f,0.2361103661753364f,0.959218977154422f,-0.15540543378972677f,0.3732110147982413f,-0.9707045473268627f,0.2254944606586089f,-0.0829754783730309f,0.6225754668532659f,0f,0f,0f,1f], start_interpolation: 0, interpolation_duration: 1 }
$data merge entity $(bone_left_index_finger) { transformation: [-0.04454858901804595f,0.1704441318412215f,0.9843598026826336f,-1.1009967236039375f,0.2361103661753364f,0.959218977154422f,-0.15540543378972677f,0.28919594608233523f,-0.9707045473268627f,0.2254944606586089f,-0.0829754783730309f,0.576059228099171f,0f,0f,0f,1f], start_interpolation: 0, interpolation_duration: 1 }
$data merge entity $(bone_left_thumb) { transformation: [-0.2847326696351773f,0.17027689730530046f,0.9433626477058041f,-0.42992360407091373f,0.2176241235016666f,0.9698844970494933f,-0.10937917193498362f,0.17225913454261424f,-0.9335775531323341f,0.17415464572365424f,-0.3132141626113228f,0.06311674640094644f,0f,0f,0f,1f], start_interpolation: 0, interpolation_duration: 1 }
$data merge entity $(bone_left_hand) { transformation: [-0.2847326696351773f,-0.037940392329134986f,0.9578558521366022f,-0.31350948212846674f,0.2176241235016666f,0.9705683475834224f,0.10313497728373422f,0.1748436250642481f,-0.9335775531323341f,0.23781843767693112f,-0.26809577204489315f,0.6774335932834739f,0f,0f,0f,1f], start_interpolation: 0, interpolation_duration: 1 }
$data merge entity $(bone_left_forearm) { transformation: [-0.4243084308057958f,0.5438012381609152f,1.8787125917160596f,1.8488545934440648f,-0.043062551845718985f,1.9193517482452311f,-0.5652901170967042f,0.4698260764043509f,-1.9553583828869716f,-0.16027324553189234f,-0.3952271683361553f,0.1854659278491102f,0f,0f,0f,1f], start_interpolation: 0, interpolation_duration: 1 }
$data merge entity $(bone_left_bicep) { transformation: [-2.2376578241801637f,1.0245337442365428f,0.19776544565471482f,2.6957615977078246f,0.2093587177195343f,0.8992630120259324f,-2.289844550445716f,1.6936509024470485f,-1.022227710390004f,-2.0585309676591605f,-0.9018835102096677f,-3.5095423574093716f,0f,0f,0f,1f], start_interpolation: 0, interpolation_duration: 1 }
$data merge entity $(bone_left_shoulder) { transformation: [-1.1172732750672096f,0.5115546083366986f,0.09874523476024508f,1.3743293750000003f,0.10453381106026617f,0.4490063314131278f,-1.1433303575843332f,1.1552484598687474f,-0.5104031945859917f,-1.027834377182525f,-0.4503147587143942f,-1.7953448732659332f,0f,0f,0f,1f], start_interpolation: 0, interpolation_duration: 1 }
$data merge entity $(bone_right_fingers_2) { transformation: [-0.17636782281328406f,-0.32651440455042496f,-0.9285918019760802f,1.6892763860842968f,-0.18513632012282155f,0.937546890985425f,-0.2945002040320913f,0.10282850655985402f,0.9667569156967444f,0.11997570931086349f,-0.22580277927402262f,0.7757765748035484f,0f,0f,0f,1f], start_interpolation: 0, interpolation_duration: 1 }
$data merge entity $(bone_right_fingers) { transformation: [-0.17636782281328406f,-0.32651440455042496f,-0.9285918019760802f,1.1497913961180521f,-0.18513632012282155f,0.937546890985425f,-0.2945002040320913f,-0.0640220091957135f,0.9667569156967444f,0.11997570931086349f,-0.22580277927402262f,0.6596275389960855f,0f,0f,0f,1f], start_interpolation: 0, interpolation_duration: 1 }
$data merge entity $(bone_right_index_finger_2) { transformation: [-0.17636782281328406f,-0.2856990296722912f,-0.9419503466321426f,1.7755530761872835f,-0.18513632012282155f,0.9495004725674351f,-0.2533246840826954f,0.16176042743870245f,0.9667569156967444f,0.12971089791736318f,-0.22035459812309158f,0.3405605218265842f,0f,0f,0f,1f], start_interpolation: 0, interpolation_duration: 1 }
$data merge entity $(bone_right_index_finger) { transformation: [-0.17636782281328406f,-0.2856990296722912f,-0.9419503466321426f,1.2310338959345866f,-0.18513632012282155f,0.9495004725674351f,-0.2533246840826954f,0.021256137320388044f,0.9667569156967444f,0.12971089791736318f,-0.22035459812309158f,0.21431564314655335f,0f,0f,0f,1f], start_interpolation: 0, interpolation_duration: 1 }
$data merge entity $(bone_right_thumb) { transformation: [0.1669656799012002f,-0.13264738411114047f,-0.976999044638019f,0.5082117516713203f,-0.11772146620825898f,0.9811382769994894f,-0.1533275506888786f,-0.11899822737305972f,0.9789096577973412f,0.14061419876721026f,0.14820097495005843f,-0.21577760270913915f,0f,0f,0f,1f], start_interpolation: 0, interpolation_duration: 1 }
$data merge entity $(bone_right_hand) { transformation: [-0.17636782281328406f,0.05369672261204228f,-0.9828586129534744f,0.4610722679760231f,-0.18513632012282155f,0.9788807322622448f,0.086700951419874f,-0.09465472959076793f,0.9667569156967444f,0.19725408484099033f,-0.1627018499159158f,0.4072227014121691f,0f,0f,0f,1f], start_interpolation: 0, interpolation_duration: 1 }
$data merge entity $(bone_right_forearm) { transformation: [-0.3529704352906883f,-0.7339046617486967f,-1.828147311214497f,-1.736646590773055f,-0.37051910297180657f,1.8488470914656405f,-0.6706763742212567f,0.06393170436471607f,1.9348008265375098f,0.22017073390697242f,-0.4619495446336052f,0.02024147025156875f,0f,0f,0f,1f], start_interpolation: 0, interpolation_duration: 1 }
$data merge entity $(bone_right_bicep) { transformation: [-2.1832807678642734f,-1.1480384094443925f,-0.10576389650272276f,-2.786083217548102f,-0.5434241150024225f,1.2245175461013695f,-2.073919022819545f,1.9405121690976408f,1.0167932054242315f,-1.8106511791119047f,-1.3355025225258268f,-3.3331502312508983f,0f,0f,0f,1f], start_interpolation: 0, interpolation_duration: 1 }
$data merge entity $(bone_right_shoulder) { transformation: [-1.0901225502593057f,-0.5732210795423264f,-0.05280842037265492f,-1.3743293749999999f,-0.2713342648542372f,0.6114074789836081f,-1.0355177068677759f,1.1552484598687474f,0.5076897202129819f,-0.9040668108547155f,-0.6668228095819949f,-1.7953448732659336f,0f,0f,0f,1f], start_interpolation: 0, interpolation_duration: 1 }
$data merge entity $(bone_chest) { transformation: [-4.0674850000000005f,1.779191759139125e-16f,4.652650186947035e-16f,1.5988274785055938e-16f,0f,3.79917719148606f,-1.4528203236866892f,1.5447502426127728f,-4.981232485829872e-16f,-1.4528203236866892f,-3.79917719148606f,-1.3055417117970338f,0f,0f,0f,1f], start_interpolation: 0, interpolation_duration: 1 }
$data merge entity $(bone_weist) { transformation: [-1.0999999999999999f,1.9741928983290556e-17f,1.3325670568578222e-16f,4.2238215536255163e-16f,0f,1.08812357798641f,-0.1612050837599515f,0.8772908856184086f,-1.3471114790620883e-16f,-0.1612050837599515f,-1.08812357798641f,-3.449012038872192f,0f,0f,0f,1f], start_interpolation: 0, interpolation_duration: 1 }
$data merge entity $(bone_right_fingers2) { transformation: [-0.9959926688372415f,-0.025987989873503783f,-0.08557586111050032f,1.1807917418168212f,0.021805348778165243f,-0.9985383642012593f,0.04945363467872116f,-0.02337102214656739f,-0.08673598092563167f,0.047389446088855036f,0.9951035674804207f,-10.319900196937787f,0f,0f,0f,1f], start_interpolation: 0, interpolation_duration: 1 }
$data merge entity $(bone_left_foot) { transformation: [-0.9959926688372415f,-0.06657507020033819f,0.059719039261269244f,1.1086880285242517f,0.021805348778165243f,0.46682076196672834f,0.8840830860057589f,0.2548062965487824f,-0.08673598092563167f,0.8818424667845292f,-0.46349836395422706f,-9.36635390151303f,0f,0f,0f,1f], start_interpolation: 0, interpolation_duration: 1 }
$data merge entity $(bone_left_knee) { transformation: [-1.5786624900031696f,0.06411900008903086f,0.12642549196504213f,0.9420268136262329f,0.0345617867224996f,1.545041360283744f,-0.35202640021045867f,0.12902746239183582f,-0.13747775852685598f,-0.34785896190003257f,-1.5402480050531768f,-7.299088160620899f,0f,0f,0f,1f], start_interpolation: 0, interpolation_duration: 1 }
$data merge entity $(bone_left_thigh) { transformation: [-1.597226963356405f,-0.14273630764818165f,-0.014013833071348153f,0.7385400000000005f,0.034968220252600615f,-0.5395249290661097f,1.509766236209992f,0.4612560881241736f,-0.13909444493132564f,1.5034105264053073f,0.5404752889763542f,-5.228737900918066f,0f,0f,0f,1f], start_interpolation: 0, interpolation_duration: 1 }
$data merge entity $(bone_left_fingers2) { transformation: [-0.9959926688372415f,0.025987989873503772f,0.08557586111050011f,-1.1775890648407314f,-0.021805348778165243f,-0.9985383642012593f,0.04945363467872116f,-0.06618285273790447f,0.08673598092563142f,0.047389446088855036f,0.9951035674804207f,-10.274863802805621f,0f,0f,0f,1f], start_interpolation: 0, interpolation_duration: 1 }
$data merge entity $(bone_right_foot) { transformation: [-0.9959926688372415f,0.066575070200338f,-0.05971903926126915f,-1.1054853515481622f,-0.021805348778165243f,0.46682076196672834f,0.8840830860057589f,0.2119944659574453f,0.08673598092563142f,0.8818424667845292f,-0.46349836395422706f,-9.321317507380863f,0f,0f,0f,1f], start_interpolation: 0, interpolation_duration: 1 }
$data merge entity $(bone_right_knee) { transformation: [-1.5786624900031696f,-0.06411900008903078f,-0.1264254919650418f,-0.9397521466173981f,-0.0345617867224996f,1.545041360283744f,-0.35202640021045867f,0.11732265447685708f,0.1374777585268556f,-0.34785896190003257f,-1.5402480050531768f,-7.256887863371015f,0f,0f,0f,1f], start_interpolation: 0, interpolation_duration: 1 }
$data merge entity $(bone_right_thigh) { transformation: [-1.597226963356405f,0.1427363076481813f,0.01401383307134802f,-0.7385399999999994f,-0.034968220252600615f,-0.5395249290661097f,1.509766236209992f,0.444962615305309f,0.13909444493132522f,1.5034105264053073f,0.5404752889763542f,-5.2138112803852f,0f,0f,0f,1f], start_interpolation: 0, interpolation_duration: 1 }