# This file was generated by Animated Java via MC-Build. It is not recommended to edit this file directly.
$data merge entity $(bone_left_fingers_2) { transformation: [-0.3797373647462723f,0.13760660258932628f,0.9148026873262779f,-1.4988113577050417f,0.20044951150237977f,0.9776212638703984f,-0.06384870998620602f,0.22571869155927582f,-0.9031165634368657f,0.15912601092300593f,-0.3988224987305976f,1.229562192714057f,0f,0f,0f,1f], start_interpolation: 0, interpolation_duration: 1 }
$data merge entity $(bone_left_fingers) { transformation: [-0.3797373647462723f,0.13760660258932628f,0.9148026873262779f,-0.9655732007330088f,0.20044951150237977f,0.9776212638703984f,-0.06384870998620602f,0.19182003051873692f,-0.9031165634368657f,0.15912601092300593f,-0.3988224987305976f,1.0130503597201435f,0f,0f,0f,1f], start_interpolation: 0, interpolation_duration: 1 }
$data merge entity $(bone_left_index_finger_2) { transformation: [-0.05471137784904634f,0.15228856059817114f,0.9868205811822106f,-1.6664943465708248f,0.23295313905212744f,0.9629746579708147f,-0.13569319478792302f,0.36245561448618685f,-0.9709477329597198f,0.22245899041605458f,-0.08816176860437142f,0.632076348825406f,0f,0f,0f,1f], start_interpolation: 0, interpolation_duration: 1 }
$data merge entity $(bone_left_index_finger) { transformation: [-0.05471137784904634f,0.15228856059817114f,0.9868205811822106f,-1.0968871647925935f,0.23295313905212744f,0.9629746579708147f,-0.13569319478792302f,0.28982286457847073f,-0.9709477329597198f,0.22245899041605458f,-0.08816176860437142f,0.5825535792627063f,0f,0f,0f,1f], start_interpolation: 0, interpolation_duration: 1 }
$data merge entity $(bone_left_thumb) { transformation: [-0.28507780528539395f,0.1604299098430278f,0.9449830098797655f,-0.42372649710377586f,0.2127605624091913f,0.9718897157463338f,-0.10081331018191857f,0.1783412045442525f,-0.9345927391206225f,0.1723154794389324f,-0.3111973449898685f,0.07113408986446879f,0f,0f,0f,1f], start_interpolation: 0, interpolation_duration: 1 }
$data merge entity $(bone_left_hand) { transformation: [-0.28507780528539395f,-0.04790467743408394f,0.9573065270923412f,-0.30851084391285255f,0.2127605624091913f,0.9706720427796693f,0.11193180267139857f,0.18342289680096913f,-0.9345927391206225f,0.23558634774935644f,-0.2665248294946114f,0.6856612620921703f,0f,0f,0f,1f], start_interpolation: 0, interpolation_duration: 1 }
$data merge entity $(bone_left_forearm) { transformation: [-0.4201511087107171f,0.5252624127435627f,1.8849113711150085f,1.8517880383040506f,-0.05153288233848843f,1.924234773278476f,-0.5477073421951882f,0.49851329795021804f,-1.9560510834939202f,-0.16351870968008667f,-0.39044106302682446f,0.19710010486187324f,0f,0f,0f,1f], start_interpolation: 0, interpolation_duration: 1 }
$data merge entity $(bone_left_bicep) { transformation: [-2.2376570620824374f,1.0195768195961077f,0.22191684060463557f,2.6936734965881746f,0.18514841629733605f,0.904727209283111f,-2.289777684277329f,1.7224358149733363f,-1.0268904708605715f,-2.0585977966601785f,-0.8964174112157098f,-3.49902319588065f,0f,0f,0f,1f], start_interpolation: 0, interpolation_duration: 1 }
$data merge entity $(bone_left_shoulder) { transformation: [-1.1172728945481627f,0.5090795921088224f,0.11080414199867684f,1.3743293750000003f,0.0924454915379307f,0.45173463128953f,-1.1432969709860168f,1.1748799231327596f,-0.5127313332341398f,-1.0278677452229956f,-0.4475855092917044f,-1.7861171978264907f,0f,0f,0f,1f], start_interpolation: 0, interpolation_duration: 1 }
$data merge entity $(bone_right_fingers_2) { transformation: [-0.17324085014707746f,-0.31670555498043856f,-0.932569139144573f,1.6918957950144229f,-0.18077962550040055f,0.941024014934604f,-0.2859939340620594f,0.09944874174914445f,0.968145823130097f,0.11904366745396841f,-0.2202777119793471f,0.7723294120522012f,0f,0f,0f,1f], start_interpolation: 0, interpolation_duration: 1 }
$data merge entity $(bone_right_fingers) { transformation: [-0.17324085014707746f,-0.31670555498043856f,-0.932569139144573f,1.1502182976571027f,-0.18077962550040055f,0.941024014934604f,-0.2859939340620594f,-0.06241937510962392f,0.968145823130097f,0.11904366745396841f,-0.2202777119793471f,0.6593783203041018f,0f,0f,0f,1f], start_interpolation: 0, interpolation_duration: 1 }
$data merge entity $(bone_right_index_finger_2) { transformation: [-0.17324085014707746f,-0.27572602694299736f,-0.9454960422479552f,1.7765253900525857f,-0.18077962550040055f,0.952603248780225f,-0.24467484018038338f,0.15635318847005056f,0.968145823130097f,0.12853874310724628f,-0.21487544456302252f,0.336520546941004f,0f,0f,0f,1f], start_interpolation: 0, interpolation_duration: 1 }
$data merge entity $(bone_right_index_finger) { transformation: [-0.17324085014707746f,-0.27572602694299736f,-0.9454960422479552f,1.2300204354420665f,-0.18077962550040055f,0.952603248780225f,-0.24467484018038338f,0.020851940229129756f,0.968145823130097f,0.12853874310724628f,-0.21487544456302252f,0.2134266441311453f,0f,0f,0f,1f], start_interpolation: 0, interpolation_duration: 1 }
$data merge entity $(bone_right_thumb) { transformation: [0.17079359721281445f,-0.1223184267468242f,-0.9776848928101981f,0.5036768221408562f,-0.11670089340984435f,0.9827686478542454f,-0.14334115344897524f,-0.11347448044753734f,0.978371324512555f,0.1385784516904425f,0.1535759229131593f,-0.2126070485603257f,0f,0f,0f,1f], start_interpolation: 0, interpolation_duration: 1 }
$data merge entity $(bone_right_hand) { transformation: [-0.17324085014707746f,0.06428097900654695f,-0.9827795091363462f,0.45995451800275755f,-0.18077962550040055f,0.9788379673221401f,0.09589035787083244f,-0.08698288471521098f,0.968145823130097f,0.19427863872958662f,-0.15795403030352212f,0.41055478533115136f,0f,0f,0f,1f], start_interpolation: 0, interpolation_duration: 1 }
$data merge entity $(bone_right_forearm) { transformation: [-0.34671232717591316f,-0.7146397976872565f,-1.8369559858560411f,-1.7380509452153785f,-0.36179991387724847f,1.8565419154909146f,-0.6539722551991826f,0.09209056908431146f,1.9375804903872358f,0.21878950572046624f,-0.45082121476691395f,0.03428760072136061f,0f,0f,0f,1f], start_interpolation: 0, interpolation_duration: 1 }
$data merge entity $(bone_right_bicep) { transformation: [-2.1832834191526995f,-1.145213019695456f,-0.13286742965066473f,-2.786150515773033f,-0.5192389101120842f,1.23080225499353f,-2.0763934757211895f,1.9697754581560623f,1.029348127975941f,-1.8081775497201378f,-1.3292213821668566f,-3.3189040319606007f,0f,0f,0f,1f], start_interpolation: 0, interpolation_duration: 1 }
$data merge entity $(bone_right_shoulder) { transformation: [-1.0901238740603225f,-0.5718103489006598f,-0.06634134436079353f,-1.3743293749999999f,-0.2592584761505286f,0.6145454642514678f,-1.0367532130598063f,1.1748799231327596f,0.5139584532095932f,-0.9028317158451136f,-0.6636866060998585f,-1.7861171978264911f,0f,0f,0f,1f], start_interpolation: 0, interpolation_duration: 1 }
$data merge entity $(bone_chest) { transformation: [-4.0674850000000005f,1.8886484764445475e-16f,4.609304070064215e-16f,1.598967099524213e-16f,0f,3.7637824009938154f,-1.5421985161431837f,1.5758481825270858f,-4.981232485829872e-16f,-1.5421985161431837f,-3.7637824009938154f,-1.3056557210107242f,0f,0f,0f,1f], start_interpolation: 0, interpolation_duration: 1 }
$data merge entity $(bone_weist) { transformation: [-1.0999999999999999f,2.2885600567764247e-17f,1.3275293841140098e-16f,4.203910822770974e-16f,0f,1.0840100060182964f,-0.18687511030689088f,0.8579197372488894f,-1.3471114790620883e-16f,-0.18687511030689088f,-1.0840100060182964f,-3.4327536933080625f,0f,0f,0f,1f], start_interpolation: 0, interpolation_duration: 1 }
$data merge entity $(bone_right_fingers2) { transformation: [-0.9959924819976785f,-0.025987424911724757f,-0.08557820721750069f,1.1808039015904268f,0.021804445100708253f,-0.9985382559427448f,0.04945621894839852f,-0.02338424082777807f,-0.08673835355800925f,0.047392036939545024f,0.9951032372858442f,-10.319897882343277f,0f,0f,0f,1f], start_interpolation: 0, interpolation_duration: 1 }
$data merge entity $(bone_left_foot) { transformation: [-0.9959924819976785f,-0.06657743525854684f,0.059719518739671885f,1.1086977841353263f,0.021804445100708253f,0.4668230583584355f,0.8840818957306653f,0.254795560904935f,-0.08673835355800925f,0.8818410725857982f,-0.4635005725161244f,-9.366352493093824f,0f,0f,0f,1f], start_interpolation: 0, interpolation_duration: 1 }
$data merge entity $(bone_left_knee) { transformation: [-1.5786621938598153f,0.06411876395118744f,0.12642930958094412f,0.9420318498420918f,0.03456035438092817f,1.5450404800183186f,-0.3520304042889705f,0.12902210292461502f,-0.13748151918278673f,-0.3478629151665398f,-1.5402467765488288f,-7.299086805584525f,0f,0f,0f,1f], start_interpolation: 0, interpolation_duration: 1 }
$data merge entity $(bone_left_thigh) { transformation: [-1.597226663730517f,-0.14273943688696092f,-0.01401610989489805f,0.7385400000000005f,0.034966771067234455f,-0.5395210338200646f,1.5097676617605673f,0.4612560881241736f,-0.1390982498111467f,1.5034116271780102f,0.5404712477797073f,-5.228737900918066f,0f,0f,0f,1f], start_interpolation: 0, interpolation_duration: 1 }
$data merge entity $(bone_left_fingers2) { transformation: [-0.9959924819976785f,0.02598742491172475f,0.08557820721750045f,-1.1776011725663442f,-0.021804445100708253f,-0.9985382559427448f,0.04945621894839852f,-0.06619599363902667f,0.086738353558009f,0.047392036939545024f,0.9951032372858442f,-10.274861425244811f,0f,0f,0f,1f], start_interpolation: 0, interpolation_duration: 1 }
$data merge entity $(bone_right_foot) { transformation: [-0.9959924819976785f,0.06657743525854663f,-0.05971951873967178f,-1.105495055111244f,-0.021804445100708253f,0.4668230583584355f,0.8840818957306653f,0.2119838080936864f,0.086738353558009f,0.8818410725857982f,-0.4635005725161244f,-9.321316035995359f,0f,0f,0f,1f], start_interpolation: 0, interpolation_duration: 1 }
$data merge entity $(bone_right_knee) { transformation: [-1.5786621938598153f,-0.06411876395118736f,-0.12642930958094373f,-0.9397571163454931f,-0.03456035438092817f,1.5450404800183186f,-0.3520304042889705f,0.11731736588682862f,0.13748151918278634f,-0.3478629151665398f,-1.5402467765488288f,-7.256886525804749f,0f,0f,0f,1f], start_interpolation: 0, interpolation_duration: 1 }
$data merge entity $(bone_right_thigh) { transformation: [-1.597226663730517f,0.14273943688696056f,0.014016109894897917f,-0.7385399999999994f,-0.034966771067234455f,-0.5395210338200646f,1.5097676617605673f,0.444962615305309f,0.13909824981114632f,1.5034116271780102f,0.5404712477797073f,-5.2138112803852f,0f,0f,0f,1f], start_interpolation: 0, interpolation_duration: 1 }