# This file was generated by Animated Java via MC-Build. It is not recommended to edit this file directly.
$data merge entity $(bone_left_fingers_2) { transformation: [-0.28516804323309664f,-0.04993547320292191f,0.9571758645278344f,-1.51987293949835f,0.21176354917620938f,0.9706810421642363f,0.11373000317966775f,0.12418427342819166f,-0.9347916272404787f,0.23512712072186037f,-0.266232700362194f,0.7787087212420929f,0f,0f,0f,1f], start_interpolation: 0, interpolation_duration: 1 }
$data merge entity $(bone_left_fingers) { transformation: [-0.28516804323309664f,-0.04993547320292191f,0.9571758645278344f,-0.9645993354572755f,0.21176354917620938f,0.9706810421642363f,0.11373000317966775f,0.19243239645654958f,-0.9347916272404787f,0.23512712072186037f,-0.266232700362194f,0.6394864404965221f,0f,0f,0f,1f], start_interpolation: 0, interpolation_duration: 1 }
$data merge entity $(bone_left_index_finger_2) { transformation: [-0.28516804323309664f,-0.04993547320292191f,0.9571758645278344f,-1.6473074088181399f,0.21176354917620938f,0.9706810421642363f,0.11373000317966775f,0.21881610946631028f,-0.9347916272404787f,0.23512712072186037f,-0.266232700362194f,0.36097371281900376f,0f,0f,0f,1f], start_interpolation: 0, interpolation_duration: 1 }
$data merge entity $(bone_left_index_finger) { transformation: [-0.28516804323309664f,-0.04993547320292191f,0.9571758645278344f,-1.0959548653715205f,0.21176354917620938f,0.9706810421642363f,0.11373000317966775f,0.28997598129584107f,-0.9347916272404787f,0.23512712072186037f,-0.266232700362194f,0.20889804719887645f,0f,0f,0f,1f], start_interpolation: 0, interpolation_duration: 1 }
$data merge entity $(bone_left_thumb) { transformation: [-0.28516804323309664f,0.15841897148761724f,0.9452949891919519f,-0.4223883304839862f,0.21176354917620938f,0.9722877036333462f,-0.09905968202901569f,0.17961187492081154f,-0.9347916272404787f,0.17193036624226696f,-0.3108127455637848f,-0.30222935989962263f,0f,0f,0f,1f], start_interpolation: 0, interpolation_duration: 1 }
$data merge entity $(bone_left_hand) { transformation: [-0.28516804323309664f,-0.04993547320292191f,0.9571758645278344f,-0.30740388489363135f,0.21176354917620938f,0.9706810421642363f,0.11373000317966775f,0.1852039883624862f,-0.9347916272404787f,0.23512712072186037f,-0.266232700362194f,0.3123366831601224f,0f,0f,0f,1f], start_interpolation: 0, interpolation_duration: 1 }
$data merge entity $(bone_left_forearm) { transformation: [-0.4193463023430888f,0.5214601095149531f,1.8861459292023317f,1.8524334599139316f,-0.05325950774750227f,1.9252105112415894f,-0.5441014111267193f,0.5044065961327684f,-1.95617753204978f,-0.16420193342420436f,-0.38951973186743777f,-0.17559524336802745f,0f,0f,0f,1f], start_interpolation: 0, interpolation_duration: 1 }
$data merge entity $(bone_left_bicep) { transformation: [-2.2376560178838987f,1.0184972248691582f,0.22683044604034155f,2.6931859106118807f,0.1801951703870213f,0.9058403731133747f,-2.289732740233252f,1.7283451858293997f,-1.0277734910408174f,-2.0586426897499015f,-0.8953016417622189f,-3.871971110637899f,0f,0f,0f,1f], start_interpolation: 0, interpolation_duration: 1 }
$data merge entity $(bone_left_shoulder) { transformation: [-1.1172723731748282f,0.5085405452879501f,0.11325752874003468f,1.3743293750000003f,0.08997231211763296f,0.4522904393245591f,-1.1432745302094254f,1.1789178200331496f,-0.5131722294418051f,-1.0278901605578339f,-0.4470284002565111f,-2.159288906544991f,0f,0f,0f,1f], start_interpolation: 0, interpolation_duration: 1 }
$data merge entity $(bone_right_fingers_2) { transformation: [-0.1726286081365417f,-0.31468559577607497f,-0.9333661336602569f,1.692299053384275f,-0.17989137842412817f,0.9417274385459922f,-0.2842332201877035f,0.09872446187896647f,0.9684205985115698f,0.11883773517137201f,-0.21917832255456138f,0.39666819579171825f,0f,0f,0f,1f], start_interpolation: 0, interpolation_duration: 1 }
$data merge entity $(bone_right_fingers) { transformation: [-0.1726286081365417f,-0.31468559577607497f,-0.9333661336602569f,1.150182330193749f,-0.17989137842412817f,0.9417274385459922f,-0.2842332201877035f,-0.06211262819246671f,0.9684205985115698f,0.11883773517137201f,-0.21917832255456138f,0.28435329731292497f,0f,0f,0f,1f], start_interpolation: 0, interpolation_duration: 1 }
$data merge entity $(bone_right_index_finger_2) { transformation: [-0.1726286081365417f,-0.2736732258797023f,-0.9462041688184625f,1.7766036431602115f,-0.17989137842412817f,0.953229201627676f,-0.24288511920850644f,0.15521570456084624f,0.9684205985115698f,0.128285052133367f,-0.21378608415337003f,-0.03925740217817997f,0f,0f,0f,1f], start_interpolation: 0, interpolation_duration: 1 }
$data merge entity $(bone_right_index_finger) { transformation: [-0.1726286081365417f,-0.2736732258797023f,-0.9462041688184625f,1.2297024538879908f,-0.17989137842412817f,0.953229201627676f,-0.24288511920850644f,0.020749532412166316f,0.9684205985115698f,0.128285052133367f,-0.21378608415337003f,-0.16172495019792402f,0f,0f,0f,1f], start_interpolation: 0, interpolation_duration: 1 }
$data merge entity $(bone_right_thumb) { transformation: [-0.1726286081365417f,-0.01945237739542756f,-0.9847948865964454f,0.5026598400819915f,-0.17989137842412817f,0.9836119988482394f,0.012104862264317812f,-0.11234717161737552f,0.9684205985115698f,0.17924575513924107f,-0.17329888529086315f,-0.5869515301176256f,0f,0f,0f,1f], start_interpolation: 0, interpolation_duration: 1 }
$data merge entity $(bone_right_hand) { transformation: [-0.1726286081365417f,0.06645217456880437f,-0.982742831135347f,0.4596197321276949f,-0.17989137842412817f,0.9788140499705354f,0.09778623394397123f,-0.08542099282266269f,0.9684205985115698f,0.1936676639900296f,-0.157017133788442f,0.036239167618930423f,0f,0f,0f,1f], start_interpolation: 0, interpolation_duration: 1 }
$data merge entity $(bone_right_forearm) { transformation: [-0.3454870281076652f,-0.7106706129795299f,-1.8387258538137743f,-1.7383983158653686f,-0.3600222372457834f,1.858102064011001f,-0.6505132440105731f,0.09787991781976535f,1.938130406944908f,0.21847373249870963f,-0.44860508926026216f,-0.3379128726816125f,0f,0f,0f,1f], start_interpolation: 0, interpolation_duration: 1 }
$data merge entity $(bone_right_bicep) { transformation: [-2.1832870517406104f,-1.1445507303969922f,-0.13839934226204573f,-2.7860894276313664f,-0.5142561783484777f,1.2321036566857362f,-2.0768616383623435f,1.9758074770861627f,1.0318388127131457f,-1.807710515380826f,-1.3279248698060355f,-3.6910962548446165f,0f,0f,0f,1f], start_interpolation: 0, interpolation_duration: 1 }
$data merge entity $(bone_right_shoulder) { transformation: [-1.0901256878288745f,-0.5714796646800697f,-0.06910345483805909f,-1.3743293749999999f,-0.2567705743023782f,0.6151952603530509f,-1.036986968910095f,1.1789178200331496f,0.5152020640349061f,-0.9025985233613418f,-0.663039251264867f,-2.159288906544991f,0f,0f,0f,1f], start_interpolation: 0, interpolation_duration: 1 }
$data merge entity $(bone_chest) { transformation: [-4.0674850000000005f,1.9108864066840925e-16f,4.600129369771767e-16f,2.0583489266515056e-16f,0f,3.756290689670326f,-1.560357164216267f,1.5822017214529742f,-4.981232485829872e-16f,-1.560357164216267f,-3.756290689670326f,-1.6807694496769259f,0f,0f,0f,1f], start_interpolation: 0, interpolation_duration: 1 }
$data merge entity $(bone_weist) { transformation: [-1.0999999999999999f,2.352644443560031e-17f,1.3264086769328329e-16f,4.659016263475532e-16f,0f,1.083094879157264f,-0.19210799760372f,0.8540091421362718f,-1.3471114790620883e-16f,-0.19210799760372f,-1.083094879157264f,-3.804375487462443f,0f,0f,0f,1f], start_interpolation: 0, interpolation_duration: 1 }
$data merge entity $(bone_right_fingers2) { transformation: [-0.9959922259927166f,-0.025986650861038223f,-0.08558142169361231f,1.1808205620794392f,0.02180320694516765f,-0.998538107602321f,0.049459759733365805f,-0.023402352134362647f,-0.08674160437171764f,0.047395586746052376f,0.9951027848559253f,-10.694894710942194f,0f,0f,0f,1f], start_interpolation: 0, interpolation_duration: 1 }
$data merge entity $(bone_left_foot) { transformation: [-0.9959922259927166f,-0.06658067569123369f,0.05972017570781382f,1.108711150609399f,0.02180320694516765f,0.46682620470805153f,0.884080264888196f,0.2547808516790894f,-0.08674160437171764f,0.881839162331984f,-0.4635035985282587f,-9.741350563291483f,0f,0f,0f,1f], start_interpolation: 0, interpolation_duration: 1 }
$data merge entity $(bone_left_knee) { transformation: [-1.578661788088324f,0.06411844044472653f,0.1264345402124729f,0.9420387501170319f,0.034558391886855784f,1.545039273921353f,-0.3520358903930121f,0.12901475976150634f,-0.13748667176856771f,-0.3478683316565944f,-1.5402450933051166f,-7.674084948964833f,0f,0f,0f,1f], start_interpolation: 0, interpolation_duration: 1 }
$data merge entity $(bone_left_thigh) { transformation: [-1.5972262531873065f,-0.14274372437011373f,-0.01401922941170877f,0.7385400000000006f,0.03496478549497458f,-0.5395156968197831f,1.5097696149318494f,0.4612560881241736f,-0.13910346298938622f,1.503413135352064f,0.5404657107961128f,-5.603737900918066f,0f,0f,0f,1f], start_interpolation: 0, interpolation_duration: 1 }
$data merge entity $(bone_left_fingers2) { transformation: [-0.9959922259927166f,0.025986650861038203f,0.08558142169361209f,-1.177617761742138f,-0.02180320694516765f,-0.998538107602321f,0.049459759733365805f,-0.06621399837645026f,0.08674160437171739f,0.047395586746052376f,0.9951027848559253f,-10.649858167572189f,0f,0f,0f,1f], start_interpolation: 0, interpolation_duration: 1 }
$data merge entity $(bone_right_foot) { transformation: [-0.9959922259927166f,0.06658067569123349f,-0.05972017570781371f,-1.105508350272098f,-0.02180320694516765f,0.46682620470805153f,0.884080264888196f,0.21196920543700182f,0.08674160437171739f,0.881839162331984f,-0.4635035985282587f,-9.696314019921479f,0f,0f,0f,1f], start_interpolation: 0, interpolation_duration: 1 }
$data merge entity $(bone_right_knee) { transformation: [-1.578661788088324f,-0.06411844044472646f,-0.12643454021247255f,-0.9397639255234942f,-0.034558391886855784f,1.545039273921353f,-0.3520358903930121f,0.1173101198346358f,0.13748667176856733f,-0.3478683316565944f,-1.5402450933051166f,-7.631884693121952f,0f,0f,0f,1f], start_interpolation: 0, interpolation_duration: 1 }
$data merge entity $(bone_right_thigh) { transformation: [-1.5972262531873065f,0.14274372437011337f,0.014019229411708637f,-0.7385399999999993f,-0.03496478549497458f,-0.5395156968197831f,1.5097696149318494f,0.444962615305309f,0.13910346298938583f,1.503413135352064f,0.5404657107961128f,-5.5888112803852f,0f,0f,0f,1f], start_interpolation: 0, interpolation_duration: 1 }