# This file was generated by Animated Java via MC-Build. It is not recommended to edit this file directly.
$data merge entity $(bone_left_fingers_2) { transformation: [-0.28520847836819f,-0.050781211608750154f,0.9571193198418102f,-1.5194188105973332f,0.21134895760930014f,0.9706832417719895f,0.11447996445004599f,0.12400016409874395f,-0.9348731154463497f,0.23493682702073093f,-0.2661145342236444f,0.7792400542432782f,0f,0f,0f,1f], start_interpolation: 0, interpolation_duration: 1 }
$data merge entity $(bone_left_fingers) { transformation: [-0.28520847836819f,-0.050781211608750154f,0.9571193198418102f,-0.9641821305807131f,0.21134895760930014f,0.9706832417719895f,0.11447996445004599f,0.19268621957002474f,-0.9348731154463497f,0.23493682702073093f,-0.2661145342236444f,0.640085894960941f,0f,0f,0f,1f], start_interpolation: 0, interpolation_duration: 1 }
$data merge entity $(bone_left_index_finger_2) { transformation: [-0.28520847836819f,-0.050781211608750154f,0.9571193198418102f,-1.646871349368118f,0.21134895760930014f,0.9706832417719895f,0.11447996445004599f,0.21844672953040004f,-0.9348731154463497f,0.23493682702073093f,-0.2661145342236444f,0.3614686307781903f,0f,0f,0f,1f], start_interpolation: 0, interpolation_duration: 1 }
$data merge entity $(bone_left_index_finger) { transformation: [-0.28520847836819f,-0.050781211608750154f,0.9571193198418102f,-1.0955562859290606f,0.21134895760930014f,0.9706832417719895f,0.11447996445004599f,0.2900388331688087f,-0.9348731154463497f,0.23493682702073093f,-0.2661145342236444f,0.20945996615846593f,0f,0f,0f,1f], start_interpolation: 0, interpolation_duration: 1 }
$data merge entity $(bone_left_thumb) { transformation: [-0.28520847836819f,0.1575810419489258f,0.9454228361348127f,-0.4218231098346661f,0.21134895760930014f,0.9724521724294419f,-0.09832797391750372f,0.1801415428277948f,-0.9348731154463497f,0.17177015909508242f,-0.31065619333933475f,-0.3015483822949191f,0f,0f,0f,1f], start_interpolation: 0, interpolation_duration: 1 }
$data merge entity $(bone_left_hand) { transformation: [-0.28520847836819f,-0.050781211608750154f,0.9571193198418102f,-0.30693310912621596f,0.21134895760930014f,0.9706832417719895f,0.11447996445004599f,0.18594556719063737f,-0.9348731154463497f,0.23493682702073093f,-0.2661145342236444f,0.31303335903896234f,0f,0f,0f,1f], start_interpolation: 0, interpolation_duration: 1 }
$data merge entity $(bone_left_forearm) { transformation: [-0.4190162340401019f,0.5198743690015458f,1.8866569559453015f,1.8527077846978197f,-0.053978102300407386f,1.925614876278711f,-0.5425975912929091f,0.5068619813634749f,-1.9562285636994448f,-0.16448836451270551f,-0.38914241333609223f,-0.1746438811471811f,0f,0f,0f,1f], start_interpolation: 0, interpolation_duration: 1 }
$data merge entity $(bone_left_bicep) { transformation: [-2.237655913957301f,1.018039900564971f,0.22887523736447096f,2.692975972441674f,0.17813096619413618f,0.9063042502579862f,-2.289710695161316f,1.7308076168549016f,-1.028133489535149f,-2.0586647297486387f,-0.8948375052903762f,-3.871127529273523f,0f,0f,0f,1f], start_interpolation: 0, interpolation_duration: 1 }
$data merge entity $(bone_left_shoulder) { transformation: [-1.11727232128378f,0.5083122010712493f,0.11427850284735876f,1.3743293750000003f,0.08894164507190751f,0.4525220554058868f,-1.143263522999362f,1.1806000426754406f,-0.5133519784152338f,-1.027901165234825f,-0.44679665469185403f,-2.1585341448417235f,0f,0f,0f,1f], start_interpolation: 0, interpolation_duration: 1 }
$data merge entity $(bone_right_fingers_2) { transformation: [-0.17237543678272693f,-0.3138446491632229f,-0.933696013157161f,1.6924571122386878f,-0.1795215027743809f,0.9420190783728494f,-0.2834997107991388f,0.09842382696097844f,0.9685343250683437f,0.1187501249396434f,-0.21872281314766182f,0.39639446843457515f,0f,0f,0f,1f], start_interpolation: 0, interpolation_duration: 1 }
$data merge entity $(bone_right_fingers) { transformation: [-0.17237543678272693f,-0.3138446491632229f,-0.933696013157161f,1.1501586164976128f,-0.1795215027743809f,0.9420190783728494f,-0.2834997107991388f,-0.061983750109339306f,0.9685343250683437f,0.1187501249396434f,-0.21872281314766182f,0.28434314866912813f,0f,0f,0f,1f], start_interpolation: 0, interpolation_duration: 1 }
$data merge entity $(bone_right_index_finger_2) { transformation: [-0.17237543678272693f,-0.27281869052012786f,-0.9464970527671213f,1.776627164829429f,-0.1795215027743809f,0.9534885686478843f,-0.24213958680776848f,0.15474303929913458f,0.9685343250683437f,0.12817765624589803f,-0.21333482979512816f,-0.03957938386728821f,0f,0f,0f,1f], start_interpolation: 0, interpolation_duration: 1 }
$data merge entity $(bone_right_index_finger) { transformation: [-0.17237543678272693f,-0.27281869052012786f,-0.9464970527671213f,1.2295621230837304f,-0.1795215027743809f,0.9534885686478843f,-0.24213958680776848f,0.02070803405762875f,0.9685343250683437f,0.12817765624589803f,-0.21333482979512816f,-0.16178748534727497f,0f,0f,0f,1f], start_interpolation: 0, interpolation_duration: 1 }
$data merge entity $(bone_right_thumb) { transformation: [-0.17237543678272693f,-0.018551155678219633f,-0.9848566207407892f,0.5022305104959132f,-0.1795215027743809f,0.9836695701674942f,0.012892120389027276f,-0.11187640359245797f,0.9685343250683437f,0.1790252254557991f,-0.17289080315305444f,-0.5866797439340949f,0f,0f,0f,1f], start_interpolation: 0, interpolation_duration: 1 }
$data merge entity $(bone_right_hand) { transformation: [-0.17237543678272693f,0.0673553473504952f,-0.9827257837144898f,0.45947317296264223f,-0.1795215027743809f,0.9788027881469461f,0.09857551398492709f,-0.08476943782285096f,0.9685343250683437f,0.19341240678679006f,-0.15662982495472935f,0.036522581347518124f,0f,0f,0f,1f], start_interpolation: 0, interpolation_duration: 1 }
$data merge entity $(bone_right_forearm) { transformation: [-0.3449803483656708f,-0.7090179995375102f,-1.839458835581783f,-1.7385460820152978f,-0.35928199354933016f,1.8587492094416873f,-0.6490721051914675f,0.10029147259331839f,1.9383580114569343f,0.21833832681939136f,-0.44768668361811825f,-0.3367549649753232f,0f,0f,0f,1f], start_interpolation: 0, interpolation_duration: 1 }
$data merge entity $(bone_right_bicep) { transformation: [-2.183287413276432f,-1.1442696723452754f,-0.1406985809047265f,-2.786058734709788f,-0.5121817690084053f,1.232645107106036f,-2.0770529550572445f,1.978319923172436f,1.0328693088736776f,-1.8075193109805072f,-1.32738390600023f,-3.6899375963272454f,0f,0f,0f,1f], start_interpolation: 0, interpolation_duration: 1 }
$data merge entity $(bone_right_shoulder) { transformation: [-1.0901258683454431f,-0.5713393310479422f,-0.07025147571091538f,-1.3743293749999999f,-0.25573481177775637f,0.6154656091426818f,-1.0370824942526997f,1.1806000426754406f,0.5157165957062726f,-0.90250305408796f,-0.6627691454441852f,-2.158534144841724f,0f,0f,0f,1f], start_interpolation: 0, interpolation_duration: 1 }
$data merge entity $(bone_chest) { transformation: [-4.0674850000000005f,1.9201235510102023e-16f,4.59628139116208e-16f,2.0584179273415362e-16f,0f,3.753148576685286f,-1.5678998649627527f,1.5848444073137051f,-4.981232485829872e-16f,-1.5678998649627527f,-3.753148576685286f,-1.6808257930161472f,0f,0f,0f,1f], start_interpolation: 0, interpolation_duration: 1 }
$data merge entity $(bone_weist) { transformation: [-1.0999999999999999f,2.3792853441171175e-17f,1.325933388045396e-16f,4.657288561150142e-16f,0f,1.082706776328132f,-0.1942833922216323f,0.8523872774074326f,-1.3471114790620883e-16f,-0.1942833922216323f,-1.082706776328132f,-3.802964711452092f,0f,0f,0f,1f], start_interpolation: 0, interpolation_duration: 1 }
$data merge entity $(bone_right_fingers2) { transformation: [-0.9959922005128858f,-0.02598657382410382f,-0.08558174161808071f,1.1808222202336378f,0.021803083716413117f,-0.9985380928378103f,0.04946011213375834f,-0.0234041546812494f,-0.0867419279123689f,0.047395940044620666f,0.9951027398260606f,-10.694894395298412f,0f,0f,0f,1f], start_interpolation: 0, interpolation_duration: 1 }
$data merge entity $(bone_left_foot) { transformation: [-0.9959922005128858f,-0.06658099819848597f,0.059720241094563004f,1.1087124809232454f,0.021803083716413117f,0.46682651785151963f,0.8840801025761637f,0.2547793877277313f,-0.0867419279123689f,0.8818389722106401f,-0.46350389969505906f,-9.741350371220463f,0f,0f,0f,1f], start_interpolation: 0, interpolation_duration: 1 }
$data merge entity $(bone_left_knee) { transformation: [-1.5786617477024312f,0.06411840824949189f,0.12643506079677674f,0.9420394368745797f,0.0345581965675341f,1.5450391538820636f,-0.35203643640314364f,0.12901402892555847f,-0.13748718458508347f,-0.34786887073863965f,-1.5402449257763904f,-7.674084764180002f,0f,0f,0f,1f], start_interpolation: 0, interpolation_duration: 1 }
$data merge entity $(bone_left_thigh) { transformation: [-1.5972262123264909f,-0.14274415108768826f,-0.014019539883228712f,0.7385400000000006f,0.03496458787877161f,-0.5395151656486756f,1.5097698093221563f,0.4612560881241736f,-0.13910398183643008f,1.5034132854529547f,0.5404651597206916f,-5.603737900918066f,0f,0f,0f,1f], start_interpolation: 0, interpolation_duration: 1 }
$data merge entity $(bone_left_fingers2) { transformation: [-0.9959922005128858f,0.02598657382410383f,0.08558174161808046f,-1.1776194127987676f,-0.021803083716413117f,-0.9985380928378103f,0.04946011213375834f,-0.06621579031690628f,0.08674192791236865f,0.047395940044620666f,0.9951027398260606f,-10.64985784334217f,0f,0f,0f,1f], start_interpolation: 0, interpolation_duration: 1 }
$data merge entity $(bone_right_foot) { transformation: [-0.9959922005128858f,0.06658099819848574f,-0.059720241094562906f,-1.1055096734883754f,-0.021803083716413117f,0.46682651785151963f,0.8840801025761637f,0.2119677520920744f,0.08674192791236865f,0.8818389722106401f,-0.46350389969505906f,-9.69631381926422f,0f,0f,0f,1f], start_interpolation: 0, interpolation_duration: 1 }
$data merge entity $(bone_right_knee) { transformation: [-1.5786617477024312f,-0.06411840824949182f,-0.12643506079677636f,-0.9397646032145177f,-0.0345581965675341f,1.5450391538820636f,-0.35203643640314364f,0.11730939866375267f,0.13748718458508305f,-0.34786887073863965f,-1.5402449257763904f,-7.6318845107195035f,0f,0f,0f,1f], start_interpolation: 0, interpolation_duration: 1 }
$data merge entity $(bone_right_thigh) { transformation: [-1.5972262123264909f,0.1427441510876879f,0.014019539883228578f,-0.7385399999999993f,-0.03496458787877161f,-0.5395151656486756f,1.5097698093221563f,0.444962615305309f,0.13910398183642966f,1.5034132854529547f,0.5404651597206916f,-5.5888112803852f,0f,0f,0f,1f], start_interpolation: 0, interpolation_duration: 1 }