# This file was generated by Animated Java via MC-Build. It is not recommended to edit this file directly.
$data merge entity $(bone_left_fingers_2) { transformation: [-0.2853261790482918f,-0.05311430100797865f,0.9569575970638072f,-1.5181309592690726f,0.2102035321009052f,0.9706855636548355f,0.11655046805739686f,0.12349982096421484f,-0.9350954211426801f,0.23441076669071415f,-0.26579718925802387f,0.7807160430991889f,0f,0f,0f,1f], start_interpolation: 0, interpolation_duration: 1 }
$data merge entity $(bone_left_fingers) { transformation: [-0.2853261790482918f,-0.05311430100797865f,0.9569575970638072f,-0.9629993607067437f,0.2102035321009052f,0.9706855636548355f,0.11655046805739686f,0.19339491598805986f,-0.9350954211426801f,0.23441076669071415f,-0.26579718925802387f,0.641744790435563f,0f,0f,0f,1f], start_interpolation: 0, interpolation_duration: 1 }
$data merge entity $(bone_left_index_finger_2) { transformation: [-0.2853261790482918f,-0.05311430100797865f,0.9569575970638072f,-1.645636095531278f,0.2102035321009052f,0.9706855636548355f,0.11655046805739686f,0.21743452437180694f,-0.9350954211426801f,0.23441076669071415f,-0.26579718925802387f,0.36284527677605327f,0f,0f,0f,1f], start_interpolation: 0, interpolation_duration: 1 }
$data merge entity $(bone_left_index_finger) { transformation: [-0.2853261790482918f,-0.05311430100797865f,0.9569575970638072f,-1.0944277319308633f,0.2102035321009052f,0.9706855636548355f,0.11655046805739686f,0.2902199179620394f,-0.9350954211426801f,0.23441076669071415f,-0.26579718925802387f,0.21101646207171565f,0f,0f,0f,1f], start_interpolation: 0, interpolation_duration: 1 }
$data merge entity $(bone_left_thumb) { transformation: [-0.2853261790482918f,0.1552682528685692f,0.9457699198012403f,-0.42024087392538695f,0.2102035321009052f,0.9729025782758259f,-0.09630705206034647f,0.18161218474720484f,-0.9350954211426801f,0.17132525451722694f,-0.3102325104217828f,-0.29966913588678645f,0f,0f,0f,1f], start_interpolation: 0, interpolation_duration: 1 }
$data merge entity $(bone_left_hand) { transformation: [-0.2853261790482918f,-0.05311430100797865f,0.9569575970638072f,-0.3056073789587277f,0.2102035321009052f,0.9706855636548355f,0.11655046805739686f,0.18800120907868323f,-0.9350954211426801f,0.23441076669071415f,-0.26579718925802387f,0.3149546986188394f,0f,0f,0f,1f], start_interpolation: 0, interpolation_duration: 1 }
$data merge entity $(bone_left_forearm) { transformation: [-0.41811874978628233f,0.5154925767426057f,1.8880578772249332f,1.8534791484504298f,-0.05596061484180533f,1.926724345071037f,-0.5384423284324945f,0.5136495645713246f,-1.9563648826367692f,-0.16528501076790905f,-0.38811820950809417f,-0.17203990246356282f,0f,0f,0f,1f], start_interpolation: 0, interpolation_duration: 1 }
$data merge entity $(bone_left_bicep) { transformation: [-2.237655394319902f,1.0167570554046f,0.2345133882000671f,2.692377823134131f,0.17243080790779555f,0.9075836041224966f,-2.2896403037816544f,1.7376132150482264f,-1.0291059495719441f,-2.058735095757113f,-0.893556854790248f,-3.868828630909302f,0f,0f,0f,1f], start_interpolation: 0, interpolation_duration: 1 }
$data merge entity $(bone_left_shoulder) { transformation: [-1.1172720618263363f,0.5076716703349392f,0.11709365857909687f,1.3743293750000003f,0.08609552872285639f,0.4531608429214423f,-1.1432283762461626f,1.1852516705430585f,-0.5138375323718939f,-1.027936299320069f,-0.44615721975992073f,-2.1564681733678435f,0f,0f,0f,1f], start_interpolation: 0, interpolation_duration: 1 }
$data merge entity $(bone_right_fingers_2) { transformation: [-0.17168463030647693f,-0.31151863229495624f,-0.9346018026141442f,1.692853493420274f,-0.17850100393766044f,0.9428218494131084f,-0.2814682075519245f,0.0975844233443099f,0.968845591056581f,0.11850359489199301f,-0.21747440927129486f,0.39565197601258006f,0f,0f,0f,1f], start_interpolation: 0, interpolation_duration: 1 }
$data merge entity $(bone_right_fingers) { transformation: [-0.17168463030647693f,-0.31151863229495624f,-0.9346018026141442f,1.1500559211471555f,-0.17850100393766044f,0.9428218494131084f,-0.2814682075519245f,-0.061633670959626616f,0.968845591056581f,0.11850359489199301f,-0.21747440927129486f,0.28432299727652655f,0f,0f,0f,1f], start_interpolation: 0, interpolation_duration: 1 }
$data merge entity $(bone_right_index_finger_2) { transformation: [-0.17168463030647693f,-0.27045537752332105f,-0.9473005206824526f,1.7766556524261752f,-0.17850100393766044f,0.9542019627009183f,-0.24007500072053045f,0.1534290516833382f,0.968845591056581f,0.12787690622795478f,-0.21209836761227355f,-0.04045377601790033f,0f,0f,0f,1f], start_interpolation: 0, interpolation_duration: 1 }
$data merge entity $(bone_right_index_finger) { transformation: [-0.17168463030647693f,-0.27045537752332105f,-0.9473005206824526f,1.2291412248336264f,-0.17850100393766044f,0.9542019627009183f,-0.24007500072053045f,0.0205880391054538f,0.968845591056581f,0.12787690622795478f,-0.21209836761227355f,-0.16195101694518277f,0f,0f,0f,1f], start_interpolation: 0, interpolation_duration: 1 }
$data merge entity $(bone_right_thumb) { transformation: [-0.17168463030647693f,-0.016060417820382797f,-0.9850210407376905f,0.5010181125429175f,-0.17850100393766044f,0.9838243017080098f,0.015070997378875697f,-0.11057688202633072f,0.968845591056581f,0.17841470328473896f,-0.17177431222986403f,-0.5859272379719969f,0f,0f,0f,1f], start_interpolation: 0, interpolation_duration: 1 }
$data merge entity $(bone_right_hand) { transformation: [-0.17168463030647693f,0.06985093734576114f,-0.9826724959356736f,0.4590364834827092f,-0.17850100393766044f,0.9787670292448294f,0.10075958543234831f,-0.08297213487863209f,0.968845591056581f,0.19270689924123083f,-0.15557079312986216f,0.03730597399519353f,0f,0f,0f,1f], start_interpolation: 0, interpolation_duration: 1 }
$data merge entity $(bone_right_forearm) { transformation: [-0.34359781577704934f,-0.7044463725035771f,-1.8414729488880235f,-1.7389721370206521f,-0.35723963733681285f,1.8605316348938035f,-0.6450803432917601f,0.10695922024547744f,1.9389809578062558f,0.21795438984453513f,-0.4451690706223792f,-0.3335801229945279f,0f,0f,0f,1f], start_interpolation: 0, interpolation_duration: 1 }
$data merge entity $(bone_right_bicep) { transformation: [-2.1832892209518375f,-1.1434682124504272f,-0.14704328437573735f,-2.785951393792371f,-0.5064434058843127f,1.23414456860716f,-2.077569580808982f,1.985270823536752f,1.0356912459806142f,-1.807003246699334f,-1.32588687756771f,-3.686770743101137f,0f,0f,0f,1f], start_interpolation: 0, interpolation_duration: 1 }
$data merge entity $(bone_right_shoulder) { transformation: [-1.0901267709264357f,-0.5709391582816347f,-0.07341941655950504f,-1.3743293749999999f,-0.2528696195701279f,0.616214297456013f,-1.0373404479663506f,1.1852516705430585f,0.5171256024272425f,-0.9022453807192524f,-0.6620216719736679f,-2.156468173367844f,0f,0f,0f,1f], start_interpolation: 0, interpolation_duration: 1 }
$data merge entity $(bone_chest) { transformation: [-4.0674850000000005f,1.9455824691570514e-16f,4.585562771743029e-16f,2.0586421481335505e-16f,0f,3.744396159721869f,-1.5886886492592325f,1.5921389265817345f,-4.981232485829872e-16f,-1.5886886492592325f,-3.744396159721869f,-1.6810088831872647f,0f,0f,0f,1f], start_interpolation: 0, interpolation_duration: 1 }
$data merge entity $(bone_weist) { transformation: [-1.0999999999999999f,2.4527777144135238e-17f,1.3245935798793572e-16f,4.652498546911804e-16f,0f,1.0816127399357847f,-0.20028449967135362f,0.8479248467342867f,-1.3471114790620883e-16f,-0.20028449967135362f,-1.0816127399357847f,-3.7990533680005165f,0f,0f,0f,1f], start_interpolation: 0, interpolation_duration: 1 }
$data merge entity $(bone_right_fingers2) { transformation: [-0.9959920731119288f,-0.02598618864292299f,-0.08558334124125282f,1.1808305110080641f,0.021802467572629533f,-0.9985380190131614f,0.04946187413570269f,-0.023413167415102076f,-0.08674354561549084f,0.047397706538250095f,0.9951025146732209f,-10.6948928170613f,0f,0f,0f,1f], start_interpolation: 0, interpolation_duration: 1 }
$data merge entity $(bone_left_foot) { transformation: [-0.9959920731119288f,-0.06658261073402427f,0.05972056803182384f,1.1087191324959036f,0.021802467572629533f,0.4668280835679578f,0.8840792910141106f,0.25477206797101987f,-0.08674354561549084f,0.8818380216004011f,-0.4635054055282894f,-9.741349410850741f,0f,0f,0f,1f], start_interpolation: 0, interpolation_duration: 1 }
$data merge entity $(bone_left_knee) { transformation: [-1.5786615457701096f,0.06411824727899657f,0.12643766371863072f,0.9420428706632054f,0.03455721997090842f,1.5450385536823505f,-0.35203916645319533f,0.12901037474633725f,-0.1374897486674492f,-0.34787156614912884f,-1.5402440881270545f,-7.6740838402483105f,0f,0f,0f,1f], start_interpolation: 0, interpolation_duration: 1 }
$data merge entity $(bone_left_thigh) { transformation: [-1.5972260080195215f,-0.14274628467893322f,-0.01402109223616543f,0.7385400000000006f,0.034963599797739255f,-0.5395125097918801f,1.5097707812705745f,0.4612560881241736f,-0.13910657607143392f,1.5034140359526837f,0.5404624043402603f,-5.603737900918066f,0f,0f,0f,1f], start_interpolation: 0, interpolation_duration: 1 }
$data merge entity $(bone_left_fingers2) { transformation: [-0.9959920731119288f,0.025986188642922983f,0.0855833412412526f,-1.1776276680852276f,-0.021802467572629533f,-0.9985380190131614f,0.04946187413570269f,-0.06622475001854705f,0.0867435456154906f,0.047397706538250095f,0.9951025146732209f,-10.649856222173948f,0f,0f,0f,1f], start_interpolation: 0, interpolation_duration: 1 }
$data merge entity $(bone_right_foot) { transformation: [-0.9959920731119288f,0.06658261073402408f,-0.05972056803182373f,-1.1055162895730672f,-0.021802467572629533f,0.4668280835679578f,0.8840792910141106f,0.2119604853675749f,0.0867435456154906f,0.8818380216004011f,-0.4635054055282894f,-9.69631281596339f,0f,0f,0f,1f], start_interpolation: 0, interpolation_duration: 1 }
$data merge entity $(bone_right_knee) { transformation: [-1.5786615457701096f,-0.0641182472789965f,-0.12643766371863038f,-0.9397679916705105f,-0.03455721997090842f,1.5450385536823505f,-0.35203916645319533f,0.11730579280984799f,0.1374897486674488f,-0.34787156614912884f,-1.5402440881270545f,-7.631883598699821f,0f,0f,0f,1f], start_interpolation: 0, interpolation_duration: 1 }
$data merge entity $(bone_right_thigh) { transformation: [-1.5972260080195215f,0.14274628467893286f,0.014021092236165296f,-0.7385399999999993f,-0.034963599797739255f,-0.5395125097918801f,1.5097707812705745f,0.444962615305309f,0.13910657607143354f,1.5034140359526837f,0.5404624043402603f,-5.5888112803852f,0f,0f,0f,1f], start_interpolation: 0, interpolation_duration: 1 }