# This file was generated by Animated Java via MC-Build. It is not recommended to edit this file directly.
$data merge entity $(bone_left_fingers_2) { transformation: [-0.2853295492423047f,-0.053181865335007183f,0.9569528397620609f,-1.5180931687913595f,0.21017008196847475f,0.9706856147682753f,0.11661035085831845f,0.12348637288177992f,-0.9351019115446978f,0.234395235620148f,-0.2657880519211266f,0.7807589914849491f,0f,0f,0f,1f], start_interpolation: 0, interpolation_duration: 1 }
$data merge entity $(bone_left_fingers) { transformation: [-0.2853295492423047f,-0.053181865335007183f,0.9569528397620609f,-0.9629646564433295f,0.21017008196847475f,0.9706856147682753f,0.11661035085831845f,0.19341643990871255f,-0.9351019115446978f,0.234395235620148f,-0.2657880519211266f,0.6417930042739479f,0f,0f,0f,1f], start_interpolation: 0, interpolation_duration: 1 }
$data merge entity $(bone_left_index_finger_2) { transformation: [-0.2853295492423047f,-0.053181865335007183f,0.9569528397620609f,-1.6455998111090147f,0.21017008196847475f,0.9706856147682753f,0.11661035085831845f,0.21740612826144212f,-0.9351019115446978f,0.234395235620148f,-0.2657880519211266f,0.36288532476341195f,0f,0f,0f,1f], start_interpolation: 0, interpolation_duration: 1 }
$data merge entity $(bone_left_index_finger) { transformation: [-0.2853295492423047f,-0.053181865335007183f,0.9569528397620609f,-1.0943945800630663f,0.21017008196847475f,0.9706856147682753f,0.11661035085831845f,0.2902260339154413f,-0.9351019115446978f,0.234395235620148f,-0.2657880519211266f,0.21106168626867122f,0f,0f,0f,1f], start_interpolation: 0, interpolation_duration: 1 }
$data merge entity $(bone_left_thumb) { transformation: [-0.2853295492423047f,0.15520126041731416f,0.9457798988633986f,-0.42019463056194395f,0.21017008196847475f,0.9729155891879862f,-0.09624859978388474f,0.18165551671214908f,-0.9351019115446978f,0.17131206927671738f,-0.3102202281373369f,-0.29961454195278f,0f,0f,0f,1f], start_interpolation: 0, interpolation_duration: 1 }
$data merge entity $(bone_left_hand) { transformation: [-0.2853295492423047f,-0.053181865335007183f,0.9569528397620609f,-0.3055685831002737f,0.21017008196847475f,0.9706856147682753f,0.11661035085831845f,0.18806165336160274f,-0.9351019115446978f,0.234395235620148f,-0.2657880519211266f,0.3150105034196988f,0f,0f,0f,1f], start_interpolation: 0, interpolation_duration: 1 }
$data merge entity $(bone_left_forearm) { transformation: [-0.4180928770143368f,0.5153654935013586f,1.888098299254748f,1.8535016523153656f,-0.056018136155818486f,1.9267563459022472f,-0.5383218231669077f,0.5138471586280495f,-1.9563687658420124f,-0.16530827258251823f,-0.3880887274893218f,-0.17196459744147008f,0f,0f,0f,1f], start_interpolation: 0, interpolation_duration: 1 }
$data merge entity $(bone_left_bicep) { transformation: [-2.23765529039154f,1.016719594780675f,0.23467673438335693f,2.692360218550829f,0.17226550810430002f,0.9076205682639605f,-2.289638093994515f,1.7378111371253446f,-1.029133858538035f,-2.0587373004689766f,-0.8935196313217694f,-3.8687623187176476f,0f,0f,0f,1f], start_interpolation: 0, interpolation_duration: 1 }
$data merge entity $(bone_left_shoulder) { transformation: [-1.1172720099344071f,0.5076529660658923f,0.11717521811121202f,1.3743293750000003f,0.08601299373881027f,0.4531792992944173f,-1.143227272888854f,1.1853872331837025f,-0.5138514674524104f,-1.027937400143268f,-0.4461386339037246f,-2.156408427189648f,0f,0f,0f,1f], start_interpolation: 0, interpolation_duration: 1 }
$data merge entity $(bone_right_fingers_2) { transformation: [-0.17166493880470704f,-0.3114506673061759f,-0.9346280707424286f,1.6928634450071098f,-0.17847143174040248f,0.9428452072726716f,-0.28140871197509904f,0.09755900967007596f,0.9688545282124184f,0.1184964006098544f,-0.21743851131941147f,0.3956312723845876f,0f,0f,0f,1f], start_interpolation: 0, interpolation_duration: 1 }
$data merge entity $(bone_right_fingers) { transformation: [-0.17166493880470704f,-0.3114506673061759f,-0.9346280707424286f,1.1500513976316717f,-0.17847143174040248f,0.9428452072726716f,-0.28140871197509904f,-0.06162425408003071f,0.9688545282124184f,0.1184964006098544f,-0.21743851131941147f,0.2843230638295565f,0f,0f,0f,1f], start_interpolation: 0, interpolation_duration: 1 }
$data merge entity $(bone_right_index_finger_2) { transformation: [-0.17166493880470704f,-0.27038633142248714f,-0.9473237992181265f,1.776655075048037f,-0.17847143174040248f,0.9542227031683628f,-0.24001454291478674f,0.15338988354326177f,0.9688545282124184f,0.12786815294650983f,-0.21206281763746543f,-0.0404782638331915f,0f,0f,0f,1f], start_interpolation: 0, interpolation_duration: 1 }
$data merge entity $(bone_right_index_finger) { transformation: [-0.17166493880470704f,-0.27038633142248714f,-0.9473237992181265f,1.2291276309147008f,-0.17847143174040248f,0.9542227031683628f,-0.24001454291478674f,0.020583834091983347f,0.9688545282124184f,0.12786815294650983f,-0.21206281763746543f,-0.16195506716459868f,0f,0f,0f,1f], start_interpolation: 0, interpolation_duration: 1 }
$data merge entity $(bone_right_thumb) { transformation: [-0.17166493880470704f,-0.015987699480008208f,-0.9850256556306102f,0.5009816816494894f,-0.17847143174040248f,0.9838286878296123f,0.015134763162823292f,-0.11053943992820398f,0.9688545282124184f,0.17839704725359323f,-0.17174223910701805f,-0.5859049495357169f,0f,0f,0f,1f], start_interpolation: 0, interpolation_duration: 1 }
$data merge entity $(bone_right_hand) { transformation: [-0.17166493880470704f,0.06992378118531645f,-0.9826707554465658f,0.45902239860922456f,-0.17847143174040248f,0.978765841121653f,0.10082349084392261f,-0.08292032243093317f,0.9688545282124184f,0.19268651503977025f,-0.15554038087944022f,0.037329130612342054f,0f,0f,0f,1f], start_interpolation: 0, interpolation_duration: 1 }
$data merge entity $(bone_right_forearm) { transformation: [-0.3435584065591978f,-0.704312774633631f,-1.8415314032068373f,-1.7389854900274029f,-0.35718045357430933f,1.860583530991503f,-0.6449634253306187f,0.10715355085472078f,1.9389988440155193f,0.21794313918458136f,-0.44509666727062164f,-0.3334882861738522f,0f,0f,0f,1f], start_interpolation: 0, interpolation_duration: 1 }
$data merge entity $(bone_right_bicep) { transformation: [-2.183289582486178f,-1.143443737799653f,-0.14722812293563542f,-2.78594733072629f,-0.5062756776657144f,1.2341886197488197f,-2.0775842923394685f,1.9854738252149473f,1.0357724846222331f,-1.8069886474624923f,-1.325843313038997f,-3.686679486953727f,0f,0f,0f,1f], start_interpolation: 0, interpolation_duration: 1 }
$data merge entity $(bone_right_shoulder) { transformation: [-1.0901269514422647f,-0.570926937971214f,-0.0735117073382579f,-1.3743293749999999f,-0.2527858720667833f,0.6162362924021485f,-1.0373477935040243f,1.1853872331837025f,0.5171661652703201f,-0.9022380912503339f,-0.6619999199957086f,-2.156408427189648f,0f,0f,0f,1f], start_interpolation: 0, interpolation_duration: 1 }
$data merge entity $(bone_chest) { transformation: [-4.0674850000000005f,1.9463225904557364e-16f,4.585248679381362e-16f,2.058649416271123e-16f,0f,3.7441396838450003f,-1.5892930041631939f,1.5923512268683806f,-4.981232485829872e-16f,-1.5892930041631939f,-3.7441396838450003f,-1.6810148180719817f,0f,0f,0f,1f], start_interpolation: 0, interpolation_duration: 1 }
$data merge entity $(bone_weist) { transformation: [-1.0999999999999999f,2.454915682833837e-17f,1.324553972823536e-16f,4.652358674083077e-16f,0f,1.08158039832035f,-0.20045907804136218f,0.8477952873326281f,-1.3471114790620883e-16f,-0.20045907804136218f,-1.08158039832035f,-3.798939153168269f,0f,0f,0f,1f], start_interpolation: 0, interpolation_duration: 1 }
$data merge entity $(bone_right_fingers2) { transformation: [-0.9959920476313768f,-0.02598611160738505f,-0.08558366116605323f,1.1808321691636359f,0.021802344343870624f,-0.9985380042478126f,0.04946222653608784f,-0.023414969961756404f,-0.0867438691560883f,0.04739805983713352f,0.9951024696419497f,-10.694892501410234f,0f,0f,0f,1f], start_interpolation: 0, interpolation_duration: 1 }
$data merge entity $(bone_left_foot) { transformation: [-0.9959920476313768f,-0.0665829332409873f,0.05972063341997896f,1.1087204628111202f,0.021802344343870624f,0.4668283967110649f,0.8840791287013218f,0.2547706040196934f,-0.0867438691560883f,0.8818378314776494f,-0.4635057066947811f,-9.741349218773871f,0f,0f,0f,1f], start_interpolation: 0, interpolation_duration: 1 }
$data merge entity $(bone_left_knee) { transformation: [-1.5786615053830737f,0.06411821508603308f,0.12643818430306847f,0.9420435574211077f,0.03455702465157981f,1.5450384336417546f,-0.35203971246308446f,0.12900964391059677f,-0.13749026148387966f,-0.34787210523127915f,-1.5402439205960463f,-7.674083655460464f,0f,0f,0f,1f], start_interpolation: 0, interpolation_duration: 1 }
$data merge entity $(bone_left_thigh) { transformation: [-1.5972259671575493f,-0.14274671139785663f,-0.014021402705820165f,0.7385400000000006f,0.03496340218152927f,-0.5395119786202693f,1.5097709756596345f,0.4612560881241736f,-0.1391070949183915f,1.5034141860516845f,0.5404618532635089f,-5.603737900918066f,0f,0f,0f,1f], start_interpolation: 0, interpolation_duration: 1 }
$data merge entity $(bone_left_fingers2) { transformation: [-0.9959920476313768f,0.02598611160738504f,0.085583661166053f,-1.1776293191431815f,-0.021802344343870624f,-0.9985380042478126f,0.04946222653608784f,-0.06622654195874716f,0.08674386915608805f,0.04739805983713352f,0.9951024696419497f,-10.649855897936677f,0f,0f,0f,1f], start_interpolation: 0, interpolation_duration: 1 }
$data merge entity $(bone_right_foot) { transformation: [-0.9959920476313768f,0.06658293324098707f,-0.05972063341997885f,-1.105517612790666f,-0.021802344343870624f,0.4668283967110649f,0.8840791287013218f,0.21195903202270266f,0.08674386915608805f,0.8818378314776494f,-0.4635057066947811f,-9.696312615300315f,0f,0f,0f,1f], start_interpolation: 0, interpolation_duration: 1 }
$data merge entity $(bone_right_knee) { transformation: [-1.5786615053830737f,-0.06411821508603299f,-0.12643818430306808f,-0.9397686693618839f,-0.03455702465157981f,1.5450384336417546f,-0.35203971246308446f,0.11730507163916948f,0.13749026148387927f,-0.34787210523127915f,-1.5402439205960463f,-7.631883416294396f,0f,0f,0f,1f], start_interpolation: 0, interpolation_duration: 1 }
$data merge entity $(bone_right_thigh) { transformation: [-1.5972259671575493f,0.14274671139785627f,0.014021402705820031f,-0.7385399999999993f,-0.03496340218152927f,-0.5395119786202693f,1.5097709756596345f,0.444962615305309f,0.1391070949183911f,1.5034141860516845f,0.5404618532635089f,-5.5888112803852f,0f,0f,0f,1f], start_interpolation: 0, interpolation_duration: 1 }