# This file was generated by Animated Java via MC-Build. It is not recommended to edit this file directly.
$data merge entity $(bone_left_fingers_2) { transformation: [-0.28527234737074086f,-0.0521014324469653f,0.9570293248185041f,-1.5186989425360176f,0.21069883557411218f,0.97068585124217f,0.11565024377828512f,0.12372388751162754f,-0.9350003681888583f,0.23463678086616754f,-0.26593212019510065f,0.7800732623496495f,0f,0f,0f,1f], start_interpolation: 0, interpolation_duration: 1 }
$data merge entity $(bone_left_fingers) { transformation: [-0.28527234737074086f,-0.0521014324469653f,0.9570293248185041f,-0.9635208870735961f,0.21069883557411218f,0.97068585124217f,0.11565024377828512f,0.19309335483177076f,-0.9350003681888583f,0.23463678086616754f,-0.26593212019510065f,0.6410242464080032f,0f,0f,0f,1f], start_interpolation: 0, interpolation_duration: 1 }
$data merge entity $(bone_left_index_finger_2) { transformation: [-0.28527234737074086f,-0.0521014324469653f,0.9570293248185041f,-1.6461800227673176f,0.21069883557411218f,0.97068585124217f,0.11565024377828512f,0.21787992965880904f,-0.9350003681888583f,0.23463678086616754f,-0.26593212019510065f,0.36224497281525303f,0f,0f,0f,1f], start_interpolation: 0, interpolation_duration: 1 }
$data merge entity $(bone_left_index_finger) { transformation: [-0.28527234737074086f,-0.0521014324469653f,0.9570293248185041f,-1.0949244620812437f,0.21069883557411218f,0.97068585124217f,0.11565024377828512f,0.29014650596809627f,-0.9350003681888583f,0.23463678086616754f,-0.26593212019510065f,0.21033970181100997f,0f,0f,0f,1f], start_interpolation: 0, interpolation_duration: 1 }
$data merge entity $(bone_left_thumb) { transformation: [-0.28527234737074086f,0.15627263712795908f,0.9456207224414347f,-0.42093267783302474f,0.21069883557411218f,0.9727080148507637f,-0.09718599967484733f,0.18097704285054916f,-0.9350003681888583f,0.1715167068543454f,-0.31041316137776753f,-0.30048359667108016f,0f,0f,0f,1f], start_interpolation: 0, interpolation_duration: 1 }
$data merge entity $(bone_left_hand) { transformation: [-0.28527234737074086f,-0.0521014324469653f,0.9570293248185041f,-0.30618956301470224f,0.21069883557411218f,0.97068585124217f,0.11565024377828512f,0.18711354775536992f,-0.9350003681888583f,0.23463678086616754f,-0.26593212019510065f,0.3141223556690518f,0f,0f,0f,1f], start_interpolation: 0, interpolation_duration: 1 }
$data merge entity $(bone_left_forearm) { transformation: [-0.41850443998559533f,0.5173958846920071f,1.8874517121152568f,1.853140195275055f,-0.055100899945000524f,1.9262438149718404f,-0.5402472484508147f,0.5107071119731885f,-1.9563068158876025f,-0.16493846469881007f,-0.38855807587181207f,-0.17316341871730456f,0f,0f,0f,1f], start_interpolation: 0, interpolation_duration: 1 }
$data merge entity $(bone_left_bicep) { transformation: [-2.23765487467515f,1.0173192677519365f,0.2320673867484708f,2.692642181309701f,0.17490550951287379f,0.9070275315354956f,-2.2896729509839893f,1.7346616877300558f,-1.0286893735592113f,-2.0587024231749353f,-0.8941116307425312f,-3.869818192802382f,0f,0f,0f,1f], start_interpolation: 0, interpolation_duration: 1 }
$data merge entity $(bone_left_shoulder) { transformation: [-1.1172718023652215f,0.5079523856542362f,0.11587235833242247f,1.3743293750000003f,0.08733115909370313f,0.45288319321390436f,-1.1432446771507425f,1.1832360465630811f,-0.513629533972393f,-1.027919985743212f,-0.4464342220515303f,-2.1573596003068003f,0f,0f,0f,1f], start_interpolation: 0, interpolation_duration: 1 }
$data merge entity $(bone_right_fingers_2) { transformation: [-0.17198452891863344f,-0.31252511146412054f,-0.9342105632655704f,1.6926824214969454f,-0.17894390907078483f,0.9424750680536544f,-0.28234699131339447f,0.09794230186149804f,0.9687106891219393f,0.11861197579333327f,-0.21801559572493712f,0.395976899338744f,0f,0f,0f,1f], start_interpolation: 0, interpolation_duration: 1 }
$data merge entity $(bone_right_fingers) { transformation: [-0.17198452891863344f,-0.31252511146412054f,-0.9342105632655704f,1.150100385027057f,-0.17894390907078483f,0.9424750680536544f,-0.28234699131339447f,-0.06179035390201408f,0.9687106891219393f,0.11861197579333327f,-0.21801559572493712f,0.28433479299572845f,0f,0f,0f,1f], start_interpolation: 0, interpolation_duration: 1 }
$data merge entity $(bone_right_index_finger_2) { transformation: [-0.17198452891863344f,-0.27147796436803184f,-0.9469535557118021f,1.776644208701714f,-0.17894390907078483f,0.9538938434097799f,-0.2409680744650312f,0.15399286508223292f,0.9687106891219393f,0.1280087901962505f,-0.21263431146781045f,-0.04007172636080453f,0f,0f,0f,1f], start_interpolation: 0, interpolation_duration: 1 }
$data merge entity $(bone_right_index_finger) { transformation: [-0.17198452891863344f,-0.27147796436803184f,-0.9469535557118021f,1.22932382958583f,-0.17894390907078483f,0.9538938434097799f,-0.2409680744650312f,0.020635372291879936f,0.9687106891219393f,0.1280087901962505f,-0.21263431146781045f,-0.1618770805894756f,0f,0f,0f,1f], start_interpolation: 0, interpolation_duration: 1 }
$data merge entity $(bone_right_thumb) { transformation: [-0.17198452891863344f,-0.017137962005700128f,-0.9849505632624038f,0.5015428941453504f,-0.17894390907078483f,0.9837578258208793f,0.014128607243571595f,-0.11114319222148882f,0.9687106891219393f,0.1786808058927079f,-0.17225786015862946f,-0.5862503350810488f,0f,0f,0f,1f], start_interpolation: 0, interpolation_duration: 1 }
$data merge entity $(bone_right_hand) { transformation: [-0.17198452891863344f,0.06877135102468285f,-0.982696200812273f,0.45922508911252735f,-0.17894390907078483f,0.9787829410307194f,0.09981498762070673f,-0.08375460491333098f,0.9687106891219393f,0.19301413322732353f,-0.1560293086423269f,0.03696967775955751f,0f,0f,0f,1f], start_interpolation: 0, interpolation_duration: 1 }
$data merge entity $(bone_right_forearm) { transformation: [-0.3441980122413898f,-0.7064245995917284f,-1.8406028321414978f,-1.7387895750132716f,-0.3581260372205201f,1.859761556031538f,-0.6468071338493729f,0.10407031913844333f,1.9387109743487718f,0.21812384561386133f,-0.44626059442977645f,-0.3349518819805808f,0f,0f,0f,1f], start_interpolation: 0, interpolation_duration: 1 }
$data merge entity $(bone_right_bicep) { transformation: [-2.1832910286210714f,-1.1438143801967253f,-0.14429847777085464f,-2.7859978062933104f,-0.5089261443904365f,1.233497287732475f,-2.0773472804039224f,1.9822615845290372f,1.0344697030786785f,-1.807226108571053f,-1.3265365915045475f,-3.6881384066000598f,0f,0f,0f,1f], start_interpolation: 0, interpolation_duration: 1 }
$data merge entity $(bone_right_shoulder) { transformation: [-1.0901276735043472f,-0.5711120014962895f,-0.07204892146784062f,-1.3743293749999999f,-0.25410926280418167f,0.6158911070133399f,-1.0372294523087817f,1.1832360465630811f,0.5165156802023461f,-0.9023566567198152f,-0.6623460772559335f,-2.1573596003068007f,0f,0f,0f,1f], start_interpolation: 0, interpolation_duration: 1 }
$data merge entity $(bone_chest) { transformation: [-4.0674850000000005f,1.9345657109692203e-16f,4.590221409456084e-16f,2.0585389762850867e-16f,0f,3.7482002260994567f,-1.5796927835161456f,1.5889804260253042f,-4.981232485829872e-16f,-1.5796927835161456f,-3.7482002260994567f,-1.680924636979676f,0f,0f,0f,1f], start_interpolation: 0, interpolation_duration: 1 }
$data merge entity $(bone_weist) { transformation: [-1.0999999999999999f,2.4209636478438767e-17f,1.3251787378233294e-16f,4.654576407854854e-16f,0f,1.0820905576579063f,-0.1976866839916167f,0.8498544767612181f,-1.3471114790620883e-16f,-0.1976866839916167f,-1.0820905576579063f,-3.800750070220696f,0f,0f,0f,1f], start_interpolation: 0, interpolation_duration: 1 }
$data merge entity $(bone_right_fingers2) { transformation: [-0.9959919457079668f,-0.025985803467560645f,-0.08558494086580823f,1.1808388017882108f,0.021801851428827672f,-0.9985379451850196f,0.049463636137615286f,-0.02342218014798436f,-0.08674516331838855f,0.04739947303319314f,0.9951022895145212f,-10.694891238793836f,0f,0f,0f,1f], start_interpolation: 0, interpolation_duration: 1 }
$data merge entity $(bone_left_foot) { transformation: [-0.9959919457079668f,-0.06658422326835728f,0.05972089497494261f,1.1087257840742697f,0.021801851428827672f,0.46682964928289095f,0.8840784794489053f,0.2547647482144424f,-0.08674516331838855f,0.8818370709842962f,-0.4635069113602338f,-9.74134845045665f,0f,0f,0f,1f], start_interpolation: 0, interpolation_duration: 1 }
$data merge entity $(bone_left_knee) { transformation: [-1.5786613438330248f,0.06411808631796426f,0.12644026664104252f,0.9420463044533078f,0.03455624337425377f,1.5450379534771939f,-0.3520418965022362f,0.12900672056798101f,-0.13749231274945953f,-0.34787426156005574f,-1.5402432504682104f,-7.674082916304055f,0f,0f,0f,1f], start_interpolation: 0, interpolation_duration: 1 }
$data merge entity $(bone_left_thigh) { transformation: [-1.5972258037077331f,-0.14274841827579843f,-0.014022644581330509f,0.7385400000000006f,0.03496261171667759f,-0.5395098539329881f,1.5097717532137978f,0.4612560881241736f,-0.13910917030607817f,1.5034147864445375f,0.5404596489542868f,-5.603737900918066f,0f,0f,0f,1f], start_interpolation: 0, interpolation_duration: 1 }
$data merge entity $(bone_left_fingers2) { transformation: [-0.9959919457079668f,0.025985803467560634f,0.085584940865808f,-1.177635923377205f,-0.021801851428827672f,-0.9985379451850196f,0.049463636137615286f,-0.0662337097191204f,0.0867451633183883f,0.04739947303319314f,0.9951022895145212f,-10.649854600975509f,0f,0f,0f,1f], start_interpolation: 0, interpolation_duration: 1 }
$data merge entity $(bone_right_foot) { transformation: [-0.9959919457079668f,0.06658422326835708f,-0.05972089497494251f,-1.105522905663264f,-0.021801851428827672f,0.46682964928289095f,0.8840784794489053f,0.21195321864330635f,0.0867451633183883f,0.8818370709842962f,-0.4635069113602338f,-9.696311812638323f,0f,0f,0f,1f], start_interpolation: 0, interpolation_duration: 1 }
$data merge entity $(bone_right_knee) { transformation: [-1.5786613438330248f,-0.06411808631796417f,-0.12644026664104216f,-0.9397713801279608f,-0.03455624337425377f,1.5450379534771939f,-0.3520418965022362f,0.11730218695679617f,0.13749231274945914f,-0.34787426156005574f,-1.5402432504682104f,-7.631882686667739f,0f,0f,0f,1f], start_interpolation: 0, interpolation_duration: 1 }
$data merge entity $(bone_right_thigh) { transformation: [-1.5972258037077331f,0.14274841827579807f,0.014022644581330375f,-0.7385399999999993f,-0.03496261171667759f,-0.5395098539329881f,1.5097717532137978f,0.444962615305309f,0.13910917030607778f,1.5034147864445375f,0.5404596489542868f,-5.5888112803852f,0f,0f,0f,1f], start_interpolation: 0, interpolation_duration: 1 }