# This file was generated by Animated Java via MC-Build. It is not recommended to edit this file directly.
$data merge entity $(bone_left_fingers_2) { transformation: [-0.284562078243613f,-0.01956369614253134f,0.9584579726930746f,-1.5316205607580184f,0.22653717473629742f,0.9701039025971621f,0.08705932820928464f,0.13135587442069374f,-0.9315070220283754f,0.24190014460309517f,-0.27162287818375946f,0.7609295452889674f,0f,0f,0f,1f], start_interpolation: 0, interpolation_duration: 1 }
$data merge entity $(bone_left_fingers) { transformation: [-0.284562078243613f,-0.01956369614253134f,0.9584579726930746f,-0.9754407000058717f,0.22653717473629742f,0.9701039025971621f,0.08705932820928464f,0.1840266282994704f,-0.9315070220283754f,0.24190014460309517f,-0.27162287818375946f,0.6185948015430351f,0f,0f,0f,1f], start_interpolation: 0, interpolation_duration: 1 }
$data merge entity $(bone_left_index_finger_2) { transformation: [-0.284562078243613f,-0.01956369614253134f,0.9584579726930746f,-1.6587842394731331f,0.22653717473629742f,0.9701039025971621f,0.08705932820928464f,0.23258967438097666f,-0.9315070220283754f,0.24190014460309517f,-0.27162287818375946f,0.34466234482003677f,0f,0f,0f,1f], start_interpolation: 0, interpolation_duration: 1 }
$data merge entity $(bone_left_index_finger) { transformation: [-0.284562078243613f,-0.01956369614253134f,0.9584579726930746f,-1.106517107296836f,0.22653717473629742f,0.9701039025971621f,0.08705932820928464f,0.2883753144123774f,-0.9315070220283754f,0.24190014460309517f,-0.27162287818375946f,0.18951937952121448f,0f,0f,0f,1f], start_interpolation: 0, interpolation_duration: 1 }
$data merge entity $(bone_left_thumb) { transformation: [-0.284562078243613f,0.1883483151571248f,0.9399730505728068f,-0.4397319278105821f,0.22653717473629742f,0.9659516539844023f,-0.12497323964470833f,0.16154791042999753f,-0.9315070220283754f,0.17737619440688707f,-0.31754110532269364f,-0.32665469305524497f,0f,0f,0f,1f], start_interpolation: 0, interpolation_duration: 1 }
$data merge entity $(bone_left_hand) { transformation: [-0.284562078243613f,-0.01956369614253134f,0.9584579726930746f,-0.32080337586855734f,0.22653717473629742f,0.9701039025971621f,0.08705932820928464f,0.15951400473373156f,-0.9315070220283754f,0.24190014460309517f,-0.27162287818375946f,0.2871824013787506f,0f,0f,0f,1f], start_interpolation: 0, interpolation_duration: 1 }
$data merge entity $(bone_left_forearm) { transformation: [-0.4329218656568675f,0.5774887885118496f,1.8666557772471037f,1.844495451474231f,-0.02740770279546556f,1.9099412926417778f,-0.5972365610376053f,0.41771930749286845f,-1.9537517522485675f,-0.15475590830616465f,-0.4052445345475758f,-0.21249372942320388f,0f,0f,0f,1f], start_interpolation: 0, interpolation_duration: 1 }
$data merge entity $(bone_left_bicep) { transformation: [-2.237660798189472f,1.0321606535108898f,0.15300862811975832f,2.6982588425265f,0.25362879878505334f,0.8892187181732455f,-2.2892915075119293f,1.6413600679098526f,-1.0121460800506856f,-2.0590841554641144f,-0.9119352257938762f,-3.9059847972861492f,0f,0f,0f,1f], start_interpolation: 0, interpolation_duration: 1 }
$data merge entity $(bone_left_shoulder) { transformation: [-1.1172747600043094f,0.5153627606875669f,0.0763979412784155f,1.3743293750000003f,0.12663807469033447f,0.44399116735754185f,-1.143054220597164f,1.1196780110449067f,-0.5053693882437043f,-1.028110586504562f,-0.45533362847609565f,-2.188547194172524f,0f,0f,0f,1f], start_interpolation: 0, interpolation_duration: 1 }
$data merge entity $(bone_right_fingers_2) { transformation: [-0.18263409836091454f,-0.34427593057286576f,-0.9209336945427085f,1.681819099485f,-0.1931749804532113f,0.9309951831614278f,-0.3097279384510224f,0.1084842216046949f,0.9640167078649607f,0.12133446566580387f,-0.23653696201396615f,0.407865592352047f,0f,0f,0f,1f], start_interpolation: 0, interpolation_duration: 1 }
$data merge entity $(bone_right_fingers) { transformation: [-0.18263409836091454f,-0.34427593057286576f,-0.9209336945427085f,1.1465587724557444f,-0.1931749804532113f,0.9309951831614278f,-0.3097279384510224f,-0.06729085682168445f,0.9640167078649607f,0.12133446566580387f,-0.23653696201396615f,0.28550035366672544f,0f,0f,0f,1f], start_interpolation: 0, interpolation_duration: 1 }
$data merge entity $(bone_right_index_finger_2) { transformation: [-0.18263409836091454f,-0.30377769261221227f,-0.9350742749039221f,1.771348598044857f,-0.1931749804532113f,0.9436192249638625f,-0.26882370655412874f,0.17116088455987216f,0.9640167078649607f,0.13153657951231332f,-0.23101929617978556f,-0.02616868755089924f,0f,0f,0f,1f], start_interpolation: 0, interpolation_duration: 1 }
$data merge entity $(bone_right_index_finger) { transformation: [-0.18263409836091454f,-0.30377769261221227f,-0.9350742749039221f,1.2306876745772595f,-0.1931749804532113f,0.9436192249638625f,-0.26882370655412874f,0.021690149408547188f,0.9640167078649607f,0.13153657951231332f,-0.23101929617978556f,-0.15854930458429706f,0f,0f,0f,1f], start_interpolation: 0, interpolation_duration: 1 }
$data merge entity $(bone_right_thumb) { transformation: [-0.18263409836091454f,-0.05141168781407266f,-0.9818358439535623f,0.5147698157029806f,-0.1931749804532113f,0.981042874606729f,-0.015437134133859248f,-0.12913078714943987f,0.9640167078649607f,0.18684677289017748f,-0.18910333264574966f,-0.5965424593529908f,0f,0f,0f,1f], start_interpolation: 0, interpolation_duration: 1 }
$data merge entity $(bone_right_hand) { transformation: [-0.18263409836091454f,0.034356581415719345f,-0.9825804859803193f,0.46102903654455263f,-0.1931749804532113f,0.9786551451752403f,0.07012512922576547f,-0.10881480988040126f,0.9640167078649607f,0.20261720592154508f,-0.1720989681019291f,0.026067615626226837f,0f,0f,0f,1f], start_interpolation: 0, interpolation_duration: 1 }
$data merge entity $(bone_right_forearm) { transformation: [-0.365511328365272f,-0.7687489976433869f,-1.8112849636889008f,-1.7352119438200684f,-0.3866071250991509f,1.8344181005647715f,-0.7005511654186762f,0.012831899016216175f,1.9293167629722665f,0.22195040700387078f,-0.48353036840677516f,-0.3820989518291582f,0f,0f,0f,1f], start_interpolation: 0, interpolation_duration: 1 }
$data merge entity $(bone_right_bicep) { transformation: [-2.1832704208259424f,-1.1515738690948407f,-0.055686589530273584f,-2.7844746091893877f,-0.5871812506719523f,1.2132686949712388f,-2.0685962282067445f,1.8877022418543867f,0.9921902796817231f,-1.81597075981685f,-1.3467374469748654f,-3.7365014969253476f,0f,0f,0f,1f], start_interpolation: 0, interpolation_duration: 1 }
$data merge entity $(bone_right_shoulder) { transformation: [-1.0901173839334812f,-0.5749863514886622f,-0.027804581017478555f,-1.3743293749999999f,-0.2931824123899166f,0.6057908737068344f,-1.0328600100093508f,1.1196780110449067f,0.495405361485955f,-0.9067229029935465f,-0.6724324612001591f,-2.1885471941725245f,0f,0f,0f,1f], start_interpolation: 0, interpolation_duration: 1 }
$data merge entity $(bone_chest) { transformation: [-4.0674850000000005f,1.575002401939496e-16f,4.725679264589554e-16f,2.060168682803908e-16f,0f,3.858809958822214f,-1.2860870603965764f,1.487492350293491f,-4.981232485829872e-16f,-1.2860870603965764f,-3.858809958822214f,-1.6822553933413926f,0f,0f,0f,1f], start_interpolation: 0, interpolation_duration: 1 }
$data merge entity $(bone_weist) { transformation: [-1.0999999999999999f,1.392331616844931e-17f,1.3398968108433526e-16f,4.718252079122035e-16f,0f,1.0941087763232966f,-0.11369250446858038f,0.9139585427884356f,-1.3471114790620883e-16f,-0.11369250446858038f,-1.0941087763232966f,-3.8527452016426826f,0f,0f,0f,1f], start_interpolation: 0, interpolation_duration: 1 }
$data merge entity $(bone_right_fingers2) { transformation: [-0.9959933979349959f,-0.025990194811609545f,-0.08556670522788377f,1.1807442872336613f,0.021808875467085643f,-0.9985387866187779f,0.04944354931394235f,-0.023319434935665517f,-0.08672672149206442f,0.04737933506871633f,0.995104855976336f,-10.694909229243763f,0f,0f,0f,1f], start_interpolation: 0, interpolation_duration: 1 }
$data merge entity $(bone_left_foot) { transformation: [-0.9959933979349959f,-0.06656584030551611f,0.05971716817064832f,1.108649956419285f,0.021808875467085643f,0.4668118000434517f,0.8840877311053773f,0.25484819344731063f,-0.08672672149206442f,0.8818479076601663f,-0.4634897447998444f,-9.741359397504693f,0f,0f,0f,1f], start_interpolation: 0, interpolation_duration: 1 }
$data merge entity $(bone_left_knee) { transformation: [-1.578663645633439f,0.06411992183469843f,0.1264105933586226f,0.9420071593337026f,0.03456737657439986f,1.5450447954932884f,-0.3520107738832633f,0.12904837825247284f,-0.13746308219347658f,-0.3478435339014403f,-1.5402527992153934f,-7.674093448523795f,0f,0f,0f,1f], start_interpolation: 0, interpolation_duration: 1 }
$data merge entity $(bone_left_thigh) { transformation: [-1.597228132576449f,-0.14272409560470903f,-0.014004947385751147f,0.7385400000000006f,0.03497387583904345f,-0.5395401306000573f,1.5097606727531283f,0.4612560881241736f,-0.13907959600982073f,1.5034062303705547f,0.540491060025838f,-5.603737900918066f,0f,0f,0f,1f], start_interpolation: 0, interpolation_duration: 1 }
$data merge entity $(bone_left_fingers2) { transformation: [-0.9959933979349959f,0.02599019481160954f,0.08556670522788351f,-1.1775418133757583f,-0.021808875467085643f,-0.9985387866187779f,0.04944354931394235f,-0.06613156906938128f,0.08672672149206417f,0.04737933506871633f,0.995104855976336f,-10.649873080846435f,0f,0f,0f,1f], start_interpolation: 0, interpolation_duration: 1 }
$data merge entity $(bone_right_foot) { transformation: [-0.9959933979349959f,0.06656584030551588f,-0.059717168170648205f,-1.1054474825613823f,-0.021808875467085643f,0.4668118000434517f,0.8840877311053773f,0.21203605931359487f,0.08672672149206417f,0.8818479076601663f,-0.4634897447998444f,-9.696323249107365f,0f,0f,0f,1f], start_interpolation: 0, interpolation_duration: 1 }
$data merge entity $(bone_right_knee) { transformation: [-1.578663645633439f,-0.06411992183469836f,-0.1264105933586222f,-0.9397327517994445f,-0.03456737657439986f,1.5450447954932884f,-0.3520107738832633f,0.11734329373209718f,0.1374630821934762f,-0.3478435339014403f,-1.5402527992153934f,-7.631893083098523f,0f,0f,0f,1f], start_interpolation: 0, interpolation_duration: 1 }
$data merge entity $(bone_right_thigh) { transformation: [-1.597228132576449f,0.14272409560470867f,0.014004947385751013f,-0.7385399999999993f,-0.03497387583904345f,-0.5395401306000573f,1.5097606727531283f,0.444962615305309f,0.13907959600982034f,1.5034062303705547f,0.540491060025838f,-5.5888112803852f,0f,0f,0f,1f], start_interpolation: 0, interpolation_duration: 1 }