# This file was generated by Animated Java via MC-Build. It is not recommended to edit this file directly.
$data merge entity $(bone_left_fingers_2) { transformation: [-0.2848161883732642f,-0.041128306952957994f,0.9576994315586226f,-1.5242029289748609f,0.2160599989292185f,0.9706158490425513f,0.10593842763659311f,0.12619152442272188f,-0.9339153150597927f,0.23709351731878053f,-0.2675609245427625f,0.7732930229350472f,0f,0f,0f,1f], start_interpolation: 0, interpolation_duration: 1 }
$data merge entity $(bone_left_fingers) { transformation: [-0.2848161883732642f,-0.041128306952957994f,0.9576994315586226f,-0.96858147585296f,0.2160599989292185f,0.9706158490425513f,0.10593842763659311f,0.18988973873932377f,-0.9339153150597927f,0.23709351731878053f,-0.2675609245427625f,0.6333045826221417f,0f,0f,0f,1f], start_interpolation: 0, interpolation_duration: 1 }
$data merge entity $(bone_left_index_finger_2) { transformation: [-0.2848161883732642f,-0.041128306952957994f,0.9576994315586226f,-1.6514801631541633f,0.2160599989292185f,0.9706158490425513f,0.10593842763659311f,0.2227433364442165f,-0.9339153150597927f,0.23709351731878053f,-0.2675609245427625f,0.35594961651770196f,0f,0f,0f,1f], start_interpolation: 0, interpolation_duration: 1 }
$data merge entity $(bone_left_index_finger) { transformation: [-0.2848161883732642f,-0.041128306952957994f,0.9576994315586226f,-1.099774932622395f,0.2160599989292185f,0.9706158490425513f,0.10593842763659311f,0.28941237574609513f,-0.9339153150597927f,0.23709351731878053f,-0.2675609245427625f,0.20311984062272442f,0f,0f,0f,1f], start_interpolation: 0, interpolation_duration: 1 }
$data merge entity $(bone_left_thumb) { transformation: [-0.2848161883732642f,0.16713069337751293f,0.9438999259305392f,-0.4280120294786457f,0.2160599989292185f,0.9705376502464407f,-0.10665245574680385f,0.1742065730627654f,-0.9339153150597927f,0.17356267105938883f,-0.31253509164812054f,-0.3093111929530784f,0f,0f,0f,1f], start_interpolation: 0, interpolation_duration: 1 }
$data merge entity $(bone_left_hand) { transformation: [-0.2848161883732642f,-0.041128306952957994f,0.9576994315586226f,-0.3119986665573502f,0.2160599989292185f,0.9706158490425513f,0.10593842763659311f,0.17759756161952267f,-0.9339153150597927f,0.23709351731878053f,-0.2675609245427625f,0.30507754112566277f,0f,0f,0f,1f], start_interpolation: 0, interpolation_duration: 1 }
$data merge entity $(bone_left_forearm) { transformation: [-0.4229315588889327f,0.5378896297497114f,1.8807238170593235f,1.849742580290786f,-0.045778135073663455f,1.9209313343139247f,-0.5596834860443874f,0.4790019760066768f,-1.9555949714078453f,-0.16129472529918282f,-0.3936378446563626f,-0.18573340661451043f,0f,0f,0f,1f], start_interpolation: 0, interpolation_duration: 1 }
$data merge entity $(bone_left_bicep) { transformation: [-2.23765383536359f,1.0230177438421557f,0.2055069623048915f,2.695155783124714f,0.2016243537432561f,0.9010070995185074f,-2.2898530366125955f,1.7028521815643176f,-1.0237900349921818f,-2.058522286760679f,-0.9001294694927808f,-3.8810753525876955f,0f,0f,0f,1f], start_interpolation: 0, interpolation_duration: 1 }
$data merge entity $(bone_left_shoulder) { transformation: [-1.117271283431979f,0.5107976620747023f,0.10261061112309412f,1.3743293750000003f,0.10067200606177217f,0.4498771626563036f,-1.143334594768124f,1.1615296905928076f,-0.5111832707469359f,-1.027830042768312f,-0.44943895777862086f,-2.167330656199904f,0f,0f,0f,1f], start_interpolation: 0, interpolation_duration: 1 }
$data merge entity $(bone_right_fingers_2) { transformation: [-0.17535249512371798f,-0.32336911417624997f,-0.9298838198671667f,1.6901969344360184f,-0.18374167596663282f,0.9386722496211293f,-0.2917762915388799f,0.101730722447524f,0.9672075780135614f,0.11969471077735981f,-0.22401490406904823f,0.3996640870583794f,0f,0f,0f,1f], start_interpolation: 0, interpolation_duration: 1 }
$data merge entity $(bone_right_fingers) { transformation: [-0.17535249512371798f,-0.32336911417624997f,-0.9298838198671667f,1.1499994757459218f,-0.18374167596663282f,0.9386722496211293f,-0.2917762915388799f,-0.0635242468844422f,0.9672075780135614f,0.11969471077735981f,-0.22401490406904823f,0.28455002075180935f,0f,0f,0f,1f], start_interpolation: 0, interpolation_duration: 1 }
$data merge entity $(bone_right_index_finger_2) { transformation: [-0.17535249512371798f,-0.28250037588873894f,-0.9431039391692769f,1.7759398088679625f,-0.18374167596663282f,0.9505059447168865f,-0.2505542766963521f,0.16001331016808143f,0.9672075780135614f,0.12935218081107255f,-0.21858068156303362f,-0.03574485953687473f,0f,0f,0f,1f], start_interpolation: 0, interpolation_duration: 1 }
$data merge entity $(bone_right_index_finger) { transformation: [-0.17535249512371798f,-0.28250037588873894f,-0.9431039391692769f,1.2307742902142573f,-0.18374167596663282f,0.9505059447168865f,-0.2505542766963521f,0.021111482457142672f,0.9672075780135614f,0.12935218081107255f,-0.21858068156303362f,-0.16096946625318115f,0f,0f,0f,1f], start_interpolation: 0, interpolation_duration: 1 }
$data merge entity $(bone_right_thumb) { transformation: [-0.17535249512371798f,-0.02878114803908454f,-0.9840849292471856f,0.5068061605261931f,-0.18374167596663282f,0.9829664586842328f,0.003992194227710105f,-0.11724385766158707f,0.9672075780135614f,0.18151745541223074f,-0.17765391753015053f,-0.5897482976338713f,0f,0f,0f,1f], start_interpolation: 0, interpolation_duration: 1 }
$data merge entity $(bone_right_hand) { transformation: [-0.17535249512371798f,0.057097025853785455f,-0.9828486313225135f,0.4607718167539241f,-0.18374167596663282f,0.9788780318901426f,0.08964817452605683f,-0.09221143050520286f,0.9672075780135614f,0.19631028582714055f,-0.16115760209064628f,0.03330734396380741f,0f,0f,0f,1f], start_interpolation: 0, interpolation_duration: 1 }
$data merge entity $(bone_right_forearm) { transformation: [-0.35093842825656935f,-0.7277286741398292f,-1.8310051798490508f,-1.7370738034622406f,-0.3677279580393962f,1.851334952222092f,-0.6653283518561071f,0.07294520405271587f,1.935702751115353f,0.21976497387453137f,-0.45835028941732114f,-0.35019001999683663f,0f,0f,0f,1f], start_interpolation: 0, interpolation_duration: 1 }
$data merge entity $(bone_right_bicep) { transformation: [-2.1832946439410237f,-1.1471749673945815f,-0.11448665691136972f,-2.786147580144076f,-0.5356685186554396f,1.2265370635133603f,-2.0747431582339475f,1.949882868825336f,1.0208706277237032f,-1.8098313536626356f,-1.333501681828617f,-3.703495343342187f,0f,0f,0f,1f], start_interpolation: 0, interpolation_duration: 1 }
$data merge entity $(bone_right_shoulder) { transformation: [-1.0901294786509248f,-0.5727899587890107f,-0.0571637364464904f,-1.3743293749999999f,-0.2674618584312991f,0.6124158337054822f,-1.035929201629664f,1.1615296905928076f,0.509725596707205f,-0.903657468079073f,-0.6658237802333149f,-2.167330656199904f,0f,0f,0f,1f], start_interpolation: 0, interpolation_duration: 1 }
$data merge entity $(bone_chest) { transformation: [-4.0674850000000005f,1.8144574752874892e-16f,4.639010794152155e-16f,2.058016748609458e-16f,0f,3.7880397820677887f,-1.481616966255728f,1.554738211490688f,-4.981232485829872e-16f,-1.481616966255728f,-3.7880397820677887f,-1.680498205721298f,0f,0f,0f,1f], start_interpolation: 0, interpolation_duration: 1 }
$data merge entity $(bone_weist) { transformation: [-1.0999999999999999f,2.0752874839322513e-17f,1.3310301107079393e-16f,4.67673052663626e-16f,0f,1.0868685662140742f,-0.16946008313394093f,0.8710275963961099f,-1.3471114790620883e-16f,-0.16946008313394093f,-1.0868685662140742f,-3.81884028104461f,0f,0f,0f,1f], start_interpolation: 0, interpolation_duration: 1 }
$data merge entity $(bone_right_fingers2) { transformation: [-0.9959916908910277f,-0.025985033134291444f,-0.08558814011906907f,1.1808553833656648f,0.021800619141169132f,-0.9985377975182576f,0.049467160141346056f,-0.023440205610842202f,-0.08674839872351137f,0.04740300602701969f,0.9951018391795431f,-10.69488808216786f,0f,0f,0f,1f], start_interpolation: 0, interpolation_duration: 1 }
$data merge entity $(bone_left_foot) { transformation: [-0.9959916908910277f,-0.06658744833340746f,0.05972154887875408f,1.1087390872481258f,0.021800619141169132f,0.4668327807082434f,0.8840768563090379f,0.2547501087016854f,-0.08674839872351137f,0.881835169734489f,-0.4635099230202647f,-9.74134652959536f,0f,0f,0f,1f], start_interpolation: 0, interpolation_duration: 1 }
$data merge entity $(bone_left_knee) { transformation: [-1.5786609399445664f,0.06411776442428872f,0.1264454724875396f,0.9420531720379438f,0.03455429018085757f,1.5450367530505509f,-0.3520473565972864f,0.12899941221386002f,-0.1374974409124141f,-0.34787965238322177f,-1.540241575121998f,-7.674081068377854f,0f,0f,0f,1f], start_interpolation: 0, interpolation_duration: 1 }
$data merge entity $(bone_left_thigh) { transformation: [-1.5972253950696993f,-0.14275268548638967f,-0.01402574924834571f,0.7385400000000006f,0.034960635554466345f,-0.5395045422089133f,1.5097736970846622f,0.4612560881241736f,-0.13911435877428807f,1.5034162874046182f,0.5404541381657132f,-5.603737900918066f,0f,0f,0f,1f], start_interpolation: 0, interpolation_duration: 1 }
$data merge entity $(bone_left_fingers2) { transformation: [-0.9959916908910277f,0.02598503313429144f,0.08558814011906882f,-1.177652433977712f,-0.021800619141169132f,-0.9985377975182576f,0.049467160141346056f,-0.06625162911706989f,0.08674839872351112f,0.04740300602701969f,0.9951018391795431f,-10.649851358487977f,0f,0f,0f,1f], start_interpolation: 0, interpolation_duration: 1 }
$data merge entity $(bone_right_foot) { transformation: [-0.9959916908910277f,0.06658744833340724f,-0.05972154887875398f,-1.1055361378601731f,-0.021800619141169132f,0.4668327807082434f,0.8840768563090379f,0.21193868519545772f,0.08674839872351112f,0.881835169734489f,-0.4635099230202647f,-9.696309805915476f,0f,0f,0f,1f], start_interpolation: 0, interpolation_duration: 1 }
$data merge entity $(bone_right_knee) { transformation: [-1.5786609399445664f,-0.06411776442428865f,-0.12644547248753923f,-0.9397781570472344f,-0.03455429018085757f,1.5450367530505509f,-0.3520473565972864f,0.11729497525324761f,0.1374974409124137f,-0.34787965238322177f,-1.540241575121998f,-7.631880862566382f,0f,0f,0f,1f], start_interpolation: 0, interpolation_duration: 1 }
$data merge entity $(bone_right_thigh) { transformation: [-1.5972253950696993f,0.1427526854863893f,0.014025749248345577f,-0.7385399999999993f,-0.034960635554466345f,-0.5395045422089133f,1.5097736970846622f,0.444962615305309f,0.13911435877428766f,1.5034162874046182f,0.5404541381657132f,-5.5888112803852f,0f,0f,0f,1f], start_interpolation: 0, interpolation_duration: 1 }