# This file was generated by Animated Java via MC-Build. It is not recommended to edit this file directly.
$data merge entity $(bone_left_fingers_2) { transformation: [-0.28453949115890975f,-0.0259284976525872f,0.9583136182797929f,-1.5299139955066827f,0.22343826806950182f,0.9703099414786971f,0.09259566852563372f,0.12984258839918214f,-0.932262097445311f,0.24047105954165765f,-0.2702980784056417f,0.7644486074568f,0f,0f,0f,1f], start_interpolation: 0, interpolation_duration: 1 }
$data merge entity $(bone_left_fingers) { transformation: [-0.28453949115890975f,-0.0259284976525872f,0.9583136182797929f,-0.9738544563318124f,0.22343826806950182f,0.9703099414786971f,0.09259566852563372f,0.18574785808253902f,-0.932262097445311f,0.24047105954165765f,-0.2702980784056417f,0.6228794907260728f,0f,0f,0f,1f], start_interpolation: 0, interpolation_duration: 1 }
$data merge entity $(bone_left_index_finger_2) { transformation: [-0.28453949115890975f,-0.0259284976525872f,0.9583136182797929f,-1.6570675806183206f,0.22343826806950182f,0.9703099414786971f,0.09259566852563372f,0.22969156444274083f,-0.932262097445311f,0.24047105954165765f,-0.2702980784056417f,0.3478439826609263f,0f,0f,0f,1f], start_interpolation: 0, interpolation_duration: 1 }
$data merge entity $(bone_left_index_finger) { transformation: [-0.28453949115890975f,-0.0259284976525872f,0.9583136182797929f,-1.1049204594468853f,0.22343826806950182f,0.9703099414786971f,0.09259566852563372f,0.28866911031205333f,-0.932262097445311f,0.24047105954165765f,-0.2702980784056417f,0.19345626209032618f,0f,0f,0f,1f], start_interpolation: 0, interpolation_duration: 1 }
$data merge entity $(bone_left_thumb) { transformation: [-0.28453949115890975f,0.1821031408432654f,0.9412097131171387f,-0.43657940321106614f,0.22343826806950182f,0.9673510922824569f,-0.11961272767577527f,0.16522823994771346f,-0.932262097445311f,0.17626772352009196f,-0.3159383979701016f,-0.321525216466794f,0f,0f,0f,1f], start_interpolation: 0, interpolation_duration: 1 }
$data merge entity $(bone_left_hand) { transformation: [-0.28453949115890975f,-0.0259284976525872f,0.9583136182797929f,-0.3185746266322327f,0.22343826806950182f,0.9703099414786971f,0.09259566852563372f,0.16480929007937373f,-0.932262097445311f,0.24047105954165765f,-0.2702980784056417f,0.2924933605552418f,0f,0f,0f,1f], start_interpolation: 0, interpolation_duration: 1 }
$data merge entity $(bone_left_forearm) { transformation: [-0.4297863104311357f,0.5658924228265376f,1.8709270232973272f,1.8458387679912258f,-0.03284465246430922f,1.913259151786347f,-0.5862414863014919f,0.43570780780067975f,-1.9543600971983608f,-0.15660018277126733f,-0.4015861384379638f,-0.20429016979692172f,0f,0f,0f,1f], start_interpolation: 0, interpolation_duration: 1 }
$data merge entity $(bone_left_bicep) { transformation: [-2.2376528999580407f,1.0297537446205127f,0.16855215050086012f,2.6976032509957175f,0.23834347252041632f,0.892683811867415f,-2.2895853563092676f,1.6593957223098743f,-1.0158715426201006f,-2.058789921327321f,-0.9084504232068829f,-3.8982271021516843f,0f,0f,0f,1f], start_interpolation: 0, interpolation_duration: 1 }
$data merge entity $(bone_left_shoulder) { transformation: [-1.1172708163795053f,0.5141609795440512f,0.0841588964920111f,1.3743293750000003f,0.11900603803503446f,0.4457213052446953f,-1.1432009407098769f,1.131952833036037f,-0.5072295295580249f,-1.0279636739900126f,-0.453593649844305f,-2.182044253009363f,0f,0f,0f,1f], start_interpolation: 0, interpolation_duration: 1 }
$data merge entity $(bone_right_fingers_2) { transformation: [-0.18039965235499797f,-0.3381347469519105f,-0.9236454180766358f,1.684744361339263f,-0.19038779621519447f,0.9332966884968011f,-0.3044828045936697f,0.10654249964572873f,0.9649914261186561f,0.12092222353509996f,-0.2327431274448506f,0.4053413931512291f,0f,0f,0f,1f], start_interpolation: 0, interpolation_duration: 1 }
$data merge entity $(bone_right_fingers) { transformation: [-0.18039965235499797f,-0.3381347469519105f,-0.9236454180766358f,1.1479874450910783f,-0.19038779621519447f,0.9332966884968011f,-0.3044828045936697f,-0.06615803717890614f,0.9649914261186561f,0.12092222353509996f,-0.2327431274448506f,0.2851736563580132f,0f,0f,0f,1f], start_interpolation: 0, interpolation_duration: 1 }
$data merge entity $(bone_right_index_finger_2) { transformation: [-0.18039965235499797f,-0.2975240703180352f,-0.9375155428106697f,1.7731188122745787f,-0.19038779621519447f,0.9456897502506215f,-0.26348317464923476f,0.16791999751169576f,0.9649914261186561f,0.1309592450051022f,-0.22724705424972239f,-0.029115060938292026f,0f,0f,0f,1f], start_interpolation: 0, interpolation_duration: 1 }
$data merge entity $(bone_right_index_finger) { transformation: [-0.18039965235499797f,-0.2975240703180352f,-0.9375155428106697f,1.2310871060060449f,-0.19038779621519447f,0.9456897502506215f,-0.26348317464923476f,0.021539104416002208f,0.9649914261186561f,0.1309592450051022f,-0.22724705424972239f,-0.15932499194889235f,0f,0f,0f,1f], start_interpolation: 0, interpolation_duration: 1 }
$data merge entity $(bone_right_thumb) { transformation: [-0.18039965235499797f,-0.04473930590380612f,-0.9825753711229697f,0.5127125273741182f,-0.19038779621519447f,0.9816606170872298f,-0.009742685063221845f,-0.12564464788570914f,0.9649914261186561f,0.18531278252501973f,-0.18560905190835222f,-0.5945240808925434f,0f,0f,0f,1f], start_interpolation: 0, interpolation_duration: 1 }
$data merge entity $(bone_right_hand) { transformation: [-0.18039965235499797f,0.04106802693810191f,-0.9827356626242925f,0.4613019576504609f,-0.19038779621519447f,0.9787742330208111f,0.07585174900320274f,-0.10392525585812273f,0.9649914261186561f,0.20078450621981442f,-0.16875168022733272f,0.028235372727567543f,0f,0f,0f,1f], start_interpolation: 0, interpolation_duration: 1 }
$data merge entity $(bone_right_forearm) { transformation: [-0.3610394617471935f,-0.7567068777277725f,-1.8172429613255745f,-1.735584038784829f,-0.3810290461841004f,1.8394776747792165f,-0.690264820325826f,0.030481631994257574f,1.9312674970733323f,0.22145734897468616f,-0.4759088878764222f,-0.37238791612494504f,0f,0f,0f,1f], start_interpolation: 0, interpolation_duration: 1 }
$data merge entity $(bone_right_bicep) { transformation: [-2.183297897707873f,-1.1505455147360661f,-0.07313283171165297f,-2.7852183296594157f,-0.5720536498481454f,1.2171521200703987f,-2.0705526897407402f,1.9059212520862436f,1.0009285759977382f,-1.8140228327719354f,-1.3428910047439762f,-3.7263559339732484f,0f,0f,0f,1f], start_interpolation: 0, interpolation_duration: 1 }
$data merge entity $(bone_right_shoulder) { transformation: [-1.0901311032723056f,-0.5744728892291773f,-0.03651557334569435f,-1.3743293749999999f,-0.28562912880308555f,0.6077298864692554f,-1.0338368806291611f,1.131952833036037f,0.49976843471279153f,-0.905750293685034f,-0.6705119141610975f,-2.182044253009363f,0f,0f,0f,1f], start_interpolation: 0, interpolation_duration: 1 }
$data merge entity $(bone_chest) { transformation: [-4.0674850000000005f,1.646341452659708e-16f,4.701301617546057e-16f,2.0590929826216919e-16f,0f,3.838904099385461f,-1.3443398160236528f,1.507387374623627f,-4.981232485829872e-16f,-1.3443398160236528f,-3.838904099385461f,-1.6813770174839904f,0f,0f,0f,1f], start_interpolation: 0, interpolation_duration: 1 }
$data merge entity $(bone_weist) { transformation: [-1.0999999999999999f,1.5949549842898058e-17f,1.3376361698914018e-16f,4.706242039222251e-16f,0f,1.0922628228993994f,-0.1302379580300439f,0.9010705994337262f,-1.3471114790620883e-16f,-0.1302379580300439f,-1.0922628228993994f,-3.842938259830442f,0f,0f,0f,1f], start_interpolation: 0, interpolation_duration: 1 }
$data merge entity $(bone_right_fingers2) { transformation: [-0.9959914615455053f,-0.025984339854248455f,-0.08559101945173454f,1.1808703068049362f,0.021799510082213966f,-0.9985376646062256f,0.0494703317445957f,-0.023456428524098294f,-0.08675131058735501f,0.047406185725955896f,0.9951014338580229f,-10.694885241100684f,0f,0f,0f,1f], start_interpolation: 0, interpolation_duration: 1 }
$data merge entity $(bone_left_foot) { transformation: [-0.9959914615455053f,-0.06659035088783033f,0.05972213741221859f,1.108751060124117f,0.021799510082213966f,0.4668355989859141f,0.8840753954723761f,0.25473693314065965f,-0.08675131058735501f,0.8818334585896016f,-0.4635126335098947f,-9.741344800736856f,0f,0f,0f,1f], start_interpolation: 0, interpolation_duration: 1 }
$data merge entity $(bone_left_knee) { transformation: [-1.5786605764286645f,0.0641174747523443f,0.12645015775129437f,0.942059352869167f,0.034552532306701966f,1.5450356726479546f,-0.35205227067937495f,0.12899283469810696f,-0.13750205625785766f,-0.34788450412556776f,-1.5402400672778893f,-7.674079405201305f,0f,0f,0f,1f], start_interpolation: 0, interpolation_duration: 1 }
$data merge entity $(bone_left_thigh) { transformation: [-1.5972250272789879f,-0.14275652599514282f,-0.014028543422080174f,0.7385400000000006f,0.03495885700837603f,-0.5394997616500748f,1.509775446550675f,0.4612560881241736f,-0.13911902839444715f,1.5034176382417563f,0.5404491784370428f,-5.603737900918066f,0f,0f,0f,1f], start_interpolation: 0, interpolation_duration: 1 }
$data merge entity $(bone_left_fingers2) { transformation: [-0.9959914615455053f,0.025984339854248435f,0.08559101945173433f,-1.1776672935370371f,-0.021799510082213966f,-0.9985376646062256f,0.0494703317445957f,-0.0662677565715773f,0.08675131058735476f,0.047406185725955896f,0.9951014338580229f,-10.649848440145854f,0f,0f,0f,1f], start_interpolation: 0, interpolation_duration: 1 }
$data merge entity $(bone_right_foot) { transformation: [-0.9959914615455053f,0.06659035088783014f,-0.059722137412218476f,-1.1055480468562182f,-0.021799510082213966f,0.4668355989859141f,0.8840753954723761f,0.21192560509318065f,0.08675131058735476f,0.8818334585896016f,-0.4635126335098947f,-9.696307999782027f,0f,0f,0f,1f], start_interpolation: 0, interpolation_duration: 1 }
$data merge entity $(bone_right_knee) { transformation: [-1.5786605764286645f,-0.06411747475234422f,-0.126450157751294f,-0.9397842562795653f,-0.034552532306701966f,1.5450356726479546f,-0.35205227067937495f,0.11728848472296804f,0.13750205625785727f,-0.34788450412556776f,-1.5402400672778893f,-7.631879220832761f,0f,0f,0f,1f], start_interpolation: 0, interpolation_duration: 1 }
$data merge entity $(bone_right_thigh) { transformation: [-1.5972250272789879f,0.14275652599514246f,0.01402854342208004f,-0.7385399999999993f,-0.03495885700837603f,-0.5394997616500748f,1.509775446550675f,0.444962615305309f,0.13911902839444673f,1.5034176382417563f,0.5404491784370428f,-5.5888112803852f,0f,0f,0f,1f], start_interpolation: 0, interpolation_duration: 1 }