# This file was generated by Animated Java via MC-Build. It is not recommended to edit this file directly.
$data merge entity $(bone_left_fingers_2) { transformation: [-0.28453757739473073f,-0.021048465063990662f,0.9584337896635258f,-1.5312783520812019f,0.22579636088805116f,0.9701608450601689f,0.0883399010744989f,0.13106578250380038f,-0.931694354635709f,0.24154688329719615f,-0.2712945497229168f,0.761742564023439f,0f,0f,0f,1f], start_interpolation: 0, interpolation_duration: 1 }
$data merge entity $(bone_left_fingers) { transformation: [-0.28453757739473073f,-0.021048465063990662f,0.9584337896635258f,-0.9751213538848901f,0.22579636088805116f,0.9701608450601689f,0.0883399010744989f,0.1844850741043043f,-0.931694354635709f,0.24154688329719615f,-0.2712945497229168f,0.61959757557916f,0f,0f,0f,1f], start_interpolation: 0, interpolation_duration: 1 }
$data merge entity $(bone_left_index_finger_2) { transformation: [-0.28453757739473073f,-0.021048465063990662f,0.9584337896635258f,-1.6584310819794723f,0.22579636088805116f,0.9701608450601689f,0.0883399010744989f,0.23196853127564832f,-0.931694354635709f,0.24154688329719615f,-0.2712945497229168f,0.3453916492956062f,0f,0f,0f,1f], start_interpolation: 0, interpolation_duration: 1 }
$data merge entity $(bone_left_index_finger) { transformation: [-0.28453757739473073f,-0.021048465063990662f,0.9584337896635258f,-1.106186475472338f,0.22579636088805116f,0.9701608450601689f,0.0883399010744989f,0.2884925228383629f,-0.931694354635709f,0.24154688329719615f,-0.2712945497229168f,0.1904358634750863f,0f,0f,0f,1f], start_interpolation: 0, interpolation_duration: 1 }
$data merge entity $(bone_left_thumb) { transformation: [-0.28453757739473073f,0.1868935070220289f,0.940270803589766f,-0.43902600660489866f,0.22579636088805116f,0.966284413380238f,-0.12373534607428338f,0.1624397084166815f,-0.931694354635709f,0.17710237008977756f,-0.317144099816681f,-0.325442936186758f,0f,0f,0f,1f], start_interpolation: 0, interpolation_duration: 1 }
$data merge entity $(bone_left_hand) { transformation: [-0.28453757739473073f,-0.021048465063990662f,0.9584337896635258f,-0.3203251098735267f,0.22579636088805116f,0.9701608450601689f,0.0883399010744989f,0.16079524855343585f,-0.931694354635709f,0.24154688329719615f,-0.2712945497229168f,0.2884393885380253f,0f,0f,0f,1f], start_interpolation: 0, interpolation_duration: 1 }
$data merge entity $(bone_left_forearm) { transformation: [-0.43216417348313085f,0.5747884335510506f,1.8676645354999561f,1.8447821982786707f,-0.02868488211808224f,1.9107210682446196f,-0.5946768956792472f,0.42195880733995716f,-1.953901158719706f,-0.15518276119712515f,-0.4043599954640938f,-0.2105287121518975f,0f,0f,0f,1f], start_interpolation: 0, interpolation_duration: 1 }
$data merge entity $(bone_left_bicep) { transformation: [-2.2376525881508975f,1.0316324729935882f,0.15664749629593938f,2.698135298659368f,0.2500607557111809f,0.8900200521477936f,-2.289372627580983f,1.6455973293803159f,-1.013051635349258f,-2.059002634803811f,-0.9111134049481556f,-3.9041153376810485f,0f,0f,0f,1f], start_interpolation: 0, interpolation_duration: 1 }
$data merge entity $(bone_left_shoulder) { transformation: [-1.1172706606927045f,0.515099037624096f,0.07821484559721106f,1.3743293750000003f,0.1248565336845344f,0.44439127725124017f,-1.1430947242363916f,1.1225783268785519f,-0.5058215363439443f,-1.0280698828482036f,-0.4549232893894424f,-2.186989156081413f,0f,0f,0f,1f], start_interpolation: 0, interpolation_duration: 1 }
$data merge entity $(bone_right_fingers_2) { transformation: [-0.18211408076315944f,-0.3428119405405048f,-0.9215825709130153f,1.6824993094781862f,-0.19252284575154488f,0.9315464730725225f,-0.30847386010790445f,0.10797131318616421f,0.9642455161687384f,0.12124826567418419f,-0.23564685998223328f,0.4072999225874074f,0f,0f,0f,1f], start_interpolation: 0, interpolation_duration: 1 }
$data merge entity $(bone_right_fingers) { transformation: [-0.18211408076315944f,-0.3428119405405048f,-0.9215825709130153f,1.1468806368785782f,-0.19252284575154488f,0.9315464730725225f,-0.30847386010790445f,-0.06706885203559129f,0.9642455161687384f,0.12124826567418419f,-0.23564685998223328f,0.28545032001293846f,0f,0f,0f,1f], start_interpolation: 0, interpolation_duration: 1 }
$data merge entity $(bone_right_index_finger_2) { transformation: [-0.18211408076315944f,-0.30228679238421985f,-0.9356586753393831f,1.7717591083130557f,-0.19252284575154488f,0.9441152880400828f,-0.26754677488752976f,0.17034370245185368f,0.9642455161687384f,0.13141163585866847f,-0.23013380131878178f,-0.026833725834013056f,0f,0f,0f,1f], start_interpolation: 0, interpolation_duration: 1 }
$data merge entity $(bone_right_index_finger) { transformation: [-0.18211408076315944f,-0.30228679238421985f,-0.9356586753393831f,1.2307700060167486f,-0.19252284575154488f,0.9441152880400828f,-0.26754677488752976f,0.02161176036772644f,0.9642455161687384f,0.13141163585866847f,-0.23013380131878178f,-0.15870473552976086f,0f,0f,0f,1f], start_interpolation: 0, interpolation_duration: 1 }
$data merge entity $(bone_right_thumb) { transformation: [-0.18211408076315944f,-0.04982033481677099f,-0.9820144580537165f,0.5142678423121985f,-0.19252284575154488f,0.9811915405089082f,-0.014075322286987088f,-0.12833575277957782f,0.9642455161687384f,0.18649690365392282f,-0.18828034808758784f,-0.5960418273608001f,0f,0f,0f,1f], start_interpolation: 0, interpolation_duration: 1 }
$data merge entity $(bone_right_hand) { transformation: [-0.18211408076315944f,0.03595744607898782f,-0.9826197248474439f,0.4610751454382467f,-0.19252284575154488f,0.9786845556357815f,0.07149471605454372f,-0.10769275833196335f,0.9642455161687384f,0.20219694021292633f,-0.17130960836162723f,0.026604556650293265f,0f,0f,0f,1f], start_interpolation: 0, interpolation_duration: 1 }
$data merge entity $(bone_right_forearm) { transformation: [-0.36447060089633476f,-0.7658785021437758f,-1.8127101459590371f,-1.7353244600698907f,-0.38530198754149647f,1.8356298412617402f,-0.6980918539078741f,0.01700588679621773f,1.9297746841808763f,0.22185575956004985f,-0.4817431498954569f,-0.37978359922231153f,0f,0f,0f,1f], start_interpolation: 0, interpolation_duration: 1 }
$data merge entity $(bone_right_bicep) { transformation: [-2.183298982292379f,-1.151311193327777f,-0.05984306750404267f,-2.7846401787766184f,-0.583571925359313f,1.2142080089716527f,-2.0690664130400895f,1.8920317078263291f,0.99425472819723f,-1.815509446341805f,-1.3458365756622115f,-3.734082642373531f,0f,0f,0f,1f], start_interpolation: 0, interpolation_duration: 1 }
$data merge entity $(bone_right_shoulder) { transformation: [-1.0901316448105471f,-0.5748551962193549f,-0.02987993038873426f,-1.3743293749999999f,-0.2913802589644648f,0.6062598776886846f,-1.0330947755498914f,1.1225783268785519f,0.49643615052313633f,-0.9064925669647192f,-0.6719826518365349f,-2.1869891560814136f,0f,0f,0f,1f], start_interpolation: 0, interpolation_duration: 1 }
$data merge entity $(bone_chest) { transformation: [-4.0674850000000005f,1.591943593463446e-16f,4.719999223847133e-16f,2.0598803930404956e-16f,0f,3.854171853577195f,-1.299920593081874f,1.492206401984746f,-4.981232485829872e-16f,-1.299920593081874f,-3.854171853577195f,-1.6820199868849244f,0f,0f,0f,1f], start_interpolation: 0, interpolation_duration: 1 }
$data merge entity $(bone_weist) { transformation: [-1.0999999999999999f,1.4403856448566924e-17f,1.339388751991652e-16f,4.715427218030142e-16f,0f,1.093693914787665f,-0.1176164136353065f,0.9108905937018711f,-1.3471114790620883e-16f,-0.1176164136353065f,-1.093693914787665f,-3.8504385275111206f,0f,0f,0f,1f], start_interpolation: 0, interpolation_duration: 1 }
$data merge entity $(bone_right_fingers2) { transformation: [-0.9959913850948342f,-0.02598410876509011f,-0.08559197923028562f,1.1808752812888113f,0.021799140395882412f,-0.9985376202997003f,0.049471388945656225f,-0.023461836161152327f,-0.08675228120847474f,0.04740724562654686f,0.9951012987466303f,-10.69488429405644f,0f,0f,0f,1f], start_interpolation: 0, interpolation_duration: 1 }
$data merge entity $(bone_left_foot) { transformation: [-0.9959913850948342f,-0.0665913184051034f,0.05972233359425779f,1.1087550510868902f,0.021799140395882412f,0.4668365384107209f,0.8840749085245526f,0.25473254128708034f,-0.08675228120847474f,0.8818328882037492f,-0.46351353700551196f,-9.741344224433142f,0f,0f,0f,1f], start_interpolation: 0, interpolation_duration: 1 }
$data merge entity $(bone_left_knee) { transformation: [-1.5786604552532677f,0.06411737820184285f,0.1264517195062808f,0.9420614131473046f,0.03455194634862923f,1.5450353125098368f,-0.35205390870601017f,0.12899064219347822f,-0.13750359470608292f,-0.34788612137333114f,-1.5402395646563405f,-7.674078850800076f,0f,0f,0f,1f], start_interpolation: 0, interpolation_duration: 1 }
$data merge entity $(bone_left_thigh) { transformation: [-1.5972249046786144f,-0.14275780616877368f,-0.014029474807729354f,0.7385400000000006f,0.034958264159658144f,-0.5394981681289526f,1.5097760297022729f,0.4612560881241736f,-0.1391205849342412f,1.503418088515132f,0.5404475251901625f,-5.603737900918066f,0f,0f,0f,1f], start_interpolation: 0, interpolation_duration: 1 }
$data merge entity $(bone_left_fingers2) { transformation: [-0.9959913850948342f,0.0259841087650901f,0.08559197923028539f,-1.1776722467274507f,-0.021799140395882412f,-0.9985376202997003f,0.049471388945656225f,-0.06627313238897853f,0.08675228120847449f,0.04740724562654686f,0.9951012987466303f,-10.649847467343392f,0f,0f,0f,1f], start_interpolation: 0, interpolation_duration: 1 }
$data merge entity $(bone_right_foot) { transformation: [-0.9959913850948342f,0.0665913184051032f,-0.05972233359425769f,-1.10555201652553f,-0.021799140395882412f,0.4668365384107209f,0.8840749085245526f,0.21192124505925414f,0.08675228120847449f,0.8818328882037492f,-0.46351353700551196f,-9.696307397720094f,0f,0f,0f,1f], start_interpolation: 0, interpolation_duration: 1 }
$data merge entity $(bone_right_knee) { transformation: [-1.5786604552532677f,-0.06411737820184278f,-0.12645171950628045f,-0.9397862893580583f,-0.03455194634862923f,1.5450353125098368f,-0.35205390870601017f,0.11728632121348859f,0.1375035947060825f,-0.34788612137333114f,-1.5402395646563405f,-7.631878673579294f,0f,0f,0f,1f], start_interpolation: 0, interpolation_duration: 1 }
$data merge entity $(bone_right_thigh) { transformation: [-1.5972249046786144f,0.14275780616877332f,0.01402947480772922f,-0.7385399999999993f,-0.034958264159658144f,-0.5394981681289526f,1.5097760297022729f,0.444962615305309f,0.1391205849342408f,1.503418088515132f,0.5404475251901625f,-5.5888112803852f,0f,0f,0f,1f], start_interpolation: 0, interpolation_duration: 1 }