# This file was generated by Animated Java via MC-Build. It is not recommended to edit this file directly.
$data merge entity $(bone_left_fingers_2) { transformation: [-0.3594250316319408f,0.12775432165918388f,0.9243876242863599f,-1.513896186126567f,0.21894034266541926f,0.9744794239788075f,-0.04954774056887416f,0.21002236893185386f,-0.907126657633832f,0.18457704499566976f,-0.3782228727493081f,1.1980226532248404f,0f,0f,0f,1f], start_interpolation: 0, interpolation_duration: 1 }
$data merge entity $(bone_left_fingers) { transformation: [-0.3594250316319408f,0.12775432165918388f,0.9243876242863599f,-0.9754703041817703f,0.21894034266541926f,0.9744794239788075f,-0.04954774056887416f,0.1840932468916146f,-0.907126657633832f,0.18457704499566976f,-0.3782228727493081f,0.9935851924211846f,0f,0f,0f,1f], start_interpolation: 0, interpolation_duration: 1 }
$data merge entity $(bone_left_index_finger_2) { transformation: [-0.10373561024939734f,0.13743842543733117f,0.9850632479082208f,-1.6750481992810307f,0.2386555027627607f,0.9649116730628934f,-0.10949435687752153f,0.3459606057729799f,-0.9655477586154088f,0.22373230075309944f,-0.13289613776361453f,0.639803479413497f,0f,0f,0f,1f], start_interpolation: 0, interpolation_duration: 1 }
$data merge entity $(bone_left_index_finger) { transformation: [-0.10373561024939734f,0.13743842543733117f,0.9850632479082208f,-1.1065397058608362f,0.2386555027627607f,0.9649116730628934f,-0.10949435687752153f,0.2884380236742807f,-0.9655477586154088f,0.22373230075309944f,-0.13289613776361453f,0.5645066796444811f,0f,0f,0f,1f], start_interpolation: 0, interpolation_duration: 1 }
$data merge entity $(bone_left_thumb) { transformation: [-0.28454686931683193f,0.18837755846244722f,0.9399717945926448f,-0.4397541367260496f,0.22652868772356263f,0.9659489963304271f,-0.12500916017029035f,0.16157965779450345f,-0.931513731943996f,0.17735961196385158f,-0.31753068394062567f,0.0483407189462719f,0f,0f,0f,1f], start_interpolation: 0, interpolation_duration: 1 }
$data merge entity $(bone_left_hand) { transformation: [-0.28454686931683193f,-0.019534874176448724f,0.9584630758943719f,-0.32083091716757606f,0.22652868772356263f,0.9701090825648873f,0.0870236839219849f,0.15955352927696975f,-0.931513731943996f,0.24188169963025985f,-0.2716162929276267f,0.6621788722046497f,0f,0f,0f,1f], start_interpolation: 0, interpolation_duration: 1 }
$data merge entity $(bone_left_forearm) { transformation: [-0.4329205054328392f,0.5775385171330137f,1.8666407074084372f,1.844475139859623f,-0.02739294362428127f,1.9099265847945393f,-0.5972842712522733f,0.41770354181581393f,-1.9537522606425997f,-0.15475185063049185f,-0.40524363302964517f,0.16250550270641195f,0f,0f,0f,1f], start_interpolation: 0, interpolation_duration: 1 }
$data merge entity $(bone_left_bicep) { transformation: [-2.237653142472878f,1.0321859122173718f,0.15295018564980153f,2.698274201009948f,0.25368869391865795f,0.8891956467950614f,-2.2892938323831697f,1.6413288086768372f,-1.0121479947360281f,-2.0590814571137703f,-0.9119391933737324f,-3.5309824526437064f,0f,0f,0f,1f], start_interpolation: 0, interpolation_duration: 1 }
$data merge entity $(bone_left_shoulder) { transformation: [-1.1172709374683258f,0.5153753724807598f,0.07636876067309414f,1.3743293750000003f,0.12666798061757673f,0.4439796477078503f,-1.1430553814165156f,1.1196780110449067f,-0.5053703442552714f,-1.0281092392053042f,-0.4553356095077316f,-1.813547194172524f,0f,0f,0f,1f], start_interpolation: 0, interpolation_duration: 1 }
$data merge entity $(bone_right_fingers_2) { transformation: [-0.1826542618609133f,-0.3442600550603142f,-0.9209356302771189f,1.6817581789206308f,-0.19318543863919913f,0.9310000593955259f,-0.3097067576003266f,0.10840957457379181f,0.9640107919114937f,0.12134209449072797f,-0.2365571583841381f,0.7829170402242798f,0f,0f,0f,1f], start_interpolation: 0, interpolation_duration: 1 }
$data merge entity $(bone_right_fingers) { transformation: [-0.1826542618609133f,-0.3442600550603142f,-0.9209356302771189f,1.1464965508598244f,-0.19318543863919913f,0.9310000593955259f,-0.3097067576003266f,-0.06735341237966296f,0.9640107919114937f,0.12134209449072797f,-0.2365571583841381f,0.6605401246369201f,0f,0f,0f,1f], start_interpolation: 0, interpolation_duration: 1 }
$data merge entity $(bone_right_index_finger_2) { transformation: [-0.1826542618609133f,-0.3037617477740818f,-0.9350755163158107f,1.7712962874696312f,-0.19318543863919913f,0.9436231726611349f,-0.2688023331645655f,0.17109080544992147f,0.9640107919114937f,0.13154508202958037f,-0.23103914056281877f,0.34888519607483703f,0f,0f,0f,1f], start_interpolation: 0, interpolation_duration: 1 }
$data merge entity $(bone_right_index_finger) { transformation: [-0.1826542618609133f,-0.3037617477740818f,-0.9350755163158107f,1.2306347407801297f,-0.19318543863919913f,0.9436231726611349f,-0.2688023331645655f,0.021632411085506176f,0.9640107919114937f,0.13154508202958037f,-0.23103914056281877f,0.21649319147114965f,0f,0f,0f,1f], start_interpolation: 0, interpolation_duration: 1 }
$data merge entity $(bone_right_thumb) { transformation: [0.1592924447477755f,-0.1514109219439097f,-0.9755514593102569f,0.5147214445819804f,-0.11977496905440066f,0.9779052810648481f,-0.1713336454217263f,-0.12916837516117957f,0.9799387092233344f,0.1441388010966367f,0.13763768446225003f,-0.22151435912321665f,0f,0f,0f,1f], start_interpolation: 0, interpolation_duration: 1 }
$data merge entity $(bone_right_hand) { transformation: [-0.1826542618609133f,0.034371989250322144f,-0.9825761990700876f,0.46097043913771785f,-0.19318543863919913f,0.9786515446674745f,0.07014656383420609f,-0.10886039006047177f,0.9640107919114937f,0.20263198285300826f,-0.1721147076900551f,0.4010950938225754f,0f,0f,0f,1f], start_interpolation: 0, interpolation_duration: 1 }
$data merge entity $(bone_right_forearm) { transformation: [-0.3655516822079289f,-0.7687174247075663f,-1.8112902199295622f,-1.735261234996766f,-0.38662805539358663f,1.8344296992574856f,-0.7005092415459104f,0.012834569666377638f,1.9293049231897195f,0.22196389719866721f,-0.48357141553534033f,-0.007107163290444696f,0f,0f,0f,1f], start_interpolation: 0, interpolation_duration: 1 }
$data merge entity $(bone_right_bicep) { transformation: [-2.18329705414061f,-1.1515221889470466f,-0.05571107998054579f,-2.7844361892005205f,-0.5871377759750975f,1.2132980571534007f,-2.0685913465979358f,1.887736339157942f,0.9921574008659171f,-1.8159839139043739f,-1.3467439322442118f,-3.361519578031482f,0f,0f,0f,1f], start_interpolation: 0, interpolation_duration: 1 }
$data merge entity $(bone_right_shoulder) { transformation: [-1.0901306820751286f,-0.5749605473432036f,-0.02781680921666425f,-1.3743293749999999f,-0.2931607052654347f,0.6058055343850992f,-1.0328575725986786f,1.1196780110449067f,0.49538894493565894f,-0.9067294708924851f,-0.6724356993262229f,-1.8135471941725245f,0f,0f,0f,1f], start_interpolation: 0, interpolation_duration: 1 }
$data merge entity $(bone_chest) { transformation: [-4.0674850000000005f,1.5750024019394961e-16f,4.725679264589554e-16f,1.6009261331236507e-16f,0f,3.858809958822214f,-1.2860870603965766f,1.487492350293491f,-4.981232485829872e-16f,-1.2860870603965766f,-3.858809958822214f,-1.3072553933413926f,0f,0f,0f,1f], start_interpolation: 0, interpolation_duration: 1 }
$data merge entity $(bone_weist) { transformation: [-1.0999999999999999f,1.3923316168449317e-17f,1.3398968108433526e-16f,4.2590095294417775e-16f,0f,1.0941087763232966f,-0.11369250446858041f,0.9139585427884356f,-1.3471114790620883e-16f,-0.11369250446858041f,-1.0941087763232966f,-3.4777452016426826f,0f,0f,0f,1f], start_interpolation: 0, interpolation_duration: 1 }
$data merge entity $(bone_right_fingers2) { transformation: [-0.9959915210063904f,-0.025984519591708645f,-0.08559027295765018f,1.1808664377633453f,0.02179979761602284f,-0.9985376990659873f,0.04946950947709633f,-0.02345222258392593f,-0.08675055565976163f,0.04740536135915635f,0.995101538943203f,-10.319885977683096f,0f,0f,0f,1f], start_interpolation: 0, interpolation_duration: 1 }
$data merge entity $(bone_left_foot) { transformation: [-0.9959915210063904f,-0.0665895983740957f,0.05972198482764605f,1.1087479560433804f,0.02179979761602284f,0.4668348683218009f,0.8840757742087877f,0.25474034902681025f,-0.08675055565976163f,0.8818339022215825f,-0.46351193079076103f,-9.366345248967011f,0f,0f,0f,1f], start_interpolation: 0, interpolation_duration: 1 }
$data merge entity $(bone_left_knee) { transformation: [-1.5786606706750097f,0.06411754984953397f,0.12644894305311039f,0.9420577504309828f,0.034552988051862424f,1.5450359527540247f,-0.35205099665840706f,0.1289945399797f,-0.13750085968692735f,-0.3478832462663048f,-1.540240458203394f,-7.299079836399134f,0f,0f,0f,1f], start_interpolation: 0, interpolation_duration: 1 }
$data merge entity $(bone_left_thigh) { transformation: [-1.5972251226336345f,-0.1427555303059398f,-0.014027819009085413f,0.7385400000000005f,0.034959318112927074f,-0.5395010010548705f,1.5097749929870283f,0.4612560881241736f,-0.1391178177522956f,1.5034172880271708f,0.5404504642943483f,-5.228737900918066f,0f,0f,0f,1f], start_interpolation: 0, interpolation_duration: 1 }
$data merge entity $(bone_left_fingers2) { transformation: [-0.9959915210063904f,0.02598451959170864f,0.08559027295764995f,-1.1776634410569773f,-0.02179979761602284f,-0.9985376990659873f,0.04946950947709633f,-0.06626357537999972f,0.08675055565976138f,0.04740536135915635f,0.995101538943203f,-10.274849196762473f,0f,0f,0f,1f], start_interpolation: 0, interpolation_duration: 1 }
$data merge entity $(bone_right_foot) { transformation: [-0.9959915210063904f,0.06658959837409549f,-0.059721984827645944f,-1.1055449593370126f,-0.02179979761602284f,0.4668348683218009f,0.8840757742087877f,0.21192899623073647f,0.08675055565976138f,0.8818339022215825f,-0.46351193079076103f,-9.321308468046388f,0f,0f,0f,1f], start_interpolation: 0, interpolation_duration: 1 }
$data merge entity $(bone_right_knee) { transformation: [-1.5786606706750097f,-0.0641175498495339f,-0.12644894305311f,-0.9397826749966558f,-0.034552988051862424f,1.5450359527540247f,-0.35205099665840706f,0.11729016745277543f,0.13750085968692696f,-0.3478832462663048f,-1.540240458203394f,-7.25687964647126f,0f,0f,0f,1f], start_interpolation: 0, interpolation_duration: 1 }
$data merge entity $(bone_right_thigh) { transformation: [-1.5972251226336345f,0.14275553030593943f,0.01402781900908528f,-0.7385399999999994f,-0.034959318112927074f,-0.5395010010548705f,1.5097749929870283f,0.444962615305309f,0.13911781775229518f,1.5034172880271708f,0.5404504642943483f,-5.2138112803852f,0f,0f,0f,1f], start_interpolation: 0, interpolation_duration: 1 }