# This file was generated by Animated Java via MC-Build. It is not recommended to edit this file directly.
$data merge entity $(bone_left_fingers_2) { transformation: [-0.28462292890924384f,-0.013191280574572917f,0.9585487877285779f,-1.5329968594988448f,0.22958301570598738f,0.9698693477473661f,0.08151740427321291f,0.13308141177615415f,-0.9307424064898234f,0.24326824374936612f,-0.27301856043981887f,0.7575207813358622f,0f,0f,0f,1f], start_interpolation: 0, interpolation_duration: 1 }
$data merge entity $(bone_left_fingers) { transformation: [-0.28462292890924384f,-0.013191280574572917f,0.9585487877285779f,-0.9767269629172054f,0.22958301570598738f,0.9698693477473661f,0.08151740427321291f,0.18251499659444403f,-0.9307424064898234f,0.24326824374936612f,-0.27301856043981887f,0.6143790755100577f,0f,0f,0f,1f], start_interpolation: 0, interpolation_duration: 1 }
$data merge entity $(bone_left_index_finger_2) { transformation: [-0.28462292890924384f,-0.013191280574572917f,0.9585487877285779f,-1.6601877308551636f,0.22958301570598738f,0.9698693477473661f,0.08151740427321291f,0.23567632191976734f,-0.9307424064898234f,0.24326824374936612f,-0.27301856043981887f,0.341595268435722f,0f,0f,0f,1f], start_interpolation: 0, interpolation_duration: 1 }
$data merge entity $(bone_left_index_finger) { transformation: [-0.28462292890924384f,-0.013191280574572917f,0.9585487877285779f,-1.107831399546026f,0.22958301570598738f,0.9698693477473661f,0.08151740427321291f,0.28826667320401456f,-0.9307424064898234f,0.24326824374936612f,-0.27301856043981887f,0.1856558545206825f,0f,0f,0f,1f], start_interpolation: 0, interpolation_duration: 1 }
$data merge entity $(bone_left_thumb) { transformation: [-0.28462292890924384f,0.1945893350030556f,0.9386824697639728f,-0.44265525353633717f,0.22958301570598738f,0.9645231671438982f,-0.13033303089412038f,0.15804196542078724f,-0.9307424064898234f,0.17840978321205384f,-0.3191998151875405f,-0.33174685077381405f,0f,0f,0f,1f], start_interpolation: 0, interpolation_duration: 1 }
$data merge entity $(bone_left_hand) { transformation: [-0.28462292890924384f,-0.013191280574572917f,0.9585487877285779f,-0.32277580357152447f,0.22958301570598738f,0.9698693477473661f,0.08151740427321291f,0.1544214506957421f,-0.9307424064898234f,0.24326824374936612f,-0.27301856043981887f,0.2818979366169352f,0f,0f,0f,1f], start_interpolation: 0, interpolation_duration: 1 }
$data merge entity $(bone_left_forearm) { transformation: [-0.43617307491481583f,0.5890151671309065f,1.8622923011599979f,1.8432815380482177f,-0.021977598719431026f,1.9065602755828308f,-0.6081639039557847f,0.39997393734117637f,-1.9530971474108956f,-0.15299503851420743f,-0.40905071117913205f,-0.22085925614679214f,0f,0f,0f,1f], start_interpolation: 0, interpolation_duration: 1 }
$data merge entity $(bone_left_bicep) { transformation: [-2.23765196452867f,1.034367995327345f,0.13743958153507227f,2.6987333353392238f,0.26885311001183887f,0.8857440610247925f,-2.2889011700563504f,1.62354216218506f,-1.0082285423290736f,-2.059474061815506f,-0.915387840115431f,-3.913983668958017f,0f,0f,0f,1f], start_interpolation: 0, interpolation_duration: 1 }
$data merge entity $(bone_left_shoulder) { transformation: [-1.1172703493151377f,0.5164648970346946f,0.06862424170765144f,1.3743293750000003f,0.13423964624483484f,0.442256254391834f,-1.142859323234992f,1.1076093351103444f,-0.5034133428854161f,-1.0283052686143472f,-0.4570575353526981f,-2.195175712316849f,0f,0f,0f,1f], start_interpolation: 0, interpolation_duration: 1 }
$data merge entity $(bone_right_fingers_2) { transformation: [-0.18497041791132088f,-0.35027721615050916f,-0.9182003138441854f,1.6783797219357024f,-0.19596270616682726f,0.9287057148495196f,-0.3148083750436385f,0.11014549673695785f,0.9630080800748689f,0.12170278161033096f,-0.24042435537778417f,0.41058744094337996f,0f,0f,0f,1f], start_interpolation: 0, interpolation_duration: 1 }
$data merge entity $(bone_right_fingers) { transformation: [-0.18497041791132088f,-0.35027721615050916f,-0.9182003138441854f,1.144627874165805f,-0.19596270616682726f,0.9287057148495196f,-0.3148083750436385f,-0.06860914185576276f,0.9630080800748689f,0.12170278161033096f,-0.24042435537778417f,0.285970059693463f,0f,0f,0f,1f], start_interpolation: 0, interpolation_duration: 1 }
$data merge entity $(bone_right_index_finger_2) { transformation: [-0.18497041791132088f,-0.30989249468726754f,-0.9326052681784577f,1.7691062939559132f,-0.19596270616682726f,0.941553541250201f,-0.27399917290199904f,0.174121396247254f,0.9630080800748689f,0.13207411061865118f,-0.23488692389063992f,-0.023008482392801233f,0f,0f,0f,1f], start_interpolation: 0, interpolation_duration: 1 }
$data merge entity $(bone_right_index_finger) { transformation: [-0.18497041791132088f,-0.30989249468726754f,-0.9326052681784577f,1.22983294276547f,-0.19596270616682726f,0.941553541250201f,-0.27399917290199904f,0.021655977937093812f,0.9630080800748689f,0.13207411061865118f,-0.23488692389063992f,-0.1576149885988274f,0f,0f,0f,1f], start_interpolation: 0, interpolation_duration: 1 }
$data merge entity $(bone_right_thumb) { transformation: [-0.18497041791132088f,-0.05795715902405095f,-0.9810335938262115f,0.5164234669524437f,-0.19596270616682726f,0.9803870866168746f,-0.02097088902861087f,-0.13266802036923453f,0.9630080800748689f,0.18836700377915833f,-0.1927000508504799f,-0.5984713853433059f,0f,0f,0f,1f], start_interpolation: 0, interpolation_duration: 1 }
$data merge entity $(bone_right_hand) { transformation: [-0.18497041791132088f,0.027766096994108147f,-0.9823517640618481f,0.460304282093144f,-0.19596270616682726f,0.9784841511747107f,0.0645552762497339f,-0.11377156655921927f,0.9630080800748689f,0.2044451265196104f,-0.17554950285573434f,0.023973533397872338f,0f,0f,0f,1f], start_interpolation: 0, interpolation_duration: 1 }
$data merge entity $(bone_right_forearm) { transformation: [-0.3701870776914862f,-0.7805095111121444f,-1.805295876802548f,-1.7351302928005323f,-0.3921862876862391f,1.829396971044403f,-0.7105092612422527f,-0.00453234858117102f,1.9272981646563374f,0.22234747046819908f,-0.491335078246271f,-0.3919665260140688f,0f,0f,0f,1f], start_interpolation: 0, interpolation_duration: 1 }
$data merge entity $(bone_right_bicep) { transformation: [-2.1833011514547254f,-1.152220466085892f,-0.038434129082647275f,-2.7834234827016058f,-0.6019487987320762f,1.2095435806878125f,-2.0665321368928615f,1.8699033881037075f,0.9832328454900915f,-1.8180443962232542f,-1.3505039235780631f,-3.746915025616633f,0f,0f,0f,1f], start_interpolation: 0, interpolation_duration: 1 }
$data merge entity $(bone_right_shoulder) { transformation: [-1.0901327278837019f,-0.5753092004649596f,-0.019190344837579514f,-1.3743293749999999f,-0.30055591990637176f,0.6039309062933769f,-1.0318293993246523f,1.1076093351103444f,0.49093287166765576f,-0.9077582795886838f,-0.6743130810180978f,-2.195175712316849f,0f,0f,0f,1f], start_interpolation: 0, interpolation_duration: 1 }
$data merge entity $(bone_chest) { transformation: [-4.0674850000000005f,1.503932857222411e-16f,4.748774898734797e-16f,2.0615987288055252e-16f,0f,3.8776689752842044f,-1.2280543731217095f,1.4677871445214143f,-4.981232485829872e-16f,-1.2280543731217095f,-3.8776689752842044f,-1.683423114518317f,0f,0f,0f,1f], start_interpolation: 0, interpolation_duration: 1 }
$data merge entity $(bone_weist) { transformation: [-1.0999999999999999f,1.1911702231077913e-17f,1.341834740948624e-16f,4.729919717539812e-16f,0f,1.095691216343244f,-0.09726643011986234f,0.9268784945873114f,-1.3471114790620883e-16f,-0.09726643011986234f,-1.095691216343244f,-3.8622725514270453f,0f,0f,0f,1f], start_interpolation: 0, interpolation_duration: 1 }
$data merge entity $(bone_right_fingers2) { transformation: [-0.9959912321902467f,-0.02598364659305749f,-0.08559389878888171f,1.1808852302627395f,0.021798401023199583f,-0.9985375316828773f,0.049473503347743086f,-0.02347265143421351f,-0.08675422245047214f,0.04740936542914781f,0.995101028517517f,-10.694882399935173f,0f,0f,0f,1f], start_interpolation: 0, interpolation_duration: 1 }
$data merge entity $(bone_left_foot) { transformation: [-0.9959912321902467f,-0.06659325343834777f,0.05972272596466287f,1.108763033018601f,0.021798401023199583f,0.4668384172587095f,0.8840739346255013f,0.2547237575800652f,-0.08675422245047214f,0.8818317474257089f,-0.463515343995358f,-9.741343071799395f,0f,0f,0f,1f], start_interpolation: 0, interpolation_duration: 1 }
$data merge entity $(bone_left_knee) { transformation: [-1.5786602128973302f,0.06411718511106018f,0.12645484301685603f,0.9420655337051749f,0.0345507744324525f,1.5450345922277222f,-0.3520571847581892f,0.12898625718515377f,-0.13750667160214972f,-0.3478893558693312f,-1.5402385594029737f,-7.67407774198405f,0f,0f,0f,1f], start_interpolation: 0, interpolation_duration: 1 }
$data merge entity $(bone_left_thigh) { transformation: [-1.597224659472663f,-0.14276036652210525f,-0.014031337570634175f,0.7385400000000006f,0.034957078462190753f,-0.539494981084443f,1.5097771959998585f,0.4612560881241736f,-0.13912369801344113f,1.503418989053378f,0.5404442186904159f,-5.603737900918066f,0f,0f,0f,1f], start_interpolation: 0, interpolation_duration: 1 }
$data merge entity $(bone_left_fingers2) { transformation: [-0.9959912321902467f,0.025983646593057495f,0.08559389878888148f,-1.1776821531142372f,-0.021798401023199583f,-0.9985375316828773f,0.049473503347743086f,-0.06628388402262991f,0.08675422245047189f,0.04740936542914781f,0.995101028517517f,-10.649845521705828f,0f,0f,0f,1f], start_interpolation: 0, interpolation_duration: 1 }
$data merge entity $(bone_right_foot) { transformation: [-0.9959912321902467f,0.06659325343834756f,-0.05972272596466277f,-1.1055599558700988f,-0.021798401023199583f,0.4668384172587095f,0.8840739346255013f,0.2119125249916488f,0.08675422245047189f,0.8818317474257089f,-0.463515343995358f,-9.69630619357005f,0f,0f,0f,1f], start_interpolation: 0, interpolation_duration: 1 }
$data merge entity $(bone_right_knee) { transformation: [-1.5786602128973302f,-0.0641171851110601f,-0.12645484301685567f,-0.9397903555166185f,-0.0345507744324525f,1.5450345922277222f,-0.3520571847581892f,0.11728199419544927f,0.13750667160214933f,-0.3478893558693312f,-1.5402385594029737f,-7.631877579058969f,0f,0f,0f,1f], start_interpolation: 0, interpolation_duration: 1 }
$data merge entity $(bone_right_thigh) { transformation: [-1.597224659472663f,0.14276036652210491f,0.014031337570634041f,-0.7385399999999993f,-0.034957078462190753f,-0.539494981084443f,1.5097771959998585f,0.444962615305309f,0.13912369801344074f,1.503418989053378f,0.5404442186904159f,-5.5888112803852f,0f,0f,0f,1f], start_interpolation: 0, interpolation_duration: 1 }