# This file was generated by Animated Java via MC-Build. It is not recommended to edit this file directly.
$data merge entity $(bone_left_fingers_2) { transformation: [-0.28464090973739475f,-0.012225764728375665f,0.958556249356643f,-1.53316739438627f,0.2300474804114821f,0.9698291809814598f,0.08068157455800784f,0.13333291907994568f,-0.9306222161866742f,0.24347872677841298f,-0.27324055399256875f,0.7570134488651308f,0f,0f,0f,1f], start_interpolation: 0, interpolation_duration: 1 }
$data merge entity $(bone_left_fingers) { transformation: [-0.28464090973739475f,-0.012225764728375665f,0.958556249356643f,-0.9768873653630434f,0.2300474804114821f,0.9698291809814598f,0.08068157455800784f,0.18227817822025077f,-0.9306222161866742f,0.24347872677841298f,-0.27324055399256875f,0.6137433681948704f,0f,0f,0f,1f], start_interpolation: 0, interpolation_duration: 1 }
$data merge entity $(bone_left_index_finger_2) { transformation: [-0.28464090973739475f,-0.012225764728375665f,0.958556249356643f,-1.6603663009251681f,0.2300474804114821f,0.9698291809814598f,0.08068157455800784f,0.23613538688882682f,-0.9306222161866742f,0.24347872677841298f,-0.27324055399256875f,0.3411416460067104f,0f,0f,0f,1f], start_interpolation: 0, interpolation_duration: 1 }
$data merge entity $(bone_left_index_finger) { transformation: [-0.28464090973739475f,-0.012225764728375665f,0.958556249356643f,-1.1080000844108309f,0.2300474804114821f,0.9698291809814598f,0.08068157455800784f,0.2882437988847898f,-0.9306222161866742f,0.24347872677841298f,-0.27324055399256875f,0.18507550986388333f,0f,0f,0f,1f], start_interpolation: 0, interpolation_duration: 1 }
$data merge entity $(bone_left_thumb) { transformation: [-0.28464090973739475f,0.19553357926040676f,0.9384807786446574f,-0.44307486795092726f,0.2300474804114821f,0.9643030458298479f,-0.13114035442840138f,0.15750929807309436f,-0.9306222161866742f,0.17856722875402486f,-0.31946210347224396f,-0.3325211342489437f,0f,0f,0f,1f], start_interpolation: 0, interpolation_duration: 1 }
$data merge entity $(bone_left_hand) { transformation: [-0.28464090973739475f,-0.012225764728375665f,0.958556249356643f,-0.3230456994249731f,0.2300474804114821f,0.9698291809814598f,0.08068157455800784f,0.15364571434925778f,-0.9306222161866742f,0.24347872677841298f,-0.27324055399256875f,0.28109290337271553f,0f,0f,0f,1f], start_interpolation: 0, interpolation_duration: 1 }
$data merge entity $(bone_left_forearm) { transformation: [-0.4366810176022801f,0.590755179535367f,1.8616219917235262f,1.843114162429266f,-0.02115247861314964f,1.906042750302186f,-0.6098131189304573f,0.3972853192264991f,-1.952992753408228f,-0.15273436163256818f,-0.40964613175560977f,-0.22215298243767911f,0f,0f,0f,1f], start_interpolation: 0, interpolation_duration: 1 }
$data merge entity $(bone_left_bicep) { transformation: [-2.237651860590603f,1.0346795522243737f,0.13507582201580587f,2.6987848446903104f,0.2711561187563565f,0.8852198679067611f,-2.2888322890533472f,1.6208459341889874f,-1.00761183634645f,-2.059542937731808f,-0.9159117739076342f,-3.9152292085491593f,0f,0f,0f,1f], start_interpolation: 0, interpolation_duration: 1 }
$data merge entity $(bone_left_shoulder) { transformation: [-1.1172702974183626f,0.5166204588864449f,0.06744400525191467f,1.3743293750000003f,0.1353895495476056f,0.4419945222559275f,-1.1428249306200964f,1.1057806225220201f,-0.5031054186328723f,-1.0283396586894287f,-0.45731913800597596f,-2.1962007743592693f,0f,0f,0f,1f], start_interpolation: 0, interpolation_duration: 1 }
$data merge entity $(bone_right_fingers_2) { transformation: [-0.18532960118481784f,-0.351188917487562f,-0.9177795395183916f,1.6778304349659465f,-0.19638563757238975f,0.9283548061516134f,-0.31557888910775783f,0.11040145895050751f,0.9628528549471942f,0.12175261035852487f,-0.2410200854512397f,0.41100270576437326f,0f,0f,0f,1f], start_interpolation: 0, interpolation_duration: 1 }
$data merge entity $(bone_right_fingers) { transformation: [-0.18532960118481784f,-0.351188917487562f,-0.9177795395183916f,1.1443108778299138f,-0.19638563757238975f,0.9283548061516134f,-0.31557888910775783f,-0.0688050917361139f,0.9628528549471942f,0.12175261035852487f,-0.2410200854512397f,0.28604014389020055f,0f,0f,0f,1f], start_interpolation: 0, interpolation_duration: 1 }
$data merge entity $(bone_right_index_finger_2) { transformation: [-0.18532960118481784f,-0.3108216822049741f,-0.9322246621903686f,1.7687407695031956f,-0.19638563757238975f,0.9412365758910535f,-0.2747842600298851f,0.17457455812188705f,0.9628528549471942f,0.13214987732175718f,-0.23547991346159913f,-0.02252558136290428f,0f,0f,0f,1f], start_interpolation: 0, interpolation_duration: 1 }
$data merge entity $(bone_right_index_finger) { transformation: [-0.18532960118481784f,-0.3108216822049741f,-0.9322246621903686f,1.2296813951003964f,-0.19638563757238975f,0.9412365758910535f,-0.2747842600298851f,0.021654843479645886f,0.9628528549471942f,0.13214987732175718f,-0.23547991346159913f,-0.1574734021672978f,0f,0f,0f,1f], start_interpolation: 0, interpolation_duration: 1 }
$data merge entity $(bone_right_thumb) { transformation: [-0.18532960118481784f,-0.05895319332326672f,-0.98090644809873f,0.516658576894112f,-0.19638563757238975f,0.9802841170911968f,-0.021811261632908308f,-0.13320059848731997f,0.9628528549471942f,0.1885936657889726f,-0.19325322492604097f,-0.5987687590361159f,0f,0f,0f,1f], start_interpolation: 0, interpolation_duration: 1 }
$data merge entity $(bone_right_hand) { transformation: [-0.18532960118481784f,0.026762771425796028f,-0.9823119122713962f,0.4601749161632471f,-0.19638563757238975f,0.9784548167776776f,0.0637091271314204f,-0.11451993246490011f,0.9628528549471942f,0.20471913830947047f,-0.17608081704111206f,0.023649705126040477f,0f,0f,0f,1f], start_interpolation: 0, interpolation_duration: 1 }
$data merge entity $(bone_right_forearm) { transformation: [-0.37090592240121295f,-0.7822956585878922f,-1.8043749808476075f,-1.7351255828622605f,-0.3930327135247977f,1.8286280914753419f,-0.7120192142022187f,-0.007165487104914048f,1.9269875077575367f,0.22239509402940116f,-0.4925305465903757f,-0.3934870283876233f,0f,0f,0f,1f], start_interpolation: 0, interpolation_duration: 1 }
$data merge entity $(bone_right_bicep) { transformation: [-2.1833015129809192f,-1.1523045522131827f,-0.03580258444677476f,-2.7832495767871066f,-0.6041924346863601f,1.2089771489743775f,-2.0662088127327833f,1.8672045875604941f,0.9818549322440971f,-1.818367832671824f,-1.3510708418959299f,-3.748525075041889f,0f,0f,0f,1f], start_interpolation: 0, interpolation_duration: 1 }
$data merge entity $(bone_right_shoulder) { transformation: [-1.090132908395463f,-0.575351185071279f,-0.017876401989823487f,-1.3743293749999999f,-0.30167617809044855f,0.6036480842243666f,-1.0316679620220695f,1.1057806225220201f,0.49024487298060243f,-0.9079197729574485f,-0.6745961460510326f,-2.1962007743592697f,0f,0f,0f,1f], start_interpolation: 0, interpolation_duration: 1 }
$data merge entity $(bone_chest) { transformation: [-4.0674850000000005f,1.493082248572501e-16f,4.752197647077038e-16f,2.0618482067240396e-16f,0f,3.880463861405348f,-1.2191941787722327f,1.4647885973294006f,-4.981232485829872e-16f,-1.2191941787722327f,-3.880463861405348f,-1.6836268286983471f,0f,0f,0f,1f], start_interpolation: 0, interpolation_duration: 1 }
$data merge entity $(bone_weist) { transformation: [-1.0999999999999999f,1.1605182436844299e-17f,1.3421033160981322e-16f,4.731675274396521e-16f,0f,1.0959105245957912f,-0.09476350605680167f,0.9288580724259712f,-1.3471114790620883e-16f,-0.09476350605680167f,-1.0959105245957912f,-3.8637060723882986f,0f,0f,0f,1f], start_interpolation: 0, interpolation_duration: 1 }
$data merge entity $(bone_right_fingers2) { transformation: [-0.995991206705728f,-0.025983569565199954f,-0.08559421871550804f,1.1808868884258616f,0.021798277794416544f,-0.9985375169129176f,0.04947385574808649f,-0.023474453979587806f,-0.08675454599077359f,0.04740971872976507f,0.9951009834785107f,-10.694882084244043f,0f,0f,0f,1f], start_interpolation: 0, interpolation_duration: 1 }
$data merge entity $(bone_left_foot) { transformation: [-0.995991206705728f,-0.06659357594371974f,0.05972279136055046f,1.1087643633413518f,0.021798277794416544f,0.46683873039983015f,0.8840737723085512f,0.2547222936289148f,-0.08675454599077359f,0.8818315572952142f,-0.4635156451601521f,-9.741342879690357f,0f,0f,0f,1f], start_interpolation: 0, interpolation_duration: 1 }
$data merge entity $(bone_left_knee) { transformation: [-1.5786601725040073f,0.06411715293058784f,0.12645536360202997f,0.9420662204650266f,0.03455057911308564f,1.5450344721799407f,-0.35205773076674407f,0.12898552635055416f,-0.137507184418111f,-0.3478898949520588f,-1.540238391859415f,-7.67407755717962f,0f,0f,0f,1f], start_interpolation: 0, interpolation_duration: 1 }
$data merge entity $(bone_left_thigh) { transformation: [-1.5972246186043295f,-0.1427607932484473f,-0.014031648030030288f,0.7385400000000006f,0.03495688084594207f,-0.5394944499100646f,1.509777390382062f,0.4612560881241736f,-0.13912421685992402f,1.5034191391419829f,0.5404436676063492f,-5.603737900918066f,0f,0f,0f,1f], start_interpolation: 0, interpolation_duration: 1 }
$data merge entity $(bone_left_fingers2) { transformation: [-0.995991206705728f,0.02598356956519995f,0.0855942187155078f,-1.1776838041794737f,-0.021798277794416544f,-0.9985375169129176f,0.04947385574808649f,-0.06628567596142237f,0.08675454599077334f,0.04740971872976507f,0.9951009834785107f,-10.649845197428668f,0f,0f,0f,1f], start_interpolation: 0, interpolation_duration: 1 }
$data merge entity $(bone_right_foot) { transformation: [-0.995991206705728f,0.06659357594371954f,-0.059722791360550365f,-1.105561279094964f,-0.021798277794416544f,0.46683873039983015f,0.8840737723085512f,0.21191107164708023f,0.08675454599077334f,0.8818315572952142f,-0.4635156451601521f,-9.696305992874983f,0f,0f,0f,1f], start_interpolation: 0, interpolation_duration: 1 }
$data merge entity $(bone_right_knee) { transformation: [-1.5786601725040073f,-0.06411715293058776f,-0.12645536360202958f,-0.9397910332099157f,-0.03455057911308564f,1.5450344721799407f,-0.35205773076674407f,0.11728127302589542f,0.1375071844181106f,-0.3478898949520588f,-1.540238391859415f,-7.631877396637179f,0f,0f,0f,1f], start_interpolation: 0, interpolation_duration: 1 }
$data merge entity $(bone_right_thigh) { transformation: [-1.5972246186043295f,0.14276079324844693f,0.014031648030030154f,-0.7385399999999993f,-0.03495688084594207f,-0.5394944499100646f,1.509777390382062f,0.444962615305309f,0.13912421685992363f,1.5034191391419829f,0.5404436676063492f,-5.5888112803852f,0f,0f,0f,1f], start_interpolation: 0, interpolation_duration: 1 }