# This file was generated by Animated Java via MC-Build. It is not recommended to edit this file directly.
$data merge entity $(bone_left_fingers_2) { transformation: [-0.35565554468986527f,0.12835005918448328f,0.9257620622161479f,-1.5161891431440075f,0.22382097054646688f,0.9733993580759773f,-0.048967977709036214f,0.20773379791964783f,-0.9074212399293908f,0.18978923047584842f,-0.37492231371364454f,1.1906870170525545f,0f,0f,0f,1f], start_interpolation: 0, interpolation_duration: 1 }
$data merge entity $(bone_left_fingers) { transformation: [-0.35565554468986527f,0.12835005918448328f,0.9257620622161479f,-0.9770195270306496f,0.22382097054646688f,0.9733993580759773f,-0.048967977709036214f,0.18206544975827466f,-0.9074212399293908f,0.18978923047584842f,-0.37492231371364454f,0.9881859403628316f,0f,0f,0f,1f], start_interpolation: 0, interpolation_duration: 1 }
$data merge entity $(bone_left_index_finger_2) { transformation: [-0.1134881694715808f,0.13715238668062438f,0.9840272649768391f,-1.6760504786735535f,0.2408538383201127f,0.9646808785922197f,-0.1066781657370049f,0.3441203662233463f,-0.9639034515740976f,0.22490003402923575f,-0.14251354580246006f,0.6404000544823255f,0f,0f,0f,1f], start_interpolation: 0, interpolation_duration: 1 }
$data merge entity $(bone_left_index_finger) { transformation: [-0.1134881694715808f,0.13715238668062438f,0.9840272649768391f,-1.1081406994342742f,0.2408538383201127f,0.9646808785922197f,-0.1066781657370049f,0.2882194816813417f,-0.9639034515740976f,0.22490003402923575f,-0.14251354580246006f,0.5595672866868913f,0f,0f,0f,1f], start_interpolation: 0, interpolation_duration: 1 }
$data merge entity $(bone_left_thumb) { transformation: [-0.28465926166322797f,0.19636142098448123f,0.9383023484454791f,-0.4434374504673164f,0.2304565143512988f,0.9641090165320495f,-0.13184687798599343f,0.15703963403273868f,-0.9305153946831807f,0.1787064536902883f,-0.3196953294420257f,0.04179824786045283f,0f,0f,0f,1f], start_interpolation: 0, interpolation_duration: 1 }
$data merge entity $(bone_left_hand) { transformation: [-0.28465926166322797f,-0.01137892679520941f,0.958561226408796f,-0.32327531884379734f,0.2304565143512988f,0.9697926706387984f,0.0799498028034864f,0.1529615980571417f,-0.9305153946831807f,0.24366513086663844f,-0.27343811778416793f,0.655384873764939f,0f,0f,0f,1f], start_interpolation: 0, interpolation_duration: 1 }
$data merge entity $(bone_left_forearm) { transformation: [-0.43713056706928355f,0.5922800389296954f,1.86103187940718f,1.842971607857086f,-0.020427809161438906f,1.9055876881281673f,-0.6112582930463223f,0.3949242842869525f,-1.9528998963841557f,-0.15250689063277958f,-0.4101732272625445f,0.15170487933431298f,0f,0f,0f,1f], start_interpolation: 0, interpolation_duration: 1 }
$data merge entity $(bone_left_bicep) { transformation: [-2.237652380277998f,1.0349471749277248f,0.13300102568925407f,2.6988250187840057f,0.27317565224025925f,0.8847609551126769f,-2.2887695860484234f,1.6184796796658814f,-1.0070650379932675f,-2.059605666166775f,-0.91637198333122f,-3.5413307338546733f,0f,0f,0f,1f], start_interpolation: 0, interpolation_duration: 1 }
$data merge entity $(bone_left_shoulder) { transformation: [-1.1172705569007697f,0.5167540841847476f,0.06640804950308911f,1.3743293750000003f,0.1363979122942622f,0.44176538489860856f,-1.1427936227092483f,1.1041742177024463f,-0.5028323995947245f,-1.0283709792976192f,-0.45754892277661885f,-1.8221057615429384f,0f,0f,0f,1f], start_interpolation: 0, interpolation_duration: 1 }
$data merge entity $(bone_right_fingers_2) { transformation: [-0.18564539079914827f,-0.35199102536276833f,-0.9174083643280665f,1.6773443749532122f,-0.19675681778989573f,0.9280454531148145f,-0.31625684436247753f,0.11063058525248885f,0.9627162320893032f,0.12179472491444628f,-0.24154399486385322f,0.7863659057636767f,0f,0f,0f,1f], start_interpolation: 0, interpolation_duration: 1 }
$data merge entity $(bone_right_fingers) { transformation: [-0.18564539079914827f,-0.35199102536276833f,-0.9174083643280665f,1.1440297537907904f,-0.19675681778989573f,0.9280454531148145f,-0.31625684436247753f,-0.0689735815619938f,0.9627162320893032f,0.12179472491444628f,-0.24154399486385322f,0.6610997665119246f,0f,0f,0f,1f], start_interpolation: 0, interpolation_duration: 1 }
$data merge entity $(bone_right_index_finger_2) { transformation: [-0.18564539079914827f,-0.311639217085623f,-0.9318888277306964f,1.7684162861256114f,-0.19675681778989573f,0.9409570892826704f,-0.27547506381136966f,0.17497678749693987f,0.9627162320893032f,0.1322148044015663f,-0.23600148721741218f,0.3528971934272864f,0f,0f,0f,1f], start_interpolation: 0, interpolation_duration: 1 }
$data merge entity $(bone_right_index_finger) { transformation: [-0.18564539079914827f,-0.311639217085623f,-0.9318888277306964f,1.229545731539975f,-0.19675681778989573f,0.9409570892826704f,-0.27547506381136966f,0.021657330868746105f,0.9627162320893032f,0.1322148044015663f,-0.23600148721741218f,0.21764915382056926f,0f,0f,0f,1f], start_interpolation: 0, interpolation_duration: 1 }
$data merge entity $(bone_right_thumb) { transformation: [0.15564713071700348f,-0.15961759675591608f,-0.9748313667016616f,0.5168638291591189f,-0.12075101247329653f,0.9763830929107009f,-0.17915146905567703f,-0.13366599436451818f,0.9804045918324933f,0.14559628664220536f,0.13269724047531276f,-0.22403230361326887f,0f,0f,0f,1f], start_interpolation: 0, interpolation_duration: 1 }
$data merge entity $(bone_right_hand) { transformation: [-0.18564539079914827f,0.025879677781184385f,-0.9822759445048899f,0.4600595348058052f,-0.19675681778989573f,0.978428454082525f,0.06296439386569164f,-0.11517468846775891f,0.9627162320893032f,0.20495853853797436f,-0.17654872968150317f,0.398362634903934f,0f,0f,0f,1f], start_interpolation: 0, interpolation_duration: 1 }
$data merge entity $(bone_right_forearm) { transformation: [-0.37153792202479785f,-0.7838670118478394f,-1.8035628218780726f,-1.7351209665113276f,-0.39377556809347425f,1.82795037948511f,-0.7133477303107272f,-0.009479110403002533f,1.926714080162575f,0.22243356334767403f,-0.4935817413826202f,-0.01982790040414706f,0f,0f,0f,1f], start_interpolation: 0, interpolation_duration: 1 }
$data merge entity $(bone_right_bicep) { transformation: [-2.183299705347482f,-1.1523776244192456f,-0.03348596805403359f,-2.7830952649259064f,-0.6061666146000083f,1.208477830537686f,-2.0659226682362424f,1.8648319414582417f,0.9806413894299097f,-1.8186534157243497f,-1.3515677273078814f,-3.3749456820435793f,0f,0f,0f,1f], start_interpolation: 0, interpolation_duration: 1 }
$data merge entity $(bone_right_shoulder) { transformation: [-1.0901320058354251f,-0.5753876703739479f,-0.016719704323083215f,-1.3743293749999999f,-0.3026618955821306f,0.6033987721360592f,-1.0315250887036655f,1.1041742177024463f,0.4896389452378573f,-0.9080623659441649f,-0.6748442433184277f,-1.8221057615429386f,0f,0f,0f,1f], start_interpolation: 0, interpolation_duration: 1 }
$data merge entity $(bone_chest) { transformation: [-4.0674850000000005f,1.4835327525185497e-16f,4.755187446367554e-16f,1.6028320035022444e-16f,0f,3.88290521779692f,-1.2113964234842591f,1.4621517805906867f,-4.981232485829872e-16f,-1.2113964234842591f,-3.88290521779692f,-1.3088116546078414f,0f,0f,0f,1f], start_interpolation: 0, interpolation_duration: 1 }
$data merge entity $(bone_weist) { transformation: [-1.0999999999999999f,1.1335549716407985e-17f,1.342333739531094e-16f,4.273972148105259e-16f,0f,1.0960986796076055f,-0.09256178780935234f,0.9306018035364373f,-1.3471114790620883e-16f,-0.09256178780935234f,-1.0960986796076055f,-3.4899631069798778f,0f,0f,0f,1f], start_interpolation: 0, interpolation_duration: 1 }
$data merge entity $(bone_right_fingers2) { transformation: [-0.9959913341271192f,-0.025983954706814954f,-0.08559261908292971f,1.1808785976125389f,0.0217988939383244f,-0.9985375907613183f,0.04947209374635697f,-0.023465441252328245f,-0.08675292828917647f,0.04740795222720362f,0.9951012086711968f,-10.31988366268754f,0f,0f,0f,1f], start_interpolation: 0, interpolation_duration: 1 }
$data merge entity $(bone_left_foot) { transformation: [-0.9959913341271192f,-0.06659196341637776f,0.059722464383455576f,1.1087577117298806f,0.0217988939383244f,0.4668371646936247f,0.88407458389204f,0.2547296133847204f,-0.08675292828917647f,0.881832507945341f,-0.4635141393356663f,-9.366343840225792f,0f,0f,0f,1f], start_interpolation: 0, interpolation_duration: 1 }
$data merge entity $(bone_left_knee) { transformation: [-1.5786603744687173f,0.06411731383673458f,0.1264527606763834f,0.9420627866663585f,0.0345515557099083f,1.5450350724166697f,-0.352055000723565f,0.1289891805238984f,-0.13750462033816213f,-0.3478871995385945f,-1.5402392295734062f,-7.299078481196744f,0f,0f,0f,1f], start_interpolation: 0, interpolation_duration: 1 }
$data merge entity $(bone_left_thigh) { transformation: [-1.5972248229440682f,-0.14275865961898504f,-0.014030095729941102f,0.7385400000000005f,0.034957868927173716f,-0.5394971057811181f,1.509776418468966f,0.4612560881241736f,-0.13912162262736547f,1.5034183886958075f,0.540446423024467f,-5.228737900918066f,0f,0f,0f,1f], start_interpolation: 0, interpolation_duration: 1 }
$data merge entity $(bone_left_fingers2) { transformation: [-0.9959913341271192f,0.025983954706814947f,0.08559261908292948f,-1.177675548855497f,-0.0217988939383244f,-0.9985375907613183f,0.04947209374635697f,-0.06627671626703358f,0.08675292828917622f,0.04740795222720362f,0.9951012086711968f,-10.274846818802372f,0f,0f,0f,1f], start_interpolation: 0, interpolation_duration: 1 }
$data merge entity $(bone_right_foot) { transformation: [-0.9959913341271192f,0.06659196341637755f,-0.05972246438345547f,-1.105554662972839f,-0.0217988939383244f,0.4668371646936247f,0.88407458389204f,0.21191833837001506f,0.08675292828917622f,0.881832507945341f,-0.4635141393356663f,-9.321306996340624f,0f,0f,0f,1f], start_interpolation: 0, interpolation_duration: 1 }
$data merge entity $(bone_right_knee) { transformation: [-1.5786603744687173f,-0.0641173138367345f,-0.12645276067638303f,-0.939787644744012f,-0.0345515557099083f,1.5450350724166697f,-0.352055000723565f,0.11728487887400552f,0.13750462033816174f,-0.3478871995385945f,-1.5402392295734062f,-7.256878308741169f,0f,0f,0f,1f], start_interpolation: 0, interpolation_duration: 1 }
$data merge entity $(bone_right_thigh) { transformation: [-1.5972248229440682f,0.14275865961898468f,0.014030095729940968f,-0.7385399999999994f,-0.034957868927173716f,-0.5394971057811181f,1.509776418468966f,0.444962615305309f,0.13912162262736505f,1.5034183886958075f,0.540446423024467f,-5.2138112803852f,0f,0f,0f,1f], start_interpolation: 0, interpolation_duration: 1 }