# This file was generated by Animated Java via MC-Build. It is not recommended to edit this file directly.
$data merge entity $(bone_left_fingers_2) { transformation: [-0.28468739421290457f,-0.010047302126572066f,0.9585677541500359f,-1.5335196729629712f,0.23109462357892954f,0.9697351159959878f,0.07879771416203213f,0.13390384871130387f,-0.930348516701768f,0.24395257023492467f,-0.2737494857467224f,0.7558779696570085f,0f,0f,0f,1f], start_interpolation: 0, interpolation_duration: 1 }
$data merge entity $(bone_left_fingers) { transformation: [-0.28468739421290457f,-0.010047302126572066f,0.9585677541500359f,-0.9772197732694945f,0.23109462357892954f,0.9697351159959878f,0.07879771416203213f,0.18174845557025926f,-0.930348516701768f,0.24395257023492467f,-0.2737494857467224f,0.6123135580042736f,0f,0f,0f,1f], start_interpolation: 0, interpolation_duration: 1 }
$data merge entity $(bone_left_index_finger_2) { transformation: [-0.28468739421290457f,-0.010047302126572066f,0.9585677541500359f,-1.6607393522518632f,0.23109462357892954f,0.9697351159959878f,0.07879771416203213f,0.23717425862313812f,-0.930348516701768f,0.24395257023492467f,-0.2737494857467224f,0.3401284762559056f,0f,0f,0f,1f], start_interpolation: 0, interpolation_duration: 1 }
$data merge entity $(bone_left_index_finger) { transformation: [-0.28468739421290457f,-0.010047302126572066f,0.9585677541500359f,-1.1083539042288137f,0.23109462357892954f,0.9697351159959878f,0.07879771416203213f,0.2881964165563038f,-0.930348516701768f,0.24395257023492467f,-0.2737494857467224f,0.1837717724985214f,0f,0f,0f,1f], start_interpolation: 0, interpolation_duration: 1 }
$data merge entity $(bone_left_thumb) { transformation: [-0.28468739421290457f,0.19766289369324816f,0.9380205051239967f,-0.44400049912166306f,0.23109462357892954f,0.9638034685433036f,-0.1329592004218232f,0.1563139026991451f,-0.930348516701768f,0.17891968723622728f,-0.32006153000651527f,-0.33426769978601834f,0f,0f,0f,1f], start_interpolation: 0, interpolation_duration: 1 }
$data merge entity $(bone_left_hand) { transformation: [-0.28468739421290457f,-0.010047302126572066f,0.9585677541500359f,-0.3236296582720162f,0.23109462357892954f,0.9697351159959878f,0.07879771416203213f,0.1519017820257288f,-0.930348516701768f,0.24395257023492467f,-0.2737494857467224f,0.27927570504113053f,0f,0f,0f,1f], start_interpolation: 0, interpolation_duration: 1 }
$data merge entity $(bone_left_forearm) { transformation: [-0.4378392730134159f,0.5946744909752494f,1.8601014633995392f,1.8427501062395877f,-0.019290065448535742f,1.90487012392551f,-0.6135276177171647f,0.3912298793895457f,-1.9527526975356537f,-0.15215286428469274f,-0.4110046733406922f,-0.2250912283368094f,0f,0f,0f,1f], start_interpolation: 0, interpolation_duration: 1 }
$data merge entity $(bone_left_bicep) { transformation: [-2.2376515487746365f,1.0353628415511562f,0.12973987548417076f,2.6988834838130327f,0.27634722838138837f,0.8840382165621523f,-2.288668115676145f,1.6147742182434293f,-1.0062012017094086f,-2.0597070958468313f,-0.917092647274973f,-3.9180656118793733f,0f,0f,0f,1f], start_interpolation: 0, interpolation_duration: 1 }
$data merge entity $(bone_left_shoulder) { transformation: [-1.1172701417271564f,0.5169616285218124f,0.06477974157738806f,1.3743293750000003f,0.1379814954605681f,0.4414045180767754f,-1.1427429580660968f,1.1016635747004142f,-0.5024010819984596f,-1.0284216236229493f,-0.45790875373734874f,-2.198528696213442f,0f,0f,0f,1f], start_interpolation: 0, interpolation_duration: 1 }
$data merge entity $(bone_right_fingers_2) { transformation: [-0.18614665893574922f,-0.35324109884089905f,-0.9168261271673772f,1.676556176824635f,-0.1973400777620536f,0.9275617578320933f,-0.3173106980804515f,0.11096918915680454f,0.9625000338056744f,0.12186021293724669f,-0.242371148091031f,0.4119488500938674f,0f,0f,0f,1f], start_interpolation: 0, interpolation_duration: 1 }
$data merge entity $(bone_right_fingers) { transformation: [-0.18614665893574922f,-0.35324109884089905f,-0.9168261271673772f,1.1435629905270925f,-0.1973400777620536f,0.9275617578320933f,-0.3173106980804515f,-0.06925315825986622f,0.9625000338056744f,0.12186021293724669f,-0.242371148091031f,0.2862034073223732f,0f,0f,0f,1f], start_interpolation: 0, interpolation_duration: 1 }
$data merge entity $(bone_right_index_finger_2) { transformation: [-0.18614665893574922f,-0.3129134975990468f,-0.9313616721700486f,1.7678839789465053f,-0.1973400777620536f,0.940519822824231f,-0.27654901298602275f,0.17558734825995423f,0.9625000338056744f,0.13231631001130673f,-0.2368249966305655f,-0.021425557775533705f,0f,0f,0f,1f], start_interpolation: 0, interpolation_duration: 1 }
$data merge entity $(bone_right_index_finger) { transformation: [-0.18614665893574922f,-0.3129134975990468f,-0.9313616721700486f,1.229309864725653f,-0.1973400777620536f,0.940519822824231f,-0.27654901298602275f,0.0216464219165991f,0.9625000338056744f,0.13231631001130673f,-0.2368249966305655f,-0.15714761672480823f,0f,0f,0f,1f], start_interpolation: 0, interpolation_duration: 1 }
$data merge entity $(bone_right_thumb) { transformation: [-0.18614665893574922f,-0.06119709008922279f,-0.9806142654130976f,0.5171647149691485f,-0.1973400777620536f,0.9800485384678305f,-0.023701391434590935f,-0.13440271151211466f,0.9625000338056744f,0.18910256056352262f,-0.1945093995476693f,-0.5994385761825238f,0f,0f,0f,1f], start_interpolation: 0, interpolation_duration: 1 }
$data merge entity $(bone_right_hand) { transformation: [-0.18614665893574922f,0.024501947965501092f,-0.9822164099183812f,0.45985480150216884f,-0.1973400777620536f,0.9783848702688516f,0.06180565781438402f,-0.11620988014267164f,0.9625000338056744f,0.20533557941793257f,-0.1772878584369993f,0.022918805430121925f,0f,0f,0f,1f], start_interpolation: 0, interpolation_duration: 1 }
$data merge entity $(bone_right_forearm) { transformation: [-0.3725411256112066f,-0.7863156143285628f,-1.8022895540445187f,-1.7351307016639475f,-0.3949428645026279f,1.826891268252048f,-0.7154126082125222f,-0.013095154689932498f,1.9262813957813525f,0.22249229396561185f,-0.4952412903011279f,-0.39693629658965524f,0f,0f,0f,1f], start_interpolation: 0, interpolation_duration: 1 }
$data merge entity $(bone_right_bicep) { transformation: [-2.183302597558019f,-1.152471663636944f,-0.029865275812582876f,-2.782837356763322f,-0.6092421557009455f,1.2077050149766206f,-2.0654698485347702f,1.8611327060956184f,0.9787271662227081f,-1.81910713373437f,-1.3523444357054362f,-3.7521841367134723f,0f,0f,0f,1f], start_interpolation: 0, interpolation_duration: 1 }
$data merge entity $(bone_right_shoulder) { transformation: [-1.0901334499300066f,-0.5754346246060058f,-0.014911875335602433f,-1.3743293749999999f,-0.3041975279926431f,0.6030129016228807f,-1.0312989936566876f,1.1016635747004142f,0.4886831644170326f,-0.9082889095209059f,-0.6752320575435209f,-2.198528696213442f,0f,0f,0f,1f], start_interpolation: 0, interpolation_duration: 1 }
$data merge entity $(bone_chest) { transformation: [-4.0674850000000005f,1.4685741349797677e-16f,4.759828472535043e-16f,2.0624418456179313e-16f,0f,3.886694903256205f,-1.1991817853133218f,1.4580254661716596f,-4.981232485829872e-16f,-1.1991817853133218f,-3.886694903256205f,-1.6841115716416222f,0f,0f,0f,1f], start_interpolation: 0, interpolation_duration: 1 }
$data merge entity $(bone_weist) { transformation: [-1.0999999999999999f,1.0913436431765848e-17f,1.3426835172689904e-16f,4.735615541505273e-16f,0f,1.0963842948055058f,-0.08911497126652525f,0.9333361040012843f,-1.3471114790620883e-16f,-0.08911497126652525f,-1.0963842948055058f,-3.866923544651726f,0f,0f,0f,1f], start_interpolation: 0, interpolation_duration: 1 }
$data merge entity $(bone_right_fingers2) { transformation: [-0.9959911302514509f,-0.02598333848302387f,-0.08559517849571896f,1.1808918629166005f,0.021797908108063077f,-0.9985374726022007f,0.049474912949108996f,-0.023479861615478104f,-0.08675551661162428f,0.04741077863193238f,0.9951008483600866f,-10.694881137163378f,0f,0f,0f,1f], start_interpolation: 0, interpolation_duration: 1 }
$data merge entity $(bone_left_foot) { transformation: [-0.9959911302514509f,-0.06659454345954632f,0.05972298754961923f,1.108768354310974f,0.021797908108063077f,0.4668396698228312f,0.8840732853569451f,0.25471790177549547f,-0.08675551661162428f,0.8818309869023226f,-0.46351654865422626f,-9.741342303357401f,0f,0f,0f,1f], start_interpolation: 0, interpolation_duration: 1 }
$data merge entity $(bone_left_knee) { transformation: [-1.5786600513228948f,0.06411705639144209f,0.12645692535768557f,0.9420682807449364f,0.03454999315497817f,1.5450341120352908f,-0.3520593687921665f,0.1289833338469627f,-0.13750872286590982f,-0.34789151220034736f,-1.540237889226456f,-7.6740770027633145f,0f,0f,0f,1f], start_interpolation: 0, interpolation_duration: 1 }
$data merge entity $(bone_left_thigh) { transformation: [-1.5972244959981732f,-0.14276207342882233f,-0.01403257940635332f,0.7385400000000006f,0.03495628799718904f,-0.5394928563864262f,1.5097779735274266f,0.4612560881241736f,-0.13912577339928664f,1.503419589405908f,0.5404420143528184f,-5.603737900918066f,0f,0f,0f,1f], start_interpolation: 0, interpolation_duration: 1 }
$data merge entity $(bone_left_fingers2) { transformation: [-0.9959911302514509f,0.025983338483023873f,0.08559517849571871f,-1.1776887573765078f,-0.021797908108063077f,-0.9985374726022007f,0.049474912949108996f,-0.06629105177754385f,0.08675551661162403f,0.04741077863193238f,0.9951008483600866f,-10.649844224589943f,0f,0f,0f,1f], start_interpolation: 0, interpolation_duration: 1 }
$data merge entity $(bone_right_foot) { transformation: [-0.9959911302514509f,0.0665945434595461f,-0.05972298754961913f,-1.1055652487708816f,-0.021797908108063077f,0.4668396698228312f,0.8840732853569451f,0.21190671161342972f,0.08675551661162403f,0.8818309869023226f,-0.46351654865422626f,-9.696305390783966f,0f,0f,0f,1f], start_interpolation: 0, interpolation_duration: 1 }
$data merge entity $(bone_right_knee) { transformation: [-1.5786600513228948f,-0.06411705639144201f,-0.12645692535768518f,-0.9397930662901577f,-0.03454999315497817f,1.5450341120352908f,-0.3520593687921665f,0.11727910951743836f,0.13750872286590943f,-0.34789151220034736f,-1.540237889226456f,-7.631876849368835f,0f,0f,0f,1f], start_interpolation: 0, interpolation_duration: 1 }
$data merge entity $(bone_right_thigh) { transformation: [-1.5972244959981732f,0.14276207342882197f,0.014032579406353187f,-0.7385399999999993f,-0.03495628799718904f,-0.5394928563864262f,1.5097779735274266f,0.444962615305309f,0.13912577339928625f,1.503419589405908f,0.5404420143528184f,-5.5888112803852f,0f,0f,0f,1f], start_interpolation: 0, interpolation_duration: 1 }