# This file was generated by Animated Java via MC-Build. It is not recommended to edit this file directly.
$data merge entity $(bone_left_fingers_2) { transformation: [-0.2847116110937439f,-0.009031589199702095f,0.9585706697499838f,-1.5336689672485218f,0.2315820955776528f,0.9696897371836306f,0.07792012967522771f,0.13417300150033074f,-0.9302198834234128f,0.24417257011644294f,-0.2739903729813571f,0.755352962401495f,0f,0f,0f,1f], start_interpolation: 0, interpolation_duration: 1 }
$data merge entity $(bone_left_fingers) { transformation: [-0.2847116110937439f,-0.009031589199702095f,0.9585706697499838f,-0.9773611789844434f,0.2315820955776528f,0.9696897371836306f,0.07792012967522771f,0.1815048719943299f,-0.9302198834234128f,0.24417257011644294f,-0.2739903729813571f,0.611649226020269f,0f,0f,0f,1f], start_interpolation: 0, interpolation_duration: 1 }
$data merge entity $(bone_left_index_finger_2) { transformation: [-0.2847116110937439f,-0.009031589199702095f,0.9585706697499838f,-1.6608994684560388f,0.2315820955776528f,0.9696897371836306f,0.07792012967522771f,0.23766125046159436f,-0.9302198834234128f,0.24417257011644294f,-0.2739903729813571f,0.339660951996657f,0f,0f,0f,1f], start_interpolation: 0, interpolation_duration: 1 }
$data merge entity $(bone_left_index_finger) { transformation: [-0.2847116110937439f,-0.009031589199702095f,0.9585706697499838f,-1.1085064648444993f,0.2315820955776528f,0.9696897371836306f,0.07792012967522771f,0.2881773747697863f,-0.9302198834234128f,0.24417257011644294f,-0.2739903729813571f,0.18316669221835924f,0f,0f,0f,1f], start_interpolation: 0, interpolation_duration: 1 }
$data merge entity $(bone_left_thumb) { transformation: [-0.2847116110937439f,0.1986551612194585f,0.9378035110988205f,-0.44442221635958395f,0.2315820955776528f,0.9635692213424694f,-0.13380616087957317f,0.15576038577224108f,-0.9302198834234128f,0.17908233470205348f,-0.32034432394127743f,-0.3350815023010649f,0f,0f,0f,1f], start_interpolation: 0, interpolation_duration: 1 }
$data merge entity $(bone_left_hand) { transformation: [-0.2847116110937439f,-0.009031589199702095f,0.9585706697499838f,-0.32389039892368876f,0.2315820955776528f,0.9696897371836306f,0.07792012967522771f,0.15109270965426413f,-0.9302198834234128f,0.24417257011644294f,-0.2739903729813571f,0.27842840758453413f,0f,0f,0f,1f], start_interpolation: 0, interpolation_duration: 1 }
$data merge entity $(bone_left_forearm) { transformation: [-0.4383848211451545f,0.5964986984052605f,1.8593887395434705f,1.842586552107425f,-0.018421526352353883f,1.9043210577045921f,-0.6152563611214502f,0.38841271743017214f,-1.9526386837577188f,-0.15188497402438733f,-0.4116449425284256f,-0.22646966165160043f,0f,0f,0f,1f], start_interpolation: 0, interpolation_duration: 1 }
$data merge entity $(bone_left_bicep) { transformation: [-2.2376512369560233f,1.0356723655009654f,0.1272509166013178f,2.698921367252991f,0.2787650272160852f,0.8834876688120699f,-2.288587490428822f,1.611949661640022f,-1.0055347353719097f,-2.0597877058288585f,-0.9176424170481087f,-3.9193997906090274f,0f,0f,0f,1f], start_interpolation: 0, interpolation_duration: 1 }
$data merge entity $(bone_left_shoulder) { transformation: [-1.1172699860346287f,0.5171161753132736f,0.06353699247942371f,1.3743293750000003f,0.13918871400547012f,0.44112962694678737f,-1.1427027014937305f,1.099749190147679f,-0.5020683121622616f,-1.0284618725732801f,-0.458183256419719f,-2.1996207190155883f,0f,0f,0f,1f], start_interpolation: 0, interpolation_duration: 1 }
$data merge entity $(bone_right_fingers_2) { transformation: [-0.18653090653058024f,-0.3541948943536324f,-0.9163799417941767f,1.6759448023627854f,-0.19778514300001848f,0.9271916563053306f,-0.3181142399928672f,0.11122781638912488f,0.9623342756637854f,0.1219082002639538f,-0.24300438800783308f,0.4123949463726122f,0f,0f,0f,1f], start_interpolation: 0, interpolation_duration: 1 }
$data merge entity $(bone_right_fingers) { transformation: [-0.18653090653058024f,-0.3541948943536324f,-0.9163799417941767f,1.1431979636139706f,-0.19778514300001848f,0.9271916563053306f,-0.3181142399928672f,-0.06946589327547345f,0.9623342756637854f,0.1219082002639538f,-0.24300438800783308f,0.2862825496125341f,0f,0f,0f,1f], start_interpolation: 0, interpolation_duration: 1 }
$data merge entity $(bone_right_index_finger_2) { transformation: [-0.18653090653058024f,-0.31388584764242616f,-0.930957515442394f,1.767468646008397f,-0.19778514300001848f,0.9401851235580562f,-0.2773679337064486f,0.1760535221332484f,0.9623342756637854f,0.1323918732019381f,-0.23745554066548902f,-0.0209071021357643f,0f,0f,0f,1f], start_interpolation: 0, interpolation_duration: 1 }
$data merge entity $(bone_right_index_finger) { transformation: [-0.18653090653058024f,-0.31388584764242616f,-0.930957515442394f,1.2291218317133383f,-0.19778514300001848f,0.9401851235580562f,-0.2773679337064486f,0.021638697838753357f,0.9623342756637854f,0.1323918732019381f,-0.23745554066548902f,-0.1569921203196852f,0f,0f,0f,1f], start_interpolation: 0, interpolation_duration: 1 }
$data merge entity $(bone_right_thumb) { transformation: [-0.18653090653058024f,-0.06224091156663954f,-0.9804755427017205f,0.5173882611453045f,-0.19778514300001848f,0.9799371960814675f,-0.024579034652601306f,-0.13496382838532614f,0.9623342756637854f,0.18933874580588422f,-0.1950989011227703f,-0.5997497430550904f,0f,0f,0f,1f], start_interpolation: 0, interpolation_duration: 1 }
$data merge entity $(bone_right_hand) { transformation: [-0.18653090653058024f,0.023450008062998184f,-0.9821691901249626f,0.45969128089668687f,-0.19778514300001848f,0.978350443220417f,0.06092165016540313f,-0.1169989308260373f,0.9623342756637854f,0.20562224435176957f,-0.1778545318804076f,0.02257849563286518f,0f,0f,0f,1f], start_interpolation: 0, interpolation_duration: 1 }
$data merge entity $(bone_right_forearm) { transformation: [-0.37331013233047927f,-0.7881837077073347f,-1.8013141758812314f,-1.7351413670357003f,-0.3958335874716557f,1.8260811308068914f,-0.7169869224518014f,-0.015853107982226167f,1.925949658832048f,0.22253296124912444f,-0.49651159606697637f,-0.3985526982936771f,0f,0f,0f,1f], start_interpolation: 0, interpolation_duration: 1 }
$data merge entity $(bone_right_bicep) { transformation: [-2.183303682132897f,-1.152537976214372f,-0.027098849748208927f,-2.782635221415076f,-0.6115887788129946f,1.2071154820138754f,-2.065120936265356f,1.858311859975233f,0.9772600983893829f,-1.8194563828669132f,-1.3529354284776065f,-3.753902110181849f,0f,0f,0f,1f], start_interpolation: 0, interpolation_duration: 1 }
$data merge entity $(bone_right_shoulder) { transformation: [-1.0901339914634407f,-0.5754677347937031f,-0.013530585544207805f,-1.3743293749999999f,-0.305369208158134f,0.6027185449893826f,-1.0311247800884884f,1.099749190147679f,0.48795065041727237f,-0.90846329128648f,-0.6755271430668608f,-2.1996207190155888f,0f,0f,0f,1f], start_interpolation: 0, interpolation_duration: 1 }
$data merge entity $(bone_chest) { transformation: [-4.0674850000000005f,1.4571402939888231e-16f,4.763341184664502e-16f,2.0627330503827688e-16f,0f,3.8895632503844584f,-1.189845345615847f,1.4548748026452325f,-4.981232485829872e-16f,-1.189845345615847f,-3.8895632503844584f,-1.6843493583773899f,0f,0f,0f,1f], start_interpolation: 0, interpolation_duration: 1 }
$data merge entity $(bone_weist) { transformation: [-1.0999999999999999f,1.059099114434753e-17f,1.3429417067314884e-16f,4.737441993861273e-16f,0f,1.0965951225010317f,-0.08648200568295603f,0.9354284620284913f,-1.3471114790620883e-16f,-0.08648200568295603f,-1.0965951225010317f,-3.868414956181378f,0f,0f,0f,1f], start_interpolation: 0, interpolation_duration: 1 }
$data merge entity $(bone_right_fingers2) { transformation: [-0.995991053796092f,-0.025983107402942473f,-0.08559613827642788f,1.1808968374093987f,0.021797538421703018f,-0.9985374282902262f,0.04947597015012023f,-0.023485269251019736f,-0.08675648723239421f,0.04741183853457248f,0.9951007132395532f,-10.694880190071787f,0f,0f,0f,1f], start_interpolation: 0, interpolation_duration: 1 }
$data merge entity $(bone_left_foot) { transformation: [-0.995991053796092f,-0.06659551097493899f,0.05972318374079688f,1.108772345282651f,0.021797538421703018f,0.4668406092452905f,0.8840727984042038f,0.25471350992212377f,-0.08675648723239421f,0.8818304165073196f,-0.46351745214783746f,-9.741341727015671f,0f,0f,0f,1f], start_interpolation: 0, interpolation_duration: 1 }
$data merge entity $(bone_left_knee) { transformation: [-1.578659930140068f,0.06411695985570307f,0.12645848711354193f,0.9420703410253777f,0.034549407196860255f,1.545033751888681f,-0.3520610068172251f,0.12898114134368222f,-0.1375102613135806f,-0.34789312944879336f,-1.540237386590075f,-7.674076448342486f,0f,0f,0f,1f], start_interpolation: 0, interpolation_duration: 1 }
$data merge entity $(bone_left_thigh) { transformation: [-1.597224373390282f,-0.1427633536112206f,-0.014033510779878513f,0.7385400000000006f,0.03495569514842545f,-0.5394912628620327f,1.509778556670921f,0.4612560881241736f,-0.13912732993851973f,1.5034200396669977f,0.5404403610972922f,-5.603737900918066f,0f,0f,0f,1f], start_interpolation: 0, interpolation_duration: 1 }
$data merge entity $(bone_left_fingers2) { transformation: [-0.995991053796092f,0.025983107402942462f,0.08559613827642763f,-1.177693710575528f,-0.021797538421703018f,-0.9985374282902262f,0.04947597015012023f,-0.0662964275932818f,0.08675648723239396f,0.04741183853457248f,0.9951007132395532f,-10.64984325174034f,0f,0f,0f,1f], start_interpolation: 0, interpolation_duration: 1 }
$data merge entity $(bone_right_foot) { transformation: [-0.995991053796092f,0.06659551097493877f,-0.05972318374079677f,-1.1055692184487806f,-0.021797538421703018f,0.4668406092452905f,0.8840727984042038f,0.2119023515798617f,0.08675648723239396f,0.8818304165073196f,-0.46351745214783746f,-9.696304788684223f,0f,0f,0f,1f], start_interpolation: 0, interpolation_duration: 1 }
$data merge entity $(bone_right_knee) { transformation: [-1.578659930140068f,-0.06411695985570298f,-0.12645848711354157f,-0.9397950993709242f,-0.034549407196860255f,1.545033751888681f,-0.3520610068172251f,0.11727694600928806f,0.1375102613135802f,-0.34789312944879336f,-1.540237386590075f,-7.631876302096027f,0f,0f,0f,1f], start_interpolation: 0, interpolation_duration: 1 }
$data merge entity $(bone_right_thigh) { transformation: [-1.597224373390282f,0.14276335361122028f,0.01403351077987838f,-0.7385399999999993f,-0.03495569514842545f,-0.5394912628620327f,1.509778556670921f,0.444962615305309f,0.13912732993851934f,1.5034200396669977f,0.5404403610972922f,-5.5888112803852f,0f,0f,0f,1f], start_interpolation: 0, interpolation_duration: 1 }