# This file was generated by Animated Java via MC-Build. It is not recommended to edit this file directly.
$data merge entity $(bone_neck) { transformation: [-1.2033625000000001f,-3.4616229703204535e-17f,1.4324614373469308e-16f,1.1102230246251565e-16f,0f,1.16969352987675f,0.2826629663941122f,3.8937700925940644f,-1.473694033838957e-16f,0.2826629663941122f,-1.16969352987675f,-0.6813098670049226f,0f,0f,0f,1f], start_interpolation: 0, interpolation_duration: 1 }
$data merge entity $(bone_right_thumb_2) { transformation: [-0.7104781986960319f,0.3329326542862979f,-0.6199811101053984f,-4.550606356315955f,0.631240285162275f,0.6909320924355525f,-0.3523471952930496f,-0.554779030777983f,0.311056958716392f,-0.6416920533655605f,-0.7010526920864075f,-1.1372199018101616f,0f,0f,0f,1f], start_interpolation: 0, interpolation_duration: 1 }
$data merge entity $(bone_right_thumb) { transformation: [-0.7104781986960319f,0.3329326542862979f,-0.6199811101053984f,-4.577453200957109f,0.631240285162275f,0.6909320924355525f,-0.3523471952930496f,-0.19028188243007577f,0.311056958716392f,-0.6416920533655605f,-0.7010526920864075f,-1.2364581789818792f,0f,0f,0f,1f], start_interpolation: 0, interpolation_duration: 1 }
$data merge entity $(bone_right_fingers_2) { transformation: [0.7326978141707903f,-0.4934101739657777f,-0.46872200005590364f,-4.8592403125927275f,-0.5970624302641915f,-0.796575287554484f,-0.09478536608837818f,-0.975710477407365f,-0.3266042980065677f,0.3493053270200033f,-0.8782456495987243f,-1.249159545095188f,0f,0f,0f,1f], start_interpolation: 0, interpolation_duration: 1 }
$data merge entity $(bone_right_fingers) { transformation: [-0.5848252372595961f,-0.6620265315890672f,-0.46872200005590364f,-5.182301565350425f,-0.711828190003224f,0.6959284175058709f,-0.09478536608837818f,-0.7031745670436554f,0.38894738690598085f,0.27821665870311146f,-0.8782456495987243f,-1.1157674804141648f,0f,0f,0f,1f], start_interpolation: 0, interpolation_duration: 1 }
$data merge entity $(bone_right_hand) { transformation: [-0.7535226977124541f,0.46098072703285425f,-0.46872200005590364f,-4.7877611513612415f,0.5617480330952891f,0.8218606218143474f,-0.09478536608837818f,-0.0701625211297765f,0.34152992745251376f,-0.33472658635847125f,-0.8782456495987243f,-1.3848544102112808f,0f,0f,0f,1f], start_interpolation: 0, interpolation_duration: 1 }
$data merge entity $(bone_right_forearm) { transformation: [-1.4723845621818057f,0.6542224279821123f,-0.8549299839211326f,-3.7930964135342164f,0.8201760085796638f,1.619953939190532f,-0.1728846768366557f,2.268520573378271f,0.6972973380363139f,-0.523995048888607f,-1.6018845691064019f,-2.2525463582729586f,0f,0f,0f,1f], start_interpolation: 0, interpolation_duration: 1 }
$data merge entity $(bone_right_bicep) { transformation: [-1.258700355643453f,0.9443838316140853f,0.18424752148251727f,-2.3180360727190097f,0.8081889297814427f,0.8730433574183808f,1.0463080357762116f,3.6149576857715755f,0.522148086624166f,0.9252399853751709f,-1.1753411849251187f,-0.7951464296334911f,0f,0f,0f,1f], start_interpolation: 0, interpolation_duration: 1 }
$data merge entity $(bone_right_shoulder) { transformation: [-0.8544570548763499f,0.5314460220410265f,0.11781869841261608f,-1.827643125f,0.46618003275197945f,0.6011932437522689f,0.6690708777079064f,3.527335860763875f,0.2810556832768867f,0.6185020517267776f,-0.7515822600184019f,-0.7685059285264637f,0f,0f,0f,1f], start_interpolation: 0, interpolation_duration: 1 }
$data merge entity $(bone_right_arm) { transformation: [-1.3293824999999997f,-5.856961572231936e-17f,1.5190201553637497e-16f,-1.74976375f,0f,1.2403740869786706f,0.478257206592936f,3.6730252325220056f,-1.628024023467506e-16f,0.478257206592936f,-1.2403740869786706f,-0.7061041612137313f,0f,0f,0f,1f], start_interpolation: 0, interpolation_duration: 1 }
$data merge entity $(bone_left_thumb_2) { transformation: [-0.7296033530806081f,-0.23230565046009372f,0.6432052797807601f,4.257789846660717f,-0.547981438820638f,0.7612887557779094f,-0.34663492760278225f,-0.680719439224362f,-0.40913969482512524f,-0.6053705601451358f,-0.6827380134634131f,-1.3172593974615092f,0f,0f,0f,1f], start_interpolation: 0, interpolation_duration: 1 }
$data merge entity $(bone_left_thumb) { transformation: [-0.7296033530806081f,-0.23230565046009372f,0.6432052797807601f,4.318681883881126f,-0.547981438820638f,0.7612887557779094f,-0.34663492760278225f,-0.3130677550905432f,-0.40913969482512524f,-0.6053705601451358f,-0.6827380134634131f,-1.3847246391320787f,0f,0f,0f,1f], start_interpolation: 0, interpolation_duration: 1 }
$data merge entity $(bone_left_fingers_2) { transformation: [0.7480266584903099f,0.40604306593336836f,0.524962043194792f,4.542203146888762f,0.511084211197304f,-0.8570424484025166f,-0.06535419421161148f,-1.1151353896402783f,0.42337813742876473f,0.31718649126917386f,-0.8486127989275791f,-1.4411970517275305f,0f,0f,0f,1f], start_interpolation: 0, interpolation_duration: 1 }
$data merge entity $(bone_left_fingers) { transformation: [-0.5002063826279342f,0.6886279314572024f,0.524962043194792f,4.873499483452552f,0.7830004554565317f,0.6185783022817845f,-0.06535419421161148f,-0.8797676802773069f,-0.36973485301380565f,0.37835493384276f,-0.8486127989275791f,-1.264328125232073f,0f,0f,0f,1f], start_interpolation: 0, interpolation_duration: 1 }
$data merge entity $(bone_left_hand) { transformation: [-0.7650260526405206f,-0.3730281383300895f,0.524962043194792f,4.547764031135215f,-0.47321410572982725f,0.8785199140812182f,-0.06535419421161148f,-0.19914875415066913f,-0.43681065568456895f,-0.29841710503373764f,-0.8486127989275791f,-1.5081076502794228f,0f,0f,0f,1f], start_interpolation: 0, interpolation_duration: 1 }
$data merge entity $(bone_left_forearm) { transformation: [-1.4722474471741889f,-0.49243423764213107f,0.9575095495713881f,3.7952756563886965f,-0.6465860741884512f,1.7013364034250287f,-0.11920340884329662f,2.269336822051211f,-0.8609543917003715f,-0.43565069219743996f,-1.547835447143281f,-2.251092226095051f,0f,0f,0f,1f], start_interpolation: 0, interpolation_duration: 1 }
$data merge entity $(bone_left_bicep) { transformation: [-1.2719811270171841f,-0.9443838316140853f,-0.01837789382653754f,2.3180360727190097f,-0.6647041576519003f,0.873043357418381f,1.1428465490832203f,3.6149576857715755f,-0.6710938467873763f,0.9252399853751709f,-1.0971319766329763f,-0.7951464296334907f,0f,0f,0f,1f], start_interpolation: 0, interpolation_duration: 1 }
$data merge entity $(bone_left_shoulder) { transformation: [-0.8544570548763502f,-0.5314460220410266f,-0.11781869841261591f,1.827643125f,-0.4661800327519795f,0.601193243752269f,0.6690708777079065f,3.527335860763875f,-0.28105568327688696f,0.6185020517267777f,-0.7515822600184022f,-0.7685059285264633f,0f,0f,0f,1f], start_interpolation: 0, interpolation_duration: 1 }
$data merge entity $(bone_left_arm) { transformation: [-1.3293824999999997f,-5.856961572231936e-17f,1.5190201553637497e-16f,1.749763125f,0f,1.2403740869786706f,0.478257206592936f,3.6730252325220056f,-1.628024023467506e-16f,0.478257206592936f,-1.2403740869786706f,-0.7061041612137309f,0f,0f,0f,1f], start_interpolation: 0, interpolation_duration: 1 }
$data merge entity $(bone_chest) { transformation: [-2.632522916666667f,-1.159830640236095e-16f,3.008054769694676e-16f,7.26674514891613e-17f,0f,2.4562631215702364f,0.9470735897432747f,4.340921536606725f,-3.2239107635778877e-16f,0.9470735897432747f,-2.4562631215702364f,-0.34865993868868556f,0f,0f,0f,1f], start_interpolation: 0, interpolation_duration: 1 }
$data merge entity $(bone_weist) { transformation: [-1.9493945833333333f,-5.607677709655182e-17f,2.3205248350334897e-16f,1.8545284346407225e-16f,0f,1.8948523252983058f,0.45790163445978604f,0.5020485183068344f,-2.387319836754355e-16f,0.45790163445978604f,-1.8948523252983058f,-1.2696225546318012f,0f,0f,0f,1f], start_interpolation: 0, interpolation_duration: 1 }
$data merge entity $(bone_right_cheek) { transformation: [-0.9916701363665683f,0.1250778024495825f,-0.030755226760588283f,-0.8867573864425083f,0.12671382263189723f,0.9901988556994439f,-0.05873528177785525f,-0.9501807504326046f,0.0231073103740803f,-0.06214313723891951f,-0.9977997207362712f,-2.2090374043161964f,0f,0f,0f,1f], start_interpolation: 0, interpolation_duration: 1 }
$data merge entity $(bone_right_foot) { transformation: [-1.1501970008231208f,0.11626715962649233f,0.22162965001652735f,-2.5653825755989326f,0.04985193337075842f,1.1279275436966907f,-0.33299419782649375f,-6.887022950159213f,-0.24526014538293434f,-0.3159941433623422f,-1.1070619031129216f,0.6750031687077667f,0f,0f,0f,1f], start_interpolation: 0, interpolation_duration: 1 }
$data merge entity $(bone_right_knee) { transformation: [-2.785316391271561f,0.5540920477787097f,0.6098551398786364f,-1.9192978818690036f,0.49401365528833396f,2.843546639381364f,-0.32729452574956547f,-3.3583495331746582f,-0.6594632646604769f,-0.21012663035743512f,-2.820972117960757f,0.30297260555857264f,0f,0f,0f,1f], start_interpolation: 0, interpolation_duration: 1 }
$data merge entity $(bone_right_leg) { transformation: [-2.3741766737115233f,0.6994132360772464f,0.06417920335359664f,-0.8928749999999996f,0.42109244772192045f,1.5985433750237408f,-1.8431909699155786f,-1.1000562066842718f,-0.5621200898515458f,-1.7565571229842556f,-1.6518295315248563f,-2.114429360431827f,0f,0f,0f,1f], start_interpolation: 0, interpolation_duration: 1 }
$data merge entity $(bone_left_cheek) { transformation: [-0.9959310039033523f,-0.0778877780787599f,0.04533133011521522f,0.7919582085362379f,-0.07615684132877816f,0.9963431106596692f,0.03873682175705451f,-1.0738236158981787f,-0.04818268343382387f,0.03512691086572173f,-0.9982206815880683f,-2.2196594652150794f,0f,0f,0f,1f], start_interpolation: 0, interpolation_duration: 1 }
$data merge entity $(bone_left_foot) { transformation: [-1.152659408025909f,-0.13245996134539365f,-0.19854859003856054f,2.6304119351929467f,-0.05258362546580588f,1.096074282788137f,-0.42596598904126803f,-6.201327984414458f,0.232813544062186f,-0.408247988516062f,-1.079223020719238f,1.2050004063063804f,0f,0f,0f,1f], start_interpolation: 0, interpolation_duration: 1 }
$data merge entity $(bone_left_knee) { transformation: [-2.785316391271561f,-0.6037449587043041f,-0.5607435366432074f,1.9243891608742119f,-0.4940136552883338f,2.8056173105495996f,-0.5669133123036683f,-2.7279205420769963f,0.6594632646604762f,-0.44825463758626655f,-2.793045769581977f,0.5384113889067756f,0f,0f,0f,1f], start_interpolation: 0, interpolation_duration: 1 }
$data merge entity $(bone_left_leg) { transformation: [-2.3741766737115233f,-0.7023357821231123f,-0.00472166206579583f,0.8928750000000003f,-0.42109244772192034f,1.436718320842368f,-1.9719366977584525f,-0.6938025217544856f,0.5621200898515453f,-1.8901263552060388f,-1.4971493208360644f,-2.0684271871053133f,0f,0f,0f,1f], start_interpolation: 0, interpolation_duration: 1 }
data modify entity @s data merge value {"locators":{"consume":{"posx":4.656680589393144,"posy":-1.0302976695503494,"posz":-1.1977674964077831,"roty":31.741431483062257,"rotx":-3.7471902185147776}},"cameras":{}}