# This file was generated by Animated Java via MC-Build. It is not recommended to edit this file directly.
$data merge entity $(bone_neck) { transformation: [-1.2033625000000001f,-2.9583602182604116e-17f,1.4436949655528617e-16f,1.1102230246251565e-16f,0f,1.1788664017723465f,0.24156844408691042f,3.860267368522498f,-1.473694033838957e-16f,0.24156844408691042f,-1.1788664017723465f,-0.6624278827690109f,0f,0f,0f,1f], start_interpolation: 0, interpolation_duration: 1 }
$data merge entity $(bone_right_thumb_2) { transformation: [-0.7104781986960319f,0.3329326542862979f,-0.6199811101053984f,-4.550606356315955f,0.6417361320828503f,0.6680596695691609f,-0.37665768898893603f,-0.6015084710789501f,0.28878273140370453f,-0.6654713559613396f,-0.6882967444627294f,-0.9624272495002102f,0f,0f,0f,1f], start_interpolation: 0, interpolation_duration: 1 }
$data merge entity $(bone_right_thumb) { transformation: [-0.7104781986960319f,0.3329326542862979f,-0.6199811101053984f,-4.577453200957109f,0.6417361320828503f,0.6680596695691609f,-0.37665768898893603f,-0.2407062824080842f,0.28878273140370453f,-0.6654713559613396f,-0.6882967444627294f,-1.0743566355437322f,0f,0f,0f,1f], start_interpolation: 0, interpolation_duration: 1 }
$data merge entity $(bone_right_fingers_2) { transformation: [0.7326978141707903f,-0.4934101739657777f,-0.46872200005590364f,-4.8592403125927275f,-0.6081231198224015f,-0.7838672844048575f,-0.1254525869690336f,-1.0260984277878982f,-0.30551625856378684f,0.37695952125767385f,-0.8743919802276152f,-1.0595721678550936f,0f,0f,0f,1f], start_interpolation: 0, interpolation_duration: 1 }
$data merge entity $(bone_right_fingers) { transformation: [-0.5848252372595961f,-0.6620265315890672f,-0.46872200005590364f,-5.182301565350425f,-0.6977851958908433f,0.705235754069768f,-0.1254525869690336f,-0.7490626576575231f,0.4136124541885001f,0.25369943368836134f,-0.8743919802276152f,-0.9357963728630507f,0f,0f,0f,1f], start_interpolation: 0, interpolation_duration: 1 }
$data merge entity $(bone_right_hand) { transformation: [-0.7535226977124541f,0.46098072703285425f,-0.46872200005590364f,-4.7877611513612415f,0.5733525106399113f,0.8096471743702237f,-0.1254525869690336f,-0.125852064581633f,0.3216682181612847f,-0.36327430729212545f,-0.8743919802276152f,-1.2268643764940066f,0f,0f,0f,1f], start_interpolation: 0, interpolation_duration: 1 }
$data merge entity $(bone_right_forearm) { transformation: [-1.4723845621818057f,0.6542224279821123f,-0.8549299839211326f,-3.7930964135342164f,0.844068738087426f,1.6006304162663134f,-0.2288204482561273f,2.1810433674763323f,0.6681767940191418f,-0.5803480394399765f,-1.5948556319259692f,-2.175843511574912f,0f,0f,0f,1f], start_interpolation: 0, interpolation_duration: 1 }
$data merge entity $(bone_right_bicep) { transformation: [-1.258700355643453f,0.9443838316140853f,0.18424752148251727f,-2.3180360727190097f,0.8259614365411775f,0.9048782507475169f,1.0045484620238365f,3.5776430893596975f,0.49355412665014364f,0.8941303516789483f,-1.2112265659886265f,-0.7664405647695457f,0f,0f,0f,1f], start_interpolation: 0, interpolation_duration: 1 }
$data merge entity $(bone_right_shoulder) { transformation: [-0.8544570548763499f,0.5314460220410265f,0.11781869841261608f,-1.827643125f,0.4757273337046619f,0.622463387764216f,0.6423673509186067f,3.4910069149951393f,0.26457442054198554f,0.5970908098578507f,-0.7745294826183239f,-0.7367509401779907f,0f,0f,0f,1f], start_interpolation: 0, interpolation_duration: 1 }
$data merge entity $(bone_right_arm) { transformation: [-1.3293824999999997f,-5.321950110625555e-17f,1.538580739248822e-16f,-1.74976375f,0f,1.2563465158444396f,0.4345702054119526f,3.6387902152835268f,-1.628024023467506e-16f,0.4345702054119526f,-1.2563465158444396f,-0.6794842852826372f,0f,0f,0f,1f], start_interpolation: 0, interpolation_duration: 1 }
$data merge entity $(bone_left_thumb_2) { transformation: [-0.7296033530806081f,-0.23230565046009372f,0.6432052797807601f,4.257789846660717f,-0.561959657528811f,0.7396439637101182f,-0.3703081828116775f,-0.7336704293302364f,-0.389718219337555f,-0.6316335105989059f,-0.6701931197832958f,-1.1379505336115139f,0f,0f,0f,1f], start_interpolation: 0, interpolation_duration: 1 }
$data merge entity $(bone_left_thumb) { transformation: [-0.7296033530806081f,-0.23230565046009372f,0.6432052797807601f,4.318681883881126f,-0.561959657528811f,0.7396439637101182f,-0.3703081828116775f,-0.3686040627972531f,-0.389718219337555f,-0.6316335105989059f,-0.6701931197832958f,-1.2182366949751455f,0f,0f,0f,1f], start_interpolation: 0, interpolation_duration: 1 }
$data merge entity $(bone_left_fingers_2) { transformation: [0.7480266584903099f,0.40604306593336836f,0.524962043194792f,4.542203146888762f,0.5255831457389787f,-0.8454211008518688f,-0.09500273232667217f,-1.1721563831728246f,0.4052387877572184f,0.3469757784656504f,-0.8458069129861825f,-1.2466143656969102f,0f,0f,0f,1f], start_interpolation: 0, interpolation_duration: 1 }
$data merge entity $(bone_left_fingers) { transformation: [-0.5002063826279342f,0.6886279314572024f,0.524962043194792f,4.873499483452552f,0.7695860394282303f,0.6314363061842713f,-0.09500273232667217f,-0.9307450322218341f,-0.396901628486766f,0.35648248659553705f,-0.8458069129861825f,-1.0780880015800591f,0f,0f,0f,1f], start_interpolation: 0, interpolation_duration: 1 }
$data merge entity $(bone_left_hand) { transformation: [-0.7650260526405206f,-0.3730281383300895f,0.524962043194792f,4.547764031135215f,-0.4882061565590381f,0.8675420621205168f,-0.09500273232667217f,-0.2590713273640932f,-0.41998796111211945f,-0.3289692667494472f,-0.8458069129861825f,-1.345529609481233f,0f,0f,0f,1f], start_interpolation: 0, interpolation_duration: 1 }
$data merge entity $(bone_left_forearm) { transformation: [-1.4722474471741889f,-0.49243423764213107f,0.9575095495713881f,3.7952756563886965f,-0.6763105762141867f,1.6850537710245639f,-0.17328114407008516f,2.1819099889948443f,-0.8378066724629404f,-0.49490491206616255f,-1.5427176245907304f,-2.17441882584446f,0f,0f,0f,1f], start_interpolation: 0, interpolation_duration: 1 }
$data merge entity $(bone_left_bicep) { transformation: [-1.2719811270171841f,-0.9443838316140853f,-0.01837789382653754f,2.3180360727190097f,-0.6877753363032004f,0.9048782507475169f,1.1037640119068206f,3.5776430893596975f,-0.6474284942513886f,0.894130351678948f,-1.136442614002734f,-0.7664405647695451f,0f,0f,0f,1f], start_interpolation: 0, interpolation_duration: 1 }
$data merge entity $(bone_left_shoulder) { transformation: [-0.8544570548763502f,-0.5314460220410266f,-0.11781869841261591f,1.827643125f,-0.475727333704662f,0.6224633877642161f,0.6423673509186069f,3.4910069149951393f,-0.2645744205419858f,0.5970908098578507f,-0.7745294826183241f,-0.7367509401779903f,0f,0f,0f,1f], start_interpolation: 0, interpolation_duration: 1 }
$data merge entity $(bone_left_arm) { transformation: [-1.3293824999999997f,-5.321950110625555e-17f,1.538580739248822e-16f,1.749763125f,0f,1.2563465158444396f,0.4345702054119526f,3.6387902152835268f,-1.628024023467506e-16f,0.4345702054119526f,-1.2563465158444396f,-0.6794842852826367f,0f,0f,0f,1f], start_interpolation: 0, interpolation_duration: 1 }
$data merge entity $(bone_chest) { transformation: [-2.632522916666667f,-1.0538844634692032e-16f,3.046789810467993e-16f,-2.8817242947331073e-17f,0f,2.4878926826814776f,0.860561971176472f,4.318782776039338f,-3.2239107635778877e-16f,0.860561971176472f,-2.4878926826814776f,-0.34562508959781524f,0f,0f,0f,1f], start_interpolation: 0, interpolation_duration: 1 }
$data merge entity $(bone_weist) { transformation: [-1.9493945833333333f,-4.792414077242447e-17f,2.338722659077669e-16f,6.745183255561789e-17f,0f,1.9097119763069474f,0.3913303068753466f,0.45004005570054795f,-2.387319836754355e-16f,0.3913303068753466f,-1.9097119763069474f,-1.1317217467725635f,0f,0f,0f,1f], start_interpolation: 0, interpolation_duration: 1 }
$data merge entity $(bone_right_cheek) { transformation: [-0.9950712492938801f,0.0989011602864315f,-0.007195090181125567f,-0.8954903920030548f,0.09903108028383223f,0.9948676233967904f,-0.02076672951234848f,-1.12771650335076f,0.005104308624496234f,-0.021376913032977285f,-0.9997584576399673f,-2.0434846058471043f,0f,0f,0f,1f], start_interpolation: 0, interpolation_duration: 1 }
$data merge entity $(bone_right_foot) { transformation: [-1.1464489139602216f,0.09093894065917195f,0.2509499783378725f,-2.4562384570635936f,0.038625420792011096f,1.1515612639013144f,-0.24084357418708546f,-7.25261539379269f,-0.2641095595101229f,-0.22633528101106498f,-1.1245485209725605f,0.35744687801259223f,0f,0f,0f,1f], start_interpolation: 0, interpolation_duration: 1 }
$data merge entity $(bone_right_knee) { transformation: [-2.785316391271561f,0.47935496284342116f,0.6701940828188334f,-1.9008375167213551f,0.4706400549014442f,2.8647463813932386f,-0.09303116440599048f,-3.690143879052701f,-0.6763425373066226f,0.019382425693171765f,-2.824732515184033f,0.26972711253310777f,0f,0f,0f,1f], start_interpolation: 0, interpolation_duration: 1 }
$data merge entity $(bone_right_leg) { transformation: [-2.3741766737115233f,0.6871920390502803f,0.14513768087256423f,-0.8928749999999996f,0.40116901748142475f,1.7467707428045185f,-1.7081768393331525f,-1.226387350965184f,-0.5765078181223012f,-1.6144880911568005f,-1.78635933174034f,-1.9463911788178812f,0f,0f,0f,1f], start_interpolation: 0, interpolation_duration: 1 }
$data merge entity $(bone_left_cheek) { transformation: [-0.9974383520647395f,-0.07115622911833802f,0.007316070532395547f,0.8279322873304356f,-0.0710294092943399f,0.9973404178164247f,0.016337503023909516f,-1.1844322365803852f,-0.00845912794994469f,0.015775995924749153f,-0.999839767716262f,-2.045774947625285f,0f,0f,0f,1f], start_interpolation: 0, interpolation_duration: 1 }
$data merge entity $(bone_left_foot) { transformation: [-1.150990372479375f,-0.12152918909386812f,-0.21457565923128166f,2.587003041239851f,-0.042115941447046154f,1.1060696945796344f,-0.40053336076425156f,-6.550738990792441f,0.2429779924445448f,-0.3839679437235145f,-1.0858734770943241f,1.2154761464566035f,0f,0f,0f,1f], start_interpolation: 0, interpolation_duration: 1 }
$data merge entity $(bone_left_knee) { transformation: [-2.785316391271561f,-0.5700345498872461f,-0.594980588744573f,1.921643316407269f,-0.4706400549014442f,2.8221962322112466f,-0.500634651366677f,-3.0550138514015823f,0.6763425373066221f,-0.3836635601168211f,-2.7986231853184793f,0.6284748493019552f,0f,0f,0f,1f], start_interpolation: 0, interpolation_duration: 1 }
$data merge entity $(bone_left_leg) { transformation: [-2.3741766737115233f,-0.7008665141521199f,-0.04565056717505041f,0.8928750000000003f,-0.40116901748142475f,1.4853049749565563f,-1.9398312487743237f,-0.9530654318551894f,0.5765078181223008f,-1.8527460656141255f,-1.5378502771512916f,-1.9250939355151893f,0f,0f,0f,1f], start_interpolation: 0, interpolation_duration: 1 }
data modify entity @s data merge value {"locators":{"consume":{"posx":4.656680589393144,"posy":-1.078854263789221,"posz":-1.0063018573421538,"roty":31.826392349329865,"rotx":-5.451477074478308}},"cameras":{}}