# This file was generated by Animated Java via MC-Build. It is not recommended to edit this file directly.
$data merge entity $(bone_right_thumb_2) { transformation: [-0.6154193576979204f,0.7515855624522519f,0.23744084838968027f,-4.037667512743481f,0.774899260897187f,0.521821069479769f,0.35669862195974755f,4.728218650905894f,0.14418789696667342f,0.40351197474216555f,-0.9035418842577281f,-5.34988886623109f,0f,0f,0f,1f], start_interpolation: 0, interpolation_duration: 1 }
$data merge entity $(bone_right_thumb) { transformation: [-0.6154193576979204f,0.78151468648748f,-0.10243929409682079f,-3.9280827620645153f,0.774899260897187f,0.6236778502872389f,0.10274762538414861f,5.0842448060384315f,0.14418789696667342f,-0.016147255663556626f,-0.9894185749736375f,-5.281597438093118f,0f,0f,0f,1f], start_interpolation: 0, interpolation_duration: 1 }
$data merge entity $(bone_right_fingers_2) { transformation: [0.5836822451119497f,-0.740327884008382f,0.3335111106106447f,-4.208419404867271f,-0.7946976621410715f,-0.43654957830157576f,0.4217583330205003f,4.669744795041213f,-0.16664531955200243f,-0.5112133506124307f,-0.8431430766050461f,-5.858007429761505f,0f,0f,0f,1f], start_interpolation: 0, interpolation_duration: 1 }
$data merge entity $(bone_right_fingers) { transformation: [-0.7141633939582268f,-0.6154193576979203f,0.3335111106106447f,-4.510225606882685f,-0.47079830499775743f,0.7748992608971871f,0.4217583330205003f,4.992724892437063f,-0.5179957555244106f,0.14418789696667353f,-0.8431430766050461f,-5.8258404979492475f,0f,0f,0f,1f], start_interpolation: 0, interpolation_duration: 1 }
$data merge entity $(bone_right_hand) { transformation: [-0.6154193576979204f,0.7141633939582267f,0.3335111106106447f,-3.926659887657296f,0.774899260897187f,0.4707983049977576f,0.4217583330205003f,5.336019836385945f,0.14418789696667342f,0.5179957555244106f,-0.8431430766050461f,-5.41307688868293f,0f,0f,0f,1f], start_interpolation: 0, interpolation_duration: 1 }
$data merge entity $(bone_right_forearm) { transformation: [-0.32081096303048773f,1.689339182890028f,0.6083107863464288f,-1.4022103508093298f,1.6533857974401838f,0.03697833961650029f,0.769270153363433f,5.34642977890774f,0.7001601905678757f,0.686727230554582f,-1.5378588946949245f,-4.49725373820567f,0f,0f,0f,1f], start_interpolation: 0, interpolation_duration: 1 }
$data merge entity $(bone_right_bicep) { transformation: [-0.2786650425170464f,0.3247111843090246f,1.525464846119736f,-0.9143550412479952f,1.436175432374372f,-0.5508472578280962f,0.3796076683512305f,4.477663984611211f,0.6081779981278209f,1.449573903328631f,-0.19745778603372097f,-2.2345222803726035f,0f,0f,0f,1f], start_interpolation: 0, interpolation_duration: 1 }
$data merge entity $(bone_right_shoulder) { transformation: [-0.23846521596483422f,0.13417101839005216f,0.9754719151599708f,-0.7997532929342901f,0.9834648098707651f,-0.016898450800059712f,0.24274346288470336f,4.0355826381096875f,0.04841783955882769f,1.0040545596986121f,-0.12626611828880055f,-2.033766044981781f,0f,0f,0f,1f], start_interpolation: 0, interpolation_duration: 1 }
$data merge entity $(bone_right_arm) { transformation: [-0.7571635030827841f,-0.07040531841281414f,1.0904147614760387f,-0.7553103606937874f,0.2835516272026512f,1.2685141581563342f,0.2787976624254669f,3.930331869730498f,-1.0552533987703545f,0.39137290785434564f,-0.7074781570391402f,-1.9958255035138714f,0f,0f,0f,1f], start_interpolation: 0, interpolation_duration: 1 }
$data merge entity $(bone_left_thumb_2) { transformation: [-0.5492413883552596f,0.8493323335820554f,0.4323985250317671f,-0.3157909868750837f,-0.13334937265665653f,0.4256689036616142f,-1.0054968569158211f,0.5075093065877798f,-0.9436905436262799f,-0.5544732379363136f,-0.10957913251507714f,5.5647885359894f,0f,0f,0f,1f], start_interpolation: 0, interpolation_duration: 1 }
$data merge entity $(bone_left_thumb) { transformation: [-0.5492413883552596f,0.898505510722519f,0.31783918027652414f,0.06615438737331913f,-0.13334937265665653f,0.2907835711594788f,-1.052455633058143f,0.6701962046322963f,-0.9436905436262799f,-0.5640325894352257f,-0.03626838741012339f,5.599394427771205f,0f,0f,0f,1f], start_interpolation: 0, interpolation_duration: 1 }
$data merge entity $(bone_left_fingers_2) { transformation: [0.821394642391542f,-0.3931834031489405f,0.617023219124442f,-0.2723075553488882f,0.29430040174412314f,-0.6717535474291663f,-0.8198380602592067f,0.012032550828409427f,0.6698493225970443f,0.7772734287266925f,-0.39641884669088634f,5.769299737850073f,0f,0f,0f,1f], start_interpolation: 0, interpolation_duration: 1 }
$data merge entity $(bone_left_fingers) { transformation: [0.6219838089848936f,0.6651454641068786f,0.617023219124442f,-0.0031204409161049718f,0.7291605825093442f,0.07867909420586411f,-0.8198380602592067f,0.005643276267225161f,-0.5398712682439004f,0.8725772812267063f,-0.39641884669088634f,6.175732092673187f,0f,0f,0f,1f], start_interpolation: 0, interpolation_duration: 1 }
$data merge entity $(bone_left_hand) { transformation: [-0.7630467649019202f,0.49703317961080334f,0.617023219124442f,0.35967551125227826f,-0.20410118835321786f,0.7044205135167669f,-0.8198380602592067f,0.5638775856094349f,-0.7655732097490864f,-0.6831908653537088f,-0.39641884669088634f,5.612198338756592f,0f,0f,0f,1f], start_interpolation: 0, interpolation_duration: 1 }
$data merge entity $(bone_left_forearm) { transformation: [0.23424501211331644f,0.9452301153337834f,1.7541755507766774f,1.832141894808629f,-1.6531756841900551f,1.0782766252033835f,-0.360266895952555f,2.060186102092655f,-1.1124756137009564f,-1.40332537502271f,0.9047311536111688f,3.533967485297309f,0f,0f,0f,1f], start_interpolation: 0, interpolation_duration: 1 }
$data merge entity $(bone_left_bicep) { transformation: [0.2034715261702574f,-0.27619986421255915f,1.7086766182241606f,1.3797112096283675f,-1.4359929223465744f,0.9335749951307893f,0.3219081671162372f,3.5085473917830505f,-0.9663262790732409f,-1.4454806038458472f,-0.11858397403087223f,1.276992584101131f,0f,0f,0f,1f], start_interpolation: 0, interpolation_duration: 1 }
$data merge entity $(bone_left_shoulder) { transformation: [0.056234456855388595f,-0.1913344052201155f,0.9932984495649253f,1.342465220744477f,-0.5988185737695106f,0.7954937418805886f,0.1871336447684083f,3.41474822077225f,-0.8152711084281528f,-0.597489607168798f,-0.06893596851025677f,0.7884365530062311f,0f,0f,0f,1f], start_interpolation: 0, interpolation_duration: 1 }
$data merge entity $(bone_left_arm) { transformation: [-0.7571635030827841f,-0.07040531841281414f,1.0904147614760387f,1.2378812360117126f,0.2835516272026512f,1.2685141581563342f,0.2787976624254669f,3.1838976870587246f,-1.0552533987703545f,0.39137290785434564f,-0.7074781570391402f,0.7820714741670809f,0f,0f,0f,1f], start_interpolation: 0, interpolation_duration: 1 }
$data merge entity $(bone_chest) { transformation: [-1.499380557160217f,-0.1394208319854872f,2.1593046758606267f,0.12500000000000003f,0.5615059297599471f,2.511987777379855f,0.5520918437305584f,4.2549125f,-2.0896760376741437f,0.7750200930800856f,-1.40099065652409f,-0.335938125f,0f,0f,0f,1f], start_interpolation: 0, interpolation_duration: 1 }
$data merge entity $(bone_weist) { transformation: [-1.4317753481112296f,0.12526412522099634f,1.3169918348277359f,-0.18749999999999986f,0.16990092483735614f,1.9419765491037089f,-2.8716761052136937e-8f,0.4946187499999999f,-1.3119802856025384f,0.11478337507325839f,-1.4372444985201416f,-1.26690375f,0f,0f,0f,1f], start_interpolation: 0, interpolation_duration: 1 }
$data merge entity $(bone_right_cheek) { transformation: [-0.7356565150965241f,0.065061825950707f,0.674222849360653f,-0.4340107247032474f,0.22518305067717498f,0.9622531223202555f,0.15284476527719362f,-1.4043855663195375f,-0.6388286824210061f,0.26426480542985564f,-0.722538599057076f,-2.414735401194542f,0f,0f,0f,1f], start_interpolation: 0, interpolation_duration: 1 }
$data merge entity $(bone_right_foot) { transformation: [-1.176547515562803f,-0.03554411100860769f,0.00796584409628449f,-0.40452796572425814f,-0.011420395938646678f,0.6043881245860777f,1.010037357869743f,-7.267745348650223f,-0.034589204329719396f,1.0094763523275294f,-0.6044435258251223f,-5.822281178445538f,0f,0f,0f,1f], start_interpolation: 0, interpolation_duration: 1 }
$data merge entity $(bone_right_knee) { transformation: [-2.903248095834677f,-0.08323460923428827f,0.0339290788552099f,-0.571698607103244f,-0.028180963644884087f,1.8840479734851965f,2.2105424120401755f,-4.85468629380218f,-0.08535230432972175f,2.2091545717685683f,-1.88395322413102f,-3.147104879657088f,0f,0f,0f,1f], start_interpolation: 0, interpolation_duration: 1 }
$data merge entity $(bone_right_leg) { transformation: [-2.4758813980858805f,0.0017270524311030115f,-0.004587247679041975f,-0.5178749999999996f,0.0007372015575762869f,2.4219551386315326f,0.5139508594498502f,-1.4757356250000004f,0.0048458317379126885f,0.5139484864120881f,-2.4219509066388096f,-2.3874600000000004f,0f,0f,0f,1f], start_interpolation: 0, interpolation_duration: 1 }
$data merge entity $(bone_left_cheek) { transformation: [-0.6732315466285951f,-0.2877938299281147f,0.6811270043680376f,0.7149146389954123f,-0.7332245388148303f,0.14072342325796125f,-0.665265882054942f,-2.239339633462631f,0.09560889238898654f,-0.9472970123471665f,-0.30575694610962323f,-0.3946373416536866f,0f,0f,0f,1f], start_interpolation: 0, interpolation_duration: 1 }
$data merge entity $(bone_left_foot) { transformation: [-1.120253599533484f,-0.11759079048759127f,-0.3417530886493034f,2.4513876192706054f,-0.0957118817230205f,1.1698494224115545f,-0.08878321607687337f,-4.920572460689671f,0.3485139929843187f,-0.05670652301470853f,-1.1229039414920008f,3.778876608245472f,0f,0f,0f,1f], start_interpolation: 0, interpolation_duration: 1 }
$data merge entity $(bone_left_knee) { transformation: [-2.7643372551271357f,-0.4040785255392014f,-0.7950401082010027f,1.984663878745321f,-0.23617859430708252f,2.8286262305670107f,-0.6164592507809564f,-1.4260820632169933f,0.8599929651115337f,-0.5220372414687984f,-2.7248519055193334f,3.01856473245956f,0f,0f,0f,1f], start_interpolation: 0, interpolation_duration: 1 }
$data merge entity $(bone_left_leg) { transformation: [-2.3562942615644515f,-0.7437386582469415f,0.1572987097421177f,0.8928750000000001f,-0.2013163428007784f,0.11647779515659233f,-2.4649376008929393f,-1.2257356250000004f,0.7330496613319013f,-2.358664548935172f,-0.17132560391455404f,-0.26245999999999997f,0f,0f,0f,1f], start_interpolation: 0, interpolation_duration: 1 }
data modify entity @s data merge value {"locators":{"consume":{"posx":-0.29627221553223415,"posy":0.044568182960599945,"posz":6.128743558776668,"roty":57.28047581517899,"rotx":-48.18550282693658}},"cameras":{}}
execute on vehicle unless entity @s[tag=aj.transforms_only] at @s run function animated_java:armor/animations/punch_2/zzz/frames/zzz/6