# This file was generated by Animated Java via MC-Build. It is not recommended to edit this file directly.
$data merge entity $(bone_right_thumb_2) { transformation: [-0.5262363153490783f,0.5414575509618336f,-0.6556668825815735f,-5.008284732480381f,0.7821492986858252f,0.610752739056583f,-0.1233838170107977f,3.3586531257647576f,0.3336432450583973f,-0.5777584376201655f,-0.7449009147434358f,-1.9438407036052603f,0f,0f,0f,1f], start_interpolation: 0, interpolation_duration: 1 }
$data merge entity $(bone_right_thumb) { transformation: [-0.5262363153490783f,0.21363039658893573f,-0.8230658503795911f,-5.022916615475948f,0.7821492986858252f,0.5013857090889084f,-0.3699389750846552f,3.698722834048701f,0.3336432450583973f,-0.8384357007992125f,-0.43093823298964284f,-2.1098698016110946f,0f,0f,0f,1f], start_interpolation: 0, interpolation_duration: 1 }
$data merge entity $(bone_right_fingers_2) { transformation: [0.4985864425960149f,-0.6447687202286297f,-0.5793831691326436f,-5.458972356445537f,-0.8085200940048831f,-0.5869239549039353f,-0.04260902193501935f,3.0767896724538444f,-0.31258089648887083f,0.4896872150410487f,-0.8139407930405966f,-2.034358847532535f,0f,0f,0f,1f], start_interpolation: 0, interpolation_duration: 1 }
$data merge entity $(bone_right_fingers) { transformation: [-0.6224070081013225f,-0.5262363153490782f,-0.5793831691326436f,-5.724891075906463f,-0.6216324845236239f,0.7821492986858253f,-0.04260902193501935f,3.3919823222608256f,0.47558655411118045f,0.3336432450583972f,-0.8139407930405966f,-1.8719437418959883f,0f,0f,0f,1f], start_interpolation: 0, interpolation_duration: 1 }
$data merge entity $(bone_right_hand) { transformation: [-0.5262363153490783f,0.6224070081013224f,-0.5793831691326436f,-5.209154995163314f,0.7821492986858252f,0.6216324845236241f,-0.04260902193501935f,3.8585197079094f,0.3336432450583973f,-0.4755865541111804f,-0.8139407930405966f,-2.252907424078895f,0f,0f,0f,1f], start_interpolation: 0, interpolation_duration: 1 }
$data merge entity $(bone_right_forearm) { transformation: [-0.263617815064876f,1.4630680914852858f,-1.056771483761523f,-3.0878601286585607f,1.8023956469273124f,0.26862341794816774f,-0.07771713389483875f,4.168476056548772f,0.09329598679152892f,-1.0555101992121882f,-1.4845951097323296f,-3.8702265098575923f,0f,0f,0f,1f], start_interpolation: 0, interpolation_duration: 1 }
$data merge entity $(bone_right_bicep) { transformation: [-0.22898553387754178f,1.0849880005603443f,1.1315923381670583f,-1.4086908946690684f,1.5656094007479628f,0.09914984393899771f,0.22174550417085168f,4.315654324613062f,0.08103940675948937f,1.1502629712246002f,-1.0864908041327968f,-2.0615143437828025f,0f,0f,0f,1f], start_interpolation: 0, interpolation_duration: 1 }
$data merge entity $(bone_right_shoulder) { transformation: [-0.37489152367324646f,0.6018826329829342f,0.7236066751062501f,-1.1265781983255627f,0.9190815678971951f,0.40198958801960305f,0.14179711330737263f,3.9955882190806915f,-0.20287532057011173f,0.7089108871389976f,-0.6947661024159237f,-1.802974872249747f,0f,0f,0f,1f], start_interpolation: 0, interpolation_duration: 1 }
$data merge entity $(bone_right_arm) { transformation: [-0.9800025811695314f,-0.05830933922841441f,0.8963552828906912f,-1.0690660446294133f,0.24674344064100812f,1.2580725786488298f,0.35160900537211837f,3.8928951276584813f,-0.8636958068139167f,0.4255716615528797f,-0.9166112291923046f,-1.7776991070031318f,0f,0f,0f,1f], start_interpolation: 0, interpolation_duration: 1 }
$data merge entity $(bone_left_thumb_2) { transformation: [0.15512232638306778f,0.9878555982609197f,-0.008853295548310408f,-0.569807906668112f,-0.5416222767063618f,0.07754895449443017f,-0.8370373163917115f,1.305667193077574f,-0.8261854351372472f,0.13463831787935232f,0.5470741724169548f,2.983463702891945f,0f,0f,0f,1f], start_interpolation: 0, interpolation_duration: 1 }
$data merge entity $(bone_left_thumb) { transformation: [0.15512232638306778f,0.9782487697186204f,-0.13771858408185483f,-0.29793963930275713f,-0.5416222767063618f,-0.03236978121628642f,-0.8399985158554908f,1.4494336563482284f,-0.8261854351372472f,0.20489397699301856f,0.524820050073415f,3.2044750354415696f,0f,0f,0f,1f], start_interpolation: 0, interpolation_duration: 1 }
$data merge entity $(bone_left_fingers_2) { transformation: [0.22480359285285578f,-0.9158779697996474f,0.332612220274788f,-0.827374378056308f,0.5411888501077102f,-0.16650164129385212f,-0.824252286600133f,1.0126114308709488f,0.8102949914441914f,0.36530090046717667f,0.45823277813609953f,3.2780765374929945f,0f,0f,0f,1f], start_interpolation: 0, interpolation_duration: 1 }
$data merge entity $(bone_left_fingers) { transformation: [0.9410880887350475f,-0.061010820064082025f,0.332612220274788f,-0.8955108495493347f,0.32153406348378494f,0.46607297073962306f,-0.824252286600133f,1.195975278704227f,-0.10473325766260344f,0.882640167781328f,0.45823277813609953f,3.675786179004575f,0f,0f,0f,1f], start_interpolation: 0, interpolation_duration: 1 }
$data merge entity $(bone_left_hand) { transformation: [-0.10333430301615461f,0.9373852637758083f,0.332612220274788f,-0.15925479378317986f,-0.5148260792356151f,0.23571651654760284f,-0.824252286600133f,1.3725018708750687f,-0.8510441410168158f,-0.2564109808152183f,0.45823277813609953f,3.4401178804689363f,0f,0f,0f,1f], start_interpolation: 0, interpolation_duration: 1 }
$data merge entity $(bone_left_forearm) { transformation: [-0.07404340975856603f,1.708244818352212f,0.6350163585905884f,2.376118045888748f,-1.3226133095161328f,0.3868698398489802f,-1.1949285845352908f,1.832825253755304f,-1.2538102602051135f,-0.508979301368484f,1.2229997807916164f,2.684027395822478f,0f,0f,0f,1f], start_interpolation: 0, interpolation_duration: 1 }
$data merge entity $(bone_left_bicep) { transformation: [-0.06431609984137929f,-0.40349571956506936f,1.5307479215982518f,1.726541658530658f,-1.1488575410526058f,1.0658873759306962f,0.23269079930595019f,3.48966407208437f,-1.0890933594285024f,-1.1005497998762928f,-0.33585763103508226f,0.9677389277207502f,0f,0f,0f,1f], start_interpolation: 0, interpolation_duration: 1 }
$data merge entity $(bone_left_shoulder) { transformation: [-0.12689486117703858f,-0.22839201247191201f,0.978850224249211f,1.6007749461217178f,-0.4572245503856759f,0.8917501816291781f,0.1487961785657979f,3.480096069296798f,-0.8951292551348755f,-0.42312135477921475f,-0.21476711665970916f,0.4850757624989189f,0f,0f,0f,1f], start_interpolation: 0, interpolation_duration: 1 }
$data merge entity $(bone_left_arm) { transformation: [-0.9800025811695314f,-0.05830933922841441f,0.8963552828906912f,1.5107372628250966f,0.24674344064100812f,1.2580725786488298f,0.35160900537211837f,3.2433564871594713f,-0.8636958068139167f,0.4255716615528797f,-0.9166112291923046f,0.49593296485738236f,0f,0f,0f,1f], start_interpolation: 0, interpolation_duration: 1 }
$data merge entity $(bone_chest) { transformation: [-1.9406598577318999f,-0.11546764890803934f,1.7750164634219106f,0.12500000000000003f,0.48861615225462607f,2.4913107357159983f,0.6962772297276931f,4.2549125f,-1.7103422111142146f,0.8427425152067721f,-1.8151285025361363f,-0.335938125f,0f,0f,0f,1f], start_interpolation: 0, interpolation_duration: 1 }
$data merge entity $(bone_weist) { transformation: [-1.5531689757752434f,0.10938306507969633f,1.1729623690862347f,-0.13749999999999987f,0.13714400694843162f,1.9445643972611357f,0.00026036878640112935f,0.4946187499999999f,-1.1700414076334005f,0.0827278158030738f,-1.5570158812436832f,-1.09190375f,0f,0f,0f,1f], start_interpolation: 0, interpolation_duration: 1 }
$data merge entity $(bone_right_cheek) { transformation: [-0.8619073011341134f,0.07416672136375688f,0.5016125015326669f,-0.6131898617095713f,-0.17132852354026432f,0.8884699830254303f,-0.4257553596659761f,-1.396821933173217f,-0.47724452985154464f,-0.45290218227001566f,-0.7530718903410455f,-1.8440908478040625f,0f,0f,0f,1f], start_interpolation: 0, interpolation_duration: 1 }
$data merge entity $(bone_right_foot) { transformation: [-1.175961328531762f,0.008783217732218355f,-0.05127088609185752f,-0.7870014511606075f,-0.0065401276160067705f,1.1260384027210577f,0.3429076219694429f,-7.903379193399773f,0.051604993994206906f,0.34285750037040236f,-1.124889574096578f,-1.1261645207321063f,0f,0f,0f,1f], start_interpolation: 0, interpolation_duration: 1 }
$data merge entity $(bone_right_knee) { transformation: [-2.901801620992683f,0.02467811574885613f,-0.12596440585082191f,-0.8256907521290041f,-0.016138415828114424f,2.7576882866337566f,0.9120436139963707f,-4.450290828507498f,0.12734045889984608f,0.9118525061105485f,-2.7548571838048366f,-0.08594716971414429f,0f,0f,0f,1f], start_interpolation: 0, interpolation_duration: 1 }
$data merge entity $(bone_right_leg) { transformation: [-2.4571036769156867f,0.054922811664542104f,-0.29939560548768224f,-0.6928749999999998f,0.1956261935685512f,2.150660322232927f,-1.2109514002229422f,-1.4257356250000006f,0.23320513762855738f,-1.2254209015970334f,-2.138684572500541f,-1.76871f,0f,0f,0f,1f], start_interpolation: 0, interpolation_duration: 1 }
$data merge entity $(bone_left_cheek) { transformation: [-0.8923004623897657f,-0.26826935758208825f,0.3630859906434064f,0.5528423057366465f,-0.4416455341957861f,0.6853859498399751f,-0.5789605529626984f,-1.7745942066726064f,-0.09353666096204571f,-0.6769620754107638f,-0.7300501636953605f,-0.8941221969956497f,0f,0f,0f,1f], start_interpolation: 0, interpolation_duration: 1 }
$data merge entity $(bone_left_foot) { transformation: [-1.082094492001517f,-0.06590916504699128f,-0.45860482686006493f,1.9808577186259588f,-0.05975176122208795f,1.1752621778898569f,-0.027918365443032188f,-7.0358091669537455f,0.45944763824335877f,-0.002385384866342021f,-1.0837403160020402f,1.5795578551197438f,0f,0f,0f,1f], start_interpolation: 0, interpolation_duration: 1 }
$data merge entity $(bone_left_knee) { transformation: [-2.670175859335195f,0.05899780504920337f,-1.1417569039672826f,2.074836197183367f,-0.14744341787829415f,2.8587747684829345f,0.49254030306537533f,-3.4679586827219837f,1.133732775958226f,0.510739435151371f,-2.625018840053027f,2.0981900024023625f,0f,0f,0f,1f], start_interpolation: 0, interpolation_duration: 1 }
$data merge entity $(bone_left_leg) { transformation: [-2.276032001178555f,-0.817690838515212f,-0.5301629420833687f,0.8928750000000001f,-0.1256793391644594f,1.5819850816969294f,-1.9004053851572316f,-1.2257356250000004f,0.9663828207586208f,-1.720092327997457f,-1.49579388615075f,-0.26245999999999997f,0f,0f,0f,1f], start_interpolation: 0, interpolation_duration: 1 }
data modify entity @s data merge value {"locators":{"consume":{"posx":-1.0371482315391083,"posy":1.204352555772657,"posz":3.443474532604371,"roty":144.02565460543127,"rotx":-55.51275772066516}},"cameras":{}}