# This file was generated by Animated Java via MC-Build. It is not recommended to edit this file directly.
$data merge entity $(bone_right_thumb_2) { transformation: [-0.7714770272158855f,0.41158200679773904f,0.4852045425987741f,-2.4371142510308905f,-0.20635170902764668f,0.559517998305531f,-0.8027194913252953f,0.12284772441025815f,-0.6018655735789424f,-0.7194024334491211f,-0.34672463149879196f,-1.4792575150007152f,0f,0f,0f,1f], start_interpolation: 0, interpolation_duration: 1 }
$data merge entity $(bone_right_thumb) { transformation: [-0.7714770272158855f,0.47139276706682887f,0.4273313183411884f,-2.4158512180851526f,-0.20635170902764668f,0.4499553256426715f,-0.8688838685964693f,0.22136524555566872f,-0.6018655735789424f,-0.7585044918013836f,-0.24985749389925246f,-1.7854877737080106f,0f,0f,0f,1f], start_interpolation: 0, interpolation_duration: 1 }
$data merge entity $(bone_right_fingers2) { transformation: [0.7426727688801477f,-0.3629175937602336f,0.5627859082308091f,-2.2988622699312926f,0.1428147372524004f,-0.7352404207370657f,-0.6625899746735606f,-0.29927078688263864f,0.6542485072106948f,0.5724616527363766f,-0.4942130582642603f,-1.2959383922389969f,0f,0f,0f,1f], start_interpolation: 0, interpolation_duration: 1 }
$data merge entity $(bone_right_fingers) { transformation: [-0.22844028712072184f,-0.7944098795439452f,0.5627859082308091f,-2.6586084929202434f,-0.6992709478019594f,-0.2683182196986241f,-0.6625899746735606f,-0.3987228077995458f,0.6773737349354129f,-0.5449020795158848f,-0.4942130582642603f,-1.5887052271037794f,0f,0f,0f,1f], start_interpolation: 0, interpolation_duration: 1 }
$data merge entity $(bone_right_hand) { transformation: [-0.7714770272158855f,0.29680838595794945f,0.5627859082308091f,-2.4810934451128723f,-0.20635170902764668f,0.7199954844604647f,-0.6625899746735606f,0.07664711985274231f,-0.6018655735789424f,-0.627304777904311f,-0.4942130582642603f,-2.0830717292291716f,0f,0f,0f,1f], start_interpolation: 0, interpolation_duration: 1 }
$data merge entity $(bone_right_forearm) { transformation: [-1.161326870481366f,0.4467943202937583f,0.8471780422488269f,-1.8065867531511492f,-0.3106272461908298f,1.083830202626634f,-0.9974160144170386f,1.6521780166927293f,-0.9060058023209446f,-0.9443001785687148f,-0.7439533311527237f,-3.4162783387535773f,0f,0f,0f,1f], start_interpolation: 0, interpolation_duration: 1 }
$data merge entity $(bone_right_bicep) { transformation: [-1.2025866408918258f,0.1404466122230303f,1.0133924601594553f,-1.4849651861141457f,0.8518349606900573f,1.003640630388994f,0.8717722425169289f,3.089630445113097f,-0.5666275045734436f,1.210737127617676f,-0.8402101147411971f,-1.6490824564639606f,0f,0f,0f,1f], start_interpolation: 0, interpolation_duration: 1 }
$data merge entity $(bone_right_shoulder) { transformation: [-0.7249907442996807f,-0.2676077393400218f,0.6346451910517545f,-1.3631624054318148f,0.13202698098147506f,0.8503504379093499f,0.5093849320899608f,3.222094358313624f,-0.6759861662583875f,0.4530896496199176f,-0.5811647549831183f,-1.2924251253551347f,0f,0f,0f,1f], start_interpolation: 0, interpolation_duration: 1 }
$data merge entity $(bone_right_arm) { transformation: [-1.2504666391321333f,0.0001633411711898467f,0.7588671157316093f,-1.0430857779938378f,0.196804708944448f,1.4127431315844379f,0.3239921176507992f,3.286088159022864f,-0.7329032900434006f,0.3790817314013167f,-1.2077648570656878f,-1.0840253705445235f,0f,0f,0f,1f], start_interpolation: 0, interpolation_duration: 1 }
$data merge entity $(bone_left_thumb_2) { transformation: [-0.3178216982090599f,0.946780101186347f,0.050958886811628856f,0.8910310362145277f,-0.9305918409131326f,-0.3011897190594619f,-0.20804705900057746f,2.4525702135925465f,-0.18162652276971097f,-0.11354379388788124f,0.9767904652975125f,3.332011264004022f,0f,0f,0f,1f], start_interpolation: 0, interpolation_duration: 1 }
$data merge entity $(bone_left_thumb) { transformation: [-0.3178216982090599f,0.9476186766902667f,-0.031752350075197f,1.2095487273812375f,-0.9305918409131326f,-0.3181760972004395f,-0.18100496345736994f,2.498705050734663f,-0.18162652276971097f,-0.02797882696049392f,0.9829694763666363f,3.350795488936763f,0f,0f,0f,1f], start_interpolation: 0, interpolation_duration: 1 }
$data merge entity $(bone_left_fingers2) { transformation: [0.7367094627718377f,-0.5648855052695271f,0.37170355580599757f,0.5671372725869634f,0.6710158141016507f,0.6786955315613096f,-0.2985132369999882f,2.344741733791066f,-0.08364774167859998f,0.4693364905641828f,0.8790485276348331f,3.762254893675905f,0f,0f,0f,1f], start_interpolation: 0, interpolation_duration: 1 }
$data merge entity $(bone_left_fingers) { transformation: [0.8575599291789376f,0.35556635733403397f,0.37170355580599757f,0.7779367938151307f,-0.2522596647162519f,0.9204645071337806f,-0.2985132369999882f,2.765023256315327f,-0.44828119459091775f,0.16222717601922548f,0.8790485276348331f,3.8250838097152613f,0f,0f,0f,1f], start_interpolation: 0, interpolation_duration: 1 }
$data merge entity $(bone_left_hand) { transformation: [-0.3178216982090599f,0.8722533088207162f,0.37170355580599757f,1.4236731645690628f,-0.9305918409131326f,-0.21186947151889582f,-0.2985132369999882f,2.6650707934879003f,-0.18162652276971097f,-0.44077828019268f,0.8790485276348331f,3.551367819319809f,0f,0f,0f,1f], start_interpolation: 0, interpolation_duration: 1 }
$data merge entity $(bone_left_forearm) { transformation: [-0.47842627211362915f,1.3130283464893318f,0.5595362039084792f,3.3015387123962654f,-1.4008470403885656f,-0.3189332950036466f,-0.44936068229216153f,2.1666675775916424f,-0.2734077021654934f,-0.6635164012072137f,1.323257387564104f,2.581877248583798f,0f,0f,0f,1f], start_interpolation: 0, interpolation_duration: 1 }
$data merge entity $(bone_left_bicep) { transformation: [-0.25002861101836965f,-0.9096839478163793f,1.2660430351302736f,1.885751570675915f,-1.5061668398409704f,0.47184381847420603f,0.04158148116156942f,2.697687004155843f,-0.4023074723145646f,-1.201142241409123f,-0.9425020804576391f,0.7387231587879345f,0f,0f,0f,1f], start_interpolation: 0, interpolation_duration: 1 }
$data merge entity $(bone_left_shoulder) { transformation: [-0.5491499810842098f,-0.17432067757172084f,0.8173411770161516f,1.7066633077382014f,0.005215242253904198f,0.9772700793916095f,0.21193393587188963f,2.9351383467176815f,-0.8357075442542355f,0.12064614911738072f,-0.5357587210486653f,0.559440563398565f,0f,0f,0f,1f], start_interpolation: 0, interpolation_duration: 1 }
$data merge entity $(bone_left_arm) { transformation: [-1.2504666391321333f,0.0001633411711898467f,0.7588671157316093f,1.3950465621994206f,0.196804708944448f,1.4127431315844379f,0.3239921176507992f,2.8419969599711266f,-0.7329032900434006f,0.3790817314013167f,-1.2077648570656878f,0.3287797783891627f,0f,0f,0f,1f], start_interpolation: 0, interpolation_duration: 1 }
$data merge entity $(bone_chest) { transformation: [-1.7657464140287766f,0.00023064916589210654f,1.0715734801669181f,0.03207063342658396f,0.27790202329893265f,1.9948921790271077f,0.4574995461794461f,3.8118806941768852f,-1.034910741099172f,0.5352899364914326f,-1.7054485090732354f,0.06872861637677363f,0f,0f,0f,1f], start_interpolation: 0, interpolation_duration: 1 }
$data merge entity $(bone_weist) { transformation: [-1.8531712301043153f,0.00023330825095554538f,0.9647898210795433f,-0.031998048207263034f,0.2502371405581335f,2.0178906927043836f,0.480168290456678f,0.2769912415796536f,-0.9317729480816267f,0.541461133639396f,-1.7898832574665287f,-0.7531780432114911f,0f,0f,0f,1f], start_interpolation: 0, interpolation_duration: 1 }
$data merge entity $(bone_right_foot) { transformation: [-0.9993483042426021f,0.025682536320436836f,0.5328456873575926f,-2.0144246539649813f,0.02778213601084858f,1.1324765607572265f,-0.002478841293737563f,-7.012437033357314f,-0.5327403421237314f,0.010881133380042419f,-0.9996751878536623f,0.35850041651905734f,0f,0f,0f,1f], start_interpolation: 0, interpolation_duration: 1 }
$data merge entity $(bone_right_knee) { transformation: [-2.7021533896993977f,0.08152022681532192f,1.5582954890949952f,-1.9961653980932597f,0.053878337419170544f,3.1191018204159486f,-0.06974438194320315f,-3.033813983052732f,-1.559495913258761f,-0.033490396767907264f,-2.7024829712749945f,0.39579962528450796f,0f,0f,0f,1f], start_interpolation: 0, interpolation_duration: 1 }
$data merge entity $(bone_right_thigh) { transformation: [-2.0716783410572748f,0.9975674313403612f,0.6248155241090096f,-0.5211155741341507f,0.1425356346610777f,1.4680829531134525f,-1.8713103440300578f,-1.196573902775565f,-1.1684257837322771f,-1.589647140327413f,-1.336109847730693f,-1.8339217959097285f,0f,0f,0f,1f], start_interpolation: 0, interpolation_duration: 1 }
$data merge entity $(bone_right_leg) { transformation: [-1.0084166506205008f,0.0001269563876067053f,0.5249974228614697f,-0.4984449999999998f,0.1361683664430081f,1.0980499484339035f,0.2612870798610654f,-1.312041875f,-0.507031050439075f,0.29464002783762383f,-0.9739780383890957f,-1.84976f,0f,0f,0f,1f], start_interpolation: 0, interpolation_duration: 1 }
$data merge entity $(bone_left_foot) { transformation: [-0.9554987872910133f,-0.3348324545385203f,-0.5081244407358427f,4.512797487517764f,-0.6077142849593509f,0.47622436244153227f,0.8289601057189069f,-5.822768192755722f,-0.031409675925553965f,0.971791508712062f,-0.5813052969424808f,-2.7005623273645605f,0f,0f,0f,1f], start_interpolation: 0, interpolation_duration: 1 }
$data merge entity $(bone_left_knee) { transformation: [-2.38331537751022f,-1.5168458991284899f,-1.324971565656478f,2.6532271482399237f,-2.0115122556111835f,1.689817014182457f,1.683716194696502f,-3.7073918200579827f,-0.10094343478950948f,2.1401542694521676f,-2.2685046718259865f,0.10983745966302472f,0f,0f,0f,1f], start_interpolation: 0, interpolation_duration: 1 }
$data merge entity $(bone_left_thigh) { transformation: [-1.9240341289347642f,-1.3376884403897131f,0.4313567840969066f,0.8070889051268852f,-1.4051401498399005f,1.8137499252584925f,-0.6428675882148346f,-1.3423757594618813f,0.03256068252647132f,-0.7734902799111268f,-2.253450455830094f,-1.123594067544342f,0f,0f,0f,1f], start_interpolation: 0, interpolation_duration: 1 }
$data merge entity $(bone_left_leg) { transformation: [-1.0084166506205008f,0.0001269563876067053f,0.5249974228614697f,0.8109450000000001f,0.1361683664430081f,1.0980499484339035f,0.2612870798610654f,-1.437041875f,-0.507031050439075f,0.29464002783762383f,-0.9739780383890957f,-1.2169475f,0f,0f,0f,1f], start_interpolation: 0, interpolation_duration: 1 }
data modify entity @s data merge value {"locators":{"consume":{"posx":-2.516670378544079,"posy":-0.38595984518997134,"posz":-1.456739552686801,"rotx":48.711864343011996,"roty":-41.497699388109446}},"cameras":{}}