execute if entity @s[tag=aj.armor.bone.right_thumb_2] run data modify entity @s {} merge value {transformation:[-0.41351086458030123f,-0.1670804745197409f,-0.895037920933136f,-3.5555382192015457f,0.884104476691853f,0.1612955492029788f,-0.43856928768523495f,1.8547855395308757f,0.21764199771063616f,-0.9726601980350424f,0.08101913348682382f,3.8820615768716555f,0f,0f,0f,1f],start_interpolation:0}
execute if entity @s[tag=aj.armor.bone.right_thumb] run data modify entity @s {} merge value {transformation:[-0.41351086458030123f,-0.5296857054557913f,-0.7405685777224504f,-3.7769352794844027f,0.884104476691853f,-0.039163977757377955f,-0.4656452052149196f,2.055426800474134f,0.21764199771063616f,-0.8472893462578298f,0.48449223373600436f,3.6493523463238287f,0f,0f,0f,1f],start_interpolation:0}
execute if entity @s[tag=aj.armor.bone.right_fingers_2] run data modify entity @s {} merge value {transformation:[0.41524701857318175f,0.030741624846163815f,-0.9091891255772375f,-3.845123429649656f,-0.89273540972388f,-0.17838963832225138f,-0.41376397277239174f,1.609743805173555f,-0.1749096961040745f,0.9834795826254219f,-0.0466316284050451f,4.265278003190557f,0f,0f,0f,1f],start_interpolation:0}
execute if entity @s[tag=aj.armor.bone.right_fingers] run data modify entity @s {} merge value {transformation:[0.048825186186541046f,-0.41351086458030123f,-0.9091891255772375f,-4.032727951426783f,-0.21716042256597382f,0.884104476691853f,-0.41376397277239174f,1.985666406940134f,0.9749140741956787f,0.21764199771063594f,-0.0466316284050451f,4.406432455053886f,0f,0f,0f,1f],start_interpolation:0}
execute if entity @s[tag=aj.armor.bone.right_hand] run data modify entity @s {} merge value {transformation:[-0.41351086458030123f,-0.048825186186541136f,-0.9091891255772375f,-4.049687560826202f,0.884104476691853f,0.217160422565974f,-0.41376397277239174f,2.131551560789111f,0.21764199771063616f,-0.9749140741956787f,-0.0466316284050451f,3.627199461741906f,0f,0f,0f,1f],start_interpolation:0}
execute if entity @s[tag=aj.armor.bone.right_forearm] run data modify entity @s {} merge value {transformation:[-0.588051096953212f,-0.08905516625297599f,-1.7242661181990693f,-4.224024392726772f,1.6787782980340007f,0.3960918338599245f,-0.5929951490805411f,2.613699889402158f,0.4033954574058745f,-1.7782038685557524f,-0.04573476173730913f,0.9911369563745097f,0f,0f,0f,1f],start_interpolation:0}
execute if entity @s[tag=aj.armor.bone.right_bicep] run data modify entity @s {} merge value {transformation:[-0.5107970201102184f,1.2927962481063597f,-0.7601965673509369f,-2.195334038612427f,1.4582320422568644f,0.6157591878310648f,0.06733861760170695f,3.5693393449558894f,0.3504001584837002f,-0.6779771672905026f,-1.388416812578575f,-0.04995820584006974f,0f,0f,0f,1f],start_interpolation:0}
execute if entity @s[tag=aj.armor.bone.right_shoulder] run data modify entity @s {} merge value {transformation:[-0.5896798381621337f,0.6651191430223409f,-0.48611438233932835f,-1.7801321683683218f,0.7415725933524058f,0.6889331465990652f,0.04306027139415714f,3.3922538296485514f,0.35883249005700035f,-0.33075765111207617f,-0.8878353445189905f,-0.262374473822503f,0f,0f,0f,1f],start_interpolation:0}
execute if entity @s[tag=aj.armor.bone.right_arm] run data modify entity @s {} merge value {transformation:[-1.2943151450557637f,-0.03829491912896079f,-0.3008980487713952f,-1.7030534310172556f,-0.12189298025517414f,1.2732453486417146f,0.3622791945903041f,3.399855451916861f,0.2777557163228838f,0.3803125196958339f,-1.2431701334567271f,-0.2726018663141002f,0f,0f,0f,1f],start_interpolation:0}
execute if entity @s[tag=aj.armor.bone.left_thumb_2] run data modify entity @s {} merge value {transformation:[-0.9555003475834202f,-0.15109335754112396f,0.25335722424062335f,3.8546284090662852f,-0.29104019283387f,0.6229292413934862f,-0.7261231068986578f,-0.3834096045667895f,-0.04811124528826016f,-0.7675480164288656f,-0.6391833465860377f,-1.0948493758526463f,0f,0f,0f,1f],start_interpolation:0}
execute if entity @s[tag=aj.armor.bone.left_thumb] run data modify entity @s {} merge value {transformation:[-0.9555003475834202f,-0.11673097917029292f,0.2709113586948839f,4.015981025510957f,-0.29104019283387f,0.5228219111525825f,-0.8012196049610774f,-0.12576641924332327f,-0.04811124528826016f,-0.8444117051064048f,-0.533529924517929f,-1.320708805808072f,0f,0f,0f,1f],start_interpolation:0}
execute if entity @s[tag=aj.armor.bone.left_fingers_2] run data modify entity @s {} merge value {transformation:[0.8270778153059656f,0.5571779407090368f,0.07412846832323139f,4.113161089391653f,0.5109289479013183f,-0.6902629289077871f,-0.5123365097005048f,-0.7918866763315704f,-0.23429446776474097f,0.46161654147450204f,-0.8555794942680407f,-1.167830361758491f,0f,0f,0f,1f],start_interpolation:0}
execute if entity @s[tag=aj.armor.bone.left_fingers] run data modify entity @s {} merge value {transformation:[-0.2826829509333709f,0.9563447701721661f,0.07412846832323139f,4.54843731855593f,0.8119547535410179f,0.2797155323360675f,-0.5123365097005048f,-0.7109689278476258f,-0.5107052255986291f,-0.08463983420527985f,-0.8555794942680407f,-1.1884400850907613f,0f,0f,0f,1f],start_interpolation:0}
execute if entity @s[tag=aj.armor.bone.left_hand] run data modify entity @s {} merge value {transformation:[-0.8927283649311373f,-0.4444558882852492f,0.07412846832323139f,4.165705757067617f,-0.4164604881828955f,0.7510472439270175f,-0.5123365097005048f,-0.12557939321959655f,0.1720369966892079f,-0.48824891270560067f,-0.8555794942680407f,-1.5620840451907012f,0f,0f,0f,1f],start_interpolation:0}
execute if entity @s[tag=aj.armor.bone.left_forearm] run data modify entity @s {} merge value {transformation:[-1.628300456529645f,-0.8106695768068096f,0.13520733019597933f,2.9045408632535246f,-0.7596070985008706f,1.369879818096771f,-0.934481086759787f,1.8170248336806192f,0.3137885287991657f,-0.8905462833814605f,-1.5605424178736795f,-2.9212888870690774f,0f,0f,0f,1f],start_interpolation:0}
execute if entity @s[tag=aj.armor.bone.left_bicep] run data modify entity @s {} merge value {transformation:[-1.442527425207349f,-0.4741415862414655f,-0.45214924483469987f,2.1661809976654256f,-0.6538880181112752f,1.1102957642954954f,0.9218504929984564f,3.5357516492145966f,0.040983450058176496f,1.0259471857105587f,-1.2066015435252102f,-1.3046524711958685f,0f,0f,0f,1f],start_interpolation:0}
execute if entity @s[tag=aj.armor.bone.left_shoulder] run data modify entity @s {} merge value {transformation:[-0.970505560915598f,0.030582812001784077f,-0.28913081210553176f,1.7510074045344637f,-0.1500875206491145f,0.8101812572371427f,0.5894854071424371f,3.634755763915119f,0.2490093794300576f,0.6075228396517671f,-0.7715719713183932f,-1.046385910200169f,0f,0f,0f,1f],start_interpolation:0}
execute if entity @s[tag=aj.armor.bone.left_arm] run data modify entity @s {} merge value {transformation:[-1.2943151450557637f,-0.03829491912896079f,-0.3008980487713952f,1.7041605460301101f,-0.12189298025517414f,1.2732453486417146f,0.3622791945903041f,3.7207320696524087f,0.2777557163228838f,0.3803125196958339f,-1.2431701334567271f,-1.003778629929394f,0f,0f,0f,1f],start_interpolation:0}
execute if entity @s[tag=aj.armor.bone.chest] run data modify entity @s {} merge value {transformation:[-2.563080438284722f,-0.07583389445767942f,-0.5958563535859562f,2.6597874209406523e-17f,-0.24137978640650343f,2.521356764391403f,0.7174069780447077f,4.2549125f,0.5500285195985035f,0.7531176494308643f,-2.4618000204157897f,-0.335938125f,0f,0f,0f,1f],start_interpolation:0}
execute if entity @s[tag=aj.armor.bone.weist] run data modify entity @s {} merge value {transformation:[-1.8982105370772724f,0.033689246007440436f,-0.442494105228085f,0.16437500000000008f,0.037773211790217885f,1.948980757772188f,-0.013654004326168043f,0.3383687499999999f,0.4421642035818874f,-0.02186966086929173f,-1.898460370019242f,-0.8375287499999999f,0f,0f,0f,1f],start_interpolation:0}
execute if entity @s[tag=aj.armor.bone.right_foot] run data modify entity @s {} merge value {transformation:[-1.1513505883898707f,0.1450394300209877f,-0.19734812193190018f,-0.48441673509300404f,0.11363654168109616f,1.156584706134249f,0.1870546679654811f,-6.096105592923054f,0.21695495819552407f,0.1639093534613047f,-1.1452751480927361f,1.3288927690706287f,0f,0f,0f,1f],start_interpolation:0}
execute if entity @s[tag=aj.armor.bone.right_knee] run data modify entity @s {} merge value {transformation:[-2.841072170197957f,0.3578992292784305f,-0.48697613282644797f,-0.12057143912197443f,0.28040947678603956f,2.853987876681321f,0.46157601066200404f,-2.5322760701158518f,0.5353579527655083f,0.4044626434814178f,-2.8260804165792552f,1.746150468927918f,0f,0f,0f,1f],start_interpolation:0}
execute if entity @s[tag=aj.armor.bone.right_thigh] run data modify entity @s {} merge value {transformation:[-2.3618151896963306f,-0.6553315506927406f,-0.34983180433659283f,-0.9823278015425957f,0.16064881088861624f,0.6877888119894766f,-2.3730046844878414f,-1.533533253443497f,0.7252818019355112f,-2.2863726362314205f,-0.6135790079626471f,-1.4565286757949005f,0f,0f,0f,1f],start_interpolation:0}
execute if entity @s[tag=aj.armor.bone.right_leg] run data modify entity @s {} merge value {transformation:[-0.9752838036207999f,0.043188799273656805f,-0.21669386242403066f,-0.8652287499999998f,0.04275235539094176f,0.9990632091602224f,0.0067037460426441434f,-1.5990431249999997f,0.21678039234089314f,-0.0027261180784101326f,-0.97621658958284f,-1.3037968750000002f,0f,0f,0f,1f],start_interpolation:0}
execute if entity @s[tag=aj.armor.bone.left_foot] run data modify entity @s {} merge value {transformation:[-0.6058892168914329f,0.06270535124975816f,-1.00725229741902f,0.37309647236657406f,-0.01335326289452041f,1.1742359259157038f,0.0811330730067718f,-6.34539315354278f,1.0091138895592104f,0.05318763098782226f,-0.6036978786488714f,-5.651337378733907f,0f,0f,0f,1f],start_interpolation:0}
execute if entity @s[tag=aj.armor.bone.left_knee] run data modify entity @s {} merge value {transformation:[-2.2244637491805825f,0.7091048367276831f,-1.7279641337842917f,1.2438122808165974f,-1.1029469578155568f,1.6699538027431917f,2.1051581872826057f,-4.176287097140117f,1.507381081664785f,2.268337125686344f,-1.0096423363776617f,-2.904666442226902f,0f,0f,0f,1f],start_interpolation:0}
execute if entity @s[tag=aj.armor.bone.left_thigh] run data modify entity @s {} merge value {transformation:[-1.8961113219925436f,-0.21299466103681403f,-1.57778574335065f,0.933209499856871f,-0.9401412880033123f,2.129954168144508f,0.8422839919732362f,-1.2307814935932773f,1.2848770120685564f,1.2441628667150897f,-1.7120638270473825f,-1.108897081199773f,0f,0f,0f,1f],start_interpolation:0}
execute if entity @s[tag=aj.armor.bone.left_leg] run data modify entity @s {} merge value {transformation:[-0.9659195801941535f,0.017698857212182572f,-0.25823654863503165f,0.8114781250000003f,0.013656276147847705f,0.9997546458379292f,0.01744001855648339f,-1.5315431249999998f,0.2584818576212342f,0.013319105783029587f,-0.965924288286518f,-1.706921875f,0f,0f,0f,1f],start_interpolation:0}