execute if entity @s[tag=aj.armor.bone.right_thumb_2] run data modify entity @s {} merge value {transformation:[-0.5495871528214001f,-0.24326167771983248f,-0.7992357084156084f,-2.87258785962504f,0.8085059948783608f,0.08607233827318098f,-0.5821594359193528f,1.8423628554859568f,0.21040916733692672f,-0.9661342084499024f,0.14937427343241422f,4.53165566486736f,0f,0f,0f,1f],start_interpolation:0}
execute if entity @s[tag=aj.armor.bone.right_thumb] run data modify entity @s {} merge value {transformation:[-0.5495871528214001f,-0.558241558616785f,-0.6215467188287375f,-3.1374682531529645f,0.8085059948783608f,-0.16802317843874637f,-0.5639913720555423f,1.9911469390446677f,0.21040916733692672f,-0.8124866606538497f,0.5436850269780631f,4.305538806846911f,0f,0f,0f,1f],start_interpolation:0}
execute if entity @s[tag=aj.armor.bone.right_fingers_2] run data modify entity @s {} merge value {transformation:[0.5550337884860573f,0.11275643195633445f,-0.8241501566409432f,-3.094515313870279f,-0.8147732881418924f,-0.12590295196497078f,-0.5659442866722438f,1.5686066932761649f,-0.16757679603472284f,0.9856137345527317f,0.021990536413514197f,4.93978020932915f,0f,0f,0f,1f],start_interpolation:0}
execute if entity @s[tag=aj.armor.bone.right_fingers] run data modify entity @s {} merge value {transformation:[0.1368593466387149f,-0.5495871528214001f,-0.8241501566409432f,-3.3372426564280024f,-0.16132303192289976f,0.8085059948783608f,-0.5659442866722438f,1.9125460546701258f,0.9773660514918794f,0.2104091673369265f,0.021990536413514197f,5.0784416360122595f,0f,0f,0f,1f],start_interpolation:0}
execute if entity @s[tag=aj.armor.bone.right_hand] run data modify entity @s {} merge value {transformation:[-0.5495871528214001f,-0.13685934663871502f,-0.8241501566409432f,-3.420101602477881f,0.8085059948783608f,0.16132303192289993f,-0.5659442866722438f,2.0180471285833446f,0.21040916733692672f,-0.9773660514918794f,0.021990536413514197f,4.296918710697122f,0f,0f,0f,1f],start_interpolation:0}
execute if entity @s[tag=aj.armor.bone.right_forearm] run data modify entity @s {} merge value {transformation:[-0.7710073384753595f,-0.24962591687042288f,-1.634032786475611f,-3.818650755461535f,1.6101849757962152f,0.29424669008816257f,-0.8047060275192477f,2.344890677039749f,0.37373866453819016f,-1.7826761760432734f,0.09598762227729443f,1.6613888320135677f,0f,0f,0f,1f],start_interpolation:0}
execute if entity @s[tag=aj.armor.bone.right_bicep] run data modify entity @s {} merge value {transformation:[-0.6697177388441449f,1.0596934808706382f,-0.9688459282885296f,-2.1505415700369515f,1.3986500352169073f,0.723186914304582f,-0.17582184690722336f,3.4714814969694907f,0.3246394694868996f,-0.9296154954939133f,-1.241192491627458f,0.22579998814970476f,0f,0f,0f,1f],start_interpolation:0}
execute if entity @s[tag=aj.armor.bone.right_shoulder] run data modify entity @s {} merge value {transformation:[-0.6341930668749776f,0.4902917235951527f,-0.6195370516511861f,-1.7512326984585047f,0.6822747997769649f,0.7404548503905304f,-0.11243082668592044f,3.3349572472944393f,0.3983882907213167f,-0.4875998553876647f,-0.7936914573742847f,-0.040256581058545904f,0f,0f,0f,1f],start_interpolation:0}
execute if entity @s[tag=aj.armor.bone.right_arm] run data modify entity @s {} merge value {transformation:[-1.2723852696476492f,-0.04584138362685121f,-0.3823507871537657f,-1.6756335745948894f,-0.15338273850649128f,1.2710393635296977f,0.3580370137185811f,3.359357897735167f,0.3532241390649536f,0.3868014157309225f,-1.2218327232795108f,-0.050441694842644436f,0f,0f,0f,1f],start_interpolation:0}
execute if entity @s[tag=aj.armor.bone.left_thumb_2] run data modify entity @s {} merge value {transformation:[-0.946046287362062f,-0.22062670753301214f,0.23731893749046193f,3.8314090895461463f,-0.3240282172052774f,0.6474416839170064f,-0.6898006816330937f,-0.09518527180370054f,-0.0014617192714823923f,-0.7294814061028929f,-0.6839990800629175f,-1.5166468050155493f,0f,0f,0f,1f],start_interpolation:0}
execute if entity @s[tag=aj.armor.bone.left_thumb] run data modify entity @s {} merge value {transformation:[-0.946046287362062f,-0.187762878213089f,0.26408620511794206f,3.969208773835083f,-0.3240282172052774f,0.5518656741943591f,-0.7684074388635076f,0.17717814749287727f,-0.0014617192714823923f,-0.8125203869510857f,-0.5829309428788534f,-1.7408265871456494f,0f,0f,0f,1f],start_interpolation:0}
execute if entity @s[tag=aj.armor.bone.left_fingers_2] run data modify entity @s {} merge value {transformation:[0.7925492234245426f,0.6086521654965962f,0.03752692214209552f,4.098721826808624f,0.5502537862829944f,-0.6872681491662412f,-0.47421858021680074f,-0.4905256581373497f,-0.2628431074431735f,0.3964908984805497f,-0.8796069964999724f,-1.6228012617676841f,0f,0f,0f,1f],start_interpolation:0}
execute if entity @s[tag=aj.armor.bone.left_fingers] run data modify entity @s {} merge value {transformation:[-0.34215773946735095f,0.938892864727991f,0.03752692214209552f,4.528783319739459f,0.8209237883036864f,0.3181208449226272f,-0.47421858021680074f,-0.39278261541983783f,-0.4571785374661817f,-0.1314508143321307f,-0.8796069964999724f,-1.6667472318837153f,0f,0f,0f,1f],start_interpolation:0}
execute if entity @s[tag=aj.armor.bone.left_hand] run data modify entity @s {} merge value {transformation:[-0.8652139044988261f,-0.4999966295650777f,0.03752692214209552f,4.103292281172968f,-0.4558397943169656f,0.7532110063549445f,-0.47421858021680074f,0.19266974192673048f,0.20884200099348546f,-0.42740677384586945f,-0.8796069964999724f,-1.9907488950081873f,0f,0f,0f,1f],start_interpolation:0}
execute if entity @s[tag=aj.armor.bone.left_forearm] run data modify entity @s {} merge value {transformation:[-1.5781151927438852f,-0.91197364412959f,0.06844758927407898f,2.692673573711176f,-0.8314333613091249f,1.3738264333132453f,-0.8649555239811608f,2.1406366916355646f,0.3809193691145773f,-0.7795726811377562f,-1.6043676108331744f,-3.185431069875711f,0f,0f,0f,1f],start_interpolation:0}
execute if entity @s[tag=aj.armor.bone.left_bicep] run data modify entity @s {} merge value {transformation:[-1.421783795624645f,-0.3863442789657404f,-0.5825834639715809f,2.0930624149223416f,-0.6910695435219305f,0.9757126064449883f,1.0394913907888919f,3.6477232026134043f,0.10530090407529673f,1.1869530587256918f,-1.0441210235725338f,-1.319454873521971f,0f,0f,0f,1f],start_interpolation:0}
execute if entity @s[tag=aj.armor.bone.left_shoulder] run data modify entity @s {} merge value {transformation:[-0.938838868591347f,0.07880295636479683f,-0.372538120944861f,1.7040844402794961f,-0.20186408761676486f,0.7374428384922348f,0.6647119141056576f,3.7064741199907303f,0.3228706360442384f,0.6902036892769581f,-0.6676723735154132f,-1.0126699184809433f,0f,0f,0f,1f],start_interpolation:0}
execute if entity @s[tag=aj.armor.bone.left_arm] run data modify entity @s {} merge value {transformation:[-1.2723852696476492f,-0.04584138362685121f,-0.3823507871537657f,1.6738512023493468f,-0.15338273850649128f,1.2710393635296977f,0.3580370137185811f,3.7631295853905735f,0.3532241390649536f,0.3868014157309225f,-1.2218327232795108f,-0.9802849623420606f,0f,0f,0f,1f],start_interpolation:0}
execute if entity @s[tag=aj.armor.bone.chest] run data modify entity @s {} merge value {transformation:[-2.519653584409704f,-0.09077785583110501f,-0.7571539488355138f,2.6597874209406526e-17f,-0.30373769335720097f,2.5169883404342572f,0.7090063571839277f,4.2549125f,0.6994756142858388f,0.7659673503380438f,-2.4195464017064725f,-0.21093812500000003f,0f,0f,0f,1f],start_interpolation:0}
execute if entity @s[tag=aj.armor.bone.weist] run data modify entity @s {} merge value {transformation:[-1.8778694767631114f,0.04196221164714339f,-0.521521468939159f,0.20989583333333342f,0.04781256370533631f,1.9487475944107597f,-0.015362732814843483f,0.3644104166666666f,0.5210176854221947f,-0.027590353410158693f,-1.8782754285262162f,-0.7320079166666666f,0f,0f,0f,1f],start_interpolation:0}
execute if entity @s[tag=aj.armor.bone.right_foot] run data modify entity @s {} merge value {transformation:[-1.1444592118372248f,0.18113945940740311f,-0.2073463372309095f,-0.5188157164048287f,0.11912651466318509f,1.124987602590311f,0.32527321192940206f,-6.018470841240648f,0.24821942071820682f,0.295266464638742f,-1.1121131817016734f,0.9827246046419662f,0f,0f,0f,1f],start_interpolation:0}
execute if entity @s[tag=aj.armor.bone.right_knee] run data modify entity @s {} merge value {transformation:[-2.824067012659055f,0.446979644807209f,-0.5116477241941019f,-0.04488582137962627f,0.2939565315335983f,2.776018878842804f,0.8026440247152581f,-2.5394298378612854f,0.6125061257764844f,0.7285993892190633f,-2.7442499639154443f,1.8067588311939815f,0f,0f,0f,1f],start_interpolation:0}
execute if entity @s[tag=aj.armor.bone.right_thigh] run data modify entity @s {} merge value {transformation:[-2.3406883107044014f,-0.7115221432184206f,-0.3806930453537358f,-0.9851543206315752f,0.17005525879677957f,0.7068688759165315f,-2.3667341050813295f,-1.5143001767010271f,0.7888422935076417f,-2.2636442642141077f,-0.6193990668407877f,-1.3653491860704805f,0f,0f,0f,1f],start_interpolation:0}
execute if entity @s[tag=aj.armor.bone.right_leg] run data modify entity @s {} merge value {transformation:[-0.9649087936224334f,0.04495313284364568f,-0.2587087857759021f,-0.8443954166666665f,0.04229755842518881f,0.9989797276358963f,0.015824674523610402f,-1.5573764583333327f,0.25915620104749143f,0.0043266176225786965f,-0.9658257316092692f,-1.1579635416666667f,0f,0f,0f,1f],start_interpolation:0}
execute if entity @s[tag=aj.armor.bone.left_foot] run data modify entity @s {} merge value {transformation:[-0.5722225097581793f,0.06739281585780078f,-1.0264553095840898f,0.22372273873237236f,-0.005729189363131119f,1.1743553259358017f,0.08029719616538043f,-6.351181449434222f,1.0286493428724166f,0.04403034968674141f,-0.5705547761531505f,-5.5104488185975935f,0f,0f,0f,1f],start_interpolation:0}
execute if entity @s[tag=aj.armor.bone.left_knee] run data modify entity @s {} merge value {transformation:[-2.176180868070137f,0.7879334476479977f,-1.7550858668615246f,1.190254405305598f,-1.0879455298646297f,1.6814205601247574f,2.1038365223018984f,-4.168226578115123f,1.586675783525765f,2.2335878023040228f,-0.9646108935242291f,-2.807137348612094f,0f,0f,0f,1f],start_interpolation:0}
execute if entity @s[tag=aj.armor.bone.left_thigh] run data modify entity @s {} merge value {transformation:[-1.8549554624890299f,-0.16636318948923323f,-1.631403151984248f,0.9466341901222478f,-0.9273542163352365f,2.137855545532205f,0.8364212735347673f,-1.2113051029267128f,1.352467046758046f,1.2377033887645421f,-1.6640119986987476f,-1.0198126645120986f,0f,0f,0f,1f],start_interpolation:0}
execute if entity @s[tag=aj.armor.bone.left_leg] run data modify entity @s {} merge value {transformation:[-0.9557619074304067f,0.025450469627268234f,-0.2930383079065639f,0.8010614583333338f,0.020465389312887904f,0.9995891863958439f,0.020065549600417544f,-1.5107097916666667f,0.29342860144379684f,0.013180744904836764f,-0.955890121205618f,-1.613171875f,0f,0f,0f,1f],start_interpolation:0}