execute if entity @s[tag=aj.armor.bone.right_thumb_2] run data modify entity @s {} merge value {transformation:[-0.4513169340668239f,0.6246662535655003f,-0.6372637575454645f,-4.050276679672554f,0.8910342739537208f,0.3544240164803062f,-0.28362217681580126f,3.2420959051583256f,0.04869237788697692f,-0.6958273407954088f,-0.7165566021866675f,-2.4597549670162424f,0f,0f,0f,1f],start_interpolation:0}
execute if entity @s[tag=aj.armor.bone.right_thumb] run data modify entity @s {} merge value {transformation:[-0.4513169340668239f,0.29682058842121267f,-0.841552472109617f,-4.02226910951245f,0.8910342739537208f,0.2013533346919002f,-0.4068350491885103f,3.515506278890302f,0.04869237788697692f,-0.9334636430508351f,-0.35535148717569087f,-2.7203111095775356f,0f,0f,0f,1f],start_interpolation:0}
execute if entity @s[tag=aj.armor.bone.right_fingers_2] run data modify entity @s {} merge value {transformation:[0.42024468400367215f,-0.7215193010421812f,-0.5502765702719467f,-4.524934023369429f,-0.9071284999269419f,-0.3491759413524592f,-0.23493413247316924f,2.9883084907657307f,-0.022633828375917237f,0.5979013799985969f,-0.8012500543580781f,-2.492193053555043f,0f,0f,0f,1f],start_interpolation:0}
execute if entity @s[tag=aj.armor.bone.right_fingers] run data modify entity @s {} merge value {transformation:[-0.7025017588833968f,-0.4513169340668237f,-0.5502765702719467f,-4.761343483762953f,-0.38841199265579474f,0.8910342739537209f,-0.23493413247316924f,3.3607768185320595f,0.5963450366414471f,0.048692377886976786f,-0.8012500543580781f,-2.449581432623511f,0f,0f,0f,1f],start_interpolation:0}
execute if entity @s[tag=aj.armor.bone.right_hand] run data modify entity @s {} merge value {transformation:[-0.4513169340668239f,0.7025017588833967f,-0.5502765702719467f,-4.184924847851409f,0.8910342739537208f,0.38841199265579496f,-0.23493413247316924f,3.6405545904958396f,0.04869237788697692f,-0.5963450366414471f,-0.8012500543580781f,-2.9167432020560344f,0f,0f,0f,1f],start_interpolation:0}
execute if entity @s[tag=aj.armor.bone.right_forearm] run data modify entity @s {} merge value {transformation:[-0.20557358829048133f,1.4383906967626638f,-1.1025426363173003f,-2.1044348282320824f,1.808995057710261f,0.09549402154248521f,-0.2127118583036703f,3.690039015887378f,-0.1100224641186201f,-1.1174710989326613f,-1.4373524140143934f,-4.614034704377707f,0f,0f,0f,1f],start_interpolation:0}
execute if entity @s[tag=aj.armor.bone.right_bicep] run data modify entity @s {} merge value {transformation:[-0.22024622450358083f,0.7194762877655149f,1.394266842400901f,-0.9990465224305618f,1.5674240911356367f,0.16312228928539532f,0.16342396748770635f,3.93779061559111f,-0.0693388419505936f,1.4020982654453833f,-0.734470649458169f,-2.416434582218149f,0f,0f,0f,1f],start_interpolation:0}
execute if entity @s[tag=aj.armor.bone.right_shoulder] run data modify entity @s {} merge value {transformation:[-0.2896998601890758f,0.3841599323642758f,0.8915761975508011f,-0.8054997559069641f,0.9061807336550298f,0.4408271791104929f,0.10450289362863556f,3.632660243644151f,-0.3483151556072495f,0.8273484895678487f,-0.46966371783536465f,-2.0724757925743558f,0f,0f,0f,1f],start_interpolation:0}
execute if entity @s[tag=aj.armor.bone.right_arm] run data modify entity @s {} merge value {transformation:[-0.6818511419724707f,-0.2003913750091936f,1.1234679115662412f,-0.7053568278838724f,0.06592968915886725f,1.2996237207448882f,0.27182584842298807f,3.625811360872167f,-1.1392936968071499f,0.19513921339747906f,-0.6566493669503994f,-1.8669056754508804f,0f,0f,0f,1f],start_interpolation:0}
execute if entity @s[tag=aj.armor.bone.left_thumb_2] run data modify entity @s {} merge value {transformation:[0.2588496933734647f,0.8944159247667743f,-0.36471494315980507f,-0.33699634043536497f,-0.8248161398180595f,0.008178264448637701f,-0.5653418890249015f,2.1424717439909378f,-0.5026680532280713f,0.44716134617630443f,0.7398456317027877f,2.493482917307999f,0f,0f,0f,1f],start_interpolation:0}
execute if entity @s[tag=aj.armor.bone.left_thumb] run data modify entity @s {} merge value {transformation:[0.2588496933734647f,0.8391592197645212f,-0.4783394611828133f,-0.11603466996190515f,-0.8248161398180595f,-0.06568362581435339f,-0.5615727885105508f,2.3260898535426033f,-0.5026680532280713f,0.5399050520082962f,0.6751498819372043f,2.740236822856025f,0f,0f,0f,1f],start_interpolation:0}
execute if entity @s[tag=aj.armor.bone.left_fingers_2] run data modify entity @s {} merge value {transformation:[0.09787101849946103f,-0.9950143864887775f,-0.01917379509228828f,-0.7307588183544007f,0.7748461850260319f,0.08827704709292128f,-0.6259557112984586f,2.012243480280999f,0.6245275440590936f,0.046406181020604176f,0.7796228659259558f,2.752346973468165f,0f,0f,0f,1f],start_interpolation:0}
execute if entity @s[tag=aj.armor.bone.left_fingers] run data modify entity @s {} merge value {transformation:[0.9783924694988725f,-0.20586534727743244f,-0.01917379509228828f,-0.8674422739966932f,0.1488094253865704f,0.7655293609058768f,-0.6259557112984586f,2.337324297616012f,0.14354069298988908f,0.6095771127440585f,0.7796228659259558f,3.020820312080209f,0f,0f,0f,1f],start_interpolation:0}
execute if entity @s[tag=aj.armor.bone.left_hand] run data modify entity @s {} merge value {transformation:[0.03284172070383924f,0.9992766318507458f,-0.01917379509228828f,-0.07455298478706407f,-0.7797397353166291f,0.013615897370150953f,-0.6259557112984586f,2.327295774738018f,-0.6252418464478882f,0.03550803255371321f,0.7796228659259558f,3.021230331597054f,0f,0f,0f,1f],start_interpolation:0}
execute if entity @s[tag=aj.armor.bone.left_forearm] run data modify entity @s {} merge value {transformation:[0.05990197121092433f,1.822640189065223f,-0.034972227307448846f,2.6079610500362707f,-1.4222137627365623f,0.024834846493969963f,-1.1417179183650568f,2.2526742226853473f,-1.1404158577296541f,0.06476521626165718f,1.4220005976914454f,3.1224032078554798f,0f,0f,0f,1f],start_interpolation:0}
execute if entity @s[tag=aj.armor.bone.left_bicep] run data modify entity @s {} merge value {transformation:[-0.1966706053993693f,-0.7793061211329605f,1.3653340977284834f,1.3736853206534076f,-1.229930839340541f,0.933275743391048f,0.35552928588298616f,3.7007509526198916f,-0.979145218695585f,-1.015781921598378f,-0.7208302742969309f,1.543686112631418f,0f,0f,0f,1f],start_interpolation:0}
execute if entity @s[tag=aj.armor.bone.left_shoulder] run data modify entity @s {} merge value {transformation:[-0.2886186459137236f,-0.42526753443410004f,0.8730748994525673f,1.1357462022085707f,-0.5349442636643974f,0.8297959146363902f,0.22734632940109836f,3.6417858947441304f,-0.8105226034296173f,-0.39623129971765064f,-0.4609412599459687f,1.1091971696733092f,0f,0f,0f,1f],start_interpolation:0}
execute if entity @s[tag=aj.armor.bone.left_arm] run data modify entity @s {} merge value {transformation:[-0.6818511419724707f,-0.2003913750091936f,1.1234679115662412f,1.0895790886654293f,0.06592968915886725f,1.2996237207448882f,0.27182584842298807f,3.4522550525321276f,-1.1392936968071499f,0.19513921339747906f,-0.6566493669503994f,1.1322227999839354f,0f,0f,0f,1f],start_interpolation:0}
execute if entity @s[tag=aj.armor.bone.chest] run data modify entity @s {} merge value {transformation:[-1.3395569182484648f,-0.39368659261074573f,2.207152149096898f,2.6597874209406526e-17f,0.12952470971192884f,2.553225827572075f,0.5340259382134666f,4.2549125f,-2.2382433049243233f,0.3833682562618784f,-1.2900458006381055f,-0.21093812500000003f,0f,0f,0f,1f],start_interpolation:0}
execute if entity @s[tag=aj.armor.bone.weist] run data modify entity @s {} merge value {transformation:[-1.1145024793505836f,0.05241701686536863f,1.5941644394014096f,0.08750000000000008f,0.0950149451128063f,1.9434992603649017f,0.002522925675543189f,0.4946187499999999f,-1.5921934441876984f,0.07928846884440112f,-1.115731578374341f,-0.49190375f,0f,0f,0f,1f],start_interpolation:0}
execute if entity @s[tag=aj.armor.bone.right_foot] run data modify entity @s {} merge value {transformation:[-0.4602179924809118f,-0.04607412295411464f,1.0824358962393161f,-2.9154161316010603f,-0.057000245263676134f,1.1754472795916324f,0.0257984460205317f,-5.403627069185591f,-1.0819155541507308f,-0.042329221244935f,-0.46179851189894167f,-0.2764569536374825f,0f,0f,0f,1f],start_interpolation:0}
execute if entity @s[tag=aj.armor.bone.right_knee] run data modify entity @s {} merge value {transformation:[-1.1412884312984057f,-0.226862617546555f,2.661376102297151f,-3.1314824605939275f,0.16330742891383346f,2.882802300007558f,0.3157693323720834f,-1.8116499616747048f,-2.66603077416222f,0.2737022841795138f,-1.1199534184013806f,-0.03482902537602617f,0f,0f,0f,1f],start_interpolation:0}
execute if entity @s[tag=aj.armor.bone.right_thigh] run data modify entity @s {} merge value {transformation:[-1.1567822078629184f,2.178850836558986f,0.21089494668451372f,-0.06345435251504944f,0.1649585003266042f,0.32461844640270043f,-2.448963919775904f,-1.3196886052688879f,-2.1828092769824976f,-1.1301524760935442f,-0.2968362579568763f,-1.565333026648425f,0f,0f,0f,1f],start_interpolation:0}
execute if entity @s[tag=aj.armor.bone.right_leg] run data modify entity @s {} merge value {transformation:[-0.5733065370937164f,0.01033251068236845f,0.8192758105477118f,0.08352125000000032f,0.025128288615452642f,0.9996718481441583f,0.004976458509959446f,-1.3365431249999995f,-0.8189555443593199f,0.023440035218437204f,-0.5733780438001516f,-1.566296875f,0f,0f,0f,1f],start_interpolation:0}
execute if entity @s[tag=aj.armor.bone.left_foot] run data modify entity @s {} merge value {transformation:[-0.8400293826205525f,-0.7490265773243852f,0.3448198336412984f,4.561580485223034f,-0.10410084858783923f,0.5846311008711751f,1.016346586600266f,-5.0213517689729015f,-0.8179881078194153f,0.6948068488669621f,-0.4834560922256926f,-3.3201804030994144f,0f,0f,0f,1f],start_interpolation:0}
execute if entity @s[tag=aj.armor.bone.left_knee] run data modify entity @s {} merge value {transformation:[-2.0728561093188733f,-2.018616506079914f,0.25570224867053104f,2.1116882026695807f,-0.25687920499568256f,0.6217148548970982f,2.82567025708505f,-4.147403815370399f,-2.018467069990054f,1.9938873411293885f,-0.6221998447313912f,-0.8218587435169677f,0f,0f,0f,1f],start_interpolation:0}
execute if entity @s[tag=aj.armor.bone.left_thigh] run data modify entity @s {} merge value {transformation:[-1.7668824404033303f,-0.9134543126335005f,1.4743610085269792f,0.7725064944941575f,-0.2189613425510656f,2.2053178766264816f,1.1039210644058581f,-1.0859493309269415f,-1.720521750865611f,0.6574093129109038f,-1.654578684449732f,0.08992727208040197f,0f,0f,0f,1f],start_interpolation:0}
execute if entity @s[tag=aj.armor.bone.left_leg] run data modify entity @s {} merge value {transformation:[-0.5723464987185204f,-0.06794492374485167f,0.8171921271903914f,1.116478125f,0.033095504260033645f,0.9938353265779666f,0.10581130016893597f,-1.3440431249999998f,-0.8193437453245277f,0.08760611270324044f,-0.5665694979564311f,-0.2631718749999997f,0f,0f,0f,1f],start_interpolation:0}