execute if entity @s[tag=aj.armor.bone.right_thumb_2] run data modify entity @s {} merge value {transformation:[-0.3597717180473344f,0.8478686029448919f,-0.38946520131270557f,-3.6709010788201053f,0.9161875725934097f,0.24204850881736856f,-0.31939450716110274f,3.289446642204841f,-0.17653510336096f,-0.47173228797652317f,-0.8638888850782664f,-3.4263523016119297f,0f,0f,0f,1f],start_interpolation:0}
execute if entity @s[tag=aj.armor.bone.right_thumb] run data modify entity @s {} merge value {transformation:[-0.3597717180473344f,0.6038348108455738f,-0.7113000998905871f,-3.534282531935135f,0.9161875725934097f,0.08438849695583775f,-0.39176384903016515f,3.5318518685646922f,-0.17653510336096f,-0.7926298649386262f,-0.5835865441292412f,-3.6832613103240064f,0f,0f,0f,1f],start_interpolation:0}
execute if entity @s[tag=aj.armor.bone.right_fingers_2] run data modify entity @s {} merge value {transformation:[0.3205447756816168f,-0.9062949379402623f,-0.27546421228006696f,-4.129461471586996f,-0.9276017113388164f,-0.24143547381162356f,-0.2850683726874233f,3.0619841545676976f,0.19184919052349644f,0.34689825230060295f,-0.9180716152056257f,-3.595890079086885f,0f,0f,0f,1f],start_interpolation:0}
execute if entity @s[tag=aj.armor.bone.right_fingers] run data modify entity @s {} merge value {transformation:[-0.891450379239468f,-0.35977171804733415f,-0.27546421228006696f,-4.332057420472554f,-0.28166709910591203f,0.9161875725934098f,-0.2850683726874233f,3.4501106837091733f,0.35493642618794247f,-0.1765351033609601f,-0.9180716152056257f,-3.6648140753637035f,0f,0f,0f,1f],start_interpolation:0}
execute if entity @s[tag=aj.armor.bone.right_hand] run data modify entity @s {} merge value {transformation:[-0.3597717180473344f,0.8914503792394679f,-0.27546421228006696f,-3.611396005879106f,0.9161875725934097f,0.28166709910591226f,-0.2850683726874233f,3.644912025190913f,-0.17653510336096f,-0.3549364261879425f,-0.9180716152056257f,-3.9321597826483976f,0f,0f,0f,1f],start_interpolation:0}
execute if entity @s[tag=aj.armor.bone.right_forearm] run data modify entity @s {} merge value {transformation:[-0.21380876063501528f,1.6887529153244196f,-0.6551549179335362f,-1.1440454184889943f,1.8113665437015711f,0.20228202378991128f,-0.06972652897991749f,3.857192849684355f,0.00810060910352969f,-0.6588050815440315f,-1.7008053405070849f,-4.970814587866844f,0f,0f,0f,1f],start_interpolation:0}
execute if entity @s[tag=aj.armor.bone.right_bicep] run data modify entity @s {} merge value {transformation:[-0.20010434649583797f,0.4244929317000052f,1.513241077070575f,-0.500561842648662f,1.57160438319225f,0.042060280161838964f,0.19602334413819436f,3.915598972749244f,0.012347838996639968f,1.5258346042913522f,-0.4263928319081723f,-2.5843468903929216f,0f,0f,0f,1f],start_interpolation:0}
execute if entity @s[tag=aj.armor.bone.right_shoulder] run data modify entity @s {} merge value {transformation:[-0.21308155448863247f,0.211311178979315f,0.9676553185106355f,-0.38012264132692064f,0.9351698534396894f,0.368995920352546f,0.125348851800114f,3.5815627853817045f,-0.326292162059001f,0.9195665147602912f,-0.2726606472839696f,-2.2339374612912035f,0f,0f,0f,1f],start_interpolation:0}
execute if entity @s[tag=aj.armor.bone.right_arm] run data modify entity @s {} merge value {transformation:[-0.40979602904850787f,-0.22645426221400614f,1.24420396760637f,-0.32406571987417704f,0.04944664990673725f,1.3040266508450982f,0.25362837775959934f,3.6003499372200203f,-1.2636772035196822f,0.12446201154197857f,-0.3935568120282627f,-1.9722030927575378f,0f,0f,0f,1f],start_interpolation:0}
execute if entity @s[tag=aj.armor.bone.left_thumb_2] run data modify entity @s {} merge value {transformation:[0.19610808881734174f,0.8587061821457395f,-0.4734609912602067f,-0.8228418281600636f,-0.8350007098463975f,-0.10691214249259035f,-0.5397625481113489f,2.431867606612251f,-0.5141161659162466f,0.5011920655121468f,0.6960539357055935f,2.6202022729757872f,0f,0f,0f,1f],start_interpolation:0}
execute if entity @s[tag=aj.armor.bone.left_thumb] run data modify entity @s {} merge value {transformation:[0.19610808881734174f,0.7895607713643908f,-0.5814941150371838f,-0.5990358491481538f,-0.8350007098463975f,-0.17645064440071007f,-0.5211899698253856f,2.5820446957151897f,-0.5141161659162466f,0.5877575677207758f,0.6246804059121241f,2.8862565635708495f,0f,0f,0f,1f],start_interpolation:0}
execute if entity @s[tag=aj.armor.bone.left_fingers_2] run data modify entity @s {} merge value {transformation:[0.1440235070721229f,-0.9795794889135404f,-0.1402898938289326f,-1.2447539652771336f,0.7410505981934522f,0.20071775823758148f,-0.6407467459497603f,2.340698136233309f,0.655821042913212f,-0.011679316245691407f,0.7548260417104462f,2.849760904879856f,0f,0f,0f,1f],start_interpolation:0}
execute if entity @s[tag=aj.armor.bone.left_fingers] run data modify entity @s {} merge value {transformation:[0.9775502670236603f,-0.15720757339084274f,-0.1402898938289326f,-1.36097934353469f,0.031410284255515966f,0.767109510824746f,-0.6407467459497603f,2.6718467849347687f,0.20834795291760871f,0.6219556071543867f,0.7548260417104462f,3.1204453564154035f,0f,0f,0f,1f],start_interpolation:0}
execute if entity @s[tag=aj.armor.bone.left_hand] run data modify entity @s {} merge value {transformation:[-0.014930585338942093f,0.9899978905588149f,-0.1402898938289326f,-0.5760036342286989f,-0.7609097322905827f,-0.10227407716653802f,-0.6407467459497603f,2.5707709815841566f,-0.6486859462998332f,0.0971812215853951f,0.7548260417104462f,3.1691380879782676f,0f,0f,0f,1f],start_interpolation:0}
execute if entity @s[tag=aj.armor.bone.left_forearm] run data modify entity @s {} merge value {transformation:[-0.027232784213739595f,1.805716139964535f,-0.25588309629409745f,2.068666728961039f,-1.3878685982630095f,-0.18654378317447987f,-1.168696167764714f,2.1856658366951294f,-1.1831769483272327f,0.1772546204307216f,1.3767721925273346f,3.4320041591840775f,0f,0f,0f,1f],start_interpolation:0}
execute if entity @s[tag=aj.armor.bone.left_bicep] run data modify entity @s {} merge value {transformation:[-0.10297428451148319f,-0.6939186918464852f,1.420565979361366f,0.9672024129572443f,-1.2095433322224671f,0.9513124971761759f,0.3770199146943101f,3.661671957561185f,-1.0181040124118088f,-1.0600075177591892f,-0.5915934736696175f,1.782491276418244f,0f,0f,0f,1f],start_interpolation:0}
execute if entity @s[tag=aj.armor.bone.left_shoulder] run data modify entity @s {} merge value {transformation:[-0.21364212619380035f,-0.3944507948559393f,0.9083934120301348f,0.7683280320699903f,-0.5187487398843101f,0.8361751980080948f,0.24108870104466543f,3.610960244081603f,-0.843605218956517f,-0.41428563496756865f,-0.37829965090611173f,1.3277937435107856f,0f,0f,0f,1f],start_interpolation:0}
execute if entity @s[tag=aj.armor.bone.left_arm] run data modify entity @s {} merge value {transformation:[-0.40979602904850787f,-0.22645426221400614f,1.24420396760637f,0.7546999603747614f,0.04944664990673725f,1.3040266508450982f,0.25362837775959934f,3.4701843300848707f,-1.2636772035196822f,0.12446201154197857f,-0.3935568120282627f,1.354358175381597f,0f,0f,0f,1f],start_interpolation:0}
execute if entity @s[tag=aj.armor.bone.chest] run data modify entity @s {} merge value {transformation:[-0.8115026620473763f,-0.44843830489359815f,2.4638472807723595f,2.6597874209406526e-17f,0.09791722023712479f,2.5823117442074075f,0.5022501174561391f,4.2549125f,-2.5024093498559004f,0.246467136161857f,-0.7793447910399585f,-0.21093812500000003f,0f,0f,0f,1f],start_interpolation:0}
execute if entity @s[tag=aj.armor.bone.weist] run data modify entity @s {} merge value {transformation:[-0.974000329492615f,0.029500484352730505f,1.6883697228689492f,0.2589285714285715f,0.08518707289498474f,1.94747372794416f,0.015115657716421298f,0.4946187499999999f,-1.6864773233842199f,0.08133290797438485f,-0.9743297374711336f,-0.57940375f,0f,0f,0f,1f],start_interpolation:0}
execute if entity @s[tag=aj.armor.bone.right_foot] run data modify entity @s {} merge value {transformation:[-0.18894547088093636f,-0.0362677267003514f,1.1612816867195201f,-2.1119575071669954f,0.06380774781034838f,1.174438071880182f,0.04706040282758374f,-5.9522363799613345f,-1.1600944251350902f,0.07050363249444733f,-0.18655041530947003f,-1.4121207014076513f,0f,0f,0f,1f],start_interpolation:0}
execute if entity @s[tag=aj.armor.bone.right_knee] run data modify entity @s {} merge value {transformation:[-0.54191074586972f,-0.7607303681132276f,2.7503728363760556f,-2.974074926550626f,0.33900387369955015f,2.7625398729295068f,0.8308901928807154f,-2.4879473128041365f,-2.833432160059889f,0.47601622455433823f,-0.42661392011209737f,-0.8994579765162499f,0f,0f,0f,1f],start_interpolation:0}
execute if entity @s[tag=aj.armor.bone.right_thigh] run data modify entity @s {} merge value {transformation:[-0.7285028693137396f,2.265715718126728f,0.6825163565616561f,0.19861428973167888f,0.2012692039906852f,0.7708724868726197f,-2.3441968858111815f,-1.3743219398611672f,-2.357707997158611f,-0.6342717213902663f,-0.41100499573365773f,-1.7308102554528892f,0f,0f,0f,1f],start_interpolation:0}
execute if entity @s[tag=aj.armor.bone.right_leg] run data modify entity @s {} merge value {transformation:[-0.4992299643101793f,0.027416742708136144f,0.8660356603247543f,0.30664625000000034f,0.05904809244215077f,0.9982521666236082f,0.002436105542731406f,-1.3490431249999997f,-0.8644551842136181f,0.05235393061220879f,-0.49997629987395575f,-1.6944218750000002f,0f,0f,0f,1f],start_interpolation:0}
execute if entity @s[tag=aj.armor.bone.left_foot] run data modify entity @s {} merge value {transformation:[-0.7211592091652623f,-0.9267991871532065f,0.0810157799743454f,5.913307408241094f,-0.5098916167669331f,0.4794860628987945f,0.94641140605615f,-5.320869174934717f,-0.778158614334828f,0.5447267912031968f,-0.6952213954982487f,-2.281103438517089f,0f,0f,0f,1f],start_interpolation:0}
execute if entity @s[tag=aj.armor.bone.left_knee] run data modify entity @s {} merge value {transformation:[-1.7795321252292675f,-2.2859731522037396f,0.21099964742797903f,3.123529088143961f,-1.2582083136289994f,1.194487799727978f,2.3296007006244457f,-3.7306544503428887f,-1.9201838306073469f,1.3358346949524618f,-1.7220245099792821f,-0.6392379169632931f,0f,0f,0f,1f],start_interpolation:0}
execute if entity @s[tag=aj.armor.bone.left_thigh] run data modify entity @s {} merge value {transformation:[-1.5168559216753275f,-1.6791072903467343f,1.0048679233222655f,0.7265195329812277f,-1.0724845616278997f,1.7768131284091309f,1.3500832177024609f,-1.2904084640604665f,-1.6367460709857742f,0.39185014630144666f,-1.8159098228973898f,-0.09443550786379823f,0f,0f,0f,1f],start_interpolation:0}
execute if entity @s[tag=aj.armor.bone.left_leg] run data modify entity @s {} merge value {transformation:[-0.500407255306482f,-0.14510428020006355f,0.85354398053308f,1.370071875f,0.017917320845345364f,0.9839087642743745f,0.1777709571268558f,-1.5159181249999998f,-0.8656047299145022f,0.1042510980838806f,-0.48975520425815466f,-0.3514531249999999f,0f,0f,0f,1f],start_interpolation:0}