# This file was generated by Animated Java via MC-Build. It is not recommended to edit this file directly.
$data merge entity $(bone_left_fingers_2) { transformation: [-0.9832474292810686f,0.07323938757847606f,-0.1669146036729552f,3.002707406474918f,-0.04136575572043487f,0.8021744514258425f,0.5956551214699035f,-0.06912106624199404f,0.17752004694075324f,0.5925809156450941f,-0.7857063645837256f,0.17036621302737753f,0f,0f,0f,1f], start_interpolation: 0, interpolation_duration: 1 }
$data merge entity $(bone_left_fingers) { transformation: [-0.9832474292810686f,0.07323938757847606f,-0.1669146036729552f,2.920454165356378f,-0.04136575572043487f,0.8021744514258425f,0.5956551214699035f,0.2793768672005157f,0.17752004694075324f,0.5925809156450941f,-0.7857063645837256f,-0.28146674262044946f,0f,0f,0f,1f], start_interpolation: 0, interpolation_duration: 1 }
$data merge entity $(bone_left_index_finger_2) { transformation: [-0.9953831442047253f,-0.08959672647775438f,0.03442125560733479f,2.4428968604756776f,-0.06046261690830772f,0.8638477424764173f,0.5001113373789844f,-0.04191199357274855f,-0.07454306265316869f,0.4957211962614344f,-0.865276734569593f,0.1768508438026163f,0f,0f,0f,1f], start_interpolation: 0, interpolation_duration: 1 }
$data merge entity $(bone_left_index_finger) { transformation: [-0.9953831442047253f,-0.08959672647775438f,0.03442125560733479f,2.462216321982431f,-0.06046261690830772f,0.8638477424764173f,0.5001113373789844f,0.25130992937965224f,-0.07454306265316869f,0.4957211962614344f,-0.865276734569593f,-0.31895962896378405f,0f,0f,0f,1f], start_interpolation: 0, interpolation_duration: 1 }
$data merge entity $(bone_left_thumb) { transformation: [-0.9094063571305704f,-0.1891975280962221f,0.3703840884443936f,2.281269682693219f,-0.0800959531173838f,0.953540562822197f,0.29042216400775134f,-0.07672383968251534f,-0.4081234076902756f,0.23444549561679914f,-0.882309805952688f,-1.0849723568400262f,0f,0f,0f,1f], start_interpolation: 0, interpolation_duration: 1 }
$data merge entity $(bone_left_hand) { transformation: [-0.9948175704183371f,-0.05503795773608701f,0.08549166506272668f,2.8717653920080926f,-0.0609322937766371f,0.9958270587438077f,-0.0679391245805698f,0.10738827059141876f,-0.08139568269923372f,-0.07279623810264708f,-0.9940198441459949f,-0.9935302228219434f,0f,0f,0f,1f], start_interpolation: 0, interpolation_duration: 1 }
$data merge entity $(bone_left_forearm) { transformation: [-1.9925118466432767f,-0.16803910030113842f,0.08353343705892316f,2.8648730520925856f,-0.18068595334235618f,1.9584947153740937f,-0.3700938657519272f,0.6184052071392467f,-0.05067110223447901f,-0.37600497865377464f,-1.9650371825430202f,-3.1715291695549217f,0f,0f,0f,1f], start_interpolation: 0, interpolation_duration: 1 }
$data merge entity $(bone_left_bicep) { transformation: [-2.452223722147603f,-0.24109890587501595f,-0.15608727306058176f,1.6183616783592691f,-0.28683383055833506f,1.98674896027554f,1.4375145304240766f,3.5590729742461322f,-0.014774060811123245f,1.4458883045100654f,-2.001270056913164f,-0.7708480129890682f,0f,0f,0f,1f], start_interpolation: 0, interpolation_duration: 1 }
$data merge entity $(bone_left_shoulder) { transformation: [-1.2244070561794533f,-0.12038183911375877f,-0.0779351234510576f,1.4060906000107611f,-0.14321750618211654f,0.9919932768973282f,0.717757893994384f,1.6231145837744934f,-0.007376759364239936f,0.7219389595248806f,-0.999243730037468f,-1.8578344083444742f,0f,0f,0f,1f], start_interpolation: 0, interpolation_duration: 1 }
$data merge entity $(bone_right_fingers_2) { transformation: [-0.9889441419655071f,-0.07830679746184578f,0.12592668320644557f,-2.6546555460239567f,-0.07391820389940354f,0.9964951302393136f,0.039160624888007395f,-0.4526907864178924f,-0.12855186970399626f,0.02941939633307387f,-0.9912663193688184f,1.5112599913561988f,0f,0f,0f,1f], start_interpolation: 0, interpolation_duration: 1 }
$data merge entity $(bone_right_fingers) { transformation: [-0.9889441419655071f,-0.07830679746184578f,0.12592668320644557f,-2.596131709454419f,-0.07391820389940354f,0.9964951302393136f,0.039160624888007395f,-0.4253737885885598f,-0.12855186970399626f,0.02941939633307387f,-0.9912663193688184f,0.9383703949167491f,0f,0f,0f,1f], start_interpolation: 0, interpolation_duration: 1 }
$data merge entity $(bone_right_index_finger_2) { transformation: [-0.9889455250604001f,-0.06340253690373919f,-0.13404054154314443f,-2.059050981424977f,-0.06675621527769943f,0.9975551732903644f,0.020670848154544657f,-0.4103783504993251f,0.13240225143405562f,0.0293903820288335f,-0.9907602380290563f,1.5083058686786148f,0f,0f,0f,1f], start_interpolation: 0, interpolation_duration: 1 }
$data merge entity $(bone_right_index_finger) { transformation: [-0.9889455250604001f,-0.06340253690373919f,-0.13404054154314443f,-2.1366682217025397f,-0.06675621527769943f,0.9975551732903644f,0.020670848154544657f,-0.3926950553275562f,0.13240225143405562f,0.0293903820288335f,-0.9907602380290563f,0.9374790756133109f,0f,0f,0f,1f], start_interpolation: 0, interpolation_duration: 1 }
$data merge entity $(bone_right_thumb) { transformation: [-0.8638442827662777f,-0.0980534496918645f,-0.4941240493393743f,-1.8564594900393154f,-0.04772190168728619f,0.9923912355181975f,-0.11350002540093998f,-0.6553471865503679f,0.501493444853833f,-0.07446580873253197f,-0.8619507921560521f,0.176151114845157f,0f,0f,0f,1f], start_interpolation: 0, interpolation_duration: 1 }
$data merge entity $(bone_right_hand) { transformation: [-0.9974783994972826f,-0.07097071585005417f,0.000005298150775664024f,-2.4712614013310112f,-0.07094414659740904f,0.9971029261716208f,-0.02743506303175477f,-0.5531245361057595f,0.001941803261113281f,-0.02736625863580718f,-0.9996235878011148f,0.22628349311245177f,0f,0f,0f,1f], start_interpolation: 0, interpolation_duration: 1 }
$data merge entity $(bone_right_forearm) { transformation: [-1.996116880604962f,-0.14426562670428666f,-0.00562140036794185f,-2.526759775761709f,-0.14388366086272228f,1.9942377416127672f,-0.0874076329076136f,0.2653851212048153f,0.011902240428525083f,-0.08677575182843666f,-1.9994136835067304f,-1.855022391117811f,0f,0f,0f,1f], start_interpolation: 0, interpolation_duration: 1 }
$data merge entity $(bone_right_bicep) { transformation: [-2.4523006705324035f,-0.2715783458490563f,0.09143153756377602f,-2.0618512165793947f,-0.261182846130907f,2.442423989407727f,0.24948282414159137f,3.9859801548954055f,-0.11788996938817488f,0.2381246747411859f,-2.4546469597655225f,-1.303687022753387f,0f,0f,0f,1f], start_interpolation: 0, interpolation_duration: 1 }
$data merge entity $(bone_right_shoulder) { transformation: [-1.2244454768767417f,-0.13560036955841565f,0.04565220486994609f,-1.392118682708381f,-0.130409846731132f,1.2195140026594962f,0.12456796968223585f,1.858972961480758f,-0.05886302667574175f,0.1188967912553273f,-1.2256169903348826f,-1.2608844963610075f,0f,0f,0f,1f], start_interpolation: 0, interpolation_duration: 1 }
$data merge entity $(bone_chest) { transformation: [-4.039778681094415f,-0.473943491357438f,4.976491456254112e-16f,1.2722157298626553e-16f,-0.47349240217094507f,4.035933706931678f,0.1774212038176937f,1.7779208688123562f,-0.020673124738800355f,0.17621267116088335f,-4.063613655560883f,-1.0388429796643581f,0f,0f,0f,1f], start_interpolation: 0, interpolation_duration: 1 }
$data merge entity $(bone_right_fingers2) { transformation: [-0.9999824532975097f,0.002709726776952509f,0.005267872235365449f,0.746594913581313f,0.002709133423932603f,0.9999963231190193f,-0.00011976866694252131f,-0.5333797342321742f,-0.0052681774063900715f,-0.0001054951966515949f,-0.9999861174924273f,-4.58525100880822f,0f,0f,0f,1f], start_interpolation: 0, interpolation_duration: 1 }
$data merge entity $(bone_left_foot) { transformation: [-0.9999951873288995f,0.0019378995572084884f,0.002422780292434902f,0.7528262500000005f,0.0004833694769842196f,0.8687015818166476f,-0.4953355712072406f,0.4133045068439789f,-0.0030645836565445245f,-0.49533201622200923f,-0.8686983377631452f,-4.894414754693626f,0f,0f,0f,1f], start_interpolation: 0, interpolation_duration: 1 }
$data merge entity $(bone_left_knee) { transformation: [-1.5850141666666666f,6.286414572922421e-17f,1.8364670675469256e-16f,0.7688818750000003f,0f,1.4995891622184827f,-0.5133247053190575f,0.5075380743367528f,-1.9410825258115427e-16f,-0.5133247053190575f,-1.4995891622184827f,-2.818831422036779f,0f,0f,0f,1f], start_interpolation: 0, interpolation_duration: 1 }
$data merge entity $(bone_left_thigh) { transformation: [-1.6036533333333332f,8.669976268130422e-17f,1.7621729107765228e-16f,0.7385400000000004f,0f,1.4389233793804193f,-0.7079572881068074f,1.7181515158249803f,-1.9639089216086498e-16f,-0.7079572881068074f,-1.4389233793804193f,-4.542672309948671f,0f,0f,0f,1f], start_interpolation: 0, interpolation_duration: 1 }
$data merge entity $(bone_left_leg) { transformation: [-1f,4.921933674672404e-17f,1.121385514300553e-16f,0.5257450000000006f,0f,0.915680762062421f,-0.4019063846081373f,1.8670055555555556f,-1.2246467991473532e-16f,-0.4019063846081373f,-0.915680762062421f,-4.931638125f,0f,0f,0f,1f], start_interpolation: 0, interpolation_duration: 1 }
$data merge entity $(bone_left_fingers2) { transformation: [-0.9998476600433371f,-0.014319719984730236f,-0.009980096463585728f,-0.748789195363678f,-0.013542567433459777f,0.9971655420014005f,-0.07401000413703185f,-0.4765350921829584f,0.011011610834648746f,-0.07386357332685847f,-0.9972075596194677f,-6.364462465641683f,0f,0f,0f,1f], start_interpolation: 0, interpolation_duration: 1 }
$data merge entity $(bone_right_foot) { transformation: [-0.9999942836739997f,0.00011497519973511189f,-0.0033792602781917325f,-0.7528262499999994f,-0.0006924291551578113f,0.9712769425730592f,0.23795088015764013f,0.4233066625287265f,0.0033095560411339217f,0.2379518598511766f,-0.9712713108252384f,-5.937729970637319f,0f,0f,0f,1f], start_interpolation: 0, interpolation_duration: 1 }
$data merge entity $(bone_right_knee) { transformation: [-1.5850141666666666f,-3.5348287492710596e-17f,1.9086254816344106e-16f,-0.7688818749999996f,0f,1.558510978808968f,0.2886406718845095f,-0.4834314541643523f,-1.9410825258115427e-16f,0.2886406718845095f,-1.558510978808968f,-4.073361925745427f,0f,0f,0f,1f], start_interpolation: 0, interpolation_duration: 1 }
$data merge entity $(bone_right_thigh) { transformation: [-1.6036533333333332f,-3.855004406430087e-17f,1.925701862344765e-16f,-0.7385399999999994f,0f,1.572454901842322f,0.314784998345163f,1.5002023368482469f,-1.9639089216086498e-16f,0.314784998345163f,-1.572454901842322f,-4.694870211770252f,0f,0f,0f,1f], start_interpolation: 0, interpolation_duration: 1 }
$data merge entity $(bone_right_leg) { transformation: [-1f,-2.925392011950956e-17f,1.1891932552894811e-16f,-0.5257449999999995f,0f,0.971049984466904f,0.23887638574548414f,1.8437127314814816f,-1.2246467991473532e-16f,0.23887638574548414f,-0.971049984466904f,-4.931638125f,0f,0f,0f,1f], start_interpolation: 0, interpolation_duration: 1 }