# This file was generated by Animated Java via MC-Build. It is not recommended to edit this file directly.
$data merge entity $(bone_left_fingers_2) { transformation: [-0.9590600912892301f,-0.20917760735269336f,-0.1909148236216774f,3.018044053897512f,-0.19246042211515843f,0.9759396839295603f,-0.1024730171836708f,0.47172146616151506f,0.20775641317549937f,-0.061534233672585176f,-0.9762432129704048f,0.7878463065852476f,0f,0f,0f,1f], start_interpolation: 0, interpolation_duration: 1 }
$data merge entity $(bone_left_fingers) { transformation: [-0.9590600912892301f,-0.20917760735269336f,-0.1909148236216774f,2.919992779315269f,-0.19246042211515843f,0.9759396839295603f,-0.1024730171836708f,0.4209555566746281f,0.20775641317549937f,-0.061534233672585176f,-0.9762432129704048f,0.22200339986605655f,0f,0f,0f,1f], start_interpolation: 0, interpolation_duration: 1 }
$data merge entity $(bone_left_index_finger_2) { transformation: [-0.9769129349756762f,-0.11884693122429987f,0.1775289396571074f,2.36383301015454f,-0.127578682695658f,0.9910783602678451f,-0.038566352309237106f,0.369283457152809f,-0.17136159779498716f,-0.06032487668753361f,-0.9833596046481589f,0.7586181338406709f,0f,0f,0f,1f], start_interpolation: 0, interpolation_duration: 1 }
$data merge entity $(bone_left_index_finger) { transformation: [-0.9769129349756762f,-0.11884693122429987f,0.1775289396571074f,2.4654593663066855f,-0.127578682695658f,0.9910783602678451f,-0.038566352309237106f,0.3527895935682132f,-0.17136159779498716f,-0.06032487668753361f,-0.9833596046481589f,0.19153754098199582f,0f,0f,0f,1f], start_interpolation: 0, interpolation_duration: 1 }
$data merge entity $(bone_left_thumb) { transformation: [-0.8512432890570194f,-0.02333026547598176f,0.5242523834454242f,2.2773020156792856f,-0.044385225054157776f,0.998632375826457f,-0.027628422830439092f,0.2000392660727658f,-0.5228908247734699f,-0.04678756954604485f,-0.8511146272410636f,-0.6260121443818389f,0f,0f,0f,1f], start_interpolation: 0, interpolation_duration: 1 }
$data merge entity $(bone_left_hand) { transformation: [-0.9867753878069653f,-0.15743566347440419f,0.038579086106175f,2.850641586368188f,-0.14798580864350575f,0.9721184419311947f,0.18189539658109605f,0.42027419832557955f,-0.06614026352034895f,0.17378074324746298f,-0.9825607964995441f,-0.508869380881734f,0f,0f,0f,1f], start_interpolation: 0, interpolation_duration: 1 }
$data merge entity $(bone_left_forearm) { transformation: [-1.970924456646009f,-0.3458804904285523f,0.033792097985087644f,2.712274332365361f,-0.34719652785987376f,1.951229679220117f,-0.2783446484545785f,1.0203602957372113f,0.015158845186144382f,-0.27997831812867097f,-1.9815904683211312f,-2.6595940039962787f,0f,0f,0f,1f], start_interpolation: 0, interpolation_duration: 1 }
$data merge entity $(bone_left_bicep) { transformation: [-2.4314768010805374f,-0.42438363563378034f,-0.060927812224567515f,1.4858189682282141f,-0.4283269023123243f,2.3892037544517115f,0.45181255754841226f,4.395810116032683f,-0.018701156428038507f,0.4555184433249257f,-2.426529686038923f,-1.842628945205653f,0f,0f,0f,1f], start_interpolation: 0, interpolation_duration: 1 }
$data merge entity $(bone_left_shoulder) { transformation: [-1.2140480190658798f,-0.2118967830316969f,-0.030421548626078793f,1.4296576800035534f,-0.2138656749814812f,1.1929408843003746f,0.2255921751903937f,2.173084918017672f,-0.009337577025456994f,0.22744254171820147f,-1.2115779008177048f,-2.0183330369126886f,0f,0f,0f,1f], start_interpolation: 0, interpolation_duration: 1 }
$data merge entity $(bone_right_fingers_2) { transformation: [-0.9848077420468522f,-0.1695320885419888f,-0.037584333959406496f,-2.264671980822437f,-0.16953208556544122f,0.9855194395245782f,-0.0032103400120485417f,0.307312636253202f,0.037584347385751365f,0.0032101828222580314f,-0.9992883025222677f,-0.07801760937864022f,0f,0f,0f,1f], start_interpolation: 0, interpolation_duration: 1 }
$data merge entity $(bone_right_fingers) { transformation: [-0.9848077420468522f,-0.1695320885419888f,-0.037584333959406496f,-2.3008545392096047f,-0.16953208556544122f,0.9855194395245782f,-0.0032103400120485417f,0.30883198287077074f,0.037584347385751365f,0.0032101828222580314f,-0.9992883025222677f,-0.6533977112071587f,0f,0f,0f,1f], start_interpolation: 0, interpolation_duration: 1 }
$data merge entity $(bone_right_index_finger_2) { transformation: [-0.9848077420468522f,-0.1695320885419888f,-0.037584333959406496f,-1.824586044585458f,-0.16953208556544122f,0.9855194395245782f,-0.0032103400120485417f,0.3830722849837961f,0.037584347385751365f,0.0032101828222580314f,-0.9992883025222677f,-0.09481373917183711f,0f,0f,0f,1f], start_interpolation: 0, interpolation_duration: 1 }
$data merge entity $(bone_right_index_finger) { transformation: [-0.9848077420468522f,-0.1695320885419888f,-0.037584333959406496f,-1.8472273555782295f,-0.16953208556544122f,0.9855194395245782f,-0.0032103400120485417f,0.38692270981666466f,0.037584347385751365f,0.0032101828222580314f,-0.9992883025222677f,-0.6707068784457751f,0f,0f,0f,1f], start_interpolation: 0, interpolation_duration: 1 }
$data merge entity $(bone_right_thumb) { transformation: [-0.9125619688066634f,-0.2013212633028762f,-0.35594999933957105f,-1.5735020065884051f,-0.15821004884124534f,0.9764527296652832f,-0.14666167589001564f,0.17176806067786748f,0.3770944623477749f,-0.07752300091812261f,-0.9229246723299209f,-1.4491066789711566f,0f,0f,0f,1f], start_interpolation: 0, interpolation_duration: 1 }
$data merge entity $(bone_right_hand) { transformation: [-0.9848077420468522f,-0.1695320885419888f,-0.037584333959406496f,-2.192846299601907f,-0.16953208556544122f,0.9855194395245782f,-0.0032103400120485417f,0.21128467279723384f,0.037584347385751365f,0.0032101828222580314f,-0.9992883025222677f,-1.3729804691561975f,0f,0f,0f,1f], start_interpolation: 0, interpolation_duration: 1 }
$data merge entity $(bone_right_forearm) { transformation: [-1.9709265094003041f,-0.34224793160667283f,-0.06034749440242115f,-2.3944370537716178f,-0.3392898607197914f,1.9701933582811355f,-0.09245157448203045f,1.015261929729053f,0.07521872893396f,-0.08081618972963356f,-1.998283678190288f,-3.45092513891435f,0f,0f,0f,1f], start_interpolation: 0, interpolation_duration: 1 }
$data merge entity $(bone_right_bicep) { transformation: [-2.4314767918115927f,-0.42222154810725426f,-0.07444916308851542f,-2.2000325255860242f,-0.3802926698439968f,1.9260127712368973f,1.4972459360386836f,4.079779398755923f,-0.1979676711829273f,1.4859666456671712f,-1.9617861840221344f,-0.9244189695640879f,0f,0f,0f,1f], start_interpolation: 0, interpolation_duration: 1 }
$data merge entity $(bone_right_shoulder) { transformation: [-1.2140480144378512f,-0.21081724236840144f,-0.03717282391037337f,-1.3857728784231222f,-0.18988195251717158f,0.9616674066462911f,0.7475820710666095f,2.3111586398982595f,-0.09884620693560033f,0.7419502673307408f,-0.9795292430857105f,-2.0123046080244946f,0f,0f,0f,1f], start_interpolation: 0, interpolation_duration: 1 }
$data merge entity $(bone_chest) { transformation: [-4.005690763260861f,-0.7063113579375742f,4.976491456254112e-16f,1.7314582795429126e-16f,-0.7056391060306004f,4.001878233242638f,0.1774212038176937f,2.3404208688123562f,-0.030808868722416023f,0.17472577706842382f,-4.063613655560883f,-1.4138429796643581f,0f,0f,0f,1f], start_interpolation: 0, interpolation_duration: 1 }
$data merge entity $(bone_right_fingers2) { transformation: [-0.9999764743551401f,0.004793031490162954f,0.004906891622814956f,0.7472833707789422f,0.00470443735306941f,0.9998285334193056f,-0.017910109709083855f,0.07426144615959074f,-0.004991893974714466f,-0.017886604197965617f,-0.9998275603246843f,-5.3555272784580525f,0f,0f,0f,1f], start_interpolation: 0, interpolation_duration: 1 }
$data merge entity $(bone_left_foot) { transformation: [-0.9999980326213633f,0.001076737596860546f,0.0016659500443208252f,0.7528262500000007f,0.0005080599555715027f,0.9508672546607115f,-0.30959845911936146f,1.0638904065848165f,-0.0019174536459091432f,-0.30959700361946163f,-0.950865930992044f,-5.467043648570328f,0f,0f,0f,1f], start_interpolation: 0, interpolation_duration: 1 }
$data merge entity $(bone_left_knee) { transformation: [-1.5850141666666666f,4.3618931177672347e-17f,1.891438673682725e-16f,0.7688818750000005f,0f,1.5444768850901487f,-0.35617560269656157f,0.9438897677382188f,-1.9410825258115427e-16f,-0.35617560269656157f,-1.5444768850901487f,-3.3927905341405284f,0f,0f,0f,1f], start_interpolation: 0, interpolation_duration: 1 }
$data merge entity $(bone_left_thigh) { transformation: [-1.6036533333333332f,6.256354285175615e-17f,1.8615903316674418e-16f,0.7385400000000006f,0f,1.5201038642027676f,-0.5108700965479624f,2.37242941106847f,-1.9639089216086498e-16f,-0.5108700965479624f,-1.5201038642027676f,-4.940849576613621f,0f,0f,0f,1f], start_interpolation: 0, interpolation_duration: 1 }
$data merge entity $(bone_left_leg) { transformation: [-1f,3.391247479254703e-17f,1.1767557894509563e-16f,0.5257450000000007f,0f,0.9608940228890972f,-0.276916371448145f,2.5715541666666666f,-1.2246467991473532e-16f,-0.276916371448145f,-0.9608940228890972f,-5.306638125f,0f,0f,0f,1f], start_interpolation: 0, interpolation_duration: 1 }
$data merge entity $(bone_left_fingers2) { transformation: [-0.9991161646849666f,-0.025424035213210707f,0.03347398838920118f,-0.7657614781380421f,-0.025616178443736065f,0.9996576761331075f,-0.005323715816435759f,0.010927988274488043f,-0.03332717910567329f,-0.006176486188191277f,-0.9994254099987782f,-5.731059355271385f,0f,0f,0f,1f], start_interpolation: 0, interpolation_duration: 1 }
$data merge entity $(bone_right_foot) { transformation: [-0.9979412164709537f,0.029853894152517504f,0.05676331097111522f,-0.7528262499999993f,0.004027990526474801f,0.9124836509056655f,-0.4090933415764507f,0.9830671490749731f,-0.06400862255033989f,-0.4080224648641275f,-0.9107252957974815f,-5.94695339302263f,0f,0f,0f,1f], start_interpolation: 0, interpolation_duration: 1 }
$data merge entity $(bone_right_knee) { transformation: [-1.5850141666666666f,-8.094561283317683e-18f,1.939394023857447e-16f,-0.7688818749999995f,0f,1.5836354001886332f,0.0660971088884847f,0.3481512943181968f,-1.9410825258115427e-16f,0.0660971088884847f,-1.5836354001886332f,-3.9733971925417313f,0f,0f,0f,1f], start_interpolation: 0, interpolation_duration: 1 }
$data merge entity $(bone_right_thigh) { transformation: [-1.6036533333333332f,3.2561351052914616e-18f,1.963638971601363e-16f,-0.7385399999999993f,0f,1.6034329024242135f,-0.026588360885428437f,2.1543865355555902f,-1.9639089216086498e-16f,-0.026588360885428437f,-1.6034329024242135f,-5.002275134649845f,0f,0f,0f,1f], start_interpolation: 0, interpolation_duration: 1 }
$data merge entity $(bone_right_leg) { transformation: [-1f,-3.312584333661035e-18f,1.2241987016677873e-16f,-0.5257449999999994f,0f,0.9996341006403823f,0.027049303815331778f,2.43973125f,-1.2246467991473532e-16f,0.027049303815331778f,-0.9996341006403823f,-5.306638125f,0f,0f,0f,1f], start_interpolation: 0, interpolation_duration: 1 }