# This file was generated by Animated Java via MC-Build. It is not recommended to edit this file directly.
$data merge entity $(bone_left_fingers_2) { transformation: [-0.9529342951346558f,-0.2432971737697448f,-0.18089420773444065f,3.0392837161331463f,-0.1630064133504326f,0.9142439430952484f,-0.37092711106129816f,-0.0421594783159972f,0.2556269515580161f,-0.323982249126873f,-0.9108734071691018f,2.1261482318606557f,0f,0f,0f,1f], start_interpolation: 0, interpolation_duration: 1 }
$data merge entity $(bone_left_fingers) { transformation: [-0.9529342951346558f,-0.2432971737697448f,-0.18089420773444065f,2.946725951623571f,-0.1630064133504326f,0.9142439430952484f,-0.37092711106129816f,-0.2484032184592678f,0.2556269515580161f,-0.323982249126873f,-0.9108734071691018f,1.5958030565471046f,0f,0f,0f,1f], start_interpolation: 0, interpolation_duration: 1 }
$data merge entity $(bone_left_index_finger_2) { transformation: [-0.9559072200404501f,0.055643736094169186f,0.2883490268893247f,2.322353631265513f,-0.04163140069263983f,0.9462919752845453f,-0.3206217771587614f,-0.11599652420752674f,-0.2907029637807412f,-0.31848904556602264f,-0.9022508047674644f,2.099410406270971f,0f,0f,0f,1f], start_interpolation: 0, interpolation_duration: 1 }
$data merge entity $(bone_left_index_finger) { transformation: [-0.9559072200404501f,0.055643736094169186f,0.2883490268893247f,2.4888573473327638f,-0.04163140069263983f,0.9462919752845453f,-0.3206217771587614f,-0.29530416034095974f,-0.2907029637807412f,-0.31848904556602264f,-0.9022508047674644f,1.577581270674181f,0f,0f,0f,1f], start_interpolation: 0, interpolation_duration: 1 }
$data merge entity $(bone_left_thumb) { transformation: [-0.7509339868149371f,0.20502528164398398f,0.6277442005570649f,2.268843315857983f,0.06286607940268818f,0.9684613430876385f,-0.24110263998020098f,-0.406867011417418f,-0.6573781282540199f,-0.1415883499151413f,-0.7401396730763382f,0.7613270851427989f,0f,0f,0f,1f], start_interpolation: 0, interpolation_duration: 1 }
$data merge entity $(bone_left_hand) { transformation: [-0.994015965895917f,-0.10800036817992996f,0.0163762027651825f,2.854874334280074f,-0.10182022660882917f,0.9703645124912293f,0.21914687848788938f,-0.21683718385636275f,-0.039558829574868275f,0.21616806741667152f,-0.9755544401170074f,0.8680998617614677f,0f,0f,0f,1f], start_interpolation: 0, interpolation_duration: 1 }
$data merge entity $(bone_left_forearm) { transformation: [-1.989687305208077f,-0.21541510291610008f,0.007693781915299252f,2.7490201464552824f,-0.21408920130763176f,1.966611975875959f,-0.30318572455742826f,0.3659304089004407f,0.025073386846904033f,-0.30224510438979557f,-1.978215775767427f,-1.2892230277269368f,0f,0f,0f,1f], start_interpolation: 0, interpolation_duration: 1 }
$data merge entity $(bone_left_bicep) { transformation: [-2.4525816399214575f,-0.2707607214079181f,0.08616863670674811f,1.6129687075047245f,-0.2834678878426331f,2.383070874818617f,-0.580096771963378f,3.708838614914472f,-0.019553996299278276f,-0.5861355986654955f,-2.3983235402870133f,-1.9790833096736071f,0f,0f,0f,1f], start_interpolation: 0, interpolation_duration: 1 }
$data merge entity $(bone_left_shoulder) { transformation: [-1.2245857662391766f,-0.13519212575668063f,0.04302441325080523f,1.4039169960562294f,-0.14153687485366992f,1.189878708109173f,-0.289645098220011f,1.6147078267587398f,-0.009763404060203498f,-0.292660313332049f,-1.1974944370723908f,-1.2405395072710514f,0f,0f,0f,1f], start_interpolation: 0, interpolation_duration: 1 }
$data merge entity $(bone_right_fingers_2) { transformation: [-0.970114463909115f,-0.24257582674366973f,-0.005907215414681324f,-2.2981667517812343f,-0.24136668506345937f,0.9672050416145559f,-0.07909823523228937f,-0.3545329486924464f,0.024900808336420808f,-0.07530853706593202f,-0.9968493236137458f,-0.34243219880583387f,0f,0f,0f,1f], start_interpolation: 0, interpolation_duration: 1 }
$data merge entity $(bone_right_fingers) { transformation: [-0.970114463909115f,-0.24257582674366973f,-0.005907215414681324f,-2.316313454823681f,-0.24136668506345937f,0.9672050416145559f,-0.07909823523228937f,-0.397843403806126f,0.024900808336420808f,-0.07530853706593202f,-0.9968493236137458f,-0.9170352349728181f,0f,0f,0f,1f], start_interpolation: 0, interpolation_duration: 1 }
$data merge entity $(bone_right_index_finger_2) { transformation: [-0.971738675847089f,-0.23591559542375357f,0.008232721227023197f,-1.8724180802831636f,-0.23605066213384812f,0.9714090195983199f,-0.02538900449413159f,-0.2788652030051924f,-0.0020076775433195294f,-0.026614816905005334f,-0.9996437469178684f,-0.3460347377836519f,0f,0f,0f,1f], start_interpolation: 0, interpolation_duration: 1 }
$data merge entity $(bone_right_index_finger) { transformation: [-0.971738675847089f,-0.23591559542375357f,0.008232721227023197f,-1.8690380072215325f,-0.23605066213384812f,0.9714090195983199f,-0.02538900449413159f,-0.28787844763189474f,-0.0020076775433195294f,-0.026614816905005334f,-0.9996437469178684f,-0.922305246420918f,0f,0f,0f,1f], start_interpolation: 0, interpolation_duration: 1 }
$data merge entity $(bone_right_thumb) { transformation: [-0.8991920827026793f,-0.302967987360733f,-0.31569605166901404f,-1.599278283228281f,-0.2886227716997901f,0.9529673901502249f,-0.09246647482520604f,-0.3249295341734058f,0.3288624242158854f,0.007971947369139226f,-0.9443441925452791f,-1.7303771785413031f,0f,0f,0f,1f], start_interpolation: 0, interpolation_duration: 1 }
$data merge entity $(bone_right_hand) { transformation: [-0.9710182097705822f,-0.23158011187061106f,-0.05911250358366612f,-2.218072035538392f,-0.2387312038680493f,0.9516170817093832f,0.19347439649377254f,-0.34265138973929266f,0.01144764576869695f,0.2019791612640099f,-0.9793229139673195f,-1.6424889331392414f,0f,0f,0f,1f], start_interpolation: 0, interpolation_duration: 1 }
$data merge entity $(bone_right_forearm) { transformation: [-1.941463030985672f,-0.4761664546451871f,-0.09650688583268226f,-2.517704199514487f,-0.4848378734535253f,1.9244396575290603f,0.2584395736358111f,0.8000023186160399f,0.03130987076870209f,0.2740880957404561f,-1.9822265713062117f,-3.542340343513077f,0f,0f,0f,1f], start_interpolation: 0, interpolation_duration: 1 }
$data merge entity $(bone_right_bicep) { transformation: [-2.4526810071625995f,-0.24071492813020576f,-0.14934960049557694f,-2.0279958290967435f,-0.26252429959283125f,1.4423082773205331f,1.9866355800662168f,3.0442589352761606f,-0.10644234080577143f,1.9893959533579557f,-1.4583781647898604f,-0.27296602348281973f,0f,0f,0f,1f], start_interpolation: 0, interpolation_duration: 1 }
$data merge entity $(bone_right_shoulder) { transformation: [-1.2246353807788732f,-0.1201901171856511f,-0.07457097125062388f,-1.3626755053316117f,-0.13107964087327414f,0.7201514347927005f,0.9919366656154648f,1.6342702757033893f,-0.05314717086445347f,0.9933149332284763f,-0.7281752066173293f,-1.8678999314206242f,0f,0f,0f,1f], start_interpolation: 0, interpolation_duration: 1 }
$data merge entity $(bone_chest) { transformation: [-4.039778681094415f,-0.47394349135743796f,4.976491456254112e-16f,1.2722157298626553e-16f,-0.473492402170945f,4.035933706931678f,0.1774212038176937f,1.7779208688123562f,-0.020673124738800352f,0.17621267116088335f,-4.063613655560883f,-1.0388429796643581f,0f,0f,0f,1f], start_interpolation: 0, interpolation_duration: 1 }
$data merge entity $(bone_right_fingers2) { transformation: [-0.9999995641185693f,0.0006452594149120113f,0.0006748355049693128f,0.7478879968542886f,0.0006454257865215805f,0.999999761369123f,0.00024634782558073665f,-0.45985156500869784f,-0.0006746763856789253f,0.0002467832744388887f,-0.9999997419548619f,-5.4032632827789815f,0f,0f,0f,1f], start_interpolation: 0, interpolation_duration: 1 }
$data merge entity $(bone_left_foot) { transformation: [-0.9999999523919897f,0.00016797027593406307f,0.00025884745451796264f,0.7528262500000007f,0.0001450211416991069f,0.9962742718530241f,-0.08624125586165352f,0.5293277058903101f,-0.0002723690268148741f,-0.08624121421752554f,-0.9962742487816295f,-5.2877986245282145f,0f,0f,0f,1f], start_interpolation: 0, interpolation_duration: 1 }
$data merge entity $(bone_left_knee) { transformation: [-1.5850141666666666f,-7.847903616457388e-19f,1.9410666609933175e-16f,0.7688818750000005f,0f,1.5850012120594799f,0.006408299619058654f,-0.06177659087357612f,-1.9410825258115427e-16f,0.006408299619058654f,-1.5850012120594799f,-3.2959347119095366f,0f,0f,0f,1f], start_interpolation: 0, interpolation_duration: 1 }
$data merge entity $(bone_left_thigh) { transformation: [-1.6036533333333332f,3.267578412774206e-17f,1.9365349378562142e-16f,0.7385400000000005f,0f,1.5813007792977576f,-0.2668180258217489f,1.5913168923704537f,-1.9639089216086498e-16f,-0.2668180258217489f,-1.5813007792977576f,-4.601497520511616f,0f,0f,0f,1f], start_interpolation: 0, interpolation_duration: 1 }
$data merge entity $(bone_left_leg) { transformation: [-1f,1.508906991215539e-17f,1.2153155061877827e-16f,0.5257450000000006f,0f,0.9923804210601234f,-0.12321160617625414f,1.8452048828125003f,-1.2246467991473532e-16f,-0.12321160617625414f,-0.9923804210601234f,-4.931638125f,0f,0f,0f,1f], start_interpolation: 0, interpolation_duration: 1 }
$data merge entity $(bone_left_fingers2) { transformation: [-0.9976296047948728f,-0.03249336456949778f,-0.06065766971933054f,-0.751692190991109f,-0.039358002326685015f,0.992510657282877f,0.11564403500727644f,-0.3153262677508317f,0.05644571985260122f,0.11775727764713839f,-0.9914368886981442f,-4.323945399473247f,0f,0f,0f,1f], start_interpolation: 0, interpolation_duration: 1 }
$data merge entity $(bone_right_foot) { transformation: [-0.999931079991115f,0.005872226515850289f,0.010166229564046763f,-0.7528262499999995f,-0.00339337439607287f,0.6844060897813304f,-0.7290931279887622f,0.49838816165991584f,-0.011239229422448444f,-0.7290773767070104f,-0.6843389938444349f,-4.8981401790596655f,0f,0f,0f,1f], start_interpolation: 0, interpolation_duration: 1 }
$data merge entity $(bone_right_knee) { transformation: [-1.5850141666666666f,6.8173324048938e-17f,1.8174270716655362e-16f,-0.7688818749999997f,0f,1.4840418257173416f,-0.5566774362730781f,0.6833277524945736f,-1.9410825258115427e-16f,-0.5566774362730781f,-1.4840418257173416f,-2.8332335063937952f,0f,0f,0f,1f], start_interpolation: 0, interpolation_duration: 1 }
$data merge entity $(bone_right_thigh) { transformation: [-1.6036533333333332f,8.675373490058828e-17f,1.761907262160496e-16f,-0.7385399999999994f,0f,1.4387064608238103f,-0.7083980047225829f,1.8776551541000535f,-1.9639089216086498e-16f,-0.7083980047225829f,-1.4387064608238103f,-4.534602844373892f,0f,0f,0f,1f], start_interpolation: 0, interpolation_duration: 1 }
$data merge entity $(bone_right_leg) { transformation: [-1f,4.9253683068048127e-17f,1.1212347002680057e-16f,-0.5257449999999995f,0f,0.9155576130592534f,-0.40218684360536f,2.00580125f,-1.2246467991473532e-16f,-0.40218684360536f,-0.9155576130592534f,-4.931638125f,0f,0f,0f,1f], start_interpolation: 0, interpolation_duration: 1 }