# This file was generated by Animated Java via MC-Build. It is not recommended to edit this file directly.
$data merge entity $(bone_left_fingers_2) { transformation: [-0.9566061696928694f,0.18939571321079296f,-0.2214359950931924f,2.3841653488031787f,0.18094478788954677f,0.9817792427198887f,0.05803879995286554f,-0.3386948991199492f,0.22839356348449094f,0.01545258495323304f,-0.9734462480163549f,-0.062961586391857f,0f,0f,0f,1f], start_interpolation: 0, interpolation_duration: 1 }
$data merge entity $(bone_left_fingers) { transformation: [-0.9566061696928694f,0.18939571321079296f,-0.2214359950931924f,2.27079581158046f,0.18094478788954677f,0.9817792427198887f,0.05803879995286554f,-0.3020548806347373f,0.22839356348449094f,0.01545258495323304f,-0.9734462480163549f,-0.6270309812121805f,0f,0f,0f,1f], start_interpolation: 0, interpolation_duration: 1 }
$data merge entity $(bone_left_index_finger_2) { transformation: [-0.976730889575274f,0.2143123897305464f,0.008183456328255345f,1.8153026617116605f,0.2143419369897549f,0.9767543460549271f,0.0029123032623519785f,-0.20965946759611775f,-0.007369083862599362f,0.004598594436819425f,-0.9999622740544923f,-0.06287711983497024f,0f,0f,0f,1f], start_interpolation: 0, interpolation_duration: 1 }
$data merge entity $(bone_left_index_finger) { transformation: [-0.976730889575274f,0.2143123897305464f,0.008183456328255345f,1.8212586298360889f,0.2143419369897549f,0.9767543460549271f,0.0029123032623519785f,-0.20233113009892903f,-0.007369083862599362f,0.004598594436819425f,-0.9999622740544923f,-0.6391506525526235f,0f,0f,0f,1f], start_interpolation: 0, interpolation_duration: 1 }
$data merge entity $(bone_left_thumb) { transformation: [-0.9089376962225713f,0.258924665312707f,0.32678782425039576f,1.5493683127473084f,0.24051211401341258f,0.965856101529968f,-0.09631154733536036f,-0.3134724117134675f,-0.34056744911750464f,-0.008944765510327246f,-0.9401775384317375f,-1.4396796090420398f,0f,0f,0f,1f], start_interpolation: 0, interpolation_duration: 1 }
$data merge entity $(bone_left_hand) { transformation: [-0.9759287527693262f,0.21195783897631715f,0.051351183185949736f,2.168719782127663f,0.21649660903296217f,0.9699686831139324f,0.11086014638025957f,-0.3106998279215787f,-0.026311362475859943f,0.1193089614183003f,-0.992508480533013f,-1.35400472416852f,0f,0f,0f,1f], start_interpolation: 0, interpolation_duration: 1 }
$data merge entity $(bone_left_forearm) { transformation: [-1.9524278531644248f,0.4322214026091831f,0.08079957094564447f,2.4322473663444573f,0.43426884486849004f,1.9531071883917197f,0.04584009576641437f,0.6274874468388605f,-0.06895275132318611f,0.062252735922505006f,-1.9991719656662406f,-3.367763169363138f,0f,0f,0f,1f], start_interpolation: 0, interpolation_duration: 1 }
$data merge entity $(bone_left_bicep) { transformation: [-2.4380404955550583f,0.3629760233346176f,0.1417746493802593f,2.1422787748513707f,0.3506416123495663f,1.6515558464761866f,1.8014735214119262f,3.249716916172953f,0.17000618933322625f,1.7990288477797058f,-1.6824048868015933f,-0.35697729390665867f,0f,0f,0f,1f], start_interpolation: 0, interpolation_duration: 1 }
$data merge entity $(bone_left_shoulder) { transformation: [-1.2173253031719853f,0.18123566792904258f,0.0707887618575565f,1.3726576267966246f,0.17507703741441405f,0.8246297488423674f,0.8994843623833289f,1.6887427527585108f,0.08488490504915404f,0.8982637251232322f,-0.840032822513685f,-1.751816450816155f,0f,0f,0f,1f], start_interpolation: 0, interpolation_duration: 1 }
$data merge entity $(bone_right_fingers_2) { transformation: [-0.97323068081563f,0.21623491656473948f,0.07787491751125901f,-2.987224649003462f,0.19292200030235632f,0.9527709138265172f,-0.23453930921174196f,-0.10359403850692944f,-0.12491254427991952f,-0.2132370667225182f,-0.9689823577635939f,1.650989445819938f,0f,0f,0f,1f], start_interpolation: 0, interpolation_duration: 1 }
$data merge entity $(bone_right_fingers) { transformation: [-0.97323068081563f,0.21623491656473948f,0.07787491751125901f,-2.9544744765126727f,0.19292200030235632f,0.9527709138265172f,-0.23453930921174196f,-0.23060119071663226f,-0.12491254427991952f,-0.2132370667225182f,-0.9689823577635939f,1.089589092226189f,0f,0f,0f,1f], start_interpolation: 0, interpolation_duration: 1 }
$data merge entity $(bone_right_index_finger_2) { transformation: [-0.9668332034327382f,0.04794379023777076f,-0.25086839122860066f,-2.355032130130596f,0.08627441396989012f,0.985795019194262f,-0.1441003318037015f,-0.21875553515075605f,0.24039609446524218f,-0.16096450885030988f,-0.9572356787418848f,1.615106609441285f,0f,0f,0f,1f], start_interpolation: 0, interpolation_duration: 1 }
$data merge entity $(bone_right_index_finger) { transformation: [-0.9668332034327382f,0.04794379023777076f,-0.25086839122860066f,-2.4993357468800403f,0.08627441396989012f,0.985795019194262f,-0.1441003318037015f,-0.29610150049983563f,0.24039609446524218f,-0.16096450885030988f,-0.9572356787418848f,1.0624996691709834f,0f,0f,0f,1f], start_interpolation: 0, interpolation_duration: 1 }
$data merge entity $(bone_right_thumb) { transformation: [-0.803549376945026f,-0.10396394887278443f,-0.586088641884517f,-2.2929405477657876f,-0.04219187892327059f,0.9921004115884697f,-0.1181381338895848f,-0.365869212121672f,0.5937408897525794f,-0.07020164286372832f,-0.8015881019420441f,0.23808664927062156f,0f,0f,0f,1f], start_interpolation: 0, interpolation_duration: 1 }
$data merge entity $(bone_right_hand) { transformation: [-0.9880893939892759f,0.15296021182915365f,-0.016808422980338328f,-2.868873968385567f,0.14219687198038972f,0.9493511513448806f,0.28020071562924775f,-0.15762813536703701f,0.05881665652600613f,0.2744732501307373f,-0.9597942674749478f,0.3641043651198166f,0f,0f,0f,1f], start_interpolation: 0, interpolation_duration: 1 }
$data merge entity $(bone_right_forearm) { transformation: [-1.9770556459623787f,0.31007989854962875f,-0.020693030476346363f,-2.733358122778012f,0.30933048407677083f,1.9507229516630844f,-0.32298821913849457f,0.396934632913152f,-0.029873008145711564f,-0.3222688234950404f,-1.9749878938904946f,-1.7989878437407596f,0f,0f,0f,1f], start_interpolation: 0, interpolation_duration: 1 }
$data merge entity $(bone_right_bicep) { transformation: [-2.4379346250059992f,0.3890229706839286f,-0.032077954519757305f,-1.5190296272747306f,0.38978214833455854f,2.4370711850867353f,-0.06816904245105258f,3.8196683301086853f,0.020922326008756036f,-0.07237589232091274f,-2.46783651994499f,-1.7542830300155292f,0f,0f,0f,1f], start_interpolation: 0, interpolation_duration: 1 }
$data merge entity $(bone_right_shoulder) { transformation: [-1.2172724414994802f,0.19424103356448336f,-0.016016676417842077f,-1.4218155986694827f,0.19462009460362498f,1.216841321809957f,-0.03403712958007243f,1.6107088918115904f,0.010446617641547242f,-0.03613762988044199f,-1.2322026009403866f,-1.4617407995101905f,0f,0f,0f,1f], start_interpolation: 0, interpolation_duration: 1 }
$data merge entity $(bone_chest) { transformation: [-4.015892001932819f,0.6457907199991443f,4.976491456254112e-16f,1.2722157298626553e-16f,0.6451760703292125f,4.01206976259579f,0.1774212038176937f,1.7779208688123562f,0.028168995572581415f,0.17517074884966238f,-4.063613655560883f,-1.0388429796643581f,0f,0f,0f,1f], start_interpolation: 0, interpolation_duration: 1 }
$data merge entity $(bone_right_fingers2) { transformation: [-0.999162437518512f,-0.04033317510849284f,-0.006903509088377398f,0.7338363405887399f,-0.04063086714556008f,0.9978988397594164f,0.05046819039563749f,-0.47987935225142153f,0.004853461348924365f,0.05070641569346146f,-0.9987018090103053f,-4.813700123443715f,0f,0f,0f,1f], start_interpolation: 0, interpolation_duration: 1 }
$data merge entity $(bone_left_foot) { transformation: [-0.998985058623793f,0.022533360572344f,0.039001285975380516f,0.7528262500000006f,-0.0055185290391293025f,0.7981196973196532f,-0.602473646384329f,0.4194428003572078f,-0.044703450467060896f,-0.6020774006817577f,-0.79718530161101f,-5.2411239795787266f,0f,0f,0f,1f], start_interpolation: 0, interpolation_duration: 1 }
$data merge entity $(bone_left_knee) { transformation: [-1.5850141666666666f,2.877358302576173e-17f,1.9196378470943105e-16f,0.7688818750000004f,0f,1.5675032576174917f,-0.2349541357213771f,0.1384531679947194f,-1.9410825258115427e-16f,-0.2349541357213771f,-1.5675032576174917f,-3.1824907041869905f,0f,0f,0f,1f], start_interpolation: 0, interpolation_duration: 1 }
$data merge entity $(bone_left_thigh) { transformation: [-1.6036533333333332f,4.444521334840614e-17f,1.912955972680897e-16f,0.7385400000000005f,0f,1.5620470930988195f,-0.36292270864832726f,1.7087010467924408f,-1.9639089216086498e-16f,-0.36292270864832726f,-1.5620470930988195f,-4.58660391567675f,0f,0f,0f,1f], start_interpolation: 0, interpolation_duration: 1 }
$data merge entity $(bone_left_leg) { transformation: [-1f,2.2485355061171548e-17f,1.2038275056830868e-16f,0.5257450000000006f,0f,0.9829997567635325f,-0.18360685772278773f,1.94194625f,-1.2246467991473532e-16f,-0.18360685772278773f,-0.9829997567635325f,-4.931638125f,0f,0f,0f,1f], start_interpolation: 0, interpolation_duration: 1 }
$data merge entity $(bone_left_fingers2) { transformation: [-0.9999873267800704f,0.0037747697392861777f,0.003331274930709043f,-0.7484706916827845f,0.0036986601839990307f,0.9997385411525914f,-0.0225647789027838f,-0.4672250272830387f,-0.003415580783981171f,-0.022552171680429944f,-0.9997398328367259f,-5.17859387420683f,0f,0f,0f,1f], start_interpolation: 0, interpolation_duration: 1 }
$data merge entity $(bone_right_foot) { transformation: [-0.9999991191956595f,0.000712463287249159f,0.0011198231866485708f,-0.7528262499999995f,0.0004531865969488446f,0.9762933528616764f,-0.21645111175508963f,0.5285514127356311f,-0.0012474894041151464f,-0.21645041361515177f,-0.9762928158170664f,-5.194163531906339f,0f,0f,0f,1f], start_interpolation: 0, interpolation_duration: 1 }
$data merge entity $(bone_right_knee) { transformation: [-1.5850141666666666f,2.6974677910408334e-17f,1.9222481752296948e-16f,-0.7688818749999997f,0f,1.5696347522959588f,-0.22026496071511525f,0.25954473371213016f,-1.9410825258115427e-16f,-0.22026496071511525f,-1.5696347522959588f,-3.1385182255076707f,0f,0f,0f,1f], start_interpolation: 0, interpolation_duration: 1 }
$data merge entity $(bone_right_thigh) { transformation: [-1.6036533333333332f,4.9940775673009994e-17f,1.899349926920224e-16f,-0.7385399999999994f,0f,1.5509369136004154f,-0.40779738050008135f,1.7686770467186363f,-1.9639089216086498e-16f,-0.40779738050008135f,-1.5509369136004154f,-4.568061938824672f,0f,0f,0f,1f], start_interpolation: 0, interpolation_duration: 1 }
$data merge entity $(bone_right_leg) { transformation: [-1f,2.5946003562744374e-17f,1.1968459686083515e-16f,-0.5257449999999995f,0f,0.977298899112497f,-0.2118651972210191f,1.9733005859375001f,-1.2246467991473532e-16f,-0.2118651972210191f,-0.977298899112497f,-4.931638125f,0f,0f,0f,1f], start_interpolation: 0, interpolation_duration: 1 }