# This file was generated by Animated Java via MC-Build. It is not recommended to edit this file directly.
$data merge entity $(bone_left_fingers_2) {transformation: [-0.9518f,-0.0951f,-0.2917f,3.0748f,-0.0766f,0.9943f,-0.0745f,-0.5184f,0.2972f,-0.0485f,-0.9536f,2.3612f,0f,0f,0f,1f],start_interpolation: 0,interpolation_duration: 1}
$data merge entity $(bone_left_fingers) {transformation: [-0.9518f,-0.0951f,-0.2917f,2.9192f,-0.0766f,0.9943f,-0.0745f,-0.5545f,0.2972f,-0.0485f,-0.9536f,1.8073f,0f,0f,0f,1f],start_interpolation: 0,interpolation_duration: 1}
$data merge entity $(bone_left_index_finger_2) {transformation: [-0.9582f,0.0101f,0.2859f,2.2941f,-0.0044f,0.9987f,-0.0501f,-0.5503f,-0.2861f,-0.0492f,-0.9569f,2.3565f,0f,0f,0f,1f],start_interpolation: 0,interpolation_duration: 1}
$data merge entity $(bone_left_index_finger) {transformation: [-0.9582f,0.0101f,0.2859f,2.4589f,-0.0044f,0.9987f,-0.0501f,-0.5734f,-0.2861f,-0.0492f,-0.9569f,1.8047f,0f,0f,0f,1f],start_interpolation: 0,interpolation_duration: 1}
$data merge entity $(bone_left_thumb) {transformation: [-0.7432f,0.0999f,0.6615f,2.2079f,0.0518f,0.9944f,-0.092f,-0.7482f,-0.667f,-0.0341f,-0.7442f,1.0088f,0f,0f,0f,1f],start_interpolation: 0,interpolation_duration: 1}
$data merge entity $(bone_left_hand) {transformation: [-0.9991f,-0.0413f,0.0004f,2.8075f,-0.041f,0.9915f,0.1232f,-0.5869f,-0.0055f,0.1231f,-0.9924f,1.0824f,0f,0f,0f,1f],start_interpolation: 0,interpolation_duration: 1}
$data merge entity $(bone_left_forearm) {transformation: [-1.9993f,-0.0883f,-0.0145f,2.7366f,-0.0883f,1.9994f,-0.0088f,0.3124f,0.0149f,-0.0081f,-2.0013f,-0.9649f,0f,0f,0f,1f],start_interpolation: 0,interpolation_duration: 1}
$data merge entity $(bone_left_bicep) {transformation: [-1.2884f,-0.0625f,0.0265f,1.7956f,-0.0678f,1.208f,-0.4479f,1.5178f,-0.0032f,-0.4486f,-1.2096f,-1.0458f,0f,0f,0f,1f],start_interpolation: 0,interpolation_duration: 1}
$data merge entity $(bone_left_shoulder) {transformation: [-1.2311f,-0.0597f,0.0254f,1.3852f,-0.0648f,1.1543f,-0.4279f,1.6153f,-0.003f,-0.4287f,-1.1558f,-1.0635f,0f,0f,0f,1f],start_interpolation: 0,interpolation_duration: 1}
$data merge entity $(bone_right_fingers_2) {transformation: [-0.9756f,-0.2187f,0.0215f,-2.4372f,-0.2197f,0.971f,-0.0938f,-0.3993f,-0.0003f,-0.0962f,-0.9954f,-0.4736f,0f,0f,0f,1f],start_interpolation: 0,interpolation_duration: 1}
$data merge entity $(bone_right_fingers) {transformation: [-0.9756f,-0.2187f,0.0215f,-2.4395f,-0.2197f,0.971f,-0.0938f,-0.4508f,-0.0003f,-0.0962f,-0.9954f,-1.0478f,0f,0f,0f,1f],start_interpolation: 0,interpolation_duration: 1}
$data merge entity $(bone_right_index_finger_2) {transformation: [-0.9758f,-0.2178f,0.0177f,-1.999f,-0.2185f,0.9742f,-0.0572f,-0.3225f,-0.0047f,-0.0597f,-0.9982f,-0.471f,0f,0f,0f,1f],start_interpolation: 0,interpolation_duration: 1}
$data merge entity $(bone_right_index_finger) {transformation: [-0.9758f,-0.2178f,0.0177f,-1.9901f,-0.2185f,0.9742f,-0.0572f,-0.3499f,-0.0047f,-0.0597f,-0.9982f,-1.0467f,0f,0f,0f,1f],start_interpolation: 0,interpolation_duration: 1}
$data merge entity $(bone_right_thumb) {transformation: [-0.8986f,-0.296f,-0.3237f,-1.7224f,-0.2955f,0.9539f,-0.052f,-0.335f,0.3242f,0.049f,-0.9447f,-1.8562f,0f,0f,0f,1f],start_interpolation: 0,interpolation_duration: 1}
$data merge entity $(bone_right_hand) {transformation: [-0.9757f,-0.2117f,-0.0567f,-2.3413f,-0.2191f,0.9394f,0.2636f,-0.3463f,-0.0025f,0.2696f,-0.963f,-1.7678f,0f,0f,0f,1f],start_interpolation: 0,interpolation_duration: 1}
$data merge entity $(bone_right_forearm) {transformation: [-1.9514f,-0.4356f,-0.0866f,-2.6123f,-0.4441f,1.9154f,0.3731f,0.909f,0.0017f,0.383f,-1.9643f,-3.5997f,0f,0f,0f,1f],start_interpolation: 0,interpolation_duration: 1}
$data merge entity $(bone_right_bicep) {transformation: [-1.2883f,-0.054f,-0.0416f,-1.7649f,-0.0647f,0.7187f,1.0695f,1.5401f,-0.0216f,1.0701f,-0.7204f,-2.0635f,0f,0f,0f,1f],start_interpolation: 0,interpolation_duration: 1}
$data merge entity $(bone_right_shoulder) {transformation: [-1.2311f,-0.0516f,-0.0398f,-1.3648f,-0.0618f,0.6867f,1.0219f,1.6044f,-0.0206f,1.0225f,-0.6883f,-1.9451f,0f,0f,0f,1f],start_interpolation: 0,interpolation_duration: 1}
$data merge entity $(bone_chest) {transformation: [-4.0616f,-0.2193f,0f,0f,-0.2191f,4.0577f,0.1774f,1.7779f,-0.0096f,0.1772f,-4.0636f,-1.0388f,0f,0f,0f,1f],start_interpolation: 0,interpolation_duration: 1}
$data merge entity $(bone_right_fingers2) {transformation: [-1f,-0.0009f,-0.0018f,0.748f,-0.0008f,0.9985f,-0.0539f,-0.4904f,0.0019f,-0.0539f,-0.9985f,-5.6238f,0f,0f,0f,1f],start_interpolation: 0,interpolation_duration: 1}
$data merge entity $(bone_left_foot) {transformation: [-1f,-0.0001f,-0.0006f,0.7528f,-0.0001f,1f,-0.0045f,0.486f,0.0006f,-0.0045f,-1f,-5.4279f,0f,0f,0f,1f],start_interpolation: 0,interpolation_duration: 1}
$data merge entity $(bone_left_knee) {transformation: [-1.585f,0f,0f,0.7689f,0f,1.5816f,0.1046f,-0.2274f,0f,0.1046f,-1.5816f,-3.4765f,0f,0f,0f,1f],start_interpolation: 0,interpolation_duration: 1}
$data merge entity $(bone_left_thigh) {transformation: [-1.6037f,0f,0f,0.7385f,0f,1.599f,-0.1216f,1.5378f,0f,-0.1216f,-1.599f,-4.626f,0f,0f,0f,1f],start_interpolation: 0,interpolation_duration: 1}
$data merge entity $(bone_left_leg) {transformation: [-1f,0f,0f,0.5257f,0f,0.9995f,-0.0323f,1.8207f,0f,-0.0323f,-0.9995f,-4.9316f,0f,0f,0f,1f],start_interpolation: 0,interpolation_duration: 1}
$data merge entity $(bone_left_fingers2) {transformation: [-0.9977f,-0.0217f,-0.0646f,-0.7483f,-0.0292f,0.9926f,0.1178f,-0.2677f,0.0616f,0.1194f,-0.9909f,-4.1612f,0f,0f,0f,1f],start_interpolation: 0,interpolation_duration: 1}
$data merge entity $(bone_right_foot) {transformation: [-1f,-0.0003f,-0.0027f,-0.7528f,0.0018f,0.6662f,-0.7458f,0.5316f,0.002f,-0.7458f,-0.6662f,-4.7553f,0f,0f,0f,1f],start_interpolation: 0,interpolation_duration: 1}
$data merge entity $(bone_right_knee) {transformation: [-1.585f,0f,0f,-0.7689f,0f,1.4324f,-0.6786f,0.8882f,0f,-0.6786f,-1.4324f,-2.713f,0f,0f,0f,1f],start_interpolation: 0,interpolation_duration: 1}
$data merge entity $(bone_right_thigh) {transformation: [-1.6037f,0f,0f,-0.7385f,0f,1.3618f,-0.8469f,1.9089f,0f,-0.8469f,-1.3618f,-4.5239f,0f,0f,0f,1f],start_interpolation: 0,interpolation_duration: 1}
$data merge entity $(bone_right_leg) {transformation: [-1f,0f,0f,-0.5257f,0f,0.8714f,-0.4906f,1.9972f,0f,-0.4906f,-0.8714f,-4.9316f,0f,0f,0f,1f],start_interpolation: 0,interpolation_duration: 1}