# This file was generated by Animated Java via MC-Build. It is not recommended to edit this file directly.
$data merge entity $(bone_left_fingers_2) { transformation: [-0.9533465869216208f,0.043128718207324f,-0.2987811889505253f,2.9073033473690235f,0.030569534252765557f,0.9984465208090526f,0.04658378108169247f,0.026891229002739984f,0.3003261373581481f,0.03527688691043043f,-0.9531840076655941f,1.7357662367653446f,0f,0f,0f,1f], start_interpolation: 0, interpolation_duration: 1 }
$data merge entity $(bone_left_fingers) { transformation: [-0.9533465869216208f,0.043128718207324f,-0.2987811889505253f,2.7484672005878803f,0.030569534252765557f,0.9984465208090526f,0.04658378108169247f,0.05909353905815981f,0.3003261373581481f,0.03527688691043043f,-0.9531840076655941f,1.182500012601543f,0f,0f,0f,1f], start_interpolation: 0, interpolation_duration: 1 }
$data merge entity $(bone_left_index_finger_2) { transformation: [-0.9796805756655437f,0.019462506742348062f,0.19961758563546655f,2.172897444864959f,0.02654785694480935f,0.9991066803451649f,0.03287936406474826f,0.04777514974507002f,-0.1987993484779734f,0.03751069342158821f,-0.9793220955966249f,1.7505933822172017f,0f,0f,0f,1f], start_interpolation: 0, interpolation_duration: 1 }
$data merge entity $(bone_left_index_finger) { transformation: [-0.9796805756655437f,0.019462506742348062f,0.19961758563546655f,2.288054004538802f,0.02654785694480935f,0.9991066803451649f,0.03287936406474826f,0.07250345419579488f,-0.1987993484779734f,0.03751069342158821f,-0.9793220955966249f,1.1864056117712862f,0f,0f,0f,1f], start_interpolation: 0, interpolation_duration: 1 }
$data merge entity $(bone_left_thumb) { transformation: [-0.8144231365316804f,0.06176154762468399f,0.5769752732283275f,2.0115270959326748f,0.018092489416375902f,0.996538903649297f,-0.08113492059634586f,-0.1878515869007633f,-0.5799893244781474f,-0.055639237489930694f,-0.8127217597326413f,0.4229454225171631f,0f,0f,0f,1f], start_interpolation: 0, interpolation_duration: 1 }
$data merge entity $(bone_left_hand) { transformation: [-0.9995401813819873f,0.029030901546231627f,-0.008754002414697787f,2.6219944421722166f,0.029112434491473663f,0.9995325545742015f,-0.009334800712937392f,-0.06088243293479034f,0.008478912715860633f,-0.009585358719610186f,-0.9999181111157919f,0.46934120744418495f,0f,0f,0f,1f], start_interpolation: 0, interpolation_duration: 1 }
$data merge entity $(bone_left_forearm) { transformation: [-2.00039697406282f,0.060351972291240875f,-0.00938184158704841f,2.623988846416534f,0.06056077998934691f,1.9998331122375845f,-0.048149231311759945f,0.7996042716189087f,0.00792284280350774f,-0.048410701186708004f,-2.000727884027015f,-1.5957069468118434f,0f,0f,0f,1f], start_interpolation: 0, interpolation_duration: 1 }
$data merge entity $(bone_left_bicep) { transformation: [-2.4653252137531654f,0.11026631185335294f,-0.07685072278274747f,1.9059438733539418f,0.12283953048439111f,2.4214366912051064f,-0.46631309538238697f,4.374371102785105f,0.054544870266102274f,-0.46944519770148657f,-2.4233322442809464f,-2.1029358687815347f,0f,0f,0f,1f], start_interpolation: 0, interpolation_duration: 1 }
$data merge entity $(bone_left_shoulder) { transformation: [-1.2309486937239584f,0.0550564979340017f,-0.03837193417461903f,1.3745213211723766f,0.0613343662507015f,1.2090349440901882f,-0.2328323632213482f,2.308518081369963f,0.027234515117454113f,-0.23439623691914563f,-1.209981402824952f,-1.4514953964655437f,0f,0f,0f,1f], start_interpolation: 0, interpolation_duration: 1 }
$data merge entity $(bone_right_fingers_2) { transformation: [-0.995442533256212f,-0.073514579587489f,-0.0607434734974034f,-2.7074689184514966f,-0.08359012492971647f,0.9792260593563297f,0.1847404008107269f,0.34145726343770505f,0.045900479286053196f,0.18897600711611096f,-0.9809083620480367f,-0.5247919904935301f,0f,0f,0f,1f], start_interpolation: 0, interpolation_duration: 1 }
$data merge entity $(bone_right_fingers) { transformation: [-0.995442533256212f,-0.073514579587489f,-0.0607434734974034f,-2.756589509508133f,-0.08359012492971647f,0.9792260593563297f,0.1847404008107269f,0.4524427369170034f,0.045900479286053196f,0.18897600711611096f,-0.9809083620480367f,-1.0883903756372457f,0f,0f,0f,1f], start_interpolation: 0, interpolation_duration: 1 }
$data merge entity $(bone_right_index_finger_2) { transformation: [-0.9959669933606221f,-0.08567472252677924f,-0.026638131619194292f,-2.2820890045102256f,-0.08233241376350454f,0.99072447504491f,-0.10810359934277089f,0.547228649114503f,0.0356527948424415f,-0.10547443513452263f,-0.9937826833634082f,-0.5338214641715144f,0f,0f,0f,1f], start_interpolation: 0, interpolation_duration: 1 }
$data merge entity $(bone_right_index_finger) { transformation: [-0.9959669933606221f,-0.08567472252677924f,-0.026638131619194292f,-2.297936717194612f,-0.08233241376350454f,0.99072447504491f,-0.10810359934277089f,0.4906569019323664f,0.0356527948424415f,-0.10547443513452263f,-0.9937826833634082f,-1.1071702672757764f,0f,0f,0f,1f], start_interpolation: 0, interpolation_duration: 1 }
$data merge entity $(bone_right_thumb) { transformation: [-0.9209692931271591f,-0.06446807962317609f,-0.3842647886894665f,-2.0555228309050317f,-0.11897472282526336f,0.9856451738853838f,0.11978566911405916f,0.34778876505296463f,0.3710263824116991f,0.15603671973657662f,-0.9154190109716626f,-1.9121221555164243f,0f,0f,0f,1f], start_interpolation: 0, interpolation_duration: 1 }
$data merge entity $(bone_right_hand) { transformation: [-0.9957180651864659f,-0.07727751889290689f,-0.05073184143195406f,-2.6674820983875853f,-0.08296237764771369f,0.989098580257971f,0.1216603568411f,0.43368276059958477f,0.04077718180991239f,0.1253482493113569f,-0.9912744513192193f,-1.8168740992956711f,0f,0f,0f,1f], start_interpolation: 0, interpolation_duration: 1 }
$data merge entity $(bone_right_forearm) { transformation: [-1.996730476707457f,-0.12855101837580826f,-0.043229750042253476f,-2.754236267903096f,-0.1296105361428546f,1.9965143771996399f,0.04958046775148536f,1.3930037521420373f,0.03994101319364472f,0.05226614139418463f,-2.00024991892398f,-3.8360445382790473f,0f,0f,0f,1f], start_interpolation: 0, interpolation_duration: 1 }
$data merge entity $(bone_right_bicep) { transformation: [-2.465384144616251f,0.09209215710800998f,0.09640102054984041f,-1.7384236663505441f,0.1332640407172302f,1.6507374198660931f,1.8311744233673128f,3.831434935034723f,0.003849365606637277f,1.8337061127514651f,-1.6532997844103774f,-0.8446209269965435f,0f,0f,0f,1f], start_interpolation: 0, interpolation_duration: 1 }
$data merge entity $(bone_right_shoulder) { transformation: [-1.2309781181863095f,0.04598205537424743f,0.048133491539978035f,-1.3869867895636654f,0.06653937416699586f,0.8242211045138287f,0.9143141650643098f,2.1817052940602184f,0.001922006694582286f,0.9155782497063489f,-0.8255005054103252f,-2.3038733237233506f,0f,0f,0f,1f], start_interpolation: 0, interpolation_duration: 1 }
$data merge entity $(bone_chest) { transformation: [-4.061570607386128f,0.21926793299999012f,4.976491456254112e-16f,1.7314582795429126e-16f,0.2190592385135701f,4.057704892138257f,0.1774212038176937f,2.3404208688123562f,0.009564332906322612f,0.17716322163523854f,-4.063613655560883f,-1.4138429796643581f,0f,0f,0f,1f], start_interpolation: 0, interpolation_duration: 1 }
$data merge entity $(bone_right_fingers2) { transformation: [-0.9999243867789374f,-0.007446851578144737f,-0.009785965784689049f,0.7471079913843148f,-0.006295460955457876f,0.9935942103495308f,-0.11283134463105021f,0.04616425765699861f,0.01056351722317557f,-0.11276120592413688f,-0.9935659628542082f,-6.499607355964423f,0f,0f,0f,1f], start_interpolation: 0, interpolation_duration: 1 }
$data merge entity $(bone_left_foot) { transformation: [-0.9999895571784407f,-0.000024091015486052748f,-0.004570005874059218f,0.7528262500000008f,-0.0005845886285412466f,0.9924454260368529f,0.12268551094022777f,0.9897552199332483f,0.0045325258081276455f,0.12268690133079546f,-0.9924350761896953f,-6.181117951031739f,0f,0f,0f,1f], start_interpolation: 0, interpolation_duration: 1 }
$data merge entity $(bone_left_knee) { transformation: [-1.5850141666666666f,-1.9073460836354526e-17f,1.9316888158249824e-16f,0.7688818750000006f,0f,1.5773436203564157f,0.1557466271061518f,0.21357285326638697f,-1.9410825258115427e-16f,0.1557466271061518f,-1.5773436203564157f,-4.253822677929887f,0f,0f,0f,1f], start_interpolation: 0, interpolation_duration: 1 }
$data merge entity $(bone_left_thigh) { transformation: [-1.6036533333333332f,-2.144552790680717e-17f,1.952164743471689e-16f,0.7385400000000006f,0f,1.5940634841252697f,0.17511602465084936f,2.1603429199919804f,-1.9639089216086498e-16f,0.17511602465084936f,-1.5940634841252697f,-5.058371383012467f,0f,0f,0f,1f], start_interpolation: 0, interpolation_duration: 1 }
$data merge entity $(bone_left_leg) { transformation: [-1f,-1.8670082185774238e-17f,1.2103316015784687e-16f,0.5257450000000007f,0f,0.9883107541057133f,0.15245279045985402f,2.49473125f,-1.2246467991473532e-16f,0.15245279045985402f,-0.9883107541057133f,-5.306638125f,0f,0f,0f,1f], start_interpolation: 0, interpolation_duration: 1 }
$data merge entity $(bone_left_fingers2) { transformation: [-0.99994434108218f,-0.0070689925067170326f,-0.007832246335814617f,-0.7494702202325979f,-0.007247282717078177f,0.999709793186333f,0.022974035356418843f,0.08937325388199491f,0.007667570080778069f,0.023029519149978528f,-0.9997053814083314f,-4.792420308082401f,0f,0f,0f,1f], start_interpolation: 0, interpolation_duration: 1 }
$data merge entity $(bone_right_foot) { transformation: [-0.9999977367161144f,0.0017542874501488646f,0.0012037600221884515f,-0.7528262499999994f,0.0007004740264299591f,0.8057171832069102f,-0.5923000337846188f,0.994045586727689f,-0.0020089546503258724f,-0.5922978500388674f,-0.8057165884729869f,-5.208820129015504f,0f,0f,0f,1f], start_interpolation: 0, interpolation_duration: 1 }
$data merge entity $(bone_right_knee) { transformation: [-1.5850141666666666f,7.116436367372309e-17f,1.8059248894409556e-16f,-0.7688818749999996f,0f,1.4746495811676563f,-0.5811011282867068f,1.2130488342275683f,-1.9410825258115427e-16f,-0.5811011282867068f,-1.4746495811676563f,-3.1472479627640695f,0f,0f,0f,1f], start_interpolation: 0, interpolation_duration: 1 }
$data merge entity $(bone_right_thigh) { transformation: [-1.6036533333333332f,9.510041177698456e-17f,1.7182925886934532e-16f,-0.7385399999999993f,0f,1.4030923772387232f,-0.7765537936586873f,2.3244409939464177f,-1.9639089216086498e-16f,-0.7765537936586873f,-1.4030923772387232f,-4.90391612544022f,0f,0f,0f,1f], start_interpolation: 0, interpolation_duration: 1 }
$data merge entity $(bone_right_leg) { transformation: [-1f,5.457214999969542e-17f,1.0963338118944121e-16f,-0.5257449999999994f,0f,0.8952244946524356f,-0.44561542183175323f,2.43340625f,-1.2246467991473532e-16f,-0.44561542183175323f,-0.8952244946524356f,-5.306638125f,0f,0f,0f,1f], start_interpolation: 0, interpolation_duration: 1 }