# This file was generated by Animated Java via MC-Build. It is not recommended to edit this file directly.
$data merge entity $(bone_left_fingers_2) {transformation: [-0.962f,0.1299f,-0.2402f,2.5399f,0.1226f,0.9914f,0.0451f,-0.3703f,0.244f,0.014f,-0.9697f,0.8258f,0f,0f,0f,1f],start_interpolation: 0,interpolation_duration: 1}
$data merge entity $(bone_left_fingers) {transformation: [-0.962f,0.1299f,-0.2402f,2.4155f,0.1226f,0.9914f,0.0451f,-0.3402f,0.244f,0.014f,-0.9697f,0.2637f,0f,0f,0f,1f],start_interpolation: 0,interpolation_duration: 1}
$data merge entity $(bone_left_index_finger_2) {transformation: [-0.9898f,0.1186f,0.0788f,1.9123f,0.1196f,0.9928f,0.0086f,-0.2952f,-0.0772f,0.018f,-0.9969f,0.8269f,0f,0f,0f,1f],start_interpolation: 0,interpolation_duration: 1}
$data merge entity $(bone_left_index_finger) {transformation: [-0.9898f,0.1186f,0.0788f,1.9584f,0.1196f,0.9928f,0.0086f,-0.2845f,-0.0772f,0.018f,-0.9969f,0.2525f,0f,0f,0f,1f],start_interpolation: 0,interpolation_duration: 1}
$data merge entity $(bone_left_thumb) {transformation: [-0.8973f,0.1504f,0.415f,1.6829f,0.1013f,0.9852f,-0.138f,-0.5291f,-0.4296f,-0.0818f,-0.8993f,-0.5165f,0f,0f,0f,1f],start_interpolation: 0,interpolation_duration: 1}
$data merge entity $(bone_left_hand) {transformation: [-0.9924f,0.1214f,0.0216f,2.3008f,0.121f,0.9924f,-0.0225f,-0.4581f,-0.0241f,-0.0198f,-0.9995f,-0.4518f,0f,0f,0f,1f],start_interpolation: 0,interpolation_duration: 1}
$data merge entity $(bone_left_forearm) {transformation: [-1.9859f,0.2451f,0.0384f,2.4357f,0.2428f,1.9836f,-0.1075f,0.3359f,-0.0513f,-0.102f,-1.9981f,-2.539f,0f,0f,0f,1f],start_interpolation: 0,interpolation_duration: 1}
$data merge entity $(bone_left_bicep) {transformation: [-1.2739f,0.2042f,-0.0089f,1.779f,0.1832f,1.1654f,0.5223f,1.6805f,0.0907f,0.5144f,-1.1797f,-1.5428f,0f,0f,0f,1f],start_interpolation: 0,interpolation_duration: 1}
$data merge entity $(bone_left_shoulder) {transformation: [-1.2172f,0.1951f,-0.0085f,1.3981f,0.175f,1.1136f,0.4991f,1.8335f,0.0867f,0.4916f,-1.1272f,-1.4441f,0f,0f,0f,1f],start_interpolation: 0,interpolation_duration: 1}
$data merge entity $(bone_right_fingers_2) {transformation: [-0.9881f,0.1534f,0.0108f,-2.9489f,0.1441f,0.8988f,0.4141f,0.0846f,0.0538f,0.4107f,-0.9102f,0.7186f,0f,0f,0f,1f],start_interpolation: 0,interpolation_duration: 1}
$data merge entity $(bone_right_fingers) {transformation: [-0.9881f,0.1534f,0.0108f,-2.9553f,0.1441f,0.8988f,0.4141f,0.3304f,0.0538f,0.4107f,-0.9102f,0.1972f,0f,0f,0f,1f],start_interpolation: 0,interpolation_duration: 1}
$data merge entity $(bone_right_index_finger_2) {transformation: [-0.9833f,0.1352f,-0.1216f,-2.4318f,0.1479f,0.9837f,-0.1022f,0.3163f,0.1058f,-0.1185f,-0.9873f,0.7301f,0f,0f,0f,1f],start_interpolation: 0,interpolation_duration: 1}
$data merge entity $(bone_right_index_finger) {transformation: [-0.9833f,0.1352f,-0.1216f,-2.5011f,0.1479f,0.9837f,-0.1022f,0.2631f,0.1058f,-0.1185f,-0.9873f,0.1604f,0f,0f,0f,1f],start_interpolation: 0,interpolation_duration: 1}
$data merge entity $(bone_right_thumb) {transformation: [-0.88f,0.2482f,-0.4049f,-2.3489f,0.1631f,0.9587f,0.2332f,-0.0894f,0.446f,0.1392f,-0.8841f,-0.601f,0f,0f,0f,1f],start_interpolation: 0,interpolation_duration: 1}
$data merge entity $(bone_right_hand) {transformation: [-0.9861f,0.1391f,-0.0913f,-2.9217f,0.146f,0.9865f,-0.0739f,0.1453f,0.0798f,-0.0862f,-0.9931f,-0.5125f,0f,0f,0f,1f],start_interpolation: 0,interpolation_duration: 1}
$data merge entity $(bone_right_forearm) {transformation: [-1.9712f,0.3318f,-0.0987f,-2.856f,0.3461f,1.8985f,-0.5304f,0.4639f,0.0057f,-0.5395f,-1.9272f,-2.7258f,0f,0f,0f,1f],start_interpolation: 0,interpolation_duration: 1}
$data merge entity $(bone_right_bicep) {transformation: [-1.2738f,0.1929f,0.0687f,-1.8385f,0.2046f,1.1787f,0.483f,1.5848f,0.0095f,0.4878f,-1.1943f,-1.823f,0f,0f,0f,1f],start_interpolation: 0,interpolation_duration: 1}
$data merge entity $(bone_right_shoulder) {transformation: [-1.2171f,0.1844f,0.0656f,-1.4227f,0.1955f,1.1263f,0.4616f,1.6181f,0.0091f,0.4661f,-1.1412f,-1.7579f,0f,0f,0f,1f],start_interpolation: 0,interpolation_duration: 1}
$data merge entity $(bone_chest) {transformation: [-4.0159f,0.6458f,0f,0f,0.6452f,4.0121f,0.1774f,1.7779f,0.0282f,0.1752f,-4.0636f,-1.0388f,0f,0f,0f,1f],start_interpolation: 0,interpolation_duration: 1}
$data merge entity $(bone_right_fingers2) {transformation: [-0.9998f,-0.0188f,0.0092f,0.7498f,-0.0185f,0.9994f,0.0284f,-0.5095f,-0.0098f,0.0282f,-0.9996f,-6.2111f,0f,0f,0f,1f],start_interpolation: 0,interpolation_duration: 1}
$data merge entity $(bone_left_foot) {transformation: [-0.9998f,0.0025f,0.0212f,0.7528f,0.0049f,0.9938f,0.1115f,0.4376f,-0.0208f,0.1116f,-0.9935f,-5.9031f,0f,0f,0f,1f],start_interpolation: 0,interpolation_duration: 1}
$data merge entity $(bone_left_knee) {transformation: [-1.585f,0f,0f,0.7689f,0f,1.5503f,0.33f,-0.5479f,0f,0.33f,-1.5503f,-4.074f,0f,0f,0f,1f],start_interpolation: 0,interpolation_duration: 1}
$data merge entity $(bone_left_thigh) {transformation: [-1.6037f,0f,0f,0.7385f,0f,1.5737f,0.3083f,1.4596f,0f,0.3083f,-1.5737f,-4.7123f,0f,0f,0f,1f],start_interpolation: 0,interpolation_duration: 1}
$data merge entity $(bone_left_leg) {transformation: [-1f,0f,0f,0.5257f,0f,0.972f,0.2348f,1.8136f,0f,0.2348f,-0.972f,-4.9316f,0f,0f,0f,1f],start_interpolation: 0,interpolation_duration: 1}
$data merge entity $(bone_left_fingers2) {transformation: [-1f,0.0061f,0.007f,-0.749f,0.006f,0.9999f,-0.0143f,-0.5124f,-0.0071f,-0.0142f,-0.9999f,-4.7877f,0f,0f,0f,1f],start_interpolation: 0,interpolation_duration: 1}
$data merge entity $(bone_right_foot) {transformation: [-1f,0.0014f,0.0021f,-0.7528f,0.0005f,0.9167f,-0.3995f,0.462f,-0.0025f,-0.3995f,-0.9167f,-4.9938f,0f,0f,0f,1f],start_interpolation: 0,interpolation_duration: 1}
$data merge entity $(bone_right_knee) {transformation: [-1.585f,0f,0f,-0.7689f,0f,1.5219f,-0.4428f,0.4902f,0f,-0.4428f,-1.5219f,-2.9208f,0f,0f,0f,1f],start_interpolation: 0,interpolation_duration: 1}
$data merge entity $(bone_right_thigh) {transformation: [-1.6037f,0f,0f,-0.7385f,0f,1.4805f,-0.6162f,1.7895f,0f,-0.6162f,-1.4805f,-4.5435f,0f,0f,0f,1f],start_interpolation: 0,interpolation_duration: 1}
$data merge entity $(bone_right_leg) {transformation: [-1f,0f,0f,-0.5257f,0f,0.9391f,-0.3436f,1.9424f,0f,-0.3436f,-0.9391f,-4.9316f,0f,0f,0f,1f],start_interpolation: 0,interpolation_duration: 1}