# This file was generated by Animated Java via MC-Build. It is not recommended to edit this file directly.
$data merge entity $(bone_left_fingers_2) { transformation: [-0.962134333468323f,0.15163465964232004f,-0.2265048660771408f,2.461418526619653f,0.14564085924070713f,0.9884006944283045f,0.043044249015103495f,-0.31546425771353187f,0.2304045669710006f,0.00842598651811507f,-0.973058445454384f,0.5253094710165933f,0f,0f,0f,1f], start_interpolation: 0, interpolation_duration: 1 }
$data merge entity $(bone_left_fingers) { transformation: [-0.962134333468323f,0.15163465964232004f,-0.2265048660771408f,2.344985276325009f,0.14564085924070713f,0.9884006944283045f,0.043044249015103495f,-0.28694219696090656f,0.2304045669710006f,0.00842598651811507f,-0.973058445454384f,-0.038604720482347865f,0f,0f,0f,1f], start_interpolation: 0, interpolation_duration: 1 }
$data merge entity $(bone_left_index_finger_2) { transformation: [-0.9876577226108898f,0.1463001317064404f,0.05593294583471238f,1.856537942928816f,0.14668468435898988f,0.9891793086205461f,0.0028104753125313305f,-0.22655572103435082f,-0.05491653978151018f,0.010980294151662105f,-0.9984305718470208f,0.5215705537153342f,0f,0f,0f,1f], start_interpolation: 0, interpolation_duration: 1 }
$data merge entity $(bone_left_index_finger) { transformation: [-0.9876577226108898f,0.1463001317064404f,0.05593294583471238f,1.8896195779708904f,0.14668468435898988f,0.9891793086205461f,0.0028104753125313305f,-0.21921419856928961f,-0.05491653978151018f,0.010980294151662105f,-0.9984305718470208f,-0.05378331136987935f,0f,0f,0f,1f], start_interpolation: 0, interpolation_duration: 1 }
$data merge entity $(bone_left_thumb) { transformation: [-0.9071337339943132f,0.17780804547567639f,0.38143503721296285f,1.6157565810496282f,0.1313450522608611f,0.9807053438321244f,-0.14479470233992217f,-0.44971958339446805f,-0.3998210423378519f,-0.08124855409934859f,-0.912985107524016f,-0.8277275378277651f,0f,0f,0f,1f], start_interpolation: 0, interpolation_duration: 1 }
$data merge entity $(bone_left_hand) { transformation: [-0.9885822488013428f,0.1474202179463754f,0.031183596577737137f,2.234539070493348f,0.14703500329251976f,0.9890276588433188f,-0.014317745970398428f,-0.39547390083227185f,-0.032952164749050834f,-0.009569189283702637f,-0.9994111193371846f,-0.7562450055295011f,0f,0f,0f,1f], start_interpolation: 0, interpolation_duration: 1 }
$data merge entity $(bone_left_forearm) { transformation: [-1.97841852695914f,0.2974980949924223f,0.05170540601717583f,2.4069015170955175f,0.2944845871671729f,1.9767273347587246f,-0.10557606399816208f,0.3977201743131591f,-0.0667637136212563f,-0.0967592933223671f,-1.9978735393037146f,-2.8409511171705892f,0f,0f,0f,1f], start_interpolation: 0, interpolation_duration: 1 }
$data merge entity $(bone_left_bicep) { transformation: [-2.433142528410134f,0.4178949110271767f,0.03277777400298176f,2.200572598097862f,0.37304776664967093f,2.070696570894547f,1.2918762238590504f,3.6729609003614034f,0.19116982745374633f,1.2780738074587927f,-2.103776257696657f,-0.6510620017456146f,0f,0f,0f,1f], start_interpolation: 0, interpolation_duration: 1 }
$data merge entity $(bone_left_shoulder) { transformation: [-1.2148797247041574f,0.20865693173991798f,0.016366099639537963f,1.3937508479051532f,0.1862645376327332f,1.033908721178774f,0.6450399895887962f,1.7950188978511055f,0.09545201098453716f,0.6381483769352809f,-1.0504255673257634f,-1.5437578192848833f,0f,0f,0f,1f], start_interpolation: 0, interpolation_duration: 1 }
$data merge entity $(bone_right_fingers_2) { transformation: [-0.9880607002734682f,0.1532957485677976f,0.015377452524469606f,-2.9199378938914307f,0.1538658748046751f,0.976781259943956f,0.1490760302425918f,-0.012162750505460188f,0.00783231419797395f,0.14966223202042875f,-0.9887061601714474f,0.9935525605496205f,0f,0f,0f,1f], start_interpolation: 0, interpolation_duration: 1 }
$data merge entity $(bone_right_fingers) { transformation: [-0.9880607002734682f,0.1532957485677976f,0.015377452524469606f,-2.923774588487496f,0.1538658748046751f,0.976781259943956f,0.1490760302425918f,0.08151931067567297f,0.00783231419797395f,0.14966223202042875f,-0.9887061601714474f,0.4247092616410263f,0f,0f,0f,1f], start_interpolation: 0, interpolation_duration: 1 }
$data merge entity $(bone_right_index_finger_2) { transformation: [-0.9798437568139643f,0.13618931301016424f,-0.14614610242670273f,-2.386161538893874f,0.1463340515546184f,0.9873514800366779f,-0.061019670803702394f,0.04169163145949976f,0.13598734348573424f,-0.08117589476686687f,-0.9873793174461838f,0.9610380323244369f,0f,0f,0f,1f], start_interpolation: 0, interpolation_duration: 1 }
$data merge entity $(bone_right_index_finger) { transformation: [-0.9798437568139643f,0.13618931301016424f,-0.14614610242670273f,-2.46960096461093f,0.1463340515546184f,0.9873514800366779f,-0.061019670803702394f,0.012235871587364361f,0.13598734348573424f,-0.08117589476686687f,-0.9873793174461838f,0.3915201809413401f,0f,0f,0f,1f], start_interpolation: 0, interpolation_duration: 1 }
$data merge entity $(bone_right_thumb) { transformation: [-0.8673478501992964f,0.1408183551032423f,-0.47736558068285173f,-2.3002033924090486f,0.1117539777585134f,0.9897499739439418f,0.08891590146377937f,-0.23976470952148993f,0.48499356202923855f,0.023773513496830198f,-0.8741945234592856f,-0.4053006953141092f,0f,0f,0f,1f], start_interpolation: 0, interpolation_duration: 1 }
$data merge entity $(bone_right_hand) { transformation: [-0.9859938654304271f,0.15406474873830026f,-0.06387605599729214f,-2.8722165813284506f,0.15041141084207552f,0.9868881846331317f,0.05855013680614743f,-0.009402429751429353f,0.0720590370603241f,0.04812238800939342f,-0.9962387921327961f,-0.30196508913707554f,0f,0f,0f,1f], start_interpolation: 0, interpolation_duration: 1 }
$data merge entity $(bone_right_forearm) { transformation: [-1.969725866953127f,0.3483268771392937f,-0.06461553949865019f,-2.764223664368074f,0.3541790643810863f,1.9279511629220134f,-0.4035941971440576f,0.4521388984869086f,-0.007998227081835714f,-0.4086556891523787f,-1.9591486233345097f,-2.4883295245917467f,0f,0f,0f,1f], start_interpolation: 0, interpolation_duration: 1 }
$data merge entity $(bone_right_bicep) { transformation: [-2.4330787853692857f,0.40801891668214996f,0.09767952960834528f,-1.4952019755056083f,0.41914275900174097f,2.3386635673735894f,0.6714649424243294f,3.8113364204483764f,0.018441107650879043f,0.6782819361873235f,-2.373917994219608f,-1.3247920123801138f,0f,0f,0f,1f], start_interpolation: 0, interpolation_duration: 1 }
$data merge entity $(bone_right_shoulder) { transformation: [-1.2148478974983883f,0.20372580043504301f,0.04877185723984646f,-1.4278099656548713f,0.20927998821363877f,1.1677059266901908f,0.3352656635918447f,1.61405098456973f,0.009207733424798066f,0.3386694212465628f,-1.1853086309630392f,-1.7015258100574417f,0f,0f,0f,1f], start_interpolation: 0, interpolation_duration: 1 }
$data merge entity $(bone_chest) { transformation: [-4.0083554682486655f,0.6910287008410185f,4.976491456254112e-16f,1.2722157298626553e-16f,0.6903709946372412f,4.004540402021744f,0.1774212038176937f,1.7779208688123562f,0.03014224858254878f,0.17484200986750134f,-4.063613655560883f,-1.0388429796643581f,0f,0f,0f,1f], start_interpolation: 0, interpolation_duration: 1 }
$data merge entity $(bone_right_fingers2) { transformation: [-0.9993767264905604f,-0.019422740104117188f,0.02947737633948285f,0.741675007924916f,-0.019320570787430914f,0.9998063192941266f,0.00374692460278514f,-0.570082090398127f,-0.029544442683175735f,0.003175069507743683f,-0.9995584249258077f,-5.792085217337284f,0f,0f,0f,1f], start_interpolation: 0, interpolation_duration: 1 }
$data merge entity $(bone_left_foot) { transformation: [-0.9987589575191811f,0.01616429213241799f,0.047109027107939405f,0.7528262500000007f,0.008024072810494337f,0.9857352258520984f,-0.16811210179473873f,0.4251800338393317f,-0.049154440600322216f,-0.167525461271326f,-0.9846415900189769f,-5.7580109237435115f,0f,0f,0f,1f], start_interpolation: 0, interpolation_duration: 1 }
$data merge entity $(bone_left_knee) { transformation: [-1.5850141666666666f,-2.740723344096007e-17f,1.9216362110249143e-16f,0.7688818750000005f,0f,1.5691350456007664f,0.2237970446666096f,-0.4336026771108443f,-1.9410825258115427e-16f,0.2237970446666096f,-1.5691350456007664f,-3.866075831987353f,0f,0f,0f,1f], start_interpolation: 0, interpolation_duration: 1 }
$data merge entity $(bone_left_thigh) { transformation: [-1.6036533333333332f,-2.0352935157640354e-17f,1.9533340869961128e-16f,0.7385400000000005f,0f,1.5950183255744435f,0.16619432779974486f,1.5086353812251123f,-1.9639089216086498e-16f,0.16619432779974486f,-1.5950183255744435f,-4.681504330569664f,0f,0f,0f,1f], start_interpolation: 0, interpolation_duration: 1 }
$data merge entity $(bone_left_leg) { transformation: [-1f,-1.799259646266315e-17f,1.2113572676609629e-16f,0.5257450000000006f,0f,0.9891482740201967f,0.1469206997086041f,1.8416293981481482f,-1.2246467991473532e-16f,0.1469206997086041f,-0.9891482740201967f,-4.931638125f,0f,0f,0f,1f], start_interpolation: 0, interpolation_duration: 1 }
$data merge entity $(bone_left_fingers2) { transformation: [-0.9999703270479343f,0.005200353525023366f,0.005683427386892654f,-0.7487861264069147f,0.005117762745698546f,0.9998824809128489f,-0.01445105075922104f,-0.49537450449579035f,-0.005757910048450263f,-0.014421535520936002f,-0.9998794256234562f,-4.887593783270372f,0f,0f,0f,1f], start_interpolation: 0, interpolation_duration: 1 }
$data merge entity $(bone_right_foot) { transformation: [-0.9999976247166842f,0.0011819123010015009f,0.0018312957987379158f,-0.7528262499999995f,0.00045687114289148475f,0.9352072387009367f,-0.3541005675653859f,0.4878977979300124f,-0.002131156903779455f,-0.35409888981001103f,-0.9352055573004094f,-5.045680342816096f,0f,0f,0f,1f], start_interpolation: 0, interpolation_duration: 1 }
$data merge entity $(bone_right_knee) { transformation: [-1.5850141666666666f,4.9251792397270844e-17f,1.877558911612771e-16f,-0.7688818749999997f,0f,1.5331431992636575f,-0.4021714051068591f,0.4609408592094084f,-1.9410825258115427e-16f,-0.4021714051068591f,-1.5331431992636575f,-2.9726835887103547f,0f,0f,0f,1f], start_interpolation: 0, interpolation_duration: 1 }
$data merge entity $(bone_right_thigh) { transformation: [-1.6036533333333332f,6.910003530761632e-17f,1.8383298845481104e-16f,-0.7385399999999994f,0f,1.50111026773436f,-0.5642446079614666f,1.8159911944248854f,-1.9639089216086498e-16f,-0.5642446079614666f,-1.50111026773436f,-4.549044637289313f,0f,0f,0f,1f], start_interpolation: 0, interpolation_duration: 1 }
$data merge entity $(bone_right_leg) { transformation: [-1f,3.80478646993822e-17f,1.1640428608275591e-16f,-0.5257449999999995f,0f,0.9505131288776577f,-0.31068439264180175f,1.98236625f,-1.2246467991473532e-16f,-0.31068439264180175f,-0.9505131288776577f,-4.931638125f,0f,0f,0f,1f], start_interpolation: 0, interpolation_duration: 1 }