# This file was generated by Animated Java via MC-Build. It is not recommended to edit this file directly.
$data merge entity $(bone_left_fingers_2) { transformation: [-0.9609787733986652f,0.1695320885419888f,-0.2185833205708716f,2.4126346756044454f,0.16458631696868067f,0.9855194395245782f,0.040777182171479485f,0.28189098061911183f,0.22233115243681467f,0.00321018282225808f,-0.9749659242160035f,-0.08846054470474374f,0f,0f,0f,1f], start_interpolation: 0, interpolation_duration: 1 }
$data merge entity $(bone_left_fingers) { transformation: [-0.9609787733986652f,0.1695320885419888f,-0.2185833205708716f,2.3008544217582063f,0.16458631696868067f,0.9855194395245782f,0.040777182171479485f,0.30882931485507603f,0.22233115243681467f,0.00321018282225808f,-0.9749659242160035f,-0.6533932186547624f,0f,0f,0f,1f], start_interpolation: 0, interpolation_duration: 1 }
$data merge entity $(bone_left_index_finger_2) { transformation: [-0.9848077420468522f,0.1695320885419888f,0.03758433395940675f,1.824586044585103f,0.16953208556544122f,0.9855194395245782f,-0.0032103400120485417f,0.38306960693578884f,-0.037584347385751615f,0.00321018282225808f,-0.9992883025222676f,-0.09481236939538618f,0f,0f,0f,1f], start_interpolation: 0, interpolation_duration: 1 }
$data merge entity $(bone_left_index_finger) { transformation: [-0.9848077420468522f,0.1695320885419888f,0.03758433395940675f,1.8472273555778744f,0.16953208556544122f,0.9855194395245782f,-0.0032103400120485417f,0.3869200317686574f,-0.037584347385751615f,0.00321018282225808f,-0.9992883025222676f,-0.6707055086693242f,0f,0f,0f,1f], start_interpolation: 0, interpolation_duration: 1 }
$data merge entity $(bone_left_thumb) { transformation: [-0.9125619688066633f,0.20132126330287622f,0.35594999933957133f,1.5735020065880503f,0.15821004884124534f,0.9764527296652832f,-0.14666167589001564f,0.17176538262986024f,-0.3770944623477751f,-0.07752300091812253f,-0.9229246723299207f,-1.449105309194706f,0f,0f,0f,1f], start_interpolation: 0, interpolation_duration: 1 }
$data merge entity $(bone_left_hand) { transformation: [-0.9848077420468522f,0.1695320885419888f,0.03758433395940675f,2.1928462996015523f,0.16953208556544122f,0.9855194395245782f,-0.0032103400120485417f,0.2112819947492266f,-0.037584347385751615f,0.00321018282225808f,-0.9992883025222676f,-1.3729790993797466f,0f,0f,0f,1f], start_interpolation: 0, interpolation_duration: 1 }
$data merge entity $(bone_left_forearm) { transformation: [-1.9709244577175085f,0.3422475753355538f,0.060347431582262995f,2.394437493947704f,0.3392895075279465f,1.9701913073615311f,-0.09245147824236657f,1.0152624724199488f,-0.0752186506332368f,-0.08081610560209988f,-1.998281598029397f,-3.4509207750878628f,0f,0f,0f,1f], start_interpolation: 0, interpolation_duration: 1 }
$data merge entity $(bone_left_bicep) { transformation: [-2.4314767918115927f,0.4222215481072539f,0.07444916308851592f,2.2000325255860242f,0.3802926698439968f,1.9260127712368973f,1.4972459360386836f,4.079779398755923f,0.19796767118292669f,1.4859666456671712f,-1.9617861840221344f,-0.9244189695640874f,0f,0f,0f,1f], start_interpolation: 0, interpolation_duration: 1 }
$data merge entity $(bone_left_shoulder) { transformation: [-1.2140480144378512f,0.21081724236840121f,0.03717282391037362f,1.3857728784231227f,0.18988195251717158f,0.9616674066462911f,0.7475820710666095f,2.3111586398982595f,0.09884620693560002f,0.7419502673307408f,-0.9795292430857105f,-2.012304608024494f,0f,0f,0f,1f], start_interpolation: 0, interpolation_duration: 1 }
$data merge entity $(bone_right_fingers_2) { transformation: [-0.9852058030977415f,0.1689759156419074f,0.02857735949161941f,-2.9238934718964327f,0.1666784823048655f,0.9835605620057662f,-0.0694759267908528f,0.45301679900734215f,-0.03984732210677251f,-0.06368485534159846f,-0.9971742225514252f,0.797612673363568f,0f,0f,0f,1f], start_interpolation: 0, interpolation_duration: 1 }
$data merge entity $(bone_right_fingers) { transformation: [-0.9852058030977415f,0.1689759156419074f,0.02857735949161941f,-2.919992767057128f,0.1666784823048655f,0.9835605620057662f,-0.0694759267908528f,0.4209571543346936f,-0.03984732210677251f,-0.06368485534159846f,-0.9971742225514252f,0.22199933855364407f,0f,0f,0f,1f], start_interpolation: 0, interpolation_duration: 1 }
$data merge entity $(bone_right_index_finger_2) { transformation: [-0.9769129349756762f,0.1188469312242999f,-0.17752893965710714f,-2.363832877336755f,0.127578682695658f,0.9910783602678451f,-0.038566352309237106f,0.36928448638976025f,0.17136159779498694f,-0.06032487668753356f,-0.9833596046481589f,0.7586171430307475f,0f,0f,0f,1f], start_interpolation: 0, interpolation_duration: 1 }
$data merge entity $(bone_right_index_finger) { transformation: [-0.9769129349756762f,0.1188469312242999f,-0.17752893965710714f,-2.4654592334889003f,0.127578682695658f,0.9910783602678451f,-0.038566352309237106f,0.35279062280516443f,0.17136159779498694f,-0.06032487668753356f,-0.9833596046481589f,0.19153655017207238f,0f,0f,0f,1f], start_interpolation: 0, interpolation_duration: 1 }
$data merge entity $(bone_right_thumb) { transformation: [-0.8512432890570195f,0.023330265475981757f,-0.524252383445424f,-2.2773018828615004f,0.044385225054157776f,0.998632375826457f,-0.027628422830439092f,0.200040295309717f,0.5228908247734698f,-0.04678756954604482f,-0.8511146272410637f,-0.6260131351917623f,0f,0f,0f,1f], start_interpolation: 0, interpolation_duration: 1 }
$data merge entity $(bone_right_hand) { transformation: [-0.9867753878069653f,0.15743566347440413f,-0.03857908610617476f,-2.850641453550403f,0.14798580864350575f,0.9721184419311947f,0.18189539658109605f,0.4202752275625308f,0.06614026352034871f,0.17378074324746304f,-0.9825607964995441f,-0.5088703716916574f,0f,0f,0f,1f], start_interpolation: 0, interpolation_duration: 1 }
$data merge entity $(bone_right_forearm) { transformation: [-1.9709265083288035f,0.34588085048144457f,-0.03379213316181134f,-2.712274792392f,0.34719688928272796f,1.9512317104011434f,-0.27834493820435774f,1.0203578435779534f,-0.015158860966121488f,-0.2799786095790591f,-1.9815925311069755f,-2.6595976518093867f,0f,0f,0f,1f], start_interpolation: 0, interpolation_duration: 1 }
$data merge entity $(bone_right_bicep) { transformation: [-2.4314768010805374f,0.42438363563378023f,0.06092781222456812f,-1.4858189682282137f,0.4283269023123243f,2.3892037544517115f,0.45181255754841226f,4.395810116032683f,0.018701156428037914f,0.45551844332492586f,-2.426529686038923f,-1.8426289452056535f,0f,0f,0f,1f], start_interpolation: 0, interpolation_duration: 1 }
$data merge entity $(bone_right_shoulder) { transformation: [-1.2140480190658798f,0.21189678303169684f,0.03042154862607909f,-1.429657680003553f,0.2138656749814812f,1.1929408843003746f,0.2255921751903937f,2.173084918017672f,0.009337577025456697f,0.22744254171820155f,-1.2115779008177048f,-2.018333036912689f,0f,0f,0f,1f], start_interpolation: 0, interpolation_duration: 1 }
$data merge entity $(bone_chest) { transformation: [-4.005690763260861f,0.7063113579375742f,4.976491456254112e-16f,1.7314582795429126e-16f,0.7056391060306004f,4.001878233242638f,0.1774212038176937f,2.3404208688123562f,0.03080886872241504f,0.174725777068424f,-4.063613655560883f,-1.4138429796643581f,0f,0f,0f,1f], start_interpolation: 0, interpolation_duration: 1 }
$data merge entity $(bone_right_fingers2) { transformation: [-0.9991161646849666f,-0.025424035213210707f,0.03347398838920118f,0.7302583942699721f,-0.025616178443736065f,0.9996576761331075f,-0.005323715816435759f,0.0025578029249953005f,-0.03332717910567329f,-0.006176486188191277f,-0.9994254099987782f,-5.728422034874953f,0f,0f,0f,1f], start_interpolation: 0, interpolation_duration: 1 }
$data merge entity $(bone_left_foot) { transformation: [-0.9979412164709537f,0.029853894152517504f,0.05676331097111522f,0.7528262500000008f,0.004027990526474801f,0.9124836509056655f,-0.4090933415764507f,0.9746580835469236f,-0.06400862255033989f,-0.4080224648641275f,-0.9107252957974815f,-5.943698229397031f,0f,0f,0f,1f], start_interpolation: 0, interpolation_duration: 1 }
$data merge entity $(bone_left_knee) { transformation: [-1.5850141666666666f,-8.094561283317683e-18f,1.939394023857447e-16f,0.7688818750000006f,0f,1.5836354001886332f,0.0660971088884847f,0.3089567688052164f,-1.9410825258115427e-16f,0.0660971088884847f,-1.5836354001886332f,-3.9755092406064523f,0f,0f,0f,1f], start_interpolation: 0, interpolation_duration: 1 }
$data merge entity $(bone_left_thigh) { transformation: [-1.6036533333333332f,3.2561351052914616e-18f,1.963638971601363e-16f,0.7385400000000006f,0f,1.6034329024242135f,-0.026588360885428437f,2.1391918231365823f,-1.9639089216086498e-16f,-0.026588360885428437f,-1.6034329024242135f,-5.0183188864409605f,0f,0f,0f,1f], start_interpolation: 0, interpolation_duration: 1 }
$data merge entity $(bone_left_leg) { transformation: [-1f,-3.312584333661035e-18f,1.2241987016677873e-16f,0.5257450000000007f,0f,0.9996341006403823f,0.027049303815331778f,2.43973125f,-1.2246467991473532e-16f,0.027049303815331778f,-0.9996341006403823f,-5.306638125f,0f,0f,0f,1f], start_interpolation: 0, interpolation_duration: 1 }
$data merge entity $(bone_left_fingers2) { transformation: [-0.9999773124007173f,0.004705627975503363f,0.004819932488610859f,-0.7486649808874557f,0.004618218320426852f,0.9998275299716624f,-0.017988395434532845f,0.08118913887185653f,-0.004903747891509118f,-0.017965727820503485f,-0.999826577902636f,-5.362191547482344f,0f,0f,0f,1f], start_interpolation: 0, interpolation_duration: 1 }
$data merge entity $(bone_right_foot) { transformation: [-0.9999980961421171f,0.001022909623369715f,0.0016617364543111475f,-0.7528262499999994f,0.0004580144940026179f,0.950840079896355f,-0.30968198637540445f,1.0708129857840798f,-0.0018968223070315474f,-0.3096806356855322f,-0.9508387381394071f,-5.4738133602584105f,0f,0f,0f,1f], start_interpolation: 0, interpolation_duration: 1 }
$data merge entity $(bone_right_knee) { transformation: [-1.5850141666666666f,4.363184542711187e-17f,1.8914088871720413e-16f,-0.7688818749999996f,0f,1.544452562558375f,-0.3562810555458934f,0.9820604348750765f,-1.9410825258115427e-16f,-0.3562810555458934f,-1.544452562558375f,-3.402541962351977f,0f,0f,0f,1f], start_interpolation: 0, interpolation_duration: 1 }
$data merge entity $(bone_right_thigh) { transformation: [-1.6036533333333332f,6.257572679797537e-17f,1.8615493799371974e-16f,-0.7385399999999993f,0f,1.52007042457734f,-0.5109695860189487f,2.391845640169075f,-1.9639089216086498e-16f,-0.5109695860189487f,-1.52007042457734f,-4.930148338804592f,0f,0f,0f,1f], start_interpolation: 0, interpolation_duration: 1 }
$data merge entity $(bone_right_leg) { transformation: [-1f,3.3920176568538087e-17f,1.1767335912676996e-16f,-0.5257449999999994f,0f,0.9608758966968985f,-0.27697926122172234f,2.5716062500000003f,-1.2246467991473532e-16f,-0.27697926122172234f,-0.9608758966968985f,-5.306638125f,0f,0f,0f,1f], start_interpolation: 0, interpolation_duration: 1 }