# This file was generated by Animated Java via MC-Build. It is not recommended to edit this file directly.
$data merge entity $(bone_left_fingers_2) { transformation: [-0.9548517594587781f,0.15621714956291838f,-0.2526941226877122f,2.4994221092798625f,0.16189689378810265f,0.9868062019139483f,-0.0017075262609380637f,0.10860983083748087f,0.24909338257015104f,-0.04254082799622913f,-0.9675447094130357f,-0.8256484482766425f,0f,0f,0f,1f], start_interpolation: 0, interpolation_duration: 1 }
$data merge entity $(bone_left_fingers) { transformation: [-0.9548517594587781f,0.15621714956291838f,-0.2526941226877122f,2.3678217889580613f,0.16189689378810265f,0.9868062019139483f,-0.0017075262609380637f,0.11110772093577485f,0.24909338257015104f,-0.04254082799622913f,-0.9675447094130357f,-1.3869367354641737f,0f,0f,0f,1f], start_interpolation: 0, interpolation_duration: 1 }
$data merge entity $(bone_left_index_finger_2) { transformation: [-0.9725301809414588f,0.23133603198408265f,-0.025858991933808306f,1.9336143503077774f,0.23265121263774127f,0.9696380289550565f,-0.07533595464545279f,0.25696878343684487f,0.007645941156050754f,-0.07928261543372989f,-0.9968228561152808f,-0.8118615827539026f,0f,0f,0f,1f], start_interpolation: 0, interpolation_duration: 1 }
$data merge entity $(bone_left_index_finger) { transformation: [-0.9725301809414588f,0.23133603198408265f,-0.025858991933808306f,1.920049381950883f,0.23265121263774127f,0.9696380289550565f,-0.07533595464545279f,0.21915977477439944f,0.007645941156050754f,-0.07928261543372989f,-0.9968228561152808f,-1.386811000611766f,0f,0f,0f,1f], start_interpolation: 0, interpolation_duration: 1 }
$data merge entity $(bone_left_thumb) { transformation: [-0.8967297673293287f,0.3076824531888846f,0.31813084161262584f,1.6522772838069764f,0.30481846939722346f,0.9505129848345958f,-0.060089652812789246f,0.22882509478563348f,-0.32087602761786627f,0.04308797582269844f,-0.9461405821756516f,-2.1963343321027637f,0f,0f,0f,1f], start_interpolation: 0, interpolation_duration: 1 }
$data merge entity $(bone_left_hand) { transformation: [-0.9720974914674149f,0.22666788849611869f,0.06039979641911237f,2.270948779027005f,0.2345770503959284f,0.939020688068914f,0.251423457151733f,0.2087380794230893f,0.00027296575828048356f,0.2585765180817746f,-0.9659907400106901f,-2.108094836645133f,0f,0f,0f,1f], start_interpolation: 0, interpolation_duration: 1 }
$data merge entity $(bone_left_forearm) { transformation: [-1.9435554877883232f,0.46773786442521886f,0.09556039672125649f,2.565766866348431f,0.4772428533867047f,1.913864061067263f,0.3386473800240224f,1.4284339794090535f,-0.012237570424910527f,0.3516590384004851f,-1.970153444768208f,-3.960198892227262f,0f,0f,0f,1f], start_interpolation: 0, interpolation_duration: 1 }
$data merge entity $(bone_left_bicep) { transformation: [-2.459935470270457f,0.1714628388187572f,0.12333320598500741f,1.9652163962183158f,0.19858553664410933f,1.3865924530389662f,2.0331793468605306f,3.554476000062471f,0.07193308995238906f,2.0356460809209094f,-1.3953006007632576f,-0.6410925871917179f,0f,0f,0f,1f], start_interpolation: 0, interpolation_duration: 1 }
$data merge entity $(bone_left_shoulder) { transformation: [-1.2282575689739517f,0.0856122171179331f,0.061580860793984095f,1.362017112452283f,0.09915471012134486f,0.6923322567238004f,1.0151761914260298f,2.1776998278729573f,0.035916536535810874f,1.0164078435636255f,-0.6966802766143092f,-2.2888702784425288f,0f,0f,0f,1f], start_interpolation: 0, interpolation_duration: 1 }
$data merge entity $(bone_right_fingers_2) { transformation: [-0.9602370693093846f,0.1770151214949266f,0.2158944591374695f,-3.0559346054291696f,0.11631618659127013f,0.9566440638225544f,-0.26702561654255874f,0.3027539464408804f,-0.25380172470057993f,-0.2312958752663028f,-0.9391948161184697f,1.9117320932777844f,0f,0f,0f,1f], start_interpolation: 0, interpolation_duration: 1 }
$data merge entity $(bone_right_fingers) { transformation: [-0.9602370693093846f,0.1770151214949266f,0.2158944591374695f,-2.9436884341923375f,0.11631618659127013f,0.9566440638225544f,-0.26702561654255874f,0.15599317666828338f,-0.25380172470057993f,-0.2312958752663028f,-0.9391948161184697f,1.3656223780884207f,0f,0f,0f,1f], start_interpolation: 0, interpolation_duration: 1 }
$data merge entity $(bone_right_index_finger_2) { transformation: [-0.9550997423928872f,-0.0518100922362905f,-0.2917193795816577f,-2.3158762894153795f,0.017927920990592566f,0.9726822020872676f,-0.23144745276545828f,0.2515564242588623f,0.29574156239865124f,-0.22628532450234373f,-0.9280796734035682f,1.8917478381960566f,0f,0f,0f,1f], start_interpolation: 0, interpolation_duration: 1 }
$data merge entity $(bone_right_index_finger) { transformation: [-0.9550997423928872f,-0.0518100922362905f,-0.2917193795816577f,-2.4843002382319965f,0.017927920990592566f,0.9726822020872676f,-0.23144745276545828f,0.12379455292979798f,0.29574156239865124f,-0.22628532450234373f,-0.9280796734035682f,1.3555663014968062f,0f,0f,0f,1f], start_interpolation: 0, interpolation_duration: 1 }
$data merge entity $(bone_right_thumb) { transformation: [-0.7395252384325719f,-0.18067586105531577f,-0.6484278332653279f,-2.2486850705350028f,-0.06477130057027519f,0.977934433188122f,-0.1986175294566463f,-0.015368551646869621f,0.6700052987429898f,-0.10488316174175391f,-0.7349098053770752f,0.547951008018968f,0f,0f,0f,1f], start_interpolation: 0, interpolation_duration: 1 }
$data merge entity $(bone_right_hand) { transformation: [-0.9973148813138367f,0.07265230316480495f,-0.009201649570422986f,-2.842191986730411f,0.06990083697138212f,0.9818645585606347f,0.176226733594056f,0.15924458421361676f,0.02183805166831169f,0.17511034089219124f,-0.9843065924862806f,0.6385264404262276f,0f,0f,0f,1f], start_interpolation: 0, interpolation_duration: 1 }
$data merge entity $(bone_right_forearm) { transformation: [-1.9955415180287481f,0.15182788447290052f,0.009440103101355552f,-2.747703307877905f,0.15069522908862723f,1.989991584194199f,-0.1501706196056665f,0.909395604804816f,-0.020779075533016406f,-0.1490253688447278f,-1.995666916518698f,-1.4669943142283857f,0f,0f,0f,1f], start_interpolation: 0, interpolation_duration: 1 }
$data merge entity $(bone_right_bicep) { transformation: [-2.4599195979675645f,0.19592970118601702f,-0.07937396561414561f,-1.6697537261443292f,0.21087593212373693f,2.3393624091949774f,-0.7607942970248129f,4.203832657089322f,0.01483291863061995f,-0.7647798201624387f,-2.347506105186154f,-2.408141272081499f,0f,0f,0f,1f], start_interpolation: 0, interpolation_duration: 1 }
$data merge entity $(bone_right_shoulder) { transformation: [-1.2282496438570532f,0.09782863874964638f,-0.03963180141238982f,-1.3941477103564075f,0.10529136348318127f,1.1680548617606463f,-0.3798682384339965f,2.1782139690744984f,0.007406147355577036f,-0.3818582292363046f,-1.1721210481958078f,-1.5162648350930954f,0f,0f,0f,1f], start_interpolation: 0, interpolation_duration: 1 }
$data merge entity $(bone_chest) { transformation: [-4.052006991567704f,0.3545046762899584f,4.976491456254112e-16f,1.7314582795429126e-16f,0.3541672663899352f,4.048150378762968f,0.1774212038176937f,2.3404208688123562f,0.015463276797914243f,0.17674606257224149f,-4.063613655560883f,-1.4138429796643581f,0f,0f,0f,1f], start_interpolation: 0, interpolation_duration: 1 }
$data merge entity $(bone_right_fingers2) { transformation: [-0.9971663468248715f,-0.02504489072996622f,-0.07093680432796637f,0.7470466170485018f,-0.03400750736591925f,0.9911776597803463f,0.12810283445385784f,0.2953976668559788f,0.06710265421499424f,0.13015221934596266f,-0.9892207203635714f,-4.557121451399969f,0f,0f,0f,1f], start_interpolation: 0, interpolation_duration: 1 }
$data merge entity $(bone_left_foot) { transformation: [-0.9999990099936703f,0.0011452072602259498f,0.000817625837670913f,0.7528262500000007f,0.0001366974070553756f,0.657374846152562f,-0.7535637285324408f,1.0876603095682433f,-0.001400473312207564f,-0.7535628707322479f,-0.6573743518941664f,-5.160543861019396f,0f,0f,0f,1f], start_interpolation: 0, interpolation_duration: 1 }
$data merge entity $(bone_left_knee) { transformation: [-1.5850141666666666f,7.947672970362625e-17f,1.770916800861235e-16f,0.7688818750000005f,0f,1.4460633074729925f,-0.6489767478995664f,1.3722583832582071f,-1.9410825258115427e-16f,-0.6489767478995664f,-1.4460633074729925f,-3.1024063358531895f,0f,0f,0f,1f], start_interpolation: 0, interpolation_duration: 1 }
$data merge entity $(bone_left_thigh) { transformation: [-1.6036533333333332f,9.902543546481891e-17f,1.6959759920100134e-16f,0.7385400000000006f,0f,1.3848694931394243f,-0.8086040443151795f,2.457072104061934f,-1.9639089216086498e-16f,-0.8086040443151795f,-1.3848694931394243f,-4.908061757772002f,0f,0f,0f,1f], start_interpolation: 0, interpolation_duration: 1 }
$data merge entity $(bone_left_leg) { transformation: [-1f,5.707807286906369e-17f,1.0834985659507091e-16f,0.5257450000000007f,0f,0.8847437209692485f,-0.46607783492190297f,2.57785625f,-1.2246467991473532e-16f,-0.46607783492190297f,-0.8847437209692485f,-5.306638125f,0f,0f,0f,1f], start_interpolation: 0, interpolation_duration: 1 }
$data merge entity $(bone_left_fingers2) { transformation: [-1f,6.162975822039155e-33f,1.2246467991473537e-16f,-0.7479999999999992f,0f,1f,-5.551115123125783e-17f,0.09924327680490463f,-1.2246467991473532e-16f,-5.551115123125783e-17f,-1f,-5.873444535355171f,0f,0f,0f,1f], start_interpolation: 0, interpolation_duration: 1 }
$data merge entity $(bone_right_foot) { transformation: [-1f,5.341834311772731e-18f,1.2234812067540782e-16f,-0.7528262499999993f,0f,0.9990482215818577f,-0.04361938736533605f,1.0825904194501832f,-1.2246467991473532e-16f,-0.04361938736533605f,-0.9990482215818577f,-5.71584628667298f,0f,0f,0f,1f], start_interpolation: 0, interpolation_duration: 1 }
$data merge entity $(bone_right_knee) { transformation: [-1.5850141666666666f,-8.466883060145848e-18f,1.939235045355643e-16f,-0.7688818749999995f,0f,1.5835055843903834f,0.06913734691537851f,0.4438867812256764f,-1.9410825258115427e-16f,0.06913734691537851f,-1.5835055843903834f,-3.7435126735139628f,0f,0f,0f,1f], start_interpolation: 0, interpolation_duration: 1 }
$data merge entity $(bone_right_thigh) { transformation: [-1.6036533333333332f,2.5634155340456492e-17f,1.947107408535078e-16f,-0.7385399999999993f,0f,1.5899338567583154f,-0.20931876324099313f,2.120967824233338f,-1.9639089216086498e-16f,-0.20931876324099313f,-1.5899338567583154f,-4.971712470627146f,0f,0f,0f,1f], start_interpolation: 0, interpolation_duration: 1 }
$data merge entity $(bone_right_leg) { transformation: [-1f,1.0673500138322974e-17f,1.2199866483456202e-16f,-0.5257449999999994f,0f,0.9961946980917455f,-0.08715574274765818f,2.36973125f,-1.2246467991473532e-16f,-0.08715574274765818f,-0.9961946980917455f,-5.306638125f,0f,0f,0f,1f], start_interpolation: 0, interpolation_duration: 1 }