# This file was generated by Animated Java via MC-Build. It is not recommended to edit this file directly.
$data merge entity $(bone_left_fingers_2) {transformation: [-0.9675f,0.1099f,-0.2279f,2.7578f,0.089f,0.991f,0.0999f,-0.3392f,0.2368f,0.0763f,-0.9685f,-0.33f,0f,0f,0f,1f],start_interpolation: 0,interpolation_duration: 1}
$data merge entity $(bone_left_fingers) {transformation: [-0.9675f,0.1099f,-0.2279f,2.6404f,0.089f,0.991f,0.0999f,-0.2771f,0.2368f,0.0763f,-0.9685f,-0.891f,0f,0f,0f,1f],start_interpolation: 0,interpolation_duration: 1}
$data merge entity $(bone_left_index_finger_2) {transformation: [-0.9892f,0.1457f,0.0164f,2.1745f,0.1458f,0.9893f,0.0084f,-0.2204f,-0.015f,0.0107f,-0.9998f,-0.3225f,0f,0f,0f,1f],start_interpolation: 0,interpolation_duration: 1}
$data merge entity $(bone_left_index_finger) {transformation: [-0.9892f,0.1457f,0.0164f,2.1848f,0.1458f,0.9893f,0.0084f,-0.2098f,-0.015f,0.0107f,-0.9998f,-0.8987f,0f,0f,0f,1f],start_interpolation: 0,interpolation_duration: 1}
$data merge entity $(bone_left_thumb) {transformation: [-0.9145f,0.1853f,0.3597f,1.9245f,0.2061f,0.9783f,0.02f,-0.2691f,-0.3482f,0.0924f,-0.9329f,-1.7085f,0f,0f,0f,1f],start_interpolation: 0,interpolation_duration: 1}
$data merge entity $(bone_left_hand) {transformation: [-0.9891f,0.1396f,0.0463f,2.5417f,0.1462f,0.9685f,0.2018f,-0.2288f,-0.0167f,0.2064f,-0.9783f,-1.6169f,0f,0f,0f,1f],start_interpolation: 0,interpolation_duration: 1}
$data merge entity $(bone_left_forearm) {transformation: [-1.9821f,0.2725f,0.0497f,2.7005f,0.2764f,1.969f,0.2276f,0.9011f,-0.0179f,0.2323f,-1.9877f,-3.5412f,0f,0f,0f,1f],start_interpolation: 0,interpolation_duration: 1}
$data merge entity $(bone_left_bicep) {transformation: [-1.2899f,-0.0125f,-0.0212f,1.7837f,-0.0244f,0.7882f,1.0211f,1.5694f,0.003f,1.0213f,-0.7883f,-2.0585f,0f,0f,0f,1f],start_interpolation: 0,interpolation_duration: 1}
$data merge entity $(bone_left_shoulder) {transformation: [-1.2326f,-0.012f,-0.0203f,1.3783f,-0.0233f,0.7532f,0.9757f,1.6131f,0.0029f,0.9759f,-0.7533f,-1.949f,0f,0f,0f,1f],start_interpolation: 0,interpolation_duration: 1}
$data merge entity $(bone_right_fingers_2) {transformation: [-0.9697f,-0.0146f,0.2438f,-2.9355f,-0.0043f,0.9991f,0.043f,-0.5719f,-0.2442f,0.0406f,-0.9689f,2.3232f,0f,0f,0f,1f],start_interpolation: 0,interpolation_duration: 1}
$data merge entity $(bone_right_fingers) {transformation: [-0.9697f,-0.0146f,0.2438f,-2.8084f,-0.0043f,0.9991f,0.043f,-0.5414f,-0.2442f,0.0406f,-0.9689f,1.7617f,0f,0f,0f,1f],start_interpolation: 0,interpolation_duration: 1}
$data merge entity $(bone_right_index_finger_2) {transformation: [-0.973f,-0.0006f,-0.231f,-2.2147f,-0.01f,0.9992f,0.0395f,-0.5665f,0.2308f,0.0407f,-0.9722f,2.325f,0f,0f,0f,1f],start_interpolation: 0,interpolation_duration: 1}
$data merge entity $(bone_right_index_finger) {transformation: [-0.973f,-0.0006f,-0.231f,-2.3478f,-0.01f,0.9992f,0.0395f,-0.538f,0.2308f,0.0407f,-0.9722f,1.7649f,0f,0f,0f,1f],start_interpolation: 0,interpolation_duration: 1}
$data merge entity $(bone_right_thumb) {transformation: [-0.7888f,-0.0489f,-0.6127f,-2.0783f,-0.0133f,0.9979f,-0.0626f,-0.7877f,0.6146f,-0.0413f,-0.7878f,0.9954f,0f,0f,0f,1f],start_interpolation: 0,interpolation_duration: 1}
$data merge entity $(bone_right_hand) {transformation: [-0.9999f,-0.0074f,0.0068f,-2.6858f,-0.0074f,0.9999f,0.0121f,-0.6486f,-0.0069f,0.012f,-0.9999f,1.0459f,0f,0f,0f,1f],start_interpolation: 0,interpolation_duration: 1}
$data merge entity $(bone_right_forearm) {transformation: [-2.0012f,-0.0162f,0.0079f,-2.6692f,-0.0163f,2.0011f,-0.0245f,0.2363f,-0.0077f,-0.0245f,-2.0012f,-1.0088f,0f,0f,0f,1f],start_interpolation: 0,interpolation_duration: 1}
$data merge entity $(bone_right_bicep) {transformation: [-1.2899f,-0.0165f,0.02f,-1.7753f,-0.0216f,1.2351f,-0.3723f,1.5407f,-0.0144f,-0.3726f,-1.2351f,-1.0094f,0f,0f,0f,1f],start_interpolation: 0,interpolation_duration: 1}
$data merge entity $(bone_right_shoulder) {transformation: [-1.2325f,-0.0158f,0.0191f,-1.3726f,-0.0206f,1.1801f,-0.3558f,1.6672f,-0.0138f,-0.356f,-1.1802f,-1.0142f,0f,0f,0f,1f],start_interpolation: 0,interpolation_duration: 1}
$data merge entity $(bone_chest) {transformation: [-4.0668f,-0.0742f,0f,0f,-0.0741f,4.0629f,0.1774f,1.7779f,-0.0032f,0.1774f,-4.0636f,-1.0388f,0f,0f,0f,1f],start_interpolation: 0,interpolation_duration: 1}
$data merge entity $(bone_right_fingers2) {transformation: [-0.9996f,-0.0141f,-0.0263f,0.7469f,-0.0157f,0.9981f,0.0597f,-0.3979f,0.0254f,0.0601f,-0.9979f,-4.2624f,0f,0f,0f,1f],start_interpolation: 0,interpolation_duration: 1}
$data merge entity $(bone_left_foot) {transformation: [-1f,0.0009f,-0.0011f,0.7528f,0.0014f,0.746f,-0.666f,0.4632f,0.0002f,-0.666f,-0.746f,-4.7627f,0f,0f,0f,1f],start_interpolation: 0,interpolation_duration: 1}
$data merge entity $(bone_left_knee) {transformation: [-1.585f,0f,0f,0.7689f,0f,1.4463f,-0.6484f,0.747f,0f,-0.6484f,-1.4463f,-2.7044f,0f,0f,0f,1f],start_interpolation: 0,interpolation_duration: 1}
$data merge entity $(bone_left_thigh) {transformation: [-1.6037f,0f,0f,0.7385f,0f,1.3689f,-0.8354f,1.7965f,0f,-0.8354f,-1.3689f,-4.5308f,0f,0f,0f,1f],start_interpolation: 0,interpolation_duration: 1}
$data merge entity $(bone_left_leg) {transformation: [-1f,0f,0f,0.5257f,0f,0.8755f,-0.4832f,1.9095f,0f,-0.4832f,-0.8755f,-4.9316f,0f,0f,0f,1f],start_interpolation: 0,interpolation_duration: 1}
$data merge entity $(bone_left_fingers2) {transformation: [-1f,-0.0049f,-0.0077f,-0.7485f,-0.0039f,0.9922f,-0.1247f,-0.5303f,0.0082f,-0.1247f,-0.9922f,-5.9298f,0f,0f,0f,1f],start_interpolation: 0,interpolation_duration: 1}
$data merge entity $(bone_right_foot) {transformation: [-1f,-0.0002f,-0.0035f,-0.7528f,-0.0004f,0.9983f,0.0583f,0.4319f,0.0035f,0.0583f,-0.9983f,-5.6729f,0f,0f,0f,1f],start_interpolation: 0,interpolation_duration: 1}
$data merge entity $(bone_right_knee) {transformation: [-1.585f,0f,0f,-0.7689f,0f,1.5815f,0.1048f,-0.2511f,0f,0.1048f,-1.5815f,-3.7154f,0f,0f,0f,1f],start_interpolation: 0,interpolation_duration: 1}
$data merge entity $(bone_right_thigh) {transformation: [-1.6037f,0f,0f,-0.7385f,0f,1.6025f,0.0616f,1.609f,0f,0.0616f,-1.6025f,-4.6434f,0f,0f,0f,1f],start_interpolation: 0,interpolation_duration: 1}
$data merge entity $(bone_right_leg) {transformation: [-1f,0f,0f,-0.5257f,0f,0.9966f,0.082f,1.9107f,0f,0.082f,-0.9966f,-4.9316f,0f,0f,0f,1f],start_interpolation: 0,interpolation_duration: 1}