# This file was generated by Animated Java via MC-Build. It is not recommended to edit this file directly.
$data merge entity $(bone_neck) { transformation: [-1f,-5.175581015019659e-17f,1.1099069304367545e-16f,1.3474615680104005e-16f,0f,0.9063077870366499f,0.42261826174069944f,2.6214479594523055f,-1.2246467991473532e-16f,0.42261826174069944f,-0.9063077870366499f,-1.1002858693204896f,0f,0f,0f,1f], start_interpolation: 0, interpolation_duration: 1 }
$data merge entity $(bone_left_fingers_2) { transformation: [-1f,-2.5043543532631977e-17f,1.1987668144367252e-16f,2.92662f,0f,0.978867388761685f,0.20449605184179007f,0.12210380539770241f,-1.2246467991473532e-16f,0.20449605184179007f,-0.978867388761685f,-0.3676777721125354f,0f,0f,0f,1f], start_interpolation: 0, interpolation_duration: 1 }
$data merge entity $(bone_left_fingers) { transformation: [-1f,-2.5043543532631977e-17f,1.1987668144367252e-16f,2.94037f,0f,0.978867388761685f,0.20449605184179007f,0.24562148947712836f,-1.2246467991473532e-16f,0.20449605184179007f,-0.978867388761685f,-0.9306375791301511f,0f,0f,0f,1f], start_interpolation: 0, interpolation_duration: 1 }
$data merge entity $(bone_left_index_finger_2) { transformation: [-1f,-2.5043543532631984e-17f,1.1987668144367254e-16f,2.479745f,0f,0.9788673887616851f,0.2044960518417901f,0.20165473306688542f,-1.2246467991473532e-16f,0.2044960518417901f,-0.9788673887616851f,-0.3559661191389504f,0f,0f,0f,1f], start_interpolation: 0, interpolation_duration: 1 }
$data merge entity $(bone_left_index_finger) { transformation: [-1f,-8.116211999187076e-18f,1.2219543743283882e-16f,2.479745f,0f,0.99780146829205f,0.06627390039999989f,0.24562148947712836f,-1.2246467991473532e-16f,0.06627390039999989f,-0.99780146829205f,-0.9306375791301512f,0f,0f,0f,1f], start_interpolation: 0, interpolation_duration: 1 }
$data merge entity $(bone_left_thumb) { transformation: [-0.9813339756254396f,0.17432603800564533f,0.08120382230180727f,2.217398125f,0.18700763860567443f,0.9635073976503431f,0.19152450959653405f,0.14729661030045477f,-0.04485277456633723f,0.20313524348649517f,-0.9781228457956512f,-1.7360130657798385f,0f,0f,0f,1f], start_interpolation: 0, interpolation_duration: 1 }
$data merge entity $(bone_left_hand) { transformation: [-1f,-2.5043543532631977e-17f,1.1987668144367252e-16f,2.823495f,0f,0.978867388761685f,0.20449605184179007f,0.27761486523399803f,-1.2246467991473532e-16f,0.20449605184179007f,-0.978867388761685f,-1.654724405507396f,0f,0f,0f,1f], start_interpolation: 0, interpolation_duration: 1 }
$data merge entity $(bone_left_forearm) { transformation: [-2.001329166666667f,-3.960782566764084e-17f,2.4187057526044264e-16f,2.8076250000000003f,0f,1.975023128536672f,0.32342244061893827f,1.5057834451211678f,-2.4509213579985735e-16f,0.32342244061893827f,-1.975023128536672f,-3.5245413238809933f,0f,0f,0f,1f], start_interpolation: 0, interpolation_duration: 1 }
$data merge entity $(bone_left_bicep) { transformation: [-1.2901533333333335f,-1.2830774768597805e-16f,9.219846977763657e-17f,1.9040731250000003f,0f,0.7528576389684664f,1.0477122691645533f,2.137896842219892f,-1.579982150075955e-16f,1.0477122691645533f,-0.7528576389684664f,-2.0245892041714337f,0f,0f,0f,1f], start_interpolation: 0, interpolation_duration: 1 }
$data merge entity $(bone_left_shoulder) { transformation: [-1.2327766666666666f,-1.226015492989162e-16f,8.809815027999943e-17f,1.4993293750000003f,0f,0.7193759893982234f,1.001117623336591f,2.185487639049439f,-1.5097159988968769e-16f,1.001117623336591f,-0.7193759893982234f,-1.914344930271009f,0f,0f,0f,1f], start_interpolation: 0, interpolation_duration: 1 }
$data merge entity $(bone_right_fingers_2) { transformation: [-1f,-2.5043543532631977e-17f,1.1987668144367252e-16f,-2.92662f,0f,0.978867388761685f,0.20449605184179007f,0.12210697069457871f,-1.2246467991473532e-16f,0.20449605184179007f,-0.978867388761685f,-0.3676779327116704f,0f,0f,0f,1f], start_interpolation: 0, interpolation_duration: 1 }
$data merge entity $(bone_right_fingers) { transformation: [-1f,-2.5043543532631977e-17f,1.1987668144367252e-16f,-2.94037f,0f,0.978867388761685f,0.20449605184179007f,0.2456254216341991f,-1.2246467991473532e-16f,0.20449605184179007f,-0.978867388761685f,-0.930641410481994f,0f,0f,0f,1f], start_interpolation: 0, interpolation_duration: 1 }
$data merge entity $(bone_right_index_finger_2) { transformation: [-1f,-2.5043543532631984e-17f,1.1987668144367254e-16f,-2.479745f,0f,0.9788673887616851f,0.2044960518417901f,0.20165802617379414f,-1.2246467991473532e-16f,0.2044960518417901f,-0.9788673887616851f,-0.3559668915302032f,0f,0f,0f,1f], start_interpolation: 0, interpolation_duration: 1 }
$data merge entity $(bone_right_index_finger) { transformation: [-1f,-8.116211999187076e-18f,1.2219543743283882e-16f,-2.479745f,0f,0.99780146829205f,0.06627390039999989f,0.24562478258403708f,-1.2246467991473532e-16f,0.06627390039999989f,-0.99780146829205f,-0.9306383515214041f,0f,0f,0f,1f], start_interpolation: 0, interpolation_duration: 1 }
$data merge entity $(bone_right_thumb) { transformation: [-0.9813339756254396f,-0.1743260380056454f,-0.08120382230180702f,-2.217398125f,-0.18700763860567443f,0.9635073976503431f,0.19152450959653405f,0.14729990340736349f,0.044852774566336996f,0.20313524348649512f,-0.9781228457956513f,-1.7360138381710915f,0f,0f,0f,1f], start_interpolation: 0, interpolation_duration: 1 }
$data merge entity $(bone_right_hand) { transformation: [-1f,-2.5043543532631977e-17f,1.1987668144367252e-16f,-2.823495f,0f,0.978867388761685f,0.20449605184179007f,0.27761815834090675f,-1.2246467991473532e-16f,0.20449605184179007f,-0.978867388761685f,-1.654725177898649f,0f,0f,0f,1f], start_interpolation: 0, interpolation_duration: 1 }
$data merge entity $(bone_right_forearm) { transformation: [-2.00133125f,-3.9607866898391304e-17f,2.4187082704162894e-16f,-2.8076249999999994f,0f,1.9750251844860809f,0.3234227772935655f,1.5057841593159038f,-2.450923909346071e-16f,0.3234227772935655f,-1.9750251844860809f,-3.524545685208301f,0f,0f,0f,1f], start_interpolation: 0, interpolation_duration: 1 }
$data merge entity $(bone_right_bicep) { transformation: [-1.2901533333333333f,-1.2830774768597802e-16f,9.219846977763656e-17f,-1.9040731249999998f,0f,0.7528576389684662f,1.0477122691645533f,2.137896842219892f,-1.5799821500759548e-16f,1.0477122691645533f,-0.7528576389684662f,-2.024589204171434f,0f,0f,0f,1f], start_interpolation: 0, interpolation_duration: 1 }
$data merge entity $(bone_right_shoulder) { transformation: [-1.2327766666666666f,-1.226015492989162e-16f,8.809815027999943e-17f,-1.4993293749999999f,0f,0.7193759893982234f,1.001117623336591f,2.185487639049439f,-1.5097159988968769e-16f,1.001117623336591f,-0.7193759893982234f,-1.9143449302710092f,0f,0f,0f,1f], start_interpolation: 0, interpolation_duration: 1 }
$data merge entity $(bone_chest) { transformation: [-4.0674850000000005f,-1.4397345763775855e-16f,4.768630980425064e-16f,1.455594071151507e-16f,0f,3.893882696419221f,1.1756324985946842f,2.2224062493273555f,-4.981232485829872e-16f,1.1756324985946842f,-3.893882696419221f,-1.1885827588533673f,0f,0f,0f,1f], start_interpolation: 0, interpolation_duration: 1 }
$data merge entity $(bone_weist) { transformation: [-1.0999999999999999f,-4.607392611444691e-17f,1.265870716250635e-16f,4.380178372957472e-16f,0f,1.0336618828644992f,0.3762221576582356f,3.2219117081497894f,-1.3471114790620883e-16f,0.3762221576582356f,-1.0336618828644992f,-3.576687070922916f,0f,0f,0f,1f], start_interpolation: 0, interpolation_duration: 1 }
$data merge entity $(bone_right_fingers2) { transformation: [-0.999812102659623f,-0.018808009940856987f,-0.00469234881570318f,0.803487020962674f,-0.018442442411541297f,0.8483865203830875f,0.5290559406623971f,0.1582304941860908f,-0.00596956390706969f,0.5290430708310444f,-0.8485739764525058f,-4.82129984513217f,0f,0f,0f,1f], start_interpolation: 0, interpolation_duration: 1 }
$data merge entity $(bone_left_foot) { transformation: [-0.999812102659623f,-0.01880120290817934f,0.004719549189178453f,0.7890255770078524f,-0.018442442411541297f,0.9975761762788675f,0.06709432791772219f,1.1180500860823688f,-0.00596956390706969f,0.06699468105782219f,-0.997735474470423f,-4.556027680598848f,0f,0f,0f,1f], start_interpolation: 0, interpolation_duration: 1 }
$data merge entity $(bone_left_knee) { transformation: [-1.58471634672029f,-0.016847758065734682f,0.025693618267650764f,0.7789483525637453f,-0.02923153249022712f,1.23492626476994f,-0.9931629003459931f,1.9136599480143879f,-0.009461843361527476f,-0.9934501407537022f,-1.2350049392171187f,-2.6366300364710153f,0f,0f,0f,1f], start_interpolation: 0, interpolation_duration: 1 }
$data merge entity $(bone_left_thigh) { transformation: [-1.6033520111371131f,-0.02120204160898656f,0.022733572646999035f,0.7385400000000005f,-0.029575284248076237f,1.401571083931367f,-0.7787347512216269f,3.036008183982265f,-0.009573111058118665f,-0.7790076916373639f,-1.401698749883728f,-4.418997715484025f,0f,0f,0f,1f], start_interpolation: 0, interpolation_duration: 1 }
$data merge entity $(bone_left_leg) { transformation: [-1f,-4.1885387376769924e-17f,1.1507915602278503e-16f,0.5257450000000006f,0f,0.9396926207859084f,0.34202014332566877f,3.41234634099681f,-1.2246467991473532e-16f,0.34202014332566877f,-0.9396926207859084f,-4.597383594963181f,0f,0f,0f,1f], start_interpolation: 0, interpolation_duration: 1 }
$data merge entity $(bone_left_fingers2) { transformation: [-0.999812102659623f,0.01820429955454493f,-0.006660544502666327f,-0.8024127159506174f,0.018442442411541297f,0.9991213360842965f,-0.03763551645756141f,-0.05034618666963275f,0.005969563907069445f,-0.037751281552535154f,-0.9992693355887095f,-3.8762000149443057f,0f,0f,0f,1f], start_interpolation: 0, interpolation_duration: 1 }
$data merge entity $(bone_right_foot) { transformation: [-0.999812102659623f,0.009398852644593397f,-0.016953493572382745f,-0.7946726476794281f,0.018442442411541297f,0.7305478193286266f,-0.6826124522685515f,0.7991745898270153f,0.005969563907069445f,-0.6827968550331449f,-0.730583889134989f,-4.395898624976197f,0f,0f,0f,1f], start_interpolation: 0, interpolation_duration: 1 }
$data merge entity $(bone_right_knee) { transformation: [-1.58471634672029f,0.011511456857072208f,-0.02848675714350517f,-0.7788198680618661f,0.02923153249022712f,1.0174410328267278f,-1.2150017163620725f,1.9769146576320011f,0.009461843361527087f,-1.2152987861491251f,-1.0174621577428287f,-2.689740067210427f,0f,0f,0f,1f], start_interpolation: 0, interpolation_duration: 1 }
$data merge entity $(bone_right_thigh) { transformation: [-1.6033520111371131f,0.02120204160898675f,-0.022733572646998695f,-0.7385399999999994f,0.029575284248076237f,1.401571083931367f,-0.7787347512216269f,3.0846594742464064f,0.009573111058118271f,-0.7790076916373639f,-1.401698749883728f,-4.448510987289526f,0f,0f,0f,1f], start_interpolation: 0, interpolation_duration: 1 }
$data merge entity $(bone_right_leg) { transformation: [-1f,-4.1885387376769924e-17f,1.1507915602278503e-16f,-0.5257449999999995f,0f,0.9396926207859084f,0.34202014332566877f,3.41234634099681f,-1.2246467991473532e-16f,0.34202014332566877f,-0.9396926207859084f,-4.597383594963181f,0f,0f,0f,1f], start_interpolation: 0, interpolation_duration: 1 }