execute if entity @s[tag=aj.attack.bone.right_thumb_2] run data modify entity @s {} merge value {transformation:[-0.5824673295242603f,-0.21875257228614403f,-0.7828659669158387f,-3.438920278225601f,0.7833160424404635f,-0.4083276989606757f,-0.46870509696064666f,2.1050964246649886f,-0.2171354132616012f,-0.8862368771269195f,0.4091899435812646f,2.2241263447185324f,0f,0f,0f,1f],start_interpolation:0}
execute if entity @s[tag=aj.attack.bone.right_thumb] run data modify entity @s {} merge value {transformation:[-0.5824673295242603f,-0.3190656273855938f,-0.7476154997442958f,-3.6163320044098044f,0.7833160424404635f,-0.4660126904715574f,-0.41139780015803423f,2.0871226338191935f,-0.2171354132616012f,-0.8252449925570571f,0.5213663918658508f,1.9555433740267962f,0f,0f,0f,1f],start_interpolation:0}
execute if entity @s[tag=aj.attack.bone.right_fingers2] run data modify entity @s {} merge value {transformation:[0.5840965302899545f,-0.006809222856848637f,-0.8116556399035991f,-3.563221708841215f,-0.7544323966871428f,0.36434189866319844f,-0.5459732042027231f,1.9699428805720305f,0.299437810124455f,0.9312403639032085f,0.20767374052895926f,2.6681828979752606f,0f,0f,0f,1f],start_interpolation:0}
execute if entity @s[tag=aj.attack.bone.right_fingers] run data modify entity @s {} merge value {transformation:[0.09472152260501523f,-0.576405200677497f,-0.8116556399035991f,-3.8462925637705228f,0.22780091569308886f,0.8062381801316539f,-0.5459732042027231f,2.3354384517745994f,0.9690895603424778f,-0.13318048479387928f,0.20767374052895926f,2.5618609927209173f,0f,0f,0f,1f],start_interpolation:0}
execute if entity @s[tag=aj.attack.locator_origin.right_hand] at @s on origin run tp @s ^-3.73836 ^2.19135 ^2.63476 ~-104.35204 ~-33.09119
execute if entity @s[tag=aj.attack.bone.right_hand] run data modify entity @s {} merge value {transformation:[-0.5824673295242603f,-0.044124055225633285f,-0.8116556399035991f,-3.937548274528441f,0.7833160424404635f,-0.2972023518547945f,-0.5459732042027231f,2.1588773402304686f,-0.2171354132616012f,-0.9537944379175334f,0.20767374052895926f,1.8818720458384999f,0f,0f,0f,1f],start_interpolation:0}
execute if entity @s[tag=aj.attack.bone.right_forearm] run data modify entity @s {} merge value {transformation:[-0.8768050597633137f,-0.06642122728275655f,-1.2218089080363852f,-4.003835694693314f,1.1791484854035346f,-0.44738736864895134f,-0.8218693885048152f,1.4829140345139609f,-0.3268602706989085f,-1.4357745864017026f,0.3126173387690079f,-0.18049948599828824f,0f,0f,0f,1f],start_interpolation:0}
execute if entity @s[tag=aj.attack.bone.right_bicep] run data modify entity @s {} merge value {transformation:[-0.8552063165018311f,1.246081622568177f,0.456953940958683f,-2.117226385348397f,1.3034829739730744f,0.8909182895303325f,0.010044699452889943f,2.6941161939377554f,-0.24991688782897806f,0.3826870122210167f,-1.5112896340211142f,0.33562631808106325f,0f,0f,0f,1f],start_interpolation:0}
execute if entity @s[tag=aj.attack.bone.right_shoulder] run data modify entity @s {} merge value {transformation:[-0.957130000012359f,-0.011902138423211556f,0.2894140669996811f,-1.8215616441423093f,-0.010510618324476619f,0.9999245239670952f,0.006361860703841052f,2.9390194739114346f,-0.2894679429207635f,0.003047206939577829f,-0.9571828584711957f,0.4266513244347371f,0f,0f,0f,1f],start_interpolation:0}
execute if entity @s[tag=aj.attack.bone.right_arm] run data modify entity @s {} merge value {transformation:[-1.4128616265889093f,0.00031332941832252917f,-0.3786397595852562f,-1.4667968194313705f,0.05032469467758535f,1.4498967395652398f,-0.18658245176130392f,3.0555934100733646f,0.3752806827159011f,-0.19324980730734792f,-1.400487437557911f,0.3066859978943674f,0f,0f,0f,1f],start_interpolation:0}
execute if entity @s[tag=aj.attack.bone.left_thumb_2] run data modify entity @s {} merge value {transformation:[-0.8478124697575262f,0.40256040262603754f,0.3451943486808642f,2.1302689874770153f,-0.5226080380508061f,-0.7447051065163025f,-0.4150845009070199f,2.217036821565378f,0.08997141039425094f,-0.5323151571823831f,0.8417515778099642f,2.1361034923231017f,0f,0f,0f,1f],start_interpolation:0}
execute if entity @s[tag=aj.attack.bone.left_thumb] run data modify entity @s {} merge value {transformation:[-0.8478124697575262f,0.4311142086093118f,0.3087953290754416f,2.378955699187996f,-0.5226080380508061f,-0.7780482767329815f,-0.34859965237722934f,2.071150351041145f,0.08997141039425094f,-0.4569260533259235f,0.8849427818247149f,1.991857705462664f,0f,0f,0f,1f],start_interpolation:0}
execute if entity @s[tag=aj.attack.bone.left_fingers2] run data modify entity @s {} merge value {transformation:[0.8548536841043445f,0.2360623071223593f,0.46206034879580227f,2.041250368033499f,0.14104311749640192f,0.751263304482074f,-0.6447559897709916f,2.215296574841625f,-0.49933157098277475f,0.6163424652697099f,0.6089252398489743f,2.67805956893824f,0f,0f,0f,1f],start_interpolation:0}
execute if entity @s[tag=aj.attack.bone.left_fingers] run data modify entity @s {} merge value {transformation:[0.22299088720824498f,0.8583561605142594f,0.46206034879580227f,2.4605374434573135f,-0.5800915478643188f,0.49777857502187456f,-0.6447559897709916f,2.417984042291714f,-0.7834340178460842f,-0.12426259274782053f,0.6089252398489743f,2.587856420782376f,0f,0f,0f,1f],start_interpolation:0}
execute if entity @s[tag=aj.attack.bone.left_hand] run data modify entity @s {} merge value {transformation:[-0.8478124697575262f,0.26021961915725167f,0.46206034879580227f,2.7105141975359017f,-0.5226080380508061f,-0.5578266327624708f,-0.6447559897709916f,2.0384807593656067f,0.08997141039425094f,-0.788108620423948f,0.6089252398489743f,2.044372033328117f,0f,0f,0f,1f],start_interpolation:0}
execute if entity @s[tag=aj.attack.bone.left_forearm] run data modify entity @s {} merge value {transformation:[-1.2762368385897058f,0.39171618245630313f,0.6955529198024946f,3.2363974624345846f,-0.7866971224123218f,-0.839712700240803f,-0.9705699967853089f,0.808493622663822f,0.13543658823260246f,-1.1863628928255983f,0.9166329238641568f,0.33402844699063194f,0f,0f,0f,1f],start_interpolation:0}
execute if entity @s[tag=aj.attack.bone.left_bicep] run data modify entity @s {} merge value {transformation:[-1.2515194397578482f,-0.7969047978215824f,0.5399499913525229f,1.8812420581187976f,-0.9008012319888214f,1.2817924668164695f,-0.19613610199149129f,2.6336342850339562f,-0.3393528995014898f,-0.46352451204433404f,-1.4706763050985892f,-0.3843497636319446f,0f,0f,0f,1f],start_interpolation:0}
execute if entity @s[tag=aj.attack.bone.left_shoulder] run data modify entity @s {} merge value {transformation:[-0.9397071950308308f,0.00021421029731281496f,0.3419800311732201f,1.6469190997838206f,-0.04498179929909712f,0.9912341245131637f,-0.12422378247516695f,2.86194017347027f,-0.3390088868143486f,-0.13211685931239198f,-0.9314602032005048f,-0.5008279483639599f,0f,0f,0f,1f],start_interpolation:0}
execute if entity @s[tag=aj.attack.bone.left_arm] run data modify entity @s {} merge value {transformation:[-1.4128616265889093f,0.00031332941832252917f,-0.3786397595852562f,1.2879641918830218f,0.05032469467758535f,1.4498967395652398f,-0.18658245176130392f,2.8955190139716667f,0.3752806827159011f,-0.19324980730734792f,-1.400487437557911f,-0.41677281121626963f,0f,0f,0f,1f],start_interpolation:0}
execute if entity @s[tag=aj.attack.bone.chest] run data modify entity @s {} merge value {transformation:[-1.9950595022668312f,0.0004424430684505985f,-0.5346658413537548f,-0.017385782400147553f,0.07106199108655287f,2.0473556738596153f,-0.26346748070534226f,3.8415656677794687f,0.5299225897140092f,-0.2728822533814473f,-1.9775862812913687f,0.1000072393014213f,0f,0f,0f,1f],start_interpolation:0}
execute if entity @s[tag=aj.attack.bone.weist] run data modify entity @s {} merge value {transformation:[-2.0180599449635586f,0.0004475438619010693f,-0.5408298434960377f,0.017525019093400766f,0.07188124347077725f,2.070959023435366f,-0.2665049182782713f,0.2638165131540877f,0.5360319083306065f,-0.27602823104513224f,-2.000385280463571f,0.7112118021455237f,0f,0f,0f,1f],start_interpolation:0}
execute if entity @s[tag=aj.attack.bone.right_foot] run data modify entity @s {} merge value {transformation:[-1.0887496996004689f,0.24520902988005414f,-0.19436505777832475f,-0.7498798257731084f,-0.002185351298895776f,0.6977052314065199f,0.8924594033947287f,-5.870331875987548f,0.3128905052244142f,0.8581148490343572f,-0.6700892403308337f,1.1829987991196056f,0f,0f,0f,1f],start_interpolation:0}
execute if entity @s[tag=aj.attack.bone.right_knee] run data modify entity @s {} merge value {transformation:[-3.002237953836126f,0.49102479351425016f,-0.6942803762731101f,-0.1320351872605815f,-0.02469086714863432f,2.4961801479631833f,1.8721747648581644f,-2.7563037727450994f,0.8500123233242514f,1.8068045387497131f,-2.3978114456996242f,3.5813863788681357f,0f,0f,0f,1f],start_interpolation:0}
execute if entity @s[tag=aj.attack.bone.right_thigh] run data modify entity @s {} merge value {transformation:[-2.2898517636527416f,-0.5412788817965591f,-0.375476285085939f,-0.8219013416964449f,0.08498493272184521f,1.104017972507907f,-2.109812372139816f,-1.4311996942861491f,0.6532555623575924f,-2.040967382528452f,-1.0416792604963718f,0.7019655027045922f,0f,0f,0f,1f],start_interpolation:0}
execute if entity @s[tag=aj.attack.bone.right_leg] run data modify entity @s {} merge value {transformation:[-1.098142048286056f,0.00024353425894629052f,-0.29429650669851165f,-0.7953200000000001f,0.03911470327496809f,1.1269274679315189f,-0.1450205964232116f,-1.5464168750000002f,0.29168567525950534f,-0.15020277657319633f,-1.088524250596139f,0.7127399999999999f,0f,0f,0f,1f],start_interpolation:0}
execute if entity @s[tag=aj.attack.bone.left_foot] run data modify entity @s {} merge value {transformation:[-0.7195558001490278f,-0.029520727338454147f,-0.8744421819247405f,3.0167593448864736f,-0.08158963777783781f,1.129505603713562f,0.029006457676581207f,-6.480695315424346f,0.871127851626369f,0.08140497673404674f,-0.719576714661999f,0.8745395298456782f,0f,0f,0f,1f],start_interpolation:0}
execute if entity @s[tag=aj.attack.bone.left_knee] run data modify entity @s {} merge value {transformation:[-1.8036121833514915f,0.08237672031569165f,-2.5449480325134086f,3.232988115466879f,-0.58889244263536f,3.0206647239063313f,0.5151248750862479f,-2.642680382062352f,2.4772468797539737f,0.7780501409778761f,-1.730447686308743f,1.9012101186316124f,0f,0f,0f,1f],start_interpolation:0}
execute if entity @s[tag=aj.attack.bone.left_thigh] run data modify entity @s {} merge value {transformation:[-1.3685840892364263f,-1.8416202590816966f,-0.6424941868011036f,0.63315657651521f,-0.3497281123204811f,1.0038553134224455f,-2.1324519045480774f,-1.4642989577477137f,1.918867949126802f,-1.1305289465988184f,-0.8468981419040376f,0.36005019838533775f,0f,0f,0f,1f],start_interpolation:0}
execute if entity @s[tag=aj.attack.bone.left_leg] run data modify entity @s {} merge value {transformation:[-1.098142048286056f,0.00024353425894629052f,-0.29429650669851165f,0.60782f,0.03911470327496809f,1.1269274679315189f,-0.1450205964232116f,-1.5776668750000002f,0.29168567525950534f,-0.15020277657319633f,-1.088524250596139f,0.38461500000000004f,0f,0f,0f,1f],start_interpolation:0}