execute if entity @s[tag=aj.attack.bone.neck] run data modify entity @s {} merge value {transformation:[-1.0489695833333332f,-3.4599887743977415e-17f,1.2371443880477792e-16f,-2.885727101340844e-17f,0f,1.0102050557835347f,0.28252952417029303f,0.3894187499999999f,-1.2846172426320994e-16f,0.28252952417029303f,-1.0102050557835347f,0.2356375f,0f,0f,0f,1f],start_interpolation:0}
execute if entity @s[tag=aj.attack.bone.right_thumb_2] run data modify entity @s {} merge value {transformation:[-0.8983188715361264f,0.19278884401316362f,-0.3947855958189562f,-3.475601807896277f,0.43714201913070616f,0.48207008844829247f,-0.7592860363089688f,-4.378999577532642f,0.04393244987921291f,-0.8546583477902288f,-0.5173287623939796f,0.28072300552008794f,0f,0f,0f,1f],start_interpolation:0}
execute if entity @s[tag=aj.attack.bone.right_thumb] run data modify entity @s {} merge value {transformation:[-0.8983188715361264f,0.1396096481614755f,-0.41657214403064596f,-3.568156199321347f,0.43714201913070616f,0.3788391968888123f,-0.8157130120397548f,-4.20590159217666f,0.04393244987921291f,-0.9148715806280512f,-0.401347643330245f,0.024977894160632397f,0f,0f,0f,1f],start_interpolation:0}
execute if entity @s[tag=aj.attack.bone.right_fingers2] run data modify entity @s {} merge value {transformation:[0.8710489143009168f,-0.35091848645628965f,-0.3437004578967286f,-3.554069997368382f,-0.4908209487974891f,-0.5944669409074002f,-0.6369488616755117f,-4.845730702036072f,0.019198570694886244f,0.7235089992746631f,-0.690047927938233f,0.3638394857448604f,0f,0f,0f,1f],start_interpolation:0}
execute if entity @s[tag=aj.attack.bone.right_fingers] run data modify entity @s {} merge value {transformation:[-0.19433118951035105f,-0.9187520797391814f,-0.3437004578967286f,-3.981460019477379f,-0.6706658156344957f,0.3801361747447704f,-0.6369488616755117f,-4.640236574205647f,0.715851068674769f,0.10672911798259288f,-0.690047927938233f,0.3752588309493423f,0f,0f,0f,1f],start_interpolation:0}
execute if entity @s[tag=aj.attack.locator_origin.right_hand] at @s on origin run tp @s ^-3.82012 ^-4.74791 ^0.38529 ~-26.47707 ~-39.56468
execute if entity @s[tag=aj.attack.bone.right_hand] run data modify entity @s {} merge value {transformation:[-0.8983188715361264f,0.27366622057469814f,-0.3437004578967286f,-3.8547041741598758f,0.43714201913070616f,0.6349826790713266f,-0.6369488616755117f,-4.183838317816992f,0.04393244987921291f,-0.7224290947876901f,-0.690047927938233f,-0.15154282620554138f,0f,0f,0f,1f],start_interpolation:0}
execute if entity @s[tag=aj.attack.bone.right_forearm] run data modify entity @s {} merge value {transformation:[-1.352265598290418f,0.41195774376252664f,-0.5173823238686344f,-3.220042632442058f,0.6580426313730101f,0.9558579471342077f,-0.9588176991552801f,-2.8207157846216213f,0.06613279816630069f,-1.0874935872325082f,-1.0387492723233205f,-1.7180033060892579f,0f,0f,0f,1f],start_interpolation:0}
execute if entity @s[tag=aj.attack.bone.right_bicep] run data modify entity @s {} merge value {transformation:[-1.4380832244595296f,0.6511667751903013f,-0.02833069820511955f,-2.179186793098155f,0.4904008986295088f,1.1261965334913866f,0.9920143570633434f,-1.1766580547113714f,0.4293340845960127f,0.8947442969277267f,-1.2280101974185134f,-0.4906547389892737f,0f,0f,0f,1f],start_interpolation:0}
execute if entity @s[tag=aj.attack.bone.right_shoulder] run data modify entity @s {} merge value {transformation:[-0.910817212346747f,0.41241973820712063f,-0.017943389592575108f,-1.795433125f,0.31059786514785176f,0.7132822146470017f,0.6282972612019453f,-1.1011776679700782f,0.2719208926480231f,0.5666907814720817f,-0.7777664085932636f,-0.4385333330737441f,0f,0f,0f,1f],start_interpolation:0}
execute if entity @s[tag=aj.attack.bone.right_arm] run data modify entity @s {} merge value {transformation:[-1.4627187500000003f,-4.257700273653143e-17f,1.739978488407462e-16f,-1.4259925f,0f,1.4208002581796668f,0.3476676113159745f,-0.9715292668732373f,-1.791313835240318e-16f,0.3476676113159745f,-1.4208002581796668f,-0.4152061020111377f,0f,0f,0f,1f],start_interpolation:0}
execute if entity @s[tag=aj.attack.bone.left_thumb_2] run data modify entity @s {} merge value {transformation:[-0.9715638932278438f,0.004700922869404673f,0.23673086554171802f,2.5569409265567513f,-0.22762348204835442f,0.25676985401080893f,-0.9392852561876239f,-4.704116319831994f,-0.06520085732670643f,-0.966461144276087f,-0.248398278593912f,0.8333843100196022f,0f,0f,0f,1f],start_interpolation:0}
execute if entity @s[tag=aj.attack.bone.left_thumb] run data modify entity @s {} merge value {transformation:[-0.9715638932278438f,0.025315488856223603f,0.23542032070304697f,2.7075768294812153f,-0.22762348204835442f,0.1739286630404026f,-0.9580899595513777f,-4.620671544662914f,-0.06520085732670643f,-0.9844328043076116f,-0.16322040928423748f,0.560839663882977f,0f,0f,0f,1f],start_interpolation:0}
execute if entity @s[tag=aj.attack.bone.left_fingers2] run data modify entity @s {} merge value {transformation:[0.7782787666085887f,0.5865819258310647f,0.2240620577753702f,2.534731176992809f,0.4942277975245308f,-0.3521387541095091f,-0.7948189617820238f,-5.215856189892824f,-0.38732550342091515f,0.7293284185759676f,-0.5639672084946186f,1.031557881569377f,0f,0f,0f,1f],start_interpolation:0}
execute if entity @s[tag=aj.attack.bone.left_fingers] run data modify entity @s {} merge value {transformation:[-0.11885546586620699f,0.9673001460245904f,0.2240620577753702f,2.9875800968351323f,0.5520750054781022f,0.25194445085792094f,-0.7948189617820238f,-5.077676173787775f,-0.8252796898991761f,0.02923048379187495f,-0.5639672084946186f,1.0023242029971393f,0f,0f,0f,1f],start_interpolation:0}
execute if entity @s[tag=aj.attack.bone.left_hand] run data modify entity @s {} merge value {transformation:[-0.9715638932278438f,-0.07654930203092472f,0.2240620577753702f,3.0008839911255443f,-0.22762348204835442f,0.5625392149992108f,-0.7948189617820238f,-4.690068284885374f,-0.06520085732670643f,-0.823219190706005f,-0.5639672084946186f,0.4094755464285136f,0f,0f,0f,1f],start_interpolation:0}
execute if entity @s[tag=aj.attack.bone.left_forearm] run data modify entity @s {} merge value {transformation:[-1.4625234657560928f,-0.11523189703512692f,0.3372871507126166f,2.7916400756392274f,-0.3426482665456144f,0.846806687732083f,-1.1964641653901995f,-3.4743308435599447f,-0.09814875222556324f,-1.2392158583294786f,-0.8489562879905307f,-1.3773921615089195f,0f,0f,0f,1f],start_interpolation:0}
execute if entity @s[tag=aj.attack.bone.left_bicep] run data modify entity @s {} merge value {transformation:[-1.5336455184143596f,-0.37528067082117916f,1.802117989455459e-16f,2.044845625f,-0.3497645383950664f,1.4293696918524803f,0.5722510023925479f,-1.371922621550662f,-0.1360159901382199f,0.5558514731166909f,-1.471541011424815f,-0.5372555194662764f,0f,0f,0f,1f],start_interpolation:0}
execute if entity @s[tag=aj.attack.bone.left_shoulder] run data modify entity @s {} merge value {transformation:[-1f,-4.43858583473381e-17f,1.1413804538973241e-16f,1.795433125f,0f,0.9320078692827984f,0.3624380382837016f,-1.1467093274925748f,-1.2246467991473532e-16f,0.3624380382837016f,-0.9320078692827984f,-0.44967485927653306f,0f,0f,0f,1f],start_interpolation:0}
execute if entity @s[tag=aj.attack.bone.left_arm] run data modify entity @s {} merge value {transformation:[-1.4627187500000003f,-4.257700273653143e-17f,1.739978488407462e-16f,1.4259925f,0f,1.4208002581796668f,0.3476676113159745f,-1.032238146236566f,-1.791313835240318e-16f,0.3476676113159745f,-1.4208002581796668f,-0.4300614702815232f,0f,0f,0f,1f],start_interpolation:0}
execute if entity @s[tag=aj.attack.bone.chest] run data modify entity @s {} merge value {transformation:[-2.0654612500000002f,-6.012170780845574e-17f,2.456971405910526e-16f,-5.6514012313573036e-18f,0f,2.0062694056940864f,0.4909310002713829f,-0.2539225636970288f,-2.5294605085753915e-16f,0.4909310002713829f,-2.0062694056940864f,0.04614719309511961f,0f,0f,0f,1f],start_interpolation:0}
execute if entity @s[tag=aj.attack.bone.weist] run data modify entity @s {} merge value {transformation:[-2.0892733333333333f,-6.081483294768421e-17f,2.4852970924200926e-16f,8.352781418878122e-17f,0f,2.029399084005652f,0.49659079654661137f,-3.8098750909243515f,-2.5586219002105877e-16f,0.49659079654661137f,-2.029399084005652f,-0.6820563630831071f,0f,0f,0f,1f],start_interpolation:0}
execute if entity @s[tag=aj.attack.bone.right_foot] run data modify entity @s {} merge value {transformation:[-0.8760486009212493f,-0.29137642705360467f,0.6564448026920446f,-1.8394074085981769f,0.00593613808401634f,1.0324315256670726f,0.46618779421324263f,-10.90424003900047f,-0.7181815672158186f,0.3639588918631286f,-0.7968878929593514f,-1.4309035211425758f,0f,0f,0f,1f],start_interpolation:0}
execute if entity @s[tag=aj.attack.bone.right_knee] run data modify entity @s {} merge value {transformation:[-2.500833273286695f,-0.487306432235967f,1.801368563204483f,-2.5526839762077396f,0.374825443119552f,2.819522539214008f,1.2831063316156615f,-7.352538475300072f,-1.8280870183309548f,1.2447443159715252f,-2.201198028675338f,0.21464154002157176f,0f,0f,0f,1f],start_interpolation:0}
execute if entity @s[tag=aj.attack.bone.right_thigh] run data modify entity @s {} merge value {transformation:[-1.9174454050325203f,1.2182230912546297f,0.718833768473722f,-0.7753199999999998f,0.3839556837101938f,1.61367848094926f,-1.7105572662475732f,-5.312417483447026f,-1.3613844129086963f,-1.2606984683498859f,-1.4948773261488517f,-1.5747059238743193f,0f,0f,0f,1f],start_interpolation:0}
execute if entity @s[tag=aj.attack.bone.right_leg] run data modify entity @s {} merge value {transformation:[-1.136893333333333f,-3.3092835218306766e-17f,1.3523925523029314e-16f,-0.7484449999999998f,0f,1.104312323556898f,0.2702235064130106f,-5.425323125f,-1.3922927816386314e-16f,0.2702235064130106f,-1.104312323556898f,-1.59976f,0f,0f,0f,1f],start_interpolation:0}
execute if entity @s[tag=aj.attack.bone.left_foot] run data modify entity @s {} merge value {transformation:[-1.0910018521595493f,-0.030074544032422466f,-0.30346603234245983f,1.9370466034556544f,-0.05220789061839174f,1.1290748264362882f,0.07579924053079033f,-10.844868832155646f,0.3004504071250544f,0.0869868410112041f,-1.0887809672975006f,-0.19584956272480514f,0f,0f,0f,1f],start_interpolation:0}
execute if entity @s[tag=aj.attack.bone.left_knee] run data modify entity @s {} merge value {transformation:[-2.9923599354251547f,-0.18905738895916566f,-0.8640617111758178f,1.7599644169426665f,-0.41284419017703444f,2.994356322139175f,0.7745664664055647f,-7.051639661574464f,0.7822435756701407f,0.8571177514921028f,-2.896550960811443f,0.992098401828456f,0f,0f,0f,1f],start_interpolation:0}
execute if entity @s[tag=aj.attack.bone.left_thigh] run data modify entity @s {} merge value {transformation:[-2.2852407938062265f,-0.6606848867840521f,-0.13622174108223856f,0.7753200000000002f,-0.2916743781546213f,1.401586769870079f,-1.9046960260623524f,-5.312417483447026f,0.6082655172672927f,-1.8100929188703945f,-1.4251186103630993f,-1.5629871738743193f,0f,0f,0f,1f],start_interpolation:0}
execute if entity @s[tag=aj.attack.bone.left_leg] run data modify entity @s {} merge value {transformation:[-1.136893333333333f,-3.3092835218306766e-17f,1.3523925523029314e-16f,0.7484450000000002f,0f,1.104312323556898f,0.2702235064130106f,-5.425323125f,-1.3922927816386314e-16f,0.2702235064130106f,-1.104312323556898f,-1.58804125f,0f,0f,0f,1f],start_interpolation:0}