execute if entity @s[tag=aj.attack.bone.neck] run data modify entity @s {} merge value {transformation:[-1.0489695833333332f,-1.5178573053552423e-17f,1.27561849785643e-16f,-2.0246473206903612e-17f,0f,1.0416215505928448f,0.12394245478876306f,0.4368517857142855f,-1.2846172426320994e-16f,0.12394245478876306f,-1.0416215505928448f,0.16532499999999994f,0f,0f,0f,1f],start_interpolation:0}
execute if entity @s[tag=aj.attack.bone.right_thumb_2] run data modify entity @s {} merge value {transformation:[-0.9743967720706422f,0.13782017092482018f,-0.17764158033683008f,-4.056101668964795f,0.20838462667484736f,0.2569239419902486f,-0.9436980106992787f,-3.5207798569128226f,-0.08442024605447164f,-0.9565540698352837f,-0.2790654646093954f,1.7147793122164288f,0f,0f,0f,1f],start_interpolation:0}
execute if entity @s[tag=aj.attack.bone.right_thumb] run data modify entity @s {} merge value {transformation:[-0.9743967720706422f,0.11345422119575438f,-0.19411097411320655f,-4.1673802489955225f,0.20838462667484736f,0.13154861410792063f,-0.9691598472346397f,-3.452321620324513f,-0.08442024605447164f,-0.9847959696399811f,-0.15182266048568716f,1.4200500510966865f,0f,0f,0f,1f],start_interpolation:0}
execute if entity @s[tag=aj.attack.bone.right_fingers2] run data modify entity @s {} merge value {transformation:[0.9556107840594019f,-0.2572679073631374f,-0.14360102099347066f,-4.033242371694002f,-0.24725514513481964f,-0.4351937897446713f,-0.8657200809569051f,-3.9508773392564622f,0.16022772105267635f,0.8627975366264458f,-0.4794866924092917f,1.9278453978193923f,0f,0f,0f,1f],start_interpolation:0}
execute if entity @s[tag=aj.attack.bone.right_fingers] run data modify entity @s {} merge value {transformation:[-0.0874193585616624f,-0.9857670122895676f,-0.14360102099347066f,-4.495618455786159f,-0.47151762357475097f,0.16792817537980162f,-0.8657200809569051f,-3.856682094148167f,0.8775129551220809f,-0.007970282009453988f,-0.4794866924092917f,1.8793059120927578f,0f,0f,0f,1f],start_interpolation:0}
execute if entity @s[tag=aj.attack.locator_origin.right_hand] at @s on origin run tp @s ^-4.3153 ^-3.91629 ^1.91999 ~-16.67238 ~-59.96503
execute if entity @s[tag=aj.attack.bone.right_hand] run data modify entity @s {} merge value {transformation:[-0.9743967720706422f,0.17300195764194665f,-0.14360102099347066f,-4.438739985503803f,0.20838462667484736f,0.4550874518085007f,-0.8657200809569051f,-3.5481115732727018f,-0.08442024605447164f,-0.8734790975509946f,-0.4794866924092917f,1.2441402077266657f,0f,0f,0f,1f],start_interpolation:0}
execute if entity @s[tag=aj.attack.bone.right_forearm] run data modify entity @s {} merge value {transformation:[-1.4667878809037902f,0.26042489272885355f,-0.21616680526458376f,-4.020422578875133f,0.31368745641859247f,0.6850564145913474f,-1.3031936880334576f,-2.5644270034320096f,-0.1270802586429728f,-1.3148735620171912f,-0.7217853031122355f,-0.6458523749166956f,0f,0f,0f,1f],start_interpolation:0}
execute if entity @s[tag=aj.attack.bone.right_bicep] run data modify entity @s {} merge value {transformation:[-0.9351790708521112f,1.2579535107109923f,0.18946563903387859f,-2.121400840970942f,1.271892915739663f,0.9199188554015417f,0.17012309782160723f,-1.3029001466000059f,0.02515301922005693f,0.25338986248674505f,-1.5582249713239447f,-0.3377004137104668f,0f,0f,0f,1f],start_interpolation:0}
execute if entity @s[tag=aj.attack.bone.right_shoulder] run data modify entity @s {} merge value {transformation:[-0.9902497479403835f,0.07075078782600369f,0.11999901135428946f,-1.795433125f,0.08383546541972846f,0.9906371258616736f,0.10774831600716572f,-1.0896688253735036f,-0.11125219746982348f,0.11675791573389077f,-0.9869095894111137f,-0.27478571504073646f,0f,0f,0f,1f],start_interpolation:0}
execute if entity @s[tag=aj.attack.bone.right_arm] run data modify entity @s {} merge value {transformation:[-1.4627187500000003f,-1.672435235297302e-17f,1.7834895178163333e-16f,-1.4259925f,0f,1.456329709968677f,0.13656470065178927f,-0.9735608046642764f,-1.791313835240318e-16f,0.13656470065178927f,-1.456329709968677f,-0.27209055400635396f,0f,0f,0f,1f],start_interpolation:0}
execute if entity @s[tag=aj.attack.bone.left_thumb_2] run data modify entity @s {} merge value {transformation:[-0.7795831065179207f,-0.4542590280768373f,0.43115996502754694f,4.213754698584399f,-0.5649213709461232f,0.21280591399983048f,-0.7972311381368954f,-4.44773052606792f,0.2703960515248348f,-0.8650794058220228f,-0.4225205284271935f,1.0257782094062213f,0f,0f,0f,1f],start_interpolation:0}
execute if entity @s[tag=aj.attack.bone.left_thumb] run data modify entity @s {} merge value {transformation:[-0.7795831065179207f,-0.41495236833542454f,0.46911055418173075f,4.209865371362142f,-0.5649213709461232f,0.1425128512633171f,-0.8127446904613728f,-4.323513268182292f,0.2703960515248348f,-0.8986126079894616f,-0.3455160721039716f,0.7283059655451198f,0f,0f,0f,1f],start_interpolation:0}
execute if entity @s[tag=aj.attack.bone.left_fingers2] run data modify entity @s {} merge value {transformation:[0.348906842441499f,0.9032540740359263f,0.24979209962487733f,4.446690816517468f,0.7303998131066629f,-0.0950895601963429f,-0.6763683083612199f,-4.926937044383698f,-0.5871798091822087f,0.4184376336793427f,-0.6929140050609289f,1.1589908582512332f,0f,0f,0f,1f],start_interpolation:0}
execute if entity @s[tag=aj.attack.bone.left_fingers] run data modify entity @s {} merge value {transformation:[-0.6077875529661527f,0.7537892261265159f,0.24979209962487733f,4.776193209567604f,0.44754988131805407f,0.5850000129716048f,-0.6763683083612199f,-4.635462020951955f,-0.6559675252568622f,-0.29929381450142056f,-0.6929140050609289f,0.9815339544528353f,0f,0f,0f,1f],start_interpolation:0}
execute if entity @s[tag=aj.attack.bone.left_hand] run data modify entity @s {} merge value {transformation:[-0.7795831065179207f,-0.5743292496441947f,0.24979209962487733f,4.427280889636588f,-0.5649213709461232f,0.47264125517450833f,-0.6763683083612199f,-4.286692743100713f,0.2703960515248348f,-0.668398202354107f,-0.6929140050609289f,0.4730985283018141f,0f,0f,0f,1f],start_interpolation:0}
execute if entity @s[tag=aj.attack.bone.left_forearm] run data modify entity @s {} merge value {transformation:[-1.173529188082033f,-0.8645545707591878f,0.37601933316823366f,3.1455342647316407f,-0.8503926165585187f,0.7114806667841301f,-1.0181569419851384f,-3.281286265138255f,0.4070350629118368f,-1.0061593089512062f,-1.0430636618100309f,-0.9625128925548276f,0f,0f,0f,1f],start_interpolation:0}
execute if entity @s[tag=aj.attack.bone.left_bicep] run data modify entity @s {} merge value {transformation:[-1.446180465271002f,-0.6208828489077806f,-0.12637526595481677f,2.0411119865702028f,-0.6325011046312824f,1.395981821344525f,0.37958038036794634f,-1.2601059642267203f,-0.03753095460017074f,0.3983006407881179f,-1.5273677307835918f,-0.34709963019503104f,0f,0f,0f,1f],start_interpolation:0}
execute if entity @s[tag=aj.attack.bone.left_shoulder] run data modify entity @s {} merge value {transformation:[-0.9967186109571551f,0.012064150325602716f,-0.08004040759866622f,1.795433125f,-0.007557269734383356f,0.9706422283880998f,0.24040913490120486f,-1.027441820439683f,0.0805909315357574f,0.24022514595001326f,-0.9673660015772176f,-0.2689504895124266f,0f,0f,0f,1f],start_interpolation:0}
execute if entity @s[tag=aj.attack.bone.left_arm] run data modify entity @s {} merge value {transformation:[-1.4627187500000003f,-1.672435235297302e-17f,1.7834895178163333e-16f,1.4259925f,0f,1.456329709968677f,0.13656470065178927f,-1.0357878095980972f,-1.791313835240318e-16f,0.13656470065178927f,-1.456329709968677f,-0.277925779534663f,0f,0f,0f,1f],start_interpolation:0}
execute if entity @s[tag=aj.attack.bone.chest] run data modify entity @s {} merge value {transformation:[-2.0654612500000002f,-2.36159560519834e-17f,2.5184120247524145e-16f,-9.74576825536563e-18f,0f,2.056439478309853f,0.1928389154197418f,-0.19630029615957145f,-2.5294605085753915e-16f,0.1928389154197418f,-2.056439478309853f,0.07958023702957466f,0f,0f,0f,1f],start_interpolation:0}
execute if entity @s[tag=aj.attack.bone.weist] run data modify entity @s {} merge value {transformation:[-2.0892733333333333f,-2.388821732704056e-17f,2.5474460417309813e-16f,1.4916062265822494e-17f,0f,2.080147552342939f,0.19506209744452416f,-3.8204588525286916f,-2.5586219002105877e-16f,0.19506209744452416f,-2.080147552342939f,-0.12179889153515638f,0f,0f,0f,1f],start_interpolation:0}
execute if entity @s[tag=aj.attack.bone.right_foot] run data modify entity @s {} merge value {transformation:[-1.1055537876790247f,-0.2209294044165286f,-0.11055393802447838f,0.7976729218152668f,-0.1710394381553507f,1.0502928316352897f,-0.3884734621708761f,-10.222831664166968f,0.17826240642396873f,-0.3624311223938739f,-1.0583701377005368f,3.782618119119041f,0f,0f,0f,1f],start_interpolation:0}
execute if entity @s[tag=aj.attack.bone.right_knee] run data modify entity @s {} merge value {transformation:[-3.023664907839768f,-0.7236194244704309f,-0.26530882722816346f,-0.1482843454607763f,-0.5372940949189149f,2.7491526908820383f,-1.3747864772244034f,-6.675333940114465f,0.5525657434562564f,-1.2865060166679767f,-2.788572518048169f,2.249128388424901f,0f,0f,0f,1f],start_interpolation:0}
execute if entity @s[tag=aj.attack.bone.right_thigh] run data modify entity @s {} merge value {transformation:[-2.323582801924093f,-0.5226871877134531f,0.07174562319212446f,-0.7753199999999999f,-0.3075859010607328f,1.078815332431016f,-2.102126247404008f,-5.370795649708442f,0.4286493253414521f,-2.0592090594100454f,-1.119510684885303f,-0.6539539129699801f,0f,0f,0f,1f],start_interpolation:0}
execute if entity @s[tag=aj.attack.bone.right_leg] run data modify entity @s {} merge value {transformation:[-1.136893333333333f,-1.2998947811677853e-17f,1.3862113566776044e-16f,-0.7484449999999999f,0f,1.1319274730009818f,0.10614446402610309f,-5.4861490178571435f,-1.3922927816386314e-16f,0.10614446402610309f,-1.1319274730009818f,-0.6622599999999996f,0f,0f,0f,1f],start_interpolation:0}
execute if entity @s[tag=aj.attack.bone.left_foot] run data modify entity @s {} merge value {transformation:[-0.6967991345937667f,0.06470883112706195f,-0.8908225892979741f,2.3708241190602894f,0.028334564516544637f,1.1308759222883285f,0.05998294125983714f,-10.902658076881194f,0.892720152613928f,0.014613964646620688f,-0.6972218538989381f,-0.7426967828769621f,0f,0f,0f,1f],start_interpolation:0}
execute if entity @s[tag=aj.attack.bone.left_knee] run data modify entity @s {} merge value {transformation:[-1.7746033474619969f,0.527347713322569f,-2.5118221809291965f,3.152692747667421f,-0.5404360535816342f,2.9085270851795095f,0.9924527126992356f,-7.2252529830176995f,2.509038690682859f,0.9994688110233458f,-1.5628020554842499f,0.5598158777299408f,0f,0f,0f,1f],start_interpolation:0}
execute if entity @s[tag=aj.attack.bone.left_thigh] run data modify entity @s {} merge value {transformation:[-1.325479469519665f,-1.651991854737001f,-1.0915188756081655f,0.7753200000000001f,-0.32055523256906876f,1.4752250930700732f,-1.8434591494506807f,-5.381956363994156f,1.9539024762763622f,-0.8786468031600867f,-1.042895621115604f,-0.6539539129699797f,0f,0f,0f,1f],start_interpolation:0}
execute if entity @s[tag=aj.attack.bone.left_leg] run data modify entity @s {} merge value {transformation:[-1.136893333333333f,-1.2998947811677853e-17f,1.3862113566776044e-16f,0.7484450000000001f,0f,1.1319274730009818f,0.10614446402610309f,-5.497309732142858f,-1.3922927816386314e-16f,0.10614446402610309f,-1.1319274730009818f,-0.6622599999999994f,0f,0f,0f,1f],start_interpolation:0}