execute if entity @s[tag=aj.attack.bone.neck] run data modify entity @s {} merge value {transformation:[-1.0489695833333332f,-9.799570898428456e-18f,1.2808740379476685e-16f,-1.0200542432647984e-17f,0f,1.0459130247508612f,0.08001956895042146f,4.5261375f,-1.2846172426320994e-16f,0.08001956895042146f,-1.0459130247508612f,0.08329375f,0f,0f,0f,1f],start_interpolation:0}
execute if entity @s[tag=aj.attack.bone.right_thumb_2] run data modify entity @s {} merge value {transformation:[-0.9960313476918828f,0.08516718563805682f,-0.025847725346431996f,-2.299072606727958f,0.08767206272649103f,0.8888121175177789f,-0.44980732449666055f,-1.9812140180498874f,-0.015335052408584564f,-0.45028831901799826f,-0.8927515140976078f,0.23041844340834355f,0f,0f,0f,1f],start_interpolation:0}
execute if entity @s[tag=aj.attack.bone.right_thumb] run data modify entity @s {} merge value {transformation:[-0.9960313476918828f,0.08106476339150134f,-0.03674314291635542f,-2.4228276861028206f,0.08767206272649103f,0.8224965693405389f,-0.5619724217791529f,-1.7325245402535798f,-0.015335052408584564f,-0.5629634957608919f,-0.826339481453175f,0.06679383079475631f,0f,0f,0f,1f],start_interpolation:0}
execute if entity @s[tag=aj.attack.bone.right_fingers2] run data modify entity @s {} merge value {transformation:[0.9845066982652637f,-0.1752150135239079f,-0.006801478269158508f,-2.2050512560617532f,-0.1714524378818852f,-0.9537862250457495f,-0.2467709433003342f,-2.4231621503976823f,0.03675081788460416f,0.24411377664686443f,-0.9690499684928623f,0.06687828761344508f,0f,0f,0f,1f],start_interpolation:0}
execute if entity @s[tag=aj.attack.bone.right_fingers] run data modify entity @s {} merge value {transformation:[-0.0015953097078336698f,-0.9999755971423955f,-0.006801478269158508f,-2.6770206774358183f,-0.9690684725360428f,0.0032244502359092264f,-0.2467709433003342f,-2.3784981406685803f,0.24678685241235335f,0.006197422075822218f,-0.9690499684928623f,0.05043260311068537f,0f,0f,0f,1f],start_interpolation:0}
execute if entity @s[tag=aj.attack.locator_origin.right_hand] at @s on origin run tp @s ^-2.48905 ^-2.42719 ^0.05511 ~-0.40214 ~-14.28652
execute if entity @s[tag=aj.attack.bone.right_hand] run data modify entity @s {} merge value {transformation:[-0.9960313476918828f,0.08874285497123686f,-0.006801478269158508f,-2.6769015996870795f,0.08767206272649103f,0.9650998450730086f,-0.2467709433003342f,-1.6997731358866797f,-0.015335052408584564f,-0.2463878948560755f,-0.9690499684928623f,-0.1525914162618749f,0f,0f,0f,1f],start_interpolation:0}
execute if entity @s[tag=aj.attack.bone.right_forearm] run data modify entity @s {} merge value {transformation:[-1.4993550385948993f,0.13358720792147288f,-0.01023846361501382f,-2.441314799753764f,0.1319753131240165f,1.4527929455338815f,-0.37147149843583943f,0.3929298319371237f,-0.023084301663004268f,-0.37089488444045055f,-1.4587391815297204f,-0.6815431118227744f,0f,0f,0f,1f],start_interpolation:0}
execute if entity @s[tag=aj.attack.bone.right_bicep] run data modify entity @s {} merge value {transformation:[-1.5712296439771054f,0.1457412433852158f,-0.0538614324777361f,-2.128136750210061f,0.13378514317489718f,1.5473422211440615f,0.2841438793552972f,2.646452724443513f,0.07901328620994506f,0.27820082438040467f,-1.5521808399670483f,-0.3405954839237616f,0f,0f,0f,1f],start_interpolation:0}
execute if entity @s[tag=aj.attack.bone.right_shoulder] run data modify entity @s {} merge value {transformation:[-0.9951461639653337f,0.09230594639191321f,-0.034113408005862406f,-1.795433125f,0.08473349044577459f,0.9800169450822486f,0.17996394902461044f,2.856837646767473f,0.05004346053139229f,0.1761998853925564f,-0.9830815085463122f,-0.3136271738758604f,0f,0f,0f,1f],start_interpolation:0}
execute if entity @s[tag=aj.attack.bone.right_arm] run data modify entity @s {} merge value {transformation:[-1.4627187500000005f,-1.1715753025796573e-17f,1.787478494815317e-16f,-1.4259925f,0f,1.4595869568759166f,0.09566638343360336f,3.0353417655241257f,-1.7913138352403182e-16f,0.09566638343360336f,-1.4595869568759166f,-0.31010177277433315f,0f,0f,0f,1f],start_interpolation:0}
execute if entity @s[tag=aj.attack.bone.left_thumb_2] run data modify entity @s {} merge value {transformation:[-1f,6.353140100895262e-17f,1.0469650859727001e-16f,1.86831875f,0f,0.8549118706729466f,-0.5187732581605212f,-2.12660183153457f,-1.2246467991473532e-16f,-0.5187732581605212f,-0.8549118706729466f,0.18270288726031814f,0f,0f,0f,1f],start_interpolation:0}
execute if entity @s[tag=aj.attack.bone.left_thumb] run data modify entity @s {} merge value {transformation:[-1f,7.241454681734081e-17f,9.876098033058265e-17f,2.015895f,0f,0.8064446042674825f,-0.5913096483635822f,-1.895451622669137f,-1.2246467991473532e-16f,-0.5913096483635822f,-0.8064446042674825f,0.01321654188692492f,0f,0f,0f,1f],start_interpolation:0}
execute if entity @s[tag=aj.attack.bone.left_fingers2] run data modify entity @s {} merge value {transformation:[0.8433914458128857f,0.5372996083468239f,1.2011155542966555e-16f,1.7431776348843633f,0.5269755470329855f,-0.827185915671277f,-0.1950903220161282f,-2.6238586305600458f,-0.10482195361152133f,0.16453750874928386f,-0.9807852804032304f,-0.01406883117735664f,0f,0f,0f,1f],start_interpolation:0}
execute if entity @s[tag=aj.attack.bone.left_fingers] run data modify entity @s {} merge value {transformation:[-0.04361938736533586f,0.9990482215818578f,1.2011155542966555e-16f,2.21269625f,0.979851790140511f,0.04278125306812808f,-0.1950903220161282f,-2.5596015302977304f,-0.19490463925804483f,-0.008509720327249488f,-0.9807852804032304f,-0.03513454127192833f,0f,0f,0f,1f],start_interpolation:0}
execute if entity @s[tag=aj.attack.bone.left_hand] run data modify entity @s {} merge value {transformation:[-1f,2.3891673840167784e-17f,1.2011155542966555e-16f,2.27519625f,0f,0.9807852804032304f,-0.1950903220161282f,-1.873785031571996f,-1.2246467991473532e-16f,-0.1950903220161282f,-0.9807852804032304f,-0.20137496599908566f,0f,0f,0f,1f],start_interpolation:0}
execute if entity @s[tag=aj.attack.bone.left_forearm] run data modify entity @s {} merge value {transformation:[-1.505329166666667f,3.5964833472091577e-17f,1.8080742764197563e-16f,2.2321275f,0f,1.4764046888283282f,-0.29367515186527f,0.2564642509887447f,-1.8434965456214864e-16f,-0.29367515186527f,-1.4764046888283282f,-0.6195613180014072f,0f,0f,0f,1f],start_interpolation:0}
execute if entity @s[tag=aj.attack.bone.left_bicep] run data modify entity @s {} merge value {transformation:[-1.5788933333333335f,-2.1050353767666675e-17f,1.922094081696103e-16f,2.044845625f,0f,1.5695089253769658f,0.1718891829246012f,2.616630766773375f,-1.9335866668617618e-16f,0.1718891829246012f,-1.5695089253769658f,-0.33993410572407257f,0f,0f,0f,1f],start_interpolation:0}
execute if entity @s[tag=aj.attack.bone.left_shoulder] run data modify entity @s {} merge value {transformation:[-1f,-1.333234698206339e-17f,1.2173679127761025e-16f,1.795433125f,0f,0.9940563382223196f,0.10886687485196457f,2.8568376467674725f,-1.2246467991473532e-16f,0.10886687485196457f,-0.9940563382223196f,-0.31362717387586003f,0f,0f,0f,1f],start_interpolation:0}
execute if entity @s[tag=aj.attack.bone.left_arm] run data modify entity @s {} merge value {transformation:[-1.4627187500000005f,-1.1715753025796573e-17f,1.787478494815317e-16f,1.4259925f,0f,1.4595869568759166f,0.09566638343360336f,2.9729755828217126f,-1.7913138352403182e-16f,0.09566638343360336f,-1.4595869568759166f,-0.31418946835121675f,0f,0f,0f,1f],start_interpolation:0}
execute if entity @s[tag=aj.attack.bone.chest] run data modify entity @s {} merge value {transformation:[-2.0654612500000002f,-1.6543463252489973e-17f,2.5240447394616106e-16f,-2.4041571385180663e-18f,0f,2.0610389389160604f,0.13508762905360283f,3.8221595693814208f,-2.5294605085753915e-16f,0.13508762905360283f,-2.0610389389160604f,0.019631432835915896f,0f,0f,0f,1f],start_interpolation:0}
execute if entity @s[tag=aj.attack.bone.weist] run data modify entity @s {} merge value {transformation:[-2.0892733333333333f,-1.6734187879054728e-17f,2.5531436943188466e-16f,9.800162388859395e-18f,0f,2.084800038751128f,0.13664501381709176f,0.19377873072367136f,-2.5586219002105877e-16f,0.13664501381709176f,-2.084800038751128f,-0.08002439883632284f,0f,0f,0f,1f],start_interpolation:0}
execute if entity @s[tag=aj.attack.bone.right_foot] run data modify entity @s {} merge value {transformation:[-1.1024847620414466f,-0.14102023123743887f,0.21891047541895806f,-0.9257955435852822f,-0.15252821911784048f,1.1215754825147326f,-0.045658863264259796f,-8.51491299237948f,-0.21105365251318206f,-0.0739113239198407f,-1.1105289840239478f,0.03861803395754726f,0f,0f,0f,1f],start_interpolation:0}
execute if entity @s[tag=aj.attack.bone.right_knee] run data modify entity @s {} merge value {transformation:[-3.0637818648304065f,-0.040774794374056345f,0.5900351015472289f,-1.032589538917061f,-0.013338399310031977f,3.1168942827841364f,0.14613499659282714f,-4.547597809787422f,-0.5912918839439126f,0.14096370550284515f,-3.060566362928722f,0.32176338947314775f,0f,0f,0f,1f],start_interpolation:0}
execute if entity @s[tag=aj.attack.bone.right_thigh] run data modify entity @s {} merge value {transformation:[-2.34331280264039f,0.10695595183151539f,0.4181290487324447f,-0.7753199999999999f,0.006021775844723943f,2.3162794004041487f,-0.5587484635536081f,-1.4465009291774609f,-0.43154978303987185f,-0.5484492061035884f,-2.278234979348493f,-0.5946924104908613f,0f,0f,0f,1f],start_interpolation:0}
execute if entity @s[tag=aj.attack.bone.right_leg] run data modify entity @s {} merge value {transformation:[-1.136893333333333f,-9.106030472370676e-18f,1.3893117759188046e-16f,-0.7484449999999999f,0f,1.1344591574371465f,0.0743563816008881f,-1.5620418750000002f,-1.3922927816386314e-16f,0.0743563816008881f,-1.1344591574371465f,-0.5997600000000001f,0f,0f,0f,1f],start_interpolation:0}
execute if entity @s[tag=aj.attack.bone.left_foot] run data modify entity @s {} merge value {transformation:[-1.1293105187680252f,0.0022751305793817104f,-0.08907147905329375f,1.0964953108027657f,0.00012091588760499352f,1.1324887268104769f,0.02739382095533823f,-8.516078662294094f,0.08910044881616874f,0.027299447394256302f,-1.1289805147090566f,-0.03845313646648402f,0f,0f,0f,1f],start_interpolation:0}
execute if entity @s[tag=aj.attack.bone.left_knee] run data modify entity @s {} merge value {transformation:[-3.108432526469804f,-0.08666751247790715f,-0.2582620584662407f,1.029424112432566f,-0.10148832474124984f,3.113690646517068f,0.17661822644084899f,-4.552681839730989f,0.2528055942884625f,0.18434375565987646f,-3.104620754846467f,0.30528090179612244f,0f,0f,0f,1f],start_interpolation:0}
execute if entity @s[tag=aj.attack.bone.left_thigh] run data modify entity @s {} merge value {transformation:[-2.3736289148493035f,-0.11872170598427545f,-0.17081363869417845f,0.7753200000000001f,-0.07749745895209371f,2.3203966431704504f,-0.5358543927819553f,-1.4465009291774609f,0.19304477846274581f,-0.5282527263876001f,-2.315398267818472f,-0.5946924104908611f,0f,0f,0f,1f],start_interpolation:0}
execute if entity @s[tag=aj.attack.bone.left_leg] run data modify entity @s {} merge value {transformation:[-1.136893333333333f,-9.106030472370676e-18f,1.3893117759188046e-16f,0.7484450000000001f,0f,1.1344591574371465f,0.0743563816008881f,-1.5620418750000002f,-1.3922927816386314e-16f,0.0743563816008881f,-1.1344591574371465f,-0.5997599999999998f,0f,0f,0f,1f],start_interpolation:0}