# This file was generated by Animated Java via MC-Build. It is not recommended to edit this file directly.
$data merge entity $(bone_neck) { transformation: [-0.9963530885936999f,0.08288988249933071f,-0.020243276143993835f,0.28489560439312395f,0.07443255815422432f,0.9603289102482256f,0.26875300636099614f,4.560114323210611f,0.04171710843782035f,0.2662661291278009f,-0.9629963817911698f,0.2901872977389486f,0f,0f,0f,1f], start_interpolation: 0, interpolation_duration: 1 }
$data merge entity $(bone_right_thumb_2) { transformation: [-0.23293394916146692f,-0.9654587036267697f,0.11675301674629314f,0.8855204163409038f,0.5508479939128291f,-0.22992519348737037f,-0.802309723861058f,2.170289403914678f,0.8014413658716744f,-0.12257200737163557f,0.5853783734292141f,2.1007649796840777f,0f,0f,0f,1f], start_interpolation: 0, interpolation_duration: 1 }
$data merge entity $(bone_right_thumb) { transformation: [-0.23293394916146692f,-0.9654587036267697f,0.11675301674629314f,0.5744166762288024f,0.5508479939128291f,-0.22992519348737037f,-0.802309723861058f,2.1856783143735634f,0.8014413658716744f,-0.12257200737163557f,0.5853783734292141f,2.183906029796375f,0f,0f,0f,1f], start_interpolation: 0, interpolation_duration: 1 }
$data merge entity $(bone_right_fingers2) { transformation: [-0.15426214245333833f,0.9811074989451185f,0.11675301674629314f,1.2836357193147303f,-0.596905749331919f,0.0016227792496933402f,-0.802309723861058f,2.046169547690311f,-0.7873415509295864f,-0.19345656386166143f,0.5853783734292141f,2.1397184511939926f,0f,0f,0f,1f], start_interpolation: 0, interpolation_duration: 1 }
$data merge entity $(bone_right_fingers) { transformation: [0.9820863731298308f,-0.14790229475344308f,0.11675301674629314f,1.1690208917399996f,0.1810406926593069f,0.5687911520052253f,-0.802309723861058f,2.2996858585107076f,0.05225536636684211f,0.8090744938553152f,0.5853783734292141f,2.5239233320375942f,0f,0f,0f,1f], start_interpolation: 0, interpolation_duration: 1 }
$data merge entity $(bone_right_hand) { transformation: [-0.23293394916146692f,-0.9654587036267697f,0.11675301674629314f,0.4771609740794207f,0.5508479939128291f,-0.22992519348737037f,-0.802309723861058f,2.1485327988319374f,0.8014413658716744f,-0.12257200737163557f,0.5853783734292141f,2.5047138129823545f,0f,0f,0f,1f], start_interpolation: 0, interpolation_duration: 1 }
$data merge entity $(bone_right_forearm) { transformation: [-0.7714391797877721f,-1.280628292803606f,0.1757517214045168f,-1.348252889326537f,0.6867510812577136f,-0.5794414500282147f,-1.2077402280283298f,1.2976108873174517f,1.09511206928656f,-0.5387528948205116f,0.8811871390588875f,1.6932380734386556f,0f,0f,0f,1f], start_interpolation: 0, interpolation_duration: 1 }
$data merge entity $(bone_right_bicep) { transformation: [-1.1720218625607222f,-0.3684726279902236f,-0.991714088911778f,-1.8449775155724093f,0.4759732882082751f,1.1381395633863656f,-0.9853892232064143f,2.8852385573799317f,0.9448377324368149f,-1.0304224447871444f,-0.7337679488005632f,0.10408917240099458f,0f,0f,0f,1f], start_interpolation: 0, interpolation_duration: 1 }
$data merge entity $(bone_right_shoulder) { transformation: [-0.742305916313149f,-0.23337398430349335f,-0.6281070848643637f,-1.6305795475071587f,0.3014600658319383f,0.7208463924434618f,-0.6241011994940007f,3.0044032944795167f,0.5984177097271601f,-0.6526232159152472f,-0.4647356051921788f,-0.211220729501077f,0f,0f,0f,1f], start_interpolation: 0, interpolation_duration: 1 }
$data merge entity $(bone_right_arm) { transformation: [-1.3480245857764082f,0.15152198168153888f,-0.5471900463378379f,-1.2746833720371737f,-0.2291606071840624f,1.1445589729036378f,0.8814852893057064f,3.206756862092881f,0.5194817358280631f,0.8980935297699413f,-1.0310736537842449f,-0.23867014163298722f,0f,0f,0f,1f], start_interpolation: 0, interpolation_duration: 1 }
$data merge entity $(bone_left_thumb_2) { transformation: [-0.967656395248348f,0.17733133065712514f,-0.17942881569677166f,1.845760946805938f,-0.0814441981481271f,0.4535676634233573f,0.8874926575948021f,3.456301255416844f,0.23876336260611958f,0.8734013818766545f,-0.4244550421575517f,-5.954970981147201f,0f,0f,0f,1f], start_interpolation: 0, interpolation_duration: 1 }
$data merge entity $(bone_left_thumb) { transformation: [-0.967656395248348f,0.17733133065712514f,-0.17942881569677166f,2.0393923065472954f,-0.0814441981481271f,0.4535676634233573f,0.8874926575948021f,3.598326017171259f,0.23876336260611958f,0.8734013818766545f,-0.4244550421575517f,-5.7398648365024245f,0f,0f,0f,1f], start_interpolation: 0, interpolation_duration: 1 }
$data merge entity $(bone_left_fingers2) { transformation: [0.8261361757918635f,-0.5341388575507771f,-0.17942881569677166f,1.6258299487546566f,-0.09832820253781593f,-0.4502092261393559f,0.8874926575948021f,3.432033690926486f,-0.5548248224743353f,-0.715546877257775f,-0.4244550421575517f,-6.310583618048151f,0f,0f,0f,1f], start_interpolation: 0, interpolation_duration: 1 }
$data merge entity $(bone_left_fingers) { transformation: [0.2609933432585737f,0.9485187266851226f,-0.17942881569677166f,2.0842321191223965f,0.4589400311102974f,0.04160325179351516f,0.8874926575948021f,3.4802624591528533f,0.8492682277226623f,-0.3139767420810643f,-0.4244550421575517f,-6.422663523176271f,0f,0f,0f,1f], start_interpolation: 0, interpolation_duration: 1 }
$data merge entity $(bone_left_hand) { transformation: [-0.967656395248348f,0.17733133065712514f,-0.17942881569677166f,2.2644934631047886f,-0.0814441981481271f,0.4535676634233573f,0.8874926575948021f,3.8311091177014553f,0.23876336260611958f,0.8734013818766545f,-0.4244550421575517f,-5.834191885126626f,0f,0f,0f,1f], start_interpolation: 0, interpolation_duration: 1 }
$data merge entity $(bone_left_forearm) { transformation: [-1.469494604457206f,-0.18343338194973724f,-0.2700994296088083f,1.9588887334537057f,-0.3222384975636339f,0.6143013892197939f,1.3359685826799692f,4.702972630622337f,-0.052572408889585615f,1.3619845438206986f,-0.6389445548984923f,-3.8692093121427646f,0f,0f,0f,1f], start_interpolation: 0, interpolation_duration: 1 }
$data merge entity $(bone_left_bicep) { transformation: [-1.545932099231444f,0.08641264953606767f,-0.30908082536848164f,1.9097016436202316f,-0.3179067954267878f,-0.6206544584096038f,1.4165547891706118f,3.7121829042143326f,-0.04397012658357551f,1.4492153239946375f,0.6250965771077189f,-1.70136056072616f,0f,0f,0f,1f], start_interpolation: 0, interpolation_duration: 1 }
$data merge entity $(bone_left_shoulder) { transformation: [-0.9791238373067913f,0.054729884351107316f,-0.1957578886700062f,1.678721019833442f,-0.201347861008209f,-0.3930946095638319f,0.8971820700388956f,3.5669756209549637f,-0.02784869988066041f,0.9178677833385225f,0.39590804768807625f,-1.4865099350824016f,0f,0f,0f,1f], start_interpolation: 0, interpolation_duration: 1 }
$data merge entity $(bone_left_arm) { transformation: [-1.3480245857764082f,0.15152198168153888f,-0.5471900463378379f,1.3471984999292814f,-0.2291606071840624f,1.1445589729036378f,0.8814852893057064f,3.604664989320594f,0.5194817358280631f,0.8980935297699413f,-1.0310736537842449f,-1.2899214255631484f,0f,0f,0f,1f], start_interpolation: 0, interpolation_duration: 1 }
$data merge entity $(bone_chest) { transformation: [-1.9035050627254706f,0.21395964308683973f,-0.7726706430040009f,0.2268953651916231f,-0.3235908161874266f,1.6161973768862015f,1.2447189232420626f,3.894123782610931f,0.7335445692725282f,1.268170921180531f,-1.4559481635053035f,-0.054146793828479645f,0f,0f,0f,1f], start_interpolation: 0, interpolation_duration: 1 }
$data merge entity $(bone_left_cheek) { transformation: [-1.1342733514620837f,0.0378991484368882f,-0.06718682972509664f,0.45189309374050857f,0.000370021544081787f,0.992878422078837f,0.553821951020429f,-0.38259867282105786f,0.07713804913794058f,0.5525237957733371f,-0.9906026589189004f,-3.4103389760705025f,0f,0f,0f,1f], start_interpolation: 0, interpolation_duration: 1 }
$data merge entity $(bone_left_foot) { transformation: [-1.1302635473049543f,-0.030501548104614497f,-0.06967870260591352f,0.7876481596823492f,0.0005591391253420071f,1.0343878520418897f,-0.46186860827686116f,-5.9801705100611695f,0.076060195878396f,-0.4608606942573733f,-1.032038477718516f,0.6498806098622794f,0f,0f,0f,1f], start_interpolation: 0, interpolation_duration: 1 }
$data merge entity $(bone_left_knee) { transformation: [-3.113304931311114f,-0.08499460639202028f,-0.19149841183660574f,0.7203638649179629f,0.0015401457477479624f,2.842687090207002f,-1.2867365912646225f,-2.3107402491399736f,0.20950740512629248f,-1.2839273126748612f,-2.8362300018056597f,-0.8869734468810146f,0f,0f,0f,1f], start_interpolation: 0, interpolation_duration: 1 }
$data merge entity $(bone_left_leg) { transformation: [-2.3773495299560174f,-0.12031051138809899f,-0.10545596859296452f,0.4693046190218546f,0.001176070076736883f,1.557405717656696f,-1.8032948775821027f,-0.34182849445788666f,0.15998186560207642f,-1.7992774048223388f,-1.5538317126441696f,-3.452755290529433f,0f,0f,0f,1f], start_interpolation: 0, interpolation_duration: 1 }
$data merge entity $(bone_right_cheek) { transformation: [-1.1310349438846181f,0.10988608831916126f,-0.03480595758789357f,-1.049955001504764f,0.05068343881924275f,0.7824370195045806f,0.8232557020246037f,-0.430832273162002f,0.10352582344107598f,0.8174618091877325f,-0.7833039293774445f,-3.562059406379572f,0f,0f,0f,1f], start_interpolation: 0, interpolation_duration: 1 }
$data merge entity $(bone_right_foot) { transformation: [-1.1256157249301368f,-0.07743709300924148f,0.10136019345029162f,-1.2883110048130115f,0.1272913469594729f,-0.624033603104307f,0.9368351656432948f,-2.2098972988804304f,-0.008203973381572409f,0.9422667940784788f,0.6287663604215957f,-9.9566526598581f,0f,0f,0f,1f], start_interpolation: 0, interpolation_duration: 1 }
$data merge entity $(bone_right_knee) { transformation: [-3.1005025292926818f,-0.0059250201538066476f,0.35130083997001155f,-1.3425116804532795f,0.3506233383772367f,0.14848533656841323f,3.097027397293596f,-2.1280697210089246f,-0.022597801058077648f,3.116806108685318f,-0.1468752546448771f,-5.979023649747395f,0f,0f,0f,1f], start_interpolation: 0, interpolation_duration: 1 }
$data merge entity $(bone_right_leg) { transformation: [-2.3675734928853376f,0.12490065520990819f,0.23744883692976992f,-1.0747831006759843f,0.2677393467949497f,1.2355368408141048f,2.0196907498954784f,-0.2937826303597335f,-0.017255897802736606f,2.0335277006629835f,-1.2417140140434044f,-3.316958100494475f,0f,0f,0f,1f], start_interpolation: 0, interpolation_duration: 1 }
$data merge entity $(bone_weist) { transformation: [-2.0779486199677804f,0.17822509324725624f,-0.1242111520306544f,-0.1341290273816046f,0.08984569066139227f,1.7926970133495435f,1.0692185144183497f,0.9678532088738956f,0.1977886397681954f,1.0580814221232748f,-1.7906441353641467f,-2.1974656484025843f,0f,0f,0f,1f], start_interpolation: 0, interpolation_duration: 1 }
data modify entity @s data merge value {"locators":{"consume":{"posx":1.2447446207873334,"posy":2.196420992613296,"posz":2.3778872232085857,"roty":168.72043725887644,"rotx":-53.35123425361822}},"cameras":{}}