# This file was generated by Animated Java via MC-Build. It is not recommended to edit this file directly.
$data merge entity $(bone_neck) { transformation: [-1.0470974912568731f,-0.05600350214959702f,0.02806489460250075f,-0.27510808025163597f,-0.050672073817485896f,1.0335503249013067f,0.17188151032017818f,4.523834905603687f,-0.03682894917187641f,0.17021903654377316f,-1.0344110860095765f,0.23701155972848564f,0f,0f,0f,1f], start_interpolation: 0, interpolation_duration: 1 }
$data merge entity $(bone_right_thumb_2) { transformation: [-0.9922506564544095f,-0.12012481629699232f,0.03175945962083601f,-2.2675755386378f,-0.09208803047947564f,0.8825663337144989f,0.46108183789448787f,1.554471166988372f,-0.08341720091326993f,0.454584090244436f,-0.8867890817372718f,-4.740706681906198f,0f,0f,0f,1f], start_interpolation: 0, interpolation_duration: 1 }
$data merge entity $(bone_right_thumb) { transformation: [-0.9922506564544095f,-0.12012481629699232f,0.03175945962083601f,-2.4484393955165666f,-0.09208803047947564f,0.8825663337144989f,0.46108183789448787f,1.7938500458049949f,-0.08341720091326993f,0.454584090244436f,-0.8867890817372718f,-4.6227202100458245f,0f,0f,0f,1f], start_interpolation: 0, interpolation_duration: 1 }
$data merge entity $(bone_right_fingers2) { transformation: [0.8707502956063584f,0.4906987461019565f,0.03175945962083601f,-2.0900151215563314f,0.42282176042500086f,-0.7801444082187248f,0.46108183789448787f,1.3260397462412163f,0.2510292445364544f,-0.38805855601831973f,-0.8867890817372718f,-5.0435437509962675f,0f,0f,0f,1f], start_interpolation: 0, interpolation_duration: 1 }
$data merge entity $(bone_right_fingers) { transformation: [0.2061480480594443f,-0.9780052755511464f,0.03175945962083601f,-2.5609796170385524f,-0.8711819016660463f,-0.16865833206032957f,0.46108183789448787f,1.290766034774189f,-0.44558397243484005f,-0.1227193873059758f,-0.8867890817372718f,-5.087913541288013f,0f,0f,0f,1f], start_interpolation: 0, interpolation_duration: 1 }
$data merge entity $(bone_right_hand) { transformation: [-0.9922506564544095f,-0.12012481629699232f,0.03175945962083601f,-2.706762798177574f,-0.09208803047947564f,0.8825663337144989f,0.46108183789448787f,1.9207687731436758f,-0.08341720091326993f,0.454584090244436f,-0.8867890817372718f,-4.798551808362206f,0f,0f,0f,1f], start_interpolation: 0, interpolation_duration: 1 }
$data merge entity $(bone_right_forearm) { transformation: [-1.478908380859369f,0.2766952367162163f,0.047808440884816714f,-2.265588397673142f,0.2672966326500212f,1.3087480463186025f,0.6940799388028444f,3.798015893274265f,0.08601401755085966f,0.690386990935633f,-1.3349094694206656f,-3.8005512340241507f,0f,0f,0f,1f], start_interpolation: 0, interpolation_duration: 1 }
$data merge entity $(bone_right_bicep) { transformation: [-1.5380006585923598f,0.053868776406881966f,0.3529253279977749f,-2.0728982594885963f,0.3412797114913625f,-0.2364023368964738f,1.5233339265173287f,3.4892091317990546f,0.10481550810010891f,1.560165455354898f,0.2186358141371275f,-1.5289438521357355f,0f,0f,0f,1f], start_interpolation: 0, interpolation_duration: 1 }
$data merge entity $(bone_right_shoulder) { transformation: [-0.9741004196561894f,0.03411805932016643f,0.22352702399007843f,-1.774790206868905f,0.21615121445275753f,-0.14972660401154847f,0.9648111714432865f,3.3253077634168653f,0.06638542698690364f,0.9881386046903515f,0.1384740878445203f,-1.3195280267505545f,0f,0f,0f,1f], start_interpolation: 0, interpolation_duration: 1 }
$data merge entity $(bone_right_arm) { transformation: [-1.3830826460919732f,-0.11018820434643212f,0.46312751516585265f,-1.4363162188015175f,0.15773346552434384f,1.2365471399283896f,0.7652564708580796f,3.4405111988435864f,-0.44916443485038837f,0.7735346611234633f,-1.1573424644882357f,-1.1182171921339208f,0f,0f,0f,1f], start_interpolation: 0, interpolation_duration: 1 }
$data merge entity $(bone_left_thumb_2) { transformation: [-0.3508283988206009f,0.9013816646318282f,0.2538316947241372f,-0.416773524585922f,-0.46301332084200053f,0.06863930064992901f,-0.8836896011208638f,1.2772225861869158f,-0.8139644336848116f,-0.427550863724824f,0.39327110194409276f,2.9106640972360225f,0f,0f,0f,1f], start_interpolation: 0, interpolation_duration: 1 }
$data merge entity $(bone_left_thumb) { transformation: [-0.3508283988206009f,0.9013816646318282f,0.2538316947241372f,-0.1066376852881333f,-0.46301332084200053f,0.06863930064992901f,-0.8836896011208638f,1.3652263527229884f,-0.8139644336848116f,-0.427550863724824f,0.39327110194409276f,2.9082375463617343f,0f,0f,0f,1f], start_interpolation: 0, interpolation_duration: 1 }
$data merge entity $(bone_left_fingers2) { transformation: [-0.02082065219820628f,-0.9670242867661153f,0.2538316947241372f,-0.7445163186441578f,0.4015014072381517f,-0.24060197184693344f,-0.8836896011208638f,1.0431065630965342f,0.9156217125144126f,0.08351478879727697f,0.39327110194409276f,3.02552599165283f,0f,0f,0f,1f], start_interpolation: 0, interpolation_duration: 1 }
$data merge entity $(bone_left_fingers) { transformation: [0.9285283449395204f,0.27093280236499134f,0.2538316947241372f,-0.5713152588081628f,0.10873237726822899f,0.4552691061388288f,-0.8836896011208638f,1.2558792407686739f,-0.3549822288192392f,0.8481305663623995f,0.39327110194409276f,3.412500990230169f,0f,0f,0f,1f], start_interpolation: 0, interpolation_duration: 1 }
$data merge entity $(bone_left_hand) { transformation: [-0.3508283988206009f,0.9013816646318282f,0.2538316947241372f,0.09357382683430937f,-0.46301332084200053f,0.06863930064992901f,-0.8836896011208638f,1.307365207097322f,-0.8139644336848116f,-0.427550863724824f,0.39327110194409276f,3.173423392361583f,0f,0f,0f,1f], start_interpolation: 0, interpolation_duration: 1 }
$data merge entity $(bone_left_forearm) { transformation: [-0.9116900928000192f,1.1352693385221362f,0.3821002534926733f,1.7033304845007204f,-0.6957991005708962f,-0.11104561316698594f,-1.3302437308472694f,1.1321213216471542f,-0.9750388127415164f,-0.9822669193377337f,0.592002460163583f,1.7268170769498465f,0f,0f,0f,1f], start_interpolation: 0, interpolation_duration: 1 }
$data merge entity $(bone_left_bicep) { transformation: [-1.2293638328569017f,0.16298742058913485f,0.9772429714444264f,1.7898292431688765f,-0.5566346913831184f,1.1747135201334225f,-0.8961641166711641f,2.8462284345109765f,-0.8195892537464435f,-1.042299095456716f,-0.8571990485283476f,0.07212476985496286f,0f,0f,0f,1f], start_interpolation: 0, interpolation_duration: 1 }
$data merge entity $(bone_left_shoulder) { transformation: [-0.7786237403773751f,0.10322889909544333f,0.6189417301429017f,1.6205753032897372f,-0.35254736949706444f,0.7440106911170414f,-0.567590031417257f,2.938083782151222f,-0.5190909584855491f,-0.6601453520968585f,-0.5429113103661305f,-0.21686258966322425f,0f,0f,0f,1f], start_interpolation: 0, interpolation_duration: 1 }
$data merge entity $(bone_left_arm) { transformation: [-1.3830826460919732f,-0.11018820434643212f,0.46312751516585265f,1.2651038068775602f,0.15773346552434384f,1.2365471399283896f,0.7652564708580796f,3.0801290857962416f,-0.44916443485038837f,0.7735346611234633f,-1.1573424644882357f,-0.27549584573252384f,0f,0f,0f,1f], start_interpolation: 0, interpolation_duration: 1 }
$data merge entity $(bone_chest) { transformation: [-1.9530094975882646f,-0.155593456557959f,0.653968465491986f,-0.2366133118789145f,0.2227306930117243f,1.746091106933863f,1.0805956967934658f,3.8234860161623483f,-0.6342516188171011f,1.0922850808348459f,-1.6342485617142404f,-0.0341027711311398f,0f,0f,0f,1f], start_interpolation: 0, interpolation_duration: 1 }
$data merge entity $(bone_weist) { transformation: [-2.08264862334882f,-0.12221101297580751f,0.11270422063290293f,0.021845364494123484f,-0.06456641980340411f,1.8998134896945502f,0.8669503695057543f,0.6759572329926824f,-0.15319579130907496f,0.8607184406412008f,-1.89756630367509f,-1.8543982050788765f,0f,0f,0f,1f], start_interpolation: 0, interpolation_duration: 1 }
$data merge entity $(bone_right_foot) { transformation: [-1.1259862354039607f,0.04840751286267f,0.11442404808110711f,-1.0946660990372743f,0.03843927623066715f,1.127841698885016f,-0.09887707873427533f,-6.454146028643034f,-0.11814640123033598f,-0.09439792028753634f,-1.1226805480285604f,-0.5808991693396213f,0f,0f,0f,1f], start_interpolation: 0, interpolation_duration: 1 }
$data merge entity $(bone_right_knee) { transformation: [-3.1015230984227826f,0.08711682435889602f,0.3309508257148513f,-1.029558091937199f,0.1058807819913503f,3.1137683778667262f,0.17262406894721966f,-2.4904584168352586f,-0.3254336339910501f,0.18281265844742672f,-3.0979405743100594f,-0.24015370535296698f,0f,0f,0f,1f], start_interpolation: 0, interpolation_duration: 1 }
$data merge entity $(bone_right_thigh) { transformation: [-2.368352809269458f,0.24833918010927028f,0.08135717849438308f,-0.6068255581455109f,0.08085158147117526f,1.4017336889043064f,-1.925095336654468f,-0.7456924335854871f,-0.24850424673136154f,-1.9107215090268455f,-1.4017044347304812f,-2.941999293176152f,0f,0f,0f,1f], start_interpolation: 0, interpolation_duration: 1 }
$data merge entity $(bone_right_leg) { transformation: [-1.1256036579778277f,-0.0665020146935182f,0.14532838183374644f,-0.5737735807077203f,0f,1.0337973766048498f,0.4730638809956946f,-0.8518725630955188f,-0.15982132687696005f,0.4683662216091291f,-1.0235314735310557f,-2.983604618973274f,0f,0f,0f,1f], start_interpolation: 0, interpolation_duration: 1 }
$data merge entity $(bone_left_foot) { transformation: [-1.130560490239019f,-0.06366555659237412f,-0.032570342557188f,1.3811594311044686f,-0.06502779746796725f,0.7005312905877445f,0.8878673599496348f,-5.583885419627935f,-0.029757618637491764f,0.8879660805522094f,-0.7027886427097221f,-7.603862214500902f,0f,0f,0f,1f], start_interpolation: 0, interpolation_duration: 1 }
$data merge entity $(bone_left_knee) { transformation: [-3.1141228590441155f,-0.17310139745838948f,-0.09401087785269274f,1.198082776621251f,-0.17911872236528897f,1.8687312182052749f,2.4924532969708846f,-3.289637191886352f,-0.08196720231231376f,2.492878428740712f,-1.8749404890401484f,-4.35823838911659f,0f,0f,0f,1f], start_interpolation: 0, interpolation_duration: 1 }
$data merge entity $(bone_left_thigh) { transformation: [-2.3779741074241714f,-0.14765755148548415f,-0.028683792531167474f,0.9161071632208977f,-0.13677677574683064f,1.9335713033707795f,1.385633608296858f,-0.5543449671882188f,-0.06259094248340302f,1.384516388604621f,-1.9381906798993496f,-2.6373238326017905f,0f,0f,0f,1f], start_interpolation: 0, interpolation_duration: 1 }
$data merge entity $(bone_left_leg) { transformation: [-1.1256036579778277f,-0.0665020146935182f,0.14532838183374644f,0.9082518742664462f,0f,1.0337973766048498f,0.4730638809956946f,-0.8518725630955188f,-0.15982132687696005f,0.4683662216091291f,-1.0235314735310557f,-2.7731759543179684f,0f,0f,0f,1f], start_interpolation: 0, interpolation_duration: 1 }
data modify entity @s data merge value {"locators":{"consume":{"posx":-2.366926046183093,"posy":1.2834975961166841,"posz":-5.091740052661287,"roty":2.051114104569052,"rotx":27.45693858159503}},"cameras":{}}