# This file was generated by Animated Java via MC-Build. It is not recommended to edit this file directly.
$data merge entity $(bone_neck) { transformation: [-0.9983006124212146f,-0.05555135637642261f,0.017604943742243376f,-0.2926744927512351f,-0.04854826862204529f,0.9599245523430407f,0.27602159231265694f,4.524424232848166f,-0.0322327915829454f,0.27469783510932977f,-0.9609901906538995f,0.3105569563263546f,0f,0f,0f,1f], start_interpolation: 0, interpolation_duration: 1 }
$data merge entity $(bone_right_thumb_2) { transformation: [-0.9926537930197576f,-0.057480096595645985f,0.10646354164146392f,-2.7408104384866987f,0.05696344600047873f,0.5542800980488735f,0.8303786718881222f,2.2945374831460446f,-0.10674086857075438f,0.8303430684977664f,-0.5469339773450492f,-5.6476971574271655f,0f,0f,0f,1f], start_interpolation: 0, interpolation_duration: 1 }
$data merge entity $(bone_right_thumb) { transformation: [-0.9926537930197576f,-0.057480096595645985f,0.10646354164146392f,-2.90377801104592f,0.05696344600047873f,0.5542800980488735f,0.8303786718881222f,2.4618165465474986f,-0.10674086857075438f,0.8303430684977664f,-0.5469339773450492f,-5.425449378737901f,0f,0f,0f,1f], start_interpolation: 0, interpolation_duration: 1 }
$data merge entity $(bone_right_fingers2) { transformation: [0.8950958415827507f,0.4329768454345153f,0.10646354164146392f,-2.5731723600138854f,0.1594864485518472f,-0.53388700490051f,0.8303786718881222f,2.227488096289828f,0.41637423924828343f,-0.7262890039894166f,-0.5469339773450492f,-6.0256134980131755f,0f,0f,0f,1f], start_interpolation: 0, interpolation_duration: 1 }
$data merge entity $(bone_right_fingers) { transformation: [0.14377684609630123f,-0.9838667251349429f,0.10646354164146392f,-3.0433907316797817f,-0.5571355863796984f,0.008437989255017889f,0.8303786718881222f,2.264173556267493f,-0.8178802827528917f,-0.17870385421018592f,-0.5469339773450492f,-6.076302046918385f,0f,0f,0f,1f], start_interpolation: 0, interpolation_duration: 1 }
$data merge entity $(bone_right_hand) { transformation: [-0.9926537930197576f,-0.057480096595645985f,0.10646354164146392f,-3.142845062782256f,0.05696344600047873f,0.5542800980488735f,0.8303786718881222f,2.682828962951631f,-0.10674086857075438f,0.8303430684977664f,-0.5469339773450492f,-5.513520663771262f,0f,0f,0f,1f], start_interpolation: 0, interpolation_duration: 1 }
$data merge entity $(bone_right_forearm) { transformation: [-1.451130312414975f,0.36681411040972595f,0.16026267441952682f,-2.5729074242258436f,0.3326811238774577f,0.7699714828221984f,1.2499932341711202f,3.779203076813888f,0.22262072280767053f,1.2404060722449992f,-0.8233156683385083f,-3.7280706816413747f,0f,0f,0f,1f], start_interpolation: 0, interpolation_duration: 1 }
$data merge entity $(bone_right_bicep) { transformation: [-1.5327064932093155f,0.19887661692107347f,0.322743016904279f,-2.17070256183868f,0.304263931652439f,-0.15648430360332508f,1.541376099680291f,3.5897983590896114f,0.22613806316904544f,1.5584816046435248f,0.11358178735317473f,-1.4708493136067196f,0f,0f,0f,1f], start_interpolation: 0, interpolation_duration: 1 }
$data merge entity $(bone_right_shoulder) { transformation: [-0.9707473334968684f,0.12595950133072542f,0.20441090610149662f,-1.8502527682856835f,0.19270708491122832f,-0.0991101173839008f,0.9762382721739432f,3.444726439972604f,0.1432256748412678f,0.9870721294093278f,0.07193759385466703f,-1.281500097575689f,0f,0f,0f,1f], start_interpolation: 0, interpolation_duration: 1 }
$data merge entity $(bone_right_arm) { transformation: [-1.412809943812013f,-0.10374137621424097f,0.3643513841453533f,-1.5040352718986132f,0.15016457538613676f,1.1382051671818578f,0.9063585048429694f,3.5506373647662315f,-0.3477999490606069f,0.9128378091771052f,-1.0887187291361093f,-1.0884227931838117f,0f,0f,0f,1f], start_interpolation: 0, interpolation_duration: 1 }
$data merge entity $(bone_left_thumb_2) { transformation: [-0.34639929137252323f,0.9378945063401174f,0.01901120494972748f,-0.06918653744623393f,-0.41988460365782276f,-0.13689278168757152f,-0.8971941183116126f,1.4963322996828448f,-0.8388709379563265f,-0.3187699190621124f,0.4412270256380581f,1.8835554108588923f,0f,0f,0f,1f], start_interpolation: 0, interpolation_duration: 1 }
$data merge entity $(bone_left_thumb) { transformation: [-0.34639929137252323f,0.9378945063401174f,0.01901120494972748f,0.2507613009613151f,-0.41988460365782276f,-0.13689278168757152f,-0.8971941183116126f,1.519059888024271f,-0.8388709379563265f,-0.3187699190621124f,0.4412270256380581f,1.9159842146780952f,0f,0f,0f,1f], start_interpolation: 0, interpolation_duration: 1 }
$data merge entity $(bone_left_fingers2) { transformation: [-0.03888547350710986f,-0.9990628078536838f,0.01901120494972748f,-0.44917384265132443f,0.44030939089828103f,-0.03421044217534773f,-0.8971941183116126f,1.3396525828955084f,0.8970036567578267f,-0.02651700604668425f,0.4412270256380581f,1.9640539844126286f,0f,0f,0f,1f], start_interpolation: 0, interpolation_duration: 1 }
$data merge entity $(bone_left_fingers) { transformation: [0.9645162221122348f,0.26333824516902404f,0.01901120494972748f,-0.27978872257103604f,-0.09977650882408585f,0.4302178080390503f,-0.8971941183116126f,1.5307772856134982f,-0.24444448361380272f,0.8634614098368114f,0.4412270256380581f,2.3638045292807526f,0f,0f,0f,1f], start_interpolation: 0, interpolation_duration: 1 }
$data merge entity $(bone_left_hand) { transformation: [-0.34639929137252323f,0.9378945063401174f,0.01901120494972748f,0.40369917665381916f,-0.41988460365782276f,-0.13689278168757152f,-0.8971941183116126f,1.434258066239053f,-0.8388709379563265f,-0.3187699190621124f,0.4412270256380581f,2.204384547338613f,0f,0f,0f,1f], start_interpolation: 0, interpolation_duration: 1 }
$data merge entity $(bone_left_forearm) { transformation: [-0.9218593566424651f,1.1896941748706318f,0.028618121304302486f,2.0929307513192152f,-0.5408446139828842f,-0.386596682324326f,-1.3505724744562548f,0.8661367363342434f,-1.060036947522966f,-0.8373689004925321f,0.6641919108145501f,0.9640492742213889f,0f,0f,0f,1f], start_interpolation: 0, interpolation_duration: 1 }
$data merge entity $(bone_left_bicep) { transformation: [-1.2655444743762616f,-0.0677063123306184f,0.9416566235580482f,1.8283670581225933f,-0.47407509484541605f,1.4074542291659389f,-0.535938014414603f,2.935566505249691f,-0.8164276733841555f,-0.7123149627222122f,-1.1484587089046927f,-0.18969174721678067f,0f,0f,0f,1f], start_interpolation: 0, interpolation_duration: 1 }
$data merge entity $(bone_left_shoulder) { transformation: [-0.8015389308817115f,-0.04288213199790891f,0.5964029384873255f,1.6180910571414213f,-0.300257835559136f,0.8914181847829739f,-0.33943902548700966f,3.0760835236910835f,-0.5170885557294279f,-0.45114824901970085f,-0.7273820749373143f,-0.4276769693540452f,0f,0f,0f,1f], start_interpolation: 0, interpolation_duration: 1 }
$data merge entity $(bone_left_arm) { transformation: [-1.412809943812013f,-0.10374137621424097f,0.3643513841453533f,1.2550710864604995f,0.15016457538613676f,1.1382051671818578f,0.9063585048429694f,3.209214969325209f,-0.3477999490606069f,0.9128378091771052f,-1.0887187291361093f,-0.4492924924010769f,0f,0f,0f,1f], start_interpolation: 0, interpolation_duration: 1 }
$data merge entity $(bone_chest) { transformation: [-1.9949865225686f,-0.14649008402482458f,0.5144896551959093f,-0.25305214873368936f,0.2120428903935013f,1.6072253585071625f,1.2798416444453797f,3.859979150071092f,-0.49111787042906047f,1.2889908756486543f,-1.5373470444539523f,-0.03932330370437631f,0f,0f,0f,1f], start_interpolation: 0, interpolation_duration: 1 }
$data merge entity $(bone_left_cheek) { transformation: [-1.1326479715069317f,-0.058756334682713705f,-0.07863025596845122f,0.8157461530535879f,-0.09568498678350677f,0.8640537601321704f,0.7326540345097925f,-0.012261917164553382f,0.021895372188007214f,0.7365359761165022f,-0.8657723718972776f,-3.9224042467110936f,0f,0f,0f,1f], start_interpolation: 0, interpolation_duration: 1 }
$data merge entity $(bone_left_foot) { transformation: [-1.1285898487244324f,0.06487435084968116f,-0.07319442846279943f,1.0119848006183094f,-0.0953421605616113f,-0.5406220802101186f,0.9909181556560204f,-2.7116790819870635f,0.021816924063839175f,0.9933781945417954f,0.5440633573705144f,-9.297006243271701f,0f,0f,0f,1f], start_interpolation: 0, interpolation_duration: 1 }
$data merge entity $(bone_left_knee) { transformation: [-3.1086947374703127f,0.06569766301202933f,-0.2612741213303003f,1.139225382858109f,-0.26261947432180033f,-0.06396696991858014f,3.1086174674031795f,-2.9020199065563648f,0.060094601330767765f,3.1189990965070784f,0.06925745488178714f,-5.324759245343701f,0f,0f,0f,1f], start_interpolation: 0, interpolation_duration: 1 }
$data merge entity $(bone_left_leg) { transformation: [-2.373829141686238f,-0.12314285023874429f,-0.16479506230680202f,0.8795987109396289f,-0.20053875145898392f,1.810903341005775f,1.535512835095115f,-0.32328439929180375f,0.04588881442025326f,1.5436486957898303f,-1.8145052462701516f,-3.373965077146397f,0f,0f,0f,1f], start_interpolation: 0, interpolation_duration: 1 }
$data merge entity $(bone_right_cheek) { transformation: [-1.1338264559106073f,0.05902059258243591f,0.058996516051272006f,-0.6151052162118028f,0.0034167664990023185f,0.8358996138024468f,-0.7705755074808631f,-0.871989566715576f,-0.08338072296197234f,-0.7683195016878828f,-0.8338220731919971f,-3.835021750182946f,0f,0f,0f,1f], start_interpolation: 0, interpolation_duration: 1 }
$data merge entity $(bone_right_foot) { transformation: [-1.1297641107796574f,0.023480008769655492f,0.07976776029466376f,-0.9649032100727375f,0.0034045246919087746f,1.0988691493078833f,-0.27523835908352534f,-6.500857908242093f,-0.0830819812346349f,-0.2742561472192489f,-1.0959754114516354f,-0.2883606161831944f,0f,0f,0f,1f], start_interpolation: 0, interpolation_duration: 1 }
$data merge entity $(bone_right_knee) { transformation: [-3.111929236057745f,0.06405320542462538f,0.2199021073606806f,-0.9253157233178859f,0.009377745161616057f,3.028963632223418f,-0.7495696717059583f,-2.613184959863168f,-0.2288488755544177f,-0.746886752942188f,-3.020985218536285f,-1.134290805471648f,0f,0f,0f,1f], start_interpolation: 0, interpolation_duration: 1 }
$data merge entity $(bone_right_leg) { transformation: [-2.3762990358553377f,0.1236966878997492f,0.12364622776319721f,-0.6682084049253469f,0.007160936221761757f,1.7518972467045788f,-1.6149895126674314f,-0.36497104971684924f,-0.17475119807848036f,-1.6102613248898427f,-1.7475430902780584f,-3.4585779548842783f,0f,0f,0f,1f], start_interpolation: 0, interpolation_duration: 1 }
$data merge entity $(bone_weist) { transformation: [-2.084598708219499f,-0.12162701479529123f,0.0686888370796815f,-0.007026229351606128f,-0.06877550319822667f,1.787950543233805f,1.078687093872709f,0.9433164876558813f,-0.12157802937703724f,1.0740124699460922f,-1.7879538748387411f,-2.2118250771881662f,0f,0f,0f,1f], start_interpolation: 0, interpolation_duration: 1 }
data modify entity @s data merge value {"locators":{"consume":{"posx":-2.8507675127564083,"posy":2.2409736437212917,"posz":-6.085375102688594,"roty":11.015175762645384,"rotx":56.13765642944622}},"cameras":{}}