# This file was generated by Animated Java via MC-Build. It is not recommended to edit this file directly.
$data merge entity $(bone_neck) { transformation: [-1.0481137675810142f,0.000016344137632254058f,0.042364096809772066f,-0.0006598434009127075f,0.010984416043303979f,1.013200221009575f,0.27137030329209355f,4.547794130872756f,-0.04091527306307732f,0.27159252316204213f,-1.0123737593157758f,0.17908668721848042f,0f,0f,0f,1f], start_interpolation: 0, interpolation_duration: 1 }
$data merge entity $(bone_right_thumb_2) { transformation: [-0.9243597464373976f,0.057899126039070034f,0.37710310310325157f,-2.0361483099149846f,0.08814511808352568f,0.994085803882576f,0.06343384488720351f,-1.5966434849980018f,-0.3712000772147429f,0.09187549032818487f,-0.9239964269155615f,-2.09863462530622f,0f,0f,0f,1f], start_interpolation: 0, interpolation_duration: 1 }
$data merge entity $(bone_right_thumb) { transformation: [-0.9243597464373976f,0.057899126039070034f,0.37710310310325157f,-2.1559663008224956f,0.08814511808352568f,0.994085803882576f,0.06343384488720351f,-1.29870178765582f,-0.3712000772147429f,0.09187549032818487f,-0.9239964269155615f,-2.1270807837528776f,0f,0f,0f,1f], start_interpolation: 0, interpolation_duration: 1 }
$data merge entity $(bone_right_fingers2) { transformation: [-0.7685906471727688f,-0.5167800951163293f,0.37710310310325157f,-2.2671401046744664f,-0.5352308706669092f,0.8423206410910088f,0.06343384488720351f,-2.3808104912641324f,-0.3504230759577434f,-0.15308256231063377f,-0.9239964269155615f,-2.429498135089333f,0f,0f,0f,1f], start_interpolation: 0, interpolation_duration: 1 }
$data merge entity $(bone_right_fingers) { transformation: [-0.9078483483795995f,-0.1833156457434318f,0.37710310310325157f,-2.3083061744173f,-0.172146692492683f,0.983026786810337f,0.06343384488720351f,-1.908286456271759f,-0.3823308679772832f,-0.007328740615736448f,-0.9239964269155615f,-2.4226526933599657f,0f,0f,0f,1f], start_interpolation: 0, interpolation_duration: 1 }
$data merge entity $(bone_right_hand) { transformation: [-0.9243597464373976f,0.057899126039070034f,0.37710310310325157f,-2.3142254198205463f,0.08814511808352568f,0.994085803882576f,0.06343384488720351f,-1.2000212473814726f,-0.3712000772147429f,0.09187549032818487f,-0.9239964269155615f,-2.4081008842852927f,0f,0f,0f,1f], start_interpolation: 0, interpolation_duration: 1 }
$data merge entity $(bone_right_forearm) { transformation: [-1.1260390405465288f,0.08715724315112158f,0.9952163554467487f,-2.1599117386662705f,0.15677263131371416f,1.496426354753721f,0.046329330740083406f,0.9533880421108116f,-0.986648022981543f,0.1383028552928179f,-1.12845642316477f,-2.176341380024785f,0f,0f,0f,1f], start_interpolation: 0, interpolation_duration: 1 }
$data merge entity $(bone_right_bicep) { transformation: [-1.577605172258534f,-0.025180512737188163f,0.05858344720018885f,-2.0865950814138152f,0.016533578796651505f,1.2394347594277897f,0.9779735558484166f,2.829951350014808f,-0.06158505727641995f,0.9777891270334896f,-1.2381598692494402f,-0.8746401371713617f,0f,0f,0f,1f], start_interpolation: 0, interpolation_duration: 1 }
$data merge entity $(bone_right_shoulder) { transformation: [-0.9991841367319731f,-0.015948203849862033f,0.03710411967888195f,-1.7811098406617516f,0.010471624933488122f,0.7850022121577496f,0.6194044494340445f,2.9776627288908255f,-0.039005204453173924f,0.6192876405204635f,-0.7841947540784517f,-0.6638151534782164f,0f,0f,0f,1f], start_interpolation: 0, interpolation_duration: 1 }
$data merge entity $(bone_right_arm) { transformation: [-1.4615253715004208f,0.000022790819626351053f,0.05907393285280559f,-1.4134921105173985f,0.01531704213318058f,1.4128407384944188f,0.3784079511220642f,3.1353577783130304f,-0.057053643901241f,0.378717822042595f,-1.4116882922892244f,-0.5670551409959006f,0f,0f,0f,1f], start_interpolation: 0, interpolation_duration: 1 }
$data merge entity $(bone_left_thumb_2) { transformation: [-0.87782024445397f,0.042903587167104296f,0.47706488094908744f,1.7141620751552336f,-0.4088208345577269f,0.45188039183491735f,-0.7928869003247847f,-0.7334795740088611f,-0.2495939575756914f,-0.8910462354352418f,-0.3791298757133071f,1.3115783690462173f,0f,0f,0f,1f], start_interpolation: 0, interpolation_duration: 1 }
$data merge entity $(bone_left_thumb) { transformation: [-0.87782024445397f,0.042903587167104296f,0.47706488094908744f,1.856004896566057f,-0.4088208345577269f,0.45188039183491735f,-0.7928869003247847f,-0.5436254164618088f,-0.2495939575756914f,-0.8910462354352418f,-0.3791298757133071f,1.093013040672888f,0f,0f,0f,1f], start_interpolation: 0, interpolation_duration: 1 }
$data merge entity $(bone_left_fingers2) { transformation: [-0.6703035740793791f,0.5684208106160816f,0.47706488094908744f,1.9939668829591717f,-0.04925202160257827f,0.6073751737282433f,-0.7928869003247847f,-1.1301620350161552f,-0.7404507795555824f,-0.5549713329507595f,-0.3791298757133071f,2.047851456784449f,0f,0f,0f,1f], start_interpolation: 0, interpolation_duration: 1 }
$data merge entity $(bone_left_fingers) { transformation: [-0.8368049794954102f,0.26863828032638815f,0.47706488094908744f,2.0856551284455835f,-0.27793535090909266f,0.5422935588852169f,-0.7928869003247847f,-0.8935901681575433f,-0.47170898550560353f,-0.7960849014614501f,-0.3791298757133071f,1.647042915874116f,0f,0f,0f,1f], start_interpolation: 0, interpolation_duration: 1 }
$data merge entity $(bone_left_hand) { transformation: [-0.87782024445397f,0.042903587167104296f,0.47706488094908744f,2.1847231005103698f,-0.4088208345577269f,0.45188039183491735f,-0.7928869003247847f,-0.5726232175358952f,-0.2495939575756914f,-0.8910462354352418f,-0.3791298757133071f,1.0233024632357592f,0f,0f,0f,1f], start_interpolation: 0, interpolation_duration: 1 }
$data merge entity $(bone_left_forearm) { transformation: [-1.4879382604446276f,0.06458402111726783f,0.2188253580796843f,2.2345005730594134f,-0.1664427955194232f,0.6802287336738632f,-1.332517003914582f,0.4084179064067248f,-0.15605264798156177f,-1.3413178870492033f,-0.6652291311699795f,-0.9131316989391789f,0f,0f,0f,1f], start_interpolation: 0, interpolation_duration: 1 }
$data merge entity $(bone_left_bicep) { transformation: [-1.577605172258534f,0.0016546739841785518f,0.06374433748632966f,2.052430124653168f,0.016533578796651505f,1.5349971912680536f,0.36934323009337255f,2.6801062375996745f,-0.06158505727641995f,0.3697094033124355f,-1.5337621705685232f,-0.49074775771383866f,0f,0f,0f,1f], start_interpolation: 0, interpolation_duration: 1 }
$data merge entity $(bone_left_shoulder) { transformation: [-0.9991841367319731f,0.0010479960547336226f,0.040372795388117624f,1.8034743521921583f,0.010471624933488122f,0.9721981585845277f,0.23392538450562794f,2.917642992913009f,-0.039005204453173924f,0.23415730214777156f,-0.9714159520393123f,-0.44389364103695916f,0f,0f,0f,1f], start_interpolation: 0, interpolation_duration: 1 }
$data merge entity $(bone_left_arm) { transformation: [-1.4615253715004208f,0.000022790819626351053f,0.05907393285280559f,1.4361650858591442f,0.01531704213318058f,1.4128407384944188f,0.3784079511220642f,3.0451240812580767f,-0.057053643901241f,0.378717822042595f,-1.4116882922892244f,-0.4719949848831697f,0f,0f,0f,1f], start_interpolation: 0, interpolation_duration: 1 }
$data merge entity $(bone_chest) { transformation: [-2.063776116034592f,0.00003218223243119538f,0.08341652774504456f,0.0001396192386497368f,0.021628735524653542f,1.9950300068154625f,0.534338511579562f,3.827808981266654f,-0.08056373834635817f,0.5347760710070721f,-1.9934026721145581f,-0.03468542213495707f,0f,0f,0f,1f], start_interpolation: 0, interpolation_duration: 1 }
$data merge entity $(bone_weist) { transformation: [-2.0875687719637988f,0.0000325532517376599f,0.08437821187736237f,-0.005484765502670746f,0.021878086730205176f,2.018030109467977f,0.5404987400350424f,0.2886964622012469f,-0.08149253352523086f,0.5409413439539711f,-2.0163840137133326f,-0.8407435706675466f,0f,0f,0f,1f], start_interpolation: 0, interpolation_duration: 1 }
$data merge entity $(bone_right_foot) { transformation: [-1.131895773772714f,0.004404936725878639f,0.045537964907430915f,-0.9421761515741244f,0.011862466157154016f,1.1172524827807766f,0.18678148735048974f,-6.998484332867019f,-0.04418587570864449f,0.18710595568455787f,-1.1163870843642132f,0.16812307723964237f,0f,0f,0f,1f], start_interpolation: 0, interpolation_duration: 1 }
$data merge entity $(bone_right_knee) { transformation: [-3.117800890437823f,0.012854720582703278f,0.12536221089959337f,-0.9645125481260848f,0.032675099955793215f,3.080374648430021f,0.49677729751899463f,-3.08980969043718f,-0.12170975969811307f,0.49768474122293216f,-3.077996093715173f,0.9117154607600053f,0f,0f,0f,1f], start_interpolation: 0, interpolation_duration: 1 }
$data merge entity $(bone_right_thigh) { transformation: [-2.3807826875015854f,0.08844298221204538f,0.03792099464166268f,-0.7652246342467784f,0.02495101997235371f,1.4741952781005585f,-1.8717671053506633f,-1.2579771846983134f,-0.09293874078936293f,-1.8698429048901148f,-1.4739186780609812f,-1.6713035404733807f,0f,0f,0f,1f], start_interpolation: 0, interpolation_duration: 1 }
$data merge entity $(bone_right_leg) { transformation: [-1.1359657838230022f,0.000017714089529788968f,0.04591501984515866f,-0.7385159902008746f,0.011905120576049758f,1.0981258130833753f,0.2941163343335831f,-1.366053414287951f,-0.04434475690811709f,0.2943571804865057f,-1.09723007806411f,-1.6954948554018558f,0f,0f,0f,1f], start_interpolation: 0, interpolation_duration: 1 }
$data merge entity $(bone_left_foot) { transformation: [-1.131895773772714f,-0.0012798948141541553f,0.04573260964272764f,0.8513874312962987f,0.011862466157154016f,1.0854396313845298f,0.32397722283593805f,-8.105471562346672f,-0.04418587570864449f,0.324191796455557f,-1.0845406584811745f,-4.014837570830595f,0f,0f,0f,1f], start_interpolation: 0, interpolation_duration: 1 }
$data merge entity $(bone_left_knee) { transformation: [-3.117800890437823f,-0.015846783281030393f,0.12501922741137686f,0.8609140422033723f,0.032675099955793215f,2.888055455980364f,1.1809451050758915f,-4.467221218787904f,-0.12170975969811307f,1.18129076980203f,-2.885533256046884f,-2.4041825211400694f,0f,0f,0f,1f], start_interpolation: 0, interpolation_duration: 1 }
$data merge entity $(bone_left_thigh) { transformation: [-2.3807826875015854f,-0.002324481467596609f,0.09620166174801757f,0.7841473942213395f,0.02495101997235371f,2.285656065238828f,0.6727110569061147f,-1.3090450860224423f,-0.09293874078936293f,0.6731696043845928f,-2.2837669413137633f,-1.6200979801485156f,0f,0f,0f,1f], start_interpolation: 0, interpolation_duration: 1 }
$data merge entity $(bone_left_leg) { transformation: [-1.1359657838230022f,0.000017714089529788968f,0.04591501984515866f,0.7571527522318487f,0.011905120576049758f,1.0981258130833753f,0.2941163343335831f,-1.3817282849346397f,-0.04434475690811709f,0.2943571804865057f,-1.09723007806411f,-1.6371083549079444f,0f,0f,0f,1f], start_interpolation: 0, interpolation_duration: 1 }
data modify entity @s data merge value {"locators":{"consume":{"posx":-2.1307165371861325,"posy":-1.9560569480848766,"posz":-2.3601694027008007,"roty":22.20144295758351,"rotx":3.636933457604181}},"cameras":{}}