# This file was generated by Animated Java via MC-Build. It is not recommended to edit this file directly.
$data merge entity $(bone_neck) { transformation: [-0.9959601716104866f,0.0897954342622991f,-0.0003413960384296144f,0.26981238809874813f,0.08682408883346517f,0.9639598048598972f,0.2514817532400856f,4.538751545932226f,0.022911005299822373f,0.2504361687139337f,-0.967861979435104f,0.2247224325103887f,0f,0f,0f,1f], start_interpolation: 0, interpolation_duration: 1 }
$data merge entity $(bone_right_thumb_2) { transformation: [-0.21484584759985864f,-0.9699371087471742f,0.11429464923727023f,1.1323094501587803f,0.5575969602052788f,-0.21789841228439605f,-0.8010030660951133f,2.18631433937297f,0.8018272206273191f,-0.10836183368285965f,0.5876485525056258f,2.179475490103102f,0f,0f,0f,1f], start_interpolation: 0, interpolation_duration: 1 }
$data merge entity $(bone_right_thumb) { transformation: [-0.21484584759985864f,-0.9699371087471742f,0.11429464923727023f,0.8225914445831051f,0.5575969602052788f,-0.21789841228439605f,-0.8010030660951133f,2.2061464582314034f,0.8018272206273191f,-0.10836183368285965f,0.5876485525056258f,2.2667465275349787f,0f,0f,0f,1f], start_interpolation: 0, interpolation_duration: 1 }
$data merge entity $(bone_right_fingers2) { transformation: [-0.17268718071109146f,0.9783229889835894f,0.11429464923727023f,1.5292751256519614f,-0.5985385312440638f,-0.01207123533143703f,-0.8010030660951133f,2.0572016719767774f,-0.7822600361991238f,-0.20673271270843646f,0.5876485525056258f,2.2136380092118504f,0f,0f,0f,1f], start_interpolation: 0, interpolation_duration: 1 }
$data merge entity $(bone_right_fingers) { transformation: [0.9849712546401876f,-0.12949270515463013f,0.11429464923727023f,1.423195248911445f,0.16847146581979705f,0.5744662333947548f,-0.8010030660951133f,2.313992814518533f,0.03806563722129977f,0.8082203820747035f,0.5876485525056258f,2.5981192673751483f,0f,0f,0f,1f], start_interpolation: 0, interpolation_duration: 1 }
$data merge entity $(bone_right_hand) { transformation: [-0.21484584759985864f,-0.9699371087471742f,0.11429464923727023f,0.7292363384515808f,0.5575969602052788f,-0.21789841228439605f,-0.8010030660951133f,2.171779515112214f,0.8018272206273191f,-0.10836183368285965f,0.5876485525056258f,2.5890194430242253f,0f,0f,0f,1f], start_interpolation: 0, interpolation_duration: 1 }
$data merge entity $(bone_right_forearm) { transformation: [-0.74749805339565f,-1.2952455326353327f,0.17205106909079892f,-1.117929290472523f,0.7018843456592365f,-0.5652301013210822f,-1.2057732779824015f,1.3409123294022551f,1.10209841915574f,-0.5185266075777909f,0.8846045058361663f,1.8065006847123513f,0f,0f,0f,1f], start_interpolation: 0, interpolation_duration: 1 }
$data merge entity $(bone_right_bicep) { transformation: [-1.1406328509970864f,-0.5001084333846868f,-0.970439288223749f,-1.807455596940869f,0.4605074123429019f,1.0521102606264772f,-1.0834671571885213f,2.8006647701912017f,0.9898453315785994f,-1.0657671942720162f,-0.6142073470824431f,0.16748650324985875f,0f,0f,0f,1f], start_interpolation: 0, interpolation_duration: 1 }
$data merge entity $(bone_right_shoulder) { transformation: [-0.7224255286384682f,-0.3167461809018258f,-0.6146325833012252f,-1.6202470447680288f,0.2916646758971908f,0.6663593026929056f,-0.6862193501704916f,2.9136007656316094f,0.6269234980483795f,-0.6750089900132685f,-0.38901129931667944f,-0.16685684787776384f,0f,0f,0f,1f], start_interpolation: 0, interpolation_duration: 1 }
$data merge entity $(bone_right_arm) { transformation: [-1.3132308021897992f,0.15462445657094037f,-0.625349725522959f,-1.2731963440243321f,-0.26776250382916666f,1.1604528062190358f,0.8492341654002523f,3.1274621814508103f,0.5858961028413094f,0.8769188694343788f,-1.0135507854601362f,-0.2135647722966672f,0f,0f,0f,1f], start_interpolation: 0, interpolation_duration: 1 }
$data merge entity $(bone_left_thumb_2) { transformation: [-0.9563009397793242f,0.20522528791885153f,-0.208257277845951f,1.538296668795771f,-0.07395175514095673f,0.5193414444314861f,0.8513610291805642f,3.4039533016273937f,0.28287744782635665f,0.8295583435144521f,-0.4814699411352747f,-5.934712849846713f,0f,0f,0f,1f], start_interpolation: 0, interpolation_duration: 1 }
$data merge entity $(bone_left_thumb) { transformation: [-0.9563009397793242f,0.20522528791885153f,-0.208257277845951f,1.73824744310445f,-0.07395175514095673f,0.5193414444314861f,0.8513610291805642f,3.5637250133726055f,0.28287744782635665f,0.8295583435144521f,-0.4814699411352747f,-5.73868357175288f,0f,0f,0f,1f], start_interpolation: 0, interpolation_duration: 1 }
$data merge entity $(bone_left_fingers2) { transformation: [0.8049705475945264f,-0.5555639690706756f,-0.208257277845951f,1.3049138736724184f,-0.1304208535564684f,-0.5081090423818617f,0.8513610291805642f,3.3508394550552256f,-0.5788029184990091f,-0.6581594619241028f,-0.4814699411352747f,-6.278413731946967f,0f,0f,0f,1f], start_interpolation: 0, interpolation_duration: 1 }
$data merge entity $(bone_left_fingers) { transformation: [0.28779146243586257f,0.9347753635891468f,-0.208257277845951f,1.7578434195298922f,0.5238105135887583f,0.028406757056932165f,0.8513610291805642f,3.395568102431577f,0.8017472294950001f,-0.35410178731586006f,-0.4814699411352747f,-6.41210981868566f,0f,0f,0f,1f], start_interpolation: 0, interpolation_duration: 1 }
$data merge entity $(bone_left_hand) { transformation: [-0.9563009397793242f,0.20522528791885153f,-0.208257277845951f,1.9562190249078555f,-0.07395175514095673f,0.5193414444314861f,0.8513610291805642f,3.7912647940451287f,0.28287744782635665f,0.8295583435144521f,-0.4814699411352747f,-5.858975435217315f,0f,0f,0f,1f], start_interpolation: 0, interpolation_duration: 1 }
$data merge entity $(bone_left_forearm) { transformation: [-1.4658185670820096f,-0.1382470264341552f,-0.313495754512114f,1.7160415228657275f,-0.3412551515856571f,0.712121578667724f,1.2815785885888547f,4.803851568222398f,0.030606370762566445f,1.319009672783056f,-0.7247707452642123f,-3.9532788328295685f,0f,0f,0f,1f], start_interpolation: 0, interpolation_duration: 1 }
$data merge entity $(bone_left_bicep) { transformation: [-1.5374518840731979f,0.18617999311598227f,-0.3073806636201275f,1.8180094108837213f,-0.35793200300327443f,-0.6726938733585586f,1.382849157361846f,3.730432240460565f,0.03210207828600792f,1.416235898766034f,0.6972442137877707f,-1.8270085401854392f,0f,0f,0f,1f], start_interpolation: 0, interpolation_duration: 1 }
$data merge entity $(bone_left_shoulder) { transformation: [-0.9737528505661337f,0.11791803105718496f,-0.19468108271202245f,1.6036373595604008f,-0.22669802667898684f,-0.4260540336429051f,0.8758344393299817f,3.5709378907731657f,0.02033201205443977f,0.8969800992041054f,0.4416031147055136f,-1.6051884079944212f,0f,0f,0f,1f], start_interpolation: 0, interpolation_duration: 1 }
$data merge entity $(bone_left_arm) { transformation: [-1.3132308021897992f,0.15462445657094037f,-0.625349725522959f,1.2807126154715314f,-0.26776250382916666f,1.1604528062190358f,0.8492341654002523f,3.5999565308221686f,0.5858961028413094f,0.8769188694343788f,-1.0135507854601362f,-1.3934049337778271f,0f,0f,0f,1f], start_interpolation: 0, interpolation_duration: 1 }
$data merge entity $(bone_chest) { transformation: [-1.854373805100567f,0.21834055477143854f,-0.8830375803727187f,0.2110049076669853f,-0.3780993959789743f,1.6386405819294905f,1.1991780790465094f,3.8673473282154363f,0.8273263038056629f,1.2382708187821605f,-1.431204647014318f,-0.10879136211979223f,0f,0f,0f,1f], start_interpolation: 0, interpolation_duration: 1 }
$data merge entity $(bone_left_cheek) { transformation: [-1.1348063125690353f,0.03514424117677014f,-0.059211203697914126f,0.41614317033009035f,0.0014571338474056834f,0.9896915137316218f,0.5594953402722309f,-0.4589081978962685f,0.06884011252313309f,0.5583923722056898f,-0.9879197583549394f,-3.4009573332405707f,0f,0f,0f,1f], start_interpolation: 0, interpolation_duration: 1 }
$data merge entity $(bone_left_foot) { transformation: [-1.1307404567456825f,-0.02548929471881263f,-0.06369825533955713f,0.7251889466995614f,0.00145191313610609f,1.0426145398763456f,-0.44298303081120544f,-6.030738664196934f,0.06859346781444371f,-0.4422514776608142f,-1.040667919693893f,0.6253504264228529f,0f,0f,0f,1f], start_interpolation: 0, interpolation_duration: 1 }
$data merge entity $(bone_left_knee) { transformation: [-3.1146185758298173f,-0.0702101267734779f,-0.17545650564191068f,0.6761865966886788f,0.003999287013416238f,2.871876206388795f,-1.2201944029780918f,-2.326522559134638f,0.18894034237558185f,-1.2181793437150907f,-2.866514251446631f,-0.8263891592139663f,0f,0f,0f,1f], start_interpolation: 0, interpolation_duration: 1 }
$data merge entity $(bone_left_leg) { transformation: [-2.378352641520086f,-0.10942062897704449f,-0.09408616568413511f,0.44081543482406443f,0.003053893952334536f,1.5149726051634553f,-1.8390853833850194f,-0.41811407823792246f,0.14427665906376716f,-1.8358299212081066f,-1.5120512934721744f,-3.4389469476801047f,0f,0f,0f,1f], start_interpolation: 0, interpolation_duration: 1 }
$data merge entity $(bone_right_cheek) { transformation: [-1.1322794929036244f,0.09570893063040388f,-0.03618565911067287f,-1.0807267956853925f,0.041547722846789294f,0.7974768560586873f,0.8092162270708471f,-0.4753260382420298f,0.09350608565187442f,0.8046097911572506f,-0.7977381445673309f,-3.596271826699655f,0f,0f,0f,1f], start_interpolation: 0, interpolation_duration: 1 }
$data merge entity $(bone_right_foot) { transformation: [-1.1243438317510073f,-0.0858879772734842f,0.10842211842300659f,-1.2811358184857564f,0.13684997524465575f,-0.561674099419048f,0.974205031149675f,-2.4578991650122766f,-0.020104344779179016f,0.9800135783761731f,0.5678471219609456f,-10.07689959646534f,0f,0f,0f,1f], start_interpolation: 0, interpolation_duration: 1 }
$data merge entity $(bone_right_knee) { transformation: [-3.0969991062935702f,0.010738085208892995f,0.380847146924655f,-1.3151212819637736f,0.3769525291644545f,0.539714588056599f,3.050111190493421f,-1.8754463387638123f,-0.05537731079715103f,3.073297280957818f,-0.5369734597574943f,-6.141069353520174f,0f,0f,0f,1f], start_interpolation: 0, interpolation_duration: 1 }
$data merge entity $(bone_right_leg) { transformation: [-2.364898245454092f,0.0831896828441979f,0.2787868959633552f,-1.100779787736569f,0.28784456961221944f,1.000902141022304f,2.143064809072784f,-0.35054048777080826f,-0.04228664608782561f,2.1607083905075424f,-1.0034627341348523f,-3.285968552964991f,0f,0f,0f,1f], start_interpolation: 0, interpolation_duration: 1 }
$data merge entity $(bone_weist) { transformation: [-2.0770867443700642f,0.18139925349072308f,-0.13367134536972455f,-0.1583765628788379f,0.09104608458477115f,1.80936378211606f,1.0406615087655675f,0.9072281053867859f,0.20611726813085443f,1.028766288414163f,-1.8067148798243176f,-2.2036577805299755f,0f,0f,0f,1f], start_interpolation: 0, interpolation_duration: 1 }
data modify entity @s data merge value {"locators":{"consume":{"posx":1.4955796574602302,"posy":2.209064793342818,"posz":2.4515762070728817,"roty":168.99367334147283,"rotx":-53.225995148933656}},"cameras":{}}