# This file was generated by Animated Java via MC-Build. It is not recommended to edit this file directly.
$data merge entity $(bone_neck) { transformation: [-1.0479360368660338f,0.03852888491557765f,-0.026129952605769675f,0.12082840395941492f,0.03049607847760487f,1.0129971496813532f,0.2706361961997113f,4.605001545932227f,0.03517440253231546f,0.2696098783856464f,-1.013119174451791f,0.19295732494039086f,0f,0f,0f,1f], start_interpolation: 0, interpolation_duration: 1 }
$data merge entity $(bone_right_thumb_2) { transformation: [-0.4751309435430615f,-0.8688056581777173f,-0.1393819027214926f,-0.7546790009555913f,0.28615889192953176f,-0.0027742093728284067f,-0.9581781631471352f,1.183420792212862f,0.8320839351036303f,-0.4951454655762679f,0.249934577163141f,1.3260065413450774f,0f,0f,0f,1f], start_interpolation: 0, interpolation_duration: 1 }
$data merge entity $(bone_right_thumb) { transformation: [-0.4751309435430615f,-0.8688056581777173f,-0.1393819027214926f,-1.0738217236590444f,0.28615889192953176f,-0.0027742093728284067f,-0.9581781631471352f,1.2248558802232055f,0.8320839351036303f,-0.4951454655762679f,0.249934577163141f,1.306879442306621f,0f,0f,0f,1f], start_interpolation: 0, interpolation_duration: 1 }
$data merge entity $(bone_right_fingers2) { transformation: [0.10648622267255042f,0.9844965056183128f,-0.1393819027214926f,-0.40321115212791026f,-0.265437987264697f,-0.10694523170692687f,-0.9581781631471352f,0.9854489509192987f,-0.9582292832604307f,0.13903002496037792f,0.249934577163141f,1.438684877368696f,0f,0f,0f,1f], start_interpolation: 0, interpolation_duration: 1 }
$data merge entity $(bone_right_fingers) { transformation: [0.9069099806356427f,-0.39760152441507923f,-0.1393819027214926f,-0.6342627851530407f,-0.022176738101357157f,0.28531175923043467f,-0.9581781631471352f,1.1133640763472517f,0.42074039419889575f,0.8720723753379873f,0.249934577163141f,1.832732250890189f,0f,0f,0f,1f], start_interpolation: 0, interpolation_duration: 1 }
$data merge entity $(bone_right_hand) { transformation: [-0.4751309435430615f,-0.8688056581777173f,-0.1393819027214926f,-1.2806047381939851f,0.28615889192953176f,-0.0027742093728284067f,-0.9581781631471352f,1.1012662822844128f,0.8320839351036303f,-0.4951454655762679f,0.249934577163141f,1.5429355603364128f,0f,0f,0f,1f], start_interpolation: 0, interpolation_duration: 1 }
$data merge entity $(bone_right_forearm) { transformation: [-1.0754001339119834f,-1.0322343957424651f,-0.2098156434721588f,-2.7377089064799267f,0.40957050910138926f,-0.13351584615976875f,-1.4423735358484742f,0.902211549414651f,0.9704547645685897f,-1.0875116418171293f,0.37623380876217666f,-0.05453788362564771f,0f,0f,0f,1f], start_interpolation: 0, interpolation_duration: 1 }
$data merge entity $(bone_right_bicep) { transformation: [-1.323005181363659f,0.3836318036887726f,-0.7716139496716319f,-2.1218017428285756f,0.4615072466953987f,1.5093858648923728f,-0.040859884424467786f,3.0667033619078814f,0.727717327935091f,-0.25977896009116597f,-1.3768974328400092f,-0.5323712878043938f,0f,0f,0f,1f], start_interpolation: 0, interpolation_duration: 1 }
$data merge entity $(bone_right_shoulder) { transformation: [-0.8379319574239714f,0.2429751241515825f,-0.48870555938228794f,-1.771182925399927f,0.29229792599166426f,0.9559770967591474f,-0.025878812432632847f,3.208154703933354f,0.46090341416462016f,-0.16453230538552277f,-0.8720648847969523f,-0.6613868691120184f,0f,0f,0f,1f], start_interpolation: 0, interpolation_duration: 1 }
$data merge entity $(bone_right_arm) { transformation: [-1.4401518819459873f,0.0754882261898566f,-0.24456129341272134f,-1.3996013966047487f,-0.09095674153957076f,1.1554726548720708f,0.8922757178209854f,3.3769928579641366f,0.2392395654934565f,0.8937173004653989f,-1.1329518783924166f,-0.6191569097452148f,0f,0f,0f,1f], start_interpolation: 0, interpolation_duration: 1 }
$data merge entity $(bone_left_thumb_2) { transformation: [-0.9999184480998838f,-0.00740076007250956f,0.010407972899116075f,3.153530120853851f,0.0008119994898727889f,0.7764809336743744f,0.6301402227258631f,0.8945081647220908f,-0.01274510911479515f,0.6300972848620449f,-0.7764116007654258f,-4.966634378718814f,0f,0f,0f,1f], start_interpolation: 0, interpolation_duration: 1 }
$data merge entity $(bone_left_thumb) { transformation: [-0.9999184480998838f,-0.00740076007250956f,0.010407972899116075f,3.298973065121618f,0.0008119994898727889f,0.7764809336743744f,0.6301402227258631f,1.1169500923002922f,-0.01274510911479515f,0.6300972848620449f,-0.7764116007654258f,-4.78414950617141f,0f,0f,0f,1f], start_interpolation: 0, interpolation_duration: 1 }
$data merge entity $(bone_left_fingers2) { transformation: [0.9266363366465905f,-0.3758148130480191f,0.010407972899116075f,3.0280801642056256f,-0.29789657857366236f,-0.7170641032551454f,0.6301402227258631f,0.7210238633041698f,-0.22935284624414878f,-0.5870113270768945f,-0.7764116007654258f,-5.32661272758478f,0f,0f,0f,1f], start_interpolation: 0, interpolation_duration: 1 }
$data merge entity $(bone_left_fingers) { transformation: [0.07977603708514815f,0.9967584752622473f,0.010407972899116075f,3.502351345296939f,0.7734554188770896f,-0.06848368209044983f,0.6301402227258631f,0.7298532924036983f,0.6288103839128732f,-0.04221998673867468f,-0.7764116007654258f,-5.323553808814623f,0f,0f,0f,1f], start_interpolation: 0, interpolation_duration: 1 }
$data merge entity $(bone_left_hand) { transformation: [-0.9999184480998838f,-0.00740076007250956f,0.010407972899116075f,3.5599326229806816f,0.0008119994898727889f,0.7764809336743744f,0.6301402227258631f,1.2957080411566875f,-0.01274510911479515f,0.6300972848620449f,-0.7764116007654258f,-4.901204192368851f,0f,0f,0f,1f], start_interpolation: 0, interpolation_duration: 1 }
$data merge entity $(bone_left_forearm) { transformation: [-1.4321908250589275f,-0.4632492551779272f,0.015667425170915655f,2.8508277240962068f,-0.35031704591191254f,1.1151285804612319f,0.9485684563590715f,2.890433070550791f,-0.30351821687987957f,0.8988349551686204f,-1.1687550279705514f,-3.609415095387405f,0f,0f,0f,1f], start_interpolation: 0, interpolation_duration: 1 }
$data merge entity $(bone_left_bicep) { transformation: [-1.508411857673403f,-0.40549250130593795f,-0.2305941392563379f,2.0646210691518503f,-0.3339893613697292f,0.3939383092207687f,1.4920348096021645f,3.4239153171268395f,-0.3256515502290108f,1.4742091432213342f,-0.46212836736182533f,-1.422881846362857f,0f,0f,0f,1f], start_interpolation: 0, interpolation_duration: 1 }
$data merge entity $(bone_left_shoulder) { transformation: [-0.9553602044090395f,-0.25682070646904875f,-0.14604795294784823f,1.7642833340937925f,-0.21153383469206016f,0.24950280104678935f,0.9449877189944209f,3.4314467711229053f,-0.20625304024908428f,0.9336977439185258f,-0.2926913158764105f,-1.2487022921180595f,0f,0f,0f,1f], start_interpolation: 0, interpolation_duration: 1 }
$data merge entity $(bone_left_arm) { transformation: [-1.4401518819459873f,0.0754882261898566f,-0.24456129341272134f,1.4051575845014002f,-0.09095674153957076f,1.1554726548720708f,0.8922757178209854f,3.5049670304359313f,0.2392395654934565f,0.8937173004653989f,-1.1329518783924166f,-1.1238096213296824f,0f,0f,0f,1f], start_interpolation: 0, interpolation_duration: 1 }
$data merge entity $(bone_chest) { transformation: [-2.0335952528632117f,0.1065946587656608f,-0.3453376630291067f,0.09243126803530227f,-0.12843728507359922f,1.6316082596691168f,1.2599557635226726f,3.933597328215437f,0.337823010741861f,1.2619913791122783f,-1.5998073470612504f,-0.14450878244620613f,0f,0f,0f,1f], start_interpolation: 0, interpolation_duration: 1 }
$data merge entity $(bone_weist) { transformation: [-2.086450833261993f,0.08759462605927892f,-0.06413394766929584f,-0.08593678565320222f,0.0438797789339224f,1.8093637821160602f,1.0437146786096065f,0.973478105386786f,0.09930028579426642f,1.0409577065519902f,-1.8087591237610872f,-2.264200462664977f,0f,0f,0f,1f], start_interpolation: 0, interpolation_duration: 1 }
$data merge entity $(bone_right_foot) { transformation: [-1.130520544389494f,0.07212154033524644f,-0.0017130478551765046f,-1.2410380282332847f,0.011216542986795143f,0.2022948721469816f,1.1145546762121912f,-4.336745804025724f,0.07126457939753861f,1.1122753348531595f,-0.20259835043895136f,-6.551730570591593f,0f,0f,0f,1f], start_interpolation: 0, interpolation_duration: 1 }
$data merge entity $(bone_right_knee) { transformation: [-3.114012828413995f,0.19813547612439542f,-0.01515776209754821f,-1.022129963759531f,0.030895908017486973f,0.7178756140650564f,3.036488657277723f,-3.530521936056922f,0.19629790502861139f,3.03017495468652f,-0.7183802590896419f,-2.66158297161283f,0f,0f,0f,1f], start_interpolation: 0, interpolation_duration: 1 }
$data merge entity $(bone_right_thigh) { transformation: [-2.377890086978835f,0.002146334633666648f,-0.15172506562817353f,-0.9525493668094758f,0.02359241192991805f,2.3587448454164077f,-0.3363815101418314f,-0.35419234018692053f,0.14989496453037476f,-0.3372010016497731f,-2.3539781970399116f,-3.316540642611102f,0f,0f,0f,1f], start_interpolation: 0, interpolation_duration: 1 }
$data merge entity $(bone_right_leg) { transformation: [-1.1328894673372059f,0.04766525509792264f,-0.08255864358533345f,-0.93016556635335f,0f,0.9845785080598366f,0.5684466666666667f,-0.4500079841531624f,0.09533051019584529f,0.5664447336686028f,-0.9811110583938415f,-3.371041940746786f,0f,0f,0f,1f], start_interpolation: 0, interpolation_duration: 1 }
$data merge entity $(bone_left_foot) { transformation: [-1.1236445094643523f,-0.044730790841091245f,-0.13676010054597862f,1.0982507803684611f,-0.03701885338935523f,1.130316170077048f,-0.06554473705868107f,-6.802636522736815f,0.13904593933068687f,-0.06054473067976056f,-1.122622694738781f,-1.4428985058949402f,0f,0f,0f,1f], start_interpolation: 0, interpolation_duration: 1 }
$data merge entity $(bone_left_knee) { transformation: [-3.0950728267733556f,-0.10717989550378476f,-0.38157566372446383f,1.009319062614161f,-0.10196823482750711f,3.1182983571131184f,-0.04879708279769019f,-2.825262415623585f,0.38300130056323534f,-0.03593252291726806f,-3.096543585635675f,-1.3816419188454403f,0f,0f,0f,1f], start_interpolation: 0, interpolation_duration: 1 }
$data merge entity $(bone_left_thigh) { transformation: [-2.363427319922227f,-0.23796906999492762f,-0.18699837757433124f,0.592228419855187f,-0.07786392290058475f,1.9007493487177323f,-1.4347388232372094f,-0.3624802033011376f,0.2924634695140826f,-1.417007058246115f,-1.8931303399198167f,-3.4513326885649533f,0f,0f,0f,1f], start_interpolation: 0, interpolation_duration: 1 }
$data merge entity $(bone_left_leg) { transformation: [-1.1328894673372059f,0.04766525509792264f,-0.08255864358533345f,0.561452745621731f,0f,0.9845785080598366f,0.5684466666666667f,-0.4500079841531624f,0.09533051019584529f,0.5664447336686028f,-0.9811110583938415f,-3.4965588060701753f,0f,0f,0f,1f], start_interpolation: 0, interpolation_duration: 1 }
data modify entity @s data merge value {"locators":{"consume":{"posx":-0.5167740023660775,"posy":1.0526889163062039,"posz":1.6904678083024736,"roty":209.1472520345731,"rotx":-73.37106232771322}},"cameras":{}}