# This file was generated by Animated Java via MC-Build. It is not recommended to edit this file directly.
$data merge entity $(bone_neck) { transformation: [-1.0458028346138684f,-0.000006436422826041725f,-0.0814470246889165f,0.0014035909617379255f,-0.021090060375115866f,1.0132136242443783f,0.27072227052359854f,4.468776436282565f,0.07866909955934719f,0.27154251667584395f,-1.0101549490896815f,0.17877729573575318f,0f,0f,0f,1f], start_interpolation: 0, interpolation_duration: 1 }
$data merge entity $(bone_right_thumb_2) { transformation: [-0.43473252160575193f,-0.10197300179385209f,-0.8947676466901647f,-1.56682743303094f,0.8964008818146905f,0.04637650595897895f,-0.4408113868502963f,-0.012697933265470751f,0.08644705744066371f,-0.9937055532702773f,0.07124731335048896f,2.2406550410211095f,0f,0f,0f,1f], start_interpolation: 0, interpolation_duration: 1 }
$data merge entity $(bone_right_thumb) { transformation: [-0.43473252160575193f,-0.10197300179385209f,-0.8947676466901647f,-1.6602120223604804f,0.8964008818146905f,0.04637650595897895f,-0.4408113868502963f,0.13288238730182433f,0.08644705744066371f,-0.9937055532702773f,0.07124731335048896f,1.9685879929798191f,0f,0f,0f,1f], start_interpolation: 0, interpolation_duration: 1 }
$data merge entity $(bone_right_fingers2) { transformation: [-0.28281926785682066f,-0.3455490126819587f,-0.8947676466901647f,-1.7501362429763454f,0.6829304057876739f,0.5824872376917806f,-0.4408113868502963f,0.11421432694146028f,0.6735126744016142f,-0.7357339857317471f,0.07124731335048896f,3.0939058385444165f,0f,0f,0f,1f], start_interpolation: 0, interpolation_duration: 1 }
$data merge entity $(bone_right_fingers) { transformation: [-0.3935268151962437f,-0.2110154121339149f,-0.8947676466901647f,-1.8386718281756964f,0.8538536394656101f,0.27680188509916237f,-0.4408113868502963f,0.20150378410297748f,0.34069136779911685f,-0.9374717127719131f,0.07124731335048896f,2.6361259025076f,0f,0f,0f,1f], start_interpolation: 0, interpolation_duration: 1 }
$data merge entity $(bone_right_hand) { transformation: [-0.43473252160575193f,-0.10197300179385209f,-0.8947676466901647f,-1.9639127325496606f,0.8964008818146905f,0.04637650595897895f,-0.4408113868502963f,0.277333818192838f,0.08644705744066371f,-0.9937055532702773f,0.07124731335048896f,1.9429802320028982f,0f,0f,0f,1f], start_interpolation: 0, interpolation_duration: 1 }
$data merge entity $(bone_right_forearm) { transformation: [-1.2039680174363927f,-0.15350293381283783f,-0.8904570524840001f,-2.1476215406297188f,0.8883963541702328f,0.06981190706814147f,-1.213216433925088f,0.35697921130408705f,0.16501160839371293f,-1.4958539524163852f,0.03475661308239389f,-0.21910312283522732f,0f,0f,0f,1f], start_interpolation: 0, interpolation_duration: 1 }
$data merge entity $(bone_right_bicep) { transformation: [-1.574126790507929f,-0.031738720670366365f,-0.11841308652281421f,-2.1176404103969864f,-0.03174444355197901f,1.5785737876909658f,-0.0011158687272581863f,2.568735540084847f,0.11841155244834113f,0.0012682545681819745f,-1.5744463324678832f,-0.4012819469465617f,0f,0f,0f,1f], start_interpolation: 0, interpolation_duration: 1 }
$data merge entity $(bone_right_shoulder) { transformation: [-0.9969810862299727f,-0.02010187768882405f,-0.0749975213796251f,-1.806839682795149f,-0.020105502304554462f,0.9997976141670744f,-0.00070674104684601f,2.81664508874272f,0.0749965497658747f,0.0008032553823661137f,-0.9971834697306236f,-0.3621562402764781f,0f,0f,0f,1f], start_interpolation: 0, interpolation_duration: 1 }
$data merge entity $(bone_right_arm) { transformation: [-1.458302928223948f,-0.000008975166201351618f,-0.11357249250794874f,-1.4433855218227452f,-0.029408695199040023f,1.4128594284194356f,0.3775043122595531f,3.0125335453830235f,0.10969885952785305f,0.37864809130288063f,-1.408594308086092f,-0.4040950360254998f,0f,0f,0f,1f], start_interpolation: 0, interpolation_duration: 1 }
$data merge entity $(bone_left_thumb_2) { transformation: [-0.5954581111319416f,-0.22713763318251615f,-0.7706089368022053f,2.5900119903312238f,-0.24894400054505905f,0.9641552166564124f,-0.09182375938093475f,-1.2131596480924929f,0.7638432577956041f,0.13716126926531041f,-0.630658595227027f,-2.7373982310986857f,0f,0f,0f,1f], start_interpolation: 0, interpolation_duration: 1 }
$data merge entity $(bone_left_thumb) { transformation: [-0.5954581111319416f,-0.22713763318251615f,-0.7706089368022053f,2.612783289527096f,-0.24894400054505905f,0.9641552166564124f,-0.09182375938093475f,-0.9000668214758487f,0.7638432577956041f,0.13716126926531041f,-0.630658595227027f,-2.810808991514015f,0f,0f,0f,1f], start_interpolation: 0, interpolation_duration: 1 }
$data merge entity $(bone_left_fingers2) { transformation: [-0.6106813116278825f,0.18229153065631984f,-0.7706089368022053f,2.8060006487217937f,0.3894399531000845f,0.9164632672085421f,-0.09182375938093475f,-1.955934551404162f,0.6894960903136819f,-0.356180962024109f,-0.630658595227027f,-3.16093111946224f,0f,0f,0f,1f], start_interpolation: 0, interpolation_duration: 1 }
$data merge entity $(bone_left_fingers) { transformation: [-0.633955913342794f,-0.0652822062914454f,-0.7706089368022053f,2.7393914324054105f,0.009080293079434198f,0.9957338728248343f,-0.09182375938093475f,-1.4862711976467888f,0.7733158786778501f,-0.0652095702407045f,-0.630658595227027f,-3.1608068008817436f,0f,0f,0f,1f], start_interpolation: 0, interpolation_duration: 1 }
$data merge entity $(bone_left_hand) { transformation: [-0.5954581111319416f,-0.22713763318251615f,-0.7706089368022053f,2.593919179960675f,-0.24894400054505905f,0.9641552166564124f,-0.09182375938093475f,-0.793600521369668f,0.7638432577956041f,0.13716126926531041f,-0.630658595227027f,-3.1302853865576736f,0f,0f,0f,1f], start_interpolation: 0, interpolation_duration: 1 }
$data merge entity $(bone_left_forearm) { transformation: [-0.8546808091197294f,-0.34191690407727615f,-1.191062317952347f,2.080676955832107f,-0.3696078672222213f,1.4513709688267171f,-0.15142072299325135f,1.2894576560552826f,1.1827622918521064f,0.20647285916209207f,-0.9079968168554037f,-2.79540063487028f,0f,0f,0f,1f], start_interpolation: 0, interpolation_duration: 1 }
$data merge entity $(bone_left_bicep) { transformation: [-1.574126790507929f,0.07462210877686885f,-0.09726533982536728f,1.9976959656234115f,-0.03174444355197901f,0.9618601129725581f,1.251687489519823f,2.7738650992679044f,0.11841155244834113f,1.249864321435953f,-0.9574560252526813f,-1.003369468966452f,0f,0f,0f,1f], start_interpolation: 0, interpolation_duration: 1 }
$data merge entity $(bone_left_shoulder) { transformation: [-0.9969810862299727f,0.04726228631248186f,-0.06160349009772707f,1.7604570270132713f,-0.020105502304554462f,0.609198919690094f,0.7927625401250389f,2.916059266374908f,0.0749965497658747f,0.7916078274884221f,-0.6064095686763817f,-0.7933778027892076f,0f,0f,0f,1f], start_interpolation: 0, interpolation_duration: 1 }
$data merge entity $(bone_left_arm) { transformation: [-1.458302928223948f,-0.000008975166201351618f,-0.11357249250794874f,1.399989964885594f,-0.029408695199040023f,1.4128594284194356f,0.3775043122595531f,3.009504557958763f,0.10969885952785305f,0.37864809130288063f,-1.408594308086092f,-0.6341631934186924f,0f,0f,0f,1f], start_interpolation: 0, interpolation_duration: 1 }
$data merge entity $(bone_chest) { transformation: [-2.059225800590917f,-0.000012673562843985871f,-0.16037230830676327f,-0.00015129791509064117f,-0.041527135921842935f,1.9950563982976854f,0.5330625102604357f,3.7487692854166985f,0.15490246742511077f,0.5346776063221735f,-1.9890337498732304f,-0.03491653794656879f,0f,0f,0f,1f], start_interpolation: 0, interpolation_duration: 1 }
$data merge entity $(bone_weist) { transformation: [-2.0829659972979826f,-0.000012819672549298054f,-0.16222119255465692f,0.010575457159452746f,-0.042005889818177516f,2.018056805209684f,0.5392080280793721f,0.20969559089227308f,0.15668829151784827f,0.5408417440992492f,-2.011964723477695f,-0.8410933898691466f,0f,0f,0f,1f], start_interpolation: 0, interpolation_duration: 1 }
$data merge entity $(bone_right_foot) { transformation: [-1.1294001141030379f,0.07204663869657409f,-0.05045608503016098f,-1.1436996676286804f,-0.02277591512064539f,0.38812117260413836f,1.0640133295531624f,-5.5296625329003986f,0.0849575915057782f,1.0618156099949343f,-0.3855009343913753f,-6.786908858662747f,0f,0f,0f,1f], start_interpolation: 0, interpolation_duration: 1 }
$data merge entity $(bone_right_knee) { transformation: [-3.1109266091474077f,0.198452083209506f,-0.13898101793481107f,-0.9199052367272207f,-0.06273613709767549f,1.0690777062534922f,2.930819058773778f,-4.273036506105298f,0.2340152340734479f,2.9247654519361648f,-1.0618602740285419f,-3.0183583297069383f,0f,0f,0f,1f], start_interpolation: 0, interpolation_duration: 1 }
$data merge entity $(bone_right_thigh) { transformation: [-2.3755334203224554f,0.04786903579373572f,-0.17870616214254897f,-0.791112197552333f,-0.04790591648779004f,2.0639261854420092f,1.1896638568338143f,-1.3975509196472586f,0.17869627903514343f,1.18966534138951f,-2.0567329392509905f,-1.591286930891956f,0f,0f,0f,1f], start_interpolation: 0, interpolation_duration: 1 }
$data merge entity $(bone_right_leg) { transformation: [-1.1334611503942813f,-0.000006975918384771722f,-0.08827384593404362f,-0.7641131599618749f,-0.02285781153336594f,1.0981403397660694f,0.2934139840023729f,-1.468189707757668f,0.08526307745182453f,0.29430298249860837f,-1.0948252890272705f,-1.609657089217198f,0f,0f,0f,1f], start_interpolation: 0, interpolation_duration: 1 }
$data merge entity $(bone_left_foot) { transformation: [-1.1294001141030379f,-0.03735520184068038f,-0.07963117203386842f,1.1581894870118952f,-0.02277591512064539f,1.1148051221927755f,-0.19992986175948965f,-7.1588839832419735f,0.0849575915057782f,-0.19772526603394297f,-1.1121906667551855f,1.5021209179170236f,0f,0f,0f,1f], start_interpolation: 0, interpolation_duration: 1 }
$data merge entity $(bone_left_knee) { transformation: [-3.1109266091474077f,-0.1055786409417314f,-0.21806444747662543f,1.065597732589427f,-0.06273613709767549f,3.0637355550183942f,-0.5883467907586216f,-3.23209878713919f,0.2340152340734479f,-0.5821863272791664f,-3.0566091131723927f,0.8673368613312844f,0f,0f,0f,1f], start_interpolation: 0, interpolation_duration: 1 }
$data merge entity $(bone_left_thigh) { transformation: [-2.3755334203224554f,-0.16879365389714865f,-0.07573664489261822f,0.75485690344936f,-0.04790591648779004f,1.5033759232521324f,-1.8479589347698469f,-1.3252247169611724f,0.17869627903514343f,-1.8408573828067973f,-1.5022310421733227f,-1.6964103238371675f,0f,0f,0f,1f], start_interpolation: 0, interpolation_duration: 1 }
$data merge entity $(bone_left_leg) { transformation: [-1.1334611503942813f,-0.000006975918384771722f,-0.08827384593404362f,0.7282578582049091f,-0.02285781153336594f,1.0981403397660694f,0.2934139840023729f,-1.4380939824130035f,0.08526307745182453f,0.29430298249860837f,-1.0948252890272705f,-1.721918674596238f,0f,0f,0f,1f], start_interpolation: 0, interpolation_duration: 1 }
data modify entity @s data merge value {"locators":{"consume":{"posx":-1.7577373756675154,"posy":0.025593639266047796,"posz":2.6512750309384336,"roty":265.447337061981,"rotx":-26.155662272226362}},"cameras":{}}