# This file was generated by Animated Java via MC-Build. It is not recommended to edit this file directly.
$data merge entity $(bone_neck) { transformation: [-0.9999029950718246f,-0.011689205112160508f,0.007573831939023765f,-0.1783211708466218f,-0.010734006073052247f,0.9932161927740898f,0.11578590382669929f,4.585734304468753f,-0.008875897702115165f,0.11569337446538502f,-0.9932453179073102f,-0.06754097720562346f,0f,0f,0f,1f], start_interpolation: 0, interpolation_duration: 1 }
$data merge entity $(bone_right_thumb_2) { transformation: [-0.8493947722036246f,-0.4017147820358974f,-0.34227730694132225f,-2.4406776393905196f,-0.03923914609300774f,0.6948249776848723f,-0.7181076101804716f,0.15231810985223945f,0.5262972642595098f,-0.5965261807155391f,-0.6059436486620581f,-1.0845931736175223f,0f,0f,0f,1f], start_interpolation: 0, interpolation_duration: 1 }
$data merge entity $(bone_right_thumb) { transformation: [-0.8493947722036246f,-0.4017147820358974f,-0.34227730694132225f,-2.6811711404734067f,-0.03923914609300774f,0.6948249776848723f,-0.7181076101804716f,0.34568415864122404f,0.5262972642595098f,-0.5965261807155391f,-0.6059436486620581f,-1.1779057504936137f,0f,0f,0f,1f], start_interpolation: 0, interpolation_duration: 1 }
$data merge entity $(bone_right_fingers2) { transformation: [0.6310088534397245f,0.696185371890045f,-0.34227730694132225f,-2.243293104896474f,0.30215025130199397f,-0.6269184044507178f,-0.7181076101804716f,-0.21440341262311907f,-0.7145159567979055f,0.34971308543902974f,-0.6059436486620581f,-1.0401682188094745f,0f,0f,0f,1f], start_interpolation: 0, interpolation_duration: 1 }
$data merge entity $(bone_right_fingers) { transformation: [0.47421576826662715f,-0.8111508184550444f,-0.34227730694132225f,-2.65103011781513f,-0.6887610419488652f,-0.09964781630525194f,-0.7181076101804716f,-0.23518372073447036f,0.5483863895291403f,0.5762852266242007f,-0.6059436486620581f,-0.7986331776519134f,0f,0f,0f,1f], start_interpolation: 0, interpolation_duration: 1 }
$data merge entity $(bone_right_hand) { transformation: [-0.8493947722036246f,-0.4017147820358974f,-0.34227730694132225f,-2.9973661947476793f,-0.03923914609300774f,0.6948249776848723f,-0.7181076101804716f,0.2312598663188219f,0.5262972642595098f,-0.5965261807155391f,-0.6059436486620581f,-1.2040565374250274f,0f,0f,0f,1f], start_interpolation: 0, interpolation_duration: 1 }
$data merge entity $(bone_right_forearm) { transformation: [-1.4012810507509246f,-0.19223695168644894f,-0.5152400132268914f,-3.2326457054543534f,0.2581863237863625f,1.0152930373761702f,-1.0809883304099608f,1.6919780845874164f,0.48555858455332557f,-1.094641906140603f,-0.9121446476874152f,-2.7932835780765437f,0f,0f,0f,1f], start_interpolation: 0, interpolation_duration: 1 }
$data merge entity $(bone_right_bicep) { transformation: [-1.4691926867818534f,0.5763097859404276f,0.04737127590070812f,-2.295811407623874f,0.4308638001931709f,1.0047689570825438f,1.1391663120944195f,3.168815946406427f,0.3856596852592476f,1.0729447942727528f,-1.0922271895778746f,-1.2986322371134906f,0f,0f,0f,1f], start_interpolation: 0, interpolation_duration: 1 }
$data merge entity $(bone_right_shoulder) { transformation: [-0.9305205461094186f,0.3650086891707447f,0.030002834834129466f,-1.9192437546592807f,0.27288974568252716f,0.6363754510010453f,0.7214966888798185f,3.192380433204414f,0.24425949310017625f,0.6795549589202265f,-0.6917675605558374f,-1.1673745698376294f,0f,0f,0f,1f], start_interpolation: 0, interpolation_duration: 1 }
$data merge entity $(bone_right_arm) { transformation: [-1.4575518865391752f,-0.026021857129493186f,0.1200479179294094f,-1.5536115833892847f,0.036533692950930584f,1.2729961482943137f,0.7195083302566907f,3.342384632366197f,-0.11727714580011354f,0.7199651456709111f,-1.267849518552421f,-1.057036997666466f,0f,0f,0f,1f], start_interpolation: 0, interpolation_duration: 1 }
$data merge entity $(bone_left_thumb_2) { transformation: [-0.8117723870719271f,0.2605441554939694f,0.5226302082978741f,2.4807320833049236f,-0.04626276448720862f,0.8634499336823749f,-0.5023086388326435f,-1.163384788653285f,-0.5821385987971818f,-0.4319386010324109f,-0.6888713208783026f,0.5247382198359363f,0f,0f,0f,1f], start_interpolation: 0, interpolation_duration: 1 }
$data merge entity $(bone_left_thumb) { transformation: [-0.8117723870719271f,0.2605441554939694f,0.5226302082978741f,2.675209853651589f,-0.04626276448720862f,0.8634499336823749f,-0.5023086388326435f,-0.9090679281766678f,-0.5821385987971818f,-0.4319386010324109f,-0.6888713208783026f,0.4868420299360103f,0f,0f,0f,1f], start_interpolation: 0, interpolation_duration: 1 }
$data merge entity $(bone_left_fingers2) { transformation: [0.6502739617664876f,-0.5513632559602039f,0.5226302082978741f,2.3695958761401745f,-0.28768676306985835f,-0.8154277145820369f,-0.5023086388326435f,-1.565576913493656f,0.7031216829275739f,0.17628443569549354f,-0.6888713208783026f,0.4885561208477036f,0f,0f,0f,1f], start_interpolation: 0, interpolation_duration: 1 }
$data merge entity $(bone_left_fingers) { transformation: [0.3303033316591771f,0.7859754286676958f,0.5226302082978741f,2.760210861817001f,0.8641963116024938f,-0.02916789959427942f,-0.5023086388326435f,-1.5431641340031952f,-0.379558222289404f,0.6175693152706745f,-0.6888713208783026f,0.7567688522685292f,0f,0f,0f,1f], start_interpolation: 0, interpolation_duration: 1 }
$data merge entity $(bone_left_hand) { transformation: [-0.8117723870719271f,0.2605441554939694f,0.5226302082978741f,3.0099356001559396f,-0.04626276448720862f,0.8634499336823749f,-0.5023086388326435f,-0.9461720545109589f,-0.5821385987971818f,-0.4319386010324109f,-0.6888713208783026f,0.4684558091661152f,0f,0f,0f,1f], start_interpolation: 0, interpolation_duration: 1 }
$data merge entity $(bone_left_forearm) { transformation: [-1.2833657080043208f,0.006594414813395816f,0.7867304959318654f,2.9798844004749876f,-0.4572677975431246f,1.2186773964422752f,-0.7561398447034111f,0.800985836149521f,-0.6402300530793522f,-0.8836276461900157f,-1.0369780913983015f,-0.820432463175084f,0f,0f,0f,1f], start_interpolation: 0, interpolation_duration: 1 }
$data merge entity $(bone_left_bicep) { transformation: [-1.3858828847205202f,-0.5613602965406833f,0.5070575956939503f,1.9637753953909256f,-0.5101250779623763f,1.4750217306190192f,0.2387204580256928f,2.957529670393892f,-0.5585742499588153f,0.045712905331788914f,-1.4760790275637405f,-0.7982279242217513f,0f,0f,0f,1f], start_interpolation: 0, interpolation_duration: 1 }
$data merge entity $(bone_left_shoulder) { transformation: [-0.8777558657459572f,-0.35554035519014376f,0.3211474676528393f,1.6589382280338059f,-0.3230902729099557f,0.9342124002164085f,0.15119479763823573f,3.1026929215037815f,-0.35377579863458075f,0.028952497528937304f,-0.9348820445314485f,-0.8794678586192514f,0f,0f,0f,1f], start_interpolation: 0, interpolation_duration: 1 }
$data merge entity $(bone_left_arm) { transformation: [-1.4575518865391752f,-0.026021857129493186f,0.1200479179294094f,1.2894110299477104f,0.036533692950930584f,1.2729961482943137f,0.7195083302566907f,3.2167584287237987f,-0.11727714580011354f,0.7199651456709111f,-1.267849518552421f,-0.859135084492587f,0f,0f,0f,1f], start_interpolation: 0, interpolation_duration: 1 }
$data merge entity $(bone_chest) { transformation: [-2.0581652771669625f,-0.036744683524433115f,0.16951606221385712f,-0.1697878418007179f,0.051588131422766866f,1.7975596577955661f,1.015996120373378f,3.8722991840684227f,-0.1656035380422482f,1.016641175710554f,-1.7902922563898092f,-0.3050507787002362f,0f,0f,0f,1f], start_interpolation: 0, interpolation_duration: 1 }
$data merge entity $(bone_left_cheek) { transformation: [-1.13328080594101f,-0.01236643068253143f,-0.08971141318498595f,0.7259787106812343f,-0.04522205182375155f,1.0530492416996613f,0.42610880296280695f,-0.8703677033227026f,0.07846038677143423f,0.428323262648342f,-1.050195030344238f,-2.9985764061058062f,0f,0f,0f,1f], start_interpolation: 0, interpolation_duration: 1 }
$data merge entity $(bone_left_foot) { transformation: [-1.129220415799279f,-0.03672871828855887f,-0.08242212200000477f,0.988593297876854f,-0.04506002739657391f,1.1260076884753374f,0.11557435626230904f,-7.338569982433927f,0.07817927393576893f,0.11848560734243985f,-1.123890703929688f,-3.0685224765928854f,0f,0f,0f,1f], start_interpolation: 0, interpolation_duration: 1 }
$data merge entity $(bone_left_knee) { transformation: [-3.11043163112518f,-0.061650899310595905f,-0.24078528793911494f,0.9528016229601943f,-0.12411760587455027f,3.004228220106502f,0.8341288519200515f,-3.5380670607587588f,0.21534439436794614f,0.841056055389704f,-2.997134435370624f,-1.8912109179306853f,0f,0f,0f,1f], start_interpolation: 0, interpolation_duration: 1 }
$data merge entity $(bone_left_leg) { transformation: [-2.3751554503534216f,-0.12907403841781134f,-0.13915044846279817f,0.6871630956029209f,-0.09477739524244559f,2.3201036453726487f,-0.5343432306336893f,-0.43273535380868045f,0.16443904661587444f,-0.5271103635667849f,-2.3178655769075562f,-2.7907840803055217f,0f,0f,0f,1f], start_interpolation: 0, interpolation_duration: 1 }
$data merge entity $(bone_right_cheek) { transformation: [-1.136756289303873f,-0.008734897201639103f,-0.015339220213042707f,-0.805517994401475f,-0.013543579847584399f,1.06519803398884f,0.39710977224062416f,-0.8634881453141239f,0.01132084585088616f,0.39724463663461224f,-1.0651736893540105f,-3.0187162713273303f,0f,0f,0f,1f], start_interpolation: 0, interpolation_duration: 1 }
$data merge entity $(bone_right_foot) { transformation: [-1.1328116980345206f,0.0018853626152904163f,-0.0039057142695424754f,-0.9030961856025334f,-0.00030985749092611587f,0.9823876977224195f,0.5640881737388043f,-5.619302325978005f,0.00432587384025002f,0.5640851080922568f,-0.982379982513928f,-3.3703119266243498f,0f,0f,0f,1f], start_interpolation: 0, interpolation_duration: 1 }
$data merge entity $(bone_right_knee) { transformation: [-3.1203237989468953f,0.00784607991814193f,-0.009008270272829256f,-0.9270162344900994f,-0.000853500811208314f,2.2005406956727547f,2.212280099445413f,-2.8940469071620076f,0.011915596491803357f,2.212266350577109f,-2.200522422708358f,-0.47141959656279653f,0f,0f,0f,1f], start_interpolation: 0, interpolation_duration: 1 }
$data merge entity $(bone_right_leg) { transformation: [-2.3827092046563436f,-0.007076549874778718f,-0.005756433987059254f,-0.857908143869206f,-0.0006517414121361565f,1.6318070982950155f,-1.7362579120716992f,-0.8186088473670998f,0.009098863858158808f,-1.7362436132180055f,-1.6317970750925554f,-2.9635395061250502f,0f,0f,0f,1f], start_interpolation: 0, interpolation_duration: 1 }
$data merge entity $(bone_weist) { transformation: [-2.0889453156608155f,-0.027685289074690908f,0.02457751666392265f,-0.10963956339578879f,-0.016665019079740856f,1.941782282913761f,0.7708870891895077f,0.6348738824641889f,-0.03305762688981876f,0.7705700175252415f,-1.9416982522455286f,-1.9791694711060803f,0f,0f,0f,1f], start_interpolation: 0, interpolation_duration: 1 }
data modify entity @s data merge value {"locators":{"consume":{"posx":-2.47780286858115,"posy":-0.25398554650398536,"posz":-0.8844415235287791,"roty":330.5393473571156,"rotx":-45.898461438286965}},"cameras":{}}