# This file was generated by Animated Java via MC-Build. It is not recommended to edit this file directly.
$data merge entity $(bone_neck) { transformation: [-1.0480674684443976f,-0.036655013815201615f,0.023413208008851723f,-0.26351483455545843f,-0.033740838556347116f,1.0415146833180666f,0.12019112698069041f,4.555183590770757f,-0.027446751366471397f,0.11933466031954555f,-1.0417980137456362f,0.12209146279912497f,0f,0f,0f,1f], start_interpolation: 0, interpolation_duration: 1 }
$data merge entity $(bone_right_thumb_2) { transformation: [-0.9844010590705344f,-0.13026081698297773f,-0.11826527157089309f,-2.588869468278291f,-0.13658723586823832f,0.9895110070864102f,0.047030775591225316f,0.6203567804852741f,0.11089852072360622f,0.062450671843985645f,-0.9918676482714569f,-3.610160918888131f,0f,0f,0f,1f], start_interpolation: 0, interpolation_duration: 1 }
$data merge entity $(bone_right_thumb) { transformation: [-0.9844010590705344f,-0.13026081698297773f,-0.11826527157089309f,-2.771480180217759f,-0.13658723586823832f,0.9895110070864102f,0.047030775591225316f,0.8838220514903928f,0.11089852072360622f,0.062450671843985645f,-0.9918676482714569f,-3.575894773061892f,0f,0f,0f,1f], start_interpolation: 0, interpolation_duration: 1 }
$data merge entity $(bone_right_fingers2) { transformation: [0.8596193337119743f,0.49705927880771344f,-0.11826527157089309f,-2.434007680252961f,0.5048596201758211f,-0.8619192944024477f,0.047030775591225316f,0.2892216984115775f,-0.07855803602755627f,-0.1001359240629579f,-0.9918676482714569f,-3.8145778705908135f,0f,0f,0f,1f], start_interpolation: 0, interpolation_duration: 1 }
$data merge entity $(bone_right_fingers) { transformation: [0.21556134071241556f,-0.9693021375868974f,-0.11826527157089309f,-2.9025217932117675f,-0.9738412569709596f,-0.22230904697854523f,0.047030775591225316f,0.23004339149930308f,-0.07187847112652843f,0.10503358368142124f,-0.9918676482714569f,-3.769712260537737f,0f,0f,0f,1f], start_interpolation: 0, interpolation_duration: 1 }
$data merge entity $(bone_right_hand) { transformation: [-0.9844010590705344f,-0.13026081698297773f,-0.11826527157089309f,-3.059349194240323f,-0.13658723586823832f,0.9895110070864102f,0.047030775591225316f,0.9205574836543762f,0.11089852072360622f,0.062450671843985645f,-0.9918676482714569f,-3.7477610974757427f,0f,0f,0f,1f], start_interpolation: 0, interpolation_duration: 1 }
$data merge entity $(bone_right_forearm) { transformation: [-1.4722272183691207f,0.2585901985697636f,-0.17802816269941948f,-2.6436598829684907f,0.2518207003031211f,1.4824270802561619f,0.0707967982284262f,3.0509699776172647f,0.18748133882956616f,0.03945834441789081f,-1.4930873004160983f,-3.690824728261516f,0f,0f,0f,1f], start_interpolation: 0, interpolation_duration: 1 }
$data merge entity $(bone_right_bicep) { transformation: [-1.5230702250091395f,0.23890803728372173f,0.34071131101901003f,-2.1831579248211126f,0.36988918723699005f,0.18502579998522137f,1.5237623176038422f,3.3535283726892344f,0.1906390225011969f,1.5497072501300087f,-0.23445332166279825f,-1.4571981778170977f,0f,0f,0f,1f], start_interpolation: 0, interpolation_duration: 1 }
$data merge entity $(bone_right_shoulder) { transformation: [-0.9646441547724184f,0.15131360190073326f,0.21579121516695873f,-1.8591964142252966f,0.23427116919677288f,0.11718701705744616f,0.9650824950833763f,3.248456047695625f,0.12074217964979495f,0.9815148480349161f,-0.14849218545234105f,-1.2484020962232858f,0f,0f,0f,1f], start_interpolation: 0, interpolation_duration: 1 }
$data merge entity $(bone_right_arm) { transformation: [-1.4165895517573444f,-0.07732989883715945f,0.3561464167997806f,-1.508849643603205f,0.10903823017374023f,1.2740053179560087f,0.7103289771521014f,3.3802195505850055f,-0.34775112913413647f,0.7144765063787659f,-1.2280629526291758f,-1.0803008056648906f,0f,0f,0f,1f], start_interpolation: 0, interpolation_duration: 1 }
$data merge entity $(bone_left_thumb_2) { transformation: [-0.49023913110687933f,0.746145381680069f,0.4504804809634664f,0.4152223028510374f,-0.3436639172134101f,0.3094977943340993f,-0.8866263177392504f,0.4790582491225712f,-0.8009748475059042f,-0.589472802341068f,0.10469531490502304f,2.850921935399492f,0f,0f,0f,1f], start_interpolation: 0, interpolation_duration: 1 }
$data merge entity $(bone_left_thumb) { transformation: [-0.49023913110687933f,0.746145381680069f,0.4504804809634664f,0.7014366734922799f,-0.3436639172134101f,0.3094977943340993f,-0.8866263177392504f,0.6184858472029766f,-0.8009748475059042f,-0.589472802341068f,0.10469531490502304f,2.800166947244718f,0f,0f,0f,1f], start_interpolation: 0, interpolation_duration: 1 }
$data merge entity $(bone_left_fingers2) { transformation: [0.16738442356107433f,-0.8769548397836977f,0.4504804809634664f,0.15855747103294235f,0.19906438093092516f,-0.4174531649619219f,-0.8866263177392504f,0.17309460542128396f,0.9655857429528022f,0.23808205317332026f,0.10469531490502304f,2.977129379532529f,0f,0f,0f,1f], start_interpolation: 0, interpolation_duration: 1 }
$data merge entity $(bone_left_fingers) { transformation: [0.7860332288309133f,0.4233427682677159f,0.4504804809634664f,0.3986552258820606f,0.33827234574702375f,0.3153816621094893f,-0.8866263177392504f,0.33051038543303707f,-0.517420122604886f,0.8493028363078056f,0.10469531490502304f,3.354745334353985f,0f,0f,0f,1f], start_interpolation: 0, interpolation_duration: 1 }
$data merge entity $(bone_left_hand) { transformation: [-0.49023913110687933f,0.746145381680069f,0.4504804809634664f,0.9685569162464518f,-0.3436639172134101f,0.3094977943340993f,-0.8866263177392504f,0.544273363752267f,-0.8009748475059042f,-0.589472802341068f,0.10469531490502304f,2.9922486431169575f,0f,0f,0f,1f], start_interpolation: 0, interpolation_duration: 1 }
$data merge entity $(bone_left_forearm) { transformation: [-1.0415667741384127f,0.8492973050618376f,0.6781214070083342f,2.1611151031696276f,-0.6334814786237773f,0.2887696418872958f,-1.3346644560271614f,0.9474195388093232f,-0.883094429417883f,-1.2088515548057774f,0.15760091113988262f,1.2230751410495373f,0f,0f,0f,1f], start_interpolation: 0, interpolation_duration: 1 }
$data merge entity $(bone_left_bicep) { transformation: [-1.2855436293580795f,-0.10553606654716922f,0.9105733763508856f,1.8376509576819766f,-0.5731727556131896f,1.3165223968913489f,-0.6566170335520435f,2.869829114679093f,-0.7153703427484839f,-0.8651792156458997f,-1.110231667524714f,-0.1492820391220914f,0f,0f,0f,1f], start_interpolation: 0, interpolation_duration: 1 }
$data merge entity $(bone_left_shoulder) { transformation: [-0.8142054958481972f,-0.06684179628801348f,0.5767162081991304f,1.6184260689130894f,-0.36302183530227267f,0.8338260534116821f,-0.41587168663623686f,2.980775264434581f,-0.453083389261139f,-0.5479655891758994f,-0.7031707868325794f,-0.39469881730711565f,0f,0f,0f,1f], start_interpolation: 0, interpolation_duration: 1 }
$data merge entity $(bone_left_arm) { transformation: [-1.4165895517573444f,-0.07732989883715945f,0.3561464167997806f,1.256497605446547f,0.10903823017374023f,1.2740053179560087f,0.7103289771521014f,3.1131820703761104f,-0.34775112913413647f,0.7144765063787659f,-1.2280629526291758f,-0.43278998215562275f,0f,0f,0f,1f], start_interpolation: 0, interpolation_duration: 1 }
$data merge entity $(bone_chest) { transformation: [-2.0003235935203976f,-0.10919522944145815f,0.5029036670421403f,-0.23805873065346017f,0.1539696125399645f,1.7989846759891912f,1.0030342313310747f,3.841748470370427f,-0.49104893327600047f,1.0088908328827524f,-1.734110840663079f,-0.11420434817675051f,0f,0f,0f,1f], start_interpolation: 0, interpolation_duration: 1 }
$data merge entity $(bone_weist) { transformation: [-2.085987384078448f,-0.08258905656292279f,0.08305866950160082f,-0.05862807511848345f,-0.04623296360343894f,1.9417822829137612f,0.7696798946422093f,0.6043231687661919f,-0.10762066678743867f,0.7666313813535459f,-1.9405558942174168f,-1.7797660706932161f,0f,0f,0f,1f], start_interpolation: 0, interpolation_duration: 1 }
$data merge entity $(bone_right_foot) { transformation: [-1.129217164500935f,0.023853465759251048f,0.08706755978974516f,-1.0396266553732743f,0.029765257760391888f,1.1298418956789913f,0.07650145488133413f,-6.379302036849616f,-0.0852277960933289f,0.0785458804761625f,-1.126875290275414f,-1.2129654214341032f,0f,0f,0f,1f], start_interpolation: 0, interpolation_duration: 1 }
$data merge entity $(bone_right_knee) { transformation: [-3.1104226754411792f,0.01578374435056805f,0.24816319971621062f,-1.062561049570408f,0.08198824423572407f,3.0050148841080704f,0.8364967389499363f,-2.5783438821402003f,-0.23475951117314764f,0.8403569121992217f,-2.9958724192145616f,-0.036803388580954444f,0f,0f,0f,1f], start_interpolation: 0, interpolation_duration: 1 }
$data merge entity $(bone_right_thigh) { transformation: [-2.375148611707153f,0.18237455640700223f,0.05286739567422809f,-0.7315425975159584f,0.06260701029809915f,1.3784597928616174f,-1.9425023371336991f,-0.8660096221029211f,-0.1792646161727405f,-1.9349352673109506f,-1.378867679202462f,-2.7719850787385116f,0f,0f,0f,1f], start_interpolation: 0, interpolation_duration: 1 }
$data merge entity $(bone_right_leg) { transformation: [-1.1303529788592568f,-0.04494143792228072f,0.1131762418498704f,-0.7005004157850588f,0f,1.0566350017531307f,0.4195818447549173f,-0.9743947916493985f,-0.12177271682024086f,0.4171680615835988f,-1.0505563598449055f,-2.8092234222270074f,0f,0f,0f,1f], start_interpolation: 0, interpolation_duration: 1 }
$data merge entity $(bone_left_foot) { transformation: [-1.13167504950533f,-0.045458547178796965f,-0.02294025316996845f,1.1184455487356348f,-0.05091227570169462f,1.0184211147464308f,0.4934648170047305f,-6.757792206025941f,0.0008215290523106738f,0.49399707076766214f,-1.0194348294829765f,-5.883154482206329f,0f,0f,0f,1f], start_interpolation: 0, interpolation_duration: 1 }
$data merge entity $(bone_left_knee) { transformation: [-3.11719290661693f,-0.10801062327179096f,-0.08947294772896502f,1.0182025428050805f,-0.14023759271393257f,2.4323444839901853f,1.9495120027766164f,-3.7260960807035053f,0.002262897406425942f,1.9515627934147375f,-2.434740409742355f,-3.3082882815501904f,0f,0f,0f,1f], start_interpolation: 0, interpolation_duration: 1 }
$data merge entity $(bone_left_thigh) { transformation: [-2.380318425219955f,-0.10137163091922789f,-0.0345594422352676f,0.7985529890282163f,-0.10708677192767883f,2.2651009388152326f,0.7315986114673162f,-0.5927170523239471f,0.0017279701809484623f,0.7324123821096772f,-2.267367523075147f,-2.4979978089985897f,0f,0f,0f,1f], start_interpolation: 0, interpolation_duration: 1 }
$data merge entity $(bone_left_leg) { transformation: [-1.1303529788592568f,-0.04494143792228072f,0.1131762418498704f,0.7877782299905337f,0f,1.0566350017531307f,0.4195818447549173f,-0.9743947916493985f,-0.12177271682024086f,0.4171680615835988f,-1.0505563598449055f,-2.648891439677149f,0f,0f,0f,1f], start_interpolation: 0, interpolation_duration: 1 }
data modify entity @s data merge value {"locators":{"consume":{"posx":-2.71058387523862,"posy":0.22536507526083738,"posz":-3.7990756689377974,"roty":353.20044339351574,"rotx":2.695659324148816}},"cameras":{}}