# This file was generated by Animated Java via MC-Build. It is not recommended to edit this file directly.
$data merge entity $(bone_neck) { transformation: [-1f,0f,1.2246467991473532e-16f,1.4781555752091006e-16f,0f,1f,0f,-0.015066250000000059f,-1.2246467991473532e-16f,0f,-1f,-1.207005625f,0f,0f,0f,1f], start_interpolation: 0, interpolation_duration: 1 }
$data merge entity $(bone_left_fingers_2) { transformation: [-0.9988543139288162f,-0.010985002495530416f,0.04657670303882652f,2.3072734525460703f,-0.013074729890827873f,0.9989103335905427f,-0.04480175090677266f,-3.5885112541935666f,-0.04603380262454679f,-0.045359399976232145f,-0.9979095218754657f,0.9044758623877343f,0f,0f,0f,1f], start_interpolation: 0, interpolation_duration: 1 }
$data merge entity $(bone_left_fingers) { transformation: [-0.9988543139288162f,-0.010985002495530416f,0.04657670303882652f,2.3477873308154362f,-0.013074729890827873f,0.9989103335905427f,-0.04480175090677266f,-3.608373633782579f,-0.04603380262454679f,-0.045359399976232145f,-0.9979095218754657f,0.32972936466696257f,0f,0f,0f,1f], start_interpolation: 0, interpolation_duration: 1 }
$data merge entity $(bone_left_index_finger_2) { transformation: [-0.887457556972474f,0.09724931076054918f,0.45051265923284134f,1.6339574326219497f,0.07912385952975816f,0.9951205137320611f,-0.05894555117015968f,-3.5731868738938486f,-0.45404680312228063f,-0.01666537447034877f,-0.8908219608138317f,0.7635436278630741f,0f,0f,0f,1f], start_interpolation: 0, interpolation_duration: 1 }
$data merge entity $(bone_left_index_finger) { transformation: [-0.887457556972474f,0.09724931076054918f,0.45051265923284134f,1.8941602595841873f,0.07912385952975816f,0.9951205137320611f,-0.05894555117015968f,-3.601402334245525f,-0.45404680312228063f,-0.01666537447034877f,-0.8908219608138317f,0.25004704634021824f,0f,0f,0f,1f], start_interpolation: 0, interpolation_duration: 1 }
$data merge entity $(bone_left_thumb) { transformation: [-0.8650556080752179f,-0.011054802093123019f,0.5015541708412931f,1.7739771620444844f,0.0011879802007587897f,0.9997092409038176f,0.02408365326430295f,-3.6869637580249597f,-0.5016745794244091f,0.02142953574379175f,-0.8647909524024565f,-0.5898092538744031f,0f,0f,0f,1f], start_interpolation: 0, interpolation_duration: 1 }
$data merge entity $(bone_left_hand) { transformation: [-0.984807753012208f,-0.022665635416815447f,0.1721625934348047f,2.3584869026664816f,0.015134435901338615f,0.9764688357507457f,0.21512685015481303f,-3.5667268738935936f,-0.17298739392508955f,0.21446417364850265f,-0.9612910484157599f,-0.4031663580680962f,0f,0f,0f,1f], start_interpolation: 0, interpolation_duration: 1 }
$data merge entity $(bone_left_forearm) { transformation: [-1.970924479662795f,-0.030288987990396154f,0.34620471692793797f,2.682625f,0.030288987990396095f,1.9711554374200697f,0.3448873034579651f,-2.3181569850216808f,-0.3462047169279379f,0.3448873034579651f,-1.9407507504161978f,-2.2309718598153663f,0f,0f,0f,1f], start_interpolation: 0, interpolation_duration: 1 }
$data merge entity $(bone_left_bicep) { transformation: [-1.2901533333333335f,-1.3770451781791177e-17f,1.573969840985263e-16f,1.7790731250000003f,0f,1.2852439103920592f,0.11244427202503365f,-0.7687916431295273f,-1.579982150075955e-16f,0.11244427202503365f,-1.2852439103920592f,-1.7320823474418334f,0f,0f,0f,1f], start_interpolation: 0, interpolation_duration: 1 }
$data merge entity $(bone_left_shoulder) { transformation: [-1.2327766666666666f,-1.3158041922187997e-17f,1.503971073725352e-16f,1.3743293750000003f,0f,1.2280855792645484f,0.1074435660253155f,-0.6541777910668727f,-1.5097159988968769e-16f,0.1074435660253155f,-1.2280855792645484f,-1.6962724495634114f,0f,0f,0f,1f], start_interpolation: 0, interpolation_duration: 1 }
$data merge entity $(bone_right_fingers_2) { transformation: [-0.9988543139288162f,0.010985002495530423f,-0.046576703038826314f,-2.307273228010821f,0.013074729890827873f,0.9989103335905427f,-0.04480175090677266f,-3.588510715305983f,0.046033802624546566f,-0.045359399976232145f,-0.9979095218754657f,0.9044767839813896f,0f,0f,0f,1f], start_interpolation: 0, interpolation_duration: 1 }
$data merge entity $(bone_right_fingers) { transformation: [-0.9988543139288162f,0.010985002495530423f,-0.046576703038826314f,-2.3477872809428226f,0.013074729890827873f,0.9989103335905427f,-0.04480175090677266f,-3.6083732629015617f,0.046033802624546566f,-0.045359399976232145f,-0.9979095218754657f,0.32972654409991076f,0f,0f,0f,1f], start_interpolation: 0, interpolation_duration: 1 }
$data merge entity $(bone_right_index_finger_2) { transformation: [-0.8874575569724741f,-0.09724931076054918f,-0.4505126592328412f,-1.633956844741232f,-0.07912385952975816f,0.9951205137320611f,-0.05894555117015968f,-3.573187175284238f,0.45404680312228046f,-0.016665374470348798f,-0.8908219608138318f,0.7635438113305487f,0f,0f,0f,1f], start_interpolation: 0, interpolation_duration: 1 }
$data merge entity $(bone_right_index_finger) { transformation: [-0.8874575569724741f,-0.09724931076054918f,-0.4505126592328412f,-1.8941596717034697f,-0.07912385952975816f,0.9951205137320611f,-0.05894555117015968f,-3.6014026356359143f,0.45404680312228046f,-0.016665374470348798f,-0.8908219608138318f,0.2500472298076928f,0f,0f,0f,1f], start_interpolation: 0, interpolation_duration: 1 }
$data merge entity $(bone_right_thumb) { transformation: [-0.865055608075218f,0.011054802093123012f,-0.501554170841293f,-1.7739765741637665f,-0.0011879802007587897f,0.9997092409038176f,0.02408365326430295f,-3.686964059415349f,0.5016745794244089f,0.02142953574379175f,-0.8647909524024566f,-0.5898090704069283f,0f,0f,0f,1f], start_interpolation: 0, interpolation_duration: 1 }
$data merge entity $(bone_right_hand) { transformation: [-0.984807753012208f,0.022665635416815398f,-0.17216259343480447f,-2.3584863147857638f,-0.015134435901338615f,0.9764688357507457f,0.21512685015481303f,-3.566727175283983f,0.17298739392508933f,0.21446417364850265f,-0.9612910484157599f,-0.40316617460062165f,0f,0f,0f,1f], start_interpolation: 0, interpolation_duration: 1 }
$data merge entity $(bone_right_forearm) { transformation: [-1.9709265313456132f,0.030289019520470858f,-0.34620507731834144f,-2.682625f,-0.030289019520470882f,1.9711574893433093f,0.3448876624769747f,-2.318159825768416f,0.3462050773183414f,0.3448876624769747f,-1.940752770688923f,-2.2309752452854945f,0f,0f,0f,1f], start_interpolation: 0, interpolation_duration: 1 }
$data merge entity $(bone_right_bicep) { transformation: [-1.2901533333333333f,-1.3770451781791174e-17f,1.5739698409852627e-16f,-1.7790731249999998f,0f,1.285243910392059f,0.11244427202503364f,-0.7687916431295273f,-1.5799821500759548e-16f,0.11244427202503364f,-1.285243910392059f,-1.7320823474418336f,0f,0f,0f,1f], start_interpolation: 0, interpolation_duration: 1 }
$data merge entity $(bone_right_shoulder) { transformation: [-1.2327766666666666f,-1.3158041922187997e-17f,1.503971073725352e-16f,-1.3743293749999999f,0f,1.2280855792645484f,0.1074435660253155f,-0.6541777910668727f,-1.5097159988968769e-16f,0.1074435660253155f,-1.2280855792645484f,-1.6962724495634116f,0f,0f,0f,1f], start_interpolation: 0, interpolation_duration: 1 }
$data merge entity $(bone_chest) { transformation: [-4.0674850000000005f,4.3414301710126624e-17f,4.962277392346086e-16f,1.369629634925283e-16f,0f,4.052006991567704f,-0.35450467628995846f,-0.41403673721015977f,-4.981232485829872e-16f,-0.35450467628995846f,-4.052006991567704f,-1.1183874696597196f,0f,0f,0f,1f], start_interpolation: 0, interpolation_duration: 1 }
$data merge entity $(bone_weist) { transformation: [-1.0999999999999999f,1.174085015215527e-17f,1.341985313180182e-16f,4.607958708327302e-16f,0f,1.09581416790092f,-0.09587131702242399f,-0.46223764452479715f,-1.3471114790620883e-16f,-0.09587131702242399f,-1.09581416790092f,-3.762683829766707f,0f,0f,0f,1f], start_interpolation: 0, interpolation_duration: 1 }
$data merge entity $(bone_right_fingers2) { transformation: [-0.9761391457631039f,-0.033741870894066744f,-0.21450840136797905f,1.0717490797795437f,-0.044274275871424046f,0.9980284724937611f,0.04448546490519542f,-3.607367410272689f,0.21258446934086903f,0.0529212078503361f,-0.975708557487697f,-5.604404923019422f,0f,0f,0f,1f], start_interpolation: 0, interpolation_duration: 1 }
$data merge entity $(bone_left_foot) { transformation: [-0.9761391457631039f,-0.04306648116195087f,-0.21283243716408734f,1.0770863473838066f,-0.044274275871424046f,0.9990189992587768f,0.0009097340564376832f,-2.6327561162042645f,0.21258446934086903f,0.010311029062113064f,-0.9770882898053488f,-5.399621030405326f,0f,0f,0f,1f], start_interpolation: 0, interpolation_duration: 1 }
$data merge entity $(bone_left_knee) { transformation: [-1.547194374672418f,-0.1532456912618864f,-0.30818052116530653f,1.5368776008025606f,-0.07017535447511529f,1.5298774023679902f,-0.4084366069319583f,-2.680921600730364f,0.33694939551859304f,-0.3850464911766703f,-1.5001580626808018f,-3.3739221365616645f,0f,0f,0f,1f], start_interpolation: 0, interpolation_duration: 1 }
$data merge entity $(bone_left_thigh) { transformation: [-1.5219808394500185f,-0.3831325221354002f,-0.3293748750896081f,0.8588237306146026f,-0.3457732716414551f,1.5521015667191767f,-0.20766700440212535f,-1.030665697165922f,0.36840084483683305f,-0.12607224350012552f,-1.5556640448546284f,-4.4942039505715075f,0f,0f,0f,1f], start_interpolation: 0, interpolation_duration: 1 }
$data merge entity $(bone_left_leg) { transformation: [-0.9490709792536325f,-0.22972591828113345f,-0.21561604487709424f,0.5257450000000006f,-0.2156159716406633f,0.9725809094982439f,-0.08715576431321803f,-0.8177687499999999f,0.22972598701932656f,-0.0362267435668531f,-0.972580893262117f,-4.744138125f,0f,0f,0f,1f], start_interpolation: 0, interpolation_duration: 1 }
$data merge entity $(bone_left_fingers2) { transformation: [-0.9761391457631039f,0.0337418708940667f,0.21450840136797927f,-1.0651643520864729f,0.044274275871424046f,0.9980284724937611f,0.04448546490519542f,-3.6000701115987317f,-0.21258446934086925f,0.052921207850336126f,-0.975708557487697f,-5.601137921295127f,0f,0f,0f,1f], start_interpolation: 0, interpolation_duration: 1 }
$data merge entity $(bone_right_foot) { transformation: [-0.9761391457631039f,0.04306648116195084f,0.21283243716408756f,-1.0705016196907358f,0.044274275871424046f,0.9990189992587768f,0.0009097340564376832f,-2.625458817530307f,-0.21258446934086925f,0.010311029062113092f,-0.9770882898053488f,-5.3963540286810305f,0f,0f,0f,1f], start_interpolation: 0, interpolation_duration: 1 }
$data merge entity $(bone_right_knee) { transformation: [-1.547194374672418f,0.15324569126188645f,0.3081805211653069f,-1.528090404890446f,0.07017535447511529f,1.5298774023679902f,-0.4084366069319583f,-2.642668529886511f,-0.33694939551859343f,-0.3850464911766702f,-1.5001580626808018f,-3.3743213059902386f,0f,0f,0f,1f], start_interpolation: 0, interpolation_duration: 1 }
$data merge entity $(bone_right_thigh) { transformation: [-1.5219808394500185f,0.3831325221354002f,0.3293748750896085f,-0.8586040988588446f,0.3457732716414551f,1.5521015667191767f,-0.20766700440212535f,-1.0141089718097651f,-0.36840084483683344f,-0.1260722435001254f,-1.5556640448546284f,-4.4795715254682f,0f,0f,0f,1f], start_interpolation: 0, interpolation_duration: 1 }
$data merge entity $(bone_right_leg) { transformation: [-0.9490709792536325f,0.22972591828113345f,0.21561604487709446f,-0.5257449999999995f,0.2156159716406633f,0.9725809094982439f,-0.08715576431321803f,-0.8177687499999999f,-0.22972598701932678f,-0.03622674356685304f,-0.972580893262117f,-4.744138125f,0f,0f,0f,1f], start_interpolation: 0, interpolation_duration: 1 }
execute on vehicle unless entity @s[tag=aj.transforms_only] at @s run function animated_java:jaw/animations/death/zzz/frames/zzz/0