# This file was generated by Animated Java via MC-Build. It is not recommended to edit this file directly.
$data merge entity $(bone_left_fingers_2) { transformation: [-0.9944431217853014f,-0.06688363941246914f,-0.08129856279693551f,3.4037413669374224f,-0.042269549676929634f,0.960938441967919f,-0.2735152571948737f,-0.49174484089429493f,0.09641661010434882f,-0.2685589125819718f,-0.9584257653928f,2.757024224820591f,0f,0f,0f,1f], start_interpolation: 0, interpolation_duration: 1 }
$data merge entity $(bone_left_fingers) { transformation: [-0.9944431217853014f,-0.06688363941246914f,-0.08129856279693551f,3.3701739396643084f,-0.042269549676929634f,0.960938441967919f,-0.2735152571948737f,-0.6432380321536358f,0.09641661010434882f,-0.2685589125819718f,-0.9584257653928f,2.201783316812201f,0f,0f,0f,1f], start_interpolation: 0, interpolation_duration: 1 }
$data merge entity $(bone_left_index_finger_2) { transformation: [-0.9417749162707536f,0.04421422987194538f,0.3333243299851453f,2.717907338044653f,-0.04485400712300286f,0.9659374871863335f,-0.25485856645041627f,-0.5221797405598746f,-0.3332388409657926f,-0.2549703369511489f,-0.9077125107360768f,2.710585063101186f,0f,0f,0f,1f], start_interpolation: 0, interpolation_duration: 1 }
$data merge entity $(bone_left_index_finger) { transformation: [-0.9417749162707536f,0.04421422987194538f,0.3333243299851453f,2.9102651925707264f,-0.04485400712300286f,0.9659374871863335f,-0.25485856645041627f,-0.6634729627839472f,-0.3332388409657926f,-0.2549703369511489f,-0.9077125107360768f,2.185975642910011f,0f,0f,0f,1f], start_interpolation: 0, interpolation_duration: 1 }
$data merge entity $(bone_left_thumb) { transformation: [-0.9218703567939138f,-0.058314255177105104f,0.38308549033838596f,2.6864146854719335f,-0.13125449058188224f,0.9771626119496145f,-0.1671092113257001f,-0.9432331473235729f,-0.3645919691473644f,-0.20433471915204807f,-0.9084712535805965f,1.4121872165287672f,0f,0f,0f,1f], start_interpolation: 0, interpolation_duration: 1 }
$data merge entity $(bone_left_hand) { transformation: [-0.998445041180097f,-0.04356301827339917f,0.034781650072790764f,3.283447173694226f,-0.043929293091584956f,0.9989862162589396f,-0.00983651021046994f,-0.7720458545869924f,-0.034317880927414605f,-0.011349148142417664f,-0.9993465264286923f,1.484237438979475f,0f,0f,0f,1f], start_interpolation: 0, interpolation_duration: 1 }
$data merge entity $(bone_left_forearm) { transformation: [-1.9996838449292884f,-0.024996293793175934f,0.0771889822197411f,3.3350500673474244f,-0.05523437966460829f,1.8140644845244405f,-0.8434676298713757f,-0.8090953799724663f,-0.05943161601858221f,-0.844904529893393f,-1.813262984713949f,-0.7520160573383128f,0f,0f,0f,1f], start_interpolation: 0, interpolation_duration: 1 }
$data merge entity $(bone_left_bicep) { transformation: [-0.7343296933624048f,-0.7499448803335745f,0.7502254337323206f,1.6878208118584586f,-1.0192492501888697f,0.7516428738435712f,-0.24629165576753792f,-0.5292665842331794f,-0.2939157888695583f,-0.7328787690830927f,-1.020293017907869f,-1.5730893329753133f,0f,0f,0f,1f], start_interpolation: 0, interpolation_duration: 1 }
$data merge entity $(bone_left_shoulder) { transformation: [-0.7016720324852814f,-0.7165927691499379f,0.7168608455675173f,1.3743293750000003f,-0.9739204330883156f,0.7182152482190474f,-0.23533838853127495f,-0.7757815826404243f,-0.2808445454674518f,-0.7002856347987251f,-0.9749177815864803f,-1.7116160871113317f,0f,0f,0f,1f], start_interpolation: 0, interpolation_duration: 1 }
$data merge entity $(bone_right_fingers_2) { transformation: [-0.9258230521198032f,0.09172548443853024f,0.36665803096085203f,-4.612704119561081f,0.013747755395925147f,0.9776352433263323f,-0.20985788102388994f,-0.8582347741869449f,-0.37770712911612603f,-0.1892505389973311f,-0.9063782643599049f,1.3329671674987882f,0f,0f,0f,1f], start_interpolation: 0, interpolation_duration: 1 }
$data merge entity $(bone_right_fingers) { transformation: [-0.9258230521198032f,0.09172548443853024f,0.36665803096085203f,-4.413589193073896f,0.013747755395925147f,0.9776352433263323f,-0.20985788102388994f,-0.9733372081319043f,-0.37770712911612603f,-0.1892505389973311f,-0.9063782643599049f,0.8043099786932915f,0f,0f,0f,1f], start_interpolation: 0, interpolation_duration: 1 }
$data merge entity $(bone_right_index_finger_2) { transformation: [-0.9987900959413804f,-0.018706510173523178f,-0.04547978371250383f,-3.9417409388728437f,-0.008807920916533568f,0.9779186851053527f,-0.20880006190359793f,-0.8619107290398489f,0.04838145076923958f,-0.20814685152302004f,-0.9769002627814763f,1.4854360599158447f,0f,0f,0f,1f], start_interpolation: 0, interpolation_duration: 1 }
$data merge entity $(bone_right_index_finger) { transformation: [-0.9987900959413804f,-0.018706510173523178f,-0.04547978371250383f,-3.9680601385664134f,-0.008807920916533568f,0.9779186851053527f,-0.20880006190359793f,-0.9765901238220903f,0.04838145076923958f,-0.20814685152302004f,-0.9769002627814763f,0.9212230693373533f,0f,0f,0f,1f], start_interpolation: 0, interpolation_duration: 1 }
$data merge entity $(bone_right_thumb) { transformation: [-0.9931714606155916f,0.06420338605932722f,-0.09740829039260246f,-3.517664481715903f,0.07603103054465961f,0.989487092007655f,-0.12302266923031677f,-1.19932175264269f,0.0884857740713706f,-0.12958865679044554f,-0.9876117900360639f,0.23226899757587974f,0f,0f,0f,1f], start_interpolation: 0, interpolation_duration: 1 }
$data merge entity $(bone_right_hand) { transformation: [-0.9672289774082293f,-0.006298067104405808f,0.25382757851064847f,-4.11823991762235f,0.0070616101320805265f,0.9986383465931434f,0.05168739088071139f,-1.0537859275444146f,-0.25380748397983355f,0.051785973626662096f,-0.9658674722814539f,0.13701887872385932f,0f,0f,0f,1f], start_interpolation: 0, interpolation_duration: 1 }
$data merge entity $(bone_right_forearm) { transformation: [-1.9330980655087076f,0.269541219897283f,0.44249991201054373f,-3.5284991324884745f,0.0924523043323497f,1.8612127189237986f,-0.7298400910928923f,-0.9536658237602199f,-0.5098148808898116f,-0.6845155351919542f,-1.810208286781038f,-2.0186838103254825f,0f,0f,0f,1f], start_interpolation: 0, interpolation_duration: 1 }
$data merge entity $(bone_right_bicep) { transformation: [-0.8426158503299648f,0.9764295541446535f,-0.03285541168049118f,-1.7281023135788212f,0.9661150067941214f,0.8263186890328439f,-0.21980637232197678f,-0.5521978699846963f,-0.1453132682552283f,-0.16816174790666896f,-1.2708663596622063f,-1.7672148137078287f,0f,0f,0f,1f], start_interpolation: 0, interpolation_duration: 1 }
$data merge entity $(bone_right_shoulder) { transformation: [-0.8051424062645832f,0.9330050466817371f,-0.031394241170380505f,-1.3743293749999999f,0.9231492156169818f,0.7895700245476862f,-0.2100309784753069f,-0.7757815826404243f,-0.13885078760311656f,-0.160683132530932f,-1.2143474377540466f,-1.7116160871113322f,0f,0f,0f,1f], start_interpolation: 0, interpolation_duration: 1 }
$data merge entity $(bone_chest) { transformation: [-4.0674850000000005f,8.69344939013027e-18f,4.98047381999514e-16f,1.3696295653608455e-16f,0f,4.0668655023331945f,-0.07098740139755388f,-0.5765367187492354f,-4.981232485829872e-16f,-0.07098740139755388f,-4.0668655023331945f,-1.1183874128560456f,0f,0f,0f,1f], start_interpolation: 0, interpolation_duration: 1 }
$data merge entity $(bone_right_fingers2) { transformation: [-0.9599519900565531f,-0.12290781236425508f,-0.2517654592002182f,2.2976060639810867f,0.13882824267867594f,-0.9892283800468774f,-0.04641046374021991f,0.3748949373567939f,-0.24334932878726873f,-0.07950397329482775f,0.9666748276484298f,-9.353126635786317f,0f,0f,0f,1f], start_interpolation: 0, interpolation_duration: 1 }
$data merge entity $(bone_left_foot) { transformation: [-0.9599519900565531f,-0.24616467079197532f,0.13377268645109155f,2.03529613137382f,0.13882824267867594f,-0.003216755360407997f,0.9903112498198243f,0.17268666040066893f,-0.24334932878726873f,0.9692226820183429f,0.03726253936537344f,-8.413904928407598f,0f,0f,0f,1f], start_interpolation: 0, interpolation_duration: 1 }
$data merge entity $(bone_left_knee) { transformation: [-1.5215375035594958f,0.011786029785087882f,0.44390835011055013f,1.4878554450445698f,0.2200447313791393f,1.396260231592503f,0.7171524178301024f,-1.2454643819486995f,-0.3857121335766454f,0.7500589068261134f,-1.3419790217572687f,-6.997451528124265f,0f,0f,0f,1f], start_interpolation: 0, interpolation_duration: 1 }
$data merge entity $(bone_left_thigh) { transformation: [-1.5283543097615653f,-0.47090558607873806f,-0.11868043791712472f,0.8415766784818037f,0.08523619698851728f,-0.6459413329518794f,1.4653322485424234f,-1.0629167397802375f,-0.4780919452022748f,1.3902200318278037f,0.6406405923359174f,-5.000670855352168f,0f,0f,0f,1f], start_interpolation: 0, interpolation_duration: 1 }
$data merge entity $(bone_left_leg) { transformation: [-0.9717632504203592f,-0.2352303985622351f,-0.018516066664128968f,0.5632450000000006f,0.026089091105690507f,-0.18510403474363568f,0.9823725645837763f,-0.9677687499999998f,-0.23451128855075917f,0.9541504891335951f,0.1860142457673164f,-4.744138125f,0f,0f,0f,1f], start_interpolation: 0, interpolation_duration: 1 }
$data merge entity $(bone_left_fingers2) { transformation: [-0.9889789167890258f,0.12464069486158473f,0.07990869371492844f,-1.4974683468715215f,-0.12869381907657287f,-0.9905347876132105f,-0.04773610226588704f,0.3429483315120663f,0.07320248000096183f,-0.05749375368224136f,0.9956585083296556f,-9.51749485566525f,0f,0f,0f,1f], start_interpolation: 0, interpolation_duration: 1 }
$data merge entity $(bone_right_foot) { transformation: [-0.9889789167890258f,0.07439588759417659f,-0.1280076328032026f,-1.4040202655068659f,-0.12869381907657287f,-0.00448414747424325f,0.9916742375159879f,0.1392795154169364f,0.07320248000096183f,0.9972187043625405f,0.014009018209885316f,-8.547124527870205f,0f,0f,0f,1f], start_interpolation: 0, interpolation_duration: 1 }
$data merge entity $(bone_right_knee) { transformation: [-1.5675455936452605f,-0.127245903819631f,-0.19717809294767116f,-1.1269854458007271f,-0.20398152639880493f,1.3972731300622805f,0.7199230829942874f,-1.2571073036380715f,0.11602696783665783f,0.7373643526107775f,-1.3982494279518043f,-7.039923292994088f,0f,0f,0f,1f], start_interpolation: 0, interpolation_duration: 1 }
$data merge entity $(bone_right_thigh) { transformation: [-1.588883761403549f,0.216136439473781f,0.020915204775882143f,-0.838190992820517f,-0.0689914195808145f,-0.6489296040506534f,1.46486674019243f,-1.0811600565232224f,0.2058946096512594f,1.4504755847753414f,0.6522514861602817f,-4.988670864358448f,0f,0f,0f,1f], start_interpolation: 0, interpolation_duration: 1 }
$data merge entity $(bone_right_leg) { transformation: [-0.9717632504203592f,0.23523039856223488f,0.01851606666412892f,-0.5632449999999994f,-0.026089091105690507f,-0.18510403474363568f,0.9823725645837763f,-0.9677687499999998f,0.23451128855075895f,0.9541504891335951f,0.1860142457673164f,-4.744138125f,0f,0f,0f,1f], start_interpolation: 0, interpolation_duration: 1 }