# This file was generated by Animated Java via MC-Build. It is not recommended to edit this file directly.
$data merge entity $(bone_left_fingers_2) { transformation: [-0.976233034645671f,-0.07407290349358991f,-0.2036719593722531f,3.772241643944792f,-0.051948897522881246f,0.9923596533266716f,-0.1119090277659727f,-0.5742691282678367f,0.21040526160878337f,-0.09866875603450853f,-0.9726222814998338f,2.853632796335203f,0f,0f,0f,1f], start_interpolation: 0, interpolation_duration: 1 }
$data merge entity $(bone_left_fingers) { transformation: [-0.976233034645671f,-0.07407290349358991f,-0.2036719593722531f,3.6678557772096836f,-0.051948897522881246f,0.9923596533266716f,-0.1119090277659727f,-0.6323102712686981f,0.21040526160878337f,-0.09866875603450853f,-0.9726222814998338f,2.289625489961633f,0f,0f,0f,1f], start_interpolation: 0, interpolation_duration: 1 }
$data merge entity $(bone_left_index_finger_2) { transformation: [-0.9760123562885759f,0.03794459608040928f,0.21438304037473704f,3.085271465459582f,0.015780983232127604f,0.9944349248793518f,-0.10416400889186775f,-0.5928115697182059f,-0.21714244389397686f,-0.09828218459360968f,-0.9711795772416443f,2.887974400595939f,0f,0f,0f,1f], start_interpolation: 0, interpolation_duration: 1 }
$data merge entity $(bone_left_index_finger) { transformation: [-0.9760123562885759f,0.03794459608040928f,0.21438304037473704f,3.2090445870295037f,0.015780983232127604f,0.9944349248793518f,-0.10416400889186775f,-0.6470913821116848f,-0.21714244389397686f,-0.09828218459360968f,-0.9711795772416443f,2.3276938646668186f,0f,0f,0f,1f], start_interpolation: 0, interpolation_duration: 1 }
$data merge entity $(bone_left_thumb) { transformation: [-0.9622820217148059f,-0.05738150963248159f,0.2659335876431609f,2.88609030981502f,-0.06440626861505613f,0.9977656636773294f,-0.01776268418971358f,-0.7946884707485535f,-0.264320152934941f,-0.03422050173267005f,-0.9638276889639629f,1.5524268310336422f,0f,0f,0f,1f], start_interpolation: 0, interpolation_duration: 1 }
$data merge entity $(bone_left_hand) { transformation: [-0.9960622853301047f,-0.01883474847379031f,-0.08663241883323859f,3.491669508858569f,-0.032089250134028094f,0.9875100058202392f,0.15425390896423624f,-0.6410159872367935f,0.08264504684979244f,0.15642647044167493f,-0.9842258661386396f,1.5769771312289529f,0f,0f,0f,1f], start_interpolation: 0, interpolation_duration: 1 }
$data merge entity $(bone_left_forearm) { transformation: [-1.993448503298312f,-0.045221551756189464f,-0.17157071225933573f,3.280098633509934f,0.00396303484056736f,1.9234053346762114f,-0.553005105080087f,-0.3312725692060532f,0.17738599832925347f,-0.5511672732905573f,-1.9157419653494259f,-0.6285073972701816f,0f,0f,0f,1f], start_interpolation: 0, interpolation_duration: 1 }
$data merge entity $(bone_left_bicep) { transformation: [-0.567847559089769f,-0.8208554145634611f,0.8174601895681225f,1.6433780296377984f,-1.0728919687607879f,0.7160364551430172f,-0.026272452986614805f,-0.19453657734473856f,-0.4369755102010901f,-0.6913637297394053f,-0.9977796451102953f,-1.5050224470092255f,0f,0f,0f,1f], start_interpolation: 0, interpolation_duration: 1 }
$data merge entity $(bone_left_shoulder) { transformation: [-0.5425938165511245f,-0.784349716918011f,0.7811054869151145f,1.3743293750000003f,-1.0251775124473794f,0.6841923448760805f,-0.025104044752816752f,-0.46549766163735934f,-0.41754200757584303f,-0.6606168834213852f,-0.9534056403891935f,-1.685103260177435f,0f,0f,0f,1f], start_interpolation: 0, interpolation_duration: 1 }
$data merge entity $(bone_right_fingers_2) { transformation: [-0.8588640072698707f,-0.01717126152236953f,0.5119157790047792f,-5.044259762803089f,-0.06536664501090086f,0.994940327704371f,-0.07629512453321144f,-0.823855710180808f,-0.5080155693838116f,-0.09898935339343204f,-0.8556408646028963f,1.0500799729519152f,0f,0f,0f,1f], start_interpolation: 0, interpolation_duration: 1 }
$data merge entity $(bone_right_fingers) { transformation: [-0.8588640072698707f,-0.01717126152236953f,0.5119157790047792f,-4.761138286636627f,-0.06536664501090086f,0.994940327704371f,-0.07629512453321144f,-0.8629702289226989f,-0.5080155693838116f,-0.09898935339343204f,-0.8556408646028963f,0.5493944112640481f,0f,0f,0f,1f], start_interpolation: 0, interpolation_duration: 1 }
$data merge entity $(bone_right_index_finger_2) { transformation: [-0.9854900978365637f,-0.12299808848913485f,0.11696468396101084f,-4.406145308484597f,-0.1369254839685196f,0.9833330479141335f,-0.11961408244804564f,-0.7588190378753829f,-0.1003029356802026f,-0.13389393977294167f,-0.9859065543884031f,1.2991422946376554f,0f,0f,0f,1f], start_interpolation: 0, interpolation_duration: 1 }
$data merge entity $(bone_right_index_finger) { transformation: [-0.9854900978365637f,-0.12299808848913485f,0.11696468396101084f,-4.33944746958351f,-0.1369254839685196f,0.9833330479141335f,-0.11961408244804564f,-0.8220672830492168f,-0.1003029356802026f,-0.13389393977294167f,-0.9859065543884031f,0.7301682878798675f,0f,0f,0f,1f], start_interpolation: 0, interpolation_duration: 1 }
$data merge entity $(bone_right_thumb) { transformation: [-0.9969842916874309f,-0.053940373957479595f,0.05579209787988815f,-3.773254314032942f,-0.056230164523704086f,0.9976033950837535f,-0.040319160643621704f,-0.9212479636079451f,-0.05348355566105273f,-0.04333476865862165f,-0.9976279903346512f,0.10031763701476601f,0f,0f,0f,1f], start_interpolation: 0, interpolation_duration: 1 }
$data merge entity $(bone_right_hand) { transformation: [-0.9154778506710318f,-0.14907971806935044f,0.3737319127277079f,-4.369396370291937f,-0.08879997550186182f,0.9807851894238246f,0.17370946018493544f,-0.8428453085294644f,-0.3924472821687223f,0.12583977855684542f,-0.9111253924960864f,-0.07118101656164111f,0f,0f,0f,1f], start_interpolation: 0, interpolation_duration: 1 }
$data merge entity $(bone_right_forearm) { transformation: [-1.841873809494802f,0.10162296312397574f,0.7762090024533157f,-3.515941540275315f,-0.1099563008310581f,1.9311400887718444f,-0.5137454055000265f,-0.48865796194411637f,-0.7750724185721087f,-0.5154585367716202f,-1.7716918510465085f,-2.108590766476167f,0f,0f,0f,1f], start_interpolation: 0, interpolation_duration: 1 }
$data merge entity $(bone_right_bicep) { transformation: [-0.790543740547986f,1.019342153895532f,0.0218584327692279f,-1.7145786826108642f,1.0186446480742255f,0.7908219659712338f,-0.03820108111351802f,-0.21859177256580267f,-0.043580944703473706f,-0.006149385344992553f,-1.2894023847619263f,-1.7238857001068315f,0f,0f,0f,1f], start_interpolation: 0, interpolation_duration: 1 }
$data merge entity $(bone_right_shoulder) { transformation: [-0.7553860864033819f,0.9740092051116569f,0.02088632815309256f,-1.3743293749999999f,0.9733427192923709f,0.7556519383769353f,-0.036502173983081365f,-0.46549766163735934f,-0.0416427802445182f,-0.005875905267835428f,-1.2320591148433455f,-1.6851032601774354f,0f,0f,0f,1f], start_interpolation: 0, interpolation_duration: 1 }
$data merge entity $(bone_chest) { transformation: [-4.0674850000000005f,6.501813089381955e-17f,4.938617351384319e-16f,1.3694528384430112e-16f,0f,4.032687101965053f,-0.5309133289621767f,-0.2003781800619886f,-4.981232485829872e-16f,-0.5309133289621767f,-4.032687101965053f,-1.1182431043762802f,0f,0f,0f,1f], start_interpolation: 0, interpolation_duration: 1 }
$data merge entity $(bone_weist) { transformation: [-1.0999999999999999f,1.7583333185789616e-17f,1.3355867536137808e-16f,4.602124927516604e-16f,0f,1.0905893475111912f,-0.14357881144205675f,-0.36387579803356374f,-1.3471114790620883e-16f,-0.14357881144205675f,-1.0905893475111912f,-3.757920186229028f,0f,0f,0f,1f], start_interpolation: 0, interpolation_duration: 1 }