# This file was generated by Animated Java via MC-Build. It is not recommended to edit this file directly.
$data merge entity $(bone_left_fingers_2) { transformation: [-0.9984637195237227f,-0.010740783922909468f,0.054358406484865784f,2.280718725453468f,-0.013186611317046805f,0.9989072498100978f,-0.044837702425525455f,-3.6195400881013695f,-0.053817414252504386f,-0.04548562231681791f,-0.9975142826474345f,1.1891813635800181f,0f,0f,0f,1f], start_interpolation: 0, interpolation_duration: 1 }
$data merge entity $(bone_left_fingers) { transformation: [-0.9984637195237227f,-0.010740783922909468f,0.054358406484865784f,2.325713411622285f,-0.013186611317046805f,0.9989072498100978f,-0.044837702425525455f,-3.6394216668052106f,-0.053817414252504386f,-0.04548562231681791f,-0.9975142826474345f,0.614768945414752f,0f,0f,0f,1f], start_interpolation: 0, interpolation_duration: 1 }
$data merge entity $(bone_left_index_finger_2) { transformation: [-0.8839002145999637f,0.0972670014548834f,0.45744894912778367f,1.6085199762994f,0.07900744715968289f,0.9951305291758982f,-0.058932615718352704f,-3.604295650193327f,-0.4609536136353069f,-0.015948678003923272f,-0.8872809057713792f,1.0430046116845237f,0f,0f,0f,1f], start_interpolation: 0, interpolation_duration: 1 }
$data merge entity $(bone_left_index_finger) { transformation: [-0.8839002145999637f,0.0972670014548834f,0.45744894912778367f,1.8727204411890443f,0.07900744715968289f,0.9951305291758982f,-0.058932615718352704f,-3.632503597628081f,-0.4609536136353069f,-0.015948678003923272f,-0.8872809057713792f,0.5315529632843353f,0f,0f,0f,1f], start_interpolation: 0, interpolation_duration: 1 }
$data merge entity $(bone_left_thumb) { transformation: [-0.8611191554758425f,-0.011331255077173641f,0.5082768957280546f,1.7590966438839488f,0.0010720744342962996f,0.9997088989033543f,0.024103280064135646f,-3.7181128284939153f,-0.5084020561809117f,0.021300706838479816f,-0.860856334796464f,-0.3092109937571903f,0f,0f,0f,1f], start_interpolation: 0, interpolation_duration: 1 }
$data merge entity $(bone_left_hand) { transformation: [-0.9834311434100198f,-0.024443791445436295f,0.1796265215134805f,2.3421206374517545f,0.01501887474003687f,0.976475161985325f,0.2151062328880231f,-3.5978038998483344f,-0.1806588485870646f,0.2142399567902901f,-0.9599289668208217f,-0.11802286558240582f,0f,0f,0f,1f], start_interpolation: 0, interpolation_duration: 1 }
$data merge entity $(bone_left_forearm) { transformation: [-1.9673677215447276f,-0.031304259631227606f,0.3657905478597578f,2.685826018736047f,-0.005722912961290423f,1.9964131345159764f,0.14007240252821504f,-2.5471895492065313f,-0.36708300129785154f,0.1366494530238944f,-1.9626246280165562f,-2.0630013546305297f,0f,0f,0f,1f], start_interpolation: 0, interpolation_duration: 1 }
$data merge entity $(bone_left_bicep) { transformation: [-1.2900893484134721f,0.0004484233889701418f,0.012841165744532446f,1.7792679237967954f,0.0002242458482139114f,1.2899567977597208f,-0.022517396350318863f,-0.9540063241787193f,-0.012847036040032263f,-0.02251404763835279f,-1.2898929005289683f,-1.7378101323950574f,0f,0f,0f,1f], start_interpolation: 0, interpolation_duration: 1 }
$data merge entity $(bone_left_shoulder) { transformation: [-1.2327155273321506f,0.0004284807676942648f,0.012270083790551169f,1.3743293750000003f,0.00021427301866572835f,1.2325888715704871f,-0.021515985811576595f,-0.8362068166612941f,-0.012275693017866742f,-0.02151278602604064f,-1.2325278160253041f,-1.7182082253000015f,0f,0f,0f,1f], start_interpolation: 0, interpolation_duration: 1 }
$data merge entity $(bone_right_fingers_2) { transformation: [-0.9984637195237227f,0.010740783922909468f,-0.05435840648486555f,-2.280718492911371f,0.013186611317046805f,0.9989072498100978f,-0.044837702425525455f,-3.6195395282124054f,0.05381741425250408f,-0.045485622316817936f,-0.9975142826474346f,1.1891823125820271f,0f,0f,0f,1f], start_interpolation: 0, interpolation_duration: 1 }
$data merge entity $(bone_right_fingers) { transformation: [-0.9984637195237227f,0.010740783922909468f,-0.05435840648486555f,-2.3257133829242123f,0.013186611317046805f,0.9989072498100978f,-0.044837702425525455f,-3.639421275057631f,0.05381741425250408f,-0.045485622316817936f,-0.9975142826474346f,0.6147661537382009f,0f,0f,0f,1f], start_interpolation: 0, interpolation_duration: 1 }
$data merge entity $(bone_right_index_finger_2) { transformation: [-0.8839002145999638f,-0.0972670014548834f,-0.45744894912778344f,-1.6085193862684477f,-0.07900744715968289f,0.9951305291758982f,-0.058932615718352704f,-3.604295930652725f,0.4609536136353067f,-0.015948678003923328f,-0.8872809057713793f,1.043004819785994f,0f,0f,0f,1f], start_interpolation: 0, interpolation_duration: 1 }
$data merge entity $(bone_right_index_finger) { transformation: [-0.8839002145999638f,-0.0972670014548834f,-0.45744894912778344f,-1.872719851158092f,-0.07900744715968289f,0.9951305291758982f,-0.058932615718352704f,-3.632503878087479f,0.4609536136353067f,-0.015948678003923328f,-0.8872809057713793f,0.5315531713858056f,0f,0f,0f,1f], start_interpolation: 0, interpolation_duration: 1 }
$data merge entity $(bone_right_thumb) { transformation: [-0.8611191554758425f,0.011331255077173641f,-0.5082768957280543f,-1.7590960538529963f,-0.0010720744342962996f,0.9997088989033543f,0.024103280064135646f,-3.7181131089533133f,0.5084020561809115f,0.021300706838479788f,-0.8608563347964642f,-0.30921078565572f,0f,0f,0f,1f], start_interpolation: 0, interpolation_duration: 1 }
$data merge entity $(bone_right_hand) { transformation: [-0.9834311434100198f,0.024443791445436243f,-0.17962652151348027f,-2.342120047420802f,-0.01501887474003687f,0.976475161985325f,0.2151062328880231f,-3.5978041803077323f,0.18065884858706432f,0.2142399567902901f,-0.9599289668208218f,-0.11802265748093577f,0f,0f,0f,1f], start_interpolation: 0, interpolation_duration: 1 }
$data merge entity $(bone_right_forearm) { transformation: [-1.9673697695250503f,0.03130429221817461f,-0.3657909286385187f,-2.6858260487536567f,0.005722918918698896f,1.9964152127318435f,0.14007254834006352f,-2.5471927282719578f,0.367083383422024f,0.1366495952725385f,-1.962626671059438f,-2.0630044244663495f,0f,0f,0f,1f], start_interpolation: 0, interpolation_duration: 1 }
$data merge entity $(bone_right_bicep) { transformation: [-1.290089348413472f,-0.0004484233889701361f,-0.012841165744532127f,-1.779267923796795f,-0.00022424584821391139f,1.2899567977597206f,-0.02251739635031886f,-0.9540063241787193f,0.012847036040031942f,-0.022514047638352786f,-1.289892900528968f,-1.7378101323950577f,0f,0f,0f,1f], start_interpolation: 0, interpolation_duration: 1 }
$data merge entity $(bone_right_shoulder) { transformation: [-1.2327155273321506f,-0.00042848076769425947f,-0.012270083790550865f,-1.3743293749999999f,-0.00021427301866572835f,1.2325888715704871f,-0.021515985811576595f,-0.8362068166612941f,0.012275693017866438f,-0.02151278602604064f,-1.2325278160253041f,-1.7182082253000017f,0f,0f,0f,1f], start_interpolation: 0, interpolation_duration: 1 }
$data merge entity $(bone_chest) { transformation: [-4.0674850000000005f,-8.6934493901303e-18f,4.980473819995139e-16f,1.3696295305786266e-16f,0f,4.0668655023331945f,0.07098740139755405f,-0.657786709518773f,-4.981232485829872e-16f,0.07098740139755405f,-4.0668655023331945f,-1.1183873844542085f,0f,0f,0f,1f], start_interpolation: 0, interpolation_duration: 1 }
$data merge entity $(bone_right_fingers2) { transformation: [-0.9697326660612353f,-0.03303331689675525f,-0.24192427812968093f,1.1057873954422355f,-0.04649569541676882f,0.9976588417479889f,0.05014963399440177f,-3.601610804638125f,0.23970128635758242f,0.05988017582522574f,-0.9689982754688786f,-5.6362732300209535f,0f,0f,0f,1f], start_interpolation: 0, interpolation_duration: 1 }
$data merge entity $(bone_left_foot) { transformation: [-0.9697326660612353f,-0.0435544652994711f,-0.240253126777251f,1.1161111924862344f,-0.04649569541676882f,0.998896787905176f,0.006584635178430193f,-2.628244927910007f,0.23970128635758242f,0.017556072032181153f,-0.9706879404078952f,-5.425834657365446f,0f,0f,0f,1f], start_interpolation: 0, interpolation_duration: 1 }
$data merge entity $(bone_left_knee) { transformation: [-1.537040013586494f,-0.16524163827524932f,-0.34996157810275436f,1.6327804913747757f,-0.07369633592459698f,1.532018321241244f,-0.3996981636015828f,-2.688156840282259f,0.37992993464499153f,-0.3713286588661052f,-1.4933312359953435f,-3.4142066307458667f,0f,0f,0f,1f], start_interpolation: 0, interpolation_duration: 1 }
$data merge entity $(bone_left_thigh) { transformation: [-1.510731739162009f,-0.38776504209626317f,-0.3728698136450912f,0.9221465988646074f,-0.3494540669090221f,1.5524614257108817f,-0.198618705845124f,-1.0318442283769536f,0.4089932529032556f,-0.1058574858899006f,-1.5470044360866564f,-4.504968265286895f,0f,0f,0f,1f], start_interpolation: 0, interpolation_duration: 1 }
$data merge entity $(bone_left_leg) { transformation: [-0.9420563084053968f,-0.23142883511377774f,-0.24283864204750394f,0.5819950000000006f,-0.21791122784788616f,0.9725589815956599f,-0.08150904302860752f,-0.8177687499999999f,0.25503844528114283f,-0.023868841519701738f,-0.966636265527569f,-4.744138125f,0f,0f,0f,1f], start_interpolation: 0, interpolation_duration: 1 }
$data merge entity $(bone_left_fingers2) { transformation: [-0.9697326660612353f,0.033033316896755247f,0.24192427812968118f,-1.0992914337218815f,0.04649569541676882f,0.9976588417479889f,0.05014963399440177f,-3.594339663602934f,-0.23970128635758264f,0.05988017582522577f,-0.9689982754688786f,-5.632778162586774f,0f,0f,0f,1f], start_interpolation: 0, interpolation_duration: 1 }
$data merge entity $(bone_right_foot) { transformation: [-0.9697326660612353f,0.0435544652994711f,0.24025312677725125f,-1.1096152307658804f,0.04649569541676882f,0.998896787905176f,0.006584635178430193f,-2.6209737868748166f,-0.23970128635758264f,0.01755607203218118f,-0.9706879404078952f,-5.4223395899312665f,0f,0f,0f,1f], start_interpolation: 0, interpolation_duration: 1 }
$data merge entity $(bone_right_knee) { transformation: [-1.537040013586494f,0.16524163827524943f,0.3499615781027547f,-1.623955090997769f,0.07369633592459698f,1.532018321241244f,-0.3996981636015828f,-2.649910565046283f,-0.37992993464499186f,-0.37132865886610517f,-1.4933312359953435f,-3.414127157637819f,0f,0f,0f,1f], start_interpolation: 0, interpolation_duration: 1 }
$data merge entity $(bone_right_thigh) { transformation: [-1.510731739162009f,0.38776504209626317f,0.37286981364509153f,-0.9223257663494656f,0.3494540669090221f,1.5524614257108817f,-0.198618705845124f,-1.015376086210834f,-0.40899325290325594f,-0.10585748588990052f,-1.5470044360866564f,-4.490235667089696f,0f,0f,0f,1f], start_interpolation: 0, interpolation_duration: 1 }
$data merge entity $(bone_right_leg) { transformation: [-0.9420563084053968f,0.23142883511377774f,0.24283864204750416f,-0.5819949999999995f,0.21791122784788616f,0.9725589815956599f,-0.08150904302860752f,-0.8177687499999999f,-0.25503844528114306f,-0.023868841519701683f,-0.966636265527569f,-4.744138125f,0f,0f,0f,1f], start_interpolation: 0, interpolation_duration: 1 }